"Coll_Word"	"1"	"2"	"3"	"4"	"5"	"exp_1"	"exp_2"	"exp_3"	"exp_4"	"exp_5"	"pbin_1"	"pbin_2"	"pbin_3"	"pbin_4"	"pbin_5"	"SumAbsDev"	"LargestDev"
"?"	0	1	0	0	0	0.036	0.354	0.154	0.068	0.387	-0.016	0.451	-0.073	-0.031	-0.212	0.783	"2"
"1.5"	0	0	0	1	0	0.036	0.354	0.154	0.068	0.387	-0.016	-0.19	-0.073	1.167	-0.212	1.658	"4"
"106.6"	0	0	0	1	0	0.036	0.354	0.154	0.068	0.387	-0.016	-0.19	-0.073	1.167	-0.212	1.658	"4"
"10万"	0	0	0	1	0	0.036	0.354	0.154	0.068	0.387	-0.016	-0.19	-0.073	1.167	-0.212	1.658	"4"
"120万"	0	0	0	1	0	0.036	0.354	0.154	0.068	0.387	-0.016	-0.19	-0.073	1.167	-0.212	1.658	"4"
"12万"	0	0	0	1	0	0.036	0.354	0.154	0.068	0.387	-0.016	-0.19	-0.073	1.167	-0.212	1.658	"4"
"140亿"	0	0	0	1	0	0.036	0.354	0.154	0.068	0.387	-0.016	-0.19	-0.073	1.167	-0.212	1.658	"4"
"15万"	0	0	0	1	0	0.036	0.354	0.154	0.068	0.387	-0.016	-0.19	-0.073	1.167	-0.212	1.658	"4"
"2005年"	0	1	0	0	0	0.036	0.354	0.154	0.068	0.387	-0.016	0.451	-0.073	-0.031	-0.212	0.783	"2"
"22万"	0	0	0	1	0	0.036	0.354	0.154	0.068	0.387	-0.016	-0.19	-0.073	1.167	-0.212	1.658	"4"
"25万"	0	0	0	1	0	0.036	0.354	0.154	0.068	0.387	-0.016	-0.19	-0.073	1.167	-0.212	1.658	"4"
"330万"	0	0	0	1	0	0.036	0.354	0.154	0.068	0.387	-0.016	-0.19	-0.073	1.167	-0.212	1.658	"4"
"460万"	0	0	0	1	0	0.036	0.354	0.154	0.068	0.387	-0.016	-0.19	-0.073	1.167	-0.212	1.658	"4"
"48兆"	0	0	0	1	0	0.036	0.354	0.154	0.068	0.387	-0.016	-0.19	-0.073	1.167	-0.212	1.658	"4"
"5000万"	0	0	0	1	0	0.036	0.354	0.154	0.068	0.387	-0.016	-0.19	-0.073	1.167	-0.212	1.658	"4"
"500万"	0	0	0	1	0	0.036	0.354	0.154	0.068	0.387	-0.016	-0.19	-0.073	1.167	-0.212	1.658	"4"
"73"	0	0	1	0	0	0.036	0.354	0.154	0.068	0.387	-0.016	-0.19	0.811	-0.031	-0.212	1.26	"3"
"75755万"	0	0	0	1	0	0.036	0.354	0.154	0.068	0.387	-0.016	-0.19	-0.073	1.167	-0.212	1.658	"4"
"891122"	0	0	0	0	1	0.036	0.354	0.154	0.068	0.387	-0.016	-0.19	-0.073	-0.031	0.412	0.722	"5"
"891215"	0	1	0	0	0	0.036	0.354	0.154	0.068	0.387	-0.016	0.451	-0.073	-0.031	-0.212	0.783	"2"
"Genic"	0	1	0	0	0	0.036	0.354	0.154	0.068	0.387	-0.016	0.451	-0.073	-0.031	-0.212	0.783	"2"
"International"	0	0	0	0	1	0.036	0.354	0.154	0.068	0.387	-0.016	-0.19	-0.073	-0.031	0.412	0.722	"5"
"kv"	0	0	0	0	2	0.073	0.709	0.309	0.136	0.774	-0.032	-0.38	-0.146	-0.061	0.825	1.444	"5"
"Portsmouth"	0	0	1	0	0	0.036	0.354	0.154	0.068	0.387	-0.016	-0.19	0.811	-0.031	-0.212	1.26	"3"
"rogressin"	0	0	0	0	1	0.036	0.354	0.154	0.068	0.387	-0.016	-0.19	-0.073	-0.031	0.412	0.722	"5"
"Solskjaer"	0	1	0	0	0	0.036	0.354	0.154	0.068	0.387	-0.016	0.451	-0.073	-0.031	-0.212	0.783	"2"
"TMD"	0	0	0	0	1	0.036	0.354	0.154	0.068	0.387	-0.016	-0.19	-0.073	-0.031	0.412	0.722	"5"
"一定"	0	0	0	0	3	0.109	1.063	0.463	0.204	1.161	-0.048	-0.57	-0.219	-0.092	1.237	2.166	"5"
"一掷千金"	0	0	0	0	1	0.036	0.354	0.154	0.068	0.387	-0.016	-0.19	-0.073	-0.031	0.412	0.722	"5"
"一方面"	0	0	1	0	0	0.036	0.354	0.154	0.068	0.387	-0.016	-0.19	0.811	-0.031	-0.212	1.26	"3"
"一极"	0	0	0	0	1	0.036	0.354	0.154	0.068	0.387	-0.016	-0.19	-0.073	-0.031	0.412	0.722	"5"
"一流"	0	1	0	0	0	0.036	0.354	0.154	0.068	0.387	-0.016	0.451	-0.073	-0.031	-0.212	0.783	"2"
"一百四十五"	0	1	0	0	0	0.036	0.354	0.154	0.068	0.387	-0.016	0.451	-0.073	-0.031	-0.212	0.783	"2"
"一睹"	0	1	0	0	0	0.036	0.354	0.154	0.068	0.387	-0.016	0.451	-0.073	-0.031	-0.212	0.783	"2"
"一筹"	0	0	1	0	0	0.036	0.354	0.154	0.068	0.387	-0.016	-0.19	0.811	-0.031	-0.212	1.26	"3"
"七"	0	1	0	0	0	0.036	0.354	0.154	0.068	0.387	-0.016	0.451	-0.073	-0.031	-0.212	0.783	"2"
"七万"	0	1	0	0	0	0.036	0.354	0.154	0.068	0.387	-0.016	0.451	-0.073	-0.031	-0.212	0.783	"2"
"三分之二"	0	1	0	0	0	0.036	0.354	0.154	0.068	0.387	-0.016	0.451	-0.073	-0.031	-0.212	0.783	"2"
"三赢"	0	1	0	0	0	0.036	0.354	0.154	0.068	0.387	-0.016	0.451	-0.073	-0.031	-0.212	0.783	"2"
"三通"	0	0	0	0	1	0.036	0.354	0.154	0.068	0.387	-0.016	-0.19	-0.073	-0.031	0.412	0.722	"5"
"上市"	0	1	0	0	0	0.036	0.354	0.154	0.068	0.387	-0.016	0.451	-0.073	-0.031	-0.212	0.783	"2"
"下"	0	0	0	0	1	0.036	0.354	0.154	0.068	0.387	-0.016	-0.19	-0.073	-0.031	0.412	0.722	"5"
"下一代"	0	1	0	0	1	0.073	0.709	0.309	0.136	0.774	-0.032	0.234	-0.146	-0.061	0.205	0.678	"2"
"下降"	0	0	0	0	2	0.073	0.709	0.309	0.136	0.774	-0.032	-0.38	-0.146	-0.061	0.825	1.444	"5"
"不可"	0	2	0	0	0	0.073	0.709	0.309	0.136	0.774	-0.032	0.901	-0.146	-0.061	-0.425	1.565	"2"
"不断"	0	0	0	0	2	0.073	0.709	0.309	0.136	0.774	-0.032	-0.38	-0.146	-0.061	0.825	1.444	"5"
"不济"	0	0	1	0	0	0.036	0.354	0.154	0.068	0.387	-0.016	-0.19	0.811	-0.031	-0.212	1.26	"3"
"不然"	0	1	0	0	0	0.036	0.354	0.154	0.068	0.387	-0.016	0.451	-0.073	-0.031	-0.212	0.783	"2"
"不甘"	0	1	0	0	0	0.036	0.354	0.154	0.068	0.387	-0.016	0.451	-0.073	-0.031	-0.212	0.783	"2"
"不相上下"	0	0	1	0	0	0.036	0.354	0.154	0.068	0.387	-0.016	-0.19	0.811	-0.031	-0.212	1.26	"3"
"不足"	0	0	2	0	2	0.145	1.417	0.618	0.272	1.547	-0.064	-0.76	0.938	-0.122	0.299	2.183	"3"
"专业"	0	0	0	0	3	0.109	1.063	0.463	0.204	1.161	-0.048	-0.57	-0.219	-0.092	1.237	2.166	"5"
"专心"	0	1	0	0	0	0.036	0.354	0.154	0.068	0.387	-0.016	0.451	-0.073	-0.031	-0.212	0.783	"2"
"且"	0	0	0	0	4	0.145	1.417	0.618	0.272	1.547	-0.064	-0.76	-0.291	-0.122	1.65	2.887	"5"
"世界级"	0	0	0	0	1	0.036	0.354	0.154	0.068	0.387	-0.016	-0.19	-0.073	-0.031	0.412	0.722	"5"
"东道主"	0	0	1	0	0	0.036	0.354	0.154	0.068	0.387	-0.016	-0.19	0.811	-0.031	-0.212	1.26	"3"
"两千两百二十一"	0	1	0	0	0	0.036	0.354	0.154	0.068	0.387	-0.016	0.451	-0.073	-0.031	-0.212	0.783	"2"
"两岸"	0	1	0	0	0	0.036	0.354	0.154	0.068	0.387	-0.016	0.451	-0.073	-0.031	-0.212	0.783	"2"
"个"	0	2	0	0	0	0.073	0.709	0.309	0.136	0.774	-0.032	0.901	-0.146	-0.061	-0.425	1.565	"2"
"个人"	0	2	0	0	0	0.073	0.709	0.309	0.136	0.774	-0.032	0.901	-0.146	-0.061	-0.425	1.565	"2"
"中伤"	0	1	0	0	0	0.036	0.354	0.154	0.068	0.387	-0.016	0.451	-0.073	-0.031	-0.212	0.783	"2"
"中台"	1	0	0	0	0	0.036	0.354	0.154	0.068	0.387	1.439	-0.19	-0.073	-0.031	-0.212	1.945	"1"
"中国队"	0	0	1	0	0	0.036	0.354	0.154	0.068	0.387	-0.016	-0.19	0.811	-0.031	-0.212	1.26	"3"
"中场"	0	0	1	0	0	0.036	0.354	0.154	0.068	0.387	-0.016	-0.19	0.811	-0.031	-0.212	1.26	"3"
"中学生"	0	0	0	0	1	0.036	0.354	0.154	0.068	0.387	-0.016	-0.19	-0.073	-0.031	0.412	0.722	"5"
"中队"	0	0	0	0	1	0.036	0.354	0.154	0.068	0.387	-0.016	-0.19	-0.073	-0.031	0.412	0.722	"5"
"丰厚"	0	0	1	0	0	0.036	0.354	0.154	0.068	0.387	-0.016	-0.19	0.811	-0.031	-0.212	1.26	"3"
"为荣"	0	0	0	0	1	0.036	0.354	0.154	0.068	0.387	-0.016	-0.19	-0.073	-0.031	0.412	0.722	"5"
"主义"	1	0	0	0	0	0.036	0.354	0.154	0.068	0.387	1.439	-0.19	-0.073	-0.031	-0.212	1.945	"1"
"主动积"	0	0	0	0	1	0.036	0.354	0.154	0.068	0.387	-0.016	-0.19	-0.073	-0.031	0.412	0.722	"5"
"主场"	0	0	2	0	0	0.073	0.709	0.309	0.136	0.774	-0.032	-0.38	1.622	-0.061	-0.425	2.52	"3"
"主宰"	0	0	0	0	1	0.036	0.354	0.154	0.068	0.387	-0.016	-0.19	-0.073	-0.031	0.412	0.722	"5"
"之后"	1	2	0	0	0	0.109	1.063	0.463	0.204	1.161	0.978	0.541	-0.219	-0.092	-0.637	2.467	"1"
"之间"	0	0	0	0	1	0.036	0.354	0.154	0.068	0.387	-0.016	-0.19	-0.073	-0.031	0.412	0.722	"5"
"乐观"	0	1	0	0	0	0.036	0.354	0.154	0.068	0.387	-0.016	0.451	-0.073	-0.031	-0.212	0.783	"2"
"乐读"	0	2	0	0	0	0.073	0.709	0.309	0.136	0.774	-0.032	0.901	-0.146	-0.061	-0.425	1.565	"2"
"乘船"	0	1	0	0	0	0.036	0.354	0.154	0.068	0.387	-0.016	0.451	-0.073	-0.031	-0.212	0.783	"2"
"乙烯年"	0	0	0	1	0	0.036	0.354	0.154	0.068	0.387	-0.016	-0.19	-0.073	1.167	-0.212	1.658	"4"
"乡土"	0	0	0	0	1	0.036	0.354	0.154	0.068	0.387	-0.016	-0.19	-0.073	-0.031	0.412	0.722	"5"
"买到"	0	1	0	0	0	0.036	0.354	0.154	0.068	0.387	-0.016	0.451	-0.073	-0.031	-0.212	0.783	"2"
"买屋"	0	1	0	0	0	0.036	0.354	0.154	0.068	0.387	-0.016	0.451	-0.073	-0.031	-0.212	0.783	"2"
"买点"	0	1	0	0	0	0.036	0.354	0.154	0.068	0.387	-0.016	0.451	-0.073	-0.031	-0.212	0.783	"2"
"了不起"	0	1	0	0	0	0.036	0.354	0.154	0.068	0.387	-0.016	0.451	-0.073	-0.031	-0.212	0.783	"2"
"争得"	0	1	0	0	0	0.036	0.354	0.154	0.068	0.387	-0.016	0.451	-0.073	-0.031	-0.212	0.783	"2"
"二零一三"	0	1	0	0	0	0.036	0.354	0.154	0.068	0.387	-0.016	0.451	-0.073	-0.031	-0.212	0.783	"2"
"亚历山大港"	0	0	0	1	0	0.036	0.354	0.154	0.068	0.387	-0.016	-0.19	-0.073	1.167	-0.212	1.658	"4"
"亚运会"	0	0	0	0	1	0.036	0.354	0.154	0.068	0.387	-0.016	-0.19	-0.073	-0.031	0.412	0.722	"5"
"交锋"	0	1	0	0	0	0.036	0.354	0.154	0.068	0.387	-0.016	0.451	-0.073	-0.031	-0.212	0.783	"2"
"产品"	0	0	0	1	1	0.073	0.709	0.309	0.136	0.774	-0.032	-0.38	-0.146	0.881	0.205	1.644	"4"
"产生"	0	1	0	0	0	0.036	0.354	0.154	0.068	0.387	-0.016	0.451	-0.073	-0.031	-0.212	0.783	"2"
"享受到"	0	1	0	0	0	0.036	0.354	0.154	0.068	0.387	-0.016	0.451	-0.073	-0.031	-0.212	0.783	"2"
"人才"	0	0	0	0	2	0.073	0.709	0.309	0.136	0.774	-0.032	-0.38	-0.146	-0.061	0.825	1.444	"5"
"人本"	0	0	0	0	1	0.036	0.354	0.154	0.068	0.387	-0.016	-0.19	-0.073	-0.031	0.412	0.722	"5"
"人格"	0	0	0	0	1	0.036	0.354	0.154	0.068	0.387	-0.016	-0.19	-0.073	-0.031	0.412	0.722	"5"
"仍旧"	0	0	0	0	1	0.036	0.354	0.154	0.068	0.387	-0.016	-0.19	-0.073	-0.031	0.412	0.722	"5"
"从而"	0	0	0	0	1	0.036	0.354	0.154	0.068	0.387	-0.016	-0.19	-0.073	-0.031	0.412	0.722	"5"
"仗"	0	0	1	0	0	0.036	0.354	0.154	0.068	0.387	-0.016	-0.19	0.811	-0.031	-0.212	1.26	"3"
"仿佛"	0	1	0	0	0	0.036	0.354	0.154	0.068	0.387	-0.016	0.451	-0.073	-0.031	-0.212	0.783	"2"
"企业"	0	0	2	0	2	0.145	1.417	0.618	0.272	1.547	-0.064	-0.76	0.938	-0.122	0.299	2.183	"3"
"众多"	0	0	0	0	1	0.036	0.354	0.154	0.068	0.387	-0.016	-0.19	-0.073	-0.031	0.412	0.722	"5"
"优势"	0	2	0	0	2	0.145	1.417	0.618	0.272	1.547	-0.064	0.352	-0.291	-0.122	0.299	1.128	"2"
"传染病"	0	0	0	0	1	0.036	0.354	0.154	0.068	0.387	-0.016	-0.19	-0.073	-0.031	0.412	0.722	"5"
"传输"	0	0	0	0	1	0.036	0.354	0.154	0.068	0.387	-0.016	-0.19	-0.073	-0.031	0.412	0.722	"5"
"低"	0	0	3	2	1	0.218	2.126	0.927	0.408	2.321	-0.097	-1.14	1.291	1.239	-0.595	4.362	"3"
"低下"	0	0	0	0	1	0.036	0.354	0.154	0.068	0.387	-0.016	-0.19	-0.073	-0.031	0.412	0.722	"5"
"低估"	0	0	0	0	3	0.109	1.063	0.463	0.204	1.161	-0.048	-0.57	-0.219	-0.092	1.237	2.166	"5"
"体"	0	0	1	0	0	0.036	0.354	0.154	0.068	0.387	-0.016	-0.19	0.811	-0.031	-0.212	1.26	"3"
"体会到"	0	1	0	0	0	0.036	0.354	0.154	0.068	0.387	-0.016	0.451	-0.073	-0.031	-0.212	0.783	"2"
"体力"	0	0	1	0	0	0.036	0.354	0.154	0.068	0.387	-0.016	-0.19	0.811	-0.031	-0.212	1.26	"3"
"体现"	1	0	0	0	1	0.073	0.709	0.309	0.136	0.774	1.146	-0.38	-0.146	-0.061	0.205	1.938	"1"
"体系"	0	0	1	0	1	0.073	0.709	0.309	0.136	0.774	-0.032	-0.38	0.545	-0.061	0.205	1.223	"3"
"何时"	0	3	0	0	0	0.109	1.063	0.463	0.204	1.161	-0.048	1.352	-0.219	-0.092	-0.637	2.348	"2"
"作出"	0	1	0	0	0	0.036	0.354	0.154	0.068	0.387	-0.016	0.451	-0.073	-0.031	-0.212	0.783	"2"
"作战"	0	0	2	0	5	0.255	2.48	1.081	0.476	2.708	-0.113	-1.33	0.529	-0.214	1.075	3.261	"2"
"作法"	0	1	0	0	0	0.036	0.354	0.154	0.068	0.387	-0.016	0.451	-0.073	-0.031	-0.212	0.783	"2"
"使"	1	5	0	0	0	0.218	2.126	0.927	0.408	2.321	0.7	1.627	-0.437	-0.184	-1.275	4.223	"2"
"使用"	0	1	0	0	0	0.036	0.354	0.154	0.068	0.387	-0.016	0.451	-0.073	-0.031	-0.212	0.783	"2"
"供养"	0	1	0	0	0	0.036	0.354	0.154	0.068	0.387	-0.016	0.451	-0.073	-0.031	-0.212	0.783	"2"
"供水"	0	0	0	1	0	0.036	0.354	0.154	0.068	0.387	-0.016	-0.19	-0.073	1.167	-0.212	1.658	"4"
"供电"	0	0	0	0	1	0.036	0.354	0.154	0.068	0.387	-0.016	-0.19	-0.073	-0.031	0.412	0.722	"5"
"依靠"	0	1	1	0	1	0.109	1.063	0.463	0.204	1.161	-0.048	-0.147	0.403	-0.092	-0.176	0.866	"3"
"侧重"	0	0	0	0	1	0.036	0.354	0.154	0.068	0.387	-0.016	-0.19	-0.073	-0.031	0.412	0.722	"5"
"促进"	0	0	0	0	2	0.073	0.709	0.309	0.136	0.774	-0.032	-0.38	-0.146	-0.061	0.825	1.444	"5"
"保持"	0	1	0	0	2	0.109	1.063	0.463	0.204	1.161	-0.048	-0.147	-0.219	-0.092	0.477	0.983	"5"
"保证"	1	1	0	0	0	0.073	0.709	0.309	0.136	0.774	1.146	0.234	-0.146	-0.061	-0.425	2.012	"1"
"保障"	0	0	1	0	1	0.073	0.709	0.309	0.136	0.774	-0.032	-0.38	0.545	-0.061	0.205	1.223	"3"
"信任"	0	4	0	0	0	0.145	1.417	0.618	0.272	1.547	-0.064	1.803	-0.291	-0.122	-0.85	3.13	"2"
"信心"	0	0	0	0	3	0.109	1.063	0.463	0.204	1.161	-0.048	-0.57	-0.219	-0.092	1.237	2.166	"5"
"信息技术"	0	0	0	1	1	0.073	0.709	0.309	0.136	0.774	-0.032	-0.38	-0.146	0.881	0.205	1.644	"4"
"信息科"	0	0	0	0	1	0.036	0.354	0.154	0.068	0.387	-0.016	-0.19	-0.073	-0.031	0.412	0.722	"5"
"信誉"	0	0	0	0	1	0.036	0.354	0.154	0.068	0.387	-0.016	-0.19	-0.073	-0.031	0.412	0.722	"5"
"信赖"	0	0	0	0	1	0.036	0.354	0.154	0.068	0.387	-0.016	-0.19	-0.073	-0.031	0.412	0.722	"5"
"修成"	0	1	0	0	0	0.036	0.354	0.154	0.068	0.387	-0.016	0.451	-0.073	-0.031	-0.212	0.783	"2"
"修缮"	0	1	0	0	0	0.036	0.354	0.154	0.068	0.387	-0.016	0.451	-0.073	-0.031	-0.212	0.783	"2"
"俱"	0	0	0	0	1	0.036	0.354	0.154	0.068	0.387	-0.016	-0.19	-0.073	-0.031	0.412	0.722	"5"
"债务"	0	1	0	0	0	0.036	0.354	0.154	0.068	0.387	-0.016	0.451	-0.073	-0.031	-0.212	0.783	"2"
"做到"	1	0	0	0	0	0.036	0.354	0.154	0.068	0.387	1.439	-0.19	-0.073	-0.031	-0.212	1.945	"1"
"做好"	1	0	0	0	0	0.036	0.354	0.154	0.068	0.387	1.439	-0.19	-0.073	-0.031	-0.212	1.945	"1"
"健忘"	0	0	1	0	0	0.036	0.354	0.154	0.068	0.387	-0.016	-0.19	0.811	-0.031	-0.212	1.26	"3"
"偶像"	0	1	0	0	0	0.036	0.354	0.154	0.068	0.387	-0.016	0.451	-0.073	-0.031	-0.212	0.783	"2"
"偶像派"	0	1	0	0	0	0.036	0.354	0.154	0.068	0.387	-0.016	0.451	-0.073	-0.031	-0.212	0.783	"2"
"偿还"	0	1	0	0	0	0.036	0.354	0.154	0.068	0.387	-0.016	0.451	-0.073	-0.031	-0.212	0.783	"2"
"储备局"	0	1	0	0	0	0.036	0.354	0.154	0.068	0.387	-0.016	0.451	-0.073	-0.031	-0.212	0.783	"2"
"兀兰"	0	0	1	0	0	0.036	0.354	0.154	0.068	0.387	-0.016	-0.19	0.811	-0.031	-0.212	1.26	"3"
"充分"	0	0	0	0	2	0.073	0.709	0.309	0.136	0.774	-0.032	-0.38	-0.146	-0.061	0.825	1.444	"5"
"充沛"	0	0	0	0	1	0.036	0.354	0.154	0.068	0.387	-0.016	-0.19	-0.073	-0.031	0.412	0.722	"5"
"先"	0	2	0	0	1	0.109	1.063	0.463	0.204	1.161	-0.048	0.541	-0.219	-0.092	-0.176	1.076	"2"
"克服"	0	0	1	0	0	0.036	0.354	0.154	0.068	0.387	-0.016	-0.19	0.811	-0.031	-0.212	1.26	"3"
"免于"	0	1	0	0	0	0.036	0.354	0.154	0.068	0.387	-0.016	0.451	-0.073	-0.031	-0.212	0.783	"2"
"免疫力"	0	0	0	0	1	0.036	0.354	0.154	0.068	0.387	-0.016	-0.19	-0.073	-0.031	0.412	0.722	"5"
"入境"	0	2	0	0	0	0.073	0.709	0.309	0.136	0.774	-0.032	0.901	-0.146	-0.061	-0.425	1.565	"2"
"全心全意"	0	0	0	0	1	0.036	0.354	0.154	0.068	0.387	-0.016	-0.19	-0.073	-0.031	0.412	0.722	"5"
"全球化"	0	1	0	0	0	0.036	0.354	0.154	0.068	0.387	-0.016	0.451	-0.073	-0.031	-0.212	0.783	"2"
"全部"	0	1	0	0	0	0.036	0.354	0.154	0.068	0.387	-0.016	0.451	-0.073	-0.031	-0.212	0.783	"2"
"八一"	0	0	1	0	0	0.036	0.354	0.154	0.068	0.387	-0.016	-0.19	0.811	-0.031	-0.212	1.26	"3"
"公正"	2	1	0	0	0	0.109	1.063	0.463	0.204	1.161	2.412	-0.147	-0.219	-0.092	-0.637	3.507	"1"
"六"	0	1	0	0	0	0.036	0.354	0.154	0.068	0.387	-0.016	0.451	-0.073	-0.031	-0.212	0.783	"2"
"共军"	0	0	0	0	1	0.036	0.354	0.154	0.068	0.387	-0.016	-0.19	-0.073	-0.031	0.412	0.722	"5"
"共同"	1	0	0	0	0	0.036	0.354	0.154	0.068	0.387	1.439	-0.19	-0.073	-0.031	-0.212	1.945	"1"
"共存"	0	1	0	0	0	0.036	0.354	0.154	0.068	0.387	-0.016	0.451	-0.073	-0.031	-0.212	0.783	"2"
"关村高"	0	0	0	0	1	0.036	0.354	0.154	0.068	0.387	-0.016	-0.19	-0.073	-0.031	0.412	0.722	"5"
"其次"	0	0	0	0	1	0.036	0.354	0.154	0.068	0.387	-0.016	-0.19	-0.073	-0.031	0.412	0.722	"5"
"具"	0	0	0	0	1	0.036	0.354	0.154	0.068	0.387	-0.016	-0.19	-0.073	-0.031	0.412	0.722	"5"
"具备"	0	0	3	0	5	0.291	2.834	1.236	0.544	3.095	-0.129	-1.52	0.948	-0.245	0.812	3.654	"2"
"具有"	0	1	1	0	3	0.182	1.771	0.772	0.34	1.934	-0.08	-0.377	0.246	-0.153	0.53	1.386	"5"
"养分"	0	1	0	0	0	0.036	0.354	0.154	0.068	0.387	-0.016	0.451	-0.073	-0.031	-0.212	0.783	"2"
"养育"	0	1	0	0	0	0.036	0.354	0.154	0.068	0.387	-0.016	0.451	-0.073	-0.031	-0.212	0.783	"2"
"内乱"	0	1	0	0	0	0.036	0.354	0.154	0.068	0.387	-0.016	0.451	-0.073	-0.031	-0.212	0.783	"2"
"内涵"	0	1	0	0	0	0.036	0.354	0.154	0.068	0.387	-0.016	0.451	-0.073	-0.031	-0.212	0.783	"2"
"内线"	0	0	1	0	0	0.036	0.354	0.154	0.068	0.387	-0.016	-0.19	0.811	-0.031	-0.212	1.26	"3"
"再一次"	0	0	0	1	0	0.036	0.354	0.154	0.068	0.387	-0.016	-0.19	-0.073	1.167	-0.212	1.658	"4"
"军事"	0	0	0	0	3	0.109	1.063	0.463	0.204	1.161	-0.048	-0.57	-0.219	-0.092	1.237	2.166	"5"
"军区队"	0	0	1	0	0	0.036	0.354	0.154	0.068	0.387	-0.016	-0.19	0.811	-0.031	-0.212	1.26	"3"
"冰坛"	0	1	0	0	0	0.036	0.354	0.154	0.068	0.387	-0.016	0.451	-0.073	-0.031	-0.212	0.783	"2"
"决"	0	1	0	0	0	0.036	0.354	0.154	0.068	0.387	-0.016	0.451	-0.073	-0.031	-0.212	0.783	"2"
"决定"	0	2	0	0	0	0.073	0.709	0.309	0.136	0.774	-0.032	0.901	-0.146	-0.061	-0.425	1.565	"2"
"决赛"	0	0	1	0	0	0.036	0.354	0.154	0.068	0.387	-0.016	-0.19	0.811	-0.031	-0.212	1.26	"3"
"准"	0	1	0	0	0	0.036	0.354	0.154	0.068	0.387	-0.016	0.451	-0.073	-0.031	-0.212	0.783	"2"
"凝聚力"	0	0	0	0	1	0.036	0.354	0.154	0.068	0.387	-0.016	-0.19	-0.073	-0.031	0.412	0.722	"5"
"几近"	0	1	0	0	0	0.036	0.354	0.154	0.068	0.387	-0.016	0.451	-0.073	-0.031	-0.212	0.783	"2"
"凡事"	0	2	0	0	0	0.073	0.709	0.309	0.136	0.774	-0.032	0.901	-0.146	-0.061	-0.425	1.565	"2"
"凭"	0	1	0	0	0	0.036	0.354	0.154	0.068	0.387	-0.016	0.451	-0.073	-0.031	-0.212	0.783	"2"
"凭借"	0	0	3	0	0	0.109	1.063	0.463	0.204	1.161	-0.048	-0.57	2.434	-0.092	-0.637	3.781	"3"
"凸显"	0	1	0	0	0	0.036	0.354	0.154	0.068	0.387	-0.016	0.451	-0.073	-0.031	-0.212	0.783	"2"
"出去"	0	2	0	0	0	0.073	0.709	0.309	0.136	0.774	-0.032	0.901	-0.146	-0.061	-0.425	1.565	"2"
"出国"	0	0	0	0	1	0.036	0.354	0.154	0.068	0.387	-0.016	-0.19	-0.073	-0.031	0.412	0.722	"5"
"出境"	0	1	0	0	0	0.036	0.354	0.154	0.068	0.387	-0.016	0.451	-0.073	-0.031	-0.212	0.783	"2"
"出来"	0	1	0	0	0	0.036	0.354	0.154	0.068	0.387	-0.016	0.451	-0.073	-0.031	-0.212	0.783	"2"
"出示"	0	3	0	0	0	0.109	1.063	0.463	0.204	1.161	-0.048	1.352	-0.219	-0.092	-0.637	2.348	"2"
"击败"	0	0	3	0	0	0.109	1.063	0.463	0.204	1.161	-0.048	-0.57	2.434	-0.092	-0.637	3.781	"3"
"分得"	0	1	0	0	0	0.036	0.354	0.154	0.068	0.387	-0.016	0.451	-0.073	-0.031	-0.212	0.783	"2"
"分晓"	1	0	0	0	0	0.036	0.354	0.154	0.068	0.387	1.439	-0.19	-0.073	-0.031	-0.212	1.945	"1"
"分权"	0	1	0	0	0	0.036	0.354	0.154	0.068	0.387	-0.016	0.451	-0.073	-0.031	-0.212	0.783	"2"
"分析"	0	0	0	0	1	0.036	0.354	0.154	0.068	0.387	-0.016	-0.19	-0.073	-0.031	0.412	0.722	"5"
"分立"	0	0	0	0	1	0.036	0.354	0.154	0.068	0.387	-0.016	-0.19	-0.073	-0.031	0.412	0.722	"5"
"切"	0	0	2	0	0	0.073	0.709	0.309	0.136	0.774	-0.032	-0.38	1.622	-0.061	-0.425	2.52	"3"
"刘邦"	0	0	2	0	0	0.073	0.709	0.309	0.136	0.774	-0.032	-0.38	1.622	-0.061	-0.425	2.52	"3"
"创业"	0	0	0	0	1	0.036	0.354	0.154	0.068	0.387	-0.016	-0.19	-0.073	-0.031	0.412	0.722	"5"
"创意"	0	0	0	0	1	0.036	0.354	0.154	0.068	0.387	-0.016	-0.19	-0.073	-0.031	0.412	0.722	"5"
"创新"	0	0	0	0	3	0.109	1.063	0.463	0.204	1.161	-0.048	-0.57	-0.219	-0.092	1.237	2.166	"5"
"创造"	0	0	0	0	3	0.109	1.063	0.463	0.204	1.161	-0.048	-0.57	-0.219	-0.092	1.237	2.166	"5"
"初生"	0	0	0	0	1	0.036	0.354	0.154	0.068	0.387	-0.016	-0.19	-0.073	-0.031	0.412	0.722	"5"
"判断力"	0	0	0	0	1	0.036	0.354	0.154	0.068	0.387	-0.016	-0.19	-0.073	-0.031	0.412	0.722	"5"
"利兹"	0	0	1	0	0	0.036	0.354	0.154	0.068	0.387	-0.016	-0.19	0.811	-0.031	-0.212	1.26	"3"
"利益"	1	0	0	0	0	0.036	0.354	0.154	0.068	0.387	1.439	-0.19	-0.073	-0.031	-0.212	1.945	"1"
"到"	1	4	0	0	0	0.182	1.771	0.772	0.34	1.934	0.772	1.248	-0.364	-0.153	-1.062	3.599	"2"
"制衡"	0	0	0	0	1	0.036	0.354	0.154	0.068	0.387	-0.016	-0.19	-0.073	-0.031	0.412	0.722	"5"
"制裁"	0	2	0	0	0	0.073	0.709	0.309	0.136	0.774	-0.032	0.901	-0.146	-0.061	-0.425	1.565	"2"
"制造"	0	0	0	0	1	0.036	0.354	0.154	0.068	0.387	-0.016	-0.19	-0.073	-0.031	0.412	0.722	"5"
"刺激"	0	1	0	0	0	0.036	0.354	0.154	0.068	0.387	-0.016	0.451	-0.073	-0.031	-0.212	0.783	"2"
"削"	0	0	1	0	0	0.036	0.354	0.154	0.068	0.387	-0.016	-0.19	0.811	-0.031	-0.212	1.26	"3"
"削弱"	0	2	0	0	0	0.073	0.709	0.309	0.136	0.774	-0.032	0.901	-0.146	-0.061	-0.425	1.565	"2"
"剥夺"	0	1	0	0	0	0.036	0.354	0.154	0.068	0.387	-0.016	0.451	-0.073	-0.031	-0.212	0.783	"2"
"力量"	0	1	0	0	0	0.036	0.354	0.154	0.068	0.387	-0.016	0.451	-0.073	-0.031	-0.212	0.783	"2"
"办事"	0	0	0	0	1	0.036	0.354	0.154	0.068	0.387	-0.016	-0.19	-0.073	-0.031	0.412	0.722	"5"
"办好"	0	1	0	0	0	0.036	0.354	0.154	0.068	0.387	-0.016	0.451	-0.073	-0.031	-0.212	0.783	"2"
"办成"	0	1	0	0	0	0.036	0.354	0.154	0.068	0.387	-0.016	0.451	-0.073	-0.031	-0.212	0.783	"2"
"办理"	0	2	0	0	0	0.073	0.709	0.309	0.136	0.774	-0.032	0.901	-0.146	-0.061	-0.425	1.565	"2"
"加上"	0	1	0	0	0	0.036	0.354	0.154	0.068	0.387	-0.016	0.451	-0.073	-0.031	-0.212	0.783	"2"
"加以"	1	0	0	0	1	0.073	0.709	0.309	0.136	0.774	1.146	-0.38	-0.146	-0.061	0.205	1.938	"1"
"加入"	0	1	0	0	0	0.036	0.354	0.154	0.068	0.387	-0.016	0.451	-0.073	-0.031	-0.212	0.783	"2"
"加工"	0	0	0	2	0	0.073	0.709	0.309	0.136	0.774	-0.032	-0.38	-0.146	2.335	-0.425	3.318	"4"
"加强"	0	0	0	0	8	0.291	2.834	1.236	0.544	3.095	-0.129	-1.52	-0.583	-0.245	3.299	5.776	"5"
"加油"	0	0	0	0	1	0.036	0.354	0.154	0.068	0.387	-0.016	-0.19	-0.073	-0.031	0.412	0.722	"5"
"动员"	0	0	0	0	1	0.036	0.354	0.154	0.068	0.387	-0.016	-0.19	-0.073	-0.031	0.412	0.722	"5"
"动手"	0	0	0	0	3	0.109	1.063	0.463	0.204	1.161	-0.048	-0.57	-0.219	-0.092	1.237	2.166	"5"
"动盪"	0	1	0	0	0	0.036	0.354	0.154	0.068	0.387	-0.016	0.451	-0.073	-0.031	-0.212	0.783	"2"
"动议"	0	1	0	0	0	0.036	0.354	0.154	0.068	0.387	-0.016	0.451	-0.073	-0.031	-0.212	0.783	"2"
"助攻"	0	0	1	0	0	0.036	0.354	0.154	0.068	0.387	-0.016	-0.19	0.811	-0.031	-0.212	1.26	"3"
"努力"	1	3	0	0	1	0.182	1.771	0.772	0.34	1.934	0.772	0.616	-0.364	-0.153	-0.444	2.349	"1"
"劲旅"	0	0	2	0	0	0.073	0.709	0.309	0.136	0.774	-0.032	-0.38	1.622	-0.061	-0.425	2.52	"3"
"劳动"	0	0	0	0	2	0.073	0.709	0.309	0.136	0.774	-0.032	-0.38	-0.146	-0.061	0.825	1.444	"5"
"北半球"	0	1	0	0	0	0.036	0.354	0.154	0.068	0.387	-0.016	0.451	-0.073	-0.031	-0.212	0.783	"2"
"十足"	0	0	1	0	0	0.036	0.354	0.154	0.068	0.387	-0.016	-0.19	0.811	-0.031	-0.212	1.26	"3"
"升等"	0	1	0	0	0	0.036	0.354	0.154	0.068	0.387	-0.016	0.451	-0.073	-0.031	-0.212	0.783	"2"
"升高"	0	1	0	0	0	0.036	0.354	0.154	0.068	0.387	-0.016	0.451	-0.073	-0.031	-0.212	0.783	"2"
"华文"	0	0	1	0	0	0.036	0.354	0.154	0.068	0.387	-0.016	-0.19	0.811	-0.031	-0.212	1.26	"3"
"协商"	0	0	0	0	1	0.036	0.354	0.154	0.068	0.387	-0.016	-0.19	-0.073	-0.031	0.412	0.722	"5"
"协调"	0	0	0	0	1	0.036	0.354	0.154	0.068	0.387	-0.016	-0.19	-0.073	-0.031	0.412	0.722	"5"
"单亲"	0	0	0	0	1	0.036	0.354	0.154	0.068	0.387	-0.016	-0.19	-0.073	-0.031	0.412	0.722	"5"
"单向年"	0	0	0	1	0	0.036	0.354	0.154	0.068	0.387	-0.016	-0.19	-0.073	1.167	-0.212	1.658	"4"
"单独"	0	0	0	0	1	0.036	0.354	0.154	0.068	0.387	-0.016	-0.19	-0.073	-0.031	0.412	0.722	"5"
"卖得"	0	1	0	0	0	0.036	0.354	0.154	0.068	0.387	-0.016	0.451	-0.073	-0.031	-0.212	0.783	"2"
"占"	0	1	0	0	0	0.036	0.354	0.154	0.068	0.387	-0.016	0.451	-0.073	-0.031	-0.212	0.783	"2"
"卫冕"	0	1	0	0	0	0.036	0.354	0.154	0.068	0.387	-0.016	0.451	-0.073	-0.031	-0.212	0.783	"2"
"危机"	0	0	0	0	1	0.036	0.354	0.154	0.068	0.387	-0.016	-0.19	-0.073	-0.031	0.412	0.722	"5"
"厄"	0	0	1	0	0	0.036	0.354	0.154	0.068	0.387	-0.016	-0.19	0.811	-0.031	-0.212	1.26	"3"
"历史性"	0	0	0	1	0	0.036	0.354	0.154	0.068	0.387	-0.016	-0.19	-0.073	1.167	-0.212	1.658	"4"
"压缩"	0	0	0	1	0	0.036	0.354	0.154	0.068	0.387	-0.016	-0.19	-0.073	1.167	-0.212	1.658	"4"
"厚"	0	1	0	0	0	0.036	0.354	0.154	0.068	0.387	-0.016	0.451	-0.073	-0.031	-0.212	0.783	"2"
"原油日"	0	0	0	1	0	0.036	0.354	0.154	0.068	0.387	-0.016	-0.19	-0.073	1.167	-0.212	1.658	"4"
"参议院"	0	2	0	0	0	0.073	0.709	0.309	0.136	0.774	-0.032	0.901	-0.146	-0.061	-0.425	1.565	"2"
"双人"	0	0	2	0	0	0.073	0.709	0.309	0.136	0.774	-0.032	-0.38	1.622	-0.061	-0.425	2.52	"3"
"双手"	0	1	0	0	0	0.036	0.354	0.154	0.068	0.387	-0.016	0.451	-0.073	-0.031	-0.212	0.783	"2"
"双方"	0	0	4	0	0	0.145	1.417	0.618	0.272	1.547	-0.064	-0.76	3.245	-0.122	-0.85	5.041	"3"
"反击"	0	0	0	0	2	0.073	0.709	0.309	0.136	0.774	-0.032	-0.38	-0.146	-0.061	0.825	1.444	"5"
"反应"	0	0	0	0	1	0.036	0.354	0.154	0.068	0.387	-0.016	-0.19	-0.073	-0.031	0.412	0.722	"5"
"反腐"	0	0	0	0	1	0.036	0.354	0.154	0.068	0.387	-0.016	-0.19	-0.073	-0.031	0.412	0.722	"5"
"反覆"	0	2	0	0	0	0.073	0.709	0.309	0.136	0.774	-0.032	0.901	-0.146	-0.061	-0.425	1.565	"2"
"反过来"	0	0	0	0	1	0.036	0.354	0.154	0.068	0.387	-0.016	-0.19	-0.073	-0.031	0.412	0.722	"5"
"发卡"	0	1	0	0	0	0.036	0.354	0.154	0.068	0.387	-0.016	0.451	-0.073	-0.031	-0.212	0.783	"2"
"发局"	0	1	0	0	0	0.036	0.354	0.154	0.068	0.387	-0.016	0.451	-0.073	-0.031	-0.212	0.783	"2"
"发挥"	0	4	2	0	3	0.327	3.188	1.39	0.612	3.482	-0.145	0.396	0.381	-0.275	-0.288	1.485	"2"
"发电"	0	0	0	0	1	0.036	0.354	0.154	0.068	0.387	-0.016	-0.19	-0.073	-0.031	0.412	0.722	"5"
"发育"	0	1	0	0	0	0.036	0.354	0.154	0.068	0.387	-0.016	0.451	-0.073	-0.031	-0.212	0.783	"2"
"取得"	0	1	0	0	1	0.073	0.709	0.309	0.136	0.774	-0.032	0.234	-0.146	-0.061	0.205	0.678	"2"
"受益人"	0	0	0	0	1	0.036	0.354	0.154	0.068	0.387	-0.016	-0.19	-0.073	-0.031	0.412	0.722	"5"
"受训"	0	1	0	0	0	0.036	0.354	0.154	0.068	0.387	-0.016	0.451	-0.073	-0.031	-0.212	0.783	"2"
"变压器厂"	0	0	0	0	1	0.036	0.354	0.154	0.068	0.387	-0.016	-0.19	-0.073	-0.031	0.412	0.722	"5"
"口头"	0	0	1	0	0	0.036	0.354	0.154	0.068	0.387	-0.016	-0.19	0.811	-0.031	-0.212	1.26	"3"
"只"	0	0	0	0	1	0.036	0.354	0.154	0.068	0.387	-0.016	-0.19	-0.073	-0.031	0.412	0.722	"5"
"只有"	20	7	0	0	0	0.982	9.565	4.171	1.837	10.445	22.943	-0.688	-1.967	-0.826	-5.736	32.16	"1"
"可否"	0	1	0	0	0	0.036	0.354	0.154	0.068	0.387	-0.016	0.451	-0.073	-0.031	-0.212	0.783	"2"
"可笑"	0	0	1	0	0	0.036	0.354	0.154	0.068	0.387	-0.016	-0.19	0.811	-0.031	-0.212	1.26	"3"
"台北队"	0	0	1	0	0	0.036	0.354	0.154	0.068	0.387	-0.016	-0.19	0.811	-0.031	-0.212	1.26	"3"
"右路"	0	0	0	0	1	0.036	0.354	0.154	0.068	0.387	-0.016	-0.19	-0.073	-0.031	0.412	0.722	"5"
"合格"	0	1	0	0	0	0.036	0.354	0.154	0.068	0.387	-0.016	0.451	-0.073	-0.031	-0.212	0.783	"2"
"合法"	0	2	0	0	0	0.073	0.709	0.309	0.136	0.774	-0.032	0.901	-0.146	-0.061	-0.425	1.565	"2"
"合理化"	0	1	0	0	0	0.036	0.354	0.154	0.068	0.387	-0.016	0.451	-0.073	-0.031	-0.212	0.783	"2"
"同意"	0	2	0	0	0	0.073	0.709	0.309	0.136	0.774	-0.032	0.901	-0.146	-0.061	-0.425	1.565	"2"
"名利"	0	1	0	0	0	0.036	0.354	0.154	0.068	0.387	-0.016	0.451	-0.073	-0.031	-0.212	0.783	"2"
"名角"	0	1	0	0	0	0.036	0.354	0.154	0.068	0.387	-0.016	0.451	-0.073	-0.031	-0.212	0.783	"2"
"后"	0	13	0	0	0	0.473	4.606	2.008	0.884	5.029	-0.209	5.859	-0.947	-0.398	-2.762	10.175	"2"
"后劲"	0	0	1	0	0	0.036	0.354	0.154	0.068	0.387	-0.016	-0.19	0.811	-0.031	-0.212	1.26	"3"
"后卫"	0	0	1	0	0	0.036	0.354	0.154	0.068	0.387	-0.016	-0.19	0.811	-0.031	-0.212	1.26	"3"
"吞吐"	0	0	0	1	0	0.036	0.354	0.154	0.068	0.387	-0.016	-0.19	-0.073	1.167	-0.212	1.658	"4"
"吞并"	0	0	0	0	1	0.036	0.354	0.154	0.068	0.387	-0.016	-0.19	-0.073	-0.031	0.412	0.722	"5"
"吨"	0	0	0	12	0	0.436	4.251	1.854	0.816	4.642	-0.193	-2.279	-0.874	14.008	-2.549	19.903	"4"
"听懂"	0	1	0	0	0	0.036	0.354	0.154	0.068	0.387	-0.016	0.451	-0.073	-0.031	-0.212	0.783	"2"
"吸引力"	0	1	0	0	0	0.036	0.354	0.154	0.068	0.387	-0.016	0.451	-0.073	-0.031	-0.212	0.783	"2"
"吸收"	0	0	0	0	2	0.073	0.709	0.309	0.136	0.774	-0.032	-0.38	-0.146	-0.061	0.825	1.444	"5"
"吸货"	0	1	0	0	0	0.036	0.354	0.154	0.068	0.387	-0.016	0.451	-0.073	-0.031	-0.212	0.783	"2"
"呢"	0	1	0	0	0	0.036	0.354	0.154	0.068	0.387	-0.016	0.451	-0.073	-0.031	-0.212	0.783	"2"
"周岁"	0	0	0	0	1	0.036	0.354	0.154	0.068	0.387	-0.016	-0.19	-0.073	-0.031	0.412	0.722	"5"
"周雅淑"	0	1	0	0	0	0.036	0.354	0.154	0.068	0.387	-0.016	0.451	-0.073	-0.031	-0.212	0.783	"2"
"味觉"	0	1	0	0	0	0.036	0.354	0.154	0.068	0.387	-0.016	0.451	-0.073	-0.031	-0.212	0.783	"2"
"和"	0	3	3	6	39	1.855	18.068	7.878	3.469	19.73	-0.821	-6.102	-1.461	0.882	7.345	16.611	"5"
"和平"	2	1	0	0	0	0.109	1.063	0.463	0.204	1.161	2.412	-0.147	-0.219	-0.092	-0.637	3.507	"1"
"和解"	0	0	0	0	1	0.036	0.354	0.154	0.068	0.387	-0.016	-0.19	-0.073	-0.031	0.412	0.722	"5"
"品德"	0	0	0	0	1	0.036	0.354	0.154	0.068	0.387	-0.016	-0.19	-0.073	-0.031	0.412	0.722	"5"
"品质"	0	1	0	0	1	0.073	0.709	0.309	0.136	0.774	-0.032	0.234	-0.146	-0.061	0.205	0.678	"2"
"唯有"	0	6	0	0	0	0.218	2.126	0.927	0.408	2.321	-0.097	2.704	-0.437	-0.184	-1.275	4.697	"2"
"商业化"	0	0	0	1	0	0.036	0.354	0.154	0.068	0.387	-0.016	-0.19	-0.073	1.167	-0.212	1.658	"4"
"商业银"	0	0	0	0	1	0.036	0.354	0.154	0.068	0.387	-0.016	-0.19	-0.073	-0.031	0.412	0.722	"5"
"喷头"	0	1	0	0	0	0.036	0.354	0.154	0.068	0.387	-0.016	0.451	-0.073	-0.031	-0.212	0.783	"2"
"回复"	0	0	0	0	1	0.036	0.354	0.154	0.068	0.387	-0.016	-0.19	-0.073	-0.031	0.412	0.722	"5"
"回营"	0	1	0	0	0	0.036	0.354	0.154	0.068	0.387	-0.016	0.451	-0.073	-0.031	-0.212	0.783	"2"
"因地制宜"	1	0	0	0	0	0.036	0.354	0.154	0.068	0.387	1.439	-0.19	-0.073	-0.031	-0.212	1.945	"1"
"因应"	0	0	0	0	1	0.036	0.354	0.154	0.068	0.387	-0.016	-0.19	-0.073	-0.031	0.412	0.722	"5"
"因材施教"	0	0	0	0	1	0.036	0.354	0.154	0.068	0.387	-0.016	-0.19	-0.073	-0.031	0.412	0.722	"5"
"团新"	0	1	0	0	0	0.036	0.354	0.154	0.068	0.387	-0.016	0.451	-0.073	-0.031	-0.212	0.783	"2"
"团队"	0	0	0	0	1	0.036	0.354	0.154	0.068	0.387	-0.016	-0.19	-0.073	-0.031	0.412	0.722	"5"
"国人"	0	1	0	0	0	0.036	0.354	0.154	0.068	0.387	-0.016	0.451	-0.073	-0.031	-0.212	0.783	"2"
"国军"	0	0	0	0	1	0.036	0.354	0.154	0.068	0.387	-0.016	-0.19	-0.073	-0.031	0.412	0.722	"5"
"国家队"	0	0	1	0	0	0.036	0.354	0.154	0.068	0.387	-0.016	-0.19	0.811	-0.031	-0.212	1.26	"3"
"国家面"	1	0	0	0	0	0.036	0.354	0.154	0.068	0.387	1.439	-0.19	-0.073	-0.031	-0.212	1.945	"1"
"国手"	0	1	0	0	0	0.036	0.354	0.154	0.068	0.387	-0.016	0.451	-0.073	-0.031	-0.212	0.783	"2"
"国有"	0	0	0	1	0	0.036	0.354	0.154	0.068	0.387	-0.016	-0.19	-0.073	1.167	-0.212	1.658	"4"
"国防"	0	0	0	0	3	0.109	1.063	0.463	0.204	1.161	-0.048	-0.57	-0.219	-0.092	1.237	2.166	"5"
"国际性"	0	1	0	0	0	0.036	0.354	0.154	0.068	0.387	-0.016	0.451	-0.073	-0.031	-0.212	0.783	"2"
"国际级"	0	1	0	0	0	0.036	0.354	0.154	0.068	0.387	-0.016	0.451	-0.073	-0.031	-0.212	0.783	"2"
"地位"	0	0	0	0	1	0.036	0.354	0.154	0.068	0.387	-0.016	-0.19	-0.073	-0.031	0.412	0.722	"5"
"坚强"	0	0	0	0	1	0.036	0.354	0.154	0.068	0.387	-0.016	-0.19	-0.073	-0.031	0.412	0.722	"5"
"培养"	0	0	0	0	7	0.255	2.48	1.081	0.476	2.708	-0.113	-1.33	-0.51	-0.214	2.887	5.054	"5"
"培育"	0	0	0	0	2	0.073	0.709	0.309	0.136	0.774	-0.032	-0.38	-0.146	-0.061	0.825	1.444	"5"
"基层"	0	0	0	0	1	0.036	0.354	0.154	0.068	0.387	-0.016	-0.19	-0.073	-0.031	0.412	0.722	"5"
"基本"	0	0	0	0	1	0.036	0.354	0.154	0.068	0.387	-0.016	-0.19	-0.073	-0.031	0.412	0.722	"5"
"基础"	0	0	0	0	2	0.073	0.709	0.309	0.136	0.774	-0.032	-0.38	-0.146	-0.061	0.825	1.444	"5"
"增值"	0	0	0	0	1	0.036	0.354	0.154	0.068	0.387	-0.016	-0.19	-0.073	-0.031	0.412	0.722	"5"
"增大"	0	0	0	0	1	0.036	0.354	0.154	0.068	0.387	-0.016	-0.19	-0.073	-0.031	0.412	0.722	"5"
"增强"	0	0	0	2	16	0.655	6.377	2.78	1.224	6.964	-0.29	-3.419	-1.312	0.457	4.807	10.285	"5"
"增强党"	0	0	0	0	1	0.036	0.354	0.154	0.068	0.387	-0.016	-0.19	-0.073	-0.031	0.412	0.722	"5"
"增进"	0	1	0	0	0	0.036	0.354	0.154	0.068	0.387	-0.016	0.451	-0.073	-0.031	-0.212	0.783	"2"
"壮大"	0	0	0	0	1	0.036	0.354	0.154	0.068	0.387	-0.016	-0.19	-0.073	-0.031	0.412	0.722	"5"
"处于"	0	0	0	0	1	0.036	0.354	0.154	0.068	0.387	-0.016	-0.19	-0.073	-0.031	0.412	0.722	"5"
"处在"	0	0	0	0	1	0.036	0.354	0.154	0.068	0.387	-0.016	-0.19	-0.073	-0.031	0.412	0.722	"5"
"处理"	0	0	0	2	3	0.182	1.771	0.772	0.34	1.934	-0.08	-0.95	-0.364	1.395	0.53	3.319	"4"
"复"	0	0	0	0	1	0.036	0.354	0.154	0.068	0.387	-0.016	-0.19	-0.073	-0.031	0.412	0.722	"5"
"复工"	0	1	0	0	0	0.036	0.354	0.154	0.068	0.387	-0.016	0.451	-0.073	-0.031	-0.212	0.783	"2"
"外患罪"	0	1	0	0	0	0.036	0.354	0.154	0.068	0.387	-0.016	0.451	-0.073	-0.031	-0.212	0.783	"2"
"外挂"	0	0	0	1	0	0.036	0.354	0.154	0.068	0.387	-0.016	-0.19	-0.073	1.167	-0.212	1.658	"4"
"外文"	0	0	0	0	1	0.036	0.354	0.154	0.068	0.387	-0.016	-0.19	-0.073	-0.031	0.412	0.722	"5"
"多"	0	2	0	0	0	0.073	0.709	0.309	0.136	0.774	-0.032	0.901	-0.146	-0.061	-0.425	1.565	"2"
"多元性"	0	1	0	0	0	0.036	0.354	0.154	0.068	0.387	-0.016	0.451	-0.073	-0.031	-0.212	0.783	"2"
"多方"	0	1	0	0	0	0.036	0.354	0.154	0.068	0.387	-0.016	0.451	-0.073	-0.031	-0.212	0.783	"2"
"多重"	0	0	0	0	1	0.036	0.354	0.154	0.068	0.387	-0.016	-0.19	-0.073	-0.031	0.412	0.722	"5"
"大"	0	1	0	0	0	0.036	0.354	0.154	0.068	0.387	-0.016	0.451	-0.073	-0.031	-0.212	0.783	"2"
"大不如前"	0	0	1	0	0	0.036	0.354	0.154	0.068	0.387	-0.016	-0.19	0.811	-0.031	-0.212	1.26	"3"
"大为"	0	0	0	0	1	0.036	0.354	0.154	0.068	0.387	-0.016	-0.19	-0.073	-0.031	0.412	0.722	"5"
"大副"	0	1	0	0	0	0.036	0.354	0.154	0.068	0.387	-0.016	0.451	-0.073	-0.031	-0.212	0.783	"2"
"大大"	0	0	0	0	3	0.109	1.063	0.463	0.204	1.161	-0.048	-0.57	-0.219	-0.092	1.237	2.166	"5"
"大幅度"	0	0	0	1	0	0.036	0.354	0.154	0.068	0.387	-0.016	-0.19	-0.073	1.167	-0.212	1.658	"4"
"大约"	0	1	0	0	0	0.036	0.354	0.154	0.068	0.387	-0.016	0.451	-0.073	-0.031	-0.212	0.783	"2"
"大胜"	0	0	1	0	0	0.036	0.354	0.154	0.068	0.387	-0.016	-0.19	0.811	-0.031	-0.212	1.26	"3"
"太"	0	2	0	0	1	0.109	1.063	0.463	0.204	1.161	-0.048	0.541	-0.219	-0.092	-0.176	1.076	"2"
"失去"	0	0	0	0	2	0.073	0.709	0.309	0.136	0.774	-0.032	-0.38	-0.146	-0.061	0.825	1.444	"5"
"头脑"	0	0	1	0	0	0.036	0.354	0.154	0.068	0.387	-0.016	-0.19	0.811	-0.031	-0.212	1.26	"3"
"夸耀"	0	1	0	0	0	0.036	0.354	0.154	0.068	0.387	-0.016	0.451	-0.073	-0.031	-0.212	0.783	"2"
"夺冠"	0	1	0	0	0	0.036	0.354	0.154	0.068	0.387	-0.016	0.451	-0.073	-0.031	-0.212	0.783	"2"
"夺取"	0	0	1	0	1	0.073	0.709	0.309	0.136	0.774	-0.032	-0.38	0.545	-0.061	0.205	1.223	"3"
"夺得"	0	0	1	0	0	0.036	0.354	0.154	0.068	0.387	-0.016	-0.19	0.811	-0.031	-0.212	1.26	"3"
"奖品"	0	2	0	0	0	0.073	0.709	0.309	0.136	0.774	-0.032	0.901	-0.146	-0.061	-0.425	1.565	"2"
"套路"	0	0	0	0	1	0.036	0.354	0.154	0.068	0.387	-0.016	-0.19	-0.073	-0.031	0.412	0.722	"5"
"她们"	0	3	1	0	0	0.145	1.417	0.618	0.272	1.547	-0.064	0.884	0.311	-0.122	-0.85	2.231	"2"
"好"	0	2	0	0	1	0.109	1.063	0.463	0.204	1.161	-0.048	0.541	-0.219	-0.092	-0.176	1.076	"2"
"好好"	0	1	0	0	0	0.036	0.354	0.154	0.068	0.387	-0.016	0.451	-0.073	-0.031	-0.212	0.783	"2"
"如此"	0	1	0	0	0	0.036	0.354	0.154	0.068	0.387	-0.016	0.451	-0.073	-0.031	-0.212	0.783	"2"
"妙"	0	0	1	0	0	0.036	0.354	0.154	0.068	0.387	-0.016	-0.19	0.811	-0.031	-0.212	1.26	"3"
"姜仙子"	0	0	1	0	0	0.036	0.354	0.154	0.068	0.387	-0.016	-0.19	0.811	-0.031	-0.212	1.26	"3"
"子宫"	0	0	0	0	1	0.036	0.354	0.154	0.068	0.387	-0.016	-0.19	-0.073	-0.031	0.412	0.722	"5"
"存入者"	0	1	0	0	0	0.036	0.354	0.154	0.068	0.387	-0.016	0.451	-0.073	-0.031	-0.212	0.783	"2"
"存活"	0	0	0	0	1	0.036	0.354	0.154	0.068	0.387	-0.016	-0.19	-0.073	-0.031	0.412	0.722	"5"
"学习"	0	0	0	0	3	0.109	1.063	0.463	0.204	1.161	-0.048	-0.57	-0.219	-0.092	1.237	2.166	"5"
"学位"	0	1	0	0	0	0.036	0.354	0.154	0.068	0.387	-0.016	0.451	-0.073	-0.031	-0.212	0.783	"2"
"学士"	0	1	0	0	0	0.036	0.354	0.154	0.068	0.387	-0.016	0.451	-0.073	-0.031	-0.212	0.783	"2"
"学生"	0	0	2	0	11	0.473	4.606	2.008	0.884	5.029	-0.209	-2.469	-0.171	-0.398	3.024	6.271	"5"
"学童"	0	0	0	0	1	0.036	0.354	0.154	0.068	0.387	-0.016	-0.19	-0.073	-0.031	0.412	0.722	"5"
"孩子"	0	3	0	0	1	0.145	1.417	0.618	0.272	1.547	-0.064	0.884	-0.291	-0.122	-0.303	1.664	"2"
"孩童"	0	0	0	0	1	0.036	0.354	0.154	0.068	0.387	-0.016	-0.19	-0.073	-0.031	0.412	0.722	"5"
"守法"	0	0	0	0	1	0.036	0.354	0.154	0.068	0.387	-0.016	-0.19	-0.073	-0.031	0.412	0.722	"5"
"安培"	0	1	0	0	0	0.036	0.354	0.154	0.068	0.387	-0.016	0.451	-0.073	-0.031	-0.212	0.783	"2"
"安定"	0	0	0	0	1	0.036	0.354	0.154	0.068	0.387	-0.016	-0.19	-0.073	-0.031	0.412	0.722	"5"
"安稳"	0	1	0	0	0	0.036	0.354	0.154	0.068	0.387	-0.016	0.451	-0.073	-0.031	-0.212	0.783	"2"
"完全"	1	7	0	0	2	0.364	3.543	1.545	0.68	3.869	0.509	1.555	-0.729	-0.306	-0.723	3.822	"2"
"完善"	0	0	0	0	1	0.036	0.354	0.154	0.068	0.387	-0.016	-0.19	-0.073	-0.031	0.412	0.722	"5"
"完成"	1	1	0	0	0	0.073	0.709	0.309	0.136	0.774	1.146	0.234	-0.146	-0.061	-0.425	2.012	"1"
"完毕"	0	1	0	0	0	0.036	0.354	0.154	0.068	0.387	-0.016	0.451	-0.073	-0.031	-0.212	0.783	"2"
"定向"	0	1	0	0	0	0.036	0.354	0.154	0.068	0.387	-0.016	0.451	-0.073	-0.031	-0.212	0.783	"2"
"定案"	0	1	0	0	0	0.036	0.354	0.154	0.068	0.387	-0.016	0.451	-0.073	-0.031	-0.212	0.783	"2"
"宝座"	0	1	0	0	0	0.036	0.354	0.154	0.068	0.387	-0.016	0.451	-0.073	-0.031	-0.212	0.783	"2"
"实力"	0	2	1	0	4	0.255	2.48	1.081	0.476	2.708	-0.113	-0.282	-0.152	-0.214	0.577	1.338	"5"
"实现"	1	1	0	0	0	0.073	0.709	0.309	0.136	0.774	1.146	0.234	-0.146	-0.061	-0.425	2.012	"1"
"实质"	0	1	0	0	0	0.036	0.354	0.154	0.068	0.387	-0.016	0.451	-0.073	-0.031	-0.212	0.783	"2"
"实践"	0	0	0	0	3	0.109	1.063	0.463	0.204	1.161	-0.048	-0.57	-0.219	-0.092	1.237	2.166	"5"
"实际"	0	0	0	0	2	0.073	0.709	0.309	0.136	0.774	-0.032	-0.38	-0.146	-0.061	0.825	1.444	"5"
"客场"	0	0	1	0	0	0.036	0.354	0.154	0.068	0.387	-0.016	-0.19	0.811	-0.031	-0.212	1.26	"3"
"客观"	0	0	0	0	1	0.036	0.354	0.154	0.068	0.387	-0.016	-0.19	-0.073	-0.031	0.412	0.722	"5"
"宪政"	0	0	0	0	1	0.036	0.354	0.154	0.068	0.387	-0.016	-0.19	-0.073	-0.031	0.412	0.722	"5"
"家庭暴力"	0	0	0	0	1	0.036	0.354	0.154	0.068	0.387	-0.016	-0.19	-0.073	-0.031	0.412	0.722	"5"
"富足"	0	1	0	0	0	0.036	0.354	0.154	0.068	0.387	-0.016	0.451	-0.073	-0.031	-0.212	0.783	"2"
"对垒"	0	0	2	0	0	0.073	0.709	0.309	0.136	0.774	-0.032	-0.38	1.622	-0.061	-0.425	2.52	"3"
"对应"	0	0	0	0	1	0.036	0.354	0.154	0.068	0.387	-0.016	-0.19	-0.073	-0.031	0.412	0.722	"5"
"对手"	0	0	3	0	0	0.109	1.063	0.463	0.204	1.161	-0.048	-0.57	2.434	-0.092	-0.637	3.781	"3"
"对称"	0	1	0	0	0	0.036	0.354	0.154	0.068	0.387	-0.016	0.451	-0.073	-0.031	-0.212	0.783	"2"
"对话"	0	1	0	0	0	0.036	0.354	0.154	0.068	0.387	-0.016	0.451	-0.073	-0.031	-0.212	0.783	"2"
"小将"	0	0	0	0	1	0.036	0.354	0.154	0.068	0.387	-0.016	-0.19	-0.073	-0.031	0.412	0.722	"5"
"小时"	0	2	0	0	0	0.073	0.709	0.309	0.136	0.774	-0.032	0.901	-0.146	-0.061	-0.425	1.565	"2"
"小看"	0	1	0	0	0	0.036	0.354	0.154	0.068	0.387	-0.016	0.451	-0.073	-0.031	-0.212	0.783	"2"
"尔西"	0	0	1	0	0	0.036	0.354	0.154	0.068	0.387	-0.016	-0.19	0.811	-0.031	-0.212	1.26	"3"
"尤其"	0	0	1	0	0	0.036	0.354	0.154	0.068	0.387	-0.016	-0.19	0.811	-0.031	-0.212	1.26	"3"
"就业"	0	0	0	0	3	0.109	1.063	0.463	0.204	1.161	-0.048	-0.57	-0.219	-0.092	1.237	2.166	"5"
"尺寸"	0	1	0	0	0	0.036	0.354	0.154	0.068	0.387	-0.016	0.451	-0.073	-0.031	-0.212	0.783	"2"
"尼斯湖"	0	0	1	0	0	0.036	0.354	0.154	0.068	0.387	-0.016	-0.19	0.811	-0.031	-0.212	1.26	"3"
"尽"	0	0	0	0	2	0.073	0.709	0.309	0.136	0.774	-0.032	-0.38	-0.146	-0.061	0.825	1.444	"5"
"尽管"	0	1	0	0	0	0.036	0.354	0.154	0.068	0.387	-0.016	0.451	-0.073	-0.031	-0.212	0.783	"2"
"展现"	0	0	0	0	1	0.036	0.354	0.154	0.068	0.387	-0.016	-0.19	-0.073	-0.031	0.412	0.722	"5"
"展示"	0	0	2	0	0	0.073	0.709	0.309	0.136	0.774	-0.032	-0.38	1.622	-0.061	-0.425	2.52	"3"
"岗"	0	1	0	0	0	0.036	0.354	0.154	0.068	0.387	-0.016	0.451	-0.073	-0.031	-0.212	0.783	"2"
"巡逻"	0	0	0	0	1	0.036	0.354	0.154	0.068	0.387	-0.016	-0.19	-0.073	-0.031	0.412	0.722	"5"
"工作"	0	3	0	0	2	0.182	1.771	0.772	0.34	1.934	-0.08	0.616	-0.364	-0.153	0.194	1.407	"2"
"工艺"	0	0	0	1	0	0.036	0.354	0.154	0.068	0.387	-0.016	-0.19	-0.073	1.167	-0.212	1.658	"4"
"巨头"	0	0	0	0	1	0.036	0.354	0.154	0.068	0.387	-0.016	-0.19	-0.073	-0.031	0.412	0.722	"5"
"巩固"	0	0	0	0	1	0.036	0.354	0.154	0.068	0.387	-0.016	-0.19	-0.073	-0.031	0.412	0.722	"5"
"差"	0	0	5	0	0	0.182	1.771	0.772	0.34	1.934	-0.08	-0.95	4.056	-0.153	-1.062	6.301	"3"
"差距"	0	0	2	0	0	0.073	0.709	0.309	0.136	0.774	-0.032	-0.38	1.622	-0.061	-0.425	2.52	"3"
"己"	0	1	0	0	0	0.036	0.354	0.154	0.068	0.387	-0.016	0.451	-0.073	-0.031	-0.212	0.783	"2"
"巴斯提"	0	1	0	0	0	0.036	0.354	0.154	0.068	0.387	-0.016	0.451	-0.073	-0.031	-0.212	0.783	"2"
"帐面"	0	1	0	0	0	0.036	0.354	0.154	0.068	0.387	-0.016	0.451	-0.073	-0.031	-0.212	0.783	"2"
"带领"	0	1	0	0	0	0.036	0.354	0.154	0.068	0.387	-0.016	0.451	-0.073	-0.031	-0.212	0.783	"2"
"席次"	0	1	0	0	0	0.036	0.354	0.154	0.068	0.387	-0.016	0.451	-0.073	-0.031	-0.212	0.783	"2"
"常态"	0	0	0	0	1	0.036	0.354	0.154	0.068	0.387	-0.016	-0.19	-0.073	-0.031	0.412	0.722	"5"
"平平"	0	0	1	0	0	0.036	0.354	0.154	0.068	0.387	-0.016	-0.19	0.811	-0.031	-0.212	1.26	"3"
"平昌"	0	3	0	0	0	0.109	1.063	0.463	0.204	1.161	-0.048	1.352	-0.219	-0.092	-0.637	2.348	"2"
"平衡"	0	0	0	0	2	0.073	0.709	0.309	0.136	0.774	-0.032	-0.38	-0.146	-0.061	0.825	1.444	"5"
"平静"	1	0	0	0	0	0.036	0.354	0.154	0.068	0.387	1.439	-0.19	-0.073	-0.031	-0.212	1.945	"1"
"年"	0	0	0	2	0	0.073	0.709	0.309	0.136	0.774	-0.032	-0.38	-0.146	2.335	-0.425	3.318	"4"
"年轻"	0	0	1	0	0	0.036	0.354	0.154	0.068	0.387	-0.016	-0.19	0.811	-0.031	-0.212	1.26	"3"
"应付"	0	1	0	0	3	0.145	1.417	0.618	0.272	1.547	-0.064	-0.255	-0.291	-0.122	0.784	1.516	"5"
"应对"	1	0	2	0	3	0.218	2.126	0.927	0.408	2.321	0.7	-1.14	0.631	-0.184	0.368	3.023	"2"
"应急"	0	0	0	0	1	0.036	0.354	0.154	0.068	0.387	-0.016	-0.19	-0.073	-0.031	0.412	0.722	"5"
"应用"	0	0	1	0	0	0.036	0.354	0.154	0.068	0.387	-0.016	-0.19	0.811	-0.031	-0.212	1.26	"3"
"底"	0	1	0	0	0	0.036	0.354	0.154	0.068	0.387	-0.016	0.451	-0.073	-0.031	-0.212	0.783	"2"
"庞大"	0	0	1	0	0	0.036	0.354	0.154	0.068	0.387	-0.016	-0.19	0.811	-0.031	-0.212	1.26	"3"
"废料"	0	0	0	0	1	0.036	0.354	0.154	0.068	0.387	-0.016	-0.19	-0.073	-0.031	0.412	0.722	"5"
"康复"	1	0	0	0	0	0.036	0.354	0.154	0.068	0.387	1.439	-0.19	-0.073	-0.031	-0.212	1.945	"1"
"廖正豪"	0	1	0	0	0	0.036	0.354	0.154	0.068	0.387	-0.016	0.451	-0.073	-0.031	-0.212	0.783	"2"
"建树"	0	0	1	0	0	0.036	0.354	0.154	0.068	0.387	-0.016	-0.19	0.811	-0.031	-0.212	1.26	"3"
"建设"	0	0	0	1	1	0.073	0.709	0.309	0.136	0.774	-0.032	-0.38	-0.146	0.881	0.205	1.644	"4"
"开动"	0	0	0	1	0	0.036	0.354	0.154	0.068	0.387	-0.016	-0.19	-0.073	1.167	-0.212	1.658	"4"
"开发"	0	0	2	1	3	0.218	2.126	0.927	0.408	2.321	-0.097	-1.14	0.631	0.463	0.368	2.699	"2"
"张开"	0	1	0	0	0	0.036	0.354	0.154	0.068	0.387	-0.016	0.451	-0.073	-0.031	-0.212	0.783	"2"
"弱"	0	0	7	0	0	0.255	2.48	1.081	0.476	2.708	-0.113	-1.33	5.678	-0.214	-1.487	8.822	"3"
"弹劾"	0	1	0	0	0	0.036	0.354	0.154	0.068	0.387	-0.016	0.451	-0.073	-0.031	-0.212	0.783	"2"
"强"	0	0	17	0	2	0.691	6.731	2.935	1.292	7.35	-0.306	-3.609	11.694	-0.581	-2.128	18.318	"3"
"强劲"	0	0	1	0	0	0.036	0.354	0.154	0.068	0.387	-0.016	-0.19	0.811	-0.031	-0.212	1.26	"3"
"强化"	0	0	0	0	2	0.073	0.709	0.309	0.136	0.774	-0.032	-0.38	-0.146	-0.061	0.825	1.444	"5"
"强大"	0	0	9	1	0	0.364	3.543	1.545	0.68	3.869	-0.161	-1.9	6.366	0.296	-2.124	10.847	"3"
"当今"	0	0	1	0	0	0.036	0.354	0.154	0.068	0.387	-0.016	-0.19	0.811	-0.031	-0.212	1.26	"3"
"当选"	0	1	0	0	0	0.036	0.354	0.154	0.068	0.387	-0.016	0.451	-0.073	-0.031	-0.212	0.783	"2"
"形成日"	0	0	0	1	0	0.036	0.354	0.154	0.068	0.387	-0.016	-0.19	-0.073	1.167	-0.212	1.658	"4"
"彩砖"	0	1	0	0	0	0.036	0.354	0.154	0.068	0.387	-0.016	0.451	-0.073	-0.031	-0.212	0.783	"2"
"影响力"	0	0	1	0	0	0.036	0.354	0.154	0.068	0.387	-0.016	-0.19	0.811	-0.031	-0.212	1.26	"3"
"彻底"	1	0	0	0	1	0.073	0.709	0.309	0.136	0.774	1.146	-0.38	-0.146	-0.061	0.205	1.938	"1"
"征才"	0	0	0	0	1	0.036	0.354	0.154	0.068	0.387	-0.016	-0.19	-0.073	-0.031	0.412	0.722	"5"
"很"	0	2	2	0	0	0.145	1.417	0.618	0.272	1.547	-0.064	0.352	0.938	-0.122	-0.85	2.326	"3"
"得"	0	4	0	0	0	0.145	1.417	0.618	0.272	1.547	-0.064	1.803	-0.291	-0.122	-0.85	3.13	"2"
"得到"	0	7	0	0	0	0.255	2.48	1.081	0.476	2.708	-0.113	3.155	-0.51	-0.214	-1.487	5.479	"2"
"得来"	0	1	0	0	0	0.036	0.354	0.154	0.068	0.387	-0.016	0.451	-0.073	-0.031	-0.212	0.783	"2"
"微处理器"	0	2	0	0	0	0.073	0.709	0.309	0.136	0.774	-0.032	0.901	-0.146	-0.061	-0.425	1.565	"2"
"德国队"	0	0	2	0	0	0.073	0.709	0.309	0.136	0.774	-0.032	-0.38	1.622	-0.061	-0.425	2.52	"3"
"心智"	0	0	0	0	1	0.036	0.354	0.154	0.068	0.387	-0.016	-0.19	-0.073	-0.031	0.412	0.722	"5"
"心理"	0	0	0	0	1	0.036	0.354	0.154	0.068	0.387	-0.016	-0.19	-0.073	-0.031	0.412	0.722	"5"
"必须"	0	16	0	0	1	0.618	6.023	2.626	1.156	6.577	-0.274	6.156	-1.239	-0.52	-2.542	10.731	"2"
"忠于"	0	0	0	0	1	0.036	0.354	0.154	0.068	0.387	-0.016	-0.19	-0.073	-0.031	0.412	0.722	"5"
"快速"	0	0	1	0	1	0.073	0.709	0.309	0.136	0.774	-0.032	-0.38	0.545	-0.061	0.205	1.223	"3"
"念"	0	0	0	0	1	0.036	0.354	0.154	0.068	0.387	-0.016	-0.19	-0.073	-0.031	0.412	0.722	"5"
"忽视"	0	1	0	0	0	0.036	0.354	0.154	0.068	0.387	-0.016	0.451	-0.073	-0.031	-0.212	0.783	"2"
"怀疑"	0	1	0	0	0	0.036	0.354	0.154	0.068	0.387	-0.016	0.451	-0.073	-0.031	-0.212	0.783	"2"
"怎么样"	0	0	0	0	1	0.036	0.354	0.154	0.068	0.387	-0.016	-0.19	-0.073	-0.031	0.412	0.722	"5"
"怎样"	0	1	0	0	0	0.036	0.354	0.154	0.068	0.387	-0.016	0.451	-0.073	-0.031	-0.212	0.783	"2"
"思维"	0	0	0	0	2	0.073	0.709	0.309	0.136	0.774	-0.032	-0.38	-0.146	-0.061	0.825	1.444	"5"
"思考"	0	2	0	1	3	0.218	2.126	0.927	0.408	2.321	-0.097	-0.195	-0.437	0.463	0.368	1.56	"4"
"急需"	0	1	0	0	1	0.073	0.709	0.309	0.136	0.774	-0.032	0.234	-0.146	-0.061	0.205	0.678	"2"
"性能"	0	0	0	0	2	0.073	0.709	0.309	0.136	0.774	-0.032	-0.38	-0.146	-0.061	0.825	1.444	"5"
"总体"	0	0	1	0	0	0.036	0.354	0.154	0.068	0.387	-0.016	-0.19	0.811	-0.031	-0.212	1.26	"3"
"总算"	0	1	0	0	0	0.036	0.354	0.154	0.068	0.387	-0.016	0.451	-0.073	-0.031	-0.212	0.783	"2"
"恐怖"	0	2	0	0	0	0.073	0.709	0.309	0.136	0.774	-0.032	0.901	-0.146	-0.061	-0.425	1.565	"2"
"恢复"	0	2	0	0	1	0.109	1.063	0.463	0.204	1.161	-0.048	0.541	-0.219	-0.092	-0.176	1.076	"2"
"恢复到"	0	0	0	1	0	0.036	0.354	0.154	0.068	0.387	-0.016	-0.19	-0.073	1.167	-0.212	1.658	"4"
"恭维"	0	1	0	0	0	0.036	0.354	0.154	0.068	0.387	-0.016	0.451	-0.073	-0.031	-0.212	0.783	"2"
"恶意"	0	1	0	0	0	0.036	0.354	0.154	0.068	0.387	-0.016	0.451	-0.073	-0.031	-0.212	0.783	"2"
"恺撒"	0	0	0	0	1	0.036	0.354	0.154	0.068	0.387	-0.016	-0.19	-0.073	-0.031	0.412	0.722	"5"
"悉数"	0	0	0	0	1	0.036	0.354	0.154	0.068	0.387	-0.016	-0.19	-0.073	-0.031	0.412	0.722	"5"
"惊人"	0	1	1	0	0	0.073	0.709	0.309	0.136	0.774	-0.032	0.234	0.545	-0.061	-0.425	1.297	"3"
"惠誉"	0	1	0	0	0	0.036	0.354	0.154	0.068	0.387	-0.016	0.451	-0.073	-0.031	-0.212	0.783	"2"
"意识"	0	0	2	0	1	0.109	1.063	0.463	0.204	1.161	-0.048	-0.57	1.192	-0.092	-0.176	2.078	"3"
"感受到"	0	1	0	0	0	0.036	0.354	0.154	0.068	0.387	-0.016	0.451	-0.073	-0.031	-0.212	0.783	"2"
"感知"	0	1	0	0	0	0.036	0.354	0.154	0.068	0.387	-0.016	0.451	-0.073	-0.031	-0.212	0.783	"2"
"懂得"	1	0	0	0	0	0.036	0.354	0.154	0.068	0.387	1.439	-0.19	-0.073	-0.031	-0.212	1.945	"1"
"成熟"	0	0	0	0	1	0.036	0.354	0.154	0.068	0.387	-0.016	-0.19	-0.073	-0.031	0.412	0.722	"5"
"成长"	1	0	0	0	0	0.036	0.354	0.154	0.068	0.387	1.439	-0.19	-0.073	-0.031	-0.212	1.945	"1"
"我"	0	1	0	0	0	0.036	0.354	0.154	0.068	0.387	-0.016	0.451	-0.073	-0.031	-0.212	0.783	"2"
"我国"	0	0	0	0	2	0.073	0.709	0.309	0.136	0.774	-0.032	-0.38	-0.146	-0.061	0.825	1.444	"5"
"战力"	0	0	0	0	1	0.036	0.354	0.154	0.068	0.387	-0.016	-0.19	-0.073	-0.031	0.412	0.722	"5"
"战场"	0	0	0	0	1	0.036	0.354	0.154	0.068	0.387	-0.016	-0.19	-0.073	-0.031	0.412	0.722	"5"
"战斗"	0	0	1	0	1	0.073	0.709	0.309	0.136	0.774	-0.032	-0.38	0.545	-0.061	0.205	1.223	"3"
"战斗力"	0	0	0	0	1	0.036	0.354	0.154	0.068	0.387	-0.016	-0.19	-0.073	-0.031	0.412	0.722	"5"
"战斗机"	0	0	0	1	0	0.036	0.354	0.154	0.068	0.387	-0.016	-0.19	-0.073	1.167	-0.212	1.658	"4"
"战术"	0	0	0	0	1	0.036	0.354	0.154	0.068	0.387	-0.016	-0.19	-0.073	-0.031	0.412	0.722	"5"
"战机"	0	0	0	0	1	0.036	0.354	0.154	0.068	0.387	-0.016	-0.19	-0.073	-0.031	0.412	0.722	"5"
"所以"	0	3	1	0	0	0.145	1.417	0.618	0.272	1.547	-0.064	0.884	0.311	-0.122	-0.85	2.231	"2"
"所及"	0	1	0	0	0	0.036	0.354	0.154	0.068	0.387	-0.016	0.451	-0.073	-0.031	-0.212	0.783	"2"
"才能"	0	9	0	0	0	0.327	3.188	1.39	0.612	3.482	-0.145	4.056	-0.656	-0.275	-1.912	7.044	"2"
"打击"	0	0	0	0	1	0.036	0.354	0.154	0.068	0.387	-0.016	-0.19	-0.073	-0.031	0.412	0.722	"5"
"打开"	0	1	0	0	0	0.036	0.354	0.154	0.068	0.387	-0.016	0.451	-0.073	-0.031	-0.212	0.783	"2"
"执政"	0	0	0	0	1	0.036	0.354	0.154	0.068	0.387	-0.016	-0.19	-0.073	-0.031	0.412	0.722	"5"
"扩充"	0	1	0	0	0	0.036	0.354	0.154	0.068	0.387	-0.016	0.451	-0.073	-0.031	-0.212	0.783	"2"
"扩大"	0	0	0	0	1	0.036	0.354	0.154	0.068	0.387	-0.016	-0.19	-0.073	-0.031	0.412	0.722	"5"
"批"	0	0	1	0	0	0.036	0.354	0.154	0.068	0.387	-0.016	-0.19	0.811	-0.031	-0.212	1.26	"3"
"批准"	0	4	0	0	0	0.145	1.417	0.618	0.272	1.547	-0.064	1.803	-0.291	-0.122	-0.85	3.13	"2"
"找到"	0	1	0	0	0	0.036	0.354	0.154	0.068	0.387	-0.016	0.451	-0.073	-0.031	-0.212	0.783	"2"
"承受"	0	0	0	0	2	0.073	0.709	0.309	0.136	0.774	-0.032	-0.38	-0.146	-0.061	0.825	1.444	"5"
"技"	0	0	0	0	1	0.036	0.354	0.154	0.068	0.387	-0.016	-0.19	-0.073	-0.031	0.412	0.722	"5"
"技术"	0	0	1	2	5	0.291	2.834	1.236	0.544	3.095	-0.129	-1.52	-0.192	1.007	0.812	3.66	"2"
"技能"	0	0	0	0	2	0.073	0.709	0.309	0.136	0.774	-0.032	-0.38	-0.146	-0.061	0.825	1.444	"5"
"把握"	0	0	1	0	0	0.036	0.354	0.154	0.068	0.387	-0.016	-0.19	0.811	-0.031	-0.212	1.26	"3"
"抑制"	0	0	0	0	1	0.036	0.354	0.154	0.068	0.387	-0.016	-0.19	-0.073	-0.031	0.412	0.722	"5"
"抑郁症"	0	2	0	0	0	0.073	0.709	0.309	0.136	0.774	-0.032	0.901	-0.146	-0.061	-0.425	1.565	"2"
"投入"	0	1	0	0	0	0.036	0.354	0.154	0.068	0.387	-0.016	0.451	-0.073	-0.031	-0.212	0.783	"2"
"投票"	0	2	0	0	0	0.073	0.709	0.309	0.136	0.774	-0.032	0.901	-0.146	-0.061	-0.425	1.565	"2"
"抗"	0	0	1	0	5	0.218	2.126	0.927	0.408	2.321	-0.097	-1.14	0.198	-0.184	1.453	3.072	"5"
"抗御"	0	0	0	0	1	0.036	0.354	0.154	0.068	0.387	-0.016	-0.19	-0.073	-0.031	0.412	0.722	"5"
"抗灾"	0	0	0	0	1	0.036	0.354	0.154	0.068	0.387	-0.016	-0.19	-0.073	-0.031	0.412	0.722	"5"
"抚养"	0	1	0	0	0	0.036	0.354	0.154	0.068	0.387	-0.016	0.451	-0.073	-0.031	-0.212	0.783	"2"
"报告出来"	0	1	0	0	0	0.036	0.354	0.154	0.068	0.387	-0.016	0.451	-0.073	-0.031	-0.212	0.783	"2"
"抬回来"	0	1	0	0	0	0.036	0.354	0.154	0.068	0.387	-0.016	0.451	-0.073	-0.031	-0.212	0.783	"2"
"抵债"	0	0	0	1	0	0.036	0.354	0.154	0.068	0.387	-0.016	-0.19	-0.073	1.167	-0.212	1.658	"4"
"抵御"	0	0	0	0	1	0.036	0.354	0.154	0.068	0.387	-0.016	-0.19	-0.073	-0.031	0.412	0.722	"5"
"抽"	0	1	0	0	0	0.036	0.354	0.154	0.068	0.387	-0.016	0.451	-0.073	-0.031	-0.212	0.783	"2"
"抽完"	0	1	0	0	0	0.036	0.354	0.154	0.068	0.387	-0.016	0.451	-0.073	-0.031	-0.212	0.783	"2"
"抽签"	0	0	1	0	0	0.036	0.354	0.154	0.068	0.387	-0.016	-0.19	0.811	-0.031	-0.212	1.26	"3"
"担当"	0	0	0	0	1	0.036	0.354	0.154	0.068	0.387	-0.016	-0.19	-0.073	-0.031	0.412	0.722	"5"
"招兵买马"	0	0	0	0	1	0.036	0.354	0.154	0.068	0.387	-0.016	-0.19	-0.073	-0.031	0.412	0.722	"5"
"拜仁队"	0	0	1	0	0	0.036	0.354	0.154	0.068	0.387	-0.016	-0.19	0.811	-0.031	-0.212	1.26	"3"
"拥抱"	0	1	0	0	0	0.036	0.354	0.154	0.068	0.387	-0.016	0.451	-0.073	-0.031	-0.212	0.783	"2"
"拥有"	0	0	0	0	6	0.218	2.126	0.927	0.408	2.321	-0.097	-1.14	-0.437	-0.184	2.475	4.333	"5"
"拯救"	0	1	0	0	0	0.036	0.354	0.154	0.068	0.387	-0.016	0.451	-0.073	-0.031	-0.212	0.783	"2"
"持盈保泰"	0	1	0	0	0	0.036	0.354	0.154	0.068	0.387	-0.016	0.451	-0.073	-0.031	-0.212	0.783	"2"
"指挥"	0	0	0	0	1	0.036	0.354	0.154	0.068	0.387	-0.016	-0.19	-0.073	-0.031	0.412	0.722	"5"
"指派"	0	1	0	0	0	0.036	0.354	0.154	0.068	0.387	-0.016	0.451	-0.073	-0.031	-0.212	0.783	"2"
"挥"	0	1	0	0	1	0.073	0.709	0.309	0.136	0.774	-0.032	0.234	-0.146	-0.061	0.205	0.678	"2"
"挥出"	0	0	0	0	1	0.036	0.354	0.154	0.068	0.387	-0.016	-0.19	-0.073	-0.031	0.412	0.722	"5"
"挺胸"	0	1	0	0	0	0.036	0.354	0.154	0.068	0.387	-0.016	0.451	-0.073	-0.031	-0.212	0.783	"2"
"挽救股"	0	0	0	0	1	0.036	0.354	0.154	0.068	0.387	-0.016	-0.19	-0.073	-0.031	0.412	0.722	"5"
"授权"	0	1	0	0	0	0.036	0.354	0.154	0.068	0.387	-0.016	0.451	-0.073	-0.031	-0.212	0.783	"2"
"掌握"	0	1	1	0	3	0.182	1.771	0.772	0.34	1.934	-0.08	-0.377	0.246	-0.153	0.53	1.386	"5"
"接入"	0	0	0	0	2	0.073	0.709	0.309	0.136	0.774	-0.032	-0.38	-0.146	-0.061	0.825	1.444	"5"
"接待"	0	0	0	0	1	0.036	0.354	0.154	0.068	0.387	-0.016	-0.19	-0.073	-0.031	0.412	0.722	"5"
"接近"	0	0	1	0	0	0.036	0.354	0.154	0.068	0.387	-0.016	-0.19	0.811	-0.031	-0.212	1.26	"3"
"控制"	0	0	1	0	0	0.036	0.354	0.154	0.068	0.387	-0.016	-0.19	0.811	-0.031	-0.212	1.26	"3"
"措举"	0	0	0	0	1	0.036	0.354	0.154	0.068	0.387	-0.016	-0.19	-0.073	-0.031	0.412	0.722	"5"
"提"	0	1	0	0	0	0.036	0.354	0.154	0.068	0.387	-0.016	0.451	-0.073	-0.031	-0.212	0.783	"2"
"提升"	0	0	0	0	7	0.255	2.48	1.081	0.476	2.708	-0.113	-1.33	-0.51	-0.214	2.887	5.054	"5"
"提昇"	0	0	0	0	1	0.036	0.354	0.154	0.068	0.387	-0.016	-0.19	-0.073	-0.031	0.412	0.722	"5"
"提高"	0	0	0	2	22	0.873	8.503	3.707	1.632	9.285	-0.386	-4.559	-1.749	0.307	7.034	14.035	"5"
"提高到"	0	0	0	2	0	0.073	0.709	0.309	0.136	0.774	-0.032	-0.38	-0.146	2.335	-0.425	3.318	"4"
"搜救"	0	0	0	0	1	0.036	0.354	0.154	0.068	0.387	-0.016	-0.19	-0.073	-0.031	0.412	0.722	"5"
"摆脱"	0	1	0	0	0	0.036	0.354	0.154	0.068	0.387	-0.016	0.451	-0.073	-0.031	-0.212	0.783	"2"
"播映"	0	1	0	0	0	0.036	0.354	0.154	0.068	0.387	-0.016	0.451	-0.073	-0.031	-0.212	0.783	"2"
"操控"	0	2	0	0	0	0.073	0.709	0.309	0.136	0.774	-0.032	0.901	-0.146	-0.061	-0.425	1.565	"2"
"擢升"	0	0	0	0	1	0.036	0.354	0.154	0.068	0.387	-0.016	-0.19	-0.073	-0.031	0.412	0.722	"5"
"攀上"	0	1	0	0	0	0.036	0.354	0.154	0.068	0.387	-0.016	0.451	-0.073	-0.031	-0.212	0.783	"2"
"支"	0	0	1	0	0	0.036	0.354	0.154	0.068	0.387	-0.016	-0.19	0.811	-0.031	-0.212	1.26	"3"
"支撑"	0	1	0	0	0	0.036	0.354	0.154	0.068	0.387	-0.016	0.451	-0.073	-0.031	-0.212	0.783	"2"
"改变"	0	0	0	0	1	0.036	0.354	0.154	0.068	0.387	-0.016	-0.19	-0.073	-0.031	0.412	0.722	"5"
"改善"	0	0	0	0	1	0.036	0.354	0.154	0.068	0.387	-0.016	-0.19	-0.073	-0.031	0.412	0.722	"5"
"改进"	0	0	0	0	1	0.036	0.354	0.154	0.068	0.387	-0.016	-0.19	-0.073	-0.031	0.412	0.722	"5"
"攻击"	0	0	1	0	1	0.073	0.709	0.309	0.136	0.774	-0.032	-0.38	0.545	-0.061	0.205	1.223	"3"
"放大"	0	0	0	0	1	0.036	0.354	0.154	0.068	0.387	-0.016	-0.19	-0.073	-0.031	0.412	0.722	"5"
"政绩"	0	1	0	0	0	0.036	0.354	0.154	0.068	0.387	-0.016	0.451	-0.073	-0.031	-0.212	0.783	"2"
"政院"	0	0	0	0	1	0.036	0.354	0.154	0.068	0.387	-0.016	-0.19	-0.073	-0.031	0.412	0.722	"5"
"效"	0	1	0	0	1	0.073	0.709	0.309	0.136	0.774	-0.032	0.234	-0.146	-0.061	0.205	0.678	"2"
"效果"	0	1	0	0	0	0.036	0.354	0.154	0.068	0.387	-0.016	0.451	-0.073	-0.031	-0.212	0.783	"2"
"救"	0	1	0	0	0	0.036	0.354	0.154	0.068	0.387	-0.016	0.451	-0.073	-0.031	-0.212	0.783	"2"
"救助"	0	0	0	0	2	0.073	0.709	0.309	0.136	0.774	-0.032	-0.38	-0.146	-0.061	0.825	1.444	"5"
"救治"	0	0	0	0	1	0.036	0.354	0.154	0.068	0.387	-0.016	-0.19	-0.073	-0.031	0.412	0.722	"5"
"救灾"	0	1	0	0	1	0.073	0.709	0.309	0.136	0.774	-0.032	0.234	-0.146	-0.061	0.205	0.678	"2"
"教务处"	0	0	0	0	1	0.036	0.354	0.154	0.068	0.387	-0.016	-0.19	-0.073	-0.031	0.412	0.722	"5"
"教学"	0	0	0	0	1	0.036	0.354	0.154	0.068	0.387	-0.016	-0.19	-0.073	-0.031	0.412	0.722	"5"
"教师"	0	0	0	0	2	0.073	0.709	0.309	0.136	0.774	-0.032	-0.38	-0.146	-0.061	0.825	1.444	"5"
"敬佩"	0	0	0	0	1	0.036	0.354	0.154	0.068	0.387	-0.016	-0.19	-0.073	-0.031	0.412	0.722	"5"
"数学"	0	0	0	0	2	0.073	0.709	0.309	0.136	0.774	-0.032	-0.38	-0.146	-0.061	0.825	1.444	"5"
"整"	0	0	1	0	0	0.036	0.354	0.154	0.068	0.387	-0.016	-0.19	0.811	-0.031	-0.212	1.26	"3"
"整体"	0	1	1	0	7	0.327	3.188	1.39	0.612	3.482	-0.145	-0.936	-0.234	-0.275	1.688	3.278	"5"
"整合"	0	0	0	0	1	0.036	0.354	0.154	0.068	0.387	-0.016	-0.19	-0.073	-0.031	0.412	0.722	"5"
"整合性"	0	0	0	0	1	0.036	0.354	0.154	0.068	0.387	-0.016	-0.19	-0.073	-0.031	0.412	0.722	"5"
"整理好"	0	1	0	0	0	0.036	0.354	0.154	0.068	0.387	-0.016	0.451	-0.073	-0.031	-0.212	0.783	"2"
"文凭"	0	1	0	0	0	0.036	0.354	0.154	0.068	0.387	-0.016	0.451	-0.073	-0.031	-0.212	0.783	"2"
"斗志"	0	0	1	0	0	0.036	0.354	0.154	0.068	0.387	-0.016	-0.19	0.811	-0.031	-0.212	1.26	"3"
"斯土斯民"	0	1	0	0	0	0.036	0.354	0.154	0.068	0.387	-0.016	0.451	-0.073	-0.031	-0.212	0.783	"2"
"新交所"	0	0	0	0	1	0.036	0.354	0.154	0.068	0.387	-0.016	-0.19	-0.073	-0.031	0.412	0.722	"5"
"新党党"	0	1	0	0	0	0.036	0.354	0.154	0.068	0.387	-0.016	0.451	-0.073	-0.031	-0.212	0.783	"2"
"新品"	0	0	0	0	1	0.036	0.354	0.154	0.068	0.387	-0.016	-0.19	-0.073	-0.031	0.412	0.722	"5"
"无"	0	0	0	0	5	0.182	1.771	0.772	0.34	1.934	-0.08	-0.95	-0.364	-0.153	2.062	3.609	"5"
"无依"	0	1	0	0	0	0.036	0.354	0.154	0.068	0.387	-0.016	0.451	-0.073	-0.031	-0.212	0.783	"2"
"无恙"	0	1	0	0	0	0.036	0.354	0.154	0.068	0.387	-0.016	0.451	-0.073	-0.031	-0.212	0.783	"2"
"无线台"	0	1	0	0	0	0.036	0.354	0.154	0.068	0.387	-0.016	0.451	-0.073	-0.031	-0.212	0.783	"2"
"无虞"	0	1	0	0	0	0.036	0.354	0.154	0.068	0.387	-0.016	0.451	-0.073	-0.031	-0.212	0.783	"2"
"无谋"	0	1	0	0	0	0.036	0.354	0.154	0.068	0.387	-0.016	0.451	-0.073	-0.031	-0.212	0.783	"2"
"既有"	0	0	0	0	1	0.036	0.354	0.154	0.068	0.387	-0.016	-0.19	-0.073	-0.031	0.412	0.722	"5"
"日后"	0	1	0	0	0	0.036	0.354	0.154	0.068	0.387	-0.016	0.451	-0.073	-0.031	-0.212	0.783	"2"
"日本队"	0	0	1	0	0	0.036	0.354	0.154	0.068	0.387	-0.016	-0.19	0.811	-0.031	-0.212	1.26	"3"
"日深"	0	0	0	0	1	0.036	0.354	0.154	0.068	0.387	-0.016	-0.19	-0.073	-0.031	0.412	0.722	"5"
"旦"	0	0	0	0	1	0.036	0.354	0.154	0.068	0.387	-0.016	-0.19	-0.073	-0.031	0.412	0.722	"5"
"时候"	0	1	0	0	0	0.036	0.354	0.154	0.068	0.387	-0.016	0.451	-0.073	-0.031	-0.212	0.783	"2"
"时间"	0	4	0	0	0	0.145	1.417	0.618	0.272	1.547	-0.064	1.803	-0.291	-0.122	-0.85	3.13	"2"
"昂首"	0	1	0	0	0	0.036	0.354	0.154	0.068	0.387	-0.016	0.451	-0.073	-0.031	-0.212	0.783	"2"
"明显"	0	0	1	1	3	0.182	1.771	0.772	0.34	1.934	-0.08	-0.95	0.246	0.527	0.53	2.333	"2"
"星期"	0	0	1	0	0	0.036	0.354	0.154	0.068	0.387	-0.016	-0.19	0.811	-0.031	-0.212	1.26	"3"
"是否"	0	1	0	0	0	0.036	0.354	0.154	0.068	0.387	-0.016	0.451	-0.073	-0.031	-0.212	0.783	"2"
"显示"	0	1	0	0	0	0.036	0.354	0.154	0.068	0.387	-0.016	0.451	-0.073	-0.031	-0.212	0.783	"2"
"显示出"	0	0	1	0	0	0.036	0.354	0.154	0.068	0.387	-0.016	-0.19	0.811	-0.031	-0.212	1.26	"3"
"显著"	0	0	0	0	1	0.036	0.354	0.154	0.068	0.387	-0.016	-0.19	-0.073	-0.031	0.412	0.722	"5"
"智冠"	0	0	0	0	1	0.036	0.354	0.154	0.068	0.387	-0.016	-0.19	-0.073	-0.031	0.412	0.722	"5"
"智力"	0	0	0	0	1	0.036	0.354	0.154	0.068	0.387	-0.016	-0.19	-0.073	-0.031	0.412	0.722	"5"
"更"	0	8	0	0	2	0.364	3.543	1.545	0.68	3.869	-0.161	2.279	-0.729	-0.306	-0.723	4.198	"2"
"更多"	2	2	0	0	0	0.145	1.417	0.618	0.272	1.547	2.122	0.352	-0.291	-0.122	-0.85	3.737	"1"
"最终"	0	0	1	0	0	0.036	0.354	0.154	0.068	0.387	-0.016	-0.19	0.811	-0.031	-0.212	1.26	"3"
"有"	0	32	8	2	36	2.837	27.633	12.048	5.306	30.176	-1.255	0.746	-0.884	-1.03	0.964	4.879	"1"
"有待"	0	0	0	0	1	0.036	0.354	0.154	0.068	0.387	-0.016	-0.19	-0.073	-0.031	0.412	0.722	"5"
"有所"	0	0	0	0	2	0.073	0.709	0.309	0.136	0.774	-0.032	-0.38	-0.146	-0.061	0.825	1.444	"5"
"有效"	0	1	0	0	1	0.073	0.709	0.309	0.136	0.774	-0.032	0.234	-0.146	-0.061	0.205	0.678	"2"
"有用"	0	1	0	0	0	0.036	0.354	0.154	0.068	0.387	-0.016	0.451	-0.073	-0.031	-0.212	0.783	"2"
"有病"	0	2	0	0	0	0.073	0.709	0.309	0.136	0.774	-0.032	0.901	-0.146	-0.061	-0.425	1.565	"2"
"朝会"	0	1	0	0	0	0.036	0.354	0.154	0.068	0.387	-0.016	0.451	-0.073	-0.031	-0.212	0.783	"2"
"未必"	0	2	0	0	0	0.073	0.709	0.309	0.136	0.774	-0.032	0.901	-0.146	-0.061	-0.425	1.565	"2"
"朱铉"	0	0	1	0	0	0.036	0.354	0.154	0.068	0.387	-0.016	-0.19	0.811	-0.031	-0.212	1.26	"3"
"朴次茅斯"	0	0	2	0	0	0.073	0.709	0.309	0.136	0.774	-0.032	-0.38	1.622	-0.061	-0.425	2.52	"3"
"机理人"	0	0	0	0	1	0.036	0.354	0.154	0.068	0.387	-0.016	-0.19	-0.073	-0.031	0.412	0.722	"5"
"材"	0	1	0	0	0	0.036	0.354	0.154	0.068	0.387	-0.016	0.451	-0.073	-0.031	-0.212	0.783	"2"
"条件"	0	0	0	0	1	0.036	0.354	0.154	0.068	0.387	-0.016	-0.19	-0.073	-0.031	0.412	0.722	"5"
"来"	0	1	0	0	0	0.036	0.354	0.154	0.068	0.387	-0.016	0.451	-0.073	-0.031	-0.212	0.783	"2"
"杯弓蛇影"	0	1	0	0	0	0.036	0.354	0.154	0.068	0.387	-0.016	0.451	-0.073	-0.031	-0.212	0.783	"2"
"林木"	0	0	0	0	1	0.036	0.354	0.154	0.068	0.387	-0.016	-0.19	-0.073	-0.031	0.412	0.722	"5"
"查明"	0	1	0	0	0	0.036	0.354	0.154	0.068	0.387	-0.016	0.451	-0.073	-0.031	-0.212	0.783	"2"
"查缉"	0	0	0	0	1	0.036	0.354	0.154	0.068	0.387	-0.016	-0.19	-0.073	-0.031	0.412	0.722	"5"
"查证"	0	1	0	0	0	0.036	0.354	0.154	0.068	0.387	-0.016	0.451	-0.073	-0.031	-0.212	0.783	"2"
"查验"	0	1	0	0	0	0.036	0.354	0.154	0.068	0.387	-0.016	0.451	-0.073	-0.031	-0.212	0.783	"2"
"柯"	0	0	1	0	0	0.036	0.354	0.154	0.068	0.387	-0.016	-0.19	0.811	-0.031	-0.212	1.26	"3"
"树"	0	1	0	0	0	0.036	0.354	0.154	0.068	0.387	-0.016	0.451	-0.073	-0.031	-0.212	0.783	"2"
"样"	0	1	0	0	0	0.036	0.354	0.154	0.068	0.387	-0.016	0.451	-0.073	-0.031	-0.212	0.783	"2"
"根源"	1	0	0	0	0	0.036	0.354	0.154	0.068	0.387	1.439	-0.19	-0.073	-0.031	-0.212	1.945	"1"
"框架"	0	1	0	0	0	0.036	0.354	0.154	0.068	0.387	-0.016	0.451	-0.073	-0.031	-0.212	0.783	"2"
"案情"	0	1	0	0	0	0.036	0.354	0.154	0.068	0.387	-0.016	0.451	-0.073	-0.031	-0.212	0.783	"2"
"桑德兰"	0	0	1	0	0	0.036	0.354	0.154	0.068	0.387	-0.016	-0.19	0.811	-0.031	-0.212	1.26	"3"
"桶"	0	0	0	1	0	0.036	0.354	0.154	0.068	0.387	-0.016	-0.19	-0.073	1.167	-0.212	1.658	"4"
"梅儿碧"	0	2	0	0	0	0.073	0.709	0.309	0.136	0.774	-0.032	0.901	-0.146	-0.061	-0.425	1.565	"2"
"检定"	0	1	0	0	0	0.036	0.354	0.154	0.068	0.387	-0.016	0.451	-0.073	-0.031	-0.212	0.783	"2"
"检测"	0	0	0	0	1	0.036	0.354	0.154	0.068	0.387	-0.016	-0.19	-0.073	-0.031	0.412	0.722	"5"
"检验"	1	0	0	0	0	0.036	0.354	0.154	0.068	0.387	1.439	-0.19	-0.073	-0.031	-0.212	1.945	"1"
"棋手"	0	1	0	0	0	0.036	0.354	0.154	0.068	0.387	-0.016	0.451	-0.073	-0.031	-0.212	0.783	"2"
"楚"	0	1	0	0	0	0.036	0.354	0.154	0.068	0.387	-0.016	0.451	-0.073	-0.031	-0.212	0.783	"2"
"欠缺"	0	0	0	0	1	0.036	0.354	0.154	0.068	0.387	-0.016	-0.19	-0.073	-0.031	0.412	0.722	"5"
"欠账"	0	1	0	0	0	0.036	0.354	0.154	0.068	0.387	-0.016	0.451	-0.073	-0.031	-0.212	0.783	"2"
"歌唱"	0	1	0	0	0	0.036	0.354	0.154	0.068	0.387	-0.016	0.451	-0.073	-0.031	-0.212	0.783	"2"
"正常"	0	0	0	0	2	0.073	0.709	0.309	0.136	0.774	-0.032	-0.38	-0.146	-0.061	0.825	1.444	"5"
"正式"	0	2	0	0	0	0.073	0.709	0.309	0.136	0.774	-0.032	0.901	-0.146	-0.061	-0.425	1.565	"2"
"正果"	0	1	0	0	0	0.036	0.354	0.154	0.068	0.387	-0.016	0.451	-0.073	-0.031	-0.212	0.783	"2"
"武力"	1	0	0	0	0	0.036	0.354	0.154	0.068	0.387	1.439	-0.19	-0.073	-0.031	-0.212	1.945	"1"
"死因"	0	1	0	0	0	0.036	0.354	0.154	0.068	0.387	-0.016	0.451	-0.073	-0.031	-0.212	0.783	"2"
"残奥会"	0	0	1	0	0	0.036	0.354	0.154	0.068	0.387	-0.016	-0.19	0.811	-0.031	-0.212	1.26	"3"
"母语"	0	0	0	0	2	0.073	0.709	0.309	0.136	0.774	-0.032	-0.38	-0.146	-0.061	0.825	1.444	"5"
"比坎尼奇"	0	1	0	0	0	0.036	0.354	0.154	0.068	0.387	-0.016	0.451	-0.073	-0.031	-0.212	0.783	"2"
"比美"	0	0	0	0	1	0.036	0.354	0.154	0.068	0.387	-0.016	-0.19	-0.073	-0.031	0.412	0.722	"5"
"比赛"	0	0	8	0	0	0.291	2.834	1.236	0.544	3.095	-0.129	-1.52	6.489	-0.245	-1.7	10.083	"3"
"民事"	0	0	0	0	1	0.036	0.354	0.154	0.068	0.387	-0.016	-0.19	-0.073	-0.031	0.412	0.722	"5"
"民心"	0	0	0	0	1	0.036	0.354	0.154	0.068	0.387	-0.016	-0.19	-0.073	-0.031	0.412	0.722	"5"
"民怨"	0	0	0	0	1	0.036	0.354	0.154	0.068	0.387	-0.016	-0.19	-0.073	-0.031	0.412	0.722	"5"
"氧化"	0	0	0	0	1	0.036	0.354	0.154	0.068	0.387	-0.016	-0.19	-0.073	-0.031	0.412	0.722	"5"
"氧气"	0	1	0	0	0	0.036	0.354	0.154	0.068	0.387	-0.016	0.451	-0.073	-0.031	-0.212	0.783	"2"
"水平"	0	2	2	3	5	0.436	4.251	1.854	0.816	4.642	-0.193	-0.841	0.241	1.361	0.281	2.917	"4"
"水电"	0	0	0	0	1	0.036	0.354	0.154	0.068	0.387	-0.016	-0.19	-0.073	-0.031	0.412	0.722	"5"
"汉中"	0	0	1	0	0	0.036	0.354	0.154	0.068	0.387	-0.016	-0.19	0.811	-0.031	-0.212	1.26	"3"
"污水"	0	0	0	2	0	0.073	0.709	0.309	0.136	0.774	-0.032	-0.38	-0.146	2.335	-0.425	3.318	"4"
"没"	0	0	0	0	3	0.109	1.063	0.463	0.204	1.161	-0.048	-0.57	-0.219	-0.092	1.237	2.166	"5"
"没有"	0	2	1	0	1	0.145	1.417	0.618	0.272	1.547	-0.064	0.352	0.311	-0.122	-0.303	1.152	"2"
"河北队"	0	0	1	0	0	0.036	0.354	0.154	0.068	0.387	-0.016	-0.19	0.811	-0.031	-0.212	1.26	"3"
"治国"	0	0	0	0	2	0.073	0.709	0.309	0.136	0.774	-0.032	-0.38	-0.146	-0.061	0.825	1.444	"5"
"治安"	0	0	0	0	1	0.036	0.354	0.154	0.068	0.387	-0.016	-0.19	-0.073	-0.031	0.412	0.722	"5"
"治理"	0	0	0	1	0	0.036	0.354	0.154	0.068	0.387	-0.016	-0.19	-0.073	1.167	-0.212	1.658	"4"
"法治"	0	0	0	0	1	0.036	0.354	0.154	0.068	0.387	-0.016	-0.19	-0.073	-0.031	0.412	0.722	"5"
"法源"	0	1	0	0	0	0.036	0.354	0.154	0.068	0.387	-0.016	0.451	-0.073	-0.031	-0.212	0.783	"2"
"法罗"	0	0	1	0	0	0.036	0.354	0.154	0.068	0.387	-0.016	-0.19	0.811	-0.031	-0.212	1.26	"3"
"注册"	0	1	0	0	0	0.036	0.354	0.154	0.068	0.387	-0.016	0.451	-0.073	-0.031	-0.212	0.783	"2"
"注重"	0	0	0	0	1	0.036	0.354	0.154	0.068	0.387	-0.016	-0.19	-0.073	-0.031	0.412	0.722	"5"
"泰国队"	0	1	0	0	0	0.036	0.354	0.154	0.068	0.387	-0.016	0.451	-0.073	-0.031	-0.212	0.783	"2"
"洪"	0	0	0	0	1	0.036	0.354	0.154	0.068	0.387	-0.016	-0.19	-0.073	-0.031	0.412	0.722	"5"
"洪婉婷"	0	0	0	0	1	0.036	0.354	0.154	0.068	0.387	-0.016	-0.19	-0.073	-0.031	0.412	0.722	"5"
"洪水"	0	0	0	0	1	0.036	0.354	0.154	0.068	0.387	-0.016	-0.19	-0.073	-0.031	0.412	0.722	"5"
"活力"	0	1	0	0	0	0.036	0.354	0.154	0.068	0.387	-0.016	0.451	-0.073	-0.031	-0.212	0.783	"2"
"测验"	0	0	0	0	2	0.073	0.709	0.309	0.136	0.774	-0.032	-0.38	-0.146	-0.061	0.825	1.444	"5"
"浮现"	0	1	0	0	0	0.036	0.354	0.154	0.068	0.387	-0.016	0.451	-0.073	-0.031	-0.212	0.783	"2"
"海巡署"	0	0	0	0	1	0.036	0.354	0.154	0.068	0.387	-0.016	-0.19	-0.073	-0.031	0.412	0.722	"5"
"海边"	0	1	0	0	0	0.036	0.354	0.154	0.068	0.387	-0.016	0.451	-0.073	-0.031	-0.212	0.783	"2"
"消减"	0	1	0	0	0	0.036	0.354	0.154	0.068	0.387	-0.016	0.451	-0.073	-0.031	-0.212	0.783	"2"
"消化"	0	1	0	0	1	0.073	0.709	0.309	0.136	0.774	-0.032	0.234	-0.146	-0.061	0.205	0.678	"2"
"消费"	0	1	1	0	0	0.073	0.709	0.309	0.136	0.774	-0.032	0.234	0.545	-0.061	-0.425	1.297	"3"
"消长"	0	0	0	0	1	0.036	0.354	0.154	0.068	0.387	-0.016	-0.19	-0.073	-0.031	0.412	0.722	"5"
"消防"	0	0	0	0	1	0.036	0.354	0.154	0.068	0.387	-0.016	-0.19	-0.073	-0.031	0.412	0.722	"5"
"消除"	2	0	0	0	1	0.109	1.063	0.463	0.204	1.161	2.412	-0.57	-0.219	-0.092	-0.176	3.469	"1"
"涨潮"	0	1	0	0	0	0.036	0.354	0.154	0.068	0.387	-0.016	0.451	-0.073	-0.031	-0.212	0.783	"2"
"淇河"	0	0	0	0	1	0.036	0.354	0.154	0.068	0.387	-0.016	-0.19	-0.073	-0.031	0.412	0.722	"5"
"淘汰"	0	0	0	3	0	0.109	1.063	0.463	0.204	1.161	-0.048	-0.57	-0.219	3.502	-0.637	4.976	"4"
"深信"	0	1	0	0	0	0.036	0.354	0.154	0.068	0.387	-0.016	0.451	-0.073	-0.031	-0.212	0.783	"2"
"清还"	0	1	0	0	0	0.036	0.354	0.154	0.068	0.387	-0.016	0.451	-0.073	-0.031	-0.212	0.783	"2"
"温登"	0	1	0	0	0	0.036	0.354	0.154	0.068	0.387	-0.016	0.451	-0.073	-0.031	-0.212	0.783	"2"
"湖人队"	0	0	1	0	0	0.036	0.354	0.154	0.068	0.387	-0.016	-0.19	0.811	-0.031	-0.212	1.26	"3"
"湖北队"	0	0	1	0	0	0.036	0.354	0.154	0.068	0.387	-0.016	-0.19	0.811	-0.031	-0.212	1.26	"3"
"源头处"	0	0	0	0	1	0.036	0.354	0.154	0.068	0.387	-0.016	-0.19	-0.073	-0.031	0.412	0.722	"5"
"滑坡"	0	0	0	0	1	0.036	0.354	0.154	0.068	0.387	-0.016	-0.19	-0.073	-0.031	0.412	0.722	"5"
"滞"	0	0	0	0	1	0.036	0.354	0.154	0.068	0.387	-0.016	-0.19	-0.073	-0.031	0.412	0.722	"5"
"演兵"	0	0	0	0	1	0.036	0.354	0.154	0.068	0.387	-0.016	-0.19	-0.073	-0.031	0.412	0.722	"5"
"潜能"	0	1	0	0	3	0.145	1.417	0.618	0.272	1.547	-0.064	-0.255	-0.291	-0.122	0.784	1.516	"5"
"潮流"	0	1	0	0	0	0.036	0.354	0.154	0.068	0.387	-0.016	0.451	-0.073	-0.031	-0.212	0.783	"2"
"激烈"	0	0	0	0	1	0.036	0.354	0.154	0.068	0.387	-0.016	-0.19	-0.073	-0.031	0.412	0.722	"5"
"灾"	0	0	1	0	0	0.036	0.354	0.154	0.068	0.387	-0.016	-0.19	0.811	-0.031	-0.212	1.26	"3"
"灾害"	0	0	0	0	2	0.073	0.709	0.309	0.136	0.774	-0.032	-0.38	-0.146	-0.061	0.825	1.444	"5"
"烯"	0	0	0	1	0	0.036	0.354	0.154	0.068	0.387	-0.016	-0.19	-0.073	1.167	-0.212	1.658	"4"
"然后"	0	2	0	0	0	0.073	0.709	0.309	0.136	0.774	-0.032	0.901	-0.146	-0.061	-0.425	1.565	"2"
"照顾"	0	1	0	0	2	0.109	1.063	0.463	0.204	1.161	-0.048	-0.147	-0.219	-0.092	0.477	0.983	"5"
"版位"	0	1	0	0	0	0.036	0.354	0.154	0.068	0.387	-0.016	0.451	-0.073	-0.031	-0.212	0.783	"2"
"牙瘤"	0	1	0	0	0	0.036	0.354	0.154	0.068	0.387	-0.016	0.451	-0.073	-0.031	-0.212	0.783	"2"
"牴触部"	0	1	0	0	0	0.036	0.354	0.154	0.068	0.387	-0.016	0.451	-0.073	-0.031	-0.212	0.783	"2"
"特质"	0	0	0	0	1	0.036	0.354	0.154	0.068	0.387	-0.016	-0.19	-0.073	-0.031	0.412	0.722	"5"
"犀利"	0	1	0	0	0	0.036	0.354	0.154	0.068	0.387	-0.016	0.451	-0.073	-0.031	-0.212	0.783	"2"
"独"	0	1	0	0	0	0.036	0.354	0.154	0.068	0.387	-0.016	0.451	-0.073	-0.031	-0.212	0.783	"2"
"独立"	0	2	0	0	1	0.109	1.063	0.463	0.204	1.161	-0.048	0.541	-0.219	-0.092	-0.176	1.076	"2"
"狼队"	0	0	1	0	0	0.036	0.354	0.154	0.068	0.387	-0.016	-0.19	0.811	-0.031	-0.212	1.26	"3"
"现有"	0	0	0	1	0	0.036	0.354	0.154	0.068	0.387	-0.016	-0.19	-0.073	1.167	-0.212	1.658	"4"
"球会"	0	0	1	0	0	0.036	0.354	0.154	0.068	0.387	-0.016	-0.19	0.811	-0.031	-0.212	1.26	"3"
"球员"	0	1	1	0	0	0.073	0.709	0.309	0.136	0.774	-0.032	0.234	0.545	-0.061	-0.425	1.297	"3"
"球星"	0	1	0	0	0	0.036	0.354	0.154	0.068	0.387	-0.016	0.451	-0.073	-0.031	-0.212	0.783	"2"
"球赛"	0	0	1	0	0	0.036	0.354	0.154	0.068	0.387	-0.016	-0.19	0.811	-0.031	-0.212	1.26	"3"
"球迷"	0	0	1	0	0	0.036	0.354	0.154	0.068	0.387	-0.016	-0.19	0.811	-0.031	-0.212	1.26	"3"
"球速"	0	1	0	0	0	0.036	0.354	0.154	0.068	0.387	-0.016	0.451	-0.073	-0.031	-0.212	0.783	"2"
"球队"	0	0	3	0	0	0.109	1.063	0.463	0.204	1.161	-0.048	-0.57	2.434	-0.092	-0.637	3.781	"3"
"理解"	0	1	0	0	0	0.036	0.354	0.154	0.068	0.387	-0.016	0.451	-0.073	-0.031	-0.212	0.783	"2"
"瓦"	0	0	0	1	0	0.036	0.354	0.154	0.068	0.387	-0.016	-0.19	-0.073	1.167	-0.212	1.658	"4"
"甘家凤"	0	0	0	0	1	0.036	0.354	0.154	0.068	0.387	-0.016	-0.19	-0.073	-0.031	0.412	0.722	"5"
"生产"	0	0	0	22	0	0.8	7.794	3.398	1.496	8.511	-0.354	-4.179	-1.603	25.682	-4.674	36.492	"4"
"生产厂"	0	0	0	0	1	0.036	0.354	0.154	0.068	0.387	-0.016	-0.19	-0.073	-0.031	0.412	0.722	"5"
"生产线"	0	0	0	2	0	0.073	0.709	0.309	0.136	0.774	-0.032	-0.38	-0.146	2.335	-0.425	3.318	"4"
"生出"	0	1	0	0	0	0.036	0.354	0.154	0.068	0.387	-0.016	0.451	-0.073	-0.031	-0.212	0.783	"2"
"生存"	0	4	1	0	0	0.182	1.771	0.772	0.34	1.934	-0.08	1.248	0.246	-0.153	-1.062	2.789	"2"
"生殖"	0	1	0	0	0	0.036	0.354	0.154	0.068	0.387	-0.016	0.451	-0.073	-0.031	-0.212	0.783	"2"
"生育"	0	0	0	0	1	0.036	0.354	0.154	0.068	0.387	-0.016	-0.19	-0.073	-0.031	0.412	0.722	"5"
"生计"	0	1	0	0	0	0.036	0.354	0.154	0.068	0.387	-0.016	0.451	-0.073	-0.031	-0.212	0.783	"2"
"生长"	0	1	0	0	0	0.036	0.354	0.154	0.068	0.387	-0.016	0.451	-0.073	-0.031	-0.212	0.783	"2"
"由于"	0	1	2	0	1	0.145	1.417	0.618	0.272	1.547	-0.064	-0.255	0.938	-0.122	-0.303	1.682	"3"
"申请"	0	2	0	0	0	0.073	0.709	0.309	0.136	0.774	-0.032	0.901	-0.146	-0.061	-0.425	1.565	"2"
"电信总局"	0	0	0	0	1	0.036	0.354	0.154	0.068	0.387	-0.016	-0.19	-0.073	-0.031	0.412	0.722	"5"
"电子业"	0	0	0	0	1	0.036	0.354	0.154	0.068	0.387	-0.016	-0.19	-0.073	-0.031	0.412	0.722	"5"
"电网"	0	0	0	0	1	0.036	0.354	0.154	0.068	0.387	-0.016	-0.19	-0.073	-0.031	0.412	0.722	"5"
"画册"	0	0	0	0	1	0.036	0.354	0.154	0.068	0.387	-0.016	-0.19	-0.073	-0.031	0.412	0.722	"5"
"画院"	0	0	0	0	2	0.073	0.709	0.309	0.136	0.774	-0.032	-0.38	-0.146	-0.061	0.825	1.444	"5"
"疗效"	0	1	0	0	0	0.036	0.354	0.154	0.068	0.387	-0.016	0.451	-0.073	-0.031	-0.212	0.783	"2"
"疾病"	0	0	0	0	2	0.073	0.709	0.309	0.136	0.774	-0.032	-0.38	-0.146	-0.061	0.825	1.444	"5"
"病"	0	0	0	0	1	0.036	0.354	0.154	0.068	0.387	-0.016	-0.19	-0.073	-0.031	0.412	0.722	"5"
"登台"	0	1	0	0	0	0.036	0.354	0.154	0.068	0.387	-0.016	0.451	-0.073	-0.031	-0.212	0.783	"2"
"白莉莉"	0	0	1	0	0	0.036	0.354	0.154	0.068	0.387	-0.016	-0.19	0.811	-0.031	-0.212	1.26	"3"
"百分之十三"	0	1	0	0	0	0.036	0.354	0.154	0.068	0.387	-0.016	0.451	-0.073	-0.031	-0.212	0.783	"2"
"的确"	0	0	1	0	0	0.036	0.354	0.154	0.068	0.387	-0.016	-0.19	0.811	-0.031	-0.212	1.26	"3"
"盈利"	0	1	0	0	1	0.073	0.709	0.309	0.136	0.774	-0.032	0.234	-0.146	-0.061	0.205	0.678	"2"
"监管"	0	0	0	0	1	0.036	0.354	0.154	0.068	0.387	-0.016	-0.19	-0.073	-0.031	0.412	0.722	"5"
"相"	0	1	0	0	0	0.036	0.354	0.154	0.068	0.387	-0.016	0.451	-0.073	-0.031	-0.212	0.783	"2"
"相信"	0	1	0	0	1	0.073	0.709	0.309	0.136	0.774	-0.032	0.234	-0.146	-0.061	0.205	0.678	"2"
"相处"	0	0	0	0	1	0.036	0.354	0.154	0.068	0.387	-0.016	-0.19	-0.073	-0.031	0.412	0.722	"5"
"相当"	0	0	1	0	0	0.036	0.354	0.154	0.068	0.387	-0.016	-0.19	0.811	-0.031	-0.212	1.26	"3"
"相适"	0	0	0	0	1	0.036	0.354	0.154	0.068	0.387	-0.016	-0.19	-0.073	-0.031	0.412	0.722	"5"
"省部级单"	0	1	0	0	0	0.036	0.354	0.154	0.068	0.387	-0.016	0.451	-0.073	-0.031	-0.212	0.783	"2"
"看"	0	0	4	0	1	0.182	1.771	0.772	0.34	1.934	-0.08	-0.95	2.603	-0.153	-0.444	4.23	"3"
"看重"	0	0	0	0	1	0.036	0.354	0.154	0.068	0.387	-0.016	-0.19	-0.073	-0.031	0.412	0.722	"5"
"真"	1	0	0	0	0	0.036	0.354	0.154	0.068	0.387	1.439	-0.19	-0.073	-0.031	-0.212	1.945	"1"
"真切"	0	1	0	0	0	0.036	0.354	0.154	0.068	0.387	-0.016	0.451	-0.073	-0.031	-0.212	0.783	"2"
"真正"	0	2	0	0	1	0.109	1.063	0.463	0.204	1.161	-0.048	0.541	-0.219	-0.092	-0.176	1.076	"2"
"真相"	0	1	0	0	0	0.036	0.354	0.154	0.068	0.387	-0.016	0.451	-0.073	-0.031	-0.212	0.783	"2"
"知识"	0	0	0	0	3	0.109	1.063	0.463	0.204	1.161	-0.048	-0.57	-0.219	-0.092	1.237	2.166	"5"
"短路"	0	0	0	0	1	0.036	0.354	0.154	0.068	0.387	-0.016	-0.19	-0.073	-0.031	0.412	0.722	"5"
"矿井"	0	0	0	1	0	0.036	0.354	0.154	0.068	0.387	-0.016	-0.19	-0.073	1.167	-0.212	1.658	"4"
"研制"	0	1	0	0	0	0.036	0.354	0.154	0.068	0.387	-0.016	0.451	-0.073	-0.031	-0.212	0.783	"2"
"研发"	0	0	0	1	4	0.182	1.771	0.772	0.34	1.934	-0.08	-0.95	-0.364	0.527	1.112	3.033	"5"
"确"	0	0	0	0	1	0.036	0.354	0.154	0.068	0.387	-0.016	-0.19	-0.073	-0.031	0.412	0.722	"5"
"确保"	0	2	0	0	1	0.109	1.063	0.463	0.204	1.161	-0.048	0.541	-0.219	-0.092	-0.176	1.076	"2"
"确定"	1	4	0	0	0	0.182	1.771	0.772	0.34	1.934	0.772	1.248	-0.364	-0.153	-1.062	3.599	"2"
"确实"	0	2	0	0	0	0.073	0.709	0.309	0.136	0.774	-0.032	0.901	-0.146	-0.061	-0.425	1.565	"2"
"确认"	0	1	0	0	0	0.036	0.354	0.154	0.068	0.387	-0.016	0.451	-0.073	-0.031	-0.212	0.783	"2"
"礼包"	0	1	0	0	0	0.036	0.354	0.154	0.068	0.387	-0.016	0.451	-0.073	-0.031	-0.212	0.783	"2"
"社交"	0	0	0	0	1	0.036	0.354	0.154	0.068	0.387	-0.016	-0.19	-0.073	-0.031	0.412	0.722	"5"
"社会主义"	0	1	0	0	0	0.036	0.354	0.154	0.068	0.387	-0.016	0.451	-0.073	-0.031	-0.212	0.783	"2"
"票数"	0	1	0	0	0	0.036	0.354	0.154	0.068	0.387	-0.016	0.451	-0.073	-0.031	-0.212	0.783	"2"
"福利金"	0	1	0	0	0	0.036	0.354	0.154	0.068	0.387	-0.016	0.451	-0.073	-0.031	-0.212	0.783	"2"
"种子园"	0	0	0	0	1	0.036	0.354	0.154	0.068	0.387	-0.016	-0.19	-0.073	-0.031	0.412	0.722	"5"
"科技"	0	0	2	0	5	0.255	2.48	1.081	0.476	2.708	-0.113	-1.33	0.529	-0.214	1.075	3.261	"2"
"科研"	0	0	0	0	2	0.073	0.709	0.309	0.136	0.774	-0.032	-0.38	-0.146	-0.061	0.825	1.444	"5"
"科系"	0	0	0	0	1	0.036	0.354	0.154	0.068	0.387	-0.016	-0.19	-0.073	-0.031	0.412	0.722	"5"
"秩序"	0	0	0	0	2	0.073	0.709	0.309	0.136	0.774	-0.032	-0.38	-0.146	-0.061	0.825	1.444	"5"
"积累"	0	1	0	0	0	0.036	0.354	0.154	0.068	0.387	-0.016	0.451	-0.073	-0.031	-0.212	0.783	"2"
"程序"	0	1	0	0	1	0.073	0.709	0.309	0.136	0.774	-0.032	0.234	-0.146	-0.061	0.205	0.678	"2"
"稳健"	0	1	0	0	0	0.036	0.354	0.154	0.068	0.387	-0.016	0.451	-0.073	-0.031	-0.212	0.783	"2"
"稳定"	0	0	0	0	3	0.109	1.063	0.463	0.204	1.161	-0.048	-0.57	-0.219	-0.092	1.237	2.166	"5"
"稳定性"	1	0	0	0	0	0.036	0.354	0.154	0.068	0.387	1.439	-0.19	-0.073	-0.031	-0.212	1.945	"1"
"空中"	0	0	0	0	3	0.109	1.063	0.463	0.204	1.161	-0.048	-0.57	-0.219	-0.092	1.237	2.166	"5"
"空军"	0	0	0	0	1	0.036	0.354	0.154	0.068	0.387	-0.016	-0.19	-0.073	-0.031	0.412	0.722	"5"
"空前"	0	0	0	0	1	0.036	0.354	0.154	0.068	0.387	-0.016	-0.19	-0.073	-0.031	0.412	0.722	"5"
"突发"	0	0	0	0	1	0.036	0.354	0.154	0.068	0.387	-0.016	-0.19	-0.073	-0.031	0.412	0.722	"5"
"立法"	0	0	0	0	1	0.036	0.354	0.154	0.068	0.387	-0.016	-0.19	-0.073	-0.031	0.412	0.722	"5"
"竞争"	0	0	1	0	9	0.364	3.543	1.545	0.68	3.869	-0.161	-1.9	-0.277	-0.306	2.898	5.542	"5"
"竞技"	0	0	1	0	0	0.036	0.354	0.154	0.068	0.387	-0.016	-0.19	0.811	-0.031	-0.212	1.26	"3"
"笈"	0	1	0	0	0	0.036	0.354	0.154	0.068	0.387	-0.016	0.451	-0.073	-0.031	-0.212	0.783	"2"
"符合"	0	3	0	0	0	0.109	1.063	0.463	0.204	1.161	-0.048	1.352	-0.219	-0.092	-0.637	2.348	"2"
"等"	0	1	0	0	0	0.036	0.354	0.154	0.068	0.387	-0.016	0.451	-0.073	-0.031	-0.212	0.783	"2"
"等到"	1	1	0	0	0	0.073	0.709	0.309	0.136	0.774	1.146	0.234	-0.146	-0.061	-0.425	2.012	"1"
"等待"	0	1	0	0	0	0.036	0.354	0.154	0.068	0.387	-0.016	0.451	-0.073	-0.031	-0.212	0.783	"2"
"简章"	0	2	0	0	0	0.073	0.709	0.309	0.136	0.774	-0.032	0.901	-0.146	-0.061	-0.425	1.565	"2"
"管理"	0	0	0	0	6	0.218	2.126	0.927	0.408	2.321	-0.097	-1.14	-0.437	-0.184	2.475	4.333	"5"
"篮球队"	0	0	1	0	0	0.036	0.354	0.154	0.068	0.387	-0.016	-0.19	0.811	-0.031	-0.212	1.26	"3"
"粮"	0	0	0	1	0	0.036	0.354	0.154	0.068	0.387	-0.016	-0.19	-0.073	1.167	-0.212	1.658	"4"
"粮食"	0	0	0	3	0	0.109	1.063	0.463	0.204	1.161	-0.048	-0.57	-0.219	3.502	-0.637	4.976	"4"
"精进"	0	0	0	0	1	0.036	0.354	0.154	0.068	0.387	-0.016	-0.19	-0.073	-0.031	0.412	0.722	"5"
"糟蹋"	0	1	0	0	0	0.036	0.354	0.154	0.068	0.387	-0.016	0.451	-0.073	-0.031	-0.212	0.783	"2"
"素养"	0	0	0	0	2	0.073	0.709	0.309	0.136	0.774	-0.032	-0.38	-0.146	-0.061	0.825	1.444	"5"
"素质"	0	0	0	0	2	0.073	0.709	0.309	0.136	0.774	-0.032	-0.38	-0.146	-0.061	0.825	1.444	"5"
"纪德"	0	1	0	0	0	0.036	0.354	0.154	0.068	0.387	-0.016	0.451	-0.073	-0.031	-0.212	0.783	"2"
"纽卡斯尔"	0	0	1	0	0	0.036	0.354	0.154	0.068	0.387	-0.016	-0.19	0.811	-0.031	-0.212	1.26	"3"
"练习"	0	1	0	0	0	0.036	0.354	0.154	0.068	0.387	-0.016	0.451	-0.073	-0.031	-0.212	0.783	"2"
"组织"	0	1	0	0	1	0.073	0.709	0.309	0.136	0.774	-0.032	0.234	-0.146	-0.061	0.205	0.678	"2"
"经济"	0	0	3	0	11	0.509	4.96	2.162	0.952	5.416	-0.225	-2.659	0.431	-0.428	2.543	6.286	"2"
"经济体"	0	1	0	0	0	0.036	0.354	0.154	0.068	0.387	-0.016	0.451	-0.073	-0.031	-0.212	0.783	"2"
"经过"	0	1	0	0	0	0.036	0.354	0.154	0.068	0.387	-0.016	0.451	-0.073	-0.031	-0.212	0.783	"2"
"经验"	0	0	0	0	5	0.182	1.771	0.772	0.34	1.934	-0.08	-0.95	-0.364	-0.153	2.062	3.609	"5"
"结束"	0	1	0	0	0	0.036	0.354	0.154	0.068	0.387	-0.016	0.451	-0.073	-0.031	-0.212	0.783	"2"
"绝对"	0	4	0	0	0	0.145	1.417	0.618	0.272	1.547	-0.064	1.803	-0.291	-0.122	-0.85	3.13	"2"
"统整"	0	0	0	0	1	0.036	0.354	0.154	0.068	0.387	-0.016	-0.19	-0.073	-0.031	0.412	0.722	"5"
"继续"	0	3	0	0	0	0.109	1.063	0.463	0.204	1.161	-0.048	1.352	-0.219	-0.092	-0.637	2.348	"2"
"绰绰有余"	0	0	0	0	1	0.036	0.354	0.154	0.068	0.387	-0.016	-0.19	-0.073	-0.031	0.412	0.722	"5"
"维护"	0	0	0	0	1	0.036	0.354	0.154	0.068	0.387	-0.016	-0.19	-0.073	-0.031	0.412	0.722	"5"
"维持"	0	1	0	0	2	0.109	1.063	0.463	0.204	1.161	-0.048	-0.147	-0.219	-0.092	0.477	0.983	"5"
"综合"	0	0	0	4	2	0.218	2.126	0.927	0.408	2.321	-0.097	-1.14	-0.437	3.542	-0.243	5.459	"4"
"缔造"	1	0	0	0	0	0.036	0.354	0.154	0.068	0.387	1.439	-0.19	-0.073	-0.031	-0.212	1.945	"1"
"缴交"	0	1	0	0	0	0.036	0.354	0.154	0.068	0.387	-0.016	0.451	-0.073	-0.031	-0.212	0.783	"2"
"缸"	0	1	0	0	0	0.036	0.354	0.154	0.068	0.387	-0.016	0.451	-0.073	-0.031	-0.212	0.783	"2"
"缺乏"	0	0	0	0	2	0.073	0.709	0.309	0.136	0.774	-0.032	-0.38	-0.146	-0.061	0.825	1.444	"5"
"缺少"	0	1	0	0	0	0.036	0.354	0.154	0.068	0.387	-0.016	0.451	-0.073	-0.031	-0.212	0.783	"2"
"缺陷"	0	0	1	0	0	0.036	0.354	0.154	0.068	0.387	-0.016	-0.19	0.811	-0.031	-0.212	1.26	"3"
"罗冰生"	0	0	1	0	0	0.036	0.354	0.154	0.068	0.387	-0.016	-0.19	0.811	-0.031	-0.212	1.26	"3"
"罗斯林"	0	0	1	0	0	0.036	0.354	0.154	0.068	0.387	-0.016	-0.19	0.811	-0.031	-0.212	1.26	"3"
"罗马队"	0	1	0	0	0	0.036	0.354	0.154	0.068	0.387	-0.016	0.451	-0.073	-0.031	-0.212	0.783	"2"
"罢免"	0	2	0	0	0	0.073	0.709	0.309	0.136	0.774	-0.032	0.901	-0.146	-0.061	-0.425	1.565	"2"
"美化"	0	1	0	0	0	0.036	0.354	0.154	0.068	0.387	-0.016	0.451	-0.073	-0.031	-0.212	0.783	"2"
"群岛队"	0	0	1	0	0	0.036	0.354	0.154	0.068	0.387	-0.016	-0.19	0.811	-0.031	-0.212	1.26	"3"
"羽坛"	0	0	1	0	0	0.036	0.354	0.154	0.068	0.387	-0.016	-0.19	0.811	-0.031	-0.212	1.26	"3"
"老将"	0	0	1	0	0	0.036	0.354	0.154	0.068	0.387	-0.016	-0.19	0.811	-0.031	-0.212	1.26	"3"
"考"	0	0	1	0	0	0.036	0.354	0.154	0.068	0.387	-0.016	-0.19	0.811	-0.031	-0.212	1.26	"3"
"考试"	0	1	0	0	0	0.036	0.354	0.154	0.068	0.387	-0.016	0.451	-0.073	-0.031	-0.212	0.783	"2"
"职场"	0	0	0	0	2	0.073	0.709	0.309	0.136	0.774	-0.032	-0.38	-0.146	-0.061	0.825	1.444	"5"
"职守"	0	0	0	0	1	0.036	0.354	0.154	0.068	0.387	-0.016	-0.19	-0.073	-0.031	0.412	0.722	"5"
"联合"	0	0	0	0	1	0.036	0.354	0.154	0.068	0.387	-0.016	-0.19	-0.073	-0.031	0.412	0.722	"5"
"联队"	0	0	1	0	0	0.036	0.354	0.154	0.068	0.387	-0.016	-0.19	0.811	-0.031	-0.212	1.26	"3"
"肯定"	0	1	0	0	0	0.036	0.354	0.154	0.068	0.387	-0.016	0.451	-0.073	-0.031	-0.212	0.783	"2"
"背"	0	1	0	0	0	0.036	0.354	0.154	0.068	0.387	-0.016	0.451	-0.073	-0.031	-0.212	0.783	"2"
"胸口"	0	0	0	1	0	0.036	0.354	0.154	0.068	0.387	-0.016	-0.19	-0.073	1.167	-0.212	1.658	"4"
"胸怀"	0	1	0	0	0	0.036	0.354	0.154	0.068	0.387	-0.016	0.451	-0.073	-0.031	-0.212	0.783	"2"
"能"	0	1	0	0	0	0.036	0.354	0.154	0.068	0.387	-0.016	0.451	-0.073	-0.031	-0.212	0.783	"2"
"能力"	0	1	3	1	12	0.618	6.023	2.626	1.156	6.577	-0.274	-2.215	0.3	-0.17	2.109	5.068	"2"
"能耐"	0	1	0	0	0	0.036	0.354	0.154	0.068	0.387	-0.016	0.451	-0.073	-0.031	-0.212	0.783	"2"
"脱贫"	0	1	0	0	0	0.036	0.354	0.154	0.068	0.387	-0.016	0.451	-0.073	-0.031	-0.212	0.783	"2"
"腊"	0	0	0	0	1	0.036	0.354	0.154	0.068	0.387	-0.016	-0.19	-0.073	-0.031	0.412	0.722	"5"
"腐败"	0	0	0	0	1	0.036	0.354	0.154	0.068	0.387	-0.016	-0.19	-0.073	-0.031	0.412	0.722	"5"
"自净"	0	0	1	0	0	0.036	0.354	0.154	0.068	0.387	-0.016	-0.19	0.811	-0.031	-0.212	1.26	"3"
"自嘲"	0	1	0	0	0	0.036	0.354	0.154	0.068	0.387	-0.016	0.451	-0.073	-0.031	-0.212	0.783	"2"
"自圆其说"	0	1	0	0	0	0.036	0.354	0.154	0.068	0.387	-0.016	0.451	-0.073	-0.031	-0.212	0.783	"2"
"自学"	0	0	0	0	1	0.036	0.354	0.154	0.068	0.387	-0.016	-0.19	-0.073	-0.031	0.412	0.722	"5"
"自己"	0	11	1	1	7	0.727	7.085	3.089	1.36	7.737	-0.322	1.238	-0.79	-0.221	-0.334	2.905	"2"
"自已"	0	0	1	0	0	0.036	0.354	0.154	0.068	0.387	-0.016	-0.19	0.811	-0.031	-0.212	1.26	"3"
"自我"	0	0	0	1	3	0.145	1.417	0.618	0.272	1.547	-0.064	-0.76	-0.291	0.61	0.784	2.509	"5"
"自身"	0	0	0	0	1	0.036	0.354	0.154	0.068	0.387	-0.016	-0.19	-0.073	-0.031	0.412	0.722	"5"
"自闭症"	0	0	0	0	1	0.036	0.354	0.154	0.068	0.387	-0.016	-0.19	-0.073	-0.031	0.412	0.722	"5"
"至于"	0	0	0	0	1	0.036	0.354	0.154	0.068	0.387	-0.016	-0.19	-0.073	-0.031	0.412	0.722	"5"
"致富"	0	0	0	0	1	0.036	0.354	0.154	0.068	0.387	-0.016	-0.19	-0.073	-0.031	0.412	0.722	"5"
"舰"	0	1	0	0	0	0.036	0.354	0.154	0.068	0.387	-0.016	0.451	-0.073	-0.031	-0.212	0.783	"2"
"船闸"	0	0	0	2	0	0.073	0.709	0.309	0.136	0.774	-0.032	-0.38	-0.146	2.335	-0.425	3.318	"4"
"良好"	0	1	0	0	2	0.109	1.063	0.463	0.204	1.161	-0.048	-0.147	-0.219	-0.092	0.477	0.983	"5"
"芯片"	0	0	0	0	1	0.036	0.354	0.154	0.068	0.387	-0.016	-0.19	-0.073	-0.031	0.412	0.722	"5"
"花"	0	1	0	0	0	0.036	0.354	0.154	0.068	0.387	-0.016	0.451	-0.073	-0.031	-0.212	0.783	"2"
"苦味"	0	1	0	0	0	0.036	0.354	0.154	0.068	0.387	-0.016	0.451	-0.073	-0.031	-0.212	0.783	"2"
"英华"	0	0	1	0	0	0.036	0.354	0.154	0.068	0.387	-0.016	-0.19	0.811	-0.031	-0.212	1.26	"3"
"英格兰"	0	0	1	0	0	0.036	0.354	0.154	0.068	0.387	-0.016	-0.19	0.811	-0.031	-0.212	1.26	"3"
"英语"	0	0	0	0	1	0.036	0.354	0.154	0.068	0.387	-0.016	-0.19	-0.073	-0.031	0.412	0.722	"5"
"英超"	0	0	1	0	0	0.036	0.354	0.154	0.068	0.387	-0.016	-0.19	0.811	-0.031	-0.212	1.26	"3"
"范围"	0	1	0	0	0	0.036	0.354	0.154	0.068	0.387	-0.016	0.451	-0.073	-0.031	-0.212	0.783	"2"
"范尼"	0	1	0	0	0	0.036	0.354	0.154	0.068	0.387	-0.016	0.451	-0.073	-0.031	-0.212	0.783	"2"
"获利"	0	0	0	0	2	0.073	0.709	0.309	0.136	0.774	-0.032	-0.38	-0.146	-0.061	0.825	1.444	"5"
"获得"	0	4	0	0	0	0.145	1.417	0.618	0.272	1.547	-0.064	1.803	-0.291	-0.122	-0.85	3.13	"2"
"获致"	0	0	0	0	1	0.036	0.354	0.154	0.068	0.387	-0.016	-0.19	-0.073	-0.031	0.412	0.722	"5"
"萌发"	0	1	0	0	0	0.036	0.354	0.154	0.068	0.387	-0.016	0.451	-0.073	-0.031	-0.212	0.783	"2"
"营造"	0	0	0	0	2	0.073	0.709	0.309	0.136	0.774	-0.032	-0.38	-0.146	-0.061	0.825	1.444	"5"
"营销"	0	0	1	0	0	0.036	0.354	0.154	0.068	0.387	-0.016	-0.19	0.811	-0.031	-0.212	1.26	"3"
"落后"	0	0	0	2	1	0.109	1.063	0.463	0.204	1.161	-0.048	-0.57	-0.219	1.878	-0.176	2.891	"4"
"葛妮丝派"	0	1	0	0	0	0.036	0.354	0.154	0.068	0.387	-0.016	0.451	-0.073	-0.031	-0.212	0.783	"2"
"蒐证"	0	0	0	0	1	0.036	0.354	0.154	0.068	0.387	-0.016	-0.19	-0.073	-0.031	0.412	0.722	"5"
"蒜"	0	1	0	0	0	0.036	0.354	0.154	0.068	0.387	-0.016	0.451	-0.073	-0.031	-0.212	0.783	"2"
"蒜农"	0	1	0	0	0	0.036	0.354	0.154	0.068	0.387	-0.016	0.451	-0.073	-0.031	-0.212	0.783	"2"
"蓄洪"	0	0	0	0	1	0.036	0.354	0.154	0.068	0.387	-0.016	-0.19	-0.073	-0.031	0.412	0.722	"5"
"虽然"	0	1	2	0	0	0.109	1.063	0.463	0.204	1.161	-0.048	-0.147	1.192	-0.092	-0.637	2.116	"3"
"融"	0	0	0	0	1	0.036	0.354	0.154	0.068	0.387	-0.016	-0.19	-0.073	-0.031	0.412	0.722	"5"
"融入"	1	1	0	0	0	0.073	0.709	0.309	0.136	0.774	1.146	0.234	-0.146	-0.061	-0.425	2.012	"1"
"血肉"	0	0	0	0	1	0.036	0.354	0.154	0.068	0.387	-0.016	-0.19	-0.073	-0.031	0.412	0.722	"5"
"行"	0	0	0	0	1	0.036	0.354	0.154	0.068	0.387	-0.016	-0.19	-0.073	-0.031	0.412	0.722	"5"
"行不通"	0	1	0	0	0	0.036	0.354	0.154	0.068	0.387	-0.016	0.451	-0.073	-0.031	-0.212	0.783	"2"
"表现出"	0	0	1	0	0	0.036	0.354	0.154	0.068	0.387	-0.016	-0.19	0.811	-0.031	-0.212	1.26	"3"
"袭击"	0	2	1	0	0	0.109	1.063	0.463	0.204	1.161	-0.048	0.541	0.403	-0.092	-0.637	1.721	"5"
"装备"	0	0	0	0	2	0.073	0.709	0.309	0.136	0.774	-0.032	-0.38	-0.146	-0.061	0.825	1.444	"5"
"裕廊"	0	0	1	0	0	0.036	0.354	0.154	0.068	0.387	-0.016	-0.19	0.811	-0.031	-0.212	1.26	"3"
"西亚"	0	0	2	0	0	0.073	0.709	0.309	0.136	0.774	-0.032	-0.38	1.622	-0.061	-0.425	2.52	"3"
"西岸"	0	0	1	0	0	0.036	0.354	0.154	0.068	0.387	-0.016	-0.19	0.811	-0.031	-0.212	1.26	"3"
"要"	0	21	0	0	2	0.837	8.148	3.553	1.564	8.898	-0.37	7.419	-1.676	-0.704	-2.821	12.99	"2"
"见真章"	0	1	0	0	0	0.036	0.354	0.154	0.068	0.387	-0.016	0.451	-0.073	-0.031	-0.212	0.783	"2"
"观念"	0	0	0	0	1	0.036	0.354	0.154	0.068	0.387	-0.016	-0.19	-0.073	-0.031	0.412	0.722	"5"
"规律性"	0	1	0	0	0	0.036	0.354	0.154	0.068	0.387	-0.016	0.451	-0.073	-0.031	-0.212	0.783	"2"
"规画"	0	1	0	0	0	0.036	0.354	0.154	0.068	0.387	-0.016	0.451	-0.073	-0.031	-0.212	0.783	"2"
"视觉"	0	1	0	0	0	0.036	0.354	0.154	0.068	0.387	-0.016	0.451	-0.073	-0.031	-0.212	0.783	"2"
"视障者"	0	1	0	0	0	0.036	0.354	0.154	0.068	0.387	-0.016	0.451	-0.073	-0.031	-0.212	0.783	"2"
"觉"	0	1	0	0	0	0.036	0.354	0.154	0.068	0.387	-0.016	0.451	-0.073	-0.031	-0.212	0.783	"2"
"解"	0	1	0	0	0	0.036	0.354	0.154	0.068	0.387	-0.016	0.451	-0.073	-0.031	-0.212	0.783	"2"
"解决"	2	0	0	0	2	0.145	1.417	0.618	0.272	1.547	2.122	-0.76	-0.291	-0.122	0.299	3.594	"1"
"解冻"	0	1	0	0	0	0.036	0.354	0.154	0.068	0.387	-0.016	0.451	-0.073	-0.031	-0.212	0.783	"2"
"解剖"	0	1	0	0	0	0.036	0.354	0.154	0.068	0.387	-0.016	0.451	-0.073	-0.031	-0.212	0.783	"2"
"解除"	1	1	0	0	0	0.073	0.709	0.309	0.136	0.774	1.146	0.234	-0.146	-0.061	-0.425	2.012	"1"
"订户"	1	0	0	0	0	0.036	0.354	0.154	0.068	0.387	1.439	-0.19	-0.073	-0.031	-0.212	1.945	"1"
"认知"	0	0	0	0	3	0.109	1.063	0.463	0.204	1.161	-0.048	-0.57	-0.219	-0.092	1.237	2.166	"5"
"讨论"	0	1	0	0	1	0.073	0.709	0.309	0.136	0.774	-0.032	0.234	-0.146	-0.061	0.205	0.678	"2"
"让"	1	3	0	0	0	0.145	1.417	0.618	0.272	1.547	0.861	0.884	-0.291	-0.122	-0.85	3.008	"2"
"让出"	0	1	0	0	0	0.036	0.354	0.154	0.068	0.387	-0.016	0.451	-0.073	-0.031	-0.212	0.783	"2"
"训练"	0	0	0	0	2	0.073	0.709	0.309	0.136	0.774	-0.032	-0.38	-0.146	-0.061	0.825	1.444	"5"
"记忆"	0	0	0	0	1	0.036	0.354	0.154	0.068	0.387	-0.016	-0.19	-0.073	-0.031	0.412	0.722	"5"
"许可"	0	2	0	0	0	0.073	0.709	0.309	0.136	0.774	-0.032	0.901	-0.146	-0.061	-0.425	1.565	"2"
"许可证"	0	1	0	0	0	0.036	0.354	0.154	0.068	0.387	-0.016	0.451	-0.073	-0.031	-0.212	0.783	"2"
"许长国"	0	1	0	0	0	0.036	0.354	0.154	0.068	0.387	-0.016	0.451	-0.073	-0.031	-0.212	0.783	"2"
"论"	0	0	0	0	1	0.036	0.354	0.154	0.068	0.387	-0.016	-0.19	-0.073	-0.031	0.412	0.722	"5"
"设计"	0	0	0	1	2	0.109	1.063	0.463	0.204	1.161	-0.048	-0.57	-0.219	0.72	0.477	2.034	"4"
"证书"	0	2	0	0	0	0.073	0.709	0.309	0.136	0.774	-0.032	0.901	-0.146	-0.061	-0.425	1.565	"2"
"证件"	0	1	0	0	0	0.036	0.354	0.154	0.068	0.387	-0.016	0.451	-0.073	-0.031	-0.212	0.783	"2"
"证所"	0	0	0	0	1	0.036	0.354	0.154	0.068	0.387	-0.016	-0.19	-0.073	-0.031	0.412	0.722	"5"
"证明"	0	4	1	0	0	0.182	1.771	0.772	0.34	1.934	-0.08	1.248	0.246	-0.153	-1.062	2.789	"2"
"评估"	0	0	0	0	2	0.073	0.709	0.309	0.136	0.774	-0.032	-0.38	-0.146	-0.061	0.825	1.444	"5"
"评量"	0	0	0	0	1	0.036	0.354	0.154	0.068	0.387	-0.016	-0.19	-0.073	-0.031	0.412	0.722	"5"
"诞生"	0	1	0	0	0	0.036	0.354	0.154	0.068	0.387	-0.016	0.451	-0.073	-0.031	-0.212	0.783	"2"
"说到底"	0	0	0	0	1	0.036	0.354	0.154	0.068	0.387	-0.016	-0.19	-0.073	-0.031	0.412	0.722	"5"
"说文解字"	0	0	0	0	1	0.036	0.354	0.154	0.068	0.387	-0.016	-0.19	-0.073	-0.031	0.412	0.722	"5"
"说服"	1	0	0	0	0	0.036	0.354	0.154	0.068	0.387	1.439	-0.19	-0.073	-0.031	-0.212	1.945	"1"
"请洽"	0	1	0	0	0	0.036	0.354	0.154	0.068	0.387	-0.016	0.451	-0.073	-0.031	-0.212	0.783	"2"
"诺贝尔奖"	0	1	0	0	0	0.036	0.354	0.154	0.068	0.387	-0.016	0.451	-0.073	-0.031	-0.212	0.783	"2"
"调优"	1	0	0	0	0	0.036	0.354	0.154	0.068	0.387	1.439	-0.19	-0.073	-0.031	-0.212	1.945	"1"
"负担"	0	0	0	0	1	0.036	0.354	0.154	0.068	0.387	-0.016	-0.19	-0.073	-0.031	0.412	0.722	"5"
"财务"	0	0	0	0	1	0.036	0.354	0.154	0.068	0.387	-0.016	-0.19	-0.073	-0.031	0.412	0.722	"5"
"败"	0	0	0	0	1	0.036	0.354	0.154	0.068	0.387	-0.016	-0.19	-0.073	-0.031	0.412	0.722	"5"
"质疑"	0	0	0	1	1	0.073	0.709	0.309	0.136	0.774	-0.032	-0.38	-0.146	0.881	0.205	1.644	"4"
"购买"	0	0	0	0	1	0.036	0.354	0.154	0.068	0.387	-0.016	-0.19	-0.073	-0.031	0.412	0.722	"5"
"购买到"	0	1	0	0	0	0.036	0.354	0.154	0.068	0.387	-0.016	0.451	-0.073	-0.031	-0.212	0.783	"2"
"购屋"	0	0	0	0	1	0.036	0.354	0.154	0.068	0.387	-0.016	-0.19	-0.073	-0.031	0.412	0.722	"5"
"贷"	0	0	0	0	1	0.036	0.354	0.154	0.068	0.387	-0.016	-0.19	-0.073	-0.031	0.412	0.722	"5"
"贷款"	0	0	0	0	2	0.073	0.709	0.309	0.136	0.774	-0.032	-0.38	-0.146	-0.061	0.825	1.444	"5"
"资本"	0	0	0	0	2	0.073	0.709	0.309	0.136	0.774	-0.032	-0.38	-0.146	-0.061	0.825	1.444	"5"
"资格"	0	2	0	0	0	0.073	0.709	0.309	0.136	0.774	-0.032	0.901	-0.146	-0.061	-0.425	1.565	"2"
"资源"	0	0	2	0	1	0.109	1.063	0.463	0.204	1.161	-0.048	-0.57	1.192	-0.092	-0.176	2.078	"3"
"资讯"	0	0	0	0	3	0.109	1.063	0.463	0.204	1.161	-0.048	-0.57	-0.219	-0.092	1.237	2.166	"5"
"资金"	0	0	0	0	1	0.036	0.354	0.154	0.068	0.387	-0.016	-0.19	-0.073	-0.031	0.412	0.722	"5"
"赛"	0	0	2	0	0	0.073	0.709	0.309	0.136	0.774	-0.032	-0.38	1.622	-0.061	-0.425	2.52	"3"
"赢"	0	0	2	0	0	0.073	0.709	0.309	0.136	0.774	-0.032	-0.38	1.622	-0.061	-0.425	2.52	"3"
"赢利"	0	0	0	0	1	0.036	0.354	0.154	0.068	0.387	-0.016	-0.19	-0.073	-0.031	0.412	0.722	"5"
"赢得"	0	1	0	0	0	0.036	0.354	0.154	0.068	0.387	-0.016	0.451	-0.073	-0.031	-0.212	0.783	"2"
"走出去"	0	1	0	0	0	0.036	0.354	0.154	0.068	0.387	-0.016	0.451	-0.073	-0.031	-0.212	0.783	"2"
"走好"	0	1	0	0	0	0.036	0.354	0.154	0.068	0.387	-0.016	0.451	-0.073	-0.031	-0.212	0.783	"2"
"赶路"	0	1	0	0	0	0.036	0.354	0.154	0.068	0.387	-0.016	0.451	-0.073	-0.031	-0.212	0.783	"2"
"起来"	0	0	0	0	1	0.036	0.354	0.154	0.068	0.387	-0.016	-0.19	-0.073	-0.031	0.412	0.722	"5"
"超"	0	0	1	0	0	0.036	0.354	0.154	0.068	0.387	-0.016	-0.19	0.811	-0.031	-0.212	1.26	"3"
"超群"	0	0	1	0	0	0.036	0.354	0.154	0.068	0.387	-0.016	-0.19	0.811	-0.031	-0.212	1.26	"3"
"越南队"	0	1	0	0	0	0.036	0.354	0.154	0.068	0.387	-0.016	0.451	-0.073	-0.031	-0.212	0.783	"2"
"越过"	0	1	0	0	0	0.036	0.354	0.154	0.068	0.387	-0.016	0.451	-0.073	-0.031	-0.212	0.783	"2"
"足够"	0	0	0	0	3	0.109	1.063	0.463	0.204	1.161	-0.048	-0.57	-0.219	-0.092	1.237	2.166	"5"
"跨出"	0	1	0	0	0	0.036	0.354	0.154	0.068	0.387	-0.016	0.451	-0.073	-0.031	-0.212	0.783	"2"
"跳跃"	0	0	1	0	0	0.036	0.354	0.154	0.068	0.387	-0.016	-0.19	0.811	-0.031	-0.212	1.26	"3"
"踢"	0	0	1	0	0	0.036	0.354	0.154	0.068	0.387	-0.016	-0.19	0.811	-0.031	-0.212	1.26	"3"
"身体"	0	1	0	0	1	0.073	0.709	0.309	0.136	0.774	-0.032	0.234	-0.146	-0.061	0.205	0.678	"2"
"转播"	0	1	0	0	0	0.036	0.354	0.154	0.068	0.387	-0.016	0.451	-0.073	-0.031	-0.212	0.783	"2"
"软体"	0	1	0	0	0	0.036	0.354	0.154	0.068	0.387	-0.016	0.451	-0.073	-0.031	-0.212	0.783	"2"
"轻取"	0	0	1	0	0	0.036	0.354	0.154	0.068	0.387	-0.016	-0.19	0.811	-0.031	-0.212	1.26	"3"
"轻视"	0	0	0	0	1	0.036	0.354	0.154	0.068	0.387	-0.016	-0.19	-0.073	-0.031	0.412	0.722	"5"
"载流"	0	1	0	0	0	0.036	0.354	0.154	0.068	0.387	-0.016	0.451	-0.073	-0.031	-0.212	0.783	"2"
"较"	0	0	12	1	0	0.473	4.606	2.008	0.884	5.029	-0.209	-2.469	8.687	0.222	-2.762	14.349	"3"
"辈"	0	0	1	0	0	0.036	0.354	0.154	0.068	0.387	-0.016	-0.19	0.811	-0.031	-0.212	1.26	"3"
"输"	0	0	0	0	1	0.036	0.354	0.154	0.068	0.387	-0.016	-0.19	-0.073	-0.031	0.412	0.722	"5"
"输血"	0	1	0	0	0	0.036	0.354	0.154	0.068	0.387	-0.016	0.451	-0.073	-0.031	-0.212	0.783	"2"
"达到"	0	0	0	3	0	0.109	1.063	0.463	0.204	1.161	-0.048	-0.57	-0.219	3.502	-0.637	4.976	"4"
"过剩"	0	0	0	2	0	0.073	0.709	0.309	0.136	0.774	-0.032	-0.38	-0.146	2.335	-0.425	3.318	"4"
"过来"	0	1	0	0	0	0.036	0.354	0.154	0.068	0.387	-0.016	0.451	-0.073	-0.031	-0.212	0.783	"2"
"过滤盒"	0	1	0	0	0	0.036	0.354	0.154	0.068	0.387	-0.016	0.451	-0.073	-0.031	-0.212	0.783	"2"
"迎战"	0	0	1	0	0	0.036	0.354	0.154	0.068	0.387	-0.016	-0.19	0.811	-0.031	-0.212	1.26	"3"
"运作"	0	0	0	0	1	0.036	0.354	0.154	0.068	0.387	-0.016	-0.19	-0.073	-0.031	0.412	0.722	"5"
"运动员"	0	0	1	0	0	0.036	0.354	0.154	0.068	0.387	-0.016	-0.19	0.811	-0.031	-0.212	1.26	"3"
"运气"	0	0	1	0	0	0.036	0.354	0.154	0.068	0.387	-0.016	-0.19	0.811	-0.031	-0.212	1.26	"3"
"运用"	0	0	0	0	1	0.036	0.354	0.154	0.068	0.387	-0.016	-0.19	-0.073	-0.031	0.412	0.722	"5"
"运算"	0	0	0	0	1	0.036	0.354	0.154	0.068	0.387	-0.016	-0.19	-0.073	-0.031	0.412	0.722	"5"
"运行"	0	0	0	0	1	0.036	0.354	0.154	0.068	0.387	-0.016	-0.19	-0.073	-0.031	0.412	0.722	"5"
"近年"	0	0	1	0	0	0.036	0.354	0.154	0.068	0.387	-0.016	-0.19	0.811	-0.031	-0.212	1.26	"3"
"还债"	0	0	0	0	1	0.036	0.354	0.154	0.068	0.387	-0.016	-0.19	-0.073	-0.031	0.412	0.722	"5"
"还是"	0	0	3	0	0	0.109	1.063	0.463	0.204	1.161	-0.048	-0.57	2.434	-0.092	-0.637	3.781	"3"
"还要"	0	1	0	0	0	0.036	0.354	0.154	0.068	0.387	-0.016	0.451	-0.073	-0.031	-0.212	0.783	"2"
"这样"	3	11	0	0	0	0.509	4.96	2.162	0.952	5.416	1.887	2.906	-1.02	-0.428	-2.974	9.215	"5"
"进一步"	0	2	0	0	0	0.073	0.709	0.309	0.136	0.774	-0.032	0.901	-0.146	-0.061	-0.425	1.565	"2"
"进入"	1	1	0	0	0	0.073	0.709	0.309	0.136	0.774	1.146	0.234	-0.146	-0.061	-0.425	2.012	"1"
"进步"	1	0	0	0	1	0.073	0.709	0.309	0.136	0.774	1.146	-0.38	-0.146	-0.061	0.205	1.938	"1"
"进而"	0	0	0	0	1	0.036	0.354	0.154	0.068	0.387	-0.016	-0.19	-0.073	-0.031	0.412	0.722	"5"
"远"	0	0	0	0	1	0.036	0.354	0.154	0.068	0.387	-0.016	-0.19	-0.073	-0.031	0.412	0.722	"5"
"远见"	0	1	0	0	0	0.036	0.354	0.154	0.068	0.387	-0.016	0.451	-0.073	-0.031	-0.212	0.783	"2"
"远远"	0	0	0	0	1	0.036	0.354	0.154	0.068	0.387	-0.016	-0.19	-0.073	-0.031	0.412	0.722	"5"
"连署"	0	1	0	0	0	0.036	0.354	0.154	0.068	0.387	-0.016	0.451	-0.073	-0.031	-0.212	0.783	"2"
"连锁店"	0	0	1	0	0	0.036	0.354	0.154	0.068	0.387	-0.016	-0.19	0.811	-0.031	-0.212	1.26	"3"
"迳行"	0	1	0	0	0	0.036	0.354	0.154	0.068	0.387	-0.016	0.451	-0.073	-0.031	-0.212	0.783	"2"
"追上"	0	1	0	0	0	0.036	0.354	0.154	0.068	0.387	-0.016	0.451	-0.073	-0.031	-0.212	0.783	"2"
"退到"	0	0	1	0	0	0.036	0.354	0.154	0.068	0.387	-0.016	-0.19	0.811	-0.031	-0.212	1.26	"3"
"适"	0	1	0	0	0	0.036	0.354	0.154	0.068	0.387	-0.016	0.451	-0.073	-0.031	-0.212	0.783	"2"
"适应"	0	0	0	0	2	0.073	0.709	0.309	0.136	0.774	-0.032	-0.38	-0.146	-0.061	0.825	1.444	"5"
"逃出来"	0	1	0	0	0	0.036	0.354	0.154	0.068	0.387	-0.016	0.451	-0.073	-0.031	-0.212	0.783	"2"
"选手"	0	1	5	0	0	0.218	2.126	0.927	0.408	2.321	-0.097	-0.507	3.338	-0.184	-1.275	5.401	"3"
"透明"	1	0	0	0	0	0.036	0.354	0.154	0.068	0.387	1.439	-0.19	-0.073	-0.031	-0.212	1.945	"1"
"透过"	0	1	0	0	0	0.036	0.354	0.154	0.068	0.387	-0.016	0.451	-0.073	-0.031	-0.212	0.783	"2"
"通信"	0	0	0	0	1	0.036	0.354	0.154	0.068	0.387	-0.016	-0.19	-0.073	-0.031	0.412	0.722	"5"
"通货膨胀"	0	0	0	1	0	0.036	0.354	0.154	0.068	0.387	-0.016	-0.19	-0.073	1.167	-0.212	1.658	"4"
"通过"	1	1	0	0	0	0.073	0.709	0.309	0.136	0.774	1.146	0.234	-0.146	-0.061	-0.425	2.012	"1"
"逻辑"	0	0	0	0	1	0.036	0.354	0.154	0.068	0.387	-0.016	-0.19	-0.073	-0.031	0.412	0.722	"5"
"遏制"	0	0	0	0	1	0.036	0.354	0.154	0.068	0.387	-0.016	-0.19	-0.073	-0.031	0.412	0.722	"5"
"避免"	0	1	0	0	0	0.036	0.354	0.154	0.068	0.387	-0.016	0.451	-0.073	-0.031	-0.212	0.783	"2"
"郡守"	0	1	0	0	0	0.036	0.354	0.154	0.068	0.387	-0.016	0.451	-0.073	-0.031	-0.212	0.783	"2"
"部队"	0	0	0	0	1	0.036	0.354	0.154	0.068	0.387	-0.016	-0.19	-0.073	-0.031	0.412	0.722	"5"
"重任"	0	0	0	0	1	0.036	0.354	0.154	0.068	0.387	-0.016	-0.19	-0.073	-0.031	0.412	0.722	"5"
"重新"	0	1	0	0	0	0.036	0.354	0.154	0.068	0.387	-0.016	0.451	-0.073	-0.031	-0.212	0.783	"2"
"野蛮"	0	2	0	0	0	0.073	0.709	0.309	0.136	0.774	-0.032	0.901	-0.146	-0.061	-0.425	1.565	"2"
"金牌"	0	0	3	0	0	0.109	1.063	0.463	0.204	1.161	-0.048	-0.57	2.434	-0.092	-0.637	3.781	"3"
"钞"	0	1	0	0	0	0.036	0.354	0.154	0.068	0.387	-0.016	0.451	-0.073	-0.031	-0.212	0.783	"2"
"钞车"	0	1	0	0	0	0.036	0.354	0.154	0.068	0.387	-0.016	0.451	-0.073	-0.031	-0.212	0.783	"2"
"钢"	0	0	1	2	0	0.109	1.063	0.463	0.204	1.161	-0.048	-0.57	0.403	1.878	-0.637	3.536	"4"
"钢队"	0	0	1	0	0	0.036	0.354	0.154	0.068	0.387	-0.016	-0.19	0.811	-0.031	-0.212	1.26	"3"
"铺天盖地"	0	0	0	0	1	0.036	0.354	0.154	0.068	0.387	-0.016	-0.19	-0.073	-0.031	0.412	0.722	"5"
"长处"	0	0	0	0	1	0.036	0.354	0.154	0.068	0.387	-0.016	-0.19	-0.073	-0.031	0.412	0.722	"5"
"门槛"	0	1	0	0	0	0.036	0.354	0.154	0.068	0.387	-0.016	0.451	-0.073	-0.031	-0.212	0.783	"2"
"问鼎"	0	0	1	0	0	0.036	0.354	0.154	0.068	0.387	-0.016	-0.19	0.811	-0.031	-0.212	1.26	"3"
"闲置"	0	0	0	1	0	0.036	0.354	0.154	0.068	0.387	-0.016	-0.19	-0.073	1.167	-0.212	1.658	"4"
"阅"	0	1	0	0	0	0.036	0.354	0.154	0.068	0.387	-0.016	0.451	-0.073	-0.031	-0.212	0.783	"2"
"阅读"	0	1	0	0	2	0.109	1.063	0.463	0.204	1.161	-0.048	-0.147	-0.219	-0.092	0.477	0.983	"5"
"队"	0	0	3	0	0	0.109	1.063	0.463	0.204	1.161	-0.048	-0.57	2.434	-0.092	-0.637	3.781	"3"
"队伍"	0	0	1	0	0	0.036	0.354	0.154	0.068	0.387	-0.016	-0.19	0.811	-0.031	-0.212	1.26	"3"
"队员"	0	0	1	0	0	0.036	0.354	0.154	0.068	0.387	-0.016	-0.19	0.811	-0.031	-0.212	1.26	"3"
"防卫"	0	0	0	0	1	0.036	0.354	0.154	0.068	0.387	-0.016	-0.19	-0.073	-0.031	0.412	0.722	"5"
"防守"	0	0	1	0	1	0.073	0.709	0.309	0.136	0.774	-0.032	-0.38	0.545	-0.061	0.205	1.223	"3"
"防止"	0	0	0	0	1	0.036	0.354	0.154	0.068	0.387	-0.016	-0.19	-0.073	-0.031	0.412	0.722	"5"
"防洪"	0	0	0	0	1	0.036	0.354	0.154	0.068	0.387	-0.016	-0.19	-0.073	-0.031	0.412	0.722	"5"
"防火"	0	0	0	0	1	0.036	0.354	0.154	0.068	0.387	-0.016	-0.19	-0.073	-0.031	0.412	0.722	"5"
"防空"	0	0	1	0	1	0.073	0.709	0.309	0.136	0.774	-0.032	-0.38	0.545	-0.061	0.205	1.223	"3"
"防范"	0	0	1	0	1	0.073	0.709	0.309	0.136	0.774	-0.032	-0.38	0.545	-0.061	0.205	1.223	"3"
"阵容"	0	0	1	0	0	0.036	0.354	0.154	0.068	0.387	-0.016	-0.19	0.811	-0.031	-0.212	1.26	"3"
"阿申纳"	0	0	1	0	0	0.036	0.354	0.154	0.068	0.387	-0.016	-0.19	0.811	-0.031	-0.212	1.26	"3"
"陈莎美"	0	1	0	0	0	0.036	0.354	0.154	0.068	0.387	-0.016	0.451	-0.073	-0.031	-0.212	0.783	"2"
"降低"	0	0	0	0	1	0.036	0.354	0.154	0.068	0.387	-0.016	-0.19	-0.073	-0.031	0.412	0.722	"5"
"随同"	0	0	0	0	1	0.036	0.354	0.154	0.068	0.387	-0.016	-0.19	-0.073	-0.031	0.412	0.722	"5"
"难逃"	0	0	1	0	0	0.036	0.354	0.154	0.068	0.387	-0.016	-0.19	0.811	-0.031	-0.212	1.26	"3"
"雄厚"	0	0	2	0	1	0.109	1.063	0.463	0.204	1.161	-0.048	-0.57	1.192	-0.092	-0.176	2.078	"3"
"集中营"	0	1	0	0	0	0.036	0.354	0.154	0.068	0.387	-0.016	0.451	-0.073	-0.031	-0.212	0.783	"2"
"需"	0	1	0	0	0	0.036	0.354	0.154	0.068	0.387	-0.016	0.451	-0.073	-0.031	-0.212	0.783	"2"
"需要"	1	9	0	0	0	0.364	3.543	1.545	0.68	3.869	0.509	3.223	-0.729	-0.306	-2.124	6.891	"2"
"青山"	0	0	0	0	1	0.036	0.354	0.154	0.068	0.387	-0.016	-0.19	-0.073	-0.031	0.412	0.722	"5"
"静待"	0	1	0	0	0	0.036	0.354	0.154	0.068	0.387	-0.016	0.451	-0.073	-0.031	-0.212	0.783	"2"
"非凡"	0	1	0	0	0	0.036	0.354	0.154	0.068	0.387	-0.016	0.451	-0.073	-0.031	-0.212	0.783	"2"
"靠"	0	6	0	0	0	0.218	2.126	0.927	0.408	2.321	-0.097	2.704	-0.437	-0.184	-1.275	4.697	"2"
"面对"	0	0	1	0	0	0.036	0.354	0.154	0.068	0.387	-0.016	-0.19	0.811	-0.031	-0.212	1.26	"3"
"顶"	0	1	0	0	0	0.036	0.354	0.154	0.068	0.387	-0.016	0.451	-0.073	-0.031	-0.212	0.783	"2"
"须"	0	5	0	0	1	0.218	2.126	0.927	0.408	2.321	-0.097	1.627	-0.437	-0.184	-0.595	2.94	"2"
"预言家"	0	1	0	0	0	0.036	0.354	0.154	0.068	0.387	-0.016	0.451	-0.073	-0.031	-0.212	0.783	"2"
"预警"	0	0	0	0	2	0.073	0.709	0.309	0.136	0.774	-0.032	-0.38	-0.146	-0.061	0.825	1.444	"5"
"预防"	0	0	0	0	2	0.073	0.709	0.309	0.136	0.774	-0.032	-0.38	-0.146	-0.061	0.825	1.444	"5"
"领取"	0	3	0	0	0	0.109	1.063	0.463	0.204	1.161	-0.048	1.352	-0.219	-0.092	-0.637	2.348	"2"
"领地"	0	0	1	0	0	0.036	0.354	0.154	0.068	0.387	-0.016	-0.19	0.811	-0.031	-0.212	1.26	"3"
"领导"	0	0	0	0	6	0.218	2.126	0.927	0.408	2.321	-0.097	-1.14	-0.437	-0.184	2.475	4.333	"5"
"领教"	0	0	1	0	0	0.036	0.354	0.154	0.068	0.387	-0.016	-0.19	0.811	-0.031	-0.212	1.26	"3"
"风险"	0	0	0	0	4	0.145	1.417	0.618	0.272	1.547	-0.064	-0.76	-0.291	-0.122	1.65	2.887	"5"
"风险投资"	0	0	0	0	1	0.036	0.354	0.154	0.068	0.387	-0.016	-0.19	-0.073	-0.031	0.412	0.722	"5"
"饰"	0	1	0	0	0	0.036	0.354	0.154	0.068	0.387	-0.016	0.451	-0.073	-0.031	-0.212	0.783	"2"
"饱和"	0	0	0	0	1	0.036	0.354	0.154	0.068	0.387	-0.016	-0.19	-0.073	-0.031	0.412	0.722	"5"
"首重"	0	0	0	0	1	0.036	0.354	0.154	0.068	0.387	-0.016	-0.19	-0.073	-0.031	0.412	0.722	"5"
"驿"	0	1	0	0	0	0.036	0.354	0.154	0.068	0.387	-0.016	0.451	-0.073	-0.031	-0.212	0.783	"2"
"验证"	0	1	0	0	0	0.036	0.354	0.154	0.068	0.387	-0.016	0.451	-0.073	-0.031	-0.212	0.783	"2"
"高低"	0	0	0	0	2	0.073	0.709	0.309	0.136	0.774	-0.032	-0.38	-0.146	-0.061	0.825	1.444	"5"
"高出"	0	0	1	0	0	0.036	0.354	0.154	0.068	0.387	-0.016	-0.19	0.811	-0.031	-0.212	1.26	"3"
"高新武"	0	1	0	0	0	0.036	0.354	0.154	0.068	0.387	-0.016	0.451	-0.073	-0.031	-0.212	0.783	"2"
"高水平"	0	3	0	0	0	0.109	1.063	0.463	0.204	1.161	-0.048	1.352	-0.219	-0.092	-0.637	2.348	"2"
"高行健"	0	0	0	0	1	0.036	0.354	0.154	0.068	0.387	-0.016	-0.19	-0.073	-0.031	0.412	0.722	"5"
"高超"	0	0	1	0	0	0.036	0.354	0.154	0.068	0.387	-0.016	-0.19	0.811	-0.031	-0.212	1.26	"3"
"魔爪"	0	1	0	0	0	0.036	0.354	0.154	0.068	0.387	-0.016	0.451	-0.073	-0.031	-0.212	0.783	"2"
"麦当劳"	0	0	1	0	0	0.036	0.354	0.154	0.068	0.387	-0.016	-0.19	0.811	-0.031	-0.212	1.26	"3"
"默契"	0	1	0	0	0	0.036	0.354	0.154	0.068	0.387	-0.016	0.451	-0.073	-0.031	-0.212	0.783	"2"
"鼎盛"	0	1	0	0	0	0.036	0.354	0.154	0.068	0.387	-0.016	0.451	-0.073	-0.031	-0.212	0.783	"2"
"鼓励"	0	0	0	0	1	0.036	0.354	0.154	0.068	0.387	-0.016	-0.19	-0.073	-0.031	0.412	0.722	"5"
"龙头"	0	0	1	0	0	0.036	0.354	0.154	0.068	0.387	-0.016	-0.19	0.811	-0.031	-0.212	1.26	"3"
