"Coll_Word"	"1"	"2"	"3"	"4"	"5"	"exp_1"	"exp_2"	"exp_3"	"exp_4"	"exp_5"	"pbin_1"	"pbin_2"	"pbin_3"	"pbin_4"	"pbin_5"	"SumAbsDev"	"LargestDev"
"﹑"	0	2	0	1	0	0.305	0.783	0.123	0.693	1.096	-0.14	0.773	-0.055	0.263	-0.592	1.823	"2"
"12％"	0	0	0	0	1	0.102	0.261	0.041	0.231	0.365	-0.047	-0.131	-0.018	-0.114	0.437	0.747	"5"
"1450"	0	0	0	0	1	0.102	0.261	0.041	0.231	0.365	-0.047	-0.131	-0.018	-0.114	0.437	0.747	"5"
"20世纪"	0	0	0	0	1	0.102	0.261	0.041	0.231	0.365	-0.047	-0.131	-0.018	-0.114	0.437	0.747	"5"
"2500"	1	0	0	0	0	0.102	0.261	0.041	0.231	0.365	0.992	-0.131	-0.018	-0.114	-0.197	1.452	"1"
"343"	0	0	0	0	1	0.102	0.261	0.041	0.231	0.365	-0.047	-0.131	-0.018	-0.114	0.437	0.747	"5"
"3万"	0	0	0	0	1	0.102	0.261	0.041	0.231	0.365	-0.047	-0.131	-0.018	-0.114	0.437	0.747	"5"
"500"	0	0	0	0	1	0.102	0.261	0.041	0.231	0.365	-0.047	-0.131	-0.018	-0.114	0.437	0.747	"5"
"50年"	0	0	0	0	1	0.102	0.261	0.041	0.231	0.365	-0.047	-0.131	-0.018	-0.114	0.437	0.747	"5"
"600多"	0	0	0	0	1	0.102	0.261	0.041	0.231	0.365	-0.047	-0.131	-0.018	-0.114	0.437	0.747	"5"
"8.5"	0	0	0	0	1	0.102	0.261	0.041	0.231	0.365	-0.047	-0.131	-0.018	-0.114	0.437	0.747	"5"
"863"	0	0	0	1	0	0.102	0.261	0.041	0.231	0.365	-0.047	-0.131	-0.018	0.636	-0.197	1.029	"4"
"891126"	0	0	0	0	1	0.102	0.261	0.041	0.231	0.365	-0.047	-0.131	-0.018	-0.114	0.437	0.747	"5"
"CDMA"	0	2	0	0	0	0.204	0.522	0.082	0.462	0.73	-0.093	1.167	-0.036	-0.228	-0.395	1.919	"2"
"e-bo"	0	0	0	1	0	0.102	0.261	0.041	0.231	0.365	-0.047	-0.131	-0.018	0.636	-0.197	1.029	"4"
"ok"	0	0	0	1	0	0.102	0.261	0.041	0.231	0.365	-0.047	-0.131	-0.018	0.636	-0.197	1.029	"4"
"p"	0	0	0	0	2	0.204	0.522	0.082	0.462	0.73	-0.093	-0.263	-0.036	-0.228	0.875	1.495	"5"
"一些"	0	0	0	2	2	0.407	1.043	0.164	0.924	1.461	-0.186	-0.525	-0.073	0.638	0.333	1.755	"4"
"一定"	4	0	1	0	0	0.509	1.304	0.205	1.155	1.826	3.307	-0.656	0.723	-0.571	-0.987	6.244	"1"
"一百六十多"	0	0	0	0	1	0.102	0.261	0.041	0.231	0.365	-0.047	-0.131	-0.018	-0.114	0.437	0.747	"5"
"一般性"	0	0	0	1	0	0.102	0.261	0.041	0.231	0.365	-0.047	-0.131	-0.018	0.636	-0.197	1.029	"4"
"一贯"	0	1	0	0	0	0.102	0.261	0.041	0.231	0.365	-0.047	0.584	-0.018	-0.114	-0.197	0.96	"2"
"一齐"	0	0	0	0	1	0.102	0.261	0.041	0.231	0.365	-0.047	-0.131	-0.018	-0.114	0.437	0.747	"5"
"万国站"	0	0	0	0	1	0.102	0.261	0.041	0.231	0.365	-0.047	-0.131	-0.018	-0.114	0.437	0.747	"5"
"三亚"	0	0	0	0	1	0.102	0.261	0.041	0.231	0.365	-0.047	-0.131	-0.018	-0.114	0.437	0.747	"5"
"三十六"	0	0	1	0	0	0.102	0.261	0.041	0.231	0.365	-0.047	-0.131	1.386	-0.114	-0.197	1.875	"3"
"上层"	0	0	0	0	1	0.102	0.261	0.041	0.231	0.365	-0.047	-0.131	-0.018	-0.114	0.437	0.747	"5"
"不同"	0	0	0	0	1	0.102	0.261	0.041	0.231	0.365	-0.047	-0.131	-0.018	-0.114	0.437	0.747	"5"
"不得"	1	0	2	0	0	0.305	0.783	0.123	0.693	1.096	0.56	-0.394	2.308	-0.342	-0.592	4.196	"3"
"不断"	0	8	3	0	1	1.221	3.13	0.493	2.773	4.383	-0.559	2.43	1.938	-1.369	-1.471	7.767	"2"
"不至于"	0	0	0	0	1	0.102	0.261	0.041	0.231	0.365	-0.047	-0.131	-0.018	-0.114	0.437	0.747	"5"
"不足"	0	0	0	0	1	0.102	0.261	0.041	0.231	0.365	-0.047	-0.131	-0.018	-0.114	0.437	0.747	"5"
"与"	0	27	0	9	3	3.969	10.173	1.602	9.011	14.245	-1.818	7.671	-0.711	-0.232	-4.395	14.827	"2"
"专业"	0	0	0	5	0	0.509	1.304	0.205	1.155	1.826	-0.233	-0.656	-0.091	3.181	-0.987	5.148	"4"
"专家"	0	0	0	1	2	0.305	0.783	0.123	0.693	1.096	-0.14	-0.394	-0.055	0.263	0.519	1.371	"5"
"专才"	0	0	0	1	0	0.102	0.261	0.041	0.231	0.365	-0.047	-0.131	-0.018	0.636	-0.197	1.029	"4"
"专攻"	0	0	0	0	2	0.204	0.522	0.082	0.462	0.73	-0.093	-0.263	-0.036	-0.228	0.875	1.495	"5"
"专注"	0	0	0	1	1	0.204	0.522	0.082	0.462	0.73	-0.093	-0.263	-0.036	0.389	0.224	1.005	"4"
"专长"	0	0	0	0	1	0.102	0.261	0.041	0.231	0.365	-0.047	-0.131	-0.018	-0.114	0.437	0.747	"5"
"世界"	7	0	0	0	2	0.916	2.348	0.37	2.08	3.287	5.471	-1.181	-0.164	-1.027	-0.519	8.362	"1"
"世锦赛"	0	0	0	0	1	0.102	0.261	0.041	0.231	0.365	-0.047	-0.131	-0.018	-0.114	0.437	0.747	"5"
"业务"	1	0	0	4	1	0.611	1.565	0.247	1.386	2.191	0.323	-0.788	-0.109	1.546	-0.536	3.302	"4"
"东协"	0	0	0	1	0	0.102	0.261	0.041	0.231	0.365	-0.047	-0.131	-0.018	0.636	-0.197	1.029	"4"
"两国"	0	22	0	0	0	2.239	5.738	0.904	5.083	8.035	-1.025	12.84	-0.401	-2.51	-4.343	21.119	"2"
"两极"	0	0	0	0	1	0.102	0.261	0.041	0.231	0.365	-0.047	-0.131	-0.018	-0.114	0.437	0.747	"5"
"两百"	1	0	0	0	0	0.102	0.261	0.041	0.231	0.365	0.992	-0.131	-0.018	-0.114	-0.197	1.452	"1"
"两造"	0	0	0	0	1	0.102	0.261	0.041	0.231	0.365	-0.047	-0.131	-0.018	-0.114	0.437	0.747	"5"
"严格"	1	0	0	0	0	0.102	0.261	0.041	0.231	0.365	0.992	-0.131	-0.018	-0.114	-0.197	1.452	"1"
"严禁"	1	0	0	0	0	0.102	0.261	0.041	0.231	0.365	0.992	-0.131	-0.018	-0.114	-0.197	1.452	"1"
"个"	0	28	0	18	16	6.31	16.172	2.547	14.326	22.645	-2.89	3.04	-1.13	0.773	-1.302	9.135	"2"
"中亚国"	0	0	0	0	1	0.102	0.261	0.041	0.231	0.365	-0.047	-0.131	-0.018	-0.114	0.437	0.747	"5"
"中俄"	0	2	0	0	0	0.204	0.522	0.082	0.462	0.73	-0.093	1.167	-0.036	-0.228	-0.395	1.919	"2"
"中国家"	0	1	0	0	0	0.102	0.261	0.041	0.231	0.365	-0.047	0.584	-0.018	-0.114	-0.197	0.96	"2"
"中国队"	0	0	0	0	1	0.102	0.261	0.041	0.231	0.365	-0.047	-0.131	-0.018	-0.114	0.437	0.747	"5"
"中央"	0	0	0	0	1	0.102	0.261	0.041	0.231	0.365	-0.047	-0.131	-0.018	-0.114	0.437	0.747	"5"
"中央委员"	0	0	0	0	1	0.102	0.261	0.041	0.231	0.365	-0.047	-0.131	-0.018	-0.114	0.437	0.747	"5"
"中小学"	0	0	0	0	1	0.102	0.261	0.041	0.231	0.365	-0.047	-0.131	-0.018	-0.114	0.437	0.747	"5"
"中德"	0	1	0	0	0	0.102	0.261	0.041	0.231	0.365	-0.047	0.584	-0.018	-0.114	-0.197	0.96	"2"
"中新"	0	2	0	0	0	0.204	0.522	0.082	0.462	0.73	-0.093	1.167	-0.036	-0.228	-0.395	1.919	"2"
"中方"	0	3	0	0	0	0.305	0.783	0.123	0.693	1.096	-0.14	1.751	-0.055	-0.342	-0.592	2.88	"2"
"中长期"	0	1	0	0	0	0.102	0.261	0.041	0.231	0.365	-0.047	0.584	-0.018	-0.114	-0.197	0.96	"2"
"中非"	0	2	0	0	0	0.204	0.522	0.082	0.462	0.73	-0.093	1.167	-0.036	-0.228	-0.395	1.919	"2"
"丰硕"	0	0	0	1	0	0.102	0.261	0.041	0.231	0.365	-0.047	-0.131	-0.018	0.636	-0.197	1.029	"4"
"临时"	1	0	0	0	0	0.102	0.261	0.041	0.231	0.365	0.992	-0.131	-0.018	-0.114	-0.197	1.452	"1"
"为主"	0	0	0	0	1	0.102	0.261	0.041	0.231	0.365	-0.047	-0.131	-0.018	-0.114	0.437	0.747	"5"
"为由"	0	0	0	0	1	0.102	0.261	0.041	0.231	0.365	-0.047	-0.131	-0.018	-0.114	0.437	0.747	"5"
"主动性"	0	0	0	1	0	0.102	0.261	0.041	0.231	0.365	-0.047	-0.131	-0.018	0.636	-0.197	1.029	"4"
"主管机"	0	0	0	0	1	0.102	0.261	0.041	0.231	0.365	-0.047	-0.131	-0.018	-0.114	0.437	0.747	"5"
"主要"	1	0	0	0	2	0.305	0.783	0.123	0.693	1.096	0.56	-0.394	-0.055	-0.342	0.519	1.87	"1"
"举动"	0	0	0	0	1	0.102	0.261	0.041	0.231	0.365	-0.047	-0.131	-0.018	-0.114	0.437	0.747	"5"
"举报"	0	0	0	0	1	0.102	0.261	0.041	0.231	0.365	-0.047	-0.131	-0.018	-0.114	0.437	0.747	"5"
"举行"	0	0	0	0	3	0.305	0.783	0.123	0.693	1.096	-0.14	-0.394	-0.055	-0.342	1.312	2.243	"5"
"举足"	0	0	0	0	1	0.102	0.261	0.041	0.231	0.365	-0.047	-0.131	-0.018	-0.114	0.437	0.747	"5"
"之内"	0	0	0	0	3	0.305	0.783	0.123	0.693	1.096	-0.14	-0.394	-0.055	-0.342	1.312	2.243	"5"
"之外"	0	0	0	0	1	0.102	0.261	0.041	0.231	0.365	-0.047	-0.131	-0.018	-0.114	0.437	0.747	"5"
"乞讨"	0	0	0	0	1	0.102	0.261	0.041	0.231	0.365	-0.047	-0.131	-0.018	-0.114	0.437	0.747	"5"
"书香"	1	0	0	0	0	0.102	0.261	0.041	0.231	0.365	0.992	-0.131	-0.018	-0.114	-0.197	1.452	"1"
"了"	0	0	0	0	1	0.102	0.261	0.041	0.231	0.365	-0.047	-0.131	-0.018	-0.114	0.437	0.747	"5"
"予"	0	0	0	0	2	0.204	0.522	0.082	0.462	0.73	-0.093	-0.263	-0.036	-0.228	0.875	1.495	"5"
"事业处"	0	0	0	0	1	0.102	0.261	0.041	0.231	0.365	-0.047	-0.131	-0.018	-0.114	0.437	0.747	"5"
"事务"	1	1	0	0	0	0.204	0.522	0.082	0.462	0.73	0.714	0.343	-0.036	-0.228	-0.395	1.716	"1"
"云林县"	0	0	0	0	1	0.102	0.261	0.041	0.231	0.365	-0.047	-0.131	-0.018	-0.114	0.437	0.747	"5"
"互"	0	1	0	0	0	0.102	0.261	0.041	0.231	0.365	-0.047	0.584	-0.018	-0.114	-0.197	0.96	"2"
"互信"	0	1	0	0	0	0.102	0.261	0.041	0.231	0.365	-0.047	0.584	-0.018	-0.114	-0.197	0.96	"2"
"互联网"	0	0	0	0	1	0.102	0.261	0.041	0.231	0.365	-0.047	-0.131	-0.018	-0.114	0.437	0.747	"5"
"互访"	0	1	0	0	0	0.102	0.261	0.041	0.231	0.365	-0.047	0.584	-0.018	-0.114	-0.197	0.96	"2"
"亚欧"	0	1	0	0	0	0.102	0.261	0.041	0.231	0.365	-0.047	0.584	-0.018	-0.114	-0.197	0.96	"2"
"交往"	0	2	0	0	0	0.204	0.522	0.082	0.462	0.73	-0.093	1.167	-0.036	-0.228	-0.395	1.919	"2"
"交换"	0	2	0	0	0	0.204	0.522	0.082	0.462	0.73	-0.093	1.167	-0.036	-0.228	-0.395	1.919	"2"
"交流"	0	14	0	1	1	1.628	4.173	0.657	3.697	5.844	-0.746	6.334	-0.292	-1.062	-2.149	10.583	"2"
"交通"	0	0	0	0	3	0.305	0.783	0.123	0.693	1.096	-0.14	-0.394	-0.055	-0.342	1.312	2.243	"5"
"产"	0	1	0	0	0	0.102	0.261	0.041	0.231	0.365	-0.047	0.584	-0.018	-0.114	-0.197	0.96	"2"
"产业"	0	2	0	6	0	0.814	2.087	0.329	1.848	2.922	-0.373	-0.186	-0.146	2.562	-1.579	4.846	"4"
"产品"	0	1	0	4	0	0.509	1.304	0.205	1.155	1.826	-0.233	-0.215	-0.091	1.935	-0.987	3.461	"4"
"人力"	0	1	0	0	0	0.102	0.261	0.041	0.231	0.365	-0.047	0.584	-0.018	-0.114	-0.197	0.96	"2"
"人才"	0	1	0	2	0	0.305	0.783	0.123	0.693	1.096	-0.14	0.225	-0.055	0.868	-0.592	1.88	"4"
"人文"	0	0	0	2	1	0.305	0.783	0.123	0.693	1.096	-0.14	-0.394	-0.055	0.868	-0.157	1.614	"4"
"人权"	0	0	0	0	1	0.102	0.261	0.041	0.231	0.365	-0.047	-0.131	-0.018	-0.114	0.437	0.747	"5"
"从事"	1	0	0	5	0	0.611	1.565	0.247	1.386	2.191	0.323	-0.788	-0.109	2.496	-1.184	4.9	"4"
"从而"	0	0	0	0	1	0.102	0.261	0.041	0.231	0.365	-0.047	-0.131	-0.018	-0.114	0.437	0.747	"5"
"代客"	0	0	0	0	1	0.102	0.261	0.041	0.231	0.365	-0.047	-0.131	-0.018	-0.114	0.437	0.747	"5"
"以南"	1	0	0	0	1	0.204	0.522	0.082	0.462	0.73	0.714	-0.263	-0.036	-0.228	0.224	1.465	"1"
"伊国"	1	0	0	0	0	0.102	0.261	0.041	0.231	0.365	0.992	-0.131	-0.018	-0.114	-0.197	1.452	"1"
"优先"	0	1	0	0	0	0.102	0.261	0.041	0.231	0.365	-0.047	0.584	-0.018	-0.114	-0.197	0.96	"2"
"优先权"	0	0	0	0	1	0.102	0.261	0.041	0.231	0.365	-0.047	-0.131	-0.018	-0.114	0.437	0.747	"5"
"优势"	0	0	0	1	0	0.102	0.261	0.041	0.231	0.365	-0.047	-0.131	-0.018	0.636	-0.197	1.029	"4"
"优化"	1	0	0	0	0	0.102	0.261	0.041	0.231	0.365	0.992	-0.131	-0.018	-0.114	-0.197	1.452	"1"
"会勘"	0	0	0	0	1	0.102	0.261	0.041	0.231	0.365	-0.047	-0.131	-0.018	-0.114	0.437	0.747	"5"
"传承"	0	0	0	1	0	0.102	0.261	0.041	0.231	0.365	-0.047	-0.131	-0.018	0.636	-0.197	1.029	"4"
"传播"	0	0	0	0	2	0.204	0.522	0.082	0.462	0.73	-0.093	-0.263	-0.036	-0.228	0.875	1.495	"5"
"传播力"	0	0	0	0	1	0.102	0.261	0.041	0.231	0.365	-0.047	-0.131	-0.018	-0.114	0.437	0.747	"5"
"传染病"	0	0	0	0	2	0.204	0.522	0.082	0.462	0.73	-0.093	-0.263	-0.036	-0.228	0.875	1.495	"5"
"传统"	0	0	0	4	1	0.509	1.304	0.205	1.155	1.826	-0.233	-0.656	-0.091	1.935	-0.398	3.313	"4"
"传输"	1	0	0	0	0	0.102	0.261	0.041	0.231	0.365	0.992	-0.131	-0.018	-0.114	-0.197	1.452	"1"
"佈"	0	0	0	0	1	0.102	0.261	0.041	0.231	0.365	-0.047	-0.131	-0.018	-0.114	0.437	0.747	"5"
"低端"	0	0	0	1	0	0.102	0.261	0.041	0.231	0.365	-0.047	-0.131	-0.018	0.636	-0.197	1.029	"4"
"体操"	0	0	0	0	2	0.204	0.522	0.082	0.462	0.73	-0.093	-0.263	-0.036	-0.228	0.875	1.495	"5"
"体育"	0	1	0	3	3	0.712	1.826	0.288	1.617	2.557	-0.326	-0.378	-0.128	0.688	0.299	1.819	"4"
"体育场"	0	0	0	1	1	0.204	0.522	0.082	0.462	0.73	-0.093	-0.263	-0.036	0.389	0.224	1.005	"4"
"作"	0	2	0	0	1	0.305	0.783	0.123	0.693	1.096	-0.14	0.773	-0.055	-0.342	-0.157	1.467	"2"
"使用"	1	0	0	0	2	0.305	0.783	0.123	0.693	1.096	0.56	-0.394	-0.055	-0.342	0.519	1.87	"1"
"使用木"	0	0	0	0	1	0.102	0.261	0.041	0.231	0.365	-0.047	-0.131	-0.018	-0.114	0.437	0.747	"5"
"例如"	0	0	0	0	1	0.102	0.261	0.041	0.231	0.365	-0.047	-0.131	-0.018	-0.114	0.437	0.747	"5"
"供水"	0	0	0	0	1	0.102	0.261	0.041	0.231	0.365	-0.047	-0.131	-0.018	-0.114	0.437	0.747	"5"
"供电"	0	0	0	0	1	0.102	0.261	0.041	0.231	0.365	-0.047	-0.131	-0.018	-0.114	0.437	0.747	"5"
"供给额"	1	0	0	0	0	0.102	0.261	0.041	0.231	0.365	0.992	-0.131	-0.018	-0.114	-0.197	1.452	"1"
"侦查"	0	0	0	0	1	0.102	0.261	0.041	0.231	0.365	-0.047	-0.131	-0.018	-0.114	0.437	0.747	"5"
"侧"	1	0	0	0	0	0.102	0.261	0.041	0.231	0.365	0.992	-0.131	-0.018	-0.114	-0.197	1.452	"1"
"侧重"	0	0	0	1	0	0.102	0.261	0.041	0.231	0.365	-0.047	-0.131	-0.018	0.636	-0.197	1.029	"4"
"促"	0	1	0	0	0	0.102	0.261	0.041	0.231	0.365	-0.047	0.584	-0.018	-0.114	-0.197	0.96	"2"
"促进"	0	4	0	0	0	0.407	1.043	0.164	0.924	1.461	-0.186	2.335	-0.073	-0.456	-0.79	3.84	"2"
"俄法"	0	1	0	0	0	0.102	0.261	0.041	0.231	0.365	-0.047	0.584	-0.018	-0.114	-0.197	0.96	"2"
"俄英美"	0	1	0	0	0	0.102	0.261	0.041	0.231	0.365	-0.047	0.584	-0.018	-0.114	-0.197	0.96	"2"
"保"	1	0	0	0	0	0.102	0.261	0.041	0.231	0.365	0.992	-0.131	-0.018	-0.114	-0.197	1.452	"1"
"保护区"	3	0	0	0	0	0.305	0.783	0.123	0.693	1.096	2.977	-0.394	-0.055	-0.342	-0.592	4.36	"1"
"保险"	0	0	0	2	2	0.407	1.043	0.164	0.924	1.461	-0.186	-0.525	-0.073	0.638	0.333	1.755	"4"
"保障"	1	0	1	0	1	0.305	0.783	0.123	0.693	1.096	0.56	-0.394	0.927	-0.342	-0.157	2.38	"3"
"信任"	0	1	0	0	0	0.102	0.261	0.041	0.231	0.365	-0.047	0.584	-0.018	-0.114	-0.197	0.96	"2"
"信徒"	0	0	0	0	1	0.102	0.261	0.041	0.231	0.365	-0.047	-0.131	-0.018	-0.114	0.437	0.747	"5"
"信息"	0	1	0	4	0	0.509	1.304	0.205	1.155	1.826	-0.233	-0.215	-0.091	1.935	-0.987	3.461	"4"
"信息产业"	0	2	0	0	0	0.204	0.522	0.082	0.462	0.73	-0.093	1.167	-0.036	-0.228	-0.395	1.919	"2"
"信息技术"	0	3	0	4	0	0.712	1.826	0.288	1.617	2.557	-0.326	0.574	-0.128	1.264	-1.382	3.674	"5"
"倍"	0	0	0	0	1	0.102	0.261	0.041	0.231	0.365	-0.047	-0.131	-0.018	-0.114	0.437	0.747	"5"
"借用"	0	0	0	0	2	0.204	0.522	0.082	0.462	0.73	-0.093	-0.263	-0.036	-0.228	0.875	1.495	"5"
"借鉴"	0	1	0	0	0	0.102	0.261	0.041	0.231	0.365	-0.047	0.584	-0.018	-0.114	-0.197	0.96	"2"
"债券"	0	0	0	0	2	0.204	0.522	0.082	0.462	0.73	-0.093	-0.263	-0.036	-0.228	0.875	1.495	"5"
"做得到"	1	0	0	0	0	0.102	0.261	0.041	0.231	0.365	0.992	-0.131	-0.018	-0.114	-0.197	1.452	"1"
"偷拍"	0	0	0	0	1	0.102	0.261	0.041	0.231	0.365	-0.047	-0.131	-0.018	-0.114	0.437	0.747	"5"
"催化"	0	0	0	1	0	0.102	0.261	0.041	0.231	0.365	-0.047	-0.131	-0.018	0.636	-0.197	1.029	"4"
"允许"	1	0	0	1	0	0.204	0.522	0.082	0.462	0.73	0.714	-0.263	-0.036	0.389	-0.395	1.797	"1"
"允诺"	0	0	0	0	1	0.102	0.261	0.041	0.231	0.365	-0.047	-0.131	-0.018	-0.114	0.437	0.747	"5"
"元件"	0	0	0	1	0	0.102	0.261	0.041	0.231	0.365	-0.047	-0.131	-0.018	0.636	-0.197	1.029	"4"
"元智"	0	0	0	1	0	0.102	0.261	0.041	0.231	0.365	-0.047	-0.131	-0.018	0.636	-0.197	1.029	"4"
"先河"	0	0	0	0	1	0.102	0.261	0.041	0.231	0.365	-0.047	-0.131	-0.018	-0.114	0.437	0.747	"5"
"先进"	0	1	0	1	1	0.305	0.783	0.123	0.693	1.096	-0.14	0.225	-0.055	0.263	-0.157	0.84	"4"
"光电所"	0	0	0	0	1	0.102	0.261	0.041	0.231	0.365	-0.047	-0.131	-0.018	-0.114	0.437	0.747	"5"
"光通"	0	0	0	1	0	0.102	0.261	0.041	0.231	0.365	-0.047	-0.131	-0.018	0.636	-0.197	1.029	"4"
"免费"	0	0	0	0	1	0.102	0.261	0.041	0.231	0.365	-0.047	-0.131	-0.018	-0.114	0.437	0.747	"5"
"入会"	0	0	0	0	1	0.102	0.261	0.041	0.231	0.365	-0.047	-0.131	-0.018	-0.114	0.437	0.747	"5"
"全"	3	0	0	0	0	0.305	0.783	0.123	0.693	1.096	2.977	-0.394	-0.055	-0.342	-0.592	4.36	"1"
"全县"	1	0	0	0	0	0.102	0.261	0.041	0.231	0.365	0.992	-0.131	-0.018	-0.114	-0.197	1.452	"1"
"全国"	6	0	0	0	5	1.119	2.869	0.452	2.542	4.018	3.487	-1.444	-0.2	-1.255	0.429	6.815	"1"
"全球"	3	0	0	0	4	0.712	1.826	0.288	1.617	2.557	1.57	-0.919	-0.128	-0.799	0.646	4.062	"1"
"全省"	1	0	0	0	1	0.204	0.522	0.082	0.462	0.73	0.714	-0.263	-0.036	-0.228	0.224	1.465	"1"
"全面"	0	2	0	1	3	0.611	1.565	0.247	1.386	2.191	-0.28	0.308	-0.109	-0.237	0.416	1.35	"5"
"公"	0	0	0	0	1	0.102	0.261	0.041	0.231	0.365	-0.047	-0.131	-0.018	-0.114	0.437	0.747	"5"
"公共"	0	1	0	1	3	0.509	1.304	0.205	1.155	1.826	-0.233	-0.215	-0.091	-0.172	0.586	1.297	"5"
"公园"	0	0	0	0	2	0.204	0.522	0.082	0.462	0.73	-0.093	-0.263	-0.036	-0.228	0.875	1.495	"5"
"公尺"	2	0	0	0	0	0.204	0.522	0.082	0.462	0.73	1.985	-0.263	-0.036	-0.228	-0.395	2.907	"1"
"公认"	1	0	0	0	0	0.102	0.261	0.041	0.231	0.365	0.992	-0.131	-0.018	-0.114	-0.197	1.452	"1"
"公里"	2	0	0	0	3	0.509	1.304	0.205	1.155	1.826	1.075	-0.656	-0.091	-0.571	0.586	2.979	"1"
"共出"	0	0	0	0	1	0.102	0.261	0.041	0.231	0.365	-0.047	-0.131	-0.018	-0.114	0.437	0.747	"5"
"关税"	0	0	0	0	1	0.102	0.261	0.041	0.231	0.365	-0.047	-0.131	-0.018	-0.114	0.437	0.747	"5"
"关税局"	0	0	0	0	1	0.102	0.261	0.041	0.231	0.365	-0.047	-0.131	-0.018	-0.114	0.437	0.747	"5"
"关系"	0	12	0	0	1	1.323	3.391	0.534	3.004	4.748	-0.606	6.009	-0.237	-1.483	-1.638	9.973	"2"
"关键"	0	0	0	1	0	0.102	0.261	0.041	0.231	0.365	-0.047	-0.131	-0.018	0.636	-0.197	1.029	"4"
"其"	4	0	0	0	2	0.611	1.565	0.247	1.386	2.191	2.867	-0.788	-0.109	-0.685	-0.21	4.659	"1"
"其三"	0	0	0	0	1	0.102	0.261	0.041	0.231	0.365	-0.047	-0.131	-0.018	-0.114	0.437	0.747	"5"
"其他"	0	2	0	1	4	0.712	1.826	0.288	1.617	2.557	-0.326	0.235	-0.128	-0.307	0.646	1.642	"5"
"其它"	0	1	0	1	0	0.204	0.522	0.082	0.462	0.73	-0.093	0.343	-0.036	0.389	-0.395	1.256	"5"
"具体"	0	2	0	0	0	0.204	0.522	0.082	0.462	0.73	-0.093	1.167	-0.036	-0.228	-0.395	1.919	"2"
"兼负"	0	0	0	0	1	0.102	0.261	0.041	0.231	0.365	-0.047	-0.131	-0.018	-0.114	0.437	0.747	"5"
"内"	64	0	1	0	3	6.92	17.737	2.794	15.712	24.837	57.784	-8.926	-0.646	-7.759	-9.408	84.523	"1"
"内容"	0	0	1	1	0	0.204	0.522	0.082	0.462	0.73	-0.093	-0.263	1.094	0.389	-0.395	2.234	"3"
"内感"	0	0	0	0	1	0.102	0.261	0.041	0.231	0.365	-0.047	-0.131	-0.018	-0.114	0.437	0.747	"5"
"再一次"	0	0	0	0	1	0.102	0.261	0.041	0.231	0.365	-0.047	-0.131	-0.018	-0.114	0.437	0.747	"5"
"军事"	0	4	0	2	1	0.712	1.826	0.288	1.617	2.557	-0.326	1.092	-0.128	0.295	-0.68	2.521	"2"
"军技"	0	1	0	0	0	0.102	0.261	0.041	0.231	0.365	-0.047	0.584	-0.018	-0.114	-0.197	0.96	"2"
"农业"	0	6	0	3	0	0.916	2.348	0.37	2.08	3.287	-0.42	1.905	-0.164	0.46	-1.777	4.726	"2"
"决赛"	0	0	0	0	1	0.102	0.261	0.041	0.231	0.365	-0.047	-0.131	-0.018	-0.114	0.437	0.747	"5"
"冷门"	0	0	0	1	0	0.102	0.261	0.041	0.231	0.365	-0.047	-0.131	-0.018	0.636	-0.197	1.029	"4"
"准时"	0	0	0	0	1	0.102	0.261	0.041	0.231	0.365	-0.047	-0.131	-0.018	-0.114	0.437	0.747	"5"
"减小"	0	0	0	0	1	0.102	0.261	0.041	0.231	0.365	-0.047	-0.131	-0.018	-0.114	0.437	0.747	"5"
"减弱"	0	0	0	0	2	0.204	0.522	0.082	0.462	0.73	-0.093	-0.263	-0.036	-0.228	0.875	1.495	"5"
"凭证"	0	0	1	0	0	0.102	0.261	0.041	0.231	0.365	-0.047	-0.131	1.386	-0.114	-0.197	1.875	"3"
"出入境"	0	0	0	1	0	0.102	0.261	0.041	0.231	0.365	-0.047	-0.131	-0.018	0.636	-0.197	1.029	"4"
"分"	1	0	0	0	0	0.102	0.261	0.041	0.231	0.365	0.992	-0.131	-0.018	-0.114	-0.197	1.452	"1"
"分佈"	0	0	0	0	2	0.204	0.522	0.082	0.462	0.73	-0.093	-0.263	-0.036	-0.228	0.875	1.495	"5"
"分别"	0	0	0	0	2	0.204	0.522	0.082	0.462	0.73	-0.093	-0.263	-0.036	-0.228	0.875	1.495	"5"
"分化"	0	0	0	0	1	0.102	0.261	0.041	0.231	0.365	-0.047	-0.131	-0.018	-0.114	0.437	0.747	"5"
"分布"	0	0	0	0	2	0.204	0.522	0.082	0.462	0.73	-0.093	-0.263	-0.036	-0.228	0.875	1.495	"5"
"分析法"	0	0	0	0	1	0.102	0.261	0.041	0.231	0.365	-0.047	-0.131	-0.018	-0.114	0.437	0.747	"5"
"分歧"	0	0	0	0	1	0.102	0.261	0.041	0.231	0.365	-0.047	-0.131	-0.018	-0.114	0.437	0.747	"5"
"切入"	0	0	0	0	1	0.102	0.261	0.041	0.231	0.365	-0.047	-0.131	-0.018	-0.114	0.437	0.747	"5"
"划"	1	0	0	0	0	0.102	0.261	0.041	0.231	0.365	0.992	-0.131	-0.018	-0.114	-0.197	1.452	"1"
"划入"	0	0	0	0	1	0.102	0.261	0.041	0.231	0.365	-0.047	-0.131	-0.018	-0.114	0.437	0.747	"5"
"划定"	1	0	0	0	1	0.204	0.522	0.082	0.462	0.73	0.714	-0.263	-0.036	-0.228	0.224	1.465	"1"
"列入"	0	0	0	0	3	0.305	0.783	0.123	0.693	1.096	-0.14	-0.394	-0.055	-0.342	1.312	2.243	"5"
"列出"	0	0	0	1	0	0.102	0.261	0.041	0.231	0.365	-0.047	-0.131	-0.018	0.636	-0.197	1.029	"4"
"列报"	0	0	1	0	0	0.102	0.261	0.041	0.231	0.365	-0.047	-0.131	1.386	-0.114	-0.197	1.875	"3"
"列管"	0	0	1	0	0	0.102	0.261	0.041	0.231	0.365	-0.047	-0.131	1.386	-0.114	-0.197	1.875	"3"
"创业"	0	0	0	1	0	0.102	0.261	0.041	0.231	0.365	-0.047	-0.131	-0.018	0.636	-0.197	1.029	"4"
"创新"	0	0	0	1	1	0.204	0.522	0.082	0.462	0.73	-0.093	-0.263	-0.036	0.389	0.224	1.005	"4"
"判例"	0	0	0	0	2	0.204	0.522	0.082	0.462	0.73	-0.093	-0.263	-0.036	-0.228	0.875	1.495	"5"
"到达"	0	0	0	0	1	0.102	0.261	0.041	0.231	0.365	-0.047	-0.131	-0.018	-0.114	0.437	0.747	"5"
"制药"	0	0	0	1	0	0.102	0.261	0.041	0.231	0.365	-0.047	-0.131	-0.018	0.636	-0.197	1.029	"4"
"制造"	0	0	0	1	0	0.102	0.261	0.041	0.231	0.365	-0.047	-0.131	-0.018	0.636	-0.197	1.029	"4"
"制造业"	0	0	0	1	0	0.102	0.261	0.041	0.231	0.365	-0.047	-0.131	-0.018	0.636	-0.197	1.029	"4"
"前后"	1	0	0	0	0	0.102	0.261	0.041	0.231	0.365	0.992	-0.131	-0.018	-0.114	-0.197	1.452	"1"
"前方"	3	0	0	0	0	0.305	0.783	0.123	0.693	1.096	2.977	-0.394	-0.055	-0.342	-0.592	4.36	"1"
"副司长"	0	1	0	0	0	0.102	0.261	0.041	0.231	0.365	-0.047	0.584	-0.018	-0.114	-0.197	0.96	"2"
"加上"	0	0	0	0	1	0.102	0.261	0.041	0.231	0.365	-0.047	-0.131	-0.018	-0.114	0.437	0.747	"5"
"加强"	0	19	0	4	1	2.443	6.26	0.986	5.545	8.766	-1.119	7.078	-0.437	-0.496	-3.567	12.697	"2"
"加深"	0	1	0	0	0	0.102	0.261	0.041	0.231	0.365	-0.047	0.584	-0.018	-0.114	-0.197	0.96	"2"
"务"	0	0	0	2	0	0.204	0.522	0.082	0.462	0.73	-0.093	-0.263	-0.036	1.273	-0.395	2.06	"4"
"劳务"	0	1	0	1	0	0.204	0.522	0.082	0.462	0.73	-0.093	0.343	-0.036	0.389	-0.395	1.256	"5"
"势力"	0	0	0	0	1	0.102	0.261	0.041	0.231	0.365	-0.047	-0.131	-0.018	-0.114	0.437	0.747	"5"
"势头"	0	1	0	0	0	0.102	0.261	0.041	0.231	0.365	-0.047	0.584	-0.018	-0.114	-0.197	0.96	"2"
"包括"	2	1	1	4	9	1.73	4.434	0.698	3.928	6.209	0.277	-1.386	0.292	0.239	0.902	3.096	"2"
"匆匆"	0	0	0	0	1	0.102	0.261	0.041	0.231	0.365	-0.047	-0.131	-0.018	-0.114	0.437	0.747	"5"
"化"	0	1	0	0	0	0.102	0.261	0.041	0.231	0.365	-0.047	0.584	-0.018	-0.114	-0.197	0.96	"2"
"化学"	0	0	0	2	0	0.204	0.522	0.082	0.462	0.73	-0.093	-0.263	-0.036	1.273	-0.395	2.06	"4"
"化学物质"	0	0	0	1	0	0.102	0.261	0.041	0.231	0.365	-0.047	-0.131	-0.018	0.636	-0.197	1.029	"4"
"北约"	0	0	0	0	2	0.204	0.522	0.082	0.462	0.73	-0.093	-0.263	-0.036	-0.228	0.875	1.495	"5"
"区"	0	0	0	0	2	0.204	0.522	0.082	0.462	0.73	-0.093	-0.263	-0.036	-0.228	0.875	1.495	"5"
"区公所"	0	0	0	0	1	0.102	0.261	0.041	0.231	0.365	-0.047	-0.131	-0.018	-0.114	0.437	0.747	"5"
"区域"	1	0	0	0	1	0.204	0.522	0.082	0.462	0.73	0.714	-0.263	-0.036	-0.228	0.224	1.465	"1"
"医学"	0	0	0	1	0	0.102	0.261	0.041	0.231	0.365	-0.047	-0.131	-0.018	0.636	-0.197	1.029	"4"
"医疗"	0	0	0	0	1	0.102	0.261	0.041	0.231	0.365	-0.047	-0.131	-0.018	-0.114	0.437	0.747	"5"
"医疗用地"	1	0	0	0	0	0.102	0.261	0.041	0.231	0.365	0.992	-0.131	-0.018	-0.114	-0.197	1.452	"1"
"医药"	0	1	0	4	0	0.509	1.304	0.205	1.155	1.826	-0.233	-0.215	-0.091	1.935	-0.987	3.461	"4"
"十三日"	0	0	0	0	1	0.102	0.261	0.041	0.231	0.365	-0.047	-0.131	-0.018	-0.114	0.437	0.747	"5"
"十三陵"	0	0	0	0	1	0.102	0.261	0.041	0.231	0.365	-0.047	-0.131	-0.018	-0.114	0.437	0.747	"5"
"十五"	0	0	0	0	2	0.204	0.522	0.082	0.462	0.73	-0.093	-0.263	-0.036	-0.228	0.875	1.495	"5"
"十六"	0	0	0	0	2	0.204	0.522	0.082	0.462	0.73	-0.093	-0.263	-0.036	-0.228	0.875	1.495	"5"
"半导体"	0	0	0	0	1	0.102	0.261	0.041	0.231	0.365	-0.047	-0.131	-0.018	-0.114	0.437	0.747	"5"
"华商"	0	1	0	0	0	0.102	0.261	0.041	0.231	0.365	-0.047	0.584	-0.018	-0.114	-0.197	0.96	"2"
"卓有"	0	1	0	0	0	0.102	0.261	0.041	0.231	0.365	-0.047	0.584	-0.018	-0.114	-0.197	0.96	"2"
"南南"	0	1	0	0	0	0.102	0.261	0.041	0.231	0.365	-0.047	0.584	-0.018	-0.114	-0.197	0.96	"2"
"南港"	0	0	0	0	1	0.102	0.261	0.041	0.231	0.365	-0.047	-0.131	-0.018	-0.114	0.437	0.747	"5"
"占有"	0	0	0	1	0	0.102	0.261	0.041	0.231	0.365	-0.047	-0.131	-0.018	0.636	-0.197	1.029	"4"
"卫生"	0	2	0	2	1	0.509	1.304	0.205	1.155	1.826	-0.233	0.409	-0.091	0.485	-0.398	1.616	"4"
"印"	0	1	0	0	1	0.204	0.522	0.082	0.462	0.73	-0.093	0.343	-0.036	-0.228	0.224	0.924	"2"
"印度洋"	0	0	0	0	1	0.102	0.261	0.041	0.231	0.365	-0.047	-0.131	-0.018	-0.114	0.437	0.747	"5"
"即日"	1	0	0	0	0	0.102	0.261	0.041	0.231	0.365	0.992	-0.131	-0.018	-0.114	-0.197	1.452	"1"
"原先"	0	0	1	0	0	0.102	0.261	0.041	0.231	0.365	-0.047	-0.131	1.386	-0.114	-0.197	1.875	"3"
"原则上"	0	0	0	1	0	0.102	0.261	0.041	0.231	0.365	-0.047	-0.131	-0.018	0.636	-0.197	1.029	"4"
"参"	0	0	0	0	1	0.102	0.261	0.041	0.231	0.365	-0.047	-0.131	-0.018	-0.114	0.437	0.747	"5"
"参赛"	0	0	0	0	1	0.102	0.261	0.041	0.231	0.365	-0.047	-0.131	-0.018	-0.114	0.437	0.747	"5"
"及"	1	0	0	0	0	0.102	0.261	0.041	0.231	0.365	0.992	-0.131	-0.018	-0.114	-0.197	1.452	"1"
"及其"	0	0	0	0	2	0.204	0.522	0.082	0.462	0.73	-0.093	-0.263	-0.036	-0.228	0.875	1.495	"5"
"友"	0	1	0	0	0	0.102	0.261	0.041	0.231	0.365	-0.047	0.584	-0.018	-0.114	-0.197	0.96	"2"
"友好"	0	9	0	1	0	1.018	2.608	0.411	2.311	3.652	-0.466	4.369	-0.182	-0.538	-1.974	7.529	"2"
"双方"	0	12	0	0	3	1.527	3.913	0.616	3.466	5.479	-0.699	4.704	-0.273	-1.712	-0.843	8.231	"2"
"双边"	0	6	0	0	0	0.611	1.565	0.247	1.386	2.191	-0.28	3.502	-0.109	-0.685	-1.184	5.76	"2"
"双重"	0	0	0	1	0	0.102	0.261	0.041	0.231	0.365	-0.047	-0.131	-0.018	0.636	-0.197	1.029	"4"
"反恐"	1	0	0	0	0	0.102	0.261	0.041	0.231	0.365	0.992	-0.131	-0.018	-0.114	-0.197	1.452	"1"
"发展"	0	14	0	10	3	2.748	7.043	1.109	6.239	9.862	-1.259	2.426	-0.492	1.136	-2.491	7.804	"5"
"发挥"	0	0	0	0	2	0.204	0.522	0.082	0.462	0.73	-0.093	-0.263	-0.036	-0.228	0.875	1.495	"5"
"发放"	0	0	1	0	0	0.102	0.261	0.041	0.231	0.365	-0.047	-0.131	1.386	-0.114	-0.197	1.875	"3"
"发言权"	0	0	0	1	0	0.102	0.261	0.041	0.231	0.365	-0.047	-0.131	-0.018	0.636	-0.197	1.029	"4"
"取得"	0	1	0	2	9	1.221	3.13	0.493	2.773	4.383	-0.559	-0.856	-0.219	-0.345	2.11	4.089	"5"
"受保"	0	0	0	0	1	0.102	0.261	0.041	0.231	0.365	-0.047	-0.131	-0.018	-0.114	0.437	0.747	"5"
"受灾"	1	0	0	0	0	0.102	0.261	0.041	0.231	0.365	0.992	-0.131	-0.018	-0.114	-0.197	1.452	"1"
"受理"	0	0	0	0	1	0.102	0.261	0.041	0.231	0.365	-0.047	-0.131	-0.018	-0.114	0.437	0.747	"5"
"口粮"	1	0	0	0	0	0.102	0.261	0.041	0.231	0.365	0.992	-0.131	-0.018	-0.114	-0.197	1.452	"1"
"古籍"	0	0	2	0	0	0.204	0.522	0.082	0.462	0.73	-0.093	-0.263	2.773	-0.228	-0.395	3.752	"3"
"可喜"	0	0	0	0	1	0.102	0.261	0.041	0.231	0.365	-0.047	-0.131	-0.018	-0.114	0.437	0.747	"5"
"台风"	0	0	0	0	2	0.204	0.522	0.082	0.462	0.73	-0.093	-0.263	-0.036	-0.228	0.875	1.495	"5"
"各"	0	25	0	10	13	4.885	12.52	1.972	11.091	17.532	-2.237	3.963	-0.875	-0.365	-0.951	8.391	"2"
"各自"	2	0	0	0	1	0.305	0.783	0.123	0.693	1.096	1.538	-0.394	-0.055	-0.342	-0.157	2.486	"1"
"合"	0	1	0	0	0	0.102	0.261	0.041	0.231	0.365	-0.047	0.584	-0.018	-0.114	-0.197	0.96	"2"
"合作"	0	90	0	2	0	9.363	23.997	3.78	21.257	33.603	-4.288	49.164	-1.676	-7.889	-18.16	81.177	"2"
"合法"	1	0	0	0	0	0.102	0.261	0.041	0.231	0.365	0.992	-0.131	-0.018	-0.114	-0.197	1.452	"1"
"合理"	2	0	0	0	1	0.305	0.783	0.123	0.693	1.096	1.538	-0.394	-0.055	-0.342	-0.157	2.486	"1"
"合资企业"	0	0	0	1	0	0.102	0.261	0.041	0.231	0.365	-0.047	-0.131	-0.018	0.636	-0.197	1.029	"4"
"合适"	1	0	0	0	0	0.102	0.261	0.041	0.231	0.365	0.992	-0.131	-0.018	-0.114	-0.197	1.452	"1"
"合金"	0	0	0	1	0	0.102	0.261	0.041	0.231	0.365	-0.047	-0.131	-0.018	0.636	-0.197	1.029	"4"
"吉知马"	1	0	0	0	0	0.102	0.261	0.041	0.231	0.365	0.992	-0.131	-0.018	-0.114	-0.197	1.452	"1"
"名校"	1	0	0	0	0	0.102	0.261	0.041	0.231	0.365	0.992	-0.131	-0.018	-0.114	-0.197	1.452	"1"
"呈现出"	0	1	0	0	0	0.102	0.261	0.041	0.231	0.365	-0.047	0.584	-0.018	-0.114	-0.197	0.96	"2"
"周围"	1	0	0	0	0	0.102	0.261	0.041	0.231	0.365	0.992	-0.131	-0.018	-0.114	-0.197	1.452	"1"
"哈"	0	0	0	1	0	0.102	0.261	0.041	0.231	0.365	-0.047	-0.131	-0.018	0.636	-0.197	1.029	"4"
"商业"	0	0	0	4	1	0.509	1.304	0.205	1.155	1.826	-0.233	-0.656	-0.091	1.935	-0.398	3.313	"4"
"器材"	0	0	0	0	1	0.102	0.261	0.041	0.231	0.365	-0.047	-0.131	-0.018	-0.114	0.437	0.747	"5"
"四十亿"	0	0	0	1	0	0.102	0.261	0.041	0.231	0.365	-0.047	-0.131	-0.018	0.636	-0.197	1.029	"4"
"回收"	0	0	0	0	1	0.102	0.261	0.041	0.231	0.365	-0.047	-0.131	-0.018	-0.114	0.437	0.747	"5"
"困难重重"	0	1	0	0	0	0.102	0.261	0.041	0.231	0.365	-0.047	0.584	-0.018	-0.114	-0.197	0.96	"2"
"围捕"	0	0	0	0	1	0.102	0.261	0.041	0.231	0.365	-0.047	-0.131	-0.018	-0.114	0.437	0.747	"5"
"国"	0	10	0	0	0	1.018	2.608	0.411	2.311	3.652	-0.466	5.836	-0.182	-1.141	-1.974	9.599	"2"
"国有"	0	0	0	1	1	0.204	0.522	0.082	0.462	0.73	-0.093	-0.263	-0.036	0.389	0.224	1.005	"4"
"国际法"	1	0	0	0	0	0.102	0.261	0.041	0.231	0.365	0.992	-0.131	-0.018	-0.114	-0.197	1.452	"1"
"图像"	0	0	0	0	1	0.102	0.261	0.041	0.231	0.365	-0.047	-0.131	-0.018	-0.114	0.437	0.747	"5"
"图文并茂"	0	0	0	1	0	0.102	0.261	0.041	0.231	0.365	-0.047	-0.131	-0.018	0.636	-0.197	1.029	"4"
"圈选"	0	0	0	0	1	0.102	0.261	0.041	0.231	0.365	-0.047	-0.131	-0.018	-0.114	0.437	0.747	"5"
"土国"	1	0	0	0	0	0.102	0.261	0.041	0.231	0.365	0.992	-0.131	-0.018	-0.114	-0.197	1.452	"1"
"在"	5	71	0	34	44	15.673	40.169	6.327	35.583	56.248	-2.939	7.146	-2.806	-0.372	-1.635	14.898	"2"
"地位"	0	0	0	1	1	0.204	0.522	0.082	0.462	0.73	-0.093	-0.263	-0.036	0.389	0.224	1.005	"4"
"地板"	0	0	0	0	1	0.102	0.261	0.041	0.231	0.365	-0.047	-0.131	-0.018	-0.114	0.437	0.747	"5"
"地质"	1	0	0	0	0	0.102	0.261	0.041	0.231	0.365	0.992	-0.131	-0.018	-0.114	-0.197	1.452	"1"
"场地"	0	0	0	0	2	0.204	0.522	0.082	0.462	0.73	-0.093	-0.263	-0.036	-0.228	0.875	1.495	"5"
"坑子口"	0	0	0	0	1	0.102	0.261	0.041	0.231	0.365	-0.047	-0.131	-0.018	-0.114	0.437	0.747	"5"
"坚冰"	0	0	0	0	1	0.102	0.261	0.041	0.231	0.365	-0.047	-0.131	-0.018	-0.114	0.437	0.747	"5"
"垄断"	0	0	0	0	3	0.305	0.783	0.123	0.693	1.096	-0.14	-0.394	-0.055	-0.342	1.312	2.243	"5"
"域"	1	0	0	0	0	0.102	0.261	0.041	0.231	0.365	0.992	-0.131	-0.018	-0.114	-0.197	1.452	"1"
"域名"	2	0	0	0	0	0.204	0.522	0.082	0.462	0.73	1.985	-0.263	-0.036	-0.228	-0.395	2.907	"1"
"培育"	0	0	0	1	0	0.102	0.261	0.041	0.231	0.365	-0.047	-0.131	-0.018	0.636	-0.197	1.029	"4"
"基因"	0	0	0	4	0	0.407	1.043	0.164	0.924	1.461	-0.186	-0.525	-0.073	2.545	-0.79	4.119	"4"
"基础"	0	2	0	2	4	0.814	2.087	0.329	1.848	2.922	-0.373	-0.186	-0.146	0.234	0.486	1.425	"5"
"基础性"	0	0	0	1	0	0.102	0.261	0.041	0.231	0.365	-0.047	-0.131	-0.018	0.636	-0.197	1.029	"4"
"堪称"	0	1	0	0	0	0.102	0.261	0.041	0.231	0.365	-0.047	0.584	-0.018	-0.114	-0.197	0.96	"2"
"增多"	0	0	0	0	1	0.102	0.261	0.041	0.231	0.365	-0.047	-0.131	-0.018	-0.114	0.437	0.747	"5"
"增收"	0	0	0	0	1	0.102	0.261	0.041	0.231	0.365	-0.047	-0.131	-0.018	-0.114	0.437	0.747	"5"
"声誉"	0	0	0	0	1	0.102	0.261	0.041	0.231	0.365	-0.047	-0.131	-0.018	-0.114	0.437	0.747	"5"
"处于"	0	0	0	3	2	0.509	1.304	0.205	1.155	1.826	-0.233	-0.656	-0.091	1.073	0.221	2.274	"4"
"复杂"	0	0	0	0	1	0.102	0.261	0.041	0.231	0.365	-0.047	-0.131	-0.018	-0.114	0.437	0.747	"5"
"夕发朝"	1	0	0	0	0	0.102	0.261	0.041	0.231	0.365	0.992	-0.131	-0.018	-0.114	-0.197	1.452	"1"
"外"	0	0	0	0	1	0.102	0.261	0.041	0.231	0.365	-0.047	-0.131	-0.018	-0.114	0.437	0.747	"5"
"外交"	0	2	0	0	3	0.509	1.304	0.205	1.155	1.826	-0.233	0.409	-0.091	-0.571	0.586	1.89	"5"
"外商"	0	0	0	3	0	0.305	0.783	0.123	0.693	1.096	-0.14	-0.394	-0.055	1.909	-0.592	3.09	"4"
"外景"	0	0	0	0	1	0.102	0.261	0.041	0.231	0.365	-0.047	-0.131	-0.018	-0.114	0.437	0.747	"5"
"外科"	0	0	0	1	0	0.102	0.261	0.041	0.231	0.365	-0.047	-0.131	-0.018	0.636	-0.197	1.029	"4"
"外资"	0	0	0	2	0	0.204	0.522	0.082	0.462	0.73	-0.093	-0.263	-0.036	1.273	-0.395	2.06	"4"
"多"	0	1	0	2	1	0.407	1.043	0.164	0.924	1.461	-0.186	-0.143	-0.073	0.638	-0.271	1.311	"4"
"多元化"	0	0	0	1	0	0.102	0.261	0.041	0.231	0.365	-0.047	-0.131	-0.018	0.636	-0.197	1.029	"4"
"多层次"	0	1	0	0	0	0.102	0.261	0.041	0.231	0.365	-0.047	0.584	-0.018	-0.114	-0.197	0.96	"2"
"多斯桑托斯"	0	1	0	0	0	0.102	0.261	0.041	0.231	0.365	-0.047	0.584	-0.018	-0.114	-0.197	0.96	"2"
"大"	4	0	1	0	19	2.443	6.26	0.986	5.545	8.766	0.651	-3.15	0.197	-2.739	4.605	11.342	"5"
"大小朋友"	0	0	0	0	2	0.204	0.522	0.082	0.462	0.73	-0.093	-0.263	-0.036	-0.228	0.875	1.495	"5"
"大幅度"	0	0	0	1	0	0.102	0.261	0.041	0.231	0.365	-0.047	-0.131	-0.018	0.636	-0.197	1.029	"4"
"大略"	0	0	0	0	1	0.102	0.261	0.041	0.231	0.365	-0.047	-0.131	-0.018	-0.114	0.437	0.747	"5"
"大陆棚"	0	0	0	0	1	0.102	0.261	0.041	0.231	0.365	-0.047	-0.131	-0.018	-0.114	0.437	0.747	"5"
"天体"	0	0	0	1	0	0.102	0.261	0.041	0.231	0.365	-0.047	-0.131	-0.018	0.636	-0.197	1.029	"4"
"天大"	0	0	0	0	1	0.102	0.261	0.041	0.231	0.365	-0.047	-0.131	-0.018	-0.114	0.437	0.747	"5"
"天安"	0	0	0	1	0	0.102	0.261	0.041	0.231	0.365	-0.047	-0.131	-0.018	0.636	-0.197	1.029	"4"
"天文"	0	0	0	0	2	0.204	0.522	0.082	0.462	0.73	-0.093	-0.263	-0.036	-0.228	0.875	1.495	"5"
"天气"	0	0	0	0	2	0.204	0.522	0.082	0.462	0.73	-0.093	-0.263	-0.036	-0.228	0.875	1.495	"5"
"天线"	4	0	0	0	0	0.407	1.043	0.164	0.924	1.461	3.969	-0.525	-0.073	-0.456	-0.79	5.813	"1"
"奔来"	0	0	0	0	1	0.102	0.261	0.041	0.231	0.365	-0.047	-0.131	-0.018	-0.114	0.437	0.747	"5"
"好"	0	1	0	0	0	0.102	0.261	0.041	0.231	0.365	-0.047	0.584	-0.018	-0.114	-0.197	0.96	"2"
"娱乐税"	0	0	1	0	0	0.102	0.261	0.041	0.231	0.365	-0.047	-0.131	1.386	-0.114	-0.197	1.875	"3"
"存在"	0	0	0	1	0	0.102	0.261	0.041	0.231	0.365	-0.047	-0.131	-0.018	0.636	-0.197	1.029	"4"
"学"	0	1	0	2	0	0.305	0.783	0.123	0.693	1.096	-0.14	0.225	-0.055	0.868	-0.592	1.88	"4"
"学术"	0	0	0	2	0	0.204	0.522	0.082	0.462	0.73	-0.093	-0.263	-0.036	1.273	-0.395	2.06	"4"
"学生赛"	0	0	0	0	1	0.102	0.261	0.041	0.231	0.365	-0.047	-0.131	-0.018	-0.114	0.437	0.747	"5"
"学科"	0	0	0	2	0	0.204	0.522	0.082	0.462	0.73	-0.093	-0.263	-0.036	1.273	-0.395	2.06	"4"
"学者"	0	0	0	0	5	0.509	1.304	0.205	1.155	1.826	-0.233	-0.656	-0.091	-0.571	2.187	3.738	"5"
"宇宙"	0	0	0	1	0	0.102	0.261	0.041	0.231	0.365	-0.047	-0.131	-0.018	0.636	-0.197	1.029	"4"
"安全"	1	2	0	3	2	0.814	2.087	0.329	1.848	2.922	0.239	-0.186	-0.146	0.561	-0.407	1.539	"4"
"安排"	0	0	0	0	3	0.305	0.783	0.123	0.693	1.096	-0.14	-0.394	-0.055	-0.342	1.312	2.243	"5"
"宏观"	0	0	0	1	0	0.102	0.261	0.041	0.231	0.365	-0.047	-0.131	-0.018	0.636	-0.197	1.029	"4"
"宗旨"	0	1	0	0	0	0.102	0.261	0.041	0.231	0.365	-0.047	0.584	-0.018	-0.114	-0.197	0.96	"2"
"定义"	0	0	0	1	0	0.102	0.261	0.041	0.231	0.365	-0.047	-0.131	-0.018	0.636	-0.197	1.029	"4"
"定位为"	0	0	0	1	0	0.102	0.261	0.041	0.231	0.365	-0.047	-0.131	-0.018	0.636	-0.197	1.029	"4"
"定向"	1	0	0	0	0	0.102	0.261	0.041	0.231	0.365	0.992	-0.131	-0.018	-0.114	-0.197	1.452	"1"
"宝特瓶"	0	0	0	0	1	0.102	0.261	0.041	0.231	0.365	-0.047	-0.131	-0.018	-0.114	0.437	0.747	"5"
"实施"	1	0	1	0	0	0.204	0.522	0.082	0.462	0.73	0.714	-0.263	1.094	-0.228	-0.395	2.694	"3"
"实验"	0	0	0	1	0	0.102	0.261	0.041	0.231	0.365	-0.047	-0.131	-0.018	0.636	-0.197	1.029	"4"
"实验室"	0	0	0	1	0	0.102	0.261	0.041	0.231	0.365	-0.047	-0.131	-0.018	0.636	-0.197	1.029	"4"
"审计"	0	0	4	0	0	0.407	1.043	0.164	0.924	1.461	-0.186	-0.525	5.545	-0.456	-0.79	7.502	"3"
"宽"	1	0	0	0	2	0.305	0.783	0.123	0.693	1.096	0.56	-0.394	-0.055	-0.342	0.519	1.87	"1"
"宾馆"	0	0	0	0	1	0.102	0.261	0.041	0.231	0.365	-0.047	-0.131	-0.018	-0.114	0.437	0.747	"5"
"密切"	0	2	0	0	0	0.204	0.522	0.082	0.462	0.73	-0.093	1.167	-0.036	-0.228	-0.395	1.919	"2"
"密集型"	0	0	0	1	0	0.102	0.261	0.041	0.231	0.365	-0.047	-0.131	-0.018	0.636	-0.197	1.029	"4"
"对"	1	0	0	0	0	0.102	0.261	0.041	0.231	0.365	0.992	-0.131	-0.018	-0.114	-0.197	1.452	"1"
"对外"	0	2	0	0	0	0.204	0.522	0.082	0.462	0.73	-0.093	1.167	-0.036	-0.228	-0.395	1.919	"2"
"对话"	0	2	0	0	0	0.204	0.522	0.082	0.462	0.73	-0.093	1.167	-0.036	-0.228	-0.395	1.919	"2"
"射频"	0	0	0	2	0	0.204	0.522	0.082	0.462	0.73	-0.093	-0.263	-0.036	1.273	-0.395	2.06	"4"
"小"	0	0	0	0	2	0.204	0.522	0.082	0.462	0.73	-0.093	-0.263	-0.036	-0.228	0.875	1.495	"5"
"小时"	0	0	0	0	1	0.102	0.261	0.041	0.231	0.365	-0.047	-0.131	-0.018	-0.114	0.437	0.747	"5"
"尔等"	0	0	0	1	0	0.102	0.261	0.041	0.231	0.365	-0.047	-0.131	-0.018	0.636	-0.197	1.029	"4"
"尤其"	0	0	0	2	3	0.509	1.304	0.205	1.155	1.826	-0.233	-0.656	-0.091	0.485	0.586	2.051	"2"
"就业"	0	0	0	0	1	0.102	0.261	0.041	0.231	0.365	-0.047	-0.131	-0.018	-0.114	0.437	0.747	"5"
"局限"	0	0	0	0	1	0.102	0.261	0.041	0.231	0.365	-0.047	-0.131	-0.018	-0.114	0.437	0.747	"5"
"局限于"	0	0	0	0	1	0.102	0.261	0.041	0.231	0.365	-0.047	-0.131	-0.018	-0.114	0.437	0.747	"5"
"层次"	0	0	0	0	4	0.407	1.043	0.164	0.924	1.461	-0.186	-0.525	-0.073	-0.456	1.75	2.99	"5"
"屏东"	0	0	0	0	1	0.102	0.261	0.041	0.231	0.365	-0.047	-0.131	-0.018	-0.114	0.437	0.747	"5"
"展"	1	0	0	1	2	0.407	1.043	0.164	0.924	1.461	0.457	-0.525	-0.073	0.187	0.333	1.575	"2"
"展开"	2	1	0	0	0	0.305	0.783	0.123	0.693	1.096	1.538	0.225	-0.055	-0.342	-0.592	2.752	"1"
"属"	0	0	0	0	1	0.102	0.261	0.041	0.231	0.365	-0.047	-0.131	-0.018	-0.114	0.437	0.747	"5"
"属于"	0	0	1	0	5	0.611	1.565	0.247	1.386	2.191	-0.28	-0.788	0.653	-0.685	1.567	3.973	"5"
"山系"	0	0	0	0	1	0.102	0.261	0.041	0.231	0.365	-0.047	-0.131	-0.018	-0.114	0.437	0.747	"5"
"嵌入式"	0	0	0	1	0	0.102	0.261	0.041	0.231	0.365	-0.047	-0.131	-0.018	0.636	-0.197	1.029	"4"
"工业"	0	1	0	3	1	0.509	1.304	0.205	1.155	1.826	-0.233	-0.215	-0.091	1.073	-0.398	2.01	"4"
"工作"	0	0	0	0	1	0.102	0.261	0.041	0.231	0.365	-0.047	-0.131	-0.018	-0.114	0.437	0.747	"5"
"工作会议"	0	0	0	1	0	0.102	0.261	0.041	0.231	0.365	-0.047	-0.131	-0.018	0.636	-0.197	1.029	"4"
"工模"	0	0	0	0	1	0.102	0.261	0.041	0.231	0.365	-0.047	-0.131	-0.018	-0.114	0.437	0.747	"5"
"巨大"	0	2	0	0	0	0.204	0.522	0.082	0.462	0.73	-0.093	1.167	-0.036	-0.228	-0.395	1.919	"2"
"巨头"	0	1	0	0	0	0.102	0.261	0.041	0.231	0.365	-0.047	0.584	-0.018	-0.114	-0.197	0.96	"2"
"已"	1	0	0	0	0	0.102	0.261	0.041	0.231	0.365	0.992	-0.131	-0.018	-0.114	-0.197	1.452	"1"
"市"	1	0	1	0	1	0.305	0.783	0.123	0.693	1.096	0.56	-0.394	0.927	-0.342	-0.157	2.38	"3"
"市区"	0	0	0	0	1	0.102	0.261	0.041	0.231	0.365	-0.047	-0.131	-0.018	-0.114	0.437	0.747	"5"
"市场准入"	0	0	0	1	0	0.102	0.261	0.041	0.231	0.365	-0.047	-0.131	-0.018	0.636	-0.197	1.029	"4"
"市政"	0	0	0	1	0	0.102	0.261	0.041	0.231	0.365	-0.047	-0.131	-0.018	0.636	-0.197	1.029	"4"
"市镇会"	1	0	0	0	0	0.102	0.261	0.041	0.231	0.365	0.992	-0.131	-0.018	-0.114	-0.197	1.452	"1"
"布局"	0	0	1	0	0	0.102	0.261	0.041	0.231	0.365	-0.047	-0.131	1.386	-0.114	-0.197	1.875	"3"
"布阵"	0	0	0	0	1	0.102	0.261	0.041	0.231	0.365	-0.047	-0.131	-0.018	-0.114	0.437	0.747	"5"
"帆船"	0	0	0	0	1	0.102	0.261	0.041	0.231	0.365	-0.047	-0.131	-0.018	-0.114	0.437	0.747	"5"
"干扰"	0	0	0	0	1	0.102	0.261	0.041	0.231	0.365	-0.047	-0.131	-0.018	-0.114	0.437	0.747	"5"
"干管"	0	0	0	0	1	0.102	0.261	0.041	0.231	0.365	-0.047	-0.131	-0.018	-0.114	0.437	0.747	"5"
"干预"	1	0	0	0	1	0.204	0.522	0.082	0.462	0.73	0.714	-0.263	-0.036	-0.228	0.224	1.465	"1"
"平方公里"	2	0	0	0	0	0.204	0.522	0.082	0.462	0.73	1.985	-0.263	-0.036	-0.228	-0.395	2.907	"1"
"年资"	0	0	1	0	0	0.102	0.261	0.041	0.231	0.365	-0.047	-0.131	1.386	-0.114	-0.197	1.875	"3"
"广"	0	0	0	0	11	1.119	2.869	0.452	2.542	4.018	-0.513	-1.444	-0.2	-1.255	4.812	8.224	"5"
"广度"	0	0	0	1	0	0.102	0.261	0.041	0.231	0.365	-0.047	-0.131	-0.018	0.636	-0.197	1.029	"4"
"广泛"	1	2	0	1	1	0.509	1.304	0.205	1.155	1.826	0.382	0.409	-0.091	-0.172	-0.398	1.452	"2"
"广阔"	0	0	0	0	1	0.102	0.261	0.041	0.231	0.365	-0.047	-0.131	-0.018	-0.114	0.437	0.747	"5"
"应当"	1	0	0	0	0	0.102	0.261	0.041	0.231	0.365	0.992	-0.131	-0.018	-0.114	-0.197	1.452	"1"
"应用"	0	0	0	3	0	0.305	0.783	0.123	0.693	1.096	-0.14	-0.394	-0.055	1.909	-0.592	3.09	"4"
"庙"	0	0	0	0	2	0.204	0.522	0.082	0.462	0.73	-0.093	-0.263	-0.036	-0.228	0.875	1.495	"5"
"座位"	0	0	0	0	1	0.102	0.261	0.041	0.231	0.365	-0.047	-0.131	-0.018	-0.114	0.437	0.747	"5"
"建构"	0	0	0	1	0	0.102	0.261	0.041	0.231	0.365	-0.047	-0.131	-0.018	0.636	-0.197	1.029	"4"
"建照"	0	0	0	0	1	0.102	0.261	0.041	0.231	0.365	-0.047	-0.131	-0.018	-0.114	0.437	0.747	"5"
"建盖"	1	0	0	0	0	0.102	0.261	0.041	0.231	0.365	0.992	-0.131	-0.018	-0.114	-0.197	1.452	"1"
"建筑"	0	0	0	2	0	0.204	0.522	0.082	0.462	0.73	-0.093	-0.263	-0.036	1.273	-0.395	2.06	"4"
"建设税"	0	0	1	0	0	0.102	0.261	0.041	0.231	0.365	-0.047	-0.131	1.386	-0.114	-0.197	1.875	"3"
"开发"	0	3	0	3	0	0.611	1.565	0.247	1.386	2.191	-0.28	0.728	-0.109	0.852	-1.184	3.153	"5"
"开发出"	0	0	0	1	0	0.102	0.261	0.041	0.231	0.365	-0.047	-0.131	-0.018	0.636	-0.197	1.029	"4"
"开垦"	0	0	0	0	1	0.102	0.261	0.041	0.231	0.365	-0.047	-0.131	-0.018	-0.114	0.437	0.747	"5"
"开展"	3	12	0	0	0	1.527	3.913	0.616	3.466	5.479	0.719	4.704	-0.273	-1.712	-2.961	10.369	"2"
"开放"	0	0	0	4	4	0.814	2.087	0.329	1.848	2.922	-0.373	-1.05	-0.146	1.049	0.486	3.104	"2"
"开辟"	0	0	0	0	1	0.102	0.261	0.041	0.231	0.365	-0.047	-0.131	-0.018	-0.114	0.437	0.747	"5"
"引入"	0	0	0	1	0	0.102	0.261	0.041	0.231	0.365	-0.047	-0.131	-0.018	0.636	-0.197	1.029	"4"
"引爆"	0	0	0	0	3	0.305	0.783	0.123	0.693	1.096	-0.14	-0.394	-0.055	-0.342	1.312	2.243	"5"
"引领"	0	0	0	0	1	0.102	0.261	0.041	0.231	0.365	-0.047	-0.131	-0.018	-0.114	0.437	0.747	"5"
"张学劳"	0	0	0	0	1	0.102	0.261	0.041	0.231	0.365	-0.047	-0.131	-0.018	-0.114	0.437	0.747	"5"
"强制"	0	0	1	0	0	0.102	0.261	0.041	0.231	0.365	-0.047	-0.131	1.386	-0.114	-0.197	1.875	"3"
"强度"	0	0	0	0	4	0.407	1.043	0.164	0.924	1.461	-0.186	-0.525	-0.073	-0.456	1.75	2.99	"5"
"强项"	0	0	0	0	1	0.102	0.261	0.041	0.231	0.365	-0.047	-0.131	-0.018	-0.114	0.437	0.747	"5"
"形成"	0	0	0	0	1	0.102	0.261	0.041	0.231	0.365	-0.047	-0.131	-0.018	-0.114	0.437	0.747	"5"
"往来"	0	1	0	0	0	0.102	0.261	0.041	0.231	0.365	-0.047	0.584	-0.018	-0.114	-0.197	0.96	"2"
"征收"	0	0	1	0	0	0.102	0.261	0.041	0.231	0.365	-0.047	-0.131	1.386	-0.114	-0.197	1.875	"3"
"待"	0	0	0	0	1	0.102	0.261	0.041	0.231	0.365	-0.047	-0.131	-0.018	-0.114	0.437	0.747	"5"
"微波"	0	0	0	1	0	0.102	0.261	0.041	0.231	0.365	-0.047	-0.131	-0.018	0.636	-0.197	1.029	"4"
"微电子"	0	0	0	1	0	0.102	0.261	0.041	0.231	0.365	-0.047	-0.131	-0.018	0.636	-0.197	1.029	"4"
"德米特"	0	1	0	0	0	0.102	0.261	0.041	0.231	0.365	-0.047	0.584	-0.018	-0.114	-0.197	0.96	"2"
"忙"	0	0	0	0	1	0.102	0.261	0.041	0.231	0.365	-0.047	-0.131	-0.018	-0.114	0.437	0.747	"5"
"急诊部"	0	0	0	1	0	0.102	0.261	0.041	0.231	0.365	-0.047	-0.131	-0.018	0.636	-0.197	1.029	"4"
"意味"	0	0	0	0	2	0.204	0.522	0.082	0.462	0.73	-0.093	-0.263	-0.036	-0.228	0.875	1.495	"5"
"成就"	0	0	0	0	3	0.305	0.783	0.123	0.693	1.096	-0.14	-0.394	-0.055	-0.342	1.312	2.243	"5"
"成效"	0	1	0	0	1	0.204	0.522	0.082	0.462	0.73	-0.093	0.343	-0.036	-0.228	0.224	0.924	"2"
"成果"	0	3	0	1	0	0.407	1.043	0.164	0.924	1.461	-0.186	1.243	-0.073	0.187	-0.79	2.479	"2"
"我国"	0	0	0	5	2	0.712	1.826	0.288	1.617	2.557	-0.326	-0.919	-0.128	2.044	-0.303	3.72	"4"
"所"	0	0	0	1	0	0.102	0.261	0.041	0.231	0.365	-0.047	-0.131	-0.018	0.636	-0.197	1.029	"4"
"才能"	0	0	0	0	1	0.102	0.261	0.041	0.231	0.365	-0.047	-0.131	-0.018	-0.114	0.437	0.747	"5"
"打击"	0	0	0	0	2	0.204	0.522	0.082	0.462	0.73	-0.093	-0.263	-0.036	-0.228	0.875	1.495	"5"
"执行"	0	0	1	0	0	0.102	0.261	0.041	0.231	0.365	-0.047	-0.131	1.386	-0.114	-0.197	1.875	"3"
"扩"	0	0	0	0	1	0.102	0.261	0.041	0.231	0.365	-0.047	-0.131	-0.018	-0.114	0.437	0.747	"5"
"扩大"	0	5	24	0	2	3.155	8.086	1.274	7.163	11.323	-1.445	-0.842	26.974	-3.537	-3.882	36.68	"3"
"扩大到"	0	0	0	0	3	0.305	0.783	0.123	0.693	1.096	-0.14	-0.394	-0.055	-0.342	1.312	2.243	"5"
"扩展"	0	1	0	3	0	0.407	1.043	0.164	0.924	1.461	-0.186	-0.143	-0.073	1.389	-0.79	2.581	"4"
"扩张"	0	0	0	0	1	0.102	0.261	0.041	0.231	0.365	-0.047	-0.131	-0.018	-0.114	0.437	0.747	"5"
"扩散"	0	0	0	0	1	0.102	0.261	0.041	0.231	0.365	-0.047	-0.131	-0.018	-0.114	0.437	0.747	"5"
"批准"	0	0	0	1	0	0.102	0.261	0.041	0.231	0.365	-0.047	-0.131	-0.018	0.636	-0.197	1.029	"4"
"承销"	0	0	0	0	1	0.102	0.261	0.041	0.231	0.365	-0.047	-0.131	-0.018	-0.114	0.437	0.747	"5"
"技"	0	1	0	1	0	0.204	0.522	0.082	0.462	0.73	-0.093	0.343	-0.036	0.389	-0.395	1.256	"5"
"技术"	0	2	0	15	1	1.832	4.695	0.74	4.159	6.574	-0.839	-0.941	-0.328	6.95	-2.498	11.556	"4"
"投"	0	0	0	1	0	0.102	0.261	0.041	0.231	0.365	-0.047	-0.131	-0.018	0.636	-0.197	1.029	"4"
"投标"	0	0	0	0	2	0.204	0.522	0.082	0.462	0.73	-0.093	-0.263	-0.036	-0.228	0.875	1.495	"5"
"投资"	0	2	0	14	1	1.73	4.434	0.698	3.928	6.209	-0.792	-0.852	-0.31	6.391	-2.323	10.668	"4"
"抵抗"	1	0	0	0	0	0.102	0.261	0.041	0.231	0.365	0.992	-0.131	-0.018	-0.114	-0.197	1.452	"1"
"拍摄"	0	0	0	0	1	0.102	0.261	0.041	0.231	0.365	-0.047	-0.131	-0.018	-0.114	0.437	0.747	"5"
"拒绝"	0	0	0	0	1	0.102	0.261	0.041	0.231	0.365	-0.047	-0.131	-0.018	-0.114	0.437	0.747	"5"
"拓宽"	1	3	1	0	0	0.509	1.304	0.205	1.155	1.826	0.382	0.938	0.723	-0.571	-0.987	3.601	"5"
"拓展"	0	0	0	3	0	0.305	0.783	0.123	0.693	1.096	-0.14	-0.394	-0.055	1.909	-0.592	3.09	"4"
"拓进"	0	0	0	1	0	0.102	0.261	0.041	0.231	0.365	-0.047	-0.131	-0.018	0.636	-0.197	1.029	"4"
"招标集"	0	0	1	0	0	0.102	0.261	0.041	0.231	0.365	-0.047	-0.131	1.386	-0.114	-0.197	1.875	"3"
"招生"	0	0	0	0	1	0.102	0.261	0.041	0.231	0.365	-0.047	-0.131	-0.018	-0.114	0.437	0.747	"5"
"括"	0	0	0	0	1	0.102	0.261	0.041	0.231	0.365	-0.047	-0.131	-0.018	-0.114	0.437	0.747	"5"
"指定"	0	0	0	0	2	0.204	0.522	0.082	0.462	0.73	-0.093	-0.263	-0.036	-0.228	0.875	1.495	"5"
"按照"	0	0	0	0	1	0.102	0.261	0.041	0.231	0.365	-0.047	-0.131	-0.018	-0.114	0.437	0.747	"5"
"换届"	1	0	0	0	0	0.102	0.261	0.041	0.231	0.365	0.992	-0.131	-0.018	-0.114	-0.197	1.452	"1"
"探听"	0	0	0	0	1	0.102	0.261	0.041	0.231	0.365	-0.047	-0.131	-0.018	-0.114	0.437	0.747	"5"
"探测"	0	0	0	0	1	0.102	0.261	0.041	0.231	0.365	-0.047	-0.131	-0.018	-0.114	0.437	0.747	"5"
"探索"	0	1	0	0	1	0.204	0.522	0.082	0.462	0.73	-0.093	0.343	-0.036	-0.228	0.224	0.924	"2"
"探讨"	0	2	0	1	0	0.305	0.783	0.123	0.693	1.096	-0.14	0.773	-0.055	0.263	-0.592	1.823	"2"
"接触者"	0	0	1	0	0	0.102	0.261	0.041	0.231	0.365	-0.047	-0.131	1.386	-0.114	-0.197	1.875	"3"
"控制"	1	0	0	0	1	0.204	0.522	0.082	0.462	0.73	0.714	-0.263	-0.036	-0.228	0.224	1.465	"1"
"推动"	0	1	0	1	1	0.305	0.783	0.123	0.693	1.096	-0.14	0.225	-0.055	0.263	-0.157	0.84	"4"
"提供"	0	0	0	1	1	0.204	0.522	0.082	0.462	0.73	-0.093	-0.263	-0.036	0.389	0.224	1.005	"4"
"提前"	0	0	0	0	1	0.102	0.261	0.041	0.231	0.365	-0.047	-0.131	-0.018	-0.114	0.437	0.747	"5"
"揭幕"	0	0	0	0	1	0.102	0.261	0.041	0.231	0.365	-0.047	-0.131	-0.018	-0.114	0.437	0.747	"5"
"携手"	0	0	0	0	1	0.102	0.261	0.041	0.231	0.365	-0.047	-0.131	-0.018	-0.114	0.437	0.747	"5"
"操场"	0	0	0	0	1	0.102	0.261	0.041	0.231	0.365	-0.047	-0.131	-0.018	-0.114	0.437	0.747	"5"
"攀登"	0	0	0	0	1	0.102	0.261	0.041	0.231	0.365	-0.047	-0.131	-0.018	-0.114	0.437	0.747	"5"
"收"	0	0	0	0	1	0.102	0.261	0.041	0.231	0.365	-0.047	-0.131	-0.018	-0.114	0.437	0.747	"5"
"收费"	1	0	0	0	0	0.102	0.261	0.041	0.231	0.365	0.992	-0.131	-0.018	-0.114	-0.197	1.452	"1"
"改善"	0	0	0	0	1	0.102	0.261	0.041	0.231	0.365	-0.047	-0.131	-0.018	-0.114	0.437	0.747	"5"
"改革"	0	0	0	1	4	0.509	1.304	0.205	1.155	1.826	-0.233	-0.656	-0.091	-0.172	1.201	2.353	"5"
"放款"	0	0	1	0	0	0.102	0.261	0.041	0.231	0.365	-0.047	-0.131	1.386	-0.114	-0.197	1.875	"3"
"政治"	0	10	0	2	3	1.527	3.913	0.616	3.466	5.479	-0.699	2.943	-0.273	-0.536	-0.843	5.294	"2"
"救助"	0	0	0	0	1	0.102	0.261	0.041	0.231	0.365	-0.047	-0.131	-0.018	-0.114	0.437	0.747	"5"
"教堂"	0	0	0	0	1	0.102	0.261	0.041	0.231	0.365	-0.047	-0.131	-0.018	-0.114	0.437	0.747	"5"
"教学"	0	0	0	2	0	0.204	0.522	0.082	0.462	0.73	-0.093	-0.263	-0.036	1.273	-0.395	2.06	"4"
"教科书"	0	0	1	0	0	0.102	0.261	0.041	0.231	0.365	-0.047	-0.131	1.386	-0.114	-0.197	1.875	"3"
"教育"	0	6	0	6	1	1.323	3.391	0.534	3.004	4.748	-0.606	1.02	-0.237	1.242	-1.638	4.743	"5"
"教育局"	0	0	0	0	1	0.102	0.261	0.041	0.231	0.365	-0.047	-0.131	-0.018	-0.114	0.437	0.747	"5"
"教规"	0	0	0	0	1	0.102	0.261	0.041	0.231	0.365	-0.047	-0.131	-0.018	-0.114	0.437	0.747	"5"
"数值"	1	0	0	0	0	0.102	0.261	0.041	0.231	0.365	0.992	-0.131	-0.018	-0.114	-0.197	1.452	"1"
"数量"	0	0	0	0	1	0.102	0.261	0.041	0.231	0.365	-0.047	-0.131	-0.018	-0.114	0.437	0.747	"5"
"整顿"	1	0	0	0	0	0.102	0.261	0.041	0.231	0.365	0.992	-0.131	-0.018	-0.114	-0.197	1.452	"1"
"文化"	0	9	0	5	1	1.527	3.913	0.616	3.466	5.479	-0.699	2.244	-0.273	0.597	-1.977	5.79	"2"
"文学"	0	0	0	1	0	0.102	0.261	0.041	0.231	0.365	-0.047	-0.131	-0.018	0.636	-0.197	1.029	"4"
"断定"	0	0	0	0	1	0.102	0.261	0.041	0.231	0.365	-0.047	-0.131	-0.018	-0.114	0.437	0.747	"5"
"新"	0	8	0	5	8	2.137	5.478	0.863	4.852	7.67	-0.979	0.804	-0.383	0.257	0.282	2.705	"1"
"新元"	0	0	0	0	3	0.305	0.783	0.123	0.693	1.096	-0.14	-0.394	-0.055	-0.342	1.312	2.243	"5"
"新兴"	0	0	0	3	0	0.305	0.783	0.123	0.693	1.096	-0.14	-0.394	-0.055	1.909	-0.592	3.09	"4"
"新店"	0	0	0	0	1	0.102	0.261	0.041	0.231	0.365	-0.047	-0.131	-0.018	-0.114	0.437	0.747	"5"
"新材料"	0	0	0	1	0	0.102	0.261	0.041	0.231	0.365	-0.047	-0.131	-0.018	0.636	-0.197	1.029	"4"
"方泰霖"	0	0	0	0	1	0.102	0.261	0.041	0.231	0.365	-0.047	-0.131	-0.018	-0.114	0.437	0.747	"5"
"施作"	0	0	0	0	1	0.102	0.261	0.041	0.231	0.365	-0.047	-0.131	-0.018	-0.114	0.437	0.747	"5"
"施工"	3	0	0	0	0	0.305	0.783	0.123	0.693	1.096	2.977	-0.394	-0.055	-0.342	-0.592	4.36	"1"
"旁边"	0	0	0	0	1	0.102	0.261	0.041	0.231	0.365	-0.047	-0.131	-0.018	-0.114	0.437	0.747	"5"
"旅游"	0	2	0	2	0	0.407	1.043	0.164	0.924	1.461	-0.186	0.553	-0.073	0.638	-0.79	2.24	"5"
"旅游业"	0	0	0	1	0	0.102	0.261	0.041	0.231	0.365	-0.047	-0.131	-0.018	0.636	-0.197	1.029	"4"
"无与伦比"	1	0	0	0	0	0.102	0.261	0.041	0.231	0.365	0.992	-0.131	-0.018	-0.114	-0.197	1.452	"1"
"无数"	0	0	0	0	2	0.204	0.522	0.082	0.462	0.73	-0.093	-0.263	-0.036	-0.228	0.875	1.495	"5"
"无法"	0	0	0	0	1	0.102	0.261	0.041	0.231	0.365	-0.047	-0.131	-0.018	-0.114	0.437	0.747	"5"
"无线"	0	0	0	1	0	0.102	0.261	0.041	0.231	0.365	-0.047	-0.131	-0.018	0.636	-0.197	1.029	"4"
"日益"	0	0	1	0	0	0.102	0.261	0.041	0.231	0.365	-0.047	-0.131	1.386	-0.114	-0.197	1.875	"3"
"明定"	0	0	1	0	0	0.102	0.261	0.041	0.231	0.365	-0.047	-0.131	1.386	-0.114	-0.197	1.875	"3"
"昨"	0	0	0	0	1	0.102	0.261	0.041	0.231	0.365	-0.047	-0.131	-0.018	-0.114	0.437	0.747	"5"
"显著"	0	0	0	1	2	0.305	0.783	0.123	0.693	1.096	-0.14	-0.394	-0.055	0.263	0.519	1.371	"5"
"晨"	0	0	0	0	1	0.102	0.261	0.041	0.231	0.365	-0.047	-0.131	-0.018	-0.114	0.437	0.747	"5"
"晶体管"	0	0	0	1	0	0.102	0.261	0.041	0.231	0.365	-0.047	-0.131	-0.018	0.636	-0.197	1.029	"4"
"暴风"	0	0	0	0	1	0.102	0.261	0.041	0.231	0.365	-0.047	-0.131	-0.018	-0.114	0.437	0.747	"5"
"更"	5	0	0	0	8	1.323	3.391	0.534	3.004	4.748	2.157	-1.706	-0.237	-1.483	1.229	6.812	"1"
"更加"	0	2	0	0	0	0.204	0.522	0.082	0.462	0.73	-0.093	1.167	-0.036	-0.228	-0.395	1.919	"2"
"更深"	0	0	0	0	1	0.102	0.261	0.041	0.231	0.365	-0.047	-0.131	-0.018	-0.114	0.437	0.747	"5"
"最初"	0	0	0	1	0	0.102	0.261	0.041	0.231	0.365	-0.047	-0.131	-0.018	0.636	-0.197	1.029	"4"
"有价证券"	0	0	1	0	0	0.102	0.261	0.041	0.231	0.365	-0.047	-0.131	1.386	-0.114	-0.197	1.875	"3"
"有利可图"	0	0	0	0	1	0.102	0.261	0.041	0.231	0.365	-0.047	-0.131	-0.018	-0.114	0.437	0.747	"5"
"有助于"	0	0	0	1	0	0.102	0.261	0.041	0.231	0.365	-0.047	-0.131	-0.018	0.636	-0.197	1.029	"4"
"有所"	0	0	0	0	4	0.407	1.043	0.164	0.924	1.461	-0.186	-0.525	-0.073	-0.456	1.75	2.99	"5"
"有限"	0	0	0	0	1	0.102	0.261	0.041	0.231	0.365	-0.047	-0.131	-0.018	-0.114	0.437	0.747	"5"
"服务"	4	0	0	13	2	1.934	4.956	0.781	4.39	6.94	0.918	-2.494	-0.346	4.465	-1.914	10.137	"4"
"服务业"	0	0	1	2	0	0.305	0.783	0.123	0.693	1.096	-0.14	-0.394	0.927	0.868	-0.592	2.921	"3"
"服务器"	0	0	0	1	0	0.102	0.261	0.041	0.231	0.365	-0.047	-0.131	-0.018	0.636	-0.197	1.029	"4"
"朝"	0	0	0	1	0	0.102	0.261	0.041	0.231	0.365	-0.047	-0.131	-0.018	0.636	-0.197	1.029	"4"
"朝发夕至"	1	0	0	0	0	0.102	0.261	0.041	0.231	0.365	0.992	-0.131	-0.018	-0.114	-0.197	1.452	"1"
"未必"	0	0	0	0	1	0.102	0.261	0.041	0.231	0.365	-0.047	-0.131	-0.018	-0.114	0.437	0.747	"5"
"未知"	0	0	0	0	1	0.102	0.261	0.041	0.231	0.365	-0.047	-0.131	-0.018	-0.114	0.437	0.747	"5"
"机械"	0	1	0	2	0	0.305	0.783	0.123	0.693	1.096	-0.14	0.225	-0.055	0.868	-0.592	1.88	"4"
"机遇"	0	1	0	0	0	0.102	0.261	0.041	0.231	0.365	-0.047	0.584	-0.018	-0.114	-0.197	0.96	"2"
"权责"	0	0	0	0	1	0.102	0.261	0.041	0.231	0.365	-0.047	-0.131	-0.018	-0.114	0.437	0.747	"5"
"材料"	0	0	0	2	0	0.204	0.522	0.082	0.462	0.73	-0.093	-0.263	-0.036	1.273	-0.395	2.06	"4"
"条例"	0	0	2	0	0	0.204	0.522	0.082	0.462	0.73	-0.093	-0.263	2.773	-0.228	-0.395	3.752	"3"
"杨洁篪"	0	1	0	0	0	0.102	0.261	0.041	0.231	0.365	-0.047	0.584	-0.018	-0.114	-0.197	0.96	"2"
"杰出"	0	0	0	0	1	0.102	0.261	0.041	0.231	0.365	-0.047	-0.131	-0.018	-0.114	0.437	0.747	"5"
"林良实"	0	0	0	0	1	0.102	0.261	0.041	0.231	0.365	-0.047	-0.131	-0.018	-0.114	0.437	0.747	"5"
"某些"	0	0	0	0	3	0.305	0.783	0.123	0.693	1.096	-0.14	-0.394	-0.055	-0.342	1.312	2.243	"5"
"染"	0	0	0	0	1	0.102	0.261	0.041	0.231	0.365	-0.047	-0.131	-0.018	-0.114	0.437	0.747	"5"
"查办"	0	0	0	0	2	0.204	0.522	0.082	0.462	0.73	-0.093	-0.263	-0.036	-0.228	0.875	1.495	"5"
"标准"	0	0	0	0	1	0.102	0.261	0.041	0.231	0.365	-0.047	-0.131	-0.018	-0.114	0.437	0.747	"5"
"标出"	0	0	1	0	0	0.102	0.261	0.041	0.231	0.365	-0.047	-0.131	1.386	-0.114	-0.197	1.875	"3"
"标志"	0	1	0	2	0	0.305	0.783	0.123	0.693	1.096	-0.14	0.225	-0.055	0.868	-0.592	1.88	"4"
"标赛"	0	0	0	0	1	0.102	0.261	0.041	0.231	0.365	-0.047	-0.131	-0.018	-0.114	0.437	0.747	"5"
"核能"	0	1	0	0	0	0.102	0.261	0.041	0.231	0.365	-0.047	0.584	-0.018	-0.114	-0.197	0.96	"2"
"楚国"	0	0	0	0	1	0.102	0.261	0.041	0.231	0.365	-0.047	-0.131	-0.018	-0.114	0.437	0.747	"5"
"概"	0	0	0	0	1	0.102	0.261	0.041	0.231	0.365	-0.047	-0.131	-0.018	-0.114	0.437	0.747	"5"
"横跨"	0	0	0	0	1	0.102	0.261	0.041	0.231	0.365	-0.047	-0.131	-0.018	-0.114	0.437	0.747	"5"
"次数"	0	0	0	0	3	0.305	0.783	0.123	0.693	1.096	-0.14	-0.394	-0.055	-0.342	1.312	2.243	"5"
"此后"	0	0	0	0	1	0.102	0.261	0.041	0.231	0.365	-0.047	-0.131	-0.018	-0.114	0.437	0.747	"5"
"步伐"	0	0	0	0	1	0.102	0.261	0.041	0.231	0.365	-0.047	-0.131	-0.018	-0.114	0.437	0.747	"5"
"殡葬"	0	0	0	1	0	0.102	0.261	0.041	0.231	0.365	-0.047	-0.131	-0.018	0.636	-0.197	1.029	"4"
"殡葬业"	0	0	0	1	0	0.102	0.261	0.041	0.231	0.365	-0.047	-0.131	-0.018	0.636	-0.197	1.029	"4"
"段"	1	0	0	0	0	0.102	0.261	0.041	0.231	0.365	0.992	-0.131	-0.018	-0.114	-0.197	1.452	"1"
"比赛"	0	0	0	0	10	1.018	2.608	0.411	2.311	3.652	-0.466	-1.313	-0.182	-1.141	4.374	7.476	"5"
"民商事"	0	0	0	0	1	0.102	0.261	0.041	0.231	0.365	-0.047	-0.131	-0.018	-0.114	0.437	0.747	"5"
"民用"	0	1	0	0	0	0.102	0.261	0.041	0.231	0.365	-0.047	0.584	-0.018	-0.114	-0.197	0.96	"2"
"民粹"	0	0	0	0	1	0.102	0.261	0.041	0.231	0.365	-0.047	-0.131	-0.018	-0.114	0.437	0.747	"5"
"民营经济"	0	0	0	1	0	0.102	0.261	0.041	0.231	0.365	-0.047	-0.131	-0.018	0.636	-0.197	1.029	"4"
"水上"	0	0	0	0	1	0.102	0.261	0.041	0.231	0.365	-0.047	-0.131	-0.018	-0.114	0.437	0.747	"5"
"水库"	0	0	0	0	1	0.102	0.261	0.041	0.231	0.365	-0.047	-0.131	-0.018	-0.114	0.437	0.747	"5"
"汇率"	0	0	0	0	2	0.204	0.522	0.082	0.462	0.73	-0.093	-0.263	-0.036	-0.228	0.875	1.495	"5"
"汉光"	0	0	0	0	1	0.102	0.261	0.041	0.231	0.365	-0.047	-0.131	-0.018	-0.114	0.437	0.747	"5"
"沙尘"	0	0	0	0	2	0.204	0.522	0.082	0.462	0.73	-0.093	-0.263	-0.036	-0.228	0.875	1.495	"5"
"沙尘暴"	0	1	0	0	0	0.102	0.261	0.041	0.231	0.365	-0.047	0.584	-0.018	-0.114	-0.197	0.96	"2"
"油气"	0	0	0	1	0	0.102	0.261	0.041	0.231	0.365	-0.047	-0.131	-0.018	0.636	-0.197	1.029	"4"
"法律"	0	0	0	2	1	0.305	0.783	0.123	0.693	1.096	-0.14	-0.394	-0.055	0.868	-0.157	1.614	"4"
"法规"	1	0	0	0	0	0.102	0.261	0.041	0.231	0.365	0.992	-0.131	-0.018	-0.114	-0.197	1.452	"1"
"泛"	0	0	0	0	1	0.102	0.261	0.041	0.231	0.365	-0.047	-0.131	-0.018	-0.114	0.437	0.747	"5"
"波动"	0	0	0	0	2	0.204	0.522	0.082	0.462	0.73	-0.093	-0.263	-0.036	-0.228	0.875	1.495	"5"
"波动性"	0	0	0	0	1	0.102	0.261	0.041	0.231	0.365	-0.047	-0.131	-0.018	-0.114	0.437	0.747	"5"
"波及"	0	0	0	0	1	0.102	0.261	0.041	0.231	0.365	-0.047	-0.131	-0.018	-0.114	0.437	0.747	"5"
"注册"	1	0	0	1	0	0.204	0.522	0.082	0.462	0.73	0.714	-0.263	-0.036	0.389	-0.395	1.797	"1"
"注重"	0	0	0	1	1	0.204	0.522	0.082	0.462	0.73	-0.093	-0.263	-0.036	0.389	0.224	1.005	"4"
"泰安国"	0	0	0	0	1	0.102	0.261	0.041	0.231	0.365	-0.047	-0.131	-0.018	-0.114	0.437	0.747	"5"
"洄游"	0	0	0	0	1	0.102	0.261	0.041	0.231	0.365	-0.047	-0.131	-0.018	-0.114	0.437	0.747	"5"
"活"	0	0	0	0	1	0.102	0.261	0.041	0.231	0.365	-0.047	-0.131	-0.018	-0.114	0.437	0.747	"5"
"活动"	2	0	0	1	4	0.712	1.826	0.288	1.617	2.557	0.812	-0.919	-0.128	-0.307	0.646	2.812	"2"
"活动期"	0	0	0	0	1	0.102	0.261	0.041	0.231	0.365	-0.047	-0.131	-0.018	-0.114	0.437	0.747	"5"
"活跃"	0	1	0	0	1	0.204	0.522	0.082	0.462	0.73	-0.093	0.343	-0.036	-0.228	0.224	0.924	"2"
"流动"	0	0	0	0	1	0.102	0.261	0.041	0.231	0.365	-0.047	-0.131	-0.018	-0.114	0.437	0.747	"5"
"流通"	0	0	0	0	2	0.204	0.522	0.082	0.462	0.73	-0.093	-0.263	-0.036	-0.228	0.875	1.495	"5"
"浪漫"	0	0	0	0	1	0.102	0.261	0.041	0.231	0.365	-0.047	-0.131	-0.018	-0.114	0.437	0.747	"5"
"浮动"	1	0	0	0	1	0.204	0.522	0.082	0.462	0.73	0.714	-0.263	-0.036	-0.228	0.224	1.465	"1"
"海事"	0	0	0	2	0	0.204	0.522	0.082	0.462	0.73	-0.093	-0.263	-0.036	1.273	-0.395	2.06	"4"
"海指"	0	0	0	0	1	0.102	0.261	0.041	0.231	0.365	-0.047	-0.131	-0.018	-0.114	0.437	0.747	"5"
"消协"	0	0	0	0	1	0.102	0.261	0.041	0.231	0.365	-0.047	-0.131	-0.018	-0.114	0.437	0.747	"5"
"消费"	0	0	0	1	0	0.102	0.261	0.041	0.231	0.365	-0.047	-0.131	-0.018	0.636	-0.197	1.029	"4"
"涉"	0	0	0	1	0	0.102	0.261	0.041	0.231	0.365	-0.047	-0.131	-0.018	0.636	-0.197	1.029	"4"
"涉及"	0	1	0	2	4	0.712	1.826	0.288	1.617	2.557	-0.326	-0.378	-0.128	0.295	0.646	1.773	"5"
"涉足"	0	0	0	2	0	0.204	0.522	0.082	0.462	0.73	-0.093	-0.263	-0.036	1.273	-0.395	2.06	"4"
"涵盖"	0	0	0	2	4	0.611	1.565	0.247	1.386	2.191	-0.28	-0.788	-0.109	0.376	0.871	2.424	"5"
"深入"	0	1	0	0	0	0.102	0.261	0.041	0.231	0.365	-0.047	0.584	-0.018	-0.114	-0.197	0.96	"2"
"深化"	0	2	0	0	0	0.204	0.522	0.082	0.462	0.73	-0.093	1.167	-0.036	-0.228	-0.395	1.919	"2"
"深层"	0	0	0	0	1	0.102	0.261	0.041	0.231	0.365	-0.047	-0.131	-0.018	-0.114	0.437	0.747	"5"
"深度"	0	0	0	0	1	0.102	0.261	0.041	0.231	0.365	-0.047	-0.131	-0.018	-0.114	0.437	0.747	"5"
"深港"	0	1	0	0	0	0.102	0.261	0.041	0.231	0.365	-0.047	0.584	-0.018	-0.114	-0.197	0.96	"2"
"深陷"	0	0	0	0	1	0.102	0.261	0.041	0.231	0.365	-0.047	-0.131	-0.018	-0.114	0.437	0.747	"5"
"淹没"	0	0	0	0	1	0.102	0.261	0.041	0.231	0.365	-0.047	-0.131	-0.018	-0.114	0.437	0.747	"5"
"清水"	0	0	0	0	1	0.102	0.261	0.041	0.231	0.365	-0.047	-0.131	-0.018	-0.114	0.437	0.747	"5"
"清洁"	0	0	0	0	1	0.102	0.261	0.041	0.231	0.365	-0.047	-0.131	-0.018	-0.114	0.437	0.747	"5"
"清理"	1	0	0	0	0	0.102	0.261	0.041	0.231	0.365	0.992	-0.131	-0.018	-0.114	-0.197	1.452	"1"
"温度"	0	0	0	0	1	0.102	0.261	0.041	0.231	0.365	-0.047	-0.131	-0.018	-0.114	0.437	0.747	"5"
"游泳"	0	0	0	0	1	0.102	0.261	0.041	0.231	0.365	-0.047	-0.131	-0.018	-0.114	0.437	0.747	"5"
"游线"	0	0	0	0	1	0.102	0.261	0.041	0.231	0.365	-0.047	-0.131	-0.018	-0.114	0.437	0.747	"5"
"湖北省"	0	0	0	0	1	0.102	0.261	0.041	0.231	0.365	-0.047	-0.131	-0.018	-0.114	0.437	0.747	"5"
"湿烂"	0	0	0	0	1	0.102	0.261	0.041	0.231	0.365	-0.047	-0.131	-0.018	-0.114	0.437	0.747	"5"
"演"	0	0	0	0	1	0.102	0.261	0.041	0.231	0.365	-0.047	-0.131	-0.018	-0.114	0.437	0.747	"5"
"演习"	0	0	0	0	1	0.102	0.261	0.041	0.231	0.365	-0.047	-0.131	-0.018	-0.114	0.437	0.747	"5"
"演出"	0	0	0	0	1	0.102	0.261	0.041	0.231	0.365	-0.047	-0.131	-0.018	-0.114	0.437	0.747	"5"
"潜力"	0	2	0	0	0	0.204	0.522	0.082	0.462	0.73	-0.093	1.167	-0.036	-0.228	-0.395	1.919	"2"
"激光"	1	0	0	0	0	0.102	0.261	0.041	0.231	0.365	0.992	-0.131	-0.018	-0.114	-0.197	1.452	"1"
"烟花"	0	0	0	0	2	0.204	0.522	0.082	0.462	0.73	-0.093	-0.263	-0.036	-0.228	0.875	1.495	"5"
"热身"	0	0	0	0	1	0.102	0.261	0.041	0.231	0.365	-0.047	-0.131	-0.018	-0.114	0.437	0.747	"5"
"热门"	0	0	0	1	0	0.102	0.261	0.041	0.231	0.365	-0.047	-0.131	-0.018	0.636	-0.197	1.029	"4"
"熘冰"	0	0	0	0	1	0.102	0.261	0.041	0.231	0.365	-0.047	-0.131	-0.018	-0.114	0.437	0.747	"5"
"熟悉"	0	0	0	0	1	0.102	0.261	0.041	0.231	0.365	-0.047	-0.131	-0.018	-0.114	0.437	0.747	"5"
"爱琴海"	0	0	0	0	1	0.102	0.261	0.041	0.231	0.365	-0.047	-0.131	-0.018	-0.114	0.437	0.747	"5"
"牙周病"	0	1	0	0	0	0.102	0.261	0.041	0.231	0.365	-0.047	0.584	-0.018	-0.114	-0.197	0.96	"2"
"物性"	0	0	0	1	0	0.102	0.261	0.041	0.231	0.365	-0.047	-0.131	-0.018	0.636	-0.197	1.029	"4"
"物流业"	0	0	0	1	0	0.102	0.261	0.041	0.231	0.365	-0.047	-0.131	-0.018	0.636	-0.197	1.029	"4"
"特例"	0	0	0	0	1	0.102	0.261	0.041	0.231	0.365	-0.047	-0.131	-0.018	-0.114	0.437	0.747	"5"
"特别"	0	3	0	0	1	0.407	1.043	0.164	0.924	1.461	-0.186	1.243	-0.073	-0.456	-0.271	2.229	"2"
"特定"	0	0	0	1	0	0.102	0.261	0.041	0.231	0.365	-0.047	-0.131	-0.018	0.636	-0.197	1.029	"4"
"特权"	0	0	0	0	1	0.102	0.261	0.041	0.231	0.365	-0.047	-0.131	-0.018	-0.114	0.437	0.747	"5"
"犯罪"	0	0	0	0	2	0.204	0.522	0.082	0.462	0.73	-0.093	-0.263	-0.036	-0.228	0.875	1.495	"5"
"状况"	0	0	0	0	1	0.102	0.261	0.041	0.231	0.365	-0.047	-0.131	-0.018	-0.114	0.437	0.747	"5"
"独辟"	0	0	0	1	0	0.102	0.261	0.041	0.231	0.365	-0.047	-0.131	-0.018	0.636	-0.197	1.029	"4"
"狭窄"	0	0	0	0	1	0.102	0.261	0.041	0.231	0.365	-0.047	-0.131	-0.018	-0.114	0.437	0.747	"5"
"环保"	0	1	0	0	0	0.102	0.261	0.041	0.231	0.365	-0.047	0.584	-0.018	-0.114	-0.197	0.96	"2"
"环境"	0	0	0	0	1	0.102	0.261	0.041	0.231	0.365	-0.047	-0.131	-0.018	-0.114	0.437	0.747	"5"
"现"	0	0	0	0	1	0.102	0.261	0.041	0.231	0.365	-0.047	-0.131	-0.018	-0.114	0.437	0.747	"5"
"现行"	1	0	0	0	0	0.102	0.261	0.041	0.231	0.365	0.992	-0.131	-0.018	-0.114	-0.197	1.452	"1"
"球队"	0	0	0	0	1	0.102	0.261	0.041	0.231	0.365	-0.047	-0.131	-0.018	-0.114	0.437	0.747	"5"
"理"	0	0	0	0	1	0.102	0.261	0.041	0.231	0.365	-0.047	-0.131	-0.018	-0.114	0.437	0.747	"5"
"理科"	0	0	0	0	1	0.102	0.261	0.041	0.231	0.365	-0.047	-0.131	-0.018	-0.114	0.437	0.747	"5"
"生产"	0	1	0	1	1	0.305	0.783	0.123	0.693	1.096	-0.14	0.225	-0.055	0.263	-0.157	0.84	"4"
"生命"	0	0	0	1	1	0.204	0.522	0.082	0.462	0.73	-0.093	-0.263	-0.036	0.389	0.224	1.005	"4"
"生物"	0	0	0	5	0	0.509	1.304	0.205	1.155	1.826	-0.233	-0.656	-0.091	3.181	-0.987	5.148	"4"
"生物分"	0	0	0	0	1	0.102	0.261	0.041	0.231	0.365	-0.047	-0.131	-0.018	-0.114	0.437	0.747	"5"
"生物技术"	0	0	0	1	0	0.102	0.261	0.041	0.231	0.365	-0.047	-0.131	-0.018	0.636	-0.197	1.029	"4"
"田地区"	0	0	0	0	1	0.102	0.261	0.041	0.231	0.365	-0.047	-0.131	-0.018	-0.114	0.437	0.747	"5"
"由于"	0	0	0	0	2	0.204	0.522	0.082	0.462	0.73	-0.093	-0.263	-0.036	-0.228	0.875	1.495	"5"
"申奥"	0	0	0	0	1	0.102	0.261	0.041	0.231	0.365	-0.047	-0.131	-0.018	-0.114	0.437	0.747	"5"
"申报"	1	0	0	0	0	0.102	0.261	0.041	0.231	0.365	0.992	-0.131	-0.018	-0.114	-0.197	1.452	"1"
"申请"	1	0	0	0	1	0.204	0.522	0.082	0.462	0.73	0.714	-0.263	-0.036	-0.228	0.224	1.465	"1"
"电信"	0	0	0	1	0	0.102	0.261	0.041	0.231	0.365	-0.047	-0.131	-0.018	0.636	-0.197	1.029	"4"
"电力"	1	0	0	0	0	0.102	0.261	0.041	0.231	0.365	0.992	-0.131	-0.018	-0.114	-0.197	1.452	"1"
"电子"	0	1	0	2	1	0.407	1.043	0.164	0.924	1.461	-0.186	-0.143	-0.073	0.638	-0.271	1.311	"4"
"电子业"	0	1	0	0	0	0.102	0.261	0.041	0.231	0.365	-0.047	0.584	-0.018	-0.114	-0.197	0.96	"2"
"电子商"	0	0	0	1	0	0.102	0.261	0.041	0.231	0.365	-0.047	-0.131	-0.018	0.636	-0.197	1.029	"4"
"电子商务"	0	1	0	3	0	0.407	1.043	0.164	0.924	1.461	-0.186	-0.143	-0.073	1.389	-0.79	2.581	"4"
"电子类股"	0	0	0	0	1	0.102	0.261	0.041	0.231	0.365	-0.047	-0.131	-0.018	-0.114	0.437	0.747	"5"
"电站"	0	0	0	0	1	0.102	0.261	0.041	0.231	0.365	-0.047	-0.131	-0.018	-0.114	0.437	0.747	"5"
"电视塔"	0	0	0	0	1	0.102	0.261	0.041	0.231	0.365	-0.047	-0.131	-0.018	-0.114	0.437	0.747	"5"
"电话网"	0	0	1	0	0	0.102	0.261	0.041	0.231	0.365	-0.047	-0.131	1.386	-0.114	-0.197	1.875	"3"
"画册"	0	0	0	1	0	0.102	0.261	0.041	0.231	0.365	-0.047	-0.131	-0.018	0.636	-0.197	1.029	"4"
"百分之七"	1	0	0	0	0	0.102	0.261	0.041	0.231	0.365	0.992	-0.131	-0.018	-0.114	-0.197	1.452	"1"
"百分之十一"	1	0	0	0	0	0.102	0.261	0.041	0.231	0.365	0.992	-0.131	-0.018	-0.114	-0.197	1.452	"1"
"监督"	1	0	0	0	0	0.102	0.261	0.041	0.231	0.365	0.992	-0.131	-0.018	-0.114	-0.197	1.452	"1"
"盖"	0	0	1	0	0	0.102	0.261	0.041	0.231	0.365	-0.047	-0.131	1.386	-0.114	-0.197	1.875	"3"
"盟约"	1	0	0	0	0	0.102	0.261	0.041	0.231	0.365	0.992	-0.131	-0.018	-0.114	-0.197	1.452	"1"
"目标区"	1	0	0	0	0	0.102	0.261	0.041	0.231	0.365	0.992	-0.131	-0.018	-0.114	-0.197	1.452	"1"
"直观"	0	0	0	0	1	0.102	0.261	0.041	0.231	0.365	-0.047	-0.131	-0.018	-0.114	0.437	0.747	"5"
"直辖市"	0	0	1	0	0	0.102	0.261	0.041	0.231	0.365	-0.047	-0.131	1.386	-0.114	-0.197	1.875	"3"
"直选"	1	0	0	0	0	0.102	0.261	0.041	0.231	0.365	0.992	-0.131	-0.018	-0.114	-0.197	1.452	"1"
"直通"	0	0	0	0	1	0.102	0.261	0.041	0.231	0.365	-0.047	-0.131	-0.018	-0.114	0.437	0.747	"5"
"相互"	0	1	0	0	0	0.102	0.261	0.041	0.231	0.365	-0.047	0.584	-0.018	-0.114	-0.197	0.96	"2"
"相似"	0	0	0	0	1	0.102	0.261	0.041	0.231	0.365	-0.047	-0.131	-0.018	-0.114	0.437	0.747	"5"
"相关"	0	2	0	0	2	0.407	1.043	0.164	0.924	1.461	-0.186	0.553	-0.073	-0.456	0.333	1.601	"2"
"相对"	0	0	0	0	1	0.102	0.261	0.041	0.231	0.365	-0.047	-0.131	-0.018	-0.114	0.437	0.747	"5"
"相应"	0	0	0	1	0	0.102	0.261	0.041	0.231	0.365	-0.047	-0.131	-0.018	0.636	-0.197	1.029	"4"
"相投"	0	0	0	1	0	0.102	0.261	0.041	0.231	0.365	-0.047	-0.131	-0.018	0.636	-0.197	1.029	"4"
"省"	1	0	0	0	0	0.102	0.261	0.041	0.231	0.365	0.992	-0.131	-0.018	-0.114	-0.197	1.452	"1"
"省区市"	0	0	0	1	0	0.102	0.261	0.041	0.231	0.365	-0.047	-0.131	-0.018	0.636	-0.197	1.029	"4"
"省委"	1	0	0	0	0	0.102	0.261	0.041	0.231	0.365	0.992	-0.131	-0.018	-0.114	-0.197	1.452	"1"
"省获"	0	0	0	0	1	0.102	0.261	0.041	0.231	0.365	-0.047	-0.131	-0.018	-0.114	0.437	0.747	"5"
"看来"	0	0	0	0	1	0.102	0.261	0.041	0.231	0.365	-0.047	-0.131	-0.018	-0.114	0.437	0.747	"5"
"看齐"	0	0	0	1	0	0.102	0.261	0.041	0.231	0.365	-0.047	-0.131	-0.018	0.636	-0.197	1.029	"4"
"知识"	0	0	0	1	0	0.102	0.261	0.041	0.231	0.365	-0.047	-0.131	-0.018	0.636	-0.197	1.029	"4"
"矫捷"	1	0	0	0	0	0.102	0.261	0.041	0.231	0.365	0.992	-0.131	-0.018	-0.114	-0.197	1.452	"1"
"石油类"	0	0	0	0	1	0.102	0.261	0.041	0.231	0.365	-0.047	-0.131	-0.018	-0.114	0.437	0.747	"5"
"研制"	0	0	0	1	0	0.102	0.261	0.041	0.231	0.365	-0.047	-0.131	-0.018	0.636	-0.197	1.029	"4"
"研发"	0	0	0	1	0	0.102	0.261	0.041	0.231	0.365	-0.047	-0.131	-0.018	0.636	-0.197	1.029	"4"
"研究"	0	0	0	16	1	1.73	4.434	0.698	3.928	6.209	-0.792	-2.231	-0.31	9.056	-2.323	14.712	"4"
"确保"	0	0	0	0	1	0.102	0.261	0.041	0.231	0.365	-0.047	-0.131	-0.018	-0.114	0.437	0.747	"5"
"确定"	0	0	0	0	1	0.102	0.261	0.041	0.231	0.365	-0.047	-0.131	-0.018	-0.114	0.437	0.747	"5"
"确认"	0	0	0	0	1	0.102	0.261	0.041	0.231	0.365	-0.047	-0.131	-0.018	-0.114	0.437	0.747	"5"
"社会"	0	1	0	1	1	0.305	0.783	0.123	0.693	1.096	-0.14	0.225	-0.055	0.263	-0.157	0.84	"4"
"社会科"	0	1	0	0	0	0.102	0.261	0.041	0.231	0.365	-0.047	0.584	-0.018	-0.114	-0.197	0.96	"2"
"社工"	0	0	1	0	0	0.102	0.261	0.041	0.231	0.365	-0.047	-0.131	1.386	-0.114	-0.197	1.875	"3"
"票价"	0	0	0	0	1	0.102	0.261	0.041	0.231	0.365	-0.047	-0.131	-0.018	-0.114	0.437	0.747	"5"
"祭"	0	0	0	0	3	0.305	0.783	0.123	0.693	1.096	-0.14	-0.394	-0.055	-0.342	1.312	2.243	"5"
"祭祀"	0	0	0	0	1	0.102	0.261	0.041	0.231	0.365	-0.047	-0.131	-0.018	-0.114	0.437	0.747	"5"
"私人"	0	0	0	0	2	0.204	0.522	0.082	0.462	0.73	-0.093	-0.263	-0.036	-0.228	0.875	1.495	"5"
"种群"	0	0	0	0	1	0.102	0.261	0.041	0.231	0.365	-0.047	-0.131	-0.018	-0.114	0.437	0.747	"5"
"科学"	0	1	0	4	4	0.916	2.348	0.37	2.08	3.287	-0.42	-0.561	-0.164	0.879	0.367	2.391	"4"
"科技"	0	6	0	1	1	0.814	2.087	0.329	1.848	2.922	-0.373	2.274	-0.146	-0.381	-0.831	4.005	"2"
"科研"	0	0	0	5	0	0.509	1.304	0.205	1.155	1.826	-0.233	-0.656	-0.091	3.181	-0.987	5.148	"4"
"积极"	0	1	0	4	0	0.509	1.304	0.205	1.155	1.826	-0.233	-0.215	-0.091	1.935	-0.987	3.461	"4"
"移交"	0	0	0	0	1	0.102	0.261	0.041	0.231	0.365	-0.047	-0.131	-0.018	-0.114	0.437	0.747	"5"
"移动"	1	0	0	0	1	0.204	0.522	0.082	0.462	0.73	0.714	-0.263	-0.036	-0.228	0.224	1.465	"1"
"移动电话"	0	0	0	1	0	0.102	0.261	0.041	0.231	0.365	-0.047	-0.131	-0.018	0.636	-0.197	1.029	"4"
"移置"	0	0	0	0	1	0.102	0.261	0.041	0.231	0.365	-0.047	-0.131	-0.018	-0.114	0.437	0.747	"5"
"程度"	0	0	0	0	1	0.102	0.261	0.041	0.231	0.365	-0.047	-0.131	-0.018	-0.114	0.437	0.747	"5"
"稻"	0	0	0	0	1	0.102	0.261	0.041	0.231	0.365	-0.047	-0.131	-0.018	-0.114	0.437	0.747	"5"
"空前"	0	0	0	0	1	0.102	0.261	0.041	0.231	0.365	-0.047	-0.131	-0.018	-0.114	0.437	0.747	"5"
"空白"	0	1	0	0	0	0.102	0.261	0.041	0.231	0.365	-0.047	0.584	-0.018	-0.114	-0.197	0.96	"2"
"空间"	0	1	0	1	0	0.204	0.522	0.082	0.462	0.73	-0.093	0.343	-0.036	0.389	-0.395	1.256	"5"
"突出"	0	0	0	0	1	0.102	0.261	0.041	0.231	0.365	-0.047	-0.131	-0.018	-0.114	0.437	0.747	"5"
"突破"	0	0	0	4	0	0.407	1.043	0.164	0.924	1.461	-0.186	-0.525	-0.073	2.545	-0.79	4.119	"4"
"立案"	0	0	0	0	1	0.102	0.261	0.041	0.231	0.365	-0.047	-0.131	-0.018	-0.114	0.437	0.747	"5"
"竞争"	0	0	0	2	0	0.204	0.522	0.082	0.462	0.73	-0.093	-0.263	-0.036	1.273	-0.395	2.06	"4"
"竞赛"	0	0	0	0	2	0.204	0.522	0.082	0.462	0.73	-0.093	-0.263	-0.036	-0.228	0.875	1.495	"5"
"等"	0	25	0	31	6	6.31	16.172	2.547	14.326	22.645	-2.89	1.997	-1.13	5.449	-5.806	17.272	"5"
"等待"	0	0	0	0	1	0.102	0.261	0.041	0.231	0.365	-0.047	-0.131	-0.018	-0.114	0.437	0.747	"5"
"筹委会"	0	0	0	0	1	0.102	0.261	0.041	0.231	0.365	-0.047	-0.131	-0.018	-0.114	0.437	0.747	"5"
"简化"	0	0	0	0	1	0.102	0.261	0.041	0.231	0.365	-0.047	-0.131	-0.018	-0.114	0.437	0.747	"5"
"管"	1	0	0	0	0	0.102	0.261	0.041	0.231	0.365	0.992	-0.131	-0.018	-0.114	-0.197	1.452	"1"
"管辖"	1	0	0	0	4	0.509	1.304	0.205	1.155	1.826	0.382	-0.656	-0.091	-0.571	1.201	2.901	"5"
"管辖权"	1	0	0	0	0	0.102	0.261	0.041	0.231	0.365	0.992	-0.131	-0.018	-0.114	-0.197	1.452	"1"
"篱笆"	1	0	0	0	0	0.102	0.261	0.041	0.231	0.365	0.992	-0.131	-0.018	-0.114	-0.197	1.452	"1"
"米"	5	0	0	0	0	0.509	1.304	0.205	1.155	1.826	4.962	-0.656	-0.091	-0.571	-0.987	7.267	"1"
"粤港"	0	0	0	0	1	0.102	0.261	0.041	0.231	0.365	-0.047	-0.131	-0.018	-0.114	0.437	0.747	"5"
"粮食"	0	0	0	0	1	0.102	0.261	0.041	0.231	0.365	-0.047	-0.131	-0.018	-0.114	0.437	0.747	"5"
"精品"	0	0	0	0	1	0.102	0.261	0.041	0.231	0.365	-0.047	-0.131	-0.018	-0.114	0.437	0.747	"5"
"系"	0	2	0	0	0	0.204	0.522	0.082	0.462	0.73	-0.093	1.167	-0.036	-0.228	-0.395	1.919	"2"
"繁荣"	0	0	0	0	1	0.102	0.261	0.041	0.231	0.365	-0.047	-0.131	-0.018	-0.114	0.437	0.747	"5"
"级政"	0	0	1	0	0	0.102	0.261	0.041	0.231	0.365	-0.047	-0.131	1.386	-0.114	-0.197	1.875	"3"
"纳入"	0	0	3	0	0	0.305	0.783	0.123	0.693	1.096	-0.14	-0.394	4.159	-0.342	-0.592	5.627	"3"
"纳米"	0	0	0	0	1	0.102	0.261	0.041	0.231	0.365	-0.047	-0.131	-0.018	-0.114	0.437	0.747	"5"
"纸币"	0	0	0	1	0	0.102	0.261	0.041	0.231	0.365	-0.047	-0.131	-0.018	0.636	-0.197	1.029	"4"
"纺织"	0	0	0	2	0	0.204	0.522	0.082	0.462	0.73	-0.093	-0.263	-0.036	1.273	-0.395	2.06	"4"
"组"	0	0	0	0	1	0.102	0.261	0.041	0.231	0.365	-0.047	-0.131	-0.018	-0.114	0.437	0.747	"5"
"经济"	0	16	0	7	4	2.748	7.043	1.109	6.239	9.862	-1.259	3.559	-0.492	0.36	-1.912	7.582	"2"
"经济所"	0	0	0	1	0	0.102	0.261	0.041	0.231	0.365	-0.047	-0.131	-0.018	0.636	-0.197	1.029	"4"
"经营"	1	0	0	2	0	0.305	0.783	0.123	0.693	1.096	0.56	-0.394	-0.055	0.868	-0.592	2.469	"4"
"经贸"	0	11	0	1	0	1.221	3.13	0.493	2.773	4.383	-0.559	5.459	-0.219	-0.706	-2.369	9.312	"2"
"经费"	0	0	0	0	2	0.204	0.522	0.082	0.462	0.73	-0.093	-0.263	-0.036	-0.228	0.875	1.495	"5"
"结构"	0	0	0	0	1	0.102	0.261	0.041	0.231	0.365	-0.047	-0.131	-0.018	-0.114	0.437	0.747	"5"
"结社"	0	0	0	0	1	0.102	0.261	0.041	0.231	0.365	-0.047	-0.131	-0.018	-0.114	0.437	0.747	"5"
"绕"	0	0	0	0	1	0.102	0.261	0.041	0.231	0.365	-0.047	-0.131	-0.018	-0.114	0.437	0.747	"5"
"绝大多数"	0	0	0	1	0	0.102	0.261	0.041	0.231	0.365	-0.047	-0.131	-0.018	0.636	-0.197	1.029	"4"
"统一"	1	0	0	0	0	0.102	0.261	0.041	0.231	0.365	0.992	-0.131	-0.018	-0.114	-0.197	1.452	"1"
"续发病"	0	0	0	0	1	0.102	0.261	0.041	0.231	0.365	-0.047	-0.131	-0.018	-0.114	0.437	0.747	"5"
"编印"	0	0	0	0	1	0.102	0.261	0.041	0.231	0.365	-0.047	-0.131	-0.018	-0.114	0.437	0.747	"5"
"网路家"	0	0	0	1	0	0.102	0.261	0.041	0.231	0.365	-0.047	-0.131	-0.018	0.636	-0.197	1.029	"4"
"置"	0	0	0	0	1	0.102	0.261	0.041	0.231	0.365	-0.047	-0.131	-0.018	-0.114	0.437	0.747	"5"
"羽毛球"	0	0	0	0	1	0.102	0.261	0.041	0.231	0.365	-0.047	-0.131	-0.018	-0.114	0.437	0.747	"5"
"考古学"	0	0	0	2	0	0.204	0.522	0.082	0.462	0.73	-0.093	-0.263	-0.036	1.273	-0.395	2.06	"4"
"考察"	0	0	0	0	1	0.102	0.261	0.041	0.231	0.365	-0.047	-0.131	-0.018	-0.114	0.437	0.747	"5"
"考虑"	0	0	0	0	1	0.102	0.261	0.041	0.231	0.365	-0.047	-0.131	-0.018	-0.114	0.437	0.747	"5"
"考试"	0	0	0	0	1	0.102	0.261	0.041	0.231	0.365	-0.047	-0.131	-0.018	-0.114	0.437	0.747	"5"
"耳轮"	0	0	0	0	1	0.102	0.261	0.041	0.231	0.365	-0.047	-0.131	-0.018	-0.114	0.437	0.747	"5"
"职权"	0	0	0	0	1	0.102	0.261	0.041	0.231	0.365	-0.047	-0.131	-0.018	-0.114	0.437	0.747	"5"
"职能"	0	0	0	0	1	0.102	0.261	0.041	0.231	0.365	-0.047	-0.131	-0.018	-0.114	0.437	0.747	"5"
"职责"	0	0	0	0	1	0.102	0.261	0.041	0.231	0.365	-0.047	-0.131	-0.018	-0.114	0.437	0.747	"5"
"联网"	1	0	0	0	0	0.102	0.261	0.041	0.231	0.365	0.992	-0.131	-0.018	-0.114	-0.197	1.452	"1"
"能力"	2	0	0	0	2	0.407	1.043	0.164	0.924	1.461	1.267	-0.525	-0.073	-0.456	0.333	2.654	"1"
"能源"	0	3	0	1	0	0.407	1.043	0.164	0.924	1.461	-0.186	1.243	-0.073	0.187	-0.79	2.479	"2"
"脱离"	0	0	0	0	1	0.102	0.261	0.041	0.231	0.365	-0.047	-0.131	-0.018	-0.114	0.437	0.747	"5"
"腐败"	0	0	0	0	1	0.102	0.261	0.041	0.231	0.365	-0.047	-0.131	-0.018	-0.114	0.437	0.747	"5"
"自信"	0	0	0	0	1	0.102	0.261	0.041	0.231	0.365	-0.047	-0.131	-0.018	-0.114	0.437	0.747	"5"
"自家"	0	0	0	0	1	0.102	0.261	0.041	0.231	0.365	-0.047	-0.131	-0.018	-0.114	0.437	0.747	"5"
"自来水"	0	0	0	0	1	0.102	0.261	0.041	0.231	0.365	-0.047	-0.131	-0.018	-0.114	0.437	0.747	"5"
"自治"	1	0	0	0	0	0.102	0.261	0.041	0.231	0.365	0.992	-0.131	-0.018	-0.114	-0.197	1.452	"1"
"自然科"	0	0	0	1	0	0.102	0.261	0.041	0.231	0.365	-0.047	-0.131	-0.018	0.636	-0.197	1.029	"4"
"至高"	0	0	0	1	0	0.102	0.261	0.041	0.231	0.365	-0.047	-0.131	-0.018	0.636	-0.197	1.029	"4"
"舞出"	0	0	0	0	1	0.102	0.261	0.041	0.231	0.365	-0.047	-0.131	-0.018	-0.114	0.437	0.747	"5"
"航天"	0	0	0	2	2	0.407	1.043	0.164	0.924	1.461	-0.186	-0.525	-0.073	0.638	0.333	1.755	"4"
"船舶"	1	0	0	0	0	0.102	0.261	0.041	0.231	0.365	0.992	-0.131	-0.018	-0.114	-0.197	1.452	"1"
"良好"	0	2	0	0	0	0.204	0.522	0.082	0.462	0.73	-0.093	1.167	-0.036	-0.228	-0.395	1.919	"2"
"艺术"	0	0	0	2	3	0.509	1.304	0.205	1.155	1.826	-0.233	-0.656	-0.091	0.485	0.586	2.051	"2"
"艾滋病"	0	0	0	0	3	0.305	0.783	0.123	0.693	1.096	-0.14	-0.394	-0.055	-0.342	1.312	2.243	"5"
"芯片"	0	0	0	0	2	0.204	0.522	0.082	0.462	0.73	-0.093	-0.263	-0.036	-0.228	0.875	1.495	"5"
"花样"	0	0	0	0	1	0.102	0.261	0.041	0.231	0.365	-0.047	-0.131	-0.018	-0.114	0.437	0.747	"5"
"英特"	0	0	0	1	0	0.102	0.261	0.041	0.231	0.365	-0.047	-0.131	-0.018	0.636	-0.197	1.029	"4"
"范围"	1	0	0	0	2	0.305	0.783	0.123	0.693	1.096	0.56	-0.394	-0.055	-0.342	0.519	1.87	"1"
"荒漠"	0	1	0	0	0	0.102	0.261	0.041	0.231	0.365	-0.047	0.584	-0.018	-0.114	-0.197	0.96	"2"
"药剂业"	0	0	0	0	1	0.102	0.261	0.041	0.231	0.365	-0.047	-0.131	-0.018	-0.114	0.437	0.747	"5"
"药品"	0	0	1	0	0	0.102	0.261	0.041	0.231	0.365	-0.047	-0.131	1.386	-0.114	-0.197	1.875	"3"
"药检"	0	0	1	0	0	0.102	0.261	0.041	0.231	0.365	-0.047	-0.131	1.386	-0.114	-0.197	1.875	"3"
"菁英"	0	0	0	0	1	0.102	0.261	0.041	0.231	0.365	-0.047	-0.131	-0.018	-0.114	0.437	0.747	"5"
"菌"	0	0	0	0	1	0.102	0.261	0.041	0.231	0.365	-0.047	-0.131	-0.018	-0.114	0.437	0.747	"5"
"营业区"	0	0	0	0	2	0.204	0.522	0.082	0.462	0.73	-0.093	-0.263	-0.036	-0.228	0.875	1.495	"5"
"营运"	0	0	1	0	0	0.102	0.261	0.041	0.231	0.365	-0.047	-0.131	1.386	-0.114	-0.197	1.875	"3"
"蓬勃"	0	0	0	0	1	0.102	0.261	0.041	0.231	0.365	-0.047	-0.131	-0.018	-0.114	0.437	0.747	"5"
"薄膜"	0	0	0	0	1	0.102	0.261	0.041	0.231	0.365	-0.047	-0.131	-0.018	-0.114	0.437	0.747	"5"
"藏羚羊"	0	0	0	0	2	0.204	0.522	0.082	0.462	0.73	-0.093	-0.263	-0.036	-0.228	0.875	1.495	"5"
"虚实"	0	0	0	0	1	0.102	0.261	0.041	0.231	0.365	-0.047	-0.131	-0.018	-0.114	0.437	0.747	"5"
"虚拟"	0	0	0	1	0	0.102	0.261	0.041	0.231	0.365	-0.047	-0.131	-0.018	0.636	-0.197	1.029	"4"
"虱目鱼"	0	0	0	0	2	0.204	0.522	0.082	0.462	0.73	-0.093	-0.263	-0.036	-0.228	0.875	1.495	"5"
"融入"	0	0	0	0	1	0.102	0.261	0.041	0.231	0.365	-0.047	-0.131	-0.018	-0.114	0.437	0.747	"5"
"行业"	0	0	0	2	1	0.305	0.783	0.123	0.693	1.096	-0.14	-0.394	-0.055	0.868	-0.157	1.614	"4"
"行使"	1	0	0	0	0	0.102	0.261	0.041	0.231	0.365	0.992	-0.131	-0.018	-0.114	-0.197	1.452	"1"
"行政县"	0	0	0	0	1	0.102	0.261	0.041	0.231	0.365	-0.047	-0.131	-0.018	-0.114	0.437	0.747	"5"
"衍生"	0	1	0	0	0	0.102	0.261	0.041	0.231	0.365	-0.047	0.584	-0.018	-0.114	-0.197	0.96	"2"
"表扬"	0	0	0	0	1	0.102	0.261	0.041	0.231	0.365	-0.047	-0.131	-0.018	-0.114	0.437	0.747	"5"
"表演"	0	0	0	0	1	0.102	0.261	0.041	0.231	0.365	-0.047	-0.131	-0.018	-0.114	0.437	0.747	"5"
"表现"	0	0	0	0	1	0.102	0.261	0.041	0.231	0.365	-0.047	-0.131	-0.018	-0.114	0.437	0.747	"5"
"表示出"	0	1	0	0	0	0.102	0.261	0.041	0.231	0.365	-0.047	0.584	-0.018	-0.114	-0.197	0.96	"2"
"裁定"	1	0	0	0	0	0.102	0.261	0.041	0.231	0.365	0.992	-0.131	-0.018	-0.114	-0.197	1.452	"1"
"装置"	0	0	0	0	1	0.102	0.261	0.041	0.231	0.365	-0.047	-0.131	-0.018	-0.114	0.437	0.747	"5"
"要求"	0	0	0	0	1	0.102	0.261	0.041	0.231	0.365	-0.047	-0.131	-0.018	-0.114	0.437	0.747	"5"
"要职"	0	0	0	0	1	0.102	0.261	0.041	0.231	0.365	-0.047	-0.131	-0.018	-0.114	0.437	0.747	"5"
"覆"	0	0	1	0	0	0.102	0.261	0.041	0.231	0.365	-0.047	-0.131	1.386	-0.114	-0.197	1.875	"3"
"覆盖"	0	0	1	0	0	0.102	0.261	0.041	0.231	0.365	-0.047	-0.131	1.386	-0.114	-0.197	1.875	"3"
"观测"	0	0	0	0	1	0.102	0.261	0.041	0.231	0.365	-0.047	-0.131	-0.018	-0.114	0.437	0.747	"5"
"观看"	0	0	0	0	1	0.102	0.261	0.041	0.231	0.365	-0.047	-0.131	-0.018	-0.114	0.437	0.747	"5"
"规划"	0	0	0	0	1	0.102	0.261	0.041	0.231	0.365	-0.047	-0.131	-0.018	-0.114	0.437	0.747	"5"
"规则"	0	0	0	0	1	0.102	0.261	0.041	0.231	0.365	-0.047	-0.131	-0.018	-0.114	0.437	0.747	"5"
"规定"	1	0	0	1	1	0.305	0.783	0.123	0.693	1.096	0.56	-0.394	-0.055	0.263	-0.157	1.429	"1"
"规模"	0	0	0	0	2	0.204	0.522	0.082	0.462	0.73	-0.093	-0.263	-0.036	-0.228	0.875	1.495	"5"
"规程"	0	0	0	0	1	0.102	0.261	0.041	0.231	0.365	-0.047	-0.131	-0.018	-0.114	0.437	0.747	"5"
"规范"	1	0	3	0	1	0.509	1.304	0.205	1.155	1.826	0.382	-0.656	3.186	-0.571	-0.398	5.193	"3"
"解剖学"	0	0	0	1	0	0.102	0.261	0.041	0.231	0.365	-0.047	-0.131	-0.018	0.636	-0.197	1.029	"4"
"警戒"	0	0	0	0	1	0.102	0.261	0.041	0.231	0.365	-0.047	-0.131	-0.018	-0.114	0.437	0.747	"5"
"警戒区"	1	0	0	0	0	0.102	0.261	0.041	0.231	0.365	0.992	-0.131	-0.018	-0.114	-0.197	1.452	"1"
"计画"	1	0	1	0	1	0.305	0.783	0.123	0.693	1.096	0.56	-0.394	0.927	-0.342	-0.157	2.38	"3"
"计算"	0	0	0	0	2	0.204	0.522	0.082	0.462	0.73	-0.093	-0.263	-0.036	-0.228	0.875	1.495	"5"
"订"	0	0	0	1	0	0.102	0.261	0.041	0.231	0.365	-0.047	-0.131	-0.018	0.636	-0.197	1.029	"4"
"认股权"	0	0	2	0	0	0.204	0.522	0.082	0.462	0.73	-0.093	-0.263	2.773	-0.228	-0.395	3.752	"3"
"讨论"	1	0	0	0	3	0.407	1.043	0.164	0.924	1.461	0.457	-0.525	-0.073	-0.456	0.849	2.36	"5"
"训练"	0	0	0	0	4	0.407	1.043	0.164	0.924	1.461	-0.186	-0.525	-0.073	-0.456	1.75	2.99	"5"
"议事日程"	0	0	0	0	1	0.102	0.261	0.041	0.231	0.365	-0.047	-0.131	-0.018	-0.114	0.437	0.747	"5"
"讯号"	0	0	0	0	1	0.102	0.261	0.041	0.231	0.365	-0.047	-0.131	-0.018	-0.114	0.437	0.747	"5"
"许可"	2	0	0	0	0	0.204	0.522	0.082	0.462	0.73	1.985	-0.263	-0.036	-0.228	-0.395	2.907	"1"
"许可证"	0	0	0	1	0	0.102	0.261	0.041	0.231	0.365	-0.047	-0.131	-0.018	0.636	-0.197	1.029	"4"
"许多"	0	0	0	1	3	0.407	1.043	0.164	0.924	1.461	-0.186	-0.525	-0.073	0.187	0.849	1.82	"5"
"设备"	0	0	0	0	1	0.102	0.261	0.041	0.231	0.365	-0.047	-0.131	-0.018	-0.114	0.437	0.747	"5"
"设定"	0	0	1	0	0	0.102	0.261	0.041	0.231	0.365	-0.047	-0.131	1.386	-0.114	-0.197	1.875	"3"
"设施"	0	0	0	1	3	0.407	1.043	0.164	0.924	1.461	-0.186	-0.525	-0.073	0.187	0.849	1.82	"5"
"设置"	0	0	0	0	1	0.102	0.261	0.041	0.231	0.365	-0.047	-0.131	-0.018	-0.114	0.437	0.747	"5"
"设计"	0	0	0	0	2	0.204	0.522	0.082	0.462	0.73	-0.093	-0.263	-0.036	-0.228	0.875	1.495	"5"
"证"	0	0	0	0	1	0.102	0.261	0.041	0.231	0.365	-0.047	-0.131	-0.018	-0.114	0.437	0.747	"5"
"证书"	0	0	0	0	1	0.102	0.261	0.041	0.231	0.365	-0.047	-0.131	-0.018	-0.114	0.437	0.747	"5"
"证期"	0	0	0	0	1	0.102	0.261	0.041	0.231	0.365	-0.047	-0.131	-0.018	-0.114	0.437	0.747	"5"
"评估"	0	0	0	0	2	0.204	0.522	0.082	0.462	0.73	-0.093	-0.263	-0.036	-0.228	0.875	1.495	"5"
"试点"	0	0	1	0	0	0.102	0.261	0.041	0.231	0.365	-0.047	-0.131	1.386	-0.114	-0.197	1.875	"3"
"误差"	1	0	0	0	0	0.102	0.261	0.041	0.231	0.365	0.992	-0.131	-0.018	-0.114	-0.197	1.452	"1"
"诸多"	0	1	0	0	0	0.102	0.261	0.041	0.231	0.365	-0.047	0.584	-0.018	-0.114	-0.197	0.96	"2"
"课程"	0	0	0	0	1	0.102	0.261	0.041	0.231	0.365	-0.047	-0.131	-0.018	-0.114	0.437	0.747	"5"
"调定"	0	0	0	0	1	0.102	0.261	0.041	0.231	0.365	-0.047	-0.131	-0.018	-0.114	0.437	0.747	"5"
"调整"	0	0	0	0	1	0.102	0.261	0.041	0.231	0.365	-0.047	-0.131	-0.018	-0.114	0.437	0.747	"5"
"调查"	1	0	0	0	1	0.204	0.522	0.082	0.462	0.73	0.714	-0.263	-0.036	-0.228	0.224	1.465	"1"
"调试"	1	0	0	0	0	0.102	0.261	0.041	0.231	0.365	0.992	-0.131	-0.018	-0.114	-0.197	1.452	"1"
"调配"	1	0	0	0	0	0.102	0.261	0.041	0.231	0.365	0.992	-0.131	-0.018	-0.114	-0.197	1.452	"1"
"财金"	0	1	0	0	0	0.102	0.261	0.041	0.231	0.365	-0.047	0.584	-0.018	-0.114	-0.197	0.96	"2"
"贩卖"	1	0	0	0	0	0.102	0.261	0.041	0.231	0.365	0.992	-0.131	-0.018	-0.114	-0.197	1.452	"1"
"贸"	0	1	0	0	1	0.204	0.522	0.082	0.462	0.73	-0.093	0.343	-0.036	-0.228	0.224	0.924	"2"
"贸易"	0	3	0	4	0	0.712	1.826	0.288	1.617	2.557	-0.326	0.574	-0.128	1.264	-1.382	3.674	"5"
"资"	0	0	0	1	0	0.102	0.261	0.041	0.231	0.365	-0.047	-0.131	-0.018	0.636	-0.197	1.029	"4"
"资本"	0	0	0	1	0	0.102	0.261	0.041	0.231	0.365	-0.047	-0.131	-0.018	0.636	-0.197	1.029	"4"
"资源"	0	1	0	3	1	0.509	1.304	0.205	1.155	1.826	-0.233	-0.215	-0.091	1.073	-0.398	2.01	"4"
"资质"	0	0	0	0	1	0.102	0.261	0.041	0.231	0.365	-0.047	-0.131	-0.018	-0.114	0.437	0.747	"5"
"赛"	0	0	0	0	1	0.102	0.261	0.041	0.231	0.365	-0.047	-0.131	-0.018	-0.114	0.437	0.747	"5"
"赛场"	0	0	0	0	1	0.102	0.261	0.041	0.231	0.365	-0.047	-0.131	-0.018	-0.114	0.437	0.747	"5"
"赛莫"	0	0	0	0	1	0.102	0.261	0.041	0.231	0.365	-0.047	-0.131	-0.018	-0.114	0.437	0.747	"5"
"赶往"	0	0	0	0	1	0.102	0.261	0.041	0.231	0.365	-0.047	-0.131	-0.018	-0.114	0.437	0.747	"5"
"起来"	0	0	0	0	1	0.102	0.261	0.041	0.231	0.365	-0.047	-0.131	-0.018	-0.114	0.437	0.747	"5"
"超出"	0	0	0	0	2	0.204	0.522	0.082	0.462	0.73	-0.093	-0.263	-0.036	-0.228	0.875	1.495	"5"
"超卖"	0	0	0	0	1	0.102	0.261	0.041	0.231	0.365	-0.047	-0.131	-0.018	-0.114	0.437	0.747	"5"
"超标"	0	0	0	0	1	0.102	0.261	0.041	0.231	0.365	-0.047	-0.131	-0.018	-0.114	0.437	0.747	"5"
"超越"	0	0	0	0	4	0.407	1.043	0.164	0.924	1.461	-0.186	-0.525	-0.073	-0.456	1.75	2.99	"5"
"越来越"	0	0	0	0	1	0.102	0.261	0.041	0.231	0.365	-0.047	-0.131	-0.018	-0.114	0.437	0.747	"5"
"跑到"	0	0	0	0	1	0.102	0.261	0.041	0.231	0.365	-0.047	-0.131	-0.018	-0.114	0.437	0.747	"5"
"跑马场"	1	0	0	0	0	0.102	0.261	0.041	0.231	0.365	0.992	-0.131	-0.018	-0.114	-0.197	1.452	"1"
"跨入"	0	0	0	1	0	0.102	0.261	0.041	0.231	0.365	-0.047	-0.131	-0.018	0.636	-0.197	1.029	"4"
"跨国"	0	1	0	1	0	0.204	0.522	0.082	0.462	0.73	-0.093	0.343	-0.036	0.389	-0.395	1.256	"5"
"跨足"	0	0	0	1	0	0.102	0.261	0.041	0.231	0.365	-0.047	-0.131	-0.018	0.636	-0.197	1.029	"4"
"踏入"	0	0	0	0	1	0.102	0.261	0.041	0.231	0.365	-0.047	-0.131	-0.018	-0.114	0.437	0.747	"5"
"蹊径"	0	0	0	1	0	0.102	0.261	0.041	0.231	0.365	-0.047	-0.131	-0.018	0.636	-0.197	1.029	"4"
"车辆"	0	0	0	0	1	0.102	0.261	0.041	0.231	0.365	-0.047	-0.131	-0.018	-0.114	0.437	0.747	"5"
"转业"	0	0	0	0	1	0.102	0.261	0.041	0.231	0.365	-0.047	-0.131	-0.018	-0.114	0.437	0.747	"5"
"转基因"	0	0	0	2	0	0.204	0.522	0.082	0.462	0.73	-0.093	-0.263	-0.036	1.273	-0.395	2.06	"4"
"转行"	0	0	0	1	0	0.102	0.261	0.041	0.231	0.365	-0.047	-0.131	-0.018	0.636	-0.197	1.029	"4"
"转音"	0	0	0	0	1	0.102	0.261	0.041	0.231	0.365	-0.047	-0.131	-0.018	-0.114	0.437	0.747	"5"
"软件"	0	1	0	1	0	0.204	0.522	0.082	0.462	0.73	-0.093	0.343	-0.036	0.389	-0.395	1.256	"5"
"轻工"	0	1	0	0	0	0.102	0.261	0.041	0.231	0.365	-0.047	0.584	-0.018	-0.114	-0.197	0.96	"2"
"轻纺"	0	0	0	1	0	0.102	0.261	0.041	0.231	0.365	-0.047	-0.131	-0.018	0.636	-0.197	1.029	"4"
"轻重"	0	0	0	0	1	0.102	0.261	0.041	0.231	0.365	-0.047	-0.131	-0.018	-0.114	0.437	0.747	"5"
"较"	1	0	1	0	5	0.712	1.826	0.288	1.617	2.557	0.277	-0.919	0.594	-0.799	1.178	3.767	"5"
"边"	0	0	0	0	1	0.102	0.261	0.041	0.231	0.365	-0.047	-0.131	-0.018	-0.114	0.437	0.747	"5"
"迅速"	0	1	0	0	0	0.102	0.261	0.041	0.231	0.365	-0.047	0.584	-0.018	-0.114	-0.197	0.96	"2"
"过于"	0	0	0	0	1	0.102	0.261	0.041	0.231	0.365	-0.047	-0.131	-0.018	-0.114	0.437	0.747	"5"
"迈出"	0	0	0	0	1	0.102	0.261	0.041	0.231	0.365	-0.047	-0.131	-0.018	-0.114	0.437	0.747	"5"
"运动"	0	0	0	0	2	0.204	0.522	0.082	0.462	0.73	-0.093	-0.263	-0.036	-0.228	0.875	1.495	"5"
"运动员"	0	0	0	0	1	0.102	0.261	0.041	0.231	0.365	-0.047	-0.131	-0.018	-0.114	0.437	0.747	"5"
"运用"	0	0	0	0	2	0.204	0.522	0.082	0.462	0.73	-0.093	-0.263	-0.036	-0.228	0.875	1.495	"5"
"运输"	0	0	0	0	1	0.102	0.261	0.041	0.231	0.365	-0.047	-0.131	-0.018	-0.114	0.437	0.747	"5"
"还好"	0	0	0	0	1	0.102	0.261	0.041	0.231	0.365	-0.047	-0.131	-0.018	-0.114	0.437	0.747	"5"
"进一步"	0	7	2	2	2	1.323	3.391	0.534	3.004	4.748	-0.606	1.516	1.011	-0.406	-1.031	4.57	"2"
"进入"	1	1	0	1	4	0.712	1.826	0.288	1.617	2.557	0.277	-0.378	-0.128	-0.307	0.646	1.736	"5"
"进展"	0	0	0	1	3	0.407	1.043	0.164	0.924	1.461	-0.186	-0.525	-0.073	0.187	0.849	1.82	"5"
"进行"	0	0	0	0	2	0.204	0.522	0.082	0.462	0.73	-0.093	-0.263	-0.036	-0.228	0.875	1.495	"5"
"远远"	0	0	0	0	1	0.102	0.261	0.041	0.231	0.365	-0.047	-0.131	-0.018	-0.114	0.437	0.747	"5"
"追赶"	0	0	0	0	1	0.102	0.261	0.041	0.231	0.365	-0.047	-0.131	-0.018	-0.114	0.437	0.747	"5"
"退抚"	0	0	1	0	0	0.102	0.261	0.041	0.231	0.365	-0.047	-0.131	1.386	-0.114	-0.197	1.875	"3"
"适应"	0	0	0	0	2	0.204	0.522	0.082	0.462	0.73	-0.093	-0.263	-0.036	-0.228	0.875	1.495	"5"
"适当"	0	0	0	0	2	0.204	0.522	0.082	0.462	0.73	-0.093	-0.263	-0.036	-0.228	0.875	1.495	"5"
"适用"	0	0	7	0	0	0.712	1.826	0.288	1.617	2.557	-0.326	-0.919	9.704	-0.799	-1.382	13.13	"3"
"选区"	0	0	0	0	1	0.102	0.261	0.041	0.231	0.365	-0.047	-0.131	-0.018	-0.114	0.437	0.747	"5"
"选定"	0	0	0	0	1	0.102	0.261	0.041	0.231	0.365	-0.047	-0.131	-0.018	-0.114	0.437	0.747	"5"
"选手"	0	0	0	0	1	0.102	0.261	0.041	0.231	0.365	-0.047	-0.131	-0.018	-0.114	0.437	0.747	"5"
"选手村"	0	0	0	0	1	0.102	0.261	0.041	0.231	0.365	-0.047	-0.131	-0.018	-0.114	0.437	0.747	"5"
"选题"	0	0	1	0	0	0.102	0.261	0.041	0.231	0.365	-0.047	-0.131	1.386	-0.114	-0.197	1.875	"3"
"逐步"	0	1	3	1	1	0.611	1.565	0.247	1.386	2.191	-0.28	-0.294	2.899	-0.237	-0.536	4.246	"3"
"途径"	0	2	0	0	1	0.305	0.783	0.123	0.693	1.096	-0.14	0.773	-0.055	-0.342	-0.157	1.467	"2"
"通信"	0	0	0	2	0	0.204	0.522	0.082	0.462	0.73	-0.093	-0.263	-0.036	1.273	-0.395	2.06	"4"
"通讯"	0	0	0	2	0	0.204	0.522	0.082	0.462	0.73	-0.093	-0.263	-0.036	1.273	-0.395	2.06	"4"
"造街"	0	0	0	0	2	0.204	0.522	0.082	0.462	0.73	-0.093	-0.263	-0.036	-0.228	0.875	1.495	"5"
"造诣"	0	0	0	1	0	0.102	0.261	0.041	0.231	0.365	-0.047	-0.131	-0.018	0.636	-0.197	1.029	"4"
"遍佈"	0	0	0	0	1	0.102	0.261	0.041	0.231	0.365	-0.047	-0.131	-0.018	-0.114	0.437	0.747	"5"
"遍及"	0	0	0	0	1	0.102	0.261	0.041	0.231	0.365	-0.047	-0.131	-0.018	-0.114	0.437	0.747	"5"
"遍布"	0	0	0	1	0	0.102	0.261	0.041	0.231	0.365	-0.047	-0.131	-0.018	0.636	-0.197	1.029	"4"
"都市"	1	0	0	0	0	0.102	0.261	0.041	0.231	0.365	0.992	-0.131	-0.018	-0.114	-0.197	1.452	"1"
"配置"	1	0	0	0	0	0.102	0.261	0.041	0.231	0.365	0.992	-0.131	-0.018	-0.114	-0.197	1.452	"1"
"醇"	0	0	0	0	1	0.102	0.261	0.041	0.231	0.365	-0.047	-0.131	-0.018	-0.114	0.437	0.747	"5"
"采用"	0	0	0	1	1	0.204	0.522	0.082	0.462	0.73	-0.093	-0.263	-0.036	0.389	0.224	1.005	"4"
"采购"	0	0	1	0	0	0.102	0.261	0.041	0.231	0.365	-0.047	-0.131	1.386	-0.114	-0.197	1.875	"3"
"里"	0	0	0	0	1	0.102	0.261	0.041	0.231	0.365	-0.047	-0.131	-0.018	-0.114	0.437	0.747	"5"
"重大"	0	0	0	2	2	0.407	1.043	0.164	0.924	1.461	-0.186	-0.525	-0.073	0.638	0.333	1.755	"4"
"重工业"	0	1	0	0	0	0.102	0.261	0.041	0.231	0.365	-0.047	0.584	-0.018	-0.114	-0.197	0.96	"2"
"重庆市"	0	0	0	0	1	0.102	0.261	0.041	0.231	0.365	-0.047	-0.131	-0.018	-0.114	0.437	0.747	"5"
"重点"	0	1	1	4	0	0.611	1.565	0.247	1.386	2.191	-0.28	-0.294	0.653	1.546	-1.184	3.957	"4"
"重要"	0	1	0	1	4	0.611	1.565	0.247	1.386	2.191	-0.28	-0.294	-0.109	-0.237	0.871	1.791	"5"
"重金属"	0	0	0	0	1	0.102	0.261	0.041	0.231	0.365	-0.047	-0.131	-0.018	-0.114	0.437	0.747	"5"
"量子"	0	0	0	1	0	0.102	0.261	0.041	0.231	0.365	-0.047	-0.131	-0.018	0.636	-0.197	1.029	"4"
"金属"	0	0	0	1	0	0.102	0.261	0.041	0.231	0.365	-0.047	-0.131	-0.018	0.636	-0.197	1.029	"4"
"金融"	0	1	0	2	0	0.305	0.783	0.123	0.693	1.096	-0.14	0.225	-0.055	0.868	-0.592	1.88	"4"
"金融业"	0	0	0	2	0	0.204	0.522	0.082	0.462	0.73	-0.093	-0.263	-0.036	1.273	-0.395	2.06	"4"
"鉴定"	0	0	0	0	1	0.102	0.261	0.041	0.231	0.365	-0.047	-0.131	-0.018	-0.114	0.437	0.747	"5"
"钢铁业界"	0	0	1	0	0	0.102	0.261	0.041	0.231	0.365	-0.047	-0.131	1.386	-0.114	-0.197	1.875	"3"
"铁丝"	1	0	0	0	0	0.102	0.261	0.041	0.231	0.365	0.992	-0.131	-0.018	-0.114	-0.197	1.452	"1"
"铼德"	0	0	0	1	0	0.102	0.261	0.041	0.231	0.365	-0.047	-0.131	-0.018	0.636	-0.197	1.029	"4"
"镇慷榔"	0	0	0	0	1	0.102	0.261	0.041	0.231	0.365	-0.047	-0.131	-0.018	-0.114	0.437	0.747	"5"
"长春市"	0	1	0	0	0	0.102	0.261	0.041	0.231	0.365	-0.047	0.584	-0.018	-0.114	-0.197	0.96	"2"
"长江三角洲"	0	0	0	1	0	0.102	0.261	0.041	0.231	0.365	-0.047	-0.131	-0.018	0.636	-0.197	1.029	"4"
"闲置资"	0	0	0	0	1	0.102	0.261	0.041	0.231	0.365	-0.047	-0.131	-0.018	-0.114	0.437	0.747	"5"
"闽南人"	0	0	0	0	1	0.102	0.261	0.041	0.231	0.365	-0.047	-0.131	-0.018	-0.114	0.437	0.747	"5"
"阐明"	0	0	0	1	0	0.102	0.261	0.041	0.231	0.365	-0.047	-0.131	-0.018	0.636	-0.197	1.029	"4"
"队"	0	0	0	0	1	0.102	0.261	0.041	0.231	0.365	-0.047	-0.131	-0.018	-0.114	0.437	0.747	"5"
"队员"	0	0	0	0	2	0.204	0.522	0.082	0.462	0.73	-0.093	-0.263	-0.036	-0.228	0.875	1.495	"5"
"防治"	0	0	0	0	2	0.204	0.522	0.082	0.462	0.73	-0.093	-0.263	-0.036	-0.228	0.875	1.495	"5"
"阿兹"	0	0	0	0	1	0.102	0.261	0.041	0.231	0.365	-0.047	-0.131	-0.018	-0.114	0.437	0.747	"5"
"阿利奥"	0	1	0	0	0	0.102	0.261	0.041	0.231	0.365	-0.047	0.584	-0.018	-0.114	-0.197	0.96	"2"
"附属"	0	0	0	0	1	0.102	0.261	0.041	0.231	0.365	-0.047	-0.131	-0.018	-0.114	0.437	0.747	"5"
"陈大济"	0	1	0	0	0	0.102	0.261	0.041	0.231	0.365	-0.047	0.584	-0.018	-0.114	-0.197	0.96	"2"
"降水"	0	0	0	0	1	0.102	0.261	0.041	0.231	0.365	-0.047	-0.131	-0.018	-0.114	0.437	0.747	"5"
"降温"	0	0	0	0	1	0.102	0.261	0.041	0.231	0.365	-0.047	-0.131	-0.018	-0.114	0.437	0.747	"5"
"降雨"	1	0	0	0	2	0.305	0.783	0.123	0.693	1.096	0.56	-0.394	-0.055	-0.342	0.519	1.87	"1"
"限于"	0	0	0	0	4	0.407	1.043	0.164	0.924	1.461	-0.186	-0.525	-0.073	-0.456	1.75	2.99	"5"
"限制"	1	0	1	0	2	0.407	1.043	0.164	0.924	1.461	0.457	-0.525	0.811	-0.456	0.333	2.582	"3"
"陶瓷"	0	0	0	0	2	0.204	0.522	0.082	0.462	0.73	-0.093	-0.263	-0.036	-0.228	0.875	1.495	"5"
"雅吉"	0	0	0	0	1	0.102	0.261	0.041	0.231	0.365	-0.047	-0.131	-0.018	-0.114	0.437	0.747	"5"
"集中"	0	0	0	0	1	0.102	0.261	0.041	0.231	0.365	-0.047	-0.131	-0.018	-0.114	0.437	0.747	"5"
"集中力量"	0	0	0	2	0	0.204	0.522	0.082	0.462	0.73	-0.093	-0.263	-0.036	1.273	-0.395	2.06	"4"
"雨量"	0	0	0	0	1	0.102	0.261	0.041	0.231	0.365	-0.047	-0.131	-0.018	-0.114	0.437	0.747	"5"
"零售"	0	0	0	1	0	0.102	0.261	0.041	0.231	0.365	-0.047	-0.131	-0.018	0.636	-0.197	1.029	"4"
"青旅"	0	0	0	1	0	0.102	0.261	0.041	0.231	0.365	-0.047	-0.131	-0.018	0.636	-0.197	1.029	"4"
"非"	0	1	0	0	2	0.305	0.783	0.123	0.693	1.096	-0.14	0.225	-0.055	-0.342	0.519	1.281	"5"
"非国有"	0	0	0	0	1	0.102	0.261	0.041	0.231	0.365	-0.047	-0.131	-0.018	-0.114	0.437	0.747	"5"
"项目"	0	0	0	0	3	0.305	0.783	0.123	0.693	1.096	-0.14	-0.394	-0.055	-0.342	1.312	2.243	"5"
"顿"	0	0	0	0	1	0.102	0.261	0.041	0.231	0.365	-0.047	-0.131	-0.018	-0.114	0.437	0.747	"5"
"颁奖"	0	0	0	0	1	0.102	0.261	0.041	0.231	0.365	-0.047	-0.131	-0.018	-0.114	0.437	0.747	"5"
"预"	0	0	0	1	0	0.102	0.261	0.041	0.231	0.365	-0.047	-0.131	-0.018	0.636	-0.197	1.029	"4"
"预借"	0	0	0	0	1	0.102	0.261	0.041	0.231	0.365	-0.047	-0.131	-0.018	-0.114	0.437	0.747	"5"
"预测"	0	0	0	0	1	0.102	0.261	0.041	0.231	0.365	-0.047	-0.131	-0.018	-0.114	0.437	0.747	"5"
"预警"	0	0	0	0	1	0.102	0.261	0.041	0.231	0.365	-0.047	-0.131	-0.018	-0.114	0.437	0.747	"5"
"预订"	0	0	0	0	1	0.102	0.261	0.041	0.231	0.365	-0.047	-0.131	-0.018	-0.114	0.437	0.747	"5"
"预赛"	0	0	0	0	1	0.102	0.261	0.041	0.231	0.365	-0.047	-0.131	-0.018	-0.114	0.437	0.747	"5"
"领先"	0	0	0	2	0	0.204	0.522	0.082	0.462	0.73	-0.093	-0.263	-0.036	1.273	-0.395	2.06	"4"
"领域"	0	2	0	9	3	1.425	3.652	0.575	3.235	5.113	-0.653	-0.6	-0.255	2.928	-0.728	5.164	"4"
"频次"	0	0	0	0	1	0.102	0.261	0.041	0.231	0.365	-0.047	-0.131	-0.018	-0.114	0.437	0.747	"5"
"颗粒"	0	0	0	0	1	0.102	0.261	0.041	0.231	0.365	-0.047	-0.131	-0.018	-0.114	0.437	0.747	"5"
"风气"	0	0	0	0	1	0.102	0.261	0.041	0.231	0.365	-0.047	-0.131	-0.018	-0.114	0.437	0.747	"5"
"风险性"	0	0	0	0	1	0.102	0.261	0.041	0.231	0.365	-0.047	-0.131	-0.018	-0.114	0.437	0.747	"5"
"食品"	0	0	0	1	0	0.102	0.261	0.041	0.231	0.365	-0.047	-0.131	-0.018	0.636	-0.197	1.029	"4"
"饥荒"	0	0	0	0	1	0.102	0.261	0.041	0.231	0.365	-0.047	-0.131	-0.018	-0.114	0.437	0.747	"5"
"馆"	0	0	0	0	1	0.102	0.261	0.041	0.231	0.365	-0.047	-0.131	-0.018	-0.114	0.437	0.747	"5"
"马来人"	0	0	0	0	5	0.509	1.304	0.205	1.155	1.826	-0.233	-0.656	-0.091	-0.571	2.187	3.738	"5"
"马队"	0	0	0	0	1	0.102	0.261	0.041	0.231	0.365	-0.047	-0.131	-0.018	-0.114	0.437	0.747	"5"
"驻科"	0	0	0	0	1	0.102	0.261	0.041	0.231	0.365	-0.047	-0.131	-0.018	-0.114	0.437	0.747	"5"
"骨科"	0	0	0	0	1	0.102	0.261	0.041	0.231	0.365	-0.047	-0.131	-0.018	-0.114	0.437	0.747	"5"
"高技术"	0	0	0	4	0	0.407	1.043	0.164	0.924	1.461	-0.186	-0.525	-0.073	2.545	-0.79	4.119	"4"
"高挂"	0	0	0	0	1	0.102	0.261	0.041	0.231	0.365	-0.047	-0.131	-0.018	-0.114	0.437	0.747	"5"
"高新"	0	1	0	1	0	0.204	0.522	0.082	0.462	0.73	-0.093	0.343	-0.036	0.389	-0.395	1.256	"5"
"高科技"	0	0	0	1	1	0.204	0.522	0.082	0.462	0.73	-0.093	-0.263	-0.036	0.389	0.224	1.005	"4"
"高端"	0	0	0	1	0	0.102	0.261	0.041	0.231	0.365	-0.047	-0.131	-0.018	0.636	-0.197	1.029	"4"
"高雄县"	0	0	0	0	2	0.204	0.522	0.082	0.462	0.73	-0.093	-0.263	-0.036	-0.228	0.875	1.495	"5"
"鱼得水"	0	0	0	0	1	0.102	0.261	0.041	0.231	0.365	-0.047	-0.131	-0.018	-0.114	0.437	0.747	"5"
"鲤河园"	0	0	0	0	1	0.102	0.261	0.041	0.231	0.365	-0.047	-0.131	-0.018	-0.114	0.437	0.747	"5"
"麻醉剂"	0	0	0	0	1	0.102	0.261	0.041	0.231	0.365	-0.047	-0.131	-0.018	-0.114	0.437	0.747	"5"
"黏土"	0	0	0	0	1	0.102	0.261	0.041	0.231	0.365	-0.047	-0.131	-0.018	-0.114	0.437	0.747	"5"
"黑颈鹤"	0	0	0	0	1	0.102	0.261	0.041	0.231	0.365	-0.047	-0.131	-0.018	-0.114	0.437	0.747	"5"
"鼓励"	0	0	0	1	0	0.102	0.261	0.041	0.231	0.365	-0.047	-0.131	-0.018	0.636	-0.197	1.029	"4"
"齐头并进"	0	0	0	0	1	0.102	0.261	0.041	0.231	0.365	-0.047	-0.131	-0.018	-0.114	0.437	0.747	"5"
