"Coll_Word"	"1"	"2"	"3"	"4"	"exp_1"	"exp_2"	"exp_3"	"exp_4"	"pbin_1"	"pbin_2"	"pbin_3"	"pbin_4"	"SumAbsDev"	"LargestDev"
"﹑"	0	1	0	0	0.283	0.252	0.085	0.38	-0.145	0.598	-0.038	-0.208	0.989	"2"
"【"	0	0	0	3	0.849	0.757	0.254	1.14	-0.434	-0.379	-0.115	1.26	2.188	"4"
"】"	0	0	0	3	0.849	0.757	0.254	1.14	-0.434	-0.379	-0.115	1.26	2.188	"4"
"1亿1700万"	0	0	1	0	0.283	0.252	0.085	0.38	-0.145	-0.126	1.073	-0.208	1.552	"3"
"2002年度"	0	0	0	1	0.283	0.252	0.085	0.38	-0.145	-0.126	-0.038	0.42	0.729	"4"
"20世纪"	0	2	0	0	0.566	0.505	0.169	0.76	-0.289	1.196	-0.077	-0.415	1.977	"2"
"300"	0	0	0	1	0.283	0.252	0.085	0.38	-0.145	-0.126	-0.038	0.42	0.729	"4"
"38亿"	0	1	0	0	0.283	0.252	0.085	0.38	-0.145	0.598	-0.038	-0.208	0.989	"2"
"407.22"	0	0	0	1	0.283	0.252	0.085	0.38	-0.145	-0.126	-0.038	0.42	0.729	"4"
"500"	0	0	2	0	0.566	0.505	0.169	0.76	-0.289	-0.253	2.146	-0.415	3.103	"3"
"50年"	0	1	0	0	0.283	0.252	0.085	0.38	-0.145	0.598	-0.038	-0.208	0.989	"2"
"8.5"	0	0	0	1	0.283	0.252	0.085	0.38	-0.145	-0.126	-0.038	0.42	0.729	"4"
"891006"	0	1	0	0	0.283	0.252	0.085	0.38	-0.145	0.598	-0.038	-0.208	0.989	"2"
"891122"	0	0	0	1	0.283	0.252	0.085	0.38	-0.145	-0.126	-0.038	0.42	0.729	"4"
"891207"	0	0	0	1	0.283	0.252	0.085	0.38	-0.145	-0.126	-0.038	0.42	0.729	"4"
"B2C"	0	0	0	1	0.283	0.252	0.085	0.38	-0.145	-0.126	-0.038	0.42	0.729	"4"
"IA"	1	0	0	0	0.283	0.252	0.085	0.38	0.548	-0.126	-0.038	-0.208	0.92	"1"
"JusticeOnLine"	0	0	0	1	0.283	0.252	0.085	0.38	-0.145	-0.126	-0.038	0.42	0.729	"4"
"QFII"	0	0	0	1	0.283	0.252	0.085	0.38	-0.145	-0.126	-0.038	0.42	0.729	"4"
"TMD"	0	0	0	1	0.283	0.252	0.085	0.38	-0.145	-0.126	-0.038	0.42	0.729	"4"
"Ｕ"	0	0	0	2	0.566	0.505	0.169	0.76	-0.289	-0.253	-0.077	0.84	1.459	"4"
"爱猫者"	0	0	0	1	0.283	0.252	0.085	0.38	-0.145	-0.126	-0.038	0.42	0.729	"4"
"安全"	4	1	0	6	3.114	2.776	0.93	4.181	0.419	-0.716	-0.422	0.69	2.247	"2"
"安置"	0	0	0	1	0.283	0.252	0.085	0.38	-0.145	-0.126	-0.038	0.42	0.729	"4"
"八大"	0	1	0	0	0.283	0.252	0.085	0.38	-0.145	0.598	-0.038	-0.208	0.989	"2"
"巴士站"	0	0	1	0	0.283	0.252	0.085	0.38	-0.145	-0.126	1.073	-0.208	1.552	"3"
"百分之五"	0	0	0	1	0.283	0.252	0.085	0.38	-0.145	-0.126	-0.038	0.42	0.729	"4"
"摆设"	0	0	0	1	0.283	0.252	0.085	0.38	-0.145	-0.126	-0.038	0.42	0.729	"4"
"办公"	0	0	0	1	0.283	0.252	0.085	0.38	-0.145	-0.126	-0.038	0.42	0.729	"4"
"半导体"	0	1	0	0	0.283	0.252	0.085	0.38	-0.145	0.598	-0.038	-0.208	0.989	"2"
"半径"	0	0	0	1	0.283	0.252	0.085	0.38	-0.145	-0.126	-0.038	0.42	0.729	"4"
"半圆"	0	0	0	1	0.283	0.252	0.085	0.38	-0.145	-0.126	-0.038	0.42	0.729	"4"
"包含"	0	0	0	1	0.283	0.252	0.085	0.38	-0.145	-0.126	-0.038	0.42	0.729	"4"
"包括"	2	5	1	15	6.511	5.804	1.944	8.741	-1.63	-0.339	-0.387	2.126	4.482	"4"
"饱和"	0	1	0	0	0.283	0.252	0.085	0.38	-0.145	0.598	-0.038	-0.208	0.989	"2"
"保"	0	0	0	1	0.283	0.252	0.085	0.38	-0.145	-0.126	-0.038	0.42	0.729	"4"
"保护"	0	0	0	5	1.415	1.262	0.423	1.9	-0.723	-0.631	-0.192	2.101	3.647	"4"
"保护区"	0	0	0	4	1.132	1.009	0.338	1.52	-0.578	-0.505	-0.153	1.681	2.917	"4"
"保险"	0	1	0	4	1.415	1.262	0.423	1.9	-0.723	-0.202	-0.192	1.139	2.256	"4"
"保险业"	0	0	0	1	0.283	0.252	0.085	0.38	-0.145	-0.126	-0.038	0.42	0.729	"4"
"暴雨"	0	0	0	1	0.283	0.252	0.085	0.38	-0.145	-0.126	-0.038	0.42	0.729	"4"
"爆破"	0	0	0	1	0.283	0.252	0.085	0.38	-0.145	-0.126	-0.038	0.42	0.729	"4"
"北约"	0	0	0	3	0.849	0.757	0.254	1.14	-0.434	-0.379	-0.115	1.26	2.188	"4"
"逼出"	0	0	0	1	0.283	0.252	0.085	0.38	-0.145	-0.126	-0.038	0.42	0.729	"4"
"比赛"	0	0	0	8	2.265	2.019	0.676	3.04	-1.156	-1.01	-0.307	3.361	5.834	"4"
"避"	0	0	0	1	0.283	0.252	0.085	0.38	-0.145	-0.126	-0.038	0.42	0.729	"4"
"变革"	0	0	0	2	0.566	0.505	0.169	0.76	-0.289	-0.253	-0.077	0.84	1.459	"4"
"标价"	0	0	0	1	0.283	0.252	0.085	0.38	-0.145	-0.126	-0.038	0.42	0.729	"4"
"标志"	0	1	0	0	0.283	0.252	0.085	0.38	-0.145	0.598	-0.038	-0.208	0.989	"2"
"标准"	0	0	1	1	0.566	0.505	0.169	0.76	-0.289	-0.253	0.791	0.211	1.544	"3"
"表决制"	0	0	0	2	0.566	0.505	0.169	0.76	-0.289	-0.253	-0.077	0.84	1.459	"4"
"表现"	0	0	0	2	0.566	0.505	0.169	0.76	-0.289	-0.253	-0.077	0.84	1.459	"4"
"别的"	1	0	0	0	0.283	0.252	0.085	0.38	0.548	-0.126	-0.038	-0.208	0.92	"1"
"槟城"	0	0	0	2	0.566	0.505	0.169	0.76	-0.289	-0.253	-0.077	0.84	1.459	"4"
"并购"	1	0	0	0	0.283	0.252	0.085	0.38	0.548	-0.126	-0.038	-0.208	0.92	"1"
"病原体"	0	0	0	1	0.283	0.252	0.085	0.38	-0.145	-0.126	-0.038	0.42	0.729	"4"
"病源"	0	0	1	0	0.283	0.252	0.085	0.38	-0.145	-0.126	1.073	-0.208	1.552	"3"
"补偿"	0	0	0	2	0.566	0.505	0.169	0.76	-0.289	-0.253	-0.077	0.84	1.459	"4"
"不必"	0	0	0	1	0.283	0.252	0.085	0.38	-0.145	-0.126	-0.038	0.42	0.729	"4"
"不断"	9	2	0	0	3.114	2.776	0.93	4.181	3.447	-0.349	-0.422	-2.284	6.502	"1"
"不同"	0	2	0	6	2.265	2.019	0.676	3.04	-1.156	-0.172	-0.307	1.414	3.049	"4"
"不遗余力"	0	0	0	1	0.283	0.252	0.085	0.38	-0.145	-0.126	-0.038	0.42	0.729	"4"
"步伐"	0	1	0	0	0.283	0.252	0.085	0.38	-0.145	0.598	-0.038	-0.208	0.989	"2"
"部署"	0	0	1	0	0.283	0.252	0.085	0.38	-0.145	-0.126	1.073	-0.208	1.552	"3"
"财产局"	0	0	0	1	0.283	0.252	0.085	0.38	-0.145	-0.126	-0.038	0.42	0.729	"4"
"裁军"	0	0	0	3	0.849	0.757	0.254	1.14	-0.434	-0.379	-0.115	1.26	2.188	"4"
"採购法"	0	0	0	1	0.283	0.252	0.085	0.38	-0.145	-0.126	-0.038	0.42	0.729	"4"
"参保"	0	0	0	1	0.283	0.252	0.085	0.38	-0.145	-0.126	-0.038	0.42	0.729	"4"
"残疾人"	0	0	1	0	0.283	0.252	0.085	0.38	-0.145	-0.126	1.073	-0.208	1.552	"3"
"层次"	2	0	0	0	0.566	0.505	0.169	0.76	1.096	-0.253	-0.077	-0.415	1.841	"1"
"层面"	1	0	0	0	0.283	0.252	0.085	0.38	0.548	-0.126	-0.038	-0.208	0.92	"1"
"拆迁"	0	0	0	1	0.283	0.252	0.085	0.38	-0.145	-0.126	-0.038	0.42	0.729	"4"
"产品"	0	1	0	2	0.849	0.757	0.254	1.14	-0.434	0.235	-0.115	0.49	1.274	"4"
"产业"	2	4	0	0	1.699	1.514	0.507	2.28	0.266	1.411	-0.23	-1.246	3.153	"2"
"场"	0	0	0	5	1.415	1.262	0.423	1.9	-0.723	-0.631	-0.192	2.101	3.647	"4"
"场馆"	0	0	0	1	0.283	0.252	0.085	0.38	-0.145	-0.126	-0.038	0.42	0.729	"4"
"超出"	0	0	0	4	1.132	1.009	0.338	1.52	-0.578	-0.505	-0.153	1.681	2.917	"4"
"超越"	0	1	0	2	0.849	0.757	0.254	1.14	-0.434	0.235	-0.115	0.49	1.274	"4"
"朝韩"	1	0	0	0	0.283	0.252	0.085	0.38	0.548	-0.126	-0.038	-0.208	0.92	"1"
"潮涌"	0	0	0	1	0.283	0.252	0.085	0.38	-0.145	-0.126	-0.038	0.42	0.729	"4"
"车辆"	0	0	0	1	0.283	0.252	0.085	0.38	-0.145	-0.126	-0.038	0.42	0.729	"4"
"成果"	2	2	0	0	1.132	1.009	0.338	1.52	0.497	0.576	-0.153	-0.831	2.057	"4"
"成就"	2	4	0	2	2.265	2.019	0.676	3.04	-0.226	0.932	-0.307	-0.446	1.911	"2"
"成效"	2	0	0	0	0.566	0.505	0.169	0.76	1.096	-0.253	-0.077	-0.415	1.841	"1"
"成员国"	1	2	1	2	1.699	1.514	0.507	2.28	-0.34	0.326	0.386	-0.232	1.284	"3"
"承保"	0	0	0	1	0.283	0.252	0.085	0.38	-0.145	-0.126	-0.038	0.42	0.729	"4"
"程度"	0	0	0	2	0.566	0.505	0.169	0.76	-0.289	-0.253	-0.077	0.84	1.459	"4"
"惩治"	0	0	0	1	0.283	0.252	0.085	0.38	-0.145	-0.126	-0.038	0.42	0.729	"4"
"池塘"	0	0	0	1	0.283	0.252	0.085	0.38	-0.145	-0.126	-0.038	0.42	0.729	"4"
"持续发"	0	1	0	0	0.283	0.252	0.085	0.38	-0.145	0.598	-0.038	-0.208	0.989	"2"
"充实"	1	0	0	0	0.283	0.252	0.085	0.38	0.548	-0.126	-0.038	-0.208	0.92	"1"
"出面"	0	0	0	1	0.283	0.252	0.085	0.38	-0.145	-0.126	-0.038	0.42	0.729	"4"
"出让"	0	0	0	2	0.566	0.505	0.169	0.76	-0.289	-0.253	-0.077	0.84	1.459	"4"
"出售给"	0	0	0	1	0.283	0.252	0.085	0.38	-0.145	-0.126	-0.038	0.42	0.729	"4"
"储存"	0	0	0	1	0.283	0.252	0.085	0.38	-0.145	-0.126	-0.038	0.42	0.729	"4"
"传播"	0	0	2	2	1.132	1.009	0.338	1.52	-0.578	-0.505	1.418	0.31	2.811	"3"
"传输"	0	0	0	1	0.283	0.252	0.085	0.38	-0.145	-0.126	-0.038	0.42	0.729	"4"
"传统"	0	0	0	1	0.283	0.252	0.085	0.38	-0.145	-0.126	-0.038	0.42	0.729	"4"
"传统农业"	0	1	0	0	0.283	0.252	0.085	0.38	-0.145	0.598	-0.038	-0.208	0.989	"2"
"船舶"	0	0	1	0	0.283	0.252	0.085	0.38	-0.145	-0.126	1.073	-0.208	1.552	"3"
"创新"	0	1	0	0	0.283	0.252	0.085	0.38	-0.145	0.598	-0.038	-0.208	0.989	"2"
"从事"	0	1	0	0	0.283	0.252	0.085	0.38	-0.145	0.598	-0.038	-0.208	0.989	"2"
"促"	2	0	0	0	0.566	0.505	0.169	0.76	1.096	-0.253	-0.077	-0.415	1.841	"1"
"促进"	4	3	0	0	1.982	1.766	0.592	2.66	0.978	0.605	-0.268	-1.454	3.305	"4"
"存在"	1	3	0	0	1.132	1.009	0.338	1.52	-0.167	1.283	-0.153	-0.831	2.434	"2"
"搭起"	0	0	0	1	0.283	0.252	0.085	0.38	-0.145	-0.126	-0.038	0.42	0.729	"4"
"打击"	1	0	1	0	0.566	0.505	0.169	0.76	0.313	-0.253	0.791	-0.415	1.772	"3"
"打进"	0	0	0	1	0.283	0.252	0.085	0.38	-0.145	-0.126	-0.038	0.42	0.729	"4"
"大"	0	1	6	15	6.228	5.551	1.859	8.361	-3.18	-1.853	2.081	2.398	9.512	"1"
"大大"	0	0	0	1	0.283	0.252	0.085	0.38	-0.145	-0.126	-0.038	0.42	0.729	"4"
"大抵"	0	0	0	1	0.283	0.252	0.085	0.38	-0.145	-0.126	-0.038	0.42	0.729	"4"
"大法官"	0	0	0	1	0.283	0.252	0.085	0.38	-0.145	-0.126	-0.038	0.42	0.729	"4"
"大纲"	0	0	0	1	0.283	0.252	0.085	0.38	-0.145	-0.126	-0.038	0.42	0.729	"4"
"大力"	1	0	0	0	0.283	0.252	0.085	0.38	0.548	-0.126	-0.038	-0.208	0.92	"1"
"代劳"	0	0	0	1	0.283	0.252	0.085	0.38	-0.145	-0.126	-0.038	0.42	0.729	"4"
"贷款"	0	0	0	2	0.566	0.505	0.169	0.76	-0.289	-0.253	-0.077	0.84	1.459	"4"
"丹戎巴葛社"	0	0	1	0	0.283	0.252	0.085	0.38	-0.145	-0.126	1.073	-0.208	1.552	"3"
"单项"	0	0	0	1	0.283	0.252	0.085	0.38	-0.145	-0.126	-0.038	0.42	0.729	"4"
"单一"	0	0	0	1	0.283	0.252	0.085	0.38	-0.145	-0.126	-0.038	0.42	0.729	"4"
"当前"	0	0	0	1	0.283	0.252	0.085	0.38	-0.145	-0.126	-0.038	0.42	0.729	"4"
"得到"	1	0	0	0	0.283	0.252	0.085	0.38	0.548	-0.126	-0.038	-0.208	0.92	"1"
"灯光"	0	0	0	1	0.283	0.252	0.085	0.38	-0.145	-0.126	-0.038	0.42	0.729	"4"
"等"	18	30	0	9	16.137	14.383	4.817	21.664	0.471	5.057	-2.186	-3.649	11.363	"2"
"低压"	0	0	0	1	0.283	0.252	0.085	0.38	-0.145	-0.126	-0.038	0.42	0.729	"4"
"地板"	0	0	0	1	0.283	0.252	0.085	0.38	-0.145	-0.126	-0.038	0.42	0.729	"4"
"地理"	0	0	0	1	0.283	0.252	0.085	0.38	-0.145	-0.126	-0.038	0.42	0.729	"4"
"地位"	0	0	0	1	0.283	0.252	0.085	0.38	-0.145	-0.126	-0.038	0.42	0.729	"4"
"地下军"	0	0	0	1	0.283	0.252	0.085	0.38	-0.145	-0.126	-0.038	0.42	0.729	"4"
"地域"	0	0	1	1	0.566	0.505	0.169	0.76	-0.289	-0.253	0.791	0.211	1.544	"3"
"点多"	0	0	0	1	0.283	0.252	0.085	0.38	-0.145	-0.126	-0.038	0.42	0.729	"4"
"电信"	1	3	0	0	1.132	1.009	0.338	1.52	-0.167	1.283	-0.153	-0.831	2.434	"2"
"电子"	0	2	0	0	0.566	0.505	0.169	0.76	-0.289	1.196	-0.077	-0.415	1.977	"2"
"电子商务"	0	2	0	0	0.566	0.505	0.169	0.76	-0.289	1.196	-0.077	-0.415	1.977	"2"
"电子业"	0	1	0	0	0.283	0.252	0.085	0.38	-0.145	0.598	-0.038	-0.208	0.989	"2"
"奠定"	1	1	0	0	0.566	0.505	0.169	0.76	0.313	0.356	-0.077	-0.415	1.161	"4"
"订出来"	0	0	0	1	0.283	0.252	0.085	0.38	-0.145	-0.126	-0.038	0.42	0.729	"4"
"订定"	0	0	0	1	0.283	0.252	0.085	0.38	-0.145	-0.126	-0.038	0.42	0.729	"4"
"定额"	0	0	0	2	0.566	0.505	0.169	0.76	-0.289	-0.253	-0.077	0.84	1.459	"4"
"定价"	0	0	0	1	0.283	0.252	0.085	0.38	-0.145	-0.126	-0.038	0.42	0.729	"4"
"定位为"	0	1	0	0	0.283	0.252	0.085	0.38	-0.145	0.598	-0.038	-0.208	0.989	"2"
"定下"	0	0	0	1	0.283	0.252	0.085	0.38	-0.145	-0.126	-0.038	0.42	0.729	"4"
"东盟"	2	1	0	0	0.849	0.757	0.254	1.14	0.71	0.235	-0.115	-0.623	1.683	"1"
"动"	0	0	0	2	0.566	0.505	0.169	0.76	-0.289	-0.253	-0.077	0.84	1.459	"4"
"动线"	0	0	0	1	0.283	0.252	0.085	0.38	-0.145	-0.126	-0.038	0.42	0.729	"4"
"豆腐"	0	0	1	0	0.283	0.252	0.085	0.38	-0.145	-0.126	1.073	-0.208	1.552	"3"
"短缺"	0	1	0	0	0.283	0.252	0.085	0.38	-0.145	0.598	-0.038	-0.208	0.989	"2"
"队员"	0	0	0	1	0.283	0.252	0.085	0.38	-0.145	-0.126	-0.038	0.42	0.729	"4"
"对案"	0	0	1	0	0.283	0.252	0.085	0.38	-0.145	-0.126	1.073	-0.208	1.552	"3"
"对开"	0	0	0	1	0.283	0.252	0.085	0.38	-0.145	-0.126	-0.038	0.42	0.729	"4"
"对象"	0	0	0	1	0.283	0.252	0.085	0.38	-0.145	-0.126	-0.038	0.42	0.729	"4"
"多"	3	2	0	1	1.699	1.514	0.507	2.28	0.648	0.326	-0.23	-0.576	1.78	"1"
"多边"	1	0	0	0	0.283	0.252	0.085	0.38	0.548	-0.126	-0.038	-0.208	0.92	"1"
"多层次"	0	1	0	0	0.283	0.252	0.085	0.38	-0.145	0.598	-0.038	-0.208	0.989	"2"
"多方面"	1	0	0	0	0.283	0.252	0.085	0.38	0.548	-0.126	-0.038	-0.208	0.92	"1"
"多数"	0	0	0	1	0.283	0.252	0.085	0.38	-0.145	-0.126	-0.038	0.42	0.729	"4"
"多重"	1	0	0	0	0.283	0.252	0.085	0.38	0.548	-0.126	-0.038	-0.208	0.92	"1"
"俄欧"	0	0	0	2	0.566	0.505	0.169	0.76	-0.289	-0.253	-0.077	0.84	1.459	"4"
"而且"	0	0	0	1	0.283	0.252	0.085	0.38	-0.145	-0.126	-0.038	0.42	0.729	"4"
"尔等"	0	1	0	0	0.283	0.252	0.085	0.38	-0.145	0.598	-0.038	-0.208	0.989	"2"
"二千年"	0	1	0	0	0.283	0.252	0.085	0.38	-0.145	0.598	-0.038	-0.208	0.989	"2"
"发病率"	0	0	0	2	0.566	0.505	0.169	0.76	-0.289	-0.253	-0.077	0.84	1.459	"4"
"发病症"	0	0	0	1	0.283	0.252	0.085	0.38	-0.145	-0.126	-0.038	0.42	0.729	"4"
"发放"	0	0	0	1	0.283	0.252	0.085	0.38	-0.145	-0.126	-0.038	0.42	0.729	"4"
"发明"	0	0	0	1	0.283	0.252	0.085	0.38	-0.145	-0.126	-0.038	0.42	0.729	"4"
"发起人"	0	0	0	1	0.283	0.252	0.085	0.38	-0.145	-0.126	-0.038	0.42	0.729	"4"
"发夕"	0	0	1	0	0.283	0.252	0.085	0.38	-0.145	-0.126	1.073	-0.208	1.552	"3"
"发言权"	0	1	0	0	0.283	0.252	0.085	0.38	-0.145	0.598	-0.038	-0.208	0.989	"2"
"发展"	15	19	0	1	9.908	8.832	2.958	13.302	1.335	3.644	-1.342	-5.916	12.237	"4"
"法定"	0	0	0	1	0.283	0.252	0.085	0.38	-0.145	-0.126	-0.038	0.42	0.729	"4"
"法令"	0	0	0	2	0.566	0.505	0.169	0.76	-0.289	-0.253	-0.077	0.84	1.459	"4"
"法律"	0	1	0	3	1.132	1.009	0.338	1.52	-0.578	-0.134	-0.153	0.804	1.669	"4"
"繁重"	0	0	0	1	0.283	0.252	0.085	0.38	-0.145	-0.126	-0.038	0.42	0.729	"4"
"反恐"	1	0	0	0	0.283	0.252	0.085	0.38	0.548	-0.126	-0.038	-0.208	0.92	"1"
"反贪"	1	0	0	0	0.283	0.252	0.085	0.38	0.548	-0.126	-0.038	-0.208	0.92	"1"
"犯罪"	0	2	0	0	0.566	0.505	0.169	0.76	-0.289	1.196	-0.077	-0.415	1.977	"2"
"范围"	0	0	0	3	0.849	0.757	0.254	1.14	-0.434	-0.379	-0.115	1.26	2.188	"4"
"范围表"	0	0	0	1	0.283	0.252	0.085	0.38	-0.145	-0.126	-0.038	0.42	0.729	"4"
"贩卖"	0	0	1	0	0.283	0.252	0.085	0.38	-0.145	-0.126	1.073	-0.208	1.552	"3"
"方便"	0	0	0	1	0.283	0.252	0.085	0.38	-0.145	-0.126	-0.038	0.42	0.729	"4"
"方向"	0	1	0	0	0.283	0.252	0.085	0.38	-0.145	0.598	-0.038	-0.208	0.989	"2"
"防汛"	0	0	0	1	0.283	0.252	0.085	0.38	-0.145	-0.126	-0.038	0.42	0.729	"4"
"防治"	0	1	0	0	0.283	0.252	0.085	0.38	-0.145	0.598	-0.038	-0.208	0.989	"2"
"房产"	0	0	0	1	0.283	0.252	0.085	0.38	-0.145	-0.126	-0.038	0.42	0.729	"4"
"放领"	0	0	0	1	0.283	0.252	0.085	0.38	-0.145	-0.126	-0.038	0.42	0.729	"4"
"飞行"	0	0	1	0	0.283	0.252	0.085	0.38	-0.145	-0.126	1.073	-0.208	1.552	"3"
"非"	0	0	0	2	0.566	0.505	0.169	0.76	-0.289	-0.253	-0.077	0.84	1.459	"4"
"非传"	1	0	0	0	0.283	0.252	0.085	0.38	0.548	-0.126	-0.038	-0.208	0.92	"1"
"非生产"	0	0	0	1	0.283	0.252	0.085	0.38	-0.145	-0.126	-0.038	0.42	0.729	"4"
"肺癌"	0	0	0	1	0.283	0.252	0.085	0.38	-0.145	-0.126	-0.038	0.42	0.729	"4"
"分到"	0	0	0	1	0.283	0.252	0.085	0.38	-0.145	-0.126	-0.038	0.42	0.729	"4"
"丰硕"	2	0	0	0	0.566	0.505	0.169	0.76	1.096	-0.253	-0.077	-0.415	1.841	"1"
"丰州镇"	0	0	0	1	0.283	0.252	0.085	0.38	-0.145	-0.126	-0.038	0.42	0.729	"4"
"封锁"	0	0	0	2	0.566	0.505	0.169	0.76	-0.289	-0.253	-0.077	0.84	1.459	"4"
"佛法"	0	1	0	0	0.283	0.252	0.085	0.38	-0.145	0.598	-0.038	-0.208	0.989	"2"
"服务"	0	17	1	11	8.21	7.318	2.451	11.022	-4.192	3.86	-0.546	-0.238	8.836	"1"
"服务业"	1	2	0	1	1.132	1.009	0.338	1.52	-0.167	0.576	-0.153	-0.293	1.189	"2"
"浮动"	0	0	1	0	0.283	0.252	0.085	0.38	-0.145	-0.126	1.073	-0.208	1.552	"3"
"幅度"	0	0	0	1	0.283	0.252	0.085	0.38	-0.145	-0.126	-0.038	0.42	0.729	"4"
"腐败"	0	0	0	1	0.283	0.252	0.085	0.38	-0.145	-0.126	-0.038	0.42	0.729	"4"
"负责"	0	0	0	1	0.283	0.252	0.085	0.38	-0.145	-0.126	-0.038	0.42	0.729	"4"
"覆盖"	0	0	0	5	1.415	1.262	0.423	1.9	-0.723	-0.631	-0.192	2.101	3.647	"4"
"改革"	0	1	0	1	0.566	0.505	0.169	0.76	-0.289	0.356	-0.077	0.211	0.933	"2"
"改会"	0	0	0	1	0.283	0.252	0.085	0.38	-0.145	-0.126	-0.038	0.42	0.729	"4"
"干预"	0	0	1	0	0.283	0.252	0.085	0.38	-0.145	-0.126	1.073	-0.208	1.552	"3"
"高过"	0	0	0	1	0.283	0.252	0.085	0.38	-0.145	-0.126	-0.038	0.42	0.729	"4"
"高技术"	1	1	0	0	0.566	0.505	0.169	0.76	0.313	0.356	-0.077	-0.415	1.161	"4"
"高科技"	2	1	0	0	0.849	0.757	0.254	1.14	0.71	0.235	-0.115	-0.623	1.683	"1"
"高新"	0	1	0	0	0.283	0.252	0.085	0.38	-0.145	0.598	-0.038	-0.208	0.989	"2"
"高性能"	1	0	0	0	0.283	0.252	0.085	0.38	0.548	-0.126	-0.038	-0.208	0.92	"1"
"个"	17	7	0	16	11.324	10.093	3.38	15.202	1.418	-0.761	-1.534	0.341	4.054	"3"
"个别"	0	0	0	1	0.283	0.252	0.085	0.38	-0.145	-0.126	-0.038	0.42	0.729	"4"
"各"	28	3	0	7	10.758	9.589	3.211	14.442	8.054	-2.178	-1.457	-2.103	13.792	"1"
"更"	0	0	1	8	2.548	2.271	0.761	3.421	-1.301	-1.137	0.261	2.586	5.285	"4"
"更改"	0	0	0	1	0.283	0.252	0.085	0.38	-0.145	-0.126	-0.038	0.42	0.729	"4"
"更加"	3	0	0	0	0.849	0.757	0.254	1.14	1.644	-0.379	-0.115	-0.623	2.761	"1"
"更名为"	0	0	0	1	0.283	0.252	0.085	0.38	-0.145	-0.126	-0.038	0.42	0.729	"4"
"工商部门"	0	0	0	1	0.283	0.252	0.085	0.38	-0.145	-0.126	-0.038	0.42	0.729	"4"
"工业"	0	2	0	0	0.566	0.505	0.169	0.76	-0.289	1.196	-0.077	-0.415	1.977	"2"
"工作"	0	0	0	2	0.566	0.505	0.169	0.76	-0.289	-0.253	-0.077	0.84	1.459	"4"
"工作表"	0	0	0	1	0.283	0.252	0.085	0.38	-0.145	-0.126	-0.038	0.42	0.729	"4"
"公尺"	0	0	1	2	0.849	0.757	0.254	1.14	-0.434	-0.379	0.633	0.49	1.936	"3"
"公告"	0	0	1	0	0.283	0.252	0.085	0.38	-0.145	-0.126	1.073	-0.208	1.552	"3"
"公共"	1	0	0	1	0.566	0.505	0.169	0.76	0.313	-0.253	-0.077	0.211	0.854	"1"
"公开"	0	0	1	0	0.283	0.252	0.085	0.38	-0.145	-0.126	1.073	-0.208	1.552	"3"
"公里"	0	0	2	2	1.132	1.009	0.338	1.52	-0.578	-0.505	1.418	0.31	2.811	"3"
"公评"	0	0	0	1	0.283	0.252	0.085	0.38	-0.145	-0.126	-0.038	0.42	0.729	"4"
"公顷"	0	0	0	1	0.283	0.252	0.085	0.38	-0.145	-0.126	-0.038	0.42	0.729	"4"
"公认"	0	1	0	0	0.283	0.252	0.085	0.38	-0.145	0.598	-0.038	-0.208	0.989	"2"
"公园"	0	0	0	1	0.283	0.252	0.085	0.38	-0.145	-0.126	-0.038	0.42	0.729	"4"
"贡献"	1	0	0	2	0.849	0.757	0.254	1.14	0.2	-0.379	-0.115	0.49	1.184	"4"
"购置"	0	0	0	1	0.283	0.252	0.085	0.38	-0.145	-0.126	-0.038	0.42	0.729	"4"
"古蹟"	0	0	0	1	0.283	0.252	0.085	0.38	-0.145	-0.126	-0.038	0.42	0.729	"4"
"鼓励性"	0	1	0	0	0.283	0.252	0.085	0.38	-0.145	0.598	-0.038	-0.208	0.989	"2"
"挂"	0	0	0	1	0.283	0.252	0.085	0.38	-0.145	-0.126	-0.038	0.42	0.729	"4"
"关键"	0	3	0	0	0.849	0.757	0.254	1.14	-0.434	1.794	-0.115	-0.623	2.966	"2"
"关税"	0	0	0	1	0.283	0.252	0.085	0.38	-0.145	-0.126	-0.038	0.42	0.729	"4"
"关系"	17	1	0	1	5.379	4.794	1.606	7.221	7.354	-1.53	-0.729	-2.843	12.456	"1"
"管"	0	0	1	1	0.566	0.505	0.169	0.76	-0.289	-0.253	0.791	0.211	1.544	"3"
"管辖"	0	0	0	1	0.283	0.252	0.085	0.38	-0.145	-0.126	-0.038	0.42	0.729	"4"
"管辖权"	0	0	0	1	0.283	0.252	0.085	0.38	-0.145	-0.126	-0.038	0.42	0.729	"4"
"管制"	0	0	3	2	1.415	1.262	0.423	1.9	-0.723	-0.631	2.276	0.202	3.832	"3"
"光电所"	1	0	0	0	0.283	0.252	0.085	0.38	0.548	-0.126	-0.038	-0.208	0.92	"1"
"光通"	0	1	0	0	0.283	0.252	0.085	0.38	-0.145	0.598	-0.038	-0.208	0.989	"2"
"光纤"	0	1	0	0	0.283	0.252	0.085	0.38	-0.145	0.598	-0.038	-0.208	0.989	"2"
"光子"	0	1	0	0	0.283	0.252	0.085	0.38	-0.145	0.598	-0.038	-0.208	0.989	"2"
"广"	1	1	0	10	3.397	3.028	1.014	4.561	-0.976	-0.812	-0.46	2.749	4.997	"4"
"广大"	0	0	0	1	0.283	0.252	0.085	0.38	-0.145	-0.126	-0.038	0.42	0.729	"4"
"广泛"	4	0	0	1	1.415	1.262	0.423	1.9	1.605	-0.631	-0.192	-0.429	2.857	"1"
"广阔"	0	1	0	0	0.283	0.252	0.085	0.38	-0.145	0.598	-0.038	-0.208	0.989	"2"
"规"	0	0	0	1	0.283	0.252	0.085	0.38	-0.145	-0.126	-0.038	0.42	0.729	"4"
"规程"	0	0	0	1	0.283	0.252	0.085	0.38	-0.145	-0.126	-0.038	0.42	0.729	"4"
"规定"	0	0	2	6	2.265	2.019	0.676	3.04	-1.156	-1.01	0.847	1.414	4.427	"4"
"规范"	0	0	0	1	0.283	0.252	0.085	0.38	-0.145	-0.126	-0.038	0.42	0.729	"4"
"规模"	0	0	0	1	0.283	0.252	0.085	0.38	-0.145	-0.126	-0.038	0.42	0.729	"4"
"规则"	0	0	0	1	0.283	0.252	0.085	0.38	-0.145	-0.126	-0.038	0.42	0.729	"4"
"国"	13	0	0	3	4.53	4.037	1.352	6.081	4.773	-2.021	-0.613	-1.055	8.462	"1"
"国防军工"	0	1	0	0	0.283	0.252	0.085	0.38	-0.145	0.598	-0.038	-0.208	0.989	"2"
"国籍"	0	0	0	1	0.283	0.252	0.085	0.38	-0.145	-0.126	-0.038	0.42	0.729	"4"
"国界"	0	0	0	2	0.566	0.505	0.169	0.76	-0.289	-0.253	-0.077	0.84	1.459	"4"
"国企"	0	1	0	0	0.283	0.252	0.085	0.38	-0.145	0.598	-0.038	-0.208	0.989	"2"
"国有资产"	1	0	0	0	0.283	0.252	0.085	0.38	0.548	-0.126	-0.038	-0.208	0.92	"1"
"海岛"	0	0	1	0	0.283	0.252	0.085	0.38	-0.145	-0.126	1.073	-0.208	1.552	"3"
"海区"	0	0	0	1	0.283	0.252	0.085	0.38	-0.145	-0.126	-0.038	0.42	0.729	"4"
"海域"	0	0	1	0	0.283	0.252	0.085	0.38	-0.145	-0.126	1.073	-0.208	1.552	"3"
"邯钢"	0	0	1	0	0.283	0.252	0.085	0.38	-0.145	-0.126	1.073	-0.208	1.552	"3"
"含括"	0	0	0	1	0.283	0.252	0.085	0.38	-0.145	-0.126	-0.038	0.42	0.729	"4"
"含义"	0	0	0	1	0.283	0.252	0.085	0.38	-0.145	-0.126	-0.038	0.42	0.729	"4"
"涵盖"	0	1	0	2	0.849	0.757	0.254	1.14	-0.434	0.235	-0.115	0.49	1.274	"4"
"罕见"	0	0	0	1	0.283	0.252	0.085	0.38	-0.145	-0.126	-0.038	0.42	0.729	"4"
"汉江"	0	0	0	2	0.566	0.505	0.169	0.76	-0.289	-0.253	-0.077	0.84	1.459	"4"
"行销"	0	1	0	0	0.283	0.252	0.085	0.38	-0.145	0.598	-0.038	-0.208	0.989	"2"
"行业"	0	3	0	0	0.849	0.757	0.254	1.14	-0.434	1.794	-0.115	-0.623	2.966	"2"
"行政权"	0	0	0	2	0.566	0.505	0.169	0.76	-0.289	-0.253	-0.077	0.84	1.459	"4"
"航点"	0	0	0	1	0.283	0.252	0.085	0.38	-0.145	-0.126	-0.038	0.42	0.729	"4"
"航空站"	0	0	0	1	0.283	0.252	0.085	0.38	-0.145	-0.126	-0.038	0.42	0.729	"4"
"航天"	0	1	0	1	0.566	0.505	0.169	0.76	-0.289	0.356	-0.077	0.211	0.933	"2"
"航政"	0	0	0	1	0.283	0.252	0.085	0.38	-0.145	-0.126	-0.038	0.42	0.729	"4"
"好"	1	0	0	0	0.283	0.252	0.085	0.38	0.548	-0.126	-0.038	-0.208	0.92	"1"
"好几"	0	0	0	1	0.283	0.252	0.085	0.38	-0.145	-0.126	-0.038	0.42	0.729	"4"
"合并"	0	0	0	1	0.283	0.252	0.085	0.38	-0.145	-0.126	-0.038	0.42	0.729	"4"
"合法"	0	0	1	0	0.283	0.252	0.085	0.38	-0.145	-0.126	1.073	-0.208	1.552	"3"
"合金"	0	1	0	0	0.283	0.252	0.085	0.38	-0.145	0.598	-0.038	-0.208	0.989	"2"
"合作"	87	2	0	0	25.196	22.458	7.521	33.826	44.374	-8.562	-3.412	-18.481	74.829	"1"
"和协"	0	0	0	1	0.283	0.252	0.085	0.38	-0.145	-0.126	-0.038	0.42	0.729	"4"
"河道"	0	0	0	1	0.283	0.252	0.085	0.38	-0.145	-0.126	-0.038	0.42	0.729	"4"
"黑面琵鹭"	0	0	0	1	0.283	0.252	0.085	0.38	-0.145	-0.126	-0.038	0.42	0.729	"4"
"横向"	0	0	0	1	0.283	0.252	0.085	0.38	-0.145	-0.126	-0.038	0.42	0.729	"4"
"后悔莫及"	0	0	0	1	0.283	0.252	0.085	0.38	-0.145	-0.126	-0.038	0.42	0.729	"4"
"后台"	0	0	0	1	0.283	0.252	0.085	0.38	-0.145	-0.126	-0.038	0.42	0.729	"4"
"互"	3	1	0	0	1.132	1.009	0.338	1.52	1.146	-0.134	-0.153	-0.831	2.264	"1"
"互补性"	1	1	0	0	0.566	0.505	0.169	0.76	0.313	0.356	-0.077	-0.415	1.161	"4"
"互访"	1	0	0	0	0.283	0.252	0.085	0.38	0.548	-0.126	-0.038	-0.208	0.92	"1"
"互利"	2	0	0	0	0.566	0.505	0.169	0.76	1.096	-0.253	-0.077	-0.415	1.841	"1"
"互信"	1	0	0	0	0.283	0.252	0.085	0.38	0.548	-0.126	-0.038	-0.208	0.92	"1"
"划出"	0	0	0	1	0.283	0.252	0.085	0.38	-0.145	-0.126	-0.038	0.42	0.729	"4"
"化学"	0	0	0	1	0.283	0.252	0.085	0.38	-0.145	-0.126	-0.038	0.42	0.729	"4"
"环保产业"	1	0	0	0	0.283	0.252	0.085	0.38	0.548	-0.126	-0.038	-0.208	0.92	"1"
"环节"	0	0	0	1	0.283	0.252	0.085	0.38	-0.145	-0.126	-0.038	0.42	0.729	"4"
"环境"	0	0	0	1	0.283	0.252	0.085	0.38	-0.145	-0.126	-0.038	0.42	0.729	"4"
"活动"	0	1	1	2	1.132	1.009	0.338	1.52	-0.578	-0.134	0.526	0.31	1.548	"1"
"活跃"	1	0	0	0	0.283	0.252	0.085	0.38	0.548	-0.126	-0.038	-0.208	0.92	"1"
"火把"	0	0	0	1	0.283	0.252	0.085	0.38	-0.145	-0.126	-0.038	0.42	0.729	"4"
"火灾"	0	0	0	1	0.283	0.252	0.085	0.38	-0.145	-0.126	-0.038	0.42	0.729	"4"
"机械"	0	1	0	0	0.283	0.252	0.085	0.38	-0.145	0.598	-0.038	-0.208	0.989	"2"
"机长"	0	0	0	1	0.283	0.252	0.085	0.38	-0.145	-0.126	-0.038	0.42	0.729	"4"
"积极"	1	1	0	1	0.849	0.757	0.254	1.14	0.2	0.235	-0.115	-0.17	0.72	"2"
"基础"	8	4	0	1	3.68	3.28	1.099	4.941	1.898	0.373	-0.498	-1.747	4.516	"1"
"基因组"	0	0	2	0	0.566	0.505	0.169	0.76	-0.289	-0.253	2.146	-0.415	3.103	"3"
"激光"	0	0	0	1	0.283	0.252	0.085	0.38	-0.145	-0.126	-0.038	0.42	0.729	"4"
"及其"	1	0	0	0	0.283	0.252	0.085	0.38	0.548	-0.126	-0.038	-0.208	0.92	"1"
"集合"	0	0	0	1	0.283	0.252	0.085	0.38	-0.145	-0.126	-0.038	0.42	0.729	"4"
"集市"	0	1	0	0	0.283	0.252	0.085	0.38	-0.145	0.598	-0.038	-0.208	0.989	"2"
"集运"	0	1	0	0	0.283	0.252	0.085	0.38	-0.145	0.598	-0.038	-0.208	0.989	"2"
"集中"	0	4	1	0	1.415	1.262	0.423	1.9	-0.723	1.791	0.447	-1.038	3.999	"2"
"几年"	0	0	0	1	0.283	0.252	0.085	0.38	-0.145	-0.126	-0.038	0.42	0.729	"4"
"计划"	0	0	0	1	0.283	0.252	0.085	0.38	-0.145	-0.126	-0.038	0.42	0.729	"4"
"计算机"	0	4	0	0	1.132	1.009	0.338	1.52	-0.578	2.392	-0.153	-0.831	3.954	"2"
"技"	0	2	0	0	0.566	0.505	0.169	0.76	-0.289	1.196	-0.077	-0.415	1.977	"2"
"技术"	2	10	0	0	3.397	3.028	1.014	4.561	-0.53	4.387	-0.46	-2.492	7.869	"2"
"济"	1	0	0	0	0.283	0.252	0.085	0.38	0.548	-0.126	-0.038	-0.208	0.92	"1"
"蹟"	0	0	0	1	0.283	0.252	0.085	0.38	-0.145	-0.126	-0.038	0.42	0.729	"4"
"加大"	1	0	0	0	0.283	0.252	0.085	0.38	0.548	-0.126	-0.038	-0.208	0.92	"1"
"加工"	0	1	0	0	0.283	0.252	0.085	0.38	-0.145	0.598	-0.038	-0.208	0.989	"2"
"加国"	0	0	0	1	0.283	0.252	0.085	0.38	-0.145	-0.126	-0.038	0.42	0.729	"4"
"加强"	22	8	0	0	8.493	7.57	2.535	11.402	6.384	0.303	-1.15	-6.23	14.067	"1"
"加上"	0	0	0	1	0.283	0.252	0.085	0.38	-0.145	-0.126	-0.038	0.42	0.729	"4"
"加深"	1	0	0	0	0.283	0.252	0.085	0.38	0.548	-0.126	-0.038	-0.208	0.92	"1"
"家电"	1	0	0	0	0.283	0.252	0.085	0.38	0.548	-0.126	-0.038	-0.208	0.92	"1"
"尖端"	0	1	0	0	0.283	0.252	0.085	0.38	-0.145	0.598	-0.038	-0.208	0.989	"2"
"坚实"	0	1	0	0	0.283	0.252	0.085	0.38	-0.145	0.598	-0.038	-0.208	0.989	"2"
"监察工"	0	0	0	1	0.283	0.252	0.085	0.38	-0.145	-0.126	-0.038	0.42	0.729	"4"
"监管"	0	0	0	2	0.566	0.505	0.169	0.76	-0.289	-0.253	-0.077	0.84	1.459	"4"
"监控"	0	0	0	4	1.132	1.009	0.338	1.52	-0.578	-0.505	-0.153	1.681	2.917	"4"
"检查"	0	0	2	1	0.849	0.757	0.254	1.14	-0.434	-0.379	1.694	-0.17	2.677	"3"
"检讨"	0	0	0	4	1.132	1.009	0.338	1.52	-0.578	-0.505	-0.153	1.681	2.917	"4"
"建材"	0	1	0	0	0.283	0.252	0.085	0.38	-0.145	0.598	-0.038	-0.208	0.989	"2"
"建筑"	0	1	0	1	0.566	0.505	0.169	0.76	-0.289	0.356	-0.077	0.211	0.933	"2"
"健身"	0	0	0	1	0.283	0.252	0.085	0.38	-0.145	-0.126	-0.038	0.42	0.729	"4"
"渐进式"	0	1	0	0	0.283	0.252	0.085	0.38	-0.145	0.598	-0.038	-0.208	0.989	"2"
"渐增"	0	0	1	0	0.283	0.252	0.085	0.38	-0.145	-0.126	1.073	-0.208	1.552	"3"
"奖项"	0	0	0	1	0.283	0.252	0.085	0.38	-0.145	-0.126	-0.038	0.42	0.729	"4"
"降水"	0	0	0	1	0.283	0.252	0.085	0.38	-0.145	-0.126	-0.038	0.42	0.729	"4"
"降雨"	0	0	0	5	1.415	1.262	0.423	1.9	-0.723	-0.631	-0.192	2.101	3.647	"4"
"交换"	1	0	0	0	0.283	0.252	0.085	0.38	0.548	-0.126	-0.038	-0.208	0.92	"1"
"交流"	16	0	0	1	4.813	4.29	1.437	6.461	7.673	-2.147	-0.652	-2.472	12.944	"1"
"交通"	1	3	0	0	1.132	1.009	0.338	1.52	-0.167	1.283	-0.153	-0.831	2.434	"2"
"交往"	2	0	0	0	0.566	0.505	0.169	0.76	1.096	-0.253	-0.077	-0.415	1.841	"1"
"交由"	0	0	0	2	0.566	0.505	0.169	0.76	-0.289	-0.253	-0.077	0.84	1.459	"4"
"较"	0	0	0	2	0.566	0.505	0.169	0.76	-0.289	-0.253	-0.077	0.84	1.459	"4"
"教学"	0	0	0	1	0.283	0.252	0.085	0.38	-0.145	-0.126	-0.038	0.42	0.729	"4"
"教学师"	0	0	0	1	0.283	0.252	0.085	0.38	-0.145	-0.126	-0.038	0.42	0.729	"4"
"教育"	0	5	0	1	1.699	1.514	0.507	2.28	-0.867	2.314	-0.23	-0.576	3.987	"2"
"接轨"	0	1	0	0	0.283	0.252	0.085	0.38	-0.145	0.598	-0.038	-0.208	0.989	"2"
"接收"	0	0	0	1	0.283	0.252	0.085	0.38	-0.145	-0.126	-0.038	0.42	0.729	"4"
"揭示"	0	1	0	0	0.283	0.252	0.085	0.38	-0.145	0.598	-0.038	-0.208	0.989	"2"
"杰出"	0	1	0	0	0.283	0.252	0.085	0.38	-0.145	0.598	-0.038	-0.208	0.989	"2"
"姐妹俩"	0	1	0	0	0.283	0.252	0.085	0.38	-0.145	0.598	-0.038	-0.208	0.989	"2"
"解剖学"	0	1	0	0	0.283	0.252	0.085	0.38	-0.145	0.598	-0.038	-0.208	0.989	"2"
"介面"	0	0	0	1	0.283	0.252	0.085	0.38	-0.145	-0.126	-0.038	0.42	0.729	"4"
"金融"	1	9	0	1	3.114	2.776	0.93	4.181	-0.862	3.865	-0.422	-1.395	6.544	"2"
"紧密"	1	0	0	0	0.283	0.252	0.085	0.38	0.548	-0.126	-0.038	-0.208	0.92	"1"
"锦标赛"	0	0	0	1	0.283	0.252	0.085	0.38	-0.145	-0.126	-0.038	0.42	0.729	"4"
"尽可能"	0	0	0	1	0.283	0.252	0.085	0.38	-0.145	-0.126	-0.038	0.42	0.729	"4"
"进行"	0	0	0	3	0.849	0.757	0.254	1.14	-0.434	-0.379	-0.115	1.26	2.188	"4"
"进军"	0	1	0	0	0.283	0.252	0.085	0.38	-0.145	0.598	-0.038	-0.208	0.989	"2"
"进入"	0	1	0	2	0.849	0.757	0.254	1.14	-0.434	0.235	-0.115	0.49	1.274	"4"
"进一步"	4	2	1	2	2.548	2.271	0.761	3.421	0.633	-0.226	0.261	-0.567	1.687	"1"
"进展"	3	2	0	0	1.415	1.262	0.423	1.9	0.849	0.429	-0.192	-1.038	2.508	"4"
"进佔"	0	0	0	1	0.283	0.252	0.085	0.38	-0.145	-0.126	-0.038	0.42	0.729	"4"
"近年来"	4	0	0	1	1.415	1.262	0.423	1.9	1.605	-0.631	-0.192	-0.429	2.857	"1"
"禁"	0	0	0	1	0.283	0.252	0.085	0.38	-0.145	-0.126	-0.038	0.42	0.729	"4"
"禁止性"	0	1	0	0	0.283	0.252	0.085	0.38	-0.145	0.598	-0.038	-0.208	0.989	"2"
"经济"	16	7	0	1	6.794	6.056	2.028	9.121	3.973	0.395	-0.92	-3.787	9.075	"1"
"经贸"	11	0	0	0	3.114	2.776	0.93	4.181	6.029	-1.389	-0.422	-2.284	10.124	"1"
"经营"	0	0	0	4	1.132	1.009	0.338	1.52	-0.578	-0.505	-0.153	1.681	2.917	"4"
"警"	0	0	0	1	0.283	0.252	0.085	0.38	-0.145	-0.126	-0.038	0.42	0.729	"4"
"竞争性"	0	0	0	1	0.283	0.252	0.085	0.38	-0.145	-0.126	-0.038	0.42	0.729	"4"
"拘束力"	0	0	0	1	0.283	0.252	0.085	0.38	-0.145	-0.126	-0.038	0.42	0.729	"4"
"居民"	0	0	0	2	0.566	0.505	0.169	0.76	-0.289	-0.253	-0.077	0.84	1.459	"4"
"局限"	0	0	0	1	0.283	0.252	0.085	0.38	-0.145	-0.126	-0.038	0.42	0.729	"4"
"举行"	0	0	0	1	0.283	0.252	0.085	0.38	-0.145	-0.126	-0.038	0.42	0.729	"4"
"举例"	0	0	0	1	0.283	0.252	0.085	0.38	-0.145	-0.126	-0.038	0.42	0.729	"4"
"举世"	0	1	0	0	0.283	0.252	0.085	0.38	-0.145	0.598	-0.038	-0.208	0.989	"2"
"举重队"	0	0	0	1	0.283	0.252	0.085	0.38	-0.145	-0.126	-0.038	0.42	0.729	"4"
"巨大"	2	2	0	1	1.415	1.262	0.423	1.9	0.36	0.429	-0.192	-0.429	1.41	"2_&_4"
"具体"	0	0	0	1	0.283	0.252	0.085	0.38	-0.145	-0.126	-0.038	0.42	0.729	"4"
"具有"	1	2	0	0	0.849	0.757	0.254	1.14	0.2	0.799	-0.115	-0.623	1.737	"2"
"决策"	0	0	0	2	0.566	0.505	0.169	0.76	-0.289	-0.253	-0.077	0.84	1.459	"4"
"决赛"	0	0	0	1	0.283	0.252	0.085	0.38	-0.145	-0.126	-0.038	0.42	0.729	"4"
"绝大多数"	0	0	0	2	0.566	0.505	0.169	0.76	-0.289	-0.253	-0.077	0.84	1.459	"4"
"攫取"	0	0	0	1	0.283	0.252	0.085	0.38	-0.145	-0.126	-0.038	0.42	0.729	"4"
"军控"	0	0	0	2	0.566	0.505	0.169	0.76	-0.289	-0.253	-0.077	0.84	1.459	"4"
"军事"	1	1	0	0	0.566	0.505	0.169	0.76	0.313	0.356	-0.077	-0.415	1.161	"4"
"卡西亚诺夫"	2	0	0	0	0.566	0.505	0.169	0.76	1.096	-0.253	-0.077	-0.415	1.841	"1"
"开采"	0	1	0	0	0.283	0.252	0.085	0.38	-0.145	0.598	-0.038	-0.208	0.989	"2"
"开创"	1	0	0	0	0.283	0.252	0.085	0.38	0.548	-0.126	-0.038	-0.208	0.92	"1"
"开发"	0	5	0	0	1.415	1.262	0.423	1.9	-0.723	2.99	-0.192	-1.038	4.943	"2"
"开发出"	0	2	0	0	0.566	0.505	0.169	0.76	-0.289	1.196	-0.077	-0.415	1.977	"2"
"开颅"	0	0	0	1	0.283	0.252	0.085	0.38	-0.145	-0.126	-0.038	0.42	0.729	"4"
"开辟"	0	1	0	0	0.283	0.252	0.085	0.38	-0.145	0.598	-0.038	-0.208	0.989	"2"
"开赛"	0	0	0	2	0.566	0.505	0.169	0.76	-0.289	-0.253	-0.077	0.84	1.459	"4"
"开设"	0	1	0	0	0.283	0.252	0.085	0.38	-0.145	0.598	-0.038	-0.208	0.989	"2"
"开拓"	3	3	0	0	1.699	1.514	0.507	2.28	0.648	0.762	-0.23	-1.246	2.886	"4"
"开展"	12	0	2	0	3.963	3.533	1.183	5.321	4.88	-1.768	0.476	-2.907	10.031	"1"
"勘查"	0	0	0	2	0.566	0.505	0.169	0.76	-0.289	-0.253	-0.077	0.84	1.459	"4"
"考察"	0	0	0	3	0.849	0.757	0.254	1.14	-0.434	-0.379	-0.115	1.26	2.188	"4"
"考古学"	0	1	0	0	0.283	0.252	0.085	0.38	-0.145	0.598	-0.038	-0.208	0.989	"2"
"考试"	0	0	0	3	0.849	0.757	0.254	1.14	-0.434	-0.379	-0.115	1.26	2.188	"4"
"考选部"	0	0	0	1	0.283	0.252	0.085	0.38	-0.145	-0.126	-0.038	0.42	0.729	"4"
"科技"	5	10	0	0	4.246	3.785	1.268	5.701	0.37	3.065	-0.575	-3.115	7.125	"4"
"科技业"	0	1	0	0	0.283	0.252	0.085	0.38	-0.145	0.598	-0.038	-0.208	0.989	"2"
"科目"	0	0	0	1	0.283	0.252	0.085	0.38	-0.145	-0.126	-0.038	0.42	0.729	"4"
"科学"	2	6	0	0	2.265	2.019	0.676	3.04	-0.226	2.352	-0.307	-1.661	4.546	"2"
"科研"	1	3	0	0	1.132	1.009	0.338	1.52	-0.167	1.283	-0.153	-0.831	2.434	"2"
"可"	0	0	0	1	0.283	0.252	0.085	0.38	-0.145	-0.126	-0.038	0.42	0.729	"4"
"可喜"	0	1	0	0	0.283	0.252	0.085	0.38	-0.145	0.598	-0.038	-0.208	0.989	"2"
"空白"	0	1	0	0	0.283	0.252	0.085	0.38	-0.145	0.598	-0.038	-0.208	0.989	"2"
"空间"	0	2	0	0	0.566	0.505	0.169	0.76	-0.289	1.196	-0.077	-0.415	1.977	"2"
"控制"	0	0	2	2	1.132	1.009	0.338	1.52	-0.578	-0.505	1.418	0.31	2.811	"3"
"库存"	0	0	0	1	0.283	0.252	0.085	0.38	-0.145	-0.126	-0.038	0.42	0.729	"4"
"库德拉"	0	1	0	0	0.283	0.252	0.085	0.38	-0.145	0.598	-0.038	-0.208	0.989	"2"
"库区"	0	0	0	1	0.283	0.252	0.085	0.38	-0.145	-0.126	-0.038	0.42	0.729	"4"
"跨"	1	0	0	0	0.283	0.252	0.085	0.38	0.548	-0.126	-0.038	-0.208	0.92	"1"
"跨国"	0	1	0	0	0.283	0.252	0.085	0.38	-0.145	0.598	-0.038	-0.208	0.989	"2"
"块"	0	0	0	1	0.283	0.252	0.085	0.38	-0.145	-0.126	-0.038	0.42	0.729	"4"
"快速反应部队"	0	0	0	1	0.283	0.252	0.085	0.38	-0.145	-0.126	-0.038	0.42	0.729	"4"
"宽"	0	1	0	0	0.283	0.252	0.085	0.38	-0.145	0.598	-0.038	-0.208	0.989	"2"
"扩"	0	2	0	0	0.566	0.505	0.169	0.76	-0.289	1.196	-0.077	-0.415	1.977	"2"
"扩大"	7	1	3	23	9.625	8.579	2.873	12.922	-0.673	-3.198	0.254	3.355	7.48	"4"
"扩大到"	0	0	0	5	1.415	1.262	0.423	1.9	-0.723	-0.631	-0.192	2.101	3.647	"4"
"扩大为"	0	0	0	1	0.283	0.252	0.085	0.38	-0.145	-0.126	-0.038	0.42	0.729	"4"
"扩及"	0	0	0	2	0.566	0.505	0.169	0.76	-0.289	-0.253	-0.077	0.84	1.459	"4"
"扩散"	0	0	0	1	0.283	0.252	0.085	0.38	-0.145	-0.126	-0.038	0.42	0.729	"4"
"扩散到"	2	0	0	0	0.566	0.505	0.169	0.76	1.096	-0.253	-0.077	-0.415	1.841	"1"
"扩展"	0	0	0	1	0.283	0.252	0.085	0.38	-0.145	-0.126	-0.038	0.42	0.729	"4"
"扩展到"	0	0	0	1	0.283	0.252	0.085	0.38	-0.145	-0.126	-0.038	0.42	0.729	"4"
"来势"	0	0	0	2	0.566	0.505	0.169	0.76	-0.289	-0.253	-0.077	0.84	1.459	"4"
"铼德"	0	1	0	0	0.283	0.252	0.085	0.38	-0.145	0.598	-0.038	-0.208	0.989	"2"
"类科"	0	0	0	1	0.283	0.252	0.085	0.38	-0.145	-0.126	-0.038	0.42	0.729	"4"
"冷门"	0	0	0	1	0.283	0.252	0.085	0.38	-0.145	-0.126	-0.038	0.42	0.729	"4"
"立法"	0	0	0	1	0.283	0.252	0.085	0.38	-0.145	-0.126	-0.038	0.42	0.729	"4"
"立法权"	0	0	0	1	0.283	0.252	0.085	0.38	-0.145	-0.126	-0.038	0.42	0.729	"4"
"利息税"	0	1	0	0	0.283	0.252	0.085	0.38	-0.145	0.598	-0.038	-0.208	0.989	"2"
"利用"	0	2	0	2	1.132	1.009	0.338	1.52	-0.578	0.576	-0.153	0.31	1.617	"1"
"连线"	0	0	0	1	0.283	0.252	0.085	0.38	-0.145	-0.126	-0.038	0.42	0.729	"4"
"联合"	0	0	0	1	0.283	0.252	0.085	0.38	-0.145	-0.126	-0.038	0.42	0.729	"4"
"练习场地"	0	0	0	1	0.283	0.252	0.085	0.38	-0.145	-0.126	-0.038	0.42	0.729	"4"
"良好"	2	0	0	0	0.566	0.505	0.169	0.76	1.096	-0.253	-0.077	-0.415	1.841	"1"
"两国"	19	1	0	0	5.662	5.047	1.69	7.601	9.248	-1.637	-0.767	-4.153	15.805	"1"
"量子"	0	1	0	0	0.283	0.252	0.085	0.38	-0.145	0.598	-0.038	-0.208	0.989	"2"
"辽阔"	0	0	0	1	0.283	0.252	0.085	0.38	-0.145	-0.126	-0.038	0.42	0.729	"4"
"列"	0	0	0	2	0.566	0.505	0.169	0.76	-0.289	-0.253	-0.077	0.84	1.459	"4"
"列入"	0	0	0	1	0.283	0.252	0.085	0.38	-0.145	-0.126	-0.038	0.42	0.729	"4"
"邻近"	0	0	1	0	0.283	0.252	0.085	0.38	-0.145	-0.126	1.073	-0.208	1.552	"3"
"林国明"	0	0	0	1	0.283	0.252	0.085	0.38	-0.145	-0.126	-0.038	0.42	0.729	"4"
"淋"	0	0	0	1	0.283	0.252	0.085	0.38	-0.145	-0.126	-0.038	0.42	0.729	"4"
"零售业"	0	0	0	1	0.283	0.252	0.085	0.38	-0.145	-0.126	-0.038	0.42	0.729	"4"
"领事"	1	0	0	0	0.283	0.252	0.085	0.38	0.548	-0.126	-0.038	-0.208	0.92	"1"
"领先"	0	1	0	0	0.283	0.252	0.085	0.38	-0.145	0.598	-0.038	-0.208	0.989	"2"
"领域"	5	11	0	1	4.813	4.29	1.437	6.461	0.259	3.167	-0.652	-2.472	6.55	"2"
"留下"	0	0	0	1	0.283	0.252	0.085	0.38	-0.145	-0.126	-0.038	0.42	0.729	"4"
"流动"	0	0	1	0	0.283	0.252	0.085	0.38	-0.145	-0.126	1.073	-0.208	1.552	"3"
"流通"	0	0	0	2	0.566	0.505	0.169	0.76	-0.289	-0.253	-0.077	0.84	1.459	"4"
"笼统"	0	0	0	1	0.283	0.252	0.085	0.38	-0.145	-0.126	-0.038	0.42	0.729	"4"
"垄断"	0	1	0	0	0.283	0.252	0.085	0.38	-0.145	0.598	-0.038	-0.208	0.989	"2"
"鲁斯"	0	1	0	0	0.283	0.252	0.085	0.38	-0.145	0.598	-0.038	-0.208	0.989	"2"
"旅游"	1	0	0	0	0.283	0.252	0.085	0.38	0.548	-0.126	-0.038	-0.208	0.92	"1"
"绿化"	0	0	1	0	0.283	0.252	0.085	0.38	-0.145	-0.126	1.073	-0.208	1.552	"3"
"迈出"	0	1	0	0	0.283	0.252	0.085	0.38	-0.145	0.598	-0.038	-0.208	0.989	"2"
"迈入"	0	0	0	1	0.283	0.252	0.085	0.38	-0.145	-0.126	-0.038	0.42	0.729	"4"
"蔓延"	0	0	1	1	0.566	0.505	0.169	0.76	-0.289	-0.253	0.791	0.211	1.544	"3"
"贸"	1	0	0	0	0.283	0.252	0.085	0.38	0.548	-0.126	-0.038	-0.208	0.92	"1"
"贸易"	3	6	0	0	2.548	2.271	0.761	3.421	0.309	1.979	-0.345	-1.869	4.502	"2"
"盟国家"	0	1	0	0	0.283	0.252	0.085	0.38	-0.145	0.598	-0.038	-0.208	0.989	"2"
"米"	0	0	1	3	1.132	1.009	0.338	1.52	-0.578	-0.505	0.526	0.804	2.413	"4"
"米奇尔"	0	0	0	1	0.283	0.252	0.085	0.38	-0.145	-0.126	-0.038	0.42	0.729	"4"
"密切"	1	0	0	0	0.283	0.252	0.085	0.38	0.548	-0.126	-0.038	-0.208	0.92	"1"
"免税"	0	0	0	1	0.283	0.252	0.085	0.38	-0.145	-0.126	-0.038	0.42	0.729	"4"
"面临"	0	1	0	0	0.283	0.252	0.085	0.38	-0.145	0.598	-0.038	-0.208	0.989	"2"
"面向"	0	0	0	1	0.283	0.252	0.085	0.38	-0.145	-0.126	-0.038	0.42	0.729	"4"
"民用"	0	2	0	0	0.566	0.505	0.169	0.76	-0.289	1.196	-0.077	-0.415	1.977	"2"
"名镇"	0	0	0	1	0.283	0.252	0.085	0.38	-0.145	-0.126	-0.038	0.42	0.729	"4"
"明定"	0	0	0	1	0.283	0.252	0.085	0.38	-0.145	-0.126	-0.038	0.42	0.729	"4"
"明码"	0	0	0	1	0.283	0.252	0.085	0.38	-0.145	-0.126	-0.038	0.42	0.729	"4"
"明确"	0	0	0	1	0.283	0.252	0.085	0.38	-0.145	-0.126	-0.038	0.42	0.729	"4"
"命题"	0	0	0	2	0.566	0.505	0.169	0.76	-0.289	-0.253	-0.077	0.84	1.459	"4"
"某些"	0	3	0	0	0.849	0.757	0.254	1.14	-0.434	1.794	-0.115	-0.623	2.966	"2"
"那么"	0	0	0	1	0.283	0.252	0.085	0.38	-0.145	-0.126	-0.038	0.42	0.729	"4"
"纳入"	0	0	0	7	1.982	1.766	0.592	2.66	-1.012	-0.884	-0.268	2.941	5.105	"4"
"乃至"	0	0	1	0	0.283	0.252	0.085	0.38	-0.145	-0.126	1.073	-0.208	1.552	"3"
"难题"	0	1	0	0	0.283	0.252	0.085	0.38	-0.145	0.598	-0.038	-0.208	0.989	"2"
"内"	0	0	55	6	17.269	15.393	5.155	23.184	-8.817	-7.704	51.504	-6.117	74.142	"3"
"内感"	0	0	0	1	0.283	0.252	0.085	0.38	-0.145	-0.126	-0.038	0.42	0.729	"4"
"内贸"	0	1	0	0	0.283	0.252	0.085	0.38	-0.145	0.598	-0.038	-0.208	0.989	"2"
"能力"	0	0	1	0	0.283	0.252	0.085	0.38	-0.145	-0.126	1.073	-0.208	1.552	"3"
"能源"	1	6	0	0	1.982	1.766	0.592	2.66	-0.436	2.849	-0.268	-1.454	5.007	"2"
"黏土"	0	0	0	1	0.283	0.252	0.085	0.38	-0.145	-0.126	-0.038	0.42	0.729	"4"
"农业"	0	2	0	0	0.566	0.505	0.169	0.76	-0.289	1.196	-0.077	-0.415	1.977	"2"
"农用"	0	0	0	1	0.283	0.252	0.085	0.38	-0.145	-0.126	-0.038	0.42	0.729	"4"
"欧姆龙"	0	0	0	1	0.283	0.252	0.085	0.38	-0.145	-0.126	-0.038	0.42	0.729	"4"
"牌子"	0	0	0	1	0.283	0.252	0.085	0.38	-0.145	-0.126	-0.038	0.42	0.729	"4"
"抛"	0	0	0	1	0.283	0.252	0.085	0.38	-0.145	-0.126	-0.038	0.42	0.729	"4"
"培育"	0	1	0	0	0.283	0.252	0.085	0.38	-0.145	0.598	-0.038	-0.208	0.989	"2"
"配套"	0	0	0	1	0.283	0.252	0.085	0.38	-0.145	-0.126	-0.038	0.42	0.729	"4"
"拼"	0	0	0	1	0.283	0.252	0.085	0.38	-0.145	-0.126	-0.038	0.42	0.729	"4"
"贫困"	0	0	0	1	0.283	0.252	0.085	0.38	-0.145	-0.126	-0.038	0.42	0.729	"4"
"频率"	0	0	0	1	0.283	0.252	0.085	0.38	-0.145	-0.126	-0.038	0.42	0.729	"4"
"品"	0	0	0	1	0.283	0.252	0.085	0.38	-0.145	-0.126	-0.038	0.42	0.729	"4"
"平方公里"	0	0	2	1	0.849	0.757	0.254	1.14	-0.434	-0.379	1.694	-0.17	2.677	"3"
"平方米"	0	0	1	0	0.283	0.252	0.085	0.38	-0.145	-0.126	1.073	-0.208	1.552	"3"
"评估"	0	0	2	0	0.566	0.505	0.169	0.76	-0.289	-0.253	2.146	-0.415	3.103	"3"
"评鑑"	0	0	0	1	0.283	0.252	0.085	0.38	-0.145	-0.126	-0.038	0.42	0.729	"4"
"评选"	0	0	1	1	0.566	0.505	0.169	0.76	-0.289	-0.253	0.791	0.211	1.544	"3"
"迫切"	1	0	0	0	0.283	0.252	0.085	0.38	0.548	-0.126	-0.038	-0.208	0.92	"1"
"浦发"	1	0	0	0	0.283	0.252	0.085	0.38	0.548	-0.126	-0.038	-0.208	0.92	"1"
"其"	0	1	0	5	1.699	1.514	0.507	2.28	-0.867	-0.277	-0.23	1.488	2.862	"4"
"其他"	1	4	0	5	2.831	2.523	0.845	3.801	-0.751	0.639	-0.383	0.498	2.271	"1"
"汽车"	0	0	0	1	0.283	0.252	0.085	0.38	-0.145	-0.126	-0.038	0.42	0.729	"4"
"器材"	0	0	0	1	0.283	0.252	0.085	0.38	-0.145	-0.126	-0.038	0.42	0.729	"4"
"器件"	0	1	0	0	0.283	0.252	0.085	0.38	-0.145	0.598	-0.038	-0.208	0.989	"2"
"牵扯到"	0	0	0	1	0.283	0.252	0.085	0.38	-0.145	-0.126	-0.038	0.42	0.729	"4"
"牵涉到"	0	0	0	1	0.283	0.252	0.085	0.38	-0.145	-0.126	-0.038	0.42	0.729	"4"
"前景"	2	1	0	1	1.132	1.009	0.338	1.52	0.497	-0.134	-0.153	-0.293	1.077	"1"
"前所未有"	0	0	0	1	0.283	0.252	0.085	0.38	-0.145	-0.126	-0.038	0.42	0.729	"4"
"前瞻性"	0	1	0	0	0.283	0.252	0.085	0.38	-0.145	0.598	-0.038	-0.208	0.989	"2"
"潜力"	2	1	0	0	0.849	0.757	0.254	1.14	0.71	0.235	-0.115	-0.623	1.683	"1"
"潜能"	0	1	0	0	0.283	0.252	0.085	0.38	-0.145	0.598	-0.038	-0.208	0.989	"2"
"欠缺"	0	0	0	1	0.283	0.252	0.085	0.38	-0.145	-0.126	-0.038	0.42	0.729	"4"
"强度"	0	0	0	2	0.566	0.505	0.169	0.76	-0.289	-0.253	-0.077	0.84	1.459	"4"
"抢救"	0	0	0	1	0.283	0.252	0.085	0.38	-0.145	-0.126	-0.038	0.42	0.729	"4"
"桥梁学"	0	1	0	0	0.283	0.252	0.085	0.38	-0.145	0.598	-0.038	-0.208	0.989	"2"
"切入"	0	1	0	0	0.283	0.252	0.085	0.38	-0.145	0.598	-0.038	-0.208	0.989	"2"
"侵入"	0	1	0	0	0.283	0.252	0.085	0.38	-0.145	0.598	-0.038	-0.208	0.989	"2"
"亲近"	0	0	0	1	0.283	0.252	0.085	0.38	-0.145	-0.126	-0.038	0.42	0.729	"4"
"秦山"	0	0	0	1	0.283	0.252	0.085	0.38	-0.145	-0.126	-0.038	0.42	0.729	"4"
"倾销"	0	0	0	1	0.283	0.252	0.085	0.38	-0.145	-0.126	-0.038	0.42	0.729	"4"
"清理"	0	0	1	0	0.283	0.252	0.085	0.38	-0.145	-0.126	1.073	-0.208	1.552	"3"
"求得"	1	0	0	0	0.283	0.252	0.085	0.38	0.548	-0.126	-0.038	-0.208	0.92	"1"
"球艺"	0	0	0	1	0.283	0.252	0.085	0.38	-0.145	-0.126	-0.038	0.42	0.729	"4"
"区"	0	0	0	1	0.283	0.252	0.085	0.38	-0.145	-0.126	-0.038	0.42	0.729	"4"
"区域"	0	0	1	1	0.566	0.505	0.169	0.76	-0.289	-0.253	0.791	0.211	1.544	"3"
"渠道"	1	0	0	0	0.283	0.252	0.085	0.38	0.548	-0.126	-0.038	-0.208	0.92	"1"
"取得"	5	8	0	0	3.68	3.28	1.099	4.941	0.529	2.221	-0.498	-2.699	5.947	"4"
"权威"	0	0	0	1	0.283	0.252	0.085	0.38	-0.145	-0.126	-0.038	0.42	0.729	"4"
"全"	0	0	4	3	1.982	1.766	0.592	2.66	-1.012	-0.884	2.839	0.271	5.006	"3"
"全方位"	0	1	0	0	0.283	0.252	0.085	0.38	-0.145	0.598	-0.038	-0.208	0.989	"2"
"全国"	0	0	6	3	2.548	2.271	0.761	3.421	-1.301	-1.137	4.612	-0.273	7.323	"3"
"全面"	1	0	0	0	0.283	0.252	0.085	0.38	0.548	-0.126	-0.038	-0.208	0.92	"1"
"全球"	0	0	3	3	1.699	1.514	0.507	2.28	-0.867	-0.758	2.003	0.383	4.011	"3"
"全省"	0	0	2	0	0.566	0.505	0.169	0.76	-0.289	-0.253	2.146	-0.415	3.103	"3"
"确定"	0	0	0	5	1.415	1.262	0.423	1.9	-0.723	-0.631	-0.192	2.101	3.647	"4"
"确权"	0	0	0	1	0.283	0.252	0.085	0.38	-0.145	-0.126	-0.038	0.42	0.729	"4"
"确认"	0	0	0	3	0.849	0.757	0.254	1.14	-0.434	-0.379	-0.115	1.26	2.188	"4"
"燃"	0	0	0	1	0.283	0.252	0.085	0.38	-0.145	-0.126	-0.038	0.42	0.729	"4"
"染"	0	0	0	1	0.283	0.252	0.085	0.38	-0.145	-0.126	-0.038	0.42	0.729	"4"
"染病"	0	0	1	0	0.283	0.252	0.085	0.38	-0.145	-0.126	1.073	-0.208	1.552	"3"
"扰攘"	0	0	0	1	0.283	0.252	0.085	0.38	-0.145	-0.126	-0.038	0.42	0.729	"4"
"人才"	0	2	0	0	0.566	0.505	0.169	0.76	-0.289	1.196	-0.077	-0.415	1.977	"2"
"人力"	1	0	0	1	0.566	0.505	0.169	0.76	0.313	-0.253	-0.077	0.211	0.854	"1"
"人权"	0	0	0	3	0.849	0.757	0.254	1.14	-0.434	-0.379	-0.115	1.26	2.188	"4"
"人文"	1	0	0	0	0.283	0.252	0.085	0.38	0.548	-0.126	-0.038	-0.208	0.92	"1"
"日趋"	0	0	0	1	0.283	0.252	0.085	0.38	-0.145	-0.126	-0.038	0.42	0.729	"4"
"日益"	2	0	0	1	0.849	0.757	0.254	1.14	0.71	-0.379	-0.115	-0.17	1.374	"1"
"容许"	0	0	0	1	0.283	0.252	0.085	0.38	-0.145	-0.126	-0.038	0.42	0.729	"4"
"融入"	0	1	0	0	0.283	0.252	0.085	0.38	-0.145	0.598	-0.038	-0.208	0.989	"2"
"融资"	1	0	0	0	0.283	0.252	0.085	0.38	0.548	-0.126	-0.038	-0.208	0.92	"1"
"如今"	0	0	0	1	0.283	0.252	0.085	0.38	-0.145	-0.126	-0.038	0.42	0.729	"4"
"若干"	1	0	0	0	0.283	0.252	0.085	0.38	0.548	-0.126	-0.038	-0.208	0.92	"1"
"萨芬"	0	0	0	1	0.283	0.252	0.085	0.38	-0.145	-0.126	-0.038	0.42	0.729	"4"
"赛"	0	0	0	1	0.283	0.252	0.085	0.38	-0.145	-0.126	-0.038	0.42	0.729	"4"
"扫除"	0	0	1	0	0.283	0.252	0.085	0.38	-0.145	-0.126	1.073	-0.208	1.552	"3"
"沙锅"	0	0	0	1	0.283	0.252	0.085	0.38	-0.145	-0.126	-0.038	0.42	0.729	"4"
"厦门港"	0	0	0	1	0.283	0.252	0.085	0.38	-0.145	-0.126	-0.038	0.42	0.729	"4"
"陕"	0	0	0	1	0.283	0.252	0.085	0.38	-0.145	-0.126	-0.038	0.42	0.729	"4"
"擅自"	0	0	0	2	0.566	0.505	0.169	0.76	-0.289	-0.253	-0.077	0.84	1.459	"4"
"膳食"	0	0	0	1	0.283	0.252	0.085	0.38	-0.145	-0.126	-0.038	0.42	0.729	"4"
"商业"	0	1	0	1	0.566	0.505	0.169	0.76	-0.289	0.356	-0.077	0.211	0.933	"2"
"稍早"	0	0	0	1	0.283	0.252	0.085	0.38	-0.145	-0.126	-0.038	0.42	0.729	"4"
"设计"	0	0	0	1	0.283	0.252	0.085	0.38	-0.145	-0.126	-0.038	0.42	0.729	"4"
"设施"	0	0	0	5	1.415	1.262	0.423	1.9	-0.723	-0.631	-0.192	2.101	3.647	"4"
"设限"	0	0	0	1	0.283	0.252	0.085	0.38	-0.145	-0.126	-0.038	0.42	0.729	"4"
"社会"	1	6	0	5	3.397	3.028	1.014	4.561	-0.976	1.247	-0.46	0.297	2.98	"2"
"涉"	0	0	0	1	0.283	0.252	0.085	0.38	-0.145	-0.126	-0.038	0.42	0.729	"4"
"涉及"	0	0	0	1	0.283	0.252	0.085	0.38	-0.145	-0.126	-0.038	0.42	0.729	"4"
"深化"	1	0	0	0	0.283	0.252	0.085	0.38	0.548	-0.126	-0.038	-0.208	0.92	"1"
"深入"	1	0	0	0	0.283	0.252	0.085	0.38	0.548	-0.126	-0.038	-0.208	0.92	"1"
"沈庆京"	0	1	0	0	0.283	0.252	0.085	0.38	-0.145	0.598	-0.038	-0.208	0.989	"2"
"审批"	0	0	0	1	0.283	0.252	0.085	0.38	-0.145	-0.126	-0.038	0.42	0.729	"4"
"渗透"	0	1	0	2	0.849	0.757	0.254	1.14	-0.434	0.235	-0.115	0.49	1.274	"4"
"生产"	1	2	0	3	1.699	1.514	0.507	2.28	-0.34	0.326	-0.23	0.383	1.279	"4"
"生化"	0	0	0	1	0.283	0.252	0.085	0.38	-0.145	-0.126	-0.038	0.42	0.729	"4"
"生技"	0	1	0	0	0.283	0.252	0.085	0.38	-0.145	0.598	-0.038	-0.208	0.989	"2"
"生命"	0	2	0	0	0.566	0.505	0.169	0.76	-0.289	1.196	-0.077	-0.415	1.977	"2"
"生物"	0	2	0	0	0.566	0.505	0.169	0.76	-0.289	1.196	-0.077	-0.415	1.977	"2"
"生物技术"	0	1	0	0	0.283	0.252	0.085	0.38	-0.145	0.598	-0.038	-0.208	0.989	"2"
"生育"	0	1	0	0	0.283	0.252	0.085	0.38	-0.145	0.598	-0.038	-0.208	0.989	"2"
"生长出"	0	1	0	0	0.283	0.252	0.085	0.38	-0.145	0.598	-0.038	-0.208	0.989	"2"
"生殖"	0	1	0	0	0.283	0.252	0.085	0.38	-0.145	0.598	-0.038	-0.208	0.989	"2"
"省"	0	0	1	0	0.283	0.252	0.085	0.38	-0.145	-0.126	1.073	-0.208	1.552	"3"
"省区市"	0	0	0	1	0.283	0.252	0.085	0.38	-0.145	-0.126	-0.038	0.42	0.729	"4"
"失业"	0	0	0	1	0.283	0.252	0.085	0.38	-0.145	-0.126	-0.038	0.42	0.729	"4"
"石化"	0	1	0	0	0.283	0.252	0.085	0.38	-0.145	0.598	-0.038	-0.208	0.989	"2"
"石油"	1	2	0	0	0.849	0.757	0.254	1.14	0.2	0.799	-0.115	-0.623	1.737	"2"
"时程"	0	0	0	1	0.283	0.252	0.085	0.38	-0.145	-0.126	-0.038	0.42	0.729	"4"
"实地"	0	0	0	2	0.566	0.505	0.169	0.76	-0.289	-0.253	-0.077	0.84	1.459	"4"
"实施"	0	0	2	3	1.415	1.262	0.423	1.9	-0.723	-0.631	1.221	0.547	3.122	"3"
"实务"	0	1	0	1	0.566	0.505	0.169	0.76	-0.289	0.356	-0.077	0.211	0.933	"2"
"实验室"	0	1	0	0	0.283	0.252	0.085	0.38	-0.145	0.598	-0.038	-0.208	0.989	"2"
"实用"	0	0	0	1	0.283	0.252	0.085	0.38	-0.145	-0.126	-0.038	0.42	0.729	"4"
"食品"	0	1	0	0	0.283	0.252	0.085	0.38	-0.145	0.598	-0.038	-0.208	0.989	"2"
"使用木"	0	0	0	1	0.283	0.252	0.085	0.38	-0.145	-0.126	-0.038	0.42	0.729	"4"
"世界"	0	0	14	2	4.53	4.037	1.352	6.081	-2.313	-2.021	13.016	-1.575	18.925	"3"
"市区"	0	0	1	0	0.283	0.252	0.085	0.38	-0.145	-0.126	1.073	-0.208	1.552	"3"
"市政"	0	0	1	0	0.283	0.252	0.085	0.38	-0.145	-0.126	1.073	-0.208	1.552	"3"
"势力"	0	0	1	0	0.283	0.252	0.085	0.38	-0.145	-0.126	1.073	-0.208	1.552	"3"
"事例"	0	1	0	0	0.283	0.252	0.085	0.38	-0.145	0.598	-0.038	-0.208	0.989	"2"
"事务"	3	1	0	0	1.132	1.009	0.338	1.52	1.146	-0.134	-0.153	-0.831	2.264	"1"
"是故"	0	0	0	1	0.283	0.252	0.085	0.38	-0.145	-0.126	-0.038	0.42	0.729	"4"
"适用"	0	0	0	3	0.849	0.757	0.254	1.14	-0.434	-0.379	-0.115	1.26	2.188	"4"
"室"	0	0	0	1	0.283	0.252	0.085	0.38	-0.145	-0.126	-0.038	0.42	0.729	"4"
"收费"	0	0	1	0	0.283	0.252	0.085	0.38	-0.145	-0.126	1.073	-0.208	1.552	"3"
"收取"	0	0	1	0	0.283	0.252	0.085	0.38	-0.145	-0.126	1.073	-0.208	1.552	"3"
"收缩"	0	1	0	0	0.283	0.252	0.085	0.38	-0.145	0.598	-0.038	-0.208	0.989	"2"
"受"	0	0	0	1	0.283	0.252	0.085	0.38	-0.145	-0.126	-0.038	0.42	0.729	"4"
"受害者"	0	0	0	1	0.283	0.252	0.085	0.38	-0.145	-0.126	-0.038	0.42	0.729	"4"
"授课"	0	0	1	0	0.283	0.252	0.085	0.38	-0.145	-0.126	1.073	-0.208	1.552	"3"
"属"	0	0	2	3	1.415	1.262	0.423	1.9	-0.723	-0.631	1.221	0.547	3.122	"3"
"属于"	0	0	0	5	1.415	1.262	0.423	1.9	-0.723	-0.631	-0.192	2.101	3.647	"4"
"曙光"	0	1	0	0	0.283	0.252	0.085	0.38	-0.145	0.598	-0.038	-0.208	0.989	"2"
"术"	0	1	0	0	0.283	0.252	0.085	0.38	-0.145	0.598	-0.038	-0.208	0.989	"2"
"数百"	0	0	0	2	0.566	0.505	0.169	0.76	-0.289	-0.253	-0.077	0.84	1.459	"4"
"数量"	0	0	0	1	0.283	0.252	0.085	0.38	-0.145	-0.126	-0.038	0.42	0.729	"4"
"数论"	0	1	0	0	0.283	0.252	0.085	0.38	-0.145	0.598	-0.038	-0.208	0.989	"2"
"双边"	2	0	0	0	0.566	0.505	0.169	0.76	1.096	-0.253	-0.077	-0.415	1.841	"1"
"双方"	17	0	0	2	5.379	4.794	1.606	7.221	7.354	-2.4	-0.729	-2.059	12.542	"1"
"双十佳"	0	0	0	1	0.283	0.252	0.085	0.38	-0.145	-0.126	-0.038	0.42	0.729	"4"
"双重"	0	0	0	1	0.283	0.252	0.085	0.38	-0.145	-0.126	-0.038	0.42	0.729	"4"
"水库"	0	0	0	1	0.283	0.252	0.085	0.38	-0.145	-0.126	-0.038	0.42	0.729	"4"
"水量"	0	0	0	1	0.283	0.252	0.085	0.38	-0.145	-0.126	-0.038	0.42	0.729	"4"
"水上"	0	0	0	1	0.283	0.252	0.085	0.38	-0.145	-0.126	-0.038	0.42	0.729	"4"
"水灾"	0	0	0	1	0.283	0.252	0.085	0.38	-0.145	-0.126	-0.038	0.42	0.729	"4"
"税征收"	0	0	0	1	0.283	0.252	0.085	0.38	-0.145	-0.126	-0.038	0.42	0.729	"4"
"司法"	1	0	0	3	1.132	1.009	0.338	1.52	-0.167	-0.505	-0.153	0.804	1.629	"4"
"私"	0	0	0	1	0.283	0.252	0.085	0.38	-0.145	-0.126	-0.038	0.42	0.729	"4"
"私人"	0	1	0	2	0.849	0.757	0.254	1.14	-0.434	0.235	-0.115	0.49	1.274	"4"
"搜寻"	0	0	0	1	0.283	0.252	0.085	0.38	-0.145	-0.126	-0.038	0.42	0.729	"4"
"缩小"	0	0	0	2	0.566	0.505	0.169	0.76	-0.289	-0.253	-0.077	0.84	1.459	"4"
"所"	0	0	0	1	0.283	0.252	0.085	0.38	-0.145	-0.126	-0.038	0.42	0.729	"4"
"所谓"	0	0	0	1	0.283	0.252	0.085	0.38	-0.145	-0.126	-0.038	0.42	0.729	"4"
"所有"	0	0	0	3	0.849	0.757	0.254	1.14	-0.434	-0.379	-0.115	1.26	2.188	"4"
"台独"	0	1	0	0	0.283	0.252	0.085	0.38	-0.145	0.598	-0.038	-0.208	0.989	"2"
"台风"	0	0	0	1	0.283	0.252	0.085	0.38	-0.145	-0.126	-0.038	0.42	0.729	"4"
"抬出"	0	0	0	1	0.283	0.252	0.085	0.38	-0.145	-0.126	-0.038	0.42	0.729	"4"
"太"	0	0	0	1	0.283	0.252	0.085	0.38	-0.145	-0.126	-0.038	0.42	0.729	"4"
"探索"	0	2	0	0	0.566	0.505	0.169	0.76	-0.289	1.196	-0.077	-0.415	1.977	"2"
"探讨"	2	0	0	0	0.566	0.505	0.169	0.76	1.096	-0.253	-0.077	-0.415	1.841	"1"
"讨论"	0	0	0	1	0.283	0.252	0.085	0.38	-0.145	-0.126	-0.038	0.42	0.729	"4"
"特别"	2	3	0	2	1.982	1.766	0.592	2.66	0.198	0.605	-0.268	-0.334	1.405	"2"
"特定"	0	1	0	0	0.283	0.252	0.085	0.38	-0.145	0.598	-0.038	-0.208	0.989	"2"
"特权"	0	0	0	1	0.283	0.252	0.085	0.38	-0.145	-0.126	-0.038	0.42	0.729	"4"
"提法"	0	0	0	1	0.283	0.252	0.085	0.38	-0.145	-0.126	-0.038	0.42	0.729	"4"
"体育"	3	1	0	3	1.982	1.766	0.592	2.66	0.502	-0.357	-0.268	0.271	1.398	"1"
"体重"	0	0	2	0	0.566	0.505	0.169	0.76	-0.289	-0.253	2.146	-0.415	3.103	"3"
"天然"	0	0	0	1	0.283	0.252	0.085	0.38	-0.145	-0.126	-0.038	0.42	0.729	"4"
"天然气"	1	2	0	0	0.849	0.757	0.254	1.14	0.2	0.799	-0.115	-0.623	1.737	"2"
"天然资源"	0	1	0	0	0.283	0.252	0.085	0.38	-0.145	0.598	-0.038	-0.208	0.989	"2"
"天文"	0	0	0	1	0.283	0.252	0.085	0.38	-0.145	-0.126	-0.038	0.42	0.729	"4"
"填补"	0	1	0	0	0.283	0.252	0.085	0.38	-0.145	0.598	-0.038	-0.208	0.989	"2"
"条款"	0	0	0	1	0.283	0.252	0.085	0.38	-0.145	-0.126	-0.038	0.42	0.729	"4"
"条例"	0	0	0	2	0.566	0.505	0.169	0.76	-0.289	-0.253	-0.077	0.84	1.459	"4"
"调查"	0	0	4	8	3.397	3.028	1.014	4.561	-1.734	-1.516	1.838	1.374	6.462	"3"
"跳跃式"	0	1	0	0	0.283	0.252	0.085	0.38	-0.145	0.598	-0.038	-0.208	0.989	"2"
"通商"	1	0	0	0	0.283	0.252	0.085	0.38	0.548	-0.126	-0.038	-0.208	0.92	"1"
"通信"	0	5	0	0	1.415	1.262	0.423	1.9	-0.723	2.99	-0.192	-1.038	4.943	"2"
"通讯"	2	1	0	0	0.849	0.757	0.254	1.14	0.71	0.235	-0.115	-0.623	1.683	"1"
"同等"	0	0	0	2	0.566	0.505	0.169	0.76	-0.289	-0.253	-0.077	0.84	1.459	"4"
"同样"	0	0	0	1	0.283	0.252	0.085	0.38	-0.145	-0.126	-0.038	0.42	0.729	"4"
"同一"	0	0	0	1	0.283	0.252	0.085	0.38	-0.145	-0.126	-0.038	0.42	0.729	"4"
"投"	0	1	0	0	0.283	0.252	0.085	0.38	-0.145	0.598	-0.038	-0.208	0.989	"2"
"投标"	0	0	0	1	0.283	0.252	0.085	0.38	-0.145	-0.126	-0.038	0.42	0.729	"4"
"投入"	0	1	0	0	0.283	0.252	0.085	0.38	-0.145	0.598	-0.038	-0.208	0.989	"2"
"投入到"	0	1	0	0	0.283	0.252	0.085	0.38	-0.145	0.598	-0.038	-0.208	0.989	"2"
"投诉"	0	0	0	1	0.283	0.252	0.085	0.38	-0.145	-0.126	-0.038	0.42	0.729	"4"
"投向"	0	2	0	0	0.566	0.505	0.169	0.76	-0.289	1.196	-0.077	-0.415	1.977	"2"
"投资"	5	12	0	0	4.813	4.29	1.437	6.461	0.259	3.958	-0.652	-3.53	8.399	"2"
"投资额"	0	1	0	0	0.283	0.252	0.085	0.38	-0.145	0.598	-0.038	-0.208	0.989	"2"
"突出"	1	0	0	1	0.566	0.505	0.169	0.76	0.313	-0.253	-0.077	0.211	0.854	"1"
"突破"	0	2	0	0	0.566	0.505	0.169	0.76	-0.289	1.196	-0.077	-0.415	1.977	"2"
"突破性"	0	1	0	0	0.283	0.252	0.085	0.38	-0.145	0.598	-0.038	-0.208	0.989	"2"
"途径"	1	1	0	0	0.566	0.505	0.169	0.76	0.313	0.356	-0.077	-0.415	1.161	"4"
"土地"	0	0	0	1	0.283	0.252	0.085	0.38	-0.145	-0.126	-0.038	0.42	0.729	"4"
"土木"	0	1	0	0	0.283	0.252	0.085	0.38	-0.145	0.598	-0.038	-0.208	0.989	"2"
"土裔"	0	0	0	1	0.283	0.252	0.085	0.38	-0.145	-0.126	-0.038	0.42	0.729	"4"
"推动"	4	2	0	0	1.699	1.514	0.507	2.28	1.238	0.326	-0.23	-1.246	3.04	"4"
"推广"	0	1	0	0	0.283	0.252	0.085	0.38	-0.145	0.598	-0.038	-0.208	0.989	"2"
"推进"	1	1	0	0	0.566	0.505	0.169	0.76	0.313	0.356	-0.077	-0.415	1.161	"4"
"推开"	0	0	0	1	0.283	0.252	0.085	0.38	-0.145	-0.126	-0.038	0.42	0.729	"4"
"推向"	0	1	0	0	0.283	0.252	0.085	0.38	-0.145	0.598	-0.038	-0.208	0.989	"2"
"托儿所"	0	0	0	1	0.283	0.252	0.085	0.38	-0.145	-0.126	-0.038	0.42	0.729	"4"
"拓"	1	0	0	0	0.283	0.252	0.085	0.38	0.548	-0.126	-0.038	-0.208	0.92	"1"
"拓宽"	0	1	0	2	0.849	0.757	0.254	1.14	-0.434	0.235	-0.115	0.49	1.274	"4"
"挖掘"	0	0	0	1	0.283	0.252	0.085	0.38	-0.145	-0.126	-0.038	0.42	0.729	"4"
"娃娃车"	0	0	0	1	0.283	0.252	0.085	0.38	-0.145	-0.126	-0.038	0.42	0.729	"4"
"外交"	0	0	0	1	0.283	0.252	0.085	0.38	-0.145	-0.126	-0.038	0.42	0.729	"4"
"外经"	0	0	0	1	0.283	0.252	0.085	0.38	-0.145	-0.126	-0.038	0.42	0.729	"4"
"外科"	0	1	0	0	0.283	0.252	0.085	0.38	-0.145	0.598	-0.038	-0.208	0.989	"2"
"外贸"	0	1	0	0	0.283	0.252	0.085	0.38	-0.145	0.598	-0.038	-0.208	0.989	"2"
"外商"	0	2	0	0	0.566	0.505	0.169	0.76	-0.289	1.196	-0.077	-0.415	1.977	"2"
"外资"	0	2	0	2	1.132	1.009	0.338	1.52	-0.578	0.576	-0.153	0.31	1.617	"1"
"玩弄"	0	0	0	1	0.283	0.252	0.085	0.38	-0.145	-0.126	-0.038	0.42	0.729	"4"
"网路游戏"	0	2	0	0	0.566	0.505	0.169	0.76	-0.289	1.196	-0.077	-0.415	1.977	"2"
"网上"	0	0	0	1	0.283	0.252	0.085	0.38	-0.145	-0.126	-0.038	0.42	0.729	"4"
"往来"	2	0	0	0	0.566	0.505	0.169	0.76	1.096	-0.253	-0.077	-0.415	1.841	"1"
"威色勒"	0	0	0	1	0.283	0.252	0.085	0.38	-0.145	-0.126	-0.038	0.42	0.729	"4"
"微生物"	0	0	0	1	0.283	0.252	0.085	0.38	-0.145	-0.126	-0.038	0.42	0.729	"4"
"微湿"	0	0	0	1	0.283	0.252	0.085	0.38	-0.145	-0.126	-0.038	0.42	0.729	"4"
"尾端"	0	0	0	1	0.283	0.252	0.085	0.38	-0.145	-0.126	-0.038	0.42	0.729	"4"
"萎缩"	0	0	0	1	0.283	0.252	0.085	0.38	-0.145	-0.126	-0.038	0.42	0.729	"4"
"卫生"	3	1	0	0	1.132	1.009	0.338	1.52	1.146	-0.134	-0.153	-0.831	2.264	"1"
"未知"	0	1	0	0	0.283	0.252	0.085	0.38	-0.145	0.598	-0.038	-0.208	0.989	"2"
"文化"	13	1	0	1	4.246	3.785	1.268	5.701	5.368	-1.112	-0.575	-2.106	9.161	"1"
"文盲"	0	0	1	0	0.283	0.252	0.085	0.38	-0.145	-0.126	1.073	-0.208	1.552	"3"
"纹"	0	0	0	1	0.283	0.252	0.085	0.38	-0.145	-0.126	-0.038	0.42	0.729	"4"
"稳步"	1	0	0	0	0.283	0.252	0.085	0.38	0.548	-0.126	-0.038	-0.208	0.92	"1"
"问起"	0	0	0	1	0.283	0.252	0.085	0.38	-0.145	-0.126	-0.038	0.42	0.729	"4"
"我国"	2	3	0	1	1.699	1.514	0.507	2.28	0.266	0.762	-0.23	-0.576	1.834	"2"
"屋子"	0	0	0	1	0.283	0.252	0.085	0.38	-0.145	-0.126	-0.038	0.42	0.729	"4"
"无线"	1	0	0	0	0.283	0.252	0.085	0.38	0.548	-0.126	-0.038	-0.208	0.92	"1"
"无效"	0	0	0	1	0.283	0.252	0.085	0.38	-0.145	-0.126	-0.038	0.42	0.729	"4"
"务"	0	1	0	1	0.566	0.505	0.169	0.76	-0.289	0.356	-0.077	0.211	0.933	"2"
"物理学"	0	0	0	1	0.283	0.252	0.085	0.38	-0.145	-0.126	-0.038	0.42	0.729	"4"
"物流"	0	1	0	0	0.283	0.252	0.085	0.38	-0.145	0.598	-0.038	-0.208	0.989	"2"
"物色"	0	0	0	1	0.283	0.252	0.085	0.38	-0.145	-0.126	-0.038	0.42	0.729	"4"
"误差"	0	0	0	1	0.283	0.252	0.085	0.38	-0.145	-0.126	-0.038	0.42	0.729	"4"
"西部大开发"	0	0	0	1	0.283	0.252	0.085	0.38	-0.145	-0.126	-0.038	0.42	0.729	"4"
"西京"	0	0	0	1	0.283	0.252	0.085	0.38	-0.145	-0.126	-0.038	0.42	0.729	"4"
"辖"	0	0	1	0	0.283	0.252	0.085	0.38	-0.145	-0.126	1.073	-0.208	1.552	"3"
"辖区"	0	0	0	1	0.283	0.252	0.085	0.38	-0.145	-0.126	-0.038	0.42	0.729	"4"
"先进"	0	2	0	1	0.849	0.757	0.254	1.14	-0.434	0.799	-0.115	-0.17	1.518	"2"
"显得"	0	0	0	1	0.283	0.252	0.085	0.38	-0.145	-0.126	-0.038	0.42	0.729	"4"
"显著"	1	1	0	1	0.849	0.757	0.254	1.14	0.2	0.235	-0.115	-0.17	0.72	"2"
"险"	0	0	0	1	0.283	0.252	0.085	0.38	-0.145	-0.126	-0.038	0.42	0.729	"4"
"险恶"	0	0	0	1	0.283	0.252	0.085	0.38	-0.145	-0.126	-0.038	0.42	0.729	"4"
"现有"	0	0	0	1	0.283	0.252	0.085	0.38	-0.145	-0.126	-0.038	0.42	0.729	"4"
"限"	0	0	0	1	0.283	0.252	0.085	0.38	-0.145	-0.126	-0.038	0.42	0.729	"4"
"限度"	0	0	0	1	0.283	0.252	0.085	0.38	-0.145	-0.126	-0.038	0.42	0.729	"4"
"限为"	0	0	0	1	0.283	0.252	0.085	0.38	-0.145	-0.126	-0.038	0.42	0.729	"4"
"限于"	0	0	1	2	0.849	0.757	0.254	1.14	-0.434	-0.379	0.633	0.49	1.936	"3"
"限制"	0	0	0	6	1.699	1.514	0.507	2.28	-0.867	-0.758	-0.23	2.521	4.376	"4"
"限制性"	0	1	0	0	0.283	0.252	0.085	0.38	-0.145	0.598	-0.038	-0.208	0.989	"2"
"相告"	0	0	0	1	0.283	0.252	0.085	0.38	-0.145	-0.126	-0.038	0.42	0.729	"4"
"相关"	0	2	0	2	1.132	1.009	0.338	1.52	-0.578	0.576	-0.153	0.31	1.617	"1"
"相互"	2	0	0	0	0.566	0.505	0.169	0.76	1.096	-0.253	-0.077	-0.415	1.841	"1"
"相似"	0	0	0	1	0.283	0.252	0.085	0.38	-0.145	-0.126	-0.038	0.42	0.729	"4"
"向前"	1	0	0	0	0.283	0.252	0.085	0.38	0.548	-0.126	-0.038	-0.208	0.92	"1"
"项目库"	1	0	0	0	0.283	0.252	0.085	0.38	0.548	-0.126	-0.038	-0.208	0.92	"1"
"消防"	0	0	1	0	0.283	0.252	0.085	0.38	-0.145	-0.126	1.073	-0.208	1.552	"3"
"消费"	0	1	0	0	0.283	0.252	0.085	0.38	-0.145	0.598	-0.038	-0.208	0.989	"2"
"消费税"	0	0	0	1	0.283	0.252	0.085	0.38	-0.145	-0.126	-0.038	0.42	0.729	"4"
"小"	0	0	1	3	1.132	1.009	0.338	1.52	-0.578	-0.505	0.526	0.804	2.413	"4"
"效能"	0	0	0	1	0.283	0.252	0.085	0.38	-0.145	-0.126	-0.038	0.42	0.729	"4"
"些"	0	0	0	1	0.283	0.252	0.085	0.38	-0.145	-0.126	-0.038	0.42	0.729	"4"
"协调"	1	0	0	0	0.283	0.252	0.085	0.38	0.548	-0.126	-0.038	-0.208	0.92	"1"
"协作"	2	0	0	0	0.566	0.505	0.169	0.76	1.096	-0.253	-0.077	-0.415	1.841	"1"
"邪教"	0	0	1	0	0.283	0.252	0.085	0.38	-0.145	-0.126	1.073	-0.208	1.552	"3"
"心血管"	0	0	0	1	0.283	0.252	0.085	0.38	-0.145	-0.126	-0.038	0.42	0.729	"4"
"新"	8	12	0	3	6.511	5.804	1.944	8.741	0.502	2.297	-0.882	-2.061	5.742	"2"
"新化镇"	0	0	1	0	0.283	0.252	0.085	0.38	-0.145	-0.126	1.073	-0.208	1.552	"3"
"新闻学"	0	0	0	1	0.283	0.252	0.085	0.38	-0.145	-0.126	-0.038	0.42	0.729	"4"
"新新闻"	0	0	0	1	0.283	0.252	0.085	0.38	-0.145	-0.126	-0.038	0.42	0.729	"4"
"新政"	1	0	0	0	0.283	0.252	0.085	0.38	0.548	-0.126	-0.038	-0.208	0.92	"1"
"信任"	2	0	0	0	0.566	0.505	0.169	0.76	1.096	-0.253	-0.077	-0.415	1.841	"1"
"信息"	1	4	0	0	1.415	1.262	0.423	1.9	-0.249	1.791	-0.192	-1.038	3.27	"2"
"信息化"	0	3	0	0	0.849	0.757	0.254	1.14	-0.434	1.794	-0.115	-0.623	2.966	"2"
"信息技术"	0	1	0	0	0.283	0.252	0.085	0.38	-0.145	0.598	-0.038	-0.208	0.989	"2"
"形成"	0	0	0	1	0.283	0.252	0.085	0.38	-0.145	-0.126	-0.038	0.42	0.729	"4"
"性别"	0	0	0	1	0.283	0.252	0.085	0.38	-0.145	-0.126	-0.038	0.42	0.729	"4"
"凶猛"	0	0	0	1	0.283	0.252	0.085	0.38	-0.145	-0.126	-0.038	0.42	0.729	"4"
"许多"	0	1	0	3	1.132	1.009	0.338	1.52	-0.578	-0.134	-0.153	0.804	1.669	"4"
"选拔出"	0	0	1	0	0.283	0.252	0.085	0.38	-0.145	-0.126	1.073	-0.208	1.552	"3"
"选招"	0	0	1	0	0.283	0.252	0.085	0.38	-0.145	-0.126	1.073	-0.208	1.552	"3"
"学"	0	1	0	0	0.283	0.252	0.085	0.38	-0.145	0.598	-0.038	-0.208	0.989	"2"
"学科"	1	1	0	0	0.566	0.505	0.169	0.76	0.313	0.356	-0.077	-0.415	1.161	"4"
"学者"	0	1	0	0	0.283	0.252	0.085	0.38	-0.145	0.598	-0.038	-0.208	0.989	"2"
"巡逻"	0	0	0	1	0.283	0.252	0.085	0.38	-0.145	-0.126	-0.038	0.42	0.729	"4"
"迅速"	1	1	0	1	0.849	0.757	0.254	1.14	0.2	0.235	-0.115	-0.17	0.72	"2"
"亚欧"	3	0	0	0	0.849	0.757	0.254	1.14	1.644	-0.379	-0.115	-0.623	2.761	"1"
"延伸"	0	0	0	1	0.283	0.252	0.085	0.38	-0.145	-0.126	-0.038	0.42	0.729	"4"
"延续"	0	0	0	1	0.283	0.252	0.085	0.38	-0.145	-0.126	-0.038	0.42	0.729	"4"
"严打"	0	0	1	0	0.283	0.252	0.085	0.38	-0.145	-0.126	1.073	-0.208	1.552	"3"
"严格"	0	0	0	1	0.283	0.252	0.085	0.38	-0.145	-0.126	-0.038	0.42	0.729	"4"
"严酷"	0	0	0	1	0.283	0.252	0.085	0.38	-0.145	-0.126	-0.038	0.42	0.729	"4"
"研"	1	0	0	0	0.283	0.252	0.085	0.38	0.548	-0.126	-0.038	-0.208	0.92	"1"
"研发"	0	0	0	1	0.283	0.252	0.085	0.38	-0.145	-0.126	-0.038	0.42	0.729	"4"
"研究"	3	14	0	0	4.813	4.29	1.437	6.461	-0.607	5.889	-0.652	-3.53	10.678	"2"
"研制"	0	1	0	0	0.283	0.252	0.085	0.38	-0.145	0.598	-0.038	-0.208	0.989	"2"
"演唱会"	0	0	0	1	0.283	0.252	0.085	0.38	-0.145	-0.126	-0.038	0.42	0.729	"4"
"演习"	0	0	0	1	0.283	0.252	0.085	0.38	-0.145	-0.126	-0.038	0.42	0.729	"4"
"养殖"	0	0	0	1	0.283	0.252	0.085	0.38	-0.145	-0.126	-0.038	0.42	0.729	"4"
"药品"	0	0	0	1	0.283	0.252	0.085	0.38	-0.145	-0.126	-0.038	0.42	0.729	"4"
"野"	0	0	0	1	0.283	0.252	0.085	0.38	-0.145	-0.126	-0.038	0.42	0.729	"4"
"业务"	0	1	0	0	0.283	0.252	0.085	0.38	-0.145	0.598	-0.038	-0.208	0.989	"2"
"业余"	0	0	0	1	0.283	0.252	0.085	0.38	-0.145	-0.126	-0.038	0.42	0.729	"4"
"一百三十多万"	0	0	0	1	0.283	0.252	0.085	0.38	-0.145	-0.126	-0.038	0.42	0.729	"4"
"一般性"	0	1	0	0	0.283	0.252	0.085	0.38	-0.145	0.598	-0.038	-0.208	0.989	"2"
"一次性"	0	0	0	1	0.283	0.252	0.085	0.38	-0.145	-0.126	-0.038	0.42	0.729	"4"
"一点五"	0	0	0	1	0.283	0.252	0.085	0.38	-0.145	-0.126	-0.038	0.42	0.729	"4"
"一定"	0	0	1	1	0.566	0.505	0.169	0.76	-0.289	-0.253	0.791	0.211	1.544	"3"
"一时间"	0	0	0	1	0.283	0.252	0.085	0.38	-0.145	-0.126	-0.038	0.42	0.729	"4"
"一同"	0	0	0	1	0.283	0.252	0.085	0.38	-0.145	-0.126	-0.038	0.42	0.729	"4"
"一下"	0	0	0	1	0.283	0.252	0.085	0.38	-0.145	-0.126	-0.038	0.42	0.729	"4"
"一些"	0	3	0	4	1.982	1.766	0.592	2.66	-1.012	0.605	-0.268	0.598	2.483	"1"
"医疗"	0	1	2	1	1.132	1.009	0.338	1.52	-0.578	-0.134	1.418	-0.293	2.423	"3"
"医疗费用"	0	0	0	1	0.283	0.252	0.085	0.38	-0.145	-0.126	-0.038	0.42	0.729	"4"
"医药"	0	2	0	0	0.566	0.505	0.169	0.76	-0.289	1.196	-0.077	-0.415	1.977	"2"
"医药业"	0	1	0	0	0.283	0.252	0.085	0.38	-0.145	0.598	-0.038	-0.208	0.989	"2"
"依旧"	0	0	0	1	0.283	0.252	0.085	0.38	-0.145	-0.126	-0.038	0.42	0.729	"4"
"依照"	0	0	0	1	0.283	0.252	0.085	0.38	-0.145	-0.126	-0.038	0.42	0.729	"4"
"移动"	0	0	0	1	0.283	0.252	0.085	0.38	-0.145	-0.126	-0.038	0.42	0.729	"4"
"遗传"	0	0	0	1	0.283	0.252	0.085	0.38	-0.145	-0.126	-0.038	0.42	0.729	"4"
"以外"	0	0	0	2	0.566	0.505	0.169	0.76	-0.289	-0.253	-0.077	0.84	1.459	"4"
"艺术"	0	0	0	1	0.283	0.252	0.085	0.38	-0.145	-0.126	-0.038	0.42	0.729	"4"
"因"	0	0	0	1	0.283	0.252	0.085	0.38	-0.145	-0.126	-0.038	0.42	0.729	"4"
"银行业"	0	0	0	1	0.283	0.252	0.085	0.38	-0.145	-0.126	-0.038	0.42	0.729	"4"
"英特"	0	1	0	0	0.283	0.252	0.085	0.38	-0.145	0.598	-0.038	-0.208	0.989	"2"
"营"	0	0	0	1	0.283	0.252	0.085	0.38	-0.145	-0.126	-0.038	0.42	0.729	"4"
"影响力"	0	0	1	0	0.283	0.252	0.085	0.38	-0.145	-0.126	1.073	-0.208	1.552	"3"
"应用"	0	5	0	0	1.415	1.262	0.423	1.9	-0.723	2.99	-0.192	-1.038	4.943	"2"
"硬币"	0	0	0	1	0.283	0.252	0.085	0.38	-0.145	-0.126	-0.038	0.42	0.729	"4"
"用地"	0	0	2	1	0.849	0.757	0.254	1.14	-0.434	-0.379	1.694	-0.17	2.677	"3"
"优惠"	0	0	0	1	0.283	0.252	0.085	0.38	-0.145	-0.126	-0.038	0.42	0.729	"4"
"优势"	2	5	0	0	1.982	1.766	0.592	2.66	0.198	1.872	-0.268	-1.454	3.792	"2"
"尤其"	0	2	0	0	0.566	0.505	0.169	0.76	-0.289	1.196	-0.077	-0.415	1.977	"2"
"由于"	0	0	0	2	0.566	0.505	0.169	0.76	-0.289	-0.253	-0.077	0.84	1.459	"4"
"友"	1	0	0	0	0.283	0.252	0.085	0.38	0.548	-0.126	-0.038	-0.208	0.92	"1"
"友好"	14	0	0	0	3.963	3.533	1.183	5.321	7.673	-1.768	-0.537	-2.907	12.885	"1"
"有所"	1	1	0	4	1.699	1.514	0.507	2.28	-0.34	-0.277	-0.23	0.816	1.663	"4"
"有助于"	1	2	0	0	0.849	0.757	0.254	1.14	0.2	0.799	-0.115	-0.623	1.737	"2"
"幼儿"	0	0	0	1	0.283	0.252	0.085	0.38	-0.145	-0.126	-0.038	0.42	0.729	"4"
"渔业"	0	1	0	0	0.283	0.252	0.085	0.38	-0.145	0.598	-0.038	-0.208	0.989	"2"
"与"	20	6	0	5	8.776	7.822	2.62	11.782	4.526	-0.521	-1.189	-2.128	8.364	"1"
"与日俱增"	0	0	1	0	0.283	0.252	0.085	0.38	-0.145	-0.126	1.073	-0.208	1.552	"3"
"宇航"	0	1	0	0	0.283	0.252	0.085	0.38	-0.145	0.598	-0.038	-0.208	0.989	"2"
"语音"	0	1	0	0	0.283	0.252	0.085	0.38	-0.145	0.598	-0.038	-0.208	0.989	"2"
"预测"	0	0	1	1	0.566	0.505	0.169	0.76	-0.289	-0.253	0.791	0.211	1.544	"3"
"预订"	0	0	0	1	0.283	0.252	0.085	0.38	-0.145	-0.126	-0.038	0.42	0.729	"4"
"预警"	0	0	0	1	0.283	0.252	0.085	0.38	-0.145	-0.126	-0.038	0.42	0.729	"4"
"域"	0	0	0	1	0.283	0.252	0.085	0.38	-0.145	-0.126	-0.038	0.42	0.729	"4"
"元件"	0	1	0	0	0.283	0.252	0.085	0.38	-0.145	0.598	-0.038	-0.208	0.989	"2"
"园区"	0	0	0	1	0.283	0.252	0.085	0.38	-0.145	-0.126	-0.038	0.42	0.729	"4"
"原则上"	1	0	0	0	0.283	0.252	0.085	0.38	0.548	-0.126	-0.038	-0.208	0.92	"1"
"源远流长"	1	0	0	0	0.283	0.252	0.085	0.38	0.548	-0.126	-0.038	-0.208	0.92	"1"
"远"	0	0	0	2	0.566	0.505	0.169	0.76	-0.289	-0.253	-0.077	0.84	1.459	"4"
"远见"	0	0	0	1	0.283	0.252	0.085	0.38	-0.145	-0.126	-0.038	0.42	0.729	"4"
"远远"	0	0	0	1	0.283	0.252	0.085	0.38	-0.145	-0.126	-0.038	0.42	0.729	"4"
"越来越"	0	0	1	1	0.566	0.505	0.169	0.76	-0.289	-0.253	0.791	0.211	1.544	"3"
"越野"	0	0	0	1	0.283	0.252	0.085	0.38	-0.145	-0.126	-0.038	0.42	0.729	"4"
"允许"	0	0	1	0	0.283	0.252	0.085	0.38	-0.145	-0.126	1.073	-0.208	1.552	"3"
"运"	0	0	0	1	0.283	0.252	0.085	0.38	-0.145	-0.126	-0.038	0.42	0.729	"4"
"运动"	0	0	0	2	0.566	0.505	0.169	0.76	-0.289	-0.253	-0.077	0.84	1.459	"4"
"运动员"	0	0	0	1	0.283	0.252	0.085	0.38	-0.145	-0.126	-0.038	0.42	0.729	"4"
"再就业"	0	0	1	0	0.283	0.252	0.085	0.38	-0.145	-0.126	1.073	-0.208	1.552	"3"
"再生"	0	1	1	0	0.566	0.505	0.169	0.76	-0.289	0.356	0.791	-0.415	1.851	"3"
"在"	60	50	6	35	42.748	38.103	12.76	57.389	2.786	1.736	-1.603	-4.124	10.249	"4"
"在内"	2	0	0	0	0.566	0.505	0.169	0.76	1.096	-0.253	-0.077	-0.415	1.841	"1"
"遭到"	0	0	0	1	0.283	0.252	0.085	0.38	-0.145	-0.126	-0.038	0.42	0.729	"4"
"泽曼"	1	0	0	0	0.283	0.252	0.085	0.38	0.548	-0.126	-0.038	-0.208	0.92	"1"
"增多"	1	0	0	0	0.283	0.252	0.085	0.38	0.548	-0.126	-0.038	-0.208	0.92	"1"
"增进"	1	0	0	0	0.283	0.252	0.085	0.38	0.548	-0.126	-0.038	-0.208	0.92	"1"
"债权人"	0	0	0	1	0.283	0.252	0.085	0.38	-0.145	-0.126	-0.038	0.42	0.729	"4"
"债券"	0	1	0	0	0.283	0.252	0.085	0.38	-0.145	0.598	-0.038	-0.208	0.989	"2"
"展"	1	0	0	0	0.283	0.252	0.085	0.38	0.548	-0.126	-0.038	-0.208	0.92	"1"
"展开"	0	1	1	3	1.415	1.262	0.423	1.9	-0.723	-0.202	0.447	0.547	1.919	"1"
"张宾"	1	0	0	0	0.283	0.252	0.085	0.38	0.548	-0.126	-0.038	-0.208	0.92	"1"
"张开"	0	0	0	1	0.283	0.252	0.085	0.38	-0.145	-0.126	-0.038	0.42	0.729	"4"
"张祥"	1	0	0	0	0.283	0.252	0.085	0.38	0.548	-0.126	-0.038	-0.208	0.92	"1"
"招"	0	0	0	1	0.283	0.252	0.085	0.38	-0.145	-0.126	-0.038	0.42	0.729	"4"
"招标"	0	0	0	1	0.283	0.252	0.085	0.38	-0.145	-0.126	-0.038	0.42	0.729	"4"
"这么"	0	0	1	0	0.283	0.252	0.085	0.38	-0.145	-0.126	1.073	-0.208	1.552	"3"
"着手"	0	1	0	0	0.283	0.252	0.085	0.38	-0.145	0.598	-0.038	-0.208	0.989	"2"
"着重"	1	1	0	0	0.566	0.505	0.169	0.76	0.313	0.356	-0.077	-0.415	1.161	"4"
"针灸"	0	0	0	1	0.283	0.252	0.085	0.38	-0.145	-0.126	-0.038	0.42	0.729	"4"
"阵地"	0	0	0	1	0.283	0.252	0.085	0.38	-0.145	-0.126	-0.038	0.42	0.729	"4"
"振耀"	0	0	0	1	0.283	0.252	0.085	0.38	-0.145	-0.126	-0.038	0.42	0.729	"4"
"征"	0	0	1	0	0.283	0.252	0.085	0.38	-0.145	-0.126	1.073	-0.208	1.552	"3"
"征收"	0	0	0	2	0.566	0.505	0.169	0.76	-0.289	-0.253	-0.077	0.84	1.459	"4"
"整顿"	0	0	1	0	0.283	0.252	0.085	0.38	-0.145	-0.126	1.073	-0.208	1.552	"3"
"正常"	0	0	1	1	0.566	0.505	0.169	0.76	-0.289	-0.253	0.791	0.211	1.544	"3"
"证"	0	0	1	1	0.566	0.505	0.169	0.76	-0.289	-0.253	0.791	0.211	1.544	"3"
"政务人"	0	0	0	1	0.283	0.252	0.085	0.38	-0.145	-0.126	-0.038	0.42	0.729	"4"
"政治"	15	0	0	2	4.813	4.29	1.437	6.461	6.355	-2.147	-0.652	-1.734	10.888	"1"
"之内"	0	0	0	2	0.566	0.505	0.169	0.76	-0.289	-0.253	-0.077	0.84	1.459	"4"
"支付"	0	0	0	1	0.283	0.252	0.085	0.38	-0.145	-0.126	-0.038	0.42	0.729	"4"
"知识产权"	0	1	0	0	0.283	0.252	0.085	0.38	-0.145	0.598	-0.038	-0.208	0.989	"2"
"知性"	0	0	0	1	0.283	0.252	0.085	0.38	-0.145	-0.126	-0.038	0.42	0.729	"4"
"执行"	0	0	0	1	0.283	0.252	0.085	0.38	-0.145	-0.126	-0.038	0.42	0.729	"4"
"直升"	0	0	1	0	0.283	0.252	0.085	0.38	-0.145	-0.126	1.073	-0.208	1.552	"3"
"职责"	0	0	1	0	0.283	0.252	0.085	0.38	-0.145	-0.126	1.073	-0.208	1.552	"3"
"指定"	0	0	0	1	0.283	0.252	0.085	0.38	-0.145	-0.126	-0.038	0.42	0.729	"4"
"制定"	0	0	0	1	0.283	0.252	0.085	0.38	-0.145	-0.126	-0.038	0.42	0.729	"4"
"制造"	0	1	0	0	0.283	0.252	0.085	0.38	-0.145	0.598	-0.038	-0.208	0.989	"2"
"中德"	1	0	0	0	0.283	0.252	0.085	0.38	0.548	-0.126	-0.038	-0.208	0.92	"1"
"中俄"	3	0	0	0	0.849	0.757	0.254	1.14	1.644	-0.379	-0.115	-0.623	2.761	"1"
"中方"	5	0	0	0	1.415	1.262	0.423	1.9	2.74	-0.631	-0.192	-1.038	4.601	"1"
"中亚"	0	0	0	1	0.283	0.252	0.085	0.38	-0.145	-0.126	-0.038	0.42	0.729	"4"
"中英"	0	0	0	1	0.283	0.252	0.085	0.38	-0.145	-0.126	-0.038	0.42	0.729	"4"
"中越"	1	0	0	0	0.283	0.252	0.085	0.38	0.548	-0.126	-0.038	-0.208	0.92	"1"
"中长期"	0	0	0	1	0.283	0.252	0.085	0.38	-0.145	-0.126	-0.038	0.42	0.729	"4"
"众"	0	0	0	1	0.283	0.252	0.085	0.38	-0.145	-0.126	-0.038	0.42	0.729	"4"
"众多"	0	2	0	0	0.566	0.505	0.169	0.76	-0.289	1.196	-0.077	-0.415	1.977	"2"
"重大"	0	2	0	0	0.566	0.505	0.169	0.76	-0.289	1.196	-0.077	-0.415	1.977	"2"
"重点"	1	8	0	2	3.114	2.776	0.93	4.181	-0.862	2.896	-0.422	-0.831	5.011	"2"
"重婚罪"	0	0	0	1	0.283	0.252	0.085	0.38	-0.145	-0.126	-0.038	0.42	0.729	"4"
"重要"	4	2	0	1	1.982	1.766	0.592	2.66	0.978	0.251	-0.268	-0.73	2.227	"1"
"重组"	1	0	0	0	0.283	0.252	0.085	0.38	0.548	-0.126	-0.038	-0.208	0.92	"1"
"周边"	0	0	0	1	0.283	0.252	0.085	0.38	-0.145	-0.126	-0.038	0.42	0.729	"4"
"周围"	0	0	0	2	0.566	0.505	0.169	0.76	-0.289	-0.253	-0.077	0.84	1.459	"4"
"周围点"	0	0	0	1	0.283	0.252	0.085	0.38	-0.145	-0.126	-0.038	0.42	0.729	"4"
"洲际"	0	0	0	1	0.283	0.252	0.085	0.38	-0.145	-0.126	-0.038	0.42	0.729	"4"
"週边"	0	0	0	1	0.283	0.252	0.085	0.38	-0.145	-0.126	-0.038	0.42	0.729	"4"
"诸多"	0	2	0	0	0.566	0.505	0.169	0.76	-0.289	1.196	-0.077	-0.415	1.977	"2"
"逐步"	0	0	0	2	0.566	0.505	0.169	0.76	-0.289	-0.253	-0.077	0.84	1.459	"4"
"主要"	0	3	1	1	1.415	1.262	0.423	1.9	-0.723	0.975	0.447	-0.429	2.574	"2"
"注重"	1	1	0	1	0.849	0.757	0.254	1.14	0.2	0.235	-0.115	-0.17	0.72	"2"
"抓紧"	0	0	0	1	0.283	0.252	0.085	0.38	-0.145	-0.126	-0.038	0.42	0.729	"4"
"专案"	0	0	0	1	0.283	0.252	0.085	0.38	-0.145	-0.126	-0.038	0.42	0.729	"4"
"专家"	0	3	0	1	1.132	1.009	0.338	1.52	-0.578	1.283	-0.153	-0.293	2.307	"2"
"专精"	0	0	0	1	0.283	0.252	0.085	0.38	-0.145	-0.126	-0.038	0.42	0.729	"4"
"专业"	1	2	0	3	1.699	1.514	0.507	2.28	-0.34	0.326	-0.23	0.383	1.279	"4"
"专注"	0	0	0	1	0.283	0.252	0.085	0.38	-0.145	-0.126	-0.038	0.42	0.729	"4"
"转弱"	0	0	0	1	0.283	0.252	0.085	0.38	-0.145	-0.126	-0.038	0.42	0.729	"4"
"转向"	0	2	0	0	0.566	0.505	0.169	0.76	-0.289	1.196	-0.077	-0.415	1.977	"2"
"转移到"	1	0	0	0	0.283	0.252	0.085	0.38	0.548	-0.126	-0.038	-0.208	0.92	"1"
"桩基"	0	1	0	0	0.283	0.252	0.085	0.38	-0.145	0.598	-0.038	-0.208	0.989	"2"
"状况"	0	0	0	1	0.283	0.252	0.085	0.38	-0.145	-0.126	-0.038	0.42	0.729	"4"
"准备金"	0	0	0	1	0.283	0.252	0.085	0.38	-0.145	-0.126	-0.038	0.42	0.729	"4"
"卓有"	2	0	0	0	0.566	0.505	0.169	0.76	1.096	-0.253	-0.077	-0.415	1.841	"1"
"资"	0	2	0	1	0.849	0.757	0.254	1.14	-0.434	0.799	-0.115	-0.17	1.518	"2"
"资金"	0	0	0	1	0.283	0.252	0.085	0.38	-0.145	-0.126	-0.038	0.42	0.729	"4"
"资遣费"	0	0	0	1	0.283	0.252	0.085	0.38	-0.145	-0.126	-0.038	0.42	0.729	"4"
"资讯"	2	1	0	0	0.849	0.757	0.254	1.14	0.71	0.235	-0.115	-0.623	1.683	"1"
"资讯科"	0	1	0	0	0.283	0.252	0.085	0.38	-0.145	0.598	-0.038	-0.208	0.989	"2"
"资源"	1	2	0	2	1.415	1.262	0.423	1.9	-0.249	0.429	-0.192	0.202	1.072	"2"
"资助"	0	0	1	0	0.283	0.252	0.085	0.38	-0.145	-0.126	1.073	-0.208	1.552	"3"
"自行"	0	0	0	1	0.283	0.252	0.085	0.38	-0.145	-0.126	-0.038	0.42	0.729	"4"
"自扫门前雪"	0	0	0	1	0.283	0.252	0.085	0.38	-0.145	-0.126	-0.038	0.42	0.729	"4"
"自掏腰包"	0	0	0	1	0.283	0.252	0.085	0.38	-0.145	-0.126	-0.038	0.42	0.729	"4"
"综合性"	0	0	0	1	0.283	0.252	0.085	0.38	-0.145	-0.126	-0.038	0.42	0.729	"4"
"纵深"	0	0	0	1	0.283	0.252	0.085	0.38	-0.145	-0.126	-0.038	0.42	0.729	"4"
"租用"	0	0	0	1	0.283	0.252	0.085	0.38	-0.145	-0.126	-0.038	0.42	0.729	"4"
"作"	2	0	0	0	0.566	0.505	0.169	0.76	1.096	-0.253	-0.077	-0.415	1.841	"1"
