"Coll_Word"	"1"	"2"	"3"	"exp_1"	"exp_2"	"exp_3"	"pbin_1"	"pbin_2"	"pbin_3"	"SumAbsDev"	"LargestDev"
"－－"	1	0	0	0.602	0.097	0.301	0.22	-0.044	-0.155	0.419	"1"
"："	2	8	17	16.261	2.623	8.116	-7.883	2.49	3.388	13.761	"1"
"！"	0	3	1	2.409	0.389	1.202	-1.602	2.468	-0.187	4.257	"2"
"？"	1	3	11	9.034	1.457	4.509	-4.631	0.761	3.164	8.556	"1"
"]"	0	0	1	0.602	0.097	0.301	-0.4	-0.044	0.522	0.966	"3"
"《"	0	28	8	21.682	3.497	10.821	-14.415	21.213	-0.696	36.324	"2"
"》"	1	29	7	22.284	3.595	11.122	-13.059	22.12	-1.029	36.208	"2"
"＋"	2	0	0	1.205	0.194	0.601	0.44	-0.089	-0.311	0.84	"1"
"◆"	1	0	0	0.602	0.097	0.301	0.22	-0.044	-0.155	0.419	"1"
"006"	0	0	2	1.205	0.194	0.601	-0.801	-0.089	1.044	1.934	"3"
"10万"	1	0	0	0.602	0.097	0.301	0.22	-0.044	-0.155	0.419	"1"
"10日"	0	1	0	0.602	0.097	0.301	-0.4	1.013	-0.155	1.568	"2"
"111"	1	0	0	0.602	0.097	0.301	0.22	-0.044	-0.155	0.419	"1"
"1200"	1	0	0	0.602	0.097	0.301	0.22	-0.044	-0.155	0.419	"1"
"13日"	0	1	1	1.205	0.194	0.601	-0.801	0.733	0.292	1.826	"1"
"14日"	0	1	0	0.602	0.097	0.301	-0.4	1.013	-0.155	1.568	"2"
"1700"	1	0	0	0.602	0.097	0.301	0.22	-0.044	-0.155	0.419	"1"
"17日"	1	0	0	0.602	0.097	0.301	0.22	-0.044	-0.155	0.419	"1"
"1800"	0	0	4	2.409	0.389	1.202	-1.602	-0.178	2.088	3.868	"3"
"185万"	1	0	0	0.602	0.097	0.301	0.22	-0.044	-0.155	0.419	"1"
"18日"	0	2	0	1.205	0.194	0.601	-0.801	2.025	-0.311	3.137	"2"
"1万"	1	0	0	0.602	0.097	0.301	0.22	-0.044	-0.155	0.419	"1"
"1万4000"	1	0	0	0.602	0.097	0.301	0.22	-0.044	-0.155	0.419	"1"
"1万多"	1	0	0	0.602	0.097	0.301	0.22	-0.044	-0.155	0.419	"1"
"1亿4700万"	1	0	0	0.602	0.097	0.301	0.22	-0.044	-0.155	0.419	"1"
"2000"	1	0	0	0.602	0.097	0.301	0.22	-0.044	-0.155	0.419	"1"
"20来"	1	0	0	0.602	0.097	0.301	0.22	-0.044	-0.155	0.419	"1"
"22日"	0	1	0	0.602	0.097	0.301	-0.4	1.013	-0.155	1.568	"2"
"23日"	0	2	0	1.205	0.194	0.601	-0.801	2.025	-0.311	3.137	"2"
"26日"	0	1	0	0.602	0.097	0.301	-0.4	1.013	-0.155	1.568	"2"
"28日"	0	1	1	1.205	0.194	0.601	-0.801	0.733	0.292	1.826	"1"
"2900万"	1	0	0	0.602	0.097	0.301	0.22	-0.044	-0.155	0.419	"1"
"2万"	1	0	0	0.602	0.097	0.301	0.22	-0.044	-0.155	0.419	"1"
"2万2362"	1	0	0	0.602	0.097	0.301	0.22	-0.044	-0.155	0.419	"1"
"2千"	1	0	0	0.602	0.097	0.301	0.22	-0.044	-0.155	0.419	"1"
"3.7"	1	0	0	0.602	0.097	0.301	0.22	-0.044	-0.155	0.419	"1"
"3000多"	1	0	0	0.602	0.097	0.301	0.22	-0.044	-0.155	0.419	"1"
"30万"	1	0	0	0.602	0.097	0.301	0.22	-0.044	-0.155	0.419	"1"
"3月"	0	1	0	0.602	0.097	0.301	-0.4	1.013	-0.155	1.568	"2"
"40％"	1	0	0	0.602	0.097	0.301	0.22	-0.044	-0.155	0.419	"1"
"40亿"	1	0	0	0.602	0.097	0.301	0.22	-0.044	-0.155	0.419	"1"
"4日"	0	3	0	1.807	0.291	0.902	-1.201	3.038	-0.466	4.705	"2"
"5000"	1	0	0	0.602	0.097	0.301	0.22	-0.044	-0.155	0.419	"1"
"50万"	2	0	0	1.205	0.194	0.601	0.44	-0.089	-0.311	0.84	"1"
"51％"	1	0	0	0.602	0.097	0.301	0.22	-0.044	-0.155	0.419	"1"
"5亿"	1	0	0	0.602	0.097	0.301	0.22	-0.044	-0.155	0.419	"1"
"5周报"	0	0	1	0.602	0.097	0.301	-0.4	-0.044	0.522	0.966	"3"
"5月"	1	2	0	1.807	0.291	0.902	-0.457	1.577	-0.466	2.5	"2"
"63377732"	0	0	1	0.602	0.097	0.301	-0.4	-0.044	0.522	0.966	"3"
"650"	1	0	0	0.602	0.097	0.301	0.22	-0.044	-0.155	0.419	"1"
"67382691"	0	0	1	0.602	0.097	0.301	-0.4	-0.044	0.522	0.966	"3"
"6万"	1	0	0	0.602	0.097	0.301	0.22	-0.044	-0.155	0.419	"1"
"6月"	0	1	1	1.205	0.194	0.601	-0.801	0.733	0.292	1.826	"1"
"70万"	1	0	0	0.602	0.097	0.301	0.22	-0.044	-0.155	0.419	"1"
"79万3千"	1	0	0	0.602	0.097	0.301	0.22	-0.044	-0.155	0.419	"1"
"8.5"	2	0	0	1.205	0.194	0.601	0.44	-0.089	-0.311	0.84	"1"
"800多万"	1	0	0	0.602	0.097	0.301	0.22	-0.044	-0.155	0.419	"1"
"8717"	1	0	0	0.602	0.097	0.301	0.22	-0.044	-0.155	0.419	"1"
"891105"	1	0	0	0.602	0.097	0.301	0.22	-0.044	-0.155	0.419	"1"
"8万"	1	0	0	0.602	0.097	0.301	0.22	-0.044	-0.155	0.419	"1"
"DJ"	1	0	0	0.602	0.097	0.301	0.22	-0.044	-0.155	0.419	"1"
"DM"	0	0	1	0.602	0.097	0.301	-0.4	-0.044	0.522	0.966	"3"
"eYada"	0	0	1	0.602	0.097	0.301	-0.4	-0.044	0.522	0.966	"3"
"Hurt"	1	0	0	0.602	0.097	0.301	0.22	-0.044	-0.155	0.419	"1"
"JL"	0	0	1	0.602	0.097	0.301	-0.4	-0.044	0.522	0.966	"3"
"PG"	1	0	0	0.602	0.097	0.301	0.22	-0.044	-0.155	0.419	"1"
"Review"	0	0	1	0.602	0.097	0.301	-0.4	-0.044	0.522	0.966	"3"
"SISTIC"	1	0	0	0.602	0.097	0.301	0.22	-0.044	-0.155	0.419	"1"
"TMJ"	0	0	1	0.602	0.097	0.301	-0.4	-0.044	0.522	0.966	"3"
"Twins"	1	0	0	0.602	0.097	0.301	0.22	-0.044	-0.155	0.419	"1"
"www.zaobao.com"	0	0	1	0.602	0.097	0.301	-0.4	-0.044	0.522	0.966	"3"
"Zouk"	1	0	0	0.602	0.097	0.301	0.22	-0.044	-0.155	0.419	"1"
"ZPOP"	2	0	0	1.205	0.194	0.601	0.44	-0.089	-0.311	0.84	"1"
"一柱擎天"	1	0	0	0.602	0.097	0.301	0.22	-0.044	-0.155	0.419	"1"
"一样"	1	0	1	1.205	0.194	0.601	-0.196	-0.089	0.292	0.577	"3"
"一流"	1	0	0	0.602	0.097	0.301	0.22	-0.044	-0.155	0.419	"1"
"一睹"	1	0	0	0.602	0.097	0.301	0.22	-0.044	-0.155	0.419	"1"
"一睹为快"	1	0	0	0.602	0.097	0.301	0.22	-0.044	-0.155	0.419	"1"
"一致"	1	0	0	0.602	0.097	0.301	0.22	-0.044	-0.155	0.419	"1"
"一般"	2	0	1	1.807	0.291	0.902	0.186	-0.133	0.182	0.501	"1"
"一起"	2	0	0	1.205	0.194	0.601	0.44	-0.089	-0.311	0.84	"1"
"一阵"	1	0	0	0.602	0.097	0.301	0.22	-0.044	-0.155	0.419	"1"
"一页页"	0	0	1	0.602	0.097	0.301	-0.4	-0.044	0.522	0.966	"3"
"七八十万"	0	0	1	0.602	0.097	0.301	-0.4	-0.044	0.522	0.966	"3"
"七月歌"	1	0	0	0.602	0.097	0.301	0.22	-0.044	-0.155	0.419	"1"
"万"	1	0	0	0.602	0.097	0.301	0.22	-0.044	-0.155	0.419	"1"
"万千"	0	1	0	0.602	0.097	0.301	-0.4	1.013	-0.155	1.568	"2"
"万多"	1	0	0	0.602	0.097	0.301	0.22	-0.044	-0.155	0.419	"1"
"三万"	1	0	0	0.602	0.097	0.301	0.22	-0.044	-0.155	0.419	"1"
"三百"	1	0	0	0.602	0.097	0.301	0.22	-0.044	-0.155	0.419	"1"
"三百多"	1	0	0	0.602	0.097	0.301	0.22	-0.044	-0.155	0.419	"1"
"三级片"	1	0	0	0.602	0.097	0.301	0.22	-0.044	-0.155	0.419	"1"
"上台"	1	0	0	0.602	0.097	0.301	0.22	-0.044	-0.155	0.419	"1"
"上场"	1	0	0	0.602	0.097	0.301	0.22	-0.044	-0.155	0.419	"1"
"上映"	1	0	0	0.602	0.097	0.301	0.22	-0.044	-0.155	0.419	"1"
"上网"	0	0	2	1.205	0.194	0.601	-0.801	-0.089	1.044	1.934	"3"
"上菜"	1	0	0	0.602	0.097	0.301	0.22	-0.044	-0.155	0.419	"1"
"下"	6	0	0	3.614	0.583	1.804	1.321	-0.266	-0.932	2.519	"1"
"下注"	0	0	1	0.602	0.097	0.301	-0.4	-0.044	0.522	0.966	"3"
"不亦乐乎"	1	0	0	0.602	0.097	0.301	0.22	-0.044	-0.155	0.419	"1"
"不但"	0	0	1	0.602	0.097	0.301	-0.4	-0.044	0.522	0.966	"3"
"不便"	0	0	2	1.205	0.194	0.601	-0.801	-0.089	1.044	1.934	"3"
"不同"	1	0	1	1.205	0.194	0.601	-0.196	-0.089	0.292	0.577	"3"
"不堪"	0	1	0	0.602	0.097	0.301	-0.4	1.013	-0.155	1.568	"2"
"不外"	0	1	0	0.602	0.097	0.301	-0.4	1.013	-0.155	1.568	"2"
"不妥"	1	0	0	0.602	0.097	0.301	0.22	-0.044	-0.155	0.419	"1"
"不妨"	0	1	0	0.602	0.097	0.301	-0.4	1.013	-0.155	1.568	"2"
"不宜"	1	0	0	0.602	0.097	0.301	0.22	-0.044	-0.155	0.419	"1"
"不少"	6	0	0	3.614	0.583	1.804	1.321	-0.266	-0.932	2.519	"1"
"不息"	1	0	0	0.602	0.097	0.301	0.22	-0.044	-0.155	0.419	"1"
"不断"	1	0	0	0.602	0.097	0.301	0.22	-0.044	-0.155	0.419	"1"
"不时"	3	0	0	1.807	0.291	0.902	0.661	-0.133	-0.466	1.26	"1"
"不知不觉"	1	0	0	0.602	0.097	0.301	0.22	-0.044	-0.155	0.419	"1"
"与会"	0	0	1	0.602	0.097	0.301	-0.4	-0.044	0.522	0.966	"3"
"专"	1	0	0	0.602	0.097	0.301	0.22	-0.044	-0.155	0.419	"1"
"专场"	1	0	0	0.602	0.097	0.301	0.22	-0.044	-0.155	0.419	"1"
"专栏"	0	0	1	0.602	0.097	0.301	-0.4	-0.044	0.522	0.966	"3"
"专科"	0	0	1	0.602	0.097	0.301	-0.4	-0.044	0.522	0.966	"3"
"东西方"	0	0	1	0.602	0.097	0.301	-0.4	-0.044	0.522	0.966	"3"
"东西部"	1	0	0	0.602	0.097	0.301	0.22	-0.044	-0.155	0.419	"1"
"丢"	1	0	0	0.602	0.097	0.301	0.22	-0.044	-0.155	0.419	"1"
"个个"	2	0	0	1.205	0.194	0.601	0.44	-0.089	-0.311	0.84	"1"
"中南部"	1	0	0	0.602	0.097	0.301	0.22	-0.044	-0.155	0.419	"1"
"中外"	1	0	0	0.602	0.097	0.301	0.22	-0.044	-0.155	0.419	"1"
"中山"	1	0	0	0.602	0.097	0.301	0.22	-0.044	-0.155	0.419	"1"
"中年"	1	0	0	0.602	0.097	0.301	0.22	-0.044	-0.155	0.419	"1"
"中文"	0	0	1	0.602	0.097	0.301	-0.4	-0.044	0.522	0.966	"3"
"中文台"	1	0	0	0.602	0.097	0.301	0.22	-0.044	-0.155	0.419	"1"
"中正机场"	0	0	1	0.602	0.097	0.301	-0.4	-0.044	0.522	0.966	"3"
"中看"	1	0	0	0.602	0.097	0.301	0.22	-0.044	-0.155	0.419	"1"
"中视"	1	0	0	0.602	0.097	0.301	0.22	-0.044	-0.155	0.419	"1"
"丰富"	0	0	2	1.205	0.194	0.601	-0.801	-0.089	1.044	1.934	"3"
"为了"	1	0	0	0.602	0.097	0.301	0.22	-0.044	-0.155	0.419	"1"
"为何"	0	1	1	1.205	0.194	0.601	-0.801	0.733	0.292	1.826	"1"
"为数"	0	0	1	0.602	0.097	0.301	-0.4	-0.044	0.522	0.966	"3"
"主办"	1	0	0	0.602	0.097	0.301	0.22	-0.044	-0.155	0.419	"1"
"主场"	1	0	0	0.602	0.097	0.301	0.22	-0.044	-0.155	0.419	"1"
"主持人"	2	0	0	1.205	0.194	0.601	0.44	-0.089	-0.311	0.84	"1"
"主播"	1	0	0	0.602	0.097	0.301	0.22	-0.044	-0.155	0.419	"1"
"主角"	1	0	0	0.602	0.097	0.301	0.22	-0.044	-0.155	0.419	"1"
"主题曲"	1	0	0	0.602	0.097	0.301	0.22	-0.044	-0.155	0.419	"1"
"丽质天生"	1	0	0	0.602	0.097	0.301	0.22	-0.044	-0.155	0.419	"1"
"举起"	1	0	0	0.602	0.097	0.301	0.22	-0.044	-0.155	0.419	"1"
"久久"	3	0	0	1.807	0.291	0.902	0.661	-0.133	-0.466	1.26	"1"
"乌鸦"	0	1	0	0.602	0.097	0.301	-0.4	1.013	-0.155	1.568	"2"
"乎"	1	0	0	0.602	0.097	0.301	0.22	-0.044	-0.155	0.419	"1"
"乐"	2	0	0	1.205	0.194	0.601	0.44	-0.089	-0.311	0.84	"1"
"乐不可支"	1	0	0	0.602	0.097	0.301	0.22	-0.044	-0.155	0.419	"1"
"乐意"	0	0	2	1.205	0.194	0.601	-0.801	-0.089	1.044	1.934	"3"
"乐曲"	1	0	0	0.602	0.097	0.301	0.22	-0.044	-0.155	0.419	"1"
"乐队"	1	0	0	0.602	0.097	0.301	0.22	-0.044	-0.155	0.419	"1"
"乐龄"	1	0	0	0.602	0.097	0.301	0.22	-0.044	-0.155	0.419	"1"
"乒乓"	0	0	1	0.602	0.097	0.301	-0.4	-0.044	0.522	0.966	"3"
"习"	1	0	0	0.602	0.097	0.301	0.22	-0.044	-0.155	0.419	"1"
"书"	0	0	6	3.614	0.583	1.804	-2.402	-0.266	3.132	5.8	"3"
"书市"	2	0	0	1.205	0.194	0.601	0.44	-0.089	-0.311	0.84	"1"
"书店"	0	0	2	1.205	0.194	0.601	-0.801	-0.089	1.044	1.934	"3"
"书籍"	0	0	1	0.602	0.097	0.301	-0.4	-0.044	0.522	0.966	"3"
"买票"	1	0	0	0.602	0.097	0.301	0.22	-0.044	-0.155	0.419	"1"
"了然"	1	0	0	0.602	0.097	0.301	0.22	-0.044	-0.155	0.419	"1"
"了解"	1	0	1	1.205	0.194	0.601	-0.196	-0.089	0.292	0.577	"3"
"互动"	2	0	1	1.807	0.291	0.902	0.186	-0.133	0.182	0.501	"1"
"些"	2	0	0	1.205	0.194	0.601	0.44	-0.089	-0.311	0.84	"1"
"交互式"	1	0	0	0.602	0.097	0.301	0.22	-0.044	-0.155	0.419	"1"
"交代"	2	0	0	1.205	0.194	0.601	0.44	-0.089	-0.311	0.84	"1"
"交流"	0	11	2	7.829	1.263	3.908	-5.205	9.327	-0.696	15.228	"2"
"交流版"	0	0	1	0.602	0.097	0.301	-0.4	-0.044	0.522	0.966	"3"
"交锋戏"	1	0	0	0.602	0.097	0.301	0.22	-0.044	-0.155	0.419	"1"
"亦即"	0	0	1	0.602	0.097	0.301	-0.4	-0.044	0.522	0.966	"3"
"产生"	0	0	1	0.602	0.097	0.301	-0.4	-0.044	0.522	0.966	"3"
"享受"	1	0	0	0.602	0.097	0.301	0.22	-0.044	-0.155	0.419	"1"
"京剧"	1	0	0	0.602	0.097	0.301	0.22	-0.044	-0.155	0.419	"1"
"亮相"	1	0	0	0.602	0.097	0.301	0.22	-0.044	-0.155	0.419	"1"
"亲切"	1	0	0	0.602	0.097	0.301	0.22	-0.044	-0.155	0.419	"1"
"亲爱的"	1	0	0	0.602	0.097	0.301	0.22	-0.044	-0.155	0.419	"1"
"人人"	1	0	0	0.602	0.097	0.301	0.22	-0.044	-0.155	0.419	"1"
"人数"	3	0	1	2.409	0.389	1.202	0.32	-0.178	-0.187	0.685	"1"
"人月牌"	1	0	0	0.602	0.097	0.301	0.22	-0.044	-0.155	0.419	"1"
"人次"	3	0	0	1.807	0.291	0.902	0.661	-0.133	-0.466	1.26	"1"
"人气"	1	0	0	0.602	0.097	0.301	0.22	-0.044	-0.155	0.419	"1"
"今晚"	2	0	0	1.205	0.194	0.601	0.44	-0.089	-0.311	0.84	"1"
"介绍给"	1	0	0	0.602	0.097	0.301	0.22	-0.044	-0.155	0.419	"1"
"从中"	1	0	0	0.602	0.097	0.301	0.22	-0.044	-0.155	0.419	"1"
"令"	6	0	0	3.614	0.583	1.804	1.321	-0.266	-0.932	2.519	"1"
"以为"	1	0	0	0.602	0.097	0.301	0.22	-0.044	-0.155	0.419	"1"
"以往"	0	0	1	0.602	0.097	0.301	-0.4	-0.044	0.522	0.966	"3"
"以致"	1	0	0	0.602	0.097	0.301	0.22	-0.044	-0.155	0.419	"1"
"仪式"	0	0	1	0.602	0.097	0.301	-0.4	-0.044	0.522	0.966	"3"
"们"	10	0	2	7.227	1.166	3.607	1.066	-0.533	-0.6	2.199	"1"
"任何"	0	0	2	1.205	0.194	0.601	-0.801	-0.089	1.044	1.934	"3"
"份"	0	0	3	1.807	0.291	0.902	-1.201	-0.133	1.566	2.9	"3"
"众多"	0	0	2	1.205	0.194	0.601	-0.801	-0.089	1.044	1.934	"3"
"优美"	2	0	0	1.205	0.194	0.601	0.44	-0.089	-0.311	0.84	"1"
"优频道"	2	0	0	1.205	0.194	0.601	0.44	-0.089	-0.311	0.84	"1"
"会不会"	0	0	1	0.602	0.097	0.301	-0.4	-0.044	0.522	0.966	"3"
"传达给"	1	0	0	0.602	0.097	0.301	0.22	-0.044	-0.155	0.419	"1"
"传递给"	1	0	0	0.602	0.097	0.301	0.22	-0.044	-0.155	0.419	"1"
"似"	1	0	0	0.602	0.097	0.301	0.22	-0.044	-0.155	0.419	"1"
"似乎"	1	0	0	0.602	0.097	0.301	0.22	-0.044	-0.155	0.419	"1"
"位"	1	0	4	3.011	0.486	1.503	-1.069	-0.222	1.509	2.8	"3"
"住家"	1	0	0	0.602	0.097	0.301	0.22	-0.044	-0.155	0.419	"1"
"体育场"	4	0	0	2.409	0.389	1.202	0.881	-0.178	-0.621	1.68	"1"
"体验"	1	0	0	0.602	0.097	0.301	0.22	-0.044	-0.155	0.419	"1"
"何许"	0	0	1	0.602	0.097	0.301	-0.4	-0.044	0.522	0.966	"3"
"作品"	1	1	7	5.42	0.874	2.705	-2.438	0.221	2.362	5.021	"1"
"作家"	1	0	3	2.409	0.389	1.202	-0.753	-0.178	1.075	2.006	"3"
"作者"	0	0	3	1.807	0.291	0.902	-1.201	-0.133	1.566	2.9	"3"
"你"	1	0	0	0.602	0.097	0.301	0.22	-0.044	-0.155	0.419	"1"
"你们"	0	0	1	0.602	0.097	0.301	-0.4	-0.044	0.522	0.966	"3"
"佳"	1	0	0	0.602	0.097	0.301	0.22	-0.044	-0.155	0.419	"1"
"例句"	0	0	1	0.602	0.097	0.301	-0.4	-0.044	0.522	0.966	"3"
"供"	0	0	1	0.602	0.097	0.301	-0.4	-0.044	0.522	0.966	"3"
"促销"	0	0	1	0.602	0.097	0.301	-0.4	-0.044	0.522	0.966	"3"
"俊明"	0	0	1	0.602	0.097	0.301	-0.4	-0.044	0.522	0.966	"3"
"保证"	0	0	1	0.602	0.097	0.301	-0.4	-0.044	0.522	0.966	"3"
"信件"	0	0	1	0.602	0.097	0.301	-0.4	-0.044	0.522	0.966	"3"
"信约"	1	0	0	0.602	0.097	0.301	0.22	-0.044	-0.155	0.419	"1"
"倒吸"	1	0	0	0.602	0.097	0.301	0.22	-0.044	-0.155	0.419	"1"
"倒数"	2	0	0	1.205	0.194	0.601	0.44	-0.089	-0.311	0.84	"1"
"倒立"	1	0	0	0.602	0.097	0.301	0.22	-0.044	-0.155	0.419	"1"
"值回票价"	1	0	0	0.602	0.097	0.301	0.22	-0.044	-0.155	0.419	"1"
"倾倒"	2	0	0	1.205	0.194	0.601	0.44	-0.089	-0.311	0.84	"1"
"倾听"	1	0	0	0.602	0.097	0.301	0.22	-0.044	-0.155	0.419	"1"
"假想"	1	0	0	0.602	0.097	0.301	0.22	-0.044	-0.155	0.419	"1"
"偏好"	1	0	0	0.602	0.097	0.301	0.22	-0.044	-0.155	0.419	"1"
"停放"	0	0	2	1.205	0.194	0.601	-0.801	-0.089	1.044	1.934	"3"
"停车场"	0	0	1	0.602	0.097	0.301	-0.4	-0.044	0.522	0.966	"3"
"元素"	2	0	0	1.205	0.194	0.601	0.44	-0.089	-0.311	0.84	"1"
"先生"	0	3	1	2.409	0.389	1.202	-1.602	2.468	-0.187	4.257	"2"
"免费"	4	0	1	3.011	0.486	1.503	0.467	-0.222	-0.278	0.967	"1"
"入场"	1	0	0	0.602	0.097	0.301	0.22	-0.044	-0.155	0.419	"1"
"入座"	0	0	1	0.602	0.097	0.301	-0.4	-0.044	0.522	0.966	"3"
"入迷"	1	0	0	0.602	0.097	0.301	0.22	-0.044	-0.155	0.419	"1"
"全"	6	0	0	3.614	0.583	1.804	1.321	-0.266	-0.932	2.519	"1"
"全体"	1	0	0	0.602	0.097	0.301	0.22	-0.044	-0.155	0.419	"1"
"全新"	2	0	0	1.205	0.194	0.601	0.44	-0.089	-0.311	0.84	"1"
"八万"	1	0	0	0.602	0.097	0.301	0.22	-0.044	-0.155	0.419	"1"
"八卦"	0	1	0	0.602	0.097	0.301	-0.4	1.013	-0.155	1.568	"2"
"公积金"	0	1	0	0.602	0.097	0.301	-0.4	1.013	-0.155	1.568	"2"
"六十年代"	1	0	0	0.602	0.097	0.301	0.22	-0.044	-0.155	0.419	"1"
"共鸣"	1	0	0	0.602	0.097	0.301	0.22	-0.044	-0.155	0.419	"1"
"关"	3	0	0	1.807	0.291	0.902	0.661	-0.133	-0.466	1.26	"1"
"关于"	0	1	0	0.602	0.097	0.301	-0.4	1.013	-0.155	1.568	"2"
"关心"	0	0	1	0.602	0.097	0.301	-0.4	-0.044	0.522	0.966	"3"
"关注"	0	0	1	0.602	0.097	0.301	-0.4	-0.044	0.522	0.966	"3"
"兴趣"	1	0	5	3.614	0.583	1.804	-1.399	-0.266	1.957	3.622	"3"
"其他"	0	0	3	1.807	0.291	0.902	-1.201	-0.133	1.566	2.9	"3"
"兼顾"	0	0	1	0.602	0.097	0.301	-0.4	-0.044	0.522	0.966	"3"
"册"	0	0	1	0.602	0.097	0.301	-0.4	-0.044	0.522	0.966	"3"
"写下"	2	0	0	1.205	0.194	0.601	0.44	-0.089	-0.311	0.84	"1"
"写作"	0	0	1	0.602	0.097	0.301	-0.4	-0.044	0.522	0.966	"3"
"写道"	0	0	1	0.602	0.097	0.301	-0.4	-0.044	0.522	0.966	"3"
"农运"	1	0	0	0.602	0.097	0.301	0.22	-0.044	-0.155	0.419	"1"
"准时"	1	0	0	0.602	0.097	0.301	0.22	-0.044	-0.155	0.419	"1"
"凉亭"	0	1	0	0.602	0.097	0.301	-0.4	1.013	-0.155	1.568	"2"
"减压"	1	0	0	0.602	0.097	0.301	0.22	-0.044	-0.155	0.419	"1"
"几乎"	2	0	0	1.205	0.194	0.601	0.44	-0.089	-0.311	0.84	"1"
"几百"	1	0	0	0.602	0.097	0.301	0.22	-0.044	-0.155	0.419	"1"
"凤凰"	2	2	0	2.409	0.389	1.202	-0.283	1.305	-0.621	2.209	"2"
"凭"	1	0	0	0.602	0.097	0.301	0.22	-0.044	-0.155	0.419	"1"
"出"	1	0	0	0.602	0.097	0.301	0.22	-0.044	-0.155	0.419	"1"
"出场"	1	0	1	1.205	0.194	0.601	-0.196	-0.089	0.292	0.577	"3"
"出声"	0	0	1	0.602	0.097	0.301	-0.4	-0.044	0.522	0.966	"3"
"出示"	0	0	1	0.602	0.097	0.301	-0.4	-0.044	0.522	0.966	"3"
"出色"	1	0	0	0.602	0.097	0.301	0.22	-0.044	-0.155	0.419	"1"
"出门"	1	0	0	0.602	0.097	0.301	0.22	-0.044	-0.155	0.419	"1"
"函"	0	2	0	1.205	0.194	0.601	-0.801	2.025	-0.311	3.137	"2"
"分享"	2	0	2	2.409	0.389	1.202	-0.283	-0.178	0.457	0.918	"3"
"分到"	1	0	0	0.602	0.097	0.301	0.22	-0.044	-0.155	0.419	"1"
"分析"	2	0	1	1.807	0.291	0.902	0.186	-0.133	0.182	0.501	"1"
"刊登"	0	15	0	9.034	1.457	4.509	-6.006	15.188	-2.329	23.523	"2"
"划分为"	1	0	0	0.602	0.097	0.301	0.22	-0.044	-0.155	0.419	"1"
"列"	0	0	2	1.205	0.194	0.601	-0.801	-0.089	1.044	1.934	"3"
"刘易斯"	1	0	0	0.602	0.097	0.301	0.22	-0.044	-0.155	0.419	"1"
"刘玲伶"	1	0	0	0.602	0.097	0.301	0.22	-0.044	-0.155	0.419	"1"
"则"	0	0	1	0.602	0.097	0.301	-0.4	-0.044	0.522	0.966	"3"
"创刊"	0	0	1	0.602	0.097	0.301	-0.4	-0.044	0.522	0.966	"3"
"判断"	0	0	1	0.602	0.097	0.301	-0.4	-0.044	0.522	0.966	"3"
"别"	2	0	1	1.807	0.291	0.902	0.186	-0.133	0.182	0.501	"1"
"到场"	1	0	0	0.602	0.097	0.301	0.22	-0.044	-0.155	0.419	"1"
"制作"	1	0	0	0.602	0.097	0.301	0.22	-0.044	-0.155	0.419	"1"
"制造出"	1	0	0	0.602	0.097	0.301	0.22	-0.044	-0.155	0.419	"1"
"刻印"	1	0	0	0.602	0.097	0.301	0.22	-0.044	-0.155	0.419	"1"
"剧"	4	0	0	2.409	0.389	1.202	0.881	-0.178	-0.621	1.68	"1"
"剧团"	2	0	0	1.205	0.194	0.601	0.44	-0.089	-0.311	0.84	"1"
"剧场"	2	0	0	1.205	0.194	0.601	0.44	-0.089	-0.311	0.84	"1"
"剧情"	1	0	0	0.602	0.097	0.301	0.22	-0.044	-0.155	0.419	"1"
"剧本"	1	0	0	0.602	0.097	0.301	0.22	-0.044	-0.155	0.419	"1"
"剧目"	1	0	0	0.602	0.097	0.301	0.22	-0.044	-0.155	0.419	"1"
"剧集"	1	0	0	0.602	0.097	0.301	0.22	-0.044	-0.155	0.419	"1"
"剪下"	0	1	0	0.602	0.097	0.301	-0.4	1.013	-0.155	1.568	"2"
"加油"	1	0	0	0.602	0.097	0.301	0.22	-0.044	-0.155	0.419	"1"
"加油声"	1	0	0	0.602	0.097	0.301	0.22	-0.044	-0.155	0.419	"1"
"动作"	2	0	0	1.205	0.194	0.601	0.44	-0.089	-0.311	0.84	"1"
"动向"	0	1	0	0.602	0.097	0.301	-0.4	1.013	-0.155	1.568	"2"
"劲"	1	0	0	0.602	0.097	0.301	0.22	-0.044	-0.155	0.419	"1"
"十余"	1	0	0	0.602	0.097	0.301	0.22	-0.044	-0.155	0.419	"1"
"十几"	1	0	0	0.602	0.097	0.301	0.22	-0.044	-0.155	0.419	"1"
"千"	1	0	0	0.602	0.097	0.301	0.22	-0.044	-0.155	0.419	"1"
"千万"	0	0	1	0.602	0.097	0.301	-0.4	-0.044	0.522	0.966	"3"
"午时"	1	0	0	0.602	0.097	0.301	0.22	-0.044	-0.155	0.419	"1"
"华文"	0	0	3	1.807	0.291	0.902	-1.201	-0.133	1.566	2.9	"3"
"华文水"	1	0	0	0.602	0.097	0.301	0.22	-0.044	-0.155	0.419	"1"
"华语"	6	0	0	3.614	0.583	1.804	1.321	-0.266	-0.932	2.519	"1"
"协助"	0	0	2	1.205	0.194	0.601	-0.801	-0.089	1.044	1.934	"3"
"卓德全"	0	1	0	0.602	0.097	0.301	-0.4	1.013	-0.155	1.568	"2"
"南华早报"	0	1	0	0.602	0.097	0.301	-0.4	1.013	-0.155	1.568	"2"
"博物馆"	1	0	0	0.602	0.097	0.301	0.22	-0.044	-0.155	0.419	"1"
"占有率"	1	0	0	0.602	0.097	0.301	0.22	-0.044	-0.155	0.419	"1"
"卫视"	3	0	0	1.807	0.291	0.902	0.661	-0.133	-0.466	1.26	"1"
"印花"	0	1	0	0.602	0.097	0.301	-0.4	1.013	-0.155	1.568	"2"
"印象"	2	0	0	1.205	0.194	0.601	0.44	-0.089	-0.311	0.84	"1"
"即便"	1	0	0	0.602	0.097	0.301	0.22	-0.044	-0.155	0.419	"1"
"即时"	1	0	0	0.602	0.097	0.301	0.22	-0.044	-0.155	0.419	"1"
"历程"	1	0	0	0.602	0.097	0.301	0.22	-0.044	-0.155	0.419	"1"
"厚实"	1	0	0	0.602	0.097	0.301	0.22	-0.044	-0.155	0.419	"1"
"参与"	3	0	2	3.011	0.486	1.503	-0.181	-0.222	0.325	0.728	"3"
"参考"	0	0	2	1.205	0.194	0.601	-0.801	-0.089	1.044	1.934	"3"
"参观"	1	0	0	0.602	0.097	0.301	0.22	-0.044	-0.155	0.419	"1"
"双手"	1	0	0	0.602	0.097	0.301	0.22	-0.044	-0.155	0.419	"1"
"双答双"	0	0	1	0.602	0.097	0.301	-0.4	-0.044	0.522	0.966	"3"
"反之"	1	0	0	0.602	0.097	0.301	0.22	-0.044	-0.155	0.419	"1"
"反应"	8	0	1	5.42	0.874	2.705	1.14	-0.399	-0.71	2.249	"1"
"反应热"	1	0	0	0.602	0.097	0.301	0.22	-0.044	-0.155	0.419	"1"
"反感"	0	0	1	0.602	0.097	0.301	-0.4	-0.044	0.522	0.966	"3"
"反映"	0	0	10	6.023	0.972	3.006	-4.004	-0.444	5.22	9.668	"3"
"反正"	0	1	0	0.602	0.097	0.301	-0.4	1.013	-0.155	1.568	"2"
"反问"	1	0	0	0.602	0.097	0.301	0.22	-0.044	-0.155	0.419	"1"
"反馈"	0	0	3	1.807	0.291	0.902	-1.201	-0.133	1.566	2.9	"3"
"发行量"	0	0	1	0.602	0.097	0.301	-0.4	-0.044	0.522	0.966	"3"
"发表"	1	0	0	0.602	0.097	0.301	0.22	-0.044	-0.155	0.419	"1"
"发问"	1	0	0	0.602	0.097	0.301	0.22	-0.044	-0.155	0.419	"1"
"取决"	1	0	0	0.602	0.097	0.301	0.22	-0.044	-0.155	0.419	"1"
"受"	0	1	2	1.807	0.291	0.902	-1.201	0.578	0.664	2.443	"1"
"受到"	3	0	0	1.807	0.291	0.902	0.661	-0.133	-0.466	1.26	"1"
"口味"	1	0	0	0.602	0.097	0.301	0.22	-0.044	-0.155	0.419	"1"
"另"	0	0	1	0.602	0.097	0.301	-0.4	-0.044	0.522	0.966	"3"
"只"	1	0	1	1.205	0.194	0.601	-0.196	-0.089	0.292	0.577	"3"
"只要"	0	0	2	1.205	0.194	0.601	-0.801	-0.089	1.044	1.934	"3"
"叫"	1	0	0	0.602	0.097	0.301	0.22	-0.044	-0.155	0.419	"1"
"叫好"	1	0	0	0.602	0.097	0.301	0.22	-0.044	-0.155	0.419	"1"
"可"	8	1	12	12.648	2.04	6.312	-1.474	-0.419	2.051	3.944	"3"
"可以"	9	0	10	11.443	1.846	5.711	-0.743	-0.843	1.482	3.068	"3"
"可惜"	1	0	0	0.602	0.097	0.301	0.22	-0.044	-0.155	0.419	"1"
"台"	11	0	0	6.625	1.069	3.306	2.422	-0.488	-1.708	4.618	"1"
"台上"	1	0	0	0.602	0.097	0.301	0.22	-0.044	-0.155	0.419	"1"
"台视"	1	0	0	0.602	0.097	0.301	0.22	-0.044	-0.155	0.419	"1"
"台语"	1	0	0	0.602	0.097	0.301	0.22	-0.044	-0.155	0.419	"1"
"叶俊岑"	1	0	0	0.602	0.097	0.301	0.22	-0.044	-0.155	0.419	"1"
"合唱"	1	0	0	0.602	0.097	0.301	0.22	-0.044	-0.155	0.419	"1"
"吉祥"	1	0	0	0.602	0.097	0.301	0.22	-0.044	-0.155	0.419	"1"
"吊"	1	0	0	0.602	0.097	0.301	0.22	-0.044	-0.155	0.419	"1"
"同乐"	1	0	0	0.602	0.097	0.301	0.22	-0.044	-0.155	0.419	"1"
"同享"	1	0	0	0.602	0.097	0.301	0.22	-0.044	-0.155	0.419	"1"
"名"	22	0	11	19.875	3.206	9.919	0.546	-1.465	0.394	2.405	"2"
"名人"	0	0	1	0.602	0.097	0.301	-0.4	-0.044	0.522	0.966	"3"
"后港"	0	1	1	1.205	0.194	0.601	-0.801	0.733	0.292	1.826	"1"
"向"	16	0	7	13.852	2.234	6.913	0.612	-1.021	0.25	1.883	"2"
"吓"	1	0	0	0.602	0.097	0.301	0.22	-0.044	-0.155	0.419	"1"
"吗"	0	0	1	0.602	0.097	0.301	-0.4	-0.044	0.522	0.966	"3"
"吝于"	1	0	0	0.602	0.097	0.301	0.22	-0.044	-0.155	0.419	"1"
"听"	6	0	0	3.614	0.583	1.804	1.321	-0.266	-0.932	2.519	"1"
"听众"	1	0	0	0.602	0.097	0.301	0.22	-0.044	-0.155	0.419	"1"
"听出"	1	0	0	0.602	0.097	0.301	0.22	-0.044	-0.155	0.419	"1"
"听到"	0	0	1	0.602	0.097	0.301	-0.4	-0.044	0.522	0.966	"3"
"听完"	1	0	0	0.602	0.097	0.301	0.22	-0.044	-0.155	0.419	"1"
"听觉"	2	0	0	1.205	0.194	0.601	0.44	-0.089	-0.311	0.84	"1"
"吴"	0	0	1	0.602	0.097	0.301	-0.4	-0.044	0.522	0.966	"3"
"吸引"	12	0	0	7.227	1.166	3.607	2.643	-0.533	-1.863	5.039	"1"
"吸引到"	0	0	2	1.205	0.194	0.601	-0.801	-0.089	1.044	1.934	"3"
"吸引力"	1	0	1	1.205	0.194	0.601	-0.196	-0.089	0.292	0.577	"3"
"呈献给"	1	0	0	0.602	0.097	0.301	0.22	-0.044	-0.155	0.419	"1"
"呈现给"	0	0	1	0.602	0.097	0.301	-0.4	-0.044	0.522	0.966	"3"
"告诉"	1	0	1	1.205	0.194	0.601	-0.196	-0.089	0.292	0.577	"3"
"周初明"	1	0	0	0.602	0.097	0.301	0.22	-0.044	-0.155	0.419	"1"
"周报"	0	0	3	1.807	0.291	0.902	-1.201	-0.133	1.566	2.9	"3"
"周经棋"	0	1	0	0.602	0.097	0.301	-0.4	1.013	-0.155	1.568	"2"
"周遭"	0	0	1	0.602	0.097	0.301	-0.4	-0.044	0.522	0.966	"3"
"味"	1	0	0	0.602	0.097	0.301	0.22	-0.044	-0.155	0.419	"1"
"呼"	1	0	0	0.602	0.097	0.301	0.22	-0.044	-0.155	0.419	"1"
"呼叫"	1	0	0	0.602	0.097	0.301	0.22	-0.044	-0.155	0.419	"1"
"咪咪"	1	0	0	0.602	0.097	0.301	0.22	-0.044	-0.155	0.419	"1"
"哗然"	1	0	0	0.602	0.097	0.301	0.22	-0.044	-0.155	0.419	"1"
"哭"	2	0	0	1.205	0.194	0.601	0.44	-0.089	-0.311	0.84	"1"
"哽咽"	1	0	0	0.602	0.097	0.301	0.22	-0.044	-0.155	0.419	"1"
"唇舌"	1	0	0	0.602	0.097	0.301	0.22	-0.044	-0.155	0.419	"1"
"售票"	1	0	0	0.602	0.097	0.301	0.22	-0.044	-0.155	0.419	"1"
"唱"	5	0	0	3.011	0.486	1.503	1.101	-0.222	-0.776	2.099	"1"
"唱歌"	2	0	0	1.205	0.194	0.601	0.44	-0.089	-0.311	0.84	"1"
"唿吁"	1	0	0	0.602	0.097	0.301	0.22	-0.044	-0.155	0.419	"1"
"喊失落"	1	0	0	0.602	0.097	0.301	0.22	-0.044	-0.155	0.419	"1"
"喜"	1	0	0	0.602	0.097	0.301	0.22	-0.044	-0.155	0.419	"1"
"喜欢"	4	0	0	2.409	0.389	1.202	0.881	-0.178	-0.621	1.68	"1"
"喜爱"	5	0	0	3.011	0.486	1.503	1.101	-0.222	-0.776	2.099	"1"
"喝倒彩"	1	0	0	0.602	0.097	0.301	0.22	-0.044	-0.155	0.419	"1"
"喝彩"	1	0	0	0.602	0.097	0.301	0.22	-0.044	-0.155	0.419	"1"
"喝彩声"	1	0	0	0.602	0.097	0.301	0.22	-0.044	-0.155	0.419	"1"
"嘘声"	1	0	0	0.602	0.097	0.301	0.22	-0.044	-0.155	0.419	"1"
"噪音"	0	0	1	0.602	0.097	0.301	-0.4	-0.044	0.522	0.966	"3"
"回味"	1	0	0	0.602	0.097	0.301	0.22	-0.044	-0.155	0.419	"1"
"回复"	0	0	1	0.602	0.097	0.301	-0.4	-0.044	0.522	0.966	"3"
"回答"	2	1	3	3.614	0.583	1.804	-0.754	0.339	0.59	1.683	"1"
"回馈"	0	0	1	0.602	0.097	0.301	-0.4	-0.044	0.522	0.966	"3"
"因为"	1	0	0	0.602	0.097	0.301	0.22	-0.044	-0.155	0.419	"1"
"园地"	0	0	2	1.205	0.194	0.601	-0.801	-0.089	1.044	1.934	"3"
"围坐"	1	0	0	0.602	0.097	0.301	0.22	-0.044	-0.155	0.419	"1"
"国华"	0	1	0	0.602	0.097	0.301	-0.4	1.013	-0.155	1.568	"2"
"国庆"	1	0	0	0.602	0.097	0.301	0.22	-0.044	-0.155	0.419	"1"
"国片"	1	0	0	0.602	0.097	0.301	0.22	-0.044	-0.155	0.419	"1"
"国语"	1	0	0	0.602	0.097	0.301	0.22	-0.044	-0.155	0.419	"1"
"图书"	0	1	1	1.205	0.194	0.601	-0.801	0.733	0.292	1.826	"1"
"图书馆"	0	1	3	2.409	0.389	1.202	-1.602	0.474	1.075	3.151	"1"
"图像"	1	0	0	0.602	0.097	0.301	0.22	-0.044	-0.155	0.419	"1"
"图片"	0	0	1	0.602	0.097	0.301	-0.4	-0.044	0.522	0.966	"3"
"圈"	1	0	0	0.602	0.097	0.301	0.22	-0.044	-0.155	0.419	"1"
"在乎"	1	0	0	0.602	0.097	0.301	0.22	-0.044	-0.155	0.419	"1"
"在场"	6	0	0	3.614	0.583	1.804	1.321	-0.266	-0.932	2.519	"1"
"场"	18	0	0	10.841	1.749	5.411	3.964	-0.799	-2.795	7.558	"1"
"场下"	1	0	0	0.602	0.097	0.301	0.22	-0.044	-0.155	0.419	"1"
"场场"	1	0	0	0.602	0.097	0.301	0.22	-0.044	-0.155	0.419	"1"
"场面"	2	0	0	1.205	0.194	0.601	0.44	-0.089	-0.311	0.84	"1"
"坐"	1	0	0	0.602	0.097	0.301	0.22	-0.044	-0.155	0.419	"1"
"坠子"	0	0	3	1.807	0.291	0.902	-1.201	-0.133	1.566	2.9	"3"
"培养"	1	0	0	0.602	0.097	0.301	0.22	-0.044	-0.155	0.419	"1"
"培育出"	0	0	1	0.602	0.097	0.301	-0.4	-0.044	0.522	0.966	"3"
"声"	2	0	0	1.205	0.194	0.601	0.44	-0.089	-0.311	0.84	"1"
"声援"	1	0	0	0.602	0.097	0.301	0.22	-0.044	-0.155	0.419	"1"
"声色味"	1	0	0	0.602	0.097	0.301	0.22	-0.044	-0.155	0.419	"1"
"外国"	1	0	0	0.602	0.097	0.301	0.22	-0.044	-0.155	0.419	"1"
"外地"	0	0	1	0.602	0.097	0.301	-0.4	-0.044	0.522	0.966	"3"
"外婆"	1	0	0	0.602	0.097	0.301	0.22	-0.044	-0.155	0.419	"1"
"多半"	1	0	0	0.602	0.097	0.301	0.22	-0.044	-0.155	0.419	"1"
"夜色"	1	0	0	0.602	0.097	0.301	0.22	-0.044	-0.155	0.419	"1"
"够"	1	0	0	0.602	0.097	0.301	0.22	-0.044	-0.155	0.419	"1"
"大乐"	1	0	0	0.602	0.097	0.301	0.22	-0.044	-0.155	0.419	"1"
"大公"	0	1	0	0.602	0.097	0.301	-0.4	1.013	-0.155	1.568	"2"
"大喊"	2	0	0	1.205	0.194	0.601	0.44	-0.089	-0.311	0.84	"1"
"大多"	1	0	0	0.602	0.097	0.301	0.22	-0.044	-0.155	0.419	"1"
"大大方方"	0	0	1	0.602	0.097	0.301	-0.4	-0.044	0.522	0.966	"3"
"大笑"	1	0	0	0.602	0.097	0.301	0.22	-0.044	-0.155	0.419	"1"
"大约"	2	0	0	1.205	0.194	0.601	0.44	-0.089	-0.311	0.84	"1"
"大象"	1	0	0	0.602	0.097	0.301	0.22	-0.044	-0.155	0.419	"1"
"天地"	0	0	2	1.205	0.194	0.601	-0.801	-0.089	1.044	1.934	"3"
"失望"	1	0	0	0.602	0.097	0.301	0.22	-0.044	-0.155	0.419	"1"
"失落"	1	0	0	0.602	0.097	0.301	0.22	-0.044	-0.155	0.419	"1"
"奇境"	1	0	0	0.602	0.097	0.301	0.22	-0.044	-0.155	0.419	"1"
"奖品"	0	0	1	0.602	0.097	0.301	-0.4	-0.044	0.522	0.966	"3"
"奖片"	2	0	0	1.205	0.194	0.601	0.44	-0.089	-0.311	0.84	"1"
"奖项"	1	0	0	0.602	0.097	0.301	0.22	-0.044	-0.155	0.419	"1"
"女"	5	0	0	3.011	0.486	1.503	1.101	-0.222	-0.776	2.099	"1"
"女性"	2	0	1	1.807	0.291	0.902	0.186	-0.133	0.182	0.501	"1"
"她"	1	0	0	0.602	0.097	0.301	0.22	-0.044	-0.155	0.419	"1"
"好坏"	0	0	1	0.602	0.097	0.301	-0.4	-0.044	0.522	0.966	"3"
"好奇"	1	0	0	0.602	0.097	0.301	0.22	-0.044	-0.155	0.419	"1"
"好奇心"	0	0	1	0.602	0.097	0.301	-0.4	-0.044	0.522	0.966	"3"
"好好"	1	0	0	0.602	0.097	0.301	0.22	-0.044	-0.155	0.419	"1"
"好看"	2	0	0	1.205	0.194	0.601	0.44	-0.089	-0.311	0.84	"1"
"好评"	2	0	0	1.205	0.194	0.601	0.44	-0.089	-0.311	0.84	"1"
"如下"	0	0	1	0.602	0.097	0.301	-0.4	-0.044	0.522	0.966	"3"
"如云"	1	0	0	0.602	0.097	0.301	0.22	-0.044	-0.155	0.419	"1"
"如同"	1	0	0	0.602	0.097	0.301	0.22	-0.044	-0.155	0.419	"1"
"如果"	0	0	9	5.42	0.874	2.705	-3.604	-0.399	4.698	8.701	"3"
"妇人"	1	0	0	0.602	0.097	0.301	0.22	-0.044	-0.155	0.419	"1"
"妙方"	0	1	0	0.602	0.097	0.301	-0.4	1.013	-0.155	1.568	"2"
"妳"	1	0	0	0.602	0.097	0.301	0.22	-0.044	-0.155	0.419	"1"
"威尼斯"	2	0	0	1.205	0.194	0.601	0.44	-0.089	-0.311	0.84	"1"
"字幕"	3	0	0	1.807	0.291	0.902	0.661	-0.133	-0.466	1.26	"1"
"孙燕姿"	1	0	1	1.205	0.194	0.601	-0.196	-0.089	0.292	0.577	"3"
"安哥"	2	0	0	1.205	0.194	0.601	0.44	-0.089	-0.311	0.84	"1"
"安居乐业"	0	0	1	0.602	0.097	0.301	-0.4	-0.044	0.522	0.966	"3"
"安静"	1	0	0	0.602	0.097	0.301	0.22	-0.044	-0.155	0.419	"1"
"宋裔烽"	0	0	1	0.602	0.097	0.301	-0.4	-0.044	0.522	0.966	"3"
"实"	0	0	1	0.602	0.097	0.301	-0.4	-0.044	0.522	0.966	"3"
"宠物"	0	0	1	0.602	0.097	0.301	-0.4	-0.044	0.522	0.966	"3"
"客商"	1	0	0	0.602	0.097	0.301	0.22	-0.044	-0.155	0.419	"1"
"宣读"	1	0	0	0.602	0.097	0.301	0.22	-0.044	-0.155	0.419	"1"
"宫泽理惠"	1	0	0	0.602	0.097	0.301	0.22	-0.044	-0.155	0.419	"1"
"家喻户晓"	1	0	0	0.602	0.097	0.301	0.22	-0.044	-0.155	0.419	"1"
"容"	1	0	0	0.602	0.097	0.301	0.22	-0.044	-0.155	0.419	"1"
"容易"	1	0	0	0.602	0.097	0.301	0.22	-0.044	-0.155	0.419	"1"
"容纳"	1	0	0	0.602	0.097	0.301	0.22	-0.044	-0.155	0.419	"1"
"容量"	0	0	1	0.602	0.097	0.301	-0.4	-0.044	0.522	0.966	"3"
"寂静"	1	0	0	0.602	0.097	0.301	0.22	-0.044	-0.155	0.419	"1"
"寄"	0	1	0	0.602	0.097	0.301	-0.4	1.013	-0.155	1.568	"2"
"寄来"	0	1	1	1.205	0.194	0.601	-0.801	0.733	0.292	1.826	"1"
"对比赛"	1	0	0	0.602	0.097	0.301	0.22	-0.044	-0.155	0.419	"1"
"对象"	0	0	1	0.602	0.097	0.301	-0.4	-0.044	0.522	0.966	"3"
"寻秦记"	1	0	0	0.602	0.097	0.301	0.22	-0.044	-0.155	0.419	"1"
"导"	1	0	0	0.602	0.097	0.301	0.22	-0.044	-0.155	0.419	"1"
"导向"	1	0	0	0.602	0.097	0.301	0.22	-0.044	-0.155	0.419	"1"
"导演"	2	0	0	1.205	0.194	0.601	0.44	-0.089	-0.311	0.84	"1"
"封"	0	0	1	0.602	0.097	0.301	-0.4	-0.044	0.522	0.966	"3"
"将近"	2	0	0	1.205	0.194	0.601	0.44	-0.089	-0.311	0.84	"1"
"尊敬"	1	0	0	0.602	0.097	0.301	0.22	-0.044	-0.155	0.419	"1"
"小柳"	1	0	0	0.602	0.097	0.301	0.22	-0.044	-0.155	0.419	"1"
"小美"	1	0	0	0.602	0.097	0.301	0.22	-0.044	-0.155	0.419	"1"
"小野"	1	0	0	0.602	0.097	0.301	0.22	-0.044	-0.155	0.419	"1"
"尖叫"	1	0	0	0.602	0.097	0.301	0.22	-0.044	-0.155	0.419	"1"
"尝试"	2	0	1	1.807	0.291	0.902	0.186	-0.133	0.182	0.501	"1"
"就此"	1	0	0	0.602	0.097	0.301	0.22	-0.044	-0.155	0.419	"1"
"就近"	0	0	1	0.602	0.097	0.301	-0.4	-0.044	0.522	0.966	"3"
"尽可能"	1	0	0	0.602	0.097	0.301	0.22	-0.044	-0.155	0.419	"1"
"尽情"	1	0	0	0.602	0.097	0.301	0.22	-0.044	-0.155	0.419	"1"
"层次"	1	0	0	0.602	0.097	0.301	0.22	-0.044	-0.155	0.419	"1"
"居家"	0	0	1	0.602	0.097	0.301	-0.4	-0.044	0.522	0.966	"3"
"屋发展局"	0	1	0	0.602	0.097	0.301	-0.4	1.013	-0.155	1.568	"2"
"展品"	1	0	0	0.602	0.097	0.301	0.22	-0.044	-0.155	0.419	"1"
"展现"	1	0	0	0.602	0.097	0.301	0.22	-0.044	-0.155	0.419	"1"
"工作坊"	1	0	0	0.602	0.097	0.301	0.22	-0.044	-0.155	0.419	"1"
"巴士"	0	0	1	0.602	0.097	0.301	-0.4	-0.044	0.522	0.966	"3"
"市镇"	0	0	1	0.602	0.097	0.301	-0.4	-0.044	0.522	0.966	"3"
"布景"	1	0	0	0.602	0.097	0.301	0.22	-0.044	-0.155	0.419	"1"
"帅"	1	0	0	0.602	0.097	0.301	0.22	-0.044	-0.155	0.419	"1"
"希望"	2	0	5	4.216	0.68	2.104	-1.026	-0.311	1.537	2.874	"3"
"带"	2	0	0	1.205	0.194	0.601	0.44	-0.089	-0.311	0.84	"1"
"带到"	1	0	0	0.602	0.097	0.301	0.22	-0.044	-0.155	0.419	"1"
"带动"	1	0	0	0.602	0.097	0.301	0.22	-0.044	-0.155	0.419	"1"
"带来"	5	0	0	3.011	0.486	1.503	1.101	-0.222	-0.776	2.099	"1"
"带进"	1	0	1	1.205	0.194	0.601	-0.196	-0.089	0.292	0.577	"3"
"带领"	2	0	1	1.807	0.291	0.902	0.186	-0.133	0.182	0.501	"1"
"席上"	2	0	0	1.205	0.194	0.601	0.44	-0.089	-0.311	0.84	"1"
"常州"	1	0	0	0.602	0.097	0.301	0.22	-0.044	-0.155	0.419	"1"
"年轻"	5	0	1	3.614	0.583	1.804	0.626	-0.266	-0.378	1.27	"1"
"年长"	1	0	0	0.602	0.097	0.301	0.22	-0.044	-0.155	0.419	"1"
"年龄"	1	0	0	0.602	0.097	0.301	0.22	-0.044	-0.155	0.419	"1"
"幸运"	3	0	0	1.807	0.291	0.902	0.661	-0.133	-0.466	1.26	"1"
"幽默"	1	0	0	0.602	0.097	0.301	0.22	-0.044	-0.155	0.419	"1"
"广"	0	1	0	0.602	0.097	0.301	-0.4	1.013	-0.155	1.568	"2"
"广东话"	1	0	0	0.602	0.097	0.301	0.22	-0.044	-0.155	0.419	"1"
"广大"	0	0	2	1.205	0.194	0.601	-0.801	-0.089	1.044	1.934	"3"
"广播"	0	0	3	1.807	0.291	0.902	-1.201	-0.133	1.566	2.9	"3"
"广泛"	0	0	1	0.602	0.097	0.301	-0.4	-0.044	0.522	0.966	"3"
"床戏"	1	0	0	0.602	0.097	0.301	0.22	-0.044	-0.155	0.419	"1"
"度量"	0	0	1	0.602	0.097	0.301	-0.4	-0.044	0.522	0.966	"3"
"座位"	2	0	0	1.205	0.194	0.601	0.44	-0.089	-0.311	0.84	"1"
"座席"	1	0	0	0.602	0.097	0.301	0.22	-0.044	-0.155	0.419	"1"
"建"	0	2	1	1.807	0.291	0.902	-1.201	1.577	0.182	2.96	"2"
"建屋局"	0	0	1	0.602	0.097	0.301	-0.4	-0.044	0.522	0.966	"3"
"建议"	1	2	4	4.216	0.68	2.104	-1.738	0.846	0.897	3.481	"1"
"开场"	1	0	0	0.602	0.097	0.301	0.22	-0.044	-0.155	0.419	"1"
"开天辟地"	0	0	1	0.602	0.097	0.301	-0.4	-0.044	0.522	0.966	"3"
"开幕式"	1	0	0	0.602	0.097	0.301	0.22	-0.044	-0.155	0.419	"1"
"开怀"	1	0	0	0.602	0.097	0.301	0.22	-0.044	-0.155	0.419	"1"
"开演"	1	0	0	0.602	0.097	0.301	0.22	-0.044	-0.155	0.419	"1"
"引"	1	0	0	0.602	0.097	0.301	0.22	-0.044	-0.155	0.419	"1"
"引导"	1	0	0	0.602	0.097	0.301	0.22	-0.044	-0.155	0.419	"1"
"引起"	2	0	2	2.409	0.389	1.202	-0.283	-0.178	0.457	0.918	"3"
"张海洁"	0	0	1	0.602	0.097	0.301	-0.4	-0.044	0.522	0.966	"3"
"强烈"	2	0	0	1.205	0.194	0.601	0.44	-0.089	-0.311	0.84	"1"
"当儿"	1	0	0	0.602	0.097	0.301	0.22	-0.044	-0.155	0.419	"1"
"当晚"	1	0	0	0.602	0.097	0.301	0.22	-0.044	-0.155	0.419	"1"
"影后"	2	0	0	1.205	0.194	0.601	0.44	-0.089	-0.311	0.84	"1"
"影坛"	1	0	0	0.602	0.097	0.301	0.22	-0.044	-0.155	0.419	"1"
"影片"	5	0	0	3.011	0.486	1.503	1.101	-0.222	-0.776	2.099	"1"
"影迷"	1	0	0	0.602	0.097	0.301	0.22	-0.044	-0.155	0.419	"1"
"彷彿"	1	0	0	0.602	0.097	0.301	0.22	-0.044	-0.155	0.419	"1"
"往返"	1	0	0	0.602	0.097	0.301	0.22	-0.044	-0.155	0.419	"1"
"征文"	0	0	1	0.602	0.097	0.301	-0.4	-0.044	0.522	0.966	"3"
"征服"	1	0	0	0.602	0.097	0.301	0.22	-0.044	-0.155	0.419	"1"
"很多"	2	0	1	1.807	0.291	0.902	0.186	-0.133	0.182	0.501	"1"
"得"	15	0	0	9.034	1.457	4.509	3.303	-0.666	-2.329	6.298	"1"
"得了"	1	0	0	0.602	0.097	0.301	0.22	-0.044	-0.155	0.419	"1"
"得到"	3	0	0	1.807	0.291	0.902	0.661	-0.133	-0.466	1.26	"1"
"得唱"	1	0	0	0.602	0.097	0.301	0.22	-0.044	-0.155	0.419	"1"
"得心应手"	0	0	1	0.602	0.097	0.301	-0.4	-0.044	0.522	0.966	"3"
"心"	6	1	2	5.42	0.874	2.705	0.311	0.221	-0.336	0.868	"3"
"心情"	4	0	0	2.409	0.389	1.202	0.881	-0.178	-0.621	1.68	"1"
"心疼"	1	0	1	1.205	0.194	0.601	-0.196	-0.089	0.292	0.577	"3"
"心痛"	1	0	0	0.602	0.097	0.301	0.22	-0.044	-0.155	0.419	"1"
"志龙"	0	1	0	0.602	0.097	0.301	-0.4	1.013	-0.155	1.568	"2"
"忠"	0	0	1	0.602	0.097	0.301	-0.4	-0.044	0.522	0.966	"3"
"忠实"	1	0	4	3.011	0.486	1.503	-1.069	-0.222	1.509	2.8	"3"
"忠诚"	0	0	1	0.602	0.097	0.301	-0.4	-0.044	0.522	0.966	"3"
"快乐"	1	0	0	0.602	0.097	0.301	0.22	-0.044	-0.155	0.419	"1"
"怀"	1	0	0	0.602	0.097	0.301	0.22	-0.044	-0.155	0.419	"1"
"怎么"	1	0	0	0.602	0.097	0.301	0.22	-0.044	-0.155	0.419	"1"
"思"	0	0	1	0.602	0.097	0.301	-0.4	-0.044	0.522	0.966	"3"
"性"	1	0	0	0.602	0.097	0.301	0.22	-0.044	-0.155	0.419	"1"
"恋"	1	0	0	0.602	0.097	0.301	0.22	-0.044	-0.155	0.419	"1"
"恍如"	1	0	0	0.602	0.097	0.301	0.22	-0.044	-0.155	0.419	"1"
"恭贺"	1	0	0	0.602	0.097	0.301	0.22	-0.044	-0.155	0.419	"1"
"恰"	0	0	1	0.602	0.097	0.301	-0.4	-0.044	0.522	0.966	"3"
"恳请"	0	0	1	0.602	0.097	0.301	-0.4	-0.044	0.522	0.966	"3"
"您"	0	0	1	0.602	0.097	0.301	-0.4	-0.044	0.522	0.966	"3"
"情境"	1	0	0	0.602	0.097	0.301	0.22	-0.044	-0.155	0.419	"1"
"情怀"	1	0	0	0.602	0.097	0.301	0.22	-0.044	-0.155	0.419	"1"
"情歌"	1	0	0	0.602	0.097	0.301	0.22	-0.044	-0.155	0.419	"1"
"情绪"	3	0	0	1.807	0.291	0.902	0.661	-0.133	-0.466	1.26	"1"
"情节"	1	0	0	0.602	0.097	0.301	0.22	-0.044	-0.155	0.419	"1"
"情郎"	1	0	0	0.602	0.097	0.301	0.22	-0.044	-0.155	0.419	"1"
"惊讶"	1	0	0	0.602	0.097	0.301	0.22	-0.044	-0.155	0.419	"1"
"惋惜"	1	0	0	0.602	0.097	0.301	0.22	-0.044	-0.155	0.419	"1"
"想"	2	0	1	1.807	0.291	0.902	0.186	-0.133	0.182	0.501	"1"
"想像"	1	0	0	0.602	0.097	0.301	0.22	-0.044	-0.155	0.419	"1"
"想像力"	1	0	0	0.602	0.097	0.301	0.22	-0.044	-0.155	0.419	"1"
"想要"	1	0	0	0.602	0.097	0.301	0.22	-0.044	-0.155	0.419	"1"
"愁云惨雾"	0	0	1	0.602	0.097	0.301	-0.4	-0.044	0.522	0.966	"3"
"意境"	1	0	0	0.602	0.097	0.301	0.22	-0.044	-0.155	0.419	"1"
"意大"	1	0	0	0.602	0.097	0.301	0.22	-0.044	-0.155	0.419	"1"
"意见"	0	0	5	3.011	0.486	1.503	-2.002	-0.222	2.61	4.834	"3"
"感动"	1	0	1	1.205	0.194	0.601	-0.196	-0.089	0.292	0.577	"3"
"感受"	1	0	0	0.602	0.097	0.301	0.22	-0.044	-0.155	0.419	"1"
"感受到"	2	0	0	1.205	0.194	0.601	0.44	-0.089	-0.311	0.84	"1"
"感觉"	1	0	0	0.602	0.097	0.301	0.22	-0.044	-0.155	0.419	"1"
"感觉到"	1	0	0	0.602	0.097	0.301	0.22	-0.044	-0.155	0.419	"1"
"感谢"	0	0	5	3.011	0.486	1.503	-2.002	-0.222	2.61	4.834	"3"
"懂"	1	0	0	0.602	0.097	0.301	0.22	-0.044	-0.155	0.419	"1"
"戏"	4	0	0	2.409	0.389	1.202	0.881	-0.178	-0.621	1.68	"1"
"戏剧"	5	0	0	3.011	0.486	1.503	1.101	-0.222	-0.776	2.099	"1"
"戏剧节"	1	0	0	0.602	0.097	0.301	0.22	-0.044	-0.155	0.419	"1"
"戏曲"	1	0	0	0.602	0.097	0.301	0.22	-0.044	-0.155	0.419	"1"
"戏票"	0	1	0	0.602	0.097	0.301	-0.4	1.013	-0.155	1.568	"2"
"戏院"	2	0	0	1.205	0.194	0.601	0.44	-0.089	-0.311	0.84	"1"
"成熟"	0	0	1	0.602	0.097	0.301	-0.4	-0.044	0.522	0.966	"3"
"我们"	0	0	30	18.068	2.915	9.018	-12.012	-1.332	15.661	29.005	"3"
"或是"	0	0	1	0.602	0.097	0.301	-0.4	-0.044	0.522	0.966	"3"
"战战兢兢"	1	0	0	0.602	0.097	0.301	0.22	-0.044	-0.155	0.419	"1"
"所"	0	2	7	5.42	0.874	2.705	-3.604	0.667	2.362	6.633	"1"
"所有"	2	0	1	1.807	0.291	0.902	0.186	-0.133	0.182	0.501	"1"
"手持"	2	0	0	1.205	0.194	0.601	0.44	-0.089	-0.311	0.84	"1"
"手机"	1	0	1	1.205	0.194	0.601	-0.196	-0.089	0.292	0.577	"3"
"手艺"	1	0	0	0.602	0.097	0.301	0.22	-0.044	-0.155	0.419	"1"
"打动"	1	0	0	0.602	0.097	0.301	0.22	-0.044	-0.155	0.419	"1"
"打来"	0	0	1	0.602	0.097	0.301	-0.4	-0.044	0.522	0.966	"3"
"打电话"	2	0	2	2.409	0.389	1.202	-0.283	-0.178	0.457	0.918	"3"
"扔"	1	0	0	0.602	0.097	0.301	0.22	-0.044	-0.155	0.419	"1"
"托儿"	0	0	1	0.602	0.097	0.301	-0.4	-0.044	0.522	0.966	"3"
"托管"	0	0	1	0.602	0.097	0.301	-0.4	-0.044	0.522	0.966	"3"
"扶梯"	1	0	0	0.602	0.097	0.301	0.22	-0.044	-0.155	0.419	"1"
"技巧"	2	0	0	1.205	0.194	0.601	0.44	-0.089	-0.311	0.84	"1"
"抓住"	1	0	0	0.602	0.097	0.301	0.22	-0.044	-0.155	0.419	"1"
"投"	0	2	0	1.205	0.194	0.601	-0.801	2.025	-0.311	3.137	"2"
"投书"	0	1	0	0.602	0.097	0.301	-0.4	1.013	-0.155	1.568	"2"
"投入"	2	0	0	1.205	0.194	0.601	0.44	-0.089	-0.311	0.84	"1"
"投入到"	1	0	0	0.602	0.097	0.301	0.22	-0.044	-0.155	0.419	"1"
"投函"	0	10	1	6.625	1.069	3.306	-4.404	9.124	-0.95	14.478	"2"
"投票"	3	0	0	1.807	0.291	0.902	0.661	-0.133	-0.466	1.26	"1"
"投诉"	0	0	1	0.602	0.097	0.301	-0.4	-0.044	0.522	0.966	"3"
"投选"	1	0	1	1.205	0.194	0.601	-0.196	-0.089	0.292	0.577	"3"
"投递"	1	0	0	0.602	0.097	0.301	0.22	-0.044	-0.155	0.419	"1"
"抢手"	1	0	0	0.602	0.097	0.301	0.22	-0.044	-0.155	0.419	"1"
"报"	0	5	1	3.614	0.583	1.804	-2.402	4.321	-0.378	7.101	"2"
"报业"	0	0	1	0.602	0.097	0.301	-0.4	-0.044	0.522	0.966	"3"
"报以"	1	0	0	0.602	0.097	0.301	0.22	-0.044	-0.155	0.419	"1"
"报名"	0	0	1	0.602	0.097	0.301	-0.4	-0.044	0.522	0.966	"3"
"报章"	1	0	0	0.602	0.097	0.301	0.22	-0.044	-0.155	0.419	"1"
"报纸"	0	0	5	3.011	0.486	1.503	-2.002	-0.222	2.61	4.834	"3"
"抱"	1	0	0	0.602	0.097	0.301	0.22	-0.044	-0.155	0.419	"1"
"抽丝剥茧"	0	0	1	0.602	0.097	0.301	-0.4	-0.044	0.522	0.966	"3"
"抽出"	1	0	0	0.602	0.097	0.301	0.22	-0.044	-0.155	0.419	"1"
"抽奖"	1	0	0	0.602	0.097	0.301	0.22	-0.044	-0.155	0.419	"1"
"拍摄"	0	0	2	1.205	0.194	0.601	-0.801	-0.089	1.044	1.934	"3"
"拍照"	1	0	0	0.602	0.097	0.301	0.22	-0.044	-0.155	0.419	"1"
"拥护"	1	0	0	0.602	0.097	0.301	0.22	-0.044	-0.155	0.419	"1"
"拨"	0	0	3	1.807	0.291	0.902	-1.201	-0.133	1.566	2.9	"3"
"拨打"	0	0	1	0.602	0.097	0.301	-0.4	-0.044	0.522	0.966	"3"
"拨电"	1	0	0	0.602	0.097	0.301	0.22	-0.044	-0.155	0.419	"1"
"拭目以待"	1	0	0	0.602	0.097	0.301	0.22	-0.044	-0.155	0.419	"1"
"指南"	0	1	0	0.602	0.097	0.301	-0.4	1.013	-0.155	1.568	"2"
"按语"	0	0	3	1.807	0.291	0.902	-1.201	-0.133	1.566	2.9	"3"
"挑嘴"	0	0	1	0.602	0.097	0.301	-0.4	-0.044	0.522	0.966	"3"
"挑选"	1	0	0	0.602	0.097	0.301	0.22	-0.044	-0.155	0.419	"1"
"挤满"	1	0	0	0.602	0.097	0.301	0.22	-0.044	-0.155	0.419	"1"
"挥动"	1	0	0	0.602	0.097	0.301	0.22	-0.044	-0.155	0.419	"1"
"挥拳"	1	0	0	0.602	0.097	0.301	0.22	-0.044	-0.155	0.419	"1"
"捏"	1	0	0	0.602	0.097	0.301	0.22	-0.044	-0.155	0.419	"1"
"捐款"	1	0	0	0.602	0.097	0.301	0.22	-0.044	-0.155	0.419	"1"
"换取"	0	0	2	1.205	0.194	0.601	-0.801	-0.089	1.044	1.934	"3"
"换来"	1	0	0	0.602	0.097	0.301	0.22	-0.044	-0.155	0.419	"1"
"捧场"	1	0	0	0.602	0.097	0.301	0.22	-0.044	-0.155	0.419	"1"
"掀起"	1	0	0	0.602	0.097	0.301	0.22	-0.044	-0.155	0.419	"1"
"掌"	1	0	0	0.602	0.097	0.301	0.22	-0.044	-0.155	0.419	"1"
"掌声"	10	0	0	6.023	0.972	3.006	2.202	-0.444	-1.553	4.199	"1"
"排"	1	0	0	0.602	0.097	0.301	0.22	-0.044	-0.155	0.419	"1"
"排列"	0	0	1	0.602	0.097	0.301	-0.4	-0.044	0.522	0.966	"3"
"接待"	1	0	0	0.602	0.097	0.301	0.22	-0.044	-0.155	0.419	"1"
"接收到"	0	0	1	0.602	0.097	0.301	-0.4	-0.044	0.522	0.966	"3"
"接获"	0	0	1	0.602	0.097	0.301	-0.4	-0.044	0.522	0.966	"3"
"推算"	0	0	1	0.602	0.097	0.301	-0.4	-0.044	0.522	0.966	"3"
"推荐"	1	0	0	0.602	0.097	0.301	0.22	-0.044	-0.155	0.419	"1"
"推选"	0	1	0	0.602	0.097	0.301	-0.4	1.013	-0.155	1.568	"2"
"描述"	1	0	0	0.602	0.097	0.301	0.22	-0.044	-0.155	0.419	"1"
"提供"	0	1	6	4.216	0.68	2.104	-2.803	0.292	2.416	5.511	"1"
"提到"	0	2	1	1.807	0.291	0.902	-1.201	1.577	0.182	2.96	"2"
"提前"	1	0	0	0.602	0.097	0.301	0.22	-0.044	-0.155	0.419	"1"
"提及"	0	0	1	0.602	0.097	0.301	-0.4	-0.044	0.522	0.966	"3"
"提心吊胆"	1	0	0	0.602	0.097	0.301	0.22	-0.044	-0.155	0.419	"1"
"提问"	3	0	0	1.807	0.291	0.902	0.661	-0.133	-0.466	1.26	"1"
"搞笑"	0	1	0	0.602	0.097	0.301	-0.4	1.013	-0.155	1.568	"2"
"搭建"	1	0	0	0.602	0.097	0.301	0.22	-0.044	-0.155	0.419	"1"
"搭配"	0	0	1	0.602	0.097	0.301	-0.4	-0.044	0.522	0.966	"3"
"摀住"	1	0	0	0.602	0.097	0.301	0.22	-0.044	-0.155	0.419	"1"
"摆好"	0	0	1	0.602	0.097	0.301	-0.4	-0.044	0.522	0.966	"3"
"摇摆"	1	0	0	0.602	0.097	0.301	0.22	-0.044	-0.155	0.419	"1"
"播出"	2	0	0	1.205	0.194	0.601	0.44	-0.089	-0.311	0.84	"1"
"播完"	1	0	0	0.602	0.097	0.301	0.22	-0.044	-0.155	0.419	"1"
"播放"	1	0	0	0.602	0.097	0.301	0.22	-0.044	-0.155	0.419	"1"
"播映"	1	0	0	0.602	0.097	0.301	0.22	-0.044	-0.155	0.419	"1"
"收到"	0	1	1	1.205	0.194	0.601	-0.801	0.733	0.292	1.826	"1"
"收听"	0	0	2	1.205	0.194	0.601	-0.801	-0.089	1.044	1.934	"3"
"收看"	4	0	0	2.409	0.389	1.202	0.881	-0.178	-0.621	1.68	"1"
"收视"	1	0	0	0.602	0.097	0.301	0.22	-0.044	-0.155	0.419	"1"
"收过"	1	0	0	0.602	0.097	0.301	0.22	-0.044	-0.155	0.419	"1"
"收音机"	0	0	1	0.602	0.097	0.301	-0.4	-0.044	0.522	0.966	"3"
"改动"	1	0	0	0.602	0.097	0.301	0.22	-0.044	-0.155	0.419	"1"
"改编"	1	0	0	0.602	0.097	0.301	0.22	-0.044	-0.155	0.419	"1"
"改行"	1	0	0	0.602	0.097	0.301	0.22	-0.044	-0.155	0.419	"1"
"放映"	2	0	0	1.205	0.194	0.601	0.44	-0.089	-0.311	0.84	"1"
"故事"	2	0	0	1.205	0.194	0.601	0.44	-0.089	-0.311	0.84	"1"
"效果"	2	0	0	1.205	0.194	0.601	0.44	-0.089	-0.311	0.84	"1"
"教育"	0	0	2	1.205	0.194	0.601	-0.801	-0.089	1.044	1.934	"3"
"敬仰"	0	0	1	0.602	0.097	0.301	-0.4	-0.044	0.522	0.966	"3"
"敬请"	2	1	0	1.807	0.291	0.902	0.186	0.578	-0.466	1.23	"2"
"数千"	1	0	0	0.602	0.097	0.301	0.22	-0.044	-0.155	0.419	"1"
"数目"	0	0	1	0.602	0.097	0.301	-0.4	-0.044	0.522	0.966	"3"
"文"	0	0	3	1.807	0.291	0.902	-1.201	-0.133	1.566	2.9	"3"
"文字"	0	0	1	0.602	0.097	0.301	-0.4	-0.044	0.522	0.966	"3"
"文学"	0	1	3	2.409	0.389	1.202	-1.602	0.474	1.075	3.151	"1"
"文献"	1	0	0	0.602	0.097	0.301	0.22	-0.044	-0.155	0.419	"1"
"文章"	0	0	4	2.409	0.389	1.202	-1.602	-0.178	2.088	3.868	"3"
"文芳"	1	0	0	0.602	0.097	0.301	0.22	-0.044	-0.155	0.419	"1"
"新世"	0	0	1	0.602	0.097	0.301	-0.4	-0.044	0.522	0.966	"3"
"新华"	0	0	1	0.602	0.097	0.301	-0.4	-0.044	0.522	0.966	"3"
"新明"	0	0	2	1.205	0.194	0.601	-0.801	-0.089	1.044	1.934	"3"
"新明日"	0	0	1	0.602	0.097	0.301	-0.4	-0.044	0.522	0.966	"3"
"新明日报"	0	1	0	0.602	0.097	0.301	-0.4	1.013	-0.155	1.568	"2"
"新版"	0	0	1	0.602	0.097	0.301	-0.4	-0.044	0.522	0.966	"3"
"新航"	0	1	2	1.807	0.291	0.902	-1.201	0.578	0.664	2.443	"1"
"方亮"	0	1	0	0.602	0.097	0.301	-0.4	1.013	-0.155	1.568	"2"
"方便"	1	0	1	1.205	0.194	0.601	-0.196	-0.089	0.292	0.577	"3"
"方言"	2	0	0	1.205	0.194	0.601	0.44	-0.089	-0.311	0.84	"1"
"施展"	1	0	0	0.602	0.097	0.301	0.22	-0.044	-0.155	0.419	"1"
"旁述"	1	0	0	0.602	0.097	0.301	0.22	-0.044	-0.155	0.419	"1"
"无缘"	1	0	0	0.602	0.097	0.301	0.22	-0.044	-0.155	0.419	"1"
"无需"	1	0	0	0.602	0.097	0.301	0.22	-0.044	-0.155	0.419	"1"
"无非"	0	0	1	0.602	0.097	0.301	-0.4	-0.044	0.522	0.966	"3"
"日报"	0	0	1	0.602	0.097	0.301	-0.4	-0.044	0.522	0.966	"3"
"日文"	2	0	0	1.205	0.194	0.601	0.44	-0.089	-0.311	0.84	"1"
"旧书"	0	0	2	1.205	0.194	0.601	-0.801	-0.089	1.044	1.934	"3"
"早报"	0	1	10	6.625	1.069	3.306	-4.404	-0.149	4.318	8.871	"1"
"早报网"	0	0	2	1.205	0.194	0.601	-0.801	-0.089	1.044	1.934	"3"
"时段"	3	0	0	1.807	0.291	0.902	0.661	-0.133	-0.466	1.26	"1"
"时装"	1	0	0	0.602	0.097	0.301	0.22	-0.044	-0.155	0.419	"1"
"昆剧"	1	0	0	0.602	0.097	0.301	0.22	-0.044	-0.155	0.419	"1"
"明抢"	0	0	1	0.602	0.097	0.301	-0.4	-0.044	0.522	0.966	"3"
"明日"	0	0	2	1.205	0.194	0.601	-0.801	-0.089	1.044	1.934	"3"
"星期"	0	0	1	0.602	0.097	0.301	-0.4	-0.044	0.522	0.966	"3"
"星期天"	0	0	1	0.602	0.097	0.301	-0.4	-0.044	0.522	0.966	"3"
"映"	1	0	0	0.602	0.097	0.301	0.22	-0.044	-0.155	0.419	"1"
"映像"	1	0	0	0.602	0.097	0.301	0.22	-0.044	-0.155	0.419	"1"
"昨晚"	1	0	0	0.602	0.097	0.301	0.22	-0.044	-0.155	0.419	"1"
"晚会"	1	0	0	0.602	0.097	0.301	0.22	-0.044	-0.155	0.419	"1"
"晚餐"	0	1	0	0.602	0.097	0.301	-0.4	1.013	-0.155	1.568	"2"
"普及度"	1	0	0	0.602	0.097	0.301	0.22	-0.044	-0.155	0.419	"1"
"普通"	1	0	1	1.205	0.194	0.601	-0.196	-0.089	0.292	0.577	"3"
"曲折"	1	0	0	0.602	0.097	0.301	0.22	-0.044	-0.155	0.419	"1"
"更"	1	0	0	0.602	0.097	0.301	0.22	-0.044	-0.155	0.419	"1"
"更动"	1	0	0	0.602	0.097	0.301	0.22	-0.044	-0.155	0.419	"1"
"更多"	3	1	0	2.409	0.389	1.202	0.32	0.474	-0.621	1.415	"3"
"最前面"	1	0	0	0.602	0.097	0.301	0.22	-0.044	-0.155	0.419	"1"
"最多"	1	0	0	0.602	0.097	0.301	0.22	-0.044	-0.155	0.419	"1"
"最爱"	0	1	0	0.602	0.097	0.301	-0.4	1.013	-0.155	1.568	"2"
"月饼"	0	0	2	1.205	0.194	0.601	-0.801	-0.089	1.044	1.934	"3"
"有余"	0	0	1	0.602	0.097	0.301	-0.4	-0.044	0.522	0.966	"3"
"有关"	0	0	1	0.602	0.097	0.301	-0.4	-0.044	0.522	0.966	"3"
"有意"	0	0	1	0.602	0.097	0.301	-0.4	-0.044	0.522	0.966	"3"
"有机"	0	0	2	1.205	0.194	0.601	-0.801	-0.089	1.044	1.934	"3"
"朗诵"	1	0	0	0.602	0.097	0.301	0.22	-0.044	-0.155	0.419	"1"
"期待"	3	0	0	1.807	0.291	0.902	0.661	-0.133	-0.466	1.26	"1"
"未必"	0	0	1	0.602	0.097	0.301	-0.4	-0.044	0.522	0.966	"3"
"本"	0	0	2	1.205	0.194	0.601	-0.801	-0.089	1.044	1.934	"3"
"本地"	6	0	3	5.42	0.874	2.705	0.311	-0.399	0.269	0.979	"2"
"本地人"	0	0	1	0.602	0.097	0.301	-0.4	-0.044	0.522	0.966	"3"
"本报"	0	0	11	6.625	1.069	3.306	-4.404	-0.488	5.742	10.634	"3"
"杂志"	0	0	1	0.602	0.097	0.301	-0.4	-0.044	0.522	0.966	"3"
"杂技"	2	0	0	1.205	0.194	0.601	0.44	-0.089	-0.311	0.84	"1"
"杂技团"	2	0	0	1.205	0.194	0.601	0.44	-0.089	-0.311	0.84	"1"
"杂文"	2	0	0	1.205	0.194	0.601	0.44	-0.089	-0.311	0.84	"1"
"李彬"	1	0	0	0.602	0.097	0.301	0.22	-0.044	-0.155	0.419	"1"
"来信"	1	0	5	3.614	0.583	1.804	-1.399	-0.266	1.957	3.622	"3"
"来函"	0	0	3	1.807	0.291	0.902	-1.201	-0.133	1.566	2.9	"3"
"来到"	1	0	0	0.602	0.097	0.301	0.22	-0.044	-0.155	0.419	"1"
"来电"	0	0	1	0.602	0.097	0.301	-0.4	-0.044	0.522	0.966	"3"
"来稿"	0	0	1	0.602	0.097	0.301	-0.4	-0.044	0.522	0.966	"3"
"极"	0	0	1	0.602	0.097	0.301	-0.4	-0.044	0.522	0.966	"3"
"极限"	1	0	0	0.602	0.097	0.301	0.22	-0.044	-0.155	0.419	"1"
"林"	1	0	0	0.602	0.097	0.301	0.22	-0.044	-0.155	0.419	"1"
"林声"	0	1	0	0.602	0.097	0.301	-0.4	1.013	-0.155	1.568	"2"
"林芳儒"	0	1	0	0.602	0.097	0.301	-0.4	1.013	-0.155	1.568	"2"
"柔"	1	0	0	0.602	0.097	0.301	0.22	-0.044	-0.155	0.419	"1"
"栏"	0	0	1	0.602	0.097	0.301	-0.4	-0.044	0.522	0.966	"3"
"树记"	0	0	1	0.602	0.097	0.301	-0.4	-0.044	0.522	0.966	"3"
"梁毓"	0	0	1	0.602	0.097	0.301	-0.4	-0.044	0.522	0.966	"3"
"梁祝"	1	0	0	0.602	0.097	0.301	0.22	-0.044	-0.155	0.419	"1"
"梦幻"	1	0	0	0.602	0.097	0.301	0.22	-0.044	-0.155	0.419	"1"
"模特儿"	1	0	0	0.602	0.097	0.301	0.22	-0.044	-0.155	0.419	"1"
"次数"	1	0	0	0.602	0.097	0.301	0.22	-0.044	-0.155	0.419	"1"
"欢乐"	1	0	0	0.602	0.097	0.301	0.22	-0.044	-0.155	0.419	"1"
"欢呼"	2	0	0	1.205	0.194	0.601	0.44	-0.089	-0.311	0.84	"1"
"欢呼声"	2	0	0	1.205	0.194	0.601	0.44	-0.089	-0.311	0.84	"1"
"欢心"	1	0	0	0.602	0.097	0.301	0.22	-0.044	-0.155	0.419	"1"
"欢笑"	1	0	0	0.602	0.097	0.301	0.22	-0.044	-0.155	0.419	"1"
"欢迎"	1	0	3	2.409	0.389	1.202	-0.753	-0.178	1.075	2.006	"3"
"欣赏"	2	0	0	1.205	0.194	0.601	0.44	-0.089	-0.311	0.84	"1"
"欣赏到"	1	0	0	0.602	0.097	0.301	0.22	-0.044	-0.155	0.419	"1"
"歌"	3	0	0	1.807	0.291	0.902	0.661	-0.133	-0.466	1.26	"1"
"歌仔戏版"	1	0	0	0.602	0.097	0.301	0.22	-0.044	-0.155	0.419	"1"
"歌台"	1	0	0	0.602	0.097	0.301	0.22	-0.044	-0.155	0.419	"1"
"歌唱"	2	0	0	1.205	0.194	0.601	0.44	-0.089	-0.311	0.84	"1"
"歌声"	1	0	0	0.602	0.097	0.301	0.22	-0.044	-0.155	0.419	"1"
"歌手"	3	0	1	2.409	0.389	1.202	0.32	-0.178	-0.187	0.685	"1"
"歌星"	1	0	0	0.602	0.097	0.301	0.22	-0.044	-0.155	0.419	"1"
"歌曲"	3	0	0	1.807	0.291	0.902	0.661	-0.133	-0.466	1.26	"1"
"歌迷"	5	0	0	3.011	0.486	1.503	1.101	-0.222	-0.776	2.099	"1"
"殴打"	1	0	0	0.602	0.097	0.301	0.22	-0.044	-0.155	0.419	"1"
"母女"	0	0	1	0.602	0.097	0.301	-0.4	-0.044	0.522	0.966	"3"
"比赛"	11	0	1	7.227	1.166	3.607	1.692	-0.533	-1.074	3.299	"1"
"比较"	1	0	0	0.602	0.097	0.301	0.22	-0.044	-0.155	0.419	"1"
"气球"	1	0	0	0.602	0.097	0.301	0.22	-0.044	-0.155	0.419	"1"
"水管"	0	0	1	0.602	0.097	0.301	-0.4	-0.044	0.522	0.966	"3"
"江草"	0	1	0	0.602	0.097	0.301	-0.4	1.013	-0.155	1.568	"2"
"沈"	0	0	1	0.602	0.097	0.301	-0.4	-0.044	0.522	0.966	"3"
"沟通"	1	0	0	0.602	0.097	0.301	0.22	-0.044	-0.155	0.419	"1"
"没想到"	2	0	0	1.205	0.194	0.601	0.44	-0.089	-0.311	0.84	"1"
"沸腾"	3	0	0	1.807	0.291	0.902	0.661	-0.133	-0.466	1.26	"1"
"法律"	0	0	5	3.011	0.486	1.503	-2.002	-0.222	2.61	4.834	"3"
"注"	0	0	2	1.205	0.194	0.601	-0.801	-0.089	1.044	1.934	"3"
"注册处"	1	0	0	0.602	0.097	0.301	0.22	-0.044	-0.155	0.419	"1"
"注目"	2	0	0	1.205	0.194	0.601	0.44	-0.089	-0.311	0.84	"1"
"津津乐道"	0	1	0	0.602	0.097	0.301	-0.4	1.013	-0.155	1.568	"2"
"流失"	1	0	0	0.602	0.097	0.301	0.22	-0.044	-0.155	0.419	"1"
"测温"	1	0	0	0.602	0.097	0.301	0.22	-0.044	-0.155	0.419	"1"
"测温器"	1	0	0	0.602	0.097	0.301	0.22	-0.044	-0.155	0.419	"1"
"浏览"	0	0	1	0.602	0.097	0.301	-0.4	-0.044	0.522	0.966	"3"
"浪漫"	2	0	0	1.205	0.194	0.601	0.44	-0.089	-0.311	0.84	"1"
"海洁"	0	0	1	0.602	0.097	0.301	-0.4	-0.044	0.522	0.966	"3"
"消费"	1	0	0	0.602	0.097	0.301	0.22	-0.044	-0.155	0.419	"1"
"涌来"	1	0	0	0.602	0.097	0.301	0.22	-0.044	-0.155	0.419	"1"
"淋漓尽致"	1	0	0	0.602	0.097	0.301	0.22	-0.044	-0.155	0.419	"1"
"深刻"	2	0	0	1.205	0.194	0.601	0.44	-0.089	-0.311	0.84	"1"
"深受"	5	0	1	3.614	0.583	1.804	0.626	-0.266	-0.378	1.27	"1"
"深得"	1	0	0	0.602	0.097	0.301	0.22	-0.044	-0.155	0.419	"1"
"深感"	0	0	1	0.602	0.097	0.301	-0.4	-0.044	0.522	0.966	"3"
"深深"	1	0	0	0.602	0.097	0.301	0.22	-0.044	-0.155	0.419	"1"
"游戏"	1	0	0	0.602	0.097	0.301	0.22	-0.044	-0.155	0.419	"1"
"游龙"	0	0	1	0.602	0.097	0.301	-0.4	-0.044	0.522	0.966	"3"
"湘西"	0	0	3	1.807	0.291	0.902	-1.201	-0.133	1.566	2.9	"3"
"满"	2	0	0	1.205	0.194	0.601	0.44	-0.089	-0.311	0.84	"1"
"满足"	0	0	1	0.602	0.097	0.301	-0.4	-0.044	0.522	0.966	"3"
"滨华"	0	0	2	1.205	0.194	0.601	-0.801	-0.089	1.044	1.934	"3"
"滨海"	1	0	0	0.602	0.097	0.301	0.22	-0.044	-0.155	0.419	"1"
"演"	1	0	0	0.602	0.097	0.301	0.22	-0.044	-0.155	0.419	"1"
"演出"	17	0	0	10.238	1.652	5.11	3.744	-0.755	-2.639	7.138	"1"
"演员"	7	0	0	4.216	0.68	2.104	1.541	-0.311	-1.087	2.939	"1"
"演员奖"	1	0	0	0.602	0.097	0.301	0.22	-0.044	-0.155	0.419	"1"
"演唱"	4	0	0	2.409	0.389	1.202	0.881	-0.178	-0.621	1.68	"1"
"演唱会"	3	0	1	2.409	0.389	1.202	0.32	-0.178	-0.187	0.685	"1"
"演说"	1	0	0	0.602	0.097	0.301	0.22	-0.044	-0.155	0.419	"1"
"漫画"	1	0	0	0.602	0.097	0.301	0.22	-0.044	-0.155	0.419	"1"
"漫画迷"	1	0	0	0.602	0.097	0.301	0.22	-0.044	-0.155	0.419	"1"
"潘家园"	0	0	1	0.602	0.097	0.301	-0.4	-0.044	0.522	0.966	"3"
"潘耀田"	1	0	0	0.602	0.097	0.301	0.22	-0.044	-0.155	0.419	"1"
"澄清"	0	0	1	0.602	0.097	0.301	-0.4	-0.044	0.522	0.966	"3"
"澎湖湾"	1	0	0	0.602	0.097	0.301	0.22	-0.044	-0.155	0.419	"1"
"澳大利亚"	1	0	0	0.602	0.097	0.301	0.22	-0.044	-0.155	0.419	"1"
"激动"	3	0	0	1.807	0.291	0.902	0.661	-0.133	-0.466	1.26	"1"
"激发"	1	0	0	0.602	0.097	0.301	0.22	-0.044	-0.155	0.419	"1"
"火化"	0	0	1	0.602	0.097	0.301	-0.4	-0.044	0.522	0.966	"3"
"火烧"	1	0	0	0.602	0.097	0.301	0.22	-0.044	-0.155	0.419	"1"
"灯光"	1	0	0	0.602	0.097	0.301	0.22	-0.044	-0.155	0.419	"1"
"点到"	1	0	0	0.602	0.097	0.301	0.22	-0.044	-0.155	0.419	"1"
"烈"	2	0	1	1.807	0.291	0.902	0.186	-0.133	0.182	0.501	"1"
"热"	2	0	0	1.205	0.194	0.601	0.44	-0.089	-0.311	0.84	"1"
"热心"	1	0	1	1.205	0.194	0.601	-0.196	-0.089	0.292	0.577	"3"
"热情"	4	0	0	2.409	0.389	1.202	0.881	-0.178	-0.621	1.68	"1"
"热烈"	4	0	1	3.011	0.486	1.503	0.467	-0.222	-0.278	0.967	"1"
"热线"	1	0	5	3.614	0.583	1.804	-1.399	-0.266	1.957	3.622	"3"
"照片"	0	0	5	3.011	0.486	1.503	-2.002	-0.222	2.61	4.834	"3"
"照理"	0	0	1	0.602	0.097	0.301	-0.4	-0.044	0.522	0.966	"3"
"照顾"	1	0	2	1.807	0.291	0.902	-0.457	-0.133	0.664	1.254	"3"
"熊倪"	1	0	0	0.602	0.097	0.301	0.22	-0.044	-0.155	0.419	"1"
"熟悉"	1	0	0	0.602	0.097	0.301	0.22	-0.044	-0.155	0.419	"1"
"爆满"	1	0	0	0.602	0.097	0.301	0.22	-0.044	-0.155	0.419	"1"
"爱"	3	0	1	2.409	0.389	1.202	0.32	-0.178	-0.187	0.685	"1"
"爱敬"	0	1	1	1.205	0.194	0.601	-0.801	0.733	0.292	1.826	"1"
"爱金"	0	0	1	0.602	0.097	0.301	-0.4	-0.044	0.522	0.966	"3"
"片"	5	0	0	3.011	0.486	1.503	1.101	-0.222	-0.776	2.099	"1"
"片头"	1	0	0	0.602	0.097	0.301	0.22	-0.044	-0.155	0.419	"1"
"片尾"	1	0	0	0.602	0.097	0.301	0.22	-0.044	-0.155	0.419	"1"
"版"	0	13	1	8.432	1.36	4.208	-5.606	12.058	-1.328	18.992	"2"
"版彩页"	0	0	1	0.602	0.097	0.301	-0.4	-0.044	0.522	0.966	"3"
"版本"	1	0	0	0.602	0.097	0.301	0.22	-0.044	-0.155	0.419	"1"
"牵涉"	0	0	2	1.205	0.194	0.601	-0.801	-0.089	1.044	1.934	"3"
"特别奖"	1	0	0	0.602	0.097	0.301	0.22	-0.044	-0.155	0.419	"1"
"特地"	0	0	3	1.807	0.291	0.902	-1.201	-0.133	1.566	2.9	"3"
"特定"	1	0	0	0.602	0.097	0.301	0.22	-0.044	-0.155	0.419	"1"
"特殊"	1	0	0	0.602	0.097	0.301	0.22	-0.044	-0.155	0.419	"1"
"特级"	1	0	0	0.602	0.097	0.301	0.22	-0.044	-0.155	0.419	"1"
"狂野"	1	0	0	0.602	0.097	0.301	0.22	-0.044	-0.155	0.419	"1"
"独特"	1	0	0	0.602	0.097	0.301	0.22	-0.044	-0.155	0.419	"1"
"狼藉"	0	1	0	0.602	0.097	0.301	-0.4	1.013	-0.155	1.568	"2"
"猜测"	1	0	0	0.602	0.097	0.301	0.22	-0.044	-0.155	0.419	"1"
"王"	0	0	1	0.602	0.097	0.301	-0.4	-0.044	0.522	0.966	"3"
"王力宏"	1	0	0	0.602	0.097	0.301	0.22	-0.044	-0.155	0.419	"1"
"王维"	0	0	1	0.602	0.097	0.301	-0.4	-0.044	0.522	0.966	"3"
"玛雅"	1	0	0	0.602	0.097	0.301	0.22	-0.044	-0.155	0.419	"1"
"现场"	15	0	0	9.034	1.457	4.509	3.303	-0.666	-2.329	6.298	"1"
"现成"	1	0	0	0.602	0.097	0.301	0.22	-0.044	-0.155	0.419	"1"
"球甚多"	1	0	0	0.602	0.097	0.301	0.22	-0.044	-0.155	0.419	"1"
"球迷"	1	0	0	0.602	0.097	0.301	0.22	-0.044	-0.155	0.419	"1"
"理解"	1	0	1	1.205	0.194	0.601	-0.196	-0.089	0.292	0.577	"3"
"甚"	1	0	0	0.602	0.097	0.301	0.22	-0.044	-0.155	0.419	"1"
"电动"	1	0	0	0.602	0.097	0.301	0.22	-0.044	-0.155	0.419	"1"
"电台"	2	0	1	1.807	0.291	0.902	0.186	-0.133	0.182	0.501	"1"
"电子书"	0	0	1	0.602	0.097	0.301	-0.4	-0.044	0.522	0.966	"3"
"电影"	13	0	0	7.829	1.263	3.908	2.863	-0.577	-2.018	5.458	"1"
"电影院"	2	0	0	1.205	0.194	0.601	0.44	-0.089	-0.311	0.84	"1"
"电视"	12	0	0	7.227	1.166	3.607	2.643	-0.533	-1.863	5.039	"1"
"电视剧"	2	0	0	1.205	0.194	0.601	0.44	-0.089	-0.311	0.84	"1"
"电视台"	1	0	1	1.205	0.194	0.601	-0.196	-0.089	0.292	0.577	"3"
"电视机"	1	0	0	0.602	0.097	0.301	0.22	-0.044	-0.155	0.419	"1"
"电话"	0	2	7	5.42	0.874	2.705	-3.604	0.667	2.362	6.633	"1"
"男"	2	0	0	1.205	0.194	0.601	0.44	-0.089	-0.311	0.84	"1"
"留下"	4	0	2	3.614	0.583	1.804	0.26	-0.266	0.236	0.762	"2"
"留意"	2	1	0	1.807	0.291	0.902	0.186	0.578	-0.466	1.23	"2"
"留英"	0	0	1	0.602	0.097	0.301	-0.4	-0.044	0.522	0.966	"3"
"留言"	1	3	0	2.409	0.389	1.202	-0.753	2.468	-0.621	3.842	"2"
"留言卡"	1	0	0	0.602	0.097	0.301	0.22	-0.044	-0.155	0.419	"1"
"疑问"	0	0	1	0.602	0.097	0.301	-0.4	-0.044	0.522	0.966	"3"
"疯狂"	1	0	0	0.602	0.097	0.301	0.22	-0.044	-0.155	0.419	"1"
"登台"	1	0	0	0.602	0.097	0.301	0.22	-0.044	-0.155	0.419	"1"
"百万"	1	0	0	0.602	0.097	0.301	0.22	-0.044	-0.155	0.419	"1"
"盛况"	2	0	0	1.205	0.194	0.601	0.44	-0.089	-0.311	0.84	"1"
"盛誉"	0	0	1	0.602	0.097	0.301	-0.4	-0.044	0.522	0.966	"3"
"目"	2	0	0	1.205	0.194	0.601	0.44	-0.089	-0.311	0.84	"1"
"目睹"	1	0	0	0.602	0.097	0.301	0.22	-0.044	-0.155	0.419	"1"
"直言"	0	0	1	0.602	0.097	0.301	-0.4	-0.044	0.522	0.966	"3"
"相像"	0	0	1	0.602	0.097	0.301	-0.4	-0.044	0.522	0.966	"3"
"省钱"	0	1	0	0.602	0.097	0.301	-0.4	1.013	-0.155	1.568	"2"
"看"	28	1	7	21.682	3.497	10.821	1.679	-0.91	-0.955	3.544	"1"
"看到"	2	0	0	1.205	0.194	0.601	0.44	-0.089	-0.311	0.84	"1"
"看台"	1	0	0	0.602	0.097	0.301	0.22	-0.044	-0.155	0.419	"1"
"看完"	1	0	1	1.205	0.194	0.601	-0.196	-0.089	0.292	0.577	"3"
"看戏"	2	0	0	1.205	0.194	0.601	0.44	-0.089	-0.311	0.84	"1"
"看片"	1	0	0	0.602	0.097	0.301	0.22	-0.044	-0.155	0.419	"1"
"真善美"	0	1	0	0.602	0.097	0.301	-0.4	1.013	-0.155	1.568	"2"
"真实"	1	0	0	0.602	0.097	0.301	0.22	-0.044	-0.155	0.419	"1"
"真正"	1	0	0	0.602	0.097	0.301	0.22	-0.044	-0.155	0.419	"1"
"眼光"	3	0	0	1.807	0.291	0.902	0.661	-0.133	-0.466	1.26	"1"
"知识"	0	0	3	1.807	0.291	0.902	-1.201	-0.133	1.566	2.9	"3"
"知道"	0	0	3	1.807	0.291	0.902	-1.201	-0.133	1.566	2.9	"3"
"碧山"	0	1	1	1.205	0.194	0.601	-0.801	0.733	0.292	1.826	"1"
"碧眼"	2	0	0	1.205	0.194	0.601	0.44	-0.089	-0.311	0.84	"1"
"礼服"	2	0	0	1.205	0.194	0.601	0.44	-0.089	-0.311	0.84	"1"
"礼物"	1	0	0	0.602	0.097	0.301	0.22	-0.044	-0.155	0.419	"1"
"祝福"	0	0	1	0.602	0.097	0.301	-0.4	-0.044	0.522	0.966	"3"
"祝英台"	1	0	0	0.602	0.097	0.301	0.22	-0.044	-0.155	0.419	"1"
"票"	5	0	0	3.011	0.486	1.503	1.101	-0.222	-0.776	2.099	"1"
"票房"	4	0	0	2.409	0.389	1.202	0.881	-0.178	-0.621	1.68	"1"
"票选"	1	0	0	0.602	0.097	0.301	0.22	-0.044	-0.155	0.419	"1"
"禄江"	0	1	0	0.602	0.097	0.301	-0.4	1.013	-0.155	1.568	"2"
"称雄"	1	0	0	0.602	0.097	0.301	0.22	-0.044	-0.155	0.419	"1"
"空难"	0	0	3	1.807	0.291	0.902	-1.201	-0.133	1.566	2.9	"3"
"立刻"	3	0	0	1.807	0.291	0.902	0.661	-0.133	-0.466	1.26	"1"
"竞赛"	0	0	1	0.602	0.097	0.301	-0.4	-0.044	0.522	0.966	"3"
"竞走"	1	0	0	0.602	0.097	0.301	0.22	-0.044	-0.155	0.419	"1"
"童趣"	1	0	0	0.602	0.097	0.301	0.22	-0.044	-0.155	0.419	"1"
"竹脚"	0	0	2	1.205	0.194	0.601	-0.801	-0.089	1.044	1.934	"3"
"笑"	2	0	0	1.205	0.194	0.601	0.44	-0.089	-0.311	0.84	"1"
"笑声"	1	0	0	0.602	0.097	0.301	0.22	-0.044	-0.155	0.419	"1"
"笑料"	1	0	0	0.602	0.097	0.301	0.22	-0.044	-0.155	0.419	"1"
"第21"	1	0	0	0.602	0.097	0.301	0.22	-0.044	-0.155	0.419	"1"
"第一时间"	0	0	1	0.602	0.097	0.301	-0.4	-0.044	0.522	0.966	"3"
"笼"	1	0	0	0.602	0.097	0.301	0.22	-0.044	-0.155	0.419	"1"
"笼罩"	1	0	0	0.602	0.097	0.301	0.22	-0.044	-0.155	0.419	"1"
"答"	0	0	1	0.602	0.097	0.301	-0.4	-0.044	0.522	0.966	"3"
"答覆"	0	1	0	0.602	0.097	0.301	-0.4	1.013	-0.155	1.568	"2"
"答覆者"	0	0	1	0.602	0.097	0.301	-0.4	-0.044	0.522	0.966	"3"
"签名"	0	0	1	0.602	0.097	0.301	-0.4	-0.044	0.522	0.966	"3"
"简单"	0	1	0	0.602	0.097	0.301	-0.4	1.013	-0.155	1.568	"2"
"简易"	0	0	1	0.602	0.097	0.301	-0.4	-0.044	0.522	0.966	"3"
"简讯"	1	0	0	0.602	0.097	0.301	0.22	-0.044	-0.155	0.419	"1"
"算是"	0	0	1	0.602	0.097	0.301	-0.4	-0.044	0.522	0.966	"3"
"篇幅"	0	0	1	0.602	0.097	0.301	-0.4	-0.044	0.522	0.966	"3"
"精彩"	3	0	0	1.807	0.291	0.902	0.661	-0.133	-0.466	1.26	"1"
"精湛"	3	0	0	1.807	0.291	0.902	0.661	-0.133	-0.466	1.26	"1"
"红包"	2	0	0	1.205	0.194	0.601	0.44	-0.089	-0.311	0.84	"1"
"纷"	0	0	2	1.205	0.194	0.601	-0.801	-0.089	1.044	1.934	"3"
"纷纷"	0	0	1	0.602	0.097	0.301	-0.4	-0.044	0.522	0.966	"3"
"组委会"	2	0	0	1.205	0.194	0.601	0.44	-0.089	-0.311	0.84	"1"
"组屋"	0	1	1	1.205	0.194	0.601	-0.801	0.733	0.292	1.826	"1"
"细心"	0	0	1	0.602	0.097	0.301	-0.4	-0.044	0.522	0.966	"3"
"细细"	1	0	0	0.602	0.097	0.301	0.22	-0.044	-0.155	0.419	"1"
"细腻"	2	0	0	1.205	0.194	0.601	0.44	-0.089	-0.311	0.84	"1"
"经久"	1	0	0	0.602	0.097	0.301	0.22	-0.044	-0.155	0.419	"1"
"经典剧"	1	0	0	0.602	0.097	0.301	0.22	-0.044	-0.155	0.419	"1"
"结局"	1	0	0	0.602	0.097	0.301	0.22	-0.044	-0.155	0.419	"1"
"绕"	2	0	0	1.205	0.194	0.601	0.44	-0.089	-0.311	0.84	"1"
"给"	10	0	4	8.432	1.36	4.208	0.545	-0.621	-0.235	1.401	"2"
"给予"	0	0	1	0.602	0.097	0.301	-0.4	-0.044	0.522	0.966	"3"
"绚丽"	1	0	0	0.602	0.097	0.301	0.22	-0.044	-0.155	0.419	"1"
"绝大部分"	0	0	1	0.602	0.097	0.301	-0.4	-0.044	0.522	0.966	"3"
"绝技"	1	0	0	0.602	0.097	0.301	0.22	-0.044	-0.155	0.419	"1"
"维修"	0	1	0	0.602	0.097	0.301	-0.4	1.013	-0.155	1.568	"2"
"编剧"	1	0	0	0.602	0.097	0.301	0.22	-0.044	-0.155	0.419	"1"
"编者"	0	0	2	1.205	0.194	0.601	-0.801	-0.089	1.044	1.934	"3"
"编辑"	0	3	1	2.409	0.389	1.202	-1.602	2.468	-0.187	4.257	"2"
"缘"	1	0	0	0.602	0.097	0.301	0.22	-0.044	-0.155	0.419	"1"
"网"	0	1	2	1.807	0.291	0.902	-1.201	0.578	0.664	2.443	"1"
"网络"	0	0	2	1.205	0.194	0.601	-0.801	-0.089	1.044	1.934	"3"
"网路"	0	0	2	1.205	0.194	0.601	-0.801	-0.089	1.044	1.934	"3"
"置身"	1	0	0	0.602	0.097	0.301	0.22	-0.044	-0.155	0.419	"1"
"美女"	1	0	0	0.602	0.097	0.301	0.22	-0.044	-0.155	0.419	"1"
"美好"	1	0	0	0.602	0.097	0.301	0.22	-0.044	-0.155	0.419	"1"
"群"	4	0	0	2.409	0.389	1.202	0.881	-0.178	-0.621	1.68	"1"
"群情"	1	0	0	0.602	0.097	0.301	0.22	-0.044	-0.155	0.419	"1"
"群架"	1	0	0	0.602	0.097	0.301	0.22	-0.044	-0.155	0.419	"1"
"翩翩"	1	0	0	0.602	0.097	0.301	0.22	-0.044	-0.155	0.419	"1"
"翻身"	1	0	0	0.602	0.097	0.301	0.22	-0.044	-0.155	0.419	"1"
"翻阅"	0	0	2	1.205	0.194	0.601	-0.801	-0.089	1.044	1.934	"3"
"老"	0	1	1	1.205	0.194	0.601	-0.801	0.733	0.292	1.826	"1"
"老一辈"	1	0	0	0.602	0.097	0.301	0.22	-0.044	-0.155	0.419	"1"
"老老实实"	1	0	0	0.602	0.097	0.301	0.22	-0.044	-0.155	0.419	"1"
"考"	1	1	0	1.205	0.194	0.601	-0.196	0.733	-0.311	1.24	"2"
"耐性"	1	0	0	0.602	0.097	0.301	0.22	-0.044	-0.155	0.419	"1"
"耳"	2	0	0	1.205	0.194	0.601	0.44	-0.089	-0.311	0.84	"1"
"聆听"	0	0	1	0.602	0.097	0.301	-0.4	-0.044	0.522	0.966	"3"
"聆赏"	1	0	0	0.602	0.097	0.301	0.22	-0.044	-0.155	0.419	"1"
"联"	0	0	1	0.602	0.097	0.301	-0.4	-0.044	0.522	0.966	"3"
"联合"	0	1	2	1.807	0.291	0.902	-1.201	0.578	0.664	2.443	"1"
"联欢"	1	0	0	0.602	0.097	0.301	0.22	-0.044	-0.155	0.419	"1"
"联络"	0	0	1	0.602	0.097	0.301	-0.4	-0.044	0.522	0.966	"3"
"聚"	1	0	0	0.602	0.097	0.301	0.22	-0.044	-0.155	0.419	"1"
"肥料厂"	1	0	0	0.602	0.097	0.301	0.22	-0.044	-0.155	0.419	"1"
"肯定"	2	0	1	1.807	0.291	0.902	0.186	-0.133	0.182	0.501	"1"
"胜负"	1	0	0	0.602	0.097	0.301	0.22	-0.044	-0.155	0.419	"1"
"胡兵"	1	0	0	0.602	0.097	0.301	0.22	-0.044	-0.155	0.419	"1"
"能"	17	0	2	11.443	1.846	5.711	2.239	-0.843	-1.34	4.422	"1"
"能够"	0	0	1	0.602	0.097	0.301	-0.4	-0.044	0.522	0.966	"3"
"脍炙人口"	1	0	0	0.602	0.097	0.301	0.22	-0.044	-0.155	0.419	"1"
"脸"	1	0	0	0.602	0.097	0.301	0.22	-0.044	-0.155	0.419	"1"
"臀部"	1	0	0	0.602	0.097	0.301	0.22	-0.044	-0.155	0.419	"1"
"自助"	0	1	0	0.602	0.097	0.301	-0.4	1.013	-0.155	1.568	"2"
"臭气"	0	0	1	0.602	0.097	0.301	-0.4	-0.044	0.522	0.966	"3"
"致函"	0	1	0	0.602	0.097	0.301	-0.4	1.013	-0.155	1.568	"2"
"致意"	2	0	0	1.205	0.194	0.601	0.44	-0.089	-0.311	0.84	"1"
"致敬"	0	0	1	0.602	0.097	0.301	-0.4	-0.044	0.522	0.966	"3"
"舞台"	5	0	0	3.011	0.486	1.503	1.101	-0.222	-0.776	2.099	"1"
"舞台剧"	1	0	0	0.602	0.097	0.301	0.22	-0.044	-0.155	0.419	"1"
"舞员"	1	0	0	0.602	0.097	0.301	0.22	-0.044	-0.155	0.419	"1"
"舞者"	1	0	0	0.602	0.097	0.301	0.22	-0.044	-0.155	0.419	"1"
"舞蹈"	2	0	0	1.205	0.194	0.601	0.44	-0.089	-0.311	0.84	"1"
"航展"	1	0	0	0.602	0.097	0.301	0.22	-0.044	-0.155	0.419	"1"
"航空业"	0	0	1	0.602	0.097	0.301	-0.4	-0.044	0.522	0.966	"3"
"般"	1	0	0	0.602	0.097	0.301	0.22	-0.044	-0.155	0.419	"1"
"色情"	1	0	0	0.602	0.097	0.301	0.22	-0.044	-0.155	0.419	"1"
"艺"	1	0	0	0.602	0.097	0.301	0.22	-0.044	-0.155	0.419	"1"
"艺人"	4	0	0	2.409	0.389	1.202	0.881	-0.178	-0.621	1.68	"1"
"艺术"	5	0	0	3.011	0.486	1.503	1.101	-0.222	-0.776	2.099	"1"
"艺术家"	1	0	0	0.602	0.097	0.301	0.22	-0.044	-0.155	0.419	"1"
"节"	1	0	0	0.602	0.097	0.301	0.22	-0.044	-0.155	0.419	"1"
"节目"	20	0	0	12.045	1.943	6.012	4.404	-0.888	-3.105	8.397	"1"
"花饰"	1	0	0	0.602	0.097	0.301	0.22	-0.044	-0.155	0.419	"1"
"芽"	1	0	0	0.602	0.097	0.301	0.22	-0.044	-0.155	0.419	"1"
"若"	0	0	3	1.807	0.291	0.902	-1.201	-0.133	1.566	2.9	"3"
"英文报"	0	0	1	0.602	0.097	0.301	-0.4	-0.044	0.522	0.966	"3"
"英雄"	1	0	0	0.602	0.097	0.301	0.22	-0.044	-0.155	0.419	"1"
"范"	1	0	0	0.602	0.097	0.301	0.22	-0.044	-0.155	0.419	"1"
"范玮琪"	1	0	0	0.602	0.097	0.301	0.22	-0.044	-0.155	0.419	"1"
"草坪"	1	0	0	0.602	0.097	0.301	0.22	-0.044	-0.155	0.419	"1"
"莫不"	1	0	0	0.602	0.097	0.301	0.22	-0.044	-0.155	0.419	"1"
"获取"	0	0	1	0.602	0.097	0.301	-0.4	-0.044	0.522	0.966	"3"
"获得"	0	0	1	0.602	0.097	0.301	-0.4	-0.044	0.522	0.966	"3"
"获选"	0	0	1	0.602	0.097	0.301	-0.4	-0.044	0.522	0.966	"3"
"落落大方"	1	0	0	0.602	0.097	0.301	0.22	-0.044	-0.155	0.419	"1"
"董农政"	0	0	2	1.205	0.194	0.601	-0.801	-0.089	1.044	1.934	"3"
"蒋琦"	0	0	1	0.602	0.097	0.301	-0.4	-0.044	0.522	0.966	"3"
"蔡"	0	0	1	0.602	0.097	0.301	-0.4	-0.044	0.522	0.966	"3"
"蔡卓妍"	1	0	0	0.602	0.097	0.301	0.22	-0.044	-0.155	0.419	"1"
"蔡振华"	1	0	0	0.602	0.097	0.301	0.22	-0.044	-0.155	0.419	"1"
"蔡珍妮"	0	1	0	0.602	0.097	0.301	-0.4	1.013	-0.155	1.568	"2"
"薰衣草"	1	0	0	0.602	0.097	0.301	0.22	-0.044	-0.155	0.419	"1"
"蘑菇"	1	0	0	0.602	0.097	0.301	0.22	-0.044	-0.155	0.419	"1"
"蛇年"	2	0	0	1.205	0.194	0.601	0.44	-0.089	-0.311	0.84	"1"
"蛋糕"	1	0	0	0.602	0.097	0.301	0.22	-0.044	-0.155	0.419	"1"
"融入"	1	0	0	0.602	0.097	0.301	0.22	-0.044	-0.155	0.419	"1"
"行房"	1	0	0	0.602	0.097	0.301	0.22	-0.044	-0.155	0.419	"1"
"表"	0	0	1	0.602	0.097	0.301	-0.4	-0.044	0.522	0.966	"3"
"表坊"	1	0	0	0.602	0.097	0.301	0.22	-0.044	-0.155	0.419	"1"
"表情"	1	0	0	0.602	0.097	0.301	0.22	-0.044	-0.155	0.419	"1"
"表格"	0	2	0	1.205	0.194	0.601	-0.801	2.025	-0.311	3.137	"2"
"表演"	21	0	0	12.648	2.04	6.312	4.624	-0.932	-3.261	8.817	"1"
"表露"	1	0	0	0.602	0.097	0.301	0.22	-0.044	-0.155	0.419	"1"
"被动"	1	0	0	0.602	0.097	0.301	0.22	-0.044	-0.155	0.419	"1"
"裁判"	1	0	0	0.602	0.097	0.301	0.22	-0.044	-0.155	0.419	"1"
"裁员"	0	0	1	0.602	0.097	0.301	-0.4	-0.044	0.522	0.966	"3"
"裕廊"	1	0	0	0.602	0.097	0.301	0.22	-0.044	-0.155	0.419	"1"
"裕廊西"	0	0	1	0.602	0.097	0.301	-0.4	-0.044	0.522	0.966	"3"
"裸照"	1	0	0	0.602	0.097	0.301	0.22	-0.044	-0.155	0.419	"1"
"西方"	0	0	1	0.602	0.097	0.301	-0.4	-0.044	0.522	0.966	"3"
"见证"	1	0	0	0.602	0.097	0.301	0.22	-0.044	-0.155	0.419	"1"
"见闻录"	1	0	0	0.602	0.097	0.301	0.22	-0.044	-0.155	0.419	"1"
"见面"	4	0	0	2.409	0.389	1.202	0.881	-0.178	-0.621	1.68	"1"
"观"	4	0	0	2.409	0.389	1.202	0.881	-0.178	-0.621	1.68	"1"
"观众"	21	0	0	12.648	2.04	6.312	4.624	-0.932	-3.261	8.817	"1"
"观看"	7	0	0	4.216	0.68	2.104	1.541	-0.311	-1.087	2.939	"1"
"观赏"	4	0	0	2.409	0.389	1.202	0.881	-0.178	-0.621	1.68	"1"
"观赏到"	1	0	0	0.602	0.097	0.301	0.22	-0.044	-0.155	0.419	"1"
"观赛"	1	0	0	0.602	0.097	0.301	0.22	-0.044	-0.155	0.419	"1"
"视觉"	1	0	0	0.602	0.097	0.301	0.22	-0.044	-0.155	0.419	"1"
"视角"	1	0	0	0.602	0.097	0.301	0.22	-0.044	-0.155	0.419	"1"
"视野"	1	0	0	0.602	0.097	0.301	0.22	-0.044	-0.155	0.419	"1"
"览"	1	0	0	0.602	0.097	0.301	0.22	-0.044	-0.155	0.419	"1"
"觉"	1	0	0	0.602	0.097	0.301	0.22	-0.044	-0.155	0.419	"1"
"觉得"	9	0	0	5.42	0.874	2.705	1.982	-0.399	-1.397	3.778	"1"
"角"	1	0	0	0.602	0.097	0.301	0.22	-0.044	-0.155	0.419	"1"
"角色"	3	0	0	1.807	0.291	0.902	0.661	-0.133	-0.466	1.26	"1"
"解开"	0	1	0	0.602	0.097	0.301	-0.4	1.013	-0.155	1.568	"2"
"解答"	0	0	1	0.602	0.097	0.301	-0.4	-0.044	0.522	0.966	"3"
"解读"	1	0	0	0.602	0.097	0.301	0.22	-0.044	-0.155	0.419	"1"
"言论"	0	0	1	0.602	0.097	0.301	-0.4	-0.044	0.522	0.966	"3"
"警车"	0	0	1	0.602	0.097	0.301	-0.4	-0.044	0.522	0.966	"3"
"订阅"	0	0	2	1.205	0.194	0.601	-0.801	-0.089	1.044	1.934	"3"
"认识"	1	0	1	1.205	0.194	0.601	-0.196	-0.089	0.292	0.577	"3"
"让"	29	2	8	23.488	3.789	11.723	1.321	-0.592	-0.891	2.804	"1"
"议论纷纷"	1	0	0	0.602	0.097	0.301	0.22	-0.044	-0.155	0.419	"1"
"讲座"	0	0	1	0.602	0.097	0.301	-0.4	-0.044	0.522	0.966	"3"
"讲起"	1	0	0	0.602	0.097	0.301	0.22	-0.044	-0.155	0.419	"1"
"许"	0	0	1	0.602	0.097	0.301	-0.4	-0.044	0.522	0.966	"3"
"许多"	7	0	6	7.829	1.263	3.908	-0.378	-0.577	0.778	1.733	"3"
"许许多多"	1	0	0	0.602	0.097	0.301	0.22	-0.044	-0.155	0.419	"1"
"讽刺"	1	0	0	0.602	0.097	0.301	0.22	-0.044	-0.155	0.419	"1"
"评判"	1	0	2	1.807	0.291	0.902	-0.457	-0.133	0.664	1.254	"3"
"评选"	1	0	1	1.205	0.194	0.601	-0.196	-0.089	0.292	0.577	"3"
"评选出"	1	0	0	0.602	0.097	0.301	0.22	-0.044	-0.155	0.419	"1"
"评鑑"	0	0	1	0.602	0.097	0.301	-0.4	-0.044	0.522	0.966	"3"
"诉说"	0	0	1	0.602	0.097	0.301	-0.4	-0.044	0.522	0.966	"3"
"话题"	0	1	1	1.205	0.194	0.601	-0.801	0.733	0.292	1.826	"1"
"询问"	0	0	1	0.602	0.097	0.301	-0.4	-0.044	0.522	0.966	"3"
"询问度"	1	0	0	0.602	0.097	0.301	0.22	-0.044	-0.155	0.419	"1"
"详情"	0	1	0	0.602	0.097	0.301	-0.4	1.013	-0.155	1.568	"2"
"详细"	0	1	0	0.602	0.097	0.301	-0.4	1.013	-0.155	1.568	"2"
"误导"	0	0	2	1.205	0.194	0.601	-0.801	-0.089	1.044	1.934	"3"
"诱惑"	1	0	0	0.602	0.097	0.301	0.22	-0.044	-0.155	0.419	"1"
"说唱"	1	0	0	0.602	0.097	0.301	0.22	-0.044	-0.155	0.419	"1"
"说理"	1	0	0	0.602	0.097	0.301	0.22	-0.044	-0.155	0.419	"1"
"请"	0	1	1	1.205	0.194	0.601	-0.801	0.733	0.292	1.826	"1"
"读"	1	0	1	1.205	0.194	0.601	-0.196	-0.089	0.292	0.577	"3"
"读者"	0	0	25	15.057	2.429	7.515	-10.01	-1.11	13.051	24.171	"3"
"课题"	0	1	2	1.807	0.291	0.902	-1.201	0.578	0.664	2.443	"1"
"调色板"	1	0	0	0.602	0.097	0.301	0.22	-0.044	-0.155	0.419	"1"
"谈情说爱"	1	0	0	0.602	0.097	0.301	0.22	-0.044	-0.155	0.419	"1"
"谢幕"	1	0	0	0.602	0.097	0.301	0.22	-0.044	-0.155	0.419	"1"
"谢意"	1	0	0	0.602	0.097	0.301	0.22	-0.044	-0.155	0.419	"1"
"谢谢"	0	0	6	3.614	0.583	1.804	-2.402	-0.266	3.132	5.8	"3"
"贝妈"	0	0	1	0.602	0.097	0.301	-0.4	-0.044	0.522	0.966	"3"
"质问"	0	0	1	0.602	0.097	0.301	-0.4	-0.044	0.522	0.966	"3"
"购"	4	0	1	3.011	0.486	1.503	0.467	-0.222	-0.278	0.967	"1"
"购买"	0	0	3	1.807	0.291	0.902	-1.201	-0.133	1.566	2.9	"3"
"购买到"	1	0	0	0.602	0.097	0.301	0.22	-0.044	-0.155	0.419	"1"
"购阅"	0	0	1	0.602	0.097	0.301	-0.4	-0.044	0.522	0.966	"3"
"贯通"	1	0	0	0.602	0.097	0.301	0.22	-0.044	-0.155	0.419	"1"
"贵"	0	5	0	3.011	0.486	1.503	-2.002	5.063	-0.776	7.841	"2"
"贵宾"	1	0	0	0.602	0.097	0.301	0.22	-0.044	-0.155	0.419	"1"
"费玉清"	3	0	0	1.807	0.291	0.902	0.661	-0.133	-0.466	1.26	"1"
"贺语"	1	0	0	0.602	0.097	0.301	0.22	-0.044	-0.155	0.419	"1"
"贾斯汀"	2	0	0	1.205	0.194	0.601	0.44	-0.089	-0.311	0.84	"1"
"资料"	0	0	2	1.205	0.194	0.601	-0.801	-0.089	1.044	1.934	"3"
"赏"	1	0	0	0.602	0.097	0.301	0.22	-0.044	-0.155	0.419	"1"
"赛"	1	0	0	0.602	0.097	0.301	0.22	-0.044	-0.155	0.419	"1"
"赛场"	2	0	0	1.205	0.194	0.601	0.44	-0.089	-0.311	0.84	"1"
"赠与"	1	0	0	0.602	0.097	0.301	0.22	-0.044	-0.155	0.419	"1"
"赠予"	0	1	0	0.602	0.097	0.301	-0.4	1.013	-0.155	1.568	"2"
"赠票"	1	0	0	0.602	0.097	0.301	0.22	-0.044	-0.155	0.419	"1"
"赠送"	0	0	1	0.602	0.097	0.301	-0.4	-0.044	0.522	0.966	"3"
"赢"	1	1	1	1.807	0.291	0.902	-0.457	0.578	0.182	1.217	"2"
"赢取"	0	0	3	1.807	0.291	0.902	-1.201	-0.133	1.566	2.9	"3"
"赢家"	1	0	0	0.602	0.097	0.301	0.22	-0.044	-0.155	0.419	"1"
"赢得"	5	0	1	3.614	0.583	1.804	0.626	-0.266	-0.378	1.27	"1"
"走入"	1	0	0	0.602	0.097	0.301	0.22	-0.044	-0.155	0.419	"1"
"走进"	2	0	0	1.205	0.194	0.601	0.44	-0.089	-0.311	0.84	"1"
"赴会"	1	0	0	0.602	0.097	0.301	0.22	-0.044	-0.155	0.419	"1"
"赵丽蓉"	1	0	0	0.602	0.097	0.301	0.22	-0.044	-0.155	0.419	"1"
"起来"	5	0	0	3.011	0.486	1.503	1.101	-0.222	-0.776	2.099	"1"
"起立"	2	0	0	1.205	0.194	0.601	0.44	-0.089	-0.311	0.84	"1"
"越剧"	2	0	0	1.205	0.194	0.601	0.44	-0.089	-0.311	0.84	"1"
"趋向"	1	0	0	0.602	0.097	0.301	0.22	-0.044	-0.155	0.419	"1"
"趣味"	1	0	0	0.602	0.097	0.301	0.22	-0.044	-0.155	0.419	"1"
"跑"	1	0	0	0.602	0.097	0.301	0.22	-0.044	-0.155	0.419	"1"
"距离"	1	0	0	0.602	0.097	0.301	0.22	-0.044	-0.155	0.419	"1"
"跟"	2	0	0	1.205	0.194	0.601	0.44	-0.089	-0.311	0.84	"1"
"跳水"	1	0	0	0.602	0.097	0.301	0.22	-0.044	-0.155	0.419	"1"
"踊跃"	1	0	0	0.602	0.097	0.301	0.22	-0.044	-0.155	0.419	"1"
"身着"	1	0	0	0.602	0.097	0.301	0.22	-0.044	-0.155	0.419	"1"
"躺"	1	0	0	0.602	0.097	0.301	0.22	-0.044	-0.155	0.419	"1"
"转轮盘"	0	0	1	0.602	0.097	0.301	-0.4	-0.044	0.522	0.966	"3"
"转载"	0	0	2	1.205	0.194	0.601	-0.801	-0.089	1.044	1.934	"3"
"轻松"	1	0	0	0.602	0.097	0.301	0.22	-0.044	-0.155	0.419	"1"
"边"	1	0	0	0.602	0.097	0.301	0.22	-0.044	-0.155	0.419	"1"
"迁就"	1	0	0	0.602	0.097	0.301	0.22	-0.044	-0.155	0.419	"1"
"过分"	1	0	0	0.602	0.097	0.301	0.22	-0.044	-0.155	0.419	"1"
"过滤"	0	0	1	0.602	0.097	0.301	-0.4	-0.044	0.522	0.966	"3"
"过瘾"	2	0	0	1.205	0.194	0.601	0.44	-0.089	-0.311	0.84	"1"
"迎"	2	0	0	1.205	0.194	0.601	0.44	-0.089	-0.311	0.84	"1"
"运动员"	4	0	0	2.409	0.389	1.202	0.881	-0.178	-0.621	1.68	"1"
"运动场"	1	0	0	0.602	0.097	0.301	0.22	-0.044	-0.155	0.419	"1"
"运势"	0	0	1	0.602	0.097	0.301	-0.4	-0.044	0.522	0.966	"3"
"近"	4	0	0	2.409	0.389	1.202	0.881	-0.178	-0.621	1.68	"1"
"近乎"	0	0	1	0.602	0.097	0.301	-0.4	-0.044	0.522	0.966	"3"
"近况"	1	0	0	0.602	0.097	0.301	0.22	-0.044	-0.155	0.419	"1"
"还有"	0	0	1	0.602	0.097	0.301	-0.4	-0.044	0.522	0.966	"3"
"进场"	1	0	0	0.602	0.097	0.301	0.22	-0.044	-0.155	0.419	"1"
"进而"	1	0	0	0.602	0.097	0.301	0.22	-0.044	-0.155	0.419	"1"
"连同"	0	1	1	1.205	0.194	0.601	-0.801	0.733	0.292	1.826	"1"
"连年"	1	0	0	0.602	0.097	0.301	0.22	-0.044	-0.155	0.419	"1"
"连连"	1	0	0	0.602	0.097	0.301	0.22	-0.044	-0.155	0.419	"1"
"追"	3	0	0	1.807	0.291	0.902	0.661	-0.133	-0.466	1.26	"1"
"退还"	0	0	1	0.602	0.097	0.301	-0.4	-0.044	0.522	0.966	"3"
"送出"	1	0	0	0.602	0.097	0.301	0.22	-0.044	-0.155	0.419	"1"
"送别"	1	0	0	0.602	0.097	0.301	0.22	-0.044	-0.155	0.419	"1"
"送给"	1	0	0	0.602	0.097	0.301	0.22	-0.044	-0.155	0.419	"1"
"选择"	1	0	0	0.602	0.097	0.301	0.22	-0.044	-0.155	0.419	"1"
"透明衣"	1	0	0	0.602	0.097	0.301	0.22	-0.044	-0.155	0.419	"1"
"递送"	0	0	1	0.602	0.097	0.301	-0.4	-0.044	0.522	0.966	"3"
"逗"	1	0	0	0.602	0.097	0.301	0.22	-0.044	-0.155	0.419	"1"
"通知"	0	0	5	3.011	0.486	1.503	-2.002	-0.222	2.61	4.834	"3"
"通过"	1	0	2	1.807	0.291	0.902	-0.457	-0.133	0.664	1.254	"3"
"造型"	1	0	0	0.602	0.097	0.301	0.22	-0.044	-0.155	0.419	"1"
"遇到"	0	0	3	1.807	0.291	0.902	-1.201	-0.133	1.566	2.9	"3"
"遍佈"	1	0	0	0.602	0.097	0.301	0.22	-0.044	-0.155	0.419	"1"
"道歉"	1	0	0	0.602	0.097	0.301	0.22	-0.044	-0.155	0.419	"1"
"遥远"	1	0	0	0.602	0.097	0.301	0.22	-0.044	-0.155	0.419	"1"
"遮阳"	1	0	0	0.602	0.097	0.301	0.22	-0.044	-0.155	0.419	"1"
"那么"	1	0	0	0.602	0.097	0.301	0.22	-0.044	-0.155	0.419	"1"
"邱俊育"	0	1	0	0.602	0.097	0.301	-0.4	1.013	-0.155	1.568	"2"
"郑惠玉"	1	0	0	0.602	0.097	0.301	0.22	-0.044	-0.155	0.419	"1"
"郑明杉"	1	0	0	0.602	0.097	0.301	0.22	-0.044	-0.155	0.419	"1"
"郭文贵"	1	0	0	0.602	0.097	0.301	0.22	-0.044	-0.155	0.419	"1"
"郭鹤年"	0	1	0	0.602	0.097	0.301	-0.4	1.013	-0.155	1.568	"2"
"配音"	1	0	0	0.602	0.097	0.301	0.22	-0.044	-0.155	0.419	"1"
"重播"	1	0	0	0.602	0.097	0.301	0.22	-0.044	-0.155	0.419	"1"
"重整"	1	0	0	0.602	0.097	0.301	0.22	-0.044	-0.155	0.419	"1"
"金发"	2	0	0	1.205	0.194	0.601	0.44	-0.089	-0.311	0.84	"1"
"金色"	1	0	0	0.602	0.097	0.301	0.22	-0.044	-0.155	0.419	"1"
"金鹰奖"	1	0	0	0.602	0.097	0.301	0.22	-0.044	-0.155	0.419	"1"
"钻石"	0	0	3	1.807	0.291	0.902	-1.201	-0.133	1.566	2.9	"3"
"银幕"	1	0	0	0.602	0.097	0.301	0.22	-0.044	-0.155	0.419	"1"
"销路"	0	1	0	0.602	0.097	0.301	-0.4	1.013	-0.155	1.568	"2"
"错误"	0	0	1	0.602	0.097	0.301	-0.4	-0.044	0.522	0.966	"3"
"错过"	2	0	1	1.807	0.291	0.902	0.186	-0.133	0.182	0.501	"1"
"锦"	0	1	0	0.602	0.097	0.301	-0.4	1.013	-0.155	1.568	"2"
"长命"	2	0	0	1.205	0.194	0.601	0.44	-0.089	-0.311	0.84	"1"
"长篇"	1	0	0	0.602	0.097	0.301	0.22	-0.044	-0.155	0.419	"1"
"门口"	1	0	1	1.205	0.194	0.601	-0.196	-0.089	0.292	0.577	"3"
"门票"	5	0	0	3.011	0.486	1.503	1.101	-0.222	-0.776	2.099	"1"
"问"	0	0	2	1.205	0.194	0.601	-0.801	-0.089	1.044	1.934	"3"
"问好"	1	0	0	0.602	0.097	0.301	0.22	-0.044	-0.155	0.419	"1"
"间隙"	1	0	0	0.602	0.097	0.301	0.22	-0.044	-0.155	0.419	"1"
"闹翻"	0	0	1	0.602	0.097	0.301	-0.4	-0.044	0.522	0.966	"3"
"闻知"	1	0	0	0.602	0.097	0.301	0.22	-0.044	-0.155	0.419	"1"
"阅读"	0	0	2	1.205	0.194	0.601	-0.801	-0.089	1.044	1.934	"3"
"阵阵"	4	0	0	2.409	0.389	1.202	0.881	-0.178	-0.621	1.68	"1"
"阶层"	1	0	0	0.602	0.097	0.301	0.22	-0.044	-0.155	0.419	"1"
"阿嫂"	1	0	0	0.602	0.097	0.301	0.22	-0.044	-0.155	0.419	"1"
"阿灿"	1	0	0	0.602	0.097	0.301	0.22	-0.044	-0.155	0.419	"1"
"阿鸿"	1	0	0	0.602	0.097	0.301	0.22	-0.044	-0.155	0.419	"1"
"附"	1	0	0	0.602	0.097	0.301	0.22	-0.044	-0.155	0.419	"1"
"附上"	0	0	1	0.602	0.097	0.301	-0.4	-0.044	0.522	0.966	"3"
"陆"	0	0	1	0.602	0.097	0.301	-0.4	-0.044	0.522	0.966	"3"
"陈"	0	0	1	0.602	0.097	0.301	-0.4	-0.044	0.522	0.966	"3"
"陈昭荣"	1	0	0	0.602	0.097	0.301	0.22	-0.044	-0.155	0.419	"1"
"陈洁仪"	1	0	0	0.602	0.097	0.301	0.22	-0.044	-0.155	0.419	"1"
"随即"	1	0	0	0.602	0.097	0.301	0.22	-0.044	-0.155	0.419	"1"
"隐隐"	1	0	0	0.602	0.097	0.301	0.22	-0.044	-0.155	0.419	"1"
"隔离者"	0	0	1	0.602	0.097	0.301	-0.4	-0.044	0.522	0.966	"3"
"难免"	0	0	1	0.602	0.097	0.301	-0.4	-0.044	0.522	0.966	"3"
"雁铃"	0	1	0	0.602	0.097	0.301	-0.4	1.013	-0.155	1.568	"2"
"雅尼"	1	0	0	0.602	0.097	0.301	0.22	-0.044	-0.155	0.419	"1"
"集中"	1	0	0	0.602	0.097	0.301	0.22	-0.044	-0.155	0.419	"1"
"需要"	0	0	1	0.602	0.097	0.301	-0.4	-0.044	0.522	0.966	"3"
"震撼"	1	0	0	0.602	0.097	0.301	0.22	-0.044	-0.155	0.419	"1"
"露出"	1	0	0	0.602	0.097	0.301	0.22	-0.044	-0.155	0.419	"1"
"露天"	1	0	0	0.602	0.097	0.301	0.22	-0.044	-0.155	0.419	"1"
"霹雳"	2	0	0	1.205	0.194	0.601	0.44	-0.089	-0.311	0.84	"1"
"青睐"	1	0	1	1.205	0.194	0.601	-0.196	-0.089	0.292	0.577	"3"
"靖宇"	0	1	0	0.602	0.097	0.301	-0.4	1.013	-0.155	1.568	"2"
"非常"	1	1	2	2.409	0.389	1.202	-0.753	0.474	0.457	1.684	"1"
"面前"	1	0	0	0.602	0.097	0.301	0.22	-0.044	-0.155	0.419	"1"
"面对"	1	0	0	0.602	0.097	0.301	0.22	-0.044	-0.155	0.419	"1"
"面貌"	2	0	0	1.205	0.194	0.601	0.44	-0.089	-0.311	0.84	"1"
"革新"	0	0	2	1.205	0.194	0.601	-0.801	-0.089	1.044	1.934	"3"
"音乐"	6	0	0	3.614	0.583	1.804	1.321	-0.266	-0.932	2.519	"1"
"音乐会"	4	0	0	2.409	0.389	1.202	0.881	-0.178	-0.621	1.68	"1"
"音乐厅"	2	0	0	1.205	0.194	0.601	0.44	-0.089	-0.311	0.84	"1"
"音乐家"	1	0	0	0.602	0.097	0.301	0.22	-0.044	-0.155	0.419	"1"
"音效"	1	0	0	0.602	0.097	0.301	0.22	-0.044	-0.155	0.419	"1"
"韵味"	1	0	0	0.602	0.097	0.301	0.22	-0.044	-0.155	0.419	"1"
"页"	0	0	2	1.205	0.194	0.601	-0.801	-0.089	1.044	1.934	"3"
"顶点"	1	0	0	0.602	0.097	0.301	0.22	-0.044	-0.155	0.419	"1"
"顺序"	0	0	1	0.602	0.097	0.301	-0.4	-0.044	0.522	0.966	"3"
"须"	1	0	0	0.602	0.097	0.301	0.22	-0.044	-0.155	0.419	"1"
"颁奖"	0	0	1	0.602	0.097	0.301	-0.4	-0.044	0.522	0.966	"3"
"领取"	0	1	0	0.602	0.097	0.301	-0.4	1.013	-0.155	1.568	"2"
"领子"	1	0	0	0.602	0.097	0.301	0.22	-0.044	-0.155	0.419	"1"
"领略"	1	0	0	0.602	0.097	0.301	0.22	-0.044	-0.155	0.419	"1"
"颇"	1	0	0	0.602	0.097	0.301	0.22	-0.044	-0.155	0.419	"1"
"频道"	3	0	1	2.409	0.389	1.202	0.32	-0.178	-0.187	0.685	"1"
"频频"	2	0	0	1.205	0.194	0.601	0.44	-0.089	-0.311	0.84	"1"
"风行"	1	0	0	0.602	0.097	0.301	0.22	-0.044	-0.155	0.419	"1"
"风采"	2	0	0	1.205	0.194	0.601	0.44	-0.089	-0.311	0.84	"1"
"飞行表"	1	0	0	0.602	0.097	0.301	0.22	-0.044	-0.155	0.419	"1"
"食谱"	0	0	1	0.602	0.097	0.301	-0.4	-0.044	0.522	0.966	"3"
"飨"	0	0	1	0.602	0.097	0.301	-0.4	-0.044	0.522	0.966	"3"
"首"	4	0	0	2.409	0.389	1.202	0.881	-0.178	-0.621	1.68	"1"
"首先"	1	1	0	1.205	0.194	0.601	-0.196	0.733	-0.311	1.24	"2"
"首播"	1	0	0	0.602	0.097	0.301	0.22	-0.044	-0.155	0.419	"1"
"首映"	1	0	0	0.602	0.097	0.301	0.22	-0.044	-0.155	0.419	"1"
"高分"	1	0	0	0.602	0.097	0.301	0.22	-0.044	-0.155	0.419	"1"
"高昂"	2	0	0	1.205	0.194	0.601	0.44	-0.089	-0.311	0.84	"1"
"高潮"	1	0	0	0.602	0.097	0.301	0.22	-0.044	-0.155	0.419	"1"
"高潮迭起"	1	0	0	0.602	0.097	0.301	0.22	-0.044	-0.155	0.419	"1"
"高行健"	1	0	0	0.602	0.097	0.301	0.22	-0.044	-0.155	0.419	"1"
"魂"	1	0	0	0.602	0.097	0.301	0.22	-0.044	-0.155	0.419	"1"
"魏铭恭"	1	0	0	0.602	0.097	0.301	0.22	-0.044	-0.155	0.419	"1"
"鸡蛋"	1	0	0	0.602	0.097	0.301	0.22	-0.044	-0.155	0.419	"1"
"麦克风"	2	0	0	1.205	0.194	0.601	0.44	-0.089	-0.311	0.84	"1"
"黄金"	1	0	0	0.602	0.097	0.301	0.22	-0.044	-0.155	0.419	"1"
"鼓声"	0	0	1	0.602	0.097	0.301	-0.4	-0.044	0.522	0.966	"3"
"鼓掌"	4	0	0	2.409	0.389	1.202	0.881	-0.178	-0.621	1.68	"1"
"鼠标"	1	0	0	0.602	0.097	0.301	0.22	-0.044	-0.155	0.419	"1"
"齐声"	1	0	0	0.602	0.097	0.301	0.22	-0.044	-0.155	0.419	"1"
