"Coll_Word"	"1"	"2"	"3"	"4"	"exp_1"	"exp_2"	"exp_3"	"exp_4"	"pbin_1"	"pbin_2"	"pbin_3"	"pbin_4"	"SumAbsDev"	"LargestDev"
"□"	0	0	0	1	0.414	0.191	0.083	0.312	-0.232	-0.092	-0.038	0.505	0.867	"4"
"1700多"	0	1	0	0	0.414	0.191	0.083	0.312	-0.232	0.72	-0.038	-0.163	1.153	"2"
"180多"	0	0	0	1	0.414	0.191	0.083	0.312	-0.232	-0.092	-0.038	0.505	0.867	"4"
"519万"	0	1	0	0	0.414	0.191	0.083	0.312	-0.232	0.72	-0.038	-0.163	1.153	"2"
"54.4"	0	1	0	0	0.414	0.191	0.083	0.312	-0.232	0.72	-0.038	-0.163	1.153	"2"
"76"	0	0	0	1	0.414	0.191	0.083	0.312	-0.232	-0.092	-0.038	0.505	0.867	"4"
"891119"	0	0	1	0	0.414	0.191	0.083	0.312	-0.232	-0.092	1.08	-0.163	1.567	"3"
"9洞"	0	1	0	0	0.414	0.191	0.083	0.312	-0.232	0.72	-0.038	-0.163	1.153	"2"
"BBR"	0	1	0	0	0.414	0.191	0.083	0.312	-0.232	0.72	-0.038	-0.163	1.153	"2"
"LongelesGalaxy"	0	0	0	1	0.414	0.191	0.083	0.312	-0.232	-0.092	-0.038	0.505	0.867	"4"
"M"	0	0	0	1	0.414	0.191	0.083	0.312	-0.232	-0.092	-0.038	0.505	0.867	"4"
"一以贯之"	0	0	0	1	0.414	0.191	0.083	0.312	-0.232	-0.092	-0.038	0.505	0.867	"4"
"一律"	1	0	0	0	0.414	0.191	0.083	0.312	0.383	-0.092	-0.038	-0.163	0.676	"1"
"一经"	3	0	0	0	1.242	0.572	0.249	0.937	1.149	-0.275	-0.113	-0.488	2.025	"1"
"一般"	0	1	0	4	2.07	0.953	0.415	1.562	-1.16	0.185	-0.188	1.447	2.98	"4"
"一金"	0	0	0	1	0.414	0.191	0.083	0.312	-0.232	-0.092	-0.038	0.505	0.867	"4"
"上"	0	3	0	1	1.656	0.762	0.332	1.25	-0.928	1.625	-0.151	-0.201	2.905	"2"
"上乘"	0	0	0	1	0.414	0.191	0.083	0.312	-0.232	-0.092	-0.038	0.505	0.867	"4"
"上佳"	0	0	1	0	0.414	0.191	0.083	0.312	-0.232	-0.092	1.08	-0.163	1.567	"3"
"上半时"	0	0	0	1	0.414	0.191	0.083	0.312	-0.232	-0.092	-0.038	0.505	0.867	"4"
"上场"	0	0	0	1	0.414	0.191	0.083	0.312	-0.232	-0.092	-0.038	0.505	0.867	"4"
"上市"	0	2	0	0	0.828	0.381	0.166	0.625	-0.464	1.44	-0.075	-0.325	2.304	"2"
"上柜"	0	3	0	0	1.242	0.572	0.249	0.937	-0.696	2.16	-0.113	-0.488	3.457	"2"
"上色"	0	0	0	1	0.414	0.191	0.083	0.312	-0.232	-0.092	-0.038	0.505	0.867	"4"
"上路"	1	0	0	0	0.414	0.191	0.083	0.312	0.383	-0.092	-0.038	-0.163	0.676	"1"
"上述"	0	0	1	0	0.414	0.191	0.083	0.312	-0.232	-0.092	1.08	-0.163	1.567	"3"
"上阵"	0	0	0	1	0.414	0.191	0.083	0.312	-0.232	-0.092	-0.038	0.505	0.867	"4"
"下"	0	1	0	0	0.414	0.191	0.083	0.312	-0.232	0.72	-0.038	-0.163	1.153	"2"
"不"	0	6	0	24	12.418	5.716	2.493	9.373	-6.962	0.284	-1.13	7.279	15.655	"4"
"不一"	0	3	0	0	1.242	0.572	0.249	0.937	-0.696	2.16	-0.113	-0.488	3.457	"2"
"不佳"	0	6	0	0	2.484	1.143	0.499	1.875	-1.392	4.32	-0.226	-0.976	6.914	"2"
"不可"	3	0	0	0	1.242	0.572	0.249	0.937	1.149	-0.275	-0.113	-0.488	2.025	"1"
"不可能"	2	0	0	0	0.828	0.381	0.166	0.625	0.766	-0.184	-0.075	-0.325	1.35	"1"
"不如"	0	0	1	1	0.828	0.381	0.166	0.625	-0.464	-0.184	0.798	0.278	1.724	"3"
"不实"	1	0	0	0	0.414	0.191	0.083	0.312	0.383	-0.092	-0.038	-0.163	0.676	"1"
"不尽"	0	0	0	1	0.414	0.191	0.083	0.312	-0.232	-0.092	-0.038	0.505	0.867	"4"
"不当"	3	0	0	0	1.242	0.572	0.249	0.937	1.149	-0.275	-0.113	-0.488	2.025	"1"
"不得"	3	0	0	0	1.242	0.572	0.249	0.937	1.149	-0.275	-0.113	-0.488	2.025	"1"
"不必要"	1	0	0	0	0.414	0.191	0.083	0.312	0.383	-0.092	-0.038	-0.163	0.676	"1"
"不文"	1	0	0	0	0.414	0.191	0.083	0.312	0.383	-0.092	-0.038	-0.163	0.676	"1"
"不无"	1	0	0	0	0.414	0.191	0.083	0.312	0.383	-0.092	-0.038	-0.163	0.676	"1"
"不智"	1	0	0	0	0.414	0.191	0.083	0.312	0.383	-0.092	-0.038	-0.163	0.676	"1"
"不比"	0	1	0	0	0.414	0.191	0.083	0.312	-0.232	0.72	-0.038	-0.163	1.153	"2"
"不法"	2	0	0	0	0.828	0.381	0.166	0.625	0.766	-0.184	-0.075	-0.325	1.35	"1"
"不法者"	1	0	0	0	0.414	0.191	0.083	0.312	0.383	-0.092	-0.038	-0.163	0.676	"1"
"不济"	0	1	0	0	0.414	0.191	0.083	0.312	-0.232	0.72	-0.038	-0.163	1.153	"2"
"不清"	1	0	0	0	0.414	0.191	0.083	0.312	0.383	-0.092	-0.038	-0.163	0.676	"1"
"不满"	2	0	0	0	0.828	0.381	0.166	0.625	0.766	-0.184	-0.075	-0.325	1.35	"1"
"不确定性"	0	0	1	0	0.414	0.191	0.083	0.312	-0.232	-0.092	1.08	-0.163	1.567	"3"
"不良"	4	0	0	0	1.656	0.762	0.332	1.25	1.532	-0.367	-0.151	-0.651	2.701	"1"
"不规"	1	0	0	0	0.414	0.191	0.083	0.312	0.383	-0.092	-0.038	-0.163	0.676	"1"
"不许"	2	0	0	0	0.828	0.381	0.166	0.625	0.766	-0.184	-0.075	-0.325	1.35	"1"
"不负众望"	0	1	0	0	0.414	0.191	0.083	0.312	-0.232	0.72	-0.038	-0.163	1.153	"2"
"不道德"	2	0	0	0	0.828	0.381	0.166	0.625	0.766	-0.184	-0.075	-0.325	1.35	"1"
"不错"	0	1	0	13	5.795	2.668	1.163	4.374	-3.249	-0.652	-0.527	5.571	9.999	"4"
"不顾"	0	0	1	0	0.414	0.191	0.083	0.312	-0.232	-0.092	1.08	-0.163	1.567	"3"
"专设"	0	0	0	1	0.414	0.191	0.083	0.312	-0.232	-0.092	-0.038	0.505	0.867	"4"
"专项"	1	0	0	0	0.414	0.191	0.083	0.312	0.383	-0.092	-0.038	-0.163	0.676	"1"
"世人"	0	1	0	0	0.414	0.191	0.083	0.312	-0.232	0.72	-0.038	-0.163	1.153	"2"
"世界史"	0	0	1	0	0.414	0.191	0.083	0.312	-0.232	-0.092	1.08	-0.163	1.567	"3"
"世界杯"	0	0	0	1	0.414	0.191	0.083	0.312	-0.232	-0.092	-0.038	0.505	0.867	"4"
"业主"	1	0	0	0	0.414	0.191	0.083	0.312	0.383	-0.092	-0.038	-0.163	0.676	"1"
"业绩"	0	5	0	0	2.07	0.953	0.415	1.562	-1.16	3.6	-0.188	-0.813	5.761	"2"
"东森"	0	1	0	0	0.414	0.191	0.083	0.312	-0.232	0.72	-0.038	-0.163	1.153	"2"
"严厉"	2	0	0	0	0.828	0.381	0.166	0.625	0.766	-0.184	-0.075	-0.325	1.35	"1"
"严惩"	3	0	0	0	1.242	0.572	0.249	0.937	1.149	-0.275	-0.113	-0.488	2.025	"1"
"严肃"	2	0	0	0	0.828	0.381	0.166	0.625	0.766	-0.184	-0.075	-0.325	1.35	"1"
"严重"	3	0	0	0	1.242	0.572	0.249	0.937	1.149	-0.275	-0.113	-0.488	2.025	"1"
"个人"	5	0	0	0	2.07	0.953	0.415	1.562	1.915	-0.459	-0.188	-0.813	3.375	"1"
"个别"	0	0	0	1	0.414	0.191	0.083	0.312	-0.232	-0.092	-0.038	0.505	0.867	"4"
"个股"	0	3	0	0	1.242	0.572	0.249	0.937	-0.696	2.16	-0.113	-0.488	3.457	"2"
"中国人民"	1	0	0	0	0.414	0.191	0.083	0.312	0.383	-0.092	-0.038	-0.163	0.676	"1"
"中国史"	0	0	1	0	0.414	0.191	0.083	0.312	-0.232	-0.092	1.08	-0.163	1.567	"3"
"中国队"	0	0	0	2	0.828	0.381	0.166	0.625	-0.464	-0.184	-0.075	1.01	1.733	"4"
"中场"	0	0	0	1	0.414	0.191	0.083	0.312	-0.232	-0.092	-0.038	0.505	0.867	"4"
"中都"	0	0	0	1	0.414	0.191	0.083	0.312	-0.232	-0.092	-0.038	0.505	0.867	"4"
"中锋"	0	0	0	1	0.414	0.191	0.083	0.312	-0.232	-0.092	-0.038	0.505	0.867	"4"
"临床"	0	0	1	0	0.414	0.191	0.083	0.312	-0.232	-0.092	1.08	-0.163	1.567	"3"
"丹麦队"	0	0	0	1	0.414	0.191	0.083	0.312	-0.232	-0.092	-0.038	0.505	0.867	"4"
"为主体"	0	0	0	1	0.414	0.191	0.083	0.312	-0.232	-0.092	-0.038	0.505	0.867	"4"
"为由"	1	0	0	0	0.414	0.191	0.083	0.312	0.383	-0.092	-0.038	-0.163	0.676	"1"
"主义"	4	0	0	0	1.656	0.762	0.332	1.25	1.532	-0.367	-0.151	-0.651	2.701	"1"
"主因"	0	1	0	0	0.414	0.191	0.083	0.312	-0.232	0.72	-0.038	-0.163	1.153	"2"
"主场"	0	1	0	2	1.242	0.572	0.249	0.937	-0.696	0.328	-0.113	0.635	1.772	"1"
"主控官"	1	0	0	0	0.414	0.191	0.083	0.312	0.383	-0.092	-0.038	-0.163	0.676	"1"
"主要"	0	0	0	1	0.414	0.191	0.083	0.312	-0.232	-0.092	-0.038	0.505	0.867	"4"
"举止"	0	0	2	0	0.828	0.381	0.166	0.625	-0.464	-0.184	2.161	-0.325	3.134	"3"
"之"	1	0	0	0	0.414	0.191	0.083	0.312	0.383	-0.092	-0.038	-0.163	0.676	"1"
"乎"	0	1	0	0	0.414	0.191	0.083	0.312	-0.232	0.72	-0.038	-0.163	1.153	"2"
"乏"	0	1	0	0	0.414	0.191	0.083	0.312	-0.232	0.72	-0.038	-0.163	1.153	"2"
"乐观"	0	0	0	1	0.414	0.191	0.083	0.312	-0.232	-0.092	-0.038	0.505	0.867	"4"
"乔丹"	0	0	0	1	0.414	0.191	0.083	0.312	-0.232	-0.092	-0.038	0.505	0.867	"4"
"习惯"	0	0	2	0	0.828	0.381	0.166	0.625	-0.464	-0.184	2.161	-0.325	3.134	"3"
"乡镇企业"	1	0	0	0	0.414	0.191	0.083	0.312	0.383	-0.092	-0.038	-0.163	0.676	"1"
"买卖"	1	0	0	0	0.414	0.191	0.083	0.312	0.383	-0.092	-0.038	-0.163	0.676	"1"
"乱"	1	0	0	0	0.414	0.191	0.083	0.312	0.383	-0.092	-0.038	-0.163	0.676	"1"
"了得"	0	0	0	1	0.414	0.191	0.083	0.312	-0.232	-0.092	-0.038	0.505	0.867	"4"
"予"	1	0	0	0	0.414	0.191	0.083	0.312	0.383	-0.092	-0.038	-0.163	0.676	"1"
"予以"	3	0	0	0	1.242	0.572	0.249	0.937	1.149	-0.275	-0.113	-0.488	2.025	"1"
"事蹟"	0	0	0	1	0.414	0.191	0.083	0.312	-0.232	-0.092	-0.038	0.505	0.867	"4"
"二○○○年"	0	2	0	0	0.828	0.381	0.166	0.625	-0.464	1.44	-0.075	-0.325	2.304	"2"
"二000年"	0	0	0	1	0.414	0.191	0.083	0.312	-0.232	-0.092	-0.038	0.505	0.867	"4"
"五八○○"	0	1	0	0	0.414	0.191	0.083	0.312	-0.232	0.72	-0.038	-0.163	1.153	"2"
"井浚泓"	0	0	0	1	0.414	0.191	0.083	0.312	-0.232	-0.092	-0.038	0.505	0.867	"4"
"亚洲人"	1	0	0	0	0.414	0.191	0.083	0.312	0.383	-0.092	-0.038	-0.163	0.676	"1"
"些"	0	0	1	0	0.414	0.191	0.083	0.312	-0.232	-0.092	1.08	-0.163	1.567	"3"
"交易"	2	0	0	0	0.828	0.381	0.166	0.625	0.766	-0.184	-0.075	-0.325	1.35	"1"
"亦"	0	1	0	1	0.828	0.381	0.166	0.625	-0.464	0.462	-0.075	0.278	1.279	"1"
"产业股"	0	1	0	0	0.414	0.191	0.083	0.312	-0.232	0.72	-0.038	-0.163	1.153	"2"
"产生"	1	0	0	0	0.414	0.191	0.083	0.312	0.383	-0.092	-0.038	-0.163	0.676	"1"
"亮丽"	0	0	0	1	0.414	0.191	0.083	0.312	-0.232	-0.092	-0.038	0.505	0.867	"4"
"亮眼"	0	0	0	2	0.828	0.381	0.166	0.625	-0.464	-0.184	-0.075	1.01	1.733	"4"
"亵职"	1	0	0	0	0.414	0.191	0.083	0.312	0.383	-0.092	-0.038	-0.163	0.676	"1"
"人像"	0	0	0	1	0.414	0.191	0.083	0.312	-0.232	-0.092	-0.038	0.505	0.867	"4"
"人品"	0	0	0	1	0.414	0.191	0.083	0.312	-0.232	-0.092	-0.038	0.505	0.867	"4"
"人权"	2	0	0	0	0.828	0.381	0.166	0.625	0.766	-0.184	-0.075	-0.325	1.35	"1"
"人类"	1	0	0	0	0.414	0.191	0.083	0.312	0.383	-0.092	-0.038	-0.163	0.676	"1"
"人道"	1	0	0	0	0.414	0.191	0.083	0.312	0.383	-0.092	-0.038	-0.163	0.676	"1"
"人队"	0	0	0	1	0.414	0.191	0.083	0.312	-0.232	-0.092	-0.038	0.505	0.867	"4"
"人际"	1	0	0	0	0.414	0.191	0.083	0.312	0.383	-0.092	-0.038	-0.163	0.676	"1"
"今日"	0	2	0	0	0.828	0.381	0.166	0.625	-0.464	1.44	-0.075	-0.325	2.304	"2"
"仍"	0	7	0	3	4.139	1.905	0.831	3.124	-2.321	3.198	-0.377	-0.21	6.106	"2"
"仍然"	0	0	0	1	0.414	0.191	0.083	0.312	-0.232	-0.092	-0.038	0.505	0.867	"4"
"从事"	6	0	0	0	2.484	1.143	0.499	1.875	2.298	-0.551	-0.226	-0.976	4.051	"1"
"仗"	0	0	0	1	0.414	0.191	0.083	0.312	-0.232	-0.092	-0.038	0.505	0.867	"4"
"付款单"	1	0	0	0	0.414	0.191	0.083	0.312	0.383	-0.092	-0.038	-0.163	0.676	"1"
"令"	0	2	0	2	1.656	0.762	0.332	1.25	-0.928	0.779	-0.151	0.431	2.289	"1"
"们赛"	0	0	0	1	0.414	0.191	0.083	0.312	-0.232	-0.092	-0.038	0.505	0.867	"4"
"价格"	3	0	0	0	1.242	0.572	0.249	0.937	1.149	-0.275	-0.113	-0.488	2.025	"1"
"任何"	13	0	0	0	5.381	2.477	1.08	4.062	4.98	-1.194	-0.49	-2.115	8.779	"1"
"任意"	1	0	0	0	0.414	0.191	0.083	0.312	0.383	-0.092	-0.038	-0.163	0.676	"1"
"任职"	1	0	0	0	0.414	0.191	0.083	0.312	0.383	-0.092	-0.038	-0.163	0.676	"1"
"优异"	0	1	0	7	3.311	1.524	0.665	2.5	-1.856	-0.275	-0.301	2.772	5.204	"4"
"优秀"	0	0	0	1	0.414	0.191	0.083	0.312	-0.232	-0.092	-0.038	0.505	0.867	"4"
"优雅"	0	0	1	0	0.414	0.191	0.083	0.312	-0.232	-0.092	1.08	-0.163	1.567	"3"
"伤人"	1	0	0	0	0.414	0.191	0.083	0.312	0.383	-0.092	-0.038	-0.163	0.676	"1"
"低价"	1	0	0	0	0.414	0.191	0.083	0.312	0.383	-0.092	-0.038	-0.163	0.676	"1"
"低价股"	0	2	0	0	0.828	0.381	0.166	0.625	-0.464	1.44	-0.075	-0.325	2.304	"2"
"低调"	0	0	0	1	0.414	0.191	0.083	0.312	-0.232	-0.092	-0.038	0.505	0.867	"4"
"体坛"	0	1	0	0	0.414	0.191	0.083	0.312	-0.232	0.72	-0.038	-0.163	1.153	"2"
"作出"	4	0	0	0	1.656	0.762	0.332	1.25	1.532	-0.367	-0.151	-0.651	2.701	"1"
"作弊"	1	0	0	0	0.414	0.191	0.083	0.312	0.383	-0.092	-0.038	-0.163	0.676	"1"
"佣金"	2	0	0	0	0.828	0.381	0.166	0.625	0.766	-0.184	-0.075	-0.325	1.35	"1"
"佳"	0	5	0	1	2.484	1.143	0.499	1.875	-1.392	2.897	-0.226	-0.405	4.92	"2"
"供销社"	1	0	0	0	0.414	0.191	0.083	0.312	0.383	-0.092	-0.038	-0.163	0.676	"1"
"依法"	6	0	0	0	2.484	1.143	0.499	1.875	2.298	-0.551	-0.226	-0.976	4.051	"1"
"依然"	0	0	0	1	0.414	0.191	0.083	0.312	-0.232	-0.092	-0.038	0.505	0.867	"4"
"依照"	1	0	0	0	0.414	0.191	0.083	0.312	0.383	-0.092	-0.038	-0.163	0.676	"1"
"侵害"	1	0	0	0	0.414	0.191	0.083	0.312	0.383	-0.092	-0.038	-0.163	0.676	"1"
"侵犯"	2	0	0	0	0.828	0.381	0.166	0.625	0.766	-0.184	-0.075	-0.325	1.35	"1"
"侵犯奥"	1	0	0	0	0.414	0.191	0.083	0.312	0.383	-0.092	-0.038	-0.163	0.676	"1"
"侵略"	2	0	0	0	0.828	0.381	0.166	0.625	0.766	-0.184	-0.075	-0.325	1.35	"1"
"俗"	0	0	0	8	3.311	1.524	0.665	2.5	-1.856	-0.734	-0.301	4.042	6.933	"4"
"信心"	0	5	0	1	2.484	1.143	0.499	1.875	-1.392	2.897	-0.226	-0.405	4.92	"2"
"倾"	1	0	0	0	0.414	0.191	0.083	0.312	0.383	-0.092	-0.038	-0.163	0.676	"1"
"假"	2	0	0	0	0.828	0.381	0.166	0.625	0.766	-0.184	-0.075	-0.325	1.35	"1"
"做出"	2	0	0	0	0.828	0.381	0.166	0.625	0.766	-0.184	-0.075	-0.325	1.35	"1"
"停放者"	1	0	0	0	0.414	0.191	0.083	0.312	0.383	-0.092	-0.038	-0.163	0.676	"1"
"停止"	4	0	0	0	1.656	0.762	0.332	1.25	1.532	-0.367	-0.151	-0.651	2.701	"1"
"停车"	2	0	0	0	0.828	0.381	0.166	0.625	0.766	-0.184	-0.075	-0.325	1.35	"1"
"偷"	2	0	0	0	0.828	0.381	0.166	0.625	0.766	-0.184	-0.075	-0.325	1.35	"1"
"偷渡"	1	0	0	0	0.414	0.191	0.083	0.312	0.383	-0.092	-0.038	-0.163	0.676	"1"
"偷猎"	1	0	0	0	0.414	0.191	0.083	0.312	0.383	-0.092	-0.038	-0.163	0.676	"1"
"充分"	0	0	1	0	0.414	0.191	0.083	0.312	-0.232	-0.092	1.08	-0.163	1.567	"3"
"光头"	0	0	0	1	0.414	0.191	0.083	0.312	-0.232	-0.092	-0.038	0.505	0.867	"4"
"党员"	1	0	0	0	0.414	0.191	0.083	0.312	0.383	-0.092	-0.038	-0.163	0.676	"1"
"全"	0	1	0	2	1.242	0.572	0.249	0.937	-0.696	0.328	-0.113	0.635	1.772	"1"
"全然"	0	0	1	0	0.414	0.191	0.083	0.312	-0.232	-0.092	1.08	-0.163	1.567	"3"
"公众"	3	0	0	0	1.242	0.572	0.249	0.937	1.149	-0.275	-0.113	-0.488	2.025	"1"
"公平会"	2	0	0	0	0.828	0.381	0.166	0.625	0.766	-0.184	-0.075	-0.325	1.35	"1"
"公开"	3	0	0	0	1.242	0.572	0.249	0.937	1.149	-0.275	-0.113	-0.488	2.025	"1"
"公开赛"	0	0	0	3	1.242	0.572	0.249	0.937	-0.696	-0.275	-0.113	1.516	2.6	"4"
"公德心"	1	0	0	0	0.414	0.191	0.083	0.312	0.383	-0.092	-0.038	-0.163	0.676	"1"
"公正"	1	0	0	0	0.414	0.191	0.083	0.312	0.383	-0.092	-0.038	-0.163	0.676	"1"
"公民"	1	0	0	0	0.414	0.191	0.083	0.312	0.383	-0.092	-0.038	-0.163	0.676	"1"
"公然"	0	0	1	0	0.414	0.191	0.083	0.312	-0.232	-0.092	1.08	-0.163	1.567	"3"
"公物"	1	0	0	0	0.414	0.191	0.083	0.312	0.383	-0.092	-0.038	-0.163	0.676	"1"
"公约"	1	0	0	0	0.414	0.191	0.083	0.312	0.383	-0.092	-0.038	-0.163	0.676	"1"
"公馆"	1	0	0	0	0.414	0.191	0.083	0.312	0.383	-0.092	-0.038	-0.163	0.676	"1"
"关系到"	1	0	0	0	0.414	0.191	0.083	0.312	0.383	-0.092	-0.038	-0.163	0.676	"1"
"其"	5	0	0	0	2.07	0.953	0.415	1.562	1.915	-0.459	-0.188	-0.813	3.375	"1"
"具体"	3	0	0	0	1.242	0.572	0.249	0.937	1.149	-0.275	-0.113	-0.488	2.025	"1"
"养成"	1	0	0	0	0.414	0.191	0.083	0.312	0.383	-0.092	-0.038	-0.163	0.676	"1"
"内在"	0	1	0	0	0.414	0.191	0.083	0.312	-0.232	0.72	-0.038	-0.163	1.153	"2"
"冒犯"	1	0	0	0	0.414	0.191	0.083	0.312	0.383	-0.092	-0.038	-0.163	0.676	"1"
"写作"	0	0	1	0	0.414	0.191	0.083	0.312	-0.232	-0.092	1.08	-0.163	1.567	"3"
"写实"	0	0	1	0	0.414	0.191	0.083	0.312	-0.232	-0.092	1.08	-0.163	1.567	"3"
"军舰"	1	0	0	0	0.414	0.191	0.083	0.312	0.383	-0.092	-0.038	-0.163	0.676	"1"
"军警"	1	0	0	0	0.414	0.191	0.083	0.312	0.383	-0.092	-0.038	-0.163	0.676	"1"
"冲动"	1	0	0	1	0.828	0.381	0.166	0.625	0.183	-0.184	-0.075	0.278	0.72	"4"
"决不"	2	0	0	0	0.828	0.381	0.166	0.625	0.766	-0.184	-0.075	-0.325	1.35	"1"
"准则"	1	0	0	0	0.414	0.191	0.083	0.312	0.383	-0.092	-0.038	-0.163	0.676	"1"
"减缓"	0	1	0	0	0.414	0.191	0.083	0.312	-0.232	0.72	-0.038	-0.163	1.153	"2"
"凭"	0	0	0	1	0.414	0.191	0.083	0.312	-0.232	-0.092	-0.038	0.505	0.867	"4"
"凶器"	0	0	2	0	0.828	0.381	0.166	0.625	-0.464	-0.184	2.161	-0.325	3.134	"3"
"凶残"	1	0	0	0	0.414	0.191	0.083	0.312	0.383	-0.092	-0.038	-0.163	0.676	"1"
"凸显出"	1	0	0	0	0.414	0.191	0.083	0.312	0.383	-0.092	-0.038	-0.163	0.676	"1"
"出人意表"	0	0	0	1	0.414	0.191	0.083	0.312	-0.232	-0.092	-0.038	0.505	0.867	"4"
"出场"	0	1	0	1	0.828	0.381	0.166	0.625	-0.464	0.462	-0.075	0.278	1.279	"1"
"出境"	0	0	1	0	0.414	0.191	0.083	0.312	-0.232	-0.092	1.08	-0.163	1.567	"3"
"出版商"	1	0	0	0	0.414	0.191	0.083	0.312	0.383	-0.092	-0.038	-0.163	0.676	"1"
"出色"	0	0	0	9	3.725	1.715	0.748	2.812	-2.088	-0.826	-0.339	4.547	7.8	"4"
"击"	1	0	0	0	0.414	0.191	0.083	0.312	0.383	-0.092	-0.038	-0.163	0.676	"1"
"分数"	0	0	1	0	0.414	0.191	0.083	0.312	-0.232	-0.092	1.08	-0.163	1.567	"3"
"切实"	2	0	0	0	0.828	0.381	0.166	0.625	0.766	-0.184	-0.075	-0.325	1.35	"1"
"刑事"	2	0	0	0	0.828	0.381	0.166	0.625	0.766	-0.184	-0.075	-0.325	1.35	"1"
"刑律"	1	0	0	0	0.414	0.191	0.083	0.312	0.383	-0.092	-0.038	-0.163	0.676	"1"
"刑法"	2	0	0	0	0.828	0.381	0.166	0.625	0.766	-0.184	-0.075	-0.325	1.35	"1"
"列为"	2	0	0	0	0.828	0.381	0.166	0.625	0.766	-0.184	-0.075	-0.325	1.35	"1"
"创业板"	0	1	0	0	0.414	0.191	0.083	0.312	-0.232	0.72	-0.038	-0.163	1.153	"2"
"创作"	0	0	0	1	0.414	0.191	0.083	0.312	-0.232	-0.092	-0.038	0.505	0.867	"4"
"初赛"	0	0	0	1	0.414	0.191	0.083	0.312	-0.232	-0.092	-0.038	0.505	0.867	"4"
"利物浦队"	0	0	0	1	0.414	0.191	0.083	0.312	-0.232	-0.092	-0.038	0.505	0.867	"4"
"利益"	1	0	0	0	0.414	0.191	0.083	0.312	0.383	-0.092	-0.038	-0.163	0.676	"1"
"制假"	1	0	0	0	0.414	0.191	0.083	0.312	0.383	-0.092	-0.038	-0.163	0.676	"1"
"制止"	1	0	0	0	0.414	0.191	0.083	0.312	0.383	-0.092	-0.038	-0.163	0.676	"1"
"制造家"	0	0	0	1	0.414	0.191	0.083	0.312	-0.232	-0.092	-0.038	0.505	0.867	"4"
"削球"	0	0	0	2	0.828	0.381	0.166	0.625	-0.464	-0.184	-0.075	1.01	1.733	"4"
"削球手"	0	0	0	1	0.414	0.191	0.083	0.312	-0.232	-0.092	-0.038	0.505	0.867	"4"
"前沿"	0	0	0	1	0.414	0.191	0.083	0.312	-0.232	-0.092	-0.038	0.505	0.867	"4"
"前锋"	0	0	0	2	0.828	0.381	0.166	0.625	-0.464	-0.184	-0.075	1.01	1.733	"4"
"剖析"	0	0	1	0	0.414	0.191	0.083	0.312	-0.232	-0.092	1.08	-0.163	1.567	"3"
"劝告"	0	0	1	0	0.414	0.191	0.083	0.312	-0.232	-0.092	1.08	-0.163	1.567	"3"
"加上"	0	3	0	1	1.656	0.762	0.332	1.25	-0.928	1.625	-0.151	-0.201	2.905	"2"
"加以"	1	0	0	0	0.414	0.191	0.083	0.312	0.383	-0.092	-0.038	-0.163	0.676	"1"
"加分"	0	1	0	0	0.414	0.191	0.083	0.312	-0.232	0.72	-0.038	-0.163	1.153	"2"
"加工企"	1	0	0	0	0.414	0.191	0.083	0.312	0.383	-0.092	-0.038	-0.163	0.676	"1"
"加权"	0	1	0	0	0.414	0.191	0.083	0.312	-0.232	0.72	-0.038	-0.163	1.153	"2"
"加盟"	0	0	0	1	0.414	0.191	0.083	0.312	-0.232	-0.092	-0.038	0.505	0.867	"4"
"加重"	1	0	0	0	0.414	0.191	0.083	0.312	0.383	-0.092	-0.038	-0.163	0.676	"1"
"动机"	1	0	0	0	0.414	0.191	0.083	0.312	0.383	-0.092	-0.038	-0.163	0.676	"1"
"动物"	1	0	2	0	1.242	0.572	0.249	0.937	-0.202	-0.275	1.709	-0.488	2.674	"3"
"劲"	0	1	0	0	0.414	0.191	0.083	0.312	-0.232	0.72	-0.038	-0.163	1.153	"2"
"劳伦"	2	0	0	0	0.828	0.381	0.166	0.625	0.766	-0.184	-0.075	-0.325	1.35	"1"
"勇"	0	0	1	0	0.414	0.191	0.083	0.312	-0.232	-0.092	1.08	-0.163	1.567	"3"
"勇夺"	0	0	0	1	0.414	0.191	0.083	0.312	-0.232	-0.092	-0.038	0.505	0.867	"4"
"勇敢"	0	0	0	1	0.414	0.191	0.083	0.312	-0.232	-0.092	-0.038	0.505	0.867	"4"
"包庇"	1	0	0	0	0.414	0.191	0.083	0.312	0.383	-0.092	-0.038	-0.163	0.676	"1"
"区域"	0	1	0	0	0.414	0.191	0.083	0.312	-0.232	0.72	-0.038	-0.163	1.153	"2"
"十分"	0	0	0	1	0.414	0.191	0.083	0.312	-0.232	-0.092	-0.038	0.505	0.867	"4"
"午盘"	0	4	0	0	1.656	0.762	0.332	1.25	-0.928	2.88	-0.151	-0.651	4.61	"2"
"半"	0	5	0	1	2.484	1.143	0.499	1.875	-1.392	2.897	-0.226	-0.405	4.92	"2"
"半点"	1	0	0	0	0.414	0.191	0.083	0.312	0.383	-0.092	-0.038	-0.163	0.676	"1"
"华尔街"	0	1	0	0	0.414	0.191	0.083	0.312	-0.232	0.72	-0.038	-0.163	1.153	"2"
"卑劣"	1	0	0	0	0.414	0.191	0.083	0.312	0.383	-0.092	-0.038	-0.163	0.676	"1"
"卓越"	0	0	0	2	0.828	0.381	0.166	0.625	-0.464	-0.184	-0.075	1.01	1.733	"4"
"单方面"	1	0	0	0	0.414	0.191	0.083	0.312	0.383	-0.092	-0.038	-0.163	0.676	"1"
"单证"	1	0	0	0	0.414	0.191	0.083	0.312	0.383	-0.092	-0.038	-0.163	0.676	"1"
"卖压"	0	1	0	0	0.414	0.191	0.083	0.312	-0.232	0.72	-0.038	-0.163	1.153	"2"
"卖淫"	1	0	0	0	0.414	0.191	0.083	0.312	0.383	-0.092	-0.038	-0.163	0.676	"1"
"卖盘"	0	1	0	0	0.414	0.191	0.083	0.312	-0.232	0.72	-0.038	-0.163	1.153	"2"
"印尼队"	0	0	0	1	0.414	0.191	0.083	0.312	-0.232	-0.092	-0.038	0.505	0.867	"4"
"印章"	0	0	0	2	0.828	0.381	0.166	0.625	-0.464	-0.184	-0.075	1.01	1.733	"4"
"危及"	1	0	0	0	0.414	0.191	0.083	0.312	0.383	-0.092	-0.038	-0.163	0.676	"1"
"危害"	2	0	0	0	0.828	0.381	0.166	0.625	0.766	-0.184	-0.075	-0.325	1.35	"1"
"历届"	0	0	0	1	0.414	0.191	0.083	0.312	-0.232	-0.092	-0.038	0.505	0.867	"4"
"厚望"	0	0	0	1	0.414	0.191	0.083	0.312	-0.232	-0.092	-0.038	0.505	0.867	"4"
"原谅"	1	0	0	0	0.414	0.191	0.083	0.312	0.383	-0.092	-0.038	-0.163	0.676	"1"
"参院"	1	0	0	0	0.414	0.191	0.083	0.312	0.383	-0.092	-0.038	-0.163	0.676	"1"
"及时"	3	0	0	0	1.242	0.572	0.249	0.937	1.149	-0.275	-0.113	-0.488	2.025	"1"
"反"	1	0	0	0	0.414	0.191	0.083	0.312	0.383	-0.092	-0.038	-0.163	0.676	"1"
"反映"	0	1	1	0	0.828	0.381	0.166	0.625	-0.464	0.462	0.798	-0.325	2.049	"3"
"反派"	0	0	0	1	0.414	0.191	0.083	0.312	-0.232	-0.092	-0.038	0.505	0.867	"4"
"发"	0	0	0	1	0.414	0.191	0.083	0.312	-0.232	-0.092	-0.038	0.505	0.867	"4"
"发生"	3	0	0	0	1.242	0.572	0.249	0.937	1.149	-0.275	-0.113	-0.488	2.025	"1"
"取决"	0	0	0	1	0.414	0.191	0.083	0.312	-0.232	-0.092	-0.038	0.505	0.867	"4"
"取得"	0	1	0	3	1.656	0.762	0.332	1.25	-0.928	0.244	-0.151	1.03	2.353	"4"
"受到"	2	0	0	0	0.828	0.381	0.166	0.625	0.766	-0.184	-0.075	-0.325	1.35	"1"
"可圈可点"	0	0	0	2	0.828	0.381	0.166	0.625	-0.464	-0.184	-0.075	1.01	1.733	"4"
"可恶"	1	0	0	0	0.414	0.191	0.083	0.312	0.383	-0.092	-0.038	-0.163	0.676	"1"
"可惜"	0	0	0	2	0.828	0.381	0.166	0.625	-0.464	-0.184	-0.075	1.01	1.733	"4"
"可是"	0	1	0	0	0.414	0.191	0.083	0.312	-0.232	0.72	-0.038	-0.163	1.153	"2"
"可耻"	0	0	0	1	0.414	0.191	0.083	0.312	-0.232	-0.092	-0.038	0.505	0.867	"4"
"台北股"	0	1	0	0	0.414	0.191	0.083	0.312	-0.232	0.72	-0.038	-0.163	1.153	"2"
"史达克"	0	1	0	0	0.414	0.191	0.083	0.312	-0.232	0.72	-0.038	-0.163	1.153	"2"
"右势"	1	0	0	0	0.414	0.191	0.083	0.312	0.383	-0.092	-0.038	-0.163	0.676	"1"
"右派"	1	0	0	0	0.414	0.191	0.083	0.312	0.383	-0.092	-0.038	-0.163	0.676	"1"
"吃惊"	1	0	0	0	0.414	0.191	0.083	0.312	0.383	-0.092	-0.038	-0.163	0.676	"1"
"各路"	1	0	0	0	0.414	0.191	0.083	0.312	0.383	-0.092	-0.038	-0.163	0.676	"1"
"合法"	5	0	0	0	2.07	0.953	0.415	1.562	1.915	-0.459	-0.188	-0.813	3.375	"1"
"同居"	1	0	0	0	0.414	0.191	0.083	0.312	0.383	-0.092	-0.038	-0.163	0.676	"1"
"同性恋"	2	0	0	0	0.828	0.381	0.166	0.625	0.766	-0.184	-0.075	-0.325	1.35	"1"
"同样"	0	0	0	5	2.07	0.953	0.415	1.562	-1.16	-0.459	-0.188	2.526	4.333	"4"
"后卫"	0	0	0	1	0.414	0.191	0.083	0.312	-0.232	-0.092	-0.038	0.505	0.867	"4"
"后市"	0	2	0	0	0.828	0.381	0.166	0.625	-0.464	1.44	-0.075	-0.325	2.304	"2"
"后悔"	0	0	0	1	0.414	0.191	0.083	0.312	-0.232	-0.092	-0.038	0.505	0.867	"4"
"吐痰"	2	0	0	0	0.828	0.381	0.166	0.625	0.766	-0.184	-0.075	-0.325	1.35	"1"
"否则"	1	0	0	0	0.414	0.191	0.083	0.312	0.383	-0.092	-0.038	-0.163	0.676	"1"
"否认"	3	0	0	0	1.242	0.572	0.249	0.937	1.149	-0.275	-0.113	-0.488	2.025	"1"
"吸食"	1	0	0	0	0.414	0.191	0.083	0.312	0.383	-0.092	-0.038	-0.163	0.676	"1"
"吹口哨"	0	0	1	0	0.414	0.191	0.083	0.312	-0.232	-0.092	1.08	-0.163	1.567	"3"
"呈"	0	1	0	1	0.828	0.381	0.166	0.625	-0.464	0.462	-0.075	0.278	1.279	"1"
"员工"	0	0	2	0	0.828	0.381	0.166	0.625	-0.464	-0.184	2.161	-0.325	3.134	"3"
"周到"	0	1	0	0	0.414	0.191	0.083	0.312	-0.232	0.72	-0.038	-0.163	1.153	"2"
"命中率"	0	0	0	1	0.414	0.191	0.083	0.312	-0.232	-0.092	-0.038	0.505	0.867	"4"
"品性"	0	0	1	0	0.414	0.191	0.083	0.312	-0.232	-0.092	1.08	-0.163	1.567	"3"
"哄"	2	0	0	0	0.828	0.381	0.166	0.625	0.766	-0.184	-0.075	-0.325	1.35	"1"
"哄抢"	1	0	0	0	0.414	0.191	0.083	0.312	0.383	-0.092	-0.038	-0.163	0.676	"1"
"哥伦比亚队"	0	0	0	1	0.414	0.191	0.083	0.312	-0.232	-0.092	-0.038	0.505	0.867	"4"
"售假"	1	0	0	0	0.414	0.191	0.083	0.312	0.383	-0.092	-0.038	-0.163	0.676	"1"
"售后"	0	1	0	0	0.414	0.191	0.083	0.312	-0.232	0.72	-0.038	-0.163	1.153	"2"
"商业"	2	0	0	0	0.828	0.381	0.166	0.625	0.766	-0.184	-0.075	-0.325	1.35	"1"
"商情"	0	0	1	0	0.414	0.191	0.083	0.312	-0.232	-0.092	1.08	-0.163	1.567	"3"
"商标"	1	0	0	0	0.414	0.191	0.083	0.312	0.383	-0.092	-0.038	-0.163	0.676	"1"
"善心"	1	0	0	0	0.414	0.191	0.083	0.312	0.383	-0.092	-0.038	-0.163	0.676	"1"
"善足"	0	1	0	0	0.414	0.191	0.083	0.312	-0.232	0.72	-0.038	-0.163	1.153	"2"
"器官"	0	0	1	0	0.414	0.191	0.083	0.312	-0.232	-0.092	1.08	-0.163	1.567	"3"
"回稳"	0	1	0	0	0.414	0.191	0.083	0.312	-0.232	0.72	-0.038	-0.163	1.153	"2"
"回营"	0	1	0	0	0.414	0.191	0.083	0.312	-0.232	0.72	-0.038	-0.163	1.153	"2"
"回调"	0	1	0	0	0.414	0.191	0.083	0.312	-0.232	0.72	-0.038	-0.163	1.153	"2"
"国家队"	0	0	0	3	1.242	0.572	0.249	0.937	-0.696	-0.275	-0.113	1.516	2.6	"4"
"国际赛"	0	0	0	1	0.414	0.191	0.083	0.312	-0.232	-0.092	-0.038	0.505	0.867	"4"
"图利"	2	0	0	0	0.828	0.381	0.166	0.625	0.766	-0.184	-0.075	-0.325	1.35	"1"
"图拉尔"	0	0	0	1	0.414	0.191	0.083	0.312	-0.232	-0.092	-0.038	0.505	0.867	"4"
"土著人"	0	0	1	0	0.414	0.191	0.083	0.312	-0.232	-0.092	1.08	-0.163	1.567	"3"
"在场"	0	0	0	1	0.414	0.191	0.083	0.312	-0.232	-0.092	-0.038	0.505	0.867	"4"
"在校"	0	0	0	1	0.414	0.191	0.083	0.312	-0.232	-0.092	-0.038	0.505	0.867	"4"
"场"	0	3	0	8	4.553	2.096	0.914	3.437	-2.553	0.454	-0.414	2.246	5.667	"1"
"场合"	0	0	0	1	0.414	0.191	0.083	0.312	-0.232	-0.092	-0.038	0.505	0.867	"4"
"坚决"	1	0	0	0	0.414	0.191	0.083	0.312	0.383	-0.092	-0.038	-0.163	0.676	"1"
"坚固"	1	0	0	0	0.414	0.191	0.083	0.312	0.383	-0.092	-0.038	-0.163	0.676	"1"
"坚定"	0	1	0	0	0.414	0.191	0.083	0.312	-0.232	0.72	-0.038	-0.163	1.153	"2"
"坦然"	0	0	0	1	0.414	0.191	0.083	0.312	-0.232	-0.092	-0.038	0.505	0.867	"4"
"垄断"	1	0	1	0	0.828	0.381	0.166	0.625	0.183	-0.184	0.798	-0.325	1.49	"3"
"域名"	1	0	0	0	0.414	0.191	0.083	0.312	0.383	-0.092	-0.038	-0.163	0.676	"1"
"基本法"	1	0	0	0	0.414	0.191	0.083	0.312	0.383	-0.092	-0.038	-0.163	0.676	"1"
"基翁"	1	0	0	0	0.414	0.191	0.083	0.312	0.383	-0.092	-0.038	-0.163	0.676	"1"
"基金"	0	1	0	0	0.414	0.191	0.083	0.312	-0.232	0.72	-0.038	-0.163	1.153	"2"
"塑化"	0	1	0	0	0.414	0.191	0.083	0.312	-0.232	0.72	-0.038	-0.163	1.153	"2"
"塑造"	0	0	0	1	0.414	0.191	0.083	0.312	-0.232	-0.092	-0.038	0.505	0.867	"4"
"处以"	1	0	0	0	0.414	0.191	0.083	0.312	0.383	-0.092	-0.038	-0.163	0.676	"1"
"处分"	2	0	0	0	0.828	0.381	0.166	0.625	0.766	-0.184	-0.075	-0.325	1.35	"1"
"备受"	0	1	0	0	0.414	0.191	0.083	0.312	-0.232	0.72	-0.038	-0.163	1.153	"2"
"复市"	0	3	0	0	1.242	0.572	0.249	0.937	-0.696	2.16	-0.113	-0.488	3.457	"2"
"夏煊泽"	0	0	0	1	0.414	0.191	0.083	0.312	-0.232	-0.092	-0.038	0.505	0.867	"4"
"外型"	0	0	0	1	0.414	0.191	0.083	0.312	-0.232	-0.092	-0.038	0.505	0.867	"4"
"外贸"	0	1	0	0	0.414	0.191	0.083	0.312	-0.232	0.72	-0.038	-0.163	1.153	"2"
"外销"	0	0	0	1	0.414	0.191	0.083	0.312	-0.232	-0.092	-0.038	0.505	0.867	"4"
"多哥"	1	0	0	0	0.414	0.191	0.083	0.312	0.383	-0.092	-0.038	-0.163	0.676	"1"
"多渠"	0	0	1	0	0.414	0.191	0.083	0.312	-0.232	-0.092	1.08	-0.163	1.567	"3"
"夜间部"	0	0	0	1	0.414	0.191	0.083	0.312	-0.232	-0.092	-0.038	0.505	0.867	"4"
"大球"	0	0	0	1	0.414	0.191	0.083	0.312	-0.232	-0.092	-0.038	0.505	0.867	"4"
"大赛"	0	0	0	1	0.414	0.191	0.083	0.312	-0.232	-0.092	-0.038	0.505	0.867	"4"
"大跌"	0	1	0	0	0.414	0.191	0.083	0.312	-0.232	0.72	-0.038	-0.163	1.153	"2"
"大量"	1	0	0	0	0.414	0.191	0.083	0.312	0.383	-0.092	-0.038	-0.163	0.676	"1"
"天台股"	0	1	0	0	0.414	0.191	0.083	0.312	-0.232	0.72	-0.038	-0.163	1.153	"2"
"太"	0	2	0	2	1.656	0.762	0.332	1.25	-0.928	0.779	-0.151	0.431	2.289	"1"
"失察"	1	0	0	0	0.414	0.191	0.083	0.312	0.383	-0.092	-0.038	-0.163	0.676	"1"
"失常"	0	0	0	2	0.828	0.381	0.166	0.625	-0.464	-0.184	-0.075	1.01	1.733	"4"
"夸奖"	0	0	0	1	0.414	0.191	0.083	0.312	-0.232	-0.092	-0.038	0.505	0.867	"4"
"奋不顾身"	0	0	1	0	0.414	0.191	0.083	0.312	-0.232	-0.092	1.08	-0.163	1.567	"3"
"奎格雷"	0	1	0	0	0.414	0.191	0.083	0.312	-0.232	0.72	-0.038	-0.163	1.153	"2"
"奖励"	0	0	1	0	0.414	0.191	0.083	0.312	-0.232	-0.092	1.08	-0.163	1.567	"3"
"套汇"	1	0	0	0	0.414	0.191	0.083	0.312	0.383	-0.092	-0.038	-0.163	0.676	"1"
"奢侈"	0	0	1	0	0.414	0.191	0.083	0.312	-0.232	-0.092	1.08	-0.163	1.567	"3"
"奥卡"	0	0	0	2	0.828	0.381	0.166	0.625	-0.464	-0.184	-0.075	1.01	1.733	"4"
"奥林匹克"	3	0	0	0	1.242	0.572	0.249	0.937	1.149	-0.275	-0.113	-0.488	2.025	"1"
"奥运"	0	0	0	1	0.414	0.191	0.083	0.312	-0.232	-0.092	-0.038	0.505	0.867	"4"
"奥运会"	0	0	0	3	1.242	0.572	0.249	0.937	-0.696	-0.275	-0.113	1.516	2.6	"4"
"女篮"	0	0	0	1	0.414	0.191	0.083	0.312	-0.232	-0.092	-0.038	0.505	0.867	"4"
"女足"	0	0	1	0	0.414	0.191	0.083	0.312	-0.232	-0.092	1.08	-0.163	1.567	"3"
"好"	0	1	0	14	6.209	2.858	1.246	4.687	-3.481	-0.721	-0.565	6.047	10.814	"4"
"好坏"	0	1	0	0	0.414	0.191	0.083	0.312	-0.232	0.72	-0.038	-0.163	1.153	"2"
"好评"	0	1	0	0	0.414	0.191	0.083	0.312	-0.232	0.72	-0.038	-0.163	1.153	"2"
"如"	1	0	0	0	0.414	0.191	0.083	0.312	0.383	-0.092	-0.038	-0.163	0.676	"1"
"如此"	0	0	0	1	0.414	0.191	0.083	0.312	-0.232	-0.092	-0.038	0.505	0.867	"4"
"妇女权益"	0	0	1	0	0.414	0.191	0.083	0.312	-0.232	-0.092	1.08	-0.163	1.567	"3"
"姑息"	1	0	0	0	0.414	0.191	0.083	0.312	0.383	-0.092	-0.038	-0.163	0.676	"1"
"姿态"	0	0	0	1	0.414	0.191	0.083	0.312	-0.232	-0.092	-0.038	0.505	0.867	"4"
"婚丧喜庆"	1	0	0	0	0.414	0.191	0.083	0.312	0.383	-0.092	-0.038	-0.163	0.676	"1"
"媒介"	0	0	0	1	0.414	0.191	0.083	0.312	-0.232	-0.092	-0.038	0.505	0.867	"4"
"嫖娼"	1	0	0	0	0.414	0.191	0.083	0.312	0.383	-0.092	-0.038	-0.163	0.676	"1"
"存在"	1	0	0	0	0.414	0.191	0.083	0.312	0.383	-0.092	-0.038	-0.163	0.676	"1"
"季"	0	6	0	0	2.484	1.143	0.499	1.875	-1.392	4.32	-0.226	-0.976	6.914	"2"
"季度"	0	3	0	0	1.242	0.572	0.249	0.937	-0.696	2.16	-0.113	-0.488	3.457	"2"
"学业"	0	0	0	1	0.414	0.191	0.083	0.312	-0.232	-0.092	-0.038	0.505	0.867	"4"
"学好"	0	0	0	1	0.414	0.191	0.083	0.312	-0.232	-0.092	-0.038	0.505	0.867	"4"
"学科"	0	0	0	2	0.828	0.381	0.166	0.625	-0.464	-0.184	-0.075	1.01	1.733	"4"
"宇航"	0	0	0	2	0.828	0.381	0.166	0.625	-0.464	-0.184	-0.075	1.01	1.733	"4"
"安全性"	0	0	1	0	0.414	0.191	0.083	0.312	-0.232	-0.092	1.08	-0.163	1.567	"3"
"安全总"	0	1	0	0	0.414	0.191	0.083	0.312	-0.232	0.72	-0.038	-0.163	1.153	"2"
"安危"	0	0	1	0	0.414	0.191	0.083	0.312	-0.232	-0.092	1.08	-0.163	1.567	"3"
"安琦"	0	0	0	1	0.414	0.191	0.083	0.312	-0.232	-0.092	-0.038	0.505	0.867	"4"
"安非他命"	1	0	0	0	0.414	0.191	0.083	0.312	0.383	-0.092	-0.038	-0.163	0.676	"1"
"完善"	1	0	0	0	0.414	0.191	0.083	0.312	0.383	-0.092	-0.038	-0.163	0.676	"1"
"宗教"	2	0	0	0	0.828	0.381	0.166	0.625	0.766	-0.184	-0.075	-0.325	1.35	"1"
"定罪"	1	0	0	0	0.414	0.191	0.083	0.312	0.383	-0.092	-0.038	-0.163	0.676	"1"
"审结"	0	0	1	0	0.414	0.191	0.083	0.312	-0.232	-0.092	1.08	-0.163	1.567	"3"
"审计"	1	0	0	0	0.414	0.191	0.083	0.312	0.383	-0.092	-0.038	-0.163	0.676	"1"
"宣战"	1	0	0	0	0.414	0.191	0.083	0.312	0.383	-0.092	-0.038	-0.163	0.676	"1"
"宪制"	1	0	0	0	0.414	0.191	0.083	0.312	0.383	-0.092	-0.038	-0.163	0.676	"1"
"家庭"	2	0	0	0	0.828	0.381	0.166	0.625	0.766	-0.184	-0.075	-0.325	1.35	"1"
"家庭暴力"	1	0	0	0	0.414	0.191	0.083	0.312	0.383	-0.092	-0.038	-0.163	0.676	"1"
"家长"	0	0	0	1	0.414	0.191	0.083	0.312	-0.232	-0.092	-0.038	0.505	0.867	"4"
"容忍"	2	0	0	0	0.828	0.381	0.166	0.625	0.766	-0.184	-0.075	-0.325	1.35	"1"
"容留"	1	0	0	0	0.414	0.191	0.083	0.312	0.383	-0.092	-0.038	-0.163	0.676	"1"
"宾格尔省"	1	0	0	0	0.414	0.191	0.083	0.312	0.383	-0.092	-0.038	-0.163	0.676	"1"
"导致"	0	0	1	0	0.414	0.191	0.083	0.312	-0.232	-0.092	1.08	-0.163	1.567	"3"
"封关日"	0	1	0	0	0.414	0.191	0.083	0.312	-0.232	0.72	-0.038	-0.163	1.153	"2"
"射脚"	0	0	0	1	0.414	0.191	0.083	0.312	-0.232	-0.092	-0.038	0.505	0.867	"4"
"小布希"	0	0	0	1	0.414	0.191	0.083	0.312	-0.232	-0.092	-0.038	0.505	0.867	"4"
"小组赛"	0	0	0	2	0.828	0.381	0.166	0.625	-0.464	-0.184	-0.075	1.01	1.733	"4"
"小额"	1	0	0	0	0.414	0.191	0.083	0.312	0.383	-0.092	-0.038	-0.163	0.676	"1"
"尖子"	0	0	0	1	0.414	0.191	0.083	0.312	-0.232	-0.092	-0.038	0.505	0.867	"4"
"尤"	0	0	0	1	0.414	0.191	0.083	0.312	-0.232	-0.092	-0.038	0.505	0.867	"4"
"尤伯杯"	0	0	0	1	0.414	0.191	0.083	0.312	-0.232	-0.092	-0.038	0.505	0.867	"4"
"尤其"	0	0	0	3	1.242	0.572	0.249	0.937	-0.696	-0.275	-0.113	1.516	2.6	"4"
"尽管"	0	2	0	0	0.828	0.381	0.166	0.625	-0.464	1.44	-0.075	-0.325	2.304	"2"
"尽致"	0	0	0	1	0.414	0.191	0.083	0.312	-0.232	-0.092	-0.038	0.505	0.867	"4"
"展现出"	1	0	0	0	0.414	0.191	0.083	0.312	0.383	-0.092	-0.038	-0.163	0.676	"1"
"属"	1	0	0	0	0.414	0.191	0.083	0.312	0.383	-0.092	-0.038	-0.163	0.676	"1"
"属于"	2	0	0	0	0.828	0.381	0.166	0.625	0.766	-0.184	-0.075	-0.325	1.35	"1"
"崔鹏"	0	0	0	1	0.414	0.191	0.083	0.312	-0.232	-0.092	-0.038	0.505	0.867	"4"
"川口"	0	0	0	1	0.414	0.191	0.083	0.312	-0.232	-0.092	-0.038	0.505	0.867	"4"
"差"	0	1	0	0	0.414	0.191	0.083	0.312	-0.232	0.72	-0.038	-0.163	1.153	"2"
"巴旺队"	0	0	0	1	0.414	0.191	0.083	0.312	-0.232	-0.092	-0.038	0.505	0.867	"4"
"布赖恩特"	0	0	0	1	0.414	0.191	0.083	0.312	-0.232	-0.092	-0.038	0.505	0.867	"4"
"带动"	0	1	0	1	0.828	0.381	0.166	0.625	-0.464	0.462	-0.075	0.278	1.279	"1"
"干咳"	0	0	1	0	0.414	0.191	0.083	0.312	-0.232	-0.092	1.08	-0.163	1.567	"3"
"干扰"	1	0	0	0	0.414	0.191	0.083	0.312	0.383	-0.092	-0.038	-0.163	0.676	"1"
"干涉"	1	0	0	0	0.414	0.191	0.083	0.312	0.383	-0.092	-0.038	-0.163	0.676	"1"
"干部"	2	0	0	0	0.828	0.381	0.166	0.625	0.766	-0.184	-0.075	-0.325	1.35	"1"
"平平"	0	0	0	1	0.414	0.191	0.083	0.312	-0.232	-0.092	-0.038	0.505	0.867	"4"
"平民"	1	0	0	0	0.414	0.191	0.083	0.312	0.383	-0.092	-0.038	-0.163	0.676	"1"
"平盘"	0	1	0	0	0.414	0.191	0.083	0.312	-0.232	0.72	-0.038	-0.163	1.153	"2"
"平稳"	0	1	0	0	0.414	0.191	0.083	0.312	-0.232	0.72	-0.038	-0.163	1.153	"2"
"年新"	0	1	0	0	0.414	0.191	0.083	0.312	-0.232	0.72	-0.038	-0.163	1.153	"2"
"并未"	0	0	0	1	0.414	0.191	0.083	0.312	-0.232	-0.092	-0.038	0.505	0.867	"4"
"幼狮"	0	0	0	1	0.414	0.191	0.083	0.312	-0.232	-0.092	-0.038	0.505	0.867	"4"
"幼稚"	0	0	0	1	0.414	0.191	0.083	0.312	-0.232	-0.092	-0.038	0.505	0.867	"4"
"广告"	3	0	0	0	1.242	0.572	0.249	0.937	1.149	-0.275	-0.113	-0.488	2.025	"1"
"库藏股"	0	2	0	0	0.828	0.381	0.166	0.625	-0.464	1.44	-0.075	-0.325	2.304	"2"
"庭打"	0	0	0	1	0.414	0.191	0.083	0.312	-0.232	-0.092	-0.038	0.505	0.867	"4"
"康柏"	0	0	0	1	0.414	0.191	0.083	0.312	-0.232	-0.092	-0.038	0.505	0.867	"4"
"延续到"	1	0	0	0	0.414	0.191	0.083	0.312	0.383	-0.092	-0.038	-0.163	0.676	"1"
"建管处"	1	0	0	0	0.414	0.191	0.083	0.312	0.383	-0.092	-0.038	-0.163	0.676	"1"
"开市"	0	1	0	0	0.414	0.191	0.083	0.312	-0.232	0.72	-0.038	-0.163	1.153	"2"
"开播"	0	1	0	0	0.414	0.191	0.083	0.312	-0.232	0.72	-0.038	-0.163	1.153	"2"
"异"	0	0	0	2	0.828	0.381	0.166	0.625	-0.464	-0.184	-0.075	1.01	1.733	"4"
"弄虚作假"	1	0	0	0	0.414	0.191	0.083	0.312	0.383	-0.092	-0.038	-0.163	0.676	"1"
"引人注目"	0	0	0	1	0.414	0.191	0.083	0.312	-0.232	-0.092	-0.038	0.505	0.867	"4"
"引发"	1	0	0	0	0.414	0.191	0.083	0.312	0.383	-0.092	-0.038	-0.163	0.676	"1"
"引起"	4	0	0	0	1.656	0.762	0.332	1.25	1.532	-0.367	-0.151	-0.651	2.701	"1"
"张怡宁"	0	0	0	1	0.414	0.191	0.083	0.312	-0.232	-0.092	-0.038	0.505	0.867	"4"
"张惟闵"	0	1	0	0	0.414	0.191	0.083	0.312	-0.232	0.72	-0.038	-0.163	1.153	"2"
"弱"	0	0	0	1	0.414	0.191	0.083	0.312	-0.232	-0.092	-0.038	0.505	0.867	"4"
"强劲"	0	5	0	0	2.07	0.953	0.415	1.562	-1.16	3.6	-0.188	-0.813	5.761	"2"
"强烈"	2	0	0	0	0.828	0.381	0.166	0.625	0.766	-0.184	-0.075	-0.325	1.35	"1"
"归入"	0	0	1	0	0.414	0.191	0.083	0.312	-0.232	-0.092	1.08	-0.163	1.567	"3"
"归咎于"	0	0	0	1	0.414	0.191	0.083	0.312	-0.232	-0.092	-0.038	0.505	0.867	"4"
"当下"	0	0	1	0	0.414	0.191	0.083	0.312	-0.232	-0.092	1.08	-0.163	1.567	"3"
"当众"	1	0	1	0	0.828	0.381	0.166	0.625	0.183	-0.184	0.798	-0.325	1.49	"3"
"当做"	0	0	0	1	0.414	0.191	0.083	0.312	-0.232	-0.092	-0.038	0.505	0.867	"4"
"形式"	0	0	0	2	0.828	0.381	0.166	0.625	-0.464	-0.184	-0.075	1.01	1.733	"4"
"彩墨"	0	0	0	1	0.414	0.191	0.083	0.312	-0.232	-0.092	-0.038	0.505	0.867	"4"
"影剧"	0	0	2	0	0.828	0.381	0.166	0.625	-0.464	-0.184	2.161	-0.325	3.134	"3"
"影响"	0	7	0	1	3.311	1.524	0.665	2.5	-1.856	4.216	-0.301	-0.635	7.008	"2"
"影响到"	0	1	0	0	0.414	0.191	0.083	0.312	-0.232	0.72	-0.038	-0.163	1.153	"2"
"影响工"	0	1	0	0	0.414	0.191	0.083	0.312	-0.232	0.72	-0.038	-0.163	1.153	"2"
"很"	0	1	0	12	5.381	2.477	1.08	4.062	-3.017	-0.585	-0.49	5.097	9.189	"4"
"得"	0	0	0	14	5.795	2.668	1.163	4.374	-3.249	-1.285	-0.527	7.073	12.134	"4"
"得分"	0	0	0	1	0.414	0.191	0.083	0.312	-0.232	-0.092	-0.038	0.505	0.867	"4"
"得到"	0	0	0	2	0.828	0.381	0.166	0.625	-0.464	-0.184	-0.075	1.01	1.733	"4"
"微软"	0	2	0	0	0.828	0.381	0.166	0.625	-0.464	1.44	-0.075	-0.325	2.304	"2"
"德黑兰"	0	0	1	0	0.414	0.191	0.083	0.312	-0.232	-0.092	1.08	-0.163	1.567	"3"
"心理"	1	0	1	0	0.828	0.381	0.166	0.625	0.183	-0.184	0.798	-0.325	1.49	"3"
"忠诚"	0	0	2	0	0.828	0.381	0.166	0.625	-0.464	-0.184	2.161	-0.325	3.134	"3"
"思想"	1	0	0	0	0.414	0.191	0.083	0.312	0.383	-0.092	-0.038	-0.163	0.676	"1"
"性"	3	0	0	0	1.242	0.572	0.249	0.937	1.149	-0.275	-0.113	-0.488	2.025	"1"
"恐怖"	8	0	0	0	3.311	1.524	0.665	2.5	3.065	-0.734	-0.301	-1.302	5.402	"1"
"恶心"	0	0	0	1	0.414	0.191	0.083	0.312	-0.232	-0.092	-0.038	0.505	0.867	"4"
"情绪"	1	0	0	0	0.414	0.191	0.083	0.312	0.383	-0.092	-0.038	-0.163	0.676	"1"
"惜"	0	0	0	1	0.414	0.191	0.083	0.312	-0.232	-0.092	-0.038	0.505	0.867	"4"
"惩处"	1	0	0	0	0.414	0.191	0.083	0.312	0.383	-0.092	-0.038	-0.163	0.676	"1"
"惯例"	1	0	0	0	0.414	0.191	0.083	0.312	0.383	-0.092	-0.038	-0.163	0.676	"1"
"想想"	0	0	1	0	0.414	0.191	0.083	0.312	-0.232	-0.092	1.08	-0.163	1.567	"3"
"意"	1	0	1	0	0.828	0.381	0.166	0.625	0.183	-0.184	0.798	-0.325	1.49	"3"
"愚"	0	0	1	0	0.414	0.191	0.083	0.312	-0.232	-0.092	1.08	-0.163	1.567	"3"
"愚蠢"	1	0	0	0	0.414	0.191	0.083	0.312	0.383	-0.092	-0.038	-0.163	0.676	"1"
"感到"	0	0	0	9	3.725	1.715	0.748	2.812	-2.088	-0.826	-0.339	4.547	7.8	"4"
"懊悔"	0	0	0	1	0.414	0.191	0.083	0.312	-0.232	-0.092	-0.038	0.505	0.867	"4"
"成份股"	0	1	0	0	0.414	0.191	0.083	0.312	-0.232	0.72	-0.038	-0.163	1.153	"2"
"成绩"	0	0	0	4	1.656	0.762	0.332	1.25	-0.928	-0.367	-0.151	2.021	3.467	"4"
"成长率"	0	2	0	0	0.828	0.381	0.166	0.625	-0.464	1.44	-0.075	-0.325	2.304	"2"
"或"	1	0	0	0	0.414	0.191	0.083	0.312	0.383	-0.092	-0.038	-0.163	0.676	"1"
"或者"	2	0	0	0	0.828	0.381	0.166	0.625	0.766	-0.184	-0.075	-0.325	1.35	"1"
"战犯"	1	0	0	0	0.414	0.191	0.083	0.312	0.383	-0.092	-0.038	-0.163	0.676	"1"
"所得"	1	0	0	0	0.414	0.191	0.083	0.312	0.383	-0.092	-0.038	-0.163	0.676	"1"
"所有"	0	0	1	0	0.414	0.191	0.083	0.312	-0.232	-0.092	1.08	-0.163	1.567	"3"
"手段"	1	0	0	0	0.414	0.191	0.083	0.312	0.383	-0.092	-0.038	-0.163	0.676	"1"
"打出"	0	0	0	2	0.828	0.381	0.166	0.625	-0.464	-0.184	-0.075	1.01	1.733	"4"
"打击"	11	0	0	0	4.553	2.096	0.914	3.437	4.214	-1.01	-0.414	-1.79	7.428	"1"
"托蒂"	0	0	0	1	0.414	0.191	0.083	0.312	-0.232	-0.092	-0.038	0.505	0.867	"4"
"执法"	2	0	0	0	0.828	0.381	0.166	0.625	0.766	-0.184	-0.075	-0.325	1.35	"1"
"执行"	1	0	0	0	0.414	0.191	0.083	0.312	0.383	-0.092	-0.038	-0.163	0.676	"1"
"扰乱"	1	0	0	0	0.414	0.191	0.083	0.312	0.383	-0.092	-0.038	-0.163	0.676	"1"
"批评"	1	0	0	0	0.414	0.191	0.083	0.312	0.383	-0.092	-0.038	-0.163	0.676	"1"
"承审"	1	0	0	0	0.414	0.191	0.083	0.312	0.383	-0.092	-0.038	-0.163	0.676	"1"
"技巧"	0	0	0	2	0.828	0.381	0.166	0.625	-0.464	-0.184	-0.075	1.01	1.733	"4"
"把关"	1	0	0	0	0.414	0.191	0.083	0.312	0.383	-0.092	-0.038	-0.163	0.676	"1"
"抑郁"	0	1	0	0	0.414	0.191	0.083	0.312	-0.232	0.72	-0.038	-0.163	1.153	"2"
"投机"	0	0	1	0	0.414	0.191	0.083	0.312	-0.232	-0.092	1.08	-0.163	1.567	"3"
"投票"	2	0	1	0	1.242	0.572	0.249	0.937	0.429	-0.275	0.64	-0.488	1.832	"3"
"投诉"	1	0	0	0	0.414	0.191	0.083	0.312	0.383	-0.092	-0.038	-0.163	0.676	"1"
"投资人"	0	3	0	0	1.242	0.572	0.249	0.937	-0.696	2.16	-0.113	-0.488	3.457	"2"
"抗癌"	0	0	1	0	0.414	0.191	0.083	0.312	-0.232	-0.092	1.08	-0.163	1.567	"3"
"抗议"	3	0	0	0	1.242	0.572	0.249	0.937	1.149	-0.275	-0.113	-0.488	2.025	"1"
"抗跌"	0	1	0	0	0.414	0.191	0.083	0.312	-0.232	0.72	-0.038	-0.163	1.153	"2"
"抢"	2	0	0	0	0.828	0.381	0.166	0.625	0.766	-0.184	-0.075	-0.325	1.35	"1"
"抢劫"	2	0	0	0	0.828	0.381	0.166	0.625	0.766	-0.184	-0.075	-0.325	1.35	"1"
"报价"	0	1	0	0	0.414	0.191	0.083	0.312	-0.232	0.72	-0.038	-0.163	1.153	"2"
"报价股"	0	1	0	0	0.414	0.191	0.083	0.312	-0.232	0.72	-0.038	-0.163	1.153	"2"
"抵制"	1	0	0	0	0.414	0.191	0.083	0.312	0.383	-0.092	-0.038	-0.163	0.676	"1"
"抵步"	0	0	2	0	0.828	0.381	0.166	0.625	-0.464	-0.184	2.161	-0.325	3.134	"3"
"挂勾"	1	0	0	0	0.414	0.191	0.083	0.312	0.383	-0.092	-0.038	-0.163	0.676	"1"
"挂开"	0	0	0	1	0.414	0.191	0.083	0.312	-0.232	-0.092	-0.038	0.505	0.867	"4"
"挂牌"	0	1	0	0	0.414	0.191	0.083	0.312	-0.232	0.72	-0.038	-0.163	1.153	"2"
"挂钩"	0	1	0	0	0.414	0.191	0.083	0.312	-0.232	0.72	-0.038	-0.163	1.153	"2"
"指控"	2	0	0	0	0.828	0.381	0.166	0.625	0.766	-0.184	-0.075	-0.325	1.35	"1"
"指数"	0	9	0	1	4.139	1.905	0.831	3.124	-2.321	5.562	-0.377	-0.883	9.143	"2"
"指责"	1	0	0	0	0.414	0.191	0.083	0.312	0.383	-0.092	-0.038	-0.163	0.676	"1"
"指转"	0	1	0	0	0.414	0.191	0.083	0.312	-0.232	0.72	-0.038	-0.163	1.153	"2"
"挑衅"	2	0	0	0	0.828	0.381	0.166	0.625	0.766	-0.184	-0.075	-0.325	1.35	"1"
"损害"	1	0	0	0	0.414	0.191	0.083	0.312	0.383	-0.092	-0.038	-0.163	0.676	"1"
"捡"	1	0	0	0	0.414	0.191	0.083	0.312	0.383	-0.092	-0.038	-0.163	0.676	"1"
"授权"	1	0	0	0	0.414	0.191	0.083	0.312	0.383	-0.092	-0.038	-0.163	0.676	"1"
"排名"	0	0	0	2	0.828	0.381	0.166	0.625	-0.464	-0.184	-0.075	1.01	1.733	"4"
"排斥"	1	0	0	0	0.414	0.191	0.083	0.312	0.383	-0.092	-0.038	-0.163	0.676	"1"
"掠夺"	1	0	0	0	0.414	0.191	0.083	0.312	0.383	-0.092	-0.038	-0.163	0.676	"1"
"探矿"	1	0	0	0	0.414	0.191	0.083	0.312	0.383	-0.092	-0.038	-0.163	0.676	"1"
"控方"	0	0	0	1	0.414	0.191	0.083	0.312	-0.232	-0.092	-0.038	0.505	0.867	"4"
"掩盖"	1	0	0	0	0.414	0.191	0.083	0.312	0.383	-0.092	-0.038	-0.163	0.676	"1"
"掺杂"	2	0	0	0	0.828	0.381	0.166	0.625	0.766	-0.184	-0.075	-0.325	1.35	"1"
"搜证"	1	0	0	0	0.414	0.191	0.083	0.312	0.383	-0.092	-0.038	-0.163	0.676	"1"
"摘下"	0	0	0	2	0.828	0.381	0.166	0.625	-0.464	-0.184	-0.075	1.01	1.733	"4"
"擢升"	0	1	0	0	0.414	0.191	0.083	0.312	-0.232	0.72	-0.038	-0.163	1.153	"2"
"擤"	1	0	0	0	0.414	0.191	0.083	0.312	0.383	-0.092	-0.038	-0.163	0.676	"1"
"支撑"	0	0	0	1	0.414	0.191	0.083	0.312	-0.232	-0.092	-0.038	0.505	0.867	"4"
"收受"	1	0	0	0	0.414	0.191	0.083	0.312	0.383	-0.092	-0.038	-0.163	0.676	"1"
"收购"	2	0	0	0	0.828	0.381	0.166	0.625	0.766	-0.184	-0.075	-0.325	1.35	"1"
"收费"	4	0	0	0	1.656	0.762	0.332	1.25	1.532	-0.367	-0.151	-0.651	2.701	"1"
"改变"	0	0	1	0	0.414	0.191	0.083	0.312	-0.232	-0.092	1.08	-0.163	1.567	"3"
"改进"	0	0	0	1	0.414	0.191	0.083	0.312	-0.232	-0.092	-0.038	0.505	0.867	"4"
"攻击"	1	0	0	0	0.414	0.191	0.083	0.312	0.383	-0.092	-0.038	-0.163	0.676	"1"
"攻进"	0	0	0	1	0.414	0.191	0.083	0.312	-0.232	-0.092	-0.038	0.505	0.867	"4"
"放水"	1	0	0	0	0.414	0.191	0.083	0.312	0.383	-0.092	-0.038	-0.163	0.676	"1"
"政府采购"	0	0	1	0	0.414	0.191	0.083	0.312	-0.232	-0.092	1.08	-0.163	1.567	"3"
"政绩"	0	0	0	1	0.414	0.191	0.083	0.312	-0.232	-0.092	-0.038	0.505	0.867	"4"
"故意"	1	0	0	0	0.414	0.191	0.083	0.312	0.383	-0.092	-0.038	-0.163	0.676	"1"
"教练"	0	1	0	0	0.414	0.191	0.083	0.312	-0.232	0.72	-0.038	-0.163	1.153	"2"
"敬"	0	0	1	0	0.414	0.191	0.083	0.312	-0.232	-0.092	1.08	-0.163	1.567	"3"
"整体"	0	7	0	0	2.898	1.334	0.582	2.187	-1.624	5.04	-0.264	-1.139	8.067	"2"
"整顿"	1	0	0	0	0.414	0.191	0.083	0.312	0.383	-0.092	-0.038	-0.163	0.676	"1"
"文明"	1	0	1	0	0.828	0.381	0.166	0.625	0.183	-0.184	0.798	-0.325	1.49	"3"
"文森"	0	0	0	1	0.414	0.191	0.083	0.312	-0.232	-0.092	-0.038	0.505	0.867	"4"
"新人"	0	0	0	1	0.414	0.191	0.083	0.312	-0.232	-0.092	-0.038	0.505	0.867	"4"
"新手"	0	0	0	1	0.414	0.191	0.083	0.312	-0.232	-0.092	-0.038	0.505	0.867	"4"
"新股"	0	1	0	0	0.414	0.191	0.083	0.312	-0.232	0.72	-0.038	-0.163	1.153	"2"
"方药"	0	0	1	0	0.414	0.191	0.083	0.312	-0.232	-0.092	1.08	-0.163	1.567	"3"
"方面"	2	0	0	5	2.898	1.334	0.582	2.187	-0.409	-0.643	-0.264	1.464	2.78	"4"
"施加"	1	0	0	0	0.414	0.191	0.083	0.312	0.383	-0.092	-0.038	-0.163	0.676	"1"
"施政"	0	0	4	1	2.07	0.953	0.415	1.562	-1.16	-0.459	3.653	-0.299	5.571	"3"
"旅行社"	1	0	0	0	0.414	0.191	0.083	0.312	0.383	-0.092	-0.038	-0.163	0.676	"1"
"无条件"	1	0	0	0	0.414	0.191	0.083	0.312	0.383	-0.092	-0.038	-0.163	0.676	"1"
"日头"	0	0	1	0	0.414	0.191	0.083	0.312	-0.232	-0.092	1.08	-0.163	1.567	"3"
"日新月异"	0	0	1	0	0.414	0.191	0.083	0.312	-0.232	-0.092	1.08	-0.163	1.567	"3"
"日本队"	0	0	0	1	0.414	0.191	0.083	0.312	-0.232	-0.092	-0.038	0.505	0.867	"4"
"早盘"	0	1	0	1	0.828	0.381	0.166	0.625	-0.464	0.462	-0.075	0.278	1.279	"1"
"时报"	0	1	0	0	0.414	0.191	0.083	0.312	-0.232	0.72	-0.038	-0.163	1.153	"2"
"时有"	2	0	0	0	0.828	0.381	0.166	0.625	0.766	-0.184	-0.075	-0.325	1.35	"1"
"明显"	0	0	0	3	1.242	0.572	0.249	0.937	-0.696	-0.275	-0.113	1.516	2.6	"4"
"明知故犯"	1	0	0	0	0.414	0.191	0.083	0.312	0.383	-0.092	-0.038	-0.163	0.676	"1"
"明确"	4	0	0	0	1.656	0.762	0.332	1.25	1.532	-0.367	-0.151	-0.651	2.701	"1"
"昨日"	0	0	0	1	0.414	0.191	0.083	0.312	-0.232	-0.092	-0.038	0.505	0.867	"4"
"显着"	0	1	0	0	0.414	0.191	0.083	0.312	-0.232	0.72	-0.038	-0.163	1.153	"2"
"景气"	0	0	0	1	0.414	0.191	0.083	0.312	-0.232	-0.092	-0.038	0.505	0.867	"4"
"暂行"	1	0	0	0	0.414	0.191	0.083	0.312	0.383	-0.092	-0.038	-0.163	0.676	"1"
"暴力"	9	0	0	0	3.725	1.715	0.748	2.812	3.448	-0.826	-0.339	-1.464	6.077	"1"
"暴露"	0	0	2	0	0.828	0.381	0.166	0.625	-0.464	-0.184	2.161	-0.325	3.134	"3"
"曝光"	1	0	0	0	0.414	0.191	0.083	0.312	0.383	-0.092	-0.038	-0.163	0.676	"1"
"更"	0	1	0	5	2.484	1.143	0.499	1.875	-1.392	-0.168	-0.226	1.879	3.665	"4"
"更为"	0	1	0	0	0.414	0.191	0.083	0.312	-0.232	0.72	-0.038	-0.163	1.153	"2"
"最为"	0	0	0	2	0.828	0.381	0.166	0.625	-0.464	-0.184	-0.075	1.01	1.733	"4"
"最佳"	0	5	0	0	2.07	0.953	0.415	1.562	-1.16	3.6	-0.188	-0.813	5.761	"2"
"最好"	0	1	0	0	0.414	0.191	0.083	0.312	-0.232	0.72	-0.038	-0.163	1.153	"2"
"最近"	0	1	0	1	0.828	0.381	0.166	0.625	-0.464	0.462	-0.075	0.278	1.279	"1"
"有价证券"	1	0	0	0	0.414	0.191	0.083	0.312	0.383	-0.092	-0.038	-0.163	0.676	"1"
"有关"	2	0	0	1	1.242	0.572	0.249	0.937	0.429	-0.275	-0.113	0.171	0.988	"1"
"有待"	0	1	0	0	0.414	0.191	0.083	0.312	-0.232	0.72	-0.038	-0.163	1.153	"2"
"有所"	1	2	0	1	1.656	0.762	0.332	1.25	-0.346	0.779	-0.151	-0.201	1.477	"2"
"有损"	1	0	0	0	0.414	0.191	0.083	0.312	0.383	-0.092	-0.038	-0.163	0.676	"1"
"有辱"	1	0	0	0	0.414	0.191	0.083	0.312	0.383	-0.092	-0.038	-0.163	0.676	"1"
"有鉴于此"	1	0	0	0	0.414	0.191	0.083	0.312	0.383	-0.092	-0.038	-0.163	0.676	"1"
"期"	0	0	2	0	0.828	0.381	0.166	0.625	-0.464	-0.184	2.161	-0.325	3.134	"3"
"本"	0	4	0	3	2.898	1.334	0.582	2.187	-1.624	1.55	-0.264	0.419	3.857	"1"
"本益比"	0	2	0	0	0.828	0.381	0.166	0.625	-0.464	1.44	-0.075	-0.325	2.304	"2"
"本身"	1	0	0	0	0.414	0.191	0.083	0.312	0.383	-0.092	-0.038	-0.163	0.676	"1"
"朱宗轲"	0	1	0	0	0.414	0.191	0.083	0.312	-0.232	0.72	-0.038	-0.163	1.153	"2"
"机动"	0	0	1	0	0.414	0.191	0.083	0.312	-0.232	-0.092	1.08	-0.163	1.567	"3"
"权"	1	0	0	0	0.414	0.191	0.083	0.312	0.383	-0.092	-0.038	-0.163	0.676	"1"
"权利人"	1	0	0	0	0.414	0.191	0.083	0.312	0.383	-0.092	-0.038	-0.163	0.676	"1"
"权益"	1	0	0	0	0.414	0.191	0.083	0.312	0.383	-0.092	-0.038	-0.163	0.676	"1"
"李瑞全"	0	1	0	0	0.414	0.191	0.083	0.312	-0.232	0.72	-0.038	-0.163	1.153	"2"
"李菊"	0	0	0	1	0.414	0.191	0.083	0.312	-0.232	-0.092	-0.038	0.505	0.867	"4"
"李鸿基"	0	0	1	0	0.414	0.191	0.083	0.312	-0.232	-0.092	1.08	-0.163	1.567	"3"
"杜里奇"	0	0	0	1	0.414	0.191	0.083	0.312	-0.232	-0.092	-0.038	0.505	0.867	"4"
"来得"	0	1	0	0	0.414	0.191	0.083	0.312	-0.232	0.72	-0.038	-0.163	1.153	"2"
"杰"	0	2	0	0	0.828	0.381	0.166	0.625	-0.464	1.44	-0.075	-0.325	2.304	"2"
"杰出"	0	0	0	6	2.484	1.143	0.499	1.875	-1.392	-0.551	-0.226	3.031	5.2	"4"
"极"	3	0	0	0	1.242	0.572	0.249	0.937	1.149	-0.275	-0.113	-0.488	2.025	"1"
"构"	2	0	0	0	0.828	0.381	0.166	0.625	0.766	-0.184	-0.075	-0.325	1.35	"1"
"构成"	3	0	0	0	1.242	0.572	0.249	0.937	1.149	-0.275	-0.113	-0.488	2.025	"1"
"林匹克"	1	0	0	0	0.414	0.191	0.083	0.312	0.383	-0.092	-0.038	-0.163	0.676	"1"
"林大昌"	1	0	0	0	0.414	0.191	0.083	0.312	0.383	-0.092	-0.038	-0.163	0.676	"1"
"柏莱恩"	0	0	0	1	0.414	0.191	0.083	0.312	-0.232	-0.092	-0.038	0.505	0.867	"4"
"某些"	0	0	1	0	0.414	0.191	0.083	0.312	-0.232	-0.092	1.08	-0.163	1.567	"3"
"查"	1	0	0	0	0.414	0.191	0.083	0.312	0.383	-0.092	-0.038	-0.163	0.676	"1"
"查处"	6	0	0	0	2.484	1.143	0.499	1.875	2.298	-0.551	-0.226	-0.976	4.051	"1"
"查获"	1	0	0	0	0.414	0.191	0.083	0.312	0.383	-0.092	-0.038	-0.163	0.676	"1"
"柯景昇"	2	0	0	0	0.828	0.381	0.166	0.625	0.766	-0.184	-0.075	-0.325	1.35	"1"
"标准桿"	0	0	0	1	0.414	0.191	0.083	0.312	-0.232	-0.092	-0.038	0.505	0.867	"4"
"标志"	3	0	0	0	1.242	0.572	0.249	0.937	1.149	-0.275	-0.113	-0.488	2.025	"1"
"校方"	1	0	0	1	0.828	0.381	0.166	0.625	0.183	-0.184	-0.075	0.278	0.72	"4"
"核发"	1	0	0	0	0.414	0.191	0.083	0.312	0.383	-0.092	-0.038	-0.163	0.676	"1"
"格外"	0	0	0	1	0.414	0.191	0.083	0.312	-0.232	-0.092	-0.038	0.505	0.867	"4"
"档期"	0	1	0	0	0.414	0.191	0.083	0.312	-0.232	0.72	-0.038	-0.163	1.153	"2"
"检举人"	1	0	0	0	0.414	0.191	0.083	0.312	0.383	-0.092	-0.038	-0.163	0.676	"1"
"检察官"	0	0	1	0	0.414	0.191	0.083	0.312	-0.232	-0.092	1.08	-0.163	1.567	"3"
"检点"	0	0	1	0	0.414	0.191	0.083	0.312	-0.232	-0.092	1.08	-0.163	1.567	"3"
"棉花"	2	0	0	0	0.828	0.381	0.166	0.625	0.766	-0.184	-0.075	-0.325	1.35	"1"
"棋手"	0	0	1	0	0.414	0.191	0.083	0.312	-0.232	-0.092	1.08	-0.163	1.567	"3"
"横移"	0	1	0	0	0.414	0.191	0.083	0.312	-0.232	0.72	-0.038	-0.163	1.153	"2"
"欠"	0	0	0	1	0.414	0.191	0.083	0.312	-0.232	-0.092	-0.038	0.505	0.867	"4"
"欠佳"	0	7	0	0	2.898	1.334	0.582	2.187	-1.624	5.04	-0.264	-1.139	8.067	"2"
"次"	0	1	0	0	0.414	0.191	0.083	0.312	-0.232	0.72	-0.038	-0.163	1.153	"2"
"次选"	1	0	0	0	0.414	0.191	0.083	0.312	0.383	-0.092	-0.038	-0.163	0.676	"1"
"欢呼"	0	0	0	1	0.414	0.191	0.083	0.312	-0.232	-0.092	-0.038	0.505	0.867	"4"
"欺诈"	1	0	0	0	0.414	0.191	0.083	0.312	0.383	-0.092	-0.038	-0.163	0.676	"1"
"欺骗"	1	0	0	0	0.414	0.191	0.083	0.312	0.383	-0.092	-0.038	-0.163	0.676	"1"
"正当"	1	0	1	0	0.828	0.381	0.166	0.625	0.183	-0.184	0.798	-0.325	1.49	"3"
"残障"	0	0	0	1	0.414	0.191	0.083	0.312	-0.232	-0.092	-0.038	0.505	0.867	"4"
"比"	0	2	0	7	3.725	1.715	0.748	2.812	-2.088	0.272	-0.339	2.257	4.956	"4"
"比留"	0	0	0	1	0.414	0.191	0.083	0.312	-0.232	-0.092	-0.038	0.505	0.867	"4"
"比赛"	0	0	0	9	3.725	1.715	0.748	2.812	-2.088	-0.826	-0.339	4.547	7.8	"4"
"比较"	0	0	0	1	0.414	0.191	0.083	0.312	-0.232	-0.092	-0.038	0.505	0.867	"4"
"毫无"	0	0	1	0	0.414	0.191	0.083	0.312	-0.232	-0.092	1.08	-0.163	1.567	"3"
"民主国"	0	0	1	0	0.414	0.191	0.083	0.312	-0.232	-0.092	1.08	-0.163	1.567	"3"
"水准"	0	0	1	1	0.828	0.381	0.166	0.625	-0.464	-0.184	0.798	0.278	1.724	"3"
"沃拉务"	0	0	0	1	0.414	0.191	0.083	0.312	-0.232	-0.092	-0.038	0.505	0.867	"4"
"沃特森"	0	1	0	0	0.414	0.191	0.083	0.312	-0.232	0.72	-0.038	-0.163	1.153	"2"
"沉着"	0	0	0	1	0.414	0.191	0.083	0.312	-0.232	-0.092	-0.038	0.505	0.867	"4"
"沙漏"	0	0	0	1	0.414	0.191	0.083	0.312	-0.232	-0.092	-0.038	0.505	0.867	"4"
"没收"	1	0	0	0	0.414	0.191	0.083	0.312	0.383	-0.092	-0.038	-0.163	0.676	"1"
"治理"	1	0	0	0	0.414	0.191	0.083	0.312	0.383	-0.092	-0.038	-0.163	0.676	"1"
"法"	4	0	0	0	1.656	0.762	0.332	1.25	1.532	-0.367	-0.151	-0.651	2.701	"1"
"法国队"	0	0	0	2	0.828	0.381	0.166	0.625	-0.464	-0.184	-0.075	1.01	1.733	"4"
"法律"	5	0	0	0	2.07	0.953	0.415	1.562	1.915	-0.459	-0.188	-0.813	3.375	"1"
"波利尼西亚"	0	0	1	0	0.414	0.191	0.083	0.312	-0.232	-0.092	1.08	-0.163	1.567	"3"
"波尔加"	0	0	1	0	0.414	0.191	0.083	0.312	-0.232	-0.092	1.08	-0.163	1.567	"3"
"泳装"	0	0	1	0	0.414	0.191	0.083	0.312	-0.232	-0.092	1.08	-0.163	1.567	"3"
"洗劫"	1	0	0	0	0.414	0.191	0.083	0.312	0.383	-0.092	-0.038	-0.163	0.676	"1"
"活力"	0	1	0	0	0.414	0.191	0.083	0.312	-0.232	0.72	-0.038	-0.163	1.153	"2"
"活跃"	0	2	0	0	0.828	0.381	0.166	0.625	-0.464	1.44	-0.075	-0.325	2.304	"2"
"济"	0	1	0	0	0.414	0.191	0.083	0.312	-0.232	0.72	-0.038	-0.163	1.153	"2"
"浪费"	0	0	1	0	0.414	0.191	0.083	0.312	-0.232	-0.092	1.08	-0.163	1.567	"3"
"浮躁"	0	0	1	0	0.414	0.191	0.083	0.312	-0.232	-0.092	1.08	-0.163	1.567	"3"
"海事"	0	0	0	2	0.828	0.381	0.166	0.625	-0.464	-0.184	-0.075	1.01	1.733	"4"
"海峡"	0	1	0	0	0.414	0.191	0.083	0.312	-0.232	0.72	-0.038	-0.163	1.153	"2"
"海派"	0	0	2	0	0.828	0.381	0.166	0.625	-0.464	-0.184	2.161	-0.325	3.134	"3"
"消费"	0	0	2	0	0.828	0.381	0.166	0.625	-0.464	-0.184	2.161	-0.325	3.134	"3"
"消费者"	2	0	0	0	0.828	0.381	0.166	0.625	0.766	-0.184	-0.075	-0.325	1.35	"1"
"涉及"	2	0	0	0	0.828	0.381	0.166	0.625	0.766	-0.184	-0.075	-0.325	1.35	"1"
"涉嫌"	2	0	0	0	0.828	0.381	0.166	0.625	0.766	-0.184	-0.075	-0.325	1.35	"1"
"涉有"	1	0	0	0	0.414	0.191	0.083	0.312	0.383	-0.092	-0.038	-0.163	0.676	"1"
"涨1"	0	1	0	0	0.414	0.191	0.083	0.312	-0.232	0.72	-0.038	-0.163	1.153	"2"
"淋漓"	0	0	0	1	0.414	0.191	0.083	0.312	-0.232	-0.092	-0.038	0.505	0.867	"4"
"深刻"	0	1	1	0	0.828	0.381	0.166	0.625	-0.464	0.462	0.798	-0.325	2.049	"3"
"深受"	0	0	0	1	0.414	0.191	0.083	0.312	-0.232	-0.092	-0.038	0.505	0.867	"4"
"深感"	0	1	0	0	0.414	0.191	0.083	0.312	-0.232	0.72	-0.038	-0.163	1.153	"2"
"清理"	1	0	0	0	0.414	0.191	0.083	0.312	0.383	-0.092	-0.038	-0.163	0.676	"1"
"渎职"	1	0	0	0	0.414	0.191	0.083	0.312	0.383	-0.092	-0.038	-0.163	0.676	"1"
"渐"	0	1	0	0	0.414	0.191	0.083	0.312	-0.232	0.72	-0.038	-0.163	1.153	"2"
"温格"	0	0	0	3	1.242	0.572	0.249	0.937	-0.696	-0.275	-0.113	1.516	2.6	"4"
"港府"	0	2	0	0	0.828	0.381	0.166	0.625	-0.464	1.44	-0.075	-0.325	2.304	"2"
"游"	1	0	0	0	0.414	0.191	0.083	0.312	0.383	-0.092	-0.038	-0.163	0.676	"1"
"湖人队"	0	0	0	1	0.414	0.191	0.083	0.312	-0.232	-0.092	-0.038	0.505	0.867	"4"
"源头"	1	0	0	0	0.414	0.191	0.083	0.312	0.383	-0.092	-0.038	-0.163	0.676	"1"
"满分"	0	0	0	1	0.414	0.191	0.083	0.312	-0.232	-0.092	-0.038	0.505	0.867	"4"
"满意"	0	0	0	4	1.656	0.762	0.332	1.25	-0.928	-0.367	-0.151	2.021	3.467	"4"
"满意度"	0	0	1	0	0.414	0.191	0.083	0.312	-0.232	-0.092	1.08	-0.163	1.567	"3"
"滥用"	1	0	0	0	0.414	0.191	0.083	0.312	0.383	-0.092	-0.038	-0.163	0.676	"1"
"演员"	0	0	0	1	0.414	0.191	0.083	0.312	-0.232	-0.092	-0.038	0.505	0.867	"4"
"潜意识"	0	0	0	1	0.414	0.191	0.083	0.312	-0.232	-0.092	-0.038	0.505	0.867	"4"
"激动"	0	0	0	1	0.414	0.191	0.083	0.312	-0.232	-0.092	-0.038	0.505	0.867	"4"
"激起"	1	0	0	0	0.414	0.191	0.083	0.312	0.383	-0.092	-0.038	-0.163	0.676	"1"
"灭绝"	1	0	0	0	0.414	0.191	0.083	0.312	0.383	-0.092	-0.038	-0.163	0.676	"1"
"熘马队"	0	0	0	1	0.414	0.191	0.083	0.312	-0.232	-0.092	-0.038	0.505	0.867	"4"
"爱国"	0	0	0	2	0.828	0.381	0.166	0.625	-0.464	-0.184	-0.075	1.01	1.733	"4"
"牛剑锋"	0	0	0	1	0.414	0.191	0.083	0.312	-0.232	-0.092	-0.038	0.505	0.867	"4"
"特殊"	0	0	0	1	0.414	0.191	0.083	0.312	-0.232	-0.092	-0.038	0.505	0.867	"4"
"特科术"	0	2	0	0	0.828	0.381	0.166	0.625	-0.464	1.44	-0.075	-0.325	2.304	"2"
"特质"	0	0	1	0	0.414	0.191	0.083	0.312	-0.232	-0.092	1.08	-0.163	1.567	"3"
"犯人"	1	0	0	0	0.414	0.191	0.083	0.312	0.383	-0.092	-0.038	-0.163	0.676	"1"
"犯罪"	14	0	0	0	5.795	2.668	1.163	4.374	5.363	-1.285	-0.527	-2.278	9.453	"1"
"犹如"	0	1	0	0	0.414	0.191	0.083	0.312	-0.232	0.72	-0.038	-0.163	1.153	"2"
"狱"	1	0	0	0	0.414	0.191	0.083	0.312	0.383	-0.092	-0.038	-0.163	0.676	"1"
"猖獗"	1	0	0	0	0.414	0.191	0.083	0.312	0.383	-0.092	-0.038	-0.163	0.676	"1"
"猛禽队"	0	0	0	1	0.414	0.191	0.083	0.312	-0.232	-0.092	-0.038	0.505	0.867	"4"
"猥亵"	0	0	1	0	0.414	0.191	0.083	0.312	-0.232	-0.092	1.08	-0.163	1.567	"3"
"球会"	0	0	0	1	0.414	0.191	0.083	0.312	-0.232	-0.092	-0.038	0.505	0.867	"4"
"球员"	0	1	0	2	1.242	0.572	0.249	0.937	-0.696	0.328	-0.113	0.635	1.772	"1"
"球场"	0	0	0	1	0.414	0.191	0.083	0.312	-0.232	-0.092	-0.038	0.505	0.867	"4"
"球季"	0	0	0	3	1.242	0.572	0.249	0.937	-0.696	-0.275	-0.113	1.516	2.6	"4"
"球星"	0	0	0	1	0.414	0.191	0.083	0.312	-0.232	-0.092	-0.038	0.505	0.867	"4"
"球赛"	0	0	0	2	0.828	0.381	0.166	0.625	-0.464	-0.184	-0.075	1.01	1.733	"4"
"球队"	0	0	0	3	1.242	0.572	0.249	0.937	-0.696	-0.275	-0.113	1.516	2.6	"4"
"理想"	0	0	0	7	2.898	1.334	0.582	2.187	-1.624	-0.643	-0.264	3.537	6.068	"4"
"理智"	1	0	0	0	0.414	0.191	0.083	0.312	0.383	-0.092	-0.038	-0.163	0.676	"1"
"琳瑯满目"	1	0	0	0	0.414	0.191	0.083	0.312	0.383	-0.092	-0.038	-0.163	0.676	"1"
"甚"	0	0	0	1	0.414	0.191	0.083	0.312	-0.232	-0.092	-0.038	0.505	0.867	"4"
"生产力"	0	0	1	0	0.414	0.191	0.083	0.312	-0.232	-0.092	1.08	-0.163	1.567	"3"
"生理"	0	0	1	0	0.414	0.191	0.083	0.312	-0.232	-0.092	1.08	-0.163	1.567	"3"
"用处"	0	0	1	0	0.414	0.191	0.083	0.312	-0.232	-0.092	1.08	-0.163	1.567	"3"
"田径"	0	0	0	2	0.828	0.381	0.166	0.625	-0.464	-0.184	-0.075	1.01	1.733	"4"
"甲组"	0	0	0	1	0.414	0.191	0.083	0.312	-0.232	-0.092	-0.038	0.505	0.867	"4"
"电信局"	1	0	0	0	0.414	0.191	0.083	0.312	0.383	-0.092	-0.038	-0.163	0.676	"1"
"画家"	0	0	0	2	0.828	0.381	0.166	0.625	-0.464	-0.184	-0.075	1.01	1.733	"4"
"界定"	1	0	1	0	0.828	0.381	0.166	0.625	0.183	-0.184	0.798	-0.325	1.49	"3"
"留下"	0	0	1	0	0.414	0.191	0.083	0.312	-0.232	-0.092	1.08	-0.163	1.567	"3"
"疲弱"	0	1	0	0	0.414	0.191	0.083	0.312	-0.232	0.72	-0.038	-0.163	1.153	"2"
"疲软"	0	1	0	0	0.414	0.191	0.083	0.312	-0.232	0.72	-0.038	-0.163	1.153	"2"
"百分之八点四"	1	0	0	0	0.414	0.191	0.083	0.312	0.383	-0.092	-0.038	-0.163	0.676	"1"
"百分之六十六"	0	1	0	0	0.414	0.191	0.083	0.312	-0.232	0.72	-0.038	-0.163	1.153	"2"
"百分之十七"	0	1	0	0	0.414	0.191	0.083	0.312	-0.232	0.72	-0.038	-0.163	1.153	"2"
"盈利"	0	1	0	0	0.414	0.191	0.083	0.312	-0.232	0.72	-0.038	-0.163	1.153	"2"
"盈利率"	0	1	0	0	0.414	0.191	0.083	0.312	-0.232	0.72	-0.038	-0.163	1.153	"2"
"监会"	1	0	0	0	0.414	0.191	0.083	0.312	0.383	-0.092	-0.038	-0.163	0.676	"1"
"监督"	3	0	0	0	1.242	0.572	0.249	0.937	1.149	-0.275	-0.113	-0.488	2.025	"1"
"监禁"	0	0	0	1	0.414	0.191	0.083	0.312	-0.232	-0.092	-0.038	0.505	0.867	"4"
"监管"	1	0	0	0	0.414	0.191	0.083	0.312	0.383	-0.092	-0.038	-0.163	0.676	"1"
"盗窃"	1	0	0	0	0.414	0.191	0.083	0.312	0.383	-0.092	-0.038	-0.163	0.676	"1"
"盘面"	0	1	0	0	0.414	0.191	0.083	0.312	-0.232	0.72	-0.038	-0.163	1.153	"2"
"目前日"	0	0	0	1	0.414	0.191	0.083	0.312	-0.232	-0.092	-0.038	0.505	0.867	"4"
"相对"	0	1	0	0	0.414	0.191	0.083	0.312	-0.232	0.72	-0.038	-0.163	1.153	"2"
"相应"	1	0	0	0	0.414	0.191	0.083	0.312	0.383	-0.092	-0.038	-0.163	0.676	"1"
"相当"	0	1	0	5	2.484	1.143	0.499	1.875	-1.392	-0.168	-0.226	1.879	3.665	"4"
"相提并论"	0	1	0	0	0.414	0.191	0.083	0.312	-0.232	0.72	-0.038	-0.163	1.153	"2"
"看"	0	1	0	2	1.242	0.572	0.249	0.937	-0.696	0.328	-0.113	0.635	1.772	"1"
"看出"	0	1	0	1	0.828	0.381	0.166	0.625	-0.464	0.462	-0.075	0.278	1.279	"1"
"真相"	1	0	0	0	0.414	0.191	0.083	0.312	0.383	-0.092	-0.038	-0.163	0.676	"1"
"瞩目"	0	1	0	0	0.414	0.191	0.083	0.312	-0.232	0.72	-0.038	-0.163	1.153	"2"
"矛头"	1	0	0	0	0.414	0.191	0.083	0.312	0.383	-0.092	-0.038	-0.163	0.676	"1"
"短时期"	1	0	0	0	0.414	0.191	0.083	0.312	0.383	-0.092	-0.038	-0.163	0.676	"1"
"短线"	0	1	0	0	0.414	0.191	0.083	0.312	-0.232	0.72	-0.038	-0.163	1.153	"2"
"石瑞琦"	1	0	0	0	0.414	0.191	0.083	0.312	0.383	-0.092	-0.038	-0.163	0.676	"1"
"破坏"	3	0	0	0	1.242	0.572	0.249	0.937	1.149	-0.275	-0.113	-0.488	2.025	"1"
"确实"	0	0	0	3	1.242	0.572	0.249	0.937	-0.696	-0.275	-0.113	1.516	2.6	"4"
"碰头"	0	0	0	1	0.414	0.191	0.083	0.312	-0.232	-0.092	-0.038	0.505	0.867	"4"
"礼仪"	0	1	1	0	0.828	0.381	0.166	0.625	-0.464	0.462	0.798	-0.325	2.049	"3"
"社会"	9	0	2	0	4.553	2.096	0.914	3.437	2.111	-1.01	0.636	-1.79	5.547	"1"
"禁"	1	0	0	0	0.414	0.191	0.083	0.312	0.383	-0.092	-0.038	-0.163	0.676	"1"
"禁止"	1	0	0	0	0.414	0.191	0.083	0.312	0.383	-0.092	-0.038	-0.163	0.676	"1"
"禁赛"	0	0	0	1	0.414	0.191	0.083	0.312	-0.232	-0.092	-0.038	0.505	0.867	"4"
"禧"	0	1	0	0	0.414	0.191	0.083	0.312	-0.232	0.72	-0.038	-0.163	1.153	"2"
"离婚"	1	0	0	0	0.414	0.191	0.083	0.312	0.383	-0.092	-0.038	-0.163	0.676	"1"
"私渡"	1	0	0	0	0.414	0.191	0.083	0.312	0.383	-0.092	-0.038	-0.163	0.676	"1"
"种"	25	0	0	0	10.348	4.764	2.077	7.811	9.577	-2.295	-0.942	-4.067	16.881	"1"
"种种"	0	0	2	0	0.828	0.381	0.166	0.625	-0.464	-0.184	2.161	-0.325	3.134	"3"
"科什图尼察"	1	0	0	0	0.414	0.191	0.083	0.312	0.383	-0.092	-0.038	-0.163	0.676	"1"
"科技股"	0	2	0	0	0.828	0.381	0.166	0.625	-0.464	1.44	-0.075	-0.325	2.304	"2"
"秩序"	5	0	0	0	2.07	0.953	0.415	1.562	1.915	-0.459	-0.188	-0.813	3.375	"1"
"称职"	0	0	1	0	0.414	0.191	0.083	0.312	-0.232	-0.092	1.08	-0.163	1.567	"3"
"称霸"	0	0	0	1	0.414	0.191	0.083	0.312	-0.232	-0.092	-0.038	0.505	0.867	"4"
"税务"	1	0	0	0	0.414	0.191	0.083	0.312	0.383	-0.092	-0.038	-0.163	0.676	"1"
"税收"	2	0	0	0	0.828	0.381	0.166	0.625	0.766	-0.184	-0.075	-0.325	1.35	"1"
"稳"	0	1	0	0	0.414	0.191	0.083	0.312	-0.232	0.72	-0.038	-0.163	1.153	"2"
"稳健"	0	1	0	0	0.414	0.191	0.083	0.312	-0.232	0.72	-0.038	-0.163	1.153	"2"
"稳定"	0	0	0	2	0.828	0.381	0.166	0.625	-0.464	-0.184	-0.075	1.01	1.733	"4"
"突出"	0	0	0	5	2.07	0.953	0.415	1.562	-1.16	-0.459	-0.188	2.526	4.333	"4"
"立体"	0	0	0	1	0.414	0.191	0.083	0.312	-0.232	-0.092	-0.038	0.505	0.867	"4"
"立功"	0	0	1	0	0.414	0.191	0.083	0.312	-0.232	-0.092	1.08	-0.163	1.567	"3"
"站上"	0	1	0	0	0.414	0.191	0.083	0.312	-0.232	0.72	-0.038	-0.163	1.153	"2"
"竞争"	0	0	3	0	1.242	0.572	0.249	0.937	-0.696	-0.275	3.241	-0.488	4.7	"3"
"竞销"	1	0	0	0	0.414	0.191	0.083	0.312	0.383	-0.092	-0.038	-0.163	0.676	"1"
"笔记型"	0	1	0	0	0.414	0.191	0.083	0.312	-0.232	0.72	-0.038	-0.163	1.153	"2"
"符"	1	0	0	0	0.414	0.191	0.083	0.312	0.383	-0.092	-0.038	-0.163	0.676	"1"
"第7"	0	0	0	1	0.414	0.191	0.083	0.312	-0.232	-0.092	-0.038	0.505	0.867	"4"
"等"	21	0	0	0	8.693	4.001	1.745	6.561	8.045	-1.928	-0.791	-3.416	14.18	"1"
"筑起"	1	0	0	0	0.414	0.191	0.083	0.312	0.383	-0.092	-0.038	-0.163	0.676	"1"
"筹钱"	0	0	0	1	0.414	0.191	0.083	0.312	-0.232	-0.092	-0.038	0.505	0.867	"4"
"简直"	0	0	0	1	0.414	0.191	0.083	0.312	-0.232	-0.092	-0.038	0.505	0.867	"4"
"算"	0	0	0	1	0.414	0.191	0.083	0.312	-0.232	-0.092	-0.038	0.505	0.867	"4"
"算是"	0	0	0	1	0.414	0.191	0.083	0.312	-0.232	-0.092	-0.038	0.505	0.867	"4"
"管治"	0	1	0	0	0.414	0.191	0.083	0.312	-0.232	0.72	-0.038	-0.163	1.153	"2"
"篮板球"	0	0	0	2	0.828	0.381	0.166	0.625	-0.464	-0.184	-0.075	1.01	1.733	"4"
"籐井"	1	0	0	0	0.414	0.191	0.083	0.312	0.383	-0.092	-0.038	-0.163	0.676	"1"
"类"	3	0	0	0	1.242	0.572	0.249	0.937	1.149	-0.275	-0.113	-0.488	2.025	"1"
"类似"	2	0	0	0	0.828	0.381	0.166	0.625	0.766	-0.184	-0.075	-0.325	1.35	"1"
"类股"	0	1	0	0	0.414	0.191	0.083	0.312	-0.232	0.72	-0.038	-0.163	1.153	"2"
"粒子"	1	0	0	0	0.414	0.191	0.083	0.312	0.383	-0.092	-0.038	-0.163	0.676	"1"
"粗暴"	2	0	0	0	0.828	0.381	0.166	0.625	0.766	-0.184	-0.075	-0.325	1.35	"1"
"粗野"	0	0	1	0	0.414	0.191	0.083	0.312	-0.232	-0.092	1.08	-0.163	1.567	"3"
"精彩"	0	0	0	1	0.414	0.191	0.083	0.312	-0.232	-0.092	-0.038	0.505	0.867	"4"
"精神力量"	0	1	0	0	0.414	0.191	0.083	0.312	-0.232	0.72	-0.038	-0.163	1.153	"2"
"索贿"	1	0	0	0	0.414	0.191	0.083	0.312	0.383	-0.092	-0.038	-0.163	0.676	"1"
"纠正"	1	0	0	0	0.414	0.191	0.083	0.312	0.383	-0.092	-0.038	-0.163	0.676	"1"
"红塔"	0	0	1	0	0.414	0.191	0.083	0.312	-0.232	-0.092	1.08	-0.163	1.567	"3"
"红魔"	0	0	0	1	0.414	0.191	0.083	0.312	-0.232	-0.092	-0.038	0.505	0.867	"4"
"约束"	2	0	0	0	0.828	0.381	0.166	0.625	0.766	-0.184	-0.075	-0.325	1.35	"1"
"纪"	1	0	0	0	0.414	0.191	0.083	0.312	0.383	-0.092	-0.038	-0.163	0.676	"1"
"纪律"	1	0	0	0	0.414	0.191	0.083	0.312	0.383	-0.092	-0.038	-0.163	0.676	"1"
"纯属"	0	0	1	0	0.414	0.191	0.083	0.312	-0.232	-0.092	1.08	-0.163	1.567	"3"
"纯粹"	0	0	1	0	0.414	0.191	0.083	0.312	-0.232	-0.092	1.08	-0.163	1.567	"3"
"纳妾"	1	0	0	0	0.414	0.191	0.083	0.312	0.383	-0.092	-0.038	-0.163	0.676	"1"
"纳税人"	1	0	0	0	0.414	0.191	0.083	0.312	0.383	-0.092	-0.038	-0.163	0.676	"1"
"纵容"	1	0	0	0	0.414	0.191	0.083	0.312	0.383	-0.092	-0.038	-0.163	0.676	"1"
"纺"	0	1	0	0	0.414	0.191	0.083	0.312	-0.232	0.72	-0.038	-0.163	1.153	"2"
"细声"	0	0	1	0	0.414	0.191	0.083	0.312	-0.232	-0.092	1.08	-0.163	1.567	"3"
"终场"	0	2	0	0	0.828	0.381	0.166	0.625	-0.464	1.44	-0.075	-0.325	2.304	"2"
"经办"	1	0	0	0	0.414	0.191	0.083	0.312	0.383	-0.092	-0.038	-0.163	0.676	"1"
"经济"	0	12	0	8	8.279	3.811	1.662	6.249	-4.641	4.208	-0.753	0.573	10.175	"1"
"经济体"	0	0	0	1	0.414	0.191	0.083	0.312	-0.232	-0.092	-0.038	0.505	0.867	"4"
"经营"	5	0	0	0	2.07	0.953	0.415	1.562	1.915	-0.459	-0.188	-0.813	3.375	"1"
"绘画"	0	0	0	2	0.828	0.381	0.166	0.625	-0.464	-0.184	-0.075	1.01	1.733	"4"
"给予"	0	0	0	1	0.414	0.191	0.083	0.312	-0.232	-0.092	-0.038	0.505	0.867	"4"
"绝食"	1	0	0	0	0.414	0.191	0.083	0.312	0.383	-0.092	-0.038	-0.163	0.676	"1"
"统合"	0	0	1	0	0.414	0.191	0.083	0.312	-0.232	-0.092	1.08	-0.163	1.567	"3"
"绩"	0	0	0	1	0.414	0.191	0.083	0.312	-0.232	-0.092	-0.038	0.505	0.867	"4"
"绩效"	0	0	1	0	0.414	0.191	0.083	0.312	-0.232	-0.092	1.08	-0.163	1.567	"3"
"维护"	2	0	0	0	0.828	0.381	0.166	0.625	0.766	-0.184	-0.075	-0.325	1.35	"1"
"综指"	0	3	0	0	1.242	0.572	0.249	0.937	-0.696	2.16	-0.113	-0.488	3.457	"2"
"网路"	1	0	2	0	1.242	0.572	0.249	0.937	-0.202	-0.275	1.709	-0.488	2.674	"3"
"网路股"	0	1	0	0	0.414	0.191	0.083	0.312	-0.232	0.72	-0.038	-0.163	1.153	"2"
"罚"	2	0	0	0	0.828	0.381	0.166	0.625	0.766	-0.184	-0.075	-0.325	1.35	"1"
"罚款"	1	0	0	0	0.414	0.191	0.083	0.312	0.383	-0.092	-0.038	-0.163	0.676	"1"
"罪"	2	0	0	0	0.828	0.381	0.166	0.625	0.766	-0.184	-0.075	-0.325	1.35	"1"
"罪行"	1	0	0	0	0.414	0.191	0.083	0.312	0.383	-0.092	-0.038	-0.163	0.676	"1"
"美国队"	0	0	0	1	0.414	0.191	0.083	0.312	-0.232	-0.092	-0.038	0.505	0.867	"4"
"羞愧"	0	0	0	2	0.828	0.381	0.166	0.625	-0.464	-0.184	-0.075	1.01	1.733	"4"
"耀眼"	0	0	0	1	0.414	0.191	0.083	0.312	-0.232	-0.092	-0.038	0.505	0.867	"4"
"老将"	0	0	0	1	0.414	0.191	0.083	0.312	-0.232	-0.092	-0.038	0.505	0.867	"4"
"老马"	0	0	1	0	0.414	0.191	0.083	0.312	-0.232	-0.092	1.08	-0.163	1.567	"3"
"而"	0	3	0	0	1.242	0.572	0.249	0.937	-0.696	2.16	-0.113	-0.488	3.457	"2"
"耐性"	0	0	0	1	0.414	0.191	0.083	0.312	-0.232	-0.092	-0.038	0.505	0.867	"4"
"联赛"	0	0	0	4	1.656	0.762	0.332	1.25	-0.928	-0.367	-0.151	2.021	3.467	"4"
"联队"	0	0	0	1	0.414	0.191	0.083	0.312	-0.232	-0.092	-0.038	0.505	0.867	"4"
"联集团"	0	2	0	0	0.828	0.381	0.166	0.625	-0.464	1.44	-0.075	-0.325	2.304	"2"
"肆无忌惮"	1	0	0	0	0.414	0.191	0.083	0.312	0.383	-0.092	-0.038	-0.163	0.676	"1"
"股"	0	6	0	0	2.484	1.143	0.499	1.875	-1.392	4.32	-0.226	-0.976	6.914	"2"
"股价"	0	3	0	0	1.242	0.572	0.249	0.937	-0.696	2.16	-0.113	-0.488	3.457	"2"
"股分"	0	1	0	0	0.414	0.191	0.083	0.312	-0.232	0.72	-0.038	-0.163	1.153	"2"
"股市"	0	6	0	0	2.484	1.143	0.499	1.875	-1.392	4.32	-0.226	-0.976	6.914	"2"
"股票"	0	1	0	0	0.414	0.191	0.083	0.312	-0.232	0.72	-0.038	-0.163	1.153	"2"
"肺热"	0	0	1	0	0.414	0.191	0.083	0.312	-0.232	-0.092	1.08	-0.163	1.567	"3"
"肾"	0	0	1	0	0.414	0.191	0.083	0.312	-0.232	-0.092	1.08	-0.163	1.567	"3"
"胆量"	0	0	0	1	0.414	0.191	0.083	0.312	-0.232	-0.092	-0.038	0.505	0.867	"4"
"胚胎"	1	0	0	0	0.414	0.191	0.083	0.312	0.383	-0.092	-0.038	-0.163	0.676	"1"
"能"	0	0	0	1	0.414	0.191	0.083	0.312	-0.232	-0.092	-0.038	0.505	0.867	"4"
"脱疆"	0	1	0	0	0.414	0.191	0.083	0.312	-0.232	0.72	-0.038	-0.163	1.153	"2"
"腐败"	6	0	0	0	2.484	1.143	0.499	1.875	2.298	-0.551	-0.226	-0.976	4.051	"1"
"自伤"	2	0	0	0	0.828	0.381	0.166	0.625	0.766	-0.184	-0.075	-0.325	1.35	"1"
"自信"	0	0	1	0	0.414	0.191	0.083	0.312	-0.232	-0.092	1.08	-0.163	1.567	"3"
"自发"	1	0	0	0	0.414	0.191	0.083	0.312	0.383	-0.092	-0.038	-0.163	0.676	"1"
"自己"	1	0	0	4	2.07	0.953	0.415	1.562	-0.504	-0.459	-0.188	1.447	2.598	"4"
"自律"	1	0	0	0	0.414	0.191	0.083	0.312	0.383	-0.092	-0.038	-0.163	0.676	"1"
"自我"	0	0	1	0	0.414	0.191	0.083	0.312	-0.232	-0.092	1.08	-0.163	1.567	"3"
"自杀"	1	0	0	0	0.414	0.191	0.083	0.312	0.383	-0.092	-0.038	-0.163	0.676	"1"
"自然性"	0	0	1	0	0.414	0.191	0.083	0.312	-0.232	-0.092	1.08	-0.163	1.567	"3"
"自私"	0	0	1	0	0.414	0.191	0.083	0.312	-0.232	-0.092	1.08	-0.163	1.567	"3"
"自觉"	3	0	0	0	1.242	0.572	0.249	0.937	1.149	-0.275	-0.113	-0.488	2.025	"1"
"自豪"	0	0	0	2	0.828	0.381	0.166	0.625	-0.464	-0.184	-0.075	1.01	1.733	"4"
"舞台"	0	0	0	1	0.414	0.191	0.083	0.312	-0.232	-0.092	-0.038	0.505	0.867	"4"
"舞弊"	5	0	0	0	2.07	0.953	0.415	1.562	1.915	-0.459	-0.188	-0.813	3.375	"1"
"良好"	1	1	0	8	4.139	1.905	0.831	3.124	-1.414	-0.393	-0.377	2.67	4.854	"4"
"艺术"	0	0	0	6	2.484	1.143	0.499	1.875	-1.392	-0.551	-0.226	3.031	5.2	"4"
"艺术家"	0	0	0	1	0.414	0.191	0.083	0.312	-0.232	-0.092	-0.038	0.505	0.867	"4"
"艺能"	0	0	0	1	0.414	0.191	0.083	0.312	-0.232	-0.092	-0.038	0.505	0.867	"4"
"艾斯特拉"	1	0	0	0	0.414	0.191	0.083	0.312	0.383	-0.092	-0.038	-0.163	0.676	"1"
"节"	0	0	0	1	0.414	0.191	0.083	0.312	-0.232	-0.092	-0.038	0.505	0.867	"4"
"芽笼"	0	0	0	1	0.414	0.191	0.083	0.312	-0.232	-0.092	-0.038	0.505	0.867	"4"
"范"	1	0	0	0	0.414	0.191	0.083	0.312	0.383	-0.092	-0.038	-0.163	0.676	"1"
"范畴"	1	0	0	0	0.414	0.191	0.083	0.312	0.383	-0.092	-0.038	-0.163	0.676	"1"
"荣获"	0	0	0	1	0.414	0.191	0.083	0.312	-0.232	-0.092	-0.038	0.505	0.867	"4"
"莱曼"	1	0	0	0	0.414	0.191	0.083	0.312	0.383	-0.092	-0.038	-0.163	0.676	"1"
"获利"	0	1	0	0	0.414	0.191	0.083	0.312	-0.232	0.72	-0.038	-0.163	1.153	"2"
"获票"	0	0	1	0	0.414	0.191	0.083	0.312	-0.232	-0.092	1.08	-0.163	1.567	"3"
"获选"	0	1	0	1	0.828	0.381	0.166	0.625	-0.464	0.462	-0.075	0.278	1.279	"1"
"菲国"	1	0	0	0	0.414	0.191	0.083	0.312	0.383	-0.092	-0.038	-0.163	0.676	"1"
"营建类股"	0	1	0	0	0.414	0.191	0.083	0.312	-0.232	0.72	-0.038	-0.163	1.153	"2"
"营运"	0	2	0	0	0.828	0.381	0.166	0.625	-0.464	1.44	-0.075	-0.325	2.304	"2"
"萨瓦莱塔"	0	0	0	1	0.414	0.191	0.083	0.312	-0.232	-0.092	-0.038	0.505	0.867	"4"
"萨隆"	1	0	0	0	0.414	0.191	0.083	0.312	0.383	-0.092	-0.038	-0.163	0.676	"1"
"蒋乃辛"	1	0	0	0	0.414	0.191	0.083	0.312	0.383	-0.092	-0.038	-0.163	0.676	"1"
"蒋兴权"	0	0	0	1	0.414	0.191	0.083	0.312	-0.232	-0.092	-0.038	0.505	0.867	"4"
"蓝筹股"	0	2	0	0	0.828	0.381	0.166	0.625	-0.464	1.44	-0.075	-0.325	2.304	"2"
"蔡明华"	0	0	1	0	0.414	0.191	0.083	0.312	-0.232	-0.092	1.08	-0.163	1.567	"3"
"藉以"	0	0	0	1	0.414	0.191	0.083	0.312	-0.232	-0.092	-0.038	0.505	0.867	"4"
"藐视"	0	0	1	0	0.414	0.191	0.083	0.312	-0.232	-0.092	1.08	-0.163	1.567	"3"
"虐待"	2	0	0	0	0.828	0.381	0.166	0.625	0.766	-0.184	-0.075	-0.325	1.35	"1"
"虚假"	3	0	0	0	1.242	0.572	0.249	0.937	1.149	-0.275	-0.113	-0.488	2.025	"1"
"虽"	0	0	0	2	0.828	0.381	0.166	0.625	-0.464	-0.184	-0.075	1.01	1.733	"4"
"行为"	9	0	0	0	3.725	1.715	0.748	2.812	3.448	-0.826	-0.339	-1.464	6.077	"1"
"行政"	7	0	0	0	2.898	1.334	0.582	2.187	2.682	-0.643	-0.264	-1.139	4.728	"1"
"行政处罚"	1	0	0	0	0.414	0.191	0.083	0.312	0.383	-0.092	-0.038	-0.163	0.676	"1"
"行政机"	1	0	0	0	0.414	0.191	0.083	0.312	0.383	-0.092	-0.038	-0.163	0.676	"1"
"行贿"	1	0	0	0	0.414	0.191	0.083	0.312	0.383	-0.092	-0.038	-0.163	0.676	"1"
"表扬"	0	0	0	1	0.414	0.191	0.083	0.312	-0.232	-0.092	-0.038	0.505	0.867	"4"
"表现"	0	1	0	0	0.414	0.191	0.083	0.312	-0.232	0.72	-0.038	-0.163	1.153	"2"
"表现出"	0	0	1	0	0.414	0.191	0.083	0.312	-0.232	-0.092	1.08	-0.163	1.567	"3"
"被告"	1	0	0	2	1.242	0.572	0.249	0.937	-0.202	-0.275	-0.113	0.635	1.225	"4"
"裁判"	0	0	0	1	0.414	0.191	0.083	0.312	-0.232	-0.092	-0.038	0.505	0.867	"4"
"裂痕"	1	0	0	0	0.414	0.191	0.083	0.312	0.383	-0.092	-0.038	-0.163	0.676	"1"
"裹"	1	0	0	0	0.414	0.191	0.083	0.312	0.383	-0.092	-0.038	-0.163	0.676	"1"
"西甲"	0	0	0	1	0.414	0.191	0.083	0.312	-0.232	-0.092	-0.038	0.505	0.867	"4"
"观察"	0	1	0	2	1.242	0.572	0.249	0.937	-0.696	0.328	-0.113	0.635	1.772	"1"
"规"	1	0	0	0	0.414	0.191	0.083	0.312	0.383	-0.092	-0.038	-0.163	0.676	"1"
"规定"	7	0	0	0	2.898	1.334	0.582	2.187	2.682	-0.643	-0.264	-1.139	4.728	"1"
"规章"	1	0	0	0	0.414	0.191	0.083	0.312	0.383	-0.092	-0.038	-0.163	0.676	"1"
"规范"	14	0	0	0	5.795	2.668	1.163	4.374	5.363	-1.285	-0.527	-2.278	9.453	"1"
"视"	0	2	0	0	0.828	0.381	0.166	0.625	-0.464	1.44	-0.075	-0.325	2.304	"2"
"视为"	2	0	0	0	0.828	0.381	0.166	0.625	0.766	-0.184	-0.075	-0.325	1.35	"1"
"觉醒"	0	0	1	0	0.414	0.191	0.083	0.312	-0.232	-0.092	1.08	-0.163	1.567	"3"
"解释"	1	0	0	0	0.414	0.191	0.083	0.312	0.383	-0.092	-0.038	-0.163	0.676	"1"
"解雇"	1	0	0	0	0.414	0.191	0.083	0.312	0.383	-0.092	-0.038	-0.163	0.676	"1"
"触犯"	2	0	0	0	0.828	0.381	0.166	0.625	0.766	-0.184	-0.075	-0.325	1.35	"1"
"言行"	0	0	0	1	0.414	0.191	0.083	0.312	-0.232	-0.092	-0.038	0.505	0.867	"4"
"言辞"	0	0	1	0	0.414	0.191	0.083	0.312	-0.232	-0.092	1.08	-0.163	1.567	"3"
"认知"	1	0	0	0	0.414	0.191	0.083	0.312	0.383	-0.092	-0.038	-0.163	0.676	"1"
"认证"	0	0	1	0	0.414	0.191	0.083	0.312	-0.232	-0.092	1.08	-0.163	1.567	"3"
"许志安"	0	0	0	1	0.414	0.191	0.083	0.312	-0.232	-0.092	-0.038	0.505	0.867	"4"
"证券行"	0	1	0	0	0.414	0.191	0.083	0.312	-0.232	0.72	-0.038	-0.163	1.153	"2"
"评为"	0	0	0	1	0.414	0.191	0.083	0.312	-0.232	-0.092	-0.038	0.505	0.867	"4"
"评价"	0	0	0	1	0.414	0.191	0.083	0.312	-0.232	-0.092	-0.038	0.505	0.867	"4"
"评估"	0	0	0	1	0.414	0.191	0.083	0.312	-0.232	-0.092	-0.038	0.505	0.867	"4"
"评判"	0	0	0	1	0.414	0.191	0.083	0.312	-0.232	-0.092	-0.038	0.505	0.867	"4"
"评审"	0	0	0	3	1.242	0.572	0.249	0.937	-0.696	-0.275	-0.113	1.516	2.6	"4"
"评鑑"	0	0	1	0	0.414	0.191	0.083	0.312	-0.232	-0.092	1.08	-0.163	1.567	"3"
"诚"	0	0	0	1	0.414	0.191	0.083	0.312	-0.232	-0.092	-0.038	0.505	0.867	"4"
"诚实"	1	0	0	0	0.414	0.191	0.083	0.312	0.383	-0.092	-0.038	-0.163	0.676	"1"
"诚意"	0	0	0	1	0.414	0.191	0.083	0.312	-0.232	-0.092	-0.038	0.505	0.867	"4"
"误导"	1	0	0	0	0.414	0.191	0.083	0.312	0.383	-0.092	-0.038	-0.163	0.676	"1"
"读盲文"	0	0	1	0	0.414	0.191	0.083	0.312	-0.232	-0.092	1.08	-0.163	1.567	"3"
"调查"	0	0	1	0	0.414	0.191	0.083	0.312	-0.232	-0.092	1.08	-0.163	1.567	"3"
"谴责"	4	0	0	0	1.656	0.762	0.332	1.25	1.532	-0.367	-0.151	-0.651	2.701	"1"
"贝克汉姆"	0	0	0	1	0.414	0.191	0.083	0.312	-0.232	-0.092	-0.038	0.505	0.867	"4"
"负有"	1	0	0	0	0.414	0.191	0.083	0.312	0.383	-0.092	-0.038	-0.163	0.676	"1"
"负责"	2	0	0	1	1.242	0.572	0.249	0.937	0.429	-0.275	-0.113	0.171	0.988	"1"
"负责任"	3	0	0	0	1.242	0.572	0.249	0.937	1.149	-0.275	-0.113	-0.488	2.025	"1"
"财物"	1	0	0	0	0.414	0.191	0.083	0.312	0.383	-0.092	-0.038	-0.163	0.676	"1"
"责任"	3	0	0	0	1.242	0.572	0.249	0.937	1.149	-0.275	-0.113	-0.488	2.025	"1"
"败给"	0	0	0	1	0.414	0.191	0.083	0.312	-0.232	-0.092	-0.038	0.505	0.867	"4"
"贩卖"	1	0	0	0	0.414	0.191	0.083	0.312	0.383	-0.092	-0.038	-0.163	0.676	"1"
"贪污"	2	0	0	0	0.828	0.381	0.166	0.625	0.766	-0.184	-0.075	-0.325	1.35	"1"
"贸易"	0	0	0	1	0.414	0.191	0.083	0.312	-0.232	-0.092	-0.038	0.505	0.867	"4"
"赖德"	0	0	0	1	0.414	0.191	0.083	0.312	-0.232	-0.092	-0.038	0.505	0.867	"4"
"赛"	0	0	0	2	0.828	0.381	0.166	0.625	-0.464	-0.184	-0.075	1.01	1.733	"4"
"赞成"	1	0	0	0	0.414	0.191	0.083	0.312	0.383	-0.092	-0.038	-0.163	0.676	"1"
"赞赏"	0	1	0	2	1.242	0.572	0.249	0.937	-0.696	0.328	-0.113	0.635	1.772	"1"
"赢得"	0	0	0	1	0.414	0.191	0.083	0.312	-0.232	-0.092	-0.038	0.505	0.867	"4"
"走势"	0	5	0	0	2.07	0.953	0.415	1.562	-1.16	3.6	-0.188	-0.813	5.761	"2"
"走势主"	0	1	0	0	0.414	0.191	0.083	0.312	-0.232	0.72	-0.038	-0.163	1.153	"2"
"走私"	3	0	0	1	1.656	0.762	0.332	1.25	0.709	-0.367	-0.151	-0.201	1.428	"1"
"起伏"	0	1	0	0	0.414	0.191	0.083	0.312	-0.232	0.72	-0.038	-0.163	1.153	"2"
"起色"	0	1	0	1	0.828	0.381	0.166	0.625	-0.464	0.462	-0.075	0.278	1.279	"1"
"超出"	0	1	0	1	0.828	0.381	0.166	0.625	-0.464	0.462	-0.075	0.278	1.279	"1"
"超速"	1	0	0	0	0.414	0.191	0.083	0.312	0.383	-0.092	-0.038	-0.163	0.676	"1"
"越权"	1	0	0	0	0.414	0.191	0.083	0.312	0.383	-0.092	-0.038	-0.163	0.676	"1"
"越轨"	1	0	0	0	0.414	0.191	0.083	0.312	0.383	-0.092	-0.038	-0.163	0.676	"1"
"趋"	0	1	0	0	0.414	0.191	0.083	0.312	-0.232	0.72	-0.038	-0.163	1.153	"2"
"足为"	0	1	0	0	0.414	0.191	0.083	0.312	-0.232	0.72	-0.038	-0.163	1.153	"2"
"足总"	2	0	0	0	0.828	0.381	0.166	0.625	0.766	-0.184	-0.075	-0.325	1.35	"1"
"跌"	0	1	0	0	0.414	0.191	0.083	0.312	-0.232	0.72	-0.038	-0.163	1.153	"2"
"转变成"	1	0	0	0	0.414	0.191	0.083	0.312	0.383	-0.092	-0.038	-0.163	0.676	"1"
"轻率"	1	0	0	0	0.414	0.191	0.083	0.312	0.383	-0.092	-0.038	-0.163	0.676	"1"
"较"	0	6	0	3	3.725	1.715	0.748	2.812	-2.088	2.627	-0.339	0.244	5.298	"2"
"较为"	0	0	0	1	0.414	0.191	0.083	0.312	-0.232	-0.092	-0.038	0.505	0.867	"4"
"输球"	0	0	0	1	0.414	0.191	0.083	0.312	-0.232	-0.092	-0.038	0.505	0.867	"4"
"输血"	1	0	0	0	0.414	0.191	0.083	0.312	0.383	-0.092	-0.038	-0.163	0.676	"1"
"辩论"	0	0	0	1	0.414	0.191	0.083	0.312	-0.232	-0.092	-0.038	0.505	0.867	"4"
"达因"	1	0	0	0	0.414	0.191	0.083	0.312	0.383	-0.092	-0.038	-0.163	0.676	"1"
"过错"	1	0	0	0	0.414	0.191	0.083	0.312	0.383	-0.092	-0.038	-0.163	0.676	"1"
"迈克尔"	0	0	1	0	0.414	0.191	0.083	0.312	-0.232	-0.092	1.08	-0.163	1.567	"3"
"运动员"	0	0	0	1	0.414	0.191	0.083	0.312	-0.232	-0.092	-0.038	0.505	0.867	"4"
"运动场"	0	0	0	1	0.414	0.191	0.083	0.312	-0.232	-0.092	-0.038	0.505	0.867	"4"
"近年"	0	1	0	0	0.414	0.191	0.083	0.312	-0.232	0.72	-0.038	-0.163	1.153	"2"
"近期"	0	2	0	1	1.242	0.572	0.249	0.937	-0.696	1.022	-0.113	0.171	2.002	"2"
"近来"	0	0	0	2	0.828	0.381	0.166	0.625	-0.464	-0.184	-0.075	1.01	1.733	"4"
"还是"	0	1	0	1	0.828	0.381	0.166	0.625	-0.464	0.462	-0.075	0.278	1.279	"1"
"进帐"	0	0	0	1	0.414	0.191	0.083	0.312	-0.232	-0.092	-0.038	0.505	0.867	"4"
"进步"	0	1	1	0	0.828	0.381	0.166	0.625	-0.464	0.462	0.798	-0.325	2.049	"3"
"远"	0	0	0	1	0.414	0.191	0.083	0.312	-0.232	-0.092	-0.038	0.505	0.867	"4"
"违"	2	0	0	0	0.828	0.381	0.166	0.625	0.766	-0.184	-0.075	-0.325	1.35	"1"
"违反"	6	0	0	0	2.484	1.143	0.499	1.875	2.298	-0.551	-0.226	-0.976	4.051	"1"
"违法"	18	0	0	0	7.451	3.43	1.496	5.624	6.895	-1.653	-0.678	-2.928	12.154	"1"
"违约"	0	0	1	0	0.414	0.191	0.083	0.312	-0.232	-0.092	1.08	-0.163	1.567	"3"
"违者"	1	0	0	0	0.414	0.191	0.083	0.312	0.383	-0.092	-0.038	-0.163	0.676	"1"
"违规"	10	0	0	0	4.139	1.905	0.831	3.124	3.831	-0.918	-0.377	-1.627	6.753	"1"
"退费"	1	0	0	0	0.414	0.191	0.083	0.312	0.383	-0.092	-0.038	-0.163	0.676	"1"
"逃不过"	1	0	0	0	0.414	0.191	0.083	0.312	0.383	-0.092	-0.038	-0.163	0.676	"1"
"逃税"	2	0	0	0	0.828	0.381	0.166	0.625	0.766	-0.184	-0.075	-0.325	1.35	"1"
"逃避"	3	0	0	0	1.242	0.572	0.249	0.937	1.149	-0.275	-0.113	-0.488	2.025	"1"
"选手"	0	0	0	4	1.656	0.762	0.332	1.25	-0.928	-0.367	-0.151	2.021	3.467	"4"
"逊色"	0	0	0	1	0.414	0.191	0.083	0.312	-0.232	-0.092	-0.038	0.505	0.867	"4"
"透明化"	0	0	1	0	0.414	0.191	0.083	0.312	-0.232	-0.092	1.08	-0.163	1.567	"3"
"造成"	1	0	0	0	0.414	0.191	0.083	0.312	0.383	-0.092	-0.038	-0.163	0.676	"1"
"遏制"	1	0	0	0	0.414	0.191	0.083	0.312	0.383	-0.092	-0.038	-0.163	0.676	"1"
"道德"	1	0	1	0	0.828	0.381	0.166	0.625	0.183	-0.184	0.798	-0.325	1.49	"3"
"道指"	0	1	0	0	0.414	0.191	0.083	0.312	-0.232	0.72	-0.038	-0.163	1.153	"2"
"道歉"	0	0	0	1	0.414	0.191	0.083	0.312	-0.232	-0.092	-0.038	0.505	0.867	"4"
"道琼斯"	0	1	0	0	0.414	0.191	0.083	0.312	-0.232	0.72	-0.038	-0.163	1.153	"2"
"遵守"	1	0	0	0	0.414	0.191	0.083	0.312	0.383	-0.092	-0.038	-0.163	0.676	"1"
"遵循"	1	0	0	0	0.414	0.191	0.083	0.312	0.383	-0.092	-0.038	-0.163	0.676	"1"
"邓肯"	0	0	0	1	0.414	0.191	0.083	0.312	-0.232	-0.092	-0.038	0.505	0.867	"4"
"邪恶"	0	0	0	1	0.414	0.191	0.083	0.312	-0.232	-0.092	-0.038	0.505	0.867	"4"
"邱毅"	1	0	0	0	0.414	0.191	0.083	0.312	0.383	-0.092	-0.038	-0.163	0.676	"1"
"郁金香"	0	0	0	1	0.414	0.191	0.083	0.312	-0.232	-0.092	-0.038	0.505	0.867	"4"
"配件"	1	0	0	0	0.414	0.191	0.083	0.312	0.383	-0.092	-0.038	-0.163	0.676	"1"
"配给"	0	1	0	0	0.414	0.191	0.083	0.312	-0.232	0.72	-0.038	-0.163	1.153	"2"
"酒"	1	0	0	0	0.414	0.191	0.083	0.312	0.383	-0.092	-0.038	-0.163	0.676	"1"
"里根"	0	0	1	0	0.414	0.191	0.083	0.312	-0.232	-0.092	1.08	-0.163	1.567	"3"
"重拳"	1	0	0	0	0.414	0.191	0.083	0.312	0.383	-0.092	-0.038	-0.163	0.676	"1"
"重点"	1	0	0	0	0.414	0.191	0.083	0.312	0.383	-0.092	-0.038	-0.163	0.676	"1"
"野蛮"	1	0	0	0	0.414	0.191	0.083	0.312	0.383	-0.092	-0.038	-0.163	0.676	"1"
"野马"	0	1	0	0	0.414	0.191	0.083	0.312	-0.232	0.72	-0.038	-0.163	1.153	"2"
"量化"	0	0	1	0	0.414	0.191	0.083	0.312	-0.232	-0.092	1.08	-0.163	1.567	"3"
"量能"	0	1	0	0	0.414	0.191	0.083	0.312	-0.232	0.72	-0.038	-0.163	1.153	"2"
"金融期"	0	1	0	0	0.414	0.191	0.083	0.312	-0.232	0.72	-0.038	-0.163	1.153	"2"
"金融类股"	0	1	0	0	0.414	0.191	0.083	0.312	-0.232	0.72	-0.038	-0.163	1.153	"2"
"钢琴师"	0	0	1	0	0.414	0.191	0.083	0.312	-0.232	-0.092	1.08	-0.163	1.567	"3"
"钨都"	1	0	0	0	0.414	0.191	0.083	0.312	0.383	-0.092	-0.038	-0.163	0.676	"1"
"钱小"	0	0	0	1	0.414	0.191	0.083	0.312	-0.232	-0.092	-0.038	0.505	0.867	"4"
"钱财"	1	0	0	0	0.414	0.191	0.083	0.312	0.383	-0.092	-0.038	-0.163	0.676	"1"
"铁汉"	0	0	2	0	0.828	0.381	0.166	0.625	-0.464	-0.184	2.161	-0.325	3.134	"3"
"银"	1	0	0	0	0.414	0.191	0.083	0.312	0.383	-0.092	-0.038	-0.163	0.676	"1"
"锁入"	2	0	0	0	0.828	0.381	0.166	0.625	0.766	-0.184	-0.075	-0.325	1.35	"1"
"错位"	0	0	1	0	0.414	0.191	0.083	0.312	-0.232	-0.092	1.08	-0.163	1.567	"3"
"错误"	2	0	0	0	0.828	0.381	0.166	0.625	0.766	-0.184	-0.075	-0.325	1.35	"1"
"锦标赛"	0	0	0	1	0.414	0.191	0.083	0.312	-0.232	-0.092	-0.038	0.505	0.867	"4"
"长官"	0	0	1	0	0.414	0.191	0.083	0.312	-0.232	-0.092	1.08	-0.163	1.567	"3"
"门将"	0	0	0	2	0.828	0.381	0.166	0.625	-0.464	-0.184	-0.075	1.01	1.733	"4"
"问政"	0	0	1	0	0.414	0.191	0.083	0.312	-0.232	-0.092	1.08	-0.163	1.567	"3"
"闲下来"	0	0	1	0	0.414	0.191	0.083	0.312	-0.232	-0.092	1.08	-0.163	1.567	"3"
"闹事"	1	0	0	0	0.414	0.191	0.083	0.312	0.383	-0.092	-0.038	-0.163	0.676	"1"
"队"	0	0	0	8	3.311	1.524	0.665	2.5	-1.856	-0.734	-0.301	4.042	6.933	"4"
"队员"	0	0	0	3	1.242	0.572	0.249	0.937	-0.696	-0.275	-0.113	1.516	2.6	"4"
"防守"	0	0	0	2	0.828	0.381	0.166	0.625	-0.464	-0.184	-0.075	1.01	1.733	"4"
"防止"	2	0	0	0	0.828	0.381	0.166	0.625	0.766	-0.184	-0.075	-0.325	1.35	"1"
"阻止"	1	0	0	0	0.414	0.191	0.083	0.312	0.383	-0.092	-0.038	-0.163	0.676	"1"
"阿申纳"	0	0	0	1	0.414	0.191	0.083	0.312	-0.232	-0.092	-0.038	0.505	0.867	"4"
"陆弟"	0	0	0	2	0.828	0.381	0.166	0.625	-0.464	-0.184	-0.075	1.01	1.733	"4"
"陈文宪"	1	0	0	0	0.414	0.191	0.083	0.312	0.383	-0.092	-0.038	-0.163	0.676	"1"
"陈雪芬"	0	0	1	0	0.414	0.191	0.083	0.312	-0.232	-0.092	1.08	-0.163	1.567	"3"
"陋习"	1	0	0	0	0.414	0.191	0.083	0.312	0.383	-0.092	-0.038	-0.163	0.676	"1"
"院党"	0	0	1	0	0.414	0.191	0.083	0.312	-0.232	-0.092	1.08	-0.163	1.567	"3"
"隆"	0	1	0	0	0.414	0.191	0.083	0.312	-0.232	0.72	-0.038	-0.163	1.153	"2"
"隆股"	0	1	0	0	0.414	0.191	0.083	0.312	-0.232	0.72	-0.038	-0.163	1.153	"2"
"随意"	1	0	0	0	0.414	0.191	0.083	0.312	0.383	-0.092	-0.038	-0.163	0.676	"1"
"隐私权"	0	1	0	0	0.414	0.191	0.083	0.312	-0.232	0.72	-0.038	-0.163	1.153	"2"
"隶属"	1	0	0	0	0.414	0.191	0.083	0.312	0.383	-0.092	-0.038	-0.163	0.676	"1"
"难免"	0	0	0	1	0.414	0.191	0.083	0.312	-0.232	-0.092	-0.038	0.505	0.867	"4"
"雪梨"	0	0	0	1	0.414	0.191	0.083	0.312	-0.232	-0.092	-0.038	0.505	0.867	"4"
"零售业"	0	1	0	0	0.414	0.191	0.083	0.312	-0.232	0.72	-0.038	-0.163	1.153	"2"
"青少年"	1	0	1	0	0.828	0.381	0.166	0.625	0.183	-0.184	0.798	-0.325	1.49	"3"
"非常"	0	0	0	6	2.484	1.143	0.499	1.875	-1.392	-0.551	-0.226	3.031	5.2	"4"
"非法"	6	0	0	0	2.484	1.143	0.499	1.875	2.298	-0.551	-0.226	-0.976	4.051	"1"
"非石油"	0	0	0	1	0.414	0.191	0.083	0.312	-0.232	-0.092	-0.038	0.505	0.867	"4"
"面"	0	1	0	0	0.414	0.191	0.083	0.312	-0.232	0.72	-0.038	-0.163	1.153	"2"
"面前"	1	0	0	0	0.414	0.191	0.083	0.312	0.383	-0.092	-0.038	-0.163	0.676	"1"
"革除"	1	0	0	0	0.414	0.191	0.083	0.312	0.383	-0.092	-0.038	-0.163	0.676	"1"
"鞠躬尽瘁"	0	0	1	0	0.414	0.191	0.083	0.312	-0.232	-0.092	1.08	-0.163	1.567	"3"
"颁奖给"	0	0	0	1	0.414	0.191	0.083	0.312	-0.232	-0.092	-0.038	0.505	0.867	"4"
"预期"	0	2	0	0	0.828	0.381	0.166	0.625	-0.464	1.44	-0.075	-0.325	2.304	"2"
"预谋"	1	0	0	0	0.414	0.191	0.083	0.312	0.383	-0.092	-0.038	-0.163	0.676	"1"
"领域"	0	0	0	5	2.07	0.953	0.415	1.562	-1.16	-0.459	-0.188	2.526	4.333	"4"
"颇佳"	0	0	1	0	0.414	0.191	0.083	0.312	-0.232	-0.092	1.08	-0.163	1.567	"3"
"首日"	0	1	0	0	0.414	0.191	0.083	0.312	-0.232	0.72	-0.038	-0.163	1.153	"2"
"首长"	0	1	1	0	0.828	0.381	0.166	0.625	-0.464	0.462	0.798	-0.325	2.049	"3"
"马克莱莱"	1	0	0	0	0.414	0.191	0.083	0.312	0.383	-0.092	-0.038	-0.163	0.676	"1"
"马隆"	0	0	0	1	0.414	0.191	0.083	0.312	-0.232	-0.092	-0.038	0.505	0.867	"4"
"骑车"	1	0	0	0	0.414	0.191	0.083	0.312	0.383	-0.092	-0.038	-0.163	0.676	"1"
"骗汇"	1	0	0	0	0.414	0.191	0.083	0.312	0.383	-0.092	-0.038	-0.163	0.676	"1"
"骗税"	3	0	0	0	1.242	0.572	0.249	0.937	1.149	-0.275	-0.113	-0.488	2.025	"1"
"骚扰"	1	0	0	0	0.414	0.191	0.083	0.312	0.383	-0.092	-0.038	-0.163	0.676	"1"
"骷髅"	0	0	0	1	0.414	0.191	0.083	0.312	-0.232	-0.092	-0.038	0.505	0.867	"4"
"高热"	0	0	1	0	0.414	0.191	0.083	0.312	-0.232	-0.092	1.08	-0.163	1.567	"3"
"黄清元"	0	0	0	1	0.414	0.191	0.083	0.312	-0.232	-0.092	-0.038	0.505	0.867	"4"
"黄蜂队"	0	0	0	1	0.414	0.191	0.083	0.312	-0.232	-0.092	-0.038	0.505	0.867	"4"
"黑名单"	1	0	0	0	0.414	0.191	0.083	0.312	0.383	-0.092	-0.038	-0.163	0.676	"1"
"黑客"	1	0	0	0	0.414	0.191	0.083	0.312	0.383	-0.092	-0.038	-0.163	0.676	"1"
"鼓舞"	0	2	0	0	0.828	0.381	0.166	0.625	-0.464	1.44	-0.075	-0.325	2.304	"2"
"鼻涕"	1	0	0	0	0.414	0.191	0.083	0.312	0.383	-0.092	-0.038	-0.163	0.676	"1"
