"Coll_Word"	"1"	"2"	"3"	"exp_1"	"exp_2"	"exp_3"	"pbin_1"	"pbin_2"	"pbin_3"	"SumAbsDev"	"LargestDev"
"--"	0	0	1	0.124	0.041	0.835	-0.058	-0.018	0.078	0.154	"3"
"；"	0	0	2	0.249	0.082	1.669	-0.115	-0.036	0.157	0.308	"3"
"？"	0	0	2	0.249	0.082	1.669	-0.115	-0.036	0.157	0.308	"3"
"……"	0	0	2	0.249	0.082	1.669	-0.115	-0.036	0.157	0.308	"3"
"“"	0	0	15	1.865	0.615	12.52	-0.865	-0.273	1.177	2.315	"3"
"”"	0	0	14	1.74	0.574	11.686	-0.807	-0.254	1.099	2.16	"3"
"「"	3	0	3	0.746	0.246	5.008	1.542	-0.109	-1.215	2.866	"1"
"1963年"	0	0	1	0.124	0.041	0.835	-0.058	-0.018	0.078	0.154	"3"
"37"	0	0	1	0.124	0.041	0.835	-0.058	-0.018	0.078	0.154	"3"
"40"	0	0	1	0.124	0.041	0.835	-0.058	-0.018	0.078	0.154	"3"
"891017"	1	0	0	0.124	0.041	0.835	0.905	-0.018	-0.782	1.705	"1"
"891130"	0	0	1	0.124	0.041	0.835	-0.058	-0.018	0.078	0.154	"3"
"ideal-speechsituation"	0	0	1	0.124	0.041	0.835	-0.058	-0.018	0.078	0.154	"3"
"一两代人"	0	0	1	0.124	0.041	0.835	-0.058	-0.018	0.078	0.154	"3"
"一样"	0	0	1	0.124	0.041	0.835	-0.058	-0.018	0.078	0.154	"3"
"上柜"	1	0	0	0.124	0.041	0.835	0.905	-0.018	-0.782	1.705	"1"
"下"	0	2	6	0.995	0.328	6.678	-0.461	1.399	-0.408	2.268	"2"
"不一"	0	0	1	0.124	0.041	0.835	-0.058	-0.018	0.078	0.154	"3"
"不佳"	0	0	1	0.124	0.041	0.835	-0.058	-0.018	0.078	0.154	"3"
"不同"	0	0	6	0.746	0.246	5.008	-0.346	-0.109	0.471	0.926	"3"
"不得不"	0	0	1	0.124	0.041	0.835	-0.058	-0.018	0.078	0.154	"3"
"不过"	0	0	1	0.124	0.041	0.835	-0.058	-0.018	0.078	0.154	"3"
"不遮体"	0	0	1	0.124	0.041	0.835	-0.058	-0.018	0.078	0.154	"3"
"业"	0	0	1	0.124	0.041	0.835	-0.058	-0.018	0.078	0.154	"3"
"丢弃"	0	0	1	0.124	0.041	0.835	-0.058	-0.018	0.078	0.154	"3"
"中"	0	0	8	0.995	0.328	6.678	-0.461	-0.145	0.628	1.234	"3"
"中国"	0	0	2	0.249	0.082	1.669	-0.115	-0.036	0.157	0.308	"3"
"为了"	0	0	1	0.124	0.041	0.835	-0.058	-0.018	0.078	0.154	"3"
"主宰"	0	0	1	0.124	0.041	0.835	-0.058	-0.018	0.078	0.154	"3"
"主要"	0	0	1	0.124	0.041	0.835	-0.058	-0.018	0.078	0.154	"3"
"之"	0	0	3	0.373	0.123	2.504	-0.173	-0.055	0.235	0.463	"3"
"乐茂盛"	0	0	1	0.124	0.041	0.835	-0.058	-0.018	0.078	0.154	"3"
"也就是说"	0	0	1	0.124	0.041	0.835	-0.058	-0.018	0.078	0.154	"3"
"了"	0	0	1	0.124	0.041	0.835	-0.058	-0.018	0.078	0.154	"3"
"了解"	0	0	1	0.124	0.041	0.835	-0.058	-0.018	0.078	0.154	"3"
"事件"	0	0	1	0.124	0.041	0.835	-0.058	-0.018	0.078	0.154	"3"
"二十"	1	0	0	0.124	0.041	0.835	0.905	-0.018	-0.782	1.705	"1"
"交替"	0	0	3	0.373	0.123	2.504	-0.173	-0.055	0.235	0.463	"3"
"产生"	0	0	1	0.124	0.041	0.835	-0.058	-0.018	0.078	0.154	"3"
"人人"	0	0	1	0.124	0.041	0.835	-0.058	-0.018	0.078	0.154	"3"
"人们"	0	0	1	0.124	0.041	0.835	-0.058	-0.018	0.078	0.154	"3"
"人口"	0	0	3	0.373	0.123	2.504	-0.173	-0.055	0.235	0.463	"3"
"人妻"	0	0	1	0.124	0.041	0.835	-0.058	-0.018	0.078	0.154	"3"
"人民"	0	1	2	0.373	0.123	2.504	-0.173	0.928	-0.378	1.479	"2"
"人物"	0	0	1	0.124	0.041	0.835	-0.058	-0.018	0.078	0.154	"3"
"人群"	0	0	1	0.124	0.041	0.835	-0.058	-0.018	0.078	0.154	"3"
"人间"	0	0	1	0.124	0.041	0.835	-0.058	-0.018	0.078	0.154	"3"
"什么"	0	0	1	0.124	0.041	0.835	-0.058	-0.018	0.078	0.154	"3"
"他们"	0	1	16	2.113	0.697	14.19	-0.98	0.293	0.694	1.967	"1"
"令"	0	0	1	0.124	0.041	0.835	-0.058	-0.018	0.078	0.154	"3"
"以及"	0	0	1	0.124	0.041	0.835	-0.058	-0.018	0.078	0.154	"3"
"们"	0	0	1	0.124	0.041	0.835	-0.058	-0.018	0.078	0.154	"3"
"们饱含"	0	0	1	0.124	0.041	0.835	-0.058	-0.018	0.078	0.154	"3"
"伊"	0	0	1	0.124	0.041	0.835	-0.058	-0.018	0.078	0.154	"3"
"伊拉克人"	0	1	0	0.124	0.041	0.835	-0.058	1.387	-0.782	2.227	"2"
"会不会"	0	0	1	0.124	0.041	0.835	-0.058	-0.018	0.078	0.154	"3"
"伤害"	0	0	1	0.124	0.041	0.835	-0.058	-0.018	0.078	0.154	"3"
"伴随"	0	0	1	0.124	0.041	0.835	-0.058	-0.018	0.078	0.154	"3"
"似乎"	0	0	1	0.124	0.041	0.835	-0.058	-0.018	0.078	0.154	"3"
"何厚铧"	0	0	2	0.249	0.082	1.669	-0.115	-0.036	0.157	0.308	"3"
"何时"	0	0	1	0.124	0.041	0.835	-0.058	-0.018	0.078	0.154	"3"
"作"	0	0	1	0.124	0.041	0.835	-0.058	-0.018	0.078	0.154	"3"
"使"	0	0	5	0.622	0.205	4.173	-0.288	-0.091	0.392	0.771	"3"
"侄女"	0	0	1	0.124	0.041	0.835	-0.058	-0.018	0.078	0.154	"3"
"依据"	1	0	0	0.124	0.041	0.835	0.905	-0.018	-0.782	1.705	"1"
"促进"	0	0	1	0.124	0.041	0.835	-0.058	-0.018	0.078	0.154	"3"
"俄罗斯"	0	0	1	0.124	0.041	0.835	-0.058	-0.018	0.078	0.154	"3"
"保组"	0	0	1	0.124	0.041	0.835	-0.058	-0.018	0.078	0.154	"3"
"修养"	0	0	1	0.124	0.041	0.835	-0.058	-0.018	0.078	0.154	"3"
"偏向"	0	0	1	0.124	0.041	0.835	-0.058	-0.018	0.078	0.154	"3"
"儿童"	0	0	2	0.249	0.082	1.669	-0.115	-0.036	0.157	0.308	"3"
"先生"	0	0	1	0.124	0.041	0.835	-0.058	-0.018	0.078	0.154	"3"
"党"	0	0	1	0.124	0.041	0.835	-0.058	-0.018	0.078	0.154	"3"
"公司"	0	0	2	0.249	0.082	1.669	-0.115	-0.036	0.157	0.308	"3"
"关注"	0	0	2	0.249	0.082	1.669	-0.115	-0.036	0.157	0.308	"3"
"其"	0	0	4	0.497	0.164	3.339	-0.231	-0.073	0.314	0.618	"3"
"其中"	0	0	1	0.124	0.041	0.835	-0.058	-0.018	0.078	0.154	"3"
"其后"	0	0	1	0.124	0.041	0.835	-0.058	-0.018	0.078	0.154	"3"
"冒险"	0	0	1	0.124	0.041	0.835	-0.058	-0.018	0.078	0.154	"3"
"农渔民"	0	0	1	0.124	0.041	0.835	-0.058	-0.018	0.078	0.154	"3"
"冲突"	0	0	1	0.124	0.041	0.835	-0.058	-0.018	0.078	0.154	"3"
"凄"	0	0	1	0.124	0.041	0.835	-0.058	-0.018	0.078	0.154	"3"
"凄惨"	0	0	2	0.249	0.082	1.669	-0.115	-0.036	0.157	0.308	"3"
"凄苦"	0	0	1	0.124	0.041	0.835	-0.058	-0.018	0.078	0.154	"3"
"几"	0	0	2	0.249	0.082	1.669	-0.115	-0.036	0.157	0.308	"3"
"凸显"	0	0	1	0.124	0.041	0.835	-0.058	-0.018	0.078	0.154	"3"
"分别"	0	0	1	0.124	0.041	0.835	-0.058	-0.018	0.078	0.154	"3"
"分析"	0	0	1	0.124	0.041	0.835	-0.058	-0.018	0.078	0.154	"3"
"分配"	0	0	1	0.124	0.041	0.835	-0.058	-0.018	0.078	0.154	"3"
"创业"	5	0	0	0.622	0.205	4.173	4.527	-0.091	-3.909	8.527	"1"
"创作"	0	0	1	0.124	0.041	0.835	-0.058	-0.018	0.078	0.154	"3"
"利息"	4	0	0	0.497	0.164	3.339	3.622	-0.073	-3.127	6.822	"1"
"利比"	0	0	1	0.124	0.041	0.835	-0.058	-0.018	0.078	0.154	"3"
"制造业"	0	0	1	0.124	0.041	0.835	-0.058	-0.018	0.078	0.154	"3"
"前"	0	0	2	0.249	0.082	1.669	-0.115	-0.036	0.157	0.308	"3"
"加勒比海"	0	0	1	0.124	0.041	0.835	-0.058	-0.018	0.078	0.154	"3"
"动辄"	0	0	1	0.124	0.041	0.835	-0.058	-0.018	0.078	0.154	"3"
"劳委会"	3	0	0	0.373	0.123	2.504	2.716	-0.055	-2.345	5.116	"1"
"北约"	0	1	0	0.124	0.041	0.835	-0.058	1.387	-0.782	2.227	"2"
"医"	0	0	1	0.124	0.041	0.835	-0.058	-0.018	0.078	0.154	"3"
"医疗"	0	0	1	0.124	0.041	0.835	-0.058	-0.018	0.078	0.154	"3"
"十五"	1	0	1	0.249	0.082	1.669	0.632	-0.036	-0.518	1.186	"1"
"半"	0	0	1	0.124	0.041	0.835	-0.058	-0.018	0.078	0.154	"3"
"单亲家庭"	0	0	1	0.124	0.041	0.835	-0.058	-0.018	0.078	0.154	"3"
"南"	0	0	1	0.124	0.041	0.835	-0.058	-0.018	0.078	0.154	"3"
"南大生"	0	0	1	0.124	0.041	0.835	-0.058	-0.018	0.078	0.154	"3"
"危险性"	0	0	1	0.124	0.041	0.835	-0.058	-0.018	0.078	0.154	"3"
"即使"	0	1	0	0.124	0.041	0.835	-0.058	1.387	-0.782	2.227	"2"
"却"	0	0	3	0.373	0.123	2.504	-0.173	-0.055	0.235	0.463	"3"
"历程"	0	0	1	0.124	0.041	0.835	-0.058	-0.018	0.078	0.154	"3"
"原因"	0	0	1	0.124	0.041	0.835	-0.058	-0.018	0.078	0.154	"3"
"县府"	1	0	0	0.124	0.041	0.835	0.905	-0.018	-0.782	1.705	"1"
"发言"	0	0	1	0.124	0.041	0.835	-0.058	-0.018	0.078	0.154	"3"
"受"	0	0	2	0.249	0.082	1.669	-0.115	-0.036	0.157	0.308	"3"
"受害者"	0	0	2	0.249	0.082	1.669	-0.115	-0.036	0.157	0.308	"3"
"另"	0	0	1	0.124	0.041	0.835	-0.058	-0.018	0.078	0.154	"3"
"另外"	0	0	1	0.124	0.041	0.835	-0.058	-0.018	0.078	0.154	"3"
"叶昌桐"	0	0	1	0.124	0.041	0.835	-0.058	-0.018	0.078	0.154	"3"
"各"	0	0	2	0.249	0.082	1.669	-0.115	-0.036	0.157	0.308	"3"
"吉卜赛人"	0	0	3	0.373	0.123	2.504	-0.173	-0.055	0.235	0.463	"3"
"同情"	0	1	1	0.249	0.082	1.669	-0.115	1.095	-0.518	1.728	"2"
"同样"	0	0	1	0.124	0.041	0.835	-0.058	-0.018	0.078	0.154	"3"
"同行业"	0	0	1	0.124	0.041	0.835	-0.058	-0.018	0.078	0.154	"3"
"员工"	0	0	1	0.124	0.041	0.835	-0.058	-0.018	0.078	0.154	"3"
"呢"	0	0	1	0.124	0.041	0.835	-0.058	-0.018	0.078	0.154	"3"
"命"	0	0	1	0.124	0.041	0.835	-0.058	-0.018	0.078	0.154	"3"
"和平"	0	0	1	0.124	0.041	0.835	-0.058	-0.018	0.078	0.154	"3"
"哪"	0	0	2	0.249	0.082	1.669	-0.115	-0.036	0.157	0.308	"3"
"唐飞"	0	0	1	0.124	0.041	0.835	-0.058	-0.018	0.078	0.154	"3"
"因此"	0	0	3	0.373	0.123	2.504	-0.173	-0.055	0.235	0.463	"3"
"困"	0	0	1	0.124	0.041	0.835	-0.058	-0.018	0.078	0.154	"3"
"困苦"	0	0	1	0.124	0.041	0.835	-0.058	-0.018	0.078	0.154	"3"
"困难"	1	0	1	0.249	0.082	1.669	0.632	-0.036	-0.518	1.186	"1"
"国产"	0	0	1	0.124	0.041	0.835	-0.058	-0.018	0.078	0.154	"3"
"土著"	0	0	1	0.124	0.041	0.835	-0.058	-0.018	0.078	0.154	"3"
"在职"	0	0	1	0.124	0.041	0.835	-0.058	-0.018	0.078	0.154	"3"
"场"	0	0	1	0.124	0.041	0.835	-0.058	-0.018	0.078	0.154	"3"
"坏"	0	0	1	0.124	0.041	0.835	-0.058	-0.018	0.078	0.154	"3"
"基本"	0	0	1	0.124	0.041	0.835	-0.058	-0.018	0.078	0.154	"3"
"堪忧"	0	0	1	0.124	0.041	0.835	-0.058	-0.018	0.078	0.154	"3"
"处"	0	0	1	0.124	0.041	0.835	-0.058	-0.018	0.078	0.154	"3"
"外"	0	0	1	0.124	0.041	0.835	-0.058	-0.018	0.078	0.154	"3"
"外交"	0	0	1	0.124	0.041	0.835	-0.058	-0.018	0.078	0.154	"3"
"多"	0	0	1	0.124	0.041	0.835	-0.058	-0.018	0.078	0.154	"3"
"多方面"	0	0	2	0.249	0.082	1.669	-0.115	-0.036	0.157	0.308	"3"
"大为"	0	0	1	0.124	0.041	0.835	-0.058	-0.018	0.078	0.154	"3"
"大生"	0	0	1	0.124	0.041	0.835	-0.058	-0.018	0.078	0.154	"3"
"天"	0	0	1	0.124	0.041	0.835	-0.058	-0.018	0.078	0.154	"3"
"天壤之别"	0	0	1	0.124	0.041	0.835	-0.058	-0.018	0.078	0.154	"3"
"失望"	0	0	1	0.124	0.041	0.835	-0.058	-0.018	0.078	0.154	"3"
"奉"	0	0	1	0.124	0.041	0.835	-0.058	-0.018	0.078	0.154	"3"
"女"	1	0	0	0.124	0.041	0.835	0.905	-0.018	-0.782	1.705	"1"
"女人"	0	0	2	0.249	0.082	1.669	-0.115	-0.036	0.157	0.308	"3"
"她"	0	0	2	0.249	0.082	1.669	-0.115	-0.036	0.157	0.308	"3"
"她们"	0	0	2	0.249	0.082	1.669	-0.115	-0.036	0.157	0.308	"3"
"好"	0	0	1	0.124	0.041	0.835	-0.058	-0.018	0.078	0.154	"3"
"好了"	0	0	1	0.124	0.041	0.835	-0.058	-0.018	0.078	0.154	"3"
"如"	0	0	1	0.124	0.041	0.835	-0.058	-0.018	0.078	0.154	"3"
"如果"	0	0	1	0.124	0.041	0.835	-0.058	-0.018	0.078	0.154	"3"
"如此"	0	0	1	0.124	0.041	0.835	-0.058	-0.018	0.078	0.154	"3"
"妇"	1	0	0	0.124	0.041	0.835	0.905	-0.018	-0.782	1.705	"1"
"妇女"	9	0	1	1.243	0.41	8.347	7.201	-0.182	-6.105	13.488	"1"
"妹"	0	0	1	0.124	0.041	0.835	-0.058	-0.018	0.078	0.154	"3"
"姐妹"	0	0	1	0.124	0.041	0.835	-0.058	-0.018	0.078	0.154	"3"
"子弟"	0	0	1	0.124	0.041	0.835	-0.058	-0.018	0.078	0.154	"3"
"孙证"	0	0	1	0.124	0.041	0.835	-0.058	-0.018	0.078	0.154	"3"
"孤立"	0	0	1	0.124	0.041	0.835	-0.058	-0.018	0.078	0.154	"3"
"孩子"	0	0	1	0.124	0.041	0.835	-0.058	-0.018	0.078	0.154	"3"
"它"	0	0	2	0.249	0.082	1.669	-0.115	-0.036	0.157	0.308	"3"
"安全"	0	0	1	0.124	0.041	0.835	-0.058	-0.018	0.078	0.154	"3"
"安哥拉"	0	0	1	0.124	0.041	0.835	-0.058	-0.018	0.078	0.154	"3"
"完全"	0	0	1	0.124	0.041	0.835	-0.058	-0.018	0.078	0.154	"3"
"定"	0	0	1	0.124	0.041	0.835	-0.058	-0.018	0.078	0.154	"3"
"实"	0	0	1	0.124	0.041	0.835	-0.058	-0.018	0.078	0.154	"3"
"实施"	2	0	0	0.249	0.082	1.669	1.811	-0.036	-1.563	3.41	"1"
"实质"	0	0	1	0.124	0.041	0.835	-0.058	-0.018	0.078	0.154	"3"
"实际"	0	0	1	0.124	0.041	0.835	-0.058	-0.018	0.078	0.154	"3"
"宣佈"	1	0	0	0.124	0.041	0.835	0.905	-0.018	-0.782	1.705	"1"
"家"	0	0	2	0.249	0.082	1.669	-0.115	-0.036	0.157	0.308	"3"
"家属"	0	0	1	0.124	0.041	0.835	-0.058	-0.018	0.078	0.154	"3"
"家庭"	4	0	1	0.622	0.205	4.173	2.968	-0.091	-2.49	5.549	"1"
"寻找"	0	0	1	0.124	0.041	0.835	-0.058	-0.018	0.078	0.154	"3"
"封王"	0	0	1	0.124	0.041	0.835	-0.058	-0.018	0.078	0.154	"3"
"将"	4	0	1	0.622	0.205	4.173	2.968	-0.091	-2.49	5.549	"1"
"小将"	0	0	1	0.124	0.041	0.835	-0.058	-0.018	0.078	0.154	"3"
"小提琴"	0	0	1	0.124	0.041	0.835	-0.058	-0.018	0.078	0.154	"3"
"少女"	0	1	0	0.124	0.041	0.835	-0.058	1.387	-0.782	2.227	"2"
"少年"	0	0	1	0.124	0.041	0.835	-0.058	-0.018	0.078	0.154	"3"
"尝试"	0	0	1	0.124	0.041	0.835	-0.058	-0.018	0.078	0.154	"3"
"尤其"	0	0	1	0.124	0.041	0.835	-0.058	-0.018	0.078	0.154	"3"
"就是"	0	0	1	0.124	0.041	0.835	-0.058	-0.018	0.078	0.154	"3"
"展开"	0	0	1	0.124	0.041	0.835	-0.058	-0.018	0.078	0.154	"3"
"差"	0	0	2	0.249	0.082	1.669	-0.115	-0.036	0.157	0.308	"3"
"布宜诺斯艾利斯"	0	0	1	0.124	0.041	0.835	-0.058	-0.018	0.078	0.154	"3"
"希伯伦"	0	0	1	0.124	0.041	0.835	-0.058	-0.018	0.078	0.154	"3"
"常"	0	0	1	0.124	0.041	0.835	-0.058	-0.018	0.078	0.154	"3"
"常态"	0	0	6	0.746	0.246	5.008	-0.346	-0.109	0.471	0.926	"3"
"幕僚"	0	0	1	0.124	0.041	0.835	-0.058	-0.018	0.078	0.154	"3"
"年前"	0	0	2	0.249	0.082	1.669	-0.115	-0.036	0.157	0.308	"3"
"并且"	0	0	1	0.124	0.041	0.835	-0.058	-0.018	0.078	0.154	"3"
"并非"	0	0	1	0.124	0.041	0.835	-0.058	-0.018	0.078	0.154	"3"
"底下"	0	0	1	0.124	0.041	0.835	-0.058	-0.018	0.078	0.154	"3"
"废除"	0	0	1	0.124	0.041	0.835	-0.058	-0.018	0.078	0.154	"3"
"建立"	0	0	1	0.124	0.041	0.835	-0.058	-0.018	0.078	0.154	"3"
"建设"	0	0	1	0.124	0.041	0.835	-0.058	-0.018	0.078	0.154	"3"
"开办"	1	0	0	0.124	0.041	0.835	0.905	-0.018	-0.782	1.705	"1"
"引发"	0	0	1	0.124	0.041	0.835	-0.058	-0.018	0.078	0.154	"3"
"弱势"	0	0	1	0.124	0.041	0.835	-0.058	-0.018	0.078	0.154	"3"
"当时"	0	0	2	0.249	0.082	1.669	-0.115	-0.036	0.157	0.308	"3"
"当然"	0	0	1	0.124	0.041	0.835	-0.058	-0.018	0.078	0.154	"3"
"彻底"	0	0	1	0.124	0.041	0.835	-0.058	-0.018	0.078	0.154	"3"
"很多"	0	0	1	0.124	0.041	0.835	-0.058	-0.018	0.078	0.154	"3"
"得"	0	0	2	0.249	0.082	1.669	-0.115	-0.036	0.157	0.308	"3"
"得以"	0	0	1	0.124	0.041	0.835	-0.058	-0.018	0.078	0.154	"3"
"得到"	0	0	1	0.124	0.041	0.835	-0.058	-0.018	0.078	0.154	"3"
"心情"	0	0	1	0.124	0.041	0.835	-0.058	-0.018	0.078	0.154	"3"
"心智"	0	0	1	0.124	0.041	0.835	-0.058	-0.018	0.078	0.154	"3"
"心理"	0	0	1	0.124	0.041	0.835	-0.058	-0.018	0.078	0.154	"3"
"忧虑"	0	0	1	0.124	0.041	0.835	-0.058	-0.018	0.078	0.154	"3"
"恆"	0	0	1	0.124	0.041	0.835	-0.058	-0.018	0.078	0.154	"3"
"悲惨"	0	6	0	0.746	0.246	5.008	-0.346	8.324	-4.69	13.36	"2"
"惨"	0	0	1	0.124	0.041	0.835	-0.058	-0.018	0.078	0.154	"3"
"惨痛"	0	0	1	0.124	0.041	0.835	-0.058	-0.018	0.078	0.154	"3"
"想到"	0	0	1	0.124	0.041	0.835	-0.058	-0.018	0.078	0.154	"3"
"意大利"	0	0	3	0.373	0.123	2.504	-0.173	-0.055	0.235	0.463	"3"
"感到"	0	0	1	0.124	0.041	0.835	-0.058	-0.018	0.078	0.154	"3"
"愿意"	0	0	1	0.124	0.041	0.835	-0.058	-0.018	0.078	0.154	"3"
"成千上万"	0	1	0	0.124	0.041	0.835	-0.058	1.387	-0.782	2.227	"2"
"我们"	0	0	5	0.622	0.205	4.173	-0.288	-0.091	0.392	0.771	"3"
"战争"	0	1	0	0.124	0.041	0.835	-0.058	1.387	-0.782	2.227	"2"
"战国"	0	0	1	0.124	0.041	0.835	-0.058	-0.018	0.078	0.154	"3"
"截然不同"	0	0	1	0.124	0.041	0.835	-0.058	-0.018	0.078	0.154	"3"
"所"	0	0	2	0.249	0.082	1.669	-0.115	-0.036	0.157	0.308	"3"
"才"	0	0	2	0.249	0.082	1.669	-0.115	-0.036	0.157	0.308	"3"
"打工"	0	0	1	0.124	0.041	0.835	-0.058	-0.018	0.078	0.154	"3"
"扶助"	5	0	0	0.622	0.205	4.173	4.527	-0.091	-3.909	8.527	"1"
"投诉"	0	0	1	0.124	0.041	0.835	-0.058	-0.018	0.078	0.154	"3"
"拨奏"	0	0	2	0.249	0.082	1.669	-0.115	-0.036	0.157	0.308	"3"
"挂念"	0	0	1	0.124	0.041	0.835	-0.058	-0.018	0.078	0.154	"3"
"指"	1	0	0	0.124	0.041	0.835	0.905	-0.018	-0.782	1.705	"1"
"揭露"	0	1	0	0.124	0.041	0.835	-0.058	1.387	-0.782	2.227	"2"
"改变"	0	0	3	0.373	0.123	2.504	-0.173	-0.055	0.235	0.463	"3"
"改善"	0	0	5	0.622	0.205	4.173	-0.288	-0.091	0.392	0.771	"3"
"放出来"	0	0	1	0.124	0.041	0.835	-0.058	-0.018	0.078	0.154	"3"
"政府"	0	0	1	0.124	0.041	0.835	-0.058	-0.018	0.078	0.154	"3"
"效力"	0	0	1	0.124	0.041	0.835	-0.058	-0.018	0.078	0.154	"3"
"整"	0	0	1	0.124	0.041	0.835	-0.058	-0.018	0.078	0.154	"3"
"文学史"	0	0	1	0.124	0.041	0.835	-0.058	-0.018	0.078	0.154	"3"
"文才"	0	0	1	0.124	0.041	0.835	-0.058	-0.018	0.078	0.154	"3"
"文类"	0	0	1	0.124	0.041	0.835	-0.058	-0.018	0.078	0.154	"3"
"新一代"	0	0	1	0.124	0.041	0.835	-0.058	-0.018	0.078	0.154	"3"
"新华社"	0	0	2	0.249	0.082	1.669	-0.115	-0.036	0.157	0.308	"3"
"方式"	0	0	2	0.249	0.082	1.669	-0.115	-0.036	0.157	0.308	"3"
"无"	0	0	1	0.124	0.041	0.835	-0.058	-0.018	0.078	0.154	"3"
"无助"	0	0	1	0.124	0.041	0.835	-0.058	-0.018	0.078	0.154	"3"
"无异于"	0	0	1	0.124	0.041	0.835	-0.058	-0.018	0.078	0.154	"3"
"早"	0	0	1	0.124	0.041	0.835	-0.058	-0.018	0.078	0.154	"3"
"时代"	0	0	1	0.124	0.041	0.835	-0.058	-0.018	0.078	0.154	"3"
"明白"	0	0	1	0.124	0.041	0.835	-0.058	-0.018	0.078	0.154	"3"
"易"	0	0	1	0.124	0.041	0.835	-0.058	-0.018	0.078	0.154	"3"
"易辙"	0	0	1	0.124	0.041	0.835	-0.058	-0.018	0.078	0.154	"3"
"春秋"	0	0	1	0.124	0.041	0.835	-0.058	-0.018	0.078	0.154	"3"
"显而易见"	0	1	0	0.124	0.041	0.835	-0.058	1.387	-0.782	2.227	"2"
"暴政"	0	1	0	0.124	0.041	0.835	-0.058	1.387	-0.782	2.227	"2"
"更"	0	0	1	0.124	0.041	0.835	-0.058	-0.018	0.078	0.154	"3"
"更为"	0	0	2	0.249	0.082	1.669	-0.115	-0.036	0.157	0.308	"3"
"更多"	0	0	1	0.124	0.041	0.835	-0.058	-0.018	0.078	0.154	"3"
"最后"	0	0	1	0.124	0.041	0.835	-0.058	-0.018	0.078	0.154	"3"
"有关"	0	0	1	0.124	0.041	0.835	-0.058	-0.018	0.078	0.154	"3"
"有种"	0	0	1	0.124	0.041	0.835	-0.058	-0.018	0.078	0.154	"3"
"朋友"	0	0	1	0.124	0.041	0.835	-0.058	-0.018	0.078	0.154	"3"
"未来"	0	0	1	0.124	0.041	0.835	-0.058	-0.018	0.078	0.154	"3"
"机场"	0	0	2	0.249	0.082	1.669	-0.115	-0.036	0.157	0.308	"3"
"李"	0	0	1	0.124	0.041	0.835	-0.058	-0.018	0.078	0.154	"3"
"条件"	1	0	2	0.373	0.123	2.504	0.483	-0.055	-0.378	0.916	"1"
"条例"	5	0	0	0.622	0.205	4.173	4.527	-0.091	-3.909	8.527	"1"
"杨采妮"	0	0	1	0.124	0.041	0.835	-0.058	-0.018	0.078	0.154	"3"
"极"	0	0	2	0.249	0.082	1.669	-0.115	-0.036	0.157	0.308	"3"
"样"	0	0	1	0.124	0.041	0.835	-0.058	-0.018	0.078	0.154	"3"
"根据"	1	0	2	0.373	0.123	2.504	0.483	-0.055	-0.378	0.916	"1"
"桑"	0	0	1	0.124	0.041	0.835	-0.058	-0.018	0.078	0.154	"3"
"模拟"	0	0	1	0.124	0.041	0.835	-0.058	-0.018	0.078	0.154	"3"
"欧文"	0	0	1	0.124	0.041	0.835	-0.058	-0.018	0.078	0.154	"3"
"正"	0	0	1	0.124	0.041	0.835	-0.058	-0.018	0.078	0.154	"3"
"死"	0	0	1	0.124	0.041	0.835	-0.058	-0.018	0.078	0.154	"3"
"死去活来"	0	0	1	0.124	0.041	0.835	-0.058	-0.018	0.078	0.154	"3"
"民"	0	1	0	0.124	0.041	0.835	-0.058	1.387	-0.782	2.227	"2"
"民生"	0	0	1	0.124	0.041	0.835	-0.058	-0.018	0.078	0.154	"3"
"江泽民"	0	0	1	0.124	0.041	0.835	-0.058	-0.018	0.078	0.154	"3"
"沉寂"	0	0	1	0.124	0.041	0.835	-0.058	-0.018	0.078	0.154	"3"
"没"	0	0	1	0.124	0.041	0.835	-0.058	-0.018	0.078	0.154	"3"
"沮丧"	0	0	1	0.124	0.041	0.835	-0.058	-0.018	0.078	0.154	"3"
"法官"	0	0	1	0.124	0.041	0.835	-0.058	-0.018	0.078	0.154	"3"
"洪水"	0	0	1	0.124	0.041	0.835	-0.058	-0.018	0.078	0.154	"3"
"活"	0	0	4	0.497	0.164	3.339	-0.231	-0.073	0.314	0.618	"3"
"活下去"	0	0	1	0.124	0.041	0.835	-0.058	-0.018	0.078	0.154	"3"
"浪高"	0	0	1	0.124	0.041	0.835	-0.058	-0.018	0.078	0.154	"3"
"深情"	0	0	1	0.124	0.041	0.835	-0.058	-0.018	0.078	0.154	"3"
"清洁"	0	0	1	0.124	0.041	0.835	-0.058	-0.018	0.078	0.154	"3"
"港股"	0	0	1	0.124	0.041	0.835	-0.058	-0.018	0.078	0.154	"3"
"满"	0	0	1	0.124	0.041	0.835	-0.058	-0.018	0.078	0.154	"3"
"潜势"	0	0	1	0.124	0.041	0.835	-0.058	-0.018	0.078	0.154	"3"
"潦倒"	0	0	1	0.124	0.041	0.835	-0.058	-0.018	0.078	0.154	"3"
"灾"	0	0	1	0.124	0.041	0.835	-0.058	-0.018	0.078	0.154	"3"
"灾害"	0	0	1	0.124	0.041	0.835	-0.058	-0.018	0.078	0.154	"3"
"灾民"	0	1	0	0.124	0.041	0.835	-0.058	1.387	-0.782	2.227	"2"
"熟悉"	0	0	1	0.124	0.041	0.835	-0.058	-0.018	0.078	0.154	"3"
"爆发"	0	1	0	0.124	0.041	0.835	-0.058	1.387	-0.782	2.227	"2"
"爱"	0	0	3	0.373	0.123	2.504	-0.173	-0.055	0.235	0.463	"3"
"父亲"	0	0	1	0.124	0.041	0.835	-0.058	-0.018	0.078	0.154	"3"
"物质"	0	0	1	0.124	0.041	0.835	-0.058	-0.018	0.078	0.154	"3"
"特殊"	12	0	0	1.492	0.492	10.016	10.866	-0.218	-9.381	20.465	"1"
"王大宁"	0	0	1	0.124	0.041	0.835	-0.058	-0.018	0.078	0.154	"3"
"现代企业制度"	0	0	1	0.124	0.041	0.835	-0.058	-0.018	0.078	0.154	"3"
"珊瑚礁"	0	0	1	0.124	0.041	0.835	-0.058	-0.018	0.078	0.154	"3"
"球员"	0	0	2	0.249	0.082	1.669	-0.115	-0.036	0.157	0.308	"3"
"球队"	0	0	2	0.249	0.082	1.669	-0.115	-0.036	0.157	0.308	"3"
"理性"	0	0	2	0.249	0.082	1.669	-0.115	-0.036	0.157	0.308	"3"
"理想"	0	0	1	0.124	0.041	0.835	-0.058	-0.018	0.078	0.154	"3"
"生"	0	0	4	0.497	0.164	3.339	-0.231	-0.073	0.314	0.618	"3"
"生存"	0	0	1	0.124	0.041	0.835	-0.058	-0.018	0.078	0.154	"3"
"生活"	2	0	10	1.492	0.492	10.016	0.346	-0.218	-0.212	0.776	"1"
"生灵涂炭"	0	1	0	0.124	0.041	0.835	-0.058	1.387	-0.782	2.227	"2"
"生肖"	0	0	1	0.124	0.041	0.835	-0.058	-0.018	0.078	0.154	"3"
"用"	0	0	1	0.124	0.041	0.835	-0.058	-0.018	0.078	0.154	"3"
"由于"	0	0	3	0.373	0.123	2.504	-0.173	-0.055	0.235	0.463	"3"
"申请"	4	0	0	0.497	0.164	3.339	3.622	-0.073	-3.127	6.822	"1"
"电影"	0	0	1	0.124	0.041	0.835	-0.058	-0.018	0.078	0.154	"3"
"痛苦"	0	0	1	0.124	0.041	0.835	-0.058	-0.018	0.078	0.154	"3"
"白雪"	0	0	1	0.124	0.041	0.835	-0.058	-0.018	0.078	0.154	"3"
"目前"	0	0	6	0.746	0.246	5.008	-0.346	-0.109	0.471	0.926	"3"
"相互"	0	0	1	0.124	0.041	0.835	-0.058	-0.018	0.078	0.154	"3"
"相似"	0	0	1	0.124	0.041	0.835	-0.058	-0.018	0.078	0.154	"3"
"相信"	0	0	1	0.124	0.041	0.835	-0.058	-0.018	0.078	0.154	"3"
"相反"	0	0	1	0.124	0.041	0.835	-0.058	-0.018	0.078	0.154	"3"
"相同"	0	0	1	0.124	0.041	0.835	-0.058	-0.018	0.078	0.154	"3"
"相当"	0	0	2	0.249	0.082	1.669	-0.115	-0.036	0.157	0.308	"3"
"看到"	0	0	1	0.124	0.041	0.835	-0.058	-0.018	0.078	0.154	"3"
"看来"	0	0	1	0.124	0.041	0.835	-0.058	-0.018	0.078	0.154	"3"
"真实"	0	0	1	0.124	0.041	0.835	-0.058	-0.018	0.078	0.154	"3"
"着"	0	0	2	0.249	0.082	1.669	-0.115	-0.036	0.157	0.308	"3"
"知"	0	0	1	0.124	0.041	0.835	-0.058	-0.018	0.078	0.154	"3"
"短期"	0	0	1	0.124	0.041	0.835	-0.058	-0.018	0.078	0.154	"3"
"石化业"	0	0	1	0.124	0.041	0.835	-0.058	-0.018	0.078	0.154	"3"
"石智勇"	0	0	1	0.124	0.041	0.835	-0.058	-0.018	0.078	0.154	"3"
"石油"	0	0	1	0.124	0.041	0.835	-0.058	-0.018	0.078	0.154	"3"
"破灭"	0	0	1	0.124	0.041	0.835	-0.058	-0.018	0.078	0.154	"3"
"福利"	1	0	0	0.124	0.041	0.835	0.905	-0.018	-0.782	1.705	"1"
"私下"	0	0	1	0.124	0.041	0.835	-0.058	-0.018	0.078	0.154	"3"
"种"	0	0	16	1.989	0.656	13.355	-0.922	-0.291	1.256	2.469	"3"
"积弱不振"	0	0	1	0.124	0.041	0.835	-0.058	-0.018	0.078	0.154	"3"
"称"	1	0	0	0.124	0.041	0.835	0.905	-0.018	-0.782	1.705	"1"
"窘困"	0	0	1	0.124	0.041	0.835	-0.058	-0.018	0.078	0.154	"3"
"窘迫"	0	0	1	0.124	0.041	0.835	-0.058	-0.018	0.078	0.154	"3"
"立即"	0	0	1	0.124	0.041	0.835	-0.058	-0.018	0.078	0.154	"3"
"类似"	0	0	2	0.249	0.082	1.669	-0.115	-0.036	0.157	0.308	"3"
"精神"	0	1	2	0.373	0.123	2.504	-0.173	0.928	-0.378	1.479	"2"
"糟"	0	0	1	0.124	0.041	0.835	-0.058	-0.018	0.078	0.154	"3"
"糟糕"	0	0	1	0.124	0.041	0.835	-0.058	-0.018	0.078	0.154	"3"
"经济"	0	0	5	0.622	0.205	4.173	-0.288	-0.091	0.392	0.771	"3"
"给"	0	0	1	0.124	0.041	0.835	-0.058	-0.018	0.078	0.154	"3"
"继续"	0	0	1	0.124	0.041	0.835	-0.058	-0.018	0.078	0.154	"3"
"群体"	0	0	1	0.124	0.041	0.835	-0.058	-0.018	0.078	0.154	"3"
"考"	0	0	1	0.124	0.041	0.835	-0.058	-0.018	0.078	0.154	"3"
"考研"	0	0	1	0.124	0.041	0.835	-0.058	-0.018	0.078	0.154	"3"
"考虑"	0	0	1	0.124	0.041	0.835	-0.058	-0.018	0.078	0.154	"3"
"者"	0	0	2	0.249	0.082	1.669	-0.115	-0.036	0.157	0.308	"3"
"而今"	0	0	1	0.124	0.041	0.835	-0.058	-0.018	0.078	0.154	"3"
"联合国"	0	0	1	0.124	0.041	0.835	-0.058	-0.018	0.078	0.154	"3"
"联想"	0	0	1	0.124	0.041	0.835	-0.058	-0.018	0.078	0.154	"3"
"育"	0	0	1	0.124	0.041	0.835	-0.058	-0.018	0.078	0.154	"3"
"胜利"	0	0	1	0.124	0.041	0.835	-0.058	-0.018	0.078	0.154	"3"
"臣服"	0	0	1	0.124	0.041	0.835	-0.058	-0.018	0.078	0.154	"3"
"舒畅"	0	0	1	0.124	0.041	0.835	-0.058	-0.018	0.078	0.154	"3"
"艰难"	0	0	1	0.124	0.041	0.835	-0.058	-0.018	0.078	0.154	"3"
"苞粟"	0	0	1	0.124	0.041	0.835	-0.058	-0.018	0.078	0.154	"3"
"苟且"	0	1	0	0.124	0.041	0.835	-0.058	1.387	-0.782	2.227	"2"
"若是"	0	0	1	0.124	0.041	0.835	-0.058	-0.018	0.078	0.154	"3"
"苦涩"	0	0	1	0.124	0.041	0.835	-0.058	-0.018	0.078	0.154	"3"
"萍水相逢"	0	0	1	0.124	0.041	0.835	-0.058	-0.018	0.078	0.154	"3"
"萧条"	0	0	1	0.124	0.041	0.835	-0.058	-0.018	0.078	0.154	"3"
"落差"	0	0	1	0.124	0.041	0.835	-0.058	-0.018	0.078	0.154	"3"
"蛇年"	0	0	1	0.124	0.041	0.835	-0.058	-0.018	0.078	0.154	"3"
"衣"	0	0	1	0.124	0.041	0.835	-0.058	-0.018	0.078	0.154	"3"
"补贴"	5	0	0	0.622	0.205	4.173	4.527	-0.091	-3.909	8.527	"1"
"西班牙"	0	0	1	0.124	0.041	0.835	-0.058	-0.018	0.078	0.154	"3"
"要好"	0	0	1	0.124	0.041	0.835	-0.058	-0.018	0.078	0.154	"3"
"解"	0	0	2	0.249	0.082	1.669	-0.115	-0.036	0.157	0.308	"3"
"解决"	1	0	0	0.124	0.041	0.835	0.905	-0.018	-0.782	1.705	"1"
"计价"	0	0	1	0.124	0.041	0.835	-0.058	-0.018	0.078	0.154	"3"
"记录"	0	0	1	0.124	0.041	0.835	-0.058	-0.018	0.078	0.154	"3"
"许"	0	0	2	0.249	0.082	1.669	-0.115	-0.036	0.157	0.308	"3"
"许多"	0	0	2	0.249	0.082	1.669	-0.115	-0.036	0.157	0.308	"3"
"语文"	0	0	1	0.124	0.041	0.835	-0.058	-0.018	0.078	0.154	"3"
"请求"	0	0	1	0.124	0.041	0.835	-0.058	-0.018	0.078	0.154	"3"
"调查"	0	0	2	0.249	0.082	1.669	-0.115	-0.036	0.157	0.308	"3"
"财政"	0	0	1	0.124	0.041	0.835	-0.058	-0.018	0.078	0.154	"3"
"贫困"	0	0	4	0.497	0.164	3.339	-0.231	-0.073	0.314	0.618	"3"
"贷款"	6	0	0	0.746	0.246	5.008	5.433	-0.109	-4.69	10.232	"1"
"越来越"	0	0	2	0.249	0.082	1.669	-0.115	-0.036	0.157	0.308	"3"
"跟"	0	0	1	0.124	0.041	0.835	-0.058	-0.018	0.078	0.154	"3"
"路透"	0	0	1	0.124	0.041	0.835	-0.058	-0.018	0.078	0.154	"3"
"身为"	0	0	1	0.124	0.041	0.835	-0.058	-0.018	0.078	0.154	"3"
"身子"	0	0	1	0.124	0.041	0.835	-0.058	-0.018	0.078	0.154	"3"
"较"	0	0	1	0.124	0.041	0.835	-0.058	-0.018	0.078	0.154	"3"
"辞职"	0	0	1	0.124	0.041	0.835	-0.058	-0.018	0.078	0.154	"3"
"边"	0	0	1	0.124	0.041	0.835	-0.058	-0.018	0.078	0.154	"3"
"过"	0	0	2	0.249	0.082	1.669	-0.115	-0.036	0.157	0.308	"3"
"过去"	0	0	1	0.124	0.041	0.835	-0.058	-0.018	0.078	0.154	"3"
"过后"	0	0	1	0.124	0.041	0.835	-0.058	-0.018	0.078	0.154	"3"
"近年"	0	0	1	0.124	0.041	0.835	-0.058	-0.018	0.078	0.154	"3"
"这样"	0	0	1	0.124	0.041	0.835	-0.058	-0.018	0.078	0.154	"3"
"这般"	0	0	1	0.124	0.041	0.835	-0.058	-0.018	0.078	0.154	"3"
"选手"	0	0	1	0.124	0.041	0.835	-0.058	-0.018	0.078	0.154	"3"
"造成"	0	0	1	0.124	0.041	0.835	-0.058	-0.018	0.078	0.154	"3"
"遇"	0	0	2	0.249	0.082	1.669	-0.115	-0.036	0.157	0.308	"3"
"遭受"	0	0	1	0.124	0.041	0.835	-0.058	-0.018	0.078	0.154	"3"
"那"	0	0	1	0.124	0.041	0.835	-0.058	-0.018	0.078	0.154	"3"
"都"	0	0	8	0.995	0.328	6.678	-0.461	-0.145	0.628	1.234	"3"
"配合"	0	0	1	0.124	0.041	0.835	-0.058	-0.018	0.078	0.154	"3"
"采取"	0	0	1	0.124	0.041	0.835	-0.058	-0.018	0.078	0.154	"3"
"里"	0	0	1	0.124	0.041	0.835	-0.058	-0.018	0.078	0.154	"3"
"里亚"	0	0	1	0.124	0.041	0.835	-0.058	-0.018	0.078	0.154	"3"
"重"	0	0	1	0.124	0.041	0.835	-0.058	-0.018	0.078	0.154	"3"
"量"	0	0	1	0.124	0.041	0.835	-0.058	-0.018	0.078	0.154	"3"
"鉴于"	0	0	2	0.249	0.082	1.669	-0.115	-0.036	0.157	0.308	"3"
"长期"	0	0	1	0.124	0.041	0.835	-0.058	-0.018	0.078	0.154	"3"
"门"	0	0	2	0.249	0.082	1.669	-0.115	-0.036	0.157	0.308	"3"
"闪现"	0	0	1	0.124	0.041	0.835	-0.058	-0.018	0.078	0.154	"3"
"间"	0	0	1	0.124	0.041	0.835	-0.058	-0.018	0.078	0.154	"3"
"阿根廷"	0	0	1	0.124	0.041	0.835	-0.058	-0.018	0.078	0.154	"3"
"陈"	0	0	1	0.124	0.041	0.835	-0.058	-0.018	0.078	0.154	"3"
"除了"	0	0	1	0.124	0.041	0.835	-0.058	-0.018	0.078	0.154	"3"
"难以"	0	0	1	0.124	0.041	0.835	-0.058	-0.018	0.078	0.154	"3"
"难道"	0	1	0	0.124	0.041	0.835	-0.058	1.387	-0.782	2.227	"2"
"雪上加霜"	0	0	1	0.124	0.041	0.835	-0.058	-0.018	0.078	0.154	"3"
"雾社"	0	0	1	0.124	0.041	0.835	-0.058	-0.018	0.078	0.154	"3"
"需求"	1	0	0	0.124	0.041	0.835	0.905	-0.018	-0.782	1.705	"1"
"青春"	0	1	0	0.124	0.041	0.835	-0.058	1.387	-0.782	2.227	"2"
"非"	0	0	3	0.373	0.123	2.504	-0.173	-0.055	0.235	0.463	"3"
"非人"	0	0	1	0.124	0.041	0.835	-0.058	-0.018	0.078	0.154	"3"
"非常"	0	1	1	0.249	0.082	1.669	-0.115	1.095	-0.518	1.728	"2"
"非洲"	0	1	1	0.249	0.082	1.669	-0.115	1.095	-0.518	1.728	"2"
"面临"	0	0	1	0.124	0.041	0.835	-0.058	-0.018	0.078	0.154	"3"
"面对"	0	0	2	0.249	0.082	1.669	-0.115	-0.036	0.157	0.308	"3"
"风高"	0	0	1	0.124	0.041	0.835	-0.058	-0.018	0.078	0.154	"3"
