"Coll_Word"	"1"	"2"	"3"	"exp_1"	"exp_2"	"exp_3"	"pbin_1"	"pbin_2"	"pbin_3"	"SumAbsDev"	"LargestDev"
"〈"	0	0	1	0.489	0.169	0.342	-0.292	-0.08	0.466	0.838	"3"
"〉"	0	0	1	0.489	0.169	0.342	-0.292	-0.08	0.466	0.838	"3"
"《"	0	0	15	7.339	2.533	5.128	-4.377	-1.205	6.992	12.574	"3"
"／"	1	0	0	0.489	0.169	0.342	0.31	-0.08	-0.182	0.572	"1"
"1.6"	1	0	0	0.489	0.169	0.342	0.31	-0.08	-0.182	0.572	"1"
"10.8"	0	1	0	0.489	0.169	0.342	-0.292	0.772	-0.182	1.246	"2"
"1000"	1	0	0	0.489	0.169	0.342	0.31	-0.08	-0.182	0.572	"1"
"1000万"	1	0	0	0.489	0.169	0.342	0.31	-0.08	-0.182	0.572	"1"
"10万"	1	0	0	0.489	0.169	0.342	0.31	-0.08	-0.182	0.572	"1"
"10月"	0	0	2	0.979	0.338	0.684	-0.584	-0.161	0.932	1.677	"3"
"12日"	1	0	2	1.468	0.507	1.026	-0.287	-0.241	0.567	1.095	"3"
"1300万"	0	0	1	0.489	0.169	0.342	-0.292	-0.08	0.466	0.838	"3"
"1500多"	1	0	0	0.489	0.169	0.342	0.31	-0.08	-0.182	0.572	"1"
"1660万"	1	0	0	0.489	0.169	0.342	0.31	-0.08	-0.182	0.572	"1"
"174万余"	1	0	0	0.489	0.169	0.342	0.31	-0.08	-0.182	0.572	"1"
"18万"	0	1	0	0.489	0.169	0.342	-0.292	0.772	-0.182	1.246	"2"
"20万"	1	0	0	0.489	0.169	0.342	0.31	-0.08	-0.182	0.572	"1"
"2300万"	0	0	1	0.489	0.169	0.342	-0.292	-0.08	0.466	0.838	"3"
"24.11"	0	1	0	0.489	0.169	0.342	-0.292	0.772	-0.182	1.246	"2"
"50周年"	0	0	1	0.489	0.169	0.342	-0.292	-0.08	0.466	0.838	"3"
"64"	1	0	0	0.489	0.169	0.342	0.31	-0.08	-0.182	0.572	"1"
"64825433"	1	0	0	0.489	0.169	0.342	0.31	-0.08	-0.182	0.572	"1"
"7时"	1	0	0	0.489	0.169	0.342	0.31	-0.08	-0.182	0.572	"1"
"891019"	1	0	0	0.489	0.169	0.342	0.31	-0.08	-0.182	0.572	"1"
"891026"	1	0	0	0.489	0.169	0.342	0.31	-0.08	-0.182	0.572	"1"
"891111"	1	0	0	0.489	0.169	0.342	0.31	-0.08	-0.182	0.572	"1"
"891116"	1	0	0	0.489	0.169	0.342	0.31	-0.08	-0.182	0.572	"1"
"891225"	1	0	0	0.489	0.169	0.342	0.31	-0.08	-0.182	0.572	"1"
"900121"	1	0	0	0.489	0.169	0.342	0.31	-0.08	-0.182	0.572	"1"
"d"	0	0	1	0.489	0.169	0.342	-0.292	-0.08	0.466	0.838	"3"
"Echo"	1	0	0	0.489	0.169	0.342	0.31	-0.08	-0.182	0.572	"1"
"m"	1	0	0	0.489	0.169	0.342	0.31	-0.08	-0.182	0.572	"1"
"一些"	1	0	0	0.489	0.169	0.342	0.31	-0.08	-0.182	0.572	"1"
"一同"	1	0	0	0.489	0.169	0.342	0.31	-0.08	-0.182	0.572	"1"
"一大早"	1	0	0	0.489	0.169	0.342	0.31	-0.08	-0.182	0.572	"1"
"一如"	0	0	1	0.489	0.169	0.342	-0.292	-0.08	0.466	0.838	"3"
"一定"	0	0	1	0.489	0.169	0.342	-0.292	-0.08	0.466	0.838	"3"
"一封封"	1	0	0	0.489	0.169	0.342	0.31	-0.08	-0.182	0.572	"1"
"一次次"	0	0	1	0.489	0.169	0.342	-0.292	-0.08	0.466	0.838	"3"
"一百五十万"	0	0	1	0.489	0.169	0.342	-0.292	-0.08	0.466	0.838	"3"
"一睹"	1	0	0	0.489	0.169	0.342	0.31	-0.08	-0.182	0.572	"1"
"一般"	1	0	0	0.489	0.169	0.342	0.31	-0.08	-0.182	0.572	"1"
"一部分"	1	0	0	0.489	0.169	0.342	0.31	-0.08	-0.182	0.572	"1"
"七成"	2	0	0	0.979	0.338	0.684	0.621	-0.161	-0.363	1.145	"1"
"万"	1	0	0	0.489	0.169	0.342	0.31	-0.08	-0.182	0.572	"1"
"万隆"	0	0	1	0.489	0.169	0.342	-0.292	-0.08	0.466	0.838	"3"
"三商"	1	0	0	0.489	0.169	0.342	0.31	-0.08	-0.182	0.572	"1"
"三讲"	0	2	0	0.979	0.338	0.684	-0.584	1.545	-0.363	2.492	"2"
"三读通过"	1	0	0	0.489	0.169	0.342	0.31	-0.08	-0.182	0.572	"1"
"上万"	1	0	0	0.489	0.169	0.342	0.31	-0.08	-0.182	0.572	"1"
"上海市"	0	0	1	0.489	0.169	0.342	-0.292	-0.08	0.466	0.838	"3"
"上网"	2	0	0	0.979	0.338	0.684	0.621	-0.161	-0.363	1.145	"1"
"不仅"	0	1	2	1.468	0.507	1.026	-0.875	0.371	0.567	1.813	"1"
"不便"	1	0	0	0.489	0.169	0.342	0.31	-0.08	-0.182	0.572	"1"
"不只"	0	0	1	0.489	0.169	0.342	-0.292	-0.08	0.466	0.838	"3"
"不可开交"	1	0	0	0.489	0.169	0.342	0.31	-0.08	-0.182	0.572	"1"
"不妨"	2	0	0	0.979	0.338	0.684	0.621	-0.161	-0.363	1.145	"1"
"不少"	3	0	0	1.468	0.507	1.026	0.931	-0.241	-0.545	1.717	"1"
"不当"	1	0	0	0.489	0.169	0.342	0.31	-0.08	-0.182	0.572	"1"
"不断"	0	2	1	1.468	0.507	1.026	-0.875	1.12	-0.137	2.132	"2"
"不满"	2	0	0	0.979	0.338	0.684	0.621	-0.161	-0.363	1.145	"1"
"不要"	6	0	0	2.936	1.013	2.051	1.863	-0.482	-1.09	3.435	"1"
"不适"	1	0	0	0.489	0.169	0.342	0.31	-0.08	-0.182	0.572	"1"
"与时俱进"	0	0	1	0.489	0.169	0.342	-0.292	-0.08	0.466	0.838	"3"
"专科"	2	0	0	0.979	0.338	0.684	0.621	-0.161	-0.363	1.145	"1"
"世代"	0	0	1	0.489	0.169	0.342	-0.292	-0.08	0.466	0.838	"3"
"业者"	1	0	0	0.489	0.169	0.342	0.31	-0.08	-0.182	0.572	"1"
"两千四百"	1	0	0	0.489	0.169	0.342	0.31	-0.08	-0.182	0.572	"1"
"两国"	0	1	4	2.446	0.844	1.709	-1.459	0.219	1.304	2.982	"1"
"两岸"	0	0	4	1.957	0.675	1.367	-1.167	-0.321	1.865	3.353	"3"
"中华"	0	0	20	9.785	3.377	6.837	-5.836	-1.607	9.323	16.766	"3"
"中华民国"	0	0	3	1.468	0.507	1.026	-0.875	-0.241	1.398	2.514	"3"
"中印"	0	0	1	0.489	0.169	0.342	-0.292	-0.08	0.466	0.838	"3"
"中国"	9	2	35	22.506	7.768	15.726	-4.431	-1.97	8.115	14.516	"3"
"中央"	0	0	4	1.957	0.675	1.367	-1.167	-0.321	1.865	3.353	"3"
"中央政府"	0	0	1	0.489	0.169	0.342	-0.292	-0.08	0.466	0.838	"3"
"中德"	0	0	1	0.489	0.169	0.342	-0.292	-0.08	0.466	0.838	"3"
"中级"	0	0	2	0.979	0.338	0.684	-0.584	-0.161	0.932	1.677	"3"
"中西医药"	1	0	0	0.489	0.169	0.342	0.31	-0.08	-0.182	0.572	"1"
"中部"	2	0	0	0.979	0.338	0.684	0.621	-0.161	-0.363	1.145	"1"
"丰盛"	1	0	0	0.489	0.169	0.342	0.31	-0.08	-0.182	0.572	"1"
"为了"	5	0	0	2.446	0.844	1.709	1.552	-0.402	-0.908	2.862	"1"
"主义"	0	0	1	0.489	0.169	0.342	-0.292	-0.08	0.466	0.838	"3"
"主办"	1	0	0	0.489	0.169	0.342	0.31	-0.08	-0.182	0.572	"1"
"主席"	0	0	3	1.468	0.507	1.026	-0.875	-0.241	1.398	2.514	"3"
"主张"	0	0	1	0.489	0.169	0.342	-0.292	-0.08	0.466	0.838	"3"
"举报"	3	0	0	1.468	0.507	1.026	0.931	-0.241	-0.545	1.717	"1"
"举措"	0	1	0	0.489	0.169	0.342	-0.292	0.772	-0.182	1.246	"2"
"义务"	0	1	1	0.979	0.338	0.684	-0.584	0.51	0.247	1.341	"1"
"之余"	1	0	0	0.489	0.169	0.342	0.31	-0.08	-0.182	0.572	"1"
"之多"	0	1	0	0.489	0.169	0.342	-0.292	0.772	-0.182	1.246	"2"
"之间"	0	2	0	0.979	0.338	0.684	-0.584	1.545	-0.363	2.492	"2"
"乌鲁木齐市"	0	1	0	0.489	0.169	0.342	-0.292	0.772	-0.182	1.246	"2"
"乔本平"	1	0	0	0.489	0.169	0.342	0.31	-0.08	-0.182	0.572	"1"
"九"	1	0	0	0.489	0.169	0.342	0.31	-0.08	-0.182	0.572	"1"
"乞纳"	1	0	0	0.489	0.169	0.342	0.31	-0.08	-0.182	0.572	"1"
"习惯"	0	1	0	0.489	0.169	0.342	-0.292	0.772	-0.182	1.246	"2"
"书展"	1	0	0	0.489	0.169	0.342	0.31	-0.08	-0.182	0.572	"1"
"买"	1	0	0	0.489	0.169	0.342	0.31	-0.08	-0.182	0.572	"1"
"了解"	6	2	0	3.914	1.351	2.735	0.883	0.396	-1.453	2.732	"3"
"争取"	2	0	0	0.979	0.338	0.684	0.621	-0.161	-0.363	1.145	"1"
"事业"	0	1	1	0.979	0.338	0.684	-0.584	0.51	0.247	1.341	"1"
"事业心"	0	1	0	0.489	0.169	0.342	-0.292	0.772	-0.182	1.246	"2"
"事务"	1	0	0	0.489	0.169	0.342	0.31	-0.08	-0.182	0.572	"1"
"二十二年"	0	0	1	0.489	0.169	0.342	-0.292	-0.08	0.466	0.838	"3"
"二千三百万"	0	0	2	0.979	0.338	0.684	-0.584	-0.161	0.932	1.677	"3"
"云南省"	0	0	1	0.489	0.169	0.342	-0.292	-0.08	0.466	0.838	"3"
"云集"	1	0	0	0.489	0.169	0.342	0.31	-0.08	-0.182	0.572	"1"
"五成四"	1	0	0	0.489	0.169	0.342	0.31	-0.08	-0.182	0.572	"1"
"井浚泓"	1	0	0	0.489	0.169	0.342	0.31	-0.08	-0.182	0.572	"1"
"交易展"	1	0	0	0.489	0.169	0.342	0.31	-0.08	-0.182	0.572	"1"
"交通局"	1	0	0	0.489	0.169	0.342	0.31	-0.08	-0.182	0.572	"1"
"交通量"	1	0	0	0.489	0.169	0.342	0.31	-0.08	-0.182	0.572	"1"
"享受"	2	0	0	0.979	0.338	0.684	0.621	-0.161	-0.363	1.145	"1"
"享有"	0	0	2	0.979	0.338	0.684	-0.584	-0.161	0.932	1.677	"3"
"亮光"	1	0	0	0.489	0.169	0.342	0.31	-0.08	-0.182	0.572	"1"
"人协"	0	0	1	0.489	0.169	0.342	-0.292	-0.08	0.466	0.838	"3"
"人数"	1	0	0	0.489	0.169	0.342	0.31	-0.08	-0.182	0.572	"1"
"人格"	0	0	1	0.489	0.169	0.342	-0.292	-0.08	0.466	0.838	"3"
"人民"	0	8	24	15.656	5.404	10.94	-9.338	0.796	5.543	15.677	"1"
"人民代表"	0	0	3	1.468	0.507	1.026	-0.875	-0.241	1.398	2.514	"3"
"人民币"	4	0	0	1.957	0.675	1.367	1.242	-0.321	-0.727	2.29	"1"
"代理商"	1	0	0	0.489	0.169	0.342	0.31	-0.08	-0.182	0.572	"1"
"代表"	0	0	2	0.979	0.338	0.684	-0.584	-0.161	0.932	1.677	"3"
"以上"	0	0	1	0.489	0.169	0.342	-0.292	-0.08	0.466	0.838	"3"
"以下"	1	0	0	0.489	0.169	0.342	0.31	-0.08	-0.182	0.572	"1"
"以为"	2	0	0	0.979	0.338	0.684	0.621	-0.161	-0.363	1.145	"1"
"仪"	1	0	0	0.489	0.169	0.342	0.31	-0.08	-0.182	0.572	"1"
"们"	1	0	0	0.489	0.169	0.342	0.31	-0.08	-0.182	0.572	"1"
"件"	0	0	1	0.489	0.169	0.342	-0.292	-0.08	0.466	0.838	"3"
"企鹅馆"	1	0	0	0.489	0.169	0.342	0.31	-0.08	-0.182	0.572	"1"
"伊"	0	1	0	0.489	0.169	0.342	-0.292	0.772	-0.182	1.246	"2"
"休闲"	1	0	0	0.489	0.169	0.342	0.31	-0.08	-0.182	0.572	"1"
"众"	1	1	0	0.979	0.338	0.684	0.131	0.51	-0.363	1.004	"2"
"会师"	1	0	0	0.489	0.169	0.342	0.31	-0.08	-0.182	0.572	"1"
"会见"	0	0	2	0.979	0.338	0.684	-0.584	-0.161	0.932	1.677	"3"
"会面"	0	0	1	0.489	0.169	0.342	-0.292	-0.08	0.466	0.838	"3"
"传染病"	0	0	1	0.489	0.169	0.342	-0.292	-0.08	0.466	0.838	"3"
"住宅"	1	0	0	0.489	0.169	0.342	0.31	-0.08	-0.182	0.572	"1"
"体会"	2	0	0	0.979	0.338	0.684	0.621	-0.161	-0.363	1.145	"1"
"体温"	1	0	0	0.489	0.169	0.342	0.31	-0.08	-0.182	0.572	"1"
"体现"	0	0	1	0.489	0.169	0.342	-0.292	-0.08	0.466	0.838	"3"
"体育法"	1	0	0	0.489	0.169	0.342	0.31	-0.08	-0.182	0.572	"1"
"体验"	3	0	0	1.468	0.507	1.026	0.931	-0.241	-0.545	1.717	"1"
"余屋"	1	0	0	0.489	0.169	0.342	0.31	-0.08	-0.182	0.572	"1"
"余政宪"	1	0	0	0.489	0.169	0.342	0.31	-0.08	-0.182	0.572	"1"
"作战"	0	0	1	0.489	0.169	0.342	-0.292	-0.08	0.466	0.838	"3"
"作栋"	0	0	1	0.489	0.169	0.342	-0.292	-0.08	0.466	0.838	"3"
"使报"	1	0	0	0.489	0.169	0.342	0.31	-0.08	-0.182	0.572	"1"
"使用"	2	0	0	0.979	0.338	0.684	0.621	-0.161	-0.363	1.145	"1"
"供"	2	0	0	0.979	0.338	0.684	0.621	-0.161	-0.363	1.145	"1"
"依法"	0	1	0	0.489	0.169	0.342	-0.292	0.772	-0.182	1.246	"2"
"依靠"	0	0	1	0.489	0.169	0.342	-0.292	-0.08	0.466	0.838	"3"
"侵犯"	0	0	1	0.489	0.169	0.342	-0.292	-0.08	0.466	0.838	"3"
"便利"	1	0	0	0.489	0.169	0.342	0.31	-0.08	-0.182	0.572	"1"
"保"	1	0	0	0.489	0.169	0.342	0.31	-0.08	-0.182	0.572	"1"
"保健"	1	0	0	0.489	0.169	0.342	0.31	-0.08	-0.182	0.572	"1"
"保单"	1	0	0	0.489	0.169	0.342	0.31	-0.08	-0.182	0.572	"1"
"保护"	0	3	1	1.957	0.675	1.367	-1.167	1.774	-0.239	3.18	"2"
"保护署"	1	0	0	0.489	0.169	0.342	0.31	-0.08	-0.182	0.572	"1"
"保障"	1	1	1	1.468	0.507	1.026	-0.287	0.371	-0.137	0.795	"2"
"信仰"	0	0	2	0.979	0.338	0.684	-0.584	-0.161	0.932	1.677	"3"
"信任"	0	1	3	1.957	0.675	1.367	-1.167	0.282	0.925	2.374	"1"
"信任度"	1	0	0	0.489	0.169	0.342	0.31	-0.08	-0.182	0.572	"1"
"信守"	0	0	1	0.489	0.169	0.342	-0.292	-0.08	0.466	0.838	"3"
"信心"	6	0	1	3.425	1.182	2.393	1.254	-0.562	-0.606	2.422	"1"
"信息"	2	0	0	0.979	0.338	0.684	0.621	-0.161	-0.363	1.145	"1"
"信息技术"	1	0	0	0.489	0.169	0.342	0.31	-0.08	-0.182	0.572	"1"
"信教"	0	1	0	0.489	0.169	0.342	-0.292	0.772	-0.182	1.246	"2"
"修改"	0	0	2	0.979	0.338	0.684	-0.584	-0.161	0.932	1.677	"3"
"修正"	1	0	0	0.489	0.169	0.342	0.31	-0.08	-0.182	0.572	"1"
"修正案"	1	0	0	0.489	0.169	0.342	0.31	-0.08	-0.182	0.572	"1"
"修订"	2	0	0	0.979	0.338	0.684	0.621	-0.161	-0.363	1.145	"1"
"俱乐部"	4	0	0	1.957	0.675	1.367	1.242	-0.321	-0.727	2.29	"1"
"倍数"	1	0	0	0.489	0.169	0.342	0.31	-0.08	-0.182	0.572	"1"
"借"	1	0	0	0.489	0.169	0.342	0.31	-0.08	-0.182	0.572	"1"
"借由"	1	0	0	0.489	0.169	0.342	0.31	-0.08	-0.182	0.572	"1"
"倡议"	0	0	1	0.489	0.169	0.342	-0.292	-0.08	0.466	0.838	"3"
"假期"	2	0	0	0.979	0.338	0.684	0.621	-0.161	-0.363	1.145	"1"
"偏见"	1	0	0	0.489	0.169	0.342	0.31	-0.08	-0.182	0.572	"1"
"停建"	0	0	2	0.979	0.338	0.684	-0.584	-0.161	0.932	1.677	"3"
"停车位"	1	0	0	0.489	0.169	0.342	0.31	-0.08	-0.182	0.572	"1"
"健"	0	1	0	0.489	0.169	0.342	-0.292	0.772	-0.182	1.246	"2"
"健儿"	0	0	1	0.489	0.169	0.342	-0.292	-0.08	0.466	0.838	"3"
"健康"	2	8	1	5.382	1.858	3.761	-1.417	4.174	-1.172	6.763	"2"
"僱用"	0	1	0	0.489	0.169	0.342	-0.292	0.772	-0.182	1.246	"2"
"充分"	2	0	1	1.468	0.507	1.026	0.315	-0.241	-0.137	0.693	"1"
"克服"	0	1	0	0.489	0.169	0.342	-0.292	0.772	-0.182	1.246	"2"
"免费"	8	0	0	3.914	1.351	2.735	2.484	-0.643	-1.453	4.58	"1"
"兑换"	1	0	0	0.489	0.169	0.342	0.31	-0.08	-0.182	0.572	"1"
"党"	0	1	7	3.914	1.351	2.735	-2.334	-0.223	2.514	5.071	"3"
"党主席"	0	0	2	0.979	0.338	0.684	-0.584	-0.161	0.932	1.677	"3"
"党全"	0	0	1	0.489	0.169	0.342	-0.292	-0.08	0.466	0.838	"3"
"党部"	0	1	0	0.489	0.169	0.342	-0.292	0.772	-0.182	1.246	"2"
"入厕"	2	0	0	0.979	0.338	0.684	0.621	-0.161	-0.363	1.145	"1"
"入场"	2	0	0	0.979	0.338	0.684	0.621	-0.161	-0.363	1.145	"1"
"入境"	1	0	0	0.489	0.169	0.342	0.31	-0.08	-0.182	0.572	"1"
"全"	2	0	4	2.936	1.013	2.051	-0.439	-0.482	0.963	1.884	"3"
"全体"	0	0	8	3.914	1.351	2.735	-2.334	-0.643	3.729	6.706	"3"
"全国"	0	1	11	5.871	2.026	4.102	-3.502	-0.428	4.212	8.142	"3"
"全心全意"	0	0	1	0.489	0.169	0.342	-0.292	-0.08	0.466	0.838	"3"
"全文"	0	0	2	0.979	0.338	0.684	-0.584	-0.161	0.932	1.677	"3"
"全美"	1	0	0	0.489	0.169	0.342	0.31	-0.08	-0.182	0.572	"1"
"公众"	3	0	0	1.468	0.507	1.026	0.931	-0.241	-0.545	1.717	"1"
"公共"	1	0	0	0.489	0.169	0.342	0.31	-0.08	-0.182	0.572	"1"
"公务员"	1	0	0	0.489	0.169	0.342	0.31	-0.08	-0.182	0.572	"1"
"公告"	1	0	0	0.489	0.169	0.342	0.31	-0.08	-0.182	0.572	"1"
"公园"	1	0	0	0.489	0.169	0.342	0.31	-0.08	-0.182	0.572	"1"
"公安"	1	0	1	0.979	0.338	0.684	0.131	-0.161	0.247	0.539	"3"
"公布"	2	1	4	3.425	1.182	2.393	-0.612	-0.178	0.729	1.519	"3"
"公德"	0	1	0	0.489	0.169	0.342	-0.292	0.772	-0.182	1.246	"2"
"六百"	1	0	0	0.489	0.169	0.342	0.31	-0.08	-0.182	0.572	"1"
"六百四十四"	1	0	0	0.489	0.169	0.342	0.31	-0.08	-0.182	0.572	"1"
"共产党"	0	0	1	0.489	0.169	0.342	-0.292	-0.08	0.466	0.838	"3"
"共产党员"	0	1	0	0.489	0.169	0.342	-0.292	0.772	-0.182	1.246	"2"
"共体时艰"	0	0	1	0.489	0.169	0.342	-0.292	-0.08	0.466	0.838	"3"
"共同"	0	0	9	4.403	1.52	3.077	-2.626	-0.723	4.195	7.544	"3"
"共和"	0	0	1	0.489	0.169	0.342	-0.292	-0.08	0.466	0.838	"3"
"共和国"	0	0	22	10.764	3.715	7.521	-6.42	-1.767	10.255	18.442	"3"
"共识"	1	0	0	0.489	0.169	0.342	0.31	-0.08	-0.182	0.572	"1"
"关"	0	0	1	0.489	0.169	0.342	-0.292	-0.08	0.466	0.838	"3"
"关于"	0	0	6	2.936	1.013	2.051	-1.751	-0.482	2.797	5.03	"3"
"关切"	1	0	0	0.489	0.169	0.342	0.31	-0.08	-0.182	0.572	"1"
"关心"	0	2	1	1.468	0.507	1.026	-0.875	1.12	-0.137	2.132	"2"
"关注"	3	0	0	1.468	0.507	1.026	0.931	-0.241	-0.545	1.717	"1"
"兴趣"	3	0	0	1.468	0.507	1.026	0.931	-0.241	-0.545	1.717	"1"
"养殖"	0	1	0	0.489	0.169	0.342	-0.292	0.772	-0.182	1.246	"2"
"内埔乡"	0	0	1	0.489	0.169	0.342	-0.292	-0.08	0.466	0.838	"3"
"军"	0	0	2	0.979	0.338	0.684	-0.584	-0.161	0.932	1.677	"3"
"军区"	0	0	1	0.489	0.169	0.342	-0.292	-0.08	0.466	0.838	"3"
"军官"	0	0	1	0.489	0.169	0.342	-0.292	-0.08	0.466	0.838	"3"
"军官法"	0	0	1	0.489	0.169	0.342	-0.292	-0.08	0.466	0.838	"3"
"农民"	0	2	0	0.979	0.338	0.684	-0.584	1.545	-0.363	2.492	"2"
"决策"	0	0	1	0.489	0.169	0.342	-0.292	-0.08	0.466	0.838	"3"
"准型"	1	0	0	0.489	0.169	0.342	0.31	-0.08	-0.182	0.572	"1"
"减重班"	1	0	0	0.489	0.169	0.342	0.31	-0.08	-0.182	0.572	"1"
"凝聚"	1	0	0	0.489	0.169	0.342	0.31	-0.08	-0.182	0.572	"1"
"几十"	1	0	0	0.489	0.169	0.342	0.31	-0.08	-0.182	0.572	"1"
"凸显"	1	0	0	0.489	0.169	0.342	0.31	-0.08	-0.182	0.572	"1"
"出口区"	2	0	0	0.979	0.338	0.684	0.621	-0.161	-0.363	1.145	"1"
"出国"	1	0	1	0.979	0.338	0.684	0.131	-0.161	0.247	0.539	"3"
"出境"	1	0	0	0.489	0.169	0.342	0.31	-0.08	-0.182	0.572	"1"
"出境证"	0	1	0	0.489	0.169	0.342	-0.292	0.772	-0.182	1.246	"2"
"出席"	2	0	0	0.979	0.338	0.684	0.621	-0.161	-0.363	1.145	"1"
"出版社"	0	0	1	0.489	0.169	0.342	-0.292	-0.08	0.466	0.838	"3"
"出门"	1	0	0	0.489	0.169	0.342	0.31	-0.08	-0.182	0.572	"1"
"分行"	1	0	0	0.489	0.169	0.342	0.31	-0.08	-0.182	0.572	"1"
"分贝"	1	0	0	0.489	0.169	0.342	0.31	-0.08	-0.182	0.572	"1"
"切合"	0	1	0	0.489	0.169	0.342	-0.292	0.772	-0.182	1.246	"2"
"切实"	0	1	0	0.489	0.169	0.342	-0.292	0.772	-0.182	1.246	"2"
"切身"	0	0	1	0.489	0.169	0.342	-0.292	-0.08	0.466	0.838	"3"
"刑法"	0	0	1	0.489	0.169	0.342	-0.292	-0.08	0.466	0.838	"3"
"创价"	0	0	1	0.489	0.169	0.342	-0.292	-0.08	0.466	0.838	"3"
"创造性"	0	0	1	0.489	0.169	0.342	-0.292	-0.08	0.466	0.838	"3"
"判处"	0	0	2	0.979	0.338	0.684	-0.584	-0.161	0.932	1.677	"3"
"利"	0	0	1	0.489	0.169	0.342	-0.292	-0.08	0.466	0.838	"3"
"利亚"	0	0	1	0.489	0.169	0.342	-0.292	-0.08	0.466	0.838	"3"
"利比亚"	1	0	0	0.489	0.169	0.342	0.31	-0.08	-0.182	0.572	"1"
"利用"	1	0	0	0.489	0.169	0.342	0.31	-0.08	-0.182	0.572	"1"
"利益"	0	1	11	5.871	2.026	4.102	-3.502	-0.428	4.212	8.142	"3"
"利雅得"	1	0	0	0.489	0.169	0.342	0.31	-0.08	-0.182	0.572	"1"
"到场"	2	0	0	0.979	0.338	0.684	0.621	-0.161	-0.363	1.145	"1"
"到时"	1	0	0	0.489	0.169	0.342	0.31	-0.08	-0.182	0.572	"1"
"到芽"	1	0	0	0.489	0.169	0.342	0.31	-0.08	-0.182	0.572	"1"
"制售"	1	0	0	0.489	0.169	0.342	0.31	-0.08	-0.182	0.572	"1"
"刻不容缓"	0	1	0	0.489	0.169	0.342	-0.292	0.772	-0.182	1.246	"2"
"削弱"	1	0	0	0.489	0.169	0.342	0.31	-0.08	-0.182	0.572	"1"
"前往"	3	0	0	1.468	0.507	1.026	0.931	-0.241	-0.545	1.717	"1"
"前进"	0	0	1	0.489	0.169	0.342	-0.292	-0.08	0.466	0.838	"3"
"剧场"	1	0	0	0.489	0.169	0.342	0.31	-0.08	-0.182	0.572	"1"
"副委员"	0	0	1	0.489	0.169	0.342	-0.292	-0.08	0.466	0.838	"3"
"力量"	0	0	1	0.489	0.169	0.342	-0.292	-0.08	0.466	0.838	"3"
"力量部"	0	0	1	0.489	0.169	0.342	-0.292	-0.08	0.466	0.838	"3"
"劝告"	2	0	0	0.979	0.338	0.684	0.621	-0.161	-0.363	1.145	"1"
"办理"	1	0	0	0.489	0.169	0.342	0.31	-0.08	-0.182	0.572	"1"
"功勋"	0	0	1	0.489	0.169	0.342	-0.292	-0.08	0.466	0.838	"3"
"功学员"	1	0	0	0.489	0.169	0.342	0.31	-0.08	-0.182	0.572	"1"
"加入"	0	0	1	0.489	0.169	0.342	-0.292	-0.08	0.466	0.838	"3"
"加强"	0	1	0	0.489	0.169	0.342	-0.292	0.772	-0.182	1.246	"2"
"加重"	1	0	0	0.489	0.169	0.342	0.31	-0.08	-0.182	0.572	"1"
"动员"	0	1	0	0.489	0.169	0.342	-0.292	0.772	-0.182	1.246	"2"
"动物园"	1	0	0	0.489	0.169	0.342	0.31	-0.08	-0.182	0.572	"1"
"助理"	1	0	0	0.489	0.169	0.342	0.31	-0.08	-0.182	0.572	"1"
"努力"	0	0	3	1.468	0.507	1.026	-0.875	-0.241	1.398	2.514	"3"
"勒索"	1	0	0	0.489	0.169	0.342	0.31	-0.08	-0.182	0.572	"1"
"勤"	0	0	1	0.489	0.169	0.342	-0.292	-0.08	0.466	0.838	"3"
"勤于"	1	0	0	0.489	0.169	0.342	0.31	-0.08	-0.182	0.572	"1"
"勤奋"	0	0	1	0.489	0.169	0.342	-0.292	-0.08	0.466	0.838	"3"
"勿"	1	0	0	0.489	0.169	0.342	0.31	-0.08	-0.182	0.572	"1"
"包围"	2	0	0	0.979	0.338	0.684	0.621	-0.161	-0.363	1.145	"1"
"包头市"	1	0	0	0.489	0.169	0.342	0.31	-0.08	-0.182	0.572	"1"
"匈"	0	0	1	0.489	0.169	0.342	-0.292	-0.08	0.466	0.838	"3"
"化解"	1	0	0	0.489	0.169	0.342	0.31	-0.08	-0.182	0.572	"1"
"北京市"	0	0	3	1.468	0.507	1.026	-0.875	-0.241	1.398	2.514	"3"
"北市"	3	0	0	1.468	0.507	1.026	0.931	-0.241	-0.545	1.717	"1"
"北韩"	0	0	1	0.489	0.169	0.342	-0.292	-0.08	0.466	0.838	"3"
"医师"	1	0	0	0.489	0.169	0.342	0.31	-0.08	-0.182	0.572	"1"
"医疗费用"	0	2	0	0.979	0.338	0.684	-0.584	1.545	-0.363	2.492	"2"
"医药费"	1	0	0	0.489	0.169	0.342	0.31	-0.08	-0.182	0.572	"1"
"医院"	2	0	3	2.446	0.844	1.709	-0.284	-0.402	0.652	1.338	"3"
"十分"	0	1	0	0.489	0.169	0.342	-0.292	0.772	-0.182	1.246	"2"
"千方百计"	1	0	0	0.489	0.169	0.342	0.31	-0.08	-0.182	0.572	"1"
"华文"	1	0	0	0.489	0.169	0.342	0.31	-0.08	-0.182	0.572	"1"
"华语"	1	0	0	0.489	0.169	0.342	0.31	-0.08	-0.182	0.572	"1"
"协会"	0	0	5	2.446	0.844	1.709	-1.459	-0.402	2.331	4.192	"3"
"协商会"	0	0	2	0.979	0.338	0.684	-0.584	-0.161	0.932	1.677	"3"
"卑诗"	2	0	0	0.979	0.338	0.684	0.621	-0.161	-0.363	1.145	"1"
"南投县"	0	1	0	0.489	0.169	0.342	-0.292	0.772	-0.182	1.246	"2"
"南斯拉夫"	0	0	1	0.489	0.169	0.342	-0.292	-0.08	0.466	0.838	"3"
"南港"	1	0	0	0.489	0.169	0.342	0.31	-0.08	-0.182	0.572	"1"
"博伊斯"	0	0	1	0.489	0.169	0.342	-0.292	-0.08	0.466	0.838	"3"
"占"	1	0	0	0.489	0.169	0.342	0.31	-0.08	-0.182	0.572	"1"
"卫生"	0	1	0	0.489	0.169	0.342	-0.292	0.772	-0.182	1.246	"2"
"卫生局"	3	0	0	1.468	0.507	1.026	0.931	-0.241	-0.545	1.717	"1"
"卫生署"	2	0	0	0.979	0.338	0.684	0.621	-0.161	-0.363	1.145	"1"
"印尼"	0	0	1	0.489	0.169	0.342	-0.292	-0.08	0.466	0.838	"3"
"危害"	0	0	1	0.489	0.169	0.342	-0.292	-0.08	0.466	0.838	"3"
"即日"	1	0	0	0.489	0.169	0.342	0.31	-0.08	-0.182	0.572	"1"
"厅"	1	0	0	0.489	0.169	0.342	0.31	-0.08	-0.182	0.572	"1"
"厚意"	0	0	1	0.489	0.169	0.342	-0.292	-0.08	0.466	0.838	"3"
"县卫生局"	1	0	0	0.489	0.169	0.342	0.31	-0.08	-0.182	0.572	"1"
"县府"	3	0	0	1.468	0.507	1.026	0.931	-0.241	-0.545	1.717	"1"
"县政府"	1	0	0	0.489	0.169	0.342	0.31	-0.08	-0.182	0.572	"1"
"县级"	0	0	1	0.489	0.169	0.342	-0.292	-0.08	0.466	0.838	"3"
"参"	1	0	0	0.489	0.169	0.342	0.31	-0.08	-0.182	0.572	"1"
"参与"	2	3	0	2.446	0.844	1.709	-0.284	1.434	-0.908	2.626	"2"
"参予"	1	0	0	0.489	0.169	0.342	0.31	-0.08	-0.182	0.572	"1"
"参加"	1	1	0	0.979	0.338	0.684	0.131	0.51	-0.363	1.004	"2"
"参政"	0	1	0	0.489	0.169	0.342	-0.292	0.772	-0.182	1.246	"2"
"参观"	3	0	0	1.468	0.507	1.026	0.931	-0.241	-0.545	1.717	"1"
"参议"	1	0	0	0.489	0.169	0.342	0.31	-0.08	-0.182	0.572	"1"
"参赛"	0	0	1	0.489	0.169	0.342	-0.292	-0.08	0.466	0.838	"3"
"友好"	0	0	5	2.446	0.844	1.709	-1.459	-0.402	2.331	4.192	"3"
"友谊"	0	0	3	1.468	0.507	1.026	-0.875	-0.241	1.398	2.514	"3"
"反对"	1	0	0	0.489	0.169	0.342	0.31	-0.08	-0.182	0.572	"1"
"反应"	1	0	0	0.489	0.169	0.342	0.31	-0.08	-0.182	0.572	"1"
"反抗"	1	0	0	0.489	0.169	0.342	0.31	-0.08	-0.182	0.572	"1"
"反映"	2	0	1	1.468	0.507	1.026	0.315	-0.241	-0.137	0.693	"1"
"反核"	1	0	0	0.489	0.169	0.342	0.31	-0.08	-0.182	0.572	"1"
"发动"	1	0	0	0.489	0.169	0.342	0.31	-0.08	-0.182	0.572	"1"
"发售"	1	0	0	0.489	0.169	0.342	0.31	-0.08	-0.182	0.572	"1"
"发售股"	1	0	0	0.489	0.169	0.342	0.31	-0.08	-0.182	0.572	"1"
"发布"	0	0	1	0.489	0.169	0.342	-0.292	-0.08	0.466	0.838	"3"
"发放"	0	2	0	0.979	0.338	0.684	-0.584	1.545	-0.363	2.492	"2"
"发病率"	1	0	0	0.489	0.169	0.342	0.31	-0.08	-0.182	0.572	"1"
"受"	1	0	0	0.489	0.169	0.342	0.31	-0.08	-0.182	0.572	"1"
"受体"	1	0	0	0.489	0.169	0.342	0.31	-0.08	-0.182	0.572	"1"
"受到"	1	2	0	1.468	0.507	1.026	-0.287	1.12	-0.545	1.952	"2"
"受灾"	0	3	0	1.468	0.507	1.026	-0.875	2.317	-0.545	3.737	"2"
"受理"	1	0	0	0.489	0.169	0.342	0.31	-0.08	-0.182	0.572	"1"
"变坏"	1	0	0	0.489	0.169	0.342	0.31	-0.08	-0.182	0.572	"1"
"叩应"	1	0	0	0.489	0.169	0.342	0.31	-0.08	-0.182	0.572	"1"
"只要"	2	0	0	0.979	0.338	0.684	0.621	-0.161	-0.363	1.145	"1"
"可"	12	0	0	5.871	2.026	4.102	3.725	-0.964	-2.18	6.869	"1"
"可以"	4	0	0	1.957	0.675	1.367	1.242	-0.321	-0.727	2.29	"1"
"台东县"	2	0	0	0.979	0.338	0.684	0.621	-0.161	-0.363	1.145	"1"
"台北市"	2	0	0	0.979	0.338	0.684	0.621	-0.161	-0.363	1.145	"1"
"台南县"	2	0	0	0.979	0.338	0.684	0.621	-0.161	-0.363	1.145	"1"
"台新"	1	0	0	0.489	0.169	0.342	0.31	-0.08	-0.182	0.572	"1"
"台湾"	9	0	0	4.403	1.52	3.077	2.794	-0.723	-1.635	5.152	"1"
"台语片"	1	0	0	0.489	0.169	0.342	0.31	-0.08	-0.182	0.572	"1"
"号召"	1	0	0	0.489	0.169	0.342	0.31	-0.08	-0.182	0.572	"1"
"司令员"	0	0	1	0.489	0.169	0.342	-0.292	-0.08	0.466	0.838	"3"
"司法"	1	0	0	0.489	0.169	0.342	0.31	-0.08	-0.182	0.572	"1"
"叹息声"	1	0	0	0.489	0.169	0.342	0.31	-0.08	-0.182	0.572	"1"
"吁"	1	0	0	0.489	0.169	0.342	0.31	-0.08	-0.182	0.572	"1"
"各"	0	9	8	8.318	2.871	5.812	-4.961	3.135	0.716	8.812	"1"
"各界"	0	1	0	0.489	0.169	0.342	-0.292	0.772	-0.182	1.246	"2"
"同心同德"	0	0	1	0.489	0.169	0.342	-0.292	-0.08	0.466	0.838	"3"
"同情"	1	0	1	0.979	0.338	0.684	0.131	-0.161	0.247	0.539	"3"
"同胞"	0	0	2	0.979	0.338	0.684	-0.584	-0.161	0.932	1.677	"3"
"向"	8	0	2	4.893	1.689	3.419	1.323	-0.803	-0.554	2.68	"1"
"否则"	1	0	0	0.489	0.169	0.342	0.31	-0.08	-0.182	0.572	"1"
"听取"	0	1	0	0.489	0.169	0.342	-0.292	0.772	-0.182	1.246	"2"
"听证"	1	0	0	0.489	0.169	0.342	0.31	-0.08	-0.182	0.572	"1"
"吴"	0	0	1	0.489	0.169	0.342	-0.292	-0.08	0.466	0.838	"3"
"吴兴"	1	0	0	0.489	0.169	0.342	0.31	-0.08	-0.182	0.572	"1"
"吸引"	8	0	0	3.914	1.351	2.735	2.484	-0.643	-1.453	4.58	"1"
"告别"	1	0	0	0.489	0.169	0.342	0.31	-0.08	-0.182	0.572	"1"
"告示"	1	0	0	0.489	0.169	0.342	0.31	-0.08	-0.182	0.572	"1"
"告诫"	1	0	0	0.489	0.169	0.342	0.31	-0.08	-0.182	0.572	"1"
"呐喊"	1	0	0	0.489	0.169	0.342	0.31	-0.08	-0.182	0.572	"1"
"呼吁"	5	0	0	2.446	0.844	1.709	1.552	-0.402	-0.908	2.862	"1"
"和"	1	10	26	18.103	6.248	12.649	-9.235	1.085	5.087	15.407	"1"
"和平"	1	0	2	1.468	0.507	1.026	-0.287	-0.241	0.567	1.095	"3"
"咨询"	1	0	0	0.489	0.169	0.342	0.31	-0.08	-0.182	0.572	"1"
"品质"	1	0	0	0.489	0.169	0.342	0.31	-0.08	-0.182	0.572	"1"
"哈兹"	0	0	1	0.489	0.169	0.342	-0.292	-0.08	0.466	0.838	"3"
"响应"	2	0	0	0.979	0.338	0.684	0.621	-0.161	-0.363	1.145	"1"
"唐飞"	0	0	1	0.489	0.169	0.342	-0.292	-0.08	0.466	0.838	"3"
"唤醒"	1	0	0	0.489	0.169	0.342	0.31	-0.08	-0.182	0.572	"1"
"唿吁"	3	0	0	1.468	0.507	1.026	0.931	-0.241	-0.545	1.717	"1"
"商户"	1	0	0	0.489	0.169	0.342	0.31	-0.08	-0.182	0.572	"1"
"善尽"	0	1	0	0.489	0.169	0.342	-0.292	0.772	-0.182	1.246	"2"
"善心"	1	0	0	0.489	0.169	0.342	0.31	-0.08	-0.182	0.572	"1"
"善款"	1	0	0	0.489	0.169	0.342	0.31	-0.08	-0.182	0.572	"1"
"喝上"	1	0	0	0.489	0.169	0.342	0.31	-0.08	-0.182	0.572	"1"
"喧天"	1	0	0	0.489	0.169	0.342	0.31	-0.08	-0.182	0.572	"1"
"喷泉水"	1	0	0	0.489	0.169	0.342	0.31	-0.08	-0.182	0.572	"1"
"器材"	1	0	0	0.489	0.169	0.342	0.31	-0.08	-0.182	0.572	"1"
"噪音"	1	0	0	0.489	0.169	0.342	0.31	-0.08	-0.182	0.572	"1"
"四国"	0	0	1	0.489	0.169	0.342	-0.292	-0.08	0.466	0.838	"3"
"四处"	1	0	0	0.489	0.169	0.342	0.31	-0.08	-0.182	0.572	"1"
"四成"	1	0	0	0.489	0.169	0.342	0.31	-0.08	-0.182	0.572	"1"
"四点二"	1	0	0	0.489	0.169	0.342	0.31	-0.08	-0.182	0.572	"1"
"四起"	1	0	0	0.489	0.169	0.342	0.31	-0.08	-0.182	0.572	"1"
"回教徒"	0	1	0	0.489	0.169	0.342	-0.292	0.772	-0.182	1.246	"2"
"回理会"	0	2	0	0.979	0.338	0.684	-0.584	1.545	-0.363	2.492	"2"
"团体"	1	5	0	2.936	1.013	2.051	-0.922	3.15	-1.09	5.162	"2"
"团结"	0	0	2	0.979	0.338	0.684	-0.584	-0.161	0.932	1.677	"3"
"团结一致"	1	0	1	0.979	0.338	0.684	0.131	-0.161	0.247	0.539	"3"
"囤积"	1	0	0	0.489	0.169	0.342	0.31	-0.08	-0.182	0.572	"1"
"困难"	0	1	0	0.489	0.169	0.342	-0.292	0.772	-0.182	1.246	"2"
"围困"	0	1	0	0.489	0.169	0.342	-0.292	0.772	-0.182	1.246	"2"
"围绕"	0	1	0	0.489	0.169	0.342	-0.292	0.772	-0.182	1.246	"2"
"国"	1	0	13	6.85	2.364	4.786	-2.927	-1.125	5.08	9.132	"3"
"国人"	1	0	0	0.489	0.169	0.342	0.31	-0.08	-0.182	0.572	"1"
"国务院"	0	0	1	0.489	0.169	0.342	-0.292	-0.08	0.466	0.838	"3"
"国外"	0	1	0	0.489	0.169	0.342	-0.292	0.772	-0.182	1.246	"2"
"国家"	0	0	12	5.871	2.026	4.102	-3.502	-0.964	5.594	10.06	"3"
"国富"	0	0	1	0.489	0.169	0.342	-0.292	-0.08	0.466	0.838	"3"
"国庆"	0	0	1	0.489	0.169	0.342	-0.292	-0.08	0.466	0.838	"3"
"国歌"	0	0	1	0.489	0.169	0.342	-0.292	-0.08	0.466	0.838	"3"
"国民"	2	0	2	1.957	0.675	1.367	0.173	-0.321	0.374	0.868	"3"
"圣战者"	1	0	0	0.489	0.169	0.342	0.31	-0.08	-0.182	0.572	"1"
"在内"	0	0	1	0.489	0.169	0.342	-0.292	-0.08	0.466	0.838	"3"
"地"	0	2	0	0.979	0.338	0.684	-0.584	1.545	-0.363	2.492	"2"
"地震"	1	0	0	0.489	0.169	0.342	0.31	-0.08	-0.182	0.572	"1"
"地震带"	1	0	0	0.489	0.169	0.342	0.31	-0.08	-0.182	0.572	"1"
"场所"	2	0	0	0.979	0.338	0.684	0.621	-0.161	-0.363	1.145	"1"
"坎代"	0	0	1	0.489	0.169	0.342	-0.292	-0.08	0.466	0.838	"3"
"坚信"	0	0	1	0.489	0.169	0.342	-0.292	-0.08	0.466	0.838	"3"
"坚决"	0	0	2	0.979	0.338	0.684	-0.584	-0.161	0.932	1.677	"3"
"坚定"	0	1	0	0.489	0.169	0.342	-0.292	0.772	-0.182	1.246	"2"
"垃圾"	2	0	0	0.979	0.338	0.684	0.621	-0.161	-0.363	1.145	"1"
"城乡"	0	1	0	0.489	0.169	0.342	-0.292	0.772	-0.182	1.246	"2"
"城市"	1	0	0	0.489	0.169	0.342	0.31	-0.08	-0.182	0.572	"1"
"基层"	0	2	0	0.979	0.338	0.684	-0.584	1.545	-0.363	2.492	"2"
"基本"	0	1	0	0.489	0.169	0.342	-0.292	0.772	-0.182	1.246	"2"
"基础"	0	3	0	1.468	0.507	1.026	-0.875	2.317	-0.545	3.737	"2"
"塞尔维亚"	0	0	1	0.489	0.169	0.342	-0.292	-0.08	0.466	0.838	"3"
"增进"	0	0	1	0.489	0.169	0.342	-0.292	-0.08	0.466	0.838	"3"
"壮大"	0	1	0	0.489	0.169	0.342	-0.292	0.772	-0.182	1.246	"2"
"声势"	0	0	1	0.489	0.169	0.342	-0.292	-0.08	0.466	0.838	"3"
"处理完"	1	0	0	0.489	0.169	0.342	0.31	-0.08	-0.182	0.572	"1"
"夏季"	1	0	0	0.489	0.169	0.342	0.31	-0.08	-0.182	0.572	"1"
"外"	2	0	0	0.979	0.338	0.684	0.621	-0.161	-0.363	1.145	"1"
"外县市"	1	0	0	0.489	0.169	0.342	0.31	-0.08	-0.182	0.572	"1"
"外国"	1	0	0	0.489	0.169	0.342	0.31	-0.08	-0.182	0.572	"1"
"外国人"	1	0	0	0.489	0.169	0.342	0.31	-0.08	-0.182	0.572	"1"
"外资企业法"	0	0	1	0.489	0.169	0.342	-0.292	-0.08	0.466	0.838	"3"
"多"	1	0	0	0.489	0.169	0.342	0.31	-0.08	-0.182	0.572	"1"
"多多"	1	0	0	0.489	0.169	0.342	0.31	-0.08	-0.182	0.572	"1"
"多数"	0	1	0	0.489	0.169	0.342	-0.292	0.772	-0.182	1.246	"2"
"多方面"	0	1	0	0.489	0.169	0.342	-0.292	0.772	-0.182	1.246	"2"
"夜间"	1	0	0	0.489	0.169	0.342	0.31	-0.08	-0.182	0.572	"1"
"够"	1	0	0	0.489	0.169	0.342	0.31	-0.08	-0.182	0.572	"1"
"大会"	0	0	2	0.979	0.338	0.684	-0.584	-0.161	0.932	1.677	"3"
"大会堂"	0	0	2	0.979	0.338	0.684	-0.584	-0.161	0.932	1.677	"3"
"大会所"	1	0	0	0.489	0.169	0.342	0.31	-0.08	-0.182	0.572	"1"
"大全"	0	0	1	0.489	0.169	0.342	-0.292	-0.08	0.466	0.838	"3"
"大力"	0	0	1	0.489	0.169	0.342	-0.292	-0.08	0.466	0.838	"3"
"大区"	1	0	0	0.489	0.169	0.342	0.31	-0.08	-0.182	0.572	"1"
"大和"	1	0	0	0.489	0.169	0.342	0.31	-0.08	-0.182	0.572	"1"
"大哥大"	1	0	0	0.489	0.169	0.342	0.31	-0.08	-0.182	0.572	"1"
"大四"	1	0	0	0.489	0.169	0.342	0.31	-0.08	-0.182	0.572	"1"
"大学"	0	0	1	0.489	0.169	0.342	-0.292	-0.08	0.466	0.838	"3"
"大快朵颐"	1	0	0	0.489	0.169	0.342	0.31	-0.08	-0.182	0.572	"1"
"大排长龙"	1	0	0	0.489	0.169	0.342	0.31	-0.08	-0.182	0.572	"1"
"大派"	1	0	0	0.489	0.169	0.342	0.31	-0.08	-0.182	0.572	"1"
"大肆"	1	0	0	0.489	0.169	0.342	0.31	-0.08	-0.182	0.572	"1"
"大自然"	1	0	0	0.489	0.169	0.342	0.31	-0.08	-0.182	0.572	"1"
"大选年"	1	0	0	0.489	0.169	0.342	0.31	-0.08	-0.182	0.572	"1"
"大陆"	2	1	0	1.468	0.507	1.026	0.315	0.371	-0.545	1.231	"3"
"天津市"	0	1	0	0.489	0.169	0.342	-0.292	0.772	-0.182	1.246	"2"
"失业"	2	0	0	0.979	0.338	0.684	0.621	-0.161	-0.363	1.145	"1"
"夹道"	1	0	0	0.489	0.169	0.342	0.31	-0.08	-0.182	0.572	"1"
"夹道欢迎"	0	1	0	0.489	0.169	0.342	-0.292	0.772	-0.182	1.246	"2"
"奉献"	1	0	0	0.489	0.169	0.342	0.31	-0.08	-0.182	0.572	"1"
"奋勇"	0	0	1	0.489	0.169	0.342	-0.292	-0.08	0.466	0.838	"3"
"奋斗"	0	0	1	0.489	0.169	0.342	-0.292	-0.08	0.466	0.838	"3"
"奏响"	0	0	1	0.489	0.169	0.342	-0.292	-0.08	0.466	0.838	"3"
"奥组"	1	0	0	0.489	0.169	0.342	0.31	-0.08	-0.182	0.572	"1"
"好些"	1	0	0	0.489	0.169	0.342	0.31	-0.08	-0.182	0.572	"1"
"好评"	1	0	0	0.489	0.169	0.342	0.31	-0.08	-0.182	0.572	"1"
"如果"	2	0	1	1.468	0.507	1.026	0.315	-0.241	-0.137	0.693	"1"
"始终"	0	0	1	0.489	0.169	0.342	-0.292	-0.08	0.466	0.838	"3"
"委内瑞拉"	0	0	2	0.979	0.338	0.684	-0.584	-0.161	0.932	1.677	"3"
"委员会"	3	0	3	2.936	1.013	2.051	0.197	-0.482	0.473	1.152	"2"
"委员长"	0	0	2	0.979	0.338	0.684	-0.584	-0.161	0.932	1.677	"3"
"委托"	0	0	1	0.489	0.169	0.342	-0.292	-0.08	0.466	0.838	"3"
"姚逸"	0	0	1	0.489	0.169	0.342	-0.292	-0.08	0.466	0.838	"3"
"姜春云"	0	0	1	0.489	0.169	0.342	-0.292	-0.08	0.466	0.838	"3"
"威海"	0	0	2	0.979	0.338	0.684	-0.584	-0.161	0.932	1.677	"3"
"媒体"	1	0	0	0.489	0.169	0.342	0.31	-0.08	-0.182	0.572	"1"
"嫁妆"	1	0	0	0.489	0.169	0.342	0.31	-0.08	-0.182	0.572	"1"
"季节"	1	0	0	0.489	0.169	0.342	0.31	-0.08	-0.182	0.572	"1"
"守法"	1	0	0	0.489	0.169	0.342	0.31	-0.08	-0.182	0.572	"1"
"安"	1	1	0	0.979	0.338	0.684	0.131	0.51	-0.363	1.004	"2"
"安全"	2	7	2	5.382	1.858	3.761	-1.417	3.165	-0.665	5.247	"2"
"安定"	0	0	1	0.489	0.169	0.342	-0.292	-0.08	0.466	0.838	"3"
"安心"	2	0	0	0.979	0.338	0.684	0.621	-0.161	-0.363	1.145	"1"
"宗教"	0	0	2	0.979	0.338	0.684	-0.584	-0.161	0.932	1.677	"3"
"实惠"	0	1	0	0.489	0.169	0.342	-0.292	0.772	-0.182	1.246	"2"
"实意"	0	1	0	0.489	0.169	0.342	-0.292	0.772	-0.182	1.246	"2"
"审判"	0	0	3	1.468	0.507	1.026	-0.875	-0.241	1.398	2.514	"3"
"审理"	0	0	4	1.957	0.675	1.367	-1.167	-0.321	1.865	3.353	"3"
"审视"	1	0	0	0.489	0.169	0.342	0.31	-0.08	-0.182	0.572	"1"
"审议"	1	0	0	0.489	0.169	0.342	0.31	-0.08	-0.182	0.572	"1"
"宣传"	0	4	0	1.957	0.675	1.367	-1.167	3.09	-0.727	4.984	"2"
"宣导"	1	0	0	0.489	0.169	0.342	0.31	-0.08	-0.182	0.572	"1"
"室内"	2	0	0	0.979	0.338	0.684	0.621	-0.161	-0.363	1.145	"1"
"宪法"	0	0	4	1.957	0.675	1.367	-1.167	-0.321	1.865	3.353	"3"
"家居"	1	0	0	0.489	0.169	0.342	0.31	-0.08	-0.182	0.572	"1"
"寄给"	1	0	0	0.489	0.169	0.342	0.31	-0.08	-0.182	0.572	"1"
"密切"	0	2	1	1.468	0.507	1.026	-0.875	1.12	-0.137	2.132	"2"
"对"	12	1	1	6.85	2.364	4.786	2.287	-0.54	-1.626	4.453	"1"
"对外"	0	0	2	0.979	0.338	0.684	-0.584	-0.161	0.932	1.677	"3"
"对方"	0	0	1	0.489	0.169	0.342	-0.292	-0.08	0.466	0.838	"3"
"对治"	1	0	0	0.489	0.169	0.342	0.31	-0.08	-0.182	0.572	"1"
"尊严"	0	0	1	0.489	0.169	0.342	-0.292	-0.08	0.466	0.838	"3"
"小"	1	0	0	0.489	0.169	0.342	0.31	-0.08	-0.182	0.572	"1"
"小川"	1	0	0	0.489	0.169	0.342	0.31	-0.08	-0.182	0.572	"1"
"小康"	0	1	0	0.489	0.169	0.342	-0.292	0.772	-0.182	1.246	"2"
"小康社会"	0	1	0	0.489	0.169	0.342	-0.292	0.772	-0.182	1.246	"2"
"小心"	1	0	0	0.489	0.169	0.342	0.31	-0.08	-0.182	0.572	"1"
"小标题"	0	1	0	0.489	0.169	0.342	-0.292	0.772	-0.182	1.246	"2"
"尼加"	0	1	0	0.489	0.169	0.342	-0.292	0.772	-0.182	1.246	"2"
"尼拉"	1	0	0	0.489	0.169	0.342	0.31	-0.08	-0.182	0.572	"1"
"尽力"	1	0	0	0.489	0.169	0.342	0.31	-0.08	-0.182	0.572	"1"
"尽可能"	1	0	0	0.489	0.169	0.342	0.31	-0.08	-0.182	0.572	"1"
"居家"	1	0	0	0.489	0.169	0.342	0.31	-0.08	-0.182	0.572	"1"
"居民"	1	0	0	0.489	0.169	0.342	0.31	-0.08	-0.182	0.572	"1"
"届"	2	0	0	0.979	0.338	0.684	0.621	-0.161	-0.363	1.145	"1"
"届时"	1	0	0	0.489	0.169	0.342	0.31	-0.08	-0.182	0.572	"1"
"屏东县"	0	0	1	0.489	0.169	0.342	-0.292	-0.08	0.466	0.838	"3"
"展"	1	0	0	0.489	0.169	0.342	0.31	-0.08	-0.182	0.572	"1"
"展出"	1	0	0	0.489	0.169	0.342	0.31	-0.08	-0.182	0.572	"1"
"展现出"	1	0	0	0.489	0.169	0.342	0.31	-0.08	-0.182	0.572	"1"
"展示"	0	0	1	0.489	0.169	0.342	-0.292	-0.08	0.466	0.838	"3"
"展览"	3	0	0	1.468	0.507	1.026	0.931	-0.241	-0.545	1.717	"1"
"山西省"	0	0	1	0.489	0.169	0.342	-0.292	-0.08	0.466	0.838	"3"
"岭"	1	0	0	0.489	0.169	0.342	0.31	-0.08	-0.182	0.572	"1"
"工作"	0	1	0	0.489	0.169	0.342	-0.292	0.772	-0.182	1.246	"2"
"巴格瑞"	1	0	0	0.489	0.169	0.342	0.31	-0.08	-0.182	0.572	"1"
"巴格达"	1	0	0	0.489	0.169	0.342	0.31	-0.08	-0.182	0.572	"1"
"币"	3	0	0	1.468	0.507	1.026	0.931	-0.241	-0.545	1.717	"1"
"市中心"	1	0	0	0.489	0.169	0.342	0.31	-0.08	-0.182	0.572	"1"
"市府"	2	0	0	0.979	0.338	0.684	0.621	-0.161	-0.363	1.145	"1"
"市民"	1	0	1	0.979	0.338	0.684	0.131	-0.161	0.247	0.539	"3"
"市立"	1	0	0	0.489	0.169	0.342	0.31	-0.08	-0.182	0.572	"1"
"布特弗利卡"	0	0	1	0.489	0.169	0.342	-0.292	-0.08	0.466	0.838	"3"
"师傅"	1	0	0	0.489	0.169	0.342	0.31	-0.08	-0.182	0.572	"1"
"希"	1	0	0	0.489	0.169	0.342	0.31	-0.08	-0.182	0.572	"1"
"希望"	10	0	1	5.382	1.858	3.761	2.319	-0.884	-1.172	4.375	"1"
"帝汶"	0	0	1	0.489	0.169	0.342	-0.292	-0.08	0.466	0.838	"3"
"带回"	1	0	0	0.489	0.169	0.342	0.31	-0.08	-0.182	0.572	"1"
"带来"	0	0	1	0.489	0.169	0.342	-0.292	-0.08	0.466	0.838	"3"
"带给"	1	0	1	0.979	0.338	0.684	0.131	-0.161	0.247	0.539	"3"
"带领"	1	2	0	1.468	0.507	1.026	-0.287	1.12	-0.545	1.952	"2"
"帮助"	0	4	0	1.957	0.675	1.367	-1.167	3.09	-0.727	4.984	"2"
"常务"	0	0	2	0.979	0.338	0.684	-0.584	-0.161	0.932	1.677	"3"
"常委会"	1	0	0	0.489	0.169	0.342	0.31	-0.08	-0.182	0.572	"1"
"干干净净"	1	0	0	0.489	0.169	0.342	0.31	-0.08	-0.182	0.572	"1"
"干部"	0	3	0	1.468	0.507	1.026	-0.875	2.317	-0.545	3.737	"2"
"平心"	1	0	0	0.489	0.169	0.342	0.31	-0.08	-0.182	0.572	"1"
"年长"	1	0	0	0.489	0.169	0.342	0.31	-0.08	-0.182	0.572	"1"
"并用"	1	0	0	0.489	0.169	0.342	0.31	-0.08	-0.182	0.572	"1"
"幸福"	0	0	2	0.979	0.338	0.684	-0.584	-0.161	0.932	1.677	"3"
"幸运"	1	0	0	0.489	0.169	0.342	0.31	-0.08	-0.182	0.572	"1"
"广"	0	2	0	0.979	0.338	0.684	-0.584	1.545	-0.363	2.492	"2"
"广场"	1	0	0	0.489	0.169	0.342	0.31	-0.08	-0.182	0.572	"1"
"广大"	0	10	0	4.893	1.689	3.419	-2.918	7.725	-1.817	12.46	"2"
"广州市"	0	0	1	0.489	0.169	0.342	-0.292	-0.08	0.466	0.838	"3"
"广泛"	0	1	0	0.489	0.169	0.342	-0.292	0.772	-0.182	1.246	"2"
"序"	0	1	0	0.489	0.169	0.342	-0.292	0.772	-0.182	1.246	"2"
"应"	8	0	0	3.914	1.351	2.735	2.484	-0.643	-1.453	4.58	"1"
"应当"	0	0	1	0.489	0.169	0.342	-0.292	-0.08	0.466	0.838	"3"
"应该"	3	0	0	1.468	0.507	1.026	0.931	-0.241	-0.545	1.717	"1"
"应选"	1	0	0	0.489	0.169	0.342	0.31	-0.08	-0.182	0.572	"1"
"废弃物"	1	0	0	0.489	0.169	0.342	0.31	-0.08	-0.182	0.572	"1"
"度假"	1	0	0	0.489	0.169	0.342	0.31	-0.08	-0.182	0.572	"1"
"度过"	1	0	0	0.489	0.169	0.342	0.31	-0.08	-0.182	0.572	"1"
"康路普"	1	0	0	0.489	0.169	0.342	0.31	-0.08	-0.182	0.572	"1"
"廖文章"	0	0	1	0.489	0.169	0.342	-0.292	-0.08	0.466	0.838	"3"
"廖翊"	0	0	1	0.489	0.169	0.342	-0.292	-0.08	0.466	0.838	"3"
"建屋局"	1	0	0	0.489	0.169	0.342	0.31	-0.08	-0.182	0.572	"1"
"建档"	1	0	0	0.489	0.169	0.342	0.31	-0.08	-0.182	0.572	"1"
"建立起"	1	0	0	0.489	0.169	0.342	0.31	-0.08	-0.182	0.572	"1"
"建议"	1	0	0	0.489	0.169	0.342	0.31	-0.08	-0.182	0.572	"1"
"建设"	0	1	0	0.489	0.169	0.342	-0.292	0.772	-0.182	1.246	"2"
"开仓"	0	1	0	0.489	0.169	0.342	-0.292	0.772	-0.182	1.246	"2"
"开展"	0	5	0	2.446	0.844	1.709	-1.459	3.862	-0.908	6.229	"2"
"开放"	2	0	0	0.979	0.338	0.684	0.621	-0.161	-0.363	1.145	"1"
"开放给"	1	0	0	0.489	0.169	0.342	0.31	-0.08	-0.182	0.572	"1"
"开门"	0	1	0	0.489	0.169	0.342	-0.292	0.772	-0.182	1.246	"2"
"引以为荣"	1	0	0	0.489	0.169	0.342	0.31	-0.08	-0.182	0.572	"1"
"引导"	1	0	0	0.489	0.169	0.342	0.31	-0.08	-0.182	0.572	"1"
"引起"	2	0	0	0.979	0.338	0.684	0.621	-0.161	-0.363	1.145	"1"
"张贴"	1	0	0	0.489	0.169	0.342	0.31	-0.08	-0.182	0.572	"1"
"张隆华"	1	0	0	0.489	0.169	0.342	0.31	-0.08	-0.182	0.572	"1"
"强有力"	0	0	2	0.979	0.338	0.684	-0.584	-0.161	0.932	1.677	"3"
"强烈"	1	0	1	0.979	0.338	0.684	0.131	-0.161	0.247	0.539	"3"
"当地"	0	6	0	2.936	1.013	2.051	-1.751	4.635	-1.09	7.476	"2"
"当场"	1	0	0	0.489	0.169	0.342	0.31	-0.08	-0.182	0.572	"1"
"当局"	0	1	0	0.489	0.169	0.342	-0.292	0.772	-0.182	1.246	"2"
"形式"	0	2	0	0.979	0.338	0.684	-0.584	1.545	-0.363	2.492	"2"
"形象"	0	0	1	0.489	0.169	0.342	-0.292	-0.08	0.466	0.838	"3"
"彭美英"	1	0	0	0.489	0.169	0.342	0.31	-0.08	-0.182	0.572	"1"
"彻"	0	0	1	0.489	0.169	0.342	-0.292	-0.08	0.466	0.838	"3"
"彻夜"	1	0	0	0.489	0.169	0.342	0.31	-0.08	-0.182	0.572	"1"
"往来"	0	2	0	0.979	0.338	0.684	-0.584	1.545	-0.363	2.492	"2"
"待遇"	1	0	0	0.489	0.169	0.342	0.31	-0.08	-0.182	0.572	"1"
"徒然"	1	0	0	0.489	0.169	0.342	0.31	-0.08	-0.182	0.572	"1"
"得到"	0	1	0	0.489	0.169	0.342	-0.292	0.772	-0.182	1.246	"2"
"德义"	2	0	0	0.979	0.338	0.684	0.621	-0.161	-0.363	1.145	"1"
"德士"	3	0	0	1.468	0.507	1.026	0.931	-0.241	-0.545	1.717	"1"
"心"	1	0	0	0.489	0.169	0.342	0.31	-0.08	-0.182	0.572	"1"
"心情"	1	0	0	0.489	0.169	0.342	0.31	-0.08	-0.182	0.572	"1"
"心情年"	1	0	0	0.489	0.169	0.342	0.31	-0.08	-0.182	0.572	"1"
"心愿"	0	1	0	0.489	0.169	0.342	-0.292	0.772	-0.182	1.246	"2"
"心灵"	0	1	0	0.489	0.169	0.342	-0.292	0.772	-0.182	1.246	"2"
"心理"	1	0	0	0.489	0.169	0.342	0.31	-0.08	-0.182	0.572	"1"
"心直口快"	1	0	0	0.489	0.169	0.342	0.31	-0.08	-0.182	0.572	"1"
"必须"	0	0	1	0.489	0.169	0.342	-0.292	-0.08	0.466	0.838	"3"
"忌讳"	1	0	0	0.489	0.169	0.342	0.31	-0.08	-0.182	0.572	"1"
"志愿军"	0	0	1	0.489	0.169	0.342	-0.292	-0.08	0.466	0.838	"3"
"忘记"	0	0	1	0.489	0.169	0.342	-0.292	-0.08	0.466	0.838	"3"
"忠于"	0	0	1	0.489	0.169	0.342	-0.292	-0.08	0.466	0.838	"3"
"忠诚"	0	0	1	0.489	0.169	0.342	-0.292	-0.08	0.466	0.838	"3"
"忧虑"	2	0	0	0.979	0.338	0.684	0.621	-0.161	-0.363	1.145	"1"
"快速"	1	0	0	0.489	0.169	0.342	0.31	-0.08	-0.182	0.572	"1"
"怀旧"	1	0	0	0.489	0.169	0.342	0.31	-0.08	-0.182	0.572	"1"
"怀有"	0	0	2	0.979	0.338	0.684	-0.584	-0.161	0.932	1.677	"3"
"怒"	1	0	0	0.489	0.169	0.342	0.31	-0.08	-0.182	0.572	"1"
"怨言"	1	0	0	0.489	0.169	0.342	0.31	-0.08	-0.182	0.572	"1"
"总"	2	0	0	0.979	0.338	0.684	0.621	-0.161	-0.363	1.145	"1"
"总值"	2	0	0	0.979	0.338	0.684	0.621	-0.161	-0.363	1.145	"1"
"总政治部"	0	0	1	0.489	0.169	0.342	-0.292	-0.08	0.466	0.838	"3"
"总是"	1	0	0	0.489	0.169	0.342	0.31	-0.08	-0.182	0.572	"1"
"总理"	0	0	1	0.489	0.169	0.342	-0.292	-0.08	0.466	0.838	"3"
"总统"	0	0	6	2.936	1.013	2.051	-1.751	-0.482	2.797	5.03	"3"
"恐慌"	2	0	0	0.979	0.338	0.684	0.621	-0.161	-0.363	1.145	"1"
"恐龙"	1	0	0	0.489	0.169	0.342	0.31	-0.08	-0.182	0.572	"1"
"情感"	0	0	1	0.489	0.169	0.342	-0.292	-0.08	0.466	0.838	"3"
"惊奇"	1	1	0	0.979	0.338	0.684	0.131	0.51	-0.363	1.004	"2"
"惠"	0	1	0	0.489	0.169	0.342	-0.292	0.772	-0.182	1.246	"2"
"想方设法"	0	1	0	0.489	0.169	0.342	-0.292	0.772	-0.182	1.246	"2"
"想要"	1	0	0	0.489	0.169	0.342	0.31	-0.08	-0.182	0.572	"1"
"意愿"	0	1	0	0.489	0.169	0.342	-0.292	0.772	-0.182	1.246	"2"
"意见"	0	4	0	1.957	0.675	1.367	-1.167	3.09	-0.727	4.984	"2"
"意识"	0	1	0	0.489	0.169	0.342	-0.292	0.772	-0.182	1.246	"2"
"感兴趣"	1	0	0	0.489	0.169	0.342	0.31	-0.08	-0.182	0.572	"1"
"感到"	2	0	0	0.979	0.338	0.684	0.621	-0.161	-0.363	1.145	"1"
"感受"	1	0	0	0.489	0.169	0.342	0.31	-0.08	-0.182	0.572	"1"
"感谢"	0	0	3	1.468	0.507	1.026	-0.875	-0.241	1.398	2.514	"3"
"愤"	1	0	0	0.489	0.169	0.342	0.31	-0.08	-0.182	0.572	"1"
"愿"	0	0	1	0.489	0.169	0.342	-0.292	-0.08	0.466	0.838	"3"
"愿望"	1	0	1	0.979	0.338	0.684	0.131	-0.161	0.247	0.539	"3"
"慰问"	1	2	0	1.468	0.507	1.026	-0.287	1.12	-0.545	1.952	"2"
"懂"	1	0	0	0.489	0.169	0.342	0.31	-0.08	-0.182	0.572	"1"
"成为大"	1	0	0	0.489	0.169	0.342	0.31	-0.08	-0.182	0.572	"1"
"或"	1	0	0	0.489	0.169	0.342	0.31	-0.08	-0.182	0.572	"1"
"战争"	2	0	0	0.979	0.338	0.684	0.621	-0.161	-0.363	1.145	"1"
"战役"	1	0	0	0.489	0.169	0.342	0.31	-0.08	-0.182	0.572	"1"
"战胜"	0	1	0	0.489	0.169	0.342	-0.292	0.772	-0.182	1.246	"2"
"户主"	1	0	0	0.489	0.169	0.342	0.31	-0.08	-0.182	0.572	"1"
"户外"	1	0	0	0.489	0.169	0.342	0.31	-0.08	-0.182	0.572	"1"
"才能"	1	1	0	0.979	0.338	0.684	0.131	0.51	-0.363	1.004	"2"
"打好"	0	1	0	0.489	0.169	0.342	-0.292	0.772	-0.182	1.246	"2"
"打架"	1	0	0	0.489	0.169	0.342	0.31	-0.08	-0.182	0.572	"1"
"打电话"	2	0	0	0.979	0.338	0.684	0.621	-0.161	-0.363	1.145	"1"
"扩及"	1	0	0	0.489	0.169	0.342	0.31	-0.08	-0.182	0.572	"1"
"扫街"	1	0	0	0.489	0.169	0.342	0.31	-0.08	-0.182	0.572	"1"
"批"	4	2	0	2.936	1.013	2.051	0.49	0.571	-1.09	2.151	"3"
"批准"	0	0	2	0.979	0.338	0.684	-0.584	-0.161	0.932	1.677	"3"
"批评"	2	0	0	0.979	0.338	0.684	0.621	-0.161	-0.363	1.145	"1"
"承审"	1	0	0	0.489	0.169	0.342	0.31	-0.08	-0.182	0.572	"1"
"承认"	0	0	1	0.489	0.169	0.342	-0.292	-0.08	0.466	0.838	"3"
"把"	2	1	0	1.468	0.507	1.026	0.315	0.371	-0.545	1.231	"3"
"抒"	0	0	1	0.489	0.169	0.342	-0.292	-0.08	0.466	0.838	"3"
"投票"	0	0	4	1.957	0.675	1.367	-1.167	-0.321	1.865	3.353	"3"
"投票法"	1	0	0	0.489	0.169	0.342	0.31	-0.08	-0.182	0.572	"1"
"投诉"	1	0	0	0.489	0.169	0.342	0.31	-0.08	-0.182	0.572	"1"
"抗"	0	1	1	0.979	0.338	0.684	-0.584	0.51	0.247	1.341	"1"
"抗击"	0	0	3	1.468	0.507	1.026	-0.875	-0.241	1.398	2.514	"3"
"抗炎"	1	0	1	0.979	0.338	0.684	0.131	-0.161	0.247	0.539	"3"
"抗议"	1	0	0	0.489	0.169	0.342	0.31	-0.08	-0.182	0.572	"1"
"抗辩"	0	0	1	0.489	0.169	0.342	-0.292	-0.08	0.466	0.838	"3"
"护照"	1	0	0	0.489	0.169	0.342	0.31	-0.08	-0.182	0.572	"1"
"报名"	1	0	0	0.489	0.169	0.342	0.31	-0.08	-0.182	0.572	"1"
"抱怨"	0	1	0	0.489	0.169	0.342	-0.292	0.772	-0.182	1.246	"2"
"抽签"	1	0	0	0.489	0.169	0.342	0.31	-0.08	-0.182	0.572	"1"
"担心"	2	0	0	0.979	0.338	0.684	0.621	-0.161	-0.363	1.145	"1"
"担忧"	1	0	0	0.489	0.169	0.342	0.31	-0.08	-0.182	0.572	"1"
"拉法兰"	0	0	1	0.489	0.169	0.342	-0.292	-0.08	0.466	0.838	"3"
"拍照"	1	0	0	0.489	0.169	0.342	0.31	-0.08	-0.182	0.572	"1"
"拟出"	1	0	0	0.489	0.169	0.342	0.31	-0.08	-0.182	0.572	"1"
"拥军"	0	0	2	0.979	0.338	0.684	-0.584	-0.161	0.932	1.677	"3"
"拥有"	1	0	0	0.489	0.169	0.342	0.31	-0.08	-0.182	0.572	"1"
"拨"	1	0	0	0.489	0.169	0.342	0.31	-0.08	-0.182	0.572	"1"
"拨入"	1	0	0	0.489	0.169	0.342	0.31	-0.08	-0.182	0.572	"1"
"拭目以待"	1	0	0	0.489	0.169	0.342	0.31	-0.08	-0.182	0.572	"1"
"持"	1	0	0	0.489	0.169	0.342	0.31	-0.08	-0.182	0.572	"1"
"按照"	0	0	1	0.489	0.169	0.342	-0.292	-0.08	0.466	0.838	"3"
"捍卫"	0	0	2	0.979	0.338	0.684	-0.584	-0.161	0.932	1.677	"3"
"捐"	2	0	0	0.979	0.338	0.684	0.621	-0.161	-0.363	1.145	"1"
"捐款"	1	0	0	0.489	0.169	0.342	0.31	-0.08	-0.182	0.572	"1"
"捐血"	1	0	0	0.489	0.169	0.342	0.31	-0.08	-0.182	0.572	"1"
"损害"	1	0	1	0.979	0.338	0.684	0.131	-0.161	0.247	0.539	"3"
"换发"	1	0	0	0.489	0.169	0.342	0.31	-0.08	-0.182	0.572	"1"
"捣毁"	1	0	0	0.489	0.169	0.342	0.31	-0.08	-0.182	0.572	"1"
"捧腹大笑"	1	0	0	0.489	0.169	0.342	0.31	-0.08	-0.182	0.572	"1"
"捷运"	1	0	0	0.489	0.169	0.342	0.31	-0.08	-0.182	0.572	"1"
"排忧"	0	1	0	0.489	0.169	0.342	-0.292	0.772	-0.182	1.246	"2"
"採买"	1	0	0	0.489	0.169	0.342	0.31	-0.08	-0.182	0.572	"1"
"探热"	1	0	0	0.489	0.169	0.342	0.31	-0.08	-0.182	0.572	"1"
"接到"	1	0	0	0.489	0.169	0.342	0.31	-0.08	-0.182	0.572	"1"
"接收到"	0	0	1	0.489	0.169	0.342	-0.292	-0.08	0.466	0.838	"3"
"接触"	1	0	0	0.489	0.169	0.342	0.31	-0.08	-0.182	0.572	"1"
"推举为"	0	0	1	0.489	0.169	0.342	-0.292	-0.08	0.466	0.838	"3"
"推倒"	1	0	0	0.489	0.169	0.342	0.31	-0.08	-0.182	0.572	"1"
"推动"	0	0	1	0.489	0.169	0.342	-0.292	-0.08	0.466	0.838	"3"
"提供"	3	1	0	1.957	0.675	1.367	0.528	0.282	-0.727	1.537	"3"
"提倡"	1	0	0	0.489	0.169	0.342	0.31	-0.08	-0.182	0.572	"1"
"提请"	1	0	0	0.489	0.169	0.342	0.31	-0.08	-0.182	0.572	"1"
"提醒"	3	0	0	1.468	0.507	1.026	0.931	-0.241	-0.545	1.717	"1"
"提高"	0	4	0	1.957	0.675	1.367	-1.167	3.09	-0.727	4.984	"2"
"搭乘"	1	0	0	0.489	0.169	0.342	0.31	-0.08	-0.182	0.572	"1"
"携手"	0	0	1	0.489	0.169	0.342	-0.292	-0.08	0.466	0.838	"3"
"摄取"	1	0	0	0.489	0.169	0.342	0.31	-0.08	-0.182	0.572	"1"
"摊贩"	1	0	0	0.489	0.169	0.342	0.31	-0.08	-0.182	0.572	"1"
"摩洛哥"	0	0	1	0.489	0.169	0.342	-0.292	-0.08	0.466	0.838	"3"
"支出额"	1	0	0	0.489	0.169	0.342	0.31	-0.08	-0.182	0.572	"1"
"支持"	6	2	3	5.382	1.858	3.761	0.327	0.239	-0.348	0.914	"3"
"收缴"	1	0	0	0.489	0.169	0.342	0.31	-0.08	-0.182	0.572	"1"
"收视"	2	0	0	0.979	0.338	0.684	0.621	-0.161	-0.363	1.145	"1"
"收费"	1	0	0	0.489	0.169	0.342	0.31	-0.08	-0.182	0.572	"1"
"改善"	0	0	1	0.489	0.169	0.342	-0.292	-0.08	0.466	0.838	"3"
"放在"	0	2	0	0.979	0.338	0.684	-0.584	1.545	-0.363	2.492	"2"
"政协"	0	0	1	0.489	0.169	0.342	-0.292	-0.08	0.466	0.838	"3"
"政团"	0	1	0	0.489	0.169	0.342	-0.292	0.772	-0.182	1.246	"2"
"政局"	0	0	1	0.489	0.169	0.342	-0.292	-0.08	0.466	0.838	"3"
"政府"	3	0	23	12.721	4.391	8.889	-4.17	-2.089	7.823	14.082	"3"
"政绩"	1	0	0	0.489	0.169	0.342	0.31	-0.08	-0.182	0.572	"1"
"政要"	1	0	0	0.489	0.169	0.342	0.31	-0.08	-0.182	0.572	"1"
"教育"	0	1	0	0.489	0.169	0.342	-0.292	0.772	-0.182	1.246	"2"
"敬献"	0	0	1	0.489	0.169	0.342	-0.292	-0.08	0.466	0.838	"3"
"数万"	2	0	0	0.979	0.338	0.684	0.621	-0.161	-0.363	1.145	"1"
"文化"	1	2	0	1.468	0.507	1.026	-0.287	1.12	-0.545	1.952	"2"
"文化局"	1	0	0	0.489	0.169	0.342	0.31	-0.08	-0.182	0.572	"1"
"斗争"	0	1	1	0.979	0.338	0.684	-0.584	0.51	0.247	1.341	"1"
"斗殴"	1	0	0	0.489	0.169	0.342	0.31	-0.08	-0.182	0.572	"1"
"新加坡"	0	0	2	0.979	0.338	0.684	-0.584	-0.161	0.932	1.677	"3"
"新华"	0	1	0	0.489	0.169	0.342	-0.292	0.772	-0.182	1.246	"2"
"新年"	1	0	0	0.489	0.169	0.342	0.31	-0.08	-0.182	0.572	"1"
"新春"	1	0	0	0.489	0.169	0.342	0.31	-0.08	-0.182	0.572	"1"
"新版"	1	0	0	0.489	0.169	0.342	0.31	-0.08	-0.182	0.572	"1"
"新达城"	1	0	0	0.489	0.169	0.342	0.31	-0.08	-0.182	0.572	"1"
"新闻室"	1	0	0	0.489	0.169	0.342	0.31	-0.08	-0.182	0.572	"1"
"方便"	3	1	0	1.957	0.675	1.367	0.528	0.282	-0.727	1.537	"3"
"方式"	1	0	0	0.489	0.169	0.342	0.31	-0.08	-0.182	0.572	"1"
"施打"	1	0	0	0.489	0.169	0.342	0.31	-0.08	-0.182	0.572	"1"
"施政"	1	0	0	0.489	0.169	0.342	0.31	-0.08	-0.182	0.572	"1"
"施行"	1	0	1	0.979	0.338	0.684	0.131	-0.161	0.247	0.539	"3"
"旅游"	4	0	0	1.957	0.675	1.367	1.242	-0.321	-0.727	2.29	"1"
"无户籍"	1	0	0	0.489	0.169	0.342	0.31	-0.08	-0.182	0.572	"1"
"无辜者"	1	0	0	0.489	0.169	0.342	0.31	-0.08	-0.182	0.572	"1"
"既"	1	0	0	0.489	0.169	0.342	0.31	-0.08	-0.182	0.572	"1"
"日常"	0	1	0	0.489	0.169	0.342	-0.292	0.772	-0.182	1.246	"2"
"日益"	0	2	0	0.979	0.338	0.684	-0.584	1.545	-0.363	2.492	"2"
"时刻"	0	1	1	0.979	0.338	0.684	-0.584	0.51	0.247	1.341	"1"
"时机"	0	0	1	0.489	0.169	0.342	-0.292	-0.08	0.466	0.838	"3"
"时节"	1	0	0	0.489	0.169	0.342	0.31	-0.08	-0.182	0.572	"1"
"昂扬"	0	0	1	0.489	0.169	0.342	-0.292	-0.08	0.466	0.838	"3"
"昆阳站"	1	0	0	0.489	0.169	0.342	0.31	-0.08	-0.182	0.572	"1"
"明文"	1	0	0	0.489	0.169	0.342	0.31	-0.08	-0.182	0.572	"1"
"明智"	1	0	0	0.489	0.169	0.342	0.31	-0.08	-0.182	0.572	"1"
"星期天"	1	0	0	0.489	0.169	0.342	0.31	-0.08	-0.182	0.572	"1"
"显示"	5	0	0	2.446	0.844	1.709	1.552	-0.402	-0.908	2.862	"1"
"显见"	1	0	0	0.489	0.169	0.342	0.31	-0.08	-0.182	0.572	"1"
"晚会"	1	0	0	0.489	0.169	0.342	0.31	-0.08	-0.182	0.572	"1"
"普查员"	1	0	0	0.489	0.169	0.342	0.31	-0.08	-0.182	0.572	"1"
"普通"	0	1	0	0.489	0.169	0.342	-0.292	0.772	-0.182	1.246	"2"
"普遍"	4	0	0	1.957	0.675	1.367	1.242	-0.321	-0.727	2.29	"1"
"暴行"	1	0	0	0.489	0.169	0.342	0.31	-0.08	-0.182	0.572	"1"
"更加"	0	0	1	0.489	0.169	0.342	-0.292	-0.08	0.466	0.838	"3"
"更名为"	0	0	1	0.489	0.169	0.342	-0.292	-0.08	0.466	0.838	"3"
"更多"	4	0	0	1.957	0.675	1.367	1.242	-0.321	-0.727	2.29	"1"
"更深"	1	0	0	0.489	0.169	0.342	0.31	-0.08	-0.182	0.572	"1"
"最"	0	1	12	6.36	2.195	4.444	-3.793	-0.483	4.644	8.92	"3"
"最好"	1	0	0	0.489	0.169	0.342	0.31	-0.08	-0.182	0.572	"1"
"有关"	1	0	0	0.489	0.169	0.342	0.31	-0.08	-0.182	0.572	"1"
"有利于"	0	0	1	0.489	0.169	0.342	-0.292	-0.08	0.466	0.838	"3"
"有意"	3	0	0	1.468	0.507	1.026	0.931	-0.241	-0.545	1.717	"1"
"有机"	4	0	0	1.957	0.675	1.367	1.242	-0.321	-0.727	2.29	"1"
"服从"	0	0	1	0.489	0.169	0.342	-0.292	-0.08	0.466	0.838	"3"
"服务"	8	0	0	3.914	1.351	2.735	2.484	-0.643	-1.453	4.58	"1"
"服务业"	1	0	0	0.489	0.169	0.342	0.31	-0.08	-0.182	0.572	"1"
"服务站"	1	0	0	0.489	0.169	0.342	0.31	-0.08	-0.182	0.572	"1"
"服务网"	1	0	0	0.489	0.169	0.342	0.31	-0.08	-0.182	0.572	"1"
"服役"	0	0	1	0.489	0.169	0.342	-0.292	-0.08	0.466	0.838	"3"
"望"	1	0	0	0.489	0.169	0.342	0.31	-0.08	-0.182	0.572	"1"
"朝参战"	0	0	1	0.489	0.169	0.342	-0.292	-0.08	0.466	0.838	"3"
"朝鲜"	0	0	3	1.468	0.507	1.026	-0.875	-0.241	1.398	2.514	"3"
"朝鲜党"	0	0	1	0.489	0.169	0.342	-0.292	-0.08	0.466	0.838	"3"
"期待"	1	0	0	0.489	0.169	0.342	0.31	-0.08	-0.182	0.572	"1"
"期望"	1	0	0	0.489	0.169	0.342	0.31	-0.08	-0.182	0.572	"1"
"期盼"	0	0	1	0.489	0.169	0.342	-0.292	-0.08	0.466	0.838	"3"
"本"	0	0	1	0.489	0.169	0.342	-0.292	-0.08	0.466	0.838	"3"
"本利"	0	1	0	0.489	0.169	0.342	-0.292	0.772	-0.182	1.246	"2"
"本地"	1	0	0	0.489	0.169	0.342	0.31	-0.08	-0.182	0.572	"1"
"本报"	1	0	0	0.489	0.169	0.342	0.31	-0.08	-0.182	0.572	"1"
"机关"	1	1	0	0.979	0.338	0.684	0.131	0.51	-0.363	1.004	"2"
"权"	0	0	1	0.489	0.169	0.342	-0.292	-0.08	0.466	0.838	"3"
"权利"	2	1	2	2.446	0.844	1.709	-0.284	0.219	0.255	0.758	"1"
"权益"	3	0	0	1.468	0.507	1.026	0.931	-0.241	-0.545	1.717	"1"
"村"	0	2	0	0.979	0.338	0.684	-0.584	1.545	-0.363	2.492	"2"
"条例"	0	0	4	1.957	0.675	1.367	-1.167	-0.321	1.865	3.353	"3"
"来往"	1	0	0	0.489	0.169	0.342	0.31	-0.08	-0.182	0.572	"1"
"来访"	0	0	2	0.979	0.338	0.684	-0.584	-0.161	0.932	1.677	"3"
"杯葛"	0	0	1	0.489	0.169	0.342	-0.292	-0.08	0.466	0.838	"3"
"柬埔寨"	0	0	1	0.489	0.169	0.342	-0.292	-0.08	0.466	0.838	"3"
"核发"	1	1	0	0.979	0.338	0.684	0.131	0.51	-0.363	1.004	"2"
"核四"	2	0	3	2.446	0.844	1.709	-0.284	-0.402	0.652	1.338	"3"
"根"	1	1	1	1.468	0.507	1.026	-0.287	0.371	-0.137	0.795	"2"
"根据"	1	0	1	0.979	0.338	0.684	0.131	-0.161	0.247	0.539	"3"
"根本"	0	2	1	1.468	0.507	1.026	-0.875	1.12	-0.137	2.132	"2"
"格拉纳达市"	1	0	0	0.489	0.169	0.342	0.31	-0.08	-0.182	0.572	"1"
"桥梁"	0	1	0	0.489	0.169	0.342	-0.292	0.772	-0.182	1.246	"2"
"梨山"	1	0	0	0.489	0.169	0.342	0.31	-0.08	-0.182	0.572	"1"
"检举"	1	0	0	0.489	0.169	0.342	0.31	-0.08	-0.182	0.572	"1"
"检控"	0	0	1	0.489	0.169	0.342	-0.292	-0.08	0.466	0.838	"3"
"检查"	1	0	0	0.489	0.169	0.342	0.31	-0.08	-0.182	0.572	"1"
"楷模"	0	0	1	0.489	0.169	0.342	-0.292	-0.08	0.466	0.838	"3"
"模拟屋"	1	0	0	0.489	0.169	0.342	0.31	-0.08	-0.182	0.572	"1"
"欢呼"	1	0	0	0.489	0.169	0.342	0.31	-0.08	-0.182	0.572	"1"
"欢度"	1	0	0	0.489	0.169	0.342	0.31	-0.08	-0.182	0.572	"1"
"欢迎"	4	2	1	3.425	1.182	2.393	0.322	0.473	-0.606	1.401	"3"
"欲"	1	0	0	0.489	0.169	0.342	0.31	-0.08	-0.182	0.572	"1"
"正义"	0	0	2	0.979	0.338	0.684	-0.584	-0.161	0.932	1.677	"3"
"正当"	0	0	1	0.489	0.169	0.342	-0.292	-0.08	0.466	0.838	"3"
"正确"	0	0	1	0.489	0.169	0.342	-0.292	-0.08	0.466	0.838	"3"
"此刻"	1	0	0	0.489	0.169	0.342	0.31	-0.08	-0.182	0.572	"1"
"武装"	0	0	2	0.979	0.338	0.684	-0.584	-0.161	0.932	1.677	"3"
"歧视"	1	0	0	0.489	0.169	0.342	0.31	-0.08	-0.182	0.572	"1"
"毋须"	1	0	0	0.489	0.169	0.342	0.31	-0.08	-0.182	0.572	"1"
"每"	1	0	0	0.489	0.169	0.342	0.31	-0.08	-0.182	0.572	"1"
"毒性"	1	0	0	0.489	0.169	0.342	0.31	-0.08	-0.182	0.572	"1"
"比例"	2	0	0	0.979	0.338	0.684	0.621	-0.161	-0.363	1.145	"1"
"比喻"	1	0	0	0.489	0.169	0.342	0.31	-0.08	-0.182	0.572	"1"
"比重"	2	0	0	0.979	0.338	0.684	0.621	-0.161	-0.363	1.145	"1"
"毛额"	1	0	0	0.489	0.169	0.342	0.31	-0.08	-0.182	0.572	"1"
"民"	0	0	5	2.446	0.844	1.709	-1.459	-0.402	2.331	4.192	"3"
"民主"	0	2	6	3.914	1.351	2.735	-2.334	0.396	1.649	4.379	"1"
"民代"	1	0	0	0.489	0.169	0.342	0.31	-0.08	-0.182	0.572	"1"
"民众"	8	1	0	4.403	1.52	3.077	1.777	-0.271	-1.635	3.683	"1"
"民国"	0	0	1	0.489	0.169	0.342	-0.292	-0.08	0.466	0.838	"3"
"民建"	0	0	1	0.489	0.169	0.342	-0.292	-0.08	0.466	0.838	"3"
"民意"	2	0	0	0.979	0.338	0.684	0.621	-0.161	-0.363	1.145	"1"
"民族"	0	2	2	1.957	0.675	1.367	-1.167	0.87	0.374	2.411	"1"
"民族团"	0	0	1	0.489	0.169	0.342	-0.292	-0.08	0.466	0.838	"3"
"民生"	1	0	0	0.489	0.169	0.342	0.31	-0.08	-0.182	0.572	"1"
"民调"	1	0	0	0.489	0.169	0.342	0.31	-0.08	-0.182	0.572	"1"
"民防"	2	0	0	0.979	0.338	0.684	0.621	-0.161	-0.363	1.145	"1"
"水平"	0	3	0	1.468	0.507	1.026	-0.875	2.317	-0.545	3.737	"2"
"汉"	1	0	0	0.489	0.169	0.342	0.31	-0.08	-0.182	0.572	"1"
"汐止"	1	0	0	0.489	0.169	0.342	0.31	-0.08	-0.182	0.572	"1"
"江泽民"	0	0	4	1.957	0.675	1.367	-1.167	-0.321	1.865	3.353	"3"
"江苏省"	1	0	0	0.489	0.169	0.342	0.31	-0.08	-0.182	0.572	"1"
"沙地"	2	0	0	0.979	0.338	0.684	0.621	-0.161	-0.363	1.145	"1"
"沙斯"	3	0	0	1.468	0.507	1.026	0.931	-0.241	-0.545	1.717	"1"
"沟通"	0	1	0	0.489	0.169	0.342	-0.292	0.772	-0.182	1.246	"2"
"沪"	1	0	0	0.489	0.169	0.342	0.31	-0.08	-0.182	0.572	"1"
"油脂"	1	0	0	0.489	0.169	0.342	0.31	-0.08	-0.182	0.572	"1"
"治安"	0	2	0	0.979	0.338	0.684	-0.584	1.545	-0.363	2.492	"2"
"沿"	0	1	0	0.489	0.169	0.342	-0.292	0.772	-0.182	1.246	"2"
"法制"	0	1	0	0.489	0.169	0.342	-0.292	0.772	-0.182	1.246	"2"
"法国"	0	0	1	0.489	0.169	0.342	-0.292	-0.08	0.466	0.838	"3"
"法律"	0	0	1	0.489	0.169	0.342	-0.292	-0.08	0.466	0.838	"3"
"法要"	0	1	0	0.489	0.169	0.342	-0.292	0.772	-0.182	1.246	"2"
"法轮"	1	0	0	0.489	0.169	0.342	0.31	-0.08	-0.182	0.572	"1"
"法院"	0	2	10	5.871	2.026	4.102	-3.502	-0.174	3.164	6.84	"1"
"注意"	5	0	0	2.446	0.844	1.709	1.552	-0.402	-0.908	2.862	"1"
"注意到"	1	0	0	0.489	0.169	0.342	0.31	-0.08	-0.182	0.572	"1"
"洪区"	0	1	0	0.489	0.169	0.342	-0.292	0.772	-0.182	1.246	"2"
"洪姓"	1	0	0	0.489	0.169	0.342	0.31	-0.08	-0.182	0.572	"1"
"洪水"	1	0	0	0.489	0.169	0.342	0.31	-0.08	-0.182	0.572	"1"
"活动"	2	5	0	3.425	1.182	2.393	-0.612	2.671	-1.272	4.555	"2"
"派兵"	1	0	0	0.489	0.169	0.342	0.31	-0.08	-0.182	0.572	"1"
"流感"	1	0	0	0.489	0.169	0.342	0.31	-0.08	-0.182	0.572	"1"
"测试"	2	0	0	0.979	0.338	0.684	0.621	-0.161	-0.363	1.145	"1"
"浩特"	0	1	0	0.489	0.169	0.342	-0.292	0.772	-0.182	1.246	"2"
"浮圈"	1	0	0	0.489	0.169	0.342	0.31	-0.08	-0.182	0.572	"1"
"海关法"	0	0	2	0.979	0.338	0.684	-0.584	-0.161	0.932	1.677	"3"
"消灾"	1	0	0	0.489	0.169	0.342	0.31	-0.08	-0.182	0.572	"1"
"消费"	1	0	0	0.489	0.169	0.342	0.31	-0.08	-0.182	0.572	"1"
"淮"	0	1	0	0.489	0.169	0.342	-0.292	0.772	-0.182	1.246	"2"
"深入"	0	1	0	0.489	0.169	0.342	-0.292	0.772	-0.182	1.246	"2"
"深受"	0	1	0	0.489	0.169	0.342	-0.292	0.772	-0.182	1.246	"2"
"深圳"	0	1	0	0.489	0.169	0.342	-0.292	0.772	-0.182	1.246	"2"
"深情"	0	0	2	0.979	0.338	0.684	-0.584	-0.161	0.932	1.677	"3"
"混淆"	1	0	0	0.489	0.169	0.342	0.31	-0.08	-0.182	0.572	"1"
"清凉秀"	1	0	0	0.489	0.169	0.342	0.31	-0.08	-0.182	0.572	"1"
"清廷"	1	0	0	0.489	0.169	0.342	0.31	-0.08	-0.182	0.572	"1"
"清楚"	1	0	0	0.489	0.169	0.342	0.31	-0.08	-0.182	0.572	"1"
"清洁"	1	0	0	0.489	0.169	0.342	0.31	-0.08	-0.182	0.572	"1"
"清甜"	1	0	0	0.489	0.169	0.342	0.31	-0.08	-0.182	0.572	"1"
"渠道"	0	2	0	0.979	0.338	0.684	-0.584	1.545	-0.363	2.492	"2"
"温家宝"	0	0	3	1.468	0.507	1.026	-0.875	-0.241	1.398	2.514	"3"
"港府"	1	0	0	0.489	0.169	0.342	0.31	-0.08	-0.182	0.572	"1"
"游客"	1	0	0	0.489	0.169	0.342	0.31	-0.08	-0.182	0.572	"1"
"游行"	7	0	0	3.425	1.182	2.393	2.173	-0.562	-1.272	4.007	"1"
"满意"	1	0	0	0.489	0.169	0.342	0.31	-0.08	-0.182	0.572	"1"
"满意度"	1	0	0	0.489	0.169	0.342	0.31	-0.08	-0.182	0.572	"1"
"满意率"	0	1	0	0.489	0.169	0.342	-0.292	0.772	-0.182	1.246	"2"
"满足"	1	1	0	0.979	0.338	0.684	0.131	0.51	-0.363	1.004	"2"
"演艺界"	1	0	0	0.489	0.169	0.342	0.31	-0.08	-0.182	0.572	"1"
"演说"	2	0	0	0.979	0.338	0.684	0.621	-0.161	-0.363	1.145	"1"
"激励"	0	1	0	0.489	0.169	0.342	-0.292	0.772	-0.182	1.246	"2"
"灾"	0	2	0	0.979	0.338	0.684	-0.584	1.545	-0.363	2.492	"2"
"灾区"	0	5	0	2.446	0.844	1.709	-1.459	3.862	-0.908	6.229	"2"
"热情"	1	0	0	0.489	0.169	0.342	0.31	-0.08	-0.182	0.572	"1"
"热点"	1	0	0	0.489	0.169	0.342	0.31	-0.08	-0.182	0.572	"1"
"热烈"	1	0	1	0.979	0.338	0.684	0.131	-0.161	0.247	0.539	"3"
"焚化炉"	1	0	0	0.489	0.169	0.342	0.31	-0.08	-0.182	0.572	"1"
"焦虑"	1	0	0	0.489	0.169	0.342	0.31	-0.08	-0.182	0.572	"1"
"煽动"	0	1	0	0.489	0.169	0.342	-0.292	0.772	-0.182	1.246	"2"
"燕"	1	0	0	0.489	0.169	0.342	0.31	-0.08	-0.182	0.572	"1"
"爱护"	0	0	1	0.489	0.169	0.342	-0.292	-0.08	0.466	0.838	"3"
"爱民"	0	0	1	0.489	0.169	0.342	-0.292	-0.08	0.466	0.838	"3"
"爱滋病"	1	0	0	0.489	0.169	0.342	0.31	-0.08	-0.182	0.572	"1"
"牛车水"	1	0	0	0.489	0.169	0.342	0.31	-0.08	-0.182	0.572	"1"
"牵涉到"	0	0	1	0.489	0.169	0.342	-0.292	-0.08	0.466	0.838	"3"
"特区"	1	0	0	0.489	0.169	0.342	0.31	-0.08	-0.182	0.572	"1"
"特地"	1	0	0	0.489	0.169	0.342	0.31	-0.08	-0.182	0.572	"1"
"特派员"	0	0	1	0.489	0.169	0.342	-0.292	-0.08	0.466	0.838	"3"
"独立"	1	0	0	0.489	0.169	0.342	0.31	-0.08	-0.182	0.572	"1"
"猜灯谜"	1	0	0	0.489	0.169	0.342	0.31	-0.08	-0.182	0.572	"1"
"猥亵"	1	0	0	0.489	0.169	0.342	0.31	-0.08	-0.182	0.572	"1"
"现场"	1	0	0	0.489	0.169	0.342	0.31	-0.08	-0.182	0.572	"1"
"现役"	0	0	3	1.468	0.507	1.026	-0.875	-0.241	1.398	2.514	"3"
"现时"	1	0	0	0.489	0.169	0.342	0.31	-0.08	-0.182	0.572	"1"
"珍惜"	0	0	1	0.489	0.169	0.342	-0.292	-0.08	0.466	0.838	"3"
"珠宝行"	1	0	0	0.489	0.169	0.342	0.31	-0.08	-0.182	0.572	"1"
"珠海市"	0	0	1	0.489	0.169	0.342	-0.292	-0.08	0.466	0.838	"3"
"理会"	1	0	0	0.489	0.169	0.342	0.31	-0.08	-0.182	0.572	"1"
"理由"	0	0	1	0.489	0.169	0.342	-0.292	-0.08	0.466	0.838	"3"
"理解"	0	1	0	0.489	0.169	0.342	-0.292	0.772	-0.182	1.246	"2"
"瑞典"	0	1	0	0.489	0.169	0.342	-0.292	0.772	-0.182	1.246	"2"
"甚而"	1	0	0	0.489	0.169	0.342	0.31	-0.08	-0.182	0.572	"1"
"甚至于"	1	0	0	0.489	0.169	0.342	0.31	-0.08	-0.182	0.572	"1"
"生产"	3	0	0	1.468	0.507	1.026	0.931	-0.241	-0.545	1.717	"1"
"生命"	0	4	0	1.957	0.675	1.367	-1.167	3.09	-0.727	4.984	"2"
"生活"	3	10	2	7.339	2.533	5.128	-1.668	4.608	-1.156	7.432	"2"
"生活品质"	1	0	0	0.489	0.169	0.342	0.31	-0.08	-0.182	0.572	"1"
"用药"	2	0	0	0.979	0.338	0.684	0.621	-0.161	-0.363	1.145	"1"
"申请"	4	1	0	2.446	0.844	1.709	0.759	0.219	-0.908	1.886	"3"
"电台"	0	0	1	0.489	0.169	0.342	-0.292	-0.08	0.466	0.838	"3"
"电视墙"	1	0	0	0.489	0.169	0.342	0.31	-0.08	-0.182	0.572	"1"
"电话"	2	0	0	0.979	0.338	0.684	0.621	-0.161	-0.363	1.145	"1"
"电话会议"	0	0	1	0.489	0.169	0.342	-0.292	-0.08	0.466	0.838	"3"
"畏"	0	0	1	0.489	0.169	0.342	-0.292	-0.08	0.466	0.838	"3"
"留有"	1	0	0	0.489	0.169	0.342	0.31	-0.08	-0.182	0.572	"1"
"疏散"	1	0	0	0.489	0.169	0.342	0.31	-0.08	-0.182	0.572	"1"
"疑虑"	1	0	0	0.489	0.169	0.342	0.31	-0.08	-0.182	0.572	"1"
"疫苗"	1	0	0	0.489	0.169	0.342	0.31	-0.08	-0.182	0.572	"1"
"疫魔"	0	0	1	0.489	0.169	0.342	-0.292	-0.08	0.466	0.838	"3"
"登革热"	1	0	0	0.489	0.169	0.342	0.31	-0.08	-0.182	0.572	"1"
"益"	0	1	1	0.979	0.338	0.684	-0.584	0.51	0.247	1.341	"1"
"盖伊"	0	0	1	0.489	0.169	0.342	-0.292	-0.08	0.466	0.838	"3"
"盛大"	1	0	0	0.489	0.169	0.342	0.31	-0.08	-0.182	0.572	"1"
"盛行"	1	0	0	0.489	0.169	0.342	0.31	-0.08	-0.182	0.572	"1"
"目光"	1	0	0	0.489	0.169	0.342	0.31	-0.08	-0.182	0.572	"1"
"目击"	1	0	0	0.489	0.169	0.342	0.31	-0.08	-0.182	0.572	"1"
"直航"	2	0	0	0.979	0.338	0.684	0.621	-0.161	-0.363	1.145	"1"
"直辖市"	0	0	2	0.979	0.338	0.684	-0.584	-0.161	0.932	1.677	"3"
"相信"	1	0	0	0.489	0.169	0.342	0.31	-0.08	-0.182	0.572	"1"
"相当"	1	0	0	0.489	0.169	0.342	0.31	-0.08	-0.182	0.572	"1"
"省级"	0	0	1	0.489	0.169	0.342	-0.292	-0.08	0.466	0.838	"3"
"看到"	1	0	0	0.489	0.169	0.342	0.31	-0.08	-0.182	0.572	"1"
"真心"	0	1	0	0.489	0.169	0.342	-0.292	0.772	-0.182	1.246	"2"
"着想"	0	0	1	0.489	0.169	0.342	-0.292	-0.08	0.466	0.838	"3"
"知道"	1	0	0	0.489	0.169	0.342	0.31	-0.08	-0.182	0.572	"1"
"研讨"	0	1	0	0.489	0.169	0.342	-0.292	0.772	-0.182	1.246	"2"
"硬"	0	1	0	0.489	0.169	0.342	-0.292	0.772	-0.182	1.246	"2"
"确保"	0	1	1	0.979	0.338	0.684	-0.584	0.51	0.247	1.341	"1"
"示威"	2	0	0	0.979	0.338	0.684	0.621	-0.161	-0.363	1.145	"1"
"示范"	1	0	0	0.489	0.169	0.342	0.31	-0.08	-0.182	0.572	"1"
"礼包"	1	0	0	0.489	0.169	0.342	0.31	-0.08	-0.182	0.572	"1"
"社会"	0	0	1	0.489	0.169	0.342	-0.292	-0.08	0.466	0.838	"3"
"社会主义"	0	2	0	0.979	0.338	0.684	-0.584	1.545	-0.363	2.492	"2"
"社区"	0	2	0	0.979	0.338	0.684	-0.584	1.545	-0.363	2.492	"2"
"祖国"	0	0	1	0.489	0.169	0.342	-0.292	-0.08	0.466	0.838	"3"
"祝"	0	0	1	0.489	0.169	0.342	-0.292	-0.08	0.466	0.838	"3"
"祝愿"	0	0	1	0.489	0.169	0.342	-0.292	-0.08	0.466	0.838	"3"
"票价"	1	0	0	0.489	0.169	0.342	0.31	-0.08	-0.182	0.572	"1"
"票选大"	1	0	0	0.489	0.169	0.342	0.31	-0.08	-0.182	0.572	"1"
"禁中港"	1	0	0	0.489	0.169	0.342	0.31	-0.08	-0.182	0.572	"1"
"福"	2	0	0	0.979	0.338	0.684	0.621	-0.161	-0.363	1.145	"1"
"福尔尼"	0	0	1	0.489	0.169	0.342	-0.292	-0.08	0.466	0.838	"3"
"福祉"	1	0	0	0.489	0.169	0.342	0.31	-0.08	-0.182	0.572	"1"
"福金劝"	1	0	0	0.489	0.169	0.342	0.31	-0.08	-0.182	0.572	"1"
"秘书"	1	0	0	0.489	0.169	0.342	0.31	-0.08	-0.182	0.572	"1"
"秘诀"	1	0	0	0.489	0.169	0.342	0.31	-0.08	-0.182	0.572	"1"
"积极"	0	3	0	1.468	0.507	1.026	-0.875	2.317	-0.545	3.737	"2"
"称赞"	0	0	1	0.489	0.169	0.342	-0.292	-0.08	0.466	0.838	"3"
"移灵"	1	0	0	0.489	0.169	0.342	0.31	-0.08	-0.182	0.572	"1"
"稳定"	0	1	0	0.489	0.169	0.342	-0.292	0.772	-0.182	1.246	"2"
"稽征处"	1	0	0	0.489	0.169	0.342	0.31	-0.08	-0.182	0.572	"1"
"空缺"	1	0	0	0.489	0.169	0.342	0.31	-0.08	-0.182	0.572	"1"
"空额"	1	0	0	0.489	0.169	0.342	0.31	-0.08	-0.182	0.572	"1"
"突出"	0	1	0	0.489	0.169	0.342	-0.292	0.772	-0.182	1.246	"2"
"窃案"	1	0	0	0.489	0.169	0.342	0.31	-0.08	-0.182	0.572	"1"
"立法"	3	0	0	1.468	0.507	1.026	0.931	-0.241	-0.545	1.717	"1"
"立法会"	1	0	0	0.489	0.169	0.342	0.31	-0.08	-0.182	0.572	"1"
"立法院"	1	0	1	0.979	0.338	0.684	0.131	-0.161	0.247	0.539	"3"
"笑容"	1	0	0	0.489	0.169	0.342	0.31	-0.08	-0.182	0.572	"1"
"符合"	0	0	3	1.468	0.507	1.026	-0.875	-0.241	1.398	2.514	"3"
"第4"	1	0	0	0.489	0.169	0.342	0.31	-0.08	-0.182	0.572	"1"
"第一流"	0	0	1	0.489	0.169	0.342	-0.292	-0.08	0.466	0.838	"3"
"第三产业"	1	0	0	0.489	0.169	0.342	0.31	-0.08	-0.182	0.572	"1"
"笼士乃"	1	0	0	0.489	0.169	0.342	0.31	-0.08	-0.182	0.572	"1"
"笼罩"	1	0	0	0.489	0.169	0.342	0.31	-0.08	-0.182	0.572	"1"
"等上"	1	0	0	0.489	0.169	0.342	0.31	-0.08	-0.182	0.572	"1"
"答客"	1	0	0	0.489	0.169	0.342	0.31	-0.08	-0.182	0.572	"1"
"签证"	1	0	0	0.489	0.169	0.342	0.31	-0.08	-0.182	0.572	"1"
"简历"	1	0	0	0.489	0.169	0.342	0.31	-0.08	-0.182	0.572	"1"
"算命"	1	0	0	0.489	0.169	0.342	0.31	-0.08	-0.182	0.572	"1"
"管理处"	1	0	0	0.489	0.169	0.342	0.31	-0.08	-0.182	0.572	"1"
"篇章"	0	0	1	0.489	0.169	0.342	-0.292	-0.08	0.466	0.838	"3"
"篮球场"	2	0	0	0.979	0.338	0.684	0.621	-0.161	-0.363	1.145	"1"
"籐春"	1	0	0	0.489	0.169	0.342	0.31	-0.08	-0.182	0.572	"1"
"粮"	0	1	0	0.489	0.169	0.342	-0.292	0.772	-0.182	1.246	"2"
"精品"	1	0	0	0.489	0.169	0.342	0.31	-0.08	-0.182	0.572	"1"
"精神"	0	2	4	2.936	1.013	2.051	-1.751	0.571	0.963	3.285	"1"
"精神文明"	0	1	0	0.489	0.169	0.342	-0.292	0.772	-0.182	1.246	"2"
"素质"	0	1	0	0.489	0.169	0.342	-0.292	0.772	-0.182	1.246	"2"
"繁"	1	0	0	0.489	0.169	0.342	0.31	-0.08	-0.182	0.572	"1"
"红美登杯"	0	1	0	0.489	0.169	0.342	-0.292	0.772	-0.182	1.246	"2"
"级"	0	1	1	0.979	0.338	0.684	-0.584	0.51	0.247	1.341	"1"
"纪实"	0	1	1	0.979	0.338	0.684	-0.584	0.51	0.247	1.341	"1"
"纪念碑"	0	0	1	0.489	0.169	0.342	-0.292	-0.08	0.466	0.838	"3"
"纷纷"	3	0	0	1.468	0.507	1.026	0.931	-0.241	-0.545	1.717	"1"
"纸"	1	0	0	0.489	0.169	0.342	0.31	-0.08	-0.182	0.572	"1"
"组屋"	1	0	0	0.489	0.169	0.342	0.31	-0.08	-0.182	0.572	"1"
"组稿"	0	1	0	0.489	0.169	0.342	-0.292	0.772	-0.182	1.246	"2"
"经久"	0	0	1	0.489	0.169	0.342	-0.292	-0.08	0.466	0.838	"3"
"经常"	1	0	0	0.489	0.169	0.342	0.31	-0.08	-0.182	0.572	"1"
"经济"	2	0	0	0.979	0.338	0.684	0.621	-0.161	-0.363	1.145	"1"
"经济战"	0	1	0	0.489	0.169	0.342	-0.292	0.772	-0.182	1.246	"2"
"给"	2	0	0	0.979	0.338	0.684	0.621	-0.161	-0.363	1.145	"1"
"给予"	0	0	1	0.489	0.169	0.342	-0.292	-0.08	0.466	0.838	"3"
"绚丽"	0	0	1	0.489	0.169	0.342	-0.292	-0.08	0.466	0.838	"3"
"继承"	0	0	1	0.489	0.169	0.342	-0.292	-0.08	0.466	0.838	"3"
"续建"	0	0	1	0.489	0.169	0.342	-0.292	-0.08	0.466	0.838	"3"
"维护"	0	3	6	4.403	1.52	3.077	-2.626	0.736	1.32	4.682	"1"
"综合电"	1	0	0	0.489	0.169	0.342	0.31	-0.08	-0.182	0.572	"1"
"绿卡"	1	0	0	0.489	0.169	0.342	0.31	-0.08	-0.182	0.572	"1"
"缅怀"	0	0	1	0.489	0.169	0.342	-0.292	-0.08	0.466	0.838	"3"
"缓和"	1	0	0	0.489	0.169	0.342	0.31	-0.08	-0.182	0.572	"1"
"编剧港"	1	0	0	0.489	0.169	0.342	0.31	-0.08	-0.182	0.572	"1"
"缩紧"	1	0	0	0.489	0.169	0.342	0.31	-0.08	-0.182	0.572	"1"
"缺乏"	0	0	1	0.489	0.169	0.342	-0.292	-0.08	0.466	0.838	"3"
"网"	2	0	0	0.979	0.338	0.684	0.621	-0.161	-0.363	1.145	"1"
"罚单"	1	0	0	0.489	0.169	0.342	0.31	-0.08	-0.182	0.572	"1"
"罢免"	1	0	0	0.489	0.169	0.342	0.31	-0.08	-0.182	0.572	"1"
"罪嫌"	0	0	1	0.489	0.169	0.342	-0.292	-0.08	0.466	0.838	"3"
"美"	1	0	0	0.489	0.169	0.342	0.31	-0.08	-0.182	0.572	"1"
"美国"	4	0	0	1.957	0.675	1.367	1.242	-0.321	-0.727	2.29	"1"
"美意"	1	0	0	0.489	0.169	0.342	0.31	-0.08	-0.182	0.572	"1"
"群众"	0	14	0	6.85	2.364	4.786	-4.085	10.814	-2.544	17.443	"2"
"老挝"	0	0	1	0.489	0.169	0.342	-0.292	-0.08	0.466	0.838	"3"
"老朋友"	0	0	1	0.489	0.169	0.342	-0.292	-0.08	0.466	0.838	"3"
"聆听"	1	0	0	0.489	0.169	0.342	0.31	-0.08	-0.182	0.572	"1"
"职工"	0	1	0	0.489	0.169	0.342	-0.292	0.772	-0.182	1.246	"2"
"联系"	0	3	0	1.468	0.507	1.026	-0.875	2.317	-0.545	3.737	"2"
"联系日"	1	0	0	0.489	0.169	0.342	0.31	-0.08	-0.182	0.572	"1"
"联络所"	1	0	0	0.489	0.169	0.342	0.31	-0.08	-0.182	0.572	"1"
"聚"	1	0	0	0.489	0.169	0.342	0.31	-0.08	-0.182	0.572	"1"
"聚集"	1	1	0	0.979	0.338	0.684	0.131	0.51	-0.363	1.004	"2"
"肖扬"	0	1	0	0.489	0.169	0.342	-0.292	0.772	-0.182	1.246	"2"
"肝炎"	1	0	0	0.489	0.169	0.342	0.31	-0.08	-0.182	0.572	"1"
"股"	3	0	0	1.468	0.507	1.026	0.931	-0.241	-0.545	1.717	"1"
"胜利"	0	0	1	0.489	0.169	0.342	-0.292	-0.08	0.466	0.838	"3"
"胡锦涛"	0	0	1	0.489	0.169	0.342	-0.292	-0.08	0.466	0.838	"3"
"脂肪"	1	0	0	0.489	0.169	0.342	0.31	-0.08	-0.182	0.572	"1"
"腰带"	1	0	0	0.489	0.169	0.342	0.31	-0.08	-0.182	0.572	"1"
"自主"	0	0	1	0.489	0.169	0.342	-0.292	-0.08	0.466	0.838	"3"
"自信"	1	0	0	0.489	0.169	0.342	0.31	-0.08	-0.182	0.572	"1"
"自治区"	0	0	2	0.979	0.338	0.684	-0.584	-0.161	0.932	1.677	"3"
"自由"	1	0	1	0.979	0.338	0.684	0.131	-0.161	0.247	0.539	"3"
"自由权"	0	0	1	0.489	0.169	0.342	-0.292	-0.08	0.466	0.838	"3"
"至高"	0	0	1	0.489	0.169	0.342	-0.292	-0.08	0.466	0.838	"3"
"致富"	0	1	0	0.489	0.169	0.342	-0.292	0.772	-0.182	1.246	"2"
"致歉"	1	0	0	0.489	0.169	0.342	0.31	-0.08	-0.182	0.572	"1"
"舞龙"	1	0	0	0.489	0.169	0.342	0.31	-0.08	-0.182	0.572	"1"
"芒"	0	1	0	0.489	0.169	0.342	-0.292	0.772	-0.182	1.246	"2"
"花上"	1	0	0	0.489	0.169	0.342	0.31	-0.08	-0.182	0.572	"1"
"花莲"	1	0	0	0.489	0.169	0.342	0.31	-0.08	-0.182	0.572	"1"
"花钱"	1	0	0	0.489	0.169	0.342	0.31	-0.08	-0.182	0.572	"1"
"苏丹"	1	0	0	0.489	0.169	0.342	0.31	-0.08	-0.182	0.572	"1"
"苗族"	0	1	0	0.489	0.169	0.342	-0.292	0.772	-0.182	1.246	"2"
"若"	1	0	0	0.489	0.169	0.342	0.31	-0.08	-0.182	0.572	"1"
"英雄"	0	0	1	0.489	0.169	0.342	-0.292	-0.08	0.466	0.838	"3"
"荣"	1	0	0	0.489	0.169	0.342	0.31	-0.08	-0.182	0.572	"1"
"荣誉"	0	0	3	1.468	0.507	1.026	-0.875	-0.241	1.398	2.514	"3"
"药"	1	0	0	0.489	0.169	0.342	0.31	-0.08	-0.182	0.572	"1"
"获判"	1	0	0	0.489	0.169	0.342	0.31	-0.08	-0.182	0.572	"1"
"获取"	1	0	0	0.489	0.169	0.342	0.31	-0.08	-0.182	0.572	"1"
"菲奥"	1	0	0	0.489	0.169	0.342	0.31	-0.08	-0.182	0.572	"1"
"营建署"	1	0	0	0.489	0.169	0.342	0.31	-0.08	-0.182	0.572	"1"
"著作权"	0	0	1	0.489	0.169	0.342	-0.292	-0.08	0.466	0.838	"3"
"蒙骗"	0	1	0	0.489	0.169	0.342	-0.292	0.772	-0.182	1.246	"2"
"蔑视"	1	0	0	0.489	0.169	0.342	0.31	-0.08	-0.182	0.572	"1"
"虚假"	1	0	0	0.489	0.169	0.342	0.31	-0.08	-0.182	0.572	"1"
"虚心"	0	1	0	0.489	0.169	0.342	-0.292	0.772	-0.182	1.246	"2"
"虱目鱼"	2	0	0	0.979	0.338	0.684	0.621	-0.161	-0.363	1.145	"1"
"行为"	1	0	1	0.979	0.338	0.684	0.131	-0.161	0.247	0.539	"3"
"行使"	0	1	0	0.489	0.169	0.342	-0.292	0.772	-0.182	1.246	"2"
"行动党"	0	0	1	0.489	0.169	0.342	-0.292	-0.08	0.466	0.838	"3"
"行员"	1	0	0	0.489	0.169	0.342	0.31	-0.08	-0.182	0.572	"1"
"行情"	3	0	0	1.468	0.507	1.026	0.931	-0.241	-0.545	1.717	"1"
"行政"	1	0	0	0.489	0.169	0.342	0.31	-0.08	-0.182	0.572	"1"
"行政区"	0	0	2	0.979	0.338	0.684	-0.584	-0.161	0.932	1.677	"3"
"行政村"	1	0	0	0.489	0.169	0.342	0.31	-0.08	-0.182	0.572	"1"
"行政院"	0	0	1	0.489	0.169	0.342	-0.292	-0.08	0.466	0.838	"3"
"行蓄"	0	1	0	0.489	0.169	0.342	-0.292	0.772	-0.182	1.246	"2"
"街头"	2	0	0	0.979	0.338	0.684	0.621	-0.161	-0.363	1.145	"1"
"街道"	1	1	0	0.979	0.338	0.684	0.131	0.51	-0.363	1.004	"2"
"表格"	1	0	0	0.489	0.169	0.342	0.31	-0.08	-0.182	0.572	"1"
"表达"	2	1	0	1.468	0.507	1.026	0.315	0.371	-0.545	1.231	"3"
"衷心"	0	0	1	0.489	0.169	0.342	-0.292	-0.08	0.466	0.838	"3"
"裕盛"	1	0	0	0.489	0.169	0.342	0.31	-0.08	-0.182	0.572	"1"
"西宁"	1	0	0	0.489	0.169	0.342	0.31	-0.08	-0.182	0.572	"1"
"要求"	1	1	0	0.979	0.338	0.684	0.131	0.51	-0.363	1.004	"2"
"观赏"	3	0	0	1.468	0.507	1.026	0.931	-0.241	-0.545	1.717	"1"
"规定"	3	0	3	2.936	1.013	2.051	0.197	-0.482	0.473	1.152	"2"
"视听"	1	0	0	0.489	0.169	0.342	0.31	-0.08	-0.182	0.572	"1"
"解"	0	1	1	0.979	0.338	0.684	-0.584	0.51	0.247	1.341	"1"
"解放军"	0	0	3	1.468	0.507	1.026	-0.875	-0.241	1.398	2.514	"3"
"解答"	1	0	0	0.489	0.169	0.342	0.31	-0.08	-0.182	0.572	"1"
"解释"	1	0	0	0.489	0.169	0.342	0.31	-0.08	-0.182	0.572	"1"
"解难"	0	1	0	0.489	0.169	0.342	-0.292	0.772	-0.182	1.246	"2"
"警告"	4	0	0	1.957	0.675	1.367	1.242	-0.321	-0.727	2.29	"1"
"警讯"	1	0	0	0.489	0.169	0.342	0.31	-0.08	-0.182	0.572	"1"
"警车"	1	0	0	0.489	0.169	0.342	0.31	-0.08	-0.182	0.572	"1"
"订阅"	1	0	0	0.489	0.169	0.342	0.31	-0.08	-0.182	0.572	"1"
"认为"	1	0	0	0.489	0.169	0.342	0.31	-0.08	-0.182	0.572	"1"
"认知"	1	0	0	0.489	0.169	0.342	0.31	-0.08	-0.182	0.572	"1"
"认购"	4	0	0	1.957	0.675	1.367	1.242	-0.321	-0.727	2.29	"1"
"认购率"	2	0	0	0.979	0.338	0.684	0.621	-0.161	-0.363	1.145	"1"
"让"	9	0	0	4.403	1.52	3.077	2.794	-0.723	-1.635	5.152	"1"
"议"	0	0	3	1.468	0.507	1.026	-0.875	-0.241	1.398	2.514	"3"
"议会"	0	0	2	0.979	0.338	0.684	-0.584	-0.161	0.932	1.677	"3"
"议政"	0	1	0	0.489	0.169	0.342	-0.292	0.772	-0.182	1.246	"2"
"议长"	0	0	2	0.979	0.338	0.684	-0.584	-0.161	0.932	1.677	"3"
"议题"	0	1	1	0.979	0.338	0.684	-0.584	0.51	0.247	1.341	"1"
"讯息"	1	0	0	0.489	0.169	0.342	0.31	-0.08	-0.182	0.572	"1"
"讲解"	1	0	0	0.489	0.169	0.342	0.31	-0.08	-0.182	0.572	"1"
"许久"	1	0	0	0.489	0.169	0.342	0.31	-0.08	-0.182	0.572	"1"
"许多"	3	0	0	1.468	0.507	1.026	0.931	-0.241	-0.545	1.717	"1"
"许文远"	1	0	0	0.489	0.169	0.342	0.31	-0.08	-0.182	0.572	"1"
"设置"	1	0	0	0.489	0.169	0.342	0.31	-0.08	-0.182	0.572	"1"
"访"	1	0	0	0.489	0.169	0.342	0.31	-0.08	-0.182	0.572	"1"
"证"	1	0	0	0.489	0.169	0.342	0.31	-0.08	-0.182	0.572	"1"
"诊疗"	1	0	0	0.489	0.169	0.342	0.31	-0.08	-0.182	0.572	"1"
"诚信"	0	1	0	0.489	0.169	0.342	-0.292	0.772	-0.182	1.246	"2"
"询问"	1	0	0	0.489	0.169	0.342	0.31	-0.08	-0.182	0.572	"1"
"请"	3	0	0	1.468	0.507	1.026	0.931	-0.241	-0.545	1.717	"1"
"读为"	0	0	2	0.979	0.338	0.684	-0.584	-0.161	0.932	1.677	"3"
"读书会"	1	0	0	0.489	0.169	0.342	0.31	-0.08	-0.182	0.572	"1"
"调低"	1	0	0	0.489	0.169	0.342	0.31	-0.08	-0.182	0.572	"1"
"调查"	1	0	0	0.489	0.169	0.342	0.31	-0.08	-0.182	0.572	"1"
"谣言"	1	0	0	0.489	0.169	0.342	0.31	-0.08	-0.182	0.572	"1"
"谨"	0	0	1	0.489	0.169	0.342	-0.292	-0.08	0.466	0.838	"3"
"谭竹"	1	0	0	0.489	0.169	0.342	0.31	-0.08	-0.182	0.572	"1"
"谱写"	0	0	1	0.489	0.169	0.342	-0.292	-0.08	0.466	0.838	"3"
"象征"	0	0	2	0.979	0.338	0.684	-0.584	-0.161	0.932	1.677	"3"
"负责"	1	0	1	0.979	0.338	0.684	0.131	-0.161	0.247	0.539	"3"
"财产"	2	1	0	1.468	0.507	1.026	0.315	0.371	-0.545	1.231	"3"
"责任"	0	0	1	0.489	0.169	0.342	-0.292	-0.08	0.466	0.838	"3"
"质疑"	1	0	0	0.489	0.169	0.342	0.31	-0.08	-0.182	0.572	"1"
"贫困"	0	1	0	0.489	0.169	0.342	-0.292	0.772	-0.182	1.246	"2"
"购"	1	0	0	0.489	0.169	0.342	0.31	-0.08	-0.182	0.572	"1"
"购买"	4	0	0	1.957	0.675	1.367	1.242	-0.321	-0.727	2.29	"1"
"购买到"	1	0	0	0.489	0.169	0.342	0.31	-0.08	-0.182	0.572	"1"
"贯"	0	0	1	0.489	0.169	0.342	-0.292	-0.08	0.466	0.838	"3"
"贴近"	1	2	0	1.468	0.507	1.026	-0.287	1.12	-0.545	1.952	"2"
"贵阳市"	1	0	0	0.489	0.169	0.342	0.31	-0.08	-0.182	0.572	"1"
"贸发局"	1	0	0	0.489	0.169	0.342	0.31	-0.08	-0.182	0.572	"1"
"资格"	0	0	1	0.489	0.169	0.342	-0.292	-0.08	0.466	0.838	"3"
"资讯"	1	0	0	0.489	0.169	0.342	0.31	-0.08	-0.182	0.572	"1"
"赞扬"	0	1	0	0.489	0.169	0.342	-0.292	0.772	-0.182	1.246	"2"
"赠品"	1	0	0	0.489	0.169	0.342	0.31	-0.08	-0.182	0.572	"1"
"走上"	1	0	0	0.489	0.169	0.342	0.31	-0.08	-0.182	0.572	"1"
"走访"	1	0	0	0.489	0.169	0.342	0.31	-0.08	-0.182	0.572	"1"
"走近"	0	0	1	0.489	0.169	0.342	-0.292	-0.08	0.466	0.838	"3"
"赴"	1	1	0	0.979	0.338	0.684	0.131	0.51	-0.363	1.004	"2"
"起"	1	0	1	0.979	0.338	0.684	0.131	-0.161	0.247	0.539	"3"
"起义"	2	0	0	0.979	0.338	0.684	0.621	-0.161	-0.363	1.145	"1"
"越南"	0	0	1	0.489	0.169	0.342	-0.292	-0.08	0.466	0.838	"3"
"越南党"	0	0	1	0.489	0.169	0.342	-0.292	-0.08	0.466	0.838	"3"
"足不出户"	0	1	0	0.489	0.169	0.342	-0.292	0.772	-0.182	1.246	"2"
"跃进"	1	0	0	0.489	0.169	0.342	0.31	-0.08	-0.182	0.572	"1"
"路税证"	1	0	0	0.489	0.169	0.342	0.31	-0.08	-0.182	0.572	"1"
"路线"	0	0	1	0.489	0.169	0.342	-0.292	-0.08	0.466	0.838	"3"
"路障"	2	0	0	0.979	0.338	0.684	0.621	-0.161	-0.363	1.145	"1"
"身份证"	3	0	0	1.468	0.507	1.026	0.931	-0.241	-0.545	1.717	"1"
"身体"	0	3	1	1.957	0.675	1.367	-1.167	1.774	-0.239	3.18	"2"
"转乘"	1	0	0	0.489	0.169	0.342	0.31	-0.08	-0.182	0.572	"1"
"转地"	1	0	0	0.489	0.169	0.342	0.31	-0.08	-0.182	0.572	"1"
"转移"	0	2	0	0.979	0.338	0.684	-0.584	1.545	-0.363	2.492	"2"
"轻信"	1	0	0	0.489	0.169	0.342	0.31	-0.08	-0.182	0.572	"1"
"辞岁"	1	0	0	0.489	0.169	0.342	0.31	-0.08	-0.182	0.572	"1"
"达致"	1	0	0	0.489	0.169	0.342	0.31	-0.08	-0.182	0.572	"1"
"过于"	1	0	0	0.489	0.169	0.342	0.31	-0.08	-0.182	0.572	"1"
"过年"	1	0	0	0.489	0.169	0.342	0.31	-0.08	-0.182	0.572	"1"
"迎接"	1	0	2	1.468	0.507	1.026	-0.287	-0.241	0.567	1.095	"3"
"还可以"	1	0	0	0.489	0.169	0.342	0.31	-0.08	-0.182	0.572	"1"
"这样一来"	1	0	0	0.489	0.169	0.342	0.31	-0.08	-0.182	0.572	"1"
"进取"	0	0	1	0.489	0.169	0.342	-0.292	-0.08	0.466	0.838	"3"
"进度"	0	1	0	0.489	0.169	0.342	-0.292	0.772	-0.182	1.246	"2"
"远离"	1	0	0	0.489	0.169	0.342	0.31	-0.08	-0.182	0.572	"1"
"违反"	0	0	1	0.489	0.169	0.342	-0.292	-0.08	0.466	0.838	"3"
"违犯"	0	0	1	0.489	0.169	0.342	-0.292	-0.08	0.466	0.838	"3"
"违背"	0	0	1	0.489	0.169	0.342	-0.292	-0.08	0.466	0.838	"3"
"违规"	1	0	0	0.489	0.169	0.342	0.31	-0.08	-0.182	0.572	"1"
"连战"	0	0	2	0.979	0.338	0.684	-0.584	-0.161	0.932	1.677	"3"
"迟浩田"	0	0	1	0.489	0.169	0.342	-0.292	-0.08	0.466	0.838	"3"
"迟滞"	1	0	0	0.489	0.169	0.342	0.31	-0.08	-0.182	0.572	"1"
"选择"	2	0	0	0.979	0.338	0.684	0.621	-0.161	-0.363	1.145	"1"
"选购"	1	0	0	0.489	0.169	0.342	0.31	-0.08	-0.182	0.572	"1"
"透过"	3	0	0	1.468	0.507	1.026	0.931	-0.241	-0.545	1.717	"1"
"逐日"	1	0	0	0.489	0.169	0.342	0.31	-0.08	-0.182	0.572	"1"
"通知书"	1	0	0	0.489	0.169	0.342	0.31	-0.08	-0.182	0.572	"1"
"通讯业"	1	0	0	0.489	0.169	0.342	0.31	-0.08	-0.182	0.572	"1"
"通过"	1	0	0	0.489	0.169	0.342	0.31	-0.08	-0.182	0.572	"1"
"造成"	2	0	0	0.979	0.338	0.684	0.621	-0.161	-0.363	1.145	"1"
"造福"	0	0	1	0.489	0.169	0.342	-0.292	-0.08	0.466	0.838	"3"
"逢甲"	1	0	0	0.489	0.169	0.342	0.31	-0.08	-0.182	0.572	"1"
"遏止"	0	1	0	0.489	0.169	0.342	-0.292	0.772	-0.182	1.246	"2"
"道德"	0	1	0	0.489	0.169	0.342	-0.292	0.772	-0.182	1.246	"2"
"道歉"	1	0	1	0.979	0.338	0.684	0.131	-0.161	0.247	0.539	"3"
"遭"	1	0	0	0.489	0.169	0.342	0.31	-0.08	-0.182	0.572	"1"
"遭受"	0	0	1	0.489	0.169	0.342	-0.292	-0.08	0.466	0.838	"3"
"避免"	2	0	0	0.979	0.338	0.684	0.621	-0.161	-0.363	1.145	"1"
"邀"	0	0	1	0.489	0.169	0.342	-0.292	-0.08	0.466	0.838	"3"
"邮电"	2	0	0	0.979	0.338	0.684	0.621	-0.161	-0.363	1.145	"1"
"邻近"	1	0	0	0.489	0.169	0.342	0.31	-0.08	-0.182	0.572	"1"
"部份"	0	1	0	0.489	0.169	0.342	-0.292	0.772	-0.182	1.246	"2"
"配合"	3	0	0	1.468	0.507	1.026	0.931	-0.241	-0.545	1.717	"1"
"重号"	1	0	0	0.489	0.169	0.342	0.31	-0.08	-0.182	0.572	"1"
"重建"	0	2	0	0.979	0.338	0.684	-0.584	1.545	-0.363	2.492	"2"
"重新"	1	0	0	0.489	0.169	0.342	0.31	-0.08	-0.182	0.572	"1"
"金一"	0	0	1	0.489	0.169	0.342	-0.292	-0.08	0.466	0.838	"3"
"金人"	1	0	0	0.489	0.169	0.342	0.31	-0.08	-0.182	0.572	"1"
"钞券"	1	0	0	0.489	0.169	0.342	0.31	-0.08	-0.182	0.572	"1"
"银行"	11	0	0	5.382	1.858	3.761	3.415	-0.884	-1.999	6.298	"1"
"锡林"	0	1	0	0.489	0.169	0.342	-0.292	0.772	-0.182	1.246	"2"
"锣"	1	0	0	0.489	0.169	0.342	0.31	-0.08	-0.182	0.572	"1"
"镇"	1	0	0	0.489	0.169	0.342	0.31	-0.08	-0.182	0.572	"1"
"镇压"	1	0	0	0.489	0.169	0.342	0.31	-0.08	-0.182	0.572	"1"
"长周"	1	0	0	0.489	0.169	0.342	0.31	-0.08	-0.182	0.572	"1"
"长跑"	0	1	0	0.489	0.169	0.342	-0.292	0.772	-0.182	1.246	"2"
"闻风"	1	0	0	0.489	0.169	0.342	0.31	-0.08	-0.182	0.572	"1"
"阁下"	0	0	1	0.489	0.169	0.342	-0.292	-0.08	0.466	0.838	"3"
"防治"	0	1	0	0.489	0.169	0.342	-0.292	0.772	-0.182	1.246	"2"
"防治法"	0	0	1	0.489	0.169	0.342	-0.292	-0.08	0.466	0.838	"3"
"防火"	0	1	0	0.489	0.169	0.342	-0.292	0.772	-0.182	1.246	"2"
"防范"	4	0	0	1.957	0.675	1.367	1.242	-0.321	-0.727	2.29	"1"
"阳明山"	1	0	0	0.489	0.169	0.342	0.31	-0.08	-0.182	0.572	"1"
"阵线"	0	0	1	0.489	0.169	0.342	-0.292	-0.08	0.466	0.838	"3"
"阶级"	0	1	1	0.979	0.338	0.684	-0.584	0.51	0.247	1.341	"1"
"阻挡"	0	1	0	0.489	0.169	0.342	-0.292	0.772	-0.182	1.246	"2"
"阿尔及利亚"	0	0	1	0.489	0.169	0.342	-0.292	-0.08	0.466	0.838	"3"
"陆"	1	0	0	0.489	0.169	0.342	0.31	-0.08	-0.182	0.572	"1"
"陆交局"	1	0	0	0.489	0.169	0.342	0.31	-0.08	-0.182	0.572	"1"
"陈水扁"	0	0	1	0.489	0.169	0.342	-0.292	-0.08	0.466	0.838	"3"
"院方"	1	0	0	0.489	0.169	0.342	0.31	-0.08	-0.182	0.572	"1"
"院长"	0	0	1	0.489	0.169	0.342	-0.292	-0.08	0.466	0.838	"3"
"随意"	1	0	0	0.489	0.169	0.342	0.31	-0.08	-0.182	0.572	"1"
"隐患"	0	1	0	0.489	0.169	0.342	-0.292	0.772	-0.182	1.246	"2"
"障"	0	1	0	0.489	0.169	0.342	-0.292	0.772	-0.182	1.246	"2"
"隶属于"	0	0	1	0.489	0.169	0.342	-0.292	-0.08	0.466	0.838	"3"
"集中"	0	0	1	0.489	0.169	0.342	-0.292	-0.08	0.466	0.838	"3"
"集会"	2	0	0	0.979	0.338	0.684	0.621	-0.161	-0.363	1.145	"1"
"需求"	1	1	0	0.979	0.338	0.684	0.131	0.51	-0.363	1.004	"2"
"静"	1	0	0	0.489	0.169	0.342	0.31	-0.08	-0.182	0.572	"1"
"非典型"	1	0	0	0.489	0.169	0.342	0.31	-0.08	-0.182	0.572	"1"
"非议"	1	0	0	0.489	0.169	0.342	0.31	-0.08	-0.182	0.572	"1"
"面向"	1	0	0	0.489	0.169	0.342	0.31	-0.08	-0.182	0.572	"1"
"面对"	1	0	0	0.489	0.169	0.342	0.31	-0.08	-0.182	0.572	"1"
"面目全非"	1	0	0	0.489	0.169	0.342	0.31	-0.08	-0.182	0.572	"1"
"革命"	0	0	1	0.489	0.169	0.342	-0.292	-0.08	0.466	0.838	"3"
"顺"	1	0	0	0.489	0.169	0.342	0.31	-0.08	-0.182	0.572	"1"
"顺心"	0	0	1	0.489	0.169	0.342	-0.292	-0.08	0.466	0.838	"3"
"顺意"	0	0	1	0.489	0.169	0.342	-0.292	-0.08	0.466	0.838	"3"
"顾虑"	1	0	0	0.489	0.169	0.342	0.31	-0.08	-0.182	0.572	"1"
"颁布"	0	0	2	0.979	0.338	0.684	-0.584	-0.161	0.932	1.677	"3"
"预先"	1	0	0	0.489	0.169	0.342	0.31	-0.08	-0.182	0.572	"1"
"预约"	1	0	0	0.489	0.169	0.342	0.31	-0.08	-0.182	0.572	"1"
"领事馆"	1	0	0	0.489	0.169	0.342	0.31	-0.08	-0.182	0.572	"1"
"领土"	0	1	0	0.489	0.169	0.342	-0.292	0.772	-0.182	1.246	"2"
"领导"	1	2	3	2.936	1.013	2.051	-0.922	0.571	0.473	1.966	"1"
"颓势"	0	0	1	0.489	0.169	0.342	-0.292	-0.08	0.466	0.838	"3"
"风气"	1	0	0	0.489	0.169	0.342	0.31	-0.08	-0.182	0.572	"1"
"风貌"	0	0	1	0.489	0.169	0.342	-0.292	-0.08	0.466	0.838	"3"
"风采"	1	0	0	0.489	0.169	0.342	0.31	-0.08	-0.182	0.572	"1"
"食"	1	0	0	0.489	0.169	0.342	0.31	-0.08	-0.182	0.572	"1"
"首航"	0	1	0	0.489	0.169	0.342	-0.292	0.772	-0.182	1.246	"2"
"香港"	11	0	0	5.382	1.858	3.761	3.415	-0.884	-1.999	6.298	"1"
"香港厅"	0	0	1	0.489	0.169	0.342	-0.292	-0.08	0.466	0.838	"3"
"马"	1	0	0	0.489	0.169	0.342	0.31	-0.08	-0.182	0.572	"1"
"马文权"	1	0	0	0.489	0.169	0.342	0.31	-0.08	-0.182	0.572	"1"
"马来族"	0	1	0	0.489	0.169	0.342	-0.292	0.772	-0.182	1.246	"2"
"马毓真"	0	0	1	0.489	0.169	0.342	-0.292	-0.08	0.466	0.838	"3"
"马英九"	2	0	0	0.979	0.338	0.684	0.621	-0.161	-0.363	1.145	"1"
"马达加斯加"	0	0	1	0.489	0.169	0.342	-0.292	-0.08	0.466	0.838	"3"
"驱除"	0	0	1	0.489	0.169	0.342	-0.292	-0.08	0.466	0.838	"3"
"驻"	0	0	2	0.979	0.338	0.684	-0.584	-0.161	0.932	1.677	"3"
"驻港"	0	0	1	0.489	0.169	0.342	-0.292	-0.08	0.466	0.838	"3"
"骚乱"	1	0	0	0.489	0.169	0.342	0.31	-0.08	-0.182	0.572	"1"
"高"	0	0	9	4.403	1.52	3.077	-2.626	-0.723	4.195	7.544	"3"
"高喊"	1	0	0	0.489	0.169	0.342	0.31	-0.08	-0.182	0.572	"1"
"高度"	0	0	1	0.489	0.169	0.342	-0.292	-0.08	0.466	0.838	"3"
"鱼类"	1	0	0	0.489	0.169	0.342	0.31	-0.08	-0.182	0.572	"1"
"黄美娜"	1	0	0	0.489	0.169	0.342	0.31	-0.08	-0.182	0.572	"1"
"黎族"	0	1	0	0.489	0.169	0.342	-0.292	0.772	-0.182	1.246	"2"
"鼓"	1	0	0	0.489	0.169	0.342	0.31	-0.08	-0.182	0.572	"1"
"鼓励"	2	1	0	1.468	0.507	1.026	0.315	0.371	-0.545	1.231	"3"
"龙岗"	1	0	0	0.489	0.169	0.342	0.31	-0.08	-0.182	0.572	"1"
