"Coll_Word"	"1"	"2"	"3"	"exp_1"	"exp_2"	"exp_3"	"pbin_1"	"pbin_2"	"pbin_3"	"SumAbsDev"	"LargestDev"
"﹐"	0	1	1	0.698	0.54	0.763	-0.373	0.331	0.21	0.914	"1"
"、"	33	0	43	26.508	20.507	28.984	1.118	-10.38	3.074	14.572	"2"
"﹑"	0	0	1	0.349	0.27	0.381	-0.186	-0.137	0.419	0.742	"3"
"15.6"	1	0	0	0.349	0.27	0.381	0.457	-0.137	-0.209	0.803	"1"
"16"	1	0	0	0.349	0.27	0.381	0.457	-0.137	-0.209	0.803	"1"
"2000多"	1	0	0	0.349	0.27	0.381	0.457	-0.137	-0.209	0.803	"1"
"2270722"	1	0	0	0.349	0.27	0.381	0.457	-0.137	-0.209	0.803	"1"
"300多"	1	0	0	0.349	0.27	0.381	0.457	-0.137	-0.209	0.803	"1"
"30多"	1	0	0	0.349	0.27	0.381	0.457	-0.137	-0.209	0.803	"1"
"400余万"	0	1	0	0.349	0.27	0.381	-0.186	0.569	-0.209	0.964	"2"
"45"	1	0	0	0.349	0.27	0.381	0.457	-0.137	-0.209	0.803	"1"
"600"	1	0	0	0.349	0.27	0.381	0.457	-0.137	-0.209	0.803	"1"
"800多"	0	0	1	0.349	0.27	0.381	-0.186	-0.137	0.419	0.742	"3"
"891020"	0	1	1	0.698	0.54	0.763	-0.373	0.331	0.21	0.914	"1"
"891223"	1	0	0	0.349	0.27	0.381	0.457	-0.137	-0.209	0.803	"1"
"900125"	0	1	0	0.349	0.27	0.381	-0.186	0.569	-0.209	0.964	"2"
"9亿"	0	1	0	0.349	0.27	0.381	-0.186	0.569	-0.209	0.964	"2"
"Craft"	1	0	0	0.349	0.27	0.381	0.457	-0.137	-0.209	0.803	"1"
"Gigei"	1	0	0	0.349	0.27	0.381	0.457	-0.137	-0.209	0.803	"1"
"Sheedy"	1	0	0	0.349	0.27	0.381	0.457	-0.137	-0.209	0.803	"1"
"一体"	1	0	0	0.349	0.27	0.381	0.457	-0.137	-0.209	0.803	"1"
"一切"	0	5	2	2.442	1.889	2.67	-1.304	1.743	-0.336	3.383	"2"
"一样"	0	0	1	0.349	0.27	0.381	-0.186	-0.137	0.419	0.742	"3"
"万巴"	0	0	1	0.349	0.27	0.381	-0.186	-0.137	0.419	0.742	"3"
"万能胶"	1	0	0	0.349	0.27	0.381	0.457	-0.137	-0.209	0.803	"1"
"三言两语"	1	0	0	0.349	0.27	0.381	0.457	-0.137	-0.209	0.803	"1"
"上"	0	0	1	0.349	0.27	0.381	-0.186	-0.137	0.419	0.742	"3"
"不仅"	1	0	0	0.349	0.27	0.381	0.457	-0.137	-0.209	0.803	"1"
"不免"	0	1	0	0.349	0.27	0.381	-0.186	0.569	-0.209	0.964	"2"
"不可"	1	0	0	0.349	0.27	0.381	0.457	-0.137	-0.209	0.803	"1"
"不同"	1	0	0	0.349	0.27	0.381	0.457	-0.137	-0.209	0.803	"1"
"不寻常"	0	1	0	0.349	0.27	0.381	-0.186	0.569	-0.209	0.964	"2"
"不当"	0	0	1	0.349	0.27	0.381	-0.186	-0.137	0.419	0.742	"3"
"不得已"	0	1	0	0.349	0.27	0.381	-0.186	0.569	-0.209	0.964	"2"
"不必"	1	0	0	0.349	0.27	0.381	0.457	-0.137	-0.209	0.803	"1"
"不惜"	0	3	0	1.046	0.809	1.144	-0.559	1.707	-0.626	2.892	"2"
"不择"	0	1	0	0.349	0.27	0.381	-0.186	0.569	-0.209	0.964	"2"
"不断"	4	1	6	3.837	2.968	4.195	0.243	-0.798	0.684	1.725	"2"
"不法"	0	2	0	0.698	0.54	0.763	-0.373	1.138	-0.417	1.928	"2"
"不能"	0	3	0	1.046	0.809	1.144	-0.559	1.707	-0.626	2.892	"2"
"不足"	0	0	1	0.349	0.27	0.381	-0.186	-0.137	0.419	0.742	"3"
"不道德"	0	0	1	0.349	0.27	0.381	-0.186	-0.137	0.419	0.742	"3"
"与"	3	1	1	1.744	1.349	1.907	0.632	-0.228	-0.432	1.292	"1"
"专业"	2	0	1	1.046	0.809	1.144	0.553	-0.41	-0.171	1.134	"1"
"且"	0	1	1	0.698	0.54	0.763	-0.373	0.331	0.21	0.914	"1"
"世"	1	0	0	0.349	0.27	0.381	0.457	-0.137	-0.209	0.803	"1"
"东区"	1	0	0	0.349	0.27	0.381	0.457	-0.137	-0.209	0.803	"1"
"东方"	2	0	0	0.698	0.54	0.763	0.915	-0.273	-0.417	1.605	"1"
"丝绸"	2	0	1	1.046	0.809	1.144	0.553	-0.41	-0.171	1.134	"1"
"严重"	0	0	1	0.349	0.27	0.381	-0.186	-0.137	0.419	0.742	"3"
"中"	1	0	0	0.349	0.27	0.381	0.457	-0.137	-0.209	0.803	"1"
"中下游"	0	1	0	0.349	0.27	0.381	-0.186	0.569	-0.209	0.964	"2"
"中医"	0	0	3	1.046	0.809	1.144	-0.559	-0.41	1.256	2.225	"3"
"中华"	1	0	0	0.349	0.27	0.381	0.457	-0.137	-0.209	0.803	"1"
"中学"	1	0	0	0.349	0.27	0.381	0.457	-0.137	-0.209	0.803	"1"
"中药"	0	0	2	0.698	0.54	0.763	-0.373	-0.273	0.837	1.483	"3"
"丰富"	0	0	2	0.698	0.54	0.763	-0.373	-0.273	0.837	1.483	"3"
"临界"	0	0	1	0.349	0.27	0.381	-0.186	-0.137	0.419	0.742	"3"
"丹田"	1	0	0	0.349	0.27	0.381	0.457	-0.137	-0.209	0.803	"1"
"为主"	1	1	3	1.744	1.349	1.907	-0.366	-0.228	0.544	1.138	"3"
"主办"	1	0	0	0.349	0.27	0.381	0.457	-0.137	-0.209	0.803	"1"
"主张"	0	4	0	1.395	1.079	1.525	-0.745	2.276	-0.834	3.855	"2"
"主持"	0	0	1	0.349	0.27	0.381	-0.186	-0.137	0.419	0.742	"3"
"主要"	0	5	2	2.442	1.889	2.67	-1.304	1.743	-0.336	3.383	"2"
"义云高"	1	0	0	0.349	0.27	0.381	0.457	-0.137	-0.209	0.803	"1"
"义大利"	1	0	0	0.349	0.27	0.381	0.457	-0.137	-0.209	0.803	"1"
"之外"	0	0	1	0.349	0.27	0.381	-0.186	-0.137	0.419	0.742	"3"
"乎"	1	0	0	0.349	0.27	0.381	0.457	-0.137	-0.209	0.803	"1"
"乐曲"	1	0	0	0.349	0.27	0.381	0.457	-0.137	-0.209	0.803	"1"
"乞讨"	0	0	1	0.349	0.27	0.381	-0.186	-0.137	0.419	0.742	"3"
"习"	1	0	0	0.349	0.27	0.381	0.457	-0.137	-0.209	0.803	"1"
"乡区"	0	0	3	1.046	0.809	1.144	-0.559	-0.41	1.256	2.225	"3"
"买空卖空"	0	1	0	0.349	0.27	0.381	-0.186	0.569	-0.209	0.964	"2"
"乳猪"	1	0	0	0.349	0.27	0.381	0.457	-0.137	-0.209	0.803	"1"
"予以"	1	0	0	0.349	0.27	0.381	0.457	-0.137	-0.209	0.803	"1"
"争端"	0	1	0	0.349	0.27	0.381	-0.186	0.569	-0.209	0.964	"2"
"二十一世纪"	0	0	1	0.349	0.27	0.381	-0.186	-0.137	0.419	0.742	"3"
"二十二"	1	0	0	0.349	0.27	0.381	0.457	-0.137	-0.209	0.803	"1"
"二氧化碳"	0	0	1	0.349	0.27	0.381	-0.186	-0.137	0.419	0.742	"3"
"云林"	1	0	0	0.349	0.27	0.381	0.457	-0.137	-0.209	0.803	"1"
"交叉"	0	0	1	0.349	0.27	0.381	-0.186	-0.137	0.419	0.742	"3"
"交易"	0	0	2	0.698	0.54	0.763	-0.373	-0.273	0.837	1.483	"3"
"交流"	1	0	0	0.349	0.27	0.381	0.457	-0.137	-0.209	0.803	"1"
"交趾"	1	0	0	0.349	0.27	0.381	0.457	-0.137	-0.209	0.803	"1"
"产"	1	0	1	0.698	0.54	0.763	0.24	-0.273	0.21	0.723	"2"
"产品"	0	0	9	3.139	2.428	3.432	-1.677	-1.229	3.768	6.674	"3"
"享誉"	1	0	0	0.349	0.27	0.381	0.457	-0.137	-0.209	0.803	"1"
"亲手"	1	0	0	0.349	0.27	0.381	0.457	-0.137	-0.209	0.803	"1"
"人质"	0	1	0	0.349	0.27	0.381	-0.186	0.569	-0.209	0.964	"2"
"什么"	1	0	0	0.349	0.27	0.381	0.457	-0.137	-0.209	0.803	"1"
"今晨"	0	1	0	0.349	0.27	0.381	-0.186	0.569	-0.209	0.964	"2"
"介绍给"	0	0	1	0.349	0.27	0.381	-0.186	-0.137	0.419	0.742	"3"
"从中"	1	0	0	0.349	0.27	0.381	0.457	-0.137	-0.209	0.803	"1"
"他"	4	0	0	1.395	1.079	1.525	1.83	-0.546	-0.834	3.21	"1"
"他人"	0	2	0	0.698	0.54	0.763	-0.373	1.138	-0.417	1.928	"2"
"他们"	5	1	0	2.093	1.619	2.288	1.658	-0.312	-1.251	3.221	"1"
"令人发指"	0	1	0	0.349	0.27	0.381	-0.186	0.569	-0.209	0.964	"2"
"以"	0	47	28	26.16	20.237	28.603	-13.971	9.961	-0.306	24.238	"1"
"以假乱真"	0	0	1	0.349	0.27	0.381	-0.186	-0.137	0.419	0.742	"3"
"以利"	1	0	0	0.349	0.27	0.381	0.457	-0.137	-0.209	0.803	"1"
"以及"	1	0	0	0.349	0.27	0.381	0.457	-0.137	-0.209	0.803	"1"
"以往"	1	0	1	0.698	0.54	0.763	0.24	-0.273	0.21	0.723	"2"
"以色列人"	0	1	0	0.349	0.27	0.381	-0.186	0.569	-0.209	0.964	"2"
"以资"	0	1	0	0.349	0.27	0.381	-0.186	0.569	-0.209	0.964	"2"
"任何"	0	2	1	1.046	0.809	1.144	-0.559	0.747	-0.171	1.477	"2"
"仿真"	0	0	1	0.349	0.27	0.381	-0.186	-0.137	0.419	0.742	"3"
"企"	1	0	0	0.349	0.27	0.381	0.457	-0.137	-0.209	0.803	"1"
"企图"	0	2	1	1.046	0.809	1.144	-0.559	0.747	-0.171	1.477	"2"
"众多"	1	0	0	0.349	0.27	0.381	0.457	-0.137	-0.209	0.803	"1"
"优美"	1	0	0	0.349	0.27	0.381	0.457	-0.137	-0.209	0.803	"1"
"会"	1	0	0	0.349	0.27	0.381	0.457	-0.137	-0.209	0.803	"1"
"会战"	0	1	0	0.349	0.27	0.381	-0.186	0.569	-0.209	0.964	"2"
"传习"	3	0	0	1.046	0.809	1.144	1.372	-0.41	-0.626	2.408	"1"
"传人"	1	0	0	0.349	0.27	0.381	0.457	-0.137	-0.209	0.803	"1"
"传承"	4	0	0	1.395	1.079	1.525	1.83	-0.546	-0.834	3.21	"1"
"传授"	2	0	0	0.698	0.54	0.763	0.915	-0.273	-0.417	1.605	"1"
"传播"	0	1	1	0.698	0.54	0.763	-0.373	0.331	0.21	0.914	"1"
"传统"	12	1	3	5.581	4.317	6.102	2.9	-1.346	-1.064	5.31	"1"
"传输"	0	0	1	0.349	0.27	0.381	-0.186	-0.137	0.419	0.742	"3"
"伪"	0	1	0	0.349	0.27	0.381	-0.186	0.569	-0.209	0.964	"2"
"伪造"	0	3	0	1.046	0.809	1.144	-0.559	1.707	-0.626	2.892	"2"
"低价"	0	1	0	0.349	0.27	0.381	-0.186	0.569	-0.209	0.964	"2"
"低廉"	0	0	1	0.349	0.27	0.381	-0.186	-0.137	0.419	0.742	"3"
"住民"	1	0	0	0.349	0.27	0.381	0.457	-0.137	-0.209	0.803	"1"
"体大壁薄"	1	0	0	0.349	0.27	0.381	0.457	-0.137	-0.209	0.803	"1"
"体能"	0	0	1	0.349	0.27	0.381	-0.186	-0.137	0.419	0.742	"3"
"佛乐"	1	0	0	0.349	0.27	0.381	0.457	-0.137	-0.209	0.803	"1"
"作为"	0	7	3	3.488	2.698	3.814	-1.863	2.252	-0.367	4.482	"2"
"作品"	4	0	0	1.395	1.079	1.525	1.83	-0.546	-0.834	3.21	"1"
"作品展"	1	0	0	0.349	0.27	0.381	0.457	-0.137	-0.209	0.803	"1"
"作弊"	0	1	0	0.349	0.27	0.381	-0.186	0.569	-0.209	0.964	"2"
"作案"	0	1	0	0.349	0.27	0.381	-0.186	0.569	-0.209	0.964	"2"
"使"	1	0	0	0.349	0.27	0.381	0.457	-0.137	-0.209	0.803	"1"
"使尽"	0	1	0	0.349	0.27	0.381	-0.186	0.569	-0.209	0.964	"2"
"使用"	0	4	2	2.093	1.619	2.288	-1.118	1.309	-0.234	2.661	"2"
"例如"	0	0	2	0.698	0.54	0.763	-0.373	-0.273	0.837	1.483	"3"
"侗家"	1	0	0	0.349	0.27	0.381	0.457	-0.137	-0.209	0.803	"1"
"供需"	0	0	1	0.349	0.27	0.381	-0.186	-0.137	0.419	0.742	"3"
"依托"	0	0	1	0.349	0.27	0.381	-0.186	-0.137	0.419	0.742	"3"
"依靠"	0	0	1	0.349	0.27	0.381	-0.186	-0.137	0.419	0.742	"3"
"侯少华"	1	0	0	0.349	0.27	0.381	0.457	-0.137	-0.209	0.803	"1"
"侵吞"	0	1	0	0.349	0.27	0.381	-0.186	0.569	-0.209	0.964	"2"
"侵害"	0	0	1	0.349	0.27	0.381	-0.186	-0.137	0.419	0.742	"3"
"侵略"	0	1	1	0.698	0.54	0.763	-0.373	0.331	0.21	0.914	"1"
"便是"	1	0	0	0.349	0.27	0.381	0.457	-0.137	-0.209	0.803	"1"
"促使"	0	0	1	0.349	0.27	0.381	-0.186	-0.137	0.419	0.742	"3"
"促进"	0	0	1	0.349	0.27	0.381	-0.186	-0.137	0.419	0.742	"3"
"促销"	2	0	0	0.698	0.54	0.763	0.915	-0.273	-0.417	1.605	"1"
"俏"	1	0	0	0.349	0.27	0.381	0.457	-0.137	-0.209	0.803	"1"
"保存"	1	0	0	0.349	0.27	0.381	0.457	-0.137	-0.209	0.803	"1"
"保护"	0	2	4	2.093	1.619	2.288	-1.118	0.29	0.811	2.219	"1"
"保留"	0	2	0	0.698	0.54	0.763	-0.373	1.138	-0.417	1.928	"2"
"保障"	0	0	2	0.698	0.54	0.763	-0.373	-0.273	0.837	1.483	"3"
"信息"	0	1	6	2.442	1.889	2.67	-1.304	-0.401	1.839	3.544	"3"
"信息化"	0	1	2	1.046	0.809	1.144	-0.559	0.214	0.488	1.261	"1"
"信息网"	0	0	1	0.349	0.27	0.381	-0.186	-0.137	0.419	0.742	"3"
"俱"	0	0	1	0.349	0.27	0.381	-0.186	-0.137	0.419	0.742	"3"
"借"	1	0	0	0.349	0.27	0.381	0.457	-0.137	-0.209	0.803	"1"
"借助"	0	0	4	1.395	1.079	1.525	-0.745	-0.546	1.675	2.966	"3"
"倾销"	0	0	1	0.349	0.27	0.381	-0.186	-0.137	0.419	0.742	"3"
"假"	0	2	0	0.698	0.54	0.763	-0.373	1.138	-0.417	1.928	"2"
"假冒"	0	2	0	0.698	0.54	0.763	-0.373	1.138	-0.417	1.928	"2"
"做为"	1	0	0	0.349	0.27	0.381	0.457	-0.137	-0.209	0.803	"1"
"做法"	0	0	5	1.744	1.349	1.907	-0.931	-0.683	2.093	3.707	"3"
"健儿"	1	0	0	0.349	0.27	0.381	0.457	-0.137	-0.209	0.803	"1"
"健全"	1	0	0	0.349	0.27	0.381	0.457	-0.137	-0.209	0.803	"1"
"催缴"	0	1	0	0.349	0.27	0.381	-0.186	0.569	-0.209	0.964	"2"
"僧人"	1	0	0	0.349	0.27	0.381	0.457	-0.137	-0.209	0.803	"1"
"充分"	0	1	5	2.093	1.619	2.288	-1.118	-0.312	1.481	2.911	"3"
"兇残"	0	1	0	0.349	0.27	0.381	-0.186	0.569	-0.209	0.964	"2"
"先前"	0	1	0	0.349	0.27	0.381	-0.186	0.569	-0.209	0.964	"2"
"先进"	0	0	10	3.488	2.698	3.814	-1.863	-1.366	4.186	7.415	"3"
"入室"	0	1	0	0.349	0.27	0.381	-0.186	0.569	-0.209	0.964	"2"
"公款"	0	1	0	0.349	0.27	0.381	-0.186	0.569	-0.209	0.964	"2"
"公民"	1	0	0	0.349	0.27	0.381	0.457	-0.137	-0.209	0.803	"1"
"公营"	0	1	0	0.349	0.27	0.381	-0.186	0.569	-0.209	0.964	"2"
"共派"	1	0	0	0.349	0.27	0.381	0.457	-0.137	-0.209	0.803	"1"
"共计"	0	2	0	0.698	0.54	0.763	-0.373	1.138	-0.417	1.928	"2"
"关键"	0	0	1	0.349	0.27	0.381	-0.186	-0.137	0.419	0.742	"3"
"其"	6	0	4	3.488	2.698	3.814	1.029	-1.366	0.244	2.639	"2"
"其它"	0	0	1	0.349	0.27	0.381	-0.186	-0.137	0.419	0.742	"3"
"其实"	3	0	0	1.046	0.809	1.144	1.372	-0.41	-0.626	2.408	"1"
"具备"	1	0	0	0.349	0.27	0.381	0.457	-0.137	-0.209	0.803	"1"
"具有"	0	0	2	0.698	0.54	0.763	-0.373	-0.273	0.837	1.483	"3"
"再现"	0	0	2	0.698	0.54	0.763	-0.373	-0.273	0.837	1.483	"3"
"写作"	0	1	0	0.349	0.27	0.381	-0.186	0.569	-0.209	0.964	"2"
"军事"	0	8	0	2.79	2.159	3.051	-1.49	4.551	-1.669	7.71	"2"
"军政府"	0	1	0	0.349	0.27	0.381	-0.186	0.569	-0.209	0.964	"2"
"农"	1	0	0	0.349	0.27	0.381	0.457	-0.137	-0.209	0.803	"1"
"农业"	2	0	0	0.698	0.54	0.763	0.915	-0.273	-0.417	1.605	"1"
"冬菜"	0	1	0	0.349	0.27	0.381	-0.186	0.569	-0.209	0.964	"2"
"冲突"	0	4	1	1.744	1.349	1.907	-0.931	1.682	-0.432	3.045	"2"
"决定"	1	0	0	0.349	0.27	0.381	0.457	-0.137	-0.209	0.803	"1"
"决心"	0	1	0	0.349	0.27	0.381	-0.186	0.569	-0.209	0.964	"2"
"冶炼"	0	0	2	0.698	0.54	0.763	-0.373	-0.273	0.837	1.483	"3"
"准备"	0	1	0	0.349	0.27	0.381	-0.186	0.569	-0.209	0.964	"2"
"几"	1	0	0	0.349	0.27	0.381	0.457	-0.137	-0.209	0.803	"1"
"凭"	1	0	0	0.349	0.27	0.381	0.457	-0.137	-0.209	0.803	"1"
"出自"	1	0	0	0.349	0.27	0.381	0.457	-0.137	-0.209	0.803	"1"
"击"	0	1	0	0.349	0.27	0.381	-0.186	0.569	-0.209	0.964	"2"
"刀"	0	0	1	0.349	0.27	0.381	-0.186	-0.137	0.419	0.742	"3"
"分为"	0	0	1	0.349	0.27	0.381	-0.186	-0.137	0.419	0.742	"3"
"分子"	0	2	0	0.698	0.54	0.763	-0.373	1.138	-0.417	1.928	"2"
"分户账"	0	1	0	0.349	0.27	0.381	-0.186	0.569	-0.209	0.964	"2"
"分析"	1	0	0	0.349	0.27	0.381	0.457	-0.137	-0.209	0.803	"1"
"分流"	1	0	0	0.349	0.27	0.381	0.457	-0.137	-0.209	0.803	"1"
"分裂"	0	2	0	0.698	0.54	0.763	-0.373	1.138	-0.417	1.928	"2"
"分辨"	1	0	0	0.349	0.27	0.381	0.457	-0.137	-0.209	0.803	"1"
"切"	2	0	0	0.698	0.54	0.763	0.915	-0.273	-0.417	1.605	"1"
"切实"	0	0	1	0.349	0.27	0.381	-0.186	-0.137	0.419	0.742	"3"
"刘贤镇"	1	0	0	0.349	0.27	0.381	0.457	-0.137	-0.209	0.803	"1"
"创作"	2	0	0	0.698	0.54	0.763	0.915	-0.273	-0.417	1.605	"1"
"创新"	2	0	5	2.442	1.889	2.67	-0.272	-0.956	1.101	2.329	"3"
"初探"	1	0	0	0.349	0.27	0.381	0.457	-0.137	-0.209	0.803	"1"
"初级"	2	0	0	0.698	0.54	0.763	0.915	-0.273	-0.417	1.605	"1"
"利用"	1	0	14	5.232	4.047	5.721	-1.838	-2.049	4.876	8.763	"3"
"利用法律"	0	0	1	0.349	0.27	0.381	-0.186	-0.137	0.419	0.742	"3"
"利用率"	0	0	1	0.349	0.27	0.381	-0.186	-0.137	0.419	0.742	"3"
"利益"	0	5	2	2.442	1.889	2.67	-1.304	1.743	-0.336	3.383	"2"
"制作"	5	0	0	1.744	1.349	1.907	2.287	-0.683	-1.043	4.013	"1"
"制品"	1	0	0	0.349	0.27	0.381	0.457	-0.137	-0.209	0.803	"1"
"制止"	0	1	0	0.349	0.27	0.381	-0.186	0.569	-0.209	0.964	"2"
"制砖"	1	0	0	0.349	0.27	0.381	0.457	-0.137	-0.209	0.803	"1"
"制造"	0	1	2	1.046	0.809	1.144	-0.559	0.214	0.488	1.261	"1"
"制陶"	1	0	0	0.349	0.27	0.381	0.457	-0.137	-0.209	0.803	"1"
"刺激"	0	1	0	0.349	0.27	0.381	-0.186	0.569	-0.209	0.964	"2"
"前列腺癌"	0	0	1	0.349	0.27	0.381	-0.186	-0.137	0.419	0.742	"3"
"剑桥"	1	0	0	0.349	0.27	0.381	0.457	-0.137	-0.209	0.803	"1"
"剪发"	1	0	0	0.349	0.27	0.381	0.457	-0.137	-0.209	0.803	"1"
"剪纸"	2	0	0	0.698	0.54	0.763	0.915	-0.273	-0.417	1.605	"1"
"力赛"	1	0	0	0.349	0.27	0.381	0.457	-0.137	-0.209	0.803	"1"
"功"	0	1	0	0.349	0.27	0.381	-0.186	0.569	-0.209	0.964	"2"
"功勋"	1	0	0	0.349	0.27	0.381	0.457	-0.137	-0.209	0.803	"1"
"加上"	3	0	0	1.046	0.809	1.144	1.372	-0.41	-0.626	2.408	"1"
"加以"	0	1	0	0.349	0.27	0.381	-0.186	0.569	-0.209	0.964	"2"
"加大"	0	1	1	0.698	0.54	0.763	-0.373	0.331	0.21	0.914	"1"
"加强"	1	2	3	2.093	1.619	2.288	-0.493	0.29	0.38	1.163	"1"
"加快"	0	0	1	0.349	0.27	0.381	-0.186	-0.137	0.419	0.742	"3"
"加热"	0	0	1	0.349	0.27	0.381	-0.186	-0.137	0.419	0.742	"3"
"务求"	0	2	0	0.698	0.54	0.763	-0.373	1.138	-0.417	1.928	"2"
"动作"	2	0	0	0.698	0.54	0.763	0.915	-0.273	-0.417	1.605	"1"
"动用"	0	1	0	0.349	0.27	0.381	-0.186	0.569	-0.209	0.964	"2"
"劫财"	0	1	0	0.349	0.27	0.381	-0.186	0.569	-0.209	0.964	"2"
"势力"	0	2	1	1.046	0.809	1.144	-0.559	0.747	-0.171	1.477	"2"
"勒杀"	0	1	0	0.349	0.27	0.381	-0.186	0.569	-0.209	0.964	"2"
"勒赎"	0	1	0	0.349	0.27	0.381	-0.186	0.569	-0.209	0.964	"2"
"包公"	1	0	0	0.349	0.27	0.381	0.457	-0.137	-0.209	0.803	"1"
"包装"	1	1	1	1.046	0.809	1.144	-0.143	0.214	-0.171	0.528	"2"
"化"	2	1	4	2.442	1.889	2.67	-0.272	-0.401	0.594	1.267	"3"
"化为"	0	0	1	0.349	0.27	0.381	-0.186	-0.137	0.419	0.742	"3"
"化妆"	1	0	0	0.349	0.27	0.381	0.457	-0.137	-0.209	0.803	"1"
"化学"	0	0	2	0.698	0.54	0.763	-0.373	-0.273	0.837	1.483	"3"
"化解"	0	0	1	0.349	0.27	0.381	-0.186	-0.137	0.419	0.742	"3"
"化验"	0	0	1	0.349	0.27	0.381	-0.186	-0.137	0.419	0.742	"3"
"匠"	1	0	0	0.349	0.27	0.381	0.457	-0.137	-0.209	0.803	"1"
"匮乏"	0	1	0	0.349	0.27	0.381	-0.186	0.569	-0.209	0.964	"2"
"医疗"	1	0	2	1.046	0.809	1.144	-0.143	-0.41	0.488	1.041	"3"
"十七世纪"	1	0	0	0.349	0.27	0.381	0.457	-0.137	-0.209	0.803	"1"
"十分"	3	0	1	1.395	1.079	1.525	0.902	-0.546	-0.294	1.742	"1"
"升"	0	0	1	0.349	0.27	0.381	-0.186	-0.137	0.419	0.742	"3"
"华美"	1	0	0	0.349	0.27	0.381	0.457	-0.137	-0.209	0.803	"1"
"华语"	2	0	0	0.698	0.54	0.763	0.915	-0.273	-0.417	1.605	"1"
"协会"	1	0	0	0.349	0.27	0.381	0.457	-0.137	-0.209	0.803	"1"
"协和"	0	0	1	0.349	0.27	0.381	-0.186	-0.137	0.419	0.742	"3"
"卑劣"	0	1	0	0.349	0.27	0.381	-0.186	0.569	-0.209	0.964	"2"
"卓越"	1	0	0	0.349	0.27	0.381	0.457	-0.137	-0.209	0.803	"1"
"单手"	1	0	0	0.349	0.27	0.381	0.457	-0.137	-0.209	0.803	"1"
"单纯"	0	0	1	0.349	0.27	0.381	-0.186	-0.137	0.419	0.742	"3"
"单调"	0	1	0	0.349	0.27	0.381	-0.186	0.569	-0.209	0.964	"2"
"南昌市"	0	1	0	0.349	0.27	0.381	-0.186	0.569	-0.209	0.964	"2"
"博物馆"	1	0	0	0.349	0.27	0.381	0.457	-0.137	-0.209	0.803	"1"
"博览会"	3	0	0	1.046	0.809	1.144	1.372	-0.41	-0.626	2.408	"1"
"占上风"	0	1	0	0.349	0.27	0.381	-0.186	0.569	-0.209	0.964	"2"
"占据"	0	1	0	0.349	0.27	0.381	-0.186	0.569	-0.209	0.964	"2"
"占有"	0	0	1	0.349	0.27	0.381	-0.186	-0.137	0.419	0.742	"3"
"印刷"	2	0	0	0.698	0.54	0.763	0.915	-0.273	-0.417	1.605	"1"
"印尼军"	0	1	0	0.349	0.27	0.381	-0.186	0.569	-0.209	0.964	"2"
"危及"	0	1	0	0.349	0.27	0.381	-0.186	0.569	-0.209	0.964	"2"
"危害"	0	0	1	0.349	0.27	0.381	-0.186	-0.137	0.419	0.742	"3"
"危机"	0	3	1	1.395	1.079	1.525	-0.745	1.203	-0.294	2.242	"2"
"历代"	1	0	0	0.349	0.27	0.381	0.457	-0.137	-0.209	0.803	"1"
"历史"	2	0	0	0.698	0.54	0.763	0.915	-0.273	-0.417	1.605	"1"
"压"	0	1	0	0.349	0.27	0.381	-0.186	0.569	-0.209	0.964	"2"
"压低"	0	0	1	0.349	0.27	0.381	-0.186	-0.137	0.419	0.742	"3"
"压制"	0	1	0	0.349	0.27	0.381	-0.186	0.569	-0.209	0.964	"2"
"厌"	1	0	0	0.349	0.27	0.381	0.457	-0.137	-0.209	0.803	"1"
"原"	2	0	0	0.698	0.54	0.763	0.915	-0.273	-0.417	1.605	"1"
"原因"	2	0	0	0.698	0.54	0.763	0.915	-0.273	-0.417	1.605	"1"
"原地区"	1	0	0	0.349	0.27	0.381	0.457	-0.137	-0.209	0.803	"1"
"原料"	0	0	2	0.698	0.54	0.763	-0.373	-0.273	0.837	1.483	"3"
"原材料"	0	0	1	0.349	0.27	0.381	-0.186	-0.137	0.419	0.742	"3"
"参展"	1	0	0	0.349	0.27	0.381	0.457	-0.137	-0.209	0.803	"1"
"参数"	0	0	1	0.349	0.27	0.381	-0.186	-0.137	0.419	0.742	"3"
"参茸"	1	0	0	0.349	0.27	0.381	0.457	-0.137	-0.209	0.803	"1"
"及"	8	0	3	3.837	2.968	4.195	1.922	-1.502	-0.466	3.89	"1"
"及时"	0	0	1	0.349	0.27	0.381	-0.186	-0.137	0.419	0.742	"3"
"反制"	0	2	0	0.698	0.54	0.763	-0.373	1.138	-0.417	1.928	"2"
"反对"	0	2	0	0.698	0.54	0.763	-0.373	1.138	-0.417	1.928	"2"
"反对党"	0	1	0	0.349	0.27	0.381	-0.186	0.569	-0.209	0.964	"2"
"反感"	1	0	0	0.349	0.27	0.381	0.457	-0.137	-0.209	0.803	"1"
"反抗"	0	1	0	0.349	0.27	0.381	-0.186	0.569	-0.209	0.964	"2"
"发展局"	0	0	1	0.349	0.27	0.381	-0.186	-0.137	0.419	0.742	"3"
"发扬"	1	0	0	0.349	0.27	0.381	0.457	-0.137	-0.209	0.803	"1"
"发挥"	1	0	1	0.698	0.54	0.763	0.24	-0.273	0.21	0.723	"2"
"发行"	0	0	1	0.349	0.27	0.381	-0.186	-0.137	0.419	0.742	"3"
"发音"	1	0	0	0.349	0.27	0.381	0.457	-0.137	-0.209	0.803	"1"
"取"	0	3	1	1.395	1.079	1.525	-0.745	1.203	-0.294	2.242	"2"
"取名"	2	0	0	0.698	0.54	0.763	0.915	-0.273	-0.417	1.605	"1"
"取向"	1	0	0	0.349	0.27	0.381	0.457	-0.137	-0.209	0.803	"1"
"取缔"	0	2	1	1.046	0.809	1.144	-0.559	0.747	-0.171	1.477	"2"
"古人"	0	0	1	0.349	0.27	0.381	-0.186	-0.137	0.419	0.742	"3"
"古老"	1	0	0	0.349	0.27	0.381	0.457	-0.137	-0.209	0.803	"1"
"只是"	1	2	0	1.046	0.809	1.144	-0.143	0.747	-0.626	1.516	"2"
"只有"	1	0	0	0.349	0.27	0.381	0.457	-0.137	-0.209	0.803	"1"
"只要"	0	1	0	0.349	0.27	0.381	-0.186	0.569	-0.209	0.964	"2"
"叫嚣"	0	1	0	0.349	0.27	0.381	-0.186	0.569	-0.209	0.964	"2"
"可以"	1	0	1	0.698	0.54	0.763	0.24	-0.273	0.21	0.723	"2"
"可靠"	0	0	1	0.349	0.27	0.381	-0.186	-0.137	0.419	0.742	"3"
"台"	1	0	0	0.349	0.27	0.381	0.457	-0.137	-0.209	0.803	"1"
"台湾省"	1	0	0	0.349	0.27	0.381	0.457	-0.137	-0.209	0.803	"1"
"吃"	2	0	0	0.698	0.54	0.763	0.915	-0.273	-0.417	1.605	"1"
"合"	0	1	0	0.349	0.27	0.381	-0.186	0.569	-0.209	0.964	"2"
"合成"	0	0	1	0.349	0.27	0.381	-0.186	-0.137	0.419	0.742	"3"
"合法"	0	1	1	0.698	0.54	0.763	-0.373	0.331	0.21	0.914	"1"
"合适"	1	0	0	0.349	0.27	0.381	0.457	-0.137	-0.209	0.803	"1"
"同样"	1	2	0	1.046	0.809	1.144	-0.143	0.747	-0.626	1.516	"2"
"名录"	0	0	1	0.349	0.27	0.381	-0.186	-0.137	0.419	0.742	"3"
"后继无人"	1	0	0	0.349	0.27	0.381	0.457	-0.137	-0.209	0.803	"1"
"君王蝶"	0	1	0	0.349	0.27	0.381	-0.186	0.569	-0.209	0.964	"2"
"含量"	0	0	1	0.349	0.27	0.381	-0.186	-0.137	0.419	0.742	"3"
"听"	1	0	0	0.349	0.27	0.381	0.457	-0.137	-0.209	0.803	"1"
"吸取"	1	0	0	0.349	0.27	0.381	0.457	-0.137	-0.209	0.803	"1"
"员警"	0	1	0	0.349	0.27	0.381	-0.186	0.569	-0.209	0.964	"2"
"味"	1	0	0	0.349	0.27	0.381	0.457	-0.137	-0.209	0.803	"1"
"命令"	0	0	1	0.349	0.27	0.381	-0.186	-0.137	0.419	0.742	"3"
"和"	27	0	20	16.393	12.682	17.925	2.889	-6.419	0.502	9.81	"2"
"和平"	0	9	3	4.186	3.238	4.576	-2.235	3.139	-0.573	5.947	"2"
"品"	1	0	0	0.349	0.27	0.381	0.457	-0.137	-0.209	0.803	"1"
"品尝"	2	0	0	0.698	0.54	0.763	0.915	-0.273	-0.417	1.605	"1"
"品种"	0	0	2	0.698	0.54	0.763	-0.373	-0.273	0.837	1.483	"3"
"哈马斯"	0	2	0	0.698	0.54	0.763	-0.373	1.138	-0.417	1.928	"2"
"唯一"	0	2	1	1.046	0.809	1.144	-0.559	0.747	-0.171	1.477	"2"
"唱歌"	1	0	0	0.349	0.27	0.381	0.457	-0.137	-0.209	0.803	"1"
"商务"	0	0	1	0.349	0.27	0.381	-0.186	-0.137	0.419	0.742	"3"
"啤酒"	1	0	0	0.349	0.27	0.381	0.457	-0.137	-0.209	0.803	"1"
"喜感"	1	0	0	0.349	0.27	0.381	0.457	-0.137	-0.209	0.803	"1"
"回报"	0	2	0	0.698	0.54	0.763	-0.373	1.138	-0.417	1.928	"2"
"团伙"	0	2	0	0.698	0.54	0.763	-0.373	1.138	-0.417	1.928	"2"
"团友会"	0	0	1	0.349	0.27	0.381	-0.186	-0.137	0.419	0.742	"3"
"国债"	0	1	0	0.349	0.27	0.381	-0.186	0.569	-0.209	0.964	"2"
"国立"	2	0	0	0.698	0.54	0.763	0.915	-0.273	-0.417	1.605	"1"
"国际化"	0	0	1	0.349	0.27	0.381	-0.186	-0.137	0.419	0.742	"3"
"图利"	0	1	0	0.349	0.27	0.381	-0.186	0.569	-0.209	0.964	"2"
"土改"	0	1	0	0.349	0.27	0.381	-0.186	0.569	-0.209	0.964	"2"
"在内"	0	0	1	0.349	0.27	0.381	-0.186	-0.137	0.419	0.742	"3"
"在野党"	0	1	0	0.349	0.27	0.381	-0.186	0.569	-0.209	0.964	"2"
"地步"	0	1	0	0.349	0.27	0.381	-0.186	0.569	-0.209	0.964	"2"
"坎贝尔"	0	1	0	0.349	0.27	0.381	-0.186	0.569	-0.209	0.964	"2"
"坚持"	0	0	1	0.349	0.27	0.381	-0.186	-0.137	0.419	0.742	"3"
"型式"	1	0	0	0.349	0.27	0.381	0.457	-0.137	-0.209	0.803	"1"
"培养"	3	0	0	1.046	0.809	1.144	1.372	-0.41	-0.626	2.408	"1"
"培训"	2	0	0	0.698	0.54	0.763	0.915	-0.273	-0.417	1.605	"1"
"基因工程"	0	0	1	0.349	0.27	0.381	-0.186	-0.137	0.419	0.742	"3"
"基本"	1	0	0	0.349	0.27	0.381	0.457	-0.137	-0.209	0.803	"1"
"堂"	1	0	0	0.349	0.27	0.381	0.457	-0.137	-0.209	0.803	"1"
"塑形"	1	0	0	0.349	0.27	0.381	0.457	-0.137	-0.209	0.803	"1"
"境"	0	3	0	1.046	0.809	1.144	-0.559	1.707	-0.626	2.892	"2"
"增值税"	0	0	1	0.349	0.27	0.381	-0.186	-0.137	0.419	0.742	"3"
"增强"	0	0	1	0.349	0.27	0.381	-0.186	-0.137	0.419	0.742	"3"
"壮观"	1	0	0	0.349	0.27	0.381	0.457	-0.137	-0.209	0.803	"1"
"声势"	1	0	1	0.698	0.54	0.763	0.24	-0.273	0.21	0.723	"2"
"声部"	1	0	0	0.349	0.27	0.381	0.457	-0.137	-0.209	0.803	"1"
"处理"	1	4	2	2.442	1.889	2.67	-0.627	1.044	-0.336	2.007	"2"
"处罚"	0	1	1	0.698	0.54	0.763	-0.373	0.331	0.21	0.914	"1"
"处置"	0	0	2	0.698	0.54	0.763	-0.373	-0.273	0.837	1.483	"3"
"复原"	0	0	1	0.349	0.27	0.381	-0.186	-0.137	0.419	0.742	"3"
"复杂"	0	0	3	1.046	0.809	1.144	-0.559	-0.41	1.256	2.225	"3"
"外交"	1	6	1	2.79	2.159	3.051	-0.767	2.194	-0.895	3.856	"2"
"外台"	1	0	0	0.349	0.27	0.381	0.457	-0.137	-0.209	0.803	"1"
"多"	0	3	7	3.488	2.698	3.814	-1.863	0.273	1.375	3.511	"1"
"多样"	0	0	1	0.349	0.27	0.381	-0.186	-0.137	0.419	0.742	"3"
"多次"	0	2	0	0.698	0.54	0.763	-0.373	1.138	-0.417	1.928	"2"
"大专"	1	0	0	0.349	0.27	0.381	0.457	-0.137	-0.209	0.803	"1"
"大力"	0	0	1	0.349	0.27	0.381	-0.186	-0.137	0.419	0.742	"3"
"大学生"	1	0	0	0.349	0.27	0.381	0.457	-0.137	-0.209	0.803	"1"
"大家"	4	0	0	1.395	1.079	1.525	1.83	-0.546	-0.834	3.21	"1"
"大师"	5	0	0	1.744	1.349	1.907	2.287	-0.683	-1.043	4.013	"1"
"大师级"	1	0	0	0.349	0.27	0.381	0.457	-0.137	-0.209	0.803	"1"
"大肆"	0	1	0	0.349	0.27	0.381	-0.186	0.569	-0.209	0.964	"2"
"大量"	0	1	0	0.349	0.27	0.381	-0.186	0.569	-0.209	0.964	"2"
"天津市"	0	1	0	0.349	0.27	0.381	-0.186	0.569	-0.209	0.964	"2"
"失传"	2	0	0	0.698	0.54	0.763	0.915	-0.273	-0.417	1.605	"1"
"夸张"	1	0	0	0.349	0.27	0.381	0.457	-0.137	-0.209	0.803	"1"
"奖牌"	1	0	0	0.349	0.27	0.381	0.457	-0.137	-0.209	0.803	"1"
"奖状"	1	0	0	0.349	0.27	0.381	0.457	-0.137	-0.209	0.803	"1"
"套"	1	0	0	0.349	0.27	0.381	0.457	-0.137	-0.209	0.803	"1"
"她"	8	0	0	2.79	2.159	3.051	3.659	-1.093	-1.669	6.421	"1"
"她们"	2	0	0	0.698	0.54	0.763	0.915	-0.273	-0.417	1.605	"1"
"好"	2	0	0	0.698	0.54	0.763	0.915	-0.273	-0.417	1.605	"1"
"好好"	1	0	0	0.349	0.27	0.381	0.457	-0.137	-0.209	0.803	"1"
"好逸恶劳"	0	0	1	0.349	0.27	0.381	-0.186	-0.137	0.419	0.742	"3"
"如"	1	0	1	0.698	0.54	0.763	0.24	-0.273	0.21	0.723	"2"
"如今"	0	0	1	0.349	0.27	0.381	-0.186	-0.137	0.419	0.742	"3"
"如何"	1	0	0	0.349	0.27	0.381	0.457	-0.137	-0.209	0.803	"1"
"姿"	0	1	0	0.349	0.27	0.381	-0.186	0.569	-0.209	0.964	"2"
"威慑"	0	1	0	0.349	0.27	0.381	-0.186	0.569	-0.209	0.964	"2"
"威胁"	0	4	2	2.093	1.619	2.288	-1.118	1.309	-0.234	2.661	"2"
"娴熟"	2	0	0	0.698	0.54	0.763	0.915	-0.273	-0.417	1.605	"1"
"媒介"	0	0	1	0.349	0.27	0.381	-0.186	-0.137	0.419	0.742	"3"
"存量"	0	0	1	0.349	0.27	0.381	-0.186	-0.137	0.419	0.742	"3"
"学"	4	0	0	1.395	1.079	1.525	1.83	-0.546	-0.834	3.21	"1"
"学习"	7	0	0	2.442	1.889	2.67	3.202	-0.956	-1.46	5.618	"1"
"学会"	1	0	0	0.349	0.27	0.381	0.457	-0.137	-0.209	0.803	"1"
"学员"	1	1	0	0.698	0.54	0.763	0.24	0.331	-0.417	0.988	"3"
"学府"	1	0	0	0.349	0.27	0.381	0.457	-0.137	-0.209	0.803	"1"
"学生"	6	0	0	2.093	1.619	2.288	2.745	-0.819	-1.251	4.815	"1"
"学者"	1	0	0	0.349	0.27	0.381	0.457	-0.137	-0.209	0.803	"1"
"学院"	3	0	0	1.046	0.809	1.144	1.372	-0.41	-0.626	2.408	"1"
"学院金"	0	0	1	0.349	0.27	0.381	-0.186	-0.137	0.419	0.742	"3"
"孩子"	1	0	0	0.349	0.27	0.381	0.457	-0.137	-0.209	0.803	"1"
"宇航"	1	0	0	0.349	0.27	0.381	0.457	-0.137	-0.209	0.803	"1"
"完"	1	0	0	0.349	0.27	0.381	0.457	-0.137	-0.209	0.803	"1"
"完善"	0	0	2	0.698	0.54	0.763	-0.373	-0.273	0.837	1.483	"3"
"完美"	1	0	0	0.349	0.27	0.381	0.457	-0.137	-0.209	0.803	"1"
"宏茂桥"	1	0	0	0.349	0.27	0.381	0.457	-0.137	-0.209	0.803	"1"
"实况"	1	0	0	0.349	0.27	0.381	0.457	-0.137	-0.209	0.803	"1"
"实则"	0	1	0	0.349	0.27	0.381	-0.186	0.569	-0.209	0.964	"2"
"实现"	0	2	6	2.79	2.159	3.051	-1.49	-0.202	1.406	3.098	"1"
"实用"	2	0	0	0.698	0.54	0.763	0.915	-0.273	-0.417	1.605	"1"
"实用性"	0	0	1	0.349	0.27	0.381	-0.186	-0.137	0.419	0.742	"3"
"实行"	0	0	2	0.698	0.54	0.763	-0.373	-0.273	0.837	1.483	"3"
"客人"	3	0	0	1.046	0.809	1.144	1.372	-0.41	-0.626	2.408	"1"
"客源"	0	1	0	0.349	0.27	0.381	-0.186	0.569	-0.209	0.964	"2"
"宣传"	0	0	3	1.046	0.809	1.144	-0.559	-0.41	1.256	2.225	"3"
"室"	0	1	0	0.349	0.27	0.381	-0.186	0.569	-0.209	0.964	"2"
"宪"	0	1	0	0.349	0.27	0.381	-0.186	0.569	-0.209	0.964	"2"
"家"	1	0	0	0.349	0.27	0.381	0.457	-0.137	-0.209	0.803	"1"
"家具"	1	0	0	0.349	0.27	0.381	0.457	-0.137	-0.209	0.803	"1"
"对"	0	0	1	0.349	0.27	0.381	-0.186	-0.137	0.419	0.742	"3"
"对付"	0	2	3	1.744	1.349	1.907	-0.931	0.388	0.544	1.863	"1"
"对峙"	0	1	0	0.349	0.27	0.381	-0.186	0.569	-0.209	0.964	"2"
"对待"	0	2	0	0.698	0.54	0.763	-0.373	1.138	-0.417	1.928	"2"
"对抗"	0	3	0	1.046	0.809	1.144	-0.559	1.707	-0.626	2.892	"2"
"对话"	0	1	0	0.349	0.27	0.381	-0.186	0.569	-0.209	0.964	"2"
"寺庙"	0	0	1	0.349	0.27	0.381	-0.186	-0.137	0.419	0.742	"3"
"寻找"	0	1	0	0.349	0.27	0.381	-0.186	0.569	-0.209	0.964	"2"
"寻求"	0	1	1	0.698	0.54	0.763	-0.373	0.331	0.21	0.914	"1"
"将"	2	0	0	0.698	0.54	0.763	0.915	-0.273	-0.417	1.605	"1"
"小说"	1	0	0	0.349	0.27	0.381	0.457	-0.137	-0.209	0.803	"1"
"少"	2	0	1	1.046	0.809	1.144	0.553	-0.41	-0.171	1.134	"1"
"尔"	0	0	1	0.349	0.27	0.381	-0.186	-0.137	0.419	0.742	"3"
"尝"	1	0	0	0.349	0.27	0.381	0.457	-0.137	-0.209	0.803	"1"
"就业"	0	0	2	0.698	0.54	0.763	-0.373	-0.273	0.837	1.483	"3"
"尺寸"	0	0	1	0.349	0.27	0.381	-0.186	-0.137	0.419	0.742	"3"
"尺度"	0	1	0	0.349	0.27	0.381	-0.186	0.569	-0.209	0.964	"2"
"尽"	0	0	1	0.349	0.27	0.381	-0.186	-0.137	0.419	0.742	"3"
"层次"	0	0	2	0.698	0.54	0.763	-0.373	-0.273	0.837	1.483	"3"
"展出"	2	0	0	0.698	0.54	0.763	0.915	-0.273	-0.417	1.605	"1"
"展现"	1	0	0	0.349	0.27	0.381	0.457	-0.137	-0.209	0.803	"1"
"展示"	2	0	0	0.698	0.54	0.763	0.915	-0.273	-0.417	1.605	"1"
"岁时"	1	0	0	0.349	0.27	0.381	0.457	-0.137	-0.209	0.803	"1"
"工"	1	0	0	0.349	0.27	0.381	0.457	-0.137	-0.209	0.803	"1"
"工业"	0	0	5	1.744	1.349	1.907	-0.931	-0.683	2.093	3.707	"3"
"工业化"	0	0	2	0.698	0.54	0.763	-0.373	-0.273	0.837	1.483	"3"
"工具"	0	1	0	0.349	0.27	0.381	-0.186	0.569	-0.209	0.964	"2"
"工匠"	2	0	0	0.698	0.54	0.763	0.915	-0.273	-0.417	1.605	"1"
"工发"	0	0	1	0.349	0.27	0.381	-0.186	-0.137	0.419	0.742	"3"
"工程"	1	0	2	1.046	0.809	1.144	-0.143	-0.41	0.488	1.041	"3"
"工笔"	1	0	0	0.349	0.27	0.381	0.457	-0.137	-0.209	0.803	"1"
"工艺"	6	0	0	2.093	1.619	2.288	2.745	-0.819	-1.251	4.815	"1"
"左手"	1	0	0	0.349	0.27	0.381	0.457	-0.137	-0.209	0.803	"1"
"巧"	1	0	0	0.349	0.27	0.381	0.457	-0.137	-0.209	0.803	"1"
"巧思"	1	0	0	0.349	0.27	0.381	0.457	-0.137	-0.209	0.803	"1"
"巴勒斯坦人"	0	1	0	0.349	0.27	0.381	-0.186	0.569	-0.209	0.964	"2"
"巴方"	0	1	0	0.349	0.27	0.381	-0.186	0.569	-0.209	0.964	"2"
"师傅"	1	0	0	0.349	0.27	0.381	0.457	-0.137	-0.209	0.803	"1"
"帐"	0	2	0	0.698	0.54	0.763	-0.373	1.138	-0.417	1.928	"2"
"帐篷"	1	0	0	0.349	0.27	0.381	0.457	-0.137	-0.209	0.803	"1"
"帮手"	0	1	0	0.349	0.27	0.381	-0.186	0.569	-0.209	0.964	"2"
"常用"	0	0	1	0.349	0.27	0.381	-0.186	-0.137	0.419	0.742	"3"
"干堤"	0	1	0	0.349	0.27	0.381	-0.186	0.569	-0.209	0.964	"2"
"干预"	0	1	1	0.698	0.54	0.763	-0.373	0.331	0.21	0.914	"1"
"年纪"	1	0	0	0.349	0.27	0.381	0.457	-0.137	-0.209	0.803	"1"
"幼儿园"	0	1	0	0.349	0.27	0.381	-0.186	0.569	-0.209	0.964	"2"
"幽默"	1	0	0	0.349	0.27	0.381	0.457	-0.137	-0.209	0.803	"1"
"广泛"	0	0	2	0.698	0.54	0.763	-0.373	-0.273	0.837	1.483	"3"
"庆典"	0	0	1	0.349	0.27	0.381	-0.186	-0.137	0.419	0.742	"3"
"应付"	0	1	0	0.349	0.27	0.381	-0.186	0.569	-0.209	0.964	"2"
"应对"	1	0	0	0.349	0.27	0.381	0.457	-0.137	-0.209	0.803	"1"
"应急"	0	1	0	0.349	0.27	0.381	-0.186	0.569	-0.209	0.964	"2"
"应用"	0	0	2	0.698	0.54	0.763	-0.373	-0.273	0.837	1.483	"3"
"康复者"	0	0	1	0.349	0.27	0.381	-0.186	-0.137	0.419	0.742	"3"
"廉价"	0	1	1	0.698	0.54	0.763	-0.373	0.331	0.21	0.914	"1"
"建立"	0	0	1	0.349	0.27	0.381	-0.186	-0.137	0.419	0.742	"3"
"建筑"	1	0	0	0.349	0.27	0.381	0.457	-0.137	-0.209	0.803	"1"
"建议权"	0	1	0	0.349	0.27	0.381	-0.186	0.569	-0.209	0.964	"2"
"开发"	0	0	3	1.046	0.809	1.144	-0.559	-0.41	1.256	2.225	"3"
"开幕"	0	0	1	0.349	0.27	0.381	-0.186	-0.137	0.419	0.742	"3"
"异"	1	0	0	0.349	0.27	0.381	0.457	-0.137	-0.209	0.803	"1"
"弃"	0	1	0	0.349	0.27	0.381	-0.186	0.569	-0.209	0.964	"2"
"弄虚作假"	0	1	0	0.349	0.27	0.381	-0.186	0.569	-0.209	0.964	"2"
"式"	0	0	1	0.349	0.27	0.381	-0.186	-0.137	0.419	0.742	"3"
"引导"	0	0	1	0.349	0.27	0.381	-0.186	-0.137	0.419	0.742	"3"
"引诱"	0	1	0	0.349	0.27	0.381	-0.186	0.569	-0.209	0.964	"2"
"引进"	0	0	1	0.349	0.27	0.381	-0.186	-0.137	0.419	0.742	"3"
"弘扬"	1	0	0	0.349	0.27	0.381	0.457	-0.137	-0.209	0.803	"1"
"张永权"	1	0	0	0.349	0.27	0.381	0.457	-0.137	-0.209	0.803	"1"
"弹拨"	1	0	0	0.349	0.27	0.381	0.457	-0.137	-0.209	0.803	"1"
"强制"	0	2	1	1.046	0.809	1.144	-0.559	0.747	-0.171	1.477	"2"
"强化"	0	0	1	0.349	0.27	0.381	-0.186	-0.137	0.419	0.742	"3"
"强硬"	0	7	0	2.442	1.889	2.67	-1.304	3.982	-1.46	6.746	"2"
"强行"	0	1	0	0.349	0.27	0.381	-0.186	0.569	-0.209	0.964	"2"
"强迫"	0	3	0	1.046	0.809	1.144	-0.559	1.707	-0.626	2.892	"2"
"归结为"	0	0	1	0.349	0.27	0.381	-0.186	-0.137	0.419	0.742	"3"
"当代"	1	0	1	0.698	0.54	0.763	0.24	-0.273	0.21	0.723	"2"
"当作"	1	0	0	0.349	0.27	0.381	0.457	-0.137	-0.209	0.803	"1"
"录像"	0	0	1	0.349	0.27	0.381	-0.186	-0.137	0.419	0.742	"3"
"形成"	0	1	1	0.698	0.54	0.763	-0.373	0.331	0.21	0.914	"1"
"彩灯"	1	0	0	0.349	0.27	0.381	0.457	-0.137	-0.209	0.803	"1"
"影视"	0	0	1	0.349	0.27	0.381	-0.186	-0.137	0.419	0.742	"3"
"彻底"	0	0	1	0.349	0.27	0.381	-0.186	-0.137	0.419	0.742	"3"
"往往"	0	2	1	1.046	0.809	1.144	-0.559	0.747	-0.171	1.477	"2"
"征"	0	0	1	0.349	0.27	0.381	-0.186	-0.137	0.419	0.742	"3"
"很"	3	0	0	1.046	0.809	1.144	1.372	-0.41	-0.626	2.408	"1"
"很多"	1	0	0	0.349	0.27	0.381	0.457	-0.137	-0.209	0.803	"1"
"得以"	1	0	0	0.349	0.27	0.381	0.457	-0.137	-0.209	0.803	"1"
"德梅洛"	1	0	0	0.349	0.27	0.381	0.457	-0.137	-0.209	0.803	"1"
"心思"	1	0	0	0.349	0.27	0.381	0.457	-0.137	-0.209	0.803	"1"
"心理"	1	0	0	0.349	0.27	0.381	0.457	-0.137	-0.209	0.803	"1"
"心理战"	2	0	1	1.046	0.809	1.144	0.553	-0.41	-0.171	1.134	"1"
"必备"	0	0	1	0.349	0.27	0.381	-0.186	-0.137	0.419	0.742	"3"
"必然"	0	0	1	0.349	0.27	0.381	-0.186	-0.137	0.419	0.742	"3"
"必要"	1	6	3	3.488	2.698	3.814	-1.06	1.543	-0.367	2.97	"2"
"快"	1	0	0	0.349	0.27	0.381	0.457	-0.137	-0.209	0.803	"1"
"怀疑"	1	0	0	0.349	0.27	0.381	0.457	-0.137	-0.209	0.803	"1"
"态"	0	1	0	0.349	0.27	0.381	-0.186	0.569	-0.209	0.964	"2"
"怖"	0	0	1	0.349	0.27	0.381	-0.186	-0.137	0.419	0.742	"3"
"思潮"	0	0	1	0.349	0.27	0.381	-0.186	-0.137	0.419	0.742	"3"
"思考"	3	0	0	1.046	0.809	1.144	1.372	-0.41	-0.626	2.408	"1"
"性爱"	1	0	0	0.349	0.27	0.381	0.457	-0.137	-0.209	0.803	"1"
"性规制"	0	0	1	0.349	0.27	0.381	-0.186	-0.137	0.419	0.742	"3"
"性质"	0	1	0	0.349	0.27	0.381	-0.186	0.569	-0.209	0.964	"2"
"总统盃"	0	1	0	0.349	0.27	0.381	-0.186	0.569	-0.209	0.964	"2"
"恐"	0	0	1	0.349	0.27	0.381	-0.186	-0.137	0.419	0.742	"3"
"恐吓"	0	3	0	1.046	0.809	1.144	-0.559	1.707	-0.626	2.892	"2"
"恐怖"	0	8	0	2.79	2.159	3.051	-1.49	4.551	-1.669	7.71	"2"
"恶性"	0	1	0	0.349	0.27	0.381	-0.186	0.569	-0.209	0.964	"2"
"悠久"	2	0	0	0.698	0.54	0.763	0.915	-0.273	-0.417	1.605	"1"
"悬案"	0	1	0	0.349	0.27	0.381	-0.186	0.569	-0.209	0.964	"2"
"惯用"	0	0	1	0.349	0.27	0.381	-0.186	-0.137	0.419	0.742	"3"
"愈加"	0	0	1	0.349	0.27	0.381	-0.186	-0.137	0.419	0.742	"3"
"愈来愈"	1	0	0	0.349	0.27	0.381	0.457	-0.137	-0.209	0.803	"1"
"意愿"	0	1	0	0.349	0.27	0.381	-0.186	0.569	-0.209	0.964	"2"
"感到"	1	0	0	0.349	0.27	0.381	0.457	-0.137	-0.209	0.803	"1"
"戏"	1	0	0	0.349	0.27	0.381	0.457	-0.137	-0.209	0.803	"1"
"戏剧"	1	0	0	0.349	0.27	0.381	0.457	-0.137	-0.209	0.803	"1"
"戏班"	1	0	0	0.349	0.27	0.381	0.457	-0.137	-0.209	0.803	"1"
"成套"	0	0	1	0.349	0.27	0.381	-0.186	-0.137	0.419	0.742	"3"
"成本"	0	0	3	1.046	0.809	1.144	-0.559	-0.41	1.256	2.225	"3"
"成熟"	1	0	0	0.349	0.27	0.381	0.457	-0.137	-0.209	0.803	"1"
"戕害"	0	1	0	0.349	0.27	0.381	-0.186	0.569	-0.209	0.964	"2"
"或是"	0	0	1	0.349	0.27	0.381	-0.186	-0.137	0.419	0.742	"3"
"战争"	1	1	1	1.046	0.809	1.144	-0.143	0.214	-0.171	0.528	"2"
"战胜"	1	0	0	0.349	0.27	0.381	0.457	-0.137	-0.209	0.803	"1"
"所"	1	0	0	0.349	0.27	0.381	0.457	-0.137	-0.209	0.803	"1"
"手工艺"	1	0	0	0.349	0.27	0.381	0.457	-0.137	-0.209	0.803	"1"
"手段"	0	5	2	2.442	1.889	2.67	-1.304	1.743	-0.336	3.383	"2"
"手法"	0	0	1	0.349	0.27	0.381	-0.186	-0.137	0.419	0.742	"3"
"才艺"	2	0	0	0.698	0.54	0.763	0.915	-0.273	-0.417	1.605	"1"
"扎实"	1	0	0	0.349	0.27	0.381	0.457	-0.137	-0.209	0.803	"1"
"打击"	0	1	0	0.349	0.27	0.381	-0.186	0.569	-0.209	0.964	"2"
"扣留"	0	0	1	0.349	0.27	0.381	-0.186	-0.137	0.419	0.742	"3"
"执勤"	0	3	0	1.046	0.809	1.144	-0.559	1.707	-0.626	2.892	"2"
"执法"	0	1	1	0.698	0.54	0.763	-0.373	0.331	0.21	0.914	"1"
"扩散"	0	0	1	0.349	0.27	0.381	-0.186	-0.137	0.419	0.742	"3"
"扯铃"	2	0	0	0.698	0.54	0.763	0.915	-0.273	-0.417	1.605	"1"
"扶持"	0	0	1	0.349	0.27	0.381	-0.186	-0.137	0.419	0.742	"3"
"批"	1	0	2	1.046	0.809	1.144	-0.143	-0.41	0.488	1.041	"3"
"承办"	1	0	0	0.349	0.27	0.381	0.457	-0.137	-0.209	0.803	"1"
"技"	1	0	1	0.698	0.54	0.763	0.24	-0.273	0.21	0.723	"2"
"技巧"	2	0	0	0.698	0.54	0.763	0.915	-0.273	-0.417	1.605	"1"
"技术"	1	0	23	8.371	6.476	9.153	-3.329	-3.278	8.446	15.053	"3"
"技艺"	4	0	0	1.395	1.079	1.525	1.83	-0.546	-0.834	3.21	"1"
"投入"	0	0	1	0.349	0.27	0.381	-0.186	-0.137	0.419	0.742	"3"
"投币箱"	0	1	0	0.349	0.27	0.381	-0.186	0.569	-0.209	0.964	"2"
"投机取巧"	0	1	0	0.349	0.27	0.381	-0.186	0.569	-0.209	0.964	"2"
"抗争"	0	2	0	0.698	0.54	0.763	-0.373	1.138	-0.417	1.928	"2"
"抗争性"	0	1	0	0.349	0.27	0.381	-0.186	0.569	-0.209	0.964	"2"
"抢劫"	0	1	1	0.698	0.54	0.763	-0.373	0.331	0.21	0.914	"1"
"护理"	1	0	0	0.349	0.27	0.381	0.457	-0.137	-0.209	0.803	"1"
"报复"	0	3	0	1.046	0.809	1.144	-0.559	1.707	-0.626	2.892	"2"
"抱"	1	0	0	0.349	0.27	0.381	0.457	-0.137	-0.209	0.803	"1"
"抵债"	0	0	1	0.349	0.27	0.381	-0.186	-0.137	0.419	0.742	"3"
"担保"	0	1	0	0.349	0.27	0.381	-0.186	0.569	-0.209	0.964	"2"
"拍摄"	0	0	1	0.349	0.27	0.381	-0.186	-0.137	0.419	0.742	"3"
"拙劣"	0	0	1	0.349	0.27	0.381	-0.186	-0.137	0.419	0.742	"3"
"招商"	0	0	1	0.349	0.27	0.381	-0.186	-0.137	0.419	0.742	"3"
"拦洪错峰"	0	1	0	0.349	0.27	0.381	-0.186	0.569	-0.209	0.964	"2"
"择"	0	1	0	0.349	0.27	0.381	-0.186	0.569	-0.209	0.964	"2"
"指导"	2	0	1	1.046	0.809	1.144	0.553	-0.41	-0.171	1.134	"1"
"指控"	0	0	1	0.349	0.27	0.381	-0.186	-0.137	0.419	0.742	"3"
"按"	0	0	1	0.349	0.27	0.381	-0.186	-0.137	0.419	0.742	"3"
"按摩法"	1	0	0	0.349	0.27	0.381	0.457	-0.137	-0.209	0.803	"1"
"按照"	1	0	0	0.349	0.27	0.381	0.457	-0.137	-0.209	0.803	"1"
"挑剔"	1	0	0	0.349	0.27	0.381	0.457	-0.137	-0.209	0.803	"1"
"挖"	0	1	0	0.349	0.27	0.381	-0.186	0.569	-0.209	0.964	"2"
"挥"	1	0	0	0.349	0.27	0.381	0.457	-0.137	-0.209	0.803	"1"
"捆绑"	0	0	2	0.698	0.54	0.763	-0.373	-0.273	0.837	1.483	"3"
"捕捉"	0	0	1	0.349	0.27	0.381	-0.186	-0.137	0.419	0.742	"3"
"授"	1	0	0	0.349	0.27	0.381	0.457	-0.137	-0.209	0.803	"1"
"掌中戏"	1	0	0	0.349	0.27	0.381	0.457	-0.137	-0.209	0.803	"1"
"掌握"	2	0	0	0.698	0.54	0.763	0.915	-0.273	-0.417	1.605	"1"
"排污"	0	0	1	0.349	0.27	0.381	-0.186	-0.137	0.419	0.742	"3"
"排除"	0	1	0	0.349	0.27	0.381	-0.186	0.569	-0.209	0.964	"2"
"採"	0	3	0	1.046	0.809	1.144	-0.559	1.707	-0.626	2.892	"2"
"採买"	1	0	0	0.349	0.27	0.381	0.457	-0.137	-0.209	0.803	"1"
"採取"	0	7	0	2.442	1.889	2.67	-1.304	3.982	-1.46	6.746	"2"
"採用"	0	2	0	0.698	0.54	0.763	-0.373	1.138	-0.417	1.928	"2"
"探测"	0	1	0	0.349	0.27	0.381	-0.186	0.569	-0.209	0.964	"2"
"接下来"	1	0	0	0.349	0.27	0.381	0.457	-0.137	-0.209	0.803	"1"
"接入"	0	0	1	0.349	0.27	0.381	-0.186	-0.137	0.419	0.742	"3"
"控"	0	0	1	0.349	0.27	0.381	-0.186	-0.137	0.419	0.742	"3"
"控制"	0	2	4	2.093	1.619	2.288	-1.118	0.29	0.811	2.219	"1"
"控方法"	0	0	1	0.349	0.27	0.381	-0.186	-0.137	0.419	0.742	"3"
"推出"	2	0	0	0.698	0.54	0.763	0.915	-0.273	-0.417	1.605	"1"
"推广"	0	1	2	1.046	0.809	1.144	-0.559	0.214	0.488	1.261	"1"
"推翻"	0	1	0	0.349	0.27	0.381	-0.186	0.569	-0.209	0.964	"2"
"掳车"	0	1	0	0.349	0.27	0.381	-0.186	0.569	-0.209	0.964	"2"
"提供"	0	1	0	0.349	0.27	0.381	-0.186	0.569	-0.209	0.964	"2"
"提款"	0	1	0	0.349	0.27	0.381	-0.186	0.569	-0.209	0.964	"2"
"提纯"	0	0	2	0.698	0.54	0.763	-0.373	-0.273	0.837	1.483	"3"
"提高"	0	1	11	4.186	3.238	4.576	-2.235	-0.904	3.713	6.852	"3"
"插画"	1	0	0	0.349	0.27	0.381	0.457	-0.137	-0.209	0.803	"1"
"携有"	0	1	0	0.349	0.27	0.381	-0.186	0.569	-0.209	0.964	"2"
"摄取"	1	0	0	0.349	0.27	0.381	0.457	-0.137	-0.209	0.803	"1"
"摔跤"	1	0	0	0.349	0.27	0.381	0.457	-0.137	-0.209	0.803	"1"
"摸索"	1	0	0	0.349	0.27	0.381	0.457	-0.137	-0.209	0.803	"1"
"擂鼓"	1	0	0	0.349	0.27	0.381	0.457	-0.137	-0.209	0.803	"1"
"支付"	0	1	1	0.698	0.54	0.763	-0.373	0.331	0.21	0.914	"1"
"收买"	0	0	1	0.349	0.27	0.381	-0.186	-0.137	0.419	0.742	"3"
"收场"	0	1	0	0.349	0.27	0.381	-0.186	0.569	-0.209	0.964	"2"
"改善"	0	1	0	0.349	0.27	0.381	-0.186	0.569	-0.209	0.964	"2"
"改良"	1	0	1	0.698	0.54	0.763	0.24	-0.273	0.21	0.723	"2"
"改进"	0	0	2	0.698	0.54	0.763	-0.373	-0.273	0.837	1.483	"3"
"攻克"	0	0	1	0.349	0.27	0.381	-0.186	-0.137	0.419	0.742	"3"
"攻击"	0	1	1	0.698	0.54	0.763	-0.373	0.331	0.21	0.914	"1"
"放在"	1	0	0	0.349	0.27	0.381	0.457	-0.137	-0.209	0.803	"1"
"放学"	0	1	0	0.349	0.27	0.381	-0.186	0.569	-0.209	0.964	"2"
"放射"	0	0	1	0.349	0.27	0.381	-0.186	-0.137	0.419	0.742	"3"
"放弃"	0	3	0	1.046	0.809	1.144	-0.559	1.707	-0.626	2.892	"2"
"政权"	0	1	0	0.349	0.27	0.381	-0.186	0.569	-0.209	0.964	"2"
"政治"	0	11	1	4.186	3.238	4.576	-2.235	5.302	-1.579	9.116	"2"
"效果"	0	0	1	0.349	0.27	0.381	-0.186	-0.137	0.419	0.742	"3"
"救援"	1	0	0	0.349	0.27	0.381	0.457	-0.137	-0.209	0.803	"1"
"教"	2	0	0	0.698	0.54	0.763	0.915	-0.273	-0.417	1.605	"1"
"教学"	0	0	4	1.395	1.079	1.525	-0.745	-0.546	1.675	2.966	"3"
"教导"	4	0	0	1.395	1.079	1.525	1.83	-0.546	-0.834	3.21	"1"
"教师"	1	0	0	0.349	0.27	0.381	0.457	-0.137	-0.209	0.803	"1"
"教育"	1	0	2	1.046	0.809	1.144	-0.143	-0.41	0.488	1.041	"3"
"教育学"	2	0	0	0.698	0.54	0.763	0.915	-0.273	-0.417	1.605	"1"
"教育学院"	4	0	0	1.395	1.079	1.525	1.83	-0.546	-0.834	3.21	"1"
"数百万"	0	1	0	0.349	0.27	0.381	-0.186	0.569	-0.209	0.964	"2"
"敲诈"	0	1	0	0.349	0.27	0.381	-0.186	0.569	-0.209	0.964	"2"
"文凭"	1	0	0	0.349	0.27	0.381	0.457	-0.137	-0.209	0.803	"1"
"文化"	6	0	0	2.093	1.619	2.288	2.745	-0.819	-1.251	4.815	"1"
"文化展"	1	0	0	0.349	0.27	0.381	0.457	-0.137	-0.209	0.803	"1"
"文化节"	1	0	0	0.349	0.27	0.381	0.457	-0.137	-0.209	0.803	"1"
"文字"	2	0	0	0.698	0.54	0.763	0.915	-0.273	-0.417	1.605	"1"
"文学"	1	0	0	0.349	0.27	0.381	0.457	-0.137	-0.209	0.803	"1"
"文物"	3	0	0	1.046	0.809	1.144	1.372	-0.41	-0.626	2.408	"1"
"文艺"	1	0	0	0.349	0.27	0.381	0.457	-0.137	-0.209	0.803	"1"
"文革"	0	0	1	0.349	0.27	0.381	-0.186	-0.137	0.419	0.742	"3"
"新"	0	0	27	9.417	7.285	10.297	-5.03	-3.688	11.304	20.022	"3"
"新一代"	1	0	0	0.349	0.27	0.381	0.457	-0.137	-0.209	0.803	"1"
"新型"	0	0	1	0.349	0.27	0.381	-0.186	-0.137	0.419	0.742	"3"
"新材料"	0	0	4	1.395	1.079	1.525	-0.745	-0.546	1.675	2.966	"3"
"新棉"	0	0	1	0.349	0.27	0.381	-0.186	-0.137	0.419	0.742	"3"
"新药"	0	0	1	0.349	0.27	0.381	-0.186	-0.137	0.419	0.742	"3"
"新进"	1	0	0	0.349	0.27	0.381	0.457	-0.137	-0.209	0.803	"1"
"新颖"	1	0	0	0.349	0.27	0.381	0.457	-0.137	-0.209	0.803	"1"
"方位"	0	0	1	0.349	0.27	0.381	-0.186	-0.137	0.419	0.742	"3"
"方式"	2	2	10	4.883	3.778	5.339	-1.069	-0.643	1.919	3.631	"3"
"方法"	0	0	5	1.744	1.349	1.907	-0.931	-0.683	2.093	3.707	"3"
"方面"	3	0	2	1.744	1.349	1.907	0.632	-0.683	0.201	1.516	"2"
"施展"	0	0	1	0.349	0.27	0.381	-0.186	-0.137	0.419	0.742	"3"
"施工"	0	1	0	0.349	0.27	0.381	-0.186	0.569	-0.209	0.964	"2"
"旅游局"	1	0	0	0.349	0.27	0.381	0.457	-0.137	-0.209	0.803	"1"
"无情"	0	1	0	0.349	0.27	0.381	-0.186	0.569	-0.209	0.964	"2"
"无知"	0	1	0	0.349	0.27	0.381	-0.186	0.569	-0.209	0.964	"2"
"无障碍"	0	0	1	0.349	0.27	0.381	-0.186	-0.137	0.419	0.742	"3"
"日常"	0	0	1	0.349	0.27	0.381	-0.186	-0.137	0.419	0.742	"3"
"日渐"	0	1	0	0.349	0.27	0.381	-0.186	0.569	-0.209	0.964	"2"
"日趋"	1	0	0	0.349	0.27	0.381	0.457	-0.137	-0.209	0.803	"1"
"时期"	0	0	1	0.349	0.27	0.381	-0.186	-0.137	0.419	0.742	"3"
"明日"	1	0	0	0.349	0.27	0.381	0.457	-0.137	-0.209	0.803	"1"
"昔日"	0	0	1	0.349	0.27	0.381	-0.186	-0.137	0.419	0.742	"3"
"是以"	0	1	0	0.349	0.27	0.381	-0.186	0.569	-0.209	0.964	"2"
"显示器"	0	0	1	0.349	0.27	0.381	-0.186	-0.137	0.419	0.742	"3"
"普京"	1	0	0	0.349	0.27	0.381	0.457	-0.137	-0.209	0.803	"1"
"普及"	0	0	1	0.349	0.27	0.381	-0.186	-0.137	0.419	0.742	"3"
"普通"	1	0	1	0.698	0.54	0.763	0.24	-0.273	0.21	0.723	"2"
"普雷特涅夫"	1	0	0	0.349	0.27	0.381	0.457	-0.137	-0.209	0.803	"1"
"暗杀"	0	0	1	0.349	0.27	0.381	-0.186	-0.137	0.419	0.742	"3"
"暨"	1	0	0	0.349	0.27	0.381	0.457	-0.137	-0.209	0.803	"1"
"暴"	0	2	0	0.698	0.54	0.763	-0.373	1.138	-0.417	1.928	"2"
"暴力"	0	11	1	4.186	3.238	4.576	-2.235	5.302	-1.579	9.116	"2"
"曲子"	1	0	0	0.349	0.27	0.381	0.457	-0.137	-0.209	0.803	"1"
"更"	5	0	0	1.744	1.349	1.907	2.287	-0.683	-1.043	4.013	"1"
"更为"	0	1	2	1.046	0.809	1.144	-0.559	0.214	0.488	1.261	"1"
"更加"	1	3	0	1.395	1.079	1.525	-0.248	1.203	-0.834	2.285	"2"
"更换"	0	0	1	0.349	0.27	0.381	-0.186	-0.137	0.419	0.742	"3"
"最终"	0	3	0	1.046	0.809	1.144	-0.559	1.707	-0.626	2.892	"2"
"月琴"	1	0	0	0.349	0.27	0.381	0.457	-0.137	-0.209	0.803	"1"
"有别"	1	0	0	0.349	0.27	0.381	0.457	-0.137	-0.209	0.803	"1"
"有力"	0	2	0	0.698	0.54	0.763	-0.373	1.138	-0.417	1.928	"2"
"有始有终"	1	0	0	0.349	0.27	0.381	0.457	-0.137	-0.209	0.803	"1"
"有效"	0	1	8	3.139	2.428	3.432	-1.677	-0.593	2.575	4.845	"3"
"有限"	0	0	1	0.349	0.27	0.381	-0.186	-0.137	0.419	0.742	"3"
"服"	0	1	0	0.349	0.27	0.381	-0.186	0.569	-0.209	0.964	"2"
"服装"	2	0	0	0.698	0.54	0.763	0.915	-0.273	-0.417	1.605	"1"
"朝鲜"	0	1	0	0.349	0.27	0.381	-0.186	0.569	-0.209	0.964	"2"
"期中"	1	0	0	0.349	0.27	0.381	0.457	-0.137	-0.209	0.803	"1"
"木工"	2	0	0	0.698	0.54	0.763	0.915	-0.273	-0.417	1.605	"1"
"木雕"	1	0	0	0.349	0.27	0.381	0.457	-0.137	-0.209	0.803	"1"
"术"	1	0	0	0.349	0.27	0.381	0.457	-0.137	-0.209	0.803	"1"
"杀"	1	0	0	0.349	0.27	0.381	0.457	-0.137	-0.209	0.803	"1"
"杀人"	0	1	0	0.349	0.27	0.381	-0.186	0.569	-0.209	0.964	"2"
"杀害"	0	0	1	0.349	0.27	0.381	-0.186	-0.137	0.419	0.742	"3"
"李云迪"	1	0	0	0.349	0.27	0.381	0.457	-0.137	-0.209	0.803	"1"
"材"	1	0	0	0.349	0.27	0.381	0.457	-0.137	-0.209	0.803	"1"
"材料"	0	0	1	0.349	0.27	0.381	-0.186	-0.137	0.419	0.742	"3"
"村民"	1	0	0	0.349	0.27	0.381	0.457	-0.137	-0.209	0.803	"1"
"来"	0	12	2	4.883	3.778	5.339	-2.608	5.116	-1.274	8.998	"2"
"杯葛"	0	2	0	0.698	0.54	0.763	-0.373	1.138	-0.417	1.928	"2"
"极端"	0	1	1	0.698	0.54	0.763	-0.373	0.331	0.21	0.914	"1"
"构"	0	0	1	0.349	0.27	0.381	-0.186	-0.137	0.419	0.742	"3"
"林巧英"	0	2	0	0.698	0.54	0.763	-0.373	1.138	-0.417	1.928	"2"
"果决"	0	1	0	0.349	0.27	0.381	-0.186	0.569	-0.209	0.964	"2"
"某"	1	0	0	0.349	0.27	0.381	0.457	-0.137	-0.209	0.803	"1"
"某些"	0	1	1	0.698	0.54	0.763	-0.373	0.331	0.21	0.914	"1"
"树立"	1	0	0	0.349	0.27	0.381	0.457	-0.137	-0.209	0.803	"1"
"栩栩如生"	1	0	0	0.349	0.27	0.381	0.457	-0.137	-0.209	0.803	"1"
"样式"	1	0	0	0.349	0.27	0.381	0.457	-0.137	-0.209	0.803	"1"
"核"	0	4	0	1.395	1.079	1.525	-0.745	2.276	-0.834	3.855	"2"
"核武器"	0	2	0	0.698	0.54	0.763	-0.373	1.138	-0.417	1.928	"2"
"根基"	1	0	0	0.349	0.27	0.381	0.457	-0.137	-0.209	0.803	"1"
"桿"	1	0	0	0.349	0.27	0.381	0.457	-0.137	-0.209	0.803	"1"
"检"	0	0	1	0.349	0.27	0.381	-0.186	-0.137	0.419	0.742	"3"
"检查"	0	0	1	0.349	0.27	0.381	-0.186	-0.137	0.419	0.742	"3"
"检测"	0	0	3	1.046	0.809	1.144	-0.559	-0.41	1.256	2.225	"3"
"检测出"	0	0	1	0.349	0.27	0.381	-0.186	-0.137	0.419	0.742	"3"
"植"	0	0	1	0.349	0.27	0.381	-0.186	-0.137	0.419	0.742	"3"
"榜"	1	0	0	0.349	0.27	0.381	0.457	-0.137	-0.209	0.803	"1"
"模仿"	1	0	0	0.349	0.27	0.381	0.457	-0.137	-0.209	0.803	"1"
"模拟"	0	0	1	0.349	0.27	0.381	-0.186	-0.137	0.419	0.742	"3"
"欣赏"	1	0	0	0.349	0.27	0.381	0.457	-0.137	-0.209	0.803	"1"
"欧式"	1	0	0	0.349	0.27	0.381	0.457	-0.137	-0.209	0.803	"1"
"欲"	0	1	0	0.349	0.27	0.381	-0.186	0.569	-0.209	0.964	"2"
"欺"	0	1	0	0.349	0.27	0.381	-0.186	0.569	-0.209	0.964	"2"
"欺诈"	0	2	0	0.698	0.54	0.763	-0.373	1.138	-0.417	1.928	"2"
"欺骗"	0	1	0	0.349	0.27	0.381	-0.186	0.569	-0.209	0.964	"2"
"歌唱"	1	0	0	0.349	0.27	0.381	0.457	-0.137	-0.209	0.803	"1"
"歌曲"	1	0	0	0.349	0.27	0.381	0.457	-0.137	-0.209	0.803	"1"
"正当"	0	4	1	1.744	1.349	1.907	-0.931	1.682	-0.432	3.045	"2"
"正确"	1	0	0	0.349	0.27	0.381	0.457	-0.137	-0.209	0.803	"1"
"武"	0	1	1	0.698	0.54	0.763	-0.373	0.331	0.21	0.914	"1"
"武力"	0	3	0	1.046	0.809	1.144	-0.559	1.707	-0.626	2.892	"2"
"武术"	1	0	0	0.349	0.27	0.381	0.457	-0.137	-0.209	0.803	"1"
"歹毒"	0	1	0	0.349	0.27	0.381	-0.186	0.569	-0.209	0.964	"2"
"残暴"	0	2	0	0.698	0.54	0.763	-0.373	1.138	-0.417	1.928	"2"
"残疾人"	0	0	2	0.698	0.54	0.763	-0.373	-0.273	0.837	1.483	"3"
"毒"	0	1	0	0.349	0.27	0.381	-0.186	0.569	-0.209	0.964	"2"
"比赛用"	1	0	0	0.349	0.27	0.381	0.457	-0.137	-0.209	0.803	"1"
"比较"	0	0	1	0.349	0.27	0.381	-0.186	-0.137	0.419	0.742	"3"
"民俗"	7	0	0	2.442	1.889	2.67	3.202	-0.956	-1.46	5.618	"1"
"民族"	2	0	0	0.698	0.54	0.763	0.915	-0.273	-0.417	1.605	"1"
"民营化"	0	1	0	0.349	0.27	0.381	-0.186	0.569	-0.209	0.964	"2"
"民选"	0	1	0	0.349	0.27	0.381	-0.186	0.569	-0.209	0.964	"2"
"民间"	5	0	0	1.744	1.349	1.907	2.287	-0.683	-1.043	4.013	"1"
"民风"	2	0	0	0.698	0.54	0.763	0.915	-0.273	-0.417	1.605	"1"
"气焰"	0	0	1	0.349	0.27	0.381	-0.186	-0.137	0.419	0.742	"3"
"水幕"	0	0	1	0.349	0.27	0.381	-0.186	-0.137	0.419	0.742	"3"
"水平"	3	0	1	1.395	1.079	1.525	0.902	-0.546	-0.294	1.742	"1"
"求"	0	0	1	0.349	0.27	0.381	-0.186	-0.137	0.419	0.742	"3"
"江苏"	1	0	0	0.349	0.27	0.381	0.457	-0.137	-0.209	0.803	"1"
"江青"	0	1	1	0.698	0.54	0.763	-0.373	0.331	0.21	0.914	"1"
"污"	0	0	1	0.349	0.27	0.381	-0.186	-0.137	0.419	0.742	"3"
"污水"	1	0	1	0.698	0.54	0.763	0.24	-0.273	0.21	0.723	"2"
"沟通"	2	0	0	0.698	0.54	0.763	0.915	-0.273	-0.417	1.605	"1"
"油炸"	2	0	0	0.698	0.54	0.763	0.915	-0.273	-0.417	1.605	"1"
"治"	0	0	1	0.349	0.27	0.381	-0.186	-0.137	0.419	0.742	"3"
"治愈"	0	0	1	0.349	0.27	0.381	-0.186	-0.137	0.419	0.742	"3"
"治疗"	0	0	5	1.744	1.349	1.907	-0.931	-0.683	2.093	3.707	"3"
"法"	0	2	1	1.046	0.809	1.144	-0.559	0.747	-0.171	1.477	"2"
"法制"	0	0	1	0.349	0.27	0.381	-0.186	-0.137	0.419	0.742	"3"
"法制化"	0	1	0	0.349	0.27	0.381	-0.186	0.569	-0.209	0.964	"2"
"法律"	0	2	10	4.186	3.238	4.576	-2.235	-0.479	2.736	5.45	"3"
"法轮"	0	1	0	0.349	0.27	0.381	-0.186	0.569	-0.209	0.964	"2"
"注册"	0	1	0	0.349	0.27	0.381	-0.186	0.569	-0.209	0.964	"2"
"津贴"	0	1	0	0.349	0.27	0.381	-0.186	0.569	-0.209	0.964	"2"
"活"	1	0	0	0.349	0.27	0.381	0.457	-0.137	-0.209	0.803	"1"
"流传"	1	0	0	0.349	0.27	0.381	0.457	-0.137	-0.209	0.803	"1"
"流浪"	1	0	0	0.349	0.27	0.381	0.457	-0.137	-0.209	0.803	"1"
"济"	0	1	1	0.698	0.54	0.763	-0.373	0.331	0.21	0.914	"1"
"浩大"	0	0	1	0.349	0.27	0.381	-0.186	-0.137	0.419	0.742	"3"
"浮法"	0	0	1	0.349	0.27	0.381	-0.186	-0.137	0.419	0.742	"3"
"海事"	0	0	2	0.698	0.54	0.763	-0.373	-0.273	0.837	1.483	"3"
"海地"	0	1	0	0.349	0.27	0.381	-0.186	0.569	-0.209	0.964	"2"
"消灭"	0	1	0	0.349	0.27	0.381	-0.186	0.569	-0.209	0.964	"2"
"消除"	2	0	0	0.698	0.54	0.763	0.915	-0.273	-0.417	1.605	"1"
"涵养"	1	0	0	0.349	0.27	0.381	0.457	-0.137	-0.209	0.803	"1"
"淘汰"	0	0	1	0.349	0.27	0.381	-0.186	-0.137	0.419	0.742	"3"
"深造"	1	0	0	0.349	0.27	0.381	0.457	-0.137	-0.209	0.803	"1"
"添酒"	1	0	0	0.349	0.27	0.381	0.457	-0.137	-0.209	0.803	"1"
"清收"	0	0	1	0.349	0.27	0.381	-0.186	-0.137	0.419	0.742	"3"
"渠道"	0	0	2	0.698	0.54	0.763	-0.373	-0.273	0.837	1.483	"3"
"温和"	0	0	1	0.349	0.27	0.381	-0.186	-0.137	0.419	0.742	"3"
"源流"	1	0	0	0.349	0.27	0.381	0.457	-0.137	-0.209	0.803	"1"
"滋扰"	0	1	0	0.349	0.27	0.381	-0.186	0.569	-0.209	0.964	"2"
"滋生"	0	1	0	0.349	0.27	0.381	-0.186	0.569	-0.209	0.964	"2"
"滋病"	0	0	1	0.349	0.27	0.381	-0.186	-0.137	0.419	0.742	"3"
"满意"	1	0	0	0.349	0.27	0.381	0.457	-0.137	-0.209	0.803	"1"
"满族"	1	0	0	0.349	0.27	0.381	0.457	-0.137	-0.209	0.803	"1"
"漆器"	1	0	0	0.349	0.27	0.381	0.457	-0.137	-0.209	0.803	"1"
"演"	0	0	1	0.349	0.27	0.381	-0.186	-0.137	0.419	0.742	"3"
"演员"	2	0	0	0.698	0.54	0.763	0.915	-0.273	-0.417	1.605	"1"
"演唱"	1	0	0	0.349	0.27	0.381	0.457	-0.137	-0.209	0.803	"1"
"演奏"	3	0	0	1.046	0.809	1.144	1.372	-0.41	-0.626	2.408	"1"
"演示"	1	0	0	0.349	0.27	0.381	0.457	-0.137	-0.209	0.803	"1"
"演绎"	0	0	1	0.349	0.27	0.381	-0.186	-0.137	0.419	0.742	"3"
"演艺"	1	0	0	0.349	0.27	0.381	0.457	-0.137	-0.209	0.803	"1"
"漫画"	1	0	0	0.349	0.27	0.381	0.457	-0.137	-0.209	0.803	"1"
"激光"	0	1	0	0.349	0.27	0.381	-0.186	0.569	-0.209	0.964	"2"
"激励"	0	0	1	0.349	0.27	0.381	-0.186	-0.137	0.419	0.742	"3"
"激烈"	0	1	0	0.349	0.27	0.381	-0.186	0.569	-0.209	0.964	"2"
"激进"	0	2	0	0.698	0.54	0.763	-0.373	1.138	-0.417	1.928	"2"
"濒"	2	0	0	0.698	0.54	0.763	0.915	-0.273	-0.417	1.605	"1"
"火候"	1	0	0	0.349	0.27	0.381	0.457	-0.137	-0.209	0.803	"1"
"灯"	2	0	0	0.698	0.54	0.763	0.915	-0.273	-0.417	1.605	"1"
"灯组"	2	0	0	0.698	0.54	0.763	0.915	-0.273	-0.417	1.605	"1"
"灵活"	0	0	2	0.698	0.54	0.763	-0.373	-0.273	0.837	1.483	"3"
"灵验"	0	1	0	0.349	0.27	0.381	-0.186	0.569	-0.209	0.964	"2"
"炮兵"	0	1	0	0.349	0.27	0.381	-0.186	0.569	-0.209	0.964	"2"
"炮制"	1	0	0	0.349	0.27	0.381	0.457	-0.137	-0.209	0.803	"1"
"点睛"	1	0	0	0.349	0.27	0.381	0.457	-0.137	-0.209	0.803	"1"
"烟"	0	0	1	0.349	0.27	0.381	-0.186	-0.137	0.419	0.742	"3"
"热量"	1	0	0	0.349	0.27	0.381	0.457	-0.137	-0.209	0.803	"1"
"烹调"	1	0	0	0.349	0.27	0.381	0.457	-0.137	-0.209	0.803	"1"
"熟练"	2	0	0	0.698	0.54	0.763	0.915	-0.273	-0.417	1.605	"1"
"牛奶"	0	2	0	0.698	0.54	0.763	-0.373	1.138	-0.417	1.928	"2"
"牛病"	0	0	2	0.698	0.54	0.763	-0.373	-0.273	0.837	1.483	"3"
"物探"	0	1	0	0.349	0.27	0.381	-0.186	0.569	-0.209	0.964	"2"
"特产"	1	0	0	0.349	0.27	0.381	0.457	-0.137	-0.209	0.803	"1"
"特展"	2	0	0	0.698	0.54	0.763	0.915	-0.273	-0.417	1.605	"1"
"特有"	1	0	0	0.349	0.27	0.381	0.457	-0.137	-0.209	0.803	"1"
"特殊"	0	0	1	0.349	0.27	0.381	-0.186	-0.137	0.419	0.742	"3"
"特点"	0	0	2	0.698	0.54	0.763	-0.373	-0.273	0.837	1.483	"3"
"特色"	4	0	0	1.395	1.079	1.525	1.83	-0.546	-0.834	3.21	"1"
"犯罪"	0	1	1	0.698	0.54	0.763	-0.373	0.331	0.21	0.914	"1"
"犯罪嫌疑人"	0	1	0	0.349	0.27	0.381	-0.186	0.569	-0.209	0.964	"2"
"狠毒"	0	2	0	0.698	0.54	0.763	-0.373	1.138	-0.417	1.928	"2"
"独特"	2	0	0	0.698	0.54	0.763	0.915	-0.273	-0.417	1.605	"1"
"猖獗"	0	1	0	0.349	0.27	0.381	-0.186	0.569	-0.209	0.964	"2"
"王其慧"	1	0	0	0.349	0.27	0.381	0.457	-0.137	-0.209	0.803	"1"
"玩具"	1	0	0	0.349	0.27	0.381	0.457	-0.137	-0.209	0.803	"1"
"现"	1	0	0	0.349	0.27	0.381	0.457	-0.137	-0.209	0.803	"1"
"现代"	4	0	4	2.79	2.159	3.051	0.536	-1.093	0.44	2.069	"2"
"现代化"	0	1	4	1.744	1.349	1.907	-0.931	-0.228	1.134	2.293	"3"
"现场"	2	0	0	0.698	0.54	0.763	0.915	-0.273	-0.417	1.605	"1"
"现有"	1	0	0	0.349	0.27	0.381	0.457	-0.137	-0.209	0.803	"1"
"玻璃"	0	0	4	1.395	1.079	1.525	-0.745	-0.546	1.675	2.966	"3"
"班"	1	0	0	0.349	0.27	0.381	0.457	-0.137	-0.209	0.803	"1"
"球星"	1	0	0	0.349	0.27	0.381	0.457	-0.137	-0.209	0.803	"1"
"球路"	0	1	0	0.349	0.27	0.381	-0.186	0.569	-0.209	0.964	"2"
"球门"	0	1	0	0.349	0.27	0.381	-0.186	0.569	-0.209	0.964	"2"
"理"	0	0	1	0.349	0.27	0.381	-0.186	-0.137	0.419	0.742	"3"
"理科"	1	0	0	0.349	0.27	0.381	0.457	-0.137	-0.209	0.803	"1"
"甘"	1	0	0	0.349	0.27	0.381	0.457	-0.137	-0.209	0.803	"1"
"生"	0	0	1	0.349	0.27	0.381	-0.186	-0.137	0.419	0.742	"3"
"生产"	2	0	12	4.883	3.778	5.339	-1.069	-1.912	3.441	6.422	"3"
"生前"	1	0	0	0.349	0.27	0.381	0.457	-0.137	-0.209	0.803	"1"
"生物"	0	1	1	0.698	0.54	0.763	-0.373	0.331	0.21	0.914	"1"
"生物技术"	0	0	1	0.349	0.27	0.381	-0.186	-0.137	0.419	0.742	"3"
"生疏"	0	1	0	0.349	0.27	0.381	-0.186	0.569	-0.209	0.964	"2"
"生财"	0	0	1	0.349	0.27	0.381	-0.186	-0.137	0.419	0.742	"3"
"用"	3	3	13	6.627	5.127	7.246	-1.219	-0.69	2.137	4.046	"3"
"用上"	0	0	1	0.349	0.27	0.381	-0.186	-0.137	0.419	0.742	"3"
"用心"	1	0	0	0.349	0.27	0.381	0.457	-0.137	-0.209	0.803	"1"
"用法"	0	1	0	0.349	0.27	0.381	-0.186	0.569	-0.209	0.964	"2"
"电子"	0	0	3	1.046	0.809	1.144	-0.559	-0.41	1.256	2.225	"3"
"电子商务"	0	0	1	0.349	0.27	0.381	-0.186	-0.137	0.419	0.742	"3"
"男童"	1	0	0	0.349	0.27	0.381	0.457	-0.137	-0.209	0.803	"1"
"画"	1	0	0	0.349	0.27	0.381	0.457	-0.137	-0.209	0.803	"1"
"留取"	0	0	1	0.349	0.27	0.381	-0.186	-0.137	0.419	0.742	"3"
"留存"	1	0	0	0.349	0.27	0.381	0.457	-0.137	-0.209	0.803	"1"
"畜牧局"	0	0	1	0.349	0.27	0.381	-0.186	-0.137	0.419	0.742	"3"
"疏忽"	0	1	0	0.349	0.27	0.381	-0.186	0.569	-0.209	0.964	"2"
"疫病"	0	0	1	0.349	0.27	0.381	-0.186	-0.137	0.419	0.742	"3"
"疯"	0	0	1	0.349	0.27	0.381	-0.186	-0.137	0.419	0.742	"3"
"疯狂"	0	1	0	0.349	0.27	0.381	-0.186	0.569	-0.209	0.964	"2"
"病原体"	0	0	1	0.349	0.27	0.381	-0.186	-0.137	0.419	0.742	"3"
"登山"	2	0	0	0.698	0.54	0.763	0.915	-0.273	-0.417	1.605	"1"
"登峰造极"	1	0	0	0.349	0.27	0.381	0.457	-0.137	-0.209	0.803	"1"
"百姓"	0	0	1	0.349	0.27	0.381	-0.186	-0.137	0.419	0.742	"3"
"皇城"	0	0	1	0.349	0.27	0.381	-0.186	-0.137	0.419	0.742	"3"
"益"	0	1	0	0.349	0.27	0.381	-0.186	0.569	-0.209	0.964	"2"
"监"	0	0	1	0.349	0.27	0.381	-0.186	-0.137	0.419	0.742	"3"
"监控"	0	0	2	0.698	0.54	0.763	-0.373	-0.273	0.837	1.483	"3"
"盗"	0	1	0	0.349	0.27	0.381	-0.186	0.569	-0.209	0.964	"2"
"目的"	0	6	2	2.79	2.159	3.051	-1.49	2.194	-0.449	4.133	"2"
"直到"	2	0	0	0.698	0.54	0.763	0.915	-0.273	-0.417	1.605	"1"
"相互"	0	0	1	0.349	0.27	0.381	-0.186	-0.137	0.419	0.742	"3"
"相应"	0	1	0	0.349	0.27	0.381	-0.186	0.569	-0.209	0.964	"2"
"相当"	3	0	0	1.046	0.809	1.144	1.372	-0.41	-0.626	2.408	"1"
"相继"	1	0	0	0.349	0.27	0.381	0.457	-0.137	-0.209	0.803	"1"
"相连"	1	0	0	0.349	0.27	0.381	0.457	-0.137	-0.209	0.803	"1"
"省去"	1	0	0	0.349	0.27	0.381	0.457	-0.137	-0.209	0.803	"1"
"看似"	1	0	0	0.349	0.27	0.381	0.457	-0.137	-0.209	0.803	"1"
"真空"	0	0	1	0.349	0.27	0.381	-0.186	-0.137	0.419	0.742	"3"
"矛盾"	0	0	1	0.349	0.27	0.381	-0.186	-0.137	0.419	0.742	"3"
"知识"	6	0	1	2.442	1.889	2.67	2.054	-0.956	-0.734	3.744	"1"
"知识产权"	0	1	0	0.349	0.27	0.381	-0.186	0.569	-0.209	0.964	"2"
"石匠"	1	0	0	0.349	0.27	0.381	0.457	-0.137	-0.209	0.803	"1"
"石原慎太郎"	0	0	1	0.349	0.27	0.381	-0.186	-0.137	0.419	0.742	"3"
"石器"	0	0	3	1.046	0.809	1.144	-0.559	-0.41	1.256	2.225	"3"
"石家庄市"	0	0	1	0.349	0.27	0.381	-0.186	-0.137	0.419	0.742	"3"
"砍"	0	1	0	0.349	0.27	0.381	-0.186	0.569	-0.209	0.964	"2"
"研制"	0	0	1	0.349	0.27	0.381	-0.186	-0.137	0.419	0.742	"3"
"研发"	0	0	1	0.349	0.27	0.381	-0.186	-0.137	0.419	0.742	"3"
"研究"	1	0	3	1.395	1.079	1.525	-0.248	-0.546	0.8	1.594	"3"
"研究所"	2	0	0	0.698	0.54	0.763	0.915	-0.273	-0.417	1.605	"1"
"砖砌"	1	0	0	0.349	0.27	0.381	0.457	-0.137	-0.209	0.803	"1"
"破坏"	0	1	0	0.349	0.27	0.381	-0.186	0.569	-0.209	0.964	"2"
"硬币"	1	0	0	0.349	0.27	0.381	0.457	-0.137	-0.209	0.803	"1"
"确"	1	0	0	0.349	0.27	0.381	0.457	-0.137	-0.209	0.803	"1"
"社会化"	0	0	2	0.698	0.54	0.763	-0.373	-0.273	0.837	1.483	"3"
"祖传"	1	0	0	0.349	0.27	0.381	0.457	-0.137	-0.209	0.803	"1"
"神奇"	0	1	0	0.349	0.27	0.381	-0.186	0.569	-0.209	0.964	"2"
"神经质"	1	0	0	0.349	0.27	0.381	0.457	-0.137	-0.209	0.803	"1"
"票证"	0	1	0	0.349	0.27	0.381	-0.186	0.569	-0.209	0.964	"2"
"禁药"	0	1	0	0.349	0.27	0.381	-0.186	0.569	-0.209	0.964	"2"
"禧"	0	0	1	0.349	0.27	0.381	-0.186	-0.137	0.419	0.742	"3"
"种"	0	6	22	9.766	7.555	10.678	-5.216	-0.473	4.812	10.501	"1"
"种种"	1	0	0	0.349	0.27	0.381	0.457	-0.137	-0.209	0.803	"1"
"科"	1	0	1	0.698	0.54	0.763	0.24	-0.273	0.21	0.723	"2"
"科学"	4	0	1	1.744	1.349	1.907	1.273	-0.683	-0.432	2.388	"1"
"科技"	0	0	5	1.744	1.349	1.907	-0.931	-0.683	2.093	3.707	"3"
"租赁"	0	1	0	0.349	0.27	0.381	-0.186	0.569	-0.209	0.964	"2"
"称为"	1	0	0	0.349	0.27	0.381	0.457	-0.137	-0.209	0.803	"1"
"程序"	0	0	1	0.349	0.27	0.381	-0.186	-0.137	0.419	0.742	"3"
"程度"	1	0	0	0.349	0.27	0.381	0.457	-0.137	-0.209	0.803	"1"
"税收"	0	0	2	0.698	0.54	0.763	-0.373	-0.273	0.837	1.483	"3"
"稳"	1	0	0	0.349	0.27	0.381	0.457	-0.137	-0.209	0.803	"1"
"空白"	0	0	1	0.349	0.27	0.381	-0.186	-0.137	0.419	0.742	"3"
"突破"	0	0	1	0.349	0.27	0.381	-0.186	-0.137	0.419	0.742	"3"
"立体"	1	0	0	0.349	0.27	0.381	0.457	-0.137	-0.209	0.803	"1"
"立体化"	0	1	0	0.349	0.27	0.381	-0.186	0.569	-0.209	0.964	"2"
"立体型"	0	0	1	0.349	0.27	0.381	-0.186	-0.137	0.419	0.742	"3"
"立法"	0	0	1	0.349	0.27	0.381	-0.186	-0.137	0.419	0.742	"3"
"竞争"	0	0	1	0.349	0.27	0.381	-0.186	-0.137	0.419	0.742	"3"
"竞选"	0	2	0	0.698	0.54	0.763	-0.373	1.138	-0.417	1.928	"2"
"竹"	0	0	1	0.349	0.27	0.381	-0.186	-0.137	0.419	0.742	"3"
"竹筒"	1	0	0	0.349	0.27	0.381	0.457	-0.137	-0.209	0.803	"1"
"竹编"	1	0	0	0.349	0.27	0.381	0.457	-0.137	-0.209	0.803	"1"
"笑"	1	0	0	0.349	0.27	0.381	0.457	-0.137	-0.209	0.803	"1"
"笑话"	1	0	0	0.349	0.27	0.381	0.457	-0.137	-0.209	0.803	"1"
"等"	9	15	32	19.533	15.11	21.357	-2.819	-0.255	2.521	5.595	"1"
"等等"	0	0	2	0.698	0.54	0.763	-0.373	-0.273	0.837	1.483	"3"
"答辩"	0	1	0	0.349	0.27	0.381	-0.186	0.569	-0.209	0.964	"2"
"筹划"	1	0	0	0.349	0.27	0.381	0.457	-0.137	-0.209	0.803	"1"
"简单"	0	1	1	0.698	0.54	0.763	-0.373	0.331	0.21	0.914	"1"
"简陋"	0	0	1	0.349	0.27	0.381	-0.186	-0.137	0.419	0.742	"3"
"管"	0	0	3	1.046	0.809	1.144	-0.559	-0.41	1.256	2.225	"3"
"管理"	2	1	14	5.93	4.587	6.483	-1.476	-1.46	3.6	6.536	"3"
"类"	5	0	0	1.744	1.349	1.907	2.287	-0.683	-1.043	4.013	"1"
"精"	3	0	0	1.046	0.809	1.144	1.372	-0.41	-0.626	2.408	"1"
"精于"	1	0	0	0.349	0.27	0.381	0.457	-0.137	-0.209	0.803	"1"
"精品"	2	0	1	1.046	0.809	1.144	0.553	-0.41	-0.171	1.134	"1"
"精密"	1	0	0	0.349	0.27	0.381	0.457	-0.137	-0.209	0.803	"1"
"精巧"	1	0	0	0.349	0.27	0.381	0.457	-0.137	-0.209	0.803	"1"
"精湛"	6	0	0	2.093	1.619	2.288	2.745	-0.819	-1.251	4.815	"1"
"精确"	0	2	0	0.698	0.54	0.763	-0.373	1.138	-0.417	1.928	"2"
"精神"	2	0	0	0.698	0.54	0.763	0.915	-0.273	-0.417	1.605	"1"
"精细"	3	0	0	1.046	0.809	1.144	1.372	-0.41	-0.626	2.408	"1"
"精美"	1	0	0	0.349	0.27	0.381	0.457	-0.137	-0.209	0.803	"1"
"精致"	1	0	0	0.349	0.27	0.381	0.457	-0.137	-0.209	0.803	"1"
"素"	0	0	1	0.349	0.27	0.381	-0.186	-0.137	0.419	0.742	"3"
"紫砂"	1	0	0	0.349	0.27	0.381	0.457	-0.137	-0.209	0.803	"1"
"繁荣"	0	0	1	0.349	0.27	0.381	-0.186	-0.137	0.419	0.742	"3"
"纯化"	0	0	1	0.349	0.27	0.381	-0.186	-0.137	0.419	0.742	"3"
"纹饰"	1	0	0	0.349	0.27	0.381	0.457	-0.137	-0.209	0.803	"1"
"练习"	1	0	0	0.349	0.27	0.381	0.457	-0.137	-0.209	0.803	"1"
"练就"	1	0	0	0.349	0.27	0.381	0.457	-0.137	-0.209	0.803	"1"
"细"	0	0	1	0.349	0.27	0.381	-0.186	-0.137	0.419	0.742	"3"
"细心"	1	0	0	0.349	0.27	0.381	0.457	-0.137	-0.209	0.803	"1"
"细纱"	1	0	0	0.349	0.27	0.381	0.457	-0.137	-0.209	0.803	"1"
"细腻"	1	0	0	0.349	0.27	0.381	0.457	-0.137	-0.209	0.803	"1"
"经典"	1	0	0	0.349	0.27	0.381	0.457	-0.137	-0.209	0.803	"1"
"经济"	0	6	14	6.976	5.397	7.627	-3.726	0.334	2.41	6.47	"1"
"经过"	0	0	1	0.349	0.27	0.381	-0.186	-0.137	0.419	0.742	"3"
"绑架"	0	1	0	0.349	0.27	0.381	-0.186	0.569	-0.209	0.964	"2"
"结合"	2	1	1	1.395	1.079	1.525	0.362	-0.152	-0.294	0.808	"1"
"结构"	0	0	2	0.698	0.54	0.763	-0.373	-0.273	0.837	1.483	"3"
"绘画"	1	0	0	0.349	0.27	0.381	0.457	-0.137	-0.209	0.803	"1"
"给予"	1	0	0	0.349	0.27	0.381	0.457	-0.137	-0.209	0.803	"1"
"络"	0	0	1	0.349	0.27	0.381	-0.186	-0.137	0.419	0.742	"3"
"绝对"	0	0	1	0.349	0.27	0.381	-0.186	-0.137	0.419	0.742	"3"
"绞胎"	2	0	0	0.698	0.54	0.763	0.915	-0.273	-0.417	1.605	"1"
"继承"	1	0	0	0.349	0.27	0.381	0.457	-0.137	-0.209	0.803	"1"
"续"	0	0	1	0.349	0.27	0.381	-0.186	-0.137	0.419	0.742	"3"
"续採"	0	1	0	0.349	0.27	0.381	-0.186	0.569	-0.209	0.964	"2"
"维护"	0	2	3	1.744	1.349	1.907	-0.931	0.388	0.544	1.863	"1"
"综合"	0	0	4	1.395	1.079	1.525	-0.745	-0.546	1.675	2.966	"3"
"编辑"	0	0	1	0.349	0.27	0.381	-0.186	-0.137	0.419	0.742	"3"
"编造"	0	1	0	0.349	0.27	0.381	-0.186	0.569	-0.209	0.964	"2"
"缩影"	1	0	0	0.349	0.27	0.381	0.457	-0.137	-0.209	0.803	"1"
"缺少"	0	1	1	0.698	0.54	0.763	-0.373	0.331	0.21	0.914	"1"
"网络"	0	0	5	1.744	1.349	1.907	-0.931	-0.683	2.093	3.707	"3"
"罚款"	0	0	2	0.698	0.54	0.763	-0.373	-0.273	0.837	1.483	"3"
"罢免"	0	3	0	1.046	0.809	1.144	-0.559	1.707	-0.626	2.892	"2"
"罪"	1	1	0	0.698	0.54	0.763	0.24	0.331	-0.417	0.988	"3"
"罪案"	1	0	0	0.349	0.27	0.381	0.457	-0.137	-0.209	0.803	"1"
"罪犯"	0	0	1	0.349	0.27	0.381	-0.186	-0.137	0.419	0.742	"3"
"置"	0	2	0	0.698	0.54	0.763	-0.373	1.138	-0.417	1.928	"2"
"美"	2	0	0	0.698	0.54	0.763	0.915	-0.273	-0.417	1.605	"1"
"美术"	7	0	0	2.442	1.889	2.67	3.202	-0.956	-1.46	5.618	"1"
"美术品"	1	0	0	0.349	0.27	0.381	0.457	-0.137	-0.209	0.803	"1"
"美术展"	1	0	0	0.349	0.27	0.381	0.457	-0.137	-0.209	0.803	"1"
"美术师"	1	0	0	0.349	0.27	0.381	0.457	-0.137	-0.209	0.803	"1"
"翻案"	0	0	1	0.349	0.27	0.381	-0.186	-0.137	0.419	0.742	"3"
"翻译"	1	0	0	0.349	0.27	0.381	0.457	-0.137	-0.209	0.803	"1"
"老主顾"	1	0	0	0.349	0.27	0.381	0.457	-0.137	-0.209	0.803	"1"
"老师"	2	0	0	0.698	0.54	0.763	0.915	-0.273	-0.417	1.605	"1"
"考取"	1	0	0	0.349	0.27	0.381	0.457	-0.137	-0.209	0.803	"1"
"考古"	0	1	0	0.349	0.27	0.381	-0.186	0.569	-0.209	0.964	"2"
"考究"	1	0	0	0.349	0.27	0.381	0.457	-0.137	-0.209	0.803	"1"
"考试"	1	0	0	0.349	0.27	0.381	0.457	-0.137	-0.209	0.803	"1"
"而是"	0	1	0	0.349	0.27	0.381	-0.186	0.569	-0.209	0.964	"2"
"耍"	0	1	0	0.349	0.27	0.381	-0.186	0.569	-0.209	0.964	"2"
"耐心"	1	0	0	0.349	0.27	0.381	0.457	-0.137	-0.209	0.803	"1"
"耳窿"	0	1	0	0.349	0.27	0.381	-0.186	0.569	-0.209	0.964	"2"
"职业"	1	0	0	0.349	0.27	0.381	0.457	-0.137	-0.209	0.803	"1"
"联互通"	0	0	1	0.349	0.27	0.381	-0.186	-0.137	0.419	0.742	"3"
"聚敛"	0	2	0	0.698	0.54	0.763	-0.373	1.138	-0.417	1.928	"2"
"肆无忌惮"	0	1	0	0.349	0.27	0.381	-0.186	0.569	-0.209	0.964	"2"
"肉"	1	0	0	0.349	0.27	0.381	0.457	-0.137	-0.209	0.803	"1"
"肝炎"	0	0	1	0.349	0.27	0.381	-0.186	-0.137	0.419	0.742	"3"
"育"	1	0	0	0.349	0.27	0.381	0.457	-0.137	-0.209	0.803	"1"
"育种"	0	0	1	0.349	0.27	0.381	-0.186	-0.137	0.419	0.742	"3"
"能力"	0	0	1	0.349	0.27	0.381	-0.186	-0.137	0.419	0.742	"3"
"能量"	0	0	1	0.349	0.27	0.381	-0.186	-0.137	0.419	0.742	"3"
"脱水"	0	0	1	0.349	0.27	0.381	-0.186	-0.137	0.419	0.742	"3"
"腐败"	0	1	0	0.349	0.27	0.381	-0.186	0.569	-0.209	0.964	"2"
"自信心"	1	0	0	0.349	0.27	0.381	0.457	-0.137	-0.209	0.803	"1"
"自己"	2	0	0	0.698	0.54	0.763	0.915	-0.273	-0.417	1.605	"1"
"致富"	0	2	0	0.698	0.54	0.763	-0.373	1.138	-0.417	1.928	"2"
"致病"	0	0	1	0.349	0.27	0.381	-0.186	-0.137	0.419	0.742	"3"
"舌诊"	0	0	1	0.349	0.27	0.381	-0.186	-0.137	0.419	0.742	"3"
"舞狮"	1	0	0	0.349	0.27	0.381	0.457	-0.137	-0.209	0.803	"1"
"舞者"	1	0	0	0.349	0.27	0.381	0.457	-0.137	-0.209	0.803	"1"
"舞蹈"	2	0	0	0.698	0.54	0.763	0.915	-0.273	-0.417	1.605	"1"
"艺术"	8	0	1	3.139	2.428	3.432	2.866	-1.229	-1.061	5.156	"1"
"艺术家"	1	0	0	0.349	0.27	0.381	0.457	-0.137	-0.209	0.803	"1"
"艾"	0	0	1	0.349	0.27	0.381	-0.186	-0.137	0.419	0.742	"3"
"花样"	1	0	0	0.349	0.27	0.381	0.457	-0.137	-0.209	0.803	"1"
"花样百出"	0	1	0	0.349	0.27	0.381	-0.186	0.569	-0.209	0.964	"2"
"花色"	0	0	1	0.349	0.27	0.381	-0.186	-0.137	0.419	0.742	"3"
"苏州"	1	0	0	0.349	0.27	0.381	0.457	-0.137	-0.209	0.803	"1"
"英"	1	0	0	0.349	0.27	0.381	0.457	-0.137	-0.209	0.803	"1"
"草屯镇"	1	0	0	0.349	0.27	0.381	0.457	-0.137	-0.209	0.803	"1"
"荣获"	1	0	0	0.349	0.27	0.381	0.457	-0.137	-0.209	0.803	"1"
"药物"	0	0	2	0.698	0.54	0.763	-0.373	-0.273	0.837	1.483	"3"
"莫扎特"	1	0	0	0.349	0.27	0.381	0.457	-0.137	-0.209	0.803	"1"
"获取"	0	0	1	0.349	0.27	0.381	-0.186	-0.137	0.419	0.742	"3"
"获选"	1	0	0	0.349	0.27	0.381	0.457	-0.137	-0.209	0.803	"1"
"萃取"	0	0	2	0.698	0.54	0.763	-0.373	-0.273	0.837	1.483	"3"
"萤光"	0	0	1	0.349	0.27	0.381	-0.186	-0.137	0.419	0.742	"3"
"营"	0	1	1	0.698	0.54	0.763	-0.373	0.331	0.21	0.914	"1"
"落后"	0	0	3	1.046	0.809	1.144	-0.559	-0.41	1.256	2.225	"3"
"蒙骗"	0	1	0	0.349	0.27	0.381	-0.186	0.569	-0.209	0.964	"2"
"藏"	1	0	0	0.349	0.27	0.381	0.457	-0.137	-0.209	0.803	"1"
"藏族"	1	0	0	0.349	0.27	0.381	0.457	-0.137	-0.209	0.803	"1"
"虚假"	0	1	1	0.698	0.54	0.763	-0.373	0.331	0.21	0.914	"1"
"虚报"	0	2	0	0.698	0.54	0.763	-0.373	1.138	-0.417	1.928	"2"
"蛋白"	0	0	1	0.349	0.27	0.381	-0.186	-0.137	0.419	0.742	"3"
"蜀绣"	1	0	0	0.349	0.27	0.381	0.457	-0.137	-0.209	0.803	"1"
"血液"	0	0	1	0.349	0.27	0.381	-0.186	-0.137	0.419	0.742	"3"
"血腥"	0	1	0	0.349	0.27	0.381	-0.186	0.569	-0.209	0.964	"2"
"血迹"	1	0	0	0.349	0.27	0.381	0.457	-0.137	-0.209	0.803	"1"
"行业"	1	0	1	0.698	0.54	0.763	0.24	-0.273	0.21	0.723	"2"
"行为"	0	1	3	1.395	1.079	1.525	-0.745	-0.152	0.8	1.697	"3"
"行劫"	0	0	1	0.349	0.27	0.381	-0.186	-0.137	0.419	0.742	"3"
"行政"	0	1	10	3.837	2.968	4.195	-2.049	-0.798	3.33	6.177	"3"
"行贿"	0	2	0	0.698	0.54	0.763	-0.373	1.138	-0.417	1.928	"2"
"表情"	1	0	0	0.349	0.27	0.381	0.457	-0.137	-0.209	0.803	"1"
"表演"	7	0	0	2.442	1.889	2.67	3.202	-0.956	-1.46	5.618	"1"
"表现"	2	0	0	0.698	0.54	0.763	0.915	-0.273	-0.417	1.605	"1"
"表达"	2	0	0	0.698	0.54	0.763	0.915	-0.273	-0.417	1.605	"1"
"裁员"	0	1	0	0.349	0.27	0.381	-0.186	0.569	-0.209	0.964	"2"
"装备"	0	1	2	1.046	0.809	1.144	-0.559	0.214	0.488	1.261	"1"
"裸照"	0	0	1	0.349	0.27	0.381	-0.186	-0.137	0.419	0.742	"3"
"西方"	2	0	0	0.698	0.54	0.763	0.915	-0.273	-0.417	1.605	"1"
"西部"	1	0	0	0.349	0.27	0.381	0.457	-0.137	-0.209	0.803	"1"
"见怪"	0	1	0	0.349	0.27	0.381	-0.186	0.569	-0.209	0.964	"2"
"观"	0	2	1	1.046	0.809	1.144	-0.559	0.747	-0.171	1.477	"2"
"观摩"	1	0	0	0.349	0.27	0.381	0.457	-0.137	-0.209	0.803	"1"
"规律"	0	0	1	0.349	0.27	0.381	-0.186	-0.137	0.419	0.742	"3"
"规模"	1	0	0	0.349	0.27	0.381	0.457	-0.137	-0.209	0.803	"1"
"规范"	0	0	1	0.349	0.27	0.381	-0.186	-0.137	0.419	0.742	"3"
"视为"	2	0	0	0.698	0.54	0.763	0.915	-0.273	-0.417	1.605	"1"
"视觉"	1	0	0	0.349	0.27	0.381	0.457	-0.137	-0.209	0.803	"1"
"解决"	1	13	2	5.581	4.317	6.102	-2	5.023	-1.585	8.608	"2"
"解决不了"	0	1	0	0.349	0.27	0.381	-0.186	0.569	-0.209	0.964	"2"
"詹森"	0	1	0	0.349	0.27	0.381	-0.186	0.569	-0.209	0.964	"2"
"警告"	0	0	1	0.349	0.27	0.381	-0.186	-0.137	0.419	0.742	"3"
"警纪"	0	1	0	0.349	0.27	0.381	-0.186	0.569	-0.209	0.964	"2"
"计算机"	1	0	1	0.698	0.54	0.763	0.24	-0.273	0.21	0.723	"2"
"计谋"	0	1	0	0.349	0.27	0.381	-0.186	0.569	-0.209	0.964	"2"
"认养"	1	0	0	0.349	0.27	0.381	0.457	-0.137	-0.209	0.803	"1"
"认识"	0	0	1	0.349	0.27	0.381	-0.186	-0.137	0.419	0.742	"3"
"训练"	4	0	1	1.744	1.349	1.907	1.273	-0.683	-0.432	2.388	"1"
"议事"	0	2	0	0.698	0.54	0.763	-0.373	1.138	-0.417	1.928	"2"
"记"	1	0	1	0.698	0.54	0.763	0.24	-0.273	0.21	0.723	"2"
"讲"	1	0	0	0.349	0.27	0.381	0.457	-0.137	-0.209	0.803	"1"
"讲师"	1	0	0	0.349	0.27	0.381	0.457	-0.137	-0.209	0.803	"1"
"讲座"	3	0	0	1.046	0.809	1.144	1.372	-0.41	-0.626	2.408	"1"
"讲求"	1	0	0	0.349	0.27	0.381	0.457	-0.137	-0.209	0.803	"1"
"讲究"	2	0	0	0.698	0.54	0.763	0.915	-0.273	-0.417	1.605	"1"
"讲解"	3	0	0	1.046	0.809	1.144	1.372	-0.41	-0.626	2.408	"1"
"许多"	3	0	0	1.046	0.809	1.144	1.372	-0.41	-0.626	2.408	"1"
"许效舜"	1	0	0	0.349	0.27	0.381	0.457	-0.137	-0.209	0.803	"1"
"许添财"	0	1	0	0.349	0.27	0.381	-0.186	0.569	-0.209	0.964	"2"
"设备"	0	0	5	1.744	1.349	1.907	-0.931	-0.683	2.093	3.707	"3"
"设计"	4	0	0	1.395	1.079	1.525	1.83	-0.546	-0.834	3.21	"1"
"证书"	0	0	1	0.349	0.27	0.381	-0.186	-0.137	0.419	0.742	"3"
"诈骗"	0	2	0	0.698	0.54	0.763	-0.373	1.138	-0.417	1.928	"2"
"诉讼"	1	0	0	0.349	0.27	0.381	0.457	-0.137	-0.209	0.803	"1"
"诉诸"	0	5	0	1.744	1.349	1.907	-0.931	2.845	-1.043	4.819	"2"
"试想"	0	1	0	0.349	0.27	0.381	-0.186	0.569	-0.209	0.964	"2"
"误导"	0	1	0	0.349	0.27	0.381	-0.186	0.569	-0.209	0.964	"2"
"误解"	0	0	1	0.349	0.27	0.381	-0.186	-0.137	0.419	0.742	"3"
"诱"	0	2	0	0.698	0.54	0.763	-0.373	1.138	-0.417	1.928	"2"
"诱使"	0	1	0	0.349	0.27	0.381	-0.186	0.569	-0.209	0.964	"2"
"诱骗"	0	0	1	0.349	0.27	0.381	-0.186	-0.137	0.419	0.742	"3"
"说不清"	1	0	0	0.349	0.27	0.381	0.457	-0.137	-0.209	0.803	"1"
"诺贝尔奖"	1	0	0	0.349	0.27	0.381	0.457	-0.137	-0.209	0.803	"1"
"课程"	4	0	0	1.395	1.079	1.525	1.83	-0.546	-0.834	3.21	"1"
"调动"	0	0	1	0.349	0.27	0.381	-0.186	-0.137	0.419	0.742	"3"
"调度"	0	1	0	0.349	0.27	0.381	-0.186	0.569	-0.209	0.964	"2"
"调控"	0	1	1	0.698	0.54	0.763	-0.373	0.331	0.21	0.914	"1"
"调解"	0	0	1	0.349	0.27	0.381	-0.186	-0.137	0.419	0.742	"3"
"谋生"	0	1	0	0.349	0.27	0.381	-0.186	0.569	-0.209	0.964	"2"
"谴责"	0	1	1	0.698	0.54	0.763	-0.373	0.331	0.21	0.914	"1"
"贡酒"	1	0	0	0.349	0.27	0.381	0.457	-0.137	-0.209	0.803	"1"
"财政"	0	1	1	0.698	0.54	0.763	-0.373	0.331	0.21	0.914	"1"
"财物"	0	0	1	0.349	0.27	0.381	-0.186	-0.137	0.419	0.742	"3"
"责任人"	0	0	1	0.349	0.27	0.381	-0.186	-0.137	0.419	0.742	"3"
"质"	0	0	1	0.349	0.27	0.381	-0.186	-0.137	0.419	0.742	"3"
"质量"	1	0	2	1.046	0.809	1.144	-0.143	-0.41	0.488	1.041	"3"
"贵州省"	2	0	0	0.698	0.54	0.763	0.915	-0.273	-0.417	1.605	"1"
"贷款"	0	1	0	0.349	0.27	0.381	-0.186	0.569	-0.209	0.964	"2"
"资"	1	0	1	0.698	0.54	0.763	0.24	-0.273	0.21	0.723	"2"
"资产"	0	1	3	1.395	1.079	1.525	-0.745	-0.152	0.8	1.697	"3"
"资本"	0	1	2	1.046	0.809	1.144	-0.559	0.214	0.488	1.261	"1"
"资讯"	0	0	2	0.698	0.54	0.763	-0.373	-0.273	0.837	1.483	"3"
"赖英芳"	2	0	0	0.698	0.54	0.763	0.915	-0.273	-0.417	1.605	"1"
"赛"	1	0	0	0.349	0.27	0.381	0.457	-0.137	-0.209	0.803	"1"
"赢得"	3	0	0	1.046	0.809	1.144	1.372	-0.41	-0.626	2.408	"1"
"超"	1	0	2	1.046	0.809	1.144	-0.143	-0.41	0.488	1.041	"3"
"超导"	0	0	1	0.349	0.27	0.381	-0.186	-0.137	0.419	0.742	"3"
"越来越"	2	0	1	1.046	0.809	1.144	0.553	-0.41	-0.171	1.134	"1"
"跳水界"	1	0	0	0.349	0.27	0.381	0.457	-0.137	-0.209	0.803	"1"
"身心"	3	0	0	1.046	0.809	1.144	1.372	-0.41	-0.626	2.408	"1"
"转变"	0	0	1	0.349	0.27	0.381	-0.186	-0.137	0.419	0.742	"3"
"转基因"	0	0	1	0.349	0.27	0.381	-0.186	-0.137	0.419	0.742	"3"
"转让"	0	0	2	0.698	0.54	0.763	-0.373	-0.273	0.837	1.483	"3"
"软"	0	1	0	0.349	0.27	0.381	-0.186	0.569	-0.209	0.964	"2"
"载"	1	0	0	0.349	0.27	0.381	0.457	-0.137	-0.209	0.803	"1"
"较为"	0	1	0	0.349	0.27	0.381	-0.186	0.569	-0.209	0.964	"2"
"辅"	0	0	2	0.698	0.54	0.763	-0.373	-0.273	0.837	1.483	"3"
"达到"	1	0	0	0.349	0.27	0.381	0.457	-0.137	-0.209	0.803	"1"
"迁徙"	0	1	0	0.349	0.27	0.381	-0.186	0.569	-0.209	0.964	"2"
"过程"	1	0	3	1.395	1.079	1.525	-0.248	-0.546	0.8	1.594	"3"
"迎客"	1	0	0	0.349	0.27	0.381	0.457	-0.137	-0.209	0.803	"1"
"运"	0	1	2	1.046	0.809	1.144	-0.559	0.214	0.488	1.261	"1"
"运作"	0	2	2	1.395	1.079	1.525	-0.745	0.529	0.308	1.582	"1"
"运动"	2	0	0	0.698	0.54	0.763	0.915	-0.273	-0.417	1.605	"1"
"运动员"	0	0	1	0.349	0.27	0.381	-0.186	-0.137	0.419	0.742	"3"
"运用"	2	0	20	7.674	5.936	8.39	-2.2	-3.005	6.401	11.606	"3"
"运算"	0	0	1	0.349	0.27	0.381	-0.186	-0.137	0.419	0.742	"3"
"运营"	0	0	1	0.349	0.27	0.381	-0.186	-0.137	0.419	0.742	"3"
"还是"	1	0	0	0.349	0.27	0.381	0.457	-0.137	-0.209	0.803	"1"
"这样"	1	0	0	0.349	0.27	0.381	0.457	-0.137	-0.209	0.803	"1"
"进攻"	0	1	0	0.349	0.27	0.381	-0.186	0.569	-0.209	0.964	"2"
"进步"	1	0	0	0.349	0.27	0.381	0.457	-0.137	-0.209	0.803	"1"
"进补"	2	0	0	0.698	0.54	0.763	0.915	-0.273	-0.417	1.605	"1"
"进食"	1	0	0	0.349	0.27	0.381	0.457	-0.137	-0.209	0.803	"1"
"违法"	0	1	0	0.349	0.27	0.381	-0.186	0.569	-0.209	0.964	"2"
"连结"	0	0	1	0.349	0.27	0.381	-0.186	-0.137	0.419	0.742	"3"
"迟缓"	0	1	0	0.349	0.27	0.381	-0.186	0.569	-0.209	0.964	"2"
"迪尼"	0	1	0	0.349	0.27	0.381	-0.186	0.569	-0.209	0.964	"2"
"迫"	0	1	0	0.349	0.27	0.381	-0.186	0.569	-0.209	0.964	"2"
"迫使"	0	0	1	0.349	0.27	0.381	-0.186	-0.137	0.419	0.742	"3"
"迷人"	0	0	1	0.349	0.27	0.381	-0.186	-0.137	0.419	0.742	"3"
"迷药"	0	1	0	0.349	0.27	0.381	-0.186	0.569	-0.209	0.964	"2"
"追债"	0	1	0	0.349	0.27	0.381	-0.186	0.569	-0.209	0.964	"2"
"追回"	0	0	1	0.349	0.27	0.381	-0.186	-0.137	0.419	0.742	"3"
"退回"	0	0	1	0.349	0.27	0.381	-0.186	-0.137	0.419	0.742	"3"
"退税"	0	1	0	0.349	0.27	0.381	-0.186	0.569	-0.209	0.964	"2"
"适当"	0	0	1	0.349	0.27	0.381	-0.186	-0.137	0.419	0.742	"3"
"选聘"	0	0	1	0.349	0.27	0.381	-0.186	-0.137	0.419	0.742	"3"
"透过"	0	2	0	0.698	0.54	0.763	-0.373	1.138	-0.417	1.928	"2"
"途径"	0	1	0	0.349	0.27	0.381	-0.186	0.569	-0.209	0.964	"2"
"通"	0	1	0	0.349	0.27	0.381	-0.186	0.569	-0.209	0.964	"2"
"通信"	0	0	2	0.698	0.54	0.763	-0.373	-0.273	0.837	1.483	"3"
"通关"	0	0	1	0.349	0.27	0.381	-0.186	-0.137	0.419	0.742	"3"
"通行"	1	0	0	0.349	0.27	0.381	0.457	-0.137	-0.209	0.803	"1"
"通讯"	0	0	1	0.349	0.27	0.381	-0.186	-0.137	0.419	0.742	"3"
"通过"	0	17	16	11.51	8.904	12.585	-6.147	2.626	0.829	9.602	"1"
"速度"	1	0	0	0.349	0.27	0.381	0.457	-0.137	-0.209	0.803	"1"
"造假"	0	1	0	0.349	0.27	0.381	-0.186	0.569	-0.209	0.964	"2"
"造园"	1	0	0	0.349	0.27	0.381	0.457	-0.137	-0.209	0.803	"1"
"造型"	1	0	0	0.349	0.27	0.381	0.457	-0.137	-0.209	0.803	"1"
"逮获"	0	1	0	0.349	0.27	0.381	-0.186	0.569	-0.209	0.964	"2"
"逼真"	0	0	1	0.349	0.27	0.381	-0.186	-0.137	0.419	0.742	"3"
"遂行"	0	1	0	0.349	0.27	0.381	-0.186	0.569	-0.209	0.964	"2"
"遇"	1	0	0	0.349	0.27	0.381	0.457	-0.137	-0.209	0.803	"1"
"遏制"	0	1	0	0.349	0.27	0.381	-0.186	0.569	-0.209	0.964	"2"
"遏阻"	0	1	0	0.349	0.27	0.381	-0.186	0.569	-0.209	0.964	"2"
"道口"	0	1	0	0.349	0.27	0.381	-0.186	0.569	-0.209	0.964	"2"
"遣"	1	0	0	0.349	0.27	0.381	0.457	-0.137	-0.209	0.803	"1"
"那会"	1	0	0	0.349	0.27	0.381	0.457	-0.137	-0.209	0.803	"1"
"邪教"	0	0	1	0.349	0.27	0.381	-0.186	-0.137	0.419	0.742	"3"
"邪教组织"	0	0	1	0.349	0.27	0.381	-0.186	-0.137	0.419	0.742	"3"
"邻国"	0	1	0	0.349	0.27	0.381	-0.186	0.569	-0.209	0.964	"2"
"部长"	1	0	0	0.349	0.27	0.381	0.457	-0.137	-0.209	0.803	"1"
"都"	3	0	0	1.046	0.809	1.144	1.372	-0.41	-0.626	2.408	"1"
"配套"	0	0	1	0.349	0.27	0.381	-0.186	-0.137	0.419	0.742	"3"
"酒杯"	1	0	0	0.349	0.27	0.381	0.457	-0.137	-0.209	0.803	"1"
"采"	0	1	0	0.349	0.27	0.381	-0.186	0.569	-0.209	0.964	"2"
"采取"	0	19	1	6.976	5.397	7.627	-3.726	9.637	-3.047	16.41	"2"
"采用"	0	1	12	4.534	3.508	4.958	-2.422	-1.012	4.098	7.532	"3"
"重新"	1	0	0	0.349	0.27	0.381	0.457	-0.137	-0.209	0.803	"1"
"重点"	1	0	0	0.349	0.27	0.381	0.457	-0.137	-0.209	0.803	"1"
"重要"	1	0	7	2.79	2.159	3.051	-0.767	-1.093	2.204	4.064	"3"
"重视"	1	0	0	0.349	0.27	0.381	0.457	-0.137	-0.209	0.803	"1"
"量抓好宏"	0	0	1	0.349	0.27	0.381	-0.186	-0.137	0.419	0.742	"3"
"金陵"	1	0	0	0.349	0.27	0.381	0.457	-0.137	-0.209	0.803	"1"
"金顶"	0	0	1	0.349	0.27	0.381	-0.186	-0.137	0.419	0.742	"3"
"针锋相对"	0	1	0	0.349	0.27	0.381	-0.186	0.569	-0.209	0.964	"2"
"钊谈"	0	1	0	0.349	0.27	0.381	-0.186	0.569	-0.209	0.964	"2"
"钢琴家"	1	0	0	0.349	0.27	0.381	0.457	-0.137	-0.209	0.803	"1"
"钢铁"	0	0	2	0.698	0.54	0.763	-0.373	-0.273	0.837	1.483	"3"
"钥匙"	0	1	0	0.349	0.27	0.381	-0.186	0.569	-0.209	0.964	"2"
"钱财"	0	1	0	0.349	0.27	0.381	-0.186	0.569	-0.209	0.964	"2"
"铜鼓"	2	0	0	0.698	0.54	0.763	0.915	-0.273	-0.417	1.605	"1"
"铸造"	3	0	1	1.395	1.079	1.525	0.902	-0.546	-0.294	1.742	"1"
"销"	0	0	1	0.349	0.27	0.381	-0.186	-0.137	0.419	0.742	"3"
"锁喉"	0	1	0	0.349	0.27	0.381	-0.186	0.569	-0.209	0.964	"2"
"镇压"	0	1	0	0.349	0.27	0.381	-0.186	0.569	-0.209	0.964	"2"
"长久"	1	0	0	0.349	0.27	0.381	0.457	-0.137	-0.209	0.803	"1"
"门"	3	0	0	1.046	0.809	1.144	1.372	-0.41	-0.626	2.408	"1"
"问"	1	0	0	0.349	0.27	0.381	0.457	-0.137	-0.209	0.803	"1"
"问及"	1	0	0	0.349	0.27	0.381	0.457	-0.137	-0.209	0.803	"1"
"问诊"	1	0	0	0.349	0.27	0.381	0.457	-0.137	-0.209	0.803	"1"
"闻名"	1	0	0	0.349	0.27	0.381	0.457	-0.137	-0.209	0.803	"1"
"阐明"	1	0	0	0.349	0.27	0.381	0.457	-0.137	-0.209	0.803	"1"
"队伍"	1	0	0	0.349	0.27	0.381	0.457	-0.137	-0.209	0.803	"1"
"防"	0	1	2	1.046	0.809	1.144	-0.559	0.214	0.488	1.261	"1"
"防御"	0	1	0	0.349	0.27	0.381	-0.186	0.569	-0.209	0.964	"2"
"防止"	0	2	0	0.698	0.54	0.763	-0.373	1.138	-0.417	1.928	"2"
"防洪"	0	2	0	0.698	0.54	0.763	-0.373	1.138	-0.417	1.928	"2"
"阵容"	1	0	0	0.349	0.27	0.381	0.457	-0.137	-0.209	0.803	"1"
"阻止"	0	2	0	0.698	0.54	0.763	-0.373	1.138	-0.417	1.928	"2"
"限制"	0	0	1	0.349	0.27	0.381	-0.186	-0.137	0.419	0.742	"3"
"限度"	0	0	1	0.349	0.27	0.381	-0.186	-0.137	0.419	0.742	"3"
"院"	2	0	0	0.698	0.54	0.763	0.915	-0.273	-0.417	1.605	"1"
"除了"	1	0	0	0.349	0.27	0.381	0.457	-0.137	-0.209	0.803	"1"
"除恶"	0	1	0	0.349	0.27	0.381	-0.186	0.569	-0.209	0.964	"2"
"陶"	1	0	0	0.349	0.27	0.381	0.457	-0.137	-0.209	0.803	"1"
"陶绘界"	1	0	0	0.349	0.27	0.381	0.457	-0.137	-0.209	0.803	"1"
"隐蔽"	0	1	0	0.349	0.27	0.381	-0.186	0.569	-0.209	0.964	"2"
"障碍"	1	0	0	0.349	0.27	0.381	0.457	-0.137	-0.209	0.803	"1"
"难度"	1	0	1	0.698	0.54	0.763	0.24	-0.273	0.21	0.723	"2"
"难题"	1	0	0	0.349	0.27	0.381	0.457	-0.137	-0.209	0.803	"1"
"雄伟"	1	0	0	0.349	0.27	0.381	0.457	-0.137	-0.209	0.803	"1"
"雄厚"	0	0	1	0.349	0.27	0.381	-0.186	-0.137	0.419	0.742	"3"
"集"	1	0	0	0.349	0.27	0.381	0.457	-0.137	-0.209	0.803	"1"
"集中力"	0	0	1	0.349	0.27	0.381	-0.186	-0.137	0.419	0.742	"3"
"集堆"	0	1	0	0.349	0.27	0.381	-0.186	0.569	-0.209	0.964	"2"
"集成电路"	0	0	1	0.349	0.27	0.381	-0.186	-0.137	0.419	0.742	"3"
"雕塑"	0	1	0	0.349	0.27	0.381	-0.186	0.569	-0.209	0.964	"2"
"需要"	2	0	0	0.698	0.54	0.763	0.915	-0.273	-0.417	1.605	"1"
"非"	0	3	0	1.046	0.809	1.144	-0.559	1.707	-0.626	2.892	"2"
"非常"	1	0	0	0.349	0.27	0.381	0.457	-0.137	-0.209	0.803	"1"
"非常规"	0	1	0	0.349	0.27	0.381	-0.186	0.569	-0.209	0.964	"2"
"非法"	0	6	0	2.093	1.619	2.288	-1.118	3.413	-1.251	5.782	"2"
"靠"	1	0	1	0.698	0.54	0.763	0.24	-0.273	0.21	0.723	"2"
"面临"	1	0	0	0.349	0.27	0.381	0.457	-0.137	-0.209	0.803	"1"
"音乐"	1	0	1	0.698	0.54	0.763	0.24	-0.273	0.21	0.723	"2"
"音像"	0	0	2	0.698	0.54	0.763	-0.373	-0.273	0.837	1.483	"3"
"项"	1	0	2	1.046	0.809	1.144	-0.143	-0.41	0.488	1.041	"3"
"顽强"	1	0	0	0.349	0.27	0.381	0.457	-0.137	-0.209	0.803	"1"
"顾客"	1	0	0	0.349	0.27	0.381	0.457	-0.137	-0.209	0.803	"1"
"颁发"	1	0	0	0.349	0.27	0.381	0.457	-0.137	-0.209	0.803	"1"
"预祝"	1	0	0	0.349	0.27	0.381	0.457	-0.137	-0.209	0.803	"1"
"预警"	0	0	1	0.349	0.27	0.381	-0.186	-0.137	0.419	0.742	"3"
"预防"	0	0	4	1.395	1.079	1.525	-0.745	-0.546	1.675	2.966	"3"
"领先"	0	0	1	0.349	0.27	0.381	-0.186	-0.137	0.419	0.742	"3"
"频仍"	0	0	1	0.349	0.27	0.381	-0.186	-0.137	0.419	0.742	"3"
"风度"	1	0	0	0.349	0.27	0.381	0.457	-0.137	-0.209	0.803	"1"
"风情"	1	0	0	0.349	0.27	0.381	0.457	-0.137	-0.209	0.803	"1"
"风格"	2	0	0	0.698	0.54	0.763	0.915	-0.273	-0.417	1.605	"1"
"风险"	0	2	0	0.698	0.54	0.763	-0.373	1.138	-0.417	1.928	"2"
"风雨桥"	1	0	0	0.349	0.27	0.381	0.457	-0.137	-0.209	0.803	"1"
"食"	1	0	0	0.349	0.27	0.381	0.457	-0.137	-0.209	0.803	"1"
"餐点"	1	0	0	0.349	0.27	0.381	0.457	-0.137	-0.209	0.803	"1"
"餐饮"	1	0	0	0.349	0.27	0.381	0.457	-0.137	-0.209	0.803	"1"
"饭铺"	0	0	1	0.349	0.27	0.381	-0.186	-0.137	0.419	0.742	"3"
"香山帮"	1	0	0	0.349	0.27	0.381	0.457	-0.137	-0.209	0.803	"1"
"香烟"	0	0	1	0.349	0.27	0.381	-0.186	-0.137	0.419	0.742	"3"
"马六"	0	1	0	0.349	0.27	0.381	-0.186	0.569	-0.209	0.964	"2"
"马方"	0	1	0	0.349	0.27	0.381	-0.186	0.569	-0.209	0.964	"2"
"马来人"	0	0	1	0.349	0.27	0.381	-0.186	-0.137	0.419	0.742	"3"
"驱离"	0	1	0	0.349	0.27	0.381	-0.186	0.569	-0.209	0.964	"2"
"驾车"	1	0	0	0.349	0.27	0.381	0.457	-0.137	-0.209	0.803	"1"
"骗取"	0	1	0	0.349	0.27	0.381	-0.186	0.569	-0.209	0.964	"2"
"高居不下"	0	1	0	0.349	0.27	0.381	-0.186	0.569	-0.209	0.964	"2"
"高效"	0	0	1	0.349	0.27	0.381	-0.186	-0.137	0.419	0.742	"3"
"高明"	4	1	0	1.744	1.349	1.907	1.273	-0.228	-1.043	2.544	"1"
"高科"	0	0	1	0.349	0.27	0.381	-0.186	-0.137	0.419	0.742	"3"
"高科技"	0	0	5	1.744	1.349	1.907	-0.931	-0.683	2.093	3.707	"3"
"高等"	0	0	1	0.349	0.27	0.381	-0.186	-0.137	0.419	0.742	"3"
"高级"	1	0	0	0.349	0.27	0.381	0.457	-0.137	-0.209	0.803	"1"
"高超"	7	0	0	2.442	1.889	2.67	3.202	-0.956	-1.46	5.618	"1"
"高雄县"	1	0	0	0.349	0.27	0.381	0.457	-0.137	-0.209	0.803	"1"
"魏美文"	1	0	0	0.349	0.27	0.381	0.457	-0.137	-0.209	0.803	"1"
"黄"	1	0	0	0.349	0.27	0.381	0.457	-0.137	-0.209	0.803	"1"
"黏土"	1	0	0	0.349	0.27	0.381	0.457	-0.137	-0.209	0.803	"1"
"黑社会"	0	1	0	0.349	0.27	0.381	-0.186	0.569	-0.209	0.964	"2"
"鼓"	1	0	0	0.349	0.27	0.381	0.457	-0.137	-0.209	0.803	"1"
"鼓励"	1	0	0	0.349	0.27	0.381	0.457	-0.137	-0.209	0.803	"1"
"龙头"	1	0	0	0.349	0.27	0.381	0.457	-0.137	-0.209	0.803	"1"
"龚家政"	0	1	0	0.349	0.27	0.381	-0.186	0.569	-0.209	0.964	"2"
