"Coll_Word"	"1"	"2"	"3"	"exp_1"	"exp_2"	"exp_3"	"pbin_1"	"pbin_2"	"pbin_3"	"SumAbsDev"	"LargestDev"
"--"	0	1	0	0.392	0.101	0.507	-0.216	0.998	-0.307	1.521	"2"
"－－"	1	0	3	1.57	0.402	2.028	-0.311	-0.184	0.491	0.986	"3"
"……"	0	0	1	0.392	0.101	0.507	-0.216	-0.046	0.295	0.557	"3"
"《"	0	1	16	6.671	1.71	8.62	-3.678	-0.32	3.77	7.768	"3"
"》"	0	1	17	7.063	1.81	9.127	-3.895	-0.35	4.042	8.287	"3"
"12－16世纪"	0	0	1	0.392	0.101	0.507	-0.216	-0.046	0.295	0.557	"3"
"1200多"	1	0	0	0.392	0.101	0.507	0.406	-0.046	-0.307	0.759	"1"
"1200年"	0	1	0	0.392	0.101	0.507	-0.216	0.998	-0.307	1.521	"2"
"1600"	0	0	1	0.392	0.101	0.507	-0.216	-0.046	0.295	0.557	"3"
"18％"	1	0	0	0.392	0.101	0.507	0.406	-0.046	-0.307	0.759	"1"
"19世纪"	1	0	0	0.392	0.101	0.507	0.406	-0.046	-0.307	0.759	"1"
"20世纪"	3	0	0	1.177	0.302	1.521	1.219	-0.138	-0.922	2.279	"1"
"20多万"	0	0	1	0.392	0.101	0.507	-0.216	-0.046	0.295	0.557	"3"
"21世纪"	2	0	0	0.785	0.201	1.014	0.813	-0.092	-0.614	1.519	"1"
"26％"	1	0	0	0.392	0.101	0.507	0.406	-0.046	-0.307	0.759	"1"
"397"	0	1	0	0.392	0.101	0.507	-0.216	0.998	-0.307	1.521	"2"
"5000年"	0	1	0	0.392	0.101	0.507	-0.216	0.998	-0.307	1.521	"2"
"589年"	0	0	1	0.392	0.101	0.507	-0.216	-0.046	0.295	0.557	"3"
"60"	0	0	1	0.392	0.101	0.507	-0.216	-0.046	0.295	0.557	"3"
"650"	0	0	1	0.392	0.101	0.507	-0.216	-0.046	0.295	0.557	"3"
"6600"	1	0	0	0.392	0.101	0.507	0.406	-0.046	-0.307	0.759	"1"
"80年代"	0	0	1	0.392	0.101	0.507	-0.216	-0.046	0.295	0.557	"3"
"891123"	0	0	1	0.392	0.101	0.507	-0.216	-0.046	0.295	0.557	"3"
"90"	0	0	1	0.392	0.101	0.507	-0.216	-0.046	0.295	0.557	"3"
"90年代"	3	0	0	1.177	0.302	1.521	1.219	-0.138	-0.922	2.279	"1"
"CITYSUPE"	0	0	1	0.392	0.101	0.507	-0.216	-0.046	0.295	0.557	"3"
"e"	4	0	0	1.57	0.402	2.028	1.625	-0.184	-1.229	3.038	"1"
"E"	1	0	0	0.392	0.101	0.507	0.406	-0.046	-0.307	0.759	"1"
"mode"	0	0	1	0.392	0.101	0.507	-0.216	-0.046	0.295	0.557	"3"
"O"	0	0	1	0.392	0.101	0.507	-0.216	-0.046	0.295	0.557	"3"
"PC"	1	0	1	0.785	0.201	1.014	0.2	-0.092	-0.129	0.421	"1"
"SARS"	0	0	4	1.57	0.402	2.028	-0.865	-0.184	1.18	2.229	"3"
"Someople's"	0	0	1	0.392	0.101	0.507	-0.216	-0.046	0.295	0.557	"3"
"SOS"	0	0	1	0.392	0.101	0.507	-0.216	-0.046	0.295	0.557	"3"
"thetimes"	0	0	1	0.392	0.101	0.507	-0.216	-0.046	0.295	0.557	"3"
"tradinloor"	0	0	1	0.392	0.101	0.507	-0.216	-0.046	0.295	0.557	"3"
"with"	0	0	1	0.392	0.101	0.507	-0.216	-0.046	0.295	0.557	"3"
"一七六七年"	0	0	1	0.392	0.101	0.507	-0.216	-0.046	0.295	0.557	"3"
"一两"	0	0	1	0.392	0.101	0.507	-0.216	-0.046	0.295	0.557	"3"
"一九三三年"	0	0	1	0.392	0.101	0.507	-0.216	-0.046	0.295	0.557	"3"
"一九八"	0	0	1	0.392	0.101	0.507	-0.216	-0.046	0.295	0.557	"3"
"一五"	1	0	0	0.392	0.101	0.507	0.406	-0.046	-0.307	0.759	"1"
"一件件"	0	1	0	0.392	0.101	0.507	-0.216	0.998	-0.307	1.521	"2"
"一八九九年"	0	0	1	0.392	0.101	0.507	-0.216	-0.046	0.295	0.557	"3"
"一去不复返"	0	0	1	0.392	0.101	0.507	-0.216	-0.046	0.295	0.557	"3"
"一定"	1	0	0	0.392	0.101	0.507	0.406	-0.046	-0.307	0.759	"1"
"一张张"	0	0	1	0.392	0.101	0.507	-0.216	-0.046	0.295	0.557	"3"
"一段"	0	0	15	5.886	1.508	7.606	-3.246	-0.69	4.424	8.36	"3"
"丁杉龙"	0	0	1	0.392	0.101	0.507	-0.216	-0.046	0.295	0.557	"3"
"七星"	0	1	0	0.392	0.101	0.507	-0.216	0.998	-0.307	1.521	"2"
"万变"	1	0	0	0.392	0.101	0.507	0.406	-0.046	-0.307	0.759	"1"
"三代"	1	0	0	0.392	0.101	0.507	0.406	-0.046	-0.307	0.759	"1"
"三八六"	0	1	0	0.392	0.101	0.507	-0.216	0.998	-0.307	1.521	"2"
"三千多"	0	0	1	0.392	0.101	0.507	-0.216	-0.046	0.295	0.557	"3"
"上任"	0	0	1	0.392	0.101	0.507	-0.216	-0.046	0.295	0.557	"3"
"下来"	0	0	2	0.785	0.201	1.014	-0.433	-0.092	0.59	1.115	"3"
"下降"	0	0	1	0.392	0.101	0.507	-0.216	-0.046	0.295	0.557	"3"
"不一"	0	0	1	0.392	0.101	0.507	-0.216	-0.046	0.295	0.557	"3"
"不只"	0	0	1	0.392	0.101	0.507	-0.216	-0.046	0.295	0.557	"3"
"不可"	2	0	0	0.785	0.201	1.014	0.813	-0.092	-0.614	1.519	"1"
"不同"	2	0	9	4.316	1.106	5.578	-0.888	-0.506	1.44	2.834	"3"
"不当"	0	0	3	1.177	0.302	1.521	-0.649	-0.138	0.885	1.672	"3"
"不愧"	1	0	0	0.392	0.101	0.507	0.406	-0.046	-0.307	0.759	"1"
"不断"	0	0	1	0.392	0.101	0.507	-0.216	-0.046	0.295	0.557	"3"
"不景气"	1	0	0	0.392	0.101	0.507	0.406	-0.046	-0.307	0.759	"1"
"不然"	0	0	1	0.392	0.101	0.507	-0.216	-0.046	0.295	0.557	"3"
"专题"	0	0	1	0.392	0.101	0.507	-0.216	-0.046	0.295	0.557	"3"
"业务部门"	1	0	0	0.392	0.101	0.507	0.406	-0.046	-0.307	0.759	"1"
"东北亚"	1	0	0	0.392	0.101	0.507	0.406	-0.046	-0.307	0.759	"1"
"东北角"	1	0	0	0.392	0.101	0.507	0.406	-0.046	-0.307	0.759	"1"
"东周"	0	3	0	1.177	0.302	1.521	-0.649	2.993	-0.922	4.564	"2"
"两晋"	0	0	1	0.392	0.101	0.507	-0.216	-0.046	0.295	0.557	"3"
"丧葬"	1	0	0	0.392	0.101	0.507	0.406	-0.046	-0.307	0.759	"1"
"个"	27	1	21	19.227	4.928	24.845	1.753	-1.444	-0.771	3.968	"1"
"个人电脑"	1	0	0	0.392	0.101	0.507	0.406	-0.046	-0.307	0.759	"1"
"中医学"	2	0	0	0.785	0.201	1.014	0.813	-0.092	-0.614	1.519	"1"
"中华"	2	0	0	0.785	0.201	1.014	0.813	-0.092	-0.614	1.519	"1"
"中华民族"	1	0	0	0.392	0.101	0.507	0.406	-0.046	-0.307	0.759	"1"
"中国工"	1	0	0	0.392	0.101	0.507	0.406	-0.046	-0.307	0.759	"1"
"中学"	0	0	4	1.57	0.402	2.028	-0.865	-0.184	1.18	2.229	"3"
"中森明菜"	0	0	1	0.392	0.101	0.507	-0.216	-0.046	0.295	0.557	"3"
"中美关系"	0	0	1	0.392	0.101	0.507	-0.216	-0.046	0.295	0.557	"3"
"中规中矩"	0	0	1	0.392	0.101	0.507	-0.216	-0.046	0.295	0.557	"3"
"串联"	0	0	1	0.392	0.101	0.507	-0.216	-0.046	0.295	0.557	"3"
"临"	0	0	1	0.392	0.101	0.507	-0.216	-0.046	0.295	0.557	"3"
"临魏摹汉"	0	0	1	0.392	0.101	0.507	-0.216	-0.046	0.295	0.557	"3"
"为"	0	1	1	0.785	0.201	1.014	-0.433	0.719	-0.129	1.281	"2"
"主"	0	0	1	0.392	0.101	0.507	-0.216	-0.046	0.295	0.557	"3"
"主义"	2	0	4	2.354	0.603	3.042	-0.252	-0.276	0.447	0.975	"3"
"主宰"	0	0	1	0.392	0.101	0.507	-0.216	-0.046	0.295	0.557	"3"
"主导"	1	0	0	0.392	0.101	0.507	0.406	-0.046	-0.307	0.759	"1"
"主政"	0	0	1	0.392	0.101	0.507	-0.216	-0.046	0.295	0.557	"3"
"主流"	0	0	1	0.392	0.101	0.507	-0.216	-0.046	0.295	0.557	"3"
"主题"	2	0	0	0.785	0.201	1.014	0.813	-0.092	-0.614	1.519	"1"
"久远"	0	0	2	0.785	0.201	1.014	-0.433	-0.092	0.59	1.115	"3"
"乎"	1	0	0	0.392	0.101	0.507	0.406	-0.046	-0.307	0.759	"1"
"乐章"	0	0	1	0.392	0.101	0.507	-0.216	-0.046	0.295	0.557	"3"
"乒坛"	0	0	1	0.392	0.101	0.507	-0.216	-0.046	0.295	0.557	"3"
"九"	0	0	1	0.392	0.101	0.507	-0.216	-0.046	0.295	0.557	"3"
"书"	0	0	1	0.392	0.101	0.507	-0.216	-0.046	0.295	0.557	"3"
"买主"	0	0	1	0.392	0.101	0.507	-0.216	-0.046	0.295	0.557	"3"
"了"	1	0	6	2.747	0.704	3.549	-0.773	-0.322	1.172	2.267	"3"
"了不起"	0	0	1	0.392	0.101	0.507	-0.216	-0.046	0.295	0.557	"3"
"事业"	2	0	0	0.785	0.201	1.014	0.813	-0.092	-0.614	1.519	"1"
"事物"	0	0	1	0.392	0.101	0.507	-0.216	-0.046	0.295	0.557	"3"
"二十一世纪"	2	0	0	0.785	0.201	1.014	0.813	-0.092	-0.614	1.519	"1"
"二战"	0	0	2	0.785	0.201	1.014	-0.433	-0.092	0.59	1.115	"3"
"亏钱"	1	0	0	0.392	0.101	0.507	0.406	-0.046	-0.307	0.759	"1"
"互"	0	0	1	0.392	0.101	0.507	-0.216	-0.046	0.295	0.557	"3"
"互联"	1	0	0	0.392	0.101	0.507	0.406	-0.046	-0.307	0.759	"1"
"互联网"	1	0	0	0.392	0.101	0.507	0.406	-0.046	-0.307	0.759	"1"
"五世纪"	0	1	0	0.392	0.101	0.507	-0.216	0.998	-0.307	1.521	"2"
"五六十"	0	0	1	0.392	0.101	0.507	-0.216	-0.046	0.295	0.557	"3"
"五十多"	0	0	1	0.392	0.101	0.507	-0.216	-0.046	0.295	0.557	"3"
"亚马逊"	0	0	1	0.392	0.101	0.507	-0.216	-0.046	0.295	0.557	"3"
"产值"	1	0	0	0.392	0.101	0.507	0.406	-0.046	-0.307	0.759	"1"
"产物"	0	0	1	0.392	0.101	0.507	-0.216	-0.046	0.295	0.557	"3"
"亩"	0	0	1	0.392	0.101	0.507	-0.216	-0.046	0.295	0.557	"3"
"人们"	1	0	0	0.392	0.101	0.507	0.406	-0.046	-0.307	0.759	"1"
"人工作"	2	0	0	0.785	0.201	1.014	0.813	-0.092	-0.614	1.519	"1"
"人才工"	1	0	0	0.392	0.101	0.507	0.406	-0.046	-0.307	0.759	"1"
"人权"	1	0	0	0.392	0.101	0.507	0.406	-0.046	-0.307	0.759	"1"
"人生"	0	0	1	0.392	0.101	0.507	-0.216	-0.046	0.295	0.557	"3"
"人类"	1	2	1	1.57	0.402	2.028	-0.311	1.277	-0.52	2.108	"2"
"人造"	0	0	1	0.392	0.101	0.507	-0.216	-0.046	0.295	0.557	"3"
"今"	0	1	0	0.392	0.101	0.507	-0.216	0.998	-0.307	1.521	"2"
"今后"	5	0	3	3.139	0.805	4.056	0.79	-0.368	-0.458	1.616	"1"
"仍然"	1	0	1	0.785	0.201	1.014	0.2	-0.092	-0.129	0.421	"1"
"代"	1	1	1	1.177	0.302	1.521	-0.181	0.565	-0.31	1.056	"2"
"代表性"	0	0	1	0.392	0.101	0.507	-0.216	-0.046	0.295	0.557	"3"
"代言人"	1	0	0	0.392	0.101	0.507	0.406	-0.046	-0.307	0.759	"1"
"代订"	0	0	1	0.392	0.101	0.507	-0.216	-0.046	0.295	0.557	"3"
"以前"	1	0	0	0.392	0.101	0.507	0.406	-0.046	-0.307	0.759	"1"
"以来"	3	0	4	2.747	0.704	3.549	0.249	-0.322	0.288	0.859	"2"
"以至"	1	0	0	0.392	0.101	0.507	0.406	-0.046	-0.307	0.759	"1"
"仰韶"	0	1	0	0.392	0.101	0.507	-0.216	0.998	-0.307	1.521	"2"
"任"	0	0	1	0.392	0.101	0.507	-0.216	-0.046	0.295	0.557	"3"
"众"	1	0	0	0.392	0.101	0.507	0.406	-0.046	-0.307	0.759	"1"
"优良"	1	0	0	0.392	0.101	0.507	0.406	-0.046	-0.307	0.759	"1"
"伟大"	4	0	0	1.57	0.402	2.028	1.625	-0.184	-1.229	3.038	"1"
"传人"	0	0	1	0.392	0.101	0.507	-0.216	-0.046	0.295	0.557	"3"
"传播"	3	0	0	1.177	0.302	1.521	1.219	-0.138	-0.922	2.279	"1"
"传统"	1	0	1	0.785	0.201	1.014	0.2	-0.092	-0.129	0.421	"1"
"传讯"	0	0	1	0.392	0.101	0.507	-0.216	-0.046	0.295	0.557	"3"
"传说"	0	0	1	0.392	0.101	0.507	-0.216	-0.046	0.295	0.557	"3"
"传输"	1	0	0	0.392	0.101	0.507	0.406	-0.046	-0.307	0.759	"1"
"佈局"	0	0	1	0.392	0.101	0.507	-0.216	-0.046	0.295	0.557	"3"
"低迷"	1	0	0	0.392	0.101	0.507	0.406	-0.046	-0.307	0.759	"1"
"佐夫"	0	0	1	0.392	0.101	0.507	-0.216	-0.046	0.295	0.557	"3"
"体校"	0	0	1	0.392	0.101	0.507	-0.216	-0.046	0.295	0.557	"3"
"体现"	2	0	0	0.785	0.201	1.014	0.813	-0.092	-0.614	1.519	"1"
"佛教"	0	1	2	1.177	0.302	1.521	-0.649	0.565	0.292	1.506	"1"
"作"	1	0	0	0.392	0.101	0.507	0.406	-0.046	-0.307	0.759	"1"
"作品"	0	0	7	2.747	0.704	3.549	-1.515	-0.322	2.065	3.902	"3"
"作多"	0	0	1	0.392	0.101	0.507	-0.216	-0.046	0.295	0.557	"3"
"作爱"	0	0	1	0.392	0.101	0.507	-0.216	-0.046	0.295	0.557	"3"
"佳作"	0	0	1	0.392	0.101	0.507	-0.216	-0.046	0.295	0.557	"3"
"使命"	1	0	0	0.392	0.101	0.507	0.406	-0.046	-0.307	0.759	"1"
"依然"	0	0	1	0.392	0.101	0.507	-0.216	-0.046	0.295	0.557	"3"
"俄军"	0	0	1	0.392	0.101	0.507	-0.216	-0.046	0.295	0.557	"3"
"保存"	0	1	0	0.392	0.101	0.507	-0.216	0.998	-0.307	1.521	"2"
"保险单"	0	0	1	0.392	0.101	0.507	-0.216	-0.046	0.295	0.557	"3"
"信息"	4	0	1	1.962	0.503	2.535	1.09	-0.23	-0.748	2.068	"1"
"信息化"	0	0	1	0.392	0.101	0.507	-0.216	-0.046	0.295	0.557	"3"
"倡导"	0	0	1	0.392	0.101	0.507	-0.216	-0.046	0.295	0.557	"3"
"值"	1	0	0	0.392	0.101	0.507	0.406	-0.046	-0.307	0.759	"1"
"做好"	2	1	0	1.177	0.302	1.521	0.467	0.565	-0.922	1.954	"3"
"停留"	0	0	1	0.392	0.101	0.507	-0.216	-0.046	0.295	0.557	"3"
"健身"	1	0	0	0.392	0.101	0.507	0.406	-0.046	-0.307	0.759	"1"
"偶像"	0	0	3	1.177	0.302	1.521	-0.649	-0.138	0.885	1.672	"3"
"偷袭"	0	0	1	0.392	0.101	0.507	-0.216	-0.046	0.295	0.557	"3"
"催泪弹"	0	0	1	0.392	0.101	0.507	-0.216	-0.046	0.295	0.557	"3"
"元"	0	0	1	0.392	0.101	0.507	-0.216	-0.046	0.295	0.557	"3"
"充满"	0	0	2	0.785	0.201	1.014	-0.433	-0.092	0.59	1.115	"3"
"充裕"	0	0	1	0.392	0.101	0.507	-0.216	-0.046	0.295	0.557	"3"
"先机"	1	0	0	0.392	0.101	0.507	0.406	-0.046	-0.307	0.759	"1"
"先进"	2	0	0	0.785	0.201	1.014	0.813	-0.092	-0.614	1.519	"1"
"光复"	1	0	0	0.392	0.101	0.507	0.406	-0.046	-0.307	0.759	"1"
"光头"	0	0	1	0.392	0.101	0.507	-0.216	-0.046	0.295	0.557	"3"
"光电子"	1	0	0	0.392	0.101	0.507	0.406	-0.046	-0.307	0.759	"1"
"光辉"	0	0	1	0.392	0.101	0.507	-0.216	-0.046	0.295	0.557	"3"
"克林顿"	0	0	3	1.177	0.302	1.521	-0.649	-0.138	0.885	1.672	"3"
"全倒焰"	0	1	0	0.392	0.101	0.507	-0.216	0.998	-0.307	1.521	"2"
"全心"	0	0	1	0.392	0.101	0.507	-0.216	-0.046	0.295	0.557	"3"
"全新"	0	0	3	1.177	0.302	1.521	-0.649	-0.138	0.885	1.672	"3"
"全球化"	5	0	1	2.354	0.603	3.042	1.425	-0.276	-0.988	2.689	"1"
"公元"	0	2	4	2.354	0.603	3.042	-1.298	0.938	0.447	2.683	"1"
"公元前"	0	2	0	0.785	0.201	1.014	-0.433	1.995	-0.614	3.042	"2"
"公积金局"	0	0	1	0.392	0.101	0.507	-0.216	-0.046	0.295	0.557	"3"
"六十"	0	0	1	0.392	0.101	0.507	-0.216	-0.046	0.295	0.557	"3"
"六甲"	0	0	1	0.392	0.101	0.507	-0.216	-0.046	0.295	0.557	"3"
"兰"	0	1	0	0.392	0.101	0.507	-0.216	0.998	-0.307	1.521	"2"
"共产"	0	0	1	0.392	0.101	0.507	-0.216	-0.046	0.295	0.557	"3"
"共产党"	0	0	2	0.785	0.201	1.014	-0.433	-0.092	0.59	1.115	"3"
"共渡"	1	0	0	0.392	0.101	0.507	0.406	-0.046	-0.307	0.759	"1"
"关"	1	0	0	0.392	0.101	0.507	0.406	-0.046	-0.307	0.759	"1"
"关键"	4	0	1	1.962	0.503	2.535	1.09	-0.23	-0.748	2.068	"1"
"其后"	0	1	0	0.392	0.101	0.507	-0.216	0.998	-0.307	1.521	"2"
"具备"	0	0	1	0.392	0.101	0.507	-0.216	-0.046	0.295	0.557	"3"
"具有"	2	0	1	1.177	0.302	1.521	0.467	-0.138	-0.31	0.915	"1"
"内"	4	0	6	3.924	1.006	5.07	0.223	-0.46	0.404	1.087	"2"
"内涵"	1	0	1	0.785	0.201	1.014	0.2	-0.092	-0.129	0.421	"1"
"再现"	0	0	1	0.392	0.101	0.507	-0.216	-0.046	0.295	0.557	"3"
"写出"	0	0	1	0.392	0.101	0.507	-0.216	-0.046	0.295	0.557	"3"
"军事"	2	0	0	0.785	0.201	1.014	0.813	-0.092	-0.614	1.519	"1"
"军政"	0	0	1	0.392	0.101	0.507	-0.216	-0.046	0.295	0.557	"3"
"军政府"	0	0	2	0.785	0.201	1.014	-0.433	-0.092	0.59	1.115	"3"
"军队"	2	0	0	0.785	0.201	1.014	0.813	-0.092	-0.614	1.519	"1"
"农委会所"	1	0	0	0.392	0.101	0.507	0.406	-0.046	-0.307	0.759	"1"
"农技"	1	0	0	0.392	0.101	0.507	0.406	-0.046	-0.307	0.759	"1"
"冬季"	0	0	1	0.392	0.101	0.507	-0.216	-0.046	0.295	0.557	"3"
"冰川"	0	0	1	0.392	0.101	0.507	-0.216	-0.046	0.295	0.557	"3"
"冷战"	0	0	10	3.924	1.006	5.07	-2.164	-0.46	2.95	5.574	"3"
"冷淡"	0	0	1	0.392	0.101	0.507	-0.216	-0.046	0.295	0.557	"3"
"净利"	1	0	0	0.392	0.101	0.507	0.406	-0.046	-0.307	0.759	"1"
"几年"	1	0	0	0.392	0.101	0.507	0.406	-0.046	-0.307	0.759	"1"
"出产"	0	0	1	0.392	0.101	0.507	-0.216	-0.046	0.295	0.557	"3"
"出版"	0	1	1	0.785	0.201	1.014	-0.433	0.719	-0.129	1.281	"2"
"凿制"	0	1	0	0.392	0.101	0.507	-0.216	0.998	-0.307	1.521	"2"
"分享"	2	0	0	0.785	0.201	1.014	0.813	-0.092	-0.614	1.519	"1"
"分治"	0	0	1	0.392	0.101	0.507	-0.216	-0.046	0.295	0.557	"3"
"划"	0	0	1	0.392	0.101	0.507	-0.216	-0.046	0.295	0.557	"3"
"列强"	0	0	2	0.785	0.201	1.014	-0.433	-0.092	0.59	1.115	"3"
"刘抗"	0	0	1	0.392	0.101	0.507	-0.216	-0.046	0.295	0.557	"3"
"创业"	1	0	0	0.392	0.101	0.507	0.406	-0.046	-0.307	0.759	"1"
"创作"	3	0	2	1.962	0.503	2.535	0.517	-0.23	-0.313	1.06	"1"
"创党"	0	0	1	0.392	0.101	0.507	-0.216	-0.046	0.295	0.557	"3"
"创出"	1	0	0	0.392	0.101	0.507	0.406	-0.046	-0.307	0.759	"1"
"创始人"	0	0	1	0.392	0.101	0.507	-0.216	-0.046	0.295	0.557	"3"
"创新"	4	0	0	1.57	0.402	2.028	1.625	-0.184	-1.229	3.038	"1"
"创造"	2	0	0	0.785	0.201	1.014	0.813	-0.092	-0.614	1.519	"1"
"初"	0	0	1	0.392	0.101	0.507	-0.216	-0.046	0.295	0.557	"3"
"制卷"	0	0	1	0.392	0.101	0.507	-0.216	-0.046	0.295	0.557	"3"
"制成率"	0	0	2	0.785	0.201	1.014	-0.433	-0.092	0.59	1.115	"3"
"前"	0	2	4	2.354	0.603	3.042	-1.298	0.938	0.447	2.683	"1"
"前所未有"	0	0	1	0.392	0.101	0.507	-0.216	-0.046	0.295	0.557	"3"
"前身"	0	0	1	0.392	0.101	0.507	-0.216	-0.046	0.295	0.557	"3"
"前进"	1	0	0	0.392	0.101	0.507	0.406	-0.046	-0.307	0.759	"1"
"前雷"	0	0	1	0.392	0.101	0.507	-0.216	-0.046	0.295	0.557	"3"
"剽悍"	0	0	1	0.392	0.101	0.507	-0.216	-0.046	0.295	0.557	"3"
"动员"	1	0	1	0.785	0.201	1.014	0.2	-0.092	-0.129	0.421	"1"
"动辄"	0	0	1	0.392	0.101	0.507	-0.216	-0.046	0.295	0.557	"3"
"化"	4	0	1	1.962	0.503	2.535	1.09	-0.23	-0.748	2.068	"1"
"化石"	0	0	1	0.392	0.101	0.507	-0.216	-0.046	0.295	0.557	"3"
"北京山"	0	1	0	0.392	0.101	0.507	-0.216	0.998	-0.307	1.521	"2"
"北方"	0	0	1	0.392	0.101	0.507	-0.216	-0.046	0.295	0.557	"3"
"北齐"	0	1	0	0.392	0.101	0.507	-0.216	0.998	-0.307	1.521	"2"
"匪"	0	0	1	0.392	0.101	0.507	-0.216	-0.046	0.295	0.557	"3"
"匪谍"	0	0	3	1.177	0.302	1.521	-0.649	-0.138	0.885	1.672	"3"
"医护界"	1	0	0	0.392	0.101	0.507	0.406	-0.046	-0.307	0.759	"1"
"十五"	0	0	1	0.392	0.101	0.507	-0.216	-0.046	0.295	0.557	"3"
"千禧年"	0	0	1	0.392	0.101	0.507	-0.216	-0.046	0.295	0.557	"3"
"半导体业"	1	0	0	0.392	0.101	0.507	0.406	-0.046	-0.307	0.759	"1"
"华星"	0	0	1	0.392	0.101	0.507	-0.216	-0.046	0.295	0.557	"3"
"华纳"	0	0	3	1.177	0.302	1.521	-0.649	-0.138	0.885	1.672	"3"
"单晶片"	0	0	1	0.392	0.101	0.507	-0.216	-0.046	0.295	0.557	"3"
"单枪匹马"	0	0	1	0.392	0.101	0.507	-0.216	-0.046	0.295	0.557	"3"
"南北朝"	0	1	1	0.785	0.201	1.014	-0.433	0.719	-0.129	1.281	"2"
"南大"	0	0	1	0.392	0.101	0.507	-0.216	-0.046	0.295	0.557	"3"
"南阳"	0	1	0	0.392	0.101	0.507	-0.216	0.998	-0.307	1.521	"2"
"卡带"	0	0	1	0.392	0.101	0.507	-0.216	-0.046	0.295	0.557	"3"
"卡斯特罗"	0	0	1	0.392	0.101	0.507	-0.216	-0.046	0.295	0.557	"3"
"印刷机"	0	0	1	0.392	0.101	0.507	-0.216	-0.046	0.295	0.557	"3"
"印族"	0	0	1	0.392	0.101	0.507	-0.216	-0.046	0.295	0.557	"3"
"危机"	2	0	0	0.785	0.201	1.014	0.813	-0.092	-0.614	1.519	"1"
"即兴"	1	0	0	0.392	0.101	0.507	0.406	-0.046	-0.307	0.759	"1"
"厂区"	0	0	1	0.392	0.101	0.507	-0.216	-0.046	0.295	0.557	"3"
"历任"	0	0	2	0.785	0.201	1.014	-0.433	-0.092	0.59	1.115	"3"
"历史"	15	1	4	7.848	2.011	10.141	2.894	-0.411	-2.306	5.611	"1"
"历法"	0	0	1	0.392	0.101	0.507	-0.216	-0.046	0.295	0.557	"3"
"原始"	0	0	3	1.177	0.302	1.521	-0.649	-0.138	0.885	1.672	"3"
"原理"	0	0	1	0.392	0.101	0.507	-0.216	-0.046	0.295	0.557	"3"
"去年"	9	0	0	3.531	0.905	4.563	3.657	-0.414	-2.765	6.836	"1"
"反射"	0	0	1	0.392	0.101	0.507	-0.216	-0.046	0.295	0.557	"3"
"反映"	1	0	1	0.785	0.201	1.014	0.2	-0.092	-0.129	0.421	"1"
"发"	0	0	1	0.392	0.101	0.507	-0.216	-0.046	0.295	0.557	"3"
"发展"	32	0	3	13.734	3.52	17.747	9.809	-1.611	-6.86	18.28	"1"
"发扬光大"	1	0	0	0.392	0.101	0.507	0.406	-0.046	-0.307	0.759	"1"
"发掘出"	0	2	0	0.785	0.201	1.014	-0.433	1.995	-0.614	3.042	"2"
"发现"	1	9	4	5.493	1.408	7.099	-2.027	5.882	-1.089	8.998	"2"
"发育"	0	0	1	0.392	0.101	0.507	-0.216	-0.046	0.295	0.557	"3"
"发达"	2	0	0	0.785	0.201	1.014	0.813	-0.092	-0.614	1.519	"1"
"发霉"	0	0	1	0.392	0.101	0.507	-0.216	-0.046	0.295	0.557	"3"
"受命"	0	0	1	0.392	0.101	0.507	-0.216	-0.046	0.295	0.557	"3"
"受训"	1	0	0	0.392	0.101	0.507	0.406	-0.046	-0.307	0.759	"1"
"变化"	5	0	2	2.747	0.704	3.549	1.05	-0.322	-0.667	2.039	"1"
"变形"	0	0	1	0.392	0.101	0.507	-0.216	-0.046	0.295	0.557	"3"
"变质"	0	0	1	0.392	0.101	0.507	-0.216	-0.046	0.295	0.557	"3"
"变迁"	8	0	0	3.139	0.805	4.056	3.25	-0.368	-2.458	6.076	"1"
"叛乱"	0	0	3	1.177	0.302	1.521	-0.649	-0.138	0.885	1.672	"3"
"口头禅"	0	0	1	0.392	0.101	0.507	-0.216	-0.046	0.295	0.557	"3"
"古"	0	3	0	1.177	0.302	1.521	-0.649	2.993	-0.922	4.564	"2"
"古人类"	0	2	0	0.785	0.201	1.014	-0.433	1.995	-0.614	3.042	"2"
"古代"	0	1	0	0.392	0.101	0.507	-0.216	0.998	-0.307	1.521	"2"
"古列"	0	0	1	0.392	0.101	0.507	-0.216	-0.046	0.295	0.557	"3"
"古城"	0	1	0	0.392	0.101	0.507	-0.216	0.998	-0.307	1.521	"2"
"古早"	1	0	0	0.392	0.101	0.507	0.406	-0.046	-0.307	0.759	"1"
"古老"	1	0	1	0.785	0.201	1.014	0.2	-0.092	-0.129	0.421	"1"
"可就"	0	0	1	0.392	0.101	0.507	-0.216	-0.046	0.295	0.557	"3"
"史诗"	0	0	1	0.392	0.101	0.507	-0.216	-0.046	0.295	0.557	"3"
"史达林"	0	0	1	0.392	0.101	0.507	-0.216	-0.046	0.295	0.557	"3"
"合併案"	0	0	1	0.392	0.101	0.507	-0.216	-0.046	0.295	0.557	"3"
"合并"	0	0	1	0.392	0.101	0.507	-0.216	-0.046	0.295	0.557	"3"
"同"	7	0	1	3.139	0.805	4.056	2.124	-0.368	-1.492	3.984	"1"
"后"	1	0	3	1.57	0.402	2.028	-0.311	-0.184	0.491	0.986	"3"
"后冷战"	1	0	1	0.785	0.201	1.014	0.2	-0.092	-0.129	0.421	"1"
"后后"	1	0	0	0.392	0.101	0.507	0.406	-0.046	-0.307	0.759	"1"
"向前"	0	1	0	0.392	0.101	0.507	-0.216	0.998	-0.307	1.521	"2"
"吓阻"	0	0	1	0.392	0.101	0.507	-0.216	-0.046	0.295	0.557	"3"
"呆"	1	0	0	0.392	0.101	0.507	0.406	-0.046	-0.307	0.759	"1"
"周刊"	0	0	2	0.785	0.201	1.014	-0.433	-0.092	0.59	1.115	"3"
"命脉"	1	0	0	0.392	0.101	0.507	0.406	-0.046	-0.307	0.759	"1"
"命运"	0	0	1	0.392	0.101	0.507	-0.216	-0.046	0.295	0.557	"3"
"和平"	1	0	0	0.392	0.101	0.507	0.406	-0.046	-0.307	0.759	"1"
"响应党"	1	0	0	0.392	0.101	0.507	0.406	-0.046	-0.307	0.759	"1"
"哪"	0	0	1	0.392	0.101	0.507	-0.216	-0.046	0.295	0.557	"3"
"唐"	0	2	0	0.785	0.201	1.014	-0.433	1.995	-0.614	3.042	"2"
"唐代"	0	1	0	0.392	0.101	0.507	-0.216	0.998	-0.307	1.521	"2"
"唐宋"	0	1	0	0.392	0.101	0.507	-0.216	0.998	-0.307	1.521	"2"
"售票"	0	0	2	0.785	0.201	1.014	-0.433	-0.092	0.59	1.115	"3"
"唱颂"	0	0	1	0.392	0.101	0.507	-0.216	-0.046	0.295	0.557	"3"
"商代"	0	1	0	0.392	0.101	0.507	-0.216	0.998	-0.307	1.521	"2"
"善"	0	0	1	0.392	0.101	0.507	-0.216	-0.046	0.295	0.557	"3"
"器重"	0	0	1	0.392	0.101	0.507	-0.216	-0.046	0.295	0.557	"3"
"回到"	0	1	2	1.177	0.302	1.521	-0.649	0.565	0.292	1.506	"1"
"回忆"	0	0	1	0.392	0.101	0.507	-0.216	-0.046	0.295	0.557	"3"
"回顾"	0	0	1	0.392	0.101	0.507	-0.216	-0.046	0.295	0.557	"3"
"因"	0	0	1	0.392	0.101	0.507	-0.216	-0.046	0.295	0.557	"3"
"因应"	3	0	0	1.177	0.302	1.521	1.219	-0.138	-0.922	2.279	"1"
"因特网"	1	0	0	0.392	0.101	0.507	0.406	-0.046	-0.307	0.759	"1"
"园林"	1	0	0	0.392	0.101	0.507	0.406	-0.046	-0.307	0.759	"1"
"困难"	6	0	0	2.354	0.603	3.042	2.438	-0.276	-1.843	4.557	"1"
"围堵"	0	0	1	0.392	0.101	0.507	-0.216	-0.046	0.295	0.557	"3"
"围观"	0	0	1	0.392	0.101	0.507	-0.216	-0.046	0.295	0.557	"3"
"国歌"	0	0	1	0.392	0.101	0.507	-0.216	-0.046	0.295	0.557	"3"
"国民党"	0	0	4	1.57	0.402	2.028	-0.865	-0.184	1.18	2.229	"3"
"国语版"	0	0	1	0.392	0.101	0.507	-0.216	-0.046	0.295	0.557	"3"
"圆"	1	0	0	0.392	0.101	0.507	0.406	-0.046	-0.307	0.759	"1"
"土地"	0	0	3	1.177	0.302	1.521	-0.649	-0.138	0.885	1.672	"3"
"圣经"	0	0	2	0.785	0.201	1.014	-0.433	-0.092	0.59	1.115	"3"
"在"	0	0	1	0.392	0.101	0.507	-0.216	-0.046	0.295	0.557	"3"
"在线"	0	0	1	0.392	0.101	0.507	-0.216	-0.046	0.295	0.557	"3"
"在野"	1	0	0	0.392	0.101	0.507	0.406	-0.046	-0.307	0.759	"1"
"地球村"	1	0	0	0.392	0.101	0.507	0.406	-0.046	-0.307	0.759	"1"
"地雷"	0	0	3	1.177	0.302	1.521	-0.649	-0.138	0.885	1.672	"3"
"坏"	1	0	0	0.392	0.101	0.507	0.406	-0.046	-0.307	0.759	"1"
"埋下"	0	0	2	0.785	0.201	1.014	-0.433	-0.092	0.59	1.115	"3"
"埋藏"	0	1	0	0.392	0.101	0.507	-0.216	0.998	-0.307	1.521	"2"
"塑造"	1	0	0	0.392	0.101	0.507	0.406	-0.046	-0.307	0.759	"1"
"墓群"	0	1	0	0.392	0.101	0.507	-0.216	0.998	-0.307	1.521	"2"
"墓葬"	0	4	0	1.57	0.402	2.028	-0.865	3.99	-1.229	6.084	"2"
"增加"	1	0	1	0.785	0.201	1.014	0.2	-0.092	-0.129	0.421	"1"
"增长"	3	0	0	1.177	0.302	1.521	1.219	-0.138	-0.922	2.279	"1"
"处"	0	0	1	0.392	0.101	0.507	-0.216	-0.046	0.295	0.557	"3"
"处于"	1	0	1	0.785	0.201	1.014	0.2	-0.092	-0.129	0.421	"1"
"处在"	2	0	1	1.177	0.302	1.521	0.467	-0.138	-0.31	0.915	"1"
"处处"	0	0	1	0.392	0.101	0.507	-0.216	-0.046	0.295	0.557	"3"
"外患罪"	0	0	1	0.392	0.101	0.507	-0.216	-0.046	0.295	0.557	"3"
"外来"	0	0	1	0.392	0.101	0.507	-0.216	-0.046	0.295	0.557	"3"
"大众化"	2	0	0	0.785	0.201	1.014	0.813	-0.092	-0.614	1.519	"1"
"大偎重信"	0	0	1	0.392	0.101	0.507	-0.216	-0.046	0.295	0.557	"3"
"大发展"	0	0	1	0.392	0.101	0.507	-0.216	-0.046	0.295	0.557	"3"
"大哥大"	0	0	1	0.392	0.101	0.507	-0.216	-0.046	0.295	0.557	"3"
"大墓"	0	1	0	0.392	0.101	0.507	-0.216	0.998	-0.307	1.521	"2"
"大学"	1	0	0	0.392	0.101	0.507	0.406	-0.046	-0.307	0.759	"1"
"大家"	0	0	1	0.392	0.101	0.507	-0.216	-0.046	0.295	0.557	"3"
"大新"	1	0	0	0.392	0.101	0.507	0.406	-0.046	-0.307	0.759	"1"
"大球"	0	0	1	0.392	0.101	0.507	-0.216	-0.046	0.295	0.557	"3"
"大约"	0	1	1	0.785	0.201	1.014	-0.433	0.719	-0.129	1.281	"2"
"大辛"	0	1	0	0.392	0.101	0.507	-0.216	0.998	-0.307	1.521	"2"
"大量"	0	0	2	0.785	0.201	1.014	-0.433	-0.092	0.59	1.115	"3"
"大面"	0	0	1	0.392	0.101	0.507	-0.216	-0.046	0.295	0.557	"3"
"太阳船"	0	1	0	0.392	0.101	0.507	-0.216	0.998	-0.307	1.521	"2"
"奏"	1	0	0	0.392	0.101	0.507	0.406	-0.046	-0.307	0.759	"1"
"女性"	3	0	0	1.177	0.302	1.521	1.219	-0.138	-0.922	2.279	"1"
"女权"	0	0	1	0.392	0.101	0.507	-0.216	-0.046	0.295	0.557	"3"
"如今"	1	0	0	0.392	0.101	0.507	0.406	-0.046	-0.307	0.759	"1"
"始终"	0	0	1	0.392	0.101	0.507	-0.216	-0.046	0.295	0.557	"3"
"威"	1	0	1	0.785	0.201	1.014	0.2	-0.092	-0.129	0.421	"1"
"婴"	0	0	1	0.392	0.101	0.507	-0.216	-0.046	0.295	0.557	"3"
"婴幼儿"	0	0	1	0.392	0.101	0.507	-0.216	-0.046	0.295	0.557	"3"
"嫁妆"	1	0	0	0.392	0.101	0.507	0.406	-0.046	-0.307	0.759	"1"
"字眼"	0	0	1	0.392	0.101	0.507	-0.216	-0.046	0.295	0.557	"3"
"学习状"	0	0	1	0.392	0.101	0.507	-0.216	-0.046	0.295	0.557	"3"
"学生"	1	0	2	1.177	0.302	1.521	-0.181	-0.138	0.292	0.611	"3"
"孩"	0	0	2	0.785	0.201	1.014	-0.433	-0.092	0.59	1.115	"3"
"孩童"	0	0	2	0.785	0.201	1.014	-0.433	-0.092	0.59	1.115	"3"
"宋"	0	2	0	0.785	0.201	1.014	-0.433	1.995	-0.614	3.042	"2"
"宋朝"	0	0	1	0.392	0.101	0.507	-0.216	-0.046	0.295	0.557	"3"
"宗主国"	0	0	1	0.392	0.101	0.507	-0.216	-0.046	0.295	0.557	"3"
"官邸"	0	0	2	0.785	0.201	1.014	-0.433	-0.092	0.59	1.115	"3"
"审判"	0	0	2	0.785	0.201	1.014	-0.433	-0.092	0.59	1.115	"3"
"宣扬"	0	0	1	0.392	0.101	0.507	-0.216	-0.046	0.295	0.557	"3"
"宫殿"	0	1	0	0.392	0.101	0.507	-0.216	0.998	-0.307	1.521	"2"
"家电"	1	0	0	0.392	0.101	0.507	0.406	-0.046	-0.307	0.759	"1"
"密特朗"	0	0	1	0.392	0.101	0.507	-0.216	-0.046	0.295	0.557	"3"
"富有"	1	0	1	0.785	0.201	1.014	0.2	-0.092	-0.129	0.421	"1"
"富豪"	0	0	1	0.392	0.101	0.507	-0.216	-0.046	0.295	0.557	"3"
"对"	1	0	0	0.392	0.101	0.507	0.406	-0.046	-0.307	0.759	"1"
"对峙"	0	0	1	0.392	0.101	0.507	-0.216	-0.046	0.295	0.557	"3"
"对抗"	0	0	2	0.785	0.201	1.014	-0.433	-0.092	0.59	1.115	"3"
"封建"	0	0	2	0.785	0.201	1.014	-0.433	-0.092	0.59	1.115	"3"
"尊"	0	1	0	0.392	0.101	0.507	-0.216	0.998	-0.307	1.521	"2"
"尊敬"	0	0	1	0.392	0.101	0.507	-0.216	-0.046	0.295	0.557	"3"
"小孩"	0	0	2	0.785	0.201	1.014	-0.433	-0.092	0.59	1.115	"3"
"少女"	0	0	2	0.785	0.201	1.014	-0.433	-0.092	0.59	1.115	"3"
"少年"	0	0	4	1.57	0.402	2.028	-0.865	-0.184	1.18	2.229	"3"
"就算"	0	0	1	0.392	0.101	0.507	-0.216	-0.046	0.295	0.557	"3"
"就读"	0	0	2	0.785	0.201	1.014	-0.433	-0.092	0.59	1.115	"3"
"居留"	0	0	1	0.392	0.101	0.507	-0.216	-0.046	0.295	0.557	"3"
"屈原"	0	1	0	0.392	0.101	0.507	-0.216	0.998	-0.307	1.521	"2"
"展现"	1	0	1	0.785	0.201	1.014	0.2	-0.092	-0.129	0.421	"1"
"展现出"	1	0	0	0.392	0.101	0.507	0.406	-0.046	-0.307	0.759	"1"
"山西"	0	1	0	0.392	0.101	0.507	-0.216	0.998	-0.307	1.521	"2"
"山顶"	0	1	0	0.392	0.101	0.507	-0.216	0.998	-0.307	1.521	"2"
"岁月"	1	0	0	0.392	0.101	0.507	0.406	-0.046	-0.307	0.759	"1"
"岩茶"	0	0	1	0.392	0.101	0.507	-0.216	-0.046	0.295	0.557	"3"
"崛起"	0	0	1	0.392	0.101	0.507	-0.216	-0.046	0.295	0.557	"3"
"崭"	1	0	0	0.392	0.101	0.507	0.406	-0.046	-0.307	0.759	"1"
"崭新"	2	0	0	0.785	0.201	1.014	0.813	-0.092	-0.614	1.519	"1"
"工作"	5	2	1	3.139	0.805	4.056	0.79	0.725	-1.492	3.007	"3"
"工作者"	0	1	0	0.392	0.101	0.507	-0.216	0.998	-0.307	1.521	"2"
"工艺品"	0	0	1	0.392	0.101	0.507	-0.216	-0.046	0.295	0.557	"3"
"巨人"	0	0	1	0.392	0.101	0.507	-0.216	-0.046	0.295	0.557	"3"
"巨人队"	0	0	1	0.392	0.101	0.507	-0.216	-0.046	0.295	0.557	"3"
"巨星"	0	0	1	0.392	0.101	0.507	-0.216	-0.046	0.295	0.557	"3"
"巫启贤"	0	0	1	0.392	0.101	0.507	-0.216	-0.046	0.295	0.557	"3"
"已经"	5	0	6	4.316	1.106	5.578	0.35	-0.506	0.285	1.141	"2"
"巴洛克"	0	0	1	0.392	0.101	0.507	-0.216	-0.046	0.295	0.557	"3"
"布勒姆"	1	0	0	0.392	0.101	0.507	0.406	-0.046	-0.307	0.759	"1"
"布希"	0	0	1	0.392	0.101	0.507	-0.216	-0.046	0.295	0.557	"3"
"带入"	1	0	0	0.392	0.101	0.507	0.406	-0.046	-0.307	0.759	"1"
"带领"	0	0	1	0.392	0.101	0.507	-0.216	-0.046	0.295	0.557	"3"
"平庸"	0	0	1	0.392	0.101	0.507	-0.216	-0.046	0.295	0.557	"3"
"年代"	0	0	1	0.392	0.101	0.507	-0.216	-0.046	0.295	0.557	"3"
"年前"	0	0	3	1.177	0.302	1.521	-0.649	-0.138	0.885	1.672	"3"
"年少"	0	0	1	0.392	0.101	0.507	-0.216	-0.046	0.295	0.557	"3"
"并购"	0	0	1	0.392	0.101	0.507	-0.216	-0.046	0.295	0.557	"3"
"幸存"	0	0	1	0.392	0.101	0.507	-0.216	-0.046	0.295	0.557	"3"
"幻灭"	0	0	1	0.392	0.101	0.507	-0.216	-0.046	0.295	0.557	"3"
"广场"	0	0	7	2.747	0.704	3.549	-1.515	-0.322	2.065	3.902	"3"
"庄遗址"	0	1	0	0.392	0.101	0.507	-0.216	0.998	-0.307	1.521	"2"
"库尔德族"	0	0	1	0.392	0.101	0.507	-0.216	-0.046	0.295	0.557	"3"
"应付"	0	0	1	0.392	0.101	0.507	-0.216	-0.046	0.295	0.557	"3"
"座"	0	3	0	1.177	0.302	1.521	-0.649	2.993	-0.922	4.564	"2"
"建材"	3	0	0	1.177	0.302	1.521	1.219	-0.138	-0.922	2.279	"1"
"建立起"	0	0	1	0.392	0.101	0.507	-0.216	-0.046	0.295	0.557	"3"
"建筑"	2	2	0	1.57	0.402	2.028	0.291	1.277	-1.229	2.797	"2"
"建筑物"	0	0	2	0.785	0.201	1.014	-0.433	-0.092	0.59	1.115	"3"
"建设"	5	1	0	2.354	0.603	3.042	1.425	0.327	-1.843	3.595	"3"
"开创"	1	0	0	0.392	0.101	0.507	0.406	-0.046	-0.307	0.759	"1"
"开创者"	0	0	1	0.392	0.101	0.507	-0.216	-0.046	0.295	0.557	"3"
"开启"	0	0	2	0.785	0.201	1.014	-0.433	-0.092	0.59	1.115	"3"
"开国"	0	0	1	0.392	0.101	0.507	-0.216	-0.046	0.295	0.557	"3"
"开放"	1	0	0	0.392	0.101	0.507	0.406	-0.046	-0.307	0.759	"1"
"开火"	0	0	1	0.392	0.101	0.507	-0.216	-0.046	0.295	0.557	"3"
"开言"	0	0	1	0.392	0.101	0.507	-0.216	-0.046	0.295	0.557	"3"
"弄得"	0	0	1	0.392	0.101	0.507	-0.216	-0.046	0.295	0.557	"3"
"引入"	1	0	0	0.392	0.101	0.507	0.406	-0.046	-0.307	0.759	"1"
"引渡"	0	0	1	0.392	0.101	0.507	-0.216	-0.046	0.295	0.557	"3"
"引述"	1	0	0	0.392	0.101	0.507	0.406	-0.046	-0.307	0.759	"1"
"弘扬"	2	0	0	0.785	0.201	1.014	0.813	-0.092	-0.614	1.519	"1"
"张载"	0	0	1	0.392	0.101	0.507	-0.216	-0.046	0.295	0.557	"3"
"弹性"	1	0	0	0.392	0.101	0.507	0.406	-0.046	-0.307	0.759	"1"
"强盛"	0	0	1	0.392	0.101	0.507	-0.216	-0.046	0.295	0.557	"3"
"归功于"	2	0	0	0.785	0.201	1.014	0.813	-0.092	-0.614	1.519	"1"
"当今"	1	0	0	0.392	0.101	0.507	0.406	-0.046	-0.307	0.759	"1"
"当代"	1	0	1	0.785	0.201	1.014	0.2	-0.092	-0.129	0.421	"1"
"当前"	5	0	1	2.354	0.603	3.042	1.425	-0.276	-0.988	2.689	"1"
"当时"	0	0	1	0.392	0.101	0.507	-0.216	-0.046	0.295	0.557	"3"
"彦君"	0	2	0	0.785	0.201	1.014	-0.433	1.995	-0.614	3.042	"2"
"彩色"	1	0	0	0.392	0.101	0.507	0.406	-0.046	-0.307	0.759	"1"
"影城"	0	0	1	0.392	0.101	0.507	-0.216	-0.046	0.295	0.557	"3"
"影院"	1	0	0	0.392	0.101	0.507	0.406	-0.046	-0.307	0.759	"1"
"往日"	0	0	2	0.785	0.201	1.014	-0.433	-0.092	0.59	1.115	"3"
"征召"	0	0	1	0.392	0.101	0.507	-0.216	-0.046	0.295	0.557	"3"
"微处理器"	1	0	0	0.392	0.101	0.507	0.406	-0.046	-0.307	0.759	"1"
"心律"	0	0	1	0.392	0.101	0.507	-0.216	-0.046	0.295	0.557	"3"
"快"	1	0	0	0.392	0.101	0.507	0.406	-0.046	-0.307	0.759	"1"
"快乐"	0	0	1	0.392	0.101	0.507	-0.216	-0.046	0.295	0.557	"3"
"快速"	5	0	0	1.962	0.503	2.535	2.031	-0.23	-1.536	3.797	"1"
"念书"	0	0	1	0.392	0.101	0.507	-0.216	-0.046	0.295	0.557	"3"
"念旧"	1	0	0	0.392	0.101	0.507	0.406	-0.046	-0.307	0.759	"1"
"怀旧"	0	0	2	0.785	0.201	1.014	-0.433	-0.092	0.59	1.115	"3"
"思想"	9	0	3	4.709	1.207	6.085	1.878	-0.552	-1.178	3.608	"1"
"思索"	0	0	1	0.392	0.101	0.507	-0.216	-0.046	0.295	0.557	"3"
"急速"	2	0	0	0.785	0.201	1.014	0.813	-0.092	-0.614	1.519	"1"
"怯生生"	0	0	1	0.392	0.101	0.507	-0.216	-0.046	0.295	0.557	"3"
"总督"	0	0	1	0.392	0.101	0.507	-0.216	-0.046	0.295	0.557	"3"
"恐龙"	0	0	1	0.392	0.101	0.507	-0.216	-0.046	0.295	0.557	"3"
"息"	0	0	1	0.392	0.101	0.507	-0.216	-0.046	0.295	0.557	"3"
"息息相关"	1	0	1	0.785	0.201	1.014	0.2	-0.092	-0.129	0.421	"1"
"恰巧"	0	0	1	0.392	0.101	0.507	-0.216	-0.046	0.295	0.557	"3"
"悲剧"	0	0	1	0.392	0.101	0.507	-0.216	-0.046	0.295	0.557	"3"
"悲惨"	0	0	1	0.392	0.101	0.507	-0.216	-0.046	0.295	0.557	"3"
"情境"	0	0	1	0.392	0.101	0.507	-0.216	-0.046	0.295	0.557	"3"
"情欲"	0	0	1	0.392	0.101	0.507	-0.216	-0.046	0.295	0.557	"3"
"想想"	0	0	1	0.392	0.101	0.507	-0.216	-0.046	0.295	0.557	"3"
"意义"	0	0	2	0.785	0.201	1.014	-0.433	-0.092	0.59	1.115	"3"
"意在"	0	0	1	0.392	0.101	0.507	-0.216	-0.046	0.295	0.557	"3"
"感悟"	0	0	1	0.392	0.101	0.507	-0.216	-0.046	0.295	0.557	"3"
"慈"	0	0	1	0.392	0.101	0.507	-0.216	-0.046	0.295	0.557	"3"
"慎"	0	0	1	0.392	0.101	0.507	-0.216	-0.046	0.295	0.557	"3"
"戊戌变法"	1	0	0	0.392	0.101	0.507	0.406	-0.046	-0.307	0.759	"1"
"戏曲"	0	0	1	0.392	0.101	0.507	-0.216	-0.046	0.295	0.557	"3"
"成年礼"	0	0	1	0.392	0.101	0.507	-0.216	-0.046	0.295	0.557	"3"
"成长"	0	0	2	0.785	0.201	1.014	-0.433	-0.092	0.59	1.115	"3"
"成长率"	0	0	2	0.785	0.201	1.014	-0.433	-0.092	0.59	1.115	"3"
"我国"	0	0	2	0.785	0.201	1.014	-0.433	-0.092	0.59	1.115	"3"
"戒严"	0	0	4	1.57	0.402	2.028	-0.865	-0.184	1.18	2.229	"3"
"战"	1	0	2	1.177	0.302	1.521	-0.181	-0.138	0.292	0.611	"3"
"战乱"	0	0	1	0.392	0.101	0.507	-0.216	-0.046	0.295	0.557	"3"
"战争"	1	0	5	2.354	0.603	3.042	-0.61	-0.276	0.935	1.821	"3"
"战国"	0	6	0	2.354	0.603	3.042	-1.298	5.985	-1.843	9.126	"2"
"战斗"	0	0	1	0.392	0.101	0.507	-0.216	-0.046	0.295	0.557	"3"
"战略"	2	0	1	1.177	0.302	1.521	0.467	-0.138	-0.31	0.915	"1"
"戡乱"	0	0	1	0.392	0.101	0.507	-0.216	-0.046	0.295	0.557	"3"
"所在地"	0	0	1	0.392	0.101	0.507	-0.216	-0.046	0.295	0.557	"3"
"所谓"	0	0	2	0.785	0.201	1.014	-0.433	-0.092	0.59	1.115	"3"
"扁"	0	0	1	0.392	0.101	0.507	-0.216	-0.046	0.295	0.557	"3"
"扎根"	0	0	1	0.392	0.101	0.507	-0.216	-0.046	0.295	0.557	"3"
"打交道"	1	0	0	0.392	0.101	0.507	0.406	-0.046	-0.307	0.759	"1"
"打基础"	0	0	1	0.392	0.101	0.507	-0.216	-0.046	0.295	0.557	"3"
"托出"	0	0	1	0.392	0.101	0.507	-0.216	-0.046	0.295	0.557	"3"
"执政"	0	0	7	2.747	0.704	3.549	-1.515	-0.322	2.065	3.902	"3"
"扩张"	0	0	1	0.392	0.101	0.507	-0.216	-0.046	0.295	0.557	"3"
"抓住"	1	0	0	0.392	0.101	0.507	0.406	-0.046	-0.307	0.759	"1"
"抗击"	2	0	0	0.785	0.201	1.014	0.813	-0.092	-0.614	1.519	"1"
"抢手货"	0	0	1	0.392	0.101	0.507	-0.216	-0.046	0.295	0.557	"3"
"报业"	0	0	1	0.392	0.101	0.507	-0.216	-0.046	0.295	0.557	"3"
"担"	0	0	1	0.392	0.101	0.507	-0.216	-0.046	0.295	0.557	"3"
"担任"	1	0	0	0.392	0.101	0.507	0.406	-0.046	-0.307	0.759	"1"
"拉马迪"	0	0	1	0.392	0.101	0.507	-0.216	-0.046	0.295	0.557	"3"
"挑战性"	0	0	1	0.392	0.101	0.507	-0.216	-0.046	0.295	0.557	"3"
"挖掘出"	0	1	0	0.392	0.101	0.507	-0.216	0.998	-0.307	1.521	"2"
"挡不住"	1	0	0	0.392	0.101	0.507	0.406	-0.046	-0.307	0.759	"1"
"振奋"	1	0	0	0.392	0.101	0.507	0.406	-0.046	-0.307	0.759	"1"
"换句话说"	0	0	1	0.392	0.101	0.507	-0.216	-0.046	0.295	0.557	"3"
"探索"	1	0	0	0.392	0.101	0.507	0.406	-0.046	-0.307	0.759	"1"
"探讨"	1	0	0	0.392	0.101	0.507	0.406	-0.046	-0.307	0.759	"1"
"接任"	0	0	1	0.392	0.101	0.507	-0.216	-0.046	0.295	0.557	"3"
"接触到"	0	0	1	0.392	0.101	0.507	-0.216	-0.046	0.295	0.557	"3"
"接连"	0	0	1	0.392	0.101	0.507	-0.216	-0.046	0.295	0.557	"3"
"提倡"	1	0	1	0.785	0.201	1.014	0.2	-0.092	-0.129	0.421	"1"
"握手"	0	0	1	0.392	0.101	0.507	-0.216	-0.046	0.295	0.557	"3"
"揭露"	0	0	1	0.392	0.101	0.507	-0.216	-0.046	0.295	0.557	"3"
"搬演"	0	0	1	0.392	0.101	0.507	-0.216	-0.046	0.295	0.557	"3"
"摄影组"	0	0	1	0.392	0.101	0.507	-0.216	-0.046	0.295	0.557	"3"
"摇篮"	1	0	0	0.392	0.101	0.507	0.406	-0.046	-0.307	0.759	"1"
"支配"	0	0	1	0.392	0.101	0.507	-0.216	-0.046	0.295	0.557	"3"
"收容"	0	0	1	0.392	0.101	0.507	-0.216	-0.046	0.295	0.557	"3"
"收藏"	0	0	1	0.392	0.101	0.507	-0.216	-0.046	0.295	0.557	"3"
"改制案"	0	0	1	0.392	0.101	0.507	-0.216	-0.046	0.295	0.557	"3"
"改编成"	0	0	1	0.392	0.101	0.507	-0.216	-0.046	0.295	0.557	"3"
"改革"	4	0	1	1.962	0.503	2.535	1.09	-0.23	-0.748	2.068	"1"
"政改"	0	0	1	0.392	0.101	0.507	-0.216	-0.046	0.295	0.557	"3"
"政治"	1	0	2	1.177	0.302	1.521	-0.181	-0.138	0.292	0.611	"3"
"政治体制"	1	0	0	0.392	0.101	0.507	0.406	-0.046	-0.307	0.759	"1"
"敏感"	1	0	0	0.392	0.101	0.507	0.406	-0.046	-0.307	0.759	"1"
"教义"	0	0	1	0.392	0.101	0.507	-0.216	-0.046	0.295	0.557	"3"
"敢为"	0	0	1	0.392	0.101	0.507	-0.216	-0.046	0.295	0.557	"3"
"数位"	1	0	0	0.392	0.101	0.507	0.406	-0.046	-0.307	0.759	"1"
"数字"	0	0	1	0.392	0.101	0.507	-0.216	-0.046	0.295	0.557	"3"
"数码"	4	0	0	1.57	0.402	2.028	1.625	-0.184	-1.229	3.038	"1"
"敲响"	1	0	0	0.392	0.101	0.507	0.406	-0.046	-0.307	0.759	"1"
"文化"	6	2	6	5.493	1.408	7.099	0.309	0.379	-0.426	1.114	"3"
"文明"	1	0	0	0.392	0.101	0.507	0.406	-0.046	-0.307	0.759	"1"
"文物"	1	2	1	1.57	0.402	2.028	-0.311	1.277	-0.52	2.108	"2"
"文艺复兴"	0	0	1	0.392	0.101	0.507	-0.216	-0.046	0.295	0.557	"3"
"文革"	0	0	1	0.392	0.101	0.507	-0.216	-0.046	0.295	0.557	"3"
"断定"	0	1	0	0.392	0.101	0.507	-0.216	0.998	-0.307	1.521	"2"
"新"	51	3	7	23.936	6.134	30.93	11.873	-0.899	-9.957	22.729	"1"
"新加坡人"	0	0	1	0.392	0.101	0.507	-0.216	-0.046	0.295	0.557	"3"
"新旧"	0	0	1	0.392	0.101	0.507	-0.216	-0.046	0.295	0.557	"3"
"新生"	0	0	1	0.392	0.101	0.507	-0.216	-0.046	0.295	0.557	"3"
"新石器"	0	1	0	0.392	0.101	0.507	-0.216	0.998	-0.307	1.521	"2"
"新莽"	1	0	0	0.392	0.101	0.507	0.406	-0.046	-0.307	0.759	"1"
"新谣"	0	0	1	0.392	0.101	0.507	-0.216	-0.046	0.295	0.557	"3"
"方针"	2	0	0	0.785	0.201	1.014	0.813	-0.092	-0.614	1.519	"1"
"旅游业"	1	0	0	0.392	0.101	0.507	0.406	-0.046	-0.307	0.759	"1"
"旅行团"	0	0	1	0.392	0.101	0.507	-0.216	-0.046	0.295	0.557	"3"
"无可"	1	0	0	0.392	0.101	0.507	0.406	-0.046	-0.307	0.759	"1"
"无愧"	1	0	0	0.392	0.101	0.507	0.406	-0.046	-0.307	0.759	"1"
"无线"	2	0	0	0.785	0.201	1.014	0.813	-0.092	-0.614	1.519	"1"
"日人"	0	0	1	0.392	0.101	0.507	-0.216	-0.046	0.295	0.557	"3"
"日军"	0	0	1	0.392	0.101	0.507	-0.216	-0.046	0.295	0.557	"3"
"日报"	0	1	3	1.57	0.402	2.028	-0.865	0.461	0.491	1.817	"1"
"日据"	1	0	3	1.57	0.402	2.028	-0.311	-0.184	0.491	0.986	"3"
"旧"	0	5	2	2.747	0.704	3.549	-1.515	3.741	-0.667	5.923	"2"
"旧石器"	0	1	0	0.392	0.101	0.507	-0.216	0.998	-0.307	1.521	"2"
"早"	0	1	1	0.785	0.201	1.014	-0.433	0.719	-0.129	1.281	"2"
"早已"	2	0	1	1.177	0.302	1.521	0.467	-0.138	-0.31	0.915	"1"
"早期"	0	2	1	1.177	0.302	1.521	-0.649	1.548	-0.31	2.507	"2"
"早稻田"	0	0	1	0.392	0.101	0.507	-0.216	-0.046	0.295	0.557	"3"
"旱灾"	0	0	1	0.392	0.101	0.507	-0.216	-0.046	0.295	0.557	"3"
"时"	0	0	2	0.785	0.201	1.014	-0.433	-0.092	0.59	1.115	"3"
"时代"	8	1	2	4.316	1.106	5.578	1.587	-0.158	-1.531	3.276	"1"
"时光"	0	0	1	0.392	0.101	0.507	-0.216	-0.046	0.295	0.557	"3"
"时尚"	1	0	0	0.392	0.101	0.507	0.406	-0.046	-0.307	0.759	"1"
"时期"	2	1	5	3.139	0.805	4.056	-0.48	0.243	0.422	1.145	"1"
"明朝"	0	0	1	0.392	0.101	0.507	-0.216	-0.046	0.295	0.557	"3"
"明治"	0	0	1	0.392	0.101	0.507	-0.216	-0.046	0.295	0.557	"3"
"明清"	0	1	0	0.392	0.101	0.507	-0.216	0.998	-0.307	1.521	"2"
"春秋"	0	3	0	1.177	0.302	1.521	-0.649	2.993	-0.922	4.564	"2"
"晋"	0	1	0	0.392	0.101	0.507	-0.216	0.998	-0.307	1.521	"2"
"晚期"	0	2	0	0.785	0.201	1.014	-0.433	1.995	-0.614	3.042	"2"
"暨"	0	0	3	1.177	0.302	1.521	-0.649	-0.138	0.885	1.672	"3"
"曼哈顿"	0	0	1	0.392	0.101	0.507	-0.216	-0.046	0.295	0.557	"3"
"曾"	0	1	4	1.962	0.503	2.535	-1.082	0.386	0.707	2.175	"1"
"曾经"	0	0	1	0.392	0.101	0.507	-0.216	-0.046	0.295	0.557	"3"
"最"	4	1	4	3.531	0.905	4.563	0.303	0.211	-0.316	0.83	"3"
"最为"	2	0	0	0.785	0.201	1.014	0.813	-0.092	-0.614	1.519	"1"
"最佳"	0	0	1	0.392	0.101	0.507	-0.216	-0.046	0.295	0.557	"3"
"最好"	5	0	0	1.962	0.503	2.535	2.031	-0.23	-1.536	3.797	"1"
"最早"	0	2	0	0.785	0.201	1.014	-0.433	1.995	-0.614	3.042	"2"
"最近"	0	0	1	0.392	0.101	0.507	-0.216	-0.046	0.295	0.557	"3"
"月子"	0	0	1	0.392	0.101	0.507	-0.216	-0.046	0.295	0.557	"3"
"有名"	0	0	1	0.392	0.101	0.507	-0.216	-0.046	0.295	0.557	"3"
"有罪"	0	0	1	0.392	0.101	0.507	-0.216	-0.046	0.295	0.557	"3"
"有色"	0	0	1	0.392	0.101	0.507	-0.216	-0.046	0.295	0.557	"3"
"朗讯"	1	0	0	0.392	0.101	0.507	0.406	-0.046	-0.307	0.759	"1"
"朝向"	1	0	0	0.392	0.101	0.507	0.406	-0.046	-0.307	0.759	"1"
"期"	0	1	0	0.392	0.101	0.507	-0.216	0.998	-0.307	1.521	"2"
"末"	2	0	0	0.785	0.201	1.014	0.813	-0.092	-0.614	1.519	"1"
"朽"	0	0	1	0.392	0.101	0.507	-0.216	-0.046	0.295	0.557	"3"
"杂志"	0	0	4	1.57	0.402	2.028	-0.865	-0.184	1.18	2.229	"3"
"权贵"	0	0	1	0.392	0.101	0.507	-0.216	-0.046	0.295	0.557	"3"
"李嘉廷"	1	0	0	0.392	0.101	0.507	0.406	-0.046	-0.307	0.759	"1"
"李小龙"	0	0	1	0.392	0.101	0.507	-0.216	-0.046	0.295	0.557	"3"
"李登辉"	0	0	1	0.392	0.101	0.507	-0.216	-0.046	0.295	0.557	"3"
"村落"	0	1	0	0.392	0.101	0.507	-0.216	0.998	-0.307	1.521	"2"
"杜勒"	0	0	1	0.392	0.101	0.507	-0.216	-0.046	0.295	0.557	"3"
"条例"	0	0	4	1.57	0.402	2.028	-0.865	-0.184	1.18	2.229	"3"
"来临"	8	0	0	3.139	0.805	4.056	3.25	-0.368	-2.458	6.076	"1"
"杨明焕"	1	0	0	0.392	0.101	0.507	0.406	-0.046	-0.307	0.759	"1"
"松田圣子"	0	0	1	0.392	0.101	0.507	-0.216	-0.046	0.295	0.557	"3"
"极其"	0	0	1	0.392	0.101	0.507	-0.216	-0.046	0.295	0.557	"3"
"构想"	1	0	0	0.392	0.101	0.507	0.406	-0.046	-0.307	0.759	"1"
"林弘谕"	1	0	0	0.392	0.101	0.507	0.406	-0.046	-0.307	0.759	"1"
"林逢庆"	1	0	0	0.392	0.101	0.507	0.406	-0.046	-0.307	0.759	"1"
"某"	1	0	0	0.392	0.101	0.507	0.406	-0.046	-0.307	0.759	"1"
"标志"	0	0	1	0.392	0.101	0.507	-0.216	-0.046	0.295	0.557	"3"
"栋"	0	0	1	0.392	0.101	0.507	-0.216	-0.046	0.295	0.557	"3"
"树种"	0	0	2	0.785	0.201	1.014	-0.433	-0.092	0.59	1.115	"3"
"样"	0	0	1	0.392	0.101	0.507	-0.216	-0.046	0.295	0.557	"3"
"格局"	0	0	1	0.392	0.101	0.507	-0.216	-0.046	0.295	0.557	"3"
"格架"	0	0	1	0.392	0.101	0.507	-0.216	-0.046	0.295	0.557	"3"
"框架"	1	0	0	0.392	0.101	0.507	0.406	-0.046	-0.307	0.759	"1"
"案件"	0	0	4	1.57	0.402	2.028	-0.865	-0.184	1.18	2.229	"3"
"桥新"	0	1	0	0.392	0.101	0.507	-0.216	0.998	-0.307	1.521	"2"
"检肃"	0	0	1	0.392	0.101	0.507	-0.216	-0.046	0.295	0.557	"3"
"模范"	1	0	0	0.392	0.101	0.507	0.406	-0.046	-0.307	0.759	"1"
"横冲直撞"	0	0	1	0.392	0.101	0.507	-0.216	-0.046	0.295	0.557	"3"
"横行霸道"	0	0	1	0.392	0.101	0.507	-0.216	-0.046	0.295	0.557	"3"
"横跨"	0	1	0	0.392	0.101	0.507	-0.216	0.998	-0.307	1.521	"2"
"正"	4	0	1	1.962	0.503	2.535	1.09	-0.23	-0.748	2.068	"1"
"正确"	0	0	1	0.392	0.101	0.507	-0.216	-0.046	0.295	0.557	"3"
"步入"	1	0	0	0.392	0.101	0.507	0.406	-0.046	-0.307	0.759	"1"
"武夷"	0	0	1	0.392	0.101	0.507	-0.216	-0.046	0.295	0.557	"3"
"殊"	0	0	1	0.392	0.101	0.507	-0.216	-0.046	0.295	0.557	"3"
"残疾"	2	0	0	0.785	0.201	1.014	0.813	-0.092	-0.614	1.519	"1"
"殖民"	0	0	4	1.57	0.402	2.028	-0.865	-0.184	1.18	2.229	"3"
"段"	0	0	2	0.785	0.201	1.014	-0.433	-0.092	0.59	1.115	"3"
"殷商"	0	1	0	0.392	0.101	0.507	-0.216	0.998	-0.307	1.521	"2"
"殿堂"	0	0	1	0.392	0.101	0.507	-0.216	-0.046	0.295	0.557	"3"
"母校"	0	0	1	0.392	0.101	0.507	-0.216	-0.046	0.295	0.557	"3"
"比方"	0	0	1	0.392	0.101	0.507	-0.216	-0.046	0.295	0.557	"3"
"比起"	0	0	2	0.785	0.201	1.014	-0.433	-0.092	0.59	1.115	"3"
"比较"	1	1	4	2.354	0.603	3.042	-0.61	0.327	0.447	1.384	"1"
"毛"	0	0	1	0.392	0.101	0.507	-0.216	-0.046	0.295	0.557	"3"
"毛治国"	1	0	0	0.392	0.101	0.507	0.406	-0.046	-0.307	0.759	"1"
"毛泽东"	0	0	1	0.392	0.101	0.507	-0.216	-0.046	0.295	0.557	"3"
"民主"	1	0	4	1.962	0.503	2.535	-0.456	-0.23	0.707	1.393	"3"
"民主党派"	1	0	0	0.392	0.101	0.507	0.406	-0.046	-0.307	0.759	"1"
"民国"	0	1	1	0.785	0.201	1.014	-0.433	0.719	-0.129	1.281	"2"
"气息"	0	0	1	0.392	0.101	0.507	-0.216	-0.046	0.295	0.557	"3"
"水利府"	0	0	2	0.785	0.201	1.014	-0.433	-0.092	0.59	1.115	"3"
"求"	1	0	0	0.392	0.101	0.507	0.406	-0.046	-0.307	0.759	"1"
"求之不得"	0	0	1	0.392	0.101	0.507	-0.216	-0.046	0.295	0.557	"3"
"求学"	0	0	1	0.392	0.101	0.507	-0.216	-0.046	0.295	0.557	"3"
"汇率"	0	0	1	0.392	0.101	0.507	-0.216	-0.046	0.295	0.557	"3"
"汉末"	0	0	1	0.392	0.101	0.507	-0.216	-0.046	0.295	0.557	"3"
"汉魏"	0	1	0	0.392	0.101	0.507	-0.216	0.998	-0.307	1.521	"2"
"江泽"	0	0	1	0.392	0.101	0.507	-0.216	-0.046	0.295	0.557	"3"
"江青"	0	0	1	0.392	0.101	0.507	-0.216	-0.046	0.295	0.557	"3"
"沉默"	0	0	1	0.392	0.101	0.507	-0.216	-0.046	0.295	0.557	"3"
"沙斯"	2	0	0	0.785	0.201	1.014	0.813	-0.092	-0.614	1.519	"1"
"法治"	1	0	0	0.392	0.101	0.507	0.406	-0.046	-0.307	0.759	"1"
"法老王"	0	1	0	0.392	0.101	0.507	-0.216	0.998	-0.307	1.521	"2"
"泡沫经济"	1	0	0	0.392	0.101	0.507	0.406	-0.046	-0.307	0.759	"1"
"泥河湾"	0	1	0	0.392	0.101	0.507	-0.216	0.998	-0.307	1.521	"2"
"注定"	1	0	0	0.392	0.101	0.507	0.406	-0.046	-0.307	0.759	"1"
"洞穴"	0	1	0	0.392	0.101	0.507	-0.216	0.998	-0.307	1.521	"2"
"津贴"	0	0	1	0.392	0.101	0.507	-0.216	-0.046	0.295	0.557	"3"
"洪博培"	0	0	1	0.392	0.101	0.507	-0.216	-0.046	0.295	0.557	"3"
"活跃"	0	0	1	0.392	0.101	0.507	-0.216	-0.046	0.295	0.557	"3"
"济"	0	0	2	0.785	0.201	1.014	-0.433	-0.092	0.59	1.115	"3"
"浓郁"	0	0	1	0.392	0.101	0.507	-0.216	-0.046	0.295	0.557	"3"
"浪潮"	1	0	0	0.392	0.101	0.507	0.406	-0.046	-0.307	0.759	"1"
"海岸"	1	0	0	0.392	0.101	0.507	0.406	-0.046	-0.307	0.759	"1"
"消亡"	1	0	0	0.392	0.101	0.507	0.406	-0.046	-0.307	0.759	"1"
"涵盖"	0	0	1	0.392	0.101	0.507	-0.216	-0.046	0.295	0.557	"3"
"淡淡"	0	0	1	0.392	0.101	0.507	-0.216	-0.046	0.295	0.557	"3"
"深刻"	1	0	0	0.392	0.101	0.507	0.406	-0.046	-0.307	0.759	"1"
"深化"	1	0	0	0.392	0.101	0.507	0.406	-0.046	-0.307	0.759	"1"
"深造"	0	0	1	0.392	0.101	0.507	-0.216	-0.046	0.295	0.557	"3"
"混乱"	0	0	2	0.785	0.201	1.014	-0.433	-0.092	0.59	1.115	"3"
"清宫"	0	1	0	0.392	0.101	0.507	-0.216	0.998	-0.307	1.521	"2"
"渗透"	0	0	1	0.392	0.101	0.507	-0.216	-0.046	0.295	0.557	"3"
"渡过"	1	0	0	0.392	0.101	0.507	0.406	-0.046	-0.307	0.759	"1"
"港英"	0	0	1	0.392	0.101	0.507	-0.216	-0.046	0.295	0.557	"3"
"源于"	0	0	1	0.392	0.101	0.507	-0.216	-0.046	0.295	0.557	"3"
"溯至"	0	0	1	0.392	0.101	0.507	-0.216	-0.046	0.295	0.557	"3"
"滇池"	0	0	1	0.392	0.101	0.507	-0.216	-0.046	0.295	0.557	"3"
"滑翔机"	0	0	1	0.392	0.101	0.507	-0.216	-0.046	0.295	0.557	"3"
"滩"	0	0	1	0.392	0.101	0.507	-0.216	-0.046	0.295	0.557	"3"
"漆器"	0	2	0	0.785	0.201	1.014	-0.433	1.995	-0.614	3.042	"2"
"演变"	3	0	0	1.177	0.302	1.521	1.219	-0.138	-0.922	2.279	"1"
"演唱"	0	0	2	0.785	0.201	1.014	-0.433	-0.092	0.59	1.115	"3"
"演唱会"	0	0	1	0.392	0.101	0.507	-0.216	-0.046	0.295	0.557	"3"
"演唱会票"	0	0	1	0.392	0.101	0.507	-0.216	-0.046	0.295	0.557	"3"
"演进"	1	0	0	0.392	0.101	0.507	0.406	-0.046	-0.307	0.759	"1"
"潮流"	6	0	0	2.354	0.603	3.042	2.438	-0.276	-1.843	4.557	"1"
"炮台"	0	1	0	0.392	0.101	0.507	-0.216	0.998	-0.307	1.521	"2"
"热战"	0	0	1	0.392	0.101	0.507	-0.216	-0.046	0.295	0.557	"3"
"爆出"	0	0	1	0.392	0.101	0.507	-0.216	-0.046	0.295	0.557	"3"
"爱国"	0	1	0	0.392	0.101	0.507	-0.216	0.998	-0.307	1.521	"2"
"爱情"	0	0	2	0.785	0.201	1.014	-0.433	-0.092	0.59	1.115	"3"
"父母亲"	0	0	1	0.392	0.101	0.507	-0.216	-0.046	0.295	0.557	"3"
"爷爷"	0	0	1	0.392	0.101	0.507	-0.216	-0.046	0.295	0.557	"3"
"片中"	0	0	1	0.392	0.101	0.507	-0.216	-0.046	0.295	0.557	"3"
"特工"	0	0	1	0.392	0.101	0.507	-0.216	-0.046	0.295	0.557	"3"
"特征"	0	0	2	0.785	0.201	1.014	-0.433	-0.092	0.59	1.115	"3"
"特殊"	1	0	2	1.177	0.302	1.521	-0.181	-0.138	0.292	0.611	"3"
"特点"	0	0	1	0.392	0.101	0.507	-0.216	-0.046	0.295	0.557	"3"
"特色"	0	0	5	1.962	0.503	2.535	-1.082	-0.23	1.475	2.787	"3"
"犯人"	0	0	1	0.392	0.101	0.507	-0.216	-0.046	0.295	0.557	"3"
"状元"	0	0	1	0.392	0.101	0.507	-0.216	-0.046	0.295	0.557	"3"
"狠厉"	0	0	1	0.392	0.101	0.507	-0.216	-0.046	0.295	0.557	"3"
"献"	0	0	1	0.392	0.101	0.507	-0.216	-0.046	0.295	0.557	"3"
"王后"	0	0	1	0.392	0.101	0.507	-0.216	-0.046	0.295	0.557	"3"
"王朝"	0	0	3	1.177	0.302	1.521	-0.649	-0.138	0.885	1.672	"3"
"现今"	0	0	1	0.392	0.101	0.507	-0.216	-0.046	0.295	0.557	"3"
"现在"	0	0	1	0.392	0.101	0.507	-0.216	-0.046	0.295	0.557	"3"
"现学"	0	0	1	0.392	0.101	0.507	-0.216	-0.046	0.295	0.557	"3"
"现用"	0	0	1	0.392	0.101	0.507	-0.216	-0.046	0.295	0.557	"3"
"珍珠港"	0	0	1	0.392	0.101	0.507	-0.216	-0.046	0.295	0.557	"3"
"珍贵"	0	1	0	0.392	0.101	0.507	-0.216	0.998	-0.307	1.521	"2"
"理想"	0	0	1	0.392	0.101	0.507	-0.216	-0.046	0.295	0.557	"3"
"理查德"	0	0	1	0.392	0.101	0.507	-0.216	-0.046	0.295	0.557	"3"
"理论"	1	0	0	0.392	0.101	0.507	0.406	-0.046	-0.307	0.759	"1"
"甜蜜"	0	0	1	0.392	0.101	0.507	-0.216	-0.046	0.295	0.557	"3"
"生产力"	1	0	0	0.392	0.101	0.507	0.406	-0.046	-0.307	0.759	"1"
"生存空间"	0	0	1	0.392	0.101	0.507	-0.216	-0.046	0.295	0.557	"3"
"生活"	1	0	3	1.57	0.402	2.028	-0.311	-0.184	0.491	0.986	"3"
"生涯"	0	0	1	0.392	0.101	0.507	-0.216	-0.046	0.295	0.557	"3"
"生物书"	0	0	1	0.392	0.101	0.507	-0.216	-0.046	0.295	0.557	"3"
"生疏"	0	0	1	0.392	0.101	0.507	-0.216	-0.046	0.295	0.557	"3"
"生育"	0	0	1	0.392	0.101	0.507	-0.216	-0.046	0.295	0.557	"3"
"生长"	0	0	1	0.392	0.101	0.507	-0.216	-0.046	0.295	0.557	"3"
"由于"	0	0	2	0.785	0.201	1.014	-0.433	-0.092	0.59	1.115	"3"
"电信"	2	0	0	0.785	0.201	1.014	0.813	-0.092	-0.614	1.519	"1"
"电子"	1	0	1	0.785	0.201	1.014	0.2	-0.092	-0.129	0.421	"1"
"电子商务"	1	0	0	0.392	0.101	0.507	0.406	-0.046	-0.307	0.759	"1"
"电影"	0	0	2	0.785	0.201	1.014	-0.433	-0.092	0.59	1.115	"3"
"电源"	0	0	1	0.392	0.101	0.507	-0.216	-0.046	0.295	0.557	"3"
"电脑"	3	0	0	1.177	0.302	1.521	1.219	-0.138	-0.922	2.279	"1"
"画家"	0	0	1	0.392	0.101	0.507	-0.216	-0.046	0.295	0.557	"3"
"画面"	0	0	1	0.392	0.101	0.507	-0.216	-0.046	0.295	0.557	"3"
"留下"	0	0	2	0.785	0.201	1.014	-0.433	-0.092	0.59	1.115	"3"
"疆界"	1	0	0	0.392	0.101	0.507	0.406	-0.046	-0.307	0.759	"1"
"病故"	0	0	1	0.392	0.101	0.507	-0.216	-0.046	0.295	0.557	"3"
"病痛"	0	0	1	0.392	0.101	0.507	-0.216	-0.046	0.295	0.557	"3"
"白人"	0	0	1	0.392	0.101	0.507	-0.216	-0.046	0.295	0.557	"3"
"皮诺契特"	0	0	1	0.392	0.101	0.507	-0.216	-0.046	0.295	0.557	"3"
"盛世"	0	0	1	0.392	0.101	0.507	-0.216	-0.046	0.295	0.557	"3"
"直言"	0	0	1	0.392	0.101	0.507	-0.216	-0.046	0.295	0.557	"3"
"直面"	0	0	1	0.392	0.101	0.507	-0.216	-0.046	0.295	0.557	"3"
"相当"	0	0	5	1.962	0.503	2.535	-1.082	-0.23	1.475	2.787	"3"
"相提并论"	0	0	1	0.392	0.101	0.507	-0.216	-0.046	0.295	0.557	"3"
"相比"	1	0	0	0.392	0.101	0.507	0.406	-0.046	-0.307	0.759	"1"
"真实"	0	0	2	0.785	0.201	1.014	-0.433	-0.092	0.59	1.115	"3"
"真正"	1	0	1	0.785	0.201	1.014	0.2	-0.092	-0.129	0.421	"1"
"知识"	3	0	0	1.177	0.302	1.521	1.219	-0.138	-0.922	2.279	"1"
"知识产权"	1	0	0	0.392	0.101	0.507	0.406	-0.046	-0.307	0.759	"1"
"知识分子"	1	0	1	0.785	0.201	1.014	0.2	-0.092	-0.129	0.421	"1"
"知识经济"	9	0	0	3.531	0.905	4.563	3.657	-0.414	-2.765	6.836	"1"
"石器"	0	13	0	5.101	1.307	6.592	-2.813	12.968	-3.994	19.775	"2"
"研"	1	0	0	0.392	0.101	0.507	0.406	-0.046	-0.307	0.759	"1"
"研华"	0	0	2	0.785	0.201	1.014	-0.433	-0.092	0.59	1.115	"3"
"研讨会"	0	0	1	0.392	0.101	0.507	-0.216	-0.046	0.295	0.557	"3"
"砲打砲"	0	0	1	0.392	0.101	0.507	-0.216	-0.046	0.295	0.557	"3"
"礼仪"	1	0	0	0.392	0.101	0.507	0.406	-0.046	-0.307	0.759	"1"
"社会主义"	1	0	0	0.392	0.101	0.507	0.406	-0.046	-0.307	0.759	"1"
"社会科学"	1	0	0	0.392	0.101	0.507	0.406	-0.046	-0.307	0.759	"1"
"神秘"	0	1	0	0.392	0.101	0.507	-0.216	0.998	-0.307	1.521	"2"
"票"	0	0	1	0.392	0.101	0.507	-0.216	-0.046	0.295	0.557	"3"
"祭坛"	0	1	0	0.392	0.101	0.507	-0.216	0.998	-0.307	1.521	"2"
"禁止"	1	0	0	0.392	0.101	0.507	0.406	-0.046	-0.307	0.759	"1"
"秀"	1	0	0	0.392	0.101	0.507	0.406	-0.046	-0.307	0.759	"1"
"秋冬"	0	0	1	0.392	0.101	0.507	-0.216	-0.046	0.295	0.557	"3"
"种种"	0	0	1	0.392	0.101	0.507	-0.216	-0.046	0.295	0.557	"3"
"科举"	0	0	1	0.392	0.101	0.507	-0.216	-0.046	0.295	0.557	"3"
"科学"	1	0	0	0.392	0.101	0.507	0.406	-0.046	-0.307	0.759	"1"
"科技"	2	0	1	1.177	0.302	1.521	0.467	-0.138	-0.31	0.915	"1"
"科技化"	1	0	0	0.392	0.101	0.507	0.406	-0.046	-0.307	0.759	"1"
"称霸"	0	0	1	0.392	0.101	0.507	-0.216	-0.046	0.295	0.557	"3"
"稍后"	1	0	1	0.785	0.201	1.014	0.2	-0.092	-0.129	0.421	"1"
"稳定"	0	0	1	0.392	0.101	0.507	-0.216	-0.046	0.295	0.557	"3"
"稻"	0	0	2	0.785	0.201	1.014	-0.433	-0.092	0.59	1.115	"3"
"稽查"	0	0	1	0.392	0.101	0.507	-0.216	-0.046	0.295	0.557	"3"
"穆沙拉夫"	0	0	1	0.392	0.101	0.507	-0.216	-0.046	0.295	0.557	"3"
"究"	1	0	0	0.392	0.101	0.507	0.406	-0.046	-0.307	0.759	"1"
"穷"	1	0	0	0.392	0.101	0.507	0.406	-0.046	-0.307	0.759	"1"
"穷人"	0	0	1	0.392	0.101	0.507	-0.216	-0.046	0.295	0.557	"3"
"突出"	2	0	0	0.785	0.201	1.014	0.813	-0.092	-0.614	1.519	"1"
"突发"	0	0	1	0.392	0.101	0.507	-0.216	-0.046	0.295	0.557	"3"
"窑"	0	1	0	0.392	0.101	0.507	-0.216	0.998	-0.307	1.521	"2"
"窥"	1	0	0	0.392	0.101	0.507	0.406	-0.046	-0.307	0.759	"1"
"立志"	0	0	1	0.392	0.101	0.507	-0.216	-0.046	0.295	0.557	"3"
"童年"	0	0	1	0.392	0.101	0.507	-0.216	-0.046	0.295	0.557	"3"
"筑路"	1	0	0	0.392	0.101	0.507	0.406	-0.046	-0.307	0.759	"1"
"筹款"	0	0	1	0.392	0.101	0.507	-0.216	-0.046	0.295	0.557	"3"
"筹谋"	1	0	0	0.392	0.101	0.507	0.406	-0.046	-0.307	0.759	"1"
"篇章"	1	0	0	0.392	0.101	0.507	0.406	-0.046	-0.307	0.759	"1"
"篮坛"	0	0	1	0.392	0.101	0.507	-0.216	-0.046	0.295	0.557	"3"
"精品"	0	0	1	0.392	0.101	0.507	-0.216	-0.046	0.295	0.557	"3"
"精明"	0	1	0	0.392	0.101	0.507	-0.216	0.998	-0.307	1.521	"2"
"精确"	2	0	1	1.177	0.302	1.521	0.467	-0.138	-0.31	0.915	"1"
"精神"	8	0	0	3.139	0.805	4.056	3.25	-0.368	-2.458	6.076	"1"
"糖厂"	0	0	1	0.392	0.101	0.507	-0.216	-0.046	0.295	0.557	"3"
"系列"	0	0	2	0.785	0.201	1.014	-0.433	-0.092	0.59	1.115	"3"
"系列片"	0	0	1	0.392	0.101	0.507	-0.216	-0.046	0.295	0.557	"3"
"系统"	0	0	2	0.785	0.201	1.014	-0.433	-0.092	0.59	1.115	"3"
"素质教育"	0	0	1	0.392	0.101	0.507	-0.216	-0.046	0.295	0.557	"3"
"索取"	0	0	1	0.392	0.101	0.507	-0.216	-0.046	0.295	0.557	"3"
"紧密"	0	0	2	0.785	0.201	1.014	-0.433	-0.092	0.59	1.115	"3"
"紧紧"	1	0	0	0.392	0.101	0.507	0.406	-0.046	-0.307	0.759	"1"
"紧贴"	0	0	1	0.392	0.101	0.507	-0.216	-0.046	0.295	0.557	"3"
"繁荣"	1	0	1	0.785	0.201	1.014	0.2	-0.092	-0.129	0.421	"1"
"红色"	0	0	1	0.392	0.101	0.507	-0.216	-0.046	0.295	0.557	"3"
"纪"	0	1	1	0.785	0.201	1.014	-0.433	0.719	-0.129	1.281	"2"
"纲领"	1	0	0	0.392	0.101	0.507	0.406	-0.046	-0.307	0.759	"1"
"纳"	0	0	1	0.392	0.101	0.507	-0.216	-0.046	0.295	0.557	"3"
"纸箱"	0	0	1	0.392	0.101	0.507	-0.216	-0.046	0.295	0.557	"3"
"组合式"	0	1	0	0.392	0.101	0.507	-0.216	0.998	-0.307	1.521	"2"
"经典"	1	0	0	0.392	0.101	0.507	0.406	-0.046	-0.307	0.759	"1"
"经历"	1	0	1	0.785	0.201	1.014	0.2	-0.092	-0.129	0.421	"1"
"经援"	0	0	1	0.392	0.101	0.507	-0.216	-0.046	0.295	0.557	"3"
"经济"	34	0	3	14.518	3.721	18.761	10.548	-1.703	-7.402	19.653	"1"
"经济全球化"	1	0	0	0.392	0.101	0.507	0.406	-0.046	-0.307	0.759	"1"
"结合"	0	0	2	0.785	0.201	1.014	-0.433	-0.092	0.59	1.115	"3"
"结束"	1	0	0	0.392	0.101	0.507	0.406	-0.046	-0.307	0.759	"1"
"结构"	1	0	0	0.392	0.101	0.507	0.406	-0.046	-0.307	0.759	"1"
"绘"	0	0	1	0.392	0.101	0.507	-0.216	-0.046	0.295	0.557	"3"
"绘画"	0	0	1	0.392	0.101	0.507	-0.216	-0.046	0.295	0.557	"3"
"绝不"	0	0	1	0.392	0.101	0.507	-0.216	-0.046	0.295	0.557	"3"
"统治"	0	0	2	0.785	0.201	1.014	-0.433	-0.092	0.59	1.115	"3"
"维京"	0	0	1	0.392	0.101	0.507	-0.216	-0.046	0.295	0.557	"3"
"编钟"	0	1	0	0.392	0.101	0.507	-0.216	0.998	-0.307	1.521	"2"
"缺席者"	0	0	1	0.392	0.101	0.507	-0.216	-0.046	0.295	0.557	"3"
"网络"	1	0	0	0.392	0.101	0.507	0.406	-0.046	-0.307	0.759	"1"
"网路"	4	0	0	1.57	0.402	2.028	1.625	-0.184	-1.229	3.038	"1"
"网路游戏"	0	1	0	0.392	0.101	0.507	-0.216	0.998	-0.307	1.521	"2"
"网际"	5	0	0	1.962	0.503	2.535	2.031	-0.23	-1.536	3.797	"1"
"罗慕斯"	0	0	1	0.392	0.101	0.507	-0.216	-0.046	0.295	0.557	"3"
"美丽岛"	0	0	1	0.392	0.101	0.507	-0.216	-0.046	0.295	0.557	"3"
"美国线"	0	0	1	0.392	0.101	0.507	-0.216	-0.046	0.295	0.557	"3"
"美术馆"	0	0	1	0.392	0.101	0.507	-0.216	-0.046	0.295	0.557	"3"
"翻开"	0	0	1	0.392	0.101	0.507	-0.216	-0.046	0.295	0.557	"3"
"老"	2	0	0	0.785	0.201	1.014	0.813	-0.092	-0.614	1.519	"1"
"老汉"	0	0	1	0.392	0.101	0.507	-0.216	-0.046	0.295	0.557	"3"
"老船库"	0	0	1	0.392	0.101	0.507	-0.216	-0.046	0.295	0.557	"3"
"老龄"	1	0	0	0.392	0.101	0.507	0.406	-0.046	-0.307	0.759	"1"
"考古"	0	3	1	1.57	0.402	2.028	-0.865	2.425	-0.52	3.81	"2"
"考证"	0	1	0	0.392	0.101	0.507	-0.216	0.998	-0.307	1.521	"2"
"考验"	1	0	0	0.392	0.101	0.507	0.406	-0.046	-0.307	0.759	"1"
"耗时"	0	0	1	0.392	0.101	0.507	-0.216	-0.046	0.295	0.557	"3"
"股份"	1	0	0	0.392	0.101	0.507	0.406	-0.046	-0.307	0.759	"1"
"肥胖"	0	0	1	0.392	0.101	0.507	-0.216	-0.046	0.295	0.557	"3"
"肺活量"	0	0	1	0.392	0.101	0.507	-0.216	-0.046	0.295	0.557	"3"
"背景"	1	0	1	0.785	0.201	1.014	0.2	-0.092	-0.129	0.421	"1"
"胡作非为"	0	0	1	0.392	0.101	0.507	-0.216	-0.046	0.295	0.557	"3"
"脉动"	1	0	0	0.392	0.101	0.507	0.406	-0.046	-0.307	0.759	"1"
"脱序"	1	0	0	0.392	0.101	0.507	0.406	-0.046	-0.307	0.759	"1"
"自"	1	0	0	0.392	0.101	0.507	0.406	-0.046	-0.307	0.759	"1"
"自叹不如"	0	0	1	0.392	0.101	0.507	-0.216	-0.046	0.295	0.557	"3"
"自首"	0	0	1	0.392	0.101	0.507	-0.216	-0.046	0.295	0.557	"3"
"艘"	0	1	0	0.392	0.101	0.507	-0.216	0.998	-0.307	1.521	"2"
"艰"	1	0	0	0.392	0.101	0.507	0.406	-0.046	-0.307	0.759	"1"
"艰难"	3	0	0	1.177	0.302	1.521	1.219	-0.138	-0.922	2.279	"1"
"艺术展"	0	0	1	0.392	0.101	0.507	-0.216	-0.046	0.295	0.557	"3"
"艾森豪"	0	0	1	0.392	0.101	0.507	-0.216	-0.046	0.295	0.557	"3"
"节奏"	0	0	1	0.392	0.101	0.507	-0.216	-0.046	0.295	0.557	"3"
"苏"	0	0	3	1.177	0.302	1.521	-0.649	-0.138	0.885	1.672	"3"
"苏卡"	0	0	2	0.785	0.201	1.014	-0.433	-0.092	0.59	1.115	"3"
"苏哈"	0	0	1	0.392	0.101	0.507	-0.216	-0.046	0.295	0.557	"3"
"苏州"	0	2	0	0.785	0.201	1.014	-0.433	1.995	-0.614	3.042	"2"
"苏联"	0	0	3	1.177	0.302	1.521	-0.649	-0.138	0.885	1.672	"3"
"英宗"	0	0	1	0.392	0.101	0.507	-0.216	-0.046	0.295	0.557	"3"
"英特尔"	0	0	1	0.392	0.101	0.507	-0.216	-0.046	0.295	0.557	"3"
"英雄"	1	0	4	1.962	0.503	2.535	-0.456	-0.23	0.707	1.393	"3"
"茁壮"	0	0	1	0.392	0.101	0.507	-0.216	-0.046	0.295	0.557	"3"
"茶叶"	0	0	1	0.392	0.101	0.507	-0.216	-0.046	0.295	0.557	"3"
"莎士比亚"	0	0	1	0.392	0.101	0.507	-0.216	-0.046	0.295	0.557	"3"
"萧条"	1	0	0	0.392	0.101	0.507	0.406	-0.046	-0.307	0.759	"1"
"萨克拉门托"	1	0	0	0.392	0.101	0.507	0.406	-0.046	-0.307	0.759	"1"
"萨法维"	0	0	2	0.785	0.201	1.014	-0.433	-0.092	0.59	1.115	"3"
"萨达姆"	0	0	4	1.57	0.402	2.028	-0.865	-0.184	1.18	2.229	"3"
"落伍"	0	0	1	0.392	0.101	0.507	-0.216	-0.046	0.295	0.557	"3"
"落后"	1	0	1	0.785	0.201	1.014	0.2	-0.092	-0.129	0.421	"1"
"落成"	0	0	1	0.392	0.101	0.507	-0.216	-0.046	0.295	0.557	"3"
"落第"	0	0	1	0.392	0.101	0.507	-0.216	-0.046	0.295	0.557	"3"
"董事长"	2	0	0	0.785	0.201	1.014	0.813	-0.092	-0.614	1.519	"1"
"蒲亭"	0	0	1	0.392	0.101	0.507	-0.216	-0.046	0.295	0.557	"3"
"薪传"	1	0	0	0.392	0.101	0.507	0.406	-0.046	-0.307	0.759	"1"
"虚拟"	0	0	1	0.392	0.101	0.507	-0.216	-0.046	0.295	0.557	"3"
"融合"	0	0	1	0.392	0.101	0.507	-0.216	-0.046	0.295	0.557	"3"
"街头"	0	0	1	0.392	0.101	0.507	-0.216	-0.046	0.295	0.557	"3"
"补偿"	0	0	3	1.177	0.302	1.521	-0.649	-0.138	0.885	1.672	"3"
"补充兵员"	0	0	1	0.392	0.101	0.507	-0.216	-0.046	0.295	0.557	"3"
"西元"	0	0	3	1.177	0.302	1.521	-0.649	-0.138	0.885	1.672	"3"
"西周"	0	1	0	0.392	0.101	0.507	-0.216	0.998	-0.307	1.521	"2"
"西方"	1	0	4	1.962	0.503	2.535	-0.456	-0.23	0.707	1.393	"3"
"西汉"	0	1	0	0.392	0.101	0.507	-0.216	0.998	-0.307	1.521	"2"
"西沙"	1	0	0	0.392	0.101	0.507	0.406	-0.046	-0.307	0.759	"1"
"西部大开发"	1	0	1	0.785	0.201	1.014	0.2	-0.092	-0.129	0.421	"1"
"西门町"	0	0	1	0.392	0.101	0.507	-0.216	-0.046	0.295	0.557	"3"
"见证"	1	0	0	0.392	0.101	0.507	0.406	-0.046	-0.307	0.759	"1"
"观"	0	0	1	0.392	0.101	0.507	-0.216	-0.046	0.295	0.557	"3"
"观念"	2	0	1	1.177	0.302	1.521	0.467	-0.138	-0.31	0.915	"1"
"视点"	0	0	1	0.392	0.101	0.507	-0.216	-0.046	0.295	0.557	"3"
"解放"	0	0	1	0.392	0.101	0.507	-0.216	-0.046	0.295	0.557	"3"
"记"	0	0	1	0.392	0.101	0.507	-0.216	-0.046	0.295	0.557	"3"
"记载"	0	0	1	0.392	0.101	0.507	-0.216	-0.046	0.295	0.557	"3"
"讲求"	0	0	1	0.392	0.101	0.507	-0.216	-0.046	0.295	0.557	"3"
"讳言"	0	0	1	0.392	0.101	0.507	-0.216	-0.046	0.295	0.557	"3"
"评出"	0	0	1	0.392	0.101	0.507	-0.216	-0.046	0.295	0.557	"3"
"识"	2	0	0	0.785	0.201	1.014	0.813	-0.092	-0.614	1.519	"1"
"诗"	0	0	3	1.177	0.302	1.521	-0.649	-0.138	0.885	1.672	"3"
"诗人"	0	1	0	0.392	0.101	0.507	-0.216	0.998	-0.307	1.521	"2"
"诗歌"	0	0	2	0.785	0.201	1.014	-0.433	-0.092	0.59	1.115	"3"
"读书"	0	0	1	0.392	0.101	0.507	-0.216	-0.046	0.295	0.557	"3"
"读图"	0	0	1	0.392	0.101	0.507	-0.216	-0.046	0.295	0.557	"3"
"调整"	0	0	1	0.392	0.101	0.507	-0.216	-0.046	0.295	0.557	"3"
"谍"	0	0	1	0.392	0.101	0.507	-0.216	-0.046	0.295	0.557	"3"
"谜团"	0	1	0	0.392	0.101	0.507	-0.216	0.998	-0.307	1.521	"2"
"谱写"	2	0	0	0.785	0.201	1.014	0.813	-0.092	-0.614	1.519	"1"
"购"	0	0	1	0.392	0.101	0.507	-0.216	-0.046	0.295	0.557	"3"
"贯彻"	0	0	1	0.392	0.101	0.507	-0.216	-0.046	0.295	0.557	"3"
"贵族"	0	1	0	0.392	0.101	0.507	-0.216	0.998	-0.307	1.521	"2"
"资本主义"	1	0	0	0.392	0.101	0.507	0.406	-0.046	-0.307	0.759	"1"
"资讯"	11	0	0	4.316	1.106	5.578	4.469	-0.506	-3.379	8.354	"1"
"赋予"	0	0	1	0.392	0.101	0.507	-0.216	-0.046	0.295	0.557	"3"
"赏"	0	0	1	0.392	0.101	0.507	-0.216	-0.046	0.295	0.557	"3"
"走"	0	0	2	0.785	0.201	1.014	-0.433	-0.092	0.59	1.115	"3"
"走星光"	0	0	1	0.392	0.101	0.507	-0.216	-0.046	0.295	0.557	"3"
"走进"	1	0	0	0.392	0.101	0.507	0.406	-0.046	-0.307	0.759	"1"
"赵自强"	1	0	0	0.392	0.101	0.507	0.406	-0.046	-0.307	0.759	"1"
"赶上"	0	0	1	0.392	0.101	0.507	-0.216	-0.046	0.295	0.557	"3"
"起源"	0	1	1	0.785	0.201	1.014	-0.433	0.719	-0.129	1.281	"2"
"趋"	1	0	0	0.392	0.101	0.507	0.406	-0.046	-0.307	0.759	"1"
"趋势"	2	0	0	0.785	0.201	1.014	0.813	-0.092	-0.614	1.519	"1"
"足音"	1	0	0	0.392	0.101	0.507	0.406	-0.046	-0.307	0.759	"1"
"距"	0	4	0	1.57	0.402	2.028	-0.865	3.99	-1.229	6.084	"2"
"跟上"	0	0	1	0.392	0.101	0.507	-0.216	-0.046	0.295	0.557	"3"
"跟不上"	1	0	0	0.392	0.101	0.507	0.406	-0.046	-0.307	0.759	"1"
"跨入"	1	0	1	0.785	0.201	1.014	0.2	-0.092	-0.129	0.421	"1"
"跨越"	0	1	0	0.392	0.101	0.507	-0.216	0.998	-0.307	1.521	"2"
"践"	1	0	0	0.392	0.101	0.507	0.406	-0.046	-0.307	0.759	"1"
"踏出"	1	0	0	0.392	0.101	0.507	0.406	-0.046	-0.307	0.759	"1"
"身处"	1	0	0	0.392	0.101	0.507	0.406	-0.046	-0.307	0.759	"1"
"车马坑"	0	1	0	0.392	0.101	0.507	-0.216	0.998	-0.307	1.521	"2"
"轨迹"	1	0	0	0.392	0.101	0.507	0.406	-0.046	-0.307	0.759	"1"
"转变"	1	0	2	1.177	0.302	1.521	-0.181	-0.138	0.292	0.611	"3"
"转型"	1	0	0	0.392	0.101	0.507	0.406	-0.046	-0.307	0.759	"1"
"转折"	1	0	0	0.392	0.101	0.507	0.406	-0.046	-0.307	0.759	"1"
"轰动一时"	0	1	0	0.392	0.101	0.507	-0.216	0.998	-0.307	1.521	"2"
"载人"	0	0	1	0.392	0.101	0.507	-0.216	-0.046	0.295	0.557	"3"
"辉煌"	1	0	2	1.177	0.302	1.521	-0.181	-0.138	0.292	0.611	"3"
"边疆"	1	0	0	0.392	0.101	0.507	0.406	-0.046	-0.307	0.759	"1"
"迁徙"	0	0	1	0.392	0.101	0.507	-0.216	-0.046	0.295	0.557	"3"
"迅猛"	1	0	0	0.392	0.101	0.507	0.406	-0.046	-0.307	0.759	"1"
"过"	0	0	1	0.392	0.101	0.507	-0.216	-0.046	0.295	0.557	"3"
"过去"	1	0	6	2.747	0.704	3.549	-0.773	-0.322	1.172	2.267	"3"
"过往"	0	0	1	0.392	0.101	0.507	-0.216	-0.046	0.295	0.557	"3"
"过时"	1	0	0	0.392	0.101	0.507	0.406	-0.046	-0.307	0.759	"1"
"过渡"	0	0	3	1.177	0.302	1.521	-0.649	-0.138	0.885	1.672	"3"
"过渡性"	0	0	1	0.392	0.101	0.507	-0.216	-0.046	0.295	0.557	"3"
"迈向"	1	0	0	0.392	0.101	0.507	0.406	-0.046	-0.307	0.759	"1"
"迈进"	1	0	1	0.785	0.201	1.014	0.2	-0.092	-0.129	0.421	"1"
"近"	1	0	1	0.785	0.201	1.014	0.2	-0.092	-0.129	0.421	"1"
"近代"	0	0	2	0.785	0.201	1.014	-0.433	-0.092	0.59	1.115	"3"
"这样"	1	0	1	0.785	0.201	1.014	0.2	-0.092	-0.129	0.421	"1"
"进入"	20	2	0	8.633	2.212	11.155	6.168	-0.21	-6.758	13.136	"3"
"进步"	4	0	0	1.57	0.402	2.028	1.625	-0.184	-1.229	3.038	"1"
"远期"	1	0	0	0.392	0.101	0.507	0.406	-0.046	-0.307	0.759	"1"
"连续性"	0	0	1	0.392	0.101	0.507	-0.216	-0.046	0.295	0.557	"3"
"迥异"	0	0	1	0.392	0.101	0.507	-0.216	-0.046	0.295	0.557	"3"
"迷信"	0	0	1	0.392	0.101	0.507	-0.216	-0.046	0.295	0.557	"3"
"追求"	1	0	0	0.392	0.101	0.507	0.406	-0.046	-0.307	0.759	"1"
"适应"	6	0	0	2.354	0.603	3.042	2.438	-0.276	-1.843	4.557	"1"
"适当"	0	0	1	0.392	0.101	0.507	-0.216	-0.046	0.295	0.557	"3"
"逆转"	1	0	0	0.392	0.101	0.507	0.406	-0.046	-0.307	0.759	"1"
"透明化"	0	0	1	0.392	0.101	0.507	-0.216	-0.046	0.295	0.557	"3"
"通讯"	2	0	1	1.177	0.302	1.521	0.467	-0.138	-0.31	0.915	"1"
"造像"	0	2	0	0.785	0.201	1.014	-0.433	1.995	-0.614	3.042	"2"
"造就"	1	0	0	0.392	0.101	0.507	0.406	-0.046	-0.307	0.759	"1"
"週刊"	0	0	1	0.392	0.101	0.507	-0.216	-0.046	0.295	0.557	"3"
"遇上"	0	0	1	0.392	0.101	0.507	-0.216	-0.046	0.295	0.557	"3"
"遗址"	0	11	0	4.316	1.106	5.578	-2.38	10.973	-3.379	16.732	"2"
"遗留"	0	0	1	0.392	0.101	0.507	-0.216	-0.046	0.295	0.557	"3"
"遗迹"	0	1	0	0.392	0.101	0.507	-0.216	0.998	-0.307	1.521	"2"
"遭受"	0	0	1	0.392	0.101	0.507	-0.216	-0.046	0.295	0.557	"3"
"遭遇"	0	0	1	0.392	0.101	0.507	-0.216	-0.046	0.295	0.557	"3"
"邓小平"	2	0	0	0.785	0.201	1.014	0.813	-0.092	-0.614	1.519	"1"
"那"	0	0	10	3.924	1.006	5.07	-2.164	-0.46	2.95	5.574	"3"
"那么"	0	0	1	0.392	0.101	0.507	-0.216	-0.046	0.295	0.557	"3"
"那些"	0	0	1	0.392	0.101	0.507	-0.216	-0.046	0.295	0.557	"3"
"那时"	1	0	0	0.392	0.101	0.507	0.406	-0.046	-0.307	0.759	"1"
"邱复生"	0	0	1	0.392	0.101	0.507	-0.216	-0.046	0.295	0.557	"3"
"重任"	0	0	1	0.392	0.101	0.507	-0.216	-0.046	0.295	0.557	"3"
"重要"	10	1	1	4.709	1.207	6.085	2.625	-0.183	-2.561	5.369	"1"
"金大"	0	0	1	0.392	0.101	0.507	-0.216	-0.046	0.295	0.557	"3"
"金曲"	0	0	2	0.785	0.201	1.014	-0.433	-0.092	0.59	1.115	"3"
"钦定"	0	0	1	0.392	0.101	0.507	-0.216	-0.046	0.295	0.557	"3"
"钱塘江"	1	0	0	0.392	0.101	0.507	0.406	-0.046	-0.307	0.759	"1"
"铁幕"	0	0	1	0.392	0.101	0.507	-0.216	-0.046	0.295	0.557	"3"
"铁板材"	0	1	0	0.392	0.101	0.507	-0.216	0.998	-0.307	1.521	"2"
"铜锣湾"	0	0	1	0.392	0.101	0.507	-0.216	-0.046	0.295	0.557	"3"
"银杏"	0	0	1	0.392	0.101	0.507	-0.216	-0.046	0.295	0.557	"3"
"销量"	1	0	0	0.392	0.101	0.507	0.406	-0.046	-0.307	0.759	"1"
"锁匙"	0	0	1	0.392	0.101	0.507	-0.216	-0.046	0.295	0.557	"3"
"错不了"	0	0	1	0.392	0.101	0.507	-0.216	-0.046	0.295	0.557	"3"
"长"	0	0	7	2.747	0.704	3.549	-1.515	-0.322	2.065	3.902	"3"
"门市"	0	0	1	0.392	0.101	0.507	-0.216	-0.046	0.295	0.557	"3"
"间隔"	0	0	1	0.392	0.101	0.507	-0.216	-0.046	0.295	0.557	"3"
"阅读"	1	0	2	1.177	0.302	1.521	-0.181	-0.138	0.292	0.611	"3"
"阅读者"	1	0	0	0.392	0.101	0.507	0.406	-0.046	-0.307	0.759	"1"
"防务"	0	0	1	0.392	0.101	0.507	-0.216	-0.046	0.295	0.557	"3"
"防御"	1	0	0	0.392	0.101	0.507	0.406	-0.046	-0.307	0.759	"1"
"阶级"	2	0	0	0.785	0.201	1.014	0.813	-0.092	-0.614	1.519	"1"
"阿妈"	0	0	1	0.392	0.101	0.507	-0.216	-0.046	0.295	0.557	"3"
"阿根廷"	0	0	1	0.392	0.101	0.507	-0.216	-0.046	0.295	0.557	"3"
"陈秀凤"	0	0	1	0.392	0.101	0.507	-0.216	-0.046	0.295	0.557	"3"
"隋"	0	1	0	0.392	0.101	0.507	-0.216	0.998	-0.307	1.521	"2"
"随"	1	0	1	0.785	0.201	1.014	0.2	-0.092	-0.129	0.421	"1"
"随着"	8	0	0	3.139	0.805	4.056	3.25	-0.368	-2.458	6.076	"1"
"随身听"	0	0	1	0.392	0.101	0.507	-0.216	-0.046	0.295	0.557	"3"
"难"	0	0	1	0.392	0.101	0.507	-0.216	-0.046	0.295	0.557	"3"
"集中"	1	0	1	0.785	0.201	1.014	0.2	-0.092	-0.129	0.421	"1"
"需求"	1	0	0	0.392	0.101	0.507	0.406	-0.046	-0.307	0.759	"1"
"需要"	2	0	0	0.785	0.201	1.014	0.813	-0.092	-0.614	1.519	"1"
"青少"	0	0	1	0.392	0.101	0.507	-0.216	-0.046	0.295	0.557	"3"
"青少年"	0	0	5	1.962	0.503	2.535	-1.082	-0.23	1.475	2.787	"3"
"青年"	1	0	2	1.177	0.302	1.521	-0.181	-0.138	0.292	0.611	"3"
"青春"	1	0	0	0.392	0.101	0.507	0.406	-0.046	-0.307	0.759	"1"
"青铜"	0	1	0	0.392	0.101	0.507	-0.216	0.998	-0.307	1.521	"2"
"非典"	8	0	0	3.139	0.805	4.056	3.25	-0.368	-2.458	6.076	"1"
"非常"	0	0	1	0.392	0.101	0.507	-0.216	-0.046	0.295	0.557	"3"
"靠天吃饭"	0	0	1	0.392	0.101	0.507	-0.216	-0.046	0.295	0.557	"3"
"面临"	4	0	1	1.962	0.503	2.535	1.09	-0.23	-0.748	2.068	"1"
"面对"	1	0	0	0.392	0.101	0.507	0.406	-0.046	-0.307	0.759	"1"
"面纱"	0	1	0	0.392	0.101	0.507	-0.216	0.998	-0.307	1.521	"2"
"面貌"	1	0	0	0.392	0.101	0.507	0.406	-0.046	-0.307	0.759	"1"
"革命"	7	0	0	2.747	0.704	3.549	2.844	-0.322	-2.15	5.316	"1"
"韩元"	0	0	1	0.392	0.101	0.507	-0.216	-0.046	0.295	0.557	"3"
"音乐"	2	0	2	1.57	0.402	2.028	0.291	-0.184	-0.17	0.645	"1"
"顺应"	4	0	0	1.57	0.402	2.028	1.625	-0.184	-1.229	3.038	"1"
"顾嘉火军"	1	0	0	0.392	0.101	0.507	0.406	-0.046	-0.307	0.759	"1"
"频繁"	0	0	1	0.392	0.101	0.507	-0.216	-0.046	0.295	0.557	"3"
"颠峰"	0	0	1	0.392	0.101	0.507	-0.216	-0.046	0.295	0.557	"3"
"风光"	0	0	1	0.392	0.101	0.507	-0.216	-0.046	0.295	0.557	"3"
"风华"	0	0	3	1.177	0.302	1.521	-0.649	-0.138	0.885	1.672	"3"
"风情"	0	0	1	0.392	0.101	0.507	-0.216	-0.046	0.295	0.557	"3"
"风暴"	1	0	0	0.392	0.101	0.507	0.406	-0.046	-0.307	0.759	"1"
"风格"	0	0	1	0.392	0.101	0.507	-0.216	-0.046	0.295	0.557	"3"
"风貌"	0	0	1	0.392	0.101	0.507	-0.216	-0.046	0.295	0.557	"3"
"风采"	1	0	1	0.785	0.201	1.014	0.2	-0.092	-0.129	0.421	"1"
"飞虎队"	0	0	1	0.392	0.101	0.507	-0.216	-0.046	0.295	0.557	"3"
"马克思"	2	0	2	1.57	0.402	2.028	0.291	-0.184	-0.17	0.645	"1"
"马尔克斯"	0	0	1	0.392	0.101	0.507	-0.216	-0.046	0.295	0.557	"3"
"骨骼"	0	0	1	0.392	0.101	0.507	-0.216	-0.046	0.295	0.557	"3"
"高中"	0	0	1	0.392	0.101	0.507	-0.216	-0.046	0.295	0.557	"3"
"高出"	2	0	0	0.785	0.201	1.014	0.813	-0.092	-0.614	1.519	"1"
"高压"	0	0	1	0.392	0.101	0.507	-0.216	-0.046	0.295	0.557	"3"
"高峰"	0	0	1	0.392	0.101	0.507	-0.216	-0.046	0.295	0.557	"3"
"高涨"	1	0	0	0.392	0.101	0.507	0.406	-0.046	-0.307	0.759	"1"
"高科技"	1	0	0	0.392	0.101	0.507	0.406	-0.046	-0.307	0.759	"1"
"高速"	1	1	0	0.785	0.201	1.014	0.2	0.719	-0.614	1.533	"2"
"魏"	0	1	0	0.392	0.101	0.507	-0.216	0.998	-0.307	1.521	"2"
"魔术师"	1	0	0	0.392	0.101	0.507	0.406	-0.046	-0.307	0.759	"1"
"鲜明"	0	0	1	0.392	0.101	0.507	-0.216	-0.046	0.295	0.557	"3"
"黄金"	0	0	2	0.785	0.201	1.014	-0.433	-0.092	0.59	1.115	"3"
"黎沸辉"	0	0	1	0.392	0.101	0.507	-0.216	-0.046	0.295	0.557	"3"
"黑白"	1	0	0	0.392	0.101	0.507	0.406	-0.046	-0.307	0.759	"1"
"鼎盛"	0	1	1	0.785	0.201	1.014	-0.433	0.719	-0.129	1.281	"2"
