"Coll_Word"	"1"	"2"	"3"	"exp_1"	"exp_2"	"exp_3"	"pbin_1"	"pbin_2"	"pbin_3"	"SumAbsDev"	"LargestDev"
"﹐"	0	0	2	0.799	0.096	1.106	-0.443	-0.043	0.515	1.001	"3"
"﹑"	0	0	1	0.399	0.048	0.553	-0.221	-0.021	0.257	0.499	"3"
"?"	0	0	1	0.399	0.048	0.553	-0.221	-0.021	0.257	0.499	"3"
"︶"	0	0	1	0.399	0.048	0.553	-0.221	-0.021	0.257	0.499	"3"
"0206"	0	0	1	0.399	0.048	0.553	-0.221	-0.021	0.257	0.499	"3"
"1000多"	1	0	0	0.399	0.048	0.553	0.399	-0.021	-0.35	0.77	"1"
"150多"	1	0	0	0.399	0.048	0.553	0.399	-0.021	-0.35	0.77	"1"
"1974年"	1	0	0	0.399	0.048	0.553	0.399	-0.021	-0.35	0.77	"1"
"1983年"	0	0	1	0.399	0.048	0.553	-0.221	-0.021	0.257	0.499	"3"
"1994年"	1	0	0	0.399	0.048	0.553	0.399	-0.021	-0.35	0.77	"1"
"1999年"	1	0	2	1.198	0.143	1.659	-0.188	-0.064	0.237	0.489	"3"
"20多万"	1	0	0	0.399	0.048	0.553	0.399	-0.021	-0.35	0.77	"1"
"230余"	1	0	0	0.399	0.048	0.553	0.399	-0.021	-0.35	0.77	"1"
"28日"	1	0	1	0.799	0.096	1.106	0.194	-0.043	-0.158	0.395	"1"
"400多"	1	0	0	0.399	0.048	0.553	0.399	-0.021	-0.35	0.77	"1"
"5万"	2	0	0	0.799	0.096	1.106	0.797	-0.043	-0.699	1.539	"1"
"60年代"	1	0	0	0.399	0.048	0.553	0.399	-0.021	-0.35	0.77	"1"
"891001"	1	0	0	0.399	0.048	0.553	0.399	-0.021	-0.35	0.77	"1"
"891018"	1	0	0	0.399	0.048	0.553	0.399	-0.021	-0.35	0.77	"1"
"891027"	0	0	1	0.399	0.048	0.553	-0.221	-0.021	0.257	0.499	"3"
"891123"	0	0	1	0.399	0.048	0.553	-0.221	-0.021	0.257	0.499	"3"
"891129"	0	0	1	0.399	0.048	0.553	-0.221	-0.021	0.257	0.499	"3"
"891215"	1	0	0	0.399	0.048	0.553	0.399	-0.021	-0.35	0.77	"1"
"900117"	0	0	1	0.399	0.048	0.553	-0.221	-0.021	0.257	0.499	"3"
"9月"	3	0	1	1.597	0.191	2.212	0.749	-0.085	-0.624	1.458	"1"
"CHP"	0	0	1	0.399	0.048	0.553	-0.221	-0.021	0.257	0.499	"3"
"一些"	0	0	1	0.399	0.048	0.553	-0.221	-0.021	0.257	0.499	"3"
"一旦"	0	0	1	0.399	0.048	0.553	-0.221	-0.021	0.257	0.499	"3"
"一百零九"	1	0	0	0.399	0.048	0.553	0.399	-0.021	-0.35	0.77	"1"
"一直"	0	0	1	0.399	0.048	0.553	-0.221	-0.021	0.257	0.499	"3"
"一触即发"	0	0	1	0.399	0.048	0.553	-0.221	-0.021	0.257	0.499	"3"
"一连串"	0	1	0	0.399	0.048	0.553	-0.221	1.321	-0.35	1.892	"2"
"一阵子"	0	1	0	0.399	0.048	0.553	-0.221	1.321	-0.35	1.892	"2"
"七四"	1	0	0	0.399	0.048	0.553	0.399	-0.021	-0.35	0.77	"1"
"七百四十六"	0	0	1	0.399	0.048	0.553	-0.221	-0.021	0.257	0.499	"3"
"三万三千"	0	0	1	0.399	0.048	0.553	-0.221	-0.021	0.257	0.499	"3"
"三十六"	0	0	1	0.399	0.048	0.553	-0.221	-0.021	0.257	0.499	"3"
"上万"	1	0	0	0.399	0.048	0.553	0.399	-0.021	-0.35	0.77	"1"
"上市公司"	0	0	1	0.399	0.048	0.553	-0.221	-0.021	0.257	0.499	"3"
"上来"	0	0	1	0.399	0.048	0.553	-0.221	-0.021	0.257	0.499	"3"
"上演"	0	0	1	0.399	0.048	0.553	-0.221	-0.021	0.257	0.499	"3"
"下去"	1	0	0	0.399	0.048	0.553	0.399	-0.021	-0.35	0.77	"1"
"不以为然"	0	0	1	0.399	0.048	0.553	-0.221	-0.021	0.257	0.499	"3"
"不休"	0	0	8	3.194	0.382	4.424	-1.771	-0.17	2.059	4	"3"
"不单"	1	0	0	0.399	0.048	0.553	0.399	-0.021	-0.35	0.77	"1"
"不可能"	0	0	1	0.399	0.048	0.553	-0.221	-0.021	0.257	0.499	"3"
"不和"	0	0	2	0.799	0.096	1.106	-0.443	-0.043	0.515	1.001	"3"
"不安"	2	1	0	1.198	0.143	1.659	0.455	0.864	-1.049	2.368	"3"
"不少"	0	1	5	2.396	0.287	3.318	-1.328	0.594	0.777	2.699	"1"
"不已"	0	0	1	0.399	0.048	0.553	-0.221	-0.021	0.257	0.499	"3"
"不必"	0	0	1	0.399	0.048	0.553	-0.221	-0.021	0.257	0.499	"3"
"不料"	1	0	0	0.399	0.048	0.553	0.399	-0.021	-0.35	0.77	"1"
"不断"	4	0	2	2.396	0.287	3.318	0.749	-0.128	-0.601	1.478	"1"
"与"	2	1	1	1.597	0.191	2.212	0.281	0.75	-0.624	1.655	"2"
"与否"	0	0	1	0.399	0.048	0.553	-0.221	-0.021	0.257	0.499	"3"
"专家组"	0	0	1	0.399	0.048	0.553	-0.221	-0.021	0.257	0.499	"3"
"世贸组织"	0	0	3	1.198	0.143	1.659	-0.664	-0.064	0.772	1.5	"3"
"业者"	0	1	2	1.198	0.143	1.659	-0.664	0.864	0.237	1.765	"2"
"东部"	2	0	0	0.799	0.096	1.106	0.797	-0.043	-0.699	1.539	"1"
"两"	1	0	0	0.399	0.048	0.553	0.399	-0.021	-0.35	0.77	"1"
"两万五千"	0	0	1	0.399	0.048	0.553	-0.221	-0.021	0.257	0.499	"3"
"两国"	0	0	1	0.399	0.048	0.553	-0.221	-0.021	0.257	0.499	"3"
"两岸"	1	0	12	5.19	0.621	7.188	-1.893	-0.276	2.284	4.453	"3"
"严重"	1	1	0	0.799	0.096	1.106	0.194	1.03	-0.699	1.923	"2"
"丧命"	1	0	0	0.399	0.048	0.553	0.399	-0.021	-0.35	0.77	"1"
"丧生"	6	0	0	2.396	0.287	3.318	2.392	-0.128	-2.098	4.618	"1"
"个人所得税"	0	1	0	0.399	0.048	0.553	-0.221	1.321	-0.35	1.892	"2"
"中"	21	0	11	12.776	1.529	17.694	2.533	-0.681	-1.857	5.071	"1"
"中东"	11	0	4	5.989	0.717	8.294	2.036	-0.319	-1.618	3.973	"1"
"中央委员"	0	0	1	0.399	0.048	0.553	-0.221	-0.021	0.257	0.499	"3"
"中央社"	0	0	6	2.396	0.287	3.318	-1.328	-0.128	1.544	3	"3"
"主义"	2	0	0	0.799	0.096	1.106	0.797	-0.043	-0.699	1.539	"1"
"主体性"	0	0	1	0.399	0.048	0.553	-0.221	-0.021	0.257	0.499	"3"
"主张"	0	0	4	1.597	0.191	2.212	-0.885	-0.085	1.029	1.999	"3"
"主权"	0	0	5	1.996	0.239	2.765	-1.107	-0.106	1.287	2.5	"3"
"乃"	0	0	1	0.399	0.048	0.553	-0.221	-0.021	0.257	0.499	"3"
"久"	0	0	1	0.399	0.048	0.553	-0.221	-0.021	0.257	0.499	"3"
"之中"	0	0	1	0.399	0.048	0.553	-0.221	-0.021	0.257	0.499	"3"
"之于"	0	1	0	0.399	0.048	0.553	-0.221	1.321	-0.35	1.892	"2"
"之前"	0	0	1	0.399	0.048	0.553	-0.221	-0.021	0.257	0.499	"3"
"之后"	0	1	1	0.799	0.096	1.106	-0.443	1.03	-0.158	1.631	"2"
"之间"	8	0	3	4.392	0.526	6.082	1.539	-0.234	-1.232	3.005	"1"
"之际"	0	0	2	0.799	0.096	1.106	-0.443	-0.043	0.515	1.001	"3"
"九二"	0	0	2	0.799	0.096	1.106	-0.443	-0.043	0.515	1.001	"3"
"书面"	0	0	2	0.799	0.096	1.106	-0.443	-0.043	0.515	1.001	"3"
"买卖"	0	0	1	0.399	0.048	0.553	-0.221	-0.021	0.257	0.499	"3"
"争到"	0	0	1	0.399	0.048	0.553	-0.221	-0.021	0.257	0.499	"3"
"争端"	0	0	1	0.399	0.048	0.553	-0.221	-0.021	0.257	0.499	"3"
"争议"	0	2	12	5.59	0.669	7.741	-3.098	0.847	1.746	5.691	"1"
"事件"	9	0	1	3.993	0.478	5.529	2.782	-0.213	-2.37	5.365	"1"
"事端"	1	0	0	0.399	0.048	0.553	0.399	-0.021	-0.35	0.77	"1"
"云林站"	1	0	0	0.399	0.048	0.553	0.399	-0.021	-0.35	0.77	"1"
"互相"	0	0	1	0.399	0.048	0.553	-0.221	-0.021	0.257	0.499	"3"
"五六十年代"	0	0	1	0.399	0.048	0.553	-0.221	-0.021	0.257	0.499	"3"
"五十多"	0	0	1	0.399	0.048	0.553	-0.221	-0.021	0.257	0.499	"3"
"亚美尼亚"	0	0	1	0.399	0.048	0.553	-0.221	-0.021	0.257	0.499	"3"
"亚齐"	1	0	0	0.399	0.048	0.553	0.399	-0.021	-0.35	0.77	"1"
"亚齐省"	0	0	2	0.799	0.096	1.106	-0.443	-0.043	0.515	1.001	"3"
"交流"	0	0	2	0.799	0.096	1.106	-0.443	-0.043	0.515	1.001	"3"
"交火"	2	0	0	0.799	0.096	1.106	0.797	-0.043	-0.699	1.539	"1"
"交由"	0	0	2	0.799	0.096	1.106	-0.443	-0.043	0.515	1.001	"3"
"交织"	0	0	1	0.399	0.048	0.553	-0.221	-0.021	0.257	0.499	"3"
"产权"	0	0	1	0.399	0.048	0.553	-0.221	-0.021	0.257	0.499	"3"
"产生"	0	0	4	1.597	0.191	2.212	-0.885	-0.085	1.029	1.999	"3"
"人墙"	1	0	0	0.399	0.048	0.553	0.399	-0.021	-0.35	0.77	"1"
"人数"	2	0	0	0.799	0.096	1.106	0.797	-0.043	-0.699	1.539	"1"
"人物"	0	0	1	0.399	0.048	0.553	-0.221	-0.021	0.257	0.499	"3"
"人选"	0	0	1	0.399	0.048	0.553	-0.221	-0.021	0.257	0.499	"3"
"什叶派"	1	0	0	0.399	0.048	0.553	0.399	-0.021	-0.35	0.77	"1"
"什米尔"	0	0	1	0.399	0.048	0.553	-0.221	-0.021	0.257	0.499	"3"
"今"	4	0	4	3.194	0.382	4.424	0.393	-0.17	-0.287	0.85	"1"
"介入"	0	0	1	0.399	0.048	0.553	-0.221	-0.021	0.257	0.499	"3"
"仍"	2	0	3	1.996	0.239	2.765	0.179	-0.106	0.223	0.508	"3"
"仍然"	1	0	2	1.198	0.143	1.659	-0.188	-0.064	0.237	0.489	"3"
"从而"	0	0	1	0.399	0.048	0.553	-0.221	-0.021	0.257	0.499	"3"
"付款"	1	0	0	0.399	0.048	0.553	0.399	-0.021	-0.35	0.77	"1"
"代客操"	0	0	1	0.399	0.048	0.553	-0.221	-0.021	0.257	0.499	"3"
"以"	67	0	14	32.34	3.871	44.788	14.49	-1.723	-11.69	27.903	"1"
"以便"	1	0	0	0.399	0.048	0.553	0.399	-0.021	-0.35	0.77	"1"
"以外"	0	0	1	0.399	0.048	0.553	-0.221	-0.021	0.257	0.499	"3"
"以来"	10	0	3	5.19	0.621	7.188	2.115	-0.276	-1.714	4.105	"1"
"以色列"	28	0	0	11.179	1.338	15.482	11.165	-0.596	-9.79	21.551	"1"
"仲裁"	0	0	1	0.399	0.048	0.553	-0.221	-0.021	0.257	0.499	"3"
"仲裁庭"	0	0	1	0.399	0.048	0.553	-0.221	-0.021	0.257	0.499	"3"
"件"	1	0	1	0.799	0.096	1.106	0.194	-0.043	-0.158	0.395	"1"
"件数"	0	0	1	0.399	0.048	0.553	-0.221	-0.021	0.257	0.499	"3"
"价值观"	0	0	1	0.399	0.048	0.553	-0.221	-0.021	0.257	0.499	"3"
"任何"	0	0	1	0.399	0.048	0.553	-0.221	-0.021	0.257	0.499	"3"
"任命案"	0	0	1	0.399	0.048	0.553	-0.221	-0.021	0.257	0.499	"3"
"任期"	0	0	1	0.399	0.048	0.553	-0.221	-0.021	0.257	0.499	"3"
"企图"	1	0	0	0.399	0.048	0.553	0.399	-0.021	-0.35	0.77	"1"
"伊斯兰堡"	0	0	1	0.399	0.048	0.553	-0.221	-0.021	0.257	0.499	"3"
"休止"	0	0	1	0.399	0.048	0.553	-0.221	-0.021	0.257	0.499	"3"
"伙"	0	0	1	0.399	0.048	0.553	-0.221	-0.021	0.257	0.499	"3"
"会谈"	1	0	0	0.399	0.048	0.553	0.399	-0.021	-0.35	0.77	"1"
"传出"	0	0	2	0.799	0.096	1.106	-0.443	-0.043	0.515	1.001	"3"
"伦杜族"	2	0	0	0.799	0.096	1.106	0.797	-0.043	-0.699	1.539	"1"
"位置"	2	0	2	1.597	0.191	2.212	0.281	-0.085	-0.219	0.585	"1"
"体制"	0	0	1	0.399	0.048	0.553	-0.221	-0.021	0.257	0.499	"3"
"余"	0	0	1	0.399	0.048	0.553	-0.221	-0.021	0.257	0.499	"3"
"佛州"	0	0	3	1.198	0.143	1.659	-0.664	-0.064	0.772	1.5	"3"
"佛罗里达州"	1	0	1	0.799	0.096	1.106	0.194	-0.043	-0.158	0.395	"1"
"作"	0	0	1	0.399	0.048	0.553	-0.221	-0.021	0.257	0.499	"3"
"作出"	0	0	1	0.399	0.048	0.553	-0.221	-0.021	0.257	0.499	"3"
"作好"	0	0	1	0.399	0.048	0.553	-0.221	-0.021	0.257	0.499	"3"
"作秀"	0	0	1	0.399	0.048	0.553	-0.221	-0.021	0.257	0.499	"3"
"使"	0	1	1	0.799	0.096	1.106	-0.443	1.03	-0.158	1.631	"2"
"依据"	0	0	1	0.399	0.048	0.553	-0.221	-0.021	0.257	0.499	"3"
"依旧"	2	0	1	1.198	0.143	1.659	0.455	-0.064	-0.376	0.895	"1"
"依法"	0	0	1	0.399	0.048	0.553	-0.221	-0.021	0.257	0.499	"3"
"依然"	1	0	0	0.399	0.048	0.553	0.399	-0.021	-0.35	0.77	"1"
"侵权"	1	0	0	0.399	0.048	0.553	0.399	-0.021	-0.35	0.77	"1"
"侵犯"	0	1	0	0.399	0.048	0.553	-0.221	1.321	-0.35	1.892	"2"
"促使"	1	0	0	0.399	0.048	0.553	0.399	-0.021	-0.35	0.77	"1"
"促进"	0	0	1	0.399	0.048	0.553	-0.221	-0.021	0.257	0.499	"3"
"保留"	0	0	1	0.399	0.048	0.553	-0.221	-0.021	0.257	0.499	"3"
"保証"	0	0	1	0.399	0.048	0.553	-0.221	-0.021	0.257	0.499	"3"
"保险"	1	0	0	0.399	0.048	0.553	0.399	-0.021	-0.35	0.77	"1"
"信任"	0	0	1	0.399	0.048	0.553	-0.221	-0.021	0.257	0.499	"3"
"倒地"	0	1	0	0.399	0.048	0.553	-0.221	1.321	-0.35	1.892	"2"
"停建"	0	0	1	0.399	0.048	0.553	-0.221	-0.021	0.257	0.499	"3"
"停止"	3	0	2	1.996	0.239	2.765	0.5	-0.106	-0.396	1.002	"1"
"停火"	4	0	3	2.795	0.335	3.871	0.54	-0.149	-0.414	1.103	"1"
"偶然"	1	0	0	0.399	0.048	0.553	0.399	-0.021	-0.35	0.77	"1"
"僵局"	0	0	1	0.399	0.048	0.553	-0.221	-0.021	0.257	0.499	"3"
"儿子"	1	0	0	0.399	0.048	0.553	0.399	-0.021	-0.35	0.77	"1"
"克"	0	0	1	0.399	0.048	0.553	-0.221	-0.021	0.257	0.499	"3"
"克什"	0	0	2	0.799	0.096	1.106	-0.443	-0.043	0.515	1.001	"3"
"克林顿"	1	0	1	0.799	0.096	1.106	0.194	-0.043	-0.158	0.395	"1"
"党"	0	0	2	0.799	0.096	1.106	-0.443	-0.043	0.515	1.001	"3"
"党团"	0	0	1	0.399	0.048	0.553	-0.221	-0.021	0.257	0.499	"3"
"入学"	0	0	2	0.799	0.096	1.106	-0.443	-0.043	0.515	1.001	"3"
"入门票"	0	0	1	0.399	0.048	0.553	-0.221	-0.021	0.257	0.499	"3"
"公平"	0	0	1	0.399	0.048	0.553	-0.221	-0.021	0.257	0.499	"3"
"公投"	0	0	3	1.198	0.143	1.659	-0.664	-0.064	0.772	1.5	"3"
"共识"	0	0	3	1.198	0.143	1.659	-0.664	-0.064	0.772	1.5	"3"
"关于"	2	0	7	3.593	0.43	4.976	-0.632	-0.191	0.813	1.636	"3"
"关切"	0	1	1	0.799	0.096	1.106	-0.443	1.03	-0.158	1.631	"2"
"兴建"	0	0	1	0.399	0.048	0.553	-0.221	-0.021	0.257	0.499	"3"
"兴松"	0	0	1	0.399	0.048	0.553	-0.221	-0.021	0.257	0.499	"3"
"其一"	0	0	1	0.399	0.048	0.553	-0.221	-0.021	0.257	0.499	"3"
"具"	0	0	1	0.399	0.048	0.553	-0.221	-0.021	0.257	0.499	"3"
"具体"	0	0	1	0.399	0.048	0.553	-0.221	-0.021	0.257	0.499	"3"
"典型"	0	0	1	0.399	0.048	0.553	-0.221	-0.021	0.257	0.499	"3"
"内"	0	0	1	0.399	0.048	0.553	-0.221	-0.021	0.257	0.499	"3"
"内战"	2	0	1	1.198	0.143	1.659	0.455	-0.064	-0.376	0.895	"1"
"内政"	0	0	1	0.399	0.048	0.553	-0.221	-0.021	0.257	0.499	"3"
"内政部"	0	0	1	0.399	0.048	0.553	-0.221	-0.021	0.257	0.499	"3"
"再度"	0	1	0	0.399	0.048	0.553	-0.221	1.321	-0.35	1.892	"2"
"再次"	2	0	0	0.799	0.096	1.106	0.797	-0.043	-0.699	1.539	"1"
"冗长"	0	0	1	0.399	0.048	0.553	-0.221	-0.021	0.257	0.499	"3"
"军"	5	0	0	1.996	0.239	2.765	1.994	-0.106	-1.748	3.848	"1"
"军事"	0	0	4	1.597	0.191	2.212	-0.885	-0.085	1.029	1.999	"3"
"军士兵"	1	0	0	0.399	0.048	0.553	0.399	-0.021	-0.35	0.77	"1"
"军方"	1	0	0	0.399	0.048	0.553	0.399	-0.021	-0.35	0.77	"1"
"军警"	1	0	0	0.399	0.048	0.553	0.399	-0.021	-0.35	0.77	"1"
"军队"	6	0	0	2.396	0.287	3.318	2.392	-0.128	-2.098	4.618	"1"
"农场"	0	0	1	0.399	0.048	0.553	-0.221	-0.021	0.257	0.499	"3"
"农村社"	0	0	1	0.399	0.048	0.553	-0.221	-0.021	0.257	0.499	"3"
"冯昭"	0	0	1	0.399	0.048	0.553	-0.221	-0.021	0.257	0.499	"3"
"冲突"	12	1	6	7.586	0.908	10.506	1.46	0.218	-1.491	3.169	"3"
"决"	0	1	3	1.597	0.191	2.212	-0.885	0.75	0.403	2.038	"1"
"决定"	0	0	1	0.399	0.048	0.553	-0.221	-0.021	0.257	0.499	"3"
"决策"	0	0	2	0.799	0.096	1.106	-0.443	-0.043	0.515	1.001	"3"
"决议"	0	0	1	0.399	0.048	0.553	-0.221	-0.021	0.257	0.499	"3"
"减少"	3	0	4	2.795	0.335	3.871	0.238	-0.149	0.211	0.598	"1"
"减薪"	0	0	1	0.399	0.048	0.553	-0.221	-0.021	0.257	0.499	"3"
"出卖"	0	0	1	0.399	0.048	0.553	-0.221	-0.021	0.257	0.499	"3"
"出团数"	0	0	1	0.399	0.048	0.553	-0.221	-0.021	0.257	0.499	"3"
"出场"	0	0	1	0.399	0.048	0.553	-0.221	-0.021	0.257	0.499	"3"
"出现"	1	0	0	0.399	0.048	0.553	0.399	-0.021	-0.35	0.77	"1"
"出面"	0	0	2	0.799	0.096	1.106	-0.443	-0.043	0.515	1.001	"3"
"击中"	1	0	0	0.399	0.048	0.553	0.399	-0.021	-0.35	0.77	"1"
"分心"	0	0	1	0.399	0.048	0.553	-0.221	-0.021	0.257	0.499	"3"
"分歧"	0	0	1	0.399	0.048	0.553	-0.221	-0.021	0.257	0.499	"3"
"分离"	1	0	0	0.399	0.048	0.553	0.399	-0.021	-0.35	0.77	"1"
"分配"	0	0	2	0.799	0.096	1.106	-0.443	-0.043	0.515	1.001	"3"
"划界"	0	0	1	0.399	0.048	0.553	-0.221	-0.021	0.257	0.499	"3"
"则"	0	0	2	0.799	0.096	1.106	-0.443	-0.043	0.515	1.001	"3"
"刚果"	2	0	2	1.597	0.191	2.212	0.281	-0.085	-0.219	0.585	"1"
"判决"	0	0	1	0.399	0.048	0.553	-0.221	-0.021	0.257	0.499	"3"
"判罚"	0	0	1	0.399	0.048	0.553	-0.221	-0.021	0.257	0.499	"3"
"利库德"	1	0	1	0.799	0.096	1.106	0.194	-0.043	-0.158	0.395	"1"
"利比"	0	0	1	0.399	0.048	0.553	-0.221	-0.021	0.257	0.499	"3"
"利比里亚"	1	0	0	0.399	0.048	0.553	0.399	-0.021	-0.35	0.77	"1"
"利益"	0	0	9	3.593	0.43	4.976	-1.992	-0.191	2.316	4.499	"3"
"到底"	0	0	1	0.399	0.048	0.553	-0.221	-0.021	0.257	0.499	"3"
"制止"	5	0	0	1.996	0.239	2.765	1.994	-0.106	-1.748	3.848	"1"
"削减"	0	0	1	0.399	0.048	0.553	-0.221	-0.021	0.257	0.499	"3"
"前夕"	1	0	0	0.399	0.048	0.553	0.399	-0.021	-0.35	0.77	"1"
"力"	1	0	1	0.799	0.096	1.106	0.194	-0.043	-0.158	0.395	"1"
"力行"	1	0	0	0.399	0.048	0.553	0.399	-0.021	-0.35	0.77	"1"
"功研究"	0	0	1	0.399	0.048	0.553	-0.221	-0.021	0.257	0.499	"3"
"加拿大"	0	1	0	0.399	0.048	0.553	-0.221	1.321	-0.35	1.892	"2"
"加沙地带"	2	0	0	0.799	0.096	1.106	0.797	-0.043	-0.699	1.539	"1"
"加萨"	1	0	0	0.399	0.048	0.553	0.399	-0.021	-0.35	0.77	"1"
"加萨市"	1	0	0	0.399	0.048	0.553	0.399	-0.021	-0.35	0.77	"1"
"加萨走廊"	2	0	0	0.799	0.096	1.106	0.797	-0.043	-0.699	1.539	"1"
"动乱"	1	0	0	0.399	0.048	0.553	0.399	-0.021	-0.35	0.77	"1"
"动武"	0	0	1	0.399	0.048	0.553	-0.221	-0.021	0.257	0.499	"3"
"努力"	5	0	1	2.396	0.287	3.318	1.391	-0.128	-1.172	2.691	"1"
"劳"	0	0	1	0.399	0.048	0.553	-0.221	-0.021	0.257	0.499	"3"
"劳动"	1	0	0	0.399	0.048	0.553	0.399	-0.021	-0.35	0.77	"1"
"劳资"	0	0	7	2.795	0.335	3.871	-1.549	-0.149	1.801	3.499	"3"
"势力"	1	0	0	0.399	0.048	0.553	0.399	-0.021	-0.35	0.77	"1"
"势必"	0	0	1	0.399	0.048	0.553	-0.221	-0.021	0.257	0.499	"3"
"化解"	0	0	10	3.993	0.478	5.529	-2.213	-0.213	2.573	4.999	"3"
"北大西洋"	1	0	0	0.399	0.048	0.553	0.399	-0.021	-0.35	0.77	"1"
"北部"	1	1	0	0.799	0.096	1.106	0.194	1.03	-0.699	1.923	"2"
"医疗"	0	0	3	1.198	0.143	1.659	-0.664	-0.064	0.772	1.5	"3"
"升值"	0	0	1	0.399	0.048	0.553	-0.221	-0.021	0.257	0.499	"3"
"升级"	1	0	0	0.399	0.048	0.553	0.399	-0.021	-0.35	0.77	"1"
"升高"	1	0	0	0.399	0.048	0.553	0.399	-0.021	-0.35	0.77	"1"
"华仔"	0	0	1	0.399	0.048	0.553	-0.221	-0.021	0.257	0.499	"3"
"华文"	0	0	1	0.399	0.048	0.553	-0.221	-0.021	0.257	0.499	"3"
"协"	0	0	1	0.399	0.048	0.553	-0.221	-0.021	0.257	0.499	"3"
"协会"	0	0	5	1.996	0.239	2.765	-1.107	-0.106	1.287	2.5	"3"
"协助"	0	0	1	0.399	0.048	0.553	-0.221	-0.021	0.257	0.499	"3"
"协商"	0	1	10	4.392	0.526	6.082	-2.434	0.38	1.835	4.649	"1"
"协议"	8	0	4	4.791	0.574	6.635	1.246	-0.255	-0.967	2.468	"1"
"协调"	0	0	1	0.399	0.048	0.553	-0.221	-0.021	0.257	0.499	"3"
"协调会"	0	0	1	0.399	0.048	0.553	-0.221	-0.021	0.257	0.499	"3"
"南军"	0	0	1	0.399	0.048	0.553	-0.221	-0.021	0.257	0.499	"3"
"南北韩"	0	0	1	0.399	0.048	0.553	-0.221	-0.021	0.257	0.499	"3"
"南安普敦"	0	0	1	0.399	0.048	0.553	-0.221	-0.021	0.257	0.499	"3"
"南斯拉夫"	0	0	1	0.399	0.048	0.553	-0.221	-0.021	0.257	0.499	"3"
"南海"	0	0	2	0.799	0.096	1.106	-0.443	-0.043	0.515	1.001	"3"
"卡比拉"	1	0	0	0.399	0.048	0.553	0.399	-0.021	-0.35	0.77	"1"
"卡萨"	1	0	0	0.399	0.048	0.553	0.399	-0.021	-0.35	0.77	"1"
"卢萨卡"	0	0	2	0.799	0.096	1.106	-0.443	-0.043	0.515	1.001	"3"
"印"	0	0	1	0.399	0.048	0.553	-0.221	-0.021	0.257	0.499	"3"
"印巴"	0	0	2	0.799	0.096	1.106	-0.443	-0.043	0.515	1.001	"3"
"印度"	0	0	2	0.799	0.096	1.106	-0.443	-0.043	0.515	1.001	"3"
"危机"	2	0	4	2.396	0.287	3.318	-0.263	-0.128	0.349	0.74	"3"
"危险"	1	0	0	0.399	0.048	0.553	0.399	-0.021	-0.35	0.77	"1"
"卷"	0	0	1	0.399	0.048	0.553	-0.221	-0.021	0.257	0.499	"3"
"卷入"	0	0	2	0.799	0.096	1.106	-0.443	-0.043	0.515	1.001	"3"
"历年来"	0	0	1	0.399	0.048	0.553	-0.221	-0.021	0.257	0.499	"3"
"原"	0	0	1	0.399	0.048	0.553	-0.221	-0.021	0.257	0.499	"3"
"原则"	0	0	5	1.996	0.239	2.765	-1.107	-0.106	1.287	2.5	"3"
"原因"	0	0	1	0.399	0.048	0.553	-0.221	-0.021	0.257	0.499	"3"
"原定"	1	0	0	0.399	0.048	0.553	0.399	-0.021	-0.35	0.77	"1"
"原能会"	0	0	1	0.399	0.048	0.553	-0.221	-0.021	0.257	0.499	"3"
"县市"	0	0	1	0.399	0.048	0.553	-0.221	-0.021	0.257	0.499	"3"
"参战"	0	0	1	0.399	0.048	0.553	-0.221	-0.021	0.257	0.499	"3"
"参政权"	0	0	1	0.399	0.048	0.553	-0.221	-0.021	0.257	0.499	"3"
"参议院"	0	2	0	0.799	0.096	1.106	-0.443	2.641	-0.699	3.783	"2"
"双十"	0	0	1	0.399	0.048	0.553	-0.221	-0.021	0.257	0.499	"3"
"双方"	11	2	10	9.183	1.099	12.718	0.546	0.521	-0.754	1.821	"3"
"双边"	0	0	1	0.399	0.048	0.553	-0.221	-0.021	0.257	0.499	"3"
"反对"	0	0	1	0.399	0.048	0.553	-0.221	-0.021	0.257	0.499	"3"
"反对党"	0	0	1	0.399	0.048	0.553	-0.221	-0.021	0.257	0.499	"3"
"反政府武装"	4	0	0	1.597	0.191	2.212	1.595	-0.085	-1.399	3.079	"1"
"反核"	0	0	2	0.799	0.096	1.106	-0.443	-0.043	0.515	1.001	"3"
"反而"	0	0	1	0.399	0.048	0.553	-0.221	-0.021	0.257	0.499	"3"
"反覆"	0	0	1	0.399	0.048	0.553	-0.221	-0.021	0.257	0.499	"3"
"发"	1	0	4	1.996	0.239	2.765	-0.471	-0.106	0.584	1.161	"3"
"发挥"	0	0	1	0.399	0.048	0.553	-0.221	-0.021	0.257	0.499	"3"
"发生"	60	0	7	26.751	3.202	37.047	16.5	-1.425	-13.798	31.723	"1"
"发言人"	0	0	1	0.399	0.048	0.553	-0.221	-0.021	0.257	0.499	"3"
"取代"	0	0	1	0.399	0.048	0.553	-0.221	-0.021	0.257	0.499	"3"
"受伤"	10	0	0	3.993	0.478	5.529	3.987	-0.213	-3.496	7.696	"1"
"受伤者"	0	0	1	0.399	0.048	0.553	-0.221	-0.021	0.257	0.499	"3"
"受理"	0	0	1	0.399	0.048	0.553	-0.221	-0.021	0.257	0.499	"3"
"受阻"	0	0	1	0.399	0.048	0.553	-0.221	-0.021	0.257	0.499	"3"
"叙述"	0	0	1	0.399	0.048	0.553	-0.221	-0.021	0.257	0.499	"3"
"叛军"	1	0	0	0.399	0.048	0.553	0.399	-0.021	-0.35	0.77	"1"
"另"	1	0	1	0.799	0.096	1.106	0.194	-0.043	-0.158	0.395	"1"
"可以"	0	0	1	0.399	0.048	0.553	-0.221	-0.021	0.257	0.499	"3"
"可能"	1	0	3	1.597	0.191	2.212	-0.322	-0.085	0.403	0.81	"3"
"可能性"	1	0	0	0.399	0.048	0.553	0.399	-0.021	-0.35	0.77	"1"
"台中市"	0	0	2	0.799	0.096	1.106	-0.443	-0.043	0.515	1.001	"3"
"台北市"	0	0	2	0.799	0.096	1.106	-0.443	-0.043	0.515	1.001	"3"
"台海"	0	0	3	1.198	0.143	1.659	-0.664	-0.064	0.772	1.5	"3"
"右翼"	2	0	0	0.799	0.096	1.106	0.797	-0.043	-0.699	1.539	"1"
"司法"	0	0	2	0.799	0.096	1.106	-0.443	-0.043	0.515	1.001	"3"
"各界"	0	1	1	0.799	0.096	1.106	-0.443	1.03	-0.158	1.631	"2"
"合约"	1	0	0	0.399	0.048	0.553	0.399	-0.021	-0.35	0.77	"1"
"同"	1	0	0	0.399	0.048	0.553	0.399	-0.021	-0.35	0.77	"1"
"名义"	0	0	1	0.399	0.048	0.553	-0.221	-0.021	0.257	0.499	"3"
"后续"	0	0	1	0.399	0.048	0.553	-0.221	-0.021	0.257	0.499	"3"
"听证会"	0	0	1	0.399	0.048	0.553	-0.221	-0.021	0.257	0.499	"3"
"吵"	0	0	1	0.399	0.048	0.553	-0.221	-0.021	0.257	0.499	"3"
"周"	3	0	0	1.198	0.143	1.659	1.196	-0.064	-1.049	2.309	"1"
"周光召"	0	0	1	0.399	0.048	0.553	-0.221	-0.021	0.257	0.499	"3"
"周六"	1	0	0	0.399	0.048	0.553	0.399	-0.021	-0.35	0.77	"1"
"周边"	0	0	1	0.399	0.048	0.553	-0.221	-0.021	0.257	0.499	"3"
"呼吁"	5	0	1	2.396	0.287	3.318	1.391	-0.128	-1.172	2.691	"1"
"和"	2	0	0	0.799	0.096	1.106	0.797	-0.043	-0.699	1.539	"1"
"和平"	7	0	14	8.385	1.004	11.612	-0.453	-0.447	0.689	1.589	"3"
"和谈"	3	0	0	1.198	0.143	1.659	1.196	-0.064	-1.049	2.309	"1"
"哥伦比亚"	1	0	0	0.399	0.048	0.553	0.399	-0.021	-0.35	0.77	"1"
"唯"	0	0	1	0.399	0.048	0.553	-0.221	-0.021	0.257	0.499	"3"
"唿吁"	0	0	1	0.399	0.048	0.553	-0.221	-0.021	0.257	0.499	"3"
"商业"	0	0	1	0.399	0.048	0.553	-0.221	-0.021	0.257	0.499	"3"
"商事"	0	0	2	0.799	0.096	1.106	-0.443	-0.043	0.515	1.001	"3"
"商家"	0	0	1	0.399	0.048	0.553	-0.221	-0.021	0.257	0.499	"3"
"商标"	0	1	0	0.399	0.048	0.553	-0.221	1.321	-0.35	1.892	"2"
"喜"	0	1	0	0.399	0.048	0.553	-0.221	1.321	-0.35	1.892	"2"
"四十多"	1	0	0	0.399	0.048	0.553	0.399	-0.021	-0.35	0.77	"1"
"四千九百零七"	0	0	1	0.399	0.048	0.553	-0.221	-0.021	0.257	0.499	"3"
"四厂"	0	0	1	0.399	0.048	0.553	-0.221	-0.021	0.257	0.499	"3"
"回到"	0	0	1	0.399	0.048	0.553	-0.221	-0.021	0.257	0.499	"3"
"回应"	0	0	1	0.399	0.048	0.553	-0.221	-0.021	0.257	0.499	"3"
"因"	0	1	5	2.396	0.287	3.318	-1.328	0.594	0.777	2.699	"1"
"因为"	0	0	3	1.198	0.143	1.659	-0.664	-0.064	0.772	1.5	"3"
"因应"	0	0	1	0.399	0.048	0.553	-0.221	-0.021	0.257	0.499	"3"
"因而"	1	0	0	0.399	0.048	0.553	0.399	-0.021	-0.35	0.77	"1"
"困扰"	2	0	0	0.799	0.096	1.106	0.797	-0.043	-0.699	1.539	"1"
"围绕"	0	1	0	0.399	0.048	0.553	-0.221	1.321	-0.35	1.892	"2"
"国"	0	0	2	0.799	0.096	1.106	-0.443	-0.043	0.515	1.001	"3"
"国人"	0	0	1	0.399	0.048	0.553	-0.221	-0.021	0.257	0.499	"3"
"国内"	1	0	1	0.799	0.096	1.106	0.194	-0.043	-0.158	0.395	"1"
"国内局"	1	0	0	0.399	0.048	0.553	0.399	-0.021	-0.35	0.77	"1"
"国歌"	0	0	1	0.399	0.048	0.553	-0.221	-0.021	0.257	0.499	"3"
"国民党"	0	0	1	0.399	0.048	0.553	-0.221	-0.021	0.257	0.499	"3"
"国科会"	0	0	2	0.799	0.096	1.106	-0.443	-0.043	0.515	1.001	"3"
"国防部长"	0	0	1	0.399	0.048	0.553	-0.221	-0.021	0.257	0.499	"3"
"国际"	0	0	4	1.597	0.191	2.212	-0.885	-0.085	1.029	1.999	"3"
"国际法"	0	0	1	0.399	0.048	0.553	-0.221	-0.021	0.257	0.499	"3"
"土耳"	1	0	0	0.399	0.048	0.553	0.399	-0.021	-0.35	0.77	"1"
"在于"	0	0	1	0.399	0.048	0.553	-0.221	-0.021	0.257	0.499	"3"
"在任"	0	0	1	0.399	0.048	0.553	-0.221	-0.021	0.257	0.499	"3"
"在野"	0	0	1	0.399	0.048	0.553	-0.221	-0.021	0.257	0.499	"3"
"地区"	16	0	16	12.776	1.529	17.694	0.789	-0.681	-0.476	1.946	"1"
"地带"	1	0	0	0.399	0.048	0.553	0.399	-0.021	-0.35	0.77	"1"
"地方"	0	0	1	0.399	0.048	0.553	-0.221	-0.021	0.257	0.499	"3"
"场"	0	0	2	0.799	0.096	1.106	-0.443	-0.043	0.515	1.001	"3"
"坡心"	0	0	3	1.198	0.143	1.659	-0.664	-0.064	0.772	1.5	"3"
"坦"	2	0	0	0.799	0.096	1.106	0.797	-0.043	-0.699	1.539	"1"
"坦人"	1	0	0	0.399	0.048	0.553	0.399	-0.021	-0.35	0.77	"1"
"埃及"	2	0	0	0.799	0.096	1.106	0.797	-0.043	-0.699	1.539	"1"
"基于"	0	1	0	0.399	0.048	0.553	-0.221	1.321	-0.35	1.892	"2"
"基层"	0	0	2	0.799	0.096	1.106	-0.443	-0.043	0.515	1.001	"3"
"塔拉巴尼"	1	0	0	0.399	0.048	0.553	0.399	-0.021	-0.35	0.77	"1"
"塞尔维亚"	1	0	0	0.399	0.048	0.553	0.399	-0.021	-0.35	0.77	"1"
"境内"	1	0	0	0.399	0.048	0.553	0.399	-0.021	-0.35	0.77	"1"
"增多"	0	0	1	0.399	0.048	0.553	-0.221	-0.021	0.257	0.499	"3"
"士兵"	1	0	1	0.799	0.096	1.106	0.194	-0.043	-0.158	0.395	"1"
"声请"	0	0	3	1.198	0.143	1.659	-0.664	-0.064	0.772	1.5	"3"
"处理"	1	0	5	2.396	0.287	3.318	-0.63	-0.128	0.777	1.535	"3"
"备受"	0	0	6	2.396	0.287	3.318	-1.328	-0.128	1.544	3	"3"
"复"	1	0	0	0.399	0.048	0.553	0.399	-0.021	-0.35	0.77	"1"
"复杂化"	0	0	1	0.399	0.048	0.553	-0.221	-0.021	0.257	0.499	"3"
"外"	0	0	2	0.799	0.096	1.106	-0.443	-0.043	0.515	1.001	"3"
"外交"	0	1	0	0.399	0.048	0.553	-0.221	1.321	-0.35	1.892	"2"
"外交部"	0	0	1	0.399	0.048	0.553	-0.221	-0.021	0.257	0.499	"3"
"多样化"	0	0	1	0.399	0.048	0.553	-0.221	-0.021	0.257	0.499	"3"
"多次"	1	0	1	0.799	0.096	1.106	0.194	-0.043	-0.158	0.395	"1"
"多边"	3	0	0	1.198	0.143	1.659	1.196	-0.064	-1.049	2.309	"1"
"大国"	1	0	0	0.399	0.048	0.553	0.399	-0.021	-0.35	0.77	"1"
"大楼"	0	0	1	0.399	0.048	0.553	-0.221	-0.021	0.257	0.499	"3"
"大法官"	0	1	3	1.597	0.191	2.212	-0.885	0.75	0.403	2.038	"1"
"大砲"	0	0	1	0.399	0.048	0.553	-0.221	-0.021	0.257	0.499	"3"
"大规模"	5	0	0	1.996	0.239	2.765	1.994	-0.106	-1.748	3.848	"1"
"大选"	0	1	3	1.597	0.191	2.212	-0.885	0.75	0.403	2.038	"1"
"天幕"	0	0	1	0.399	0.048	0.553	-0.221	-0.021	0.257	0.499	"3"
"头子"	0	0	1	0.399	0.048	0.553	-0.221	-0.021	0.257	0.499	"3"
"夸大"	1	0	0	0.399	0.048	0.553	0.399	-0.021	-0.35	0.77	"1"
"夺走"	0	0	1	0.399	0.048	0.553	-0.221	-0.021	0.257	0.499	"3"
"奥尔布赖特"	1	0	0	0.399	0.048	0.553	0.399	-0.021	-0.35	0.77	"1"
"奥德瑞奇"	0	0	1	0.399	0.048	0.553	-0.221	-0.021	0.257	0.499	"3"
"奥斯威辛"	0	1	0	0.399	0.048	0.553	-0.221	1.321	-0.35	1.892	"2"
"如"	0	0	1	0.399	0.048	0.553	-0.221	-0.021	0.257	0.499	"3"
"如何"	3	0	2	1.996	0.239	2.765	0.5	-0.106	-0.396	1.002	"1"
"如同"	0	0	3	1.198	0.143	1.659	-0.664	-0.064	0.772	1.5	"3"
"妥协"	0	0	1	0.399	0.048	0.553	-0.221	-0.021	0.257	0.499	"3"
"妥善"	0	0	1	0.399	0.048	0.553	-0.221	-0.021	0.257	0.499	"3"
"妻子"	2	0	0	0.799	0.096	1.106	0.797	-0.043	-0.699	1.539	"1"
"始于"	1	0	0	0.399	0.048	0.553	0.399	-0.021	-0.35	0.77	"1"
"委任"	0	0	1	0.399	0.048	0.553	-0.221	-0.021	0.257	0.499	"3"
"姿"	0	0	2	0.799	0.096	1.106	-0.443	-0.043	0.515	1.001	"3"
"婚期"	0	0	1	0.399	0.048	0.553	-0.221	-0.021	0.257	0.499	"3"
"存"	0	0	1	0.399	0.048	0.553	-0.221	-0.021	0.257	0.499	"3"
"存在"	0	2	5	2.795	0.335	3.871	-1.549	1.389	0.492	3.43	"1"
"孙燕"	0	0	2	0.799	0.096	1.106	-0.443	-0.043	0.515	1.001	"3"
"孟买"	0	0	1	0.399	0.048	0.553	-0.221	-0.021	0.257	0.499	"3"
"学术界"	0	1	0	0.399	0.048	0.553	-0.221	1.321	-0.35	1.892	"2"
"安曼"	1	0	0	0.399	0.048	0.553	0.399	-0.021	-0.35	0.77	"1"
"安理会"	0	0	3	1.198	0.143	1.659	-0.664	-0.064	0.772	1.5	"3"
"宗教"	2	0	1	1.198	0.143	1.659	0.455	-0.064	-0.376	0.895	"1"
"实"	0	0	1	0.399	0.048	0.553	-0.221	-0.021	0.257	0.499	"3"
"实在"	1	1	0	0.799	0.096	1.106	0.194	1.03	-0.699	1.923	"2"
"审判"	0	0	1	0.399	0.048	0.553	-0.221	-0.021	0.257	0.499	"3"
"审理"	0	0	6	2.396	0.287	3.318	-1.328	-0.128	1.544	3	"3"
"审议"	0	0	1	0.399	0.048	0.553	-0.221	-0.021	0.257	0.499	"3"
"宪政"	0	0	2	0.799	0.096	1.106	-0.443	-0.043	0.515	1.001	"3"
"宪法"	0	0	2	0.799	0.096	1.106	-0.443	-0.043	0.515	1.001	"3"
"家属"	0	0	1	0.399	0.048	0.553	-0.221	-0.021	0.257	0.499	"3"
"家庭"	1	0	1	0.799	0.096	1.106	0.194	-0.043	-0.158	0.395	"1"
"家庭暴力"	0	0	1	0.399	0.048	0.553	-0.221	-0.021	0.257	0.499	"3"
"对"	0	0	1	0.399	0.048	0.553	-0.221	-0.021	0.257	0.499	"3"
"对于"	0	0	3	1.198	0.143	1.659	-0.664	-0.064	0.772	1.5	"3"
"对岸"	0	0	1	0.399	0.048	0.553	-0.221	-0.021	0.257	0.499	"3"
"对抗"	1	0	0	0.399	0.048	0.553	0.399	-0.021	-0.35	0.77	"1"
"对方"	1	0	0	0.399	0.048	0.553	0.399	-0.021	-0.35	0.77	"1"
"对簿公堂"	1	0	0	0.399	0.048	0.553	0.399	-0.021	-0.35	0.77	"1"
"对话"	0	0	6	2.396	0.287	3.318	-1.328	-0.128	1.544	3	"3"
"寻求"	4	0	1	1.996	0.239	2.765	1.063	-0.106	-0.892	2.061	"1"
"导致"	1	0	4	1.996	0.239	2.765	-0.471	-0.106	0.584	1.161	"3"
"射杀"	1	0	0	0.399	0.048	0.553	0.399	-0.021	-0.35	0.77	"1"
"将近"	1	0	0	0.399	0.048	0.553	0.399	-0.021	-0.35	0.77	"1"
"将领"	0	0	1	0.399	0.048	0.553	-0.221	-0.021	0.257	0.499	"3"
"尖锐"	0	0	1	0.399	0.048	0.553	-0.221	-0.021	0.257	0.499	"3"
"尚未"	0	0	1	0.399	0.048	0.553	-0.221	-0.021	0.257	0.499	"3"
"就"	0	0	2	0.799	0.096	1.106	-0.443	-0.043	0.515	1.001	"3"
"尽"	1	0	0	0.399	0.048	0.553	0.399	-0.021	-0.35	0.77	"1"
"尽力"	0	0	1	0.399	0.048	0.553	-0.221	-0.021	0.257	0.499	"3"
"尽快"	1	0	0	0.399	0.048	0.553	0.399	-0.021	-0.35	0.77	"1"
"尾巴"	0	1	0	0.399	0.048	0.553	-0.221	1.321	-0.35	1.892	"2"
"局势"	3	0	2	1.996	0.239	2.765	0.5	-0.106	-0.396	1.002	"1"
"展"	0	0	1	0.399	0.048	0.553	-0.221	-0.021	0.257	0.499	"3"
"展开"	0	0	1	0.399	0.048	0.553	-0.221	-0.021	0.257	0.499	"3"
"属于"	1	0	0	0.399	0.048	0.553	0.399	-0.021	-0.35	0.77	"1"
"岗哨"	1	0	0	0.399	0.048	0.553	0.399	-0.021	-0.35	0.77	"1"
"岸"	0	0	1	0.399	0.048	0.553	-0.221	-0.021	0.257	0.499	"3"
"峨"	0	0	1	0.399	0.048	0.553	-0.221	-0.021	0.257	0.499	"3"
"州"	0	0	1	0.399	0.048	0.553	-0.221	-0.021	0.257	0.499	"3"
"工会法"	0	0	1	0.399	0.048	0.553	-0.221	-0.021	0.257	0.499	"3"
"工时"	0	0	1	0.399	0.048	0.553	-0.221	-0.021	0.257	0.499	"3"
"工时案"	0	0	3	1.198	0.143	1.659	-0.664	-0.064	0.772	1.5	"3"
"差异"	1	0	1	0.799	0.096	1.106	0.194	-0.043	-0.158	0.395	"1"
"巴"	57	0	3	23.956	2.868	33.176	18.843	-1.276	-16.149	36.268	"1"
"巴丹岛"	0	0	1	0.399	0.048	0.553	-0.221	-0.021	0.257	0.499	"3"
"巴勒"	2	0	0	0.799	0.096	1.106	0.797	-0.043	-0.699	1.539	"1"
"巴勒斯"	2	0	0	0.799	0.096	1.106	0.797	-0.043	-0.699	1.539	"1"
"巴勒斯坦"	18	0	0	7.187	0.86	9.953	7.177	-0.383	-6.293	13.853	"1"
"巴勒斯坦人"	14	0	0	5.59	0.669	7.741	5.582	-0.298	-4.895	10.775	"1"
"巴印"	0	0	1	0.399	0.048	0.553	-0.221	-0.021	0.257	0.499	"3"
"巴基斯坦"	0	0	2	0.799	0.096	1.106	-0.443	-0.043	0.515	1.001	"3"
"巴拉克"	2	0	1	1.198	0.143	1.659	0.455	-0.064	-0.376	0.895	"1"
"巴方"	2	0	0	0.799	0.096	1.106	0.797	-0.043	-0.699	1.539	"1"
"巴暴"	0	0	1	0.399	0.048	0.553	-0.221	-0.021	0.257	0.499	"3"
"巴瑞克"	1	0	0	0.399	0.048	0.553	0.399	-0.021	-0.35	0.77	"1"
"市发"	1	0	0	0.399	0.048	0.553	0.399	-0.021	-0.35	0.77	"1"
"市议员"	0	0	2	0.799	0.096	1.106	-0.443	-0.043	0.515	1.001	"3"
"布尼亚"	1	0	0	0.399	0.048	0.553	0.399	-0.021	-0.35	0.77	"1"
"布隆迪"	3	0	0	1.198	0.143	1.659	1.196	-0.064	-1.049	2.309	"1"
"希布伦"	1	0	0	0.399	0.048	0.553	0.399	-0.021	-0.35	0.77	"1"
"席巴"	0	0	1	0.399	0.048	0.553	-0.221	-0.021	0.257	0.499	"3"
"帮"	0	0	1	0.399	0.048	0.553	-0.221	-0.021	0.257	0.499	"3"
"帮派"	0	0	1	0.399	0.048	0.553	-0.221	-0.021	0.257	0.499	"3"
"常见"	0	0	1	0.399	0.048	0.553	-0.221	-0.021	0.257	0.499	"3"
"干涉"	0	0	1	0.399	0.048	0.553	-0.221	-0.021	0.257	0.499	"3"
"干群"	0	0	1	0.399	0.048	0.553	-0.221	-0.021	0.257	0.499	"3"
"干预"	2	0	0	0.799	0.096	1.106	0.797	-0.043	-0.699	1.539	"1"
"平和"	0	0	1	0.399	0.048	0.553	-0.221	-0.021	0.257	0.499	"3"
"平息"	0	0	5	1.996	0.239	2.765	-1.107	-0.106	1.287	2.5	"3"
"平民"	2	0	0	0.799	0.096	1.106	0.797	-0.043	-0.699	1.539	"1"
"平静"	1	0	0	0.399	0.048	0.553	0.399	-0.021	-0.35	0.77	"1"
"幸未"	1	0	0	0.399	0.048	0.553	0.399	-0.021	-0.35	0.77	"1"
"广泛"	0	1	0	0.399	0.048	0.553	-0.221	1.321	-0.35	1.892	"2"
"库尔德"	1	0	0	0.399	0.048	0.553	0.399	-0.021	-0.35	0.77	"1"
"库尔德人"	1	0	0	0.399	0.048	0.553	0.399	-0.021	-0.35	0.77	"1"
"库德"	1	0	0	0.399	0.048	0.553	0.399	-0.021	-0.35	0.77	"1"
"应"	0	0	3	1.198	0.143	1.659	-0.664	-0.064	0.772	1.5	"3"
"应该"	0	0	4	1.597	0.191	2.212	-0.885	-0.085	1.029	1.999	"3"
"废"	0	0	1	0.399	0.048	0.553	-0.221	-0.021	0.257	0.499	"3"
"庭"	0	0	3	1.198	0.143	1.659	-0.664	-0.064	0.772	1.5	"3"
"康城影"	0	0	1	0.399	0.048	0.553	-0.221	-0.021	0.257	0.499	"3"
"廊"	1	0	0	0.399	0.048	0.553	0.399	-0.021	-0.35	0.77	"1"
"延迟"	0	0	1	0.399	0.048	0.553	-0.221	-0.021	0.257	0.499	"3"
"建筑界"	0	0	1	0.399	0.048	0.553	-0.221	-0.021	0.257	0.499	"3"
"开诚佈公"	0	0	1	0.399	0.048	0.553	-0.221	-0.021	0.257	0.499	"3"
"引"	0	0	2	0.799	0.096	1.106	-0.443	-0.043	0.515	1.001	"3"
"引发"	2	18	7	10.78	1.29	14.929	-3.735	17.281	-2.718	23.734	"2"
"引爆"	1	0	2	1.198	0.143	1.659	-0.188	-0.064	0.237	0.489	"3"
"引爆点"	1	0	0	0.399	0.048	0.553	0.399	-0.021	-0.35	0.77	"1"
"引起"	0	15	3	7.187	0.86	9.953	-3.984	16.957	-3.038	23.979	"2"
"张俊宏"	0	0	1	0.399	0.048	0.553	-0.221	-0.021	0.257	0.499	"3"
"张俊雄"	0	0	1	0.399	0.048	0.553	-0.221	-0.021	0.257	0.499	"3"
"张国荣"	0	0	1	0.399	0.048	0.553	-0.221	-0.021	0.257	0.499	"3"
"张慧仪"	0	0	2	0.799	0.096	1.106	-0.443	-0.043	0.515	1.001	"3"
"弹劾案"	0	1	0	0.399	0.048	0.553	-0.221	1.321	-0.35	1.892	"2"
"弹性"	0	0	1	0.399	0.048	0.553	-0.221	-0.021	0.257	0.499	"3"
"强烈"	0	1	1	0.799	0.096	1.106	-0.443	1.03	-0.158	1.631	"2"
"强调"	0	0	1	0.399	0.048	0.553	-0.221	-0.021	0.257	0.499	"3"
"归咎于"	1	0	0	0.399	0.048	0.553	0.399	-0.021	-0.35	0.77	"1"
"当事"	0	0	1	0.399	0.048	0.553	-0.221	-0.021	0.257	0.499	"3"
"当事人"	0	0	2	0.799	0.096	1.106	-0.443	-0.043	0.515	1.001	"3"
"当务之急"	0	0	1	0.399	0.048	0.553	-0.221	-0.021	0.257	0.499	"3"
"当地"	1	0	0	0.399	0.048	0.553	0.399	-0.021	-0.35	0.77	"1"
"彼伏"	1	0	1	0.799	0.096	1.106	0.194	-0.043	-0.158	0.395	"1"
"往往"	0	0	1	0.399	0.048	0.553	-0.221	-0.021	0.257	0.499	"3"
"律师"	0	0	1	0.399	0.048	0.553	-0.221	-0.021	0.257	0.499	"3"
"循"	0	0	1	0.399	0.048	0.553	-0.221	-0.021	0.257	0.499	"3"
"循环"	1	0	0	0.399	0.048	0.553	0.399	-0.021	-0.35	0.77	"1"
"德国"	0	0	1	0.399	0.048	0.553	-0.221	-0.021	0.257	0.499	"3"
"必要"	0	0	1	0.399	0.048	0.553	-0.221	-0.021	0.257	0.499	"3"
"急剧"	1	0	0	0.399	0.048	0.553	0.399	-0.021	-0.35	0.77	"1"
"总统"	0	2	11	5.19	0.621	7.188	-2.877	0.901	1.549	5.327	"1"
"恢"	1	0	0	0.399	0.048	0.553	0.399	-0.021	-0.35	0.77	"1"
"恢复"	5	0	1	2.396	0.287	3.318	1.391	-0.128	-1.172	2.691	"1"
"恩怨"	0	1	0	0.399	0.048	0.553	-0.221	1.321	-0.35	1.892	"2"
"息"	1	0	0	0.399	0.048	0.553	0.399	-0.021	-0.35	0.77	"1"
"恰帕斯州"	1	0	0	0.399	0.048	0.553	0.399	-0.021	-0.35	0.77	"1"
"恶化"	3	0	0	1.198	0.143	1.659	1.196	-0.064	-1.049	2.309	"1"
"恶性"	1	0	0	0.399	0.048	0.553	0.399	-0.021	-0.35	0.77	"1"
"惹"	0	0	2	0.799	0.096	1.106	-0.443	-0.043	0.515	1.001	"3"
"愈"	0	0	2	0.799	0.096	1.106	-0.443	-0.043	0.515	1.001	"3"
"感情"	0	0	1	0.399	0.048	0.553	-0.221	-0.021	0.257	0.499	"3"
"成为"	0	0	2	0.799	0.096	1.106	-0.443	-0.043	0.515	1.001	"3"
"成员"	0	0	1	0.399	0.048	0.553	-0.221	-0.021	0.257	0.499	"3"
"或"	0	0	1	0.399	0.048	0.553	-0.221	-0.021	0.257	0.499	"3"
"或多或少"	0	0	1	0.399	0.048	0.553	-0.221	-0.021	0.257	0.499	"3"
"战争"	1	0	1	0.799	0.096	1.106	0.194	-0.043	-0.158	0.395	"1"
"战车"	0	0	1	0.399	0.048	0.553	-0.221	-0.021	0.257	0.499	"3"
"所谓"	0	0	1	0.399	0.048	0.553	-0.221	-0.021	0.257	0.499	"3"
"手段"	1	0	4	1.996	0.239	2.765	-0.471	-0.106	0.584	1.161	"3"
"才能"	0	0	1	0.399	0.048	0.553	-0.221	-0.021	0.257	0.499	"3"
"打死"	1	0	0	0.399	0.048	0.553	0.399	-0.021	-0.35	0.77	"1"
"扩大"	0	0	1	0.399	0.048	0.553	-0.221	-0.021	0.257	0.499	"3"
"扩散"	0	0	1	0.399	0.048	0.553	-0.221	-0.021	0.257	0.499	"3"
"扬言"	1	0	0	0.399	0.048	0.553	0.399	-0.021	-0.35	0.77	"1"
"扭曲"	0	0	1	0.399	0.048	0.553	-0.221	-0.021	0.257	0.499	"3"
"批判"	0	0	1	0.399	0.048	0.553	-0.221	-0.021	0.257	0.499	"3"
"批评家"	1	0	0	0.399	0.048	0.553	0.399	-0.021	-0.35	0.77	"1"
"投票"	0	0	3	1.198	0.143	1.659	-0.664	-0.064	0.772	1.5	"3"
"抗议"	1	0	1	0.799	0.096	1.106	0.194	-0.043	-0.158	0.395	"1"
"抗议者"	2	0	0	0.799	0.096	1.106	0.797	-0.043	-0.699	1.539	"1"
"抢到"	0	0	1	0.399	0.048	0.553	-0.221	-0.021	0.257	0.499	"3"
"报章"	0	0	1	0.399	0.048	0.553	-0.221	-0.021	0.257	0.499	"3"
"拉扯"	1	0	0	0.399	0.048	0.553	0.399	-0.021	-0.35	0.77	"1"
"招"	0	0	1	0.399	0.048	0.553	-0.221	-0.021	0.257	0.499	"3"
"招来"	0	0	1	0.399	0.048	0.553	-0.221	-0.021	0.257	0.499	"3"
"拼音"	0	2	1	1.198	0.143	1.659	-0.664	2.178	-0.376	3.218	"2"
"拿萨勒"	1	0	0	0.399	0.048	0.553	0.399	-0.021	-0.35	0.77	"1"
"持续"	3	2	4	3.593	0.43	4.976	-0.315	1.182	-0.43	1.927	"2"
"指责"	1	0	0	0.399	0.048	0.553	0.399	-0.021	-0.35	0.77	"1"
"按照"	0	0	1	0.399	0.048	0.553	-0.221	-0.021	0.257	0.499	"3"
"挑衅"	0	0	1	0.399	0.048	0.553	-0.221	-0.021	0.257	0.499	"3"
"挑起"	1	0	2	1.198	0.143	1.659	-0.188	-0.064	0.237	0.489	"3"
"据报"	2	0	0	0.799	0.096	1.106	0.797	-0.043	-0.699	1.539	"1"
"掀起"	0	0	1	0.399	0.048	0.553	-0.221	-0.021	0.257	0.499	"3"
"排解"	0	0	1	0.399	0.048	0.553	-0.221	-0.021	0.257	0.499	"3"
"接近"	0	0	1	0.399	0.048	0.553	-0.221	-0.021	0.257	0.499	"3"
"控制权"	1	0	0	0.399	0.048	0.553	0.399	-0.021	-0.35	0.77	"1"
"推行"	0	0	1	0.399	0.048	0.553	-0.221	-0.021	0.257	0.499	"3"
"推迟"	0	0	1	0.399	0.048	0.553	-0.221	-0.021	0.257	0.499	"3"
"提到"	0	0	1	0.399	0.048	0.553	-0.221	-0.021	0.257	0.499	"3"
"提起"	0	0	2	0.799	0.096	1.106	-0.443	-0.043	0.515	1.001	"3"
"搁置"	0	0	8	3.194	0.382	4.424	-1.771	-0.17	2.059	4	"3"
"搬上"	0	0	1	0.399	0.048	0.553	-0.221	-0.021	0.257	0.499	"3"
"摆平"	0	0	1	0.399	0.048	0.553	-0.221	-0.021	0.257	0.499	"3"
"摆脱"	1	0	0	0.399	0.048	0.553	0.399	-0.021	-0.35	0.77	"1"
"摩伊"	1	0	0	0.399	0.048	0.553	0.399	-0.021	-0.35	0.77	"1"
"摩苏尔"	1	0	0	0.399	0.048	0.553	0.399	-0.021	-0.35	0.77	"1"
"撒"	0	0	1	0.399	0.048	0.553	-0.221	-0.021	0.257	0.499	"3"
"撤回"	2	0	0	0.799	0.096	1.106	0.797	-0.043	-0.699	1.539	"1"
"操守"	0	0	1	0.399	0.048	0.553	-0.221	-0.021	0.257	0.499	"3"
"支持者"	3	0	0	1.198	0.143	1.659	1.196	-0.064	-1.049	2.309	"1"
"改组"	0	0	1	0.399	0.048	0.553	-0.221	-0.021	0.257	0.499	"3"
"改选"	0	0	1	0.399	0.048	0.553	-0.221	-0.021	0.257	0.499	"3"
"改革"	0	0	1	0.399	0.048	0.553	-0.221	-0.021	0.257	0.499	"3"
"放下"	2	0	0	0.799	0.096	1.106	0.797	-0.043	-0.699	1.539	"1"
"政局"	1	1	0	0.799	0.096	1.106	0.194	1.03	-0.699	1.923	"2"
"政府军"	2	0	1	1.198	0.143	1.659	0.455	-0.064	-0.376	0.895	"1"
"政治"	1	1	14	6.388	0.765	8.847	-2.475	0.265	2.152	4.892	"1"
"政策"	0	0	6	2.396	0.287	3.318	-1.328	-0.128	1.544	3	"3"
"敌对"	1	0	0	0.399	0.048	0.553	0.399	-0.021	-0.35	0.77	"1"
"教派"	0	0	1	0.399	0.048	0.553	-0.221	-0.021	0.257	0.499	"3"
"教育部"	0	0	1	0.399	0.048	0.553	-0.221	-0.021	0.257	0.499	"3"
"敦促"	1	0	0	0.399	0.048	0.553	0.399	-0.021	-0.35	0.77	"1"
"数万"	1	0	0	0.399	0.048	0.553	0.399	-0.021	-0.35	0.77	"1"
"文明"	0	0	1	0.399	0.048	0.553	-0.221	-0.021	0.257	0.499	"3"
"斟酌"	0	0	1	0.399	0.048	0.553	-0.221	-0.021	0.257	0.499	"3"
"斡旋"	2	0	1	1.198	0.143	1.659	0.455	-0.064	-0.376	0.895	"1"
"断"	2	0	0	0.799	0.096	1.106	0.797	-0.043	-0.699	1.539	"1"
"斯坦"	1	0	0	0.399	0.048	0.553	0.399	-0.021	-0.35	0.77	"1"
"斯里兰卡"	0	0	1	0.399	0.048	0.553	-0.221	-0.021	0.257	0.499	"3"
"新华社"	0	0	2	0.799	0.096	1.106	-0.443	-0.043	0.515	1.001	"3"
"新生报"	0	0	2	0.799	0.096	1.106	-0.443	-0.043	0.515	1.001	"3"
"新闻社"	0	0	1	0.399	0.048	0.553	-0.221	-0.021	0.257	0.499	"3"
"新领导人"	0	0	1	0.399	0.048	0.553	-0.221	-0.021	0.257	0.499	"3"
"方"	2	0	7	3.593	0.43	4.976	-0.632	-0.191	0.813	1.636	"3"
"方式"	0	0	2	0.799	0.096	1.106	-0.443	-0.043	0.515	1.001	"3"
"方案"	0	0	3	1.198	0.143	1.659	-0.664	-0.064	0.772	1.5	"3"
"施加"	0	0	1	0.399	0.048	0.553	-0.221	-0.021	0.257	0.499	"3"
"旅游"	0	0	1	0.399	0.048	0.553	-0.221	-0.021	0.257	0.499	"3"
"族"	1	0	0	0.399	0.048	0.553	0.399	-0.021	-0.35	0.77	"1"
"无休"	0	0	1	0.399	0.048	0.553	-0.221	-0.021	0.257	0.499	"3"
"无条件"	1	0	1	0.799	0.096	1.106	0.194	-0.043	-0.158	0.395	"1"
"日"	0	0	1	0.399	0.048	0.553	-0.221	-0.021	0.257	0.499	"3"
"日本"	0	0	1	0.399	0.048	0.553	-0.221	-0.021	0.257	0.499	"3"
"日益"	0	0	1	0.399	0.048	0.553	-0.221	-0.021	0.257	0.499	"3"
"日趋"	0	0	1	0.399	0.048	0.553	-0.221	-0.021	0.257	0.499	"3"
"旨"	1	0	1	0.799	0.096	1.106	0.194	-0.043	-0.158	0.395	"1"
"早"	0	0	1	0.399	0.048	0.553	-0.221	-0.021	0.257	0.499	"3"
"早日"	0	0	1	0.399	0.048	0.553	-0.221	-0.021	0.257	0.499	"3"
"时局"	0	0	1	0.399	0.048	0.553	-0.221	-0.021	0.257	0.499	"3"
"时有"	1	0	1	0.799	0.096	1.106	0.194	-0.043	-0.158	0.395	"1"
"易"	0	0	1	0.399	0.048	0.553	-0.221	-0.021	0.257	0.499	"3"
"易于"	1	0	0	0.399	0.048	0.553	0.399	-0.021	-0.35	0.77	"1"
"是以"	1	0	0	0.399	0.048	0.553	0.399	-0.021	-0.35	0.77	"1"
"是否"	0	0	4	1.597	0.191	2.212	-0.885	-0.085	1.029	1.999	"3"
"显著"	0	0	1	0.399	0.048	0.553	-0.221	-0.021	0.257	0.499	"3"
"暴"	2	0	0	0.799	0.096	1.106	0.797	-0.043	-0.699	1.539	"1"
"暴乱"	1	0	0	0.399	0.048	0.553	0.399	-0.021	-0.35	0.77	"1"
"暴力"	22	0	0	8.784	1.051	12.165	8.772	-0.468	-7.692	16.932	"1"
"更"	0	0	1	0.399	0.048	0.553	-0.221	-0.021	0.257	0.499	"3"
"更加"	0	0	2	0.799	0.096	1.106	-0.443	-0.043	0.515	1.001	"3"
"更多"	0	0	1	0.399	0.048	0.553	-0.221	-0.021	0.257	0.499	"3"
"曾"	0	1	0	0.399	0.048	0.553	-0.221	1.321	-0.35	1.892	"2"
"替代"	0	0	1	0.399	0.048	0.553	-0.221	-0.021	0.257	0.499	"3"
"最终"	0	0	4	1.597	0.191	2.212	-0.885	-0.085	1.029	1.999	"3"
"最近"	4	0	0	1.597	0.191	2.212	1.595	-0.085	-1.399	3.079	"1"
"最高法院"	0	0	2	0.799	0.096	1.106	-0.443	-0.043	0.515	1.001	"3"
"有"	0	0	19	7.586	0.908	10.506	-4.205	-0.404	4.889	9.498	"3"
"有关"	0	0	3	1.198	0.143	1.659	-0.664	-0.064	0.772	1.5	"3"
"有利于"	0	0	1	0.399	0.048	0.553	-0.221	-0.021	0.257	0.499	"3"
"有效"	0	0	2	0.799	0.096	1.106	-0.443	-0.043	0.515	1.001	"3"
"朝野"	1	0	1	0.799	0.096	1.106	0.194	-0.043	-0.158	0.395	"1"
"未"	0	0	4	1.597	0.191	2.212	-0.885	-0.085	1.029	1.999	"3"
"本质"	0	0	1	0.399	0.048	0.553	-0.221	-0.021	0.257	0.499	"3"
"本钱"	0	0	1	0.399	0.048	0.553	-0.221	-0.021	0.257	0.499	"3"
"机关"	0	0	1	0.399	0.048	0.553	-0.221	-0.021	0.257	0.499	"3"
"机制"	0	0	1	0.399	0.048	0.553	-0.221	-0.021	0.257	0.499	"3"
"机师"	0	0	1	0.399	0.048	0.553	-0.221	-0.021	0.257	0.499	"3"
"杀机"	0	1	1	0.799	0.096	1.106	-0.443	1.03	-0.158	1.631	"2"
"权"	0	1	0	0.399	0.048	0.553	-0.221	1.321	-0.35	1.892	"2"
"权利"	0	0	1	0.399	0.048	0.553	-0.221	-0.021	0.257	0.499	"3"
"权限"	0	1	1	0.799	0.096	1.106	-0.443	1.03	-0.158	1.631	"2"
"李"	0	0	2	0.799	0.096	1.106	-0.443	-0.043	0.515	1.001	"3"
"李中"	0	0	1	0.399	0.048	0.553	-0.221	-0.021	0.257	0.499	"3"
"李钖津"	0	0	1	0.399	0.048	0.553	-0.221	-0.021	0.257	0.499	"3"
"杜族"	1	0	0	0.399	0.048	0.553	0.399	-0.021	-0.35	0.77	"1"
"束"	2	0	1	1.198	0.143	1.659	0.455	-0.064	-0.376	0.895	"1"
"条例"	0	0	1	0.399	0.048	0.553	-0.221	-0.021	0.257	0.499	"3"
"来"	1	0	2	1.198	0.143	1.659	-0.188	-0.064	0.237	0.489	"3"
"极"	0	1	1	0.799	0.096	1.106	-0.443	1.03	-0.158	1.631	"2"
"林丰正"	0	0	1	0.399	0.048	0.553	-0.221	-0.021	0.257	0.499	"3"
"林嘉诚"	0	0	1	0.399	0.048	0.553	-0.221	-0.021	0.257	0.499	"3"
"枪战"	0	0	1	0.399	0.048	0.553	-0.221	-0.021	0.257	0.499	"3"
"某些"	1	0	1	0.799	0.096	1.106	0.194	-0.043	-0.158	0.395	"1"
"柯林顿"	2	0	1	1.198	0.143	1.659	0.455	-0.064	-0.376	0.895	"1"
"柯索伏"	1	0	0	0.399	0.048	0.553	0.399	-0.021	-0.35	0.77	"1"
"栋"	0	0	1	0.399	0.048	0.553	-0.221	-0.021	0.257	0.499	"3"
"核"	0	0	2	0.799	0.096	1.106	-0.443	-0.043	0.515	1.001	"3"
"核四"	0	0	19	7.586	0.908	10.506	-4.205	-0.404	4.889	9.498	"3"
"核四案"	0	0	1	0.399	0.048	0.553	-0.221	-0.021	0.257	0.499	"3"
"核能"	0	0	1	0.399	0.048	0.553	-0.221	-0.021	0.257	0.499	"3"
"框架"	0	0	1	0.399	0.048	0.553	-0.221	-0.021	0.257	0.499	"3"
"案"	0	0	2	0.799	0.096	1.106	-0.443	-0.043	0.515	1.001	"3"
"案件"	0	0	6	2.396	0.287	3.318	-1.328	-0.128	1.544	3	"3"
"案作"	0	0	1	0.399	0.048	0.553	-0.221	-0.021	0.257	0.499	"3"
"档期"	0	0	1	0.399	0.048	0.553	-0.221	-0.021	0.257	0.499	"3"
"桥樑"	0	0	1	0.399	0.048	0.553	-0.221	-0.021	0.257	0.499	"3"
"欧盟"	0	0	2	0.799	0.096	1.106	-0.443	-0.043	0.515	1.001	"3"
"欧美"	0	0	1	0.399	0.048	0.553	-0.221	-0.021	0.257	0.499	"3"
"歇"	1	0	0	0.399	0.048	0.553	0.399	-0.021	-0.35	0.77	"1"
"止"	0	0	2	0.799	0.096	1.106	-0.443	-0.043	0.515	1.001	"3"
"此"	0	0	2	0.799	0.096	1.106	-0.443	-0.043	0.515	1.001	"3"
"此后"	0	0	1	0.399	0.048	0.553	-0.221	-0.021	0.257	0.499	"3"
"武"	0	0	1	0.399	0.048	0.553	-0.221	-0.021	0.257	0.499	"3"
"武力"	1	0	3	1.597	0.191	2.212	-0.322	-0.085	0.403	0.81	"3"
"武装"	24	0	1	9.982	1.195	13.824	8.382	-0.532	-7.237	16.151	"1"
"歧"	0	0	1	0.399	0.048	0.553	-0.221	-0.021	0.257	0.499	"3"
"歪打正着"	0	0	1	0.399	0.048	0.553	-0.221	-0.021	0.257	0.499	"3"
"死"	2	0	0	0.799	0.096	1.106	0.797	-0.043	-0.699	1.539	"1"
"死亡"	8	0	0	3.194	0.382	4.424	3.19	-0.17	-2.797	6.157	"1"
"民事"	0	0	6	2.396	0.287	3.318	-1.328	-0.128	1.544	3	"3"
"民军"	1	0	0	0.399	0.048	0.553	0.399	-0.021	-0.35	0.77	"1"
"民族"	2	0	1	1.198	0.143	1.659	0.455	-0.064	-0.376	0.895	"1"
"民进党"	0	2	1	1.198	0.143	1.659	-0.664	2.178	-0.376	3.218	"2"
"水供"	0	0	2	0.799	0.096	1.106	-0.443	-0.043	0.515	1.001	"3"
"水果行"	0	2	0	0.799	0.096	1.106	-0.443	2.641	-0.699	3.783	"2"
"沈国"	1	0	0	0.399	0.048	0.553	0.399	-0.021	-0.35	0.77	"1"
"沙"	1	0	0	0.399	0.048	0.553	0.399	-0.021	-0.35	0.77	"1"
"沙伊赫"	1	0	0	0.399	0.048	0.553	0.399	-0.021	-0.35	0.77	"1"
"沙姆"	1	0	0	0.399	0.048	0.553	0.399	-0.021	-0.35	0.77	"1"
"沙姆沙伊赫"	0	0	1	0.399	0.048	0.553	-0.221	-0.021	0.257	0.499	"3"
"沙龙"	1	0	0	0.399	0.048	0.553	0.399	-0.021	-0.35	0.77	"1"
"沟通"	0	0	1	0.399	0.048	0.553	-0.221	-0.021	0.257	0.499	"3"
"没完没了"	0	0	1	0.399	0.048	0.553	-0.221	-0.021	0.257	0.499	"3"
"河西岸"	1	0	0	0.399	0.048	0.553	0.399	-0.021	-0.35	0.77	"1"
"油价"	0	0	1	0.399	0.048	0.553	-0.221	-0.021	0.257	0.499	"3"
"法务部"	0	0	1	0.399	0.048	0.553	-0.221	-0.021	0.257	0.499	"3"
"法庭"	0	0	2	0.799	0.096	1.106	-0.443	-0.043	0.515	1.001	"3"
"法律"	0	0	10	3.993	0.478	5.529	-2.213	-0.213	2.573	4.999	"3"
"法案"	0	0	1	0.399	0.048	0.553	-0.221	-0.021	0.257	0.499	"3"
"法警"	0	0	1	0.399	0.048	0.553	-0.221	-0.021	0.257	0.499	"3"
"法院"	0	0	8	3.194	0.382	4.424	-1.771	-0.17	2.059	4	"3"
"泛政治化"	0	0	1	0.399	0.048	0.553	-0.221	-0.021	0.257	0.499	"3"
"波"	3	0	0	1.198	0.143	1.659	1.196	-0.064	-1.049	2.309	"1"
"泰山"	1	0	0	0.399	0.048	0.553	0.399	-0.021	-0.35	0.77	"1"
"派系"	1	0	1	0.799	0.096	1.106	0.194	-0.043	-0.158	0.395	"1"
"派遣"	1	0	1	0.799	0.096	1.106	0.194	-0.043	-0.158	0.395	"1"
"流离失所"	1	0	0	0.399	0.048	0.553	0.399	-0.021	-0.35	0.77	"1"
"流血"	18	0	0	7.187	0.86	9.953	7.177	-0.383	-6.293	13.853	"1"
"测验"	0	0	1	0.399	0.048	0.553	-0.221	-0.021	0.257	0.499	"3"
"浪费"	0	0	1	0.399	0.048	0.553	-0.221	-0.021	0.257	0.499	"3"
"海域"	0	0	1	0.399	0.048	0.553	-0.221	-0.021	0.257	0.499	"3"
"消弭"	0	0	1	0.399	0.048	0.553	-0.221	-0.021	0.257	0.499	"3"
"消费"	0	0	2	0.799	0.096	1.106	-0.443	-0.043	0.515	1.001	"3"
"消费者"	0	0	1	0.399	0.048	0.553	-0.221	-0.021	0.257	0.499	"3"
"消除"	1	0	0	0.399	0.048	0.553	0.399	-0.021	-0.35	0.77	"1"
"涉及"	0	0	1	0.399	0.048	0.553	-0.221	-0.021	0.257	0.499	"3"
"清点"	0	0	1	0.399	0.048	0.553	-0.221	-0.021	0.257	0.499	"3"
"清真寺"	1	0	0	0.399	0.048	0.553	0.399	-0.021	-0.35	0.77	"1"
"港交所"	0	0	1	0.399	0.048	0.553	-0.221	-0.021	0.257	0.499	"3"
"游击式"	0	0	1	0.399	0.048	0.553	-0.221	-0.021	0.257	0.499	"3"
"游击队"	1	0	0	0.399	0.048	0.553	0.399	-0.021	-0.35	0.77	"1"
"游击队员"	1	0	0	0.399	0.048	0.553	0.399	-0.021	-0.35	0.77	"1"
"演"	0	0	1	0.399	0.048	0.553	-0.221	-0.021	0.257	0.499	"3"
"演艺"	0	0	1	0.399	0.048	0.553	-0.221	-0.021	0.257	0.499	"3"
"潜在性"	0	0	1	0.399	0.048	0.553	-0.221	-0.021	0.257	0.499	"3"
"激烈"	1	1	2	1.597	0.191	2.212	-0.322	0.75	-0.219	1.291	"2"
"激起"	0	0	1	0.399	0.048	0.553	-0.221	-0.021	0.257	0.499	"3"
"火头"	0	0	1	0.399	0.048	0.553	-0.221	-0.021	0.257	0.499	"3"
"烈"	0	0	2	0.799	0.096	1.106	-0.443	-0.043	0.515	1.001	"3"
"热点"	0	0	1	0.399	0.048	0.553	-0.221	-0.021	0.257	0.499	"3"
"焦点"	0	0	2	0.799	0.096	1.106	-0.443	-0.043	0.515	1.001	"3"
"爆发"	16	0	2	7.187	0.86	9.953	4.604	-0.383	-3.883	8.87	"1"
"父亲"	2	0	0	0.799	0.096	1.106	0.797	-0.043	-0.699	1.539	"1"
"版本"	0	0	1	0.399	0.048	0.553	-0.221	-0.021	0.257	0.499	"3"
"牵涉"	0	0	1	0.399	0.048	0.553	-0.221	-0.021	0.257	0.499	"3"
"犹太"	1	0	0	0.399	0.048	0.553	0.399	-0.021	-0.35	0.77	"1"
"狂跌"	0	0	1	0.399	0.048	0.553	-0.221	-0.021	0.257	0.499	"3"
"独有"	0	1	0	0.399	0.048	0.553	-0.221	1.321	-0.35	1.892	"2"
"独立"	1	0	1	0.799	0.096	1.106	0.194	-0.043	-0.158	0.395	"1"
"猛虎"	0	0	1	0.399	0.048	0.553	-0.221	-0.021	0.257	0.499	"3"
"王超群"	0	1	0	0.399	0.048	0.553	-0.221	1.321	-0.35	1.892	"2"
"王鸿国"	0	0	1	0.399	0.048	0.553	-0.221	-0.021	0.257	0.499	"3"
"现行法律"	0	0	1	0.399	0.048	0.553	-0.221	-0.021	0.257	0.499	"3"
"班子"	0	0	1	0.399	0.048	0.553	-0.221	-0.021	0.257	0.499	"3"
"甄选"	0	0	1	0.399	0.048	0.553	-0.221	-0.021	0.257	0.499	"3"
"甘宇平"	1	0	0	0.399	0.048	0.553	0.399	-0.021	-0.35	0.77	"1"
"甚至"	0	1	1	0.799	0.096	1.106	-0.443	1.03	-0.158	1.631	"2"
"申诉"	0	0	1	0.399	0.048	0.553	-0.221	-0.021	0.257	0.499	"3"
"电"	0	0	1	0.399	0.048	0.553	-0.221	-0.021	0.257	0.499	"3"
"男友"	2	0	0	0.799	0.096	1.106	0.797	-0.043	-0.699	1.539	"1"
"病患"	0	0	1	0.399	0.048	0.553	-0.221	-0.021	0.257	0.499	"3"
"瘦"	0	0	1	0.399	0.048	0.553	-0.221	-0.021	0.257	0.499	"3"
"的"	2	0	0	0.799	0.096	1.106	0.797	-0.043	-0.699	1.539	"1"
"监察院"	0	0	1	0.399	0.048	0.553	-0.221	-0.021	0.257	0.499	"3"
"监察院长"	0	0	1	0.399	0.048	0.553	-0.221	-0.021	0.257	0.499	"3"
"监院"	0	0	1	0.399	0.048	0.553	-0.221	-0.021	0.257	0.499	"3"
"盛行"	0	0	1	0.399	0.048	0.553	-0.221	-0.021	0.257	0.499	"3"
"盟友"	0	0	1	0.399	0.048	0.553	-0.221	-0.021	0.257	0.499	"3"
"目击者"	1	0	0	0.399	0.048	0.553	0.399	-0.021	-0.35	0.77	"1"
"直升机"	1	0	0	0.399	0.048	0.553	0.399	-0.021	-0.35	0.77	"1"
"相互"	1	0	1	0.799	0.096	1.106	0.194	-0.043	-0.158	0.395	"1"
"看法"	0	0	1	0.399	0.048	0.553	-0.221	-0.021	0.257	0.499	"3"
"真主党"	0	0	1	0.399	0.048	0.553	-0.221	-0.021	0.257	0.499	"3"
"真是"	0	1	0	0.399	0.048	0.553	-0.221	1.321	-0.35	1.892	"2"
"真相"	1	0	1	0.799	0.096	1.106	0.194	-0.043	-0.158	0.395	"1"
"督促"	1	0	0	0.399	0.048	0.553	0.399	-0.021	-0.35	0.77	"1"
"瞩目"	0	0	1	0.399	0.048	0.553	-0.221	-0.021	0.257	0.499	"3"
"矛头"	0	0	1	0.399	0.048	0.553	-0.221	-0.021	0.257	0.499	"3"
"矛盾"	0	0	8	3.194	0.382	4.424	-1.771	-0.17	2.059	4	"3"
"研议"	0	0	1	0.399	0.048	0.553	-0.221	-0.021	0.257	0.499	"3"
"砲弹"	0	0	1	0.399	0.048	0.553	-0.221	-0.021	0.257	0.499	"3"
"破坏"	2	0	0	0.799	0.096	1.106	0.797	-0.043	-0.699	1.539	"1"
"磋商"	3	0	1	1.597	0.191	2.212	0.749	-0.085	-0.624	1.458	"1"
"示威"	2	0	0	0.799	0.096	1.106	0.797	-0.043	-0.699	1.539	"1"
"社论"	0	0	1	0.399	0.048	0.553	-0.221	-0.021	0.257	0.499	"3"
"票"	0	0	3	1.198	0.143	1.659	-0.664	-0.064	0.772	1.5	"3"
"票据"	0	0	2	0.799	0.096	1.106	-0.443	-0.043	0.515	1.001	"3"
"私下"	1	0	0	0.399	0.048	0.553	0.399	-0.021	-0.35	0.77	"1"
"私人"	0	1	0	0.399	0.048	0.553	-0.221	1.321	-0.35	1.892	"2"
"秉持"	0	0	1	0.399	0.048	0.553	-0.221	-0.021	0.257	0.499	"3"
"种族"	1	0	1	0.799	0.096	1.106	0.194	-0.043	-0.158	0.395	"1"
"秩序"	0	0	1	0.399	0.048	0.553	-0.221	-0.021	0.257	0.499	"3"
"积"	0	0	1	0.399	0.048	0.553	-0.221	-0.021	0.257	0.499	"3"
"积极"	0	0	1	0.399	0.048	0.553	-0.221	-0.021	0.257	0.499	"3"
"移往"	0	0	1	0.399	0.048	0.553	-0.221	-0.021	0.257	0.499	"3"
"程序"	0	0	2	0.799	0.096	1.106	-0.443	-0.043	0.515	1.001	"3"
"稳当"	0	0	1	0.399	0.048	0.553	-0.221	-0.021	0.257	0.499	"3"
"穆巴拉克"	0	0	1	0.399	0.048	0.553	-0.221	-0.021	0.257	0.499	"3"
"穆斯林"	1	0	1	0.799	0.096	1.106	0.194	-0.043	-0.158	0.395	"1"
"立即"	4	0	0	1.597	0.191	2.212	1.595	-0.085	-1.399	3.079	"1"
"立场"	0	2	0	0.799	0.096	1.106	-0.443	2.641	-0.699	3.783	"2"
"立委"	0	0	1	0.399	0.048	0.553	-0.221	-0.021	0.257	0.499	"3"
"立法"	0	1	1	0.799	0.096	1.106	-0.443	1.03	-0.158	1.631	"2"
"立法委员"	0	0	2	0.799	0.096	1.106	-0.443	-0.043	0.515	1.001	"3"
"立法院"	0	0	6	2.396	0.287	3.318	-1.328	-0.128	1.544	3	"3"
"笔墨"	0	0	1	0.399	0.048	0.553	-0.221	-0.021	0.257	0.499	"3"
"第68"	0	1	0	0.399	0.048	0.553	-0.221	1.321	-0.35	1.892	"2"
"第七"	0	0	1	0.399	0.048	0.553	-0.221	-0.021	0.257	0.499	"3"
"第二十六"	0	0	1	0.399	0.048	0.553	-0.221	-0.021	0.257	0.499	"3"
"简单"	0	0	1	0.399	0.048	0.553	-0.221	-0.021	0.257	0.499	"3"
"算"	0	0	1	0.399	0.048	0.553	-0.221	-0.021	0.257	0.499	"3"
"管辖"	0	0	1	0.399	0.048	0.553	-0.221	-0.021	0.257	0.499	"3"
"籍女"	1	0	0	0.399	0.048	0.553	0.399	-0.021	-0.35	0.77	"1"
"米尔"	0	0	2	0.799	0.096	1.106	-0.443	-0.043	0.515	1.001	"3"
"米洛塞维奇"	0	0	1	0.399	0.048	0.553	-0.221	-0.021	0.257	0.499	"3"
"类似"	0	0	1	0.399	0.048	0.553	-0.221	-0.021	0.257	0.499	"3"
"系列"	1	0	0	0.399	0.048	0.553	0.399	-0.021	-0.35	0.77	"1"
"紧张"	1	0	0	0.399	0.048	0.553	0.399	-0.021	-0.35	0.77	"1"
"紧急"	1	0	1	0.799	0.096	1.106	0.194	-0.043	-0.158	0.395	"1"
"繁"	1	0	0	0.399	0.048	0.553	0.399	-0.021	-0.35	0.77	"1"
"纠正案文"	0	0	1	0.399	0.048	0.553	-0.221	-0.021	0.257	0.499	"3"
"纠纷"	1	0	5	2.396	0.287	3.318	-0.63	-0.128	0.777	1.535	"3"
"纠纷案"	0	1	0	0.399	0.048	0.553	-0.221	1.321	-0.35	1.892	"2"
"约旦"	3	0	0	1.198	0.143	1.659	1.196	-0.064	-1.049	2.309	"1"
"约旦河"	5	0	0	1.996	0.239	2.765	1.994	-0.106	-1.748	3.848	"1"
"纪念品"	0	1	0	0.399	0.048	0.553	-0.221	1.321	-0.35	1.892	"2"
"纳布卢斯"	1	0	0	0.399	0.048	0.553	0.399	-0.021	-0.35	0.77	"1"
"纷争"	0	1	0	0.399	0.048	0.553	-0.221	1.321	-0.35	1.892	"2"
"纷扰"	0	0	1	0.399	0.048	0.553	-0.221	-0.021	0.257	0.499	"3"
"纽约时报"	1	0	0	0.399	0.048	0.553	0.399	-0.021	-0.35	0.77	"1"
"细故"	1	0	0	0.399	0.048	0.553	0.399	-0.021	-0.35	0.77	"1"
"终止"	1	0	0	0.399	0.048	0.553	0.399	-0.021	-0.35	0.77	"1"
"经办"	2	0	0	0.799	0.096	1.106	0.797	-0.043	-0.699	1.539	"1"
"经济学家"	0	0	1	0.399	0.048	0.553	-0.221	-0.021	0.257	0.499	"3"
"经济所"	1	0	0	0.399	0.048	0.553	0.399	-0.021	-0.35	0.77	"1"
"经过"	0	0	3	1.198	0.143	1.659	-0.664	-0.064	0.772	1.5	"3"
"结"	2	0	1	1.198	0.143	1.659	0.455	-0.064	-0.376	0.895	"1"
"结束"	17	0	3	7.985	0.956	11.059	4.337	-0.425	-3.599	8.361	"1"
"结果"	0	0	1	0.399	0.048	0.553	-0.221	-0.021	0.257	0.499	"3"
"结案"	0	0	1	0.399	0.048	0.553	-0.221	-0.021	0.257	0.499	"3"
"统独"	0	0	2	0.799	0.096	1.106	-0.443	-0.043	0.515	1.001	"3"
"统计"	0	0	1	0.399	0.048	0.553	-0.221	-0.021	0.257	0.499	"3"
"继承"	0	0	1	0.399	0.048	0.553	-0.221	-0.021	0.257	0.499	"3"
"继续"	1	0	0	0.399	0.048	0.553	0.399	-0.021	-0.35	0.77	"1"
"续"	1	0	1	0.799	0.096	1.106	0.194	-0.043	-0.158	0.395	"1"
"续建"	0	0	1	0.399	0.048	0.553	-0.221	-0.021	0.257	0.499	"3"
"绳"	0	1	0	0.399	0.048	0.553	-0.221	1.321	-0.35	1.892	"2"
"维"	1	0	3	1.597	0.191	2.212	-0.322	-0.085	0.403	0.81	"3"
"维护"	0	0	1	0.399	0.048	0.553	-0.221	-0.021	0.257	0.499	"3"
"维持"	0	0	1	0.399	0.048	0.553	-0.221	-0.021	0.257	0.499	"3"
"缓和"	0	0	1	0.399	0.048	0.553	-0.221	-0.021	0.257	0.499	"3"
"缓解"	0	0	1	0.399	0.048	0.553	-0.221	-0.021	0.257	0.499	"3"
"缩短"	0	0	1	0.399	0.048	0.553	-0.221	-0.021	0.257	0.499	"3"
"网"	0	0	1	0.399	0.048	0.553	-0.221	-0.021	0.257	0.499	"3"
"罚"	0	0	1	0.399	0.048	0.553	-0.221	-0.021	0.257	0.499	"3"
"罢免"	0	0	1	0.399	0.048	0.553	-0.221	-0.021	0.257	0.499	"3"
"罢免案"	0	0	1	0.399	0.048	0.553	-0.221	-0.021	0.257	0.499	"3"
"美"	0	0	1	0.399	0.048	0.553	-0.221	-0.021	0.257	0.499	"3"
"美国人"	0	0	1	0.399	0.048	0.553	-0.221	-0.021	0.257	0.499	"3"
"群众"	0	0	1	0.399	0.048	0.553	-0.221	-0.021	0.257	0.499	"3"
"老来"	0	0	1	0.399	0.048	0.553	-0.221	-0.021	0.257	0.499	"3"
"而"	2	0	0	0.799	0.096	1.106	0.797	-0.043	-0.699	1.539	"1"
"耐"	0	0	1	0.399	0.048	0.553	-0.221	-0.021	0.257	0.499	"3"
"耕作户"	1	0	0	0.399	0.048	0.553	0.399	-0.021	-0.35	0.77	"1"
"耶"	0	0	1	0.399	0.048	0.553	-0.221	-0.021	0.257	0.499	"3"
"耶乌镇"	1	0	0	0.399	0.048	0.553	0.399	-0.021	-0.35	0.77	"1"
"耶路撒冷"	3	0	1	1.597	0.191	2.212	0.749	-0.085	-0.624	1.458	"1"
"职位"	1	0	0	0.399	0.048	0.553	0.399	-0.021	-0.35	0.77	"1"
"联合国安理会"	0	0	1	0.399	0.048	0.553	-0.221	-0.021	0.257	0.499	"3"
"聚焦"	0	0	1	0.399	0.048	0.553	-0.221	-0.021	0.257	0.499	"3"
"肢体"	3	0	0	1.198	0.143	1.659	1.196	-0.064	-1.049	2.309	"1"
"肯定"	0	0	1	0.399	0.048	0.553	-0.221	-0.021	0.257	0.499	"3"
"背部"	1	0	0	0.399	0.048	0.553	0.399	-0.021	-0.35	0.77	"1"
"胡图族"	2	0	0	0.799	0.096	1.106	0.797	-0.043	-0.699	1.539	"1"
"能否"	0	0	1	0.399	0.048	0.553	-0.221	-0.021	0.257	0.499	"3"
"自从"	0	0	2	0.799	0.096	1.106	-0.443	-0.043	0.515	1.001	"3"
"自治"	0	0	1	0.399	0.048	0.553	-0.221	-0.021	0.257	0.499	"3"
"自由度"	0	0	1	0.399	0.048	0.553	-0.221	-0.021	0.257	0.499	"3"
"至于"	0	0	2	0.799	0.096	1.106	-0.443	-0.043	0.515	1.001	"3"
"至今"	1	1	2	1.597	0.191	2.212	-0.322	0.75	-0.219	1.291	"2"
"至少"	4	0	0	1.597	0.191	2.212	1.595	-0.085	-1.399	3.079	"1"
"致使"	1	0	0	0.399	0.048	0.553	0.399	-0.021	-0.35	0.77	"1"
"致命"	2	0	0	0.799	0.096	1.106	0.797	-0.043	-0.699	1.539	"1"
"致词"	0	0	1	0.399	0.048	0.553	-0.221	-0.021	0.257	0.499	"3"
"艾希克罗"	0	0	1	0.399	0.048	0.553	-0.221	-0.021	0.257	0.499	"3"
"艾瑞利"	0	0	1	0.399	0.048	0.553	-0.221	-0.021	0.257	0.499	"3"
"苏建和案"	0	0	1	0.399	0.048	0.553	-0.221	-0.021	0.257	0.499	"3"
"若干"	0	0	6	2.396	0.287	3.318	-1.328	-0.128	1.544	3	"3"
"苦口婆心"	1	0	0	0.399	0.048	0.553	0.399	-0.021	-0.35	0.77	"1"
"英文"	0	0	1	0.399	0.048	0.553	-0.221	-0.021	0.257	0.499	"3"
"菲戈"	0	0	1	0.399	0.048	0.553	-0.221	-0.021	0.257	0.499	"3"
"营造"	0	0	1	0.399	0.048	0.553	-0.221	-0.021	0.257	0.499	"3"
"萨帕塔"	1	0	0	0.399	0.048	0.553	0.399	-0.021	-0.35	0.77	"1"
"著作权"	0	0	5	1.996	0.239	2.765	-1.107	-0.106	1.287	2.5	"3"
"董事会"	0	0	1	0.399	0.048	0.553	-0.221	-0.021	0.257	0.499	"3"
"蒙上"	0	0	1	0.399	0.048	0.553	-0.221	-0.021	0.257	0.499	"3"
"蒙罗维亚"	0	0	1	0.399	0.048	0.553	-0.221	-0.021	0.257	0.499	"3"
"虽"	0	0	1	0.399	0.048	0.553	-0.221	-0.021	0.257	0.499	"3"
"虽说"	0	0	1	0.399	0.048	0.553	-0.221	-0.021	0.257	0.499	"3"
"血"	1	0	0	0.399	0.048	0.553	0.399	-0.021	-0.35	0.77	"1"
"行政"	0	0	1	0.399	0.048	0.553	-0.221	-0.021	0.257	0.499	"3"
"行政院"	0	0	1	0.399	0.048	0.553	-0.221	-0.021	0.257	0.499	"3"
"衍生"	0	0	2	0.799	0.096	1.106	-0.443	-0.043	0.515	1.001	"3"
"街头"	2	0	2	1.597	0.191	2.212	0.281	-0.085	-0.219	0.585	"1"
"表态"	0	0	1	0.399	0.048	0.553	-0.221	-0.021	0.257	0.499	"3"
"裁决"	0	0	2	0.799	0.096	1.106	-0.443	-0.043	0.515	1.001	"3"
"裁判"	2	1	2	1.996	0.239	2.765	0.179	0.663	-0.396	1.238	"2"
"裁定"	0	1	0	0.399	0.048	0.553	-0.221	1.321	-0.35	1.892	"2"
"装"	0	0	1	0.399	0.048	0.553	-0.221	-0.021	0.257	0.499	"3"
"西岸"	8	0	0	3.194	0.382	4.424	3.19	-0.17	-2.797	6.157	"1"
"西撒哈拉"	0	0	1	0.399	0.048	0.553	-0.221	-0.021	0.257	0.499	"3"
"要"	0	0	2	0.799	0.096	1.106	-0.443	-0.043	0.515	1.001	"3"
"要不是"	1	0	0	0.399	0.048	0.553	0.399	-0.021	-0.35	0.77	"1"
"要地区"	1	0	0	0.399	0.048	0.553	0.399	-0.021	-0.35	0.77	"1"
"规则"	0	0	1	0.399	0.048	0.553	-0.221	-0.021	0.257	0.499	"3"
"规模"	2	0	0	0.799	0.096	1.106	0.797	-0.043	-0.699	1.539	"1"
"视为"	1	0	0	0.399	0.048	0.553	0.399	-0.021	-0.35	0.77	"1"
"解"	1	1	8	3.993	0.478	5.529	-1.33	0.412	0.988	2.73	"1"
"解下"	1	0	0	0.399	0.048	0.553	0.399	-0.021	-0.35	0.77	"1"
"解决"	4	0	42	18.366	2.199	25.435	-5.615	-0.978	6.942	13.535	"3"
"解决之道"	1	0	0	0.399	0.048	0.553	0.399	-0.021	-0.35	0.77	"1"
"解释"	0	0	6	2.396	0.287	3.318	-1.328	-0.128	1.544	3	"3"
"触及"	0	0	2	0.799	0.096	1.106	-0.443	-0.043	0.515	1.001	"3"
"警察"	7	0	0	2.795	0.335	3.871	2.791	-0.149	-2.447	5.387	"1"
"警方"	5	0	0	1.996	0.239	2.765	1.994	-0.106	-1.748	3.848	"1"
"计票"	0	0	2	0.799	0.096	1.106	-0.443	-0.043	0.515	1.001	"3"
"订定"	0	0	1	0.399	0.048	0.553	-0.221	-0.021	0.257	0.499	"3"
"讨价还价"	0	0	1	0.399	0.048	0.553	-0.221	-0.021	0.257	0.499	"3"
"讨论"	1	0	0	0.399	0.048	0.553	0.399	-0.021	-0.35	0.77	"1"
"让步"	0	0	1	0.399	0.048	0.553	-0.221	-0.021	0.257	0.499	"3"
"议会"	0	0	1	0.399	0.048	0.553	-0.221	-0.021	0.257	0.499	"3"
"许多"	0	0	2	0.799	0.096	1.106	-0.443	-0.043	0.515	1.001	"3"
"诉求"	0	1	1	0.799	0.096	1.106	-0.443	1.03	-0.158	1.631	"2"
"诉讼"	0	0	2	0.799	0.096	1.106	-0.443	-0.043	0.515	1.001	"3"
"诉诸"	0	0	2	0.799	0.096	1.106	-0.443	-0.043	0.515	1.001	"3"
"话题"	0	0	1	0.399	0.048	0.553	-0.221	-0.021	0.257	0.499	"3"
"诟病"	0	0	1	0.399	0.048	0.553	-0.221	-0.021	0.257	0.499	"3"
"诱惑"	0	0	1	0.399	0.048	0.553	-0.221	-0.021	0.257	0.499	"3"
"说法"	0	1	0	0.399	0.048	0.553	-0.221	1.321	-0.35	1.892	"2"
"课"	0	0	1	0.399	0.048	0.553	-0.221	-0.021	0.257	0.499	"3"
"课题"	0	0	3	1.198	0.143	1.659	-0.664	-0.064	0.772	1.5	"3"
"调"	1	0	1	0.799	0.096	1.106	0.194	-0.043	-0.158	0.395	"1"
"调处"	0	0	8	3.194	0.382	4.424	-1.771	-0.17	2.059	4	"3"
"调查"	3	0	2	1.996	0.239	2.765	0.5	-0.106	-0.396	1.002	"1"
"调查团"	1	0	0	0.399	0.048	0.553	0.399	-0.021	-0.35	0.77	"1"
"调解"	0	0	4	1.597	0.191	2.212	-0.885	-0.085	1.029	1.999	"3"
"谈判"	0	0	4	1.597	0.191	2.212	-0.885	-0.085	1.029	1.999	"3"
"谈话"	0	0	1	0.399	0.048	0.553	-0.221	-0.021	0.257	0.499	"3"
"谢长廷"	0	0	1	0.399	0.048	0.553	-0.221	-0.021	0.257	0.499	"3"
"象征性"	0	0	1	0.399	0.048	0.553	-0.221	-0.021	0.257	0.499	"3"
"贝卢斯科尼"	0	0	1	0.399	0.048	0.553	-0.221	-0.021	0.257	0.499	"3"
"贝鲁特"	0	0	1	0.399	0.048	0.553	-0.221	-0.021	0.257	0.499	"3"
"财务"	0	0	1	0.399	0.048	0.553	-0.221	-0.021	0.257	0.499	"3"
"质疑"	0	0	3	1.198	0.143	1.659	-0.664	-0.064	0.772	1.5	"3"
"贸易"	0	0	4	1.597	0.191	2.212	-0.885	-0.085	1.029	1.999	"3"
"贿选"	0	1	0	0.399	0.048	0.553	-0.221	1.321	-0.35	1.892	"2"
"资方"	0	0	1	0.399	0.048	0.553	-0.221	-0.021	0.257	0.499	"3"
"赔偿"	0	0	1	0.399	0.048	0.553	-0.221	-0.021	0.257	0.499	"3"
"赞"	0	0	1	0.399	0.048	0.553	-0.221	-0.021	0.257	0.499	"3"
"赫马族"	2	0	0	0.799	0.096	1.106	0.797	-0.043	-0.699	1.539	"1"
"起"	6	1	7	5.59	0.669	7.741	0.291	0.304	-0.352	0.947	"3"
"起因"	0	0	1	0.399	0.048	0.553	-0.221	-0.021	0.257	0.499	"3"
"超出区"	0	0	1	0.399	0.048	0.553	-0.221	-0.021	0.257	0.499	"3"
"跌跌"	0	0	1	0.399	0.048	0.553	-0.221	-0.021	0.257	0.499	"3"
"跟"	1	0	0	0.399	0.048	0.553	0.399	-0.021	-0.35	0.77	"1"
"路透"	0	0	2	0.799	0.096	1.106	-0.443	-0.043	0.515	1.001	"3"
"跳脱"	1	0	0	0.399	0.048	0.553	0.399	-0.021	-0.35	0.77	"1"
"身美容"	0	0	1	0.399	0.048	0.553	-0.221	-0.021	0.257	0.499	"3"
"轮"	1	0	1	0.799	0.096	1.106	0.194	-0.043	-0.158	0.395	"1"
"轮到"	0	0	1	0.399	0.048	0.553	-0.221	-0.021	0.257	0.499	"3"
"较"	0	1	0	0.399	0.048	0.553	-0.221	1.321	-0.35	1.892	"2"
"输出"	1	0	0	0.399	0.048	0.553	0.399	-0.021	-0.35	0.77	"1"
"辜成允"	0	0	1	0.399	0.048	0.553	-0.221	-0.021	0.257	0.499	"3"
"辞职"	0	0	1	0.399	0.048	0.553	-0.221	-0.021	0.257	0.499	"3"
"辩护"	0	0	1	0.399	0.048	0.553	-0.221	-0.021	0.257	0.499	"3"
"边境"	0	0	1	0.399	0.048	0.553	-0.221	-0.021	0.257	0.499	"3"
"边界"	1	0	2	1.198	0.143	1.659	-0.188	-0.064	0.237	0.489	"3"
"达成"	2	0	1	1.198	0.143	1.659	0.455	-0.064	-0.376	0.895	"1"
"迄"	4	0	4	3.194	0.382	4.424	0.393	-0.17	-0.287	0.85	"1"
"过去"	2	0	0	0.799	0.096	1.106	0.797	-0.043	-0.699	1.539	"1"
"过后"	1	0	0	0.399	0.048	0.553	0.399	-0.021	-0.35	0.77	"1"
"过度"	0	0	1	0.399	0.048	0.553	-0.221	-0.021	0.257	0.499	"3"
"迈出"	0	0	1	0.399	0.048	0.553	-0.221	-0.021	0.257	0.499	"3"
"近日"	0	0	1	0.399	0.048	0.553	-0.221	-0.021	0.257	0.499	"3"
"近期"	0	0	1	0.399	0.048	0.553	-0.221	-0.021	0.257	0.499	"3"
"近来"	1	0	2	1.198	0.143	1.659	-0.188	-0.064	0.237	0.489	"3"
"还是"	0	0	1	0.399	0.048	0.553	-0.221	-0.021	0.257	0.499	"3"
"这会"	0	1	0	0.399	0.048	0.553	-0.221	1.321	-0.35	1.892	"2"
"进程"	3	0	1	1.597	0.191	2.212	0.749	-0.085	-0.624	1.458	"1"
"进而"	1	0	0	0.399	0.048	0.553	0.399	-0.021	-0.35	0.77	"1"
"进行到"	0	1	1	0.799	0.096	1.106	-0.443	1.03	-0.158	1.631	"2"
"进食"	0	0	1	0.399	0.048	0.553	-0.221	-0.021	0.257	0.499	"3"
"违宪"	0	0	1	0.399	0.048	0.553	-0.221	-0.021	0.257	0.499	"3"
"迪"	1	0	0	0.399	0.048	0.553	0.399	-0.021	-0.35	0.77	"1"
"迫于"	0	1	0	0.399	0.048	0.553	-0.221	1.321	-0.35	1.892	"2"
"迫使"	1	0	0	0.399	0.048	0.553	0.399	-0.021	-0.35	0.77	"1"
"迭起"	0	0	1	0.399	0.048	0.553	-0.221	-0.021	0.257	0.499	"3"
"迹象"	1	0	0	0.399	0.048	0.553	0.399	-0.021	-0.35	0.77	"1"
"送交"	0	0	1	0.399	0.048	0.553	-0.221	-0.021	0.257	0.499	"3"
"送报生"	0	0	1	0.399	0.048	0.553	-0.221	-0.021	0.257	0.499	"3"
"适用"	0	0	5	1.996	0.239	2.765	-1.107	-0.106	1.287	2.5	"3"
"选举"	2	0	4	2.396	0.287	3.318	-0.263	-0.128	0.349	0.74	"3"
"选票"	1	0	5	2.396	0.287	3.318	-0.63	-0.128	0.777	1.535	"3"
"逊尼派"	1	0	0	0.399	0.048	0.553	0.399	-0.021	-0.35	0.77	"1"
"透过"	0	0	1	0.399	0.048	0.553	-0.221	-0.021	0.257	0.499	"3"
"逐渐"	0	0	1	0.399	0.048	0.553	-0.221	-0.021	0.257	0.499	"3"
"途径"	1	0	2	1.198	0.143	1.659	-0.188	-0.064	0.237	0.489	"3"
"途经"	1	0	0	0.399	0.048	0.553	0.399	-0.021	-0.35	0.77	"1"
"通过"	0	0	5	1.996	0.239	2.765	-1.107	-0.106	1.287	2.5	"3"
"造"	0	0	1	0.399	0.048	0.553	-0.221	-0.021	0.257	0.499	"3"
"造成"	13	1	1	5.989	0.717	8.294	3.564	0.284	-3.953	7.801	"3"
"週"	3	1	1	1.996	0.239	2.765	0.5	0.663	-0.892	2.055	"3"
"遇上"	0	0	1	0.399	0.048	0.553	-0.221	-0.021	0.257	0.499	"3"
"遏止"	1	0	0	0.399	0.048	0.553	0.399	-0.021	-0.35	0.77	"1"
"避免"	3	0	4	2.795	0.335	3.871	0.238	-0.149	0.211	0.598	"1"
"那些"	0	0	1	0.399	0.048	0.553	-0.221	-0.021	0.257	0.499	"3"
"邻"	0	0	1	0.399	0.048	0.553	-0.221	-0.021	0.257	0.499	"3"
"邻里"	0	0	1	0.399	0.048	0.553	-0.221	-0.021	0.257	0.499	"3"
"部分"	0	0	2	0.799	0.096	1.106	-0.443	-0.043	0.515	1.001	"3"
"部族"	2	0	0	0.799	0.096	1.106	0.797	-0.043	-0.699	1.539	"1"
"部署"	2	0	0	0.799	0.096	1.106	0.797	-0.043	-0.699	1.539	"1"
"部队"	7	0	1	3.194	0.382	4.424	2.075	-0.17	-1.76	4.005	"1"
"酋"	1	0	0	0.399	0.048	0.553	0.399	-0.021	-0.35	0.77	"1"
"酒客"	0	0	1	0.399	0.048	0.553	-0.221	-0.021	0.257	0.499	"3"
"酿成"	1	0	0	0.399	0.048	0.553	0.399	-0.021	-0.35	0.77	"1"
"采矿"	1	0	0	0.399	0.048	0.553	0.399	-0.021	-0.35	0.77	"1"
"里亚"	0	0	1	0.399	0.048	0.553	-0.221	-0.021	0.257	0.499	"3"
"重叠"	0	0	1	0.399	0.048	0.553	-0.221	-0.021	0.257	0.499	"3"
"重大"	0	0	3	1.198	0.143	1.659	-0.664	-0.064	0.772	1.5	"3"
"重新"	0	0	1	0.399	0.048	0.553	-0.221	-0.021	0.257	0.499	"3"
"重演"	0	0	1	0.399	0.048	0.553	-0.221	-0.021	0.257	0.499	"3"
"重点"	0	0	1	0.399	0.048	0.553	-0.221	-0.021	0.257	0.499	"3"
"釐清"	0	0	1	0.399	0.048	0.553	-0.221	-0.021	0.257	0.499	"3"
"金"	2	0	3	1.996	0.239	2.765	0.179	-0.106	0.223	0.508	"3"
"金沙萨"	1	0	0	0.399	0.048	0.553	0.399	-0.021	-0.35	0.77	"1"
"针"	0	0	1	0.399	0.048	0.553	-0.221	-0.021	0.257	0.499	"3"
"针对"	1	0	4	1.996	0.239	2.765	-0.471	-0.106	0.584	1.161	"3"
"钱复"	0	0	1	0.399	0.048	0.553	-0.221	-0.021	0.257	0.499	"3"
"钱财"	0	0	1	0.399	0.048	0.553	-0.221	-0.021	0.257	0.499	"3"
"钻石"	2	0	0	0.799	0.096	1.106	0.797	-0.043	-0.699	1.539	"1"
"铲"	0	1	0	0.399	0.048	0.553	-0.221	1.321	-0.35	1.892	"2"
"锁定"	0	0	1	0.399	0.048	0.553	-0.221	-0.021	0.257	0.499	"3"
"长期"	3	0	4	2.795	0.335	3.871	0.238	-0.149	0.211	0.598	"1"
"长达"	0	0	1	0.399	0.048	0.553	-0.221	-0.021	0.257	0.499	"3"
"门口"	0	0	1	0.399	0.048	0.553	-0.221	-0.021	0.257	0.499	"3"
"问题"	7	2	40	19.564	2.342	27.094	-4.037	-0.235	3.996	8.268	"1"
"闲扰"	0	0	1	0.399	0.048	0.553	-0.221	-0.021	0.257	0.499	"3"
"间"	3	0	5	3.194	0.382	4.424	-0.225	-0.17	0.315	0.71	"3"
"闹"	0	0	1	0.399	0.048	0.553	-0.221	-0.021	0.257	0.499	"3"
"闻"	0	0	1	0.399	0.048	0.553	-0.221	-0.021	0.257	0.499	"3"
"防止"	0	0	2	0.799	0.096	1.106	-0.443	-0.043	0.515	1.001	"3"
"阴影"	0	0	1	0.399	0.048	0.553	-0.221	-0.021	0.257	0.499	"3"
"阴谋论"	0	0	1	0.399	0.048	0.553	-0.221	-0.021	0.257	0.499	"3"
"阻止"	2	0	0	0.799	0.096	1.106	0.797	-0.043	-0.699	1.539	"1"
"阿"	0	0	2	0.799	0.096	1.106	-0.443	-0.043	0.515	1.001	"3"
"阿拉伯"	2	0	0	0.799	0.096	1.106	0.797	-0.043	-0.699	1.539	"1"
"阿拉伯人"	2	0	0	0.799	0.096	1.106	0.797	-0.043	-0.699	1.539	"1"
"阿拉法"	1	0	0	0.399	0.048	0.553	0.399	-0.021	-0.35	0.77	"1"
"阿拉法特"	5	0	2	2.795	0.335	3.871	1.02	-0.149	-0.826	1.995	"1"
"阿曼"	1	0	0	0.399	0.048	0.553	0.399	-0.021	-0.35	0.77	"1"
"阿玆纳尔"	1	0	0	0.399	0.048	0.553	0.399	-0.021	-0.35	0.77	"1"
"阿联"	1	0	0	0.399	0.048	0.553	0.399	-0.021	-0.35	0.77	"1"
"际"	0	0	1	0.399	0.048	0.553	-0.221	-0.021	0.257	0.499	"3"
"陈菊"	0	0	1	0.399	0.048	0.553	-0.221	-0.021	0.257	0.499	"3"
"陈鼓应"	0	0	1	0.399	0.048	0.553	-0.221	-0.021	0.257	0.499	"3"
"院"	0	1	3	1.597	0.191	2.212	-0.885	0.75	0.403	2.038	"1"
"院长"	0	0	3	1.198	0.143	1.659	-0.664	-0.064	0.772	1.5	"3"
"陷入"	0	0	1	0.399	0.048	0.553	-0.221	-0.021	0.257	0.499	"3"
"随之"	0	0	1	0.399	0.048	0.553	-0.221	-0.021	0.257	0.499	"3"
"难民"	0	0	1	0.399	0.048	0.553	-0.221	-0.021	0.257	0.499	"3"
"集中营"	0	1	0	0.399	0.048	0.553	-0.221	1.321	-0.35	1.892	"2"
"雪上加霜"	0	0	1	0.399	0.048	0.553	-0.221	-0.021	0.257	0.499	"3"
"零星"	3	0	0	1.198	0.143	1.659	1.196	-0.064	-1.049	2.309	"1"
"霍绍裘"	0	0	2	0.799	0.096	1.106	-0.443	-0.043	0.515	1.001	"3"
"非洲"	0	0	7	2.795	0.335	3.871	-1.549	-0.149	1.801	3.499	"3"
"面具"	0	0	1	0.399	0.048	0.553	-0.221	-0.021	0.257	0.499	"3"
"面对"	0	0	1	0.399	0.048	0.553	-0.221	-0.021	0.257	0.499	"3"
"顶让"	0	1	0	0.399	0.048	0.553	-0.221	1.321	-0.35	1.892	"2"
"预算"	0	0	1	0.399	0.048	0.553	-0.221	-0.021	0.257	0.499	"3"
"领土"	1	0	2	1.198	0.143	1.659	-0.188	-0.064	0.237	0.489	"3"
"领教"	0	0	1	0.399	0.048	0.553	-0.221	-0.021	0.257	0.499	"3"
"领海"	0	0	1	0.399	0.048	0.553	-0.221	-0.021	0.257	0.499	"3"
"颇"	0	0	1	0.399	0.048	0.553	-0.221	-0.021	0.257	0.499	"3"
"频仍"	1	0	0	0.399	0.048	0.553	0.399	-0.021	-0.35	0.77	"1"
"题"	0	0	1	0.399	0.048	0.553	-0.221	-0.021	0.257	0.499	"3"
"飞安会"	0	0	1	0.399	0.048	0.553	-0.221	-0.021	0.257	0.499	"3"
"首脑"	5	0	0	1.996	0.239	2.765	1.994	-0.106	-1.748	3.848	"1"
"马两国"	0	0	1	0.399	0.048	0.553	-0.221	-0.021	0.257	0.499	"3"
"马国"	0	0	1	0.399	0.048	0.553	-0.221	-0.021	0.257	0.499	"3"
"高尔"	0	1	1	0.799	0.096	1.106	-0.443	1.03	-0.158	1.631	"2"
"高峰会"	1	0	0	0.399	0.048	0.553	0.399	-0.021	-0.35	0.77	"1"
"高级"	1	0	0	0.399	0.048	0.553	0.399	-0.021	-0.35	0.77	"1"
"鲁能"	1	0	0	0.399	0.048	0.553	0.399	-0.021	-0.35	0.77	"1"
"麦绍棠"	0	0	1	0.399	0.048	0.553	-0.221	-0.021	0.257	0.499	"3"
"黎"	0	0	2	0.799	0.096	1.106	-0.443	-0.043	0.515	1.001	"3"
"黎南部"	1	0	0	0.399	0.048	0.553	0.399	-0.021	-0.35	0.77	"1"
"黎巴嫩"	2	0	3	1.996	0.239	2.765	0.179	-0.106	0.223	0.508	"3"
