"Coll_Word"	"1"	"2"	"3"	"4"	"exp_1"	"exp_2"	"exp_3"	"exp_4"	"pbin_1"	"pbin_2"	"pbin_3"	"pbin_4"	"SumAbsDev"	"LargestDev"
"--"	0	0	0	3	0.996	0.39	0.125	1.489	-0.526	-0.182	-0.055	0.913	1.676	"4"
"－－"	0	0	0	2	0.664	0.26	0.083	0.993	-0.35	-0.121	-0.037	0.608	1.116	"4"
"----"	0	0	0	1	0.332	0.13	0.042	0.496	-0.175	-0.061	-0.018	0.304	0.558	"4"
"《"	0	0	14	1	4.98	1.951	0.623	7.445	-2.629	-0.908	18.179	-3.27	24.986	"3"
"》"	0	0	17	0	5.644	2.211	0.707	8.438	-2.979	-1.029	23.482	-5.064	32.554	"3"
"1.9"	0	0	0	1	0.332	0.13	0.042	0.496	-0.175	-0.061	-0.018	0.304	0.558	"4"
"1600"	0	1	0	1	0.664	0.26	0.083	0.993	-0.35	0.614	-0.037	0.127	1.128	"2"
"1600年"	0	1	0	0	0.332	0.13	0.042	0.496	-0.175	0.886	-0.018	-0.298	1.377	"2"
"1933"	0	0	0	1	0.332	0.13	0.042	0.496	-0.175	-0.061	-0.018	0.304	0.558	"4"
"1933年"	0	0	0	1	0.332	0.13	0.042	0.496	-0.175	-0.061	-0.018	0.304	0.558	"4"
"1937年"	0	0	0	1	0.332	0.13	0.042	0.496	-0.175	-0.061	-0.018	0.304	0.558	"4"
"1939年"	0	0	0	1	0.332	0.13	0.042	0.496	-0.175	-0.061	-0.018	0.304	0.558	"4"
"1949年"	0	0	0	1	0.332	0.13	0.042	0.496	-0.175	-0.061	-0.018	0.304	0.558	"4"
"1957年"	0	1	0	0	0.332	0.13	0.042	0.496	-0.175	0.886	-0.018	-0.298	1.377	"2"
"1960年"	0	0	0	1	0.332	0.13	0.042	0.496	-0.175	-0.061	-0.018	0.304	0.558	"4"
"2000多"	0	1	0	0	0.332	0.13	0.042	0.496	-0.175	0.886	-0.018	-0.298	1.377	"2"
"200万年"	0	1	0	0	0.332	0.13	0.042	0.496	-0.175	0.886	-0.018	-0.298	1.377	"2"
"20世纪"	0	0	0	4	1.328	0.52	0.166	1.985	-0.701	-0.242	-0.074	1.217	2.234	"4"
"219年"	0	1	0	0	0.332	0.13	0.042	0.496	-0.175	0.886	-0.018	-0.298	1.377	"2"
"21世纪"	4	0	0	0	1.328	0.52	0.166	1.985	1.915	-0.242	-0.074	-1.191	3.422	"1"
"35％"	0	0	0	1	0.332	0.13	0.042	0.496	-0.175	-0.061	-0.018	0.304	0.558	"4"
"397"	0	1	0	0	0.332	0.13	0.042	0.496	-0.175	0.886	-0.018	-0.298	1.377	"2"
"5000年"	0	1	0	0	0.332	0.13	0.042	0.496	-0.175	0.886	-0.018	-0.298	1.377	"2"
"589年"	0	1	0	0	0.332	0.13	0.042	0.496	-0.175	0.886	-0.018	-0.298	1.377	"2"
"60"	0	0	0	1	0.332	0.13	0.042	0.496	-0.175	-0.061	-0.018	0.304	0.558	"4"
"70年"	0	0	0	1	0.332	0.13	0.042	0.496	-0.175	-0.061	-0.018	0.304	0.558	"4"
"80年代"	1	0	0	0	0.332	0.13	0.042	0.496	0.479	-0.061	-0.018	-0.298	0.856	"1"
"83万"	0	0	0	1	0.332	0.13	0.042	0.496	-0.175	-0.061	-0.018	0.304	0.558	"4"
"90年代"	1	0	0	3	1.328	0.52	0.166	1.985	-0.226	-0.242	-0.074	0.513	1.055	"4"
"AOL"	0	0	0	2	0.664	0.26	0.083	0.993	-0.35	-0.121	-0.037	0.608	1.116	"4"
"consolidation"	0	0	0	1	0.332	0.13	0.042	0.496	-0.175	-0.061	-0.018	0.304	0.558	"4"
"e"	1	0	0	0	0.332	0.13	0.042	0.496	0.479	-0.061	-0.018	-0.298	0.856	"1"
"EMI"	0	0	0	2	0.664	0.26	0.083	0.993	-0.35	-0.121	-0.037	0.608	1.116	"4"
"FNAC"	0	0	0	1	0.332	0.13	0.042	0.496	-0.175	-0.061	-0.018	0.304	0.558	"4"
"O"	0	0	0	1	0.332	0.13	0.042	0.496	-0.175	-0.061	-0.018	0.304	0.558	"4"
"SARS"	0	1	1	0	0.664	0.26	0.083	0.993	-0.35	0.614	1.089	-0.596	2.649	"3"
"TimeWarner"	0	0	0	2	0.664	0.26	0.083	0.993	-0.35	-0.121	-0.037	0.608	1.116	"4"
"waistoveralls"	0	0	0	1	0.332	0.13	0.042	0.496	-0.175	-0.061	-0.018	0.304	0.558	"4"
"一世纪"	1	0	0	0	0.332	0.13	0.042	0.496	0.479	-0.061	-0.018	-0.298	0.856	"1"
"一号墓"	0	1	0	0	0.332	0.13	0.042	0.496	-0.175	0.886	-0.018	-0.298	1.377	"2"
"一段"	0	0	0	7	2.324	0.911	0.291	3.474	-1.227	-0.424	-0.129	2.13	3.91	"4"
"七时"	0	0	0	1	0.332	0.13	0.042	0.496	-0.175	-0.061	-0.018	0.304	0.558	"4"
"万字"	0	1	0	0	0.332	0.13	0.042	0.496	-0.175	0.886	-0.018	-0.298	1.377	"2"
"三十一年"	0	0	0	1	0.332	0.13	0.042	0.496	-0.175	-0.061	-0.018	0.304	0.558	"4"
"三十分"	0	0	0	1	0.332	0.13	0.042	0.496	-0.175	-0.061	-0.018	0.304	0.558	"4"
"三千多"	0	0	0	1	0.332	0.13	0.042	0.496	-0.175	-0.061	-0.018	0.304	0.558	"4"
"三读"	0	0	0	1	0.332	0.13	0.042	0.496	-0.175	-0.061	-0.018	0.304	0.558	"4"
"上"	0	0	0	1	0.332	0.13	0.042	0.496	-0.175	-0.061	-0.018	0.304	0.558	"4"
"上升"	0	0	0	1	0.332	0.13	0.042	0.496	-0.175	-0.061	-0.018	0.304	0.558	"4"
"上海市"	0	0	0	1	0.332	0.13	0.042	0.496	-0.175	-0.061	-0.018	0.304	0.558	"4"
"下降"	0	0	0	1	0.332	0.13	0.042	0.496	-0.175	-0.061	-0.018	0.304	0.558	"4"
"不一"	0	0	0	2	0.664	0.26	0.083	0.993	-0.35	-0.121	-0.037	0.608	1.116	"4"
"不可思议"	0	0	0	1	0.332	0.13	0.042	0.496	-0.175	-0.061	-0.018	0.304	0.558	"4"
"不合时宜"	1	0	0	0	0.332	0.13	0.042	0.496	0.479	-0.061	-0.018	-0.298	0.856	"1"
"不同"	2	0	0	9	3.652	1.431	0.457	5.46	-0.625	-0.666	-0.203	1.509	3.003	"4"
"不当"	0	0	0	1	0.332	0.13	0.042	0.496	-0.175	-0.061	-0.018	0.304	0.558	"4"
"不断"	0	0	0	2	0.664	0.26	0.083	0.993	-0.35	-0.121	-0.037	0.608	1.116	"4"
"不易"	0	0	0	1	0.332	0.13	0.042	0.496	-0.175	-0.061	-0.018	0.304	0.558	"4"
"不符"	3	0	0	0	0.996	0.39	0.125	1.489	1.436	-0.182	-0.055	-0.894	2.567	"1"
"不管"	0	0	0	1	0.332	0.13	0.042	0.496	-0.175	-0.061	-0.018	0.304	0.558	"4"
"与时俱进"	1	0	0	0	0.332	0.13	0.042	0.496	0.479	-0.061	-0.018	-0.298	0.856	"1"
"专题"	0	0	0	1	0.332	0.13	0.042	0.496	-0.175	-0.061	-0.018	0.304	0.558	"4"
"世纪"	2	0	0	1	0.996	0.39	0.125	1.489	0.589	-0.182	-0.055	-0.296	1.122	"1"
"东北亚"	1	0	0	0	0.332	0.13	0.042	0.496	0.479	-0.061	-0.018	-0.298	0.856	"1"
"东周"	0	1	0	0	0.332	0.13	0.042	0.496	-0.175	0.886	-0.018	-0.298	1.377	"2"
"东汉"	0	2	0	0	0.664	0.26	0.083	0.993	-0.35	1.772	-0.037	-0.596	2.755	"2"
"丝绸"	0	1	0	0	0.332	0.13	0.042	0.496	-0.175	0.886	-0.018	-0.298	1.377	"2"
"严密"	0	0	0	1	0.332	0.13	0.042	0.496	-0.175	-0.061	-0.018	0.304	0.558	"4"
"个"	6	1	0	36	14.277	5.593	1.787	21.342	-2.42	-1.731	-0.793	5.443	10.387	"4"
"中俄"	0	0	0	1	0.332	0.13	0.042	0.496	-0.175	-0.061	-0.018	0.304	0.558	"4"
"中华"	0	0	0	2	0.664	0.26	0.083	0.993	-0.35	-0.121	-0.037	0.608	1.116	"4"
"中原"	0	1	0	0	0.332	0.13	0.042	0.496	-0.175	0.886	-0.018	-0.298	1.377	"2"
"中国人"	0	0	0	1	0.332	0.13	0.042	0.496	-0.175	-0.061	-0.018	0.304	0.558	"4"
"中国人民"	1	0	0	0	0.332	0.13	0.042	0.496	0.479	-0.061	-0.018	-0.298	0.856	"1"
"中国风水"	0	1	0	0	0.332	0.13	0.042	0.496	-0.175	0.886	-0.018	-0.298	1.377	"2"
"中学"	1	0	0	0	0.332	0.13	0.042	0.496	0.479	-0.061	-0.018	-0.298	0.856	"1"
"中美"	0	0	0	1	0.332	0.13	0.042	0.496	-0.175	-0.061	-0.018	0.304	0.558	"4"
"丰碑"	0	0	1	0	0.332	0.13	0.042	0.496	-0.175	-0.061	1.381	-0.298	1.915	"3"
"临"	1	0	0	0	0.332	0.13	0.042	0.496	0.479	-0.061	-0.018	-0.298	0.856	"1"
"为荣"	0	0	1	0	0.332	0.13	0.042	0.496	-0.175	-0.061	1.381	-0.298	1.915	"3"
"为题"	1	0	0	0	0.332	0.13	0.042	0.496	0.479	-0.061	-0.018	-0.298	0.856	"1"
"主"	1	0	0	0	0.332	0.13	0.042	0.496	0.479	-0.061	-0.018	-0.298	0.856	"1"
"主义"	9	0	1	0	3.32	1.301	0.416	4.963	3.464	-0.605	0.461	-2.979	7.509	"1"
"主题"	3	0	0	1	1.328	0.52	0.166	1.985	0.959	-0.242	-0.074	-0.498	1.773	"1"
"主题馆"	1	0	0	0	0.332	0.13	0.042	0.496	0.479	-0.061	-0.018	-0.298	0.856	"1"
"举凡"	0	0	0	1	0.332	0.13	0.042	0.496	-0.175	-0.061	-0.018	0.304	0.558	"4"
"久"	0	0	0	1	0.332	0.13	0.042	0.496	-0.175	-0.061	-0.018	0.304	0.558	"4"
"久远"	0	0	0	3	0.996	0.39	0.125	1.489	-0.526	-0.182	-0.055	0.913	1.676	"4"
"之"	1	0	0	0	0.332	0.13	0.042	0.496	0.479	-0.061	-0.018	-0.298	0.856	"1"
"之交"	0	0	0	1	0.332	0.13	0.042	0.496	-0.175	-0.061	-0.018	0.304	0.558	"4"
"乏"	0	0	0	1	0.332	0.13	0.042	0.496	-0.175	-0.061	-0.018	0.304	0.558	"4"
"乙水"	0	0	0	1	0.332	0.13	0.042	0.496	-0.175	-0.061	-0.018	0.304	0.558	"4"
"九"	0	0	0	1	0.332	0.13	0.042	0.496	-0.175	-0.061	-0.018	0.304	0.558	"4"
"乡绅"	0	0	0	1	0.332	0.13	0.042	0.496	-0.175	-0.061	-0.018	0.304	0.558	"4"
"书"	0	0	0	1	0.332	0.13	0.042	0.496	-0.175	-0.061	-0.018	0.304	0.558	"4"
"了"	1	0	0	7	2.656	1.041	0.333	3.971	-0.705	-0.484	-0.147	1.474	2.81	"4"
"争霸"	0	0	0	1	0.332	0.13	0.042	0.496	-0.175	-0.061	-0.018	0.304	0.558	"4"
"事物"	1	0	0	1	0.664	0.26	0.083	0.993	0.257	-0.121	-0.037	0.127	0.542	"1"
"二十一日"	0	0	0	1	0.332	0.13	0.042	0.496	-0.175	-0.061	-0.018	0.304	0.558	"4"
"二年"	0	0	0	1	0.332	0.13	0.042	0.496	-0.175	-0.061	-0.018	0.304	0.558	"4"
"二战"	0	0	0	1	0.332	0.13	0.042	0.496	-0.175	-0.061	-0.018	0.304	0.558	"4"
"互联网"	1	0	0	0	0.332	0.13	0.042	0.496	0.479	-0.061	-0.018	-0.298	0.856	"1"
"亚洲人"	1	0	0	0	0.332	0.13	0.042	0.496	0.479	-0.061	-0.018	-0.298	0.856	"1"
"交往史"	1	0	0	0	0.332	0.13	0.042	0.496	0.479	-0.061	-0.018	-0.298	0.856	"1"
"产"	0	0	0	1	0.332	0.13	0.042	0.496	-0.175	-0.061	-0.018	0.304	0.558	"4"
"产学"	1	0	0	0	0.332	0.13	0.042	0.496	0.479	-0.061	-0.018	-0.298	0.856	"1"
"产物"	3	0	0	0	0.996	0.39	0.125	1.489	1.436	-0.182	-0.055	-0.894	2.567	"1"
"亲美"	0	0	0	2	0.664	0.26	0.083	0.993	-0.35	-0.121	-0.037	0.608	1.116	"4"
"人人"	0	0	0	1	0.332	0.13	0.042	0.496	-0.175	-0.061	-0.018	0.304	0.558	"4"
"人口数"	0	0	0	1	0.332	0.13	0.042	0.496	-0.175	-0.061	-0.018	0.304	0.558	"4"
"人权"	0	0	0	1	0.332	0.13	0.042	0.496	-0.175	-0.061	-0.018	0.304	0.558	"4"
"人生"	0	0	0	2	0.664	0.26	0.083	0.993	-0.35	-0.121	-0.037	0.608	1.116	"4"
"人类"	1	0	0	1	0.664	0.26	0.083	0.993	0.257	-0.121	-0.037	0.127	0.542	"1"
"亿万"	0	0	0	1	0.332	0.13	0.042	0.496	-0.175	-0.061	-0.018	0.304	0.558	"4"
"今"	0	3	0	0	0.996	0.39	0.125	1.489	-0.526	2.657	-0.055	-0.894	4.132	"2"
"今后"	0	0	0	6	1.992	0.78	0.249	2.978	-1.051	-0.363	-0.111	1.825	3.35	"4"
"介"	0	0	0	1	0.332	0.13	0.042	0.496	-0.175	-0.061	-0.018	0.304	0.558	"4"
"仍然"	1	0	0	1	0.664	0.26	0.083	0.993	0.257	-0.121	-0.037	0.127	0.542	"1"
"从小到大"	0	0	0	1	0.332	0.13	0.042	0.496	-0.175	-0.061	-0.018	0.304	0.558	"4"
"仔原澳葡"	0	0	0	1	0.332	0.13	0.042	0.496	-0.175	-0.061	-0.018	0.304	0.558	"4"
"代"	0	0	0	2	0.664	0.26	0.083	0.993	-0.35	-0.121	-0.037	0.608	1.116	"4"
"代表性"	0	1	0	1	0.664	0.26	0.083	0.993	-0.35	0.614	-0.037	0.127	1.128	"2"
"以往"	0	1	0	0	0.332	0.13	0.042	0.496	-0.175	0.886	-0.018	-0.298	1.377	"2"
"以来"	0	0	0	5	1.66	0.65	0.208	2.482	-0.876	-0.303	-0.092	1.521	2.792	"4"
"仰韶"	0	1	0	0	0.332	0.13	0.042	0.496	-0.175	0.886	-0.018	-0.298	1.377	"2"
"件"	0	0	0	1	0.332	0.13	0.042	0.496	-0.175	-0.061	-0.018	0.304	0.558	"4"
"价值观"	0	0	0	1	0.332	0.13	0.042	0.496	-0.175	-0.061	-0.018	0.304	0.558	"4"
"任"	0	0	0	1	0.332	0.13	0.042	0.496	-0.175	-0.061	-0.018	0.304	0.558	"4"
"会战"	0	0	0	1	0.332	0.13	0.042	0.496	-0.175	-0.061	-0.018	0.304	0.558	"4"
"伟大"	1	0	0	1	0.664	0.26	0.083	0.993	0.257	-0.121	-0.037	0.127	0.542	"1"
"传播"	1	0	0	0	0.332	0.13	0.042	0.496	0.479	-0.061	-0.018	-0.298	0.856	"1"
"传统"	2	0	0	2	1.328	0.52	0.166	1.985	0.392	-0.242	-0.074	0.166	0.874	"1"
"传输"	2	0	0	0	0.664	0.26	0.083	0.993	0.958	-0.121	-0.037	-0.596	1.712	"1"
"伪满"	0	0	0	1	0.332	0.13	0.042	0.496	-0.175	-0.061	-0.018	0.304	0.558	"4"
"似"	2	0	0	0	0.664	0.26	0.083	0.993	0.958	-0.121	-0.037	-0.596	1.712	"1"
"体会"	0	0	0	1	0.332	0.13	0.042	0.496	-0.175	-0.061	-0.018	0.304	0.558	"4"
"体现"	3	0	0	0	0.996	0.39	0.125	1.489	1.436	-0.182	-0.055	-0.894	2.567	"1"
"体魄"	0	0	0	1	0.332	0.13	0.042	0.496	-0.175	-0.061	-0.018	0.304	0.558	"4"
"佔领"	0	0	0	1	0.332	0.13	0.042	0.496	-0.175	-0.061	-0.018	0.304	0.558	"4"
"何"	1	0	0	1	0.664	0.26	0.083	0.993	0.257	-0.121	-0.037	0.127	0.542	"1"
"佛"	1	0	0	0	0.332	0.13	0.042	0.496	0.479	-0.061	-0.018	-0.298	0.856	"1"
"佛教"	0	0	0	1	0.332	0.13	0.042	0.496	-0.175	-0.061	-0.018	0.304	0.558	"4"
"佛法"	1	0	0	0	0.332	0.13	0.042	0.496	0.479	-0.061	-0.018	-0.298	0.856	"1"
"佛牌"	0	1	0	0	0.332	0.13	0.042	0.496	-0.175	0.886	-0.018	-0.298	1.377	"2"
"作品"	1	0	0	0	0.332	0.13	0.042	0.496	0.479	-0.061	-0.018	-0.298	0.856	"1"
"作者"	1	0	0	1	0.664	0.26	0.083	0.993	0.257	-0.121	-0.037	0.127	0.542	"1"
"佳节"	0	0	0	1	0.332	0.13	0.042	0.496	-0.175	-0.061	-0.018	0.304	0.558	"4"
"使命感"	1	0	0	0	0.332	0.13	0.042	0.496	0.479	-0.061	-0.018	-0.298	0.856	"1"
"侵"	0	0	0	1	0.332	0.13	0.042	0.496	-0.175	-0.061	-0.018	0.304	0.558	"4"
"保存"	0	0	0	1	0.332	0.13	0.042	0.496	-0.175	-0.061	-0.018	0.304	0.558	"4"
"信息"	5	0	0	0	1.66	0.65	0.208	2.482	2.394	-0.303	-0.092	-1.489	4.278	"1"
"借着"	0	0	0	1	0.332	0.13	0.042	0.496	-0.175	-0.061	-0.018	0.304	0.558	"4"
"值"	0	0	0	2	0.664	0.26	0.083	0.993	-0.35	-0.121	-0.037	0.608	1.116	"4"
"做好"	0	0	0	1	0.332	0.13	0.042	0.496	-0.175	-0.061	-0.018	0.304	0.558	"4"
"停下"	1	0	0	0	0.332	0.13	0.042	0.496	0.479	-0.061	-0.018	-0.298	0.856	"1"
"催生"	1	0	0	0	0.332	0.13	0.042	0.496	0.479	-0.061	-0.018	-0.298	0.856	"1"
"元首"	1	0	0	0	0.332	0.13	0.042	0.496	0.479	-0.061	-0.018	-0.298	0.856	"1"
"充斥"	0	0	0	1	0.332	0.13	0.042	0.496	-0.175	-0.061	-0.018	0.304	0.558	"4"
"充满"	1	0	0	1	0.664	0.26	0.083	0.993	0.257	-0.121	-0.037	0.127	0.542	"1"
"先进"	2	0	0	0	0.664	0.26	0.083	0.993	0.958	-0.121	-0.037	-0.596	1.712	"1"
"克林顿"	0	0	0	2	0.664	0.26	0.083	0.993	-0.35	-0.121	-0.037	0.608	1.116	"4"
"全倒焰"	0	1	0	0	0.332	0.13	0.042	0.496	-0.175	0.886	-0.018	-0.298	1.377	"2"
"全新"	1	0	0	1	0.664	0.26	0.083	0.993	0.257	-0.121	-0.037	0.127	0.542	"1"
"全民"	0	0	0	3	0.996	0.39	0.125	1.489	-0.526	-0.182	-0.055	0.913	1.676	"4"
"全球化"	5	0	0	0	1.66	0.65	0.208	2.482	2.394	-0.303	-0.092	-1.489	4.278	"1"
"全盘"	1	0	0	0	0.332	0.13	0.042	0.496	0.479	-0.061	-0.018	-0.298	0.856	"1"
"全盛"	0	0	0	1	0.332	0.13	0.042	0.496	-0.175	-0.061	-0.018	0.304	0.558	"4"
"八五"	0	0	0	1	0.332	0.13	0.042	0.496	-0.175	-0.061	-0.018	0.304	0.558	"4"
"八仙洞"	0	1	0	0	0.332	0.13	0.042	0.496	-0.175	0.886	-0.018	-0.298	1.377	"2"
"八十"	0	0	0	1	0.332	0.13	0.042	0.496	-0.175	-0.061	-0.018	0.304	0.558	"4"
"公元"	0	4	0	0	1.328	0.52	0.166	1.985	-0.701	3.543	-0.074	-1.191	5.509	"2"
"公园局"	1	0	0	0	0.332	0.13	0.042	0.496	0.479	-0.061	-0.018	-0.298	0.856	"1"
"共产党"	0	0	0	1	0.332	0.13	0.042	0.496	-0.175	-0.061	-0.018	0.304	0.558	"4"
"共军"	0	0	0	1	0.332	0.13	0.042	0.496	-0.175	-0.061	-0.018	0.304	0.558	"4"
"关"	0	0	0	1	0.332	0.13	0.042	0.496	-0.175	-0.061	-0.018	0.304	0.558	"4"
"关系"	2	0	0	0	0.664	0.26	0.083	0.993	0.958	-0.121	-0.037	-0.596	1.712	"1"
"关贸总协"	0	0	0	1	0.332	0.13	0.042	0.496	-0.175	-0.061	-0.018	0.304	0.558	"4"
"关键"	4	0	0	0	1.328	0.52	0.166	1.985	1.915	-0.242	-0.074	-1.191	3.422	"1"
"兴盛"	0	0	0	1	0.332	0.13	0.042	0.496	-0.175	-0.061	-0.018	0.304	0.558	"4"
"兴衰"	0	0	0	1	0.332	0.13	0.042	0.496	-0.175	-0.061	-0.018	0.304	0.558	"4"
"兵团"	1	0	0	0	0.332	0.13	0.042	0.496	0.479	-0.061	-0.018	-0.298	0.856	"1"
"其"	0	1	0	1	0.664	0.26	0.083	0.993	-0.35	0.614	-0.037	0.127	1.128	"2"
"具有"	2	0	0	0	0.664	0.26	0.083	0.993	0.958	-0.121	-0.037	-0.596	1.712	"1"
"冀"	0	0	0	1	0.332	0.13	0.042	0.496	-0.175	-0.061	-0.018	0.304	0.558	"4"
"内"	0	2	0	4	1.992	0.78	0.249	2.978	-1.051	0.75	-0.111	0.473	2.385	"1"
"内容"	1	0	0	0	0.332	0.13	0.042	0.496	0.479	-0.061	-0.018	-0.298	0.856	"1"
"内涵"	1	0	0	0	0.332	0.13	0.042	0.496	0.479	-0.061	-0.018	-0.298	0.856	"1"
"冈萨雷斯"	0	0	0	1	0.332	0.13	0.042	0.496	-0.175	-0.061	-0.018	0.304	0.558	"4"
"写出"	0	0	1	0	0.332	0.13	0.042	0.496	-0.175	-0.061	1.381	-0.298	1.915	"3"
"军政府"	0	0	0	1	0.332	0.13	0.042	0.496	-0.175	-0.061	-0.018	0.304	0.558	"4"
"军队"	0	0	0	1	0.332	0.13	0.042	0.496	-0.175	-0.061	-0.018	0.304	0.558	"4"
"农忙"	0	1	0	0	0.332	0.13	0.042	0.496	-0.175	0.886	-0.018	-0.298	1.377	"2"
"冰山一角"	0	0	0	1	0.332	0.13	0.042	0.496	-0.175	-0.061	-0.018	0.304	0.558	"4"
"冷战"	0	0	0	3	0.996	0.39	0.125	1.489	-0.526	-0.182	-0.055	0.913	1.676	"4"
"凄凉"	0	0	0	1	0.332	0.13	0.042	0.496	-0.175	-0.061	-0.018	0.304	0.558	"4"
"减损"	0	0	0	1	0.332	0.13	0.042	0.496	-0.175	-0.061	-0.018	0.304	0.558	"4"
"几年"	0	0	0	1	0.332	0.13	0.042	0.496	-0.175	-0.061	-0.018	0.304	0.558	"4"
"出人头地"	0	0	0	1	0.332	0.13	0.042	0.496	-0.175	-0.061	-0.018	0.304	0.558	"4"
"出土"	0	1	0	0	0.332	0.13	0.042	0.496	-0.175	0.886	-0.018	-0.298	1.377	"2"
"出土文"	0	1	0	0	0.332	0.13	0.042	0.496	-0.175	0.886	-0.018	-0.298	1.377	"2"
"出家人"	0	0	0	1	0.332	0.13	0.042	0.496	-0.175	-0.061	-0.018	0.304	0.558	"4"
"出川"	0	0	0	1	0.332	0.13	0.042	0.496	-0.175	-0.061	-0.018	0.304	0.558	"4"
"出版"	0	0	1	0	0.332	0.13	0.042	0.496	-0.175	-0.061	1.381	-0.298	1.915	"3"
"刊"	1	0	0	0	0.332	0.13	0.042	0.496	0.479	-0.061	-0.018	-0.298	0.856	"1"
"刊物"	0	0	1	0	0.332	0.13	0.042	0.496	-0.175	-0.061	1.381	-0.298	1.915	"3"
"划"	1	0	0	1	0.664	0.26	0.083	0.993	0.257	-0.121	-0.037	0.127	0.542	"1"
"列队"	0	0	0	1	0.332	0.13	0.042	0.496	-0.175	-0.061	-0.018	0.304	0.558	"4"
"刘谨"	0	1	0	0	0.332	0.13	0.042	0.496	-0.175	0.886	-0.018	-0.298	1.377	"2"
"创业"	0	0	0	1	0.332	0.13	0.042	0.496	-0.175	-0.061	-0.018	0.304	0.558	"4"
"创作"	1	0	0	0	0.332	0.13	0.042	0.496	0.479	-0.061	-0.018	-0.298	0.856	"1"
"创氏"	0	0	0	1	0.332	0.13	0.042	0.496	-0.175	-0.061	-0.018	0.304	0.558	"4"
"创立"	1	0	0	0	0.332	0.13	0.042	0.496	0.479	-0.061	-0.018	-0.298	0.856	"1"
"创造"	1	0	0	0	0.332	0.13	0.042	0.496	0.479	-0.061	-0.018	-0.298	0.856	"1"
"初"	0	0	0	1	0.332	0.13	0.042	0.496	-0.175	-0.061	-0.018	0.304	0.558	"4"
"初期"	0	0	0	1	0.332	0.13	0.042	0.496	-0.175	-0.061	-0.018	0.304	0.558	"4"
"到来"	1	0	0	0	0.332	0.13	0.042	0.496	0.479	-0.061	-0.018	-0.298	0.856	"1"
"前"	0	0	0	3	0.996	0.39	0.125	1.489	-0.526	-0.182	-0.055	0.913	1.676	"4"
"前进"	4	0	0	0	1.328	0.52	0.166	1.985	1.915	-0.242	-0.074	-1.191	3.422	"1"
"前面"	1	0	0	0	0.332	0.13	0.042	0.496	0.479	-0.061	-0.018	-0.298	0.856	"1"
"剧场"	0	0	0	1	0.332	0.13	0.042	0.496	-0.175	-0.061	-0.018	0.304	0.558	"4"
"副热带"	0	0	0	1	0.332	0.13	0.042	0.496	-0.175	-0.061	-0.018	0.304	0.558	"4"
"加币"	0	0	0	2	0.664	0.26	0.083	0.993	-0.35	-0.121	-0.037	0.608	1.116	"4"
"动荡"	0	0	0	1	0.332	0.13	0.042	0.496	-0.175	-0.061	-0.018	0.304	0.558	"4"
"助跑"	1	0	0	0	0.332	0.13	0.042	0.496	0.479	-0.061	-0.018	-0.298	0.856	"1"
"努"	0	0	0	1	0.332	0.13	0.042	0.496	-0.175	-0.061	-0.018	0.304	0.558	"4"
"劳模"	0	0	0	2	0.664	0.26	0.083	0.993	-0.35	-0.121	-0.037	0.608	1.116	"4"
"包拯"	0	1	0	0	0.332	0.13	0.042	0.496	-0.175	0.886	-0.018	-0.298	1.377	"2"
"化"	4	0	0	0	1.328	0.52	0.166	1.985	1.915	-0.242	-0.074	-1.191	3.422	"1"
"北宋"	0	2	0	1	0.996	0.39	0.125	1.489	-0.526	1.334	-0.055	-0.296	2.211	"2"
"北方"	0	1	0	0	0.332	0.13	0.042	0.496	-0.175	0.886	-0.018	-0.298	1.377	"2"
"区分"	1	0	0	0	0.332	0.13	0.042	0.496	0.479	-0.061	-0.018	-0.298	0.856	"1"
"十三时"	0	0	0	1	0.332	0.13	0.042	0.496	-0.175	-0.061	-0.018	0.304	0.558	"4"
"十五"	2	0	0	0	0.664	0.26	0.083	0.993	0.958	-0.121	-0.037	-0.596	1.712	"1"
"十五大"	1	0	0	0	0.332	0.13	0.042	0.496	0.479	-0.061	-0.018	-0.298	0.856	"1"
"十四时"	0	0	0	1	0.332	0.13	0.042	0.496	-0.175	-0.061	-0.018	0.304	0.558	"4"
"十年代"	0	0	0	1	0.332	0.13	0.042	0.496	-0.175	-0.061	-0.018	0.304	0.558	"4"
"华文"	1	0	0	0	0.332	0.13	0.042	0.496	0.479	-0.061	-0.018	-0.298	0.856	"1"
"华纳"	0	0	0	9	2.988	1.171	0.374	4.467	-1.577	-0.545	-0.166	2.738	5.026	"4"
"单晶片"	0	0	0	1	0.332	0.13	0.042	0.496	-0.175	-0.061	-0.018	0.304	0.558	"4"
"单边"	1	0	0	0	0.332	0.13	0.042	0.496	0.479	-0.061	-0.018	-0.298	0.856	"1"
"南京东路"	0	0	0	1	0.332	0.13	0.042	0.496	-0.175	-0.061	-0.018	0.304	0.558	"4"
"南辕北辙"	0	0	0	1	0.332	0.13	0.042	0.496	-0.175	-0.061	-0.018	0.304	0.558	"4"
"南阳"	0	1	0	0	0.332	0.13	0.042	0.496	-0.175	0.886	-0.018	-0.298	1.377	"2"
"占领"	0	0	0	1	0.332	0.13	0.042	0.496	-0.175	-0.061	-0.018	0.304	0.558	"4"
"卡尼"	0	0	0	1	0.332	0.13	0.042	0.496	-0.175	-0.061	-0.018	0.304	0.558	"4"
"卡特"	1	0	0	0	0.332	0.13	0.042	0.496	0.479	-0.061	-0.018	-0.298	0.856	"1"
"危机"	0	0	0	1	0.332	0.13	0.042	0.496	-0.175	-0.061	-0.018	0.304	0.558	"4"
"历"	1	0	0	0	0.332	0.13	0.042	0.496	0.479	-0.061	-0.018	-0.298	0.856	"1"
"历任"	0	0	0	1	0.332	0.13	0.042	0.496	-0.175	-0.061	-0.018	0.304	0.558	"4"
"历史"	10	1	0	5	5.312	2.081	0.665	7.941	1.81	-0.438	-0.295	-0.957	3.5	"1"
"历程"	0	0	0	1	0.332	0.13	0.042	0.496	-0.175	-0.061	-0.018	0.304	0.558	"4"
"厚望"	1	0	0	0	0.332	0.13	0.042	0.496	0.479	-0.061	-0.018	-0.298	0.856	"1"
"去年"	0	1	0	2	0.996	0.39	0.125	1.489	-0.526	0.466	-0.055	0.306	1.353	"1"
"参事"	2	0	0	0	0.664	0.26	0.083	0.993	0.958	-0.121	-0.037	-0.596	1.712	"1"
"友协"	0	0	1	0	0.332	0.13	0.042	0.496	-0.175	-0.061	1.381	-0.298	1.915	"3"
"双证"	0	0	1	0	0.332	0.13	0.042	0.496	-0.175	-0.061	1.381	-0.298	1.915	"3"
"反映"	1	0	0	1	0.664	0.26	0.083	0.993	0.257	-0.121	-0.037	0.127	0.542	"1"
"反映出"	1	0	0	0	0.332	0.13	0.042	0.496	0.479	-0.061	-0.018	-0.298	0.856	"1"
"发展"	26	2	0	10	12.617	4.943	1.579	18.861	5.015	-0.949	-0.701	-2.534	9.199	"1"
"发掘"	0	1	0	0	0.332	0.13	0.042	0.496	-0.175	0.886	-0.018	-0.298	1.377	"2"
"发现"	0	5	0	0	1.66	0.65	0.208	2.482	-0.876	4.429	-0.092	-1.489	6.886	"2"
"发育"	1	0	0	0	0.332	0.13	0.042	0.496	0.479	-0.061	-0.018	-0.298	0.856	"1"
"发行量"	0	0	1	0	0.332	0.13	0.042	0.496	-0.175	-0.061	1.381	-0.298	1.915	"3"
"发达"	3	0	0	1	1.328	0.52	0.166	1.985	0.959	-0.242	-0.074	-0.498	1.773	"1"
"受害人"	0	0	0	1	0.332	0.13	0.042	0.496	-0.175	-0.061	-0.018	0.304	0.558	"4"
"变"	2	0	0	0	0.664	0.26	0.083	0.993	0.958	-0.121	-0.037	-0.596	1.712	"1"
"变化"	2	0	0	2	1.328	0.52	0.166	1.985	0.392	-0.242	-0.074	0.166	0.874	"1"
"变数"	1	0	0	0	0.332	0.13	0.042	0.496	0.479	-0.061	-0.018	-0.298	0.856	"1"
"变迁"	6	1	0	0	2.324	0.911	0.291	3.474	2.173	0.206	-0.129	-2.085	4.593	"1"
"古"	0	3	0	0	0.996	0.39	0.125	1.489	-0.526	2.657	-0.055	-0.894	4.132	"2"
"古名伸"	0	0	0	1	0.332	0.13	0.042	0.496	-0.175	-0.061	-0.018	0.304	0.558	"4"
"古城"	0	1	0	0	0.332	0.13	0.042	0.496	-0.175	0.886	-0.018	-0.298	1.377	"2"
"古墓"	0	2	0	0	0.664	0.26	0.083	0.993	-0.35	1.772	-0.037	-0.596	2.755	"2"
"台开"	0	0	0	1	0.332	0.13	0.042	0.496	-0.175	-0.061	-0.018	0.304	0.558	"4"
"史"	0	1	0	0	0.332	0.13	0.042	0.496	-0.175	0.886	-0.018	-0.298	1.377	"2"
"史新"	1	0	0	0	0.332	0.13	0.042	0.496	0.479	-0.061	-0.018	-0.298	0.856	"1"
"史诗"	0	0	0	1	0.332	0.13	0.042	0.496	-0.175	-0.061	-0.018	0.304	0.558	"4"
"叶尔勤"	1	0	0	0	0.332	0.13	0.042	0.496	0.479	-0.061	-0.018	-0.298	0.856	"1"
"合乎"	0	0	0	1	0.332	0.13	0.042	0.496	-0.175	-0.061	-0.018	0.304	0.558	"4"
"合併案"	0	0	0	1	0.332	0.13	0.042	0.496	-0.175	-0.061	-0.018	0.304	0.558	"4"
"同"	0	0	0	4	1.328	0.52	0.166	1.985	-0.701	-0.242	-0.074	1.217	2.234	"4"
"同一"	0	0	0	3	0.996	0.39	0.125	1.489	-0.526	-0.182	-0.055	0.913	1.676	"4"
"后"	2	0	0	0	0.664	0.26	0.083	0.993	0.958	-0.121	-0.037	-0.596	1.712	"1"
"后冷战"	3	0	0	0	0.996	0.39	0.125	1.489	1.436	-0.182	-0.055	-0.894	2.567	"1"
"吐"	0	1	0	0	0.332	0.13	0.042	0.496	-0.175	0.886	-0.018	-0.298	1.377	"2"
"呈上"	0	0	0	1	0.332	0.13	0.042	0.496	-0.175	-0.061	-0.018	0.304	0.558	"4"
"呈现"	0	0	0	1	0.332	0.13	0.042	0.496	-0.175	-0.061	-0.018	0.304	0.558	"4"
"周刊"	0	0	3	0	0.996	0.39	0.125	1.489	-0.526	-0.182	4.144	-0.894	5.746	"3"
"周期"	0	0	0	1	0.332	0.13	0.042	0.496	-0.175	-0.061	-0.018	0.304	0.558	"4"
"咄咄逼人"	0	0	0	1	0.332	0.13	0.042	0.496	-0.175	-0.061	-0.018	0.304	0.558	"4"
"和平"	0	0	0	5	1.66	0.65	0.208	2.482	-0.876	-0.303	-0.092	1.521	2.792	"4"
"和解"	0	0	0	1	0.332	0.13	0.042	0.496	-0.175	-0.061	-0.018	0.304	0.558	"4"
"咏石诗"	0	0	0	1	0.332	0.13	0.042	0.496	-0.175	-0.061	-0.018	0.304	0.558	"4"
"哀悼"	0	0	0	1	0.332	0.13	0.042	0.496	-0.175	-0.061	-0.018	0.304	0.558	"4"
"品种"	0	0	0	1	0.332	0.13	0.042	0.496	-0.175	-0.061	-0.018	0.304	0.558	"4"
"响应"	0	0	0	1	0.332	0.13	0.042	0.496	-0.175	-0.061	-0.018	0.304	0.558	"4"
"哪"	0	0	0	1	0.332	0.13	0.042	0.496	-0.175	-0.061	-0.018	0.304	0.558	"4"
"唐代"	0	1	0	0	0.332	0.13	0.042	0.496	-0.175	0.886	-0.018	-0.298	1.377	"2"
"唐唐"	0	0	0	1	0.332	0.13	0.042	0.496	-0.175	-0.061	-0.018	0.304	0.558	"4"
"售票"	0	0	0	1	0.332	0.13	0.042	0.496	-0.175	-0.061	-0.018	0.304	0.558	"4"
"唱到"	0	0	0	1	0.332	0.13	0.042	0.496	-0.175	-0.061	-0.018	0.304	0.558	"4"
"商"	0	1	0	0	0.332	0.13	0.042	0.496	-0.175	0.886	-0.018	-0.298	1.377	"2"
"喜"	0	0	0	1	0.332	0.13	0.042	0.496	-0.175	-0.061	-0.018	0.304	0.558	"4"
"喜好"	0	0	0	1	0.332	0.13	0.042	0.496	-0.175	-0.061	-0.018	0.304	0.558	"4"
"喷射"	0	0	0	1	0.332	0.13	0.042	0.496	-0.175	-0.061	-0.018	0.304	0.558	"4"
"囊括"	0	1	0	0	0.332	0.13	0.042	0.496	-0.175	0.886	-0.018	-0.298	1.377	"2"
"四合院"	0	1	0	1	0.664	0.26	0.083	0.993	-0.35	0.614	-0.037	0.127	1.128	"2"
"四年"	0	0	0	1	0.332	0.13	0.042	0.496	-0.175	-0.061	-0.018	0.304	0.558	"4"
"回到"	0	0	0	1	0.332	0.13	0.042	0.496	-0.175	-0.061	-0.018	0.304	0.558	"4"
"因于"	0	0	0	1	0.332	0.13	0.042	0.496	-0.175	-0.061	-0.018	0.304	0.558	"4"
"因应"	2	0	0	1	0.996	0.39	0.125	1.489	0.589	-0.182	-0.055	-0.296	1.122	"1"
"因特网"	1	0	0	0	0.332	0.13	0.042	0.496	0.479	-0.061	-0.018	-0.298	0.856	"1"
"因而"	0	0	0	1	0.332	0.13	0.042	0.496	-0.175	-0.061	-0.018	0.304	0.558	"4"
"困难"	0	0	0	3	0.996	0.39	0.125	1.489	-0.526	-0.182	-0.055	0.913	1.676	"4"
"围堵"	0	0	0	1	0.332	0.13	0.042	0.496	-0.175	-0.061	-0.018	0.304	0.558	"4"
"国君"	0	1	0	0	0.332	0.13	0.042	0.496	-0.175	0.886	-0.018	-0.298	1.377	"2"
"国情"	1	0	0	0	0.332	0.13	0.042	0.496	0.479	-0.061	-0.018	-0.298	0.856	"1"
"国民党"	0	0	0	3	0.996	0.39	0.125	1.489	-0.526	-0.182	-0.055	0.913	1.676	"4"
"国民性"	0	0	0	1	0.332	0.13	0.042	0.496	-0.175	-0.061	-0.018	0.304	0.558	"4"
"国泰民安"	1	0	0	0	0.332	0.13	0.042	0.496	0.479	-0.061	-0.018	-0.298	0.856	"1"
"图像"	0	0	0	2	0.664	0.26	0.083	0.993	-0.35	-0.121	-0.037	0.608	1.116	"4"
"圆"	1	0	0	0	0.332	0.13	0.042	0.496	0.479	-0.061	-0.018	-0.298	0.856	"1"
"土地"	1	0	0	2	0.996	0.39	0.125	1.489	0.154	-0.182	-0.055	0.306	0.697	"4"
"圣诞"	0	0	0	1	0.332	0.13	0.042	0.496	-0.175	-0.061	-0.018	0.304	0.558	"4"
"在任"	0	0	0	1	0.332	0.13	0.042	0.496	-0.175	-0.061	-0.018	0.304	0.558	"4"
"在线"	0	0	0	1	0.332	0.13	0.042	0.496	-0.175	-0.061	-0.018	0.304	0.558	"4"
"地域"	1	0	0	0	0.332	0.13	0.042	0.496	0.479	-0.061	-0.018	-0.298	0.856	"1"
"地球"	0	0	0	2	0.664	0.26	0.083	0.993	-0.35	-0.121	-0.037	0.608	1.116	"4"
"均"	0	1	0	0	0.332	0.13	0.042	0.496	-0.175	0.886	-0.018	-0.298	1.377	"2"
"坏"	1	0	0	2	0.996	0.39	0.125	1.489	0.154	-0.182	-0.055	0.306	0.697	"4"
"埋藏"	0	1	0	0	0.332	0.13	0.042	0.496	-0.175	0.886	-0.018	-0.298	1.377	"2"
"基因"	2	0	0	0	0.664	0.26	0.083	0.993	0.958	-0.121	-0.037	-0.596	1.712	"1"
"塑造"	0	0	0	1	0.332	0.13	0.042	0.496	-0.175	-0.061	-0.018	0.304	0.558	"4"
"境遇"	0	1	0	0	0.332	0.13	0.042	0.496	-0.175	0.886	-0.018	-0.298	1.377	"2"
"墓"	0	1	0	0	0.332	0.13	0.042	0.496	-0.175	0.886	-0.018	-0.298	1.377	"2"
"墓葬"	0	4	0	0	1.328	0.52	0.166	1.985	-0.701	3.543	-0.074	-1.191	5.509	"2"
"增加"	0	0	0	3	0.996	0.39	0.125	1.489	-0.526	-0.182	-0.055	0.913	1.676	"4"
"增长"	1	0	0	2	0.996	0.39	0.125	1.489	0.154	-0.182	-0.055	0.306	0.697	"4"
"处"	1	0	0	0	0.332	0.13	0.042	0.496	0.479	-0.061	-0.018	-0.298	0.856	"1"
"处于"	0	0	0	3	0.996	0.39	0.125	1.489	-0.526	-0.182	-0.055	0.913	1.676	"4"
"处在"	2	0	0	0	0.664	0.26	0.083	0.993	0.958	-0.121	-0.037	-0.596	1.712	"1"
"复兴"	1	0	0	0	0.332	0.13	0.042	0.496	0.479	-0.061	-0.018	-0.298	0.856	"1"
"夏"	0	2	0	0	0.664	0.26	0.083	0.993	-0.35	1.772	-0.037	-0.596	2.755	"2"
"夏商周"	0	1	0	0	0.332	0.13	0.042	0.496	-0.175	0.886	-0.018	-0.298	1.377	"2"
"夏收"	0	1	0	0	0.332	0.13	0.042	0.496	-0.175	0.886	-0.018	-0.298	1.377	"2"
"多媒体"	1	0	0	0	0.332	0.13	0.042	0.496	0.479	-0.061	-0.018	-0.298	0.856	"1"
"大刀阔斧"	1	0	0	0	0.332	0.13	0.042	0.496	0.479	-0.061	-0.018	-0.298	0.856	"1"
"大后方"	0	0	0	1	0.332	0.13	0.042	0.496	-0.175	-0.061	-0.018	0.304	0.558	"4"
"大哥大"	0	0	0	1	0.332	0.13	0.042	0.496	-0.175	-0.061	-0.018	0.304	0.558	"4"
"大学"	0	0	0	1	0.332	0.13	0.042	0.496	-0.175	-0.061	-0.018	0.304	0.558	"4"
"大学生"	0	0	0	1	0.332	0.13	0.042	0.496	-0.175	-0.061	-0.018	0.304	0.558	"4"
"大家"	0	0	0	2	0.664	0.26	0.083	0.993	-0.35	-0.121	-0.037	0.608	1.116	"4"
"大约"	0	1	0	0	0.332	0.13	0.042	0.496	-0.175	0.886	-0.018	-0.298	1.377	"2"
"大脑"	1	0	0	0	0.332	0.13	0.042	0.496	0.479	-0.061	-0.018	-0.298	0.856	"1"
"天子"	0	1	0	0	0.332	0.13	0.042	0.496	-0.175	0.886	-0.018	-0.298	1.377	"2"
"太郎"	0	0	0	1	0.332	0.13	0.042	0.496	-0.175	-0.061	-0.018	0.304	0.558	"4"
"太阳船"	0	1	0	0	0.332	0.13	0.042	0.496	-0.175	0.886	-0.018	-0.298	1.377	"2"
"夹杂"	0	0	0	1	0.332	0.13	0.042	0.496	-0.175	-0.061	-0.018	0.304	0.558	"4"
"奥中"	0	0	1	0	0.332	0.13	0.042	0.496	-0.175	-0.061	1.381	-0.298	1.915	"3"
"奴婢"	0	0	0	1	0.332	0.13	0.042	0.496	-0.175	-0.061	-0.018	0.304	0.558	"4"
"好过"	0	0	0	1	0.332	0.13	0.042	0.496	-0.175	-0.061	-0.018	0.304	0.558	"4"
"如今"	1	0	0	1	0.664	0.26	0.083	0.993	0.257	-0.121	-0.037	0.127	0.542	"1"
"如同"	0	0	0	1	0.332	0.13	0.042	0.496	-0.175	-0.061	-0.018	0.304	0.558	"4"
"始"	0	0	0	2	0.664	0.26	0.083	0.993	-0.35	-0.121	-0.037	0.608	1.116	"4"
"姓"	0	0	0	1	0.332	0.13	0.042	0.496	-0.175	-0.061	-0.018	0.304	0.558	"4"
"子网路"	1	0	0	0	0.332	0.13	0.042	0.496	0.479	-0.061	-0.018	-0.298	0.856	"1"
"孔子"	0	2	0	0	0.664	0.26	0.083	0.993	-0.35	1.772	-0.037	-0.596	2.755	"2"
"字"	1	0	0	0	0.332	0.13	0.042	0.496	0.479	-0.061	-0.018	-0.298	0.856	"1"
"存亡"	1	0	0	0	0.332	0.13	0.042	0.496	0.479	-0.061	-0.018	-0.298	0.856	"1"
"孤本"	0	1	0	0	0.332	0.13	0.042	0.496	-0.175	0.886	-0.018	-0.298	1.377	"2"
"学术界"	1	0	0	0	0.332	0.13	0.042	0.496	0.479	-0.061	-0.018	-0.298	0.856	"1"
"学生"	1	0	0	2	0.996	0.39	0.125	1.489	0.154	-0.182	-0.055	0.306	0.697	"4"
"学生色魔"	0	0	0	1	0.332	0.13	0.042	0.496	-0.175	-0.061	-0.018	0.304	0.558	"4"
"孩子"	0	0	0	1	0.332	0.13	0.042	0.496	-0.175	-0.061	-0.018	0.304	0.558	"4"
"安保"	0	0	0	1	0.332	0.13	0.042	0.496	-0.175	-0.061	-0.018	0.304	0.558	"4"
"安逸"	1	0	0	0	0.332	0.13	0.042	0.496	0.479	-0.061	-0.018	-0.298	0.856	"1"
"宋"	0	1	0	0	0.332	0.13	0.042	0.496	-0.175	0.886	-0.018	-0.298	1.377	"2"
"宋代"	0	1	0	0	0.332	0.13	0.042	0.496	-0.175	0.886	-0.018	-0.298	1.377	"2"
"宋金"	0	1	0	0	0.332	0.13	0.042	0.496	-0.175	0.886	-0.018	-0.298	1.377	"2"
"完善"	1	0	0	0	0.332	0.13	0.042	0.496	0.479	-0.061	-0.018	-0.298	0.856	"1"
"宛"	0	1	0	0	0.332	0.13	0.042	0.496	-0.175	0.886	-0.018	-0.298	1.377	"2"
"实践"	2	0	0	0	0.664	0.26	0.083	0.993	0.958	-0.121	-0.037	-0.596	1.712	"1"
"审判"	0	0	0	1	0.332	0.13	0.042	0.496	-0.175	-0.061	-0.018	0.304	0.558	"4"
"客家"	1	0	0	0	0.332	0.13	0.042	0.496	0.479	-0.061	-0.018	-0.298	0.856	"1"
"宣德"	0	1	0	0	0.332	0.13	0.042	0.496	-0.175	0.886	-0.018	-0.298	1.377	"2"
"富于"	1	0	0	0	0.332	0.13	0.042	0.496	0.479	-0.061	-0.018	-0.298	0.856	"1"
"富有"	0	0	0	1	0.332	0.13	0.042	0.496	-0.175	-0.061	-0.018	0.304	0.558	"4"
"富足"	0	0	0	1	0.332	0.13	0.042	0.496	-0.175	-0.061	-0.018	0.304	0.558	"4"
"对峙"	0	0	0	1	0.332	0.13	0.042	0.496	-0.175	-0.061	-0.018	0.304	0.558	"4"
"对应"	0	0	0	1	0.332	0.13	0.042	0.496	-0.175	-0.061	-0.018	0.304	0.558	"4"
"封建"	0	0	0	3	0.996	0.39	0.125	1.489	-0.526	-0.182	-0.055	0.913	1.676	"4"
"封杀"	0	0	0	1	0.332	0.13	0.042	0.496	-0.175	-0.061	-0.018	0.304	0.558	"4"
"小儿"	0	0	0	1	0.332	0.13	0.042	0.496	-0.175	-0.061	-0.018	0.304	0.558	"4"
"小邾国"	0	2	0	0	0.664	0.26	0.083	0.993	-0.35	1.772	-0.037	-0.596	2.755	"2"
"展出"	0	0	0	2	0.664	0.26	0.083	0.993	-0.35	-0.121	-0.037	0.608	1.116	"4"
"展开"	1	0	0	0	0.332	0.13	0.042	0.496	0.479	-0.061	-0.018	-0.298	0.856	"1"
"展现"	1	0	0	1	0.664	0.26	0.083	0.993	0.257	-0.121	-0.037	0.127	0.542	"1"
"展览"	0	0	0	2	0.664	0.26	0.083	0.993	-0.35	-0.121	-0.037	0.608	1.116	"4"
"属于"	0	0	0	1	0.332	0.13	0.042	0.496	-0.175	-0.061	-0.018	0.304	0.558	"4"
"山东省"	0	1	0	0	0.332	0.13	0.042	0.496	-0.175	0.886	-0.018	-0.298	1.377	"2"
"崇高"	1	0	0	0	0.332	0.13	0.042	0.496	0.479	-0.061	-0.018	-0.298	0.856	"1"
"崭新"	2	0	0	0	0.664	0.26	0.083	0.993	0.958	-0.121	-0.037	-0.596	1.712	"1"
"川西"	0	0	0	1	0.332	0.13	0.042	0.496	-0.175	-0.061	-0.018	0.304	0.558	"4"
"工业化"	1	0	0	0	0.332	0.13	0.042	0.496	0.479	-0.061	-0.018	-0.298	0.856	"1"
"工作"	8	0	0	4	3.984	1.561	0.499	5.956	1.738	-0.726	-0.221	-0.697	3.382	"1"
"工作者"	0	1	0	0	0.332	0.13	0.042	0.496	-0.175	0.886	-0.018	-0.298	1.377	"2"
"工艺品"	0	0	0	1	0.332	0.13	0.042	0.496	-0.175	-0.061	-0.018	0.304	0.558	"4"
"巨擘"	0	0	0	1	0.332	0.13	0.042	0.496	-0.175	-0.061	-0.018	0.304	0.558	"4"
"巨轮"	1	0	0	0	0.332	0.13	0.042	0.496	0.479	-0.061	-0.018	-0.298	0.856	"1"
"已经"	2	0	0	8	3.32	1.301	0.416	4.963	-0.52	-0.605	-0.184	1.283	2.592	"4"
"巴洛克"	0	2	0	0	0.664	0.26	0.083	0.993	-0.35	1.772	-0.037	-0.596	2.755	"2"
"巴赫"	0	1	0	0	0.332	0.13	0.042	0.496	-0.175	0.886	-0.018	-0.298	1.377	"2"
"布希"	1	0	2	2	1.66	0.65	0.208	2.482	-0.334	-0.303	1.799	-0.295	2.731	"3"
"带入"	1	0	0	0	0.332	0.13	0.042	0.496	0.479	-0.061	-0.018	-0.298	0.856	"1"
"干"	0	0	0	1	0.332	0.13	0.042	0.496	-0.175	-0.061	-0.018	0.304	0.558	"4"
"平凡"	0	0	0	1	0.332	0.13	0.042	0.496	-0.175	-0.061	-0.018	0.304	0.558	"4"
"年久失修"	0	0	0	1	0.332	0.13	0.042	0.496	-0.175	-0.061	-0.018	0.304	0.558	"4"
"年前"	0	0	0	1	0.332	0.13	0.042	0.496	-0.175	-0.061	-0.018	0.304	0.558	"4"
"年轻人"	0	0	0	1	0.332	0.13	0.042	0.496	-0.175	-0.061	-0.018	0.304	0.558	"4"
"年青人"	1	0	0	0	0.332	0.13	0.042	0.496	0.479	-0.061	-0.018	-0.298	0.856	"1"
"并"	1	0	0	0	0.332	0.13	0.042	0.496	0.479	-0.061	-0.018	-0.298	0.856	"1"
"并合"	0	0	0	1	0.332	0.13	0.042	0.496	-0.175	-0.061	-0.018	0.304	0.558	"4"
"幼年"	0	0	0	1	0.332	0.13	0.042	0.496	-0.175	-0.061	-0.018	0.304	0.558	"4"
"广场"	0	0	0	7	2.324	0.911	0.291	3.474	-1.227	-0.424	-0.129	2.13	3.91	"4"
"应付"	2	0	0	0	0.664	0.26	0.083	0.993	0.958	-0.121	-0.037	-0.596	1.712	"1"
"应该"	1	0	0	0	0.332	0.13	0.042	0.496	0.479	-0.061	-0.018	-0.298	0.856	"1"
"度过"	0	0	0	2	0.664	0.26	0.083	0.993	-0.35	-0.121	-0.037	0.608	1.116	"4"
"座"	0	4	0	2	1.992	0.78	0.249	2.978	-1.051	2.462	-0.111	-0.455	4.079	"2"
"庶民"	0	0	0	1	0.332	0.13	0.042	0.496	-0.175	-0.061	-0.018	0.304	0.558	"4"
"康干"	0	1	0	0	0.332	0.13	0.042	0.496	-0.175	0.886	-0.018	-0.298	1.377	"2"
"廊"	0	0	0	1	0.332	0.13	0.042	0.496	-0.175	-0.061	-0.018	0.304	0.558	"4"
"延期"	0	0	0	1	0.332	0.13	0.042	0.496	-0.175	-0.061	-0.018	0.304	0.558	"4"
"延续到"	0	1	0	0	0.332	0.13	0.042	0.496	-0.175	0.886	-0.018	-0.298	1.377	"2"
"建"	0	1	0	0	0.332	0.13	0.042	0.496	-0.175	0.886	-0.018	-0.298	1.377	"2"
"建物群"	0	0	0	1	0.332	0.13	0.042	0.496	-0.175	-0.061	-0.018	0.304	0.558	"4"
"建立起"	0	0	0	1	0.332	0.13	0.042	0.496	-0.175	-0.061	-0.018	0.304	0.558	"4"
"建筑"	0	3	0	0	0.996	0.39	0.125	1.489	-0.526	2.657	-0.055	-0.894	4.132	"2"
"建筑物"	0	0	0	2	0.664	0.26	0.083	0.993	-0.35	-0.121	-0.037	0.608	1.116	"4"
"建筑风"	0	1	0	0	0.332	0.13	0.042	0.496	-0.175	0.886	-0.018	-0.298	1.377	"2"
"建议"	0	0	0	1	0.332	0.13	0.042	0.496	-0.175	-0.061	-0.018	0.304	0.558	"4"
"建设"	1	0	0	0	0.332	0.13	0.042	0.496	0.479	-0.061	-0.018	-0.298	0.856	"1"
"开元"	0	1	0	0	0.332	0.13	0.042	0.496	-0.175	0.886	-0.018	-0.298	1.377	"2"
"开创"	3	0	0	0	0.996	0.39	0.125	1.489	1.436	-0.182	-0.055	-0.894	2.567	"1"
"开创者"	0	0	0	1	0.332	0.13	0.042	0.496	-0.175	-0.061	-0.018	0.304	0.558	"4"
"开发工"	1	0	0	0	0.332	0.13	0.042	0.496	0.479	-0.061	-0.018	-0.298	0.856	"1"
"开启"	2	0	0	1	0.996	0.39	0.125	1.489	0.589	-0.182	-0.055	-0.296	1.122	"1"
"开放"	2	0	0	0	0.664	0.26	0.083	0.993	0.958	-0.121	-0.037	-0.596	1.712	"1"
"开火"	0	0	0	1	0.332	0.13	0.042	0.496	-0.175	-0.061	-0.018	0.304	0.558	"4"
"开端"	1	0	0	0	0.332	0.13	0.042	0.496	0.479	-0.061	-0.018	-0.298	0.856	"1"
"开辟"	1	0	0	0	0.332	0.13	0.042	0.496	0.479	-0.061	-0.018	-0.298	0.856	"1"
"弄得"	1	0	0	0	0.332	0.13	0.042	0.496	0.479	-0.061	-0.018	-0.298	0.856	"1"
"引渡"	0	0	0	1	0.332	0.13	0.042	0.496	-0.175	-0.061	-0.018	0.304	0.558	"4"
"引经据典"	0	0	1	0	0.332	0.13	0.042	0.496	-0.175	-0.061	1.381	-0.298	1.915	"3"
"引领"	1	0	0	0	0.332	0.13	0.042	0.496	0.479	-0.061	-0.018	-0.298	0.856	"1"
"弘扬"	1	0	0	0	0.332	0.13	0.042	0.496	0.479	-0.061	-0.018	-0.298	0.856	"1"
"强势"	1	0	0	0	0.332	0.13	0.042	0.496	0.479	-0.061	-0.018	-0.298	0.856	"1"
"强调"	1	0	0	0	0.332	0.13	0.042	0.496	0.479	-0.061	-0.018	-0.298	0.856	"1"
"当今"	3	0	0	0	0.996	0.39	0.125	1.489	1.436	-0.182	-0.055	-0.894	2.567	"1"
"当代"	1	0	0	1	0.664	0.26	0.083	0.993	0.257	-0.121	-0.037	0.127	0.542	"1"
"当前"	1	0	0	0	0.332	0.13	0.042	0.496	0.479	-0.061	-0.018	-0.298	0.856	"1"
"当家"	0	0	0	1	0.332	0.13	0.042	0.496	-0.175	-0.061	-0.018	0.304	0.558	"4"
"影像展"	0	0	0	1	0.332	0.13	0.042	0.496	-0.175	-0.061	-0.018	0.304	0.558	"4"
"影射"	0	0	0	1	0.332	0.13	0.042	0.496	-0.175	-0.061	-0.018	0.304	0.558	"4"
"影视"	0	0	0	1	0.332	0.13	0.042	0.496	-0.175	-0.061	-0.018	0.304	0.558	"4"
"影院"	0	0	0	1	0.332	0.13	0.042	0.496	-0.175	-0.061	-0.018	0.304	0.558	"4"
"往常"	0	0	0	1	0.332	0.13	0.042	0.496	-0.175	-0.061	-0.018	0.304	0.558	"4"
"往日"	0	0	0	1	0.332	0.13	0.042	0.496	-0.175	-0.061	-0.018	0.304	0.558	"4"
"得多"	0	0	0	1	0.332	0.13	0.042	0.496	-0.175	-0.061	-0.018	0.304	0.558	"4"
"微处理器"	0	0	0	1	0.332	0.13	0.042	0.496	-0.175	-0.061	-0.018	0.304	0.558	"4"
"德育"	1	0	0	0	0.332	0.13	0.042	0.496	0.479	-0.061	-0.018	-0.298	0.856	"1"
"心声"	0	0	0	1	0.332	0.13	0.042	0.496	-0.175	-0.061	-0.018	0.304	0.558	"4"
"必然"	1	0	0	0	0.332	0.13	0.042	0.496	0.479	-0.061	-0.018	-0.298	0.856	"1"
"忆起"	0	0	0	1	0.332	0.13	0.042	0.496	-0.175	-0.061	-0.018	0.304	0.558	"4"
"志士"	1	0	0	0	0.332	0.13	0.042	0.496	0.479	-0.061	-0.018	-0.298	0.856	"1"
"志愿军"	0	0	0	1	0.332	0.13	0.042	0.496	-0.175	-0.061	-0.018	0.304	0.558	"4"
"快"	2	0	0	0	0.664	0.26	0.083	0.993	0.958	-0.121	-0.037	-0.596	1.712	"1"
"快速"	4	0	0	0	1.328	0.52	0.166	1.985	1.915	-0.242	-0.074	-1.191	3.422	"1"
"念念不忘"	0	0	0	1	0.332	0.13	0.042	0.496	-0.175	-0.061	-0.018	0.304	0.558	"4"
"怀恋"	0	0	0	1	0.332	0.13	0.042	0.496	-0.175	-0.061	-0.018	0.304	0.558	"4"
"怎么样"	0	0	0	1	0.332	0.13	0.042	0.496	-0.175	-0.061	-0.018	0.304	0.558	"4"
"怎能"	0	0	0	1	0.332	0.13	0.042	0.496	-0.175	-0.061	-0.018	0.304	0.558	"4"
"思想"	3	0	0	0	0.996	0.39	0.125	1.489	1.436	-0.182	-0.055	-0.894	2.567	"1"
"思想家"	0	1	0	0	0.332	0.13	0.042	0.496	-0.175	0.886	-0.018	-0.298	1.377	"2"
"思潮"	1	0	0	0	0.332	0.13	0.042	0.496	0.479	-0.061	-0.018	-0.298	0.856	"1"
"思维"	1	0	0	1	0.664	0.26	0.083	0.993	0.257	-0.121	-0.037	0.127	0.542	"1"
"性质"	0	0	0	1	0.332	0.13	0.042	0.496	-0.175	-0.061	-0.018	0.304	0.558	"4"
"总体战"	0	0	0	1	0.332	0.13	0.042	0.496	-0.175	-0.061	-0.018	0.304	0.558	"4"
"总督府"	0	0	0	1	0.332	0.13	0.042	0.496	-0.175	-0.061	-0.018	0.304	0.558	"4"
"恋爱"	0	0	0	1	0.332	0.13	0.042	0.496	-0.175	-0.061	-0.018	0.304	0.558	"4"
"恢复到"	1	0	0	1	0.664	0.26	0.083	0.993	0.257	-0.121	-0.037	0.127	0.542	"1"
"恶世末法"	0	0	0	1	0.332	0.13	0.042	0.496	-0.175	-0.061	-0.018	0.304	0.558	"4"
"悠长"	1	0	0	0	0.332	0.13	0.042	0.496	0.479	-0.061	-0.018	-0.298	0.856	"1"
"悲惨"	0	0	0	1	0.332	0.13	0.042	0.496	-0.175	-0.061	-0.018	0.304	0.558	"4"
"情感"	0	0	0	1	0.332	0.13	0.042	0.496	-0.175	-0.061	-0.018	0.304	0.558	"4"
"惊现"	0	2	0	0	0.664	0.26	0.083	0.993	-0.35	1.772	-0.037	-0.596	2.755	"2"
"意义"	4	0	0	0	1.328	0.52	0.166	1.985	1.915	-0.242	-0.074	-1.191	3.422	"1"
"意味"	0	0	0	1	0.332	0.13	0.042	0.496	-0.175	-0.061	-0.018	0.304	0.558	"4"
"感受"	0	0	0	1	0.332	0.13	0.042	0.496	-0.175	-0.061	-0.018	0.304	0.558	"4"
"感知"	0	0	0	1	0.332	0.13	0.042	0.496	-0.175	-0.061	-0.018	0.304	0.558	"4"
"愿"	1	0	0	0	0.332	0.13	0.042	0.496	0.479	-0.061	-0.018	-0.298	0.856	"1"
"愿景"	1	0	0	0	0.332	0.13	0.042	0.496	0.479	-0.061	-0.018	-0.298	0.856	"1"
"戈尔巴乔夫"	0	0	0	1	0.332	0.13	0.042	0.496	-0.175	-0.061	-0.018	0.304	0.558	"4"
"戈莱斯"	1	0	0	0	0.332	0.13	0.042	0.496	0.479	-0.061	-0.018	-0.298	0.856	"1"
"成功"	0	0	0	2	0.664	0.26	0.083	0.993	-0.35	-0.121	-0.037	0.608	1.116	"4"
"成绩单"	0	0	0	1	0.332	0.13	0.042	0.496	-0.175	-0.061	-0.018	0.304	0.558	"4"
"成长率"	0	0	0	1	0.332	0.13	0.042	0.496	-0.175	-0.061	-0.018	0.304	0.558	"4"
"我国"	4	1	0	1	1.992	0.78	0.249	2.978	1.005	0.247	-0.111	-0.947	2.31	"1"
"戒严"	0	0	0	1	0.332	0.13	0.042	0.496	-0.175	-0.061	-0.018	0.304	0.558	"4"
"战争"	0	0	0	11	3.652	1.431	0.457	5.46	-1.928	-0.666	-0.203	3.346	6.143	"4"
"战国"	0	3	0	0	0.996	0.39	0.125	1.489	-0.526	2.657	-0.055	-0.894	4.132	"2"
"战役"	0	0	0	1	0.332	0.13	0.042	0.496	-0.175	-0.061	-0.018	0.304	0.558	"4"
"战斗"	0	0	0	1	0.332	0.13	0.042	0.496	-0.175	-0.061	-0.018	0.304	0.558	"4"
"战略"	1	0	0	1	0.664	0.26	0.083	0.993	0.257	-0.121	-0.037	0.127	0.542	"1"
"戾气"	0	0	0	1	0.332	0.13	0.042	0.496	-0.175	-0.061	-0.018	0.304	0.558	"4"
"所"	0	0	0	1	0.332	0.13	0.042	0.496	-0.175	-0.061	-0.018	0.304	0.558	"4"
"所谓"	1	0	0	1	0.664	0.26	0.083	0.993	0.257	-0.121	-0.037	0.127	0.542	"1"
"打好"	1	0	0	0	0.332	0.13	0.042	0.496	0.479	-0.061	-0.018	-0.298	0.856	"1"
"打开"	1	0	0	0	0.332	0.13	0.042	0.496	0.479	-0.061	-0.018	-0.298	0.856	"1"
"打破"	0	0	0	1	0.332	0.13	0.042	0.496	-0.175	-0.061	-0.018	0.304	0.558	"4"
"执政"	0	0	0	4	1.328	0.52	0.166	1.985	-0.701	-0.242	-0.074	1.217	2.234	"4"
"扩张"	1	0	0	0	0.332	0.13	0.042	0.496	0.479	-0.061	-0.018	-0.298	0.856	"1"
"扶贫"	1	0	0	0	0.332	0.13	0.042	0.496	0.479	-0.061	-0.018	-0.298	0.856	"1"
"把握"	1	0	0	0	0.332	0.13	0.042	0.496	0.479	-0.061	-0.018	-0.298	0.856	"1"
"抗战"	0	0	0	3	0.996	0.39	0.125	1.489	-0.526	-0.182	-0.055	0.913	1.676	"4"
"抗日"	0	0	0	3	0.996	0.39	0.125	1.489	-0.526	-0.182	-0.055	0.913	1.676	"4"
"折"	0	0	0	1	0.332	0.13	0.042	0.496	-0.175	-0.061	-0.018	0.304	0.558	"4"
"报导"	1	0	0	0	0.332	0.13	0.042	0.496	0.479	-0.061	-0.018	-0.298	0.856	"1"
"担任"	0	0	0	1	0.332	0.13	0.042	0.496	-0.175	-0.061	-0.018	0.304	0.558	"4"
"拥军"	1	0	0	0	0.332	0.13	0.042	0.496	0.479	-0.061	-0.018	-0.298	0.856	"1"
"指导员"	0	0	0	1	0.332	0.13	0.042	0.496	-0.175	-0.061	-0.018	0.304	0.558	"4"
"挑战"	6	0	0	0	1.992	0.78	0.249	2.978	2.873	-0.363	-0.111	-1.787	5.134	"1"
"挑战性"	0	0	0	1	0.332	0.13	0.042	0.496	-0.175	-0.061	-0.018	0.304	0.558	"4"
"挖掘出"	0	1	0	0	0.332	0.13	0.042	0.496	-0.175	0.886	-0.018	-0.298	1.377	"2"
"振奋"	0	0	0	1	0.332	0.13	0.042	0.496	-0.175	-0.061	-0.018	0.304	0.558	"4"
"挺身而出"	1	0	0	0	0.332	0.13	0.042	0.496	0.479	-0.061	-0.018	-0.298	0.856	"1"
"捕捉"	1	0	0	0	0.332	0.13	0.042	0.496	0.479	-0.061	-0.018	-0.298	0.856	"1"
"捡"	0	0	0	1	0.332	0.13	0.042	0.496	-0.175	-0.061	-0.018	0.304	0.558	"4"
"掌"	1	0	0	0	0.332	0.13	0.042	0.496	0.479	-0.061	-0.018	-0.298	0.856	"1"
"掌政"	0	0	0	1	0.332	0.13	0.042	0.496	-0.175	-0.061	-0.018	0.304	0.558	"4"
"排版"	0	0	0	1	0.332	0.13	0.042	0.496	-0.175	-0.061	-0.018	0.304	0.558	"4"
"推向"	1	0	0	0	0.332	0.13	0.042	0.496	0.479	-0.061	-0.018	-0.298	0.856	"1"
"推陈出新"	1	0	0	0	0.332	0.13	0.042	0.496	0.479	-0.061	-0.018	-0.298	0.856	"1"
"提及"	0	0	1	0	0.332	0.13	0.042	0.496	-0.175	-0.061	1.381	-0.298	1.915	"3"
"握"	1	0	0	0	0.332	0.13	0.042	0.496	0.479	-0.061	-0.018	-0.298	0.856	"1"
"揭开"	0	0	0	1	0.332	0.13	0.042	0.496	-0.175	-0.061	-0.018	0.304	0.558	"4"
"摄影展"	0	0	0	1	0.332	0.13	0.042	0.496	-0.175	-0.061	-0.018	0.304	0.558	"4"
"支前"	0	0	0	1	0.332	0.13	0.042	0.496	-0.175	-0.061	-0.018	0.304	0.558	"4"
"收藏"	1	0	0	1	0.664	0.26	0.083	0.993	0.257	-0.121	-0.037	0.127	0.542	"1"
"改变"	1	1	0	0	0.664	0.26	0.083	0.993	0.257	0.614	-0.037	-0.596	1.504	"2"
"改进"	0	0	0	1	0.332	0.13	0.042	0.496	-0.175	-0.061	-0.018	0.304	0.558	"4"
"改革"	2	0	0	1	0.996	0.39	0.125	1.489	0.589	-0.182	-0.055	-0.296	1.122	"1"
"政三"	0	0	0	1	0.332	0.13	0.042	0.496	-0.175	-0.061	-0.018	0.304	0.558	"4"
"政权"	0	0	0	3	0.996	0.39	0.125	1.489	-0.526	-0.182	-0.055	0.913	1.676	"4"
"政治"	0	0	0	1	0.332	0.13	0.042	0.496	-0.175	-0.061	-0.018	0.304	0.558	"4"
"敌"	0	0	0	1	0.332	0.13	0.042	0.496	-0.175	-0.061	-0.018	0.304	0.558	"4"
"敏感"	1	0	0	1	0.664	0.26	0.083	0.993	0.257	-0.121	-0.037	0.127	0.542	"1"
"敏锐"	1	0	0	0	0.332	0.13	0.042	0.496	0.479	-0.061	-0.018	-0.298	0.856	"1"
"数位"	1	0	0	0	0.332	0.13	0.042	0.496	0.479	-0.061	-0.018	-0.298	0.856	"1"
"数码"	3	0	0	0	0.996	0.39	0.125	1.489	1.436	-0.182	-0.055	-0.894	2.567	"1"
"文人"	0	0	0	1	0.332	0.13	0.042	0.496	-0.175	-0.061	-0.018	0.304	0.558	"4"
"文化"	9	2	0	2	4.316	1.691	0.54	6.452	2.067	0.285	-0.24	-1.92	4.512	"1"
"文化层"	0	1	0	0	0.332	0.13	0.042	0.496	-0.175	0.886	-0.018	-0.298	1.377	"2"
"文学"	0	0	0	1	0.332	0.13	0.042	0.496	-0.175	-0.061	-0.018	0.304	0.558	"4"
"文摘"	1	0	0	0	0.332	0.13	0.042	0.496	0.479	-0.061	-0.018	-0.298	0.856	"1"
"文明"	2	0	0	0	0.664	0.26	0.083	0.993	0.958	-0.121	-0.037	-0.596	1.712	"1"
"文星"	0	0	1	0	0.332	0.13	0.042	0.496	-0.175	-0.061	1.381	-0.298	1.915	"3"
"文物"	0	1	0	0	0.332	0.13	0.042	0.496	-0.175	0.886	-0.018	-0.298	1.377	"2"
"文献"	0	2	0	0	0.664	0.26	0.083	0.993	-0.35	1.772	-0.037	-0.596	2.755	"2"
"文艺复兴"	0	0	0	2	0.664	0.26	0.083	0.993	-0.35	-0.121	-0.037	0.608	1.116	"4"
"斗争"	1	0	0	0	0.332	0.13	0.042	0.496	0.479	-0.061	-0.018	-0.298	0.856	"1"
"断论"	0	0	0	1	0.332	0.13	0.042	0.496	-0.175	-0.061	-0.018	0.304	0.558	"4"
"新"	49	7	1	7	21.25	8.325	2.66	31.765	11.819	-0.402	-0.603	-10.259	23.083	"1"
"新加坡人"	0	0	0	1	0.332	0.13	0.042	0.496	-0.175	-0.061	-0.018	0.304	0.558	"4"
"新意"	0	0	0	1	0.332	0.13	0.042	0.496	-0.175	-0.061	-0.018	0.304	0.558	"4"
"新潮"	1	0	0	0	0.332	0.13	0.042	0.496	0.479	-0.061	-0.018	-0.298	0.856	"1"
"新生党"	0	0	0	1	0.332	0.13	0.042	0.496	-0.175	-0.061	-0.018	0.304	0.558	"4"
"新莽"	0	1	0	0	0.332	0.13	0.042	0.496	-0.175	0.886	-0.018	-0.298	1.377	"2"
"新闻"	0	0	0	1	0.332	0.13	0.042	0.496	-0.175	-0.061	-0.018	0.304	0.558	"4"
"新闻台"	0	0	0	1	0.332	0.13	0.042	0.496	-0.175	-0.061	-0.018	0.304	0.558	"4"
"新闻网"	0	0	2	0	0.664	0.26	0.083	0.993	-0.35	-0.121	2.763	-0.596	3.83	"3"
"旅行"	0	0	0	1	0.332	0.13	0.042	0.496	-0.175	-0.061	-0.018	0.304	0.558	"4"
"无可"	1	0	0	0	0.332	0.13	0.042	0.496	0.479	-0.061	-0.018	-0.298	0.856	"1"
"无愧"	1	0	0	0	0.332	0.13	0.042	0.496	0.479	-0.061	-0.018	-0.298	0.856	"1"
"无线"	1	0	0	0	0.332	0.13	0.042	0.496	0.479	-0.061	-0.018	-0.298	0.856	"1"
"无论"	0	0	0	1	0.332	0.13	0.042	0.496	-0.175	-0.061	-0.018	0.304	0.558	"4"
"无非"	0	0	0	1	0.332	0.13	0.042	0.496	-0.175	-0.061	-0.018	0.304	0.558	"4"
"日军"	0	0	0	1	0.332	0.13	0.042	0.496	-0.175	-0.061	-0.018	0.304	0.558	"4"
"日寇"	0	1	0	0	0.332	0.13	0.042	0.496	-0.175	0.886	-0.018	-0.298	1.377	"2"
"日报"	0	0	0	3	0.996	0.39	0.125	1.489	-0.526	-0.182	-0.055	0.913	1.676	"4"
"日据"	0	0	0	4	1.328	0.52	0.166	1.985	-0.701	-0.242	-0.074	1.217	2.234	"4"
"日新月异"	2	0	0	0	0.664	0.26	0.083	0.993	0.958	-0.121	-0.037	-0.596	1.712	"1"
"日本人"	1	0	0	0	0.332	0.13	0.042	0.496	0.479	-0.061	-0.018	-0.298	0.856	"1"
"日治"	0	0	0	1	0.332	0.13	0.042	0.496	-0.175	-0.061	-0.018	0.304	0.558	"4"
"日美"	0	0	0	1	0.332	0.13	0.042	0.496	-0.175	-0.061	-0.018	0.304	0.558	"4"
"旧"	0	8	0	0	2.656	1.041	0.333	3.971	-1.402	7.086	-0.147	-2.383	11.018	"2"
"早"	0	0	0	1	0.332	0.13	0.042	0.496	-0.175	-0.061	-0.018	0.304	0.558	"4"
"早已"	0	0	0	2	0.664	0.26	0.083	0.993	-0.35	-0.121	-0.037	0.608	1.116	"4"
"早期"	0	1	0	0	0.332	0.13	0.042	0.496	-0.175	0.886	-0.018	-0.298	1.377	"2"
"时"	0	0	0	1	0.332	0.13	0.042	0.496	-0.175	-0.061	-0.018	0.304	0.558	"4"
"时代"	13	5	1	4	7.637	2.992	0.956	11.416	1.744	0.767	0.205	-2.837	5.553	"4"
"时尚"	0	0	0	1	0.332	0.13	0.042	0.496	-0.175	-0.061	-0.018	0.304	0.558	"4"
"时期"	8	2	0	0	3.32	1.301	0.416	4.963	2.48	0.419	-0.184	-2.979	6.062	"4"
"明"	0	3	0	0	0.996	0.39	0.125	1.489	-0.526	2.657	-0.055	-0.894	4.132	"2"
"明代"	0	2	0	0	0.664	0.26	0.083	0.993	-0.35	1.772	-0.037	-0.596	2.755	"2"
"明哲保身"	0	0	0	1	0.332	0.13	0.042	0.496	-0.175	-0.061	-0.018	0.304	0.558	"4"
"明清"	0	4	0	0	1.328	0.52	0.166	1.985	-0.701	3.543	-0.074	-1.191	5.509	"2"
"昔日"	0	0	0	2	0.664	0.26	0.083	0.993	-0.35	-0.121	-0.037	0.608	1.116	"4"
"映月"	0	0	1	0	0.332	0.13	0.042	0.496	-0.175	-0.061	1.381	-0.298	1.915	"3"
"春秋"	0	3	0	0	0.996	0.39	0.125	1.489	-0.526	2.657	-0.055	-0.894	4.132	"2"
"昭和"	0	0	0	1	0.332	0.13	0.042	0.496	-0.175	-0.061	-0.018	0.304	0.558	"4"
"晋"	0	1	0	0	0.332	0.13	0.042	0.496	-0.175	0.886	-0.018	-0.298	1.377	"2"
"普及"	0	0	0	1	0.332	0.13	0.042	0.496	-0.175	-0.061	-0.018	0.304	0.558	"4"
"景"	0	0	0	1	0.332	0.13	0.042	0.496	-0.175	-0.061	-0.018	0.304	0.558	"4"
"智囊团"	1	0	0	0	0.332	0.13	0.042	0.496	0.479	-0.061	-0.018	-0.298	0.856	"1"
"暗合"	0	0	0	1	0.332	0.13	0.042	0.496	-0.175	-0.061	-0.018	0.304	0.558	"4"
"暨"	0	0	0	1	0.332	0.13	0.042	0.496	-0.175	-0.061	-0.018	0.304	0.558	"4"
"暴政"	0	0	0	1	0.332	0.13	0.042	0.496	-0.175	-0.061	-0.018	0.304	0.558	"4"
"曙光"	0	0	0	1	0.332	0.13	0.042	0.496	-0.175	-0.061	-0.018	0.304	0.558	"4"
"更替"	1	0	0	0	0.332	0.13	0.042	0.496	0.479	-0.061	-0.018	-0.298	0.856	"1"
"曾"	0	0	0	3	0.996	0.39	0.125	1.489	-0.526	-0.182	-0.055	0.913	1.676	"4"
"曾经"	0	0	0	2	0.664	0.26	0.083	0.993	-0.35	-0.121	-0.037	0.608	1.116	"4"
"最"	4	0	0	14	5.977	2.341	0.748	8.934	-0.63	-1.089	-0.332	1.845	3.896	"4"
"最佳"	0	0	0	1	0.332	0.13	0.042	0.496	-0.175	-0.061	-0.018	0.304	0.558	"4"
"最好"	0	0	0	6	1.992	0.78	0.249	2.978	-1.051	-0.363	-0.111	1.825	3.35	"4"
"最强音"	1	0	0	0	0.332	0.13	0.042	0.496	0.479	-0.061	-0.018	-0.298	0.856	"1"
"最近"	0	0	0	1	0.332	0.13	0.042	0.496	-0.175	-0.061	-0.018	0.304	0.558	"4"
"有感而发"	0	0	0	1	0.332	0.13	0.042	0.496	-0.175	-0.061	-0.018	0.304	0.558	"4"
"有线电视"	0	0	2	0	0.664	0.26	0.083	0.993	-0.35	-0.121	2.763	-0.596	3.83	"3"
"服饰"	0	1	0	0	0.332	0.13	0.042	0.496	-0.175	0.886	-0.018	-0.298	1.377	"2"
"朝天门"	0	0	0	2	0.664	0.26	0.083	0.993	-0.35	-0.121	-0.037	0.608	1.116	"4"
"期"	2	0	1	1	1.328	0.52	0.166	1.985	0.392	-0.242	0.806	-0.498	1.938	"3"
"木造"	0	0	0	1	0.332	0.13	0.042	0.496	-0.175	-0.061	-0.018	0.304	0.558	"4"
"本质"	1	0	0	0	0.332	0.13	0.042	0.496	0.479	-0.061	-0.018	-0.298	0.856	"1"
"杂志"	0	0	9	0	2.988	1.171	0.374	4.467	-1.577	-0.545	12.431	-2.681	17.234	"3"
"李登辉"	0	0	0	1	0.332	0.13	0.042	0.496	-0.175	-0.061	-0.018	0.304	0.558	"4"
"条例"	0	0	0	1	0.332	0.13	0.042	0.496	-0.175	-0.061	-0.018	0.304	0.558	"4"
"来临"	7	0	0	0	2.324	0.911	0.291	3.474	3.352	-0.424	-0.129	-2.085	5.99	"1"
"来到"	0	0	0	1	0.332	0.13	0.042	0.496	-0.175	-0.061	-0.018	0.304	0.558	"4"
"杯葛"	0	0	0	1	0.332	0.13	0.042	0.496	-0.175	-0.061	-0.018	0.304	0.558	"4"
"松绑"	1	0	0	0	0.332	0.13	0.042	0.496	0.479	-0.061	-0.018	-0.298	0.856	"1"
"板瓦"	0	1	0	0	0.332	0.13	0.042	0.496	-0.175	0.886	-0.018	-0.298	1.377	"2"
"构想"	1	0	0	0	0.332	0.13	0.042	0.496	0.479	-0.061	-0.018	-0.298	0.856	"1"
"林业"	0	0	0	2	0.664	0.26	0.083	0.993	-0.35	-0.121	-0.037	0.608	1.116	"4"
"枪炮声"	0	0	0	1	0.332	0.13	0.042	0.496	-0.175	-0.061	-0.018	0.304	0.558	"4"
"某"	0	0	0	1	0.332	0.13	0.042	0.496	-0.175	-0.061	-0.018	0.304	0.558	"4"
"柳"	0	1	0	0	0.332	0.13	0.042	0.496	-0.175	0.886	-0.018	-0.298	1.377	"2"
"栋"	0	0	0	1	0.332	0.13	0.042	0.496	-0.175	-0.061	-0.018	0.304	0.558	"4"
"树立"	0	0	1	0	0.332	0.13	0.042	0.496	-0.175	-0.061	1.381	-0.298	1.915	"3"
"样"	0	0	0	2	0.664	0.26	0.083	0.993	-0.35	-0.121	-0.037	0.608	1.116	"4"
"核问"	1	0	0	0	0.332	0.13	0.042	0.496	0.479	-0.061	-0.018	-0.298	0.856	"1"
"桃坪羌寨"	0	1	0	0	0.332	0.13	0.042	0.496	-0.175	0.886	-0.018	-0.298	1.377	"2"
"案发"	0	0	0	1	0.332	0.13	0.042	0.496	-0.175	-0.061	-0.018	0.304	0.558	"4"
"植物园"	0	0	0	1	0.332	0.13	0.042	0.496	-0.175	-0.061	-0.018	0.304	0.558	"4"
"楷模"	1	0	0	0	0.332	0.13	0.042	0.496	0.479	-0.061	-0.018	-0.298	0.856	"1"
"横"	0	0	0	1	0.332	0.13	0.042	0.496	-0.175	-0.061	-0.018	0.304	0.558	"4"
"横行"	2	0	0	0	0.664	0.26	0.083	0.993	0.958	-0.121	-0.037	-0.596	1.712	"1"
"欺诈"	0	0	0	1	0.332	0.13	0.042	0.496	-0.175	-0.061	-0.018	0.304	0.558	"4"
"歌曲"	0	0	0	1	0.332	0.13	0.042	0.496	-0.175	-0.061	-0.018	0.304	0.558	"4"
"正"	1	1	0	5	2.324	0.911	0.291	3.474	-0.575	0.206	-0.129	0.656	1.566	"4"
"正面"	0	0	1	0	0.332	0.13	0.042	0.496	-0.175	-0.061	1.381	-0.298	1.915	"3"
"步"	0	0	0	1	0.332	0.13	0.042	0.496	-0.175	-0.061	-0.018	0.304	0.558	"4"
"步伐"	1	0	0	1	0.664	0.26	0.083	0.993	0.257	-0.121	-0.037	0.127	0.542	"1"
"步入"	2	0	0	0	0.664	0.26	0.083	0.993	0.958	-0.121	-0.037	-0.596	1.712	"1"
"武则天"	0	1	0	0	0.332	0.13	0.042	0.496	-0.175	0.886	-0.018	-0.298	1.377	"2"
"武庙"	0	1	0	0	0.332	0.13	0.042	0.496	-0.175	0.886	-0.018	-0.298	1.377	"2"
"歼敌"	0	0	0	1	0.332	0.13	0.042	0.496	-0.175	-0.061	-0.018	0.304	0.558	"4"
"残暴"	0	0	0	1	0.332	0.13	0.042	0.496	-0.175	-0.061	-0.018	0.304	0.558	"4"
"残片"	0	1	0	0	0.332	0.13	0.042	0.496	-0.175	0.886	-0.018	-0.298	1.377	"2"
"殖民"	0	0	0	2	0.664	0.26	0.083	0.993	-0.35	-0.121	-0.037	0.608	1.116	"4"
"殖民地"	1	0	0	0	0.332	0.13	0.042	0.496	0.479	-0.061	-0.018	-0.298	0.856	"1"
"段"	0	0	0	7	2.324	0.911	0.291	3.474	-1.227	-0.424	-0.129	2.13	3.91	"4"
"比方"	0	0	0	1	0.332	0.13	0.042	0.496	-0.175	-0.061	-0.018	0.304	0.558	"4"
"比较"	0	0	0	2	0.664	0.26	0.083	0.993	-0.35	-0.121	-0.037	0.608	1.116	"4"
"毛泽东"	0	0	0	1	0.332	0.13	0.042	0.496	-0.175	-0.061	-0.018	0.304	0.558	"4"
"民主"	0	0	0	1	0.332	0.13	0.042	0.496	-0.175	-0.061	-0.018	0.304	0.558	"4"
"民俗"	0	1	0	0	0.332	0.13	0.042	0.496	-0.175	0.886	-0.018	-0.298	1.377	"2"
"民党"	0	0	0	1	0.332	0.13	0.042	0.496	-0.175	-0.061	-0.018	0.304	0.558	"4"
"民初"	0	0	0	1	0.332	0.13	0.042	0.496	-0.175	-0.061	-0.018	0.304	0.558	"4"
"民国"	0	0	0	2	0.664	0.26	0.083	0.993	-0.35	-0.121	-0.037	0.608	1.116	"4"
"民族"	1	0	0	0	0.332	0.13	0.042	0.496	0.479	-0.061	-0.018	-0.298	0.856	"1"
"民权"	1	0	0	0	0.332	0.13	0.042	0.496	0.479	-0.061	-0.018	-0.298	0.856	"1"
"民调"	0	0	2	0	0.664	0.26	0.083	0.993	-0.35	-0.121	2.763	-0.596	3.83	"3"
"气息"	0	0	1	0	0.332	0.13	0.042	0.496	-0.175	-0.061	1.381	-0.298	1.915	"3"
"氛围"	0	0	0	3	0.996	0.39	0.125	1.489	-0.526	-0.182	-0.055	0.913	1.676	"4"
"求学"	0	0	0	2	0.664	0.26	0.083	0.993	-0.35	-0.121	-0.037	0.608	1.116	"4"
"求知"	0	0	0	1	0.332	0.13	0.042	0.496	-0.175	-0.061	-0.018	0.304	0.558	"4"
"汇成"	1	0	0	0	0.332	0.13	0.042	0.496	0.479	-0.061	-0.018	-0.298	0.856	"1"
"汉"	0	1	0	0	0.332	0.13	0.042	0.496	-0.175	0.886	-0.018	-0.298	1.377	"2"
"汉晋"	0	1	0	0	0.332	0.13	0.042	0.496	-0.175	0.886	-0.018	-0.298	1.377	"2"
"江户"	0	0	0	2	0.664	0.26	0.083	0.993	-0.35	-0.121	-0.037	0.608	1.116	"4"
"汽车业"	1	0	0	0	0.332	0.13	0.042	0.496	0.479	-0.061	-0.018	-0.298	0.856	"1"
"沉船"	0	0	0	1	0.332	0.13	0.042	0.496	-0.175	-0.061	-0.018	0.304	0.558	"4"
"沙斯"	0	0	0	2	0.664	0.26	0.083	0.993	-0.35	-0.121	-0.037	0.608	1.116	"4"
"沦为"	0	0	0	1	0.332	0.13	0.042	0.496	-0.175	-0.061	-0.018	0.304	0.558	"4"
"沧桑"	0	0	0	1	0.332	0.13	0.042	0.496	-0.175	-0.061	-0.018	0.304	0.558	"4"
"沮丧"	1	0	0	0	0.332	0.13	0.042	0.496	0.479	-0.061	-0.018	-0.298	0.856	"1"
"油画"	0	0	0	1	0.332	0.13	0.042	0.496	-0.175	-0.061	-0.018	0.304	0.558	"4"
"沿着"	0	0	0	1	0.332	0.13	0.042	0.496	-0.175	-0.061	-0.018	0.304	0.558	"4"
"法人"	0	0	0	1	0.332	0.13	0.042	0.496	-0.175	-0.061	-0.018	0.304	0.558	"4"
"法雅"	0	0	0	1	0.332	0.13	0.042	0.496	-0.175	-0.061	-0.018	0.304	0.558	"4"
"泡沫经济"	0	0	0	2	0.664	0.26	0.083	0.993	-0.35	-0.121	-0.037	0.608	1.116	"4"
"波动"	1	0	0	0	0.332	0.13	0.042	0.496	0.479	-0.061	-0.018	-0.298	0.856	"1"
"流行"	0	0	0	3	0.996	0.39	0.125	1.489	-0.526	-0.182	-0.055	0.913	1.676	"4"
"流行性"	0	0	0	1	0.332	0.13	0.042	0.496	-0.175	-0.061	-0.018	0.304	0.558	"4"
"浊"	0	0	0	1	0.332	0.13	0.042	0.496	-0.175	-0.061	-0.018	0.304	0.558	"4"
"济"	1	0	0	1	0.664	0.26	0.083	0.993	0.257	-0.121	-0.037	0.127	0.542	"1"
"济南"	0	1	0	1	0.664	0.26	0.083	0.993	-0.35	0.614	-0.037	0.127	1.128	"2"
"消费"	1	0	0	0	0.332	0.13	0.042	0.496	0.479	-0.061	-0.018	-0.298	0.856	"1"
"消遣"	0	0	0	1	0.332	0.13	0.042	0.496	-0.175	-0.061	-0.018	0.304	0.558	"4"
"涵盖"	0	0	0	1	0.332	0.13	0.042	0.496	-0.175	-0.061	-0.018	0.304	0.558	"4"
"深具"	0	0	0	1	0.332	0.13	0.042	0.496	-0.175	-0.061	-0.018	0.304	0.558	"4"
"深刻"	2	0	0	0	0.664	0.26	0.083	0.993	0.958	-0.121	-0.037	-0.596	1.712	"1"
"清"	0	3	0	0	0.996	0.39	0.125	1.489	-0.526	2.657	-0.055	-0.894	4.132	"2"
"清代"	0	2	0	0	0.664	0.26	0.083	0.993	-0.35	1.772	-0.037	-0.596	2.755	"2"
"清官"	0	1	0	0	0.332	0.13	0.042	0.496	-0.175	0.886	-0.018	-0.298	1.377	"2"
"清末"	0	0	0	1	0.332	0.13	0.042	0.496	-0.175	-0.061	-0.018	0.304	0.558	"4"
"渡过"	0	0	0	2	0.664	0.26	0.083	0.993	-0.35	-0.121	-0.037	0.608	1.116	"4"
"温和派"	0	0	0	1	0.332	0.13	0.042	0.496	-0.175	-0.061	-0.018	0.304	0.558	"4"
"港岛"	0	0	0	1	0.332	0.13	0.042	0.496	-0.175	-0.061	-0.018	0.304	0.558	"4"
"港股市"	0	0	0	1	0.332	0.13	0.042	0.496	-0.175	-0.061	-0.018	0.304	0.558	"4"
"湿冷"	0	0	0	1	0.332	0.13	0.042	0.496	-0.175	-0.061	-0.018	0.304	0.558	"4"
"演唱会"	0	0	0	1	0.332	0.13	0.042	0.496	-0.175	-0.061	-0.018	0.304	0.558	"4"
"漫长"	0	0	0	1	0.332	0.13	0.042	0.496	-0.175	-0.061	-0.018	0.304	0.558	"4"
"潮"	1	0	0	0	0.332	0.13	0.042	0.496	0.479	-0.061	-0.018	-0.298	0.856	"1"
"潮流"	8	0	0	0	2.656	1.041	0.333	3.971	3.831	-0.484	-0.147	-2.383	6.845	"1"
"澳门"	1	0	0	0	0.332	0.13	0.042	0.496	0.479	-0.061	-0.018	-0.298	0.856	"1"
"炮弹"	0	0	0	1	0.332	0.13	0.042	0.496	-0.175	-0.061	-0.018	0.304	0.558	"4"
"热闹"	0	0	0	1	0.332	0.13	0.042	0.496	-0.175	-0.061	-0.018	0.304	0.558	"4"
"烽火"	0	0	0	1	0.332	0.13	0.042	0.496	-0.175	-0.061	-0.018	0.304	0.558	"4"
"焕然一新"	0	0	1	0	0.332	0.13	0.042	0.496	-0.175	-0.061	1.381	-0.298	1.915	"3"
"焦俊贤"	0	0	0	1	0.332	0.13	0.042	0.496	-0.175	-0.061	-0.018	0.304	0.558	"4"
"熬过"	0	0	0	1	0.332	0.13	0.042	0.496	-0.175	-0.061	-0.018	0.304	0.558	"4"
"爱情"	0	0	1	0	0.332	0.13	0.042	0.496	-0.175	-0.061	1.381	-0.298	1.915	"3"
"父母"	0	0	0	2	0.664	0.26	0.083	0.993	-0.35	-0.121	-0.037	0.608	1.116	"4"
"牌坊"	1	0	0	0	0.332	0.13	0.042	0.496	0.479	-0.061	-0.018	-0.298	0.856	"1"
"牛仔裤"	0	0	0	1	0.332	0.13	0.042	0.496	-0.175	-0.061	-0.018	0.304	0.558	"4"
"物质文明"	1	0	0	0	0.332	0.13	0.042	0.496	0.479	-0.061	-0.018	-0.298	0.856	"1"
"特写"	0	0	0	1	0.332	0.13	0.042	0.496	-0.175	-0.061	-0.018	0.304	0.558	"4"
"特别展"	0	0	0	1	0.332	0.13	0.042	0.496	-0.175	-0.061	-0.018	0.304	0.558	"4"
"特定"	1	0	0	2	0.996	0.39	0.125	1.489	0.154	-0.182	-0.055	0.306	0.697	"4"
"特工"	0	0	0	1	0.332	0.13	0.042	0.496	-0.175	-0.061	-0.018	0.304	0.558	"4"
"特征"	2	0	0	0	0.664	0.26	0.083	0.993	0.958	-0.121	-0.037	-0.596	1.712	"1"
"特殊"	0	0	0	4	1.328	0.52	0.166	1.985	-0.701	-0.242	-0.074	1.217	2.234	"4"
"特色"	3	0	0	0	0.996	0.39	0.125	1.489	1.436	-0.182	-0.055	-0.894	2.567	"1"
"狂想"	0	0	0	3	0.996	0.39	0.125	1.489	-0.526	-0.182	-0.055	0.913	1.676	"4"
"独立"	0	0	0	1	0.332	0.13	0.042	0.496	-0.175	-0.061	-0.018	0.304	0.558	"4"
"独裁"	0	0	0	1	0.332	0.13	0.042	0.496	-0.175	-0.061	-0.018	0.304	0.558	"4"
"玩偶"	0	0	0	1	0.332	0.13	0.042	0.496	-0.175	-0.061	-0.018	0.304	0.558	"4"
"环球"	2	0	0	0	0.664	0.26	0.083	0.993	0.958	-0.121	-0.037	-0.596	1.712	"1"
"现今"	2	0	0	1	0.996	0.39	0.125	1.489	0.589	-0.182	-0.055	-0.296	1.122	"1"
"现在"	1	0	1	3	1.66	0.65	0.208	2.482	-0.334	-0.303	0.718	0.307	1.662	"3"
"珍品展"	0	2	0	0	0.664	0.26	0.083	0.993	-0.35	1.772	-0.037	-0.596	2.755	"2"
"班底"	0	0	0	1	0.332	0.13	0.042	0.496	-0.175	-0.061	-0.018	0.304	0.558	"4"
"琵琶"	0	1	0	0	0.332	0.13	0.042	0.496	-0.175	0.886	-0.018	-0.298	1.377	"2"
"生产力"	0	0	0	1	0.332	0.13	0.042	0.496	-0.175	-0.061	-0.018	0.304	0.558	"4"
"生存"	2	0	0	0	0.664	0.26	0.083	0.993	0.958	-0.121	-0.037	-0.596	1.712	"1"
"生存空间"	0	0	0	1	0.332	0.13	0.042	0.496	-0.175	-0.061	-0.018	0.304	0.558	"4"
"生日"	1	0	0	0	0.332	0.13	0.042	0.496	0.479	-0.061	-0.018	-0.298	0.856	"1"
"生活"	1	0	0	6	2.324	0.911	0.291	3.474	-0.575	-0.424	-0.129	1.221	2.349	"4"
"申请案"	0	0	0	1	0.332	0.13	0.042	0.496	-0.175	-0.061	-0.018	0.304	0.558	"4"
"电子"	1	0	0	0	0.332	0.13	0.042	0.496	0.479	-0.061	-0.018	-0.298	0.856	"1"
"电子化"	1	0	0	0	0.332	0.13	0.042	0.496	0.479	-0.061	-0.018	-0.298	0.856	"1"
"男排"	0	0	0	1	0.332	0.13	0.042	0.496	-0.175	-0.061	-0.018	0.304	0.558	"4"
"画像"	0	2	0	0	0.664	0.26	0.083	0.993	-0.35	1.772	-0.037	-0.596	2.755	"2"
"画家"	0	0	0	1	0.332	0.13	0.042	0.496	-0.175	-0.061	-0.018	0.304	0.558	"4"
"画风"	0	0	0	1	0.332	0.13	0.042	0.496	-0.175	-0.061	-0.018	0.304	0.558	"4"
"病毒学"	0	0	0	1	0.332	0.13	0.042	0.496	-0.175	-0.061	-0.018	0.304	0.558	"4"
"白人"	0	0	0	2	0.664	0.26	0.083	0.993	-0.35	-0.121	-0.037	0.608	1.116	"4"
"白居易"	1	0	0	0	0.332	0.13	0.042	0.496	0.479	-0.061	-0.018	-0.298	0.856	"1"
"百分之四十五"	0	0	1	0	0.332	0.13	0.042	0.496	-0.175	-0.061	1.381	-0.298	1.915	"3"
"的确"	1	0	0	1	0.664	0.26	0.083	0.993	0.257	-0.121	-0.037	0.127	0.542	"1"
"皮诺契特"	0	0	0	3	0.996	0.39	0.125	1.489	-0.526	-0.182	-0.055	0.913	1.676	"4"
"监控"	0	0	0	1	0.332	0.13	0.042	0.496	-0.175	-0.061	-0.018	0.304	0.558	"4"
"盘面"	0	0	0	1	0.332	0.13	0.042	0.496	-0.175	-0.061	-0.018	0.304	0.558	"4"
"盛世"	0	1	0	0	0.332	0.13	0.042	0.496	-0.175	0.886	-0.018	-0.298	1.377	"2"
"盛事"	1	0	0	0	0.332	0.13	0.042	0.496	0.479	-0.061	-0.018	-0.298	0.856	"1"
"盟友"	0	0	0	1	0.332	0.13	0.042	0.496	-0.175	-0.061	-0.018	0.304	0.558	"4"
"相传"	0	1	0	0	0.332	0.13	0.042	0.496	-0.175	0.886	-0.018	-0.298	1.377	"2"
"相当"	0	0	0	2	0.664	0.26	0.083	0.993	-0.35	-0.121	-0.037	0.608	1.116	"4"
"相比"	0	0	0	1	0.332	0.13	0.042	0.496	-0.175	-0.061	-0.018	0.304	0.558	"4"
"相隔"	0	0	0	1	0.332	0.13	0.042	0.496	-0.175	-0.061	-0.018	0.304	0.558	"4"
"真正"	1	0	0	0	0.332	0.13	0.042	0.496	0.479	-0.061	-0.018	-0.298	0.856	"1"
"眼光"	2	0	0	0	0.664	0.26	0.083	0.993	0.958	-0.121	-0.037	-0.596	1.712	"1"
"眼前"	0	0	0	2	0.664	0.26	0.083	0.993	-0.35	-0.121	-0.037	0.608	1.116	"4"
"着眼"	0	0	0	1	0.332	0.13	0.042	0.496	-0.175	-0.061	-0.018	0.304	0.558	"4"
"瞬息万变"	1	0	0	0	0.332	0.13	0.042	0.496	0.479	-0.061	-0.018	-0.298	0.856	"1"
"知识"	1	0	0	2	0.996	0.39	0.125	1.489	0.154	-0.182	-0.055	0.306	0.697	"4"
"知识经济"	11	0	0	0	3.652	1.431	0.457	5.46	5.267	-0.666	-0.203	-3.276	9.412	"1"
"短缺"	2	0	0	0	0.664	0.26	0.083	0.993	0.958	-0.121	-0.037	-0.596	1.712	"1"
"石器"	0	11	0	0	3.652	1.431	0.457	5.46	-1.928	9.744	-0.203	-3.276	15.151	"2"
"石雕"	0	0	0	1	0.332	0.13	0.042	0.496	-0.175	-0.061	-0.018	0.304	0.558	"4"
"研究班"	0	0	0	1	0.332	0.13	0.042	0.496	-0.175	-0.061	-0.018	0.304	0.558	"4"
"破家"	0	1	0	0	0.332	0.13	0.042	0.496	-0.175	0.886	-0.018	-0.298	1.377	"2"
"磨制"	0	1	0	0	0.332	0.13	0.042	0.496	-0.175	0.886	-0.018	-0.298	1.377	"2"
"礼仪"	0	0	0	1	0.332	0.13	0.042	0.496	-0.175	-0.061	-0.018	0.304	0.558	"4"
"社交"	0	0	0	1	0.332	0.13	0.042	0.496	-0.175	-0.061	-0.018	0.304	0.558	"4"
"社会主义"	1	0	0	0	0.332	0.13	0.042	0.496	0.479	-0.061	-0.018	-0.298	0.856	"1"
"社会科学"	1	0	0	0	0.332	0.13	0.042	0.496	0.479	-0.061	-0.018	-0.298	0.856	"1"
"神话"	0	0	0	3	0.996	0.39	0.125	1.489	-0.526	-0.182	-0.055	0.913	1.676	"4"
"种族"	0	0	0	1	0.332	0.13	0.042	0.496	-0.175	-0.061	-0.018	0.304	0.558	"4"
"种种"	0	0	0	1	0.332	0.13	0.042	0.496	-0.175	-0.061	-0.018	0.304	0.558	"4"
"科学"	2	0	0	0	0.664	0.26	0.083	0.993	0.958	-0.121	-0.037	-0.596	1.712	"1"
"科技"	5	1	0	0	1.992	0.78	0.249	2.978	1.757	0.247	-0.111	-1.787	3.902	"4"
"科技力量"	0	1	0	0	0.332	0.13	0.042	0.496	-0.175	0.886	-0.018	-0.298	1.377	"2"
"科技局"	1	0	0	0	0.332	0.13	0.042	0.496	0.479	-0.061	-0.018	-0.298	0.856	"1"
"科教兴国"	0	0	0	1	0.332	0.13	0.042	0.496	-0.175	-0.061	-0.018	0.304	0.558	"4"
"科考"	0	0	0	1	0.332	0.13	0.042	0.496	-0.175	-0.061	-0.018	0.304	0.558	"4"
"秦"	0	1	0	0	0.332	0.13	0.042	0.496	-0.175	0.886	-0.018	-0.298	1.377	"2"
"称为"	1	0	0	1	0.664	0.26	0.083	0.993	0.257	-0.121	-0.037	0.127	0.542	"1"
"移动电话"	0	0	0	1	0.332	0.13	0.042	0.496	-0.175	-0.061	-0.018	0.304	0.558	"4"
"移民"	0	0	0	1	0.332	0.13	0.042	0.496	-0.175	-0.061	-0.018	0.304	0.558	"4"
"移转"	0	0	0	1	0.332	0.13	0.042	0.496	-0.175	-0.061	-0.018	0.304	0.558	"4"
"突发"	0	0	0	1	0.332	0.13	0.042	0.496	-0.175	-0.061	-0.018	0.304	0.558	"4"
"立于"	1	0	0	0	0.332	0.13	0.042	0.496	0.479	-0.061	-0.018	-0.298	0.856	"1"
"童年"	0	0	0	2	0.664	0.26	0.083	0.993	-0.35	-0.121	-0.037	0.608	1.116	"4"
"符合"	2	0	0	0	0.664	0.26	0.083	0.993	0.958	-0.121	-0.037	-0.596	1.712	"1"
"筑"	1	0	0	1	0.664	0.26	0.083	0.993	0.257	-0.121	-0.037	0.127	0.542	"1"
"筒瓦"	0	1	0	0	0.332	0.13	0.042	0.496	-0.175	0.886	-0.018	-0.298	1.377	"2"
"篇章"	1	0	0	0	0.332	0.13	0.042	0.496	0.479	-0.061	-0.018	-0.298	0.856	"1"
"类别"	0	0	0	1	0.332	0.13	0.042	0.496	-0.175	-0.061	-0.018	0.304	0.558	"4"
"精品"	0	0	0	1	0.332	0.13	0.042	0.496	-0.175	-0.061	-0.018	0.304	0.558	"4"
"精明"	0	0	0	1	0.332	0.13	0.042	0.496	-0.175	-0.061	-0.018	0.304	0.558	"4"
"精神"	7	0	0	1	2.656	1.041	0.333	3.971	2.598	-0.484	-0.147	-1.434	4.663	"1"
"精美"	0	1	0	0	0.332	0.13	0.042	0.496	-0.175	0.886	-0.018	-0.298	1.377	"2"
"精致化"	0	0	0	1	0.332	0.13	0.042	0.496	-0.175	-0.061	-0.018	0.304	0.558	"4"
"糕"	1	0	0	0	0.332	0.13	0.042	0.496	0.479	-0.061	-0.018	-0.298	0.856	"1"
"系"	1	0	0	0	0.332	0.13	0.042	0.496	0.479	-0.061	-0.018	-0.298	0.856	"1"
"系列"	0	0	0	1	0.332	0.13	0.042	0.496	-0.175	-0.061	-0.018	0.304	0.558	"4"
"系统"	0	0	0	1	0.332	0.13	0.042	0.496	-0.175	-0.061	-0.018	0.304	0.558	"4"
"素食"	0	0	0	1	0.332	0.13	0.042	0.496	-0.175	-0.061	-0.018	0.304	0.558	"4"
"紧紧"	1	0	0	0	0.332	0.13	0.042	0.496	0.479	-0.061	-0.018	-0.298	0.856	"1"
"紧跟"	1	0	0	0	0.332	0.13	0.042	0.496	0.479	-0.061	-0.018	-0.298	0.856	"1"
"綵排"	0	0	0	1	0.332	0.13	0.042	0.496	-0.175	-0.061	-0.018	0.304	0.558	"4"
"繁荣"	2	0	0	2	1.328	0.52	0.166	1.985	0.392	-0.242	-0.074	0.166	0.874	"1"
"约"	0	1	0	0	0.332	0.13	0.042	0.496	-0.175	0.886	-0.018	-0.298	1.377	"2"
"纪录"	1	0	0	0	0.332	0.13	0.042	0.496	0.479	-0.061	-0.018	-0.298	0.856	"1"
"纪念碑"	0	0	0	1	0.332	0.13	0.042	0.496	-0.175	-0.061	-0.018	0.304	0.558	"4"
"纯真"	0	0	0	1	0.332	0.13	0.042	0.496	-0.175	-0.061	-0.018	0.304	0.558	"4"
"纽约市"	0	0	0	1	0.332	0.13	0.042	0.496	-0.175	-0.061	-0.018	0.304	0.558	"4"
"经典"	0	0	1	1	0.664	0.26	0.083	0.993	-0.35	-0.121	1.089	0.127	1.687	"3"
"经历"	0	1	0	0	0.332	0.13	0.042	0.496	-0.175	0.886	-0.018	-0.298	1.377	"2"
"经济"	20	0	1	8	9.629	3.772	1.205	14.394	4.053	-1.755	-0.181	-1.875	7.864	"1"
"经济体制"	1	0	0	0	0.332	0.13	0.042	0.496	0.479	-0.061	-0.018	-0.298	0.856	"1"
"结交"	0	0	0	1	0.332	0.13	0.042	0.496	-0.175	-0.061	-0.018	0.304	0.558	"4"
"结合"	0	0	0	1	0.332	0.13	0.042	0.496	-0.175	-0.061	-0.018	0.304	0.558	"4"
"结怨"	0	0	1	0	0.332	0.13	0.042	0.496	-0.175	-0.061	1.381	-0.298	1.915	"3"
"结束"	1	0	0	2	0.996	0.39	0.125	1.489	0.154	-0.182	-0.055	0.306	0.697	"4"
"结构"	1	0	0	1	0.664	0.26	0.083	0.993	0.257	-0.121	-0.037	0.127	0.542	"1"
"绝不"	0	0	0	1	0.332	0.13	0.042	0.496	-0.175	-0.061	-0.018	0.304	0.558	"4"
"绝版"	0	0	0	1	0.332	0.13	0.042	0.496	-0.175	-0.061	-0.018	0.304	0.558	"4"
"统治"	0	0	0	2	0.664	0.26	0.083	0.993	-0.35	-0.121	-0.037	0.608	1.116	"4"
"编辑"	0	0	0	1	0.332	0.13	0.042	0.496	-0.175	-0.061	-0.018	0.304	0.558	"4"
"缘"	0	0	0	1	0.332	0.13	0.042	0.496	-0.175	-0.061	-0.018	0.304	0.558	"4"
"网络"	2	0	0	0	0.664	0.26	0.083	0.993	0.958	-0.121	-0.037	-0.596	1.712	"1"
"网路"	2	0	0	0	0.664	0.26	0.083	0.993	0.958	-0.121	-0.037	-0.596	1.712	"1"
"罗马"	0	0	0	1	0.332	0.13	0.042	0.496	-0.175	-0.061	-0.018	0.304	0.558	"4"
"罪孽"	1	0	0	0	0.332	0.13	0.042	0.496	0.479	-0.061	-0.018	-0.298	0.856	"1"
"美国线"	0	0	0	3	0.996	0.39	0.125	1.489	-0.526	-0.182	-0.055	0.913	1.676	"4"
"美容"	0	0	0	1	0.332	0.13	0.042	0.496	-0.175	-0.061	-0.018	0.304	0.558	"4"
"翻天覆地"	1	0	0	0	0.332	0.13	0.042	0.496	0.479	-0.061	-0.018	-0.298	0.856	"1"
"老"	0	0	0	1	0.332	0.13	0.042	0.496	-0.175	-0.061	-0.018	0.304	0.558	"4"
"老汉"	0	0	0	1	0.332	0.13	0.042	0.496	-0.175	-0.061	-0.018	0.304	0.558	"4"
"考古"	1	0	0	0	0.332	0.13	0.042	0.496	0.479	-0.061	-0.018	-0.298	0.856	"1"
"考证"	0	2	0	0	0.664	0.26	0.083	0.993	-0.35	1.772	-0.037	-0.596	2.755	"2"
"耶尔辛"	0	0	0	1	0.332	0.13	0.042	0.496	-0.175	-0.061	-0.018	0.304	0.558	"4"
"联系到"	0	0	0	1	0.332	0.13	0.042	0.496	-0.175	-0.061	-0.018	0.304	0.558	"4"
"肆虐"	0	0	0	2	0.664	0.26	0.083	0.993	-0.35	-0.121	-0.037	0.608	1.116	"4"
"胀率"	0	0	0	1	0.332	0.13	0.042	0.496	-0.175	-0.061	-0.018	0.304	0.558	"4"
"背景"	3	0	0	0	0.996	0.39	0.125	1.489	1.436	-0.182	-0.055	-0.894	2.567	"1"
"胡同"	0	0	0	1	0.332	0.13	0.042	0.496	-0.175	-0.061	-0.018	0.304	0.558	"4"
"胡姬花节"	0	0	0	1	0.332	0.13	0.042	0.496	-0.175	-0.061	-0.018	0.304	0.558	"4"
"脉动"	1	0	0	0	0.332	0.13	0.042	0.496	0.479	-0.061	-0.018	-0.298	0.856	"1"
"脚步"	1	0	0	0	0.332	0.13	0.042	0.496	0.479	-0.061	-0.018	-0.298	0.856	"1"
"脚步声"	1	0	0	0	0.332	0.13	0.042	0.496	0.479	-0.061	-0.018	-0.298	0.856	"1"
"脱离"	0	0	0	1	0.332	0.13	0.042	0.496	-0.175	-0.061	-0.018	0.304	0.558	"4"
"腾飞"	1	0	0	0	0.332	0.13	0.042	0.496	0.479	-0.061	-0.018	-0.298	0.856	"1"
"自此"	0	0	0	1	0.332	0.13	0.042	0.496	-0.175	-0.061	-0.018	0.304	0.558	"4"
"自满"	1	0	0	0	0.332	0.13	0.042	0.496	0.479	-0.061	-0.018	-0.298	0.856	"1"
"致公党"	1	0	0	0	0.332	0.13	0.042	0.496	0.479	-0.061	-0.018	-0.298	0.856	"1"
"舞展"	0	0	0	1	0.332	0.13	0.042	0.496	-0.175	-0.061	-0.018	0.304	0.558	"4"
"舞者"	0	0	1	0	0.332	0.13	0.042	0.496	-0.175	-0.061	1.381	-0.298	1.915	"3"
"舞蹈团"	0	0	0	1	0.332	0.13	0.042	0.496	-0.175	-0.061	-0.018	0.304	0.558	"4"
"航向"	1	0	0	0	0.332	0.13	0.042	0.496	0.479	-0.061	-0.018	-0.298	0.856	"1"
"航天"	1	0	0	0	0.332	0.13	0.042	0.496	0.479	-0.061	-0.018	-0.298	0.856	"1"
"航空业"	0	0	0	1	0.332	0.13	0.042	0.496	-0.175	-0.061	-0.018	0.304	0.558	"4"
"船"	0	0	0	1	0.332	0.13	0.042	0.496	-0.175	-0.061	-0.018	0.304	0.558	"4"
"艘"	0	1	0	0	0.332	0.13	0.042	0.496	-0.175	0.886	-0.018	-0.298	1.377	"2"
"艰难"	0	0	0	6	1.992	0.78	0.249	2.978	-1.051	-0.363	-0.111	1.825	3.35	"4"
"节节"	0	0	0	1	0.332	0.13	0.042	0.496	-0.175	-0.061	-0.018	0.304	0.558	"4"
"苏南"	0	0	0	1	0.332	0.13	0.042	0.496	-0.175	-0.061	-0.018	0.304	0.558	"4"
"苏哈"	0	0	0	3	0.996	0.39	0.125	1.489	-0.526	-0.182	-0.055	0.913	1.676	"4"
"苏联"	0	0	0	7	2.324	0.911	0.291	3.474	-1.227	-0.424	-0.129	2.13	3.91	"4"
"英文报"	1	0	0	0	0.332	0.13	0.042	0.496	0.479	-0.061	-0.018	-0.298	0.856	"1"
"英雄"	1	0	0	0	0.332	0.13	0.042	0.496	0.479	-0.061	-0.018	-0.298	0.856	"1"
"草拟出来"	0	0	0	1	0.332	0.13	0.042	0.496	-0.175	-0.061	-0.018	0.304	0.558	"4"
"荷兰"	0	0	0	1	0.332	0.13	0.042	0.496	-0.175	-0.061	-0.018	0.304	0.558	"4"
"莫稚"	0	1	0	0	0.332	0.13	0.042	0.496	-0.175	0.886	-0.018	-0.298	1.377	"2"
"萨达姆"	0	0	1	0	0.332	0.13	0.042	0.496	-0.175	-0.061	1.381	-0.298	1.915	"3"
"落后"	0	0	0	1	0.332	0.13	0.042	0.496	-0.175	-0.061	-0.018	0.304	0.558	"4"
"董事会"	0	0	0	1	0.332	0.13	0.042	0.496	-0.175	-0.061	-0.018	0.304	0.558	"4"
"董事长"	1	0	0	0	0.332	0.13	0.042	0.496	0.479	-0.061	-0.018	-0.298	0.856	"1"
"葬"	0	1	0	0	0.332	0.13	0.042	0.496	-0.175	0.886	-0.018	-0.298	1.377	"2"
"蒋介石"	0	0	0	1	0.332	0.13	0.042	0.496	-0.175	-0.061	-0.018	0.304	0.558	"4"
"蒙受"	0	0	0	1	0.332	0.13	0.042	0.496	-0.175	-0.061	-0.018	0.304	0.558	"4"
"蒲亭"	0	0	0	1	0.332	0.13	0.042	0.496	-0.175	-0.061	-0.018	0.304	0.558	"4"
"蒸汽机车"	0	0	0	2	0.664	0.26	0.083	0.993	-0.35	-0.121	-0.037	0.608	1.116	"4"
"蕃"	0	1	0	0	0.332	0.13	0.042	0.496	-0.175	0.886	-0.018	-0.298	1.377	"2"
"蛋"	1	0	0	0	0.332	0.13	0.042	0.496	0.479	-0.061	-0.018	-0.298	0.856	"1"
"融入"	1	0	0	0	0.332	0.13	0.042	0.496	0.479	-0.061	-0.018	-0.298	0.856	"1"
"融合"	0	1	0	0	0.332	0.13	0.042	0.496	-0.175	0.886	-0.018	-0.298	1.377	"2"
"行旅图"	0	1	0	0	0.332	0.13	0.042	0.496	-0.175	0.886	-0.018	-0.298	1.377	"2"
"补偿"	0	0	0	2	0.664	0.26	0.083	0.993	-0.35	-0.121	-0.037	0.608	1.116	"4"
"表现"	0	0	0	1	0.332	0.13	0.042	0.496	-0.175	-0.061	-0.018	0.304	0.558	"4"
"西周"	0	1	0	0	0.332	0.13	0.042	0.496	-0.175	0.886	-0.018	-0.298	1.377	"2"
"西晋"	0	1	0	0	0.332	0.13	0.042	0.496	-0.175	0.886	-0.018	-0.298	1.377	"2"
"西汉"	0	1	0	0	0.332	0.13	0.042	0.496	-0.175	0.886	-0.018	-0.298	1.377	"2"
"西部大开发"	1	0	0	0	0.332	0.13	0.042	0.496	0.479	-0.061	-0.018	-0.298	0.856	"1"
"要"	1	0	0	0	0.332	0.13	0.042	0.496	0.479	-0.061	-0.018	-0.298	0.856	"1"
"要因"	1	0	0	0	0.332	0.13	0.042	0.496	0.479	-0.061	-0.018	-0.298	0.856	"1"
"见证"	0	0	0	2	0.664	0.26	0.083	0.993	-0.35	-0.121	-0.037	0.608	1.116	"4"
"观"	0	0	0	1	0.332	0.13	0.042	0.496	-0.175	-0.061	-0.018	0.304	0.558	"4"
"观念"	0	0	0	1	0.332	0.13	0.042	0.496	-0.175	-0.061	-0.018	0.304	0.558	"4"
"观赏"	0	0	0	1	0.332	0.13	0.042	0.496	-0.175	-0.061	-0.018	0.304	0.558	"4"
"规定工"	1	0	0	0	0.332	0.13	0.042	0.496	0.479	-0.061	-0.018	-0.298	0.856	"1"
"解套"	1	0	0	0	0.332	0.13	0.042	0.496	0.479	-0.061	-0.018	-0.298	0.856	"1"
"解放"	0	0	0	4	1.328	0.52	0.166	1.985	-0.701	-0.242	-0.074	1.217	2.234	"4"
"计时"	0	0	0	1	0.332	0.13	0.042	0.496	-0.175	-0.061	-0.018	0.304	0.558	"4"
"训政"	0	0	0	1	0.332	0.13	0.042	0.496	-0.175	-0.061	-0.018	0.304	0.558	"4"
"议事"	0	0	0	1	0.332	0.13	0.042	0.496	-0.175	-0.061	-0.018	0.304	0.558	"4"
"记忆"	0	0	0	1	0.332	0.13	0.042	0.496	-0.175	-0.061	-0.018	0.304	0.558	"4"
"记者会"	0	0	0	2	0.664	0.26	0.083	0.993	-0.35	-0.121	-0.037	0.608	1.116	"4"
"记载"	0	2	0	0	0.664	0.26	0.083	0.993	-0.35	1.772	-0.037	-0.596	2.755	"2"
"许多"	0	0	0	1	0.332	0.13	0.042	0.496	-0.175	-0.061	-0.018	0.304	0.558	"4"
"论坛"	1	0	0	0	0.332	0.13	0.042	0.496	0.479	-0.061	-0.018	-0.298	0.856	"1"
"论证"	0	0	0	1	0.332	0.13	0.042	0.496	-0.175	-0.061	-0.018	0.304	0.558	"4"
"访友"	0	1	0	0	0.332	0.13	0.042	0.496	-0.175	0.886	-0.018	-0.298	1.377	"2"
"诗歌"	0	0	0	1	0.332	0.13	0.042	0.496	-0.175	-0.061	-0.018	0.304	0.558	"4"
"诞生"	0	0	0	1	0.332	0.13	0.042	0.496	-0.175	-0.061	-0.018	0.304	0.558	"4"
"说服"	1	0	0	0	0.332	0.13	0.042	0.496	0.479	-0.061	-0.018	-0.298	0.856	"1"
"诸"	1	0	0	0	0.332	0.13	0.042	0.496	0.479	-0.061	-0.018	-0.298	0.856	"1"
"诸侯国"	0	1	0	0	0.332	0.13	0.042	0.496	-0.175	0.886	-0.018	-0.298	1.377	"2"
"读书"	0	0	0	3	0.996	0.39	0.125	1.489	-0.526	-0.182	-0.055	0.913	1.676	"4"
"读图"	0	0	0	1	0.332	0.13	0.042	0.496	-0.175	-0.061	-0.018	0.304	0.558	"4"
"读物"	1	0	0	0	0.332	0.13	0.042	0.496	0.479	-0.061	-0.018	-0.298	0.856	"1"
"谈何容易"	0	0	0	1	0.332	0.13	0.042	0.496	-0.175	-0.061	-0.018	0.304	0.558	"4"
"谜团"	0	0	0	1	0.332	0.13	0.042	0.496	-0.175	-0.061	-0.018	0.304	0.558	"4"
"谱写"	1	0	0	0	0.332	0.13	0.042	0.496	0.479	-0.061	-0.018	-0.298	0.856	"1"
"象征"	2	0	0	1	0.996	0.39	0.125	1.489	0.589	-0.182	-0.055	-0.296	1.122	"1"
"贝丘"	0	1	0	0	0.332	0.13	0.042	0.496	-0.175	0.886	-0.018	-0.298	1.377	"2"
"贡献"	0	0	0	1	0.332	0.13	0.042	0.496	-0.175	-0.061	-0.018	0.304	0.558	"4"
"贡生"	0	0	0	1	0.332	0.13	0.042	0.496	-0.175	-0.061	-0.018	0.304	0.558	"4"
"资讯"	3	1	0	0	1.328	0.52	0.166	1.985	0.959	0.369	-0.074	-1.191	2.593	"4"
"走"	1	0	0	1	0.664	0.26	0.083	0.993	0.257	-0.121	-0.037	0.127	0.542	"1"
"走向"	1	0	0	0	0.332	0.13	0.042	0.496	0.479	-0.061	-0.018	-0.298	0.856	"1"
"走进"	0	0	1	0	0.332	0.13	0.042	0.496	-0.175	-0.061	1.381	-0.298	1.915	"3"
"赶上"	1	0	0	0	0.332	0.13	0.042	0.496	0.479	-0.061	-0.018	-0.298	0.856	"1"
"起源"	0	1	0	0	0.332	0.13	0.042	0.496	-0.175	0.886	-0.018	-0.298	1.377	"2"
"超低"	0	0	0	1	0.332	0.13	0.042	0.496	-0.175	-0.061	-0.018	0.304	0.558	"4"
"超强"	0	0	0	1	0.332	0.13	0.042	0.496	-0.175	-0.061	-0.018	0.304	0.558	"4"
"超越"	1	0	0	0	0.332	0.13	0.042	0.496	0.479	-0.061	-0.018	-0.298	0.856	"1"
"越战"	0	0	0	1	0.332	0.13	0.042	0.496	-0.175	-0.061	-0.018	0.304	0.558	"4"
"趋势"	3	0	0	0	0.996	0.39	0.125	1.489	1.436	-0.182	-0.055	-0.894	2.567	"1"
"跑者"	0	0	0	1	0.332	0.13	0.042	0.496	-0.175	-0.061	-0.018	0.304	0.558	"4"
"距"	0	5	0	0	1.66	0.65	0.208	2.482	-0.876	4.429	-0.092	-1.489	6.886	"2"
"距离"	0	0	0	1	0.332	0.13	0.042	0.496	-0.175	-0.061	-0.018	0.304	0.558	"4"
"跟上"	1	0	0	1	0.664	0.26	0.083	0.993	0.257	-0.121	-0.037	0.127	0.542	"1"
"跟不上"	0	0	0	1	0.332	0.13	0.042	0.496	-0.175	-0.061	-0.018	0.304	0.558	"4"
"跨越"	2	0	0	0	0.664	0.26	0.083	0.993	0.958	-0.121	-0.037	-0.596	1.712	"1"
"踏入"	1	0	0	0	0.332	0.13	0.042	0.496	0.479	-0.061	-0.018	-0.298	0.856	"1"
"轮廓"	0	0	0	1	0.332	0.13	0.042	0.496	-0.175	-0.061	-0.018	0.304	0.558	"4"
"轮替"	1	0	0	0	0.332	0.13	0.042	0.496	0.479	-0.061	-0.018	-0.298	0.856	"1"
"载文"	0	0	1	0	0.332	0.13	0.042	0.496	-0.175	-0.061	1.381	-0.298	1.915	"3"
"较"	0	0	0	1	0.332	0.13	0.042	0.496	-0.175	-0.061	-0.018	0.304	0.558	"4"
"辉煌"	0	0	0	2	0.664	0.26	0.083	0.993	-0.35	-0.121	-0.037	0.608	1.116	"4"
"辽"	0	1	0	0	0.332	0.13	0.042	0.496	-0.175	0.886	-0.018	-0.298	1.377	"2"
"迁徙"	0	1	0	0	0.332	0.13	0.042	0.496	-0.175	0.886	-0.018	-0.298	1.377	"2"
"过去"	0	0	0	13	4.316	1.691	0.54	6.452	-2.278	-0.787	-0.24	3.955	7.26	"4"
"迈入"	1	0	0	0	0.332	0.13	0.042	0.496	0.479	-0.061	-0.018	-0.298	0.856	"1"
"迈向"	2	0	0	0	0.664	0.26	0.083	0.993	0.958	-0.121	-0.037	-0.596	1.712	"1"
"迈进"	0	0	0	1	0.332	0.13	0.042	0.496	-0.175	-0.061	-0.018	0.304	0.558	"4"
"迎"	1	0	0	0	0.332	0.13	0.042	0.496	0.479	-0.061	-0.018	-0.298	0.856	"1"
"迎上"	1	0	0	0	0.332	0.13	0.042	0.496	0.479	-0.061	-0.018	-0.298	0.856	"1"
"迎接"	4	0	0	0	1.328	0.52	0.166	1.985	1.915	-0.242	-0.074	-1.191	3.422	"1"
"运动队"	1	0	0	0	0.332	0.13	0.042	0.496	0.479	-0.061	-0.018	-0.298	0.856	"1"
"近"	1	0	0	4	1.66	0.65	0.208	2.482	-0.334	-0.303	-0.092	0.738	1.467	"4"
"近代"	0	1	0	0	0.332	0.13	0.042	0.496	-0.175	0.886	-0.018	-0.298	1.377	"2"
"还是"	0	0	0	1	0.332	0.13	0.042	0.496	-0.175	-0.061	-0.018	0.304	0.558	"4"
"进入"	3	0	0	14	5.644	2.211	0.707	8.438	-0.877	-1.029	-0.313	2.233	4.452	"4"
"进步"	5	0	0	0	1.66	0.65	0.208	2.482	2.394	-0.303	-0.092	-1.489	4.278	"1"
"远古"	1	0	0	0	0.332	0.13	0.042	0.496	0.479	-0.061	-0.018	-0.298	0.856	"1"
"连天"	0	0	0	1	0.332	0.13	0.042	0.496	-0.175	-0.061	-0.018	0.304	0.558	"4"
"连线"	0	0	0	1	0.332	0.13	0.042	0.496	-0.175	-0.061	-0.018	0.304	0.558	"4"
"迫害"	0	1	0	0	0.332	0.13	0.042	0.496	-0.175	0.886	-0.018	-0.298	1.377	"2"
"追求"	0	0	0	2	0.664	0.26	0.083	0.993	-0.35	-0.121	-0.037	0.608	1.116	"4"
"适合"	0	0	0	1	0.332	0.13	0.042	0.496	-0.175	-0.061	-0.018	0.304	0.558	"4"
"适应"	1	0	0	1	0.664	0.26	0.083	0.993	0.257	-0.121	-0.037	0.127	0.542	"1"
"通讯"	2	0	0	0	0.664	0.26	0.083	0.993	0.958	-0.121	-0.037	-0.596	1.712	"1"
"通讯塔"	1	0	0	0	0.332	0.13	0.042	0.496	0.479	-0.061	-0.018	-0.298	0.856	"1"
"速"	1	0	0	0	0.332	0.13	0.042	0.496	0.479	-0.061	-0.018	-0.298	0.856	"1"
"速食"	0	0	0	1	0.332	0.13	0.042	0.496	-0.175	-0.061	-0.018	0.304	0.558	"4"
"造像"	0	0	0	2	0.664	0.26	0.083	0.993	-0.35	-0.121	-0.037	0.608	1.116	"4"
"週刊"	3	0	0	0	0.996	0.39	0.125	1.489	1.436	-0.182	-0.055	-0.894	2.567	"1"
"遇刺案"	0	0	0	1	0.332	0.13	0.042	0.496	-0.175	-0.061	-0.018	0.304	0.558	"4"
"遗"	0	1	0	0	0.332	0.13	0.042	0.496	-0.175	0.886	-0.018	-0.298	1.377	"2"
"遗址"	0	8	0	0	2.656	1.041	0.333	3.971	-1.402	7.086	-0.147	-2.383	11.018	"2"
"遗存"	0	2	0	0	0.664	0.26	0.083	0.993	-0.35	1.772	-0.037	-0.596	2.755	"2"
"遗物"	0	1	0	0	0.332	0.13	0.042	0.496	-0.175	0.886	-0.018	-0.298	1.377	"2"
"遗留下"	0	0	0	3	0.996	0.39	0.125	1.489	-0.526	-0.182	-0.055	0.913	1.676	"4"
"那"	0	0	0	7	2.324	0.911	0.291	3.474	-1.227	-0.424	-0.129	2.13	3.91	"4"
"邦谊"	1	0	0	0	0.332	0.13	0.042	0.496	0.479	-0.061	-0.018	-0.298	0.856	"1"
"邸安和"	0	0	0	1	0.332	0.13	0.042	0.496	-0.175	-0.061	-0.018	0.304	0.558	"4"
"郡涅阳"	0	1	0	0	0.332	0.13	0.042	0.496	-0.175	0.886	-0.018	-0.298	1.377	"2"
"里"	0	0	0	2	0.664	0.26	0.083	0.993	-0.35	-0.121	-0.037	0.608	1.116	"4"
"重化工业"	0	0	0	1	0.332	0.13	0.042	0.496	-0.175	-0.061	-0.018	0.304	0.558	"4"
"重要"	8	1	0	2	3.652	1.431	0.457	5.46	2.066	-0.243	-0.203	-1.462	3.974	"1"
"重造"	0	0	1	0	0.332	0.13	0.042	0.496	-0.175	-0.061	1.381	-0.298	1.915	"3"
"野战军"	0	0	0	1	0.332	0.13	0.042	0.496	-0.175	-0.061	-0.018	0.304	0.558	"4"
"金援"	0	0	0	1	0.332	0.13	0.042	0.496	-0.175	-0.061	-0.018	0.304	0.558	"4"
"金融史"	0	0	0	1	0.332	0.13	0.042	0.496	-0.175	-0.061	-0.018	0.304	0.558	"4"
"钱币"	0	0	0	1	0.332	0.13	0.042	0.496	-0.175	-0.061	-0.018	0.304	0.558	"4"
"铁器"	0	1	0	0	0.332	0.13	0.042	0.496	-0.175	0.886	-0.018	-0.298	1.377	"2"
"铁腕"	0	0	0	1	0.332	0.13	0.042	0.496	-0.175	-0.061	-0.018	0.304	0.558	"4"
"铜钱"	0	1	0	0	0.332	0.13	0.042	0.496	-0.175	0.886	-0.018	-0.298	1.377	"2"
"铜锣湾"	0	0	0	1	0.332	0.13	0.042	0.496	-0.175	-0.061	-0.018	0.304	0.558	"4"
"铜镜"	0	1	0	0	0.332	0.13	0.042	0.496	-0.175	0.886	-0.018	-0.298	1.377	"2"
"锡"	0	0	0	1	0.332	0.13	0.042	0.496	-0.175	-0.061	-0.018	0.304	0.558	"4"
"锻鍊"	0	0	0	1	0.332	0.13	0.042	0.496	-0.175	-0.061	-0.018	0.304	0.558	"4"
"长"	0	0	0	6	1.992	0.78	0.249	2.978	-1.051	-0.363	-0.111	1.825	3.35	"4"
"门票"	0	0	0	1	0.332	0.13	0.042	0.496	-0.175	-0.061	-0.018	0.304	0.558	"4"
"阖家"	0	0	0	1	0.332	0.13	0.042	0.496	-0.175	-0.061	-0.018	0.304	0.558	"4"
"防御"	0	0	0	2	0.664	0.26	0.083	0.993	-0.35	-0.121	-0.037	0.608	1.116	"4"
"阳间"	0	0	0	1	0.332	0.13	0.042	0.496	-0.175	-0.061	-0.018	0.304	0.558	"4"
"阵地战"	0	0	0	1	0.332	0.13	0.042	0.496	-0.175	-0.061	-0.018	0.304	0.558	"4"
"阿根廷"	0	0	0	1	0.332	0.13	0.042	0.496	-0.175	-0.061	-0.018	0.304	0.558	"4"
"陈建德"	1	0	0	0	0.332	0.13	0.042	0.496	0.479	-0.061	-0.018	-0.298	0.856	"1"
"陈志远"	0	0	0	1	0.332	0.13	0.042	0.496	-0.175	-0.061	-0.018	0.304	0.558	"4"
"陈金根"	0	0	0	1	0.332	0.13	0.042	0.496	-0.175	-0.061	-0.018	0.304	0.558	"4"
"限制"	1	0	0	0	0.332	0.13	0.042	0.496	0.479	-0.061	-0.018	-0.298	0.856	"1"
"限定"	0	0	0	1	0.332	0.13	0.042	0.496	-0.175	-0.061	-0.018	0.304	0.558	"4"
"陕西"	0	1	0	0	0.332	0.13	0.042	0.496	-0.175	0.886	-0.018	-0.298	1.377	"2"
"陶器"	0	2	0	0	0.664	0.26	0.083	0.993	-0.35	1.772	-0.037	-0.596	2.755	"2"
"陶窑"	0	1	0	0	0.332	0.13	0.042	0.496	-0.175	0.886	-0.018	-0.298	1.377	"2"
"随着"	6	0	0	0	1.992	0.78	0.249	2.978	2.873	-0.363	-0.111	-1.787	5.134	"1"
"隐约"	1	0	0	0	0.332	0.13	0.042	0.496	0.479	-0.061	-0.018	-0.298	0.856	"1"
"需求"	0	0	0	1	0.332	0.13	0.042	0.496	-0.175	-0.061	-0.018	0.304	0.558	"4"
"需要"	5	0	0	0	1.66	0.65	0.208	2.482	2.394	-0.303	-0.092	-1.489	4.278	"1"
"霸权"	2	0	0	0	0.664	0.26	0.083	0.993	0.958	-0.121	-0.037	-0.596	1.712	"1"
"青少"	0	0	0	1	0.332	0.13	0.042	0.496	-0.175	-0.061	-0.018	0.304	0.558	"4"
"青少年"	0	0	0	1	0.332	0.13	0.042	0.496	-0.175	-0.061	-0.018	0.304	0.558	"4"
"青年"	1	0	0	0	0.332	0.13	0.042	0.496	0.479	-0.061	-0.018	-0.298	0.856	"1"
"青花"	0	1	0	0	0.332	0.13	0.042	0.496	-0.175	0.886	-0.018	-0.298	1.377	"2"
"青铜"	0	3	0	0	0.996	0.39	0.125	1.489	-0.526	2.657	-0.055	-0.894	4.132	"2"
"非典"	0	0	0	11	3.652	1.431	0.457	5.46	-1.928	-0.666	-0.203	3.346	6.143	"4"
"非常"	0	0	0	1	0.332	0.13	0.042	0.496	-0.175	-0.061	-0.018	0.304	0.558	"4"
"面临"	0	0	0	2	0.664	0.26	0.083	0.993	-0.35	-0.121	-0.037	0.608	1.116	"4"
"面对"	3	0	0	1	1.328	0.52	0.166	1.985	0.959	-0.242	-0.074	-0.498	1.773	"1"
"革命"	5	0	0	0	1.66	0.65	0.208	2.482	2.394	-0.303	-0.092	-1.489	4.278	"1"
"音乐"	0	0	0	1	0.332	0.13	0.042	0.496	-0.175	-0.061	-0.018	0.304	0.558	"4"
"顶尖"	0	0	0	1	0.332	0.13	0.042	0.496	-0.175	-0.061	-0.018	0.304	0.558	"4"
"顺应"	3	0	0	0	0.996	0.39	0.125	1.489	1.436	-0.182	-0.055	-0.894	2.567	"1"
"颁布"	0	0	0	1	0.332	0.13	0.042	0.496	-0.175	-0.061	-0.018	0.304	0.558	"4"
"预祝"	1	0	0	0	0.332	0.13	0.042	0.496	0.479	-0.061	-0.018	-0.298	0.856	"1"
"频繁"	0	1	0	0	0.332	0.13	0.042	0.496	-0.175	0.886	-0.018	-0.298	1.377	"2"
"风云"	0	0	0	1	0.332	0.13	0.042	0.496	-0.175	-0.061	-0.018	0.304	0.558	"4"
"风光"	0	0	0	1	0.332	0.13	0.042	0.496	-0.175	-0.061	-0.018	0.304	0.558	"4"
"风情"	0	0	0	1	0.332	0.13	0.042	0.496	-0.175	-0.061	-0.018	0.304	0.558	"4"
"风貌"	0	1	0	1	0.664	0.26	0.083	0.993	-0.35	0.614	-0.037	0.127	1.128	"2"
"风起云涌"	1	0	0	0	0.332	0.13	0.042	0.496	0.479	-0.061	-0.018	-0.298	0.856	"1"
"飞跃"	1	0	0	0	0.332	0.13	0.042	0.496	0.479	-0.061	-0.018	-0.298	0.856	"1"
"飞速"	1	0	0	0	0.332	0.13	0.042	0.496	0.479	-0.061	-0.018	-0.298	0.856	"1"
"马共"	0	0	0	1	0.332	0.13	0.042	0.496	-0.175	-0.061	-0.018	0.304	0.558	"4"
"马圈沟"	0	1	0	0	0.332	0.13	0.042	0.496	-0.175	0.886	-0.018	-0.298	1.377	"2"
"马尔克斯"	0	0	1	0	0.332	0.13	0.042	0.496	-0.175	-0.061	1.381	-0.298	1.915	"3"
"高中"	0	0	0	1	0.332	0.13	0.042	0.496	-0.175	-0.061	-0.018	0.304	0.558	"4"
"高举"	0	0	0	1	0.332	0.13	0.042	0.496	-0.175	-0.061	-0.018	0.304	0.558	"4"
"高压"	0	0	0	1	0.332	0.13	0.042	0.496	-0.175	-0.061	-0.018	0.304	0.558	"4"
"高峰"	0	0	0	1	0.332	0.13	0.042	0.496	-0.175	-0.061	-0.018	0.304	0.558	"4"
"高新银行"	1	0	0	0	0.332	0.13	0.042	0.496	0.479	-0.061	-0.018	-0.298	0.856	"1"
"高消费"	0	0	0	1	0.332	0.13	0.042	0.496	-0.175	-0.061	-0.018	0.304	0.558	"4"
"高科技"	4	0	0	0	1.328	0.52	0.166	1.985	1.915	-0.242	-0.074	-1.191	3.422	"1"
"高考"	0	0	0	4	1.328	0.52	0.166	1.985	-0.701	-0.242	-0.074	1.217	2.234	"4"
"高速"	0	0	0	2	0.664	0.26	0.083	0.993	-0.35	-0.121	-0.037	0.608	1.116	"4"
"高阶段"	0	1	0	0	0.332	0.13	0.042	0.496	-0.175	0.886	-0.018	-0.298	1.377	"2"
"魄力"	1	0	0	0	0.332	0.13	0.042	0.496	0.479	-0.061	-0.018	-0.298	0.856	"1"
"魏"	0	1	0	0	0.332	0.13	0.042	0.496	-0.175	0.886	-0.018	-0.298	1.377	"2"
"鲜明"	1	0	0	0	0.332	0.13	0.042	0.496	0.479	-0.061	-0.018	-0.298	0.856	"1"
"鲤鱼"	0	1	0	1	0.664	0.26	0.083	0.993	-0.35	0.614	-0.037	0.127	1.128	"2"
"鹰"	0	0	0	1	0.332	0.13	0.042	0.496	-0.175	-0.061	-0.018	0.304	0.558	"4"
"麦卡"	0	0	0	1	0.332	0.13	0.042	0.496	-0.175	-0.061	-0.018	0.304	0.558	"4"
"麦卡锡"	0	0	0	1	0.332	0.13	0.042	0.496	-0.175	-0.061	-0.018	0.304	0.558	"4"
"黄国华"	0	0	0	1	0.332	0.13	0.042	0.496	-0.175	-0.061	-0.018	0.304	0.558	"4"
"黄金"	0	0	0	2	0.664	0.26	0.083	0.993	-0.35	-0.121	-0.037	0.608	1.116	"4"
"黑暗"	0	0	0	4	1.328	0.52	0.166	1.985	-0.701	-0.242	-0.074	1.217	2.234	"4"
"黯淡"	0	0	0	1	0.332	0.13	0.042	0.496	-0.175	-0.061	-0.018	0.304	0.558	"4"
