"Coll_Word"	"1"	"2"	"3"	"exp_1"	"exp_2"	"exp_3"	"pbin_1"	"pbin_2"	"pbin_3"	"SumAbsDev"	"LargestDev"
"－－"	0	0	1	0.384	0.245	0.372	-0.21	-0.122	0.43	0.762	"3"
"、"	1	0	29	11.517	7.336	11.147	-5.016	-3.654	11.185	19.855	"3"
"﹑"	0	3	0	1.152	0.734	1.115	-0.631	1.835	-0.605	3.071	"2"
"“"	37	0	0	14.204	9.048	13.748	15.385	-4.506	-7.464	27.355	"1"
"”"	30	0	0	11.517	7.336	11.147	12.474	-3.654	-6.052	22.18	"1"
"《"	4	0	0	1.536	0.978	1.486	1.663	-0.487	-0.807	2.957	"1"
"》"	3	0	0	1.152	0.734	1.115	1.247	-0.365	-0.605	2.217	"1"
"「"	18	0	0	6.91	4.402	6.688	7.484	-2.192	-3.631	13.307	"1"
"」"	25	0	1	9.981	6.358	9.661	9.18	-3.167	-4.031	16.378	"1"
"□"	1	0	0	0.384	0.245	0.372	0.416	-0.122	-0.202	0.74	"1"
"○○一"	1	0	0	0.384	0.245	0.372	0.416	-0.122	-0.202	0.74	"1"
"180"	1	0	0	0.384	0.245	0.372	0.416	-0.122	-0.202	0.74	"1"
"2008年"	1	0	0	0.384	0.245	0.372	0.416	-0.122	-0.202	0.74	"1"
"30余"	0	0	1	0.384	0.245	0.372	-0.21	-0.122	0.43	0.762	"3"
"3480"	1	0	0	0.384	0.245	0.372	0.416	-0.122	-0.202	0.74	"1"
"7.2"	0	0	1	0.384	0.245	0.372	-0.21	-0.122	0.43	0.762	"3"
"80年"	1	0	0	0.384	0.245	0.372	0.416	-0.122	-0.202	0.74	"1"
"863"	1	0	0	0.384	0.245	0.372	0.416	-0.122	-0.202	0.74	"1"
"891024"	1	0	0	0.384	0.245	0.372	0.416	-0.122	-0.202	0.74	"1"
"900104"	1	0	0	0.384	0.245	0.372	0.416	-0.122	-0.202	0.74	"1"
"90年代"	0	1	0	0.384	0.245	0.372	-0.21	0.612	-0.202	1.024	"2"
"A"	2	0	0	0.768	0.489	0.743	0.832	-0.244	-0.403	1.479	"1"
"APEC"	1	0	0	0.384	0.245	0.372	0.416	-0.122	-0.202	0.74	"1"
"Architects"	1	0	0	0.384	0.245	0.372	0.416	-0.122	-0.202	0.74	"1"
"e"	1	0	0	0.384	0.245	0.372	0.416	-0.122	-0.202	0.74	"1"
"IA"	0	0	1	0.384	0.245	0.372	-0.21	-0.122	0.43	0.762	"3"
"IT"	0	0	2	0.768	0.489	0.743	-0.421	-0.244	0.86	1.525	"3"
"SONY"	2	0	0	0.768	0.489	0.743	0.832	-0.244	-0.403	1.479	"1"
"workshop"	1	0	0	0.384	0.245	0.372	0.416	-0.122	-0.202	0.74	"1"
"一些"	1	2	6	3.455	2.201	3.344	-1.073	-0.21	1.149	2.432	"3"
"一体"	0	0	1	0.384	0.245	0.372	-0.21	-0.122	0.43	0.762	"3"
"一共"	1	0	0	0.384	0.245	0.372	0.416	-0.122	-0.202	0.74	"1"
"一味"	0	0	1	0.384	0.245	0.372	-0.21	-0.122	0.43	0.762	"3"
"一时间"	1	0	0	0.384	0.245	0.372	0.416	-0.122	-0.202	0.74	"1"
"一生"	1	0	0	0.384	0.245	0.372	0.416	-0.122	-0.202	0.74	"1"
"一级"	0	0	1	0.384	0.245	0.372	-0.21	-0.122	0.43	0.762	"3"
"一般"	1	0	0	0.384	0.245	0.372	0.416	-0.122	-0.202	0.74	"1"
"一般人员"	1	0	0	0.384	0.245	0.372	0.416	-0.122	-0.202	0.74	"1"
"一般性"	0	0	1	0.384	0.245	0.372	-0.21	-0.122	0.43	0.762	"3"
"三十七"	1	0	0	0.384	0.245	0.372	0.416	-0.122	-0.202	0.74	"1"
"上进"	1	0	0	0.384	0.245	0.372	0.416	-0.122	-0.202	0.74	"1"
"下列"	1	0	0	0.384	0.245	0.372	0.416	-0.122	-0.202	0.74	"1"
"不准"	1	0	0	0.384	0.245	0.372	0.416	-0.122	-0.202	0.74	"1"
"不同"	3	0	3	2.303	1.467	2.229	0.374	-0.731	0.401	1.506	"2"
"不得"	1	0	0	0.384	0.245	0.372	0.416	-0.122	-0.202	0.74	"1"
"不断"	0	11	0	4.223	2.69	4.087	-2.314	6.728	-2.219	11.261	"2"
"与"	0	22	12	13.052	8.315	12.633	-7.152	6.1	-0.312	13.564	"1"
"专"	0	0	1	0.384	0.245	0.372	-0.21	-0.122	0.43	0.762	"3"
"专业"	0	1	12	4.991	3.179	4.83	-2.734	-0.867	4.228	7.829	"3"
"专业化"	0	0	1	0.384	0.245	0.372	-0.21	-0.122	0.43	0.762	"3"
"专家"	3	1	7	4.223	2.69	4.087	-0.474	-0.681	1.164	2.319	"3"
"专注"	1	0	0	0.384	0.245	0.372	0.416	-0.122	-0.202	0.74	"1"
"专科"	3	0	0	1.152	0.734	1.115	1.247	-0.365	-0.605	2.217	"1"
"专题"	2	0	0	0.768	0.489	0.743	0.832	-0.244	-0.403	1.479	"1"
"世界"	4	0	0	1.536	0.978	1.486	1.663	-0.487	-0.807	2.957	"1"
"世界性"	0	0	1	0.384	0.245	0.372	-0.21	-0.122	0.43	0.762	"3"
"世纪"	2	0	0	0.768	0.489	0.743	0.832	-0.244	-0.403	1.479	"1"
"世纪坛"	1	0	0	0.384	0.245	0.372	0.416	-0.122	-0.202	0.74	"1"
"世纪城"	1	0	0	0.384	0.245	0.372	0.416	-0.122	-0.202	0.74	"1"
"业务"	2	0	3	1.919	1.223	1.858	0.197	-0.609	0.569	1.375	"2"
"业者"	1	0	0	0.384	0.245	0.372	0.416	-0.122	-0.202	0.74	"1"
"东盟"	0	1	0	0.384	0.245	0.372	-0.21	0.612	-0.202	1.024	"2"
"两国"	0	36	2	14.588	9.293	14.119	-7.993	19.408	-5.236	32.637	"2"
"两岸"	2	0	0	0.768	0.489	0.743	0.832	-0.244	-0.403	1.479	"1"
"个"	9	20	20	18.81	11.983	18.207	-2.668	2.073	0.459	5.2	"1"
"个别"	0	0	1	0.384	0.245	0.372	-0.21	-0.122	0.43	0.762	"3"
"个性化"	0	0	1	0.384	0.245	0.372	-0.21	-0.122	0.43	0.762	"3"
"中俄"	0	2	0	0.768	0.489	0.743	-0.421	1.223	-0.403	2.047	"2"
"中医"	1	0	0	0.384	0.245	0.372	0.416	-0.122	-0.202	0.74	"1"
"中华"	1	0	0	0.384	0.245	0.372	0.416	-0.122	-0.202	0.74	"1"
"中印"	0	1	0	0.384	0.245	0.372	-0.21	0.612	-0.202	1.024	"2"
"中国家"	0	1	0	0.384	0.245	0.372	-0.21	0.612	-0.202	1.024	"2"
"中国画"	0	0	1	0.384	0.245	0.372	-0.21	-0.122	0.43	0.762	"3"
"中埔"	1	0	0	0.384	0.245	0.372	0.416	-0.122	-0.202	0.74	"1"
"中孟"	0	0	1	0.384	0.245	0.372	-0.21	-0.122	0.43	0.762	"3"
"中将"	2	0	0	0.768	0.489	0.743	0.832	-0.244	-0.403	1.479	"1"
"中山"	0	0	1	0.384	0.245	0.372	-0.21	-0.122	0.43	0.762	"3"
"中心"	2	0	1	1.152	0.734	1.115	0.483	-0.365	-0.162	1.01	"1"
"中方"	0	3	0	1.152	0.734	1.115	-0.631	1.835	-0.605	3.071	"2"
"中欧"	0	1	0	0.384	0.245	0.372	-0.21	0.612	-0.202	1.024	"2"
"中法"	0	1	0	0.384	0.245	0.372	-0.21	0.612	-0.202	1.024	"2"
"中泰"	0	1	0	0.384	0.245	0.372	-0.21	0.612	-0.202	1.024	"2"
"中英"	0	1	0	0.384	0.245	0.372	-0.21	0.612	-0.202	1.024	"2"
"中越"	0	1	0	0.384	0.245	0.372	-0.21	0.612	-0.202	1.024	"2"
"中非"	0	4	0	1.536	0.978	1.486	-0.841	2.447	-0.807	4.095	"2"
"丰硕"	1	1	0	0.768	0.489	0.743	0.207	0.367	-0.403	0.977	"3"
"临时会"	1	0	0	0.384	0.245	0.372	0.416	-0.122	-0.202	0.74	"1"
"为"	26	0	2	10.749	6.847	10.404	8.634	-3.41	-3.473	15.517	"1"
"为主"	1	0	0	0.384	0.245	0.372	0.416	-0.122	-0.202	0.74	"1"
"为期"	1	0	0	0.384	0.245	0.372	0.416	-0.122	-0.202	0.74	"1"
"主办"	1	0	0	0.384	0.245	0.372	0.416	-0.122	-0.202	0.74	"1"
"主治"	1	0	0	0.384	0.245	0.372	0.416	-0.122	-0.202	0.74	"1"
"主线"	1	0	0	0.384	0.245	0.372	0.416	-0.122	-0.202	0.74	"1"
"主要"	0	0	1	0.384	0.245	0.372	-0.21	-0.122	0.43	0.762	"3"
"主讲"	1	0	0	0.384	0.245	0.372	0.416	-0.122	-0.202	0.74	"1"
"主讲人"	1	0	0	0.384	0.245	0.372	0.416	-0.122	-0.202	0.74	"1"
"主题"	6	0	0	2.303	1.467	2.229	2.495	-0.731	-1.21	4.436	"1"
"举"	1	0	0	0.384	0.245	0.372	0.416	-0.122	-0.202	0.74	"1"
"举世"	0	0	1	0.384	0.245	0.372	-0.21	-0.122	0.43	0.762	"3"
"举办"	0	0	1	0.384	0.245	0.372	-0.21	-0.122	0.43	0.762	"3"
"举行"	2	0	1	1.152	0.734	1.115	0.483	-0.365	-0.162	1.01	"1"
"义守"	1	0	0	0.384	0.245	0.372	0.416	-0.122	-0.202	0.74	"1"
"义工"	2	0	0	0.768	0.489	0.743	0.832	-0.244	-0.403	1.479	"1"
"之余"	1	0	0	0.384	0.245	0.372	0.416	-0.122	-0.202	0.74	"1"
"乐园"	3	0	0	1.152	0.734	1.115	1.247	-0.365	-0.605	2.217	"1"
"争议"	0	0	1	0.384	0.245	0.372	-0.21	-0.122	0.43	0.762	"3"
"事务"	1	2	0	1.152	0.734	1.115	-0.173	0.823	-0.605	1.601	"2"
"二千一百万"	1	0	0	0.384	0.245	0.372	0.416	-0.122	-0.202	0.74	"1"
"二百多"	1	0	0	0.384	0.245	0.372	0.416	-0.122	-0.202	0.74	"1"
"互信"	0	1	0	0.384	0.245	0.372	-0.21	0.612	-0.202	1.024	"2"
"互利"	0	2	0	0.768	0.489	0.743	-0.421	1.223	-0.403	2.047	"2"
"互访"	0	1	0	0.384	0.245	0.372	-0.21	0.612	-0.202	1.024	"2"
"五十年代"	1	0	0	0.384	0.245	0.372	0.416	-0.122	-0.202	0.74	"1"
"亚太线"	0	0	1	0.384	0.245	0.372	-0.21	-0.122	0.43	0.762	"3"
"亚欧"	0	1	0	0.384	0.245	0.372	-0.21	0.612	-0.202	1.024	"2"
"亚洲"	4	0	0	1.536	0.978	1.486	1.663	-0.487	-0.807	2.957	"1"
"些"	3	0	0	1.152	0.734	1.115	1.247	-0.365	-0.605	2.217	"1"
"交叉"	0	0	2	0.768	0.489	0.743	-0.421	-0.244	0.86	1.525	"3"
"交往"	0	3	0	1.152	0.734	1.115	-0.631	1.835	-0.605	3.071	"2"
"交流"	2	21	4	10.365	6.603	10.032	-3.491	8.064	-1.986	13.541	"2"
"交融"	1	0	0	0.384	0.245	0.372	0.416	-0.122	-0.202	0.74	"1"
"交通"	0	2	5	2.687	1.712	2.601	-1.472	0.267	1.147	2.886	"1"
"交通局课"	1	0	0	0.384	0.245	0.372	0.416	-0.122	-0.202	0.74	"1"
"产"	0	0	3	1.152	0.734	1.115	-0.631	-0.365	1.29	2.286	"3"
"产业"	1	2	10	4.991	3.179	4.83	-1.775	-0.457	2.377	4.609	"3"
"产品"	0	0	8	3.071	1.956	2.973	-1.683	-0.974	3.44	6.097	"3"
"享有"	1	0	1	0.768	0.489	0.743	0.207	-0.244	0.218	0.669	"2"
"人口"	0	0	1	0.384	0.245	0.372	-0.21	-0.122	0.43	0.762	"3"
"人才"	0	0	3	1.152	0.734	1.115	-0.631	-0.365	1.29	2.286	"3"
"人数"	1	0	0	0.384	0.245	0.372	0.416	-0.122	-0.202	0.74	"1"
"人文"	0	0	2	0.768	0.489	0.743	-0.421	-0.244	0.86	1.525	"3"
"人类学"	0	0	1	0.384	0.245	0.372	-0.21	-0.122	0.43	0.762	"3"
"什么"	1	0	0	0.384	0.245	0.372	0.416	-0.122	-0.202	0.74	"1"
"今年"	10	0	0	3.839	2.445	3.716	4.158	-1.218	-2.017	7.393	"1"
"今昔"	0	0	1	0.384	0.245	0.372	-0.21	-0.122	0.43	0.762	"3"
"介绍"	1	0	0	0.384	0.245	0.372	0.416	-0.122	-0.202	0.74	"1"
"从事"	0	0	2	0.768	0.489	0.743	-0.421	-0.244	0.86	1.525	"3"
"代后半"	1	0	0	0.384	0.245	0.372	0.416	-0.122	-0.202	0.74	"1"
"代表"	1	0	0	0.384	0.245	0.372	0.416	-0.122	-0.202	0.74	"1"
"以外"	1	0	0	0.384	0.245	0.372	0.416	-0.122	-0.202	0.74	"1"
"任教"	1	0	0	0.384	0.245	0.372	0.416	-0.122	-0.202	0.74	"1"
"企业界"	1	0	0	0.384	0.245	0.372	0.416	-0.122	-0.202	0.74	"1"
"休闲"	1	0	0	0.384	0.245	0.372	0.416	-0.122	-0.202	0.74	"1"
"众多"	1	0	1	0.768	0.489	0.743	0.207	-0.244	0.218	0.669	"2"
"优先"	0	2	0	0.768	0.489	0.743	-0.421	1.223	-0.403	2.047	"2"
"优势"	0	1	6	2.687	1.712	2.601	-1.472	-0.339	1.901	3.712	"3"
"优异"	1	0	0	0.384	0.245	0.372	0.416	-0.122	-0.202	0.74	"1"
"优秀奖"	1	0	0	0.384	0.245	0.372	0.416	-0.122	-0.202	0.74	"1"
"伙伴"	1	0	0	0.384	0.245	0.372	0.416	-0.122	-0.202	0.74	"1"
"会"	2	0	0	0.768	0.489	0.743	0.832	-0.244	-0.403	1.479	"1"
"会堂"	1	0	0	0.384	0.245	0.372	0.416	-0.122	-0.202	0.74	"1"
"会考"	1	0	0	0.384	0.245	0.372	0.416	-0.122	-0.202	0.74	"1"
"会议"	13	0	0	4.991	3.179	4.83	5.405	-1.583	-2.623	9.611	"1"
"传统"	0	3	3	2.303	1.467	2.229	-1.262	0.793	0.401	2.456	"1"
"位在"	0	0	1	0.384	0.245	0.372	-0.21	-0.122	0.43	0.762	"3"
"低伤损"	1	0	0	0.384	0.245	0.372	0.416	-0.122	-0.202	0.74	"1"
"体制"	0	0	1	0.384	0.245	0.372	-0.21	-0.122	0.43	0.762	"3"
"体现"	0	0	1	0.384	0.245	0.372	-0.21	-0.122	0.43	0.762	"3"
"体育"	2	0	0	0.768	0.489	0.743	0.832	-0.244	-0.403	1.479	"1"
"余光"	1	0	0	0.384	0.245	0.372	0.416	-0.122	-0.202	0.74	"1"
"佛教"	0	0	1	0.384	0.245	0.372	-0.21	-0.122	0.43	0.762	"3"
"佛教会"	1	0	0	0.384	0.245	0.372	0.416	-0.122	-0.202	0.74	"1"
"作"	3	2	6	4.223	2.69	4.087	-0.474	-0.326	0.727	1.527	"3"
"作为"	1	0	0	0.384	0.245	0.372	0.416	-0.122	-0.202	0.74	"1"
"作坊"	1	0	0	0.384	0.245	0.372	0.416	-0.122	-0.202	0.74	"1"
"併"	0	0	1	0.384	0.245	0.372	-0.21	-0.122	0.43	0.762	"3"
"使用"	0	0	1	0.384	0.245	0.372	-0.21	-0.122	0.43	0.762	"3"
"依"	1	0	0	0.384	0.245	0.372	0.416	-0.122	-0.202	0.74	"1"
"依序"	1	0	0	0.384	0.245	0.372	0.416	-0.122	-0.202	0.74	"1"
"依据"	1	0	0	0.384	0.245	0.372	0.416	-0.122	-0.202	0.74	"1"
"促进"	0	4	1	1.919	1.223	1.858	-1.052	1.842	-0.411	3.305	"2"
"促进会"	0	0	1	0.384	0.245	0.372	-0.21	-0.122	0.43	0.762	"3"
"促销"	1	0	0	0.384	0.245	0.372	0.416	-0.122	-0.202	0.74	"1"
"保密"	0	0	1	0.384	0.245	0.372	-0.21	-0.122	0.43	0.762	"3"
"保留"	1	0	0	0.384	0.245	0.372	0.416	-0.122	-0.202	0.74	"1"
"保险"	0	0	1	0.384	0.245	0.372	-0.21	-0.122	0.43	0.762	"3"
"信息"	0	0	7	2.687	1.712	2.601	-1.472	-0.853	3.01	5.335	"3"
"信息产业"	0	0	2	0.768	0.489	0.743	-0.421	-0.244	0.86	1.525	"3"
"信息化"	0	0	1	0.384	0.245	0.372	-0.21	-0.122	0.43	0.762	"3"
"信息技术"	0	0	1	0.384	0.245	0.372	-0.21	-0.122	0.43	0.762	"3"
"修正"	1	0	0	0.384	0.245	0.372	0.416	-0.122	-0.202	0.74	"1"
"修读"	2	0	0	0.768	0.489	0.743	0.832	-0.244	-0.403	1.479	"1"
"借鉴"	0	1	1	0.768	0.489	0.743	-0.421	0.367	0.218	1.006	"1"
"做"	1	0	0	0.384	0.245	0.372	0.416	-0.122	-0.202	0.74	"1"
"健康"	1	0	1	0.768	0.489	0.743	0.207	-0.244	0.218	0.669	"2"
"健身"	1	0	0	0.384	0.245	0.372	0.416	-0.122	-0.202	0.74	"1"
"储存"	0	0	1	0.384	0.245	0.372	-0.21	-0.122	0.43	0.762	"3"
"允许"	1	0	0	0.384	0.245	0.372	0.416	-0.122	-0.202	0.74	"1"
"充分"	0	0	1	0.384	0.245	0.372	-0.21	-0.122	0.43	0.762	"3"
"充实"	0	1	0	0.384	0.245	0.372	-0.21	0.612	-0.202	1.024	"2"
"光通"	0	0	1	0.384	0.245	0.372	-0.21	-0.122	0.43	0.762	"3"
"入学"	1	0	0	0.384	0.245	0.372	0.416	-0.122	-0.202	0.74	"1"
"全"	1	0	0	0.384	0.245	0.372	0.416	-0.122	-0.202	0.74	"1"
"全新"	0	0	1	0.384	0.245	0.372	-0.21	-0.122	0.43	0.762	"3"
"全方位"	0	2	0	0.768	0.489	0.743	-0.421	1.223	-0.403	2.047	"2"
"全民"	1	0	0	0.384	0.245	0.372	0.416	-0.122	-0.202	0.74	"1"
"全面"	2	5	1	3.071	1.956	2.973	-0.456	1.604	-0.856	2.916	"2"
"公共"	1	2	6	3.455	2.201	3.344	-1.073	-0.21	1.149	2.432	"3"
"公园"	10	0	0	3.839	2.445	3.716	4.158	-1.218	-2.017	7.393	"1"
"公投"	1	0	0	0.384	0.245	0.372	0.416	-0.122	-0.202	0.74	"1"
"公益"	1	0	0	0.384	0.245	0.372	0.416	-0.122	-0.202	0.74	"1"
"六十"	1	0	0	0.384	0.245	0.372	0.416	-0.122	-0.202	0.74	"1"
"共同"	1	0	0	0.384	0.245	0.372	0.416	-0.122	-0.202	0.74	"1"
"共舞"	1	0	0	0.384	0.245	0.372	0.416	-0.122	-0.202	0.74	"1"
"关于"	0	0	1	0.384	0.245	0.372	-0.21	-0.122	0.43	0.762	"3"
"关税"	0	0	1	0.384	0.245	0.372	-0.21	-0.122	0.43	0.762	"3"
"关系"	0	16	1	6.526	4.157	6.317	-3.576	8.669	-2.386	14.631	"2"
"关键"	0	0	1	0.384	0.245	0.372	-0.21	-0.122	0.43	0.762	"3"
"兴建"	2	0	0	0.768	0.489	0.743	0.832	-0.244	-0.403	1.479	"1"
"兴趣"	2	0	0	0.768	0.489	0.743	0.832	-0.244	-0.403	1.479	"1"
"其他"	6	2	5	4.991	3.179	4.83	0.422	-0.457	0.248	1.127	"2"
"其它"	0	0	1	0.384	0.245	0.372	-0.21	-0.122	0.43	0.762	"3"
"具"	1	0	0	0.384	0.245	0.372	0.416	-0.122	-0.202	0.74	"1"
"具体"	0	0	1	0.384	0.245	0.372	-0.21	-0.122	0.43	0.762	"3"
"具有"	0	0	2	0.768	0.489	0.743	-0.421	-0.244	0.86	1.525	"3"
"典"	1	0	0	0.384	0.245	0.372	0.416	-0.122	-0.202	0.74	"1"
"兼职"	1	0	0	0.384	0.245	0.372	0.416	-0.122	-0.202	0.74	"1"
"内容"	4	0	0	1.536	0.978	1.486	1.663	-0.487	-0.807	2.957	"1"
"写下"	1	0	0	0.384	0.245	0.372	0.416	-0.122	-0.202	0.74	"1"
"军事"	0	3	1	1.536	0.978	1.486	-0.841	1.321	-0.28	2.442	"2"
"农"	0	0	1	0.384	0.245	0.372	-0.21	-0.122	0.43	0.762	"3"
"农业"	0	5	7	4.607	2.935	4.459	-2.524	0.834	0.948	4.306	"1"
"农牧业"	0	0	2	0.768	0.489	0.743	-0.421	-0.244	0.86	1.525	"3"
"决策"	1	0	0	0.384	0.245	0.372	0.416	-0.122	-0.202	0.74	"1"
"减灾"	0	0	1	0.384	0.245	0.372	-0.21	-0.122	0.43	0.762	"3"
"几"	1	0	0	0.384	0.245	0.372	0.416	-0.122	-0.202	0.74	"1"
"出席"	2	0	0	0.768	0.489	0.743	0.832	-0.244	-0.403	1.479	"1"
"分"	2	0	0	0.768	0.489	0.743	0.832	-0.244	-0.403	1.479	"1"
"分为"	2	0	0	0.768	0.489	0.743	0.832	-0.244	-0.403	1.479	"1"
"分享"	1	0	0	0.384	0.245	0.372	0.416	-0.122	-0.202	0.74	"1"
"分别"	3	0	0	1.152	0.734	1.115	1.247	-0.365	-0.605	2.217	"1"
"分区"	1	0	0	0.384	0.245	0.372	0.416	-0.122	-0.202	0.74	"1"
"分数"	1	0	0	0.384	0.245	0.372	0.416	-0.122	-0.202	0.74	"1"
"分组"	1	0	0	0.384	0.245	0.372	0.416	-0.122	-0.202	0.74	"1"
"切入"	1	0	0	0.384	0.245	0.372	0.416	-0.122	-0.202	0.74	"1"
"刊登"	1	0	0	0.384	0.245	0.372	0.416	-0.122	-0.202	0.74	"1"
"创业"	1	0	0	0.384	0.245	0.372	0.416	-0.122	-0.202	0.74	"1"
"创新"	2	0	1	1.152	0.734	1.115	0.483	-0.365	-0.162	1.01	"1"
"创造力"	1	0	0	0.384	0.245	0.372	0.416	-0.122	-0.202	0.74	"1"
"利用"	0	0	1	0.384	0.245	0.372	-0.21	-0.122	0.43	0.762	"3"
"制药"	0	0	1	0.384	0.245	0.372	-0.21	-0.122	0.43	0.762	"3"
"制造"	0	0	4	1.536	0.978	1.486	-0.841	-0.487	1.72	3.048	"3"
"制造业"	0	0	1	0.384	0.245	0.372	-0.21	-0.122	0.43	0.762	"3"
"前沿"	1	0	1	0.768	0.489	0.743	0.207	-0.244	0.218	0.669	"2"
"剑桥"	1	0	0	0.384	0.245	0.372	0.416	-0.122	-0.202	0.74	"1"
"副首长"	1	0	0	0.384	0.245	0.372	0.416	-0.122	-0.202	0.74	"1"
"力争"	0	0	1	0.384	0.245	0.372	-0.21	-0.122	0.43	0.762	"3"
"办理"	1	0	0	0.384	0.245	0.372	0.416	-0.122	-0.202	0.74	"1"
"加强"	0	14	8	8.445	5.38	8.174	-4.627	3.953	-0.248	8.828	"1"
"加深"	0	1	1	0.768	0.489	0.743	-0.421	0.367	0.218	1.006	"1"
"加热"	0	0	1	0.384	0.245	0.372	-0.21	-0.122	0.43	0.762	"3"
"加考"	1	0	0	0.384	0.245	0.372	0.416	-0.122	-0.202	0.74	"1"
"务"	0	0	1	0.384	0.245	0.372	-0.21	-0.122	0.43	0.762	"3"
"努"	1	0	0	0.384	0.245	0.372	0.416	-0.122	-0.202	0.74	"1"
"劳技"	0	0	1	0.384	0.245	0.372	-0.21	-0.122	0.43	0.762	"3"
"势头"	0	1	0	0.384	0.245	0.372	-0.21	0.612	-0.202	1.024	"2"
"勘察"	0	0	1	0.384	0.245	0.372	-0.21	-0.122	0.43	0.762	"3"
"包含"	1	0	2	1.152	0.734	1.115	-0.173	-0.365	0.506	1.044	"3"
"包括"	1	1	8	3.839	2.445	3.716	-1.244	-0.591	2.133	3.968	"3"
"化"	0	0	1	0.384	0.245	0.372	-0.21	-0.122	0.43	0.762	"3"
"化学"	0	0	2	0.768	0.489	0.743	-0.421	-0.244	0.86	1.525	"3"
"化工"	0	1	1	0.768	0.489	0.743	-0.421	0.367	0.218	1.006	"1"
"北大"	1	0	0	0.384	0.245	0.372	0.416	-0.122	-0.202	0.74	"1"
"医"	1	0	1	0.768	0.489	0.743	0.207	-0.244	0.218	0.669	"2"
"医学"	1	0	2	1.152	0.734	1.115	-0.173	-0.365	0.506	1.044	"3"
"医师"	1	0	0	0.384	0.245	0.372	0.416	-0.122	-0.202	0.74	"1"
"医疗"	1	1	2	1.536	0.978	1.486	-0.298	0.171	0.323	0.792	"3"
"医药"	0	0	2	0.768	0.489	0.743	-0.421	-0.244	0.86	1.525	"3"
"医药卫"	1	0	0	0.384	0.245	0.372	0.416	-0.122	-0.202	0.74	"1"
"医院"	1	0	0	0.384	0.245	0.372	0.416	-0.122	-0.202	0.74	"1"
"十五"	2	0	0	0.768	0.489	0.743	0.832	-0.244	-0.403	1.479	"1"
"十四时"	3	0	0	1.152	0.734	1.115	1.247	-0.365	-0.605	2.217	"1"
"千禧"	0	0	1	0.384	0.245	0.372	-0.21	-0.122	0.43	0.762	"3"
"升华"	1	0	0	0.384	0.245	0.372	0.416	-0.122	-0.202	0.74	"1"
"半导体"	0	0	1	0.384	0.245	0.372	-0.21	-0.122	0.43	0.762	"3"
"华文"	2	0	0	0.768	0.489	0.743	0.832	-0.244	-0.403	1.479	"1"
"协作"	0	1	0	0.384	0.245	0.372	-0.21	0.612	-0.202	1.024	"2"
"卓"	0	0	1	0.384	0.245	0.372	-0.21	-0.122	0.43	0.762	"3"
"卓越"	0	0	2	0.768	0.489	0.743	-0.421	-0.244	0.86	1.525	"3"
"南京"	0	0	1	0.384	0.245	0.372	-0.21	-0.122	0.43	0.762	"3"
"南南"	0	1	0	0.384	0.245	0.372	-0.21	0.612	-0.202	1.024	"2"
"南洋"	2	0	0	0.768	0.489	0.743	0.832	-0.244	-0.403	1.479	"1"
"博士"	0	0	2	0.768	0.489	0.743	-0.421	-0.244	0.86	1.525	"3"
"博物馆"	1	0	0	0.384	0.245	0.372	0.416	-0.122	-0.202	0.74	"1"
"博物馆长"	1	0	0	0.384	0.245	0.372	0.416	-0.122	-0.202	0.74	"1"
"博览会"	2	0	0	0.768	0.489	0.743	0.832	-0.244	-0.403	1.479	"1"
"卡罗林斯卡"	0	1	0	0.384	0.245	0.372	-0.21	0.612	-0.202	1.024	"2"
"卢乃桂"	1	0	0	0.384	0.245	0.372	0.416	-0.122	-0.202	0.74	"1"
"卫星通信"	0	0	1	0.384	0.245	0.372	-0.21	-0.122	0.43	0.762	"3"
"卫生"	0	4	5	3.455	2.201	3.344	-1.893	0.808	0.678	3.379	"1"
"却"	1	0	0	0.384	0.245	0.372	0.416	-0.122	-0.202	0.74	"1"
"原住民"	1	0	0	0.384	0.245	0.372	0.416	-0.122	-0.202	0.74	"1"
"原子能"	0	0	2	0.768	0.489	0.743	-0.421	-0.244	0.86	1.525	"3"
"县议会"	1	0	0	0.384	0.245	0.372	0.416	-0.122	-0.202	0.74	"1"
"参赛"	1	0	0	0.384	0.245	0.372	0.416	-0.122	-0.202	0.74	"1"
"及其"	0	2	1	1.152	0.734	1.115	-0.631	0.823	-0.162	1.616	"2"
"及格"	2	0	0	0.768	0.489	0.743	0.832	-0.244	-0.403	1.479	"1"
"友好"	0	13	0	4.991	3.179	4.83	-2.734	7.951	-2.623	13.308	"2"
"双方"	2	18	1	8.062	5.136	7.803	-2.437	8.229	-3.109	13.775	"2"
"双边"	0	3	0	1.152	0.734	1.115	-0.631	1.835	-0.605	3.071	"2"
"反"	1	0	0	0.384	0.245	0.372	0.416	-0.122	-0.202	0.74	"1"
"反吸烟"	2	0	0	0.768	0.489	0.743	0.832	-0.244	-0.403	1.479	"1"
"反恐"	0	1	0	0.384	0.245	0.372	-0.21	0.612	-0.202	1.024	"2"
"反映"	1	0	0	0.384	0.245	0.372	0.416	-0.122	-0.202	0.74	"1"
"发动机"	0	1	0	0.384	0.245	0.372	-0.21	0.612	-0.202	1.024	"2"
"发展"	2	22	19	16.507	10.516	15.977	-6.467	3.845	0.674	10.986	"1"
"发展为"	1	0	0	0.384	0.245	0.372	0.416	-0.122	-0.202	0.74	"1"
"发行"	1	0	0	0.384	0.245	0.372	0.416	-0.122	-0.202	0.74	"1"
"发表"	4	0	1	1.919	1.223	1.858	1.124	-0.609	-0.411	2.144	"1"
"发表会"	0	0	1	0.384	0.245	0.372	-0.21	-0.122	0.43	0.762	"3"
"发言"	1	0	0	0.384	0.245	0.372	0.416	-0.122	-0.202	0.74	"1"
"取得"	0	3	8	4.223	2.69	4.087	-2.314	0.278	1.741	4.333	"1"
"取消"	1	0	0	0.384	0.245	0.372	0.416	-0.122	-0.202	0.74	"1"
"古"	0	0	1	0.384	0.245	0.372	-0.21	-0.122	0.43	0.762	"3"
"古今中外"	1	0	0	0.384	0.245	0.372	0.416	-0.122	-0.202	0.74	"1"
"另外"	1	0	0	0.384	0.245	0.372	0.416	-0.122	-0.202	0.74	"1"
"可以"	2	0	0	0.768	0.489	0.743	0.832	-0.244	-0.403	1.479	"1"
"可惜"	1	0	0	0.384	0.245	0.372	0.416	-0.122	-0.202	0.74	"1"
"台中"	2	0	0	0.768	0.489	0.743	0.832	-0.244	-0.403	1.479	"1"
"台商"	2	0	0	0.768	0.489	0.743	0.832	-0.244	-0.403	1.479	"1"
"台商年"	1	0	0	0.384	0.245	0.372	0.416	-0.122	-0.202	0.74	"1"
"台聚"	1	0	0	0.384	0.245	0.372	0.416	-0.122	-0.202	0.74	"1"
"司法"	2	1	0	1.152	0.734	1.115	0.483	0.245	-0.605	1.333	"3"
"各"	0	28	18	17.659	11.249	17.092	-9.676	6.773	0.351	16.8	"1"
"各自"	0	0	2	0.768	0.489	0.743	-0.421	-0.244	0.86	1.525	"3"
"合"	0	0	3	1.152	0.734	1.115	-0.631	-0.365	1.29	2.286	"3"
"合作"	0	97	4	38.773	24.7	37.528	-21.244	53.199	-14.647	89.09	"2"
"合作制"	0	0	1	0.384	0.245	0.372	-0.21	-0.122	0.43	0.762	"3"
"合资"	0	2	0	0.768	0.489	0.743	-0.421	1.223	-0.403	2.047	"2"
"合适"	1	0	0	0.384	0.245	0.372	0.416	-0.122	-0.202	0.74	"1"
"同意"	1	0	0	0.384	0.245	0.372	0.416	-0.122	-0.202	0.74	"1"
"同样"	1	0	0	0.384	0.245	0.372	0.416	-0.122	-0.202	0.74	"1"
"听取"	1	0	0	0.384	0.245	0.372	0.416	-0.122	-0.202	0.74	"1"
"启动"	0	0	1	0.384	0.245	0.372	-0.21	-0.122	0.43	0.762	"3"
"启用"	1	0	0	0.384	0.245	0.372	0.416	-0.122	-0.202	0.74	"1"
"吸引"	2	0	0	0.768	0.489	0.743	0.832	-0.244	-0.403	1.479	"1"
"周"	2	0	0	0.768	0.489	0.743	0.832	-0.244	-0.403	1.479	"1"
"周慧盈"	1	0	0	0.384	0.245	0.372	0.416	-0.122	-0.202	0.74	"1"
"命脉"	0	0	1	0.384	0.245	0.372	-0.21	-0.122	0.43	0.762	"3"
"和平"	2	0	0	0.768	0.489	0.743	0.832	-0.244	-0.403	1.479	"1"
"和平年"	1	0	0	0.384	0.245	0.372	0.416	-0.122	-0.202	0.74	"1"
"哪些"	1	0	0	0.384	0.245	0.372	0.416	-0.122	-0.202	0.74	"1"
"哲学"	0	0	1	0.384	0.245	0.372	-0.21	-0.122	0.43	0.762	"3"
"售后"	1	0	0	0.384	0.245	0.372	0.416	-0.122	-0.202	0.74	"1"
"商务"	0	1	0	0.384	0.245	0.372	-0.21	0.612	-0.202	1.024	"2"
"商机"	0	0	1	0.384	0.245	0.372	-0.21	-0.122	0.43	0.762	"3"
"商标"	1	0	0	0.384	0.245	0.372	0.416	-0.122	-0.202	0.74	"1"
"商用车"	0	1	0	0.384	0.245	0.372	-0.21	0.612	-0.202	1.024	"2"
"喜欢"	1	0	0	0.384	0.245	0.372	0.416	-0.122	-0.202	0.74	"1"
"四"	1	0	0	0.384	0.245	0.372	0.416	-0.122	-0.202	0.74	"1"
"因"	1	0	0	0.384	0.245	0.372	0.416	-0.122	-0.202	0.74	"1"
"团组"	0	0	2	0.768	0.489	0.743	-0.421	-0.244	0.86	1.525	"3"
"团队"	1	0	0	0.384	0.245	0.372	0.416	-0.122	-0.202	0.74	"1"
"园"	1	0	0	0.384	0.245	0.372	0.416	-0.122	-0.202	0.74	"1"
"园区"	1	0	0	0.384	0.245	0.372	0.416	-0.122	-0.202	0.74	"1"
"园林"	1	0	0	0.384	0.245	0.372	0.416	-0.122	-0.202	0.74	"1"
"围绕"	3	0	0	1.152	0.734	1.115	1.247	-0.365	-0.605	2.217	"1"
"国"	2	12	4	6.91	4.402	6.688	-1.931	3.734	-0.848	6.513	"2"
"国中"	1	0	0	0.384	0.245	0.372	0.416	-0.122	-0.202	0.74	"1"
"国务院"	0	0	1	0.384	0.245	0.372	-0.21	-0.122	0.43	0.762	"3"
"国宾"	1	0	0	0.384	0.245	0.372	0.416	-0.122	-0.202	0.74	"1"
"国有"	0	0	2	0.768	0.489	0.743	-0.421	-0.244	0.86	1.525	"3"
"国际观光"	1	0	0	0.384	0.245	0.372	0.416	-0.122	-0.202	0.74	"1"
"图文并茂"	1	0	0	0.384	0.245	0.372	0.416	-0.122	-0.202	0.74	"1"
"图案"	2	0	0	0.768	0.489	0.743	0.832	-0.244	-0.403	1.479	"1"
"圣彼得堡"	1	0	0	0.384	0.245	0.372	0.416	-0.122	-0.202	0.74	"1"
"圣经"	1	0	0	0.384	0.245	0.372	0.416	-0.122	-0.202	0.74	"1"
"在"	28	54	61	54.896	34.971	53.134	-5.99	3.554	0.992	10.536	"1"
"在学"	0	0	1	0.384	0.245	0.372	-0.21	-0.122	0.43	0.762	"3"
"在校"	1	0	0	0.384	0.245	0.372	0.416	-0.122	-0.202	0.74	"1"
"地位"	0	0	3	1.152	0.734	1.115	-0.631	-0.365	1.29	2.286	"3"
"地理"	0	0	1	0.384	0.245	0.372	-0.21	-0.122	0.43	0.762	"3"
"场"	1	0	2	1.152	0.734	1.115	-0.173	-0.365	0.506	1.044	"3"
"坚实"	0	1	1	0.768	0.489	0.743	-0.421	0.367	0.218	1.006	"1"
"坚持"	3	0	0	1.152	0.734	1.115	1.247	-0.365	-0.605	2.217	"1"
"垄断"	0	0	1	0.384	0.245	0.372	-0.21	-0.122	0.43	0.762	"3"
"培养"	0	0	3	1.152	0.734	1.115	-0.631	-0.365	1.29	2.286	"3"
"培训班"	1	0	0	0.384	0.245	0.372	0.416	-0.122	-0.202	0.74	"1"
"基因"	0	0	2	0.768	0.489	0.743	-0.421	-0.244	0.86	1.525	"3"
"基本"	1	0	0	0.384	0.245	0.372	0.416	-0.122	-0.202	0.74	"1"
"基督教"	1	0	0	0.384	0.245	0.372	0.416	-0.122	-0.202	0.74	"1"
"基础"	0	4	8	4.607	2.935	4.459	-2.524	0.476	1.433	4.433	"1"
"堪称"	0	1	0	0.384	0.245	0.372	-0.21	0.612	-0.202	1.024	"2"
"墅"	1	0	0	0.384	0.245	0.372	0.416	-0.122	-0.202	0.74	"1"
"增值"	0	0	1	0.384	0.245	0.372	-0.21	-0.122	0.43	0.762	"3"
"增列"	1	0	0	0.384	0.245	0.372	0.416	-0.122	-0.202	0.74	"1"
"增进"	0	2	0	0.768	0.489	0.743	-0.421	1.223	-0.403	2.047	"2"
"处于"	1	0	2	1.152	0.734	1.115	-0.173	-0.365	0.506	1.044	"3"
"备忘录"	0	1	0	0.384	0.245	0.372	-0.21	0.612	-0.202	1.024	"2"
"外交"	1	0	2	1.152	0.734	1.115	-0.173	-0.365	0.506	1.044	"3"
"外商"	0	0	7	2.687	1.712	2.601	-1.472	-0.853	3.01	5.335	"3"
"外宾"	0	1	0	0.384	0.245	0.372	-0.21	0.612	-0.202	1.024	"2"
"外科"	2	0	0	0.768	0.489	0.743	0.832	-0.244	-0.403	1.479	"1"
"外贸"	0	0	1	0.384	0.245	0.372	-0.21	-0.122	0.43	0.762	"3"
"外资"	0	0	1	0.384	0.245	0.372	-0.21	-0.122	0.43	0.762	"3"
"多"	1	1	6	3.071	1.956	2.973	-0.906	-0.419	1.464	2.789	"3"
"多元"	2	0	0	0.768	0.489	0.743	0.832	-0.244	-0.403	1.479	"1"
"多方面"	0	1	0	0.384	0.245	0.372	-0.21	0.612	-0.202	1.024	"2"
"大"	15	0	0	5.758	3.668	5.573	6.237	-1.827	-3.026	11.09	"1"
"大会"	4	0	0	1.536	0.978	1.486	1.663	-0.487	-0.807	2.957	"1"
"大力"	1	1	0	0.768	0.489	0.743	0.207	0.367	-0.403	0.977	"3"
"大四"	0	0	1	0.384	0.245	0.372	-0.21	-0.122	0.43	0.762	"3"
"大型"	5	0	0	1.919	1.223	1.858	2.079	-0.609	-1.009	3.697	"1"
"大学"	8	0	5	4.991	3.179	4.83	1.108	-1.583	0.248	2.939	"2"
"大考"	1	0	0	0.384	0.245	0.372	0.416	-0.122	-0.202	0.74	"1"
"大自然"	1	0	0	0.384	0.245	0.372	0.416	-0.122	-0.202	0.74	"1"
"太"	1	0	0	0.384	0.245	0.372	0.416	-0.122	-0.202	0.74	"1"
"头痛"	1	0	0	0.384	0.245	0.372	0.416	-0.122	-0.202	0.74	"1"
"奔"	1	0	0	0.384	0.245	0.372	0.416	-0.122	-0.202	0.74	"1"
"奖励"	1	0	0	0.384	0.245	0.372	0.416	-0.122	-0.202	0.74	"1"
"奥运"	1	0	0	0.384	0.245	0.372	0.416	-0.122	-0.202	0.74	"1"
"如"	1	0	0	0.384	0.245	0.372	0.416	-0.122	-0.202	0.74	"1"
"妇科"	1	0	0	0.384	0.245	0.372	0.416	-0.122	-0.202	0.74	"1"
"始终"	1	0	0	0.384	0.245	0.372	0.416	-0.122	-0.202	0.74	"1"
"娱乐"	1	0	0	0.384	0.245	0.372	0.416	-0.122	-0.202	0.74	"1"
"婚礼"	3	0	0	1.152	0.734	1.115	1.247	-0.365	-0.605	2.217	"1"
"媒体市"	0	0	1	0.384	0.245	0.372	-0.21	-0.122	0.43	0.762	"3"
"存在"	1	1	1	1.152	0.734	1.115	-0.173	0.245	-0.162	0.58	"2"
"孙玉玺"	0	0	1	0.384	0.245	0.372	-0.21	-0.122	0.43	0.762	"3"
"学"	1	0	5	2.303	1.467	2.229	-0.586	-0.731	1.533	2.85	"3"
"学专"	1	0	0	0.384	0.245	0.372	0.416	-0.122	-0.202	0.74	"1"
"学会"	1	0	0	0.384	0.245	0.372	0.416	-0.122	-0.202	0.74	"1"
"学位"	0	0	2	0.768	0.489	0.743	-0.421	-0.244	0.86	1.525	"3"
"学力"	1	0	0	0.384	0.245	0.372	0.416	-0.122	-0.202	0.74	"1"
"学好"	2	0	2	1.536	0.978	1.486	0.304	-0.487	0.323	1.114	"2"
"学有专精"	1	0	1	0.768	0.489	0.743	0.207	-0.244	0.218	0.669	"2"
"学期"	2	0	0	0.768	0.489	0.743	0.832	-0.244	-0.403	1.479	"1"
"学术"	0	1	7	3.071	1.956	2.973	-1.683	-0.419	2.277	4.379	"3"
"学校"	0	0	1	0.384	0.245	0.372	-0.21	-0.122	0.43	0.762	"3"
"学生"	8	0	0	3.071	1.956	2.973	3.326	-0.974	-1.614	5.914	"1"
"学科"	0	0	4	1.536	0.978	1.486	-0.841	-0.487	1.72	3.048	"3"
"学者"	0	0	4	1.536	0.978	1.486	-0.841	-0.487	1.72	3.048	"3"
"学额"	1	0	0	0.384	0.245	0.372	0.416	-0.122	-0.202	0.74	"1"
"孩子"	1	0	0	0.384	0.245	0.372	0.416	-0.122	-0.202	0.74	"1"
"安"	1	0	0	0.384	0.245	0.372	0.416	-0.122	-0.202	0.74	"1"
"安全"	0	2	5	2.687	1.712	2.601	-1.472	0.267	1.147	2.886	"1"
"安排"	2	0	0	0.768	0.489	0.743	0.832	-0.244	-0.403	1.479	"1"
"宏观"	0	0	1	0.384	0.245	0.372	-0.21	-0.122	0.43	0.762	"3"
"宗教"	0	0	1	0.384	0.245	0.372	-0.21	-0.122	0.43	0.762	"3"
"定"	1	0	0	0.384	0.245	0.372	0.416	-0.122	-0.202	0.74	"1"
"定为"	1	0	0	0.384	0.245	0.372	0.416	-0.122	-0.202	0.74	"1"
"实"	1	0	0	0.384	0.245	0.372	0.416	-0.122	-0.202	0.74	"1"
"实验"	0	0	2	0.768	0.489	0.743	-0.421	-0.244	0.86	1.525	"3"
"实验室"	0	0	1	0.384	0.245	0.372	-0.21	-0.122	0.43	0.762	"3"
"宣传"	2	0	0	0.768	0.489	0.743	0.832	-0.244	-0.403	1.479	"1"
"宣导"	1	0	0	0.384	0.245	0.372	0.416	-0.122	-0.202	0.74	"1"
"宣扬"	1	0	0	0.384	0.245	0.372	0.416	-0.122	-0.202	0.74	"1"
"宣言"	0	1	0	0.384	0.245	0.372	-0.21	0.612	-0.202	1.024	"2"
"宣道会"	1	0	0	0.384	0.245	0.372	0.416	-0.122	-0.202	0.74	"1"
"宴会厅"	1	0	0	0.384	0.245	0.372	0.416	-0.122	-0.202	0.74	"1"
"家居"	1	0	0	0.384	0.245	0.372	0.416	-0.122	-0.202	0.74	"1"
"家庭"	1	0	0	0.384	0.245	0.372	0.416	-0.122	-0.202	0.74	"1"
"家长"	1	0	0	0.384	0.245	0.372	0.416	-0.122	-0.202	0.74	"1"
"宽"	0	2	0	0.768	0.489	0.743	-0.421	1.223	-0.403	2.047	"2"
"密切"	0	1	1	0.768	0.489	0.743	-0.421	0.367	0.218	1.006	"1"
"密集型"	0	0	2	0.768	0.489	0.743	-0.421	-0.244	0.86	1.525	"3"
"富有"	0	2	0	0.768	0.489	0.743	-0.421	1.223	-0.403	2.047	"2"
"对"	1	0	0	0.384	0.245	0.372	0.416	-0.122	-0.202	0.74	"1"
"对外"	0	1	4	1.919	1.223	1.858	-1.052	-0.191	1.174	2.417	"3"
"对策"	0	0	1	0.384	0.245	0.372	-0.21	-0.122	0.43	0.762	"3"
"对话"	0	2	0	0.768	0.489	0.743	-0.421	1.223	-0.403	2.047	"2"
"导航"	0	0	1	0.384	0.245	0.372	-0.21	-0.122	0.43	0.762	"3"
"小康"	1	0	0	0.384	0.245	0.372	0.416	-0.122	-0.202	0.74	"1"
"小心"	1	0	0	0.384	0.245	0.372	0.416	-0.122	-0.202	0.74	"1"
"小组"	1	0	0	0.384	0.245	0.372	0.416	-0.122	-0.202	0.74	"1"
"小节"	1	0	0	0.384	0.245	0.372	0.416	-0.122	-0.202	0.74	"1"
"尖端"	1	0	0	0.384	0.245	0.372	0.416	-0.122	-0.202	0.74	"1"
"尤其"	2	1	4	2.687	1.712	2.601	-0.342	-0.339	0.626	1.307	"3"
"尽管"	1	0	0	0.384	0.245	0.372	0.416	-0.122	-0.202	0.74	"1"
"层次"	0	1	3	1.536	0.978	1.486	-0.841	0.171	0.83	1.842	"1"
"层面"	0	1	0	0.384	0.245	0.372	-0.21	0.612	-0.202	1.024	"2"
"居"	0	1	0	0.384	0.245	0.372	-0.21	0.612	-0.202	1.024	"2"
"届"	7	0	0	2.687	1.712	2.601	2.911	-0.853	-1.412	5.176	"1"
"展"	0	2	1	1.152	0.734	1.115	-0.631	0.823	-0.162	1.616	"2"
"展出"	1	0	0	0.384	0.245	0.372	0.416	-0.122	-0.202	0.74	"1"
"展开"	1	1	0	0.768	0.489	0.743	0.207	0.367	-0.403	0.977	"3"
"展示"	1	0	0	0.384	0.245	0.372	0.416	-0.122	-0.202	0.74	"1"
"展览会"	1	0	0	0.384	0.245	0.372	0.416	-0.122	-0.202	0.74	"1"
"山水"	0	0	1	0.384	0.245	0.372	-0.21	-0.122	0.43	0.762	"3"
"岩土"	0	0	2	0.768	0.489	0.743	-0.421	-0.244	0.86	1.525	"3"
"峰会"	2	0	0	0.768	0.489	0.743	0.832	-0.244	-0.403	1.479	"1"
"工业"	0	0	5	1.919	1.223	1.858	-1.052	-0.609	2.15	3.811	"3"
"工农业"	0	0	2	0.768	0.489	0.743	-0.421	-0.244	0.86	1.525	"3"
"工商"	1	0	1	0.768	0.489	0.743	0.207	-0.244	0.218	0.669	"2"
"工学"	1	0	0	0.384	0.245	0.372	0.416	-0.122	-0.202	0.74	"1"
"工程"	0	0	1	0.384	0.245	0.372	-0.21	-0.122	0.43	0.762	"3"
"巨大"	1	1	1	1.152	0.734	1.115	-0.173	0.245	-0.162	0.58	"2"
"巩固"	0	2	1	1.152	0.734	1.115	-0.631	0.823	-0.162	1.616	"2"
"市政"	0	0	1	0.384	0.245	0.372	-0.21	-0.122	0.43	0.762	"3"
"市政府"	1	0	0	0.384	0.245	0.372	0.416	-0.122	-0.202	0.74	"1"
"布鲁克纳"	1	0	0	0.384	0.245	0.372	0.416	-0.122	-0.202	0.74	"1"
"师资"	1	0	0	0.384	0.245	0.372	0.416	-0.122	-0.202	0.74	"1"
"幕"	1	0	0	0.384	0.245	0.372	0.416	-0.122	-0.202	0.74	"1"
"年会"	2	0	0	0.768	0.489	0.743	0.832	-0.244	-0.403	1.479	"1"
"年级"	1	0	0	0.384	0.245	0.372	0.416	-0.122	-0.202	0.74	"1"
"广"	0	0	1	0.384	0.245	0.372	-0.21	-0.122	0.43	0.762	"3"
"广泛"	0	0	4	1.536	0.978	1.486	-0.841	-0.487	1.72	3.048	"3"
"广阔"	0	1	0	0.384	0.245	0.372	-0.21	0.612	-0.202	1.024	"2"
"庆祝"	1	0	0	0.384	0.245	0.372	0.416	-0.122	-0.202	0.74	"1"
"应"	1	0	2	1.152	0.734	1.115	-0.173	-0.365	0.506	1.044	"3"
"应用"	0	0	7	2.687	1.712	2.601	-1.472	-0.853	3.01	5.335	"3"
"应用性"	0	0	1	0.384	0.245	0.372	-0.21	-0.122	0.43	0.762	"3"
"应试"	2	0	0	0.768	0.489	0.743	0.832	-0.244	-0.403	1.479	"1"
"应邀"	1	0	0	0.384	0.245	0.372	0.416	-0.122	-0.202	0.74	"1"
"座谈"	1	0	0	0.384	0.245	0.372	0.416	-0.122	-0.202	0.74	"1"
"座谈会"	3	0	0	1.152	0.734	1.115	1.247	-0.365	-0.605	2.217	"1"
"延续"	1	0	0	0.384	0.245	0.372	0.416	-0.122	-0.202	0.74	"1"
"建"	1	0	0	0.384	0.245	0.372	0.416	-0.122	-0.202	0.74	"1"
"建立起"	1	0	0	0.384	0.245	0.372	0.416	-0.122	-0.202	0.74	"1"
"建筑"	2	0	0	0.768	0.489	0.743	0.832	-0.244	-0.403	1.479	"1"
"建设"	2	0	1	1.152	0.734	1.115	0.483	-0.365	-0.162	1.01	"1"
"建设性"	0	1	0	0.384	0.245	0.372	-0.21	0.612	-0.202	1.024	"2"
"开创出"	0	0	1	0.384	0.245	0.372	-0.21	-0.122	0.43	0.762	"3"
"开发"	0	1	2	1.152	0.734	1.115	-0.631	0.245	0.506	1.382	"1"
"开园"	1	0	0	0.384	0.245	0.372	0.416	-0.122	-0.202	0.74	"1"
"开展"	2	5	0	2.687	1.712	2.601	-0.342	1.933	-1.412	3.687	"2"
"开幕"	1	0	0	0.384	0.245	0.372	0.416	-0.122	-0.202	0.74	"1"
"开幕式"	1	0	0	0.384	0.245	0.372	0.416	-0.122	-0.202	0.74	"1"
"开拓"	1	2	0	1.152	0.734	1.115	-0.173	0.823	-0.605	1.601	"2"
"开放"	0	0	7	2.687	1.712	2.601	-1.472	-0.853	3.01	5.335	"3"
"开设"	1	0	0	0.384	0.245	0.372	0.416	-0.122	-0.202	0.74	"1"
"开辟"	0	1	0	0.384	0.245	0.372	-0.21	0.612	-0.202	1.024	"2"
"张启胜"	0	0	1	0.384	0.245	0.372	-0.21	-0.122	0.43	0.762	"3"
"张忠谋"	1	0	0	0.384	0.245	0.372	0.416	-0.122	-0.202	0.74	"1"
"强调"	1	0	0	0.384	0.245	0.372	0.416	-0.122	-0.202	0.74	"1"
"形成"	1	0	2	1.152	0.734	1.115	-0.173	-0.365	0.506	1.044	"3"
"彩券"	1	0	0	0.384	0.245	0.372	0.416	-0.122	-0.202	0.74	"1"
"彩电"	0	0	1	0.384	0.245	0.372	-0.21	-0.122	0.43	0.762	"3"
"影视"	1	0	0	0.384	0.245	0.372	0.416	-0.122	-0.202	0.74	"1"
"彼此"	1	0	0	0.384	0.245	0.372	0.416	-0.122	-0.202	0.74	"1"
"往来"	0	3	0	1.152	0.734	1.115	-0.631	1.835	-0.605	3.071	"2"
"征集"	1	0	0	0.384	0.245	0.372	0.416	-0.122	-0.202	0.74	"1"
"很多"	1	0	0	0.384	0.245	0.372	0.416	-0.122	-0.202	0.74	"1"
"徐冠林"	1	0	0	0.384	0.245	0.372	0.416	-0.122	-0.202	0.74	"1"
"得到"	0	0	2	0.768	0.489	0.743	-0.421	-0.244	0.86	1.525	"3"
"微生物学"	0	0	1	0.384	0.245	0.372	-0.21	-0.122	0.43	0.762	"3"
"志工"	2	0	0	0.768	0.489	0.743	0.832	-0.244	-0.403	1.479	"1"
"快乐"	1	0	0	0.384	0.245	0.372	0.416	-0.122	-0.202	0.74	"1"
"思想"	2	0	0	0.768	0.489	0.743	0.832	-0.244	-0.403	1.479	"1"
"思路"	0	2	0	0.768	0.489	0.743	-0.421	1.223	-0.403	2.047	"2"
"急需"	0	0	1	0.384	0.245	0.372	-0.21	-0.122	0.43	0.762	"3"
"总厂"	1	0	0	0.384	0.245	0.372	0.416	-0.122	-0.202	0.74	"1"
"总平均"	1	0	0	0.384	0.245	0.372	0.416	-0.122	-0.202	0.74	"1"
"总部"	2	0	0	0.768	0.489	0.743	0.832	-0.244	-0.403	1.479	"1"
"恐龙"	1	0	0	0.384	0.245	0.372	0.416	-0.122	-0.202	0.74	"1"
"息"	0	1	0	0.384	0.245	0.372	-0.21	0.612	-0.202	1.024	"2"
"情系"	2	0	0	0.768	0.489	0.743	0.832	-0.244	-0.403	1.479	"1"
"想像力"	1	0	0	0.384	0.245	0.372	0.416	-0.122	-0.202	0.74	"1"
"感觉"	1	0	0	0.384	0.245	0.372	0.416	-0.122	-0.202	0.74	"1"
"成交"	1	0	0	0.384	0.245	0.372	0.416	-0.122	-0.202	0.74	"1"
"成功"	0	0	1	0.384	0.245	0.372	-0.21	-0.122	0.43	0.762	"3"
"成员"	0	0	1	0.384	0.245	0.372	-0.21	-0.122	0.43	0.762	"3"
"成员国"	0	1	0	0.384	0.245	0.372	-0.21	0.612	-0.202	1.024	"2"
"成就"	0	0	4	1.536	0.978	1.486	-0.841	-0.487	1.72	3.048	"3"
"成效"	0	1	2	1.152	0.734	1.115	-0.631	0.245	0.506	1.382	"1"
"成果"	1	2	2	1.919	1.223	1.858	-0.437	0.449	0.213	1.099	"2"
"成立"	1	0	1	0.768	0.489	0.743	0.207	-0.244	0.218	0.669	"2"
"成绩"	2	0	0	0.768	0.489	0.743	0.832	-0.244	-0.403	1.479	"1"
"我"	2	0	0	0.768	0.489	0.743	0.832	-0.244	-0.403	1.479	"1"
"我国"	2	1	4	2.687	1.712	2.601	-0.342	-0.339	0.626	1.307	"3"
"或"	1	0	1	0.768	0.489	0.743	0.207	-0.244	0.218	0.669	"2"
"或许"	1	0	0	0.384	0.245	0.372	0.416	-0.122	-0.202	0.74	"1"
"房地产"	1	0	1	0.768	0.489	0.743	0.207	-0.244	0.218	0.669	"2"
"所"	1	0	1	0.768	0.489	0.743	0.207	-0.244	0.218	0.669	"2"
"所有"	0	1	3	1.536	0.978	1.486	-0.841	0.171	0.83	1.842	"1"
"所谓"	1	0	0	0.384	0.245	0.372	0.416	-0.122	-0.202	0.74	"1"
"打击"	1	1	1	1.152	0.734	1.115	-0.173	0.245	-0.162	0.58	"2"
"执法"	0	0	1	0.384	0.245	0.372	-0.21	-0.122	0.43	0.762	"3"
"扩大"	0	9	7	6.142	3.913	5.945	-3.365	2.194	0.421	5.98	"1"
"扩大到"	1	0	0	0.384	0.245	0.372	0.416	-0.122	-0.202	0.74	"1"
"扮演"	0	0	1	0.384	0.245	0.372	-0.21	-0.122	0.43	0.762	"3"
"技"	0	0	1	0.384	0.245	0.372	-0.21	-0.122	0.43	0.762	"3"
"技术"	0	3	12	5.758	3.668	5.573	-3.155	-0.318	3.047	6.52	"1"
"技术合作"	0	0	2	0.768	0.489	0.743	-0.421	-0.244	0.86	1.525	"3"
"把"	0	0	1	0.384	0.245	0.372	-0.21	-0.122	0.43	0.762	"3"
"投"	1	0	1	0.768	0.489	0.743	0.207	-0.244	0.218	0.669	"2"
"投入"	0	0	3	1.152	0.734	1.115	-0.631	-0.365	1.29	2.286	"3"
"投标"	2	0	0	0.768	0.489	0.743	0.832	-0.244	-0.403	1.479	"1"
"投资"	0	1	14	5.758	3.668	5.573	-3.155	-1.059	5.028	9.242	"3"
"抢进"	0	0	1	0.384	0.245	0.372	-0.21	-0.122	0.43	0.762	"3"
"报上"	1	0	0	0.384	0.245	0.372	0.416	-0.122	-0.202	0.74	"1"
"报告"	6	0	1	2.687	1.712	2.601	1.823	-0.853	-0.701	3.377	"1"
"报导"	1	0	0	0.384	0.245	0.372	0.416	-0.122	-0.202	0.74	"1"
"报道"	5	0	0	1.919	1.223	1.858	2.079	-0.609	-1.009	3.697	"1"
"拓宽"	0	1	1	0.768	0.489	0.743	-0.421	0.367	0.218	1.006	"1"
"拓展"	0	4	3	2.687	1.712	2.601	-1.472	1.183	0.287	2.942	"1"
"括"	1	0	0	0.384	0.245	0.372	0.416	-0.122	-0.202	0.74	"1"
"拿取"	1	0	0	0.384	0.245	0.372	0.416	-0.122	-0.202	0.74	"1"
"指教"	0	0	1	0.384	0.245	0.372	-0.21	-0.122	0.43	0.762	"3"
"按"	1	0	0	0.384	0.245	0.372	0.416	-0.122	-0.202	0.74	"1"
"按摩业者"	1	0	0	0.384	0.245	0.372	0.416	-0.122	-0.202	0.74	"1"
"挑战"	1	0	0	0.384	0.245	0.372	0.416	-0.122	-0.202	0.74	"1"
"挑选出"	1	0	0	0.384	0.245	0.372	0.416	-0.122	-0.202	0.74	"1"
"授权"	0	0	1	0.384	0.245	0.372	-0.21	-0.122	0.43	0.762	"3"
"授权点"	0	0	1	0.384	0.245	0.372	-0.21	-0.122	0.43	0.762	"3"
"排名"	0	0	1	0.384	0.245	0.372	-0.21	-0.122	0.43	0.762	"3"
"排行榜"	1	0	0	0.384	0.245	0.372	0.416	-0.122	-0.202	0.74	"1"
"採用"	1	0	0	0.384	0.245	0.372	0.416	-0.122	-0.202	0.74	"1"
"探索"	1	1	2	1.536	0.978	1.486	-0.298	0.171	0.323	0.792	"3"
"探讨"	1	1	0	0.768	0.489	0.743	0.207	0.367	-0.403	0.977	"3"
"推入"	1	0	0	0.384	0.245	0.372	0.416	-0.122	-0.202	0.74	"1"
"推出"	5	0	0	1.919	1.223	1.858	2.079	-0.609	-1.009	3.697	"1"
"推动"	1	2	2	1.919	1.223	1.858	-0.437	0.449	0.213	1.099	"2"
"推开"	0	1	0	0.384	0.245	0.372	-0.21	0.612	-0.202	1.024	"2"
"推进"	0	0	1	0.384	0.245	0.372	-0.21	-0.122	0.43	0.762	"3"
"提供"	1	0	0	0.384	0.245	0.372	0.416	-0.122	-0.202	0.74	"1"
"揭露"	1	0	0	0.384	0.245	0.372	0.416	-0.122	-0.202	0.74	"1"
"携手"	1	0	0	0.384	0.245	0.372	0.416	-0.122	-0.202	0.74	"1"
"摩擦"	1	0	0	0.384	0.245	0.372	0.416	-0.122	-0.202	0.74	"1"
"擅长"	0	0	1	0.384	0.245	0.372	-0.21	-0.122	0.43	0.762	"3"
"改换"	1	0	0	0.384	0.245	0.372	0.416	-0.122	-0.202	0.74	"1"
"攻关"	0	0	1	0.384	0.245	0.372	-0.21	-0.122	0.43	0.762	"3"
"放宽"	0	0	3	1.152	0.734	1.115	-0.631	-0.365	1.29	2.286	"3"
"政治"	4	7	3	5.374	3.424	5.202	-0.491	1.466	-0.759	2.716	"2"
"教会"	1	0	0	0.384	0.245	0.372	0.416	-0.122	-0.202	0.74	"1"
"教学"	1	0	2	1.152	0.734	1.115	-0.173	-0.365	0.506	1.044	"3"
"教师"	1	0	1	0.768	0.489	0.743	0.207	-0.244	0.218	0.669	"2"
"教授"	2	0	0	0.768	0.489	0.743	0.832	-0.244	-0.403	1.479	"1"
"教育"	5	5	7	6.526	4.157	6.317	-0.508	0.392	0.342	1.242	"1"
"教育家"	1	0	0	0.384	0.245	0.372	0.416	-0.122	-0.202	0.74	"1"
"教育部"	1	0	0	0.384	0.245	0.372	0.416	-0.122	-0.202	0.74	"1"
"数千"	0	0	1	0.384	0.245	0.372	-0.21	-0.122	0.43	0.762	"3"
"数学"	0	0	2	0.768	0.489	0.743	-0.421	-0.244	0.86	1.525	"3"
"数理"	1	0	0	0.384	0.245	0.372	0.416	-0.122	-0.202	0.74	"1"
"整合"	0	0	1	0.384	0.245	0.372	-0.21	-0.122	0.43	0.762	"3"
"文"	1	0	0	0.384	0.245	0.372	0.416	-0.122	-0.202	0.74	"1"
"文化"	2	15	7	9.213	5.869	8.918	-2.958	4.07	-0.554	7.582	"2"
"文字学"	0	0	1	0.384	0.245	0.372	-0.21	-0.122	0.43	0.762	"3"
"文学"	0	0	1	0.384	0.245	0.372	-0.21	-0.122	0.43	0.762	"3"
"文川"	1	0	0	0.384	0.245	0.372	0.416	-0.122	-0.202	0.74	"1"
"文教"	0	1	2	1.152	0.734	1.115	-0.631	0.245	0.506	1.382	"1"
"文明"	1	0	0	0.384	0.245	0.372	0.416	-0.122	-0.202	0.74	"1"
"文献"	0	0	1	0.384	0.245	0.372	-0.21	-0.122	0.43	0.762	"3"
"文艺"	1	0	0	0.384	0.245	0.372	0.416	-0.122	-0.202	0.74	"1"
"新"	0	15	15	11.517	7.336	11.147	-6.31	2.662	0.984	9.956	"1"
"新兴"	0	0	1	0.384	0.245	0.372	-0.21	-0.122	0.43	0.762	"3"
"新增"	0	0	4	1.536	0.978	1.486	-0.841	-0.487	1.72	3.048	"3"
"新明"	1	0	0	0.384	0.245	0.372	0.416	-0.122	-0.202	0.74	"1"
"新材料"	1	0	2	1.152	0.734	1.115	-0.173	-0.365	0.506	1.044	"3"
"新竹市"	1	0	0	0.384	0.245	0.372	0.416	-0.122	-0.202	0.74	"1"
"方向"	0	1	0	0.384	0.245	0.372	-0.21	0.612	-0.202	1.024	"2"
"方式"	1	0	0	0.384	0.245	0.372	0.416	-0.122	-0.202	0.74	"1"
"方法"	1	0	0	0.384	0.245	0.372	0.416	-0.122	-0.202	0.74	"1"
"旅"	0	0	1	0.384	0.245	0.372	-0.21	-0.122	0.43	0.762	"3"
"旅游"	4	4	3	4.223	2.69	4.087	-0.239	0.566	-0.435	1.24	"2"
"旅游业"	1	1	0	0.768	0.489	0.743	0.207	0.367	-0.403	0.977	"3"
"旅游局"	1	0	0	0.384	0.245	0.372	0.416	-0.122	-0.202	0.74	"1"
"旅游节"	1	0	0	0.384	0.245	0.372	0.416	-0.122	-0.202	0.74	"1"
"旅美"	0	0	1	0.384	0.245	0.372	-0.21	-0.122	0.43	0.762	"3"
"旗帜"	1	0	0	0.384	0.245	0.372	0.416	-0.122	-0.202	0.74	"1"
"无关"	1	0	0	0.384	0.245	0.372	0.416	-0.122	-0.202	0.74	"1"
"无数"	0	0	1	0.384	0.245	0.372	-0.21	-0.122	0.43	0.762	"3"
"日方"	0	1	0	0.384	0.245	0.372	-0.21	0.612	-0.202	1.024	"2"
"日益"	0	2	0	0.768	0.489	0.743	-0.421	1.223	-0.403	2.047	"2"
"日趋"	0	1	0	0.384	0.245	0.372	-0.21	0.612	-0.202	1.024	"2"
"旧"	0	0	1	0.384	0.245	0.372	-0.21	-0.122	0.43	0.762	"3"
"旨"	1	0	1	0.768	0.489	0.743	0.207	-0.244	0.218	0.669	"2"
"早报"	1	0	0	0.384	0.245	0.372	0.416	-0.122	-0.202	0.74	"1"
"早日"	1	0	0	0.384	0.245	0.372	0.416	-0.122	-0.202	0.74	"1"
"时代"	2	0	0	0.768	0.489	0.743	0.832	-0.244	-0.403	1.479	"1"
"明信片"	1	0	0	0.384	0.245	0.372	0.416	-0.122	-0.202	0.74	"1"
"明天"	1	0	0	0.384	0.245	0.372	0.416	-0.122	-0.202	0.74	"1"
"明白"	1	0	0	0.384	0.245	0.372	0.416	-0.122	-0.202	0.74	"1"
"明确"	1	0	0	0.384	0.245	0.372	0.416	-0.122	-0.202	0.74	"1"
"易通卡"	1	0	0	0.384	0.245	0.372	0.416	-0.122	-0.202	0.74	"1"
"星期日"	1	0	0	0.384	0.245	0.372	0.416	-0.122	-0.202	0.74	"1"
"春节"	1	0	0	0.384	0.245	0.372	0.416	-0.122	-0.202	0.74	"1"
"是"	26	0	0	9.981	6.358	9.661	10.811	-3.167	-5.245	19.223	"1"
"是以"	1	0	0	0.384	0.245	0.372	0.416	-0.122	-0.202	0.74	"1"
"显著"	0	1	1	0.768	0.489	0.743	-0.421	0.367	0.218	1.006	"1"
"晚会"	2	0	0	0.768	0.489	0.743	0.832	-0.244	-0.403	1.479	"1"
"景"	1	0	0	0.384	0.245	0.372	0.416	-0.122	-0.202	0.74	"1"
"晶华"	1	0	0	0.384	0.245	0.372	0.416	-0.122	-0.202	0.74	"1"
"晶片"	0	0	1	0.384	0.245	0.372	-0.21	-0.122	0.43	0.762	"3"
"暗渡陈仓"	1	0	0	0.384	0.245	0.372	0.416	-0.122	-0.202	0.74	"1"
"更多"	1	0	0	0.384	0.245	0.372	0.416	-0.122	-0.202	0.74	"1"
"最多"	0	0	1	0.384	0.245	0.372	-0.21	-0.122	0.43	0.762	"3"
"有助于"	0	1	0	0.384	0.245	0.372	-0.21	0.612	-0.202	1.024	"2"
"有所"	0	0	3	1.152	0.734	1.115	-0.631	-0.365	1.29	2.286	"3"
"有机"	0	0	1	0.384	0.245	0.372	-0.21	-0.122	0.43	0.762	"3"
"有违"	1	0	0	0.384	0.245	0.372	0.416	-0.122	-0.202	0.74	"1"
"服务"	0	0	10	3.839	2.445	3.716	-2.103	-1.218	4.3	7.621	"3"
"服务业"	0	0	4	1.536	0.978	1.486	-0.841	-0.487	1.72	3.048	"3"
"期"	2	0	0	0.768	0.489	0.743	0.832	-0.244	-0.403	1.479	"1"
"期展厅"	1	0	0	0.384	0.245	0.372	0.416	-0.122	-0.202	0.74	"1"
"未知"	1	0	0	0.384	0.245	0.372	0.416	-0.122	-0.202	0.74	"1"
"本次"	1	0	0	0.384	0.245	0.372	0.416	-0.122	-0.202	0.74	"1"
"札记"	2	0	0	0.768	0.489	0.743	0.832	-0.244	-0.403	1.479	"1"
"朱(金"	1	0	0	0.384	0.245	0.372	0.416	-0.122	-0.202	0.74	"1"
"机器人"	2	0	0	0.768	0.489	0.743	0.832	-0.244	-0.403	1.479	"1"
"机械"	1	0	0	0.384	0.245	0.372	0.416	-0.122	-0.202	0.74	"1"
"机遇"	2	0	0	0.768	0.489	0.743	0.832	-0.244	-0.403	1.479	"1"
"杏辉"	0	0	1	0.384	0.245	0.372	-0.21	-0.122	0.43	0.762	"3"
"材料"	0	1	1	0.768	0.489	0.743	-0.421	0.367	0.218	1.006	"1"
"杜俊元"	1	0	0	0.384	0.245	0.372	0.416	-0.122	-0.202	0.74	"1"
"杨胜宗"	1	0	0	0.384	0.245	0.372	0.416	-0.122	-0.202	0.74	"1"
"杰出"	0	0	1	0.384	0.245	0.372	-0.21	-0.122	0.43	0.762	"3"
"构想"	1	0	0	0.384	0.245	0.372	0.416	-0.122	-0.202	0.74	"1"
"构筑"	1	0	0	0.384	0.245	0.372	0.416	-0.122	-0.202	0.74	"1"
"林炯尧"	1	0	0	0.384	0.245	0.372	0.416	-0.122	-0.202	0.74	"1"
"枯燥"	1	0	0	0.384	0.245	0.372	0.416	-0.122	-0.202	0.74	"1"
"某些"	2	0	1	1.152	0.734	1.115	0.483	-0.365	-0.162	1.01	"1"
"柑橘"	1	0	0	0.384	0.245	0.372	0.416	-0.122	-0.202	0.74	"1"
"查办"	0	0	1	0.384	0.245	0.372	-0.21	-0.122	0.43	0.762	"3"
"标得"	1	0	0	0.384	0.245	0.372	0.416	-0.122	-0.202	0.74	"1"
"标志"	0	0	2	0.768	0.489	0.743	-0.421	-0.244	0.86	1.525	"3"
"标榜"	1	0	0	0.384	0.245	0.372	0.416	-0.122	-0.202	0.74	"1"
"校"	0	0	2	0.768	0.489	0.743	-0.421	-0.244	0.86	1.525	"3"
"核"	1	0	0	0.384	0.245	0.372	0.416	-0.122	-0.202	0.74	"1"
"根"	1	0	0	0.384	0.245	0.372	0.416	-0.122	-0.202	0.74	"1"
"根基"	0	0	1	0.384	0.245	0.372	-0.21	-0.122	0.43	0.762	"3"
"根深蒂固"	1	0	0	0.384	0.245	0.372	0.416	-0.122	-0.202	0.74	"1"
"格外"	1	0	0	0.384	0.245	0.372	0.416	-0.122	-0.202	0.74	"1"
"概念"	2	0	0	0.768	0.489	0.743	0.832	-0.244	-0.403	1.479	"1"
"概念化"	1	0	0	0.384	0.245	0.372	0.416	-0.122	-0.202	0.74	"1"
"模式化"	1	0	0	0.384	0.245	0.372	0.416	-0.122	-0.202	0.74	"1"
"次"	8	0	0	3.071	1.956	2.973	3.326	-0.974	-1.614	5.914	"1"
"欢乐"	1	0	0	0.384	0.245	0.372	0.416	-0.122	-0.202	0.74	"1"
"欢迎"	1	0	0	0.384	0.245	0.372	0.416	-0.122	-0.202	0.74	"1"
"欧洲国"	0	0	1	0.384	0.245	0.372	-0.21	-0.122	0.43	0.762	"3"
"此次"	2	0	0	0.768	0.489	0.743	0.832	-0.244	-0.403	1.479	"1"
"武昌"	1	0	0	0.384	0.245	0.372	0.416	-0.122	-0.202	0.74	"1"
"歧见"	1	0	0	0.384	0.245	0.372	0.416	-0.122	-0.202	0.74	"1"
"歧视"	2	0	0	0.768	0.489	0.743	0.832	-0.244	-0.403	1.479	"1"
"死板"	1	0	0	0.384	0.245	0.372	0.416	-0.122	-0.202	0.74	"1"
"母亲节"	1	0	0	0.384	0.245	0.372	0.416	-0.122	-0.202	0.74	"1"
"母子"	1	0	0	0.384	0.245	0.372	0.416	-0.122	-0.202	0.74	"1"
"母语"	1	0	0	0.384	0.245	0.372	0.416	-0.122	-0.202	0.74	"1"
"比生"	0	0	1	0.384	0.245	0.372	-0.21	-0.122	0.43	0.762	"3"
"毕业"	0	0	1	0.384	0.245	0.372	-0.21	-0.122	0.43	0.762	"3"
"毕业生"	0	0	1	0.384	0.245	0.372	-0.21	-0.122	0.43	0.762	"3"
"毕竟"	1	0	0	0.384	0.245	0.372	0.416	-0.122	-0.202	0.74	"1"
"民政局"	1	0	0	0.384	0.245	0.372	0.416	-0.122	-0.202	0.74	"1"
"民族学"	0	0	1	0.384	0.245	0.372	-0.21	-0.122	0.43	0.762	"3"
"民营"	0	0	3	1.152	0.734	1.115	-0.631	-0.365	1.29	2.286	"3"
"水准"	1	0	0	0.384	0.245	0.372	0.416	-0.122	-0.202	0.74	"1"
"水文"	0	0	1	0.384	0.245	0.372	-0.21	-0.122	0.43	0.762	"3"
"水陆"	1	0	0	0.384	0.245	0.372	0.416	-0.122	-0.202	0.74	"1"
"永远"	1	0	0	0.384	0.245	0.372	0.416	-0.122	-0.202	0.74	"1"
"汇报"	1	0	0	0.384	0.245	0.372	0.416	-0.122	-0.202	0.74	"1"
"江"	1	0	0	0.384	0.245	0.372	0.416	-0.122	-0.202	0.74	"1"
"汪涛"	0	0	1	0.384	0.245	0.372	-0.21	-0.122	0.43	0.762	"3"
"没有"	1	0	0	0.384	0.245	0.372	0.416	-0.122	-0.202	0.74	"1"
"治安"	1	0	0	0.384	0.245	0.372	0.416	-0.122	-0.202	0.74	"1"
"法学家"	1	0	0	0.384	0.245	0.372	0.416	-0.122	-0.202	0.74	"1"
"活力"	1	0	0	0.384	0.245	0.372	0.416	-0.122	-0.202	0.74	"1"
"活动"	10	0	0	3.839	2.445	3.716	4.158	-1.218	-2.017	7.393	"1"
"活跃"	0	1	2	1.152	0.734	1.115	-0.631	0.245	0.506	1.382	"1"
"洽谈"	1	0	0	0.384	0.245	0.372	0.416	-0.122	-0.202	0.74	"1"
"流"	1	0	0	0.384	0.245	0.372	0.416	-0.122	-0.202	0.74	"1"
"流动"	0	0	1	0.384	0.245	0.372	-0.21	-0.122	0.43	0.762	"3"
"流通"	1	0	0	0.384	0.245	0.372	0.416	-0.122	-0.202	0.74	"1"
"测验"	5	0	0	1.919	1.223	1.858	2.079	-0.609	-1.009	3.697	"1"
"济"	0	0	1	0.384	0.245	0.372	-0.21	-0.122	0.43	0.762	"3"
"浓厚"	1	0	0	0.384	0.245	0.372	0.416	-0.122	-0.202	0.74	"1"
"海报"	1	0	0	0.384	0.245	0.372	0.416	-0.122	-0.202	0.74	"1"
"海洋"	0	1	4	1.919	1.223	1.858	-1.052	-0.191	1.174	2.417	"3"
"浸淫"	0	0	1	0.384	0.245	0.372	-0.21	-0.122	0.43	0.762	"3"
"消费"	3	0	0	1.152	0.734	1.115	1.247	-0.365	-0.605	2.217	"1"
"涉及"	0	0	7	2.687	1.712	2.601	-1.472	-0.853	3.01	5.335	"3"
"涵盖"	0	1	0	0.384	0.245	0.372	-0.21	0.612	-0.202	1.024	"2"
"深入"	1	3	0	1.536	0.978	1.486	-0.298	1.321	-0.807	2.426	"2"
"深化"	0	4	0	1.536	0.978	1.486	-0.841	2.447	-0.807	4.095	"2"
"清廉"	1	0	0	0.384	0.245	0.372	0.416	-0.122	-0.202	0.74	"1"
"渔业"	0	1	0	0.384	0.245	0.372	-0.21	0.612	-0.202	1.024	"2"
"渗透"	0	0	1	0.384	0.245	0.372	-0.21	-0.122	0.43	0.762	"3"
"渠道"	0	1	0	0.384	0.245	0.372	-0.21	0.612	-0.202	1.024	"2"
"温床"	1	0	0	0.384	0.245	0.372	0.416	-0.122	-0.202	0.74	"1"
"游"	1	0	1	0.768	0.489	0.743	0.207	-0.244	0.218	0.669	"2"
"满"	1	0	0	0.384	0.245	0.372	0.416	-0.122	-0.202	0.74	"1"
"演出"	1	0	0	0.384	0.245	0.372	0.416	-0.122	-0.202	0.74	"1"
"演讲"	15	0	0	5.758	3.668	5.573	6.237	-1.827	-3.026	11.09	"1"
"演说"	2	0	0	0.768	0.489	0.743	0.832	-0.244	-0.403	1.479	"1"
"潜力"	0	2	1	1.152	0.734	1.115	-0.631	0.823	-0.162	1.616	"2"
"灌溉"	1	0	0	0.384	0.245	0.372	0.416	-0.122	-0.202	0.74	"1"
"点"	0	0	1	0.384	0.245	0.372	-0.21	-0.122	0.43	0.762	"3"
"烦恼"	1	0	0	0.384	0.245	0.372	0.416	-0.122	-0.202	0.74	"1"
"热点"	0	0	3	1.152	0.734	1.115	-0.631	-0.365	1.29	2.286	"3"
"热门"	2	0	0	0.768	0.489	0.743	0.832	-0.244	-0.403	1.479	"1"
"爱情戏"	1	0	0	0.384	0.245	0.372	0.416	-0.122	-0.202	0.74	"1"
"爱护"	1	0	0	0.384	0.245	0.372	0.416	-0.122	-0.202	0.74	"1"
"爱琴海"	1	0	0	0.384	0.245	0.372	0.416	-0.122	-0.202	0.74	"1"
"物流"	1	0	1	0.768	0.489	0.743	0.207	-0.244	0.218	0.669	"2"
"特写"	1	0	0	0.384	0.245	0.372	0.416	-0.122	-0.202	0.74	"1"
"特别"	2	0	1	1.152	0.734	1.115	0.483	-0.365	-0.162	1.01	"1"
"特殊"	0	0	1	0.384	0.245	0.372	-0.21	-0.122	0.43	0.762	"3"
"特色"	1	0	3	1.536	0.978	1.486	-0.298	-0.487	0.83	1.615	"3"
"特餐"	1	0	0	0.384	0.245	0.372	0.416	-0.122	-0.202	0.74	"1"
"犯罪"	0	1	1	0.768	0.489	0.743	-0.421	0.367	0.218	1.006	"1"
"独特"	1	0	0	0.384	0.245	0.372	0.416	-0.122	-0.202	0.74	"1"
"猎"	1	0	0	0.384	0.245	0.372	0.416	-0.122	-0.202	0.74	"1"
"猛攻"	0	0	1	0.384	0.245	0.372	-0.21	-0.122	0.43	0.762	"3"
"王呈选"	0	0	1	0.384	0.245	0.372	-0.21	-0.122	0.43	0.762	"3"
"王振福"	1	0	0	0.384	0.245	0.372	0.416	-0.122	-0.202	0.74	"1"
"环保"	0	1	0	0.384	0.245	0.372	-0.21	0.612	-0.202	1.024	"2"
"环绕"	2	0	0	0.768	0.489	0.743	0.832	-0.244	-0.403	1.479	"1"
"现代"	1	0	0	0.384	0.245	0.372	0.416	-0.122	-0.202	0.74	"1"
"生"	0	0	1	0.384	0.245	0.372	-0.21	-0.122	0.43	0.762	"3"
"生产"	0	0	3	1.152	0.734	1.115	-0.631	-0.365	1.29	2.286	"3"
"生命"	0	0	5	1.919	1.223	1.858	-1.052	-0.609	2.15	3.811	"3"
"生态"	3	0	1	1.536	0.978	1.486	0.793	-0.487	-0.28	1.56	"1"
"生物"	0	0	5	1.919	1.223	1.858	-1.052	-0.609	2.15	3.811	"3"
"生物医学"	0	0	2	0.768	0.489	0.743	-0.421	-0.244	0.86	1.525	"3"
"生物学"	0	0	1	0.384	0.245	0.372	-0.21	-0.122	0.43	0.762	"3"
"生物工程"	0	0	1	0.384	0.245	0.372	-0.21	-0.122	0.43	0.762	"3"
"生育"	0	1	0	0.384	0.245	0.372	-0.21	0.612	-0.202	1.024	"2"
"用来"	0	0	1	0.384	0.245	0.372	-0.21	-0.122	0.43	0.762	"3"
"申办"	1	0	0	0.384	0.245	0.372	0.416	-0.122	-0.202	0.74	"1"
"电信"	1	0	1	0.768	0.489	0.743	0.207	-0.244	0.218	0.669	"2"
"电子"	0	0	1	0.384	0.245	0.372	-0.21	-0.122	0.43	0.762	"3"
"电子商"	0	0	1	0.384	0.245	0.372	-0.21	-0.122	0.43	0.762	"3"
"电影"	1	0	0	0.384	0.245	0.372	0.416	-0.122	-0.202	0.74	"1"
"电影节"	1	0	0	0.384	0.245	0.372	0.416	-0.122	-0.202	0.74	"1"
"电机"	1	0	1	0.768	0.489	0.743	0.207	-0.244	0.218	0.669	"2"
"男性"	2	0	0	0.768	0.489	0.743	0.832	-0.244	-0.403	1.479	"1"
"百年"	2	0	0	0.768	0.489	0.743	0.832	-0.244	-0.403	1.479	"1"
"监测"	1	0	0	0.384	0.245	0.372	0.416	-0.122	-0.202	0.74	"1"
"目"	1	0	1	0.768	0.489	0.743	0.207	-0.244	0.218	0.669	"2"
"直立人"	0	0	1	0.384	0.245	0.372	-0.21	-0.122	0.43	0.762	"3"
"相互"	1	2	1	1.536	0.978	1.486	-0.298	0.598	-0.28	1.176	"2"
"相关"	5	0	3	3.071	1.956	2.973	0.825	-0.974	0.206	2.005	"2"
"相同"	1	0	0	0.384	0.245	0.372	0.416	-0.122	-0.202	0.74	"1"
"相继"	1	0	0	0.384	0.245	0.372	0.416	-0.122	-0.202	0.74	"1"
"省"	0	0	1	0.384	0.245	0.372	-0.21	-0.122	0.43	0.762	"3"
"看"	1	0	0	0.384	0.245	0.372	0.416	-0.122	-0.202	0.74	"1"
"着手"	0	0	1	0.384	0.245	0.372	-0.21	-0.122	0.43	0.762	"3"
"着重"	0	1	0	0.384	0.245	0.372	-0.21	0.612	-0.202	1.024	"2"
"知识"	0	1	1	0.768	0.489	0.743	-0.421	0.367	0.218	1.006	"1"
"石化"	1	0	0	0.384	0.245	0.372	0.416	-0.122	-0.202	0.74	"1"
"石油"	0	1	2	1.152	0.734	1.115	-0.631	0.245	0.506	1.382	"1"
"研发"	0	0	2	0.768	0.489	0.743	-0.421	-0.244	0.86	1.525	"3"
"研究"	1	2	29	12.284	7.826	11.89	-5.41	-2.096	9.353	16.859	"3"
"研究员"	1	0	0	0.384	0.245	0.372	0.416	-0.122	-0.202	0.74	"1"
"研究生"	0	0	2	0.768	0.489	0.743	-0.421	-0.244	0.86	1.525	"3"
"研讨"	2	0	0	0.768	0.489	0.743	0.832	-0.244	-0.403	1.479	"1"
"研讨会"	0	0	3	1.152	0.734	1.115	-0.631	-0.365	1.29	2.286	"3"
"硕士"	0	0	2	0.768	0.489	0.743	-0.421	-0.244	0.86	1.525	"3"
"硬体"	0	0	1	0.384	0.245	0.372	-0.21	-0.122	0.43	0.762	"3"
"确定"	1	0	0	0.384	0.245	0.372	0.416	-0.122	-0.202	0.74	"1"
"磁"	0	0	1	0.384	0.245	0.372	-0.21	-0.122	0.43	0.762	"3"
"社会"	1	2	7	3.839	2.445	3.716	-1.244	-0.266	1.438	2.948	"3"
"社长"	1	0	0	0.384	0.245	0.372	0.416	-0.122	-0.202	0.74	"1"
"祝福"	1	0	0	0.384	0.245	0.372	0.416	-0.122	-0.202	0.74	"1"
"神话"	1	0	0	0.384	0.245	0.372	0.416	-0.122	-0.202	0.74	"1"
"禁毒"	0	1	0	0.384	0.245	0.372	-0.21	0.612	-0.202	1.024	"2"
"禅宗"	2	0	0	0.768	0.489	0.743	0.832	-0.244	-0.403	1.479	"1"
"福利"	0	0	1	0.384	0.245	0.372	-0.21	-0.122	0.43	0.762	"3"
"离"	1	0	0	0.384	0.245	0.372	0.416	-0.122	-0.202	0.74	"1"
"离不开"	2	0	0	0.768	0.489	0.743	0.832	-0.244	-0.403	1.479	"1"
"私人"	1	0	0	0.384	0.245	0.372	0.416	-0.122	-0.202	0.74	"1"
"私密性"	1	0	0	0.384	0.245	0.372	0.416	-0.122	-0.202	0.74	"1"
"科学"	0	1	14	5.758	3.668	5.573	-3.155	-1.059	5.028	9.242	"3"
"科学类"	1	0	0	0.384	0.245	0.372	0.416	-0.122	-0.202	0.74	"1"
"科技"	3	9	9	8.062	5.136	7.803	-1.797	1.306	0.432	3.535	"1"
"科目"	1	0	1	0.768	0.489	0.743	0.207	-0.244	0.218	0.669	"2"
"科研"	1	0	2	1.152	0.734	1.115	-0.173	-0.365	0.506	1.044	"3"
"积分"	1	0	0	0.384	0.245	0.372	0.416	-0.122	-0.202	0.74	"1"
"积极"	0	2	3	1.919	1.223	1.858	-1.052	0.449	0.569	2.07	"1"
"稀土"	0	0	1	0.384	0.245	0.372	-0.21	-0.122	0.43	0.762	"3"
"究竟"	1	0	0	0.384	0.245	0.372	0.416	-0.122	-0.202	0.74	"1"
"空"	1	0	0	0.384	0.245	0.372	0.416	-0.122	-0.202	0.74	"1"
"空间"	0	1	2	1.152	0.734	1.115	-0.631	0.245	0.506	1.382	"1"
"突出"	1	0	0	0.384	0.245	0.372	0.416	-0.122	-0.202	0.74	"1"
"突破"	0	0	3	1.152	0.734	1.115	-0.631	-0.365	1.29	2.286	"3"
"立体"	0	0	1	0.384	0.245	0.372	-0.21	-0.122	0.43	0.762	"3"
"立案"	0	0	1	0.384	0.245	0.372	-0.21	-0.122	0.43	0.762	"3"
"竞争"	0	0	3	1.152	0.734	1.115	-0.631	-0.365	1.29	2.286	"3"
"竞争者"	1	0	0	0.384	0.245	0.372	0.416	-0.122	-0.202	0.74	"1"
"竞赛"	1	0	0	0.384	0.245	0.372	0.416	-0.122	-0.202	0.74	"1"
"等"	3	32	50	32.63	20.787	31.583	-13.475	2.329	4.389	20.193	"1"
"等于"	1	0	0	0.384	0.245	0.372	0.416	-0.122	-0.202	0.74	"1"
"答对"	1	0	0	0.384	0.245	0.372	0.416	-0.122	-0.202	0.74	"1"
"答案"	1	0	0	0.384	0.245	0.372	0.416	-0.122	-0.202	0.74	"1"
"策划"	1	0	0	0.384	0.245	0.372	0.416	-0.122	-0.202	0.74	"1"
"筹设"	1	0	0	0.384	0.245	0.372	0.416	-0.122	-0.202	0.74	"1"
"简约"	1	0	0	0.384	0.245	0.372	0.416	-0.122	-0.202	0.74	"1"
"篇"	1	0	0	0.384	0.245	0.372	0.416	-0.122	-0.202	0.74	"1"
"篇幅"	1	0	0	0.384	0.245	0.372	0.416	-0.122	-0.202	0.74	"1"
"籐国威"	1	0	0	0.384	0.245	0.372	0.416	-0.122	-0.202	0.74	"1"
"系"	0	2	1	1.152	0.734	1.115	-0.631	0.823	-0.162	1.616	"2"
"系列"	1	0	0	0.384	0.245	0.372	0.416	-0.122	-0.202	0.74	"1"
"素质"	1	0	0	0.384	0.245	0.372	0.416	-0.122	-0.202	0.74	"1"
"紧密"	0	2	0	0.768	0.489	0.743	-0.421	1.223	-0.403	2.047	"2"
"紧紧"	1	0	0	0.384	0.245	0.372	0.416	-0.122	-0.202	0.74	"1"
"繁荣"	0	1	0	0.384	0.245	0.372	-0.21	0.612	-0.202	1.024	"2"
"红十字"	1	0	0	0.384	0.245	0.372	0.416	-0.122	-0.202	0.74	"1"
"纸笔"	1	0	0	0.384	0.245	0.372	0.416	-0.122	-0.202	0.74	"1"
"组"	0	0	1	0.384	0.245	0.372	-0.21	-0.122	0.43	0.762	"3"
"组别"	1	0	0	0.384	0.245	0.372	0.416	-0.122	-0.202	0.74	"1"
"组织"	1	0	0	0.384	0.245	0.372	0.416	-0.122	-0.202	0.74	"1"
"细化"	0	0	1	0.384	0.245	0.372	-0.21	-0.122	0.43	0.762	"3"
"经济"	0	15	21	13.82	8.804	13.376	-7.572	1.765	2.102	11.439	"1"
"经济人"	1	0	0	0.384	0.245	0.372	0.416	-0.122	-0.202	0.74	"1"
"经济学"	0	0	2	0.768	0.489	0.743	-0.421	-0.244	0.86	1.525	"3"
"经贸"	1	12	1	5.374	3.424	5.202	-1.957	5.603	-1.857	9.417	"2"
"经费"	1	0	0	0.384	0.245	0.372	0.416	-0.122	-0.202	0.74	"1"
"结合"	1	0	1	0.768	0.489	0.743	0.207	-0.244	0.218	0.669	"2"
"绘画"	1	0	0	0.384	0.245	0.372	0.416	-0.122	-0.202	0.74	"1"
"绩优"	1	0	0	0.384	0.245	0.372	0.416	-0.122	-0.202	0.74	"1"
"综合"	0	0	1	0.384	0.245	0.372	-0.21	-0.122	0.43	0.762	"3"
"绿化"	1	0	0	0.384	0.245	0.372	0.416	-0.122	-0.202	0.74	"1"
"编写"	1	0	0	0.384	0.245	0.372	0.416	-0.122	-0.202	0.74	"1"
"编列"	1	0	0	0.384	0.245	0.372	0.416	-0.122	-0.202	0.74	"1"
"缩小"	0	0	1	0.384	0.245	0.372	-0.21	-0.122	0.43	0.762	"3"
"缺少"	1	0	0	0.384	0.245	0.372	0.416	-0.122	-0.202	0.74	"1"
"网友"	1	0	0	0.384	0.245	0.372	0.416	-0.122	-0.202	0.74	"1"
"网波"	0	0	1	0.384	0.245	0.372	-0.21	-0.122	0.43	0.762	"3"
"罗列"	1	0	0	0.384	0.245	0.372	0.416	-0.122	-0.202	0.74	"1"
"美术"	0	0	1	0.384	0.245	0.372	-0.21	-0.122	0.43	0.762	"3"
"美食"	1	0	0	0.384	0.245	0.372	0.416	-0.122	-0.202	0.74	"1"
"考查"	1	0	0	0.384	0.245	0.372	0.416	-0.122	-0.202	0.74	"1"
"考试"	2	0	0	0.768	0.489	0.743	0.832	-0.244	-0.403	1.479	"1"
"耕耘"	1	0	0	0.384	0.245	0.372	0.416	-0.122	-0.202	0.74	"1"
"联系"	1	0	0	0.384	0.245	0.372	0.416	-0.122	-0.202	0.74	"1"
"聘请"	0	0	1	0.384	0.245	0.372	-0.21	-0.122	0.43	0.762	"3"
"肩负"	0	1	0	0.384	0.245	0.372	-0.21	0.612	-0.202	1.024	"2"
"背景"	2	0	0	0.768	0.489	0.743	0.832	-0.244	-0.403	1.479	"1"
"能"	0	0	1	0.384	0.245	0.372	-0.21	-0.122	0.43	0.762	"3"
"能力"	2	0	1	1.152	0.734	1.115	0.483	-0.365	-0.162	1.01	"1"
"能源"	0	1	4	1.919	1.223	1.858	-1.052	-0.191	1.174	2.417	"3"
"自主"	0	0	1	0.384	0.245	0.372	-0.21	-0.122	0.43	0.762	"3"
"自动"	1	0	0	0.384	0.245	0.372	0.416	-0.122	-0.202	0.74	"1"
"自动化"	1	0	0	0.384	0.245	0.372	0.416	-0.122	-0.202	0.74	"1"
"自治会"	1	0	0	0.384	0.245	0.372	0.416	-0.122	-0.202	0.74	"1"
"航天"	0	0	2	0.768	0.489	0.743	-0.421	-0.244	0.86	1.525	"3"
"良好"	0	4	1	1.919	1.223	1.858	-1.052	1.842	-0.411	3.305	"2"
"艺术"	0	0	2	0.768	0.489	0.743	-0.421	-0.244	0.86	1.525	"3"
"艾滋病"	1	0	0	0.384	0.245	0.372	0.416	-0.122	-0.202	0.74	"1"
"艾滋病日"	2	0	0	0.768	0.489	0.743	0.832	-0.244	-0.403	1.479	"1"
"节数"	2	0	0	0.768	0.489	0.743	0.832	-0.244	-0.403	1.479	"1"
"节水"	1	0	0	0.384	0.245	0.372	0.416	-0.122	-0.202	0.74	"1"
"若要"	1	0	0	0.384	0.245	0.372	0.416	-0.122	-0.202	0.74	"1"
"英文"	2	0	0	0.768	0.489	0.743	0.832	-0.244	-0.403	1.479	"1"
"英语"	0	0	3	1.152	0.734	1.115	-0.631	-0.365	1.29	2.286	"3"
"范围"	0	0	1	0.384	0.245	0.372	-0.21	-0.122	0.43	0.762	"3"
"营造"	1	0	0	0.384	0.245	0.372	0.416	-0.122	-0.202	0.74	"1"
"落成"	1	0	0	0.384	0.245	0.372	0.416	-0.122	-0.202	0.74	"1"
"董事长"	1	0	0	0.384	0.245	0.372	0.416	-0.122	-0.202	0.74	"1"
"蓝领"	1	0	0	0.384	0.245	0.372	0.416	-0.122	-0.202	0.74	"1"
"虚拟"	0	0	1	0.384	0.245	0.372	-0.21	-0.122	0.43	0.762	"3"
"蜂巢状"	1	0	0	0.384	0.245	0.372	0.416	-0.122	-0.202	0.74	"1"
"融资"	0	0	2	0.768	0.489	0.743	-0.421	-0.244	0.86	1.525	"3"
"衍生物"	1	0	0	0.384	0.245	0.372	0.416	-0.122	-0.202	0.74	"1"
"补习"	3	0	0	1.152	0.734	1.115	1.247	-0.365	-0.605	2.217	"1"
"补习班"	1	0	0	0.384	0.245	0.372	0.416	-0.122	-0.202	0.74	"1"
"表决"	1	0	0	0.384	0.245	0.372	0.416	-0.122	-0.202	0.74	"1"
"表决制"	1	0	0	0.384	0.245	0.372	0.416	-0.122	-0.202	0.74	"1"
"表扬"	0	0	1	0.384	0.245	0.372	-0.21	-0.122	0.43	0.762	"3"
"表现"	1	0	4	1.919	1.223	1.858	-0.437	-0.609	1.174	2.22	"3"
"表达"	1	0	0	0.384	0.245	0.372	0.416	-0.122	-0.202	0.74	"1"
"裁军"	0	0	1	0.384	0.245	0.372	-0.21	-0.122	0.43	0.762	"3"
"装饰品"	1	0	0	0.384	0.245	0.372	0.416	-0.122	-0.202	0.74	"1"
"西部"	2	0	0	0.768	0.489	0.743	0.832	-0.244	-0.403	1.479	"1"
"西部大开发"	1	0	0	0.384	0.245	0.372	0.416	-0.122	-0.202	0.74	"1"
"要求"	1	0	0	0.384	0.245	0.372	0.416	-0.122	-0.202	0.74	"1"
"覆盖"	0	0	2	0.768	0.489	0.743	-0.421	-0.244	0.86	1.525	"3"
"见多识广"	0	0	1	0.384	0.245	0.372	-0.21	-0.122	0.43	0.762	"3"
"观察"	1	0	0	0.384	0.245	0.372	0.416	-0.122	-0.202	0.74	"1"
"观测"	0	0	1	0.384	0.245	0.372	-0.21	-0.122	0.43	0.762	"3"
"规"	1	0	0	0.384	0.245	0.372	0.416	-0.122	-0.202	0.74	"1"
"规划"	2	0	0	0.768	0.489	0.743	0.832	-0.244	-0.403	1.479	"1"
"觉得"	1	0	0	0.384	0.245	0.372	0.416	-0.122	-0.202	0.74	"1"
"计生"	1	0	0	0.384	0.245	0.372	0.416	-0.122	-0.202	0.74	"1"
"计算机"	0	0	3	1.152	0.734	1.115	-0.631	-0.365	1.29	2.286	"3"
"讨论"	12	0	0	4.607	2.935	4.459	4.99	-1.462	-2.421	8.873	"1"
"议题"	1	0	0	0.384	0.245	0.372	0.416	-0.122	-0.202	0.74	"1"
"讲学"	1	0	0	0.384	0.245	0.372	0.416	-0.122	-0.202	0.74	"1"
"讲座"	2	0	0	0.768	0.489	0.743	0.832	-0.244	-0.403	1.479	"1"
"讲演"	2	0	0	0.768	0.489	0.743	0.832	-0.244	-0.403	1.479	"1"
"讲解"	1	0	0	0.384	0.245	0.372	0.416	-0.122	-0.202	0.74	"1"
"讲话"	1	0	0	0.384	0.245	0.372	0.416	-0.122	-0.202	0.74	"1"
"讲述"	1	0	0	0.384	0.245	0.372	0.416	-0.122	-0.202	0.74	"1"
"许嘉栋"	0	0	1	0.384	0.245	0.372	-0.21	-0.122	0.43	0.762	"3"
"许多"	1	3	0	1.536	0.978	1.486	-0.298	1.321	-0.807	2.426	"2"
"论坛"	5	0	0	1.919	1.223	1.858	2.079	-0.609	-1.009	3.697	"1"
"论文"	1	0	1	0.768	0.489	0.743	0.207	-0.244	0.218	0.669	"2"
"设"	1	0	0	0.384	0.245	0.372	0.416	-0.122	-0.202	0.74	"1"
"设定"	1	0	0	0.384	0.245	0.372	0.416	-0.122	-0.202	0.74	"1"
"设施"	0	1	3	1.536	0.978	1.486	-0.841	0.171	0.83	1.842	"1"
"设计"	6	0	0	2.303	1.467	2.229	2.495	-0.731	-1.21	4.436	"1"
"访谈"	1	0	0	0.384	0.245	0.372	0.416	-0.122	-0.202	0.74	"1"
"证词"	0	0	1	0.384	0.245	0.372	-0.21	-0.122	0.43	0.762	"3"
"评议"	0	0	1	0.384	0.245	0.372	-0.21	-0.122	0.43	0.762	"3"
"试"	1	0	0	0.384	0.245	0.372	0.416	-0.122	-0.202	0.74	"1"
"诗歌"	1	0	0	0.384	0.245	0.372	0.416	-0.122	-0.202	0.74	"1"
"语"	0	0	1	0.384	0.245	0.372	-0.21	-0.122	0.43	0.762	"3"
"诸多"	0	0	1	0.384	0.245	0.372	-0.21	-0.122	0.43	0.762	"3"
"课文"	1	0	0	0.384	0.245	0.372	0.416	-0.122	-0.202	0.74	"1"
"课程"	2	0	0	0.768	0.489	0.743	0.832	-0.244	-0.403	1.479	"1"
"谈论"	1	0	0	0.384	0.245	0.372	0.416	-0.122	-0.202	0.74	"1"
"谢长廷案"	1	0	0	0.384	0.245	0.372	0.416	-0.122	-0.202	0.74	"1"
"贝瑞特"	1	0	0	0.384	0.245	0.372	0.416	-0.122	-0.202	0.74	"1"
"贡献"	0	2	2	1.536	0.978	1.486	-0.841	0.598	0.323	1.762	"1"
"财经"	1	0	1	0.768	0.489	0.743	0.207	-0.244	0.218	0.669	"2"
"责无旁贷"	1	0	0	0.384	0.245	0.372	0.416	-0.122	-0.202	0.74	"1"
"贴近"	1	0	0	0.384	0.245	0.372	0.416	-0.122	-0.202	0.74	"1"
"贸"	0	2	0	0.768	0.489	0.743	-0.421	1.223	-0.403	2.047	"2"
"贸易"	0	2	6	3.071	1.956	2.973	-1.683	0.208	1.464	3.355	"1"
"资本"	0	0	4	1.536	0.978	1.486	-0.841	-0.487	1.72	3.048	"3"
"资本品"	0	0	1	0.384	0.245	0.372	-0.21	-0.122	0.43	0.762	"3"
"资源"	0	1	3	1.536	0.978	1.486	-0.841	0.171	0.83	1.842	"1"
"资讯"	0	0	4	1.536	0.978	1.486	-0.841	-0.487	1.72	3.048	"3"
"资讯化"	1	0	0	0.384	0.245	0.372	0.416	-0.122	-0.202	0.74	"1"
"资讯月"	1	0	0	0.384	0.245	0.372	0.416	-0.122	-0.202	0.74	"1"
"资讯网"	0	0	1	0.384	0.245	0.372	-0.21	-0.122	0.43	0.762	"3"
"赛普勒斯"	1	0	0	0.384	0.245	0.372	0.416	-0.122	-0.202	0.74	"1"
"赫然"	1	0	0	0.384	0.245	0.372	0.416	-0.122	-0.202	0.74	"1"
"跨"	0	0	4	1.536	0.978	1.486	-0.841	-0.487	1.72	3.048	"3"
"跨国"	0	1	1	0.768	0.489	0.743	-0.421	0.367	0.218	1.006	"1"
"跨年"	1	0	0	0.384	0.245	0.372	0.416	-0.122	-0.202	0.74	"1"
"路科"	0	0	1	0.384	0.245	0.372	-0.21	-0.122	0.43	0.762	"3"
"转基因"	0	0	2	0.768	0.489	0.743	-0.421	-0.244	0.86	1.525	"3"
"转移到"	0	0	1	0.384	0.245	0.372	-0.21	-0.122	0.43	0.762	"3"
"软件"	0	0	1	0.384	0.245	0.372	-0.21	-0.122	0.43	0.762	"3"
"较"	3	0	0	1.152	0.734	1.115	1.247	-0.365	-0.605	2.217	"1"
"辛勤"	1	0	0	0.384	0.245	0.372	0.416	-0.122	-0.202	0.74	"1"
"辩论会"	1	0	0	0.384	0.245	0.372	0.416	-0.122	-0.202	0.74	"1"
"辽"	0	0	1	0.384	0.245	0.372	-0.21	-0.122	0.43	0.762	"3"
"迅猛"	0	0	2	0.768	0.489	0.743	-0.421	-0.244	0.86	1.525	"3"
"迅速"	0	0	2	0.768	0.489	0.743	-0.421	-0.244	0.86	1.525	"3"
"过年"	1	0	0	0.384	0.245	0.372	0.416	-0.122	-0.202	0.74	"1"
"迈入"	1	0	0	0.384	0.245	0.372	0.416	-0.122	-0.202	0.74	"1"
"迈向"	0	0	1	0.384	0.245	0.372	-0.21	-0.122	0.43	0.762	"3"
"迎接"	2	0	0	0.768	0.489	0.743	0.832	-0.244	-0.403	1.479	"1"
"运动"	2	0	0	0.768	0.489	0.743	0.832	-0.244	-0.403	1.479	"1"
"运动会"	1	0	0	0.384	0.245	0.372	0.416	-0.122	-0.202	0.74	"1"
"运输"	0	0	2	0.768	0.489	0.743	-0.421	-0.244	0.86	1.525	"3"
"近年来"	0	1	2	1.152	0.734	1.115	-0.631	0.245	0.506	1.382	"1"
"近支"	0	0	1	0.384	0.245	0.372	-0.21	-0.122	0.43	0.762	"3"
"这"	4	0	0	1.536	0.978	1.486	1.663	-0.487	-0.807	2.957	"1"
"进一步"	0	11	5	6.142	3.913	5.945	-3.365	3.636	-0.379	7.38	"2"
"进入"	0	0	4	1.536	0.978	1.486	-0.841	-0.487	1.72	3.048	"3"
"进军"	0	0	1	0.384	0.245	0.372	-0.21	-0.122	0.43	0.762	"3"
"进展"	0	2	3	1.919	1.223	1.858	-1.052	0.449	0.569	2.07	"1"
"进行"	3	0	1	1.536	0.978	1.486	0.793	-0.487	-0.28	1.56	"1"
"迪士尼"	2	0	0	0.768	0.489	0.743	0.832	-0.244	-0.403	1.479	"1"
"迳自"	1	0	0	0.384	0.245	0.372	0.416	-0.122	-0.202	0.74	"1"
"退出"	0	0	2	0.768	0.489	0.743	-0.421	-0.244	0.86	1.525	"3"
"选修"	0	0	2	0.768	0.489	0.743	-0.421	-0.244	0.86	1.525	"3"
"选定"	1	0	0	0.384	0.245	0.372	0.416	-0.122	-0.202	0.74	"1"
"选择"	1	0	0	0.384	0.245	0.372	0.416	-0.122	-0.202	0.74	"1"
"选读"	1	0	0	0.384	0.245	0.372	0.416	-0.122	-0.202	0.74	"1"
"逐步"	1	1	3	1.919	1.223	1.858	-0.437	-0.191	0.569	1.197	"3"
"途径"	0	0	1	0.384	0.245	0.372	-0.21	-0.122	0.43	0.762	"3"
"通信"	0	0	2	0.768	0.489	0.743	-0.421	-0.244	0.86	1.525	"3"
"通讯"	0	0	2	0.768	0.489	0.743	-0.421	-0.244	0.86	1.525	"3"
"造福"	0	1	0	0.384	0.245	0.372	-0.21	0.612	-0.202	1.024	"2"
"道德"	0	0	2	0.768	0.489	0.743	-0.421	-0.244	0.86	1.525	"3"
"避风塘"	0	0	1	0.384	0.245	0.372	-0.21	-0.122	0.43	0.762	"3"
"邀请"	2	0	0	0.768	0.489	0.743	0.832	-0.244	-0.403	1.479	"1"
"邀集"	1	0	0	0.384	0.245	0.372	0.416	-0.122	-0.202	0.74	"1"
"邮品"	2	0	0	0.768	0.489	0.743	0.832	-0.244	-0.403	1.479	"1"
"邮政"	2	0	0	0.768	0.489	0.743	0.832	-0.244	-0.403	1.479	"1"
"郑世民"	0	0	1	0.384	0.245	0.372	-0.21	-0.122	0.43	0.762	"3"
"配乐"	1	0	0	0.384	0.245	0.372	0.416	-0.122	-0.202	0.74	"1"
"配合"	3	0	0	1.152	0.734	1.115	1.247	-0.365	-0.605	2.217	"1"
"采用"	0	0	1	0.384	0.245	0.372	-0.21	-0.122	0.43	0.762	"3"
"采访"	1	0	0	0.384	0.245	0.372	0.416	-0.122	-0.202	0.74	"1"
"重任"	0	1	0	0.384	0.245	0.372	-0.21	0.612	-0.202	1.024	"2"
"重大"	0	0	3	1.152	0.734	1.115	-0.631	-0.365	1.29	2.286	"3"
"重振"	1	0	0	0.384	0.245	0.372	0.416	-0.122	-0.202	0.74	"1"
"重点"	2	3	3	3.071	1.956	2.973	-0.456	0.512	0.206	1.174	"2"
"重要"	0	0	8	3.071	1.956	2.973	-1.683	-0.974	3.44	6.097	"3"
"量子"	0	0	2	0.768	0.489	0.743	-0.421	-0.244	0.86	1.525	"3"
"金融"	0	1	5	2.303	1.467	2.229	-1.262	-0.262	1.533	3.057	"3"
"针"	1	0	0	0.384	0.245	0.372	0.416	-0.122	-0.202	0.74	"1"
"针对"	1	0	0	0.384	0.245	0.372	0.416	-0.122	-0.202	0.74	"1"
"铭传"	1	0	0	0.384	0.245	0.372	0.416	-0.122	-0.202	0.74	"1"
"银色"	1	0	0	0.384	0.245	0.372	0.416	-0.122	-0.202	0.74	"1"
"锁定"	1	0	0	0.384	0.245	0.372	0.416	-0.122	-0.202	0.74	"1"
"长久以来"	1	0	0	0.384	0.245	0.372	0.416	-0.122	-0.202	0.74	"1"
"长影"	1	0	0	0.384	0.245	0.372	0.416	-0.122	-0.202	0.74	"1"
"长老"	1	0	0	0.384	0.245	0.372	0.416	-0.122	-0.202	0.74	"1"
"门"	1	0	0	0.384	0.245	0.372	0.416	-0.122	-0.202	0.74	"1"
"门类"	0	0	1	0.384	0.245	0.372	-0.21	-0.122	0.43	0.762	"3"
"间"	0	1	0	0.384	0.245	0.372	-0.21	0.612	-0.202	1.024	"2"
"阅读"	1	0	0	0.384	0.245	0.372	0.416	-0.122	-0.202	0.74	"1"
"队伍"	1	0	0	0.384	0.245	0.372	0.416	-0.122	-0.202	0.74	"1"
"防灾"	1	0	1	0.768	0.489	0.743	0.207	-0.244	0.218	0.669	"2"
"附设"	1	0	0	0.384	0.245	0.372	0.416	-0.122	-0.202	0.74	"1"
"陇西县"	1	0	0	0.384	0.245	0.372	0.416	-0.122	-0.202	0.74	"1"
"陈嘉庚"	2	0	0	0.768	0.489	0.743	0.832	-0.244	-0.403	1.479	"1"
"陈瑞献"	1	0	0	0.384	0.245	0.372	0.416	-0.122	-0.202	0.74	"1"
"限于"	1	0	0	0.384	0.245	0.372	0.416	-0.122	-0.202	0.74	"1"
"院系"	1	0	0	0.384	0.245	0.372	0.416	-0.122	-0.202	0.74	"1"
"难事"	0	0	1	0.384	0.245	0.372	-0.21	-0.122	0.43	0.762	"3"
"难于"	0	0	1	0.384	0.245	0.372	-0.21	-0.122	0.43	0.762	"3"
"难民日"	1	0	0	0.384	0.245	0.372	0.416	-0.122	-0.202	0.74	"1"
"难题"	0	0	1	0.384	0.245	0.372	-0.21	-0.122	0.43	0.762	"3"
"集中"	1	0	1	0.768	0.489	0.743	0.207	-0.244	0.218	0.669	"2"
"集合"	0	0	1	0.384	0.245	0.372	-0.21	-0.122	0.43	0.762	"3"
"青少年"	1	0	0	0.384	0.245	0.372	0.416	-0.122	-0.202	0.74	"1"
"非"	0	1	1	0.768	0.489	0.743	-0.421	0.367	0.218	1.006	"1"
"非国有"	0	0	1	0.384	0.245	0.372	-0.21	-0.122	0.43	0.762	"3"
"非生产"	1	0	0	0.384	0.245	0.372	0.416	-0.122	-0.202	0.74	"1"
"非间"	0	1	0	0.384	0.245	0.372	-0.21	0.612	-0.202	1.024	"2"
"音乐会"	1	0	0	0.384	0.245	0.372	0.416	-0.122	-0.202	0.74	"1"
"项"	1	0	0	0.384	0.245	0.372	0.416	-0.122	-0.202	0.74	"1"
"预算"	1	0	0	0.384	0.245	0.372	0.416	-0.122	-0.202	0.74	"1"
"预防"	1	0	0	0.384	0.245	0.372	0.416	-0.122	-0.202	0.74	"1"
"领先"	0	0	2	0.768	0.489	0.743	-0.421	-0.244	0.86	1.525	"3"
"领域"	1	1	7	3.455	2.201	3.344	-1.073	-0.504	1.793	3.37	"3"
"频繁"	0	1	0	0.384	0.245	0.372	-0.21	0.612	-0.202	1.024	"2"
"题为"	1	0	0	0.384	0.245	0.372	0.416	-0.122	-0.202	0.74	"1"
"题目"	1	0	0	0.384	0.245	0.372	0.416	-0.122	-0.202	0.74	"1"
"风气"	0	0	1	0.384	0.245	0.372	-0.21	-0.122	0.43	0.762	"3"
"食品"	0	1	4	1.919	1.223	1.858	-1.052	-0.191	1.174	2.417	"3"
"飨宴"	1	0	0	0.384	0.245	0.372	0.416	-0.122	-0.202	0.74	"1"
"餐厅"	1	0	0	0.384	0.245	0.372	0.416	-0.122	-0.202	0.74	"1"
"饭店"	1	0	0	0.384	0.245	0.372	0.416	-0.122	-0.202	0.74	"1"
"马偕"	1	0	0	0.384	0.245	0.372	0.416	-0.122	-0.202	0.74	"1"
"高一生"	1	0	0	0.384	0.245	0.372	0.416	-0.122	-0.202	0.74	"1"
"高峰会"	1	0	0	0.384	0.245	0.372	0.416	-0.122	-0.202	0.74	"1"
"高技术"	0	0	1	0.384	0.245	0.372	-0.21	-0.122	0.43	0.762	"3"
"高新"	0	0	3	1.152	0.734	1.115	-0.631	-0.365	1.29	2.286	"3"
"高科技"	0	1	2	1.152	0.734	1.115	-0.631	0.245	0.506	1.382	"1"
"高等院"	0	0	1	0.384	0.245	0.372	-0.21	-0.122	0.43	0.762	"3"
"高考"	1	0	0	0.384	0.245	0.372	0.416	-0.122	-0.202	0.74	"1"
"魅力"	1	0	0	0.384	0.245	0.372	0.416	-0.122	-0.202	0.74	"1"
"魏庆荣"	1	0	0	0.384	0.245	0.372	0.416	-0.122	-0.202	0.74	"1"
"鲍翅汇"	1	0	0	0.384	0.245	0.372	0.416	-0.122	-0.202	0.74	"1"
"黑帮"	1	0	0	0.384	0.245	0.372	0.416	-0.122	-0.202	0.74	"1"
"鼓励"	1	1	0	0.768	0.489	0.743	0.207	0.367	-0.403	0.977	"3"
"龙腾"	1	0	0	0.384	0.245	0.372	0.416	-0.122	-0.202	0.74	"1"
