"Coll_Word"	"1"	"2"	"3"	"4"	"5"	"6"	"7"	"exp_1"	"exp_2"	"exp_3"	"exp_4"	"exp_5"	"exp_6"	"exp_7"	"pbin_1"	"pbin_2"	"pbin_3"	"pbin_4"	"pbin_5"	"pbin_6"	"pbin_7"	"SumAbsDev"	"LargestDev"
"、"	0	0	1	6	2	5	16	12.152	3.165	4.003	2.363	4.707	0.892	2.719	-6.766	-1.453	-1.116	1.563	-0.888	2.751	9.061	23.598	"7"
"﹑"	2	0	1	2	0	0	0	2.025	0.527	0.667	0.394	0.785	0.149	0.453	-0.171	-0.242	0.291	1.277	-0.371	-0.066	-0.206	2.624	"4"
"1.2％"	0	1	0	0	0	0	0	0.405	0.105	0.133	0.079	0.157	0.03	0.091	-0.226	0.977	-0.062	-0.036	-0.074	-0.013	-0.041	1.429	"2"
"3.6％"	0	1	0	0	0	0	0	0.405	0.105	0.133	0.079	0.157	0.03	0.091	-0.226	0.977	-0.062	-0.036	-0.074	-0.013	-0.041	1.429	"2"
"3.8％"	0	1	0	0	0	0	0	0.405	0.105	0.133	0.079	0.157	0.03	0.091	-0.226	0.977	-0.062	-0.036	-0.074	-0.013	-0.041	1.429	"2"
"57％"	0	1	0	0	0	0	0	0.405	0.105	0.133	0.079	0.157	0.03	0.091	-0.226	0.977	-0.062	-0.036	-0.074	-0.013	-0.041	1.429	"2"
"6.2％"	0	1	0	0	0	0	0	0.405	0.105	0.133	0.079	0.157	0.03	0.091	-0.226	0.977	-0.062	-0.036	-0.074	-0.013	-0.041	1.429	"2"
"90年代"	2	0	0	0	0	0	0	0.81	0.211	0.267	0.158	0.314	0.059	0.181	0.785	-0.097	-0.124	-0.071	-0.148	-0.026	-0.083	1.334	"1"
"B2C"	0	1	0	0	0	0	0	0.405	0.105	0.133	0.079	0.157	0.03	0.091	-0.226	0.977	-0.062	-0.036	-0.074	-0.013	-0.041	1.429	"2"
"G"	1	0	0	0	0	0	0	0.405	0.105	0.133	0.079	0.157	0.03	0.091	0.392	-0.048	-0.062	-0.036	-0.074	-0.013	-0.041	0.666	"1"
"IT"	1	0	0	0	0	0	0	0.405	0.105	0.133	0.079	0.157	0.03	0.091	0.392	-0.048	-0.062	-0.036	-0.074	-0.013	-0.041	0.666	"1"
"ITS"	0	0	2	0	0	0	0	0.81	0.211	0.267	0.158	0.314	0.059	0.181	-0.451	-0.097	1.749	-0.071	-0.148	-0.026	-0.083	2.625	"3"
"一些"	0	1	5	1	2	0	0	3.645	0.949	1.201	0.709	1.412	0.267	0.816	-2.03	0.198	2.477	0.282	0.372	-0.118	-0.371	5.848	"3"
"一成"	0	1	0	0	0	0	0	0.405	0.105	0.133	0.079	0.157	0.03	0.091	-0.226	0.977	-0.062	-0.036	-0.074	-0.013	-0.041	1.429	"2"
"一来"	0	0	0	0	0	1	0	0.405	0.105	0.133	0.079	0.157	0.03	0.091	-0.226	-0.048	-0.062	-0.036	-0.074	1.527	-0.041	2.014	"6"
"一流"	0	0	1	0	0	0	0	0.405	0.105	0.133	0.079	0.157	0.03	0.091	-0.226	-0.048	0.875	-0.036	-0.074	-0.013	-0.041	1.313	"3"
"一般"	0	0	0	0	0	1	0	0.405	0.105	0.133	0.079	0.157	0.03	0.091	-0.226	-0.048	-0.062	-0.036	-0.074	1.527	-0.041	2.014	"6"
"一贯"	1	0	0	0	0	0	0	0.405	0.105	0.133	0.079	0.157	0.03	0.091	0.392	-0.048	-0.062	-0.036	-0.074	-0.013	-0.041	0.666	"1"
"下功夫"	0	1	0	0	0	0	0	0.405	0.105	0.133	0.079	0.157	0.03	0.091	-0.226	0.977	-0.062	-0.036	-0.074	-0.013	-0.041	1.429	"2"
"不同"	1	0	6	0	0	0	3	4.051	1.055	1.334	0.788	1.569	0.297	0.906	-1.363	-0.484	3.136	-0.356	-0.741	-0.131	1.26	7.471	"3"
"不断"	14	5	1	0	0	0	0	8.101	2.11	2.669	1.575	3.138	0.594	1.813	2.132	1.28	-0.633	-0.712	-1.483	-0.262	-0.825	7.327	"1"
"不足"	0	0	0	0	0	0	1	0.405	0.105	0.133	0.079	0.157	0.03	0.091	-0.226	-0.048	-0.062	-0.036	-0.074	-0.013	1.043	1.502	"7"
"不需"	0	0	0	0	0	1	0	0.405	0.105	0.133	0.079	0.157	0.03	0.091	-0.226	-0.048	-0.062	-0.036	-0.074	1.527	-0.041	2.014	"6"
"与"	46	2	5	1	6	0	2	25.113	6.541	8.273	4.883	9.728	1.842	5.62	7.115	-1.463	-0.828	-1.409	-0.898	-0.812	-1.144	13.669	"1"
"专业"	3	0	7	0	0	0	1	4.456	1.16	1.468	0.866	1.726	0.327	0.997	-0.546	-0.533	3.82	-0.392	-0.815	-0.144	0.188	6.438	"3"
"专家"	2	1	1	3	2	0	0	3.645	0.949	1.201	0.709	1.412	0.267	0.816	-0.653	0.198	-0.182	1.544	0.372	-0.118	-0.371	3.438	"4"
"专注"	0	1	0	0	0	0	0	0.405	0.105	0.133	0.079	0.157	0.03	0.091	-0.226	0.977	-0.062	-0.036	-0.074	-0.013	-0.041	1.429	"2"
"专精"	0	0	0	0	0	0	1	0.405	0.105	0.133	0.079	0.157	0.03	0.091	-0.226	-0.048	-0.062	-0.036	-0.074	-0.013	1.043	1.502	"7"
"专门"	0	0	0	0	0	0	1	0.405	0.105	0.133	0.079	0.157	0.03	0.091	-0.226	-0.048	-0.062	-0.036	-0.074	-0.013	1.043	1.502	"7"
"且"	0	0	0	0	0	0	1	0.405	0.105	0.133	0.079	0.157	0.03	0.091	-0.226	-0.048	-0.062	-0.036	-0.074	-0.013	1.043	1.502	"7"
"业务"	0	0	0	0	2	0	0	0.81	0.211	0.267	0.158	0.314	0.059	0.181	-0.451	-0.097	-0.124	-0.071	1.609	-0.026	-0.083	2.461	"5"
"业已"	1	0	0	0	0	0	0	0.405	0.105	0.133	0.079	0.157	0.03	0.091	0.392	-0.048	-0.062	-0.036	-0.074	-0.013	-0.041	0.666	"1"
"东协"	1	0	0	0	0	0	0	0.405	0.105	0.133	0.079	0.157	0.03	0.091	0.392	-0.048	-0.062	-0.036	-0.074	-0.013	-0.041	0.666	"1"
"东盟"	1	0	0	0	1	0	0	0.81	0.211	0.267	0.158	0.314	0.059	0.181	0.19	-0.097	-0.124	-0.071	0.539	-0.026	-0.083	1.13	"5"
"两国"	43	0	0	0	0	0	0	17.417	4.536	5.738	3.386	6.747	1.278	3.897	16.877	-2.082	-2.674	-1.532	-3.187	-0.563	-1.774	28.689	"1"
"个"	40	12	19	8	4	0	1	34.024	8.862	11.208	6.615	13.18	2.496	7.614	0.95	0.764	1.863	0.466	-2.74	-1.101	-2.494	10.378	"5"
"个别"	0	1	2	0	0	0	0	1.215	0.316	0.4	0.236	0.471	0.089	0.272	-0.677	0.546	1.313	-0.107	-0.222	-0.039	-0.124	3.028	"3"
"中俄"	3	0	0	0	0	0	0	1.215	0.316	0.4	0.236	0.471	0.089	0.272	1.177	-0.145	-0.187	-0.107	-0.222	-0.039	-0.124	2.001	"1"
"中医"	0	0	0	0	1	0	0	0.405	0.105	0.133	0.079	0.157	0.03	0.091	-0.226	-0.048	-0.062	-0.036	0.804	-0.013	-0.041	1.23	"5"
"中华文"	0	0	0	0	0	0	2	0.81	0.211	0.267	0.158	0.314	0.059	0.181	-0.451	-0.097	-0.124	-0.071	-0.148	-0.026	2.085	3.002	"7"
"中印"	1	0	0	0	0	0	0	0.405	0.105	0.133	0.079	0.157	0.03	0.091	0.392	-0.048	-0.062	-0.036	-0.074	-0.013	-0.041	0.666	"1"
"中国风"	0	0	2	0	0	0	0	0.81	0.211	0.267	0.158	0.314	0.059	0.181	-0.451	-0.097	1.749	-0.071	-0.148	-0.026	-0.083	2.625	"3"
"中学"	0	0	0	0	0	0	1	0.405	0.105	0.133	0.079	0.157	0.03	0.091	-0.226	-0.048	-0.062	-0.036	-0.074	-0.013	1.043	1.502	"7"
"中小型"	0	0	0	1	0	0	0	0.405	0.105	0.133	0.079	0.157	0.03	0.091	-0.226	-0.048	-0.062	1.104	-0.074	-0.013	-0.041	1.568	"4"
"中心"	0	0	0	0	0	1	1	0.81	0.211	0.267	0.158	0.314	0.059	0.181	-0.451	-0.097	-0.124	-0.071	-0.148	1.232	0.762	2.885	"6"
"中性"	0	0	0	0	0	0	1	0.405	0.105	0.133	0.079	0.157	0.03	0.091	-0.226	-0.048	-0.062	-0.036	-0.074	-0.013	1.043	1.502	"7"
"中方"	6	0	0	0	0	0	0	2.43	0.633	0.801	0.473	0.941	0.178	0.544	2.355	-0.291	-0.373	-0.214	-0.445	-0.079	-0.248	4.005	"1"
"中欧"	2	0	0	0	0	0	0	0.81	0.211	0.267	0.158	0.314	0.059	0.181	0.785	-0.097	-0.124	-0.071	-0.148	-0.026	-0.083	1.334	"1"
"中泰"	1	0	0	0	0	0	0	0.405	0.105	0.133	0.079	0.157	0.03	0.091	0.392	-0.048	-0.062	-0.036	-0.074	-0.013	-0.041	0.666	"1"
"中英"	1	0	0	0	0	0	0	0.405	0.105	0.133	0.079	0.157	0.03	0.091	0.392	-0.048	-0.062	-0.036	-0.074	-0.013	-0.041	0.666	"1"
"中药材"	0	0	0	1	0	0	0	0.405	0.105	0.133	0.079	0.157	0.03	0.091	-0.226	-0.048	-0.062	1.104	-0.074	-0.013	-0.041	1.568	"4"
"中都"	1	0	0	0	0	0	0	0.405	0.105	0.133	0.079	0.157	0.03	0.091	0.392	-0.048	-0.062	-0.036	-0.074	-0.013	-0.041	0.666	"1"
"中非"	2	0	0	0	0	0	0	0.81	0.211	0.267	0.158	0.314	0.059	0.181	0.785	-0.097	-0.124	-0.071	-0.148	-0.026	-0.083	1.334	"1"
"中高"	0	0	0	1	0	0	0	0.405	0.105	0.133	0.079	0.157	0.03	0.091	-0.226	-0.048	-0.062	1.104	-0.074	-0.013	-0.041	1.568	"4"
"丰富"	0	0	1	0	0	0	0	0.405	0.105	0.133	0.079	0.157	0.03	0.091	-0.226	-0.048	0.875	-0.036	-0.074	-0.013	-0.041	1.313	"3"
"丰硕"	1	0	0	0	0	0	0	0.405	0.105	0.133	0.079	0.157	0.03	0.091	0.392	-0.048	-0.062	-0.036	-0.074	-0.013	-0.041	0.666	"1"
"为主"	0	0	0	0	0	0	1	0.405	0.105	0.133	0.079	0.157	0.03	0.091	-0.226	-0.048	-0.062	-0.036	-0.074	-0.013	1.043	1.502	"7"
"主要"	2	0	1	2	0	0	0	2.025	0.527	0.667	0.394	0.785	0.149	0.453	-0.171	-0.242	0.291	1.277	-0.371	-0.066	-0.206	2.624	"4"
"乃至"	0	0	1	0	0	0	0	0.405	0.105	0.133	0.079	0.157	0.03	0.091	-0.226	-0.048	0.875	-0.036	-0.074	-0.013	-0.041	1.313	"3"
"之间"	0	0	0	0	0	0	1	0.405	0.105	0.133	0.079	0.157	0.03	0.091	-0.226	-0.048	-0.062	-0.036	-0.074	-0.013	1.043	1.502	"7"
"九十"	0	0	0	0	0	1	0	0.405	0.105	0.133	0.079	0.157	0.03	0.091	-0.226	-0.048	-0.062	-0.036	-0.074	1.527	-0.041	2.014	"6"
"九十学年度"	0	0	0	0	0	1	0	0.405	0.105	0.133	0.079	0.157	0.03	0.091	-0.226	-0.048	-0.062	-0.036	-0.074	1.527	-0.041	2.014	"6"
"了解到"	0	0	0	0	0	0	1	0.405	0.105	0.133	0.079	0.157	0.03	0.091	-0.226	-0.048	-0.062	-0.036	-0.074	-0.013	1.043	1.502	"7"
"事务"	7	0	0	0	0	0	0	2.835	0.738	0.934	0.551	1.098	0.208	0.634	2.747	-0.339	-0.435	-0.249	-0.519	-0.092	-0.289	4.67	"1"
"互"	2	0	1	0	0	0	0	1.215	0.316	0.4	0.236	0.471	0.089	0.272	0.445	-0.145	0.457	-0.107	-0.222	-0.039	-0.124	1.539	"3"
"互利"	9	0	0	0	0	0	0	3.645	0.949	1.201	0.709	1.412	0.267	0.816	3.532	-0.436	-0.56	-0.321	-0.667	-0.118	-0.371	6.005	"1"
"互联网"	1	0	0	0	0	0	0	0.405	0.105	0.133	0.079	0.157	0.03	0.091	0.392	-0.048	-0.062	-0.036	-0.074	-0.013	-0.041	0.666	"1"
"互补性"	0	0	1	0	0	0	0	0.405	0.105	0.133	0.079	0.157	0.03	0.091	-0.226	-0.048	0.875	-0.036	-0.074	-0.013	-0.041	1.313	"3"
"互访"	3	0	0	1	1	0	0	2.025	0.527	0.667	0.394	0.785	0.149	0.453	0.487	-0.242	-0.311	0.473	0.241	-0.066	-0.206	2.026	"1"
"亚欧"	3	0	1	0	0	0	0	1.62	0.422	0.534	0.315	0.628	0.119	0.363	0.733	-0.194	0.36	-0.142	-0.297	-0.052	-0.165	1.943	"1"
"亟需"	0	1	0	0	0	0	0	0.405	0.105	0.133	0.079	0.157	0.03	0.091	-0.226	0.977	-0.062	-0.036	-0.074	-0.013	-0.041	1.429	"2"
"交"	1	0	0	0	1	0	0	0.81	0.211	0.267	0.158	0.314	0.059	0.181	0.19	-0.097	-0.124	-0.071	0.539	-0.026	-0.083	1.13	"5"
"交叉"	0	0	0	0	1	0	1	0.81	0.211	0.267	0.158	0.314	0.059	0.181	-0.451	-0.097	-0.124	-0.071	0.539	-0.026	0.762	2.07	"7"
"交往"	5	0	0	1	0	0	0	2.43	0.633	0.801	0.473	0.941	0.178	0.544	1.363	-0.291	-0.373	0.41	-0.445	-0.079	-0.248	3.209	"1"
"交流"	30	0	3	2	1	0	0	14.582	3.798	4.804	2.835	5.649	1.07	3.263	6.779	-1.743	-0.562	-0.344	-1.782	-0.472	-1.485	13.167	"1"
"交通"	1	0	3	1	1	0	0	2.43	0.633	0.801	0.473	0.941	0.178	0.544	-0.647	-0.291	1.459	0.41	0.193	-0.079	-0.248	3.327	"3"
"产"	0	1	0	0	1	0	0	0.81	0.211	0.267	0.158	0.314	0.059	0.181	-0.451	0.699	-0.124	-0.071	0.539	-0.026	-0.083	1.993	"2"
"产业"	5	2	0	0	3	0	0	4.051	1.055	1.334	0.788	1.569	0.297	0.906	0.421	0.545	-0.622	-0.356	0.703	-0.131	-0.413	3.191	"5"
"产品"	2	1	0	0	4	0	0	2.835	0.738	0.934	0.551	1.098	0.208	0.634	-0.388	0.266	-0.435	-0.249	1.847	-0.092	-0.289	3.566	"5"
"享"	1	0	0	0	0	0	0	0.405	0.105	0.133	0.079	0.157	0.03	0.091	0.392	-0.048	-0.062	-0.036	-0.074	-0.013	-0.041	0.666	"1"
"亲和力"	1	0	0	0	0	0	0	0.405	0.105	0.133	0.079	0.157	0.03	0.091	0.392	-0.048	-0.062	-0.036	-0.074	-0.013	-0.041	0.666	"1"
"人力"	0	0	1	0	1	0	0	0.81	0.211	0.267	0.158	0.314	0.059	0.181	-0.451	-0.097	0.604	-0.071	0.539	-0.026	-0.083	1.871	"3"
"人才"	1	1	0	1	5	0	0	3.24	0.844	1.067	0.63	1.255	0.238	0.725	-0.995	0.229	-0.498	0.318	2.455	-0.105	-0.33	4.93	"5"
"人文"	1	0	0	0	0	0	0	0.405	0.105	0.133	0.079	0.157	0.03	0.091	0.392	-0.048	-0.062	-0.036	-0.074	-0.013	-0.041	0.666	"1"
"人权"	1	0	0	0	0	0	0	0.405	0.105	0.133	0.079	0.157	0.03	0.091	0.392	-0.048	-0.062	-0.036	-0.074	-0.013	-0.041	0.666	"1"
"从业"	0	1	0	0	0	0	0	0.405	0.105	0.133	0.079	0.157	0.03	0.091	-0.226	0.977	-0.062	-0.036	-0.074	-0.013	-0.041	1.429	"2"
"从事"	0	0	0	0	1	0	1	0.81	0.211	0.267	0.158	0.314	0.059	0.181	-0.451	-0.097	-0.124	-0.071	0.539	-0.026	0.762	2.07	"7"
"代工"	0	1	0	0	1	0	0	0.81	0.211	0.267	0.158	0.314	0.059	0.181	-0.451	0.699	-0.124	-0.071	0.539	-0.026	-0.083	1.993	"2"
"以及"	0	0	0	1	0	0	1	0.81	0.211	0.267	0.158	0.314	0.059	0.181	-0.451	-0.097	-0.124	0.82	-0.148	-0.026	0.762	2.428	"4"
"仪器"	0	0	0	0	0	0	1	0.405	0.105	0.133	0.079	0.157	0.03	0.091	-0.226	-0.048	-0.062	-0.036	-0.074	-0.013	1.043	1.502	"7"
"企业界"	1	0	0	1	0	0	0	0.81	0.211	0.267	0.158	0.314	0.059	0.181	0.19	-0.097	-0.124	0.82	-0.148	-0.026	-0.083	1.488	"4"
"企业群"	0	0	0	0	1	0	0	0.405	0.105	0.133	0.079	0.157	0.03	0.091	-0.226	-0.048	-0.062	-0.036	0.804	-0.013	-0.041	1.23	"5"
"众多"	0	0	0	1	0	0	0	0.405	0.105	0.133	0.079	0.157	0.03	0.091	-0.226	-0.048	-0.062	1.104	-0.074	-0.013	-0.041	1.568	"4"
"优先"	2	0	1	0	1	0	1	2.025	0.527	0.667	0.394	0.785	0.149	0.453	-0.171	-0.242	0.291	-0.178	0.241	-0.066	0.422	1.611	"7"
"优先权"	0	0	1	0	0	0	0	0.405	0.105	0.133	0.079	0.157	0.03	0.091	-0.226	-0.048	0.875	-0.036	-0.074	-0.013	-0.041	1.313	"3"
"优势"	2	1	3	0	2	0	2	4.051	1.055	1.334	0.788	1.569	0.297	0.906	-0.798	-0.146	0.858	-0.356	0.318	-0.131	0.642	3.249	"3"
"传统"	1	2	1	0	0	0	1	2.025	0.527	0.667	0.394	0.785	0.149	0.453	-0.484	1.048	0.291	-0.178	-0.371	-0.066	0.422	2.86	"2"
"体系"	0	0	0	0	0	0	1	0.405	0.105	0.133	0.079	0.157	0.03	0.091	-0.226	-0.048	-0.062	-0.036	-0.074	-0.013	1.043	1.502	"7"
"体育"	4	0	0	0	0	0	0	1.62	0.422	0.534	0.315	0.628	0.119	0.363	1.57	-0.194	-0.249	-0.142	-0.297	-0.052	-0.165	2.669	"1"
"作"	9	0	2	0	1	0	0	4.861	1.266	1.601	0.945	1.883	0.357	1.088	1.776	-0.581	0.31	-0.427	-0.38	-0.157	-0.495	4.126	"1"
"併"	0	0	0	1	0	0	0	0.405	0.105	0.133	0.079	0.157	0.03	0.091	-0.226	-0.048	-0.062	1.104	-0.074	-0.013	-0.041	1.568	"4"
"使用"	0	0	0	0	1	0	0	0.405	0.105	0.133	0.079	0.157	0.03	0.091	-0.226	-0.048	-0.062	-0.036	0.804	-0.013	-0.041	1.23	"5"
"依据"	0	0	0	0	0	1	0	0.405	0.105	0.133	0.079	0.157	0.03	0.091	-0.226	-0.048	-0.062	-0.036	-0.074	1.527	-0.041	2.014	"6"
"侧重"	0	0	1	0	0	0	0	0.405	0.105	0.133	0.079	0.157	0.03	0.091	-0.226	-0.048	0.875	-0.036	-0.074	-0.013	-0.041	1.313	"3"
"侵入"	0	1	0	0	0	0	0	0.405	0.105	0.133	0.079	0.157	0.03	0.091	-0.226	0.977	-0.062	-0.036	-0.074	-0.013	-0.041	1.429	"2"
"侷限"	0	1	0	0	0	0	0	0.405	0.105	0.133	0.079	0.157	0.03	0.091	-0.226	0.977	-0.062	-0.036	-0.074	-0.013	-0.041	1.429	"2"
"促"	1	0	0	0	0	0	0	0.405	0.105	0.133	0.079	0.157	0.03	0.091	0.392	-0.048	-0.062	-0.036	-0.074	-0.013	-0.041	0.666	"1"
"促进"	6	0	0	0	0	0	0	2.43	0.633	0.801	0.473	0.941	0.178	0.544	2.355	-0.291	-0.373	-0.214	-0.445	-0.079	-0.248	4.005	"1"
"俄法"	1	0	0	0	0	0	0	0.405	0.105	0.133	0.079	0.157	0.03	0.091	0.392	-0.048	-0.062	-0.036	-0.074	-0.013	-0.041	0.666	"1"
"俄美"	1	0	0	0	0	0	0	0.405	0.105	0.133	0.079	0.157	0.03	0.091	0.392	-0.048	-0.062	-0.036	-0.074	-0.013	-0.041	0.666	"1"
"信息"	4	0	0	2	8	0	0	5.671	1.477	1.868	1.103	2.197	0.416	1.269	-0.575	-0.678	-0.871	0.518	3.346	-0.183	-0.578	6.749	"5"
"信息化"	0	0	1	1	0	0	0	0.81	0.211	0.267	0.158	0.314	0.059	0.181	-0.451	-0.097	0.604	0.82	-0.148	-0.026	-0.083	2.229	"4"
"信息技术"	0	0	0	2	1	0	1	1.62	0.422	0.534	0.315	0.628	0.119	0.363	-0.902	-0.194	-0.249	1.476	0.306	-0.052	0.5	3.679	"4"
"修读"	0	0	0	0	0	0	1	0.405	0.105	0.133	0.079	0.157	0.03	0.091	-0.226	-0.048	-0.062	-0.036	-0.074	-0.013	1.043	1.502	"7"
"允许"	0	2	0	0	0	0	0	0.81	0.211	0.267	0.158	0.314	0.059	0.181	-0.451	1.954	-0.124	-0.071	-0.148	-0.026	-0.083	2.857	"2"
"充分"	0	0	0	0	0	0	1	0.405	0.105	0.133	0.079	0.157	0.03	0.091	-0.226	-0.048	-0.062	-0.036	-0.074	-0.013	1.043	1.502	"7"
"先行"	0	0	0	1	0	0	0	0.405	0.105	0.133	0.079	0.157	0.03	0.091	-0.226	-0.048	-0.062	1.104	-0.074	-0.013	-0.041	1.568	"4"
"先进"	0	0	1	0	2	0	1	1.62	0.422	0.534	0.315	0.628	0.119	0.363	-0.902	-0.194	0.36	-0.142	0.926	-0.052	0.5	3.076	"5"
"光子"	0	0	0	0	1	0	0	0.405	0.105	0.133	0.079	0.157	0.03	0.091	-0.226	-0.048	-0.062	-0.036	0.804	-0.013	-0.041	1.23	"5"
"光电"	1	0	0	0	0	0	0	0.405	0.105	0.133	0.079	0.157	0.03	0.091	0.392	-0.048	-0.062	-0.036	-0.074	-0.013	-0.041	0.666	"1"
"光纤"	0	1	0	0	0	0	0	0.405	0.105	0.133	0.079	0.157	0.03	0.091	-0.226	0.977	-0.062	-0.036	-0.074	-0.013	-0.041	1.429	"2"
"党建"	0	0	0	1	0	0	0	0.405	0.105	0.133	0.079	0.157	0.03	0.091	-0.226	-0.048	-0.062	1.104	-0.074	-0.013	-0.041	1.568	"4"
"入会"	0	1	0	0	0	0	0	0.405	0.105	0.133	0.079	0.157	0.03	0.091	-0.226	0.977	-0.062	-0.036	-0.074	-0.013	-0.041	1.429	"2"
"入学"	0	0	0	0	0	6	0	2.43	0.633	0.801	0.473	0.941	0.178	0.544	-1.353	-0.291	-0.373	-0.214	-0.445	9.162	-0.248	12.086	"6"
"入手"	0	1	0	0	0	0	0	0.405	0.105	0.133	0.079	0.157	0.03	0.091	-0.226	0.977	-0.062	-0.036	-0.074	-0.013	-0.041	1.429	"2"
"全新"	0	1	0	0	0	0	0	0.405	0.105	0.133	0.079	0.157	0.03	0.091	-0.226	0.977	-0.062	-0.036	-0.074	-0.013	-0.041	1.429	"2"
"全方位"	2	1	0	0	0	0	0	1.215	0.316	0.4	0.236	0.471	0.089	0.272	0.445	0.546	-0.187	-0.107	-0.222	-0.039	-0.124	1.67	"2"
"全面"	3	2	2	0	1	0	0	3.24	0.844	1.067	0.63	1.255	0.238	0.725	-0.235	0.692	0.537	-0.285	-0.197	-0.105	-0.33	2.381	"2"
"公佈"	0	0	0	0	0	1	0	0.405	0.105	0.133	0.079	0.157	0.03	0.091	-0.226	-0.048	-0.062	-0.036	-0.074	1.527	-0.041	2.014	"6"
"公共"	0	0	3	4	1	0	0	3.24	0.844	1.067	0.63	1.255	0.238	0.725	-1.804	-0.387	1.101	2.682	-0.197	-0.105	-0.33	6.606	"4"
"公平性"	0	0	1	0	0	0	0	0.405	0.105	0.133	0.079	0.157	0.03	0.091	-0.226	-0.048	0.875	-0.036	-0.074	-0.013	-0.041	1.313	"3"
"公教"	0	0	1	0	0	0	0	0.405	0.105	0.133	0.079	0.157	0.03	0.091	-0.226	-0.048	0.875	-0.036	-0.074	-0.013	-0.041	1.313	"3"
"公认为"	0	0	1	0	0	0	1	0.81	0.211	0.267	0.158	0.314	0.059	0.181	-0.451	-0.097	0.604	-0.071	-0.148	-0.026	0.762	2.159	"7"
"共性"	0	0	0	0	1	0	0	0.405	0.105	0.133	0.079	0.157	0.03	0.091	-0.226	-0.048	-0.062	-0.036	0.804	-0.013	-0.041	1.23	"5"
"关"	0	0	0	0	0	0	1	0.405	0.105	0.133	0.079	0.157	0.03	0.091	-0.226	-0.048	-0.062	-0.036	-0.074	-0.013	1.043	1.502	"7"
"关税"	0	2	0	0	0	0	0	0.81	0.211	0.267	0.158	0.314	0.059	0.181	-0.451	1.954	-0.124	-0.071	-0.148	-0.026	-0.083	2.857	"2"
"关系"	24	0	0	0	0	0	0	9.721	2.532	3.202	1.89	3.766	0.713	2.175	9.42	-1.162	-1.493	-0.855	-1.779	-0.314	-0.99	16.013	"1"
"关键"	0	0	2	0	0	0	0	0.81	0.211	0.267	0.158	0.314	0.059	0.181	-0.451	-0.097	1.749	-0.071	-0.148	-0.026	-0.083	2.625	"3"
"其他"	1	0	7	0	5	0	1	5.671	1.477	1.868	1.103	2.197	0.416	1.269	-2.135	-0.678	2.962	-0.499	1.257	-0.183	-0.198	7.912	"3"
"其它"	2	0	1	0	0	0	0	1.215	0.316	0.4	0.236	0.471	0.089	0.272	0.445	-0.145	0.457	-0.107	-0.222	-0.039	-0.124	1.539	"3"
"具体"	0	0	1	0	0	0	0	0.405	0.105	0.133	0.079	0.157	0.03	0.091	-0.226	-0.048	0.875	-0.036	-0.074	-0.013	-0.041	1.313	"3"
"具备"	0	0	1	0	0	0	0	0.405	0.105	0.133	0.079	0.157	0.03	0.091	-0.226	-0.048	0.875	-0.036	-0.074	-0.013	-0.041	1.313	"3"
"具有"	1	0	0	1	4	0	3	3.645	0.949	1.201	0.709	1.412	0.267	0.816	-1.177	-0.436	-0.56	0.282	1.404	-0.118	1.385	5.362	"5"
"内容"	0	0	0	0	0	1	0	0.405	0.105	0.133	0.079	0.157	0.03	0.091	-0.226	-0.048	-0.062	-0.036	-0.074	1.527	-0.041	2.014	"6"
"再生"	1	0	0	0	2	0	0	1.215	0.316	0.4	0.236	0.471	0.089	0.272	-0.193	-0.145	-0.187	-0.107	1.18	-0.039	-0.124	1.975	"5"
"军事"	6	0	2	0	0	0	0	3.24	0.844	1.067	0.63	1.255	0.238	0.725	1.276	-0.387	0.537	-0.285	-0.593	-0.105	-0.33	3.513	"1"
"农业"	8	2	1	0	4	0	0	6.076	1.582	2.001	1.181	2.354	0.446	1.36	0.647	0.319	-0.413	-0.534	0.701	-0.197	-0.619	3.43	"5"
"农产品"	0	1	0	0	1	0	0	0.81	0.211	0.267	0.158	0.314	0.059	0.181	-0.451	0.699	-0.124	-0.071	0.539	-0.026	-0.083	1.993	"2"
"决策"	0	0	2	0	0	0	0	0.81	0.211	0.267	0.158	0.314	0.059	0.181	-0.451	-0.097	1.749	-0.071	-0.148	-0.026	-0.083	2.625	"3"
"几年"	2	0	0	0	0	0	0	0.81	0.211	0.267	0.158	0.314	0.059	0.181	0.785	-0.097	-0.124	-0.071	-0.148	-0.026	-0.083	1.334	"1"
"出题"	0	0	0	0	0	1	0	0.405	0.105	0.133	0.079	0.157	0.03	0.091	-0.226	-0.048	-0.062	-0.036	-0.074	1.527	-0.041	2.014	"6"
"分发"	0	0	0	0	0	1	0	0.405	0.105	0.133	0.079	0.157	0.03	0.091	-0.226	-0.048	-0.062	-0.036	-0.074	1.527	-0.041	2.014	"6"
"分歧"	0	0	0	1	0	0	0	0.405	0.105	0.133	0.079	0.157	0.03	0.091	-0.226	-0.048	-0.062	1.104	-0.074	-0.013	-0.041	1.568	"4"
"划分"	0	0	1	0	0	0	0	0.405	0.105	0.133	0.079	0.157	0.03	0.091	-0.226	-0.048	0.875	-0.036	-0.074	-0.013	-0.041	1.313	"3"
"创新"	3	0	0	0	2	0	1	2.43	0.633	0.801	0.473	0.941	0.178	0.544	0.331	-0.291	-0.373	-0.214	0.62	-0.079	0.362	2.27	"5"
"利息税"	0	1	0	0	0	0	0	0.405	0.105	0.133	0.079	0.157	0.03	0.091	-0.226	0.977	-0.062	-0.036	-0.074	-0.013	-0.041	1.429	"2"
"利用"	0	0	0	0	1	0	1	0.81	0.211	0.267	0.158	0.314	0.059	0.181	-0.451	-0.097	-0.124	-0.071	0.539	-0.026	0.762	2.07	"7"
"到"	0	1	0	0	0	0	0	0.405	0.105	0.133	0.079	0.157	0.03	0.091	-0.226	0.977	-0.062	-0.036	-0.074	-0.013	-0.041	1.429	"2"
"制造"	1	0	0	1	3	0	1	2.43	0.633	0.801	0.473	0.941	0.178	0.544	-0.647	-0.291	-0.373	0.41	1.274	-0.079	0.362	3.436	"5"
"制造业"	0	3	0	0	0	0	0	1.215	0.316	0.4	0.236	0.471	0.089	0.272	-0.677	2.93	-0.187	-0.107	-0.222	-0.039	-0.124	4.286	"2"
"前景"	3	1	0	0	0	0	1	2.025	0.527	0.667	0.394	0.785	0.149	0.453	0.487	0.369	-0.311	-0.178	-0.371	-0.066	0.422	2.204	"1"
"前沿"	0	0	0	0	1	0	0	0.405	0.105	0.133	0.079	0.157	0.03	0.091	-0.226	-0.048	-0.062	-0.036	0.804	-0.013	-0.041	1.23	"5"
"副主编"	0	0	0	0	1	0	0	0.405	0.105	0.133	0.079	0.157	0.03	0.091	-0.226	-0.048	-0.062	-0.036	0.804	-0.013	-0.041	1.23	"5"
"力争"	0	0	1	1	0	0	0	0.81	0.211	0.267	0.158	0.314	0.059	0.181	-0.451	-0.097	0.604	0.82	-0.148	-0.026	-0.083	2.229	"4"
"办"	0	0	0	0	0	0	1	0.405	0.105	0.133	0.079	0.157	0.03	0.091	-0.226	-0.048	-0.062	-0.036	-0.074	-0.013	1.043	1.502	"7"
"办理"	0	0	0	0	0	2	0	0.81	0.211	0.267	0.158	0.314	0.059	0.181	-0.451	-0.097	-0.124	-0.071	-0.148	3.054	-0.083	4.028	"6"
"加大"	0	0	0	1	0	0	0	0.405	0.105	0.133	0.079	0.157	0.03	0.091	-0.226	-0.048	-0.062	1.104	-0.074	-0.013	-0.041	1.568	"4"
"加工"	1	0	0	1	2	0	0	1.62	0.422	0.534	0.315	0.628	0.119	0.363	-0.331	-0.194	-0.249	0.553	0.926	-0.052	-0.165	2.47	"5"
"加强"	55	0	0	0	3	1	0	23.898	6.224	7.873	4.646	9.258	1.753	5.348	16.809	-2.857	-3.67	-2.102	-1.925	-0.325	-2.435	30.123	"1"
"加权"	0	0	0	0	0	1	0	0.405	0.105	0.133	0.079	0.157	0.03	0.091	-0.226	-0.048	-0.062	-0.036	-0.074	1.527	-0.041	2.014	"6"
"加考"	0	0	0	0	0	2	0	0.81	0.211	0.267	0.158	0.314	0.059	0.181	-0.451	-0.097	-0.124	-0.071	-0.148	3.054	-0.083	4.028	"6"
"加速"	0	0	0	0	1	0	0	0.405	0.105	0.133	0.079	0.157	0.03	0.091	-0.226	-0.048	-0.062	-0.036	0.804	-0.013	-0.041	1.23	"5"
"务"	0	0	1	0	0	0	0	0.405	0.105	0.133	0.079	0.157	0.03	0.091	-0.226	-0.048	0.875	-0.036	-0.074	-0.013	-0.041	1.313	"3"
"动力"	0	0	0	0	0	0	1	0.405	0.105	0.133	0.079	0.157	0.03	0.091	-0.226	-0.048	-0.062	-0.036	-0.074	-0.013	1.043	1.502	"7"
"势头"	2	0	0	0	0	0	0	0.81	0.211	0.267	0.158	0.314	0.059	0.181	0.785	-0.097	-0.124	-0.071	-0.148	-0.026	-0.083	1.334	"1"
"勘探"	1	0	0	0	0	0	0	0.405	0.105	0.133	0.079	0.157	0.03	0.091	0.392	-0.048	-0.062	-0.036	-0.074	-0.013	-0.041	0.666	"1"
"勘查"	0	1	0	0	0	0	0	0.405	0.105	0.133	0.079	0.157	0.03	0.091	-0.226	0.977	-0.062	-0.036	-0.074	-0.013	-0.041	1.429	"2"
"包括"	3	0	3	2	5	0	0	5.266	1.371	1.735	1.024	2.04	0.386	1.178	-0.797	-0.629	0.609	0.564	1.391	-0.17	-0.536	4.696	"5"
"化妆品"	0	0	1	0	0	0	0	0.405	0.105	0.133	0.079	0.157	0.03	0.091	-0.226	-0.048	0.875	-0.036	-0.074	-0.013	-0.041	1.313	"3"
"化工"	0	0	0	1	0	0	1	0.81	0.211	0.267	0.158	0.314	0.059	0.181	-0.451	-0.097	-0.124	0.82	-0.148	-0.026	0.762	2.428	"4"
"北大"	0	0	0	0	0	0	1	0.405	0.105	0.133	0.079	0.157	0.03	0.091	-0.226	-0.048	-0.062	-0.036	-0.074	-0.013	1.043	1.502	"7"
"医学"	0	0	0	0	2	0	9	4.456	1.16	1.468	0.866	1.726	0.327	0.997	-2.481	-0.533	-0.684	-0.392	0.273	-0.144	7.718	12.225	"7"
"医疗"	0	1	0	1	2	0	0	1.62	0.422	0.534	0.315	0.628	0.119	0.363	-0.902	0.444	-0.249	0.553	0.926	-0.052	-0.165	3.291	"5"
"医药"	1	0	1	0	0	0	0	0.81	0.211	0.267	0.158	0.314	0.059	0.181	0.19	-0.097	0.604	-0.071	-0.148	-0.026	-0.083	1.219	"3"
"医药业"	0	0	0	0	1	0	0	0.405	0.105	0.133	0.079	0.157	0.03	0.091	-0.226	-0.048	-0.062	-0.036	0.804	-0.013	-0.041	1.23	"5"
"医院"	0	0	0	0	1	0	0	0.405	0.105	0.133	0.079	0.157	0.03	0.091	-0.226	-0.048	-0.062	-0.036	0.804	-0.013	-0.041	1.23	"5"
"半导体"	0	0	0	0	3	0	0	1.215	0.316	0.4	0.236	0.471	0.089	0.272	-0.677	-0.145	-0.187	-0.107	2.413	-0.039	-0.124	3.692	"5"
"华文"	0	0	0	0	0	1	0	0.405	0.105	0.133	0.079	0.157	0.03	0.091	-0.226	-0.048	-0.062	-0.036	-0.074	1.527	-0.041	2.014	"6"
"华美"	0	0	1	0	0	0	0	0.405	0.105	0.133	0.079	0.157	0.03	0.091	-0.226	-0.048	0.875	-0.036	-0.074	-0.013	-0.041	1.313	"3"
"协作"	3	0	0	0	0	0	0	1.215	0.316	0.4	0.236	0.471	0.089	0.272	1.177	-0.145	-0.187	-0.107	-0.222	-0.039	-0.124	2.001	"1"
"协同"	1	0	0	0	0	0	0	0.405	0.105	0.133	0.079	0.157	0.03	0.091	0.392	-0.048	-0.062	-0.036	-0.074	-0.013	-0.041	0.666	"1"
"协调"	2	0	0	0	0	0	1	1.215	0.316	0.4	0.236	0.471	0.089	0.272	0.445	-0.145	-0.187	-0.107	-0.222	-0.039	0.606	1.751	"7"
"卓有"	2	0	0	0	0	0	0	0.81	0.211	0.267	0.158	0.314	0.059	0.181	0.785	-0.097	-0.124	-0.071	-0.148	-0.026	-0.083	1.334	"1"
"单一"	0	0	0	0	0	0	1	0.405	0.105	0.133	0.079	0.157	0.03	0.091	-0.226	-0.048	-0.062	-0.036	-0.074	-0.013	1.043	1.502	"7"
"单独"	0	1	0	0	0	0	0	0.405	0.105	0.133	0.079	0.157	0.03	0.091	-0.226	0.977	-0.062	-0.036	-0.074	-0.013	-0.041	1.429	"2"
"南南"	1	0	0	0	0	0	0	0.405	0.105	0.133	0.079	0.157	0.03	0.091	0.392	-0.048	-0.062	-0.036	-0.074	-0.013	-0.041	0.666	"1"
"博士"	0	0	0	0	1	0	0	0.405	0.105	0.133	0.079	0.157	0.03	0.091	-0.226	-0.048	-0.062	-0.036	0.804	-0.013	-0.041	1.23	"5"
"卢特"	0	0	1	0	0	0	0	0.405	0.105	0.133	0.079	0.157	0.03	0.091	-0.226	-0.048	0.875	-0.036	-0.074	-0.013	-0.041	1.313	"3"
"卫"	1	0	0	0	0	0	0	0.405	0.105	0.133	0.079	0.157	0.03	0.091	0.392	-0.048	-0.062	-0.036	-0.074	-0.013	-0.041	0.666	"1"
"卫生"	7	0	1	5	0	0	0	5.266	1.371	1.735	1.024	2.04	0.386	1.178	0.619	-0.629	-0.331	2.643	-0.964	-0.17	-0.536	5.892	"4"
"历史学"	0	0	0	0	0	0	1	0.405	0.105	0.133	0.079	0.157	0.03	0.091	-0.226	-0.048	-0.062	-0.036	-0.074	-0.013	1.043	1.502	"7"
"原则上"	0	1	0	0	0	0	0	0.405	0.105	0.133	0.079	0.157	0.03	0.091	-0.226	0.977	-0.062	-0.036	-0.074	-0.013	-0.041	1.429	"2"
"及其"	2	0	0	0	0	0	0	0.81	0.211	0.267	0.158	0.314	0.059	0.181	0.785	-0.097	-0.124	-0.071	-0.148	-0.026	-0.083	1.334	"1"
"友"	1	0	0	0	0	0	0	0.405	0.105	0.133	0.079	0.157	0.03	0.091	0.392	-0.048	-0.062	-0.036	-0.074	-0.013	-0.041	0.666	"1"
"友好"	14	0	0	0	0	0	0	5.671	1.477	1.868	1.103	2.197	0.416	1.269	5.495	-0.678	-0.871	-0.499	-1.038	-0.183	-0.578	9.342	"1"
"双方"	24	0	0	0	0	0	0	9.721	2.532	3.202	1.89	3.766	0.713	2.175	9.42	-1.162	-1.493	-0.855	-1.779	-0.314	-0.99	16.013	"1"
"双边"	2	0	0	0	0	0	0	0.81	0.211	0.267	0.158	0.314	0.059	0.181	0.785	-0.097	-0.124	-0.071	-0.148	-0.026	-0.083	1.334	"1"
"反恐"	4	0	0	0	0	0	0	1.62	0.422	0.534	0.315	0.628	0.119	0.363	1.57	-0.194	-0.249	-0.142	-0.297	-0.052	-0.165	2.669	"1"
"发动机"	0	0	0	0	4	0	0	1.62	0.422	0.534	0.315	0.628	0.119	0.363	-0.902	-0.194	-0.249	-0.142	3.217	-0.052	-0.165	4.921	"5"
"发展"	25	5	12	1	10	0	5	23.493	6.119	7.739	4.568	9.101	1.724	5.257	0.408	-0.38	1.103	-1.291	0.37	-0.76	-0.245	4.557	"4"
"发明"	0	1	0	0	0	0	0	0.405	0.105	0.133	0.079	0.157	0.03	0.091	-0.226	0.977	-0.062	-0.036	-0.074	-0.013	-0.041	1.429	"2"
"取"	1	0	0	0	0	0	0	0.405	0.105	0.133	0.079	0.157	0.03	0.091	0.392	-0.048	-0.062	-0.036	-0.074	-0.013	-0.041	0.666	"1"
"取得"	4	1	1	0	14	0	0	8.101	2.11	2.669	1.575	3.138	0.594	1.813	-1.333	-0.442	-0.633	-0.712	7.084	-0.262	-0.825	11.291	"5"
"古生物学"	0	0	0	0	1	0	0	0.405	0.105	0.133	0.079	0.157	0.03	0.091	-0.226	-0.048	-0.062	-0.036	0.804	-0.013	-0.041	1.23	"5"
"司法"	1	1	3	2	0	0	0	2.835	0.738	0.934	0.551	1.098	0.208	0.634	-0.818	0.266	1.261	1.001	-0.519	-0.092	-0.289	4.246	"3"
"各"	53	6	13	10	3	6	1	37.265	9.706	12.276	7.245	14.436	2.734	8.339	3.164	-0.868	0.339	0.728	-3.832	1.247	-2.789	12.967	"5"
"各自"	0	0	0	0	3	0	0	1.215	0.316	0.4	0.236	0.471	0.089	0.272	-0.677	-0.145	-0.187	-0.107	2.413	-0.039	-0.124	3.692	"5"
"合"	7	0	0	0	1	0	0	3.24	0.844	1.067	0.63	1.255	0.238	0.725	2.034	-0.387	-0.498	-0.285	-0.197	-0.105	-0.33	3.836	"1"
"合作"	155	0	0	0	3	0	0	63.998	16.669	21.082	12.443	24.792	4.695	14.321	55.697	-7.65	-9.827	-5.628	-8.047	-2.07	-6.52	95.439	"1"
"合作所"	1	0	0	0	0	0	0	0.405	0.105	0.133	0.079	0.157	0.03	0.091	0.392	-0.048	-0.062	-0.036	-0.074	-0.013	-0.041	0.666	"1"
"合作组"	1	0	0	0	0	0	0	0.405	0.105	0.133	0.079	0.157	0.03	0.091	0.392	-0.048	-0.062	-0.036	-0.074	-0.013	-0.041	0.666	"1"
"同俄"	1	0	0	0	0	0	0	0.405	0.105	0.133	0.079	0.157	0.03	0.091	0.392	-0.048	-0.062	-0.036	-0.074	-0.013	-0.041	0.666	"1"
"名义"	0	0	0	0	1	0	0	0.405	0.105	0.133	0.079	0.157	0.03	0.091	-0.226	-0.048	-0.062	-0.036	0.804	-0.013	-0.041	1.23	"5"
"名称"	0	1	0	0	0	0	0	0.405	0.105	0.133	0.079	0.157	0.03	0.091	-0.226	0.977	-0.062	-0.036	-0.074	-0.013	-0.041	1.429	"2"
"向前"	0	0	0	0	1	0	0	0.405	0.105	0.133	0.079	0.157	0.03	0.091	-0.226	-0.048	-0.062	-0.036	0.804	-0.013	-0.041	1.23	"5"
"含括"	0	1	0	0	0	0	0	0.405	0.105	0.133	0.079	0.157	0.03	0.091	-0.226	0.977	-0.062	-0.036	-0.074	-0.013	-0.041	1.429	"2"
"呈现出"	0	0	1	0	0	0	0	0.405	0.105	0.133	0.079	0.157	0.03	0.091	-0.226	-0.048	0.875	-0.036	-0.074	-0.013	-0.041	1.313	"3"
"周小川"	0	1	0	0	0	0	0	0.405	0.105	0.133	0.079	0.157	0.03	0.091	-0.226	0.977	-0.062	-0.036	-0.074	-0.013	-0.041	1.429	"2"
"和泰国"	1	0	0	0	0	0	0	0.405	0.105	0.133	0.079	0.157	0.03	0.091	0.392	-0.048	-0.062	-0.036	-0.074	-0.013	-0.041	0.666	"1"
"哈"	0	0	0	1	0	0	0	0.405	0.105	0.133	0.079	0.157	0.03	0.091	-0.226	-0.048	-0.062	1.104	-0.074	-0.013	-0.041	1.568	"4"
"哈中"	1	0	0	0	0	0	0	0.405	0.105	0.133	0.079	0.157	0.03	0.091	0.392	-0.048	-0.062	-0.036	-0.074	-0.013	-0.041	0.666	"1"
"哲学"	0	0	0	0	0	0	2	0.81	0.211	0.267	0.158	0.314	0.059	0.181	-0.451	-0.097	-0.124	-0.071	-0.148	-0.026	2.085	3.002	"7"
"商业"	0	0	6	0	1	0	0	2.835	0.738	0.934	0.551	1.098	0.208	0.634	-1.579	-0.339	4.456	-0.249	-0.157	-0.092	-0.289	7.161	"3"
"商定"	0	0	0	0	1	0	0	0.405	0.105	0.133	0.079	0.157	0.03	0.091	-0.226	-0.048	-0.062	-0.036	0.804	-0.013	-0.041	1.23	"5"
"商机"	0	2	0	0	0	0	0	0.81	0.211	0.267	0.158	0.314	0.059	0.181	-0.451	1.954	-0.124	-0.071	-0.148	-0.026	-0.083	2.857	"2"
"商标"	1	0	0	0	0	0	0	0.405	0.105	0.133	0.079	0.157	0.03	0.091	0.392	-0.048	-0.062	-0.036	-0.074	-0.013	-0.041	0.666	"1"
"四成"	0	1	0	0	0	0	0	0.405	0.105	0.133	0.079	0.157	0.03	0.091	-0.226	0.977	-0.062	-0.036	-0.074	-0.013	-0.041	1.429	"2"
"四百六十"	0	0	0	0	0	1	0	0.405	0.105	0.133	0.079	0.157	0.03	0.091	-0.226	-0.048	-0.062	-0.036	-0.074	1.527	-0.041	2.014	"6"
"回国"	0	0	0	0	1	0	0	0.405	0.105	0.133	0.079	0.157	0.03	0.091	-0.226	-0.048	-0.062	-0.036	0.804	-0.013	-0.041	1.23	"5"
"团组"	0	0	0	1	0	0	0	0.405	0.105	0.133	0.079	0.157	0.03	0.091	-0.226	-0.048	-0.062	1.104	-0.074	-0.013	-0.041	1.568	"4"
"国"	22	0	3	0	2	0	2	11.747	3.059	3.87	2.284	4.55	0.862	2.629	3.924	-1.404	-0.35	-1.033	-0.839	-0.38	-0.298	8.228	"1"
"国企"	0	0	0	1	0	0	0	0.405	0.105	0.133	0.079	0.157	0.03	0.091	-0.226	-0.048	-0.062	1.104	-0.074	-0.013	-0.041	1.568	"4"
"国务院"	0	0	0	0	0	0	1	0.405	0.105	0.133	0.079	0.157	0.03	0.091	-0.226	-0.048	-0.062	-0.036	-0.074	-0.013	1.043	1.502	"7"
"国家级"	0	0	0	0	0	0	2	0.81	0.211	0.267	0.158	0.314	0.059	0.181	-0.451	-0.097	-0.124	-0.071	-0.148	-0.026	2.085	3.002	"7"
"国教"	1	0	0	0	0	0	0	0.405	0.105	0.133	0.079	0.157	0.03	0.091	0.392	-0.048	-0.062	-0.036	-0.074	-0.013	-0.041	0.666	"1"
"国有"	0	1	0	0	0	0	0	0.405	0.105	0.133	0.079	0.157	0.03	0.091	-0.226	0.977	-0.062	-0.036	-0.074	-0.013	-0.041	1.429	"2"
"国民经济"	0	0	0	0	1	0	0	0.405	0.105	0.133	0.079	0.157	0.03	0.091	-0.226	-0.048	-0.062	-0.036	0.804	-0.013	-0.041	1.23	"5"
"在"	124	17	63	14	41	0	3	106.124	27.64	34.959	20.633	41.11	7.786	23.747	1.829	-1.794	5.685	-1.13	-0.272	-3.433	-7.292	21.435	"7"
"在校"	0	0	0	0	0	2	0	0.81	0.211	0.267	0.158	0.314	0.059	0.181	-0.451	-0.097	-0.124	-0.071	-0.148	3.054	-0.083	4.028	"6"
"地位"	1	1	1	1	1	0	0	2.025	0.527	0.667	0.394	0.785	0.149	0.453	-0.484	0.369	0.291	0.473	0.241	-0.066	-0.206	2.13	"1"
"地区性"	0	0	1	0	0	0	0	0.405	0.105	0.133	0.079	0.157	0.03	0.091	-0.226	-0.048	0.875	-0.036	-0.074	-0.013	-0.041	1.313	"3"
"地同"	0	0	1	0	0	0	0	0.405	0.105	0.133	0.079	0.157	0.03	0.091	-0.226	-0.048	0.875	-0.036	-0.074	-0.013	-0.041	1.313	"3"
"地球科学"	0	0	1	0	0	0	0	0.405	0.105	0.133	0.079	0.157	0.03	0.091	-0.226	-0.048	0.875	-0.036	-0.074	-0.013	-0.041	1.313	"3"
"地质"	0	1	0	0	0	0	0	0.405	0.105	0.133	0.079	0.157	0.03	0.091	-0.226	0.977	-0.062	-0.036	-0.074	-0.013	-0.041	1.429	"2"
"坚实"	1	0	0	0	0	0	0	0.405	0.105	0.133	0.079	0.157	0.03	0.091	0.392	-0.048	-0.062	-0.036	-0.074	-0.013	-0.041	0.666	"1"
"垄断"	0	1	1	0	0	0	0	0.81	0.211	0.267	0.158	0.314	0.059	0.181	-0.451	0.699	0.604	-0.071	-0.148	-0.026	-0.083	2.082	"2"
"培养"	0	0	0	0	0	0	1	0.405	0.105	0.133	0.079	0.157	0.03	0.091	-0.226	-0.048	-0.062	-0.036	-0.074	-0.013	1.043	1.502	"7"
"培训"	0	0	0	0	0	0	1	0.405	0.105	0.133	0.079	0.157	0.03	0.091	-0.226	-0.048	-0.062	-0.036	-0.074	-0.013	1.043	1.502	"7"
"基因"	0	0	0	0	1	0	1	0.81	0.211	0.267	0.158	0.314	0.059	0.181	-0.451	-0.097	-0.124	-0.071	0.539	-0.026	0.762	2.07	"7"
"基础"	8	0	3	2	2	0	3	7.291	1.899	2.402	1.418	2.824	0.535	1.632	0.343	-0.872	0.358	0.377	-0.35	-0.236	0.658	3.194	"2"
"堪称"	1	0	0	0	0	0	0	0.405	0.105	0.133	0.079	0.157	0.03	0.091	0.392	-0.048	-0.062	-0.036	-0.074	-0.013	-0.041	0.666	"1"
"增值"	0	0	1	0	0	0	0	0.405	0.105	0.133	0.079	0.157	0.03	0.091	-0.226	-0.048	0.875	-0.036	-0.074	-0.013	-0.041	1.313	"3"
"增收"	0	1	0	0	0	0	0	0.405	0.105	0.133	0.079	0.157	0.03	0.091	-0.226	0.977	-0.062	-0.036	-0.074	-0.013	-0.041	1.429	"2"
"增进"	5	0	0	0	0	0	0	2.025	0.527	0.667	0.394	0.785	0.149	0.453	1.962	-0.242	-0.311	-0.178	-0.371	-0.066	-0.206	3.336	"1"
"壁垒分明"	0	0	0	0	0	0	1	0.405	0.105	0.133	0.079	0.157	0.03	0.091	-0.226	-0.048	-0.062	-0.036	-0.074	-0.013	1.043	1.502	"7"
"处于"	1	0	0	0	0	0	0	0.405	0.105	0.133	0.079	0.157	0.03	0.091	0.392	-0.048	-0.062	-0.036	-0.074	-0.013	-0.041	0.666	"1"
"复合型"	0	0	0	0	0	0	1	0.405	0.105	0.133	0.079	0.157	0.03	0.091	-0.226	-0.048	-0.062	-0.036	-0.074	-0.013	1.043	1.502	"7"
"外商"	0	2	0	0	0	0	0	0.81	0.211	0.267	0.158	0.314	0.059	0.181	-0.451	1.954	-0.124	-0.071	-0.148	-0.026	-0.083	2.857	"2"
"外资"	1	4	2	0	0	0	0	2.835	0.738	0.934	0.551	1.098	0.208	0.634	-0.818	2.477	0.624	-0.249	-0.519	-0.092	-0.289	5.068	"2"
"多"	0	1	0	2	2	0	2	2.835	0.738	0.934	0.551	1.098	0.208	0.634	-1.579	0.266	-0.435	1.001	0.519	-0.092	0.896	4.788	"1"
"多元"	0	0	0	0	0	2	0	0.81	0.211	0.267	0.158	0.314	0.059	0.181	-0.451	-0.097	-0.124	-0.071	-0.148	3.054	-0.083	4.028	"6"
"多元化"	0	0	0	0	0	0	1	0.405	0.105	0.133	0.079	0.157	0.03	0.091	-0.226	-0.048	-0.062	-0.036	-0.074	-0.013	1.043	1.502	"7"
"多半"	0	0	0	0	0	0	1	0.405	0.105	0.133	0.079	0.157	0.03	0.091	-0.226	-0.048	-0.062	-0.036	-0.074	-0.013	1.043	1.502	"7"
"多层次"	0	2	0	0	0	0	0	0.81	0.211	0.267	0.158	0.314	0.059	0.181	-0.451	1.954	-0.124	-0.071	-0.148	-0.026	-0.083	2.857	"2"
"多渠道"	0	1	0	0	0	0	0	0.405	0.105	0.133	0.079	0.157	0.03	0.091	-0.226	0.977	-0.062	-0.036	-0.074	-0.013	-0.041	1.429	"2"
"多边"	1	1	0	0	0	0	0	0.81	0.211	0.267	0.158	0.314	0.059	0.181	0.19	0.699	-0.124	-0.071	-0.148	-0.026	-0.083	1.341	"2"
"大力"	0	1	0	0	0	0	0	0.405	0.105	0.133	0.079	0.157	0.03	0.091	-0.226	0.977	-0.062	-0.036	-0.074	-0.013	-0.041	1.429	"2"
"大学"	0	0	0	0	0	0	5	2.025	0.527	0.667	0.394	0.785	0.149	0.453	-1.128	-0.242	-0.311	-0.178	-0.371	-0.066	5.213	7.509	"7"
"大有可为"	1	0	0	0	0	0	0	0.405	0.105	0.133	0.079	0.157	0.03	0.091	0.392	-0.048	-0.062	-0.036	-0.074	-0.013	-0.041	0.666	"1"
"大考"	0	0	0	0	0	1	0	0.405	0.105	0.133	0.079	0.157	0.03	0.091	-0.226	-0.048	-0.062	-0.036	-0.074	1.527	-0.041	2.014	"6"
"天份"	0	0	0	0	0	0	1	0.405	0.105	0.133	0.079	0.157	0.03	0.091	-0.226	-0.048	-0.062	-0.036	-0.074	-0.013	1.043	1.502	"7"
"天然气"	0	0	2	0	0	0	0	0.81	0.211	0.267	0.158	0.314	0.059	0.181	-0.451	-0.097	1.749	-0.071	-0.148	-0.026	-0.083	2.625	"3"
"奖励"	0	0	0	0	1	0	0	0.405	0.105	0.133	0.079	0.157	0.03	0.091	-0.226	-0.048	-0.062	-0.036	0.804	-0.013	-0.041	1.23	"5"
"奠定"	2	0	0	0	0	0	0	0.81	0.211	0.267	0.158	0.314	0.059	0.181	0.785	-0.097	-0.124	-0.071	-0.148	-0.026	-0.083	1.334	"1"
"奥林匹克竞"	0	0	0	0	0	0	1	0.405	0.105	0.133	0.079	0.157	0.03	0.091	-0.226	-0.048	-0.062	-0.036	-0.074	-0.013	1.043	1.502	"7"
"好"	1	0	0	0	0	0	0	0.405	0.105	0.133	0.079	0.157	0.03	0.091	0.392	-0.048	-0.062	-0.036	-0.074	-0.013	-0.041	0.666	"1"
"始"	1	0	0	0	0	0	0	0.405	0.105	0.133	0.079	0.157	0.03	0.091	0.392	-0.048	-0.062	-0.036	-0.074	-0.013	-0.041	0.666	"1"
"始于"	0	0	0	0	0	0	1	0.405	0.105	0.133	0.079	0.157	0.03	0.091	-0.226	-0.048	-0.062	-0.036	-0.074	-0.013	1.043	1.502	"7"
"存在"	1	1	2	0	0	0	0	1.62	0.422	0.534	0.315	0.628	0.119	0.363	-0.331	0.444	1.052	-0.142	-0.297	-0.052	-0.165	2.483	"3"
"孙增圻"	0	1	0	0	0	0	0	0.405	0.105	0.133	0.079	0.157	0.03	0.091	-0.226	0.977	-0.062	-0.036	-0.074	-0.013	-0.041	1.429	"2"
"学"	0	0	0	1	3	0	6	4.051	1.055	1.334	0.788	1.569	0.297	0.906	-2.255	-0.484	-0.622	0.252	0.703	-0.131	4.074	8.521	"7"
"学专"	0	1	0	0	0	0	0	0.405	0.105	0.133	0.079	0.157	0.03	0.091	-0.226	0.977	-0.062	-0.036	-0.074	-0.013	-0.041	1.429	"2"
"学习"	0	0	0	0	1	0	2	1.215	0.316	0.4	0.236	0.471	0.089	0.272	-0.677	-0.145	-0.187	-0.107	0.397	-0.039	1.635	3.187	"7"
"学位"	0	0	0	0	0	0	2	0.81	0.211	0.267	0.158	0.314	0.059	0.181	-0.451	-0.097	-0.124	-0.071	-0.148	-0.026	2.085	3.002	"7"
"学术"	0	0	0	0	1	0	0	0.405	0.105	0.133	0.079	0.157	0.03	0.091	-0.226	-0.048	-0.062	-0.036	0.804	-0.013	-0.041	1.23	"5"
"学校"	0	0	1	1	0	3	0	2.025	0.527	0.667	0.394	0.785	0.149	0.453	-1.128	-0.242	0.291	0.473	-0.371	3.601	-0.206	6.312	"6"
"学生"	0	0	0	0	0	2	4	2.43	0.633	0.801	0.473	0.941	0.178	0.544	-1.353	-0.291	-0.373	-0.214	-0.445	1.913	3.06	7.649	"7"
"学科"	0	0	0	0	0	0	9	3.645	0.949	1.201	0.709	1.412	0.267	0.816	-2.03	-0.436	-0.56	-0.321	-0.667	-0.118	9.384	13.516	"7"
"学者"	0	1	1	1	1	0	1	2.025	0.527	0.667	0.394	0.785	0.149	0.453	-1.128	0.369	0.291	0.473	0.241	-0.066	0.422	2.99	"1"
"孵化器"	0	0	1	0	0	0	0	0.405	0.105	0.133	0.079	0.157	0.03	0.091	-0.226	-0.048	0.875	-0.036	-0.074	-0.013	-0.041	1.313	"3"
"安全"	6	0	1	1	1	0	0	3.645	0.949	1.201	0.709	1.412	0.267	0.816	0.978	-0.436	-0.182	0.282	-0.24	-0.118	-0.371	2.607	"1"
"安民"	0	1	0	0	0	0	0	0.405	0.105	0.133	0.079	0.157	0.03	0.091	-0.226	0.977	-0.062	-0.036	-0.074	-0.013	-0.041	1.429	"2"
"完善"	0	0	0	0	1	0	0	0.405	0.105	0.133	0.079	0.157	0.03	0.091	-0.226	-0.048	-0.062	-0.036	0.804	-0.013	-0.041	1.23	"5"
"宏观"	0	1	1	1	0	0	0	1.215	0.316	0.4	0.236	0.471	0.089	0.272	-0.677	0.546	0.457	0.661	-0.222	-0.039	-0.124	2.726	"1"
"宗旨"	0	0	0	1	0	0	0	0.405	0.105	0.133	0.079	0.157	0.03	0.091	-0.226	-0.048	-0.062	1.104	-0.074	-0.013	-0.041	1.568	"4"
"实用"	0	0	0	0	1	0	0	0.405	0.105	0.133	0.079	0.157	0.03	0.091	-0.226	-0.048	-0.062	-0.036	0.804	-0.013	-0.041	1.23	"5"
"实质性"	1	0	0	0	0	0	0	0.405	0.105	0.133	0.079	0.157	0.03	0.091	0.392	-0.048	-0.062	-0.036	-0.074	-0.013	-0.041	0.666	"1"
"实验"	0	0	0	1	1	0	1	1.215	0.316	0.4	0.236	0.471	0.089	0.272	-0.677	-0.145	-0.187	0.661	0.397	-0.039	0.606	2.712	"1"
"实验室"	0	0	0	0	2	0	3	2.025	0.527	0.667	0.394	0.785	0.149	0.453	-1.128	-0.242	-0.311	-0.178	0.75	-0.066	2.189	4.864	"7"
"家庭"	0	0	0	0	0	0	1	0.405	0.105	0.133	0.079	0.157	0.03	0.091	-0.226	-0.048	-0.062	-0.036	-0.074	-0.013	1.043	1.502	"7"
"家政"	0	0	0	0	0	0	1	0.405	0.105	0.133	0.079	0.157	0.03	0.091	-0.226	-0.048	-0.062	-0.036	-0.074	-0.013	1.043	1.502	"7"
"家电"	1	3	0	1	0	0	0	2.025	0.527	0.667	0.394	0.785	0.149	0.453	-0.484	2.002	-0.311	0.473	-0.371	-0.066	-0.206	3.913	"2"
"宽"	1	3	0	0	0	0	0	1.62	0.422	0.534	0.315	0.628	0.119	0.363	-0.331	2.364	-0.249	-0.142	-0.297	-0.052	-0.165	3.6	"2"
"密切"	4	0	0	0	1	0	0	2.025	0.527	0.667	0.394	0.785	0.149	0.453	1.041	-0.242	-0.311	-0.178	0.241	-0.066	-0.206	2.285	"1"
"富于"	0	0	1	0	0	0	0	0.405	0.105	0.133	0.079	0.157	0.03	0.091	-0.226	-0.048	0.875	-0.036	-0.074	-0.013	-0.041	1.313	"3"
"对外"	1	3	0	0	0	0	0	1.62	0.422	0.534	0.315	0.628	0.119	0.363	-0.331	2.364	-0.249	-0.142	-0.297	-0.052	-0.165	3.6	"2"
"对数"	0	0	0	0	0	0	1	0.405	0.105	0.133	0.079	0.157	0.03	0.091	-0.226	-0.048	-0.062	-0.036	-0.074	-0.013	1.043	1.502	"7"
"对话"	3	0	0	0	1	0	0	1.62	0.422	0.534	0.315	0.628	0.119	0.363	0.733	-0.194	-0.249	-0.142	0.306	-0.052	-0.165	1.841	"1"
"寻秦记"	0	1	0	0	0	0	0	0.405	0.105	0.133	0.079	0.157	0.03	0.091	-0.226	0.977	-0.062	-0.036	-0.074	-0.013	-0.041	1.429	"2"
"导航"	0	0	0	1	0	0	0	0.405	0.105	0.133	0.079	0.157	0.03	0.091	-0.226	-0.048	-0.062	1.104	-0.074	-0.013	-0.041	1.568	"4"
"小组"	0	0	0	0	0	0	1	0.405	0.105	0.133	0.079	0.157	0.03	0.091	-0.226	-0.048	-0.062	-0.036	-0.074	-0.013	1.043	1.502	"7"
"尖端"	0	1	0	0	0	0	0	0.405	0.105	0.133	0.079	0.157	0.03	0.091	-0.226	0.977	-0.062	-0.036	-0.074	-0.013	-0.041	1.429	"2"
"尤其"	1	0	3	1	1	0	0	2.43	0.633	0.801	0.473	0.941	0.178	0.544	-0.647	-0.291	1.459	0.41	0.193	-0.079	-0.248	3.327	"3"
"就业"	0	1	0	1	0	0	1	1.215	0.316	0.4	0.236	0.471	0.089	0.272	-0.677	0.546	-0.187	0.661	-0.222	-0.039	0.606	2.938	"1"
"层次"	1	0	0	0	0	0	0	0.405	0.105	0.133	0.079	0.157	0.03	0.091	0.392	-0.048	-0.062	-0.036	-0.074	-0.013	-0.041	0.666	"1"
"居"	0	0	0	0	1	0	0	0.405	0.105	0.133	0.079	0.157	0.03	0.091	-0.226	-0.048	-0.062	-0.036	0.804	-0.013	-0.041	1.23	"5"
"展"	0	0	0	0	1	0	0	0.405	0.105	0.133	0.079	0.157	0.03	0.091	-0.226	-0.048	-0.062	-0.036	0.804	-0.013	-0.041	1.23	"5"
"展开"	1	0	0	0	0	0	0	0.405	0.105	0.133	0.079	0.157	0.03	0.091	0.392	-0.048	-0.062	-0.036	-0.074	-0.013	-0.041	0.666	"1"
"展现出"	1	0	0	0	0	0	0	0.405	0.105	0.133	0.079	0.157	0.03	0.091	0.392	-0.048	-0.062	-0.036	-0.074	-0.013	-0.041	0.666	"1"
"崭新"	2	0	0	0	0	0	0	0.81	0.211	0.267	0.158	0.314	0.059	0.181	0.785	-0.097	-0.124	-0.071	-0.148	-0.026	-0.083	1.334	"1"
"工业"	3	1	0	0	1	0	0	2.025	0.527	0.667	0.394	0.785	0.149	0.453	0.487	0.369	-0.311	-0.178	0.241	-0.066	-0.206	1.858	"1"
"巨大"	2	1	0	2	0	0	0	2.025	0.527	0.667	0.394	0.785	0.149	0.453	-0.171	0.369	-0.311	1.277	-0.371	-0.066	-0.206	2.771	"4"
"巩固"	1	0	0	0	0	0	0	0.405	0.105	0.133	0.079	0.157	0.03	0.091	0.392	-0.048	-0.062	-0.036	-0.074	-0.013	-0.041	0.666	"1"
"市政"	0	0	0	1	0	0	0	0.405	0.105	0.133	0.079	0.157	0.03	0.091	-0.226	-0.048	-0.062	1.104	-0.074	-0.013	-0.041	1.568	"4"
"布农族"	1	0	0	0	0	0	0	0.405	0.105	0.133	0.079	0.157	0.03	0.091	0.392	-0.048	-0.062	-0.036	-0.074	-0.013	-0.041	0.666	"1"
"带动"	0	1	0	0	0	0	0	0.405	0.105	0.133	0.079	0.157	0.03	0.091	-0.226	0.977	-0.062	-0.036	-0.074	-0.013	-0.041	1.429	"2"
"带头"	0	0	0	0	0	0	1	0.405	0.105	0.133	0.079	0.157	0.03	0.091	-0.226	-0.048	-0.062	-0.036	-0.074	-0.013	1.043	1.502	"7"
"带头人"	0	0	0	0	1	0	0	0.405	0.105	0.133	0.079	0.157	0.03	0.091	-0.226	-0.048	-0.062	-0.036	0.804	-0.013	-0.041	1.23	"5"
"平日"	0	0	0	0	0	1	0	0.405	0.105	0.133	0.079	0.157	0.03	0.091	-0.226	-0.048	-0.062	-0.036	-0.074	1.527	-0.041	2.014	"6"
"并购"	0	0	0	0	1	0	0	0.405	0.105	0.133	0.079	0.157	0.03	0.091	-0.226	-0.048	-0.062	-0.036	0.804	-0.013	-0.041	1.23	"5"
"广"	0	1	0	0	0	0	0	0.405	0.105	0.133	0.079	0.157	0.03	0.091	-0.226	0.977	-0.062	-0.036	-0.074	-0.013	-0.041	1.429	"2"
"广度"	0	0	0	0	0	0	1	0.405	0.105	0.133	0.079	0.157	0.03	0.091	-0.226	-0.048	-0.062	-0.036	-0.074	-0.013	1.043	1.502	"7"
"广泛"	4	0	1	0	6	0	0	4.456	1.16	1.468	0.866	1.726	0.327	0.997	-0.285	-0.533	-0.254	-0.392	2.473	-0.144	-0.454	4.535	"5"
"广阔"	2	2	0	0	0	0	0	1.62	0.422	0.534	0.315	0.628	0.119	0.363	0.273	1.238	-0.249	-0.142	-0.297	-0.052	-0.165	2.416	"2"
"库奇马"	1	0	0	0	0	0	0	0.405	0.105	0.133	0.079	0.157	0.03	0.091	0.392	-0.048	-0.062	-0.036	-0.074	-0.013	-0.041	0.666	"1"
"应用"	0	0	0	1	7	0	1	3.645	0.949	1.201	0.709	1.412	0.267	0.816	-2.03	-0.436	-0.56	0.282	4.202	-0.118	0.241	7.869	"5"
"应用型"	0	0	0	0	1	0	0	0.405	0.105	0.133	0.079	0.157	0.03	0.091	-0.226	-0.048	-0.062	-0.036	0.804	-0.013	-0.041	1.23	"5"
"康复"	0	0	0	0	0	0	2	0.81	0.211	0.267	0.158	0.314	0.059	0.181	-0.451	-0.097	-0.124	-0.071	-0.148	-0.026	2.085	3.002	"7"
"延伸"	0	0	2	0	0	0	0	0.81	0.211	0.267	0.158	0.314	0.059	0.181	-0.451	-0.097	1.749	-0.071	-0.148	-0.026	-0.083	2.625	"3"
"延伸到"	0	0	1	0	0	0	0	0.405	0.105	0.133	0.079	0.157	0.03	0.091	-0.226	-0.048	0.875	-0.036	-0.074	-0.013	-0.041	1.313	"3"
"延伸至"	0	0	0	0	0	0	1	0.405	0.105	0.133	0.079	0.157	0.03	0.091	-0.226	-0.048	-0.062	-0.036	-0.074	-0.013	1.043	1.502	"7"
"建成"	0	0	0	0	1	0	0	0.405	0.105	0.133	0.079	0.157	0.03	0.091	-0.226	-0.048	-0.062	-0.036	0.804	-0.013	-0.041	1.23	"5"
"建材"	0	1	0	0	0	0	0	0.405	0.105	0.133	0.079	0.157	0.03	0.091	-0.226	0.977	-0.062	-0.036	-0.074	-0.013	-0.041	1.429	"2"
"建筑"	1	3	1	2	1	0	0	3.24	0.844	1.067	0.63	1.255	0.238	0.725	-0.995	1.359	-0.149	0.898	-0.197	-0.105	-0.33	4.033	"2"
"建筑业"	0	0	1	0	0	0	0	0.405	0.105	0.133	0.079	0.157	0.03	0.091	-0.226	-0.048	0.875	-0.036	-0.074	-0.013	-0.041	1.313	"3"
"建设"	0	0	1	0	1	0	2	1.62	0.422	0.534	0.315	0.628	0.119	0.363	-0.902	-0.194	0.36	-0.142	0.306	-0.052	1.361	3.317	"7"
"建设性"	0	1	0	0	1	0	0	0.81	0.211	0.267	0.158	0.314	0.059	0.181	-0.451	0.699	-0.124	-0.071	0.539	-0.026	-0.083	1.993	"2"
"开发"	5	1	1	0	5	0	1	5.266	1.371	1.735	1.024	2.04	0.386	1.178	-0.252	-0.226	-0.331	-0.463	1.391	-0.17	-0.176	3.009	"5"
"开展"	11	0	0	0	6	0	0	6.886	1.793	2.268	1.339	2.667	0.505	1.541	1.417	-0.823	-1.057	-0.606	1.411	-0.223	-0.701	6.238	"1"
"开拓"	1	5	0	0	0	0	0	2.43	0.633	0.801	0.473	0.941	0.178	0.544	-0.647	4.146	-0.373	-0.214	-0.445	-0.079	-0.248	6.152	"2"
"开拓者"	0	0	0	1	0	0	0	0.405	0.105	0.133	0.079	0.157	0.03	0.091	-0.226	-0.048	-0.062	1.104	-0.074	-0.013	-0.041	1.568	"4"
"开放"	0	4	2	0	0	0	0	2.43	0.633	0.801	0.473	0.941	0.178	0.544	-1.353	2.807	0.732	-0.214	-0.445	-0.079	-0.248	5.878	"2"
"开辟"	0	1	0	0	1	0	0	0.81	0.211	0.267	0.158	0.314	0.059	0.181	-0.451	0.699	-0.124	-0.071	0.539	-0.026	-0.083	1.993	"2"
"弄虚作假"	0	1	0	0	0	0	0	0.405	0.105	0.133	0.079	0.157	0.03	0.091	-0.226	0.977	-0.062	-0.036	-0.074	-0.013	-0.041	1.429	"2"
"引进"	0	0	0	0	1	0	0	0.405	0.105	0.133	0.079	0.157	0.03	0.091	-0.226	-0.048	-0.062	-0.036	0.804	-0.013	-0.041	1.23	"5"
"引进到"	0	0	0	0	0	0	1	0.405	0.105	0.133	0.079	0.157	0.03	0.091	-0.226	-0.048	-0.062	-0.036	-0.074	-0.013	1.043	1.502	"7"
"张中伟"	0	1	0	0	0	0	0	0.405	0.105	0.133	0.079	0.157	0.03	0.091	-0.226	0.977	-0.062	-0.036	-0.074	-0.013	-0.041	1.429	"2"
"弱"	0	0	0	0	0	1	0	0.405	0.105	0.133	0.079	0.157	0.03	0.091	-0.226	-0.048	-0.062	-0.036	-0.074	1.527	-0.041	2.014	"6"
"强身"	0	0	0	0	0	0	1	0.405	0.105	0.133	0.079	0.157	0.03	0.091	-0.226	-0.048	-0.062	-0.036	-0.074	-0.013	1.043	1.502	"7"
"形态"	0	0	1	0	0	0	0	0.405	0.105	0.133	0.079	0.157	0.03	0.091	-0.226	-0.048	0.875	-0.036	-0.074	-0.013	-0.041	1.313	"3"
"形成"	0	0	1	1	1	0	0	1.215	0.316	0.4	0.236	0.471	0.089	0.272	-0.677	-0.145	0.457	0.661	0.397	-0.039	-0.124	2.5	"1"
"彩电"	0	0	0	1	0	0	0	0.405	0.105	0.133	0.079	0.157	0.03	0.091	-0.226	-0.048	-0.062	1.104	-0.074	-0.013	-0.041	1.568	"4"
"影像"	0	0	0	1	0	0	0	0.405	0.105	0.133	0.079	0.157	0.03	0.091	-0.226	-0.048	-0.062	1.104	-0.074	-0.013	-0.041	1.568	"4"
"彼此"	1	1	0	0	0	0	0	0.81	0.211	0.267	0.158	0.314	0.059	0.181	0.19	0.699	-0.124	-0.071	-0.148	-0.026	-0.083	1.341	"2"
"往来"	2	0	0	0	0	0	0	0.81	0.211	0.267	0.158	0.314	0.059	0.181	0.785	-0.097	-0.124	-0.071	-0.148	-0.026	-0.083	1.334	"1"
"循环"	0	1	0	0	0	0	0	0.405	0.105	0.133	0.079	0.157	0.03	0.091	-0.226	0.977	-0.062	-0.036	-0.074	-0.013	-0.041	1.429	"2"
"思想史"	0	0	0	1	0	0	0	0.405	0.105	0.133	0.079	0.157	0.03	0.091	-0.226	-0.048	-0.062	1.104	-0.074	-0.013	-0.041	1.568	"4"
"思维"	0	0	0	0	0	0	1	0.405	0.105	0.133	0.079	0.157	0.03	0.091	-0.226	-0.048	-0.062	-0.036	-0.074	-0.013	1.043	1.502	"7"
"思路"	2	0	0	0	0	0	0	0.81	0.211	0.267	0.158	0.314	0.059	0.181	0.785	-0.097	-0.124	-0.071	-0.148	-0.026	-0.083	1.334	"1"
"意识"	0	0	1	0	0	0	0	0.405	0.105	0.133	0.079	0.157	0.03	0.091	-0.226	-0.048	0.875	-0.036	-0.074	-0.013	-0.041	1.313	"3"
"成功"	0	0	0	1	0	0	0	0.405	0.105	0.133	0.079	0.157	0.03	0.091	-0.226	-0.048	-0.062	1.104	-0.074	-0.013	-0.041	1.568	"4"
"成员"	0	0	0	0	0	0	1	0.405	0.105	0.133	0.079	0.157	0.03	0.091	-0.226	-0.048	-0.062	-0.036	-0.074	-0.013	1.043	1.502	"7"
"成员国"	1	0	0	1	0	0	0	0.81	0.211	0.267	0.158	0.314	0.059	0.181	0.19	-0.097	-0.124	0.82	-0.148	-0.026	-0.083	1.488	"4"
"成就"	2	0	0	0	3	0	0	2.025	0.527	0.667	0.394	0.785	0.149	0.453	-0.171	-0.242	-0.311	-0.178	1.521	-0.066	-0.206	2.695	"5"
"成效"	2	1	0	0	0	0	0	1.215	0.316	0.4	0.236	0.471	0.089	0.272	0.445	0.546	-0.187	-0.107	-0.222	-0.039	-0.124	1.67	"2"
"成果"	6	0	0	0	8	0	0	5.671	1.477	1.868	1.103	2.197	0.416	1.269	0.276	-0.678	-0.871	-0.499	3.346	-0.183	-0.578	6.431	"5"
"成绩"	0	0	0	0	0	4	0	1.62	0.422	0.534	0.315	0.628	0.119	0.363	-0.902	-0.194	-0.249	-0.142	-0.297	6.108	-0.165	8.057	"6"
"我国"	2	2	3	1	1	0	1	4.051	1.055	1.334	0.788	1.569	0.297	0.906	-0.798	0.545	0.858	0.252	-0.285	-0.131	0.212	3.081	"3"
"房地"	0	1	0	0	0	0	0	0.405	0.105	0.133	0.079	0.157	0.03	0.091	-0.226	0.977	-0.062	-0.036	-0.074	-0.013	-0.041	1.429	"2"
"房地产"	0	1	2	1	0	0	0	1.62	0.422	0.534	0.315	0.628	0.119	0.363	-0.902	0.444	1.052	0.553	-0.297	-0.052	-0.165	3.465	"3"
"所有"	0	0	0	1	0	0	0	0.405	0.105	0.133	0.079	0.157	0.03	0.091	-0.226	-0.048	-0.062	1.104	-0.074	-0.013	-0.041	1.568	"4"
"扎扎实实"	1	0	0	0	0	0	0	0.405	0.105	0.133	0.079	0.157	0.03	0.091	0.392	-0.048	-0.062	-0.036	-0.074	-0.013	-0.041	0.666	"1"
"打击"	1	0	0	0	0	0	0	0.405	0.105	0.133	0.079	0.157	0.03	0.091	0.392	-0.048	-0.062	-0.036	-0.074	-0.013	-0.041	0.666	"1"
"扩"	1	1	0	0	0	0	0	0.81	0.211	0.267	0.158	0.314	0.059	0.181	0.19	0.699	-0.124	-0.071	-0.148	-0.026	-0.083	1.341	"2"
"扩大"	11	4	1	0	1	0	0	6.886	1.793	2.268	1.339	2.667	0.505	1.541	1.417	1.015	-0.499	-0.606	-0.641	-0.223	-0.701	5.102	"1"
"扩大到"	1	0	0	0	0	0	0	0.405	0.105	0.133	0.079	0.157	0.03	0.091	0.392	-0.048	-0.062	-0.036	-0.074	-0.013	-0.041	0.666	"1"
"扶持"	0	0	0	0	0	0	1	0.405	0.105	0.133	0.079	0.157	0.03	0.091	-0.226	-0.048	-0.062	-0.036	-0.074	-0.013	1.043	1.502	"7"
"批"	0	0	0	1	1	0	0	0.81	0.211	0.267	0.158	0.314	0.059	0.181	-0.451	-0.097	-0.124	0.82	0.539	-0.026	-0.083	2.14	"4"
"技"	2	0	0	1	3	0	1	2.835	0.738	0.934	0.551	1.098	0.208	0.634	-0.388	-0.339	-0.435	0.36	1.083	-0.092	0.314	3.011	"5"
"技术"	5	0	0	2	31	0	2	16.202	4.22	5.337	3.15	6.276	1.189	3.626	-3.944	-1.937	-2.488	-0.42	17.142	-0.524	-0.546	27.001	"5"
"技能"	0	0	0	0	0	0	1	0.405	0.105	0.133	0.079	0.157	0.03	0.091	-0.226	-0.048	-0.062	-0.036	-0.074	-0.013	1.043	1.502	"7"
"投"	0	2	0	0	1	0	0	1.215	0.316	0.4	0.236	0.471	0.089	0.272	-0.677	1.508	-0.187	-0.107	0.397	-0.039	-0.124	3.039	"2"
"投入"	0	2	0	0	1	0	0	1.215	0.316	0.4	0.236	0.471	0.089	0.272	-0.677	1.508	-0.187	-0.107	0.397	-0.039	-0.124	3.039	"2"
"投资"	13	14	1	2	3	0	0	13.367	3.481	4.403	2.599	5.178	0.981	2.991	-0.281	5.613	-1.269	-0.29	-0.664	-0.432	-1.362	9.911	"2"
"护卫"	1	0	0	0	0	0	0	0.405	0.105	0.133	0.079	0.157	0.03	0.091	0.392	-0.048	-0.062	-0.036	-0.074	-0.013	-0.041	0.666	"1"
"抵销"	0	0	0	0	1	0	0	0.405	0.105	0.133	0.079	0.157	0.03	0.091	-0.226	-0.048	-0.062	-0.036	0.804	-0.013	-0.041	1.23	"5"
"拉吉卜"	1	0	0	0	0	0	0	0.405	0.105	0.133	0.079	0.157	0.03	0.091	0.392	-0.048	-0.062	-0.036	-0.074	-0.013	-0.041	0.666	"1"
"拓"	0	1	0	0	0	0	0	0.405	0.105	0.133	0.079	0.157	0.03	0.091	-0.226	0.977	-0.062	-0.036	-0.074	-0.013	-0.041	1.429	"2"
"拓出"	0	0	1	0	0	0	0	0.405	0.105	0.133	0.079	0.157	0.03	0.091	-0.226	-0.048	0.875	-0.036	-0.074	-0.013	-0.041	1.313	"3"
"拓宽"	0	5	0	0	0	0	0	2.025	0.527	0.667	0.394	0.785	0.149	0.453	-1.128	4.884	-0.311	-0.178	-0.371	-0.066	-0.206	7.144	"2"
"拓展"	7	0	0	0	0	0	0	2.835	0.738	0.934	0.551	1.098	0.208	0.634	2.747	-0.339	-0.435	-0.249	-0.519	-0.092	-0.289	4.67	"1"
"招生"	0	0	0	0	0	2	0	0.81	0.211	0.267	0.158	0.314	0.059	0.181	-0.451	-0.097	-0.124	-0.071	-0.148	3.054	-0.083	4.028	"6"
"指导"	0	0	0	0	0	0	2	0.81	0.211	0.267	0.158	0.314	0.059	0.181	-0.451	-0.097	-0.124	-0.071	-0.148	-0.026	2.085	3.002	"7"
"按照"	0	0	0	0	0	0	1	0.405	0.105	0.133	0.079	0.157	0.03	0.091	-0.226	-0.048	-0.062	-0.036	-0.074	-0.013	1.043	1.502	"7"
"换句话说"	0	1	0	0	0	0	0	0.405	0.105	0.133	0.079	0.157	0.03	0.091	-0.226	0.977	-0.062	-0.036	-0.074	-0.013	-0.041	1.429	"2"
"授"	0	0	0	0	0	1	0	0.405	0.105	0.133	0.079	0.157	0.03	0.091	-0.226	-0.048	-0.062	-0.036	-0.074	1.527	-0.041	2.014	"6"
"採用"	0	0	0	0	0	1	0	0.405	0.105	0.133	0.079	0.157	0.03	0.091	-0.226	-0.048	-0.062	-0.036	-0.074	1.527	-0.041	2.014	"6"
"採计"	0	0	0	0	0	1	0	0.405	0.105	0.133	0.079	0.157	0.03	0.091	-0.226	-0.048	-0.062	-0.036	-0.074	1.527	-0.041	2.014	"6"
"探索"	1	1	0	0	0	0	0	0.81	0.211	0.267	0.158	0.314	0.059	0.181	0.19	0.699	-0.124	-0.071	-0.148	-0.026	-0.083	1.341	"2"
"推动"	8	0	1	0	2	0	0	4.456	1.16	1.468	0.866	1.726	0.327	0.997	1.499	-0.533	-0.254	-0.392	0.273	-0.144	-0.454	3.549	"1"
"推动力"	1	0	0	0	0	0	0	0.405	0.105	0.133	0.079	0.157	0.03	0.091	0.392	-0.048	-0.062	-0.036	-0.074	-0.013	-0.041	0.666	"1"
"推向"	2	0	0	0	1	0	0	1.215	0.316	0.4	0.236	0.471	0.089	0.272	0.445	-0.145	-0.187	-0.107	0.397	-0.039	-0.124	1.444	"1"
"推荐"	0	0	0	0	0	1	0	0.405	0.105	0.133	0.079	0.157	0.03	0.091	-0.226	-0.048	-0.062	-0.036	-0.074	1.527	-0.041	2.014	"6"
"推进"	1	2	1	0	1	0	0	2.025	0.527	0.667	0.394	0.785	0.149	0.453	-0.484	1.048	0.291	-0.178	0.241	-0.066	-0.206	2.514	"2"
"摩擦"	0	1	0	0	0	0	0	0.405	0.105	0.133	0.079	0.157	0.03	0.091	-0.226	0.977	-0.062	-0.036	-0.074	-0.013	-0.041	1.429	"2"
"改革"	1	0	0	0	1	0	0	0.81	0.211	0.267	0.158	0.314	0.059	0.181	0.19	-0.097	-0.124	-0.071	0.539	-0.026	-0.083	1.13	"5"
"攻关"	0	0	0	0	1	0	0	0.405	0.105	0.133	0.079	0.157	0.03	0.091	-0.226	-0.048	-0.062	-0.036	0.804	-0.013	-0.041	1.23	"5"
"放开"	0	1	0	0	0	0	0	0.405	0.105	0.133	0.079	0.157	0.03	0.091	-0.226	0.977	-0.062	-0.036	-0.074	-0.013	-0.041	1.429	"2"
"政治"	11	0	6	4	0	0	0	8.506	2.215	2.802	1.654	3.295	0.624	1.903	0.728	-1.017	1.288	1.106	-1.557	-0.275	-0.867	6.838	"5"
"教学"	0	0	0	0	1	0	4	2.025	0.527	0.667	0.394	0.785	0.149	0.453	-1.128	-0.242	-0.311	-0.178	0.241	-0.066	3.504	5.67	"7"
"教导"	0	0	0	0	0	0	1	0.405	0.105	0.133	0.079	0.157	0.03	0.091	-0.226	-0.048	-0.062	-0.036	-0.074	-0.013	1.043	1.502	"7"
"教育"	10	0	3	7	2	0	4	10.531	2.743	3.469	2.048	4.08	0.773	2.357	-0.301	-1.259	-0.271	2.49	-0.694	-0.341	0.687	6.043	"4"
"教育局"	0	0	0	0	0	2	0	0.81	0.211	0.267	0.158	0.314	0.059	0.181	-0.451	-0.097	-0.124	-0.071	-0.148	3.054	-0.083	4.028	"6"
"教育部"	0	0	0	0	0	2	2	1.62	0.422	0.534	0.315	0.628	0.119	0.363	-0.902	-0.194	-0.249	-0.142	-0.297	2.293	1.361	5.438	"6"
"文内"	0	1	0	0	0	0	0	0.405	0.105	0.133	0.079	0.157	0.03	0.091	-0.226	0.977	-0.062	-0.036	-0.074	-0.013	-0.041	1.429	"2"
"文化"	15	0	8	0	0	0	0	9.316	2.426	3.069	1.811	3.609	0.684	2.085	1.836	-1.114	2.119	-0.819	-1.705	-0.301	-0.949	8.843	"3"
"文学"	0	0	0	0	0	0	1	0.405	0.105	0.133	0.079	0.157	0.03	0.091	-0.226	-0.048	-0.062	-0.036	-0.074	-0.013	1.043	1.502	"7"
"文教"	1	0	0	0	0	0	0	0.405	0.105	0.133	0.079	0.157	0.03	0.091	0.392	-0.048	-0.062	-0.036	-0.074	-0.013	-0.041	0.666	"1"
"文法"	0	1	0	0	0	0	0	0.405	0.105	0.133	0.079	0.157	0.03	0.091	-0.226	0.977	-0.062	-0.036	-0.074	-0.013	-0.041	1.429	"2"
"文管医多"	0	0	0	0	0	0	1	0.405	0.105	0.133	0.079	0.157	0.03	0.091	-0.226	-0.048	-0.062	-0.036	-0.074	-0.013	1.043	1.502	"7"
"料"	0	0	0	1	0	0	0	0.405	0.105	0.133	0.079	0.157	0.03	0.091	-0.226	-0.048	-0.062	1.104	-0.074	-0.013	-0.041	1.568	"4"
"斯特伯"	0	1	0	0	0	0	0	0.405	0.105	0.133	0.079	0.157	0.03	0.091	-0.226	0.977	-0.062	-0.036	-0.074	-0.013	-0.041	1.429	"2"
"新"	14	7	7	3	5	0	5	16.607	4.325	5.471	3.229	6.433	1.218	3.716	-0.596	0.867	0.519	-0.226	-0.443	-0.537	0.504	3.692	"2"
"新兴"	0	0	1	0	3	0	1	2.025	0.527	0.667	0.394	0.785	0.149	0.453	-1.128	-0.242	0.291	-0.178	1.521	-0.066	0.422	3.848	"5"
"新市场"	0	0	2	0	0	0	0	0.81	0.211	0.267	0.158	0.314	0.059	0.181	-0.451	-0.097	1.749	-0.071	-0.148	-0.026	-0.083	2.625	"3"
"新手"	0	1	0	0	0	0	0	0.405	0.105	0.133	0.079	0.157	0.03	0.091	-0.226	0.977	-0.062	-0.036	-0.074	-0.013	-0.041	1.429	"2"
"新泰"	1	0	0	0	0	0	0	0.405	0.105	0.133	0.079	0.157	0.03	0.091	0.392	-0.048	-0.062	-0.036	-0.074	-0.013	-0.041	0.666	"1"
"新种"	0	0	0	1	0	0	0	0.405	0.105	0.133	0.079	0.157	0.03	0.091	-0.226	-0.048	-0.062	1.104	-0.074	-0.013	-0.041	1.568	"4"
"方向"	1	1	2	0	1	1	0	2.43	0.633	0.801	0.473	0.941	0.178	0.544	-0.647	0.312	0.732	-0.214	0.193	0.781	-0.248	3.127	"6"
"旅游"	6	2	1	2	0	0	0	4.456	1.16	1.468	0.866	1.726	0.327	0.997	0.589	0.487	-0.254	0.672	-0.815	-0.144	-0.454	3.415	"5"
"无关"	0	0	0	0	0	0	1	0.405	0.105	0.133	0.079	0.157	0.03	0.091	-0.226	-0.048	-0.062	-0.036	-0.074	-0.013	1.043	1.502	"7"
"无定"	0	1	0	0	0	0	0	0.405	0.105	0.133	0.079	0.157	0.03	0.091	-0.226	0.977	-0.062	-0.036	-0.074	-0.013	-0.041	1.429	"2"
"日益"	3	1	0	0	0	0	0	1.62	0.422	0.534	0.315	0.628	0.119	0.363	0.733	0.444	-0.249	-0.142	-0.297	-0.052	-0.165	2.082	"1"
"旨"	0	0	0	0	0	0	1	0.405	0.105	0.133	0.079	0.157	0.03	0.091	-0.226	-0.048	-0.062	-0.036	-0.074	-0.013	1.043	1.502	"7"
"时数"	0	0	0	0	0	2	0	0.81	0.211	0.267	0.158	0.314	0.059	0.181	-0.451	-0.097	-0.124	-0.071	-0.148	3.054	-0.083	4.028	"6"
"显著"	0	0	0	0	2	0	0	0.81	0.211	0.267	0.158	0.314	0.059	0.181	-0.451	-0.097	-0.124	-0.071	1.609	-0.026	-0.083	2.461	"5"
"显身"	0	0	0	0	1	0	0	0.405	0.105	0.133	0.079	0.157	0.03	0.091	-0.226	-0.048	-0.062	-0.036	0.804	-0.013	-0.041	1.23	"5"
"普及"	0	0	0	0	0	0	1	0.405	0.105	0.133	0.079	0.157	0.03	0.091	-0.226	-0.048	-0.062	-0.036	-0.074	-0.013	1.043	1.502	"7"
"普衡"	0	0	0	1	0	0	0	0.405	0.105	0.133	0.079	0.157	0.03	0.091	-0.226	-0.048	-0.062	1.104	-0.074	-0.013	-0.041	1.568	"4"
"晶体管"	0	1	0	0	0	0	0	0.405	0.105	0.133	0.079	0.157	0.03	0.091	-0.226	0.977	-0.062	-0.036	-0.074	-0.013	-0.041	1.429	"2"
"晶圆"	0	1	0	0	1	0	0	0.81	0.211	0.267	0.158	0.314	0.059	0.181	-0.451	0.699	-0.124	-0.071	0.539	-0.026	-0.083	1.993	"2"
"晶片"	0	0	0	1	0	0	0	0.405	0.105	0.133	0.079	0.157	0.03	0.091	-0.226	-0.048	-0.062	1.104	-0.074	-0.013	-0.041	1.568	"4"
"更为"	0	0	1	1	1	0	0	1.215	0.316	0.4	0.236	0.471	0.089	0.272	-0.677	-0.145	0.457	0.661	0.397	-0.039	-0.124	2.5	"1"
"更加"	3	1	1	0	0	0	0	2.025	0.527	0.667	0.394	0.785	0.149	0.453	0.487	0.369	0.291	-0.178	-0.371	-0.066	-0.206	1.968	"1"
"更深"	0	1	0	0	0	0	0	0.405	0.105	0.133	0.079	0.157	0.03	0.091	-0.226	0.977	-0.062	-0.036	-0.074	-0.013	-0.041	1.429	"2"
"有"	0	0	0	0	0	0	1	0.405	0.105	0.133	0.079	0.157	0.03	0.091	-0.226	-0.048	-0.062	-0.036	-0.074	-0.013	1.043	1.502	"7"
"有所"	0	0	1	0	0	0	0	0.405	0.105	0.133	0.079	0.157	0.03	0.091	-0.226	-0.048	0.875	-0.036	-0.074	-0.013	-0.041	1.313	"3"
"服"	0	0	1	0	0	0	0	0.405	0.105	0.133	0.079	0.157	0.03	0.091	-0.226	-0.048	0.875	-0.036	-0.074	-0.013	-0.041	1.313	"3"
"服务"	3	7	14	1	2	0	1	11.341	2.954	3.736	2.205	4.393	0.832	2.538	-3.225	1.631	5.448	-0.467	-0.79	-0.367	-0.577	12.505	"3"
"服务业"	0	2	0	1	0	0	0	1.215	0.316	0.4	0.236	0.471	0.089	0.272	-0.677	1.508	-0.187	0.661	-0.222	-0.039	-0.124	3.418	"2"
"服务社"	0	0	1	0	0	0	0	0.405	0.105	0.133	0.079	0.157	0.03	0.091	-0.226	-0.048	0.875	-0.036	-0.074	-0.013	-0.041	1.313	"3"
"朝向"	0	1	0	0	0	0	0	0.405	0.105	0.133	0.079	0.157	0.03	0.091	-0.226	0.977	-0.062	-0.036	-0.074	-0.013	-0.041	1.429	"2"
"末"	0	1	0	0	0	0	0	0.405	0.105	0.133	0.079	0.157	0.03	0.091	-0.226	0.977	-0.062	-0.036	-0.074	-0.013	-0.041	1.429	"2"
"术"	1	0	0	0	2	0	0	1.215	0.316	0.4	0.236	0.471	0.089	0.272	-0.193	-0.145	-0.187	-0.107	1.18	-0.039	-0.124	1.975	"5"
"机器人"	0	2	0	0	2	0	0	1.62	0.422	0.534	0.315	0.628	0.119	0.363	-0.902	1.238	-0.249	-0.142	0.926	-0.052	-0.165	3.674	"2"
"机械"	1	1	0	0	0	0	1	1.215	0.316	0.4	0.236	0.471	0.089	0.272	-0.193	0.546	-0.187	-0.107	-0.222	-0.039	0.606	1.9	"7"
"机遇"	1	0	0	0	1	0	0	0.81	0.211	0.267	0.158	0.314	0.059	0.181	0.19	-0.097	-0.124	-0.071	0.539	-0.026	-0.083	1.13	"5"
"权威"	0	0	1	0	0	0	0	0.405	0.105	0.133	0.079	0.157	0.03	0.091	-0.226	-0.048	0.875	-0.036	-0.074	-0.013	-0.041	1.313	"3"
"李根兴"	0	0	0	0	1	0	0	0.405	0.105	0.133	0.079	0.157	0.03	0.091	-0.226	-0.048	-0.062	-0.036	0.804	-0.013	-0.041	1.23	"5"
"材料"	1	1	0	1	2	0	0	2.025	0.527	0.667	0.394	0.785	0.149	0.453	-0.484	0.369	-0.311	0.473	0.75	-0.066	-0.206	2.659	"5"
"杰出"	0	0	1	0	0	0	0	0.405	0.105	0.133	0.079	0.157	0.03	0.091	-0.226	-0.048	0.875	-0.036	-0.074	-0.013	-0.041	1.313	"3"
"板卡"	0	1	0	0	0	0	0	0.405	0.105	0.133	0.079	0.157	0.03	0.091	-0.226	0.977	-0.062	-0.036	-0.074	-0.013	-0.041	1.429	"2"
"林业"	1	0	0	0	0	0	0	0.405	0.105	0.133	0.079	0.157	0.03	0.091	0.392	-0.048	-0.062	-0.036	-0.074	-0.013	-0.041	0.666	"1"
"林良实"	0	0	1	0	0	0	0	0.405	0.105	0.133	0.079	0.157	0.03	0.091	-0.226	-0.048	0.875	-0.036	-0.074	-0.013	-0.041	1.313	"3"
"某些"	0	0	4	0	0	0	0	1.62	0.422	0.534	0.315	0.628	0.119	0.363	-0.902	-0.194	3.499	-0.142	-0.297	-0.052	-0.165	5.251	"3"
"标志"	0	0	0	0	1	0	0	0.405	0.105	0.133	0.079	0.157	0.03	0.091	-0.226	-0.048	-0.062	-0.036	0.804	-0.013	-0.041	1.23	"5"
"标本"	0	0	0	0	0	0	1	0.405	0.105	0.133	0.079	0.157	0.03	0.091	-0.226	-0.048	-0.062	-0.036	-0.074	-0.013	1.043	1.502	"7"
"校"	0	0	0	0	0	4	0	1.62	0.422	0.534	0.315	0.628	0.119	0.363	-0.902	-0.194	-0.249	-0.142	-0.297	6.108	-0.165	8.057	"6"
"核子"	0	0	0	0	2	0	0	0.81	0.211	0.267	0.158	0.314	0.059	0.181	-0.451	-0.097	-0.124	-0.071	1.609	-0.026	-0.083	2.461	"5"
"核心区"	0	0	1	0	0	0	0	0.405	0.105	0.133	0.079	0.157	0.03	0.091	-0.226	-0.048	0.875	-0.036	-0.074	-0.013	-0.041	1.313	"3"
"梅加瓦蒂"	1	0	0	0	0	0	0	0.405	0.105	0.133	0.079	0.157	0.03	0.091	0.392	-0.048	-0.062	-0.036	-0.074	-0.013	-0.041	0.666	"1"
"步伐"	1	0	0	0	0	0	0	0.405	0.105	0.133	0.079	0.157	0.03	0.091	0.392	-0.048	-0.062	-0.036	-0.074	-0.013	-0.041	0.666	"1"
"民事"	0	0	1	0	0	0	0	0.405	0.105	0.133	0.079	0.157	0.03	0.091	-0.226	-0.048	0.875	-0.036	-0.074	-0.013	-0.041	1.313	"3"
"民用"	0	0	0	0	2	0	0	0.81	0.211	0.267	0.158	0.314	0.059	0.181	-0.451	-0.097	-0.124	-0.071	1.609	-0.026	-0.083	2.461	"5"
"民间"	1	2	0	0	0	0	0	1.215	0.316	0.4	0.236	0.471	0.089	0.272	-0.193	1.508	-0.187	-0.107	-0.222	-0.039	-0.124	2.38	"2"
"气泡"	0	0	1	0	0	0	0	0.405	0.105	0.133	0.079	0.157	0.03	0.091	-0.226	-0.048	0.875	-0.036	-0.074	-0.013	-0.041	1.313	"3"
"气象学"	0	0	0	1	0	0	0	0.405	0.105	0.133	0.079	0.157	0.03	0.091	-0.226	-0.048	-0.062	1.104	-0.074	-0.013	-0.041	1.568	"4"
"沙尘暴"	1	0	0	0	0	0	0	0.405	0.105	0.133	0.079	0.157	0.03	0.091	0.392	-0.048	-0.062	-0.036	-0.074	-0.013	-0.041	0.666	"1"
"沪台"	0	0	1	0	0	0	0	0.405	0.105	0.133	0.079	0.157	0.03	0.091	-0.226	-0.048	0.875	-0.036	-0.074	-0.013	-0.041	1.313	"3"
"油气"	0	0	0	1	0	0	0	0.405	0.105	0.133	0.079	0.157	0.03	0.091	-0.226	-0.048	-0.062	1.104	-0.074	-0.013	-0.041	1.568	"4"
"油菜"	0	0	0	0	1	0	0	0.405	0.105	0.133	0.079	0.157	0.03	0.091	-0.226	-0.048	-0.062	-0.036	0.804	-0.013	-0.041	1.23	"5"
"治乱"	0	0	1	0	0	0	0	0.405	0.105	0.133	0.079	0.157	0.03	0.091	-0.226	-0.048	0.875	-0.036	-0.074	-0.013	-0.041	1.313	"3"
"治疗"	0	0	0	0	1	0	0	0.405	0.105	0.133	0.079	0.157	0.03	0.091	-0.226	-0.048	-0.062	-0.036	0.804	-0.013	-0.041	1.23	"5"
"泌"	0	0	0	0	0	0	1	0.405	0.105	0.133	0.079	0.157	0.03	0.091	-0.226	-0.048	-0.062	-0.036	-0.074	-0.013	1.043	1.502	"7"
"波及到"	0	1	0	0	0	0	0	0.405	0.105	0.133	0.079	0.157	0.03	0.091	-0.226	0.977	-0.062	-0.036	-0.074	-0.013	-0.041	1.429	"2"
"注重"	0	0	1	0	0	0	0	0.405	0.105	0.133	0.079	0.157	0.03	0.091	-0.226	-0.048	0.875	-0.036	-0.074	-0.013	-0.041	1.313	"3"
"洲际"	0	0	1	0	0	0	0	0.405	0.105	0.133	0.079	0.157	0.03	0.091	-0.226	-0.048	0.875	-0.036	-0.074	-0.013	-0.041	1.313	"3"
"流"	1	0	0	0	0	0	0	0.405	0.105	0.133	0.079	0.157	0.03	0.091	0.392	-0.048	-0.062	-0.036	-0.074	-0.013	-0.041	0.666	"1"
"流行病"	0	0	0	0	0	0	1	0.405	0.105	0.133	0.079	0.157	0.03	0.091	-0.226	-0.048	-0.062	-0.036	-0.074	-0.013	1.043	1.502	"7"
"流通"	0	5	0	0	0	0	0	2.025	0.527	0.667	0.394	0.785	0.149	0.453	-1.128	4.884	-0.311	-0.178	-0.371	-0.066	-0.206	7.144	"2"
"测"	0	0	0	0	0	1	0	0.405	0.105	0.133	0.079	0.157	0.03	0.091	-0.226	-0.048	-0.062	-0.036	-0.074	1.527	-0.041	2.014	"6"
"测控"	0	0	0	0	0	0	1	0.405	0.105	0.133	0.079	0.157	0.03	0.091	-0.226	-0.048	-0.062	-0.036	-0.074	-0.013	1.043	1.502	"7"
"测验"	0	0	0	0	0	6	0	2.43	0.633	0.801	0.473	0.941	0.178	0.544	-1.353	-0.291	-0.373	-0.214	-0.445	9.162	-0.248	12.086	"6"
"海洋"	1	0	0	0	0	0	0	0.405	0.105	0.133	0.079	0.157	0.03	0.091	0.392	-0.048	-0.062	-0.036	-0.074	-0.013	-0.041	0.666	"1"
"浸淫"	0	0	0	0	0	0	1	0.405	0.105	0.133	0.079	0.157	0.03	0.091	-0.226	-0.048	-0.062	-0.036	-0.074	-0.013	1.043	1.502	"7"
"消费"	0	1	1	0	0	0	0	0.81	0.211	0.267	0.158	0.314	0.059	0.181	-0.451	0.699	0.604	-0.071	-0.148	-0.026	-0.083	2.082	"2"
"涉及"	0	0	2	2	0	0	0	1.62	0.422	0.534	0.315	0.628	0.119	0.363	-0.902	-0.194	1.052	1.476	-0.297	-0.052	-0.165	4.138	"4"
"涉足"	0	1	0	0	0	0	0	0.405	0.105	0.133	0.079	0.157	0.03	0.091	-0.226	0.977	-0.062	-0.036	-0.074	-0.013	-0.041	1.429	"2"
"淘汰"	0	0	0	0	1	0	0	0.405	0.105	0.133	0.079	0.157	0.03	0.091	-0.226	-0.048	-0.062	-0.036	0.804	-0.013	-0.041	1.23	"5"
"深入"	1	1	0	0	0	0	1	1.215	0.316	0.4	0.236	0.471	0.089	0.272	-0.193	0.546	-0.187	-0.107	-0.222	-0.039	0.606	1.9	"7"
"深入到"	0	0	1	0	0	0	0	0.405	0.105	0.133	0.079	0.157	0.03	0.091	-0.226	-0.048	0.875	-0.036	-0.074	-0.013	-0.041	1.313	"3"
"深化"	3	1	0	0	0	0	0	1.62	0.422	0.534	0.315	0.628	0.119	0.363	0.733	0.444	-0.249	-0.142	-0.297	-0.052	-0.165	2.082	"1"
"深度"	1	0	0	0	0	0	0	0.405	0.105	0.133	0.079	0.157	0.03	0.091	0.392	-0.048	-0.062	-0.036	-0.074	-0.013	-0.041	0.666	"1"
"渠道"	1	4	0	0	0	0	0	2.025	0.527	0.667	0.394	0.785	0.149	0.453	-0.484	3.246	-0.311	-0.178	-0.371	-0.066	-0.206	4.862	"2"
"源"	0	0	1	0	0	0	1	0.81	0.211	0.267	0.158	0.314	0.059	0.181	-0.451	-0.097	0.604	-0.071	-0.148	-0.026	0.762	2.159	"7"
"潜"	1	0	0	0	0	0	0	0.405	0.105	0.133	0.079	0.157	0.03	0.091	0.392	-0.048	-0.062	-0.036	-0.074	-0.013	-0.041	0.666	"1"
"灵活"	0	0	0	0	0	0	1	0.405	0.105	0.133	0.079	0.157	0.03	0.091	-0.226	-0.048	-0.062	-0.036	-0.074	-0.013	1.043	1.502	"7"
"煤钢"	0	0	1	0	0	0	0	0.405	0.105	0.133	0.079	0.157	0.03	0.091	-0.226	-0.048	0.875	-0.036	-0.074	-0.013	-0.041	1.313	"3"
"照明"	0	0	0	1	0	0	0	0.405	0.105	0.133	0.079	0.157	0.03	0.091	-0.226	-0.048	-0.062	1.104	-0.074	-0.013	-0.041	1.568	"4"
"照顾到"	0	1	0	0	0	0	0	0.405	0.105	0.133	0.079	0.157	0.03	0.091	-0.226	0.977	-0.062	-0.036	-0.074	-0.013	-0.041	1.429	"2"
"牧"	0	0	0	1	0	0	0	0.405	0.105	0.133	0.079	0.157	0.03	0.091	-0.226	-0.048	-0.062	1.104	-0.074	-0.013	-0.041	1.568	"4"
"物理"	0	0	0	0	1	0	2	1.215	0.316	0.4	0.236	0.471	0.089	0.272	-0.677	-0.145	-0.187	-0.107	0.397	-0.039	1.635	3.187	"7"
"特别"	4	0	1	0	2	0	1	3.24	0.844	1.067	0.63	1.255	0.238	0.725	0.379	-0.387	-0.149	-0.285	0.438	-0.105	0.274	2.017	"5"
"特别科"	0	0	0	0	1	0	0	0.405	0.105	0.133	0.079	0.157	0.03	0.091	-0.226	-0.048	-0.062	-0.036	0.804	-0.013	-0.041	1.23	"5"
"特权"	0	0	1	0	0	0	0	0.405	0.105	0.133	0.079	0.157	0.03	0.091	-0.226	-0.048	0.875	-0.036	-0.074	-0.013	-0.041	1.313	"3"
"特殊"	0	0	0	0	0	1	0	0.405	0.105	0.133	0.079	0.157	0.03	0.091	-0.226	-0.048	-0.062	-0.036	-0.074	1.527	-0.041	2.014	"6"
"特色"	0	0	0	0	0	0	1	0.405	0.105	0.133	0.079	0.157	0.03	0.091	-0.226	-0.048	-0.062	-0.036	-0.074	-0.013	1.043	1.502	"7"
"特许"	0	0	2	0	0	0	0	0.81	0.211	0.267	0.158	0.314	0.059	0.181	-0.451	-0.097	1.749	-0.071	-0.148	-0.026	-0.083	2.625	"3"
"犯罪"	1	1	0	0	0	0	0	0.81	0.211	0.267	0.158	0.314	0.059	0.181	0.19	0.699	-0.124	-0.071	-0.148	-0.026	-0.083	1.341	"2"
"猖獗"	0	1	0	0	0	0	0	0.405	0.105	0.133	0.079	0.157	0.03	0.091	-0.226	0.977	-0.062	-0.036	-0.074	-0.013	-0.041	1.429	"2"
"王英凡"	0	0	1	0	0	0	0	0.405	0.105	0.133	0.079	0.157	0.03	0.091	-0.226	-0.048	0.875	-0.036	-0.074	-0.013	-0.041	1.313	"3"
"环保"	1	0	1	1	0	0	0	1.215	0.316	0.4	0.236	0.471	0.089	0.272	-0.193	-0.145	0.457	0.661	-0.222	-0.039	-0.124	1.841	"4"
"现今"	0	0	1	0	1	0	0	0.81	0.211	0.267	0.158	0.314	0.059	0.181	-0.451	-0.097	0.604	-0.071	0.539	-0.026	-0.083	1.871	"3"
"现实"	0	0	0	1	0	0	0	0.405	0.105	0.133	0.079	0.157	0.03	0.091	-0.226	-0.048	-0.062	1.104	-0.074	-0.013	-0.041	1.568	"4"
"珠联璧合"	0	0	0	0	0	0	1	0.405	0.105	0.133	0.079	0.157	0.03	0.091	-0.226	-0.048	-0.062	-0.036	-0.074	-0.013	1.043	1.502	"7"
"理工"	0	0	0	0	0	0	1	0.405	0.105	0.133	0.079	0.157	0.03	0.091	-0.226	-0.048	-0.062	-0.036	-0.074	-0.013	1.043	1.502	"7"
"理论"	0	0	0	0	0	0	2	0.81	0.211	0.267	0.158	0.314	0.059	0.181	-0.451	-0.097	-0.124	-0.071	-0.148	-0.026	2.085	3.002	"7"
"甄选"	0	0	0	0	0	3	0	1.215	0.316	0.4	0.236	0.471	0.089	0.272	-0.677	-0.145	-0.187	-0.107	-0.222	4.581	-0.124	6.043	"6"
"甚多"	0	1	0	0	0	0	0	0.405	0.105	0.133	0.079	0.157	0.03	0.091	-0.226	0.977	-0.062	-0.036	-0.074	-0.013	-0.041	1.429	"2"
"生产"	0	4	0	0	4	0	0	3.24	0.844	1.067	0.63	1.255	0.238	0.725	-1.804	2.214	-0.498	-0.285	1.603	-0.105	-0.33	6.839	"2"
"生命"	0	0	0	0	0	0	8	3.24	0.844	1.067	0.63	1.255	0.238	0.725	-1.804	-0.387	-0.498	-0.285	-0.593	-0.105	8.341	12.013	"7"
"生技"	0	0	0	0	1	0	0	0.405	0.105	0.133	0.079	0.157	0.03	0.091	-0.226	-0.048	-0.062	-0.036	0.804	-0.013	-0.041	1.23	"5"
"生源"	0	0	0	0	0	0	1	0.405	0.105	0.133	0.079	0.157	0.03	0.091	-0.226	-0.048	-0.062	-0.036	-0.074	-0.013	1.043	1.502	"7"
"生物"	2	0	0	0	1	0	2	2.025	0.527	0.667	0.394	0.785	0.149	0.453	-0.171	-0.242	-0.311	-0.178	0.241	-0.066	1.166	2.375	"7"
"生物工"	0	0	0	1	0	0	0	0.405	0.105	0.133	0.079	0.157	0.03	0.091	-0.226	-0.048	-0.062	1.104	-0.074	-0.013	-0.041	1.568	"4"
"生物技术"	0	0	0	0	1	0	0	0.405	0.105	0.133	0.079	0.157	0.03	0.091	-0.226	-0.048	-0.062	-0.036	0.804	-0.013	-0.041	1.23	"5"
"申请"	0	1	0	0	0	0	0	0.405	0.105	0.133	0.079	0.157	0.03	0.091	-0.226	0.977	-0.062	-0.036	-0.074	-0.013	-0.041	1.429	"2"
"电信"	2	0	0	0	0	0	0	0.81	0.211	0.267	0.158	0.314	0.059	0.181	0.785	-0.097	-0.124	-0.071	-0.148	-0.026	-0.083	1.334	"1"
"电器"	0	0	0	0	1	0	0	0.405	0.105	0.133	0.079	0.157	0.03	0.091	-0.226	-0.048	-0.062	-0.036	0.804	-0.013	-0.041	1.23	"5"
"电子"	1	0	0	1	3	0	0	2.025	0.527	0.667	0.394	0.785	0.149	0.453	-0.484	-0.242	-0.311	0.473	1.521	-0.066	-0.206	3.303	"5"
"电子商务"	0	1	0	0	0	0	0	0.405	0.105	0.133	0.079	0.157	0.03	0.091	-0.226	0.977	-0.062	-0.036	-0.074	-0.013	-0.041	1.429	"2"
"电子学"	0	1	0	0	0	0	0	0.405	0.105	0.133	0.079	0.157	0.03	0.091	-0.226	0.977	-0.062	-0.036	-0.074	-0.013	-0.041	1.429	"2"
"登记"	0	0	0	0	0	1	0	0.405	0.105	0.133	0.079	0.157	0.03	0.091	-0.226	-0.048	-0.062	-0.036	-0.074	1.527	-0.041	2.014	"6"
"益"	1	0	0	0	0	0	0	0.405	0.105	0.133	0.079	0.157	0.03	0.091	0.392	-0.048	-0.062	-0.036	-0.074	-0.013	-0.041	0.666	"1"
"相互"	2	0	0	0	0	0	0	0.81	0.211	0.267	0.158	0.314	0.059	0.181	0.785	-0.097	-0.124	-0.071	-0.148	-0.026	-0.083	1.334	"1"
"相交"	0	0	1	0	0	0	0	0.405	0.105	0.133	0.079	0.157	0.03	0.091	-0.226	-0.048	0.875	-0.036	-0.074	-0.013	-0.041	1.313	"3"
"相关"	1	0	1	0	2	0	2	2.43	0.633	0.801	0.473	0.941	0.178	0.544	-0.647	-0.291	0.239	-0.214	0.62	-0.079	1.016	3.106	"7"
"相投"	0	0	0	1	0	0	0	0.405	0.105	0.133	0.079	0.157	0.03	0.091	-0.226	-0.048	-0.062	1.104	-0.074	-0.013	-0.041	1.568	"4"
"省级"	0	0	0	0	0	0	1	0.405	0.105	0.133	0.079	0.157	0.03	0.091	-0.226	-0.048	-0.062	-0.036	-0.074	-0.013	1.043	1.502	"7"
"着手"	0	0	0	0	1	0	0	0.405	0.105	0.133	0.079	0.157	0.03	0.091	-0.226	-0.048	-0.062	-0.036	0.804	-0.013	-0.041	1.23	"5"
"瞄准"	0	0	0	0	0	0	1	0.405	0.105	0.133	0.079	0.157	0.03	0.091	-0.226	-0.048	-0.062	-0.036	-0.074	-0.013	1.043	1.502	"7"
"知识"	0	1	1	0	0	0	7	3.645	0.949	1.201	0.709	1.412	0.267	0.816	-2.03	0.198	-0.182	-0.321	-0.667	-0.118	5.814	9.33	"7"
"知识产权"	1	1	0	0	0	0	0	0.81	0.211	0.267	0.158	0.314	0.059	0.181	0.19	0.699	-0.124	-0.071	-0.148	-0.026	-0.083	1.341	"2"
"知识型"	0	0	1	0	0	0	0	0.405	0.105	0.133	0.079	0.157	0.03	0.091	-0.226	-0.048	0.875	-0.036	-0.074	-0.013	-0.041	1.313	"3"
"石油"	3	0	5	2	1	0	0	4.456	1.16	1.468	0.866	1.726	0.327	0.997	-0.546	-0.533	2.013	0.672	-0.331	-0.144	-0.454	4.693	"3"
"矿业"	0	2	0	0	0	0	0	0.81	0.211	0.267	0.158	0.314	0.059	0.181	-0.451	1.954	-0.124	-0.071	-0.148	-0.026	-0.083	2.857	"2"
"研"	1	1	0	0	2	0	0	1.62	0.422	0.534	0.315	0.628	0.119	0.363	-0.331	0.444	-0.249	-0.142	0.926	-0.052	-0.165	2.309	"5"
"研发"	0	0	3	1	4	0	0	3.24	0.844	1.067	0.63	1.255	0.238	0.725	-1.804	-0.387	1.101	0.318	1.603	-0.105	-0.33	5.648	"1"
"研究"	3	0	0	1	11	0	14	11.747	3.059	3.87	2.284	4.55	0.862	2.629	-3.406	-1.404	-1.804	-0.492	2.508	-0.38	7.282	17.276	"7"
"研究所"	0	0	0	0	0	0	1	0.405	0.105	0.133	0.079	0.157	0.03	0.091	-0.226	-0.048	-0.062	-0.036	-0.074	-0.013	1.043	1.502	"7"
"硕士班"	0	0	1	0	0	0	0	0.405	0.105	0.133	0.079	0.157	0.03	0.091	-0.226	-0.048	0.875	-0.036	-0.074	-0.013	-0.041	1.313	"3"
"磋商"	1	0	0	0	0	0	0	0.405	0.105	0.133	0.079	0.157	0.03	0.091	0.392	-0.048	-0.062	-0.036	-0.074	-0.013	-0.041	0.666	"1"
"社会"	3	1	4	4	2	0	0	5.671	1.477	1.868	1.103	2.197	0.416	1.269	-0.933	-0.254	0.976	1.693	-0.208	-0.183	-0.578	4.825	"4"
"社会人文"	0	0	0	0	0	0	1	0.405	0.105	0.133	0.079	0.157	0.03	0.091	-0.226	-0.048	-0.062	-0.036	-0.074	-0.013	1.043	1.502	"7"
"社会学"	0	0	0	0	0	0	1	0.405	0.105	0.133	0.079	0.157	0.03	0.091	-0.226	-0.048	-0.062	-0.036	-0.074	-0.013	1.043	1.502	"7"
"社会科"	0	0	0	0	1	0	0	0.405	0.105	0.133	0.079	0.157	0.03	0.091	-0.226	-0.048	-0.062	-0.036	0.804	-0.013	-0.041	1.23	"5"
"禁毒"	2	0	0	0	0	0	0	0.81	0.211	0.267	0.158	0.314	0.059	0.181	0.785	-0.097	-0.124	-0.071	-0.148	-0.026	-0.083	1.334	"1"
"私人"	0	0	0	0	1	0	0	0.405	0.105	0.133	0.079	0.157	0.03	0.091	-0.226	-0.048	-0.062	-0.036	0.804	-0.013	-0.041	1.23	"5"
"私营"	2	0	0	1	0	0	0	1.215	0.316	0.4	0.236	0.471	0.089	0.272	0.445	-0.145	-0.187	0.661	-0.222	-0.039	-0.124	1.823	"4"
"科学"	6	0	0	4	1	0	14	10.126	2.637	3.336	1.969	3.923	0.743	2.266	-1.176	-1.21	-1.555	0.888	-1.101	-0.328	8.37	14.628	"7"
"科学性"	0	0	1	0	0	0	0	0.405	0.105	0.133	0.079	0.157	0.03	0.091	-0.226	-0.048	0.875	-0.036	-0.074	-0.013	-0.041	1.313	"3"
"科技"	15	0	3	0	10	0	3	12.557	3.27	4.136	2.441	4.864	0.921	2.81	0.625	-1.501	-0.407	-1.104	1.776	-0.406	0.266	6.085	"5"
"科教"	0	0	0	1	0	0	0	0.405	0.105	0.133	0.079	0.157	0.03	0.091	-0.226	-0.048	-0.062	1.104	-0.074	-0.013	-0.041	1.568	"4"
"科研"	0	0	0	0	7	0	1	3.24	0.844	1.067	0.63	1.255	0.238	0.725	-1.804	-0.387	-0.498	-0.285	4.792	-0.105	0.274	8.145	"5"
"科系"	0	0	0	0	0	1	0	0.405	0.105	0.133	0.079	0.157	0.03	0.091	-0.226	-0.048	-0.062	-0.036	-0.074	1.527	-0.041	2.014	"6"
"积极"	4	1	1	1	1	0	0	3.24	0.844	1.067	0.63	1.255	0.238	0.725	0.379	0.229	-0.149	0.318	-0.197	-0.105	-0.33	1.707	"1"
"积累"	0	0	1	0	0	0	0	0.405	0.105	0.133	0.079	0.157	0.03	0.091	-0.226	-0.048	0.875	-0.036	-0.074	-0.013	-0.041	1.313	"3"
"移动"	0	0	0	1	0	0	0	0.405	0.105	0.133	0.079	0.157	0.03	0.091	-0.226	-0.048	-0.062	1.104	-0.074	-0.013	-0.041	1.568	"4"
"移动通信"	0	0	0	0	1	0	0	0.405	0.105	0.133	0.079	0.157	0.03	0.091	-0.226	-0.048	-0.062	-0.036	0.804	-0.013	-0.041	1.23	"5"
"移植"	0	0	0	0	1	0	0	0.405	0.105	0.133	0.079	0.157	0.03	0.091	-0.226	-0.048	-0.062	-0.036	0.804	-0.013	-0.041	1.23	"5"
"程"	0	0	0	0	0	0	1	0.405	0.105	0.133	0.079	0.157	0.03	0.091	-0.226	-0.048	-0.062	-0.036	-0.074	-0.013	1.043	1.502	"7"
"究"	0	1	0	0	1	0	0	0.81	0.211	0.267	0.158	0.314	0.059	0.181	-0.451	0.699	-0.124	-0.071	0.539	-0.026	-0.083	1.993	"2"
"空间"	0	0	0	1	3	0	0	1.62	0.422	0.534	0.315	0.628	0.119	0.363	-0.902	-0.194	-0.249	0.553	1.865	-0.052	-0.165	3.98	"5"
"空间科"	0	0	0	0	1	0	0	0.405	0.105	0.133	0.079	0.157	0.03	0.091	-0.226	-0.048	-0.062	-0.036	0.804	-0.013	-0.041	1.23	"5"
"突出"	0	0	1	0	1	0	0	0.81	0.211	0.267	0.158	0.314	0.059	0.181	-0.451	-0.097	0.604	-0.071	0.539	-0.026	-0.083	1.871	"3"
"突破"	0	0	0	0	3	0	0	1.215	0.316	0.4	0.236	0.471	0.089	0.272	-0.677	-0.145	-0.187	-0.107	2.413	-0.039	-0.124	3.692	"5"
"突破性"	0	0	0	0	1	0	0	0.405	0.105	0.133	0.079	0.157	0.03	0.091	-0.226	-0.048	-0.062	-0.036	0.804	-0.013	-0.041	1.23	"5"
"竞争"	0	2	0	2	0	0	0	1.62	0.422	0.534	0.315	0.628	0.119	0.363	-0.902	1.238	-0.249	1.476	-0.297	-0.052	-0.165	4.379	"4"
"竞争性"	0	1	0	0	0	0	0	0.405	0.105	0.133	0.079	0.157	0.03	0.091	-0.226	0.977	-0.062	-0.036	-0.074	-0.013	-0.041	1.429	"2"
"端倪"	0	0	0	0	1	0	0	0.405	0.105	0.133	0.079	0.157	0.03	0.091	-0.226	-0.048	-0.062	-0.036	0.804	-0.013	-0.041	1.23	"5"
"第二"	0	0	0	0	0	1	0	0.405	0.105	0.133	0.079	0.157	0.03	0.091	-0.226	-0.048	-0.062	-0.036	-0.074	1.527	-0.041	2.014	"6"
"等"	44	4	1	42	14	0	4	44.151	11.499	14.544	8.584	17.103	3.239	9.88	-0.276	-2.097	-5.53	18.232	-0.599	-1.428	-1.58	29.742	"4"
"等于"	0	0	0	0	0	1	0	0.405	0.105	0.133	0.079	0.157	0.03	0.091	-0.226	-0.048	-0.062	-0.036	-0.074	1.527	-0.041	2.014	"6"
"管理"	0	0	0	2	0	0	0	0.81	0.211	0.267	0.158	0.314	0.059	0.181	-0.451	-0.097	-0.124	2.207	-0.148	-0.026	-0.083	3.136	"4"
"篇章"	1	0	0	1	0	0	0	0.81	0.211	0.267	0.158	0.314	0.059	0.181	0.19	-0.097	-0.124	0.82	-0.148	-0.026	-0.083	1.488	"4"
"粤港"	1	0	0	0	0	0	0	0.405	0.105	0.133	0.079	0.157	0.03	0.091	0.392	-0.048	-0.062	-0.036	-0.074	-0.013	-0.041	0.666	"1"
"系"	1	0	0	0	0	0	0	0.405	0.105	0.133	0.079	0.157	0.03	0.091	0.392	-0.048	-0.062	-0.036	-0.074	-0.013	-0.041	0.666	"1"
"紧密"	1	0	0	0	0	0	0	0.405	0.105	0.133	0.079	0.157	0.03	0.091	0.392	-0.048	-0.062	-0.036	-0.074	-0.013	-0.041	0.666	"1"
"纳米"	0	0	0	0	0	0	2	0.81	0.211	0.267	0.158	0.314	0.059	0.181	-0.451	-0.097	-0.124	-0.071	-0.148	-0.026	2.085	3.002	"7"
"纸笔"	0	0	0	0	0	1	0	0.405	0.105	0.133	0.079	0.157	0.03	0.091	-0.226	-0.048	-0.062	-0.036	-0.074	1.527	-0.041	2.014	"6"
"纺织"	0	2	0	0	0	0	0	0.81	0.211	0.267	0.158	0.314	0.059	0.181	-0.451	1.954	-0.124	-0.071	-0.148	-0.026	-0.083	2.857	"2"
"练习"	0	0	0	0	0	1	0	0.405	0.105	0.133	0.079	0.157	0.03	0.091	-0.226	-0.048	-0.062	-0.036	-0.074	1.527	-0.041	2.014	"6"
"组"	0	0	0	0	0	0	1	0.405	0.105	0.133	0.079	0.157	0.03	0.091	-0.226	-0.048	-0.062	-0.036	-0.074	-0.013	1.043	1.502	"7"
"组长"	0	0	0	0	0	0	1	0.405	0.105	0.133	0.079	0.157	0.03	0.091	-0.226	-0.048	-0.062	-0.036	-0.074	-0.013	1.043	1.502	"7"
"经济"	25	4	19	10	3	0	0	24.708	6.435	8.139	4.804	9.571	1.813	5.529	0.285	-0.666	3.596	1.695	-2.033	-0.799	-2.517	11.591	"3"
"经济学"	0	0	0	0	1	0	0	0.405	0.105	0.133	0.079	0.157	0.03	0.091	-0.226	-0.048	-0.062	-0.036	0.804	-0.013	-0.041	1.23	"5"
"经贸"	17	1	0	0	0	0	0	7.291	1.899	2.402	1.418	2.824	0.535	1.632	5.626	-0.377	-1.12	-0.641	-1.334	-0.236	-0.743	10.077	"1"
"结构性"	0	0	0	0	1	0	0	0.405	0.105	0.133	0.079	0.157	0.03	0.091	-0.226	-0.048	-0.062	-0.036	0.804	-0.013	-0.041	1.23	"5"
"绝大多数"	0	2	0	0	0	0	0	0.81	0.211	0.267	0.158	0.314	0.059	0.181	-0.451	1.954	-0.124	-0.071	-0.148	-0.026	-0.083	2.857	"2"
"绝对"	0	0	0	0	0	0	1	0.405	0.105	0.133	0.079	0.157	0.03	0.091	-0.226	-0.048	-0.062	-0.036	-0.074	-0.013	1.043	1.502	"7"
"统战"	0	1	0	0	0	0	0	0.405	0.105	0.133	0.079	0.157	0.03	0.091	-0.226	0.977	-0.062	-0.036	-0.074	-0.013	-0.041	1.429	"2"
"综合性"	0	0	0	0	0	0	1	0.405	0.105	0.133	0.079	0.157	0.03	0.091	-0.226	-0.048	-0.062	-0.036	-0.074	-0.013	1.043	1.502	"7"
"编制"	0	0	1	0	0	0	0	0.405	0.105	0.133	0.079	0.157	0.03	0.091	-0.226	-0.048	0.875	-0.036	-0.074	-0.013	-0.041	1.313	"3"
"缺少"	0	0	0	0	1	0	0	0.405	0.105	0.133	0.079	0.157	0.03	0.091	-0.226	-0.048	-0.062	-0.036	0.804	-0.013	-0.041	1.23	"5"
"网站"	0	0	0	0	2	0	0	0.81	0.211	0.267	0.158	0.314	0.059	0.181	-0.451	-0.097	-0.124	-0.071	1.609	-0.026	-0.083	2.461	"5"
"老师"	0	0	0	0	0	0	1	0.405	0.105	0.133	0.079	0.157	0.03	0.091	-0.226	-0.048	-0.062	-0.036	-0.074	-0.013	1.043	1.502	"7"
"考生"	0	0	0	0	0	1	0	0.405	0.105	0.133	0.079	0.157	0.03	0.091	-0.226	-0.048	-0.062	-0.036	-0.074	1.527	-0.041	2.014	"6"
"育"	2	0	0	1	0	0	0	1.215	0.316	0.4	0.236	0.471	0.089	0.272	0.445	-0.145	-0.187	0.661	-0.222	-0.039	-0.124	1.823	"4"
"育种"	0	0	0	0	1	0	0	0.405	0.105	0.133	0.079	0.157	0.03	0.091	-0.226	-0.048	-0.062	-0.036	0.804	-0.013	-0.041	1.23	"5"
"背景"	0	0	0	0	0	0	1	0.405	0.105	0.133	0.079	0.157	0.03	0.091	-0.226	-0.048	-0.062	-0.036	-0.074	-0.013	1.043	1.502	"7"
"能力"	0	0	0	0	0	2	0	0.81	0.211	0.267	0.158	0.314	0.059	0.181	-0.451	-0.097	-0.124	-0.071	-0.148	3.054	-0.083	4.028	"6"
"能源"	8	1	0	0	0	0	0	3.645	0.949	1.201	0.709	1.412	0.267	0.816	2.38	0.198	-0.56	-0.321	-0.667	-0.118	-0.371	4.615	"1"
"自主"	0	0	0	0	1	0	0	0.405	0.105	0.133	0.079	0.157	0.03	0.091	-0.226	-0.048	-0.062	-0.036	0.804	-0.013	-0.041	1.23	"5"
"自动化"	0	1	0	0	0	0	0	0.405	0.105	0.133	0.079	0.157	0.03	0.091	-0.226	0.977	-0.062	-0.036	-0.074	-0.013	-0.041	1.429	"2"
"自然科学"	0	0	1	0	0	0	0	0.405	0.105	0.133	0.079	0.157	0.03	0.091	-0.226	-0.048	0.875	-0.036	-0.074	-0.013	-0.041	1.313	"3"
"舖设"	0	1	0	0	0	0	0	0.405	0.105	0.133	0.079	0.157	0.03	0.091	-0.226	0.977	-0.062	-0.036	-0.074	-0.013	-0.041	1.429	"2"
"航天"	0	0	0	0	1	0	0	0.405	0.105	0.133	0.079	0.157	0.03	0.091	-0.226	-0.048	-0.062	-0.036	0.804	-0.013	-0.041	1.23	"5"
"良好"	2	0	1	0	0	0	0	1.215	0.316	0.4	0.236	0.471	0.089	0.272	0.445	-0.145	0.457	-0.107	-0.222	-0.039	-0.124	1.539	"3"
"艺术"	1	0	1	0	0	0	0	0.81	0.211	0.267	0.158	0.314	0.059	0.181	0.19	-0.097	0.604	-0.071	-0.148	-0.026	-0.083	1.219	"3"
"艺能科"	0	0	0	0	0	1	0	0.405	0.105	0.133	0.079	0.157	0.03	0.091	-0.226	-0.048	-0.062	-0.036	-0.074	1.527	-0.041	2.014	"6"
"苏门答腊"	0	0	1	0	0	0	0	0.405	0.105	0.133	0.079	0.157	0.03	0.091	-0.226	-0.048	0.875	-0.036	-0.074	-0.013	-0.041	1.313	"3"
"若干"	1	0	0	0	2	0	0	1.215	0.316	0.4	0.236	0.471	0.089	0.272	-0.193	-0.145	-0.187	-0.107	1.18	-0.039	-0.124	1.975	"5"
"苦乐"	0	0	0	0	0	0	1	0.405	0.105	0.133	0.079	0.157	0.03	0.091	-0.226	-0.048	-0.062	-0.036	-0.074	-0.013	1.043	1.502	"7"
"荒漠"	1	0	0	0	0	0	0	0.405	0.105	0.133	0.079	0.157	0.03	0.091	0.392	-0.048	-0.062	-0.036	-0.074	-0.013	-0.041	0.666	"1"
"荒漠化"	2	0	0	0	0	0	0	0.81	0.211	0.267	0.158	0.314	0.059	0.181	0.785	-0.097	-0.124	-0.071	-0.148	-0.026	-0.083	1.334	"1"
"药剂业"	0	0	0	0	1	0	0	0.405	0.105	0.133	0.079	0.157	0.03	0.091	-0.226	-0.048	-0.062	-0.036	0.804	-0.013	-0.041	1.23	"5"
"药检"	0	1	0	0	0	0	0	0.405	0.105	0.133	0.079	0.157	0.03	0.091	-0.226	0.977	-0.062	-0.036	-0.074	-0.013	-0.041	1.429	"2"
"虚拟"	0	0	0	0	0	0	1	0.405	0.105	0.133	0.079	0.157	0.03	0.091	-0.226	-0.048	-0.062	-0.036	-0.074	-0.013	1.043	1.502	"7"
"融"	0	0	0	1	0	0	0	0.405	0.105	0.133	0.079	0.157	0.03	0.091	-0.226	-0.048	-0.062	1.104	-0.074	-0.013	-0.041	1.568	"4"
"融入"	0	0	0	0	0	0	1	0.405	0.105	0.133	0.079	0.157	0.03	0.091	-0.226	-0.048	-0.062	-0.036	-0.074	-0.013	1.043	1.502	"7"
"行业"	0	3	1	0	0	0	0	1.62	0.422	0.534	0.315	0.628	0.119	0.363	-0.902	2.364	0.36	-0.142	-0.297	-0.052	-0.165	4.282	"2"
"行销"	0	0	1	0	0	0	0	0.405	0.105	0.133	0.079	0.157	0.03	0.091	-0.226	-0.048	0.875	-0.036	-0.074	-0.013	-0.041	1.313	"3"
"衍生"	1	0	0	0	0	0	0	0.405	0.105	0.133	0.079	0.157	0.03	0.091	0.392	-0.048	-0.062	-0.036	-0.074	-0.013	-0.041	0.666	"1"
"补习"	0	0	0	0	0	1	0	0.405	0.105	0.133	0.079	0.157	0.03	0.091	-0.226	-0.048	-0.062	-0.036	-0.074	1.527	-0.041	2.014	"6"
"表决制"	0	0	1	0	0	0	0	0.405	0.105	0.133	0.079	0.157	0.03	0.091	-0.226	-0.048	0.875	-0.036	-0.074	-0.013	-0.041	1.313	"3"
"表现"	0	1	3	1	0	2	0	2.835	0.738	0.934	0.551	1.098	0.208	0.634	-1.579	0.266	1.261	0.36	-0.519	1.775	-0.289	6.049	"6"
"见底"	0	1	0	0	0	0	0	0.405	0.105	0.133	0.079	0.157	0.03	0.091	-0.226	0.977	-0.062	-0.036	-0.074	-0.013	-0.041	1.429	"2"
"规划"	0	0	0	0	0	0	1	0.405	0.105	0.133	0.079	0.157	0.03	0.091	-0.226	-0.048	-0.062	-0.036	-0.074	-0.013	1.043	1.502	"7"
"计分"	0	0	0	0	0	1	0	0.405	0.105	0.133	0.079	0.157	0.03	0.091	-0.226	-0.048	-0.062	-0.036	-0.074	1.527	-0.041	2.014	"6"
"计算机"	0	0	0	1	2	0	0	1.215	0.316	0.4	0.236	0.471	0.089	0.272	-0.677	-0.145	-0.187	0.661	1.18	-0.039	-0.124	3.013	"5"
"讲演"	0	0	1	0	0	0	0	0.405	0.105	0.133	0.079	0.157	0.03	0.091	-0.226	-0.048	0.875	-0.036	-0.074	-0.013	-0.041	1.313	"3"
"许多"	3	0	7	0	1	0	0	4.456	1.16	1.468	0.866	1.726	0.327	0.997	-0.546	-0.533	3.82	-0.392	-0.331	-0.144	-0.454	6.22	"3"
"设"	0	0	1	0	0	0	0	0.405	0.105	0.133	0.079	0.157	0.03	0.091	-0.226	-0.048	0.875	-0.036	-0.074	-0.013	-0.041	1.313	"3"
"设定"	0	1	0	0	0	0	0	0.405	0.105	0.133	0.079	0.157	0.03	0.091	-0.226	0.977	-0.062	-0.036	-0.074	-0.013	-0.041	1.429	"2"
"设施"	3	0	1	2	0	0	0	2.43	0.633	0.801	0.473	0.941	0.178	0.544	0.331	-0.291	0.239	1.124	-0.445	-0.079	-0.248	2.757	"4"
"设置"	0	0	1	0	0	0	0	0.405	0.105	0.133	0.079	0.157	0.03	0.091	-0.226	-0.048	0.875	-0.036	-0.074	-0.013	-0.041	1.313	"3"
"评议"	0	0	0	0	0	0	1	0.405	0.105	0.133	0.079	0.157	0.03	0.091	-0.226	-0.048	-0.062	-0.036	-0.074	-0.013	1.043	1.502	"7"
"评选"	0	0	0	0	0	1	0	0.405	0.105	0.133	0.079	0.157	0.03	0.091	-0.226	-0.048	-0.062	-0.036	-0.074	1.527	-0.041	2.014	"6"
"诊断"	0	0	0	1	0	0	0	0.405	0.105	0.133	0.079	0.157	0.03	0.091	-0.226	-0.048	-0.062	1.104	-0.074	-0.013	-0.041	1.568	"4"
"诸多"	1	0	1	0	0	0	0	0.81	0.211	0.267	0.158	0.314	0.059	0.181	0.19	-0.097	0.604	-0.071	-0.148	-0.026	-0.083	1.219	"3"
"课"	0	0	0	0	0	1	0	0.405	0.105	0.133	0.079	0.157	0.03	0.091	-0.226	-0.048	-0.062	-0.036	-0.074	1.527	-0.041	2.014	"6"
"课程"	1	0	0	0	0	1	1	1.215	0.316	0.4	0.236	0.471	0.089	0.272	-0.193	-0.145	-0.187	-0.107	-0.222	1.063	0.606	2.523	"6"
"课题"	0	0	0	0	1	0	0	0.405	0.105	0.133	0.079	0.157	0.03	0.091	-0.226	-0.048	-0.062	-0.036	0.804	-0.013	-0.041	1.23	"5"
"调整"	0	0	0	0	1	0	0	0.405	0.105	0.133	0.079	0.157	0.03	0.091	-0.226	-0.048	-0.062	-0.036	0.804	-0.013	-0.041	1.23	"5"
"谋取"	0	0	1	0	0	0	0	0.405	0.105	0.133	0.079	0.157	0.03	0.091	-0.226	-0.048	0.875	-0.036	-0.074	-0.013	-0.041	1.313	"3"
"贡献"	0	0	0	0	2	0	0	0.81	0.211	0.267	0.158	0.314	0.059	0.181	-0.451	-0.097	-0.124	-0.071	1.609	-0.026	-0.083	2.461	"5"
"财经"	0	1	0	0	0	0	0	0.405	0.105	0.133	0.079	0.157	0.03	0.091	-0.226	0.977	-0.062	-0.036	-0.074	-0.013	-0.041	1.429	"2"
"质量"	0	0	0	2	0	0	0	0.81	0.211	0.267	0.158	0.314	0.059	0.181	-0.451	-0.097	-0.124	2.207	-0.148	-0.026	-0.083	3.136	"4"
"贷"	0	0	1	0	0	0	0	0.405	0.105	0.133	0.079	0.157	0.03	0.091	-0.226	-0.048	0.875	-0.036	-0.074	-0.013	-0.041	1.313	"3"
"贸"	2	0	0	0	0	0	0	0.81	0.211	0.267	0.158	0.314	0.059	0.181	0.785	-0.097	-0.124	-0.071	-0.148	-0.026	-0.083	1.334	"1"
"贸易"	8	4	0	2	2	0	0	6.481	1.688	2.135	1.26	2.511	0.475	1.45	0.525	1.096	-0.995	0.44	-0.276	-0.21	-0.66	4.202	"2"
"资"	0	1	0	1	0	0	0	0.81	0.211	0.267	0.158	0.314	0.059	0.181	-0.451	0.699	-0.124	0.82	-0.148	-0.026	-0.083	2.351	"4"
"资本"	0	1	1	0	0	0	0	0.81	0.211	0.267	0.158	0.314	0.059	0.181	-0.451	0.699	0.604	-0.071	-0.148	-0.026	-0.083	2.082	"2"
"资源"	1	0	0	2	6	0	0	3.645	0.949	1.201	0.709	1.412	0.267	0.816	-1.177	-0.436	-0.56	0.812	3.089	-0.118	-0.371	6.563	"5"
"资讯"	2	0	1	0	4	0	0	2.835	0.738	0.934	0.551	1.098	0.208	0.634	-0.388	-0.339	0.199	-0.249	1.847	-0.092	-0.289	3.403	"5"
"资讯科"	0	0	0	0	1	0	0	0.405	0.105	0.133	0.079	0.157	0.03	0.091	-0.226	-0.048	-0.062	-0.036	0.804	-0.013	-0.041	1.23	"5"
"赋予"	0	0	0	0	0	0	1	0.405	0.105	0.133	0.079	0.157	0.03	0.091	-0.226	-0.048	-0.062	-0.036	-0.074	-0.013	1.043	1.502	"7"
"起步"	0	0	1	0	0	0	0	0.405	0.105	0.133	0.079	0.157	0.03	0.091	-0.226	-0.048	0.875	-0.036	-0.074	-0.013	-0.041	1.313	"3"
"超越"	0	0	1	0	0	0	0	0.405	0.105	0.133	0.079	0.157	0.03	0.091	-0.226	-0.048	0.875	-0.036	-0.074	-0.013	-0.041	1.313	"3"
"跨"	2	2	0	0	0	0	0	1.62	0.422	0.534	0.315	0.628	0.119	0.363	0.273	1.238	-0.249	-0.142	-0.297	-0.052	-0.165	2.416	"2"
"跨入"	0	2	0	0	1	0	0	1.215	0.316	0.4	0.236	0.471	0.089	0.272	-0.677	1.508	-0.187	-0.107	0.397	-0.039	-0.124	3.039	"2"
"跨国"	2	0	0	0	0	0	0	0.81	0.211	0.267	0.158	0.314	0.059	0.181	0.785	-0.097	-0.124	-0.071	-0.148	-0.026	-0.083	1.334	"1"
"跨界水"	1	0	0	0	0	0	0	0.405	0.105	0.133	0.079	0.157	0.03	0.091	0.392	-0.048	-0.062	-0.036	-0.074	-0.013	-0.041	0.666	"1"
"跳跃式"	0	0	1	0	0	0	0	0.405	0.105	0.133	0.079	0.157	0.03	0.091	-0.226	-0.048	0.875	-0.036	-0.074	-0.013	-0.041	1.313	"3"
"转型"	0	1	0	0	0	0	0	0.405	0.105	0.133	0.079	0.157	0.03	0.091	-0.226	0.977	-0.062	-0.036	-0.074	-0.013	-0.041	1.429	"2"
"转移到"	0	0	0	0	1	0	0	0.405	0.105	0.133	0.079	0.157	0.03	0.091	-0.226	-0.048	-0.062	-0.036	0.804	-0.013	-0.041	1.23	"5"
"软件"	0	1	2	0	0	0	0	1.215	0.316	0.4	0.236	0.471	0.089	0.272	-0.677	0.546	1.313	-0.107	-0.222	-0.039	-0.124	3.028	"3"
"辐射"	0	0	0	0	1	0	0	0.405	0.105	0.133	0.079	0.157	0.03	0.091	-0.226	-0.048	-0.062	-0.036	0.804	-0.013	-0.041	1.23	"5"
"迅速"	1	0	0	0	0	0	0	0.405	0.105	0.133	0.079	0.157	0.03	0.091	0.392	-0.048	-0.062	-0.036	-0.074	-0.013	-0.041	0.666	"1"
"迈入"	0	0	1	0	0	0	0	0.405	0.105	0.133	0.079	0.157	0.03	0.091	-0.226	-0.048	0.875	-0.036	-0.074	-0.013	-0.041	1.313	"3"
"迈出"	0	0	0	0	1	0	0	0.405	0.105	0.133	0.079	0.157	0.03	0.091	-0.226	-0.048	-0.062	-0.036	0.804	-0.013	-0.041	1.23	"5"
"运输"	0	0	0	0	1	0	0	0.405	0.105	0.133	0.079	0.157	0.03	0.091	-0.226	-0.048	-0.062	-0.036	0.804	-0.013	-0.041	1.23	"5"
"运销"	0	0	0	1	0	0	0	0.405	0.105	0.133	0.079	0.157	0.03	0.091	-0.226	-0.048	-0.062	1.104	-0.074	-0.013	-0.041	1.568	"4"
"近年来"	2	1	0	0	1	0	0	1.62	0.422	0.534	0.315	0.628	0.119	0.363	0.273	0.444	-0.249	-0.142	0.306	-0.052	-0.165	1.631	"2"
"进一步"	24	3	2	0	2	0	0	12.557	3.27	4.136	2.441	4.864	0.921	2.81	4.49	-0.234	-0.703	-1.104	-0.939	-0.406	-1.279	9.155	"1"
"进入"	0	1	3	0	1	0	0	2.025	0.527	0.667	0.394	0.785	0.149	0.453	-1.128	0.369	1.715	-0.178	0.241	-0.066	-0.206	3.903	"3"
"进军"	0	0	0	0	1	0	1	0.81	0.211	0.267	0.158	0.314	0.059	0.181	-0.451	-0.097	-0.124	-0.071	0.539	-0.026	0.762	2.07	"7"
"进展"	1	0	1	0	3	0	1	2.43	0.633	0.801	0.473	0.941	0.178	0.544	-0.647	-0.291	0.239	-0.214	1.274	-0.079	0.362	3.106	"5"
"退出"	0	1	0	0	0	0	0	0.405	0.105	0.133	0.079	0.157	0.03	0.091	-0.226	0.977	-0.062	-0.036	-0.074	-0.013	-0.041	1.429	"2"
"逐步"	0	1	0	0	0	0	0	0.405	0.105	0.133	0.079	0.157	0.03	0.091	-0.226	0.977	-0.062	-0.036	-0.074	-0.013	-0.041	1.429	"2"
"途径"	2	0	0	0	0	0	0	0.81	0.211	0.267	0.158	0.314	0.059	0.181	0.785	-0.097	-0.124	-0.071	-0.148	-0.026	-0.083	1.334	"1"
"通信"	4	0	0	1	2	0	0	2.835	0.738	0.934	0.551	1.098	0.208	0.634	0.523	-0.339	-0.435	0.36	0.519	-0.092	-0.289	2.557	"1"
"通行证"	0	0	1	0	0	0	0	0.405	0.105	0.133	0.079	0.157	0.03	0.091	-0.226	-0.048	0.875	-0.036	-0.074	-0.013	-0.041	1.313	"3"
"通讯"	2	4	0	1	2	0	0	3.645	0.949	1.201	0.709	1.412	0.267	0.816	-0.653	1.997	-0.56	0.282	0.372	-0.118	-0.371	4.353	"2"
"遏"	0	0	1	0	0	0	0	0.405	0.105	0.133	0.079	0.157	0.03	0.091	-0.226	-0.048	0.875	-0.036	-0.074	-0.013	-0.041	1.313	"3"
"遗传学"	0	0	0	0	0	0	1	0.405	0.105	0.133	0.079	0.157	0.03	0.091	-0.226	-0.048	-0.062	-0.036	-0.074	-0.013	1.043	1.502	"7"
"遥感"	0	0	0	0	1	0	0	0.405	0.105	0.133	0.079	0.157	0.03	0.091	-0.226	-0.048	-0.062	-0.036	0.804	-0.013	-0.041	1.23	"5"
"部"	0	0	0	0	0	0	1	0.405	0.105	0.133	0.079	0.157	0.03	0.091	-0.226	-0.048	-0.062	-0.036	-0.074	-0.013	1.043	1.502	"7"
"采用"	0	0	0	0	1	0	0	0.405	0.105	0.133	0.079	0.157	0.03	0.091	-0.226	-0.048	-0.062	-0.036	0.804	-0.013	-0.041	1.23	"5"
"重任"	0	0	1	0	0	0	0	0.405	0.105	0.133	0.079	0.157	0.03	0.091	-0.226	-0.048	0.875	-0.036	-0.074	-0.013	-0.041	1.313	"3"
"重大"	0	0	1	1	4	0	2	3.24	0.844	1.067	0.63	1.255	0.238	0.725	-1.804	-0.387	-0.149	0.318	1.603	-0.105	0.797	5.163	"1"
"重点"	2	2	0	2	3	0	7	6.481	1.688	2.135	1.26	2.511	0.475	1.45	-1.779	0.288	-0.995	0.44	0.328	-0.21	3.561	7.601	"7"
"重要"	1	0	1	0	3	0	1	2.43	0.633	0.801	0.473	0.941	0.178	0.544	-0.647	-0.291	0.239	-0.214	1.274	-0.079	0.362	3.106	"5"
"量子"	0	0	0	0	4	0	0	1.62	0.422	0.534	0.315	0.628	0.119	0.363	-0.902	-0.194	-0.249	-0.142	3.217	-0.052	-0.165	4.921	"5"
"金融"	4	8	4	0	1	0	0	6.886	1.793	2.268	1.339	2.667	0.505	1.541	-0.93	3.811	0.738	-0.606	-0.641	-0.223	-0.701	7.65	"2"
"钢铁"	1	1	0	0	0	0	0	0.81	0.211	0.267	0.158	0.314	0.059	0.181	0.19	0.699	-0.124	-0.071	-0.148	-0.026	-0.083	1.341	"2"
"钻研"	0	0	0	0	0	0	1	0.405	0.105	0.133	0.079	0.157	0.03	0.091	-0.226	-0.048	-0.062	-0.036	-0.074	-0.013	1.043	1.502	"7"
"银行业"	0	0	0	1	0	0	0	0.405	0.105	0.133	0.079	0.157	0.03	0.091	-0.226	-0.048	-0.062	1.104	-0.074	-0.013	-0.041	1.568	"4"
"锈钢"	0	0	0	0	1	0	0	0.405	0.105	0.133	0.079	0.157	0.03	0.091	-0.226	-0.048	-0.062	-0.036	0.804	-0.013	-0.041	1.23	"5"
"镀膜"	0	0	0	0	1	0	0	0.405	0.105	0.133	0.079	0.157	0.03	0.091	-0.226	-0.048	-0.062	-0.036	0.804	-0.013	-0.041	1.23	"5"
"门户"	0	0	0	0	1	0	0	0.405	0.105	0.133	0.079	0.157	0.03	0.091	-0.226	-0.048	-0.062	-0.036	0.804	-0.013	-0.041	1.23	"5"
"防务"	0	0	1	0	0	0	0	0.405	0.105	0.133	0.079	0.157	0.03	0.091	-0.226	-0.048	0.875	-0.036	-0.074	-0.013	-0.041	1.313	"3"
"防治"	1	0	0	0	0	0	0	0.405	0.105	0.133	0.079	0.157	0.03	0.091	0.392	-0.048	-0.062	-0.036	-0.074	-0.013	-0.041	0.666	"1"
"阶段"	0	0	0	0	0	1	0	0.405	0.105	0.133	0.079	0.157	0.03	0.091	-0.226	-0.048	-0.062	-0.036	-0.074	1.527	-0.041	2.014	"6"
"阿丽亚娜"	0	0	0	0	1	0	0	0.405	0.105	0.133	0.079	0.157	0.03	0.091	-0.226	-0.048	-0.062	-0.036	0.804	-0.013	-0.041	1.23	"5"
"阿利奥"	1	0	0	0	0	0	0	0.405	0.105	0.133	0.079	0.157	0.03	0.091	0.392	-0.048	-0.062	-0.036	-0.074	-0.013	-0.041	0.666	"1"
"阿利耶"	1	0	0	0	0	0	0	0.405	0.105	0.133	0.079	0.157	0.03	0.091	0.392	-0.048	-0.062	-0.036	-0.074	-0.013	-0.041	0.666	"1"
"限于"	0	0	0	0	0	0	1	0.405	0.105	0.133	0.079	0.157	0.03	0.091	-0.226	-0.048	-0.062	-0.036	-0.074	-0.013	1.043	1.502	"7"
"难得"	0	0	0	0	0	0	1	0.405	0.105	0.133	0.079	0.157	0.03	0.091	-0.226	-0.048	-0.062	-0.036	-0.074	-0.013	1.043	1.502	"7"
"集中"	0	1	3	0	0	0	0	1.62	0.422	0.534	0.315	0.628	0.119	0.363	-0.902	0.444	2.068	-0.142	-0.297	-0.052	-0.165	4.07	"3"
"需求"	0	1	0	0	0	0	0	0.405	0.105	0.133	0.079	0.157	0.03	0.091	-0.226	0.977	-0.062	-0.036	-0.074	-0.013	-0.041	1.429	"2"
"需要"	0	0	0	0	0	0	2	0.81	0.211	0.267	0.158	0.314	0.059	0.181	-0.451	-0.097	-0.124	-0.071	-0.148	-0.026	2.085	3.002	"7"
"青少年"	0	0	0	0	0	0	1	0.405	0.105	0.133	0.079	0.157	0.03	0.091	-0.226	-0.048	-0.062	-0.036	-0.074	-0.013	1.043	1.502	"7"
"非"	0	0	2	0	0	0	0	0.81	0.211	0.267	0.158	0.314	0.059	0.181	-0.451	-0.097	1.749	-0.071	-0.148	-0.026	-0.083	2.625	"3"
"革新"	0	0	0	0	1	0	0	0.405	0.105	0.133	0.079	0.157	0.03	0.091	-0.226	-0.048	-0.062	-0.036	0.804	-0.013	-0.041	1.23	"5"
"项目"	0	0	0	0	1	0	0	0.405	0.105	0.133	0.079	0.157	0.03	0.091	-0.226	-0.048	-0.062	-0.036	0.804	-0.013	-0.041	1.23	"5"
"领先"	1	0	1	2	3	0	0	2.835	0.738	0.934	0.551	1.098	0.208	0.634	-0.818	-0.339	0.199	1.001	1.083	-0.092	-0.289	3.821	"5"
"领域"	7	9	2	0	3	0	1	8.911	2.321	2.936	1.733	3.452	0.654	1.994	-0.563	3.653	-0.374	-0.784	-0.269	-0.288	-0.404	6.335	"2"
"频繁"	1	0	1	0	0	0	0	0.81	0.211	0.267	0.158	0.314	0.059	0.181	0.19	-0.097	0.604	-0.071	-0.148	-0.026	-0.083	1.219	"3"
"题本"	0	0	0	0	0	1	0	0.405	0.105	0.133	0.079	0.157	0.03	0.091	-0.226	-0.048	-0.062	-0.036	-0.074	1.527	-0.041	2.014	"6"
"食品"	0	0	0	1	1	0	0	0.81	0.211	0.267	0.158	0.314	0.059	0.181	-0.451	-0.097	-0.124	0.82	0.539	-0.026	-0.083	2.14	"4"
"饮料"	0	1	2	0	0	0	0	1.215	0.316	0.4	0.236	0.471	0.089	0.272	-0.677	0.546	1.313	-0.107	-0.222	-0.039	-0.124	3.028	"3"
"饼"	0	1	0	0	0	0	0	0.405	0.105	0.133	0.079	0.157	0.03	0.091	-0.226	0.977	-0.062	-0.036	-0.074	-0.013	-0.041	1.429	"2"
"马来人"	0	0	3	0	0	0	0	1.215	0.316	0.4	0.236	0.471	0.089	0.272	-0.677	-0.145	2.624	-0.107	-0.222	-0.039	-0.124	3.938	"3"
"马来半岛"	0	0	1	0	0	0	0	0.405	0.105	0.133	0.079	0.157	0.03	0.091	-0.226	-0.048	0.875	-0.036	-0.074	-0.013	-0.041	1.313	"3"
"马特维延科"	1	0	0	0	0	0	0	0.405	0.105	0.133	0.079	0.157	0.03	0.091	0.392	-0.048	-0.062	-0.036	-0.074	-0.013	-0.041	0.666	"1"
"马秀红"	0	0	0	1	0	0	0	0.405	0.105	0.133	0.079	0.157	0.03	0.091	-0.226	-0.048	-0.062	1.104	-0.074	-0.013	-0.041	1.568	"4"
"骄人"	0	0	0	0	1	0	0	0.405	0.105	0.133	0.079	0.157	0.03	0.091	-0.226	-0.048	-0.062	-0.036	0.804	-0.013	-0.041	1.23	"5"
"验"	0	0	0	0	0	1	0	0.405	0.105	0.133	0.079	0.157	0.03	0.091	-0.226	-0.048	-0.062	-0.036	-0.074	1.527	-0.041	2.014	"6"
"高发"	0	1	0	0	0	0	0	0.405	0.105	0.133	0.079	0.157	0.03	0.091	-0.226	0.977	-0.062	-0.036	-0.074	-0.013	-0.041	1.429	"2"
"高技术"	0	0	0	0	1	0	0	0.405	0.105	0.133	0.079	0.157	0.03	0.091	-0.226	-0.048	-0.062	-0.036	0.804	-0.013	-0.041	1.23	"5"
"高新"	0	0	0	0	1	0	0	0.405	0.105	0.133	0.079	0.157	0.03	0.091	-0.226	-0.048	-0.062	-0.036	0.804	-0.013	-0.041	1.23	"5"
"高新技"	1	0	0	0	0	0	0	0.405	0.105	0.133	0.079	0.157	0.03	0.091	0.392	-0.048	-0.062	-0.036	-0.074	-0.013	-0.041	0.666	"1"
"高更"	0	0	1	0	0	0	0	0.405	0.105	0.133	0.079	0.157	0.03	0.091	-0.226	-0.048	0.875	-0.036	-0.074	-0.013	-0.041	1.313	"3"
"高校"	0	0	0	0	1	0	0	0.405	0.105	0.133	0.079	0.157	0.03	0.091	-0.226	-0.048	-0.062	-0.036	0.804	-0.013	-0.041	1.23	"5"
"高科"	1	0	0	0	0	0	0	0.405	0.105	0.133	0.079	0.157	0.03	0.091	0.392	-0.048	-0.062	-0.036	-0.074	-0.013	-0.041	0.666	"1"
"高科技"	3	0	1	0	6	0	0	4.051	1.055	1.334	0.788	1.569	0.297	0.906	-0.432	-0.484	-0.217	-0.356	2.753	-0.131	-0.413	4.786	"5"
"高等"	0	0	0	1	0	0	0	0.405	0.105	0.133	0.079	0.157	0.03	0.091	-0.226	-0.048	-0.062	1.104	-0.074	-0.013	-0.041	1.568	"4"
"鲁斯"	0	0	0	0	0	0	1	0.405	0.105	0.133	0.079	0.157	0.03	0.091	-0.226	-0.048	-0.062	-0.036	-0.074	-0.013	1.043	1.502	"7"
"鸿海"	0	1	0	0	0	0	0	0.405	0.105	0.133	0.079	0.157	0.03	0.091	-0.226	0.977	-0.062	-0.036	-0.074	-0.013	-0.041	1.429	"2"
"麻子"	0	0	0	0	1	0	0	0.405	0.105	0.133	0.079	0.157	0.03	0.091	-0.226	-0.048	-0.062	-0.036	0.804	-0.013	-0.041	1.23	"5"
"鼓励"	0	1	1	0	0	0	0	0.81	0.211	0.267	0.158	0.314	0.059	0.181	-0.451	0.699	0.604	-0.071	-0.148	-0.026	-0.083	2.082	"2"
