"Coll_Word"	"1"	"2"	"3"	"exp_1"	"exp_2"	"exp_3"	"pbin_1"	"pbin_2"	"pbin_3"	"SumAbsDev"	"LargestDev"
"－"	3	1	0	0.462	1.764	1.774	2.249	-0.392	-1.018	3.659	"1"
"--"	0	1	7	0.924	3.528	3.548	-0.427	-1.157	1.782	3.366	"3"
"－－"	4	2	0	0.693	2.646	2.661	2.657	-0.338	-1.527	4.522	"1"
"?"	0	0	1	0.116	0.441	0.443	-0.053	-0.253	0.353	0.659	"3"
"."	0	6	3	1.04	3.969	3.991	-0.48	0.817	-0.424	1.721	"2"
"“"	9	29	8	5.314	20.288	20.398	1.11	2.124	-3.957	7.191	"3"
"”"	13	47	20	9.242	35.283	35.475	0.889	2.227	-3.566	6.682	"3"
"〉"	0	0	1	0.116	0.441	0.443	-0.053	-0.253	0.353	0.659	"3"
"「"	0	14	5	2.195	8.38	8.425	-1.013	2.053	-1.064	4.13	"2"
"」"	0	50	17	7.74	29.549	29.711	-3.572	6.414	-2.979	12.965	"2"
"』"	0	1	0	0.116	0.441	0.443	-0.053	0.356	-0.254	0.663	"2"
"|"	0	1	0	0.116	0.441	0.443	-0.053	0.356	-0.254	0.663	"2"
"□"	0	0	1	0.116	0.441	0.443	-0.053	-0.253	0.353	0.659	"3"
"100周年"	0	0	2	0.231	0.882	0.887	-0.107	-0.505	0.706	1.318	"3"
"102"	0	1	0	0.116	0.441	0.443	-0.053	0.356	-0.254	0.663	"2"
"120周年"	0	1	0	0.116	0.441	0.443	-0.053	0.356	-0.254	0.663	"2"
"134周年"	0	1	0	0.116	0.441	0.443	-0.053	0.356	-0.254	0.663	"2"
"15周年"	0	1	0	0.116	0.441	0.443	-0.053	0.356	-0.254	0.663	"2"
"15日电"	0	1	0	0.116	0.441	0.443	-0.053	0.356	-0.254	0.663	"2"
"2000"	0	5	0	0.578	2.205	2.217	-0.267	1.778	-1.272	3.317	"2"
"2000年"	5	1	1	0.809	3.087	3.104	3.452	-0.954	-0.963	5.369	"1"
"2003"	0	3	0	0.347	1.323	1.33	-0.16	1.067	-0.763	1.99	"2"
"2003年"	0	2	2	0.462	1.764	1.774	-0.213	0.226	0.223	0.662	"2"
"2004年"	0	0	1	0.116	0.441	0.443	-0.053	-0.253	0.353	0.659	"3"
"20周年"	0	0	1	0.116	0.441	0.443	-0.053	-0.253	0.353	0.659	"3"
"20多"	0	1	0	0.116	0.441	0.443	-0.053	0.356	-0.254	0.663	"2"
"21世纪"	0	2	0	0.231	0.882	0.887	-0.107	0.711	-0.509	1.327	"2"
"22日"	0	0	1	0.116	0.441	0.443	-0.053	-0.253	0.353	0.659	"3"
"27日"	0	0	1	0.116	0.441	0.443	-0.053	-0.253	0.353	0.659	"3"
"28日"	2	0	3	0.578	2.205	2.217	0.978	-1.263	0.404	2.645	"2"
"2日电"	0	0	1	0.116	0.441	0.443	-0.053	-0.253	0.353	0.659	"3"
"300多"	0	1	0	0.116	0.441	0.443	-0.053	0.356	-0.254	0.663	"2"
"30多"	0	1	0	0.116	0.441	0.443	-0.053	0.356	-0.254	0.663	"2"
"510"	0	1	0	0.116	0.441	0.443	-0.053	0.356	-0.254	0.663	"2"
"6周年"	0	0	1	0.116	0.441	0.443	-0.053	-0.253	0.353	0.659	"3"
"80多"	0	1	0	0.116	0.441	0.443	-0.053	0.356	-0.254	0.663	"2"
"891025"	0	1	0	0.116	0.441	0.443	-0.053	0.356	-0.254	0.663	"2"
"891030"	0	0	1	0.116	0.441	0.443	-0.053	-0.253	0.353	0.659	"3"
"891115"	0	1	0	0.116	0.441	0.443	-0.053	0.356	-0.254	0.663	"2"
"891201"	0	1	0	0.116	0.441	0.443	-0.053	0.356	-0.254	0.663	"2"
"891209"	0	0	1	0.116	0.441	0.443	-0.053	-0.253	0.353	0.659	"3"
"891211"	0	1	0	0.116	0.441	0.443	-0.053	0.356	-0.254	0.663	"2"
"ACFOD"	1	0	0	0.116	0.441	0.443	0.937	-0.253	-0.254	1.444	"1"
"APEC"	0	0	1	0.116	0.441	0.443	-0.053	-0.253	0.353	0.659	"3"
"ASEAnternetService"	0	1	0	0.116	0.441	0.443	-0.053	0.356	-0.254	0.663	"2"
"B2B"	0	1	0	0.116	0.441	0.443	-0.053	0.356	-0.254	0.663	"2"
"BBS"	0	0	1	0.116	0.441	0.443	-0.053	-0.253	0.353	0.659	"3"
"CBD"	0	2	0	0.231	0.882	0.887	-0.107	0.711	-0.509	1.327	"2"
"Code"	0	1	0	0.116	0.441	0.443	-0.053	0.356	-0.254	0.663	"2"
"ding"	0	1	0	0.116	0.441	0.443	-0.053	0.356	-0.254	0.663	"2"
"DVD"	0	2	0	0.231	0.882	0.887	-0.107	0.711	-0.509	1.327	"2"
"IT"	0	1	0	0.116	0.441	0.443	-0.053	0.356	-0.254	0.663	"2"
"KindnessMovement"	0	0	1	0.116	0.441	0.443	-0.053	-0.253	0.353	0.659	"3"
"NGOs"	0	0	1	0.116	0.441	0.443	-0.053	-0.253	0.353	0.659	"3"
"OOO"	0	1	0	0.116	0.441	0.443	-0.053	0.356	-0.254	0.663	"2"
"ProvidersForum"	0	1	0	0.116	0.441	0.443	-0.053	0.356	-0.254	0.663	"2"
"SARS"	0	2	0	0.231	0.882	0.887	-0.107	0.711	-0.509	1.327	"2"
"SPF"	1	0	0	0.116	0.441	0.443	0.937	-0.253	-0.254	1.444	"1"
"v.s"	0	0	1	0.116	0.441	0.443	-0.053	-0.253	0.353	0.659	"3"
"VS"	0	1	0	0.116	0.441	0.443	-0.053	0.356	-0.254	0.663	"2"
"web-base"	0	0	1	0.116	0.441	0.443	-0.053	-0.253	0.353	0.659	"3"
"World"	0	0	1	0.116	0.441	0.443	-0.053	-0.253	0.353	0.659	"3"
"WTO"	0	2	0	0.231	0.882	0.887	-0.107	0.711	-0.509	1.327	"2"
"一楼"	0	2	0	0.231	0.882	0.887	-0.107	0.711	-0.509	1.327	"2"
"一段"	0	2	0	0.231	0.882	0.887	-0.107	0.711	-0.509	1.327	"2"
"一百四十五"	0	1	0	0.116	0.441	0.443	-0.053	0.356	-0.254	0.663	"2"
"一致"	0	0	1	0.116	0.441	0.443	-0.053	-0.253	0.353	0.659	"3"
"一连"	0	0	1	0.116	0.441	0.443	-0.053	-0.253	0.353	0.659	"3"
"七"	0	0	2	0.231	0.882	0.887	-0.107	-0.505	0.706	1.318	"3"
"三十日"	0	1	0	0.116	0.441	0.443	-0.053	0.356	-0.254	0.663	"2"
"三楼"	0	4	1	0.578	2.205	2.217	-0.267	0.912	-0.575	1.754	"2"
"三王"	0	0	2	0.231	0.882	0.887	-0.107	-0.505	0.706	1.318	"3"
"三通"	0	0	1	0.116	0.441	0.443	-0.053	-0.253	0.353	0.659	"3"
"上"	2	16	47	7.509	28.667	28.824	-1.812	-3.043	5.333	10.188	"3"
"上午"	0	4	6	1.155	4.41	4.434	-0.533	-0.278	0.606	1.417	"3"
"上海"	2	4	3	1.04	3.969	3.991	0.554	0.209	-0.424	1.187	"1"
"上海市"	1	0	0	0.116	0.441	0.443	0.937	-0.253	-0.254	1.444	"1"
"上贴"	1	0	0	0.116	0.441	0.443	0.937	-0.253	-0.254	1.444	"1"
"上贴量"	2	0	0	0.231	0.882	0.887	1.875	-0.505	-0.509	2.889	"1"
"上述"	0	1	0	0.116	0.441	0.443	-0.053	0.356	-0.254	0.663	"2"
"上述表"	0	0	1	0.116	0.441	0.443	-0.053	-0.253	0.353	0.659	"3"
"下午"	0	0	3	0.347	1.323	1.33	-0.16	-0.758	1.059	1.977	"3"
"与"	0	23	28	5.892	22.493	22.616	-2.719	0.304	1.072	4.095	"1"
"与会"	1	1	8	1.155	4.41	4.434	-0.17	-1.577	1.605	3.352	"3"
"与会者"	0	0	3	0.347	1.323	1.33	-0.16	-0.758	1.059	1.977	"3"
"专"	0	1	0	0.116	0.441	0.443	-0.053	0.356	-0.254	0.663	"2"
"专业"	0	1	1	0.231	0.882	0.887	-0.107	0.163	0.161	0.431	"2"
"专家"	0	8	9	1.964	7.498	7.539	-0.906	0.305	0.498	1.709	"1"
"专职"	0	0	2	0.231	0.882	0.887	-0.107	-0.505	0.706	1.318	"3"
"专长"	0	1	0	0.116	0.441	0.443	-0.053	0.356	-0.254	0.663	"2"
"专题"	0	14	0	1.617	6.174	6.208	-0.746	4.977	-3.563	9.286	"2"
"世博会"	0	1	0	0.116	0.441	0.443	-0.053	0.356	-0.254	0.663	"2"
"世界"	2	3	5	1.155	4.41	4.434	0.489	-0.545	0.32	1.354	"2"
"世界语"	0	0	1	0.116	0.441	0.443	-0.053	-0.253	0.353	0.659	"3"
"世纪"	1	8	0	1.04	3.969	3.991	-0.142	2.106	-2.29	4.538	"3"
"世贸"	0	1	0	0.116	0.441	0.443	-0.053	0.356	-0.254	0.663	"2"
"业界"	0	1	0	0.116	0.441	0.443	-0.053	0.356	-0.254	0.663	"2"
"业者"	0	0	1	0.116	0.441	0.443	-0.053	-0.253	0.353	0.659	"3"
"东兴路"	0	0	1	0.116	0.441	0.443	-0.053	-0.253	0.353	0.659	"3"
"东北"	0	0	1	0.116	0.441	0.443	-0.053	-0.253	0.353	0.659	"3"
"东协"	0	1	0	0.116	0.441	0.443	-0.053	0.356	-0.254	0.663	"2"
"东吴"	1	0	0	0.116	0.441	0.443	0.937	-0.253	-0.254	1.444	"1"
"东盟"	0	1	4	0.578	2.205	2.217	-0.267	-0.569	0.904	1.74	"3"
"东路"	0	0	1	0.116	0.441	0.443	-0.053	-0.253	0.353	0.659	"3"
"两千"	0	0	2	0.231	0.882	0.887	-0.107	-0.505	0.706	1.318	"3"
"两岸"	0	19	3	2.542	9.703	9.756	-1.173	4.273	-2.624	8.07	"2"
"个别"	0	0	1	0.116	0.441	0.443	-0.053	-0.253	0.353	0.659	"3"
"中"	2	10	8	2.31	8.821	8.869	-0.23	0.423	-0.359	1.012	"2"
"中共"	0	0	6	0.693	2.646	2.661	-0.32	-1.516	2.119	3.955	"3"
"中医药"	0	6	0	0.693	2.646	2.661	-0.32	2.133	-1.527	3.98	"2"
"中华"	0	2	5	0.809	3.087	3.104	-0.373	-0.476	0.84	1.689	"3"
"中华会馆"	0	0	1	0.116	0.441	0.443	-0.053	-0.253	0.353	0.659	"3"
"中华民国"	0	1	2	0.347	1.323	1.33	-0.16	-0.231	0.381	0.772	"3"
"中南海"	0	0	1	0.116	0.441	0.443	-0.053	-0.253	0.353	0.659	"3"
"中国"	11	21	6	4.39	16.759	16.851	2.526	0.954	-3.715	7.195	"3"
"中国证监会"	0	1	0	0.116	0.441	0.443	-0.053	0.356	-0.254	0.663	"2"
"中外"	0	3	1	0.462	1.764	1.774	-0.213	0.639	-0.396	1.248	"2"
"中央"	0	0	8	0.924	3.528	3.548	-0.427	-2.021	2.825	5.273	"3"
"中将"	1	0	0	0.116	0.441	0.443	0.937	-0.253	-0.254	1.444	"1"
"中小企业"	0	1	0	0.116	0.441	0.443	-0.053	0.356	-0.254	0.663	"2"
"中山"	0	1	0	0.116	0.441	0.443	-0.053	0.356	-0.254	0.663	"2"
"中意"	0	0	1	0.116	0.441	0.443	-0.053	-0.253	0.353	0.659	"3"
"中文"	0	1	0	0.116	0.441	0.443	-0.053	0.356	-0.254	0.663	"2"
"中新社"	0	1	0	0.116	0.441	0.443	-0.053	0.356	-0.254	0.663	"2"
"中方"	1	0	0	0.116	0.441	0.443	0.937	-0.253	-0.254	1.444	"1"
"中日"	0	1	0	0.116	0.441	0.443	-0.053	0.356	-0.254	0.663	"2"
"中正"	0	0	1	0.116	0.441	0.443	-0.053	-0.253	0.353	0.659	"3"
"中油"	0	0	1	0.116	0.441	0.443	-0.053	-0.253	0.353	0.659	"3"
"中法"	0	0	1	0.116	0.441	0.443	-0.053	-0.253	0.353	0.659	"3"
"中研院"	0	1	0	0.116	0.441	0.443	-0.053	0.356	-0.254	0.663	"2"
"中美"	0	1	0	0.116	0.441	0.443	-0.053	0.356	-0.254	0.663	"2"
"中视"	0	0	1	0.116	0.441	0.443	-0.053	-0.253	0.353	0.659	"3"
"中选会"	0	0	1	0.116	0.441	0.443	-0.053	-0.253	0.353	0.659	"3"
"中非"	16	0	0	1.848	7.057	7.095	14.997	-4.042	-4.072	23.111	"1"
"为期"	1	4	2	0.809	3.087	3.104	0.239	0.429	-0.482	1.15	"3"
"主"	0	1	0	0.116	0.441	0.443	-0.053	0.356	-0.254	0.663	"2"
"主办"	0	13	1	1.617	6.174	6.208	-0.746	3.705	-2.478	6.929	"2"
"主委"	0	0	2	0.231	0.882	0.887	-0.107	-0.505	0.706	1.318	"3"
"主席"	3	1	3	0.809	3.087	3.104	1.424	-0.954	-0.206	2.584	"1"
"主持"	0	8	2	1.155	4.41	4.434	-0.533	1.621	-0.97	3.124	"2"
"主持人"	1	0	1	0.231	0.882	0.887	0.662	-0.505	0.161	1.328	"1"
"主讲"	0	1	1	0.231	0.882	0.887	-0.107	0.163	0.161	0.431	"2"
"主题"	0	5	0	0.578	2.205	2.217	-0.267	1.778	-1.272	3.317	"2"
"举"	0	1	4	0.578	2.205	2.217	-0.267	-0.569	0.904	1.74	"3"
"举办"	0	48	4	6.007	22.934	23.059	-2.772	12.615	-8.15	23.537	"2"
"举行"	7	21	66	10.859	41.457	41.684	-0.864	-5.043	6.447	12.354	"3"
"举行区"	0	0	1	0.116	0.441	0.443	-0.053	-0.253	0.353	0.659	"3"
"乐评"	0	1	0	0.116	0.441	0.443	-0.053	0.356	-0.254	0.663	"2"
"九二一"	0	1	0	0.116	0.441	0.443	-0.053	0.356	-0.254	0.663	"2"
"九时"	0	8	0	0.924	3.528	3.548	-0.427	2.844	-2.036	5.307	"2"
"书记"	0	0	1	0.116	0.441	0.443	-0.053	-0.253	0.353	0.659	"3"
"书记处"	0	0	1	0.116	0.441	0.443	-0.053	-0.253	0.353	0.659	"3"
"书面"	0	0	1	0.116	0.441	0.443	-0.053	-0.253	0.353	0.659	"3"
"乳癌"	0	0	1	0.116	0.441	0.443	-0.053	-0.253	0.353	0.659	"3"
"了解到"	0	2	0	0.231	0.882	0.887	-0.107	0.711	-0.509	1.327	"2"
"争议"	0	0	1	0.116	0.441	0.443	-0.053	-0.253	0.353	0.659	"3"
"事务"	0	1	0	0.116	0.441	0.443	-0.053	0.356	-0.254	0.663	"2"
"二000年"	0	0	1	0.116	0.441	0.443	-0.053	-0.253	0.353	0.659	"3"
"二十一世纪"	0	4	1	0.578	2.205	2.217	-0.267	0.912	-0.575	1.754	"2"
"二十三"	0	1	0	0.116	0.441	0.443	-0.053	0.356	-0.254	0.663	"2"
"二千"	0	2	0	0.231	0.882	0.887	-0.107	0.711	-0.509	1.327	"2"
"二楼"	0	1	0	0.116	0.441	0.443	-0.053	0.356	-0.254	0.663	"2"
"云山"	0	1	0	0.116	0.441	0.443	-0.053	0.356	-0.254	0.663	"2"
"云林"	0	0	1	0.116	0.441	0.443	-0.053	-0.253	0.353	0.659	"3"
"互联网"	0	2	0	0.231	0.882	0.887	-0.107	0.711	-0.509	1.327	"2"
"五院"	0	0	1	0.116	0.441	0.443	-0.053	-0.253	0.353	0.659	"3"
"亚"	1	1	1	0.347	1.323	1.33	0.511	-0.231	-0.233	0.975	"1"
"亚太"	10	5	0	1.733	6.616	6.652	6.136	-0.546	-3.817	10.499	"1"
"亚欧"	0	0	2	0.231	0.882	0.887	-0.107	-0.505	0.706	1.318	"3"
"亚洲"	11	2	6	2.195	8.38	8.425	5.82	-2.712	-0.726	9.258	"1"
"亚细安"	1	1	1	0.347	1.323	1.33	0.511	-0.231	-0.233	0.975	"1"
"交换"	0	1	1	0.231	0.882	0.887	-0.107	0.163	0.161	0.431	"2"
"交流"	0	10	3	1.502	5.733	5.765	-0.693	1.762	-0.995	3.45	"2"
"交流会"	0	1	0	0.116	0.441	0.443	-0.053	0.356	-0.254	0.663	"2"
"产业"	0	7	5	1.386	5.292	5.321	-0.64	0.619	-0.263	1.522	"1"
"京"	1	1	8	1.155	4.41	4.434	-0.17	-1.577	1.605	3.352	"3"
"京港"	0	1	0	0.116	0.441	0.443	-0.053	0.356	-0.254	0.663	"2"
"亲"	0	0	1	0.116	0.441	0.443	-0.053	-0.253	0.353	0.659	"3"
"亲政"	0	0	1	0.116	0.441	0.443	-0.053	-0.253	0.353	0.659	"3"
"人参"	0	0	1	0.116	0.441	0.443	-0.053	-0.253	0.353	0.659	"3"
"人员"	0	0	2	0.231	0.882	0.887	-0.107	-0.505	0.706	1.318	"3"
"人士"	0	1	4	0.578	2.205	2.217	-0.267	-0.569	0.904	1.74	"3"
"人大"	0	0	2	0.231	0.882	0.887	-0.107	-0.505	0.706	1.318	"3"
"人权"	0	2	1	0.347	1.323	1.33	-0.16	0.385	-0.233	0.778	"2"
"今"	0	0	1	0.116	0.441	0.443	-0.053	-0.253	0.353	0.659	"3"
"今天"	0	14	24	4.39	16.759	16.851	-2.026	-0.636	1.819	4.481	"1"
"今日"	0	2	2	0.462	1.764	1.774	-0.213	0.226	0.223	0.662	"2"
"介绍"	0	1	1	0.231	0.882	0.887	-0.107	0.163	0.161	0.431	"2"
"代"	0	0	1	0.116	0.441	0.443	-0.053	-0.253	0.353	0.659	"3"
"代表"	2	0	15	1.964	7.498	7.539	0.222	-4.294	3.63	8.146	"2"
"代表团"	0	0	2	0.231	0.882	0.887	-0.107	-0.505	0.706	1.318	"3"
"代表处"	0	0	1	0.116	0.441	0.443	-0.053	-0.253	0.353	0.659	"3"
"仪式"	0	2	0	0.231	0.882	0.887	-0.107	0.711	-0.509	1.327	"2"
"们"	0	1	0	0.116	0.441	0.443	-0.053	0.356	-0.254	0.663	"2"
"任芳"	1	0	0	0.116	0.441	0.443	0.937	-0.253	-0.254	1.444	"1"
"伊斯坦堡"	0	1	0	0.116	0.441	0.443	-0.053	0.356	-0.254	0.663	"2"
"休闲"	0	1	0	0.116	0.441	0.443	-0.053	0.356	-0.254	0.663	"2"
"休闲学"	0	1	0	0.116	0.441	0.443	-0.053	0.356	-0.254	0.663	"2"
"优秀"	0	1	0	0.116	0.441	0.443	-0.053	0.356	-0.254	0.663	"2"
"会"	0	6	5	1.271	4.851	4.878	-0.586	0.463	0.232	1.281	"1"
"会务"	0	0	1	0.116	0.441	0.443	-0.053	-0.253	0.353	0.659	"3"
"会员"	0	2	0	0.231	0.882	0.887	-0.107	0.711	-0.509	1.327	"2"
"会场"	0	0	1	0.116	0.441	0.443	-0.053	-0.253	0.353	0.659	"3"
"会议"	10	3	10	2.657	10.144	10.199	3.937	-2.79	-0.257	6.984	"1"
"会议室"	0	1	0	0.116	0.441	0.443	-0.053	0.356	-0.254	0.663	"2"
"会谈"	0	0	1	0.116	0.441	0.443	-0.053	-0.253	0.353	0.659	"3"
"会长"	0	0	2	0.231	0.882	0.887	-0.107	-0.505	0.706	1.318	"3"
"会馆"	0	1	0	0.116	0.441	0.443	-0.053	0.356	-0.254	0.663	"2"
"传信"	0	1	0	0.116	0.441	0.443	-0.053	0.356	-0.254	0.663	"2"
"传统"	0	1	0	0.116	0.441	0.443	-0.053	0.356	-0.254	0.663	"2"
"体制"	0	1	0	0.116	0.441	0.443	-0.053	0.356	-0.254	0.663	"2"
"体现"	0	0	1	0.116	0.441	0.443	-0.053	-0.253	0.353	0.659	"3"
"何处"	0	1	0	0.116	0.441	0.443	-0.053	0.356	-0.254	0.663	"2"
"佛教"	0	0	1	0.116	0.441	0.443	-0.053	-0.253	0.353	0.659	"3"
"作"	2	1	3	0.693	2.646	2.661	0.836	-0.757	0.263	1.856	"1"
"作战"	0	0	1	0.116	0.441	0.443	-0.053	-0.253	0.353	0.659	"3"
"侍"	0	0	1	0.116	0.441	0.443	-0.053	-0.253	0.353	0.659	"3"
"依次"	0	0	1	0.116	0.441	0.443	-0.053	-0.253	0.353	0.659	"3"
"侨务"	0	0	2	0.231	0.882	0.887	-0.107	-0.505	0.706	1.318	"3"
"侨团"	0	0	1	0.116	0.441	0.443	-0.053	-0.253	0.353	0.659	"3"
"侨委会"	0	0	1	0.116	0.441	0.443	-0.053	-0.253	0.353	0.659	"3"
"侨情"	0	1	0	0.116	0.441	0.443	-0.053	0.356	-0.254	0.663	"2"
"侨界"	0	2	0	0.231	0.882	0.887	-0.107	0.711	-0.509	1.327	"2"
"侨社"	0	1	0	0.116	0.441	0.443	-0.053	0.356	-0.254	0.663	"2"
"侨胞"	0	1	0	0.116	0.441	0.443	-0.053	0.356	-0.254	0.663	"2"
"侨领"	0	1	0	0.116	0.441	0.443	-0.053	0.356	-0.254	0.663	"2"
"促发展"	0	1	0	0.116	0.441	0.443	-0.053	0.356	-0.254	0.663	"2"
"促进"	2	2	0	0.462	1.764	1.774	1.166	0.226	-1.018	2.41	"1"
"保健"	0	1	0	0.116	0.441	0.443	-0.053	0.356	-0.254	0.663	"2"
"保育"	0	1	0	0.116	0.441	0.443	-0.053	0.356	-0.254	0.663	"2"
"保障"	0	0	2	0.231	0.882	0.887	-0.107	-0.505	0.706	1.318	"3"
"保障法"	0	0	1	0.116	0.441	0.443	-0.053	-0.253	0.353	0.659	"3"
"信息"	0	1	0	0.116	0.441	0.443	-0.053	0.356	-0.254	0.663	"2"
"信息产业"	0	1	0	0.116	0.441	0.443	-0.053	0.356	-0.254	0.663	"2"
"信息化"	0	1	0	0.116	0.441	0.443	-0.053	0.356	-0.254	0.663	"2"
"信息港"	0	1	0	0.116	0.441	0.443	-0.053	0.356	-0.254	0.663	"2"
"候补"	0	0	1	0.116	0.441	0.443	-0.053	-0.253	0.353	0.659	"3"
"借"	0	1	0	0.116	0.441	0.443	-0.053	0.356	-0.254	0.663	"2"
"倡导"	0	0	1	0.116	0.441	0.443	-0.053	-0.253	0.353	0.659	"3"
"倡议"	0	1	0	0.116	0.441	0.443	-0.053	0.356	-0.254	0.663	"2"
"健"	0	0	1	0.116	0.441	0.443	-0.053	-0.253	0.353	0.659	"3"
"健身"	0	0	2	0.231	0.882	0.887	-0.107	-0.505	0.706	1.318	"3"
"偷渡"	0	0	2	0.231	0.882	0.887	-0.107	-0.505	0.706	1.318	"3"
"僵局"	0	1	0	0.116	0.441	0.443	-0.053	0.356	-0.254	0.663	"2"
"充分"	0	0	1	0.116	0.441	0.443	-0.053	-0.253	0.353	0.659	"3"
"先修班"	0	1	0	0.116	0.441	0.443	-0.053	0.356	-0.254	0.663	"2"
"先后"	0	1	1	0.231	0.882	0.887	-0.107	0.163	0.161	0.431	"2"
"先驱"	0	1	0	0.116	0.441	0.443	-0.053	0.356	-0.254	0.663	"2"
"光"	0	1	0	0.116	0.441	0.443	-0.053	0.356	-0.254	0.663	"2"
"光华"	0	2	0	0.231	0.882	0.887	-0.107	0.711	-0.509	1.327	"2"
"党工"	0	0	2	0.231	0.882	0.887	-0.107	-0.505	0.706	1.318	"3"
"党籍"	0	0	2	0.231	0.882	0.887	-0.107	-0.505	0.706	1.318	"3"
"全会"	0	2	0	0.231	0.882	0.887	-0.107	0.711	-0.509	1.327	"2"
"全体"	0	0	1	0.116	0.441	0.443	-0.053	-0.253	0.353	0.659	"3"
"全国"	0	1	4	0.578	2.205	2.217	-0.267	-0.569	0.904	1.74	"3"
"全日"	0	0	1	0.116	0.441	0.443	-0.053	-0.253	0.353	0.659	"3"
"全球"	0	3	1	0.462	1.764	1.774	-0.213	0.639	-0.396	1.248	"2"
"公共"	0	2	1	0.347	1.323	1.33	-0.16	0.385	-0.233	0.778	"2"
"公安部"	0	0	2	0.231	0.882	0.887	-0.107	-0.505	0.706	1.318	"3"
"公法"	0	0	1	0.116	0.441	0.443	-0.053	-0.253	0.353	0.659	"3"
"公约"	0	1	0	0.116	0.441	0.443	-0.053	0.356	-0.254	0.663	"2"
"六日"	0	1	0	0.116	0.441	0.443	-0.053	0.356	-0.254	0.663	"2"
"共同"	0	2	0	0.231	0.882	0.887	-0.107	0.711	-0.509	1.327	"2"
"共商"	0	0	1	0.116	0.441	0.443	-0.053	-0.253	0.353	0.659	"3"
"关怀"	0	1	0	0.116	0.441	0.443	-0.053	0.356	-0.254	0.663	"2"
"关村"	0	1	0	0.116	0.441	0.443	-0.053	0.356	-0.254	0.663	"2"
"关系"	2	4	2	0.924	3.528	3.548	0.631	0.299	-0.635	1.565	"3"
"兴革"	0	1	0	0.116	0.441	0.443	-0.053	0.356	-0.254	0.663	"2"
"兵法"	0	0	1	0.116	0.441	0.443	-0.053	-0.253	0.353	0.659	"3"
"兼具"	0	1	0	0.116	0.441	0.443	-0.053	0.356	-0.254	0.663	"2"
"内定"	1	0	0	0.116	0.441	0.443	0.937	-0.253	-0.254	1.444	"1"
"内容"	0	0	1	0.116	0.441	0.443	-0.053	-0.253	0.353	0.659	"3"
"军事"	0	1	1	0.231	0.882	0.887	-0.107	0.163	0.161	0.431	"2"
"农地"	0	1	0	0.116	0.441	0.443	-0.053	0.356	-0.254	0.663	"2"
"农委会"	0	0	1	0.116	0.441	0.443	-0.053	-0.253	0.353	0.659	"3"
"农渔会"	0	0	1	0.116	0.441	0.443	-0.053	-0.253	0.353	0.659	"3"
"农田"	0	0	1	0.116	0.441	0.443	-0.053	-0.253	0.353	0.659	"3"
"农舍"	0	1	0	0.116	0.441	0.443	-0.053	0.356	-0.254	0.663	"2"
"决胜"	0	0	1	0.116	0.441	0.443	-0.053	-0.253	0.353	0.659	"3"
"凯利"	1	0	0	0.116	0.441	0.443	0.937	-0.253	-0.254	1.444	"1"
"出国"	0	0	1	0.116	0.441	0.443	-0.053	-0.253	0.353	0.659	"3"
"出外"	0	1	0	0.116	0.441	0.443	-0.053	0.356	-0.254	0.663	"2"
"出席"	3	2	22	3.119	11.908	11.973	-0.208	-4.439	4.056	8.703	"2"
"出版"	0	0	2	0.231	0.882	0.887	-0.107	-0.505	0.706	1.318	"3"
"函馆"	0	0	1	0.116	0.441	0.443	-0.053	-0.253	0.353	0.659	"3"
"分"	0	0	1	0.116	0.441	0.443	-0.053	-0.253	0.353	0.659	"3"
"分为"	0	1	1	0.231	0.882	0.887	-0.107	0.163	0.161	0.431	"2"
"分享"	0	1	0	0.116	0.441	0.443	-0.053	0.356	-0.254	0.663	"2"
"分际"	0	0	1	0.116	0.441	0.443	-0.053	-0.253	0.353	0.659	"3"
"刘延东"	0	0	1	0.116	0.441	0.443	-0.053	-0.253	0.353	0.659	"3"
"刘志丹"	0	0	2	0.231	0.882	0.887	-0.107	-0.505	0.706	1.318	"3"
"刘思"	0	1	0	0.116	0.441	0.443	-0.053	0.356	-0.254	0.663	"2"
"刚毅"	0	0	1	0.116	0.441	0.443	-0.053	-0.253	0.353	0.659	"3"
"创业"	0	2	0	0.231	0.882	0.887	-0.107	0.711	-0.509	1.327	"2"
"创作"	0	1	0	0.116	0.441	0.443	-0.053	0.356	-0.254	0.663	"2"
"创刊"	0	0	1	0.116	0.441	0.443	-0.053	-0.253	0.353	0.659	"3"
"创新"	0	1	0	0.116	0.441	0.443	-0.053	0.356	-0.254	0.663	"2"
"初院"	0	1	0	0.116	0.441	0.443	-0.053	0.356	-0.254	0.663	"2"
"利雅得"	1	0	0	0.116	0.441	0.443	0.937	-0.253	-0.254	1.444	"1"
"到场"	0	0	1	0.116	0.441	0.443	-0.053	-0.253	0.353	0.659	"3"
"制"	0	1	0	0.116	0.441	0.443	-0.053	0.356	-0.254	0.663	"2"
"制造业"	1	0	0	0.116	0.441	0.443	0.937	-0.253	-0.254	1.444	"1"
"削弱"	1	0	0	0.116	0.441	0.443	0.937	-0.253	-0.254	1.444	"1"
"前夕"	1	0	0	0.116	0.441	0.443	0.937	-0.253	-0.254	1.444	"1"
"前瞻"	0	2	0	0.231	0.882	0.887	-0.107	0.711	-0.509	1.327	"2"
"剑潭"	0	1	0	0.116	0.441	0.443	-0.053	0.356	-0.254	0.663	"2"
"副"	0	0	1	0.116	0.441	0.443	-0.053	-0.253	0.353	0.659	"3"
"副主席"	0	0	1	0.116	0.441	0.443	-0.053	-0.253	0.353	0.659	"3"
"副部长"	0	0	2	0.231	0.882	0.887	-0.107	-0.505	0.706	1.318	"3"
"办"	0	4	2	0.693	2.646	2.661	-0.32	0.619	-0.342	1.281	"2"
"务"	0	1	0	0.116	0.441	0.443	-0.053	0.356	-0.254	0.663	"2"
"动力"	0	1	0	0.116	0.441	0.443	-0.053	0.356	-0.254	0.663	"2"
"动态"	0	1	0	0.116	0.441	0.443	-0.053	0.356	-0.254	0.663	"2"
"劲吹"	0	1	0	0.116	0.441	0.443	-0.053	0.356	-0.254	0.663	"2"
"勉励"	0	0	1	0.116	0.441	0.443	-0.053	-0.253	0.353	0.659	"3"
"包机"	0	0	1	0.116	0.441	0.443	-0.053	-0.253	0.353	0.659	"3"
"匈牙利"	0	2	0	0.231	0.882	0.887	-0.107	0.711	-0.509	1.327	"2"
"化"	0	0	1	0.116	0.441	0.443	-0.053	-0.253	0.353	0.659	"3"
"化解"	0	1	0	0.116	0.441	0.443	-0.053	0.356	-0.254	0.663	"2"
"北"	1	0	0	0.116	0.441	0.443	0.937	-0.253	-0.254	1.444	"1"
"北京"	9	11	19	4.505	17.2	17.294	1.51	-1.507	0.46	3.477	"1"
"北京人"	0	0	1	0.116	0.441	0.443	-0.053	-0.253	0.353	0.659	"3"
"北京师"	0	1	0	0.116	0.441	0.443	-0.053	0.356	-0.254	0.663	"2"
"北县"	0	0	1	0.116	0.441	0.443	-0.053	-0.253	0.353	0.659	"3"
"北大"	0	2	1	0.347	1.323	1.33	-0.16	0.385	-0.233	0.778	"2"
"北新"	0	1	0	0.116	0.441	0.443	-0.053	0.356	-0.254	0.663	"2"
"北漂"	0	2	0	0.231	0.882	0.887	-0.107	0.711	-0.509	1.327	"2"
"北非"	0	0	1	0.116	0.441	0.443	-0.053	-0.253	0.353	0.659	"3"
"医务"	0	0	2	0.231	0.882	0.887	-0.107	-0.505	0.706	1.318	"3"
"医学会"	0	1	2	0.347	1.323	1.33	-0.16	-0.231	0.381	0.772	"3"
"医学院"	0	0	1	0.116	0.441	0.443	-0.053	-0.253	0.353	0.659	"3"
"医药"	0	0	1	0.116	0.441	0.443	-0.053	-0.253	0.353	0.659	"3"
"十七日"	0	1	0	0.116	0.441	0.443	-0.053	0.356	-0.254	0.663	"2"
"十三"	0	0	1	0.116	0.441	0.443	-0.053	-0.253	0.353	0.659	"3"
"十三周年"	0	0	2	0.231	0.882	0.887	-0.107	-0.505	0.706	1.318	"3"
"十三时"	0	1	0	0.116	0.441	0.443	-0.053	0.356	-0.254	0.663	"2"
"十二月"	0	2	0	0.231	0.882	0.887	-0.107	0.711	-0.509	1.327	"2"
"十五时"	0	2	0	0.231	0.882	0.887	-0.107	0.711	-0.509	1.327	"2"
"十八日"	0	1	1	0.231	0.882	0.887	-0.107	0.163	0.161	0.431	"2"
"十四日"	0	1	0	0.116	0.441	0.443	-0.053	0.356	-0.254	0.663	"2"
"十四时"	0	4	2	0.693	2.646	2.661	-0.32	0.619	-0.342	1.281	"2"
"华人"	0	3	0	0.347	1.323	1.33	-0.16	1.067	-0.763	1.99	"2"
"华商"	0	0	1	0.116	0.441	0.443	-0.053	-0.253	0.353	0.659	"3"
"华府"	0	1	0	0.116	0.441	0.443	-0.053	0.356	-0.254	0.663	"2"
"华投资"	0	0	1	0.116	0.441	0.443	-0.053	-0.253	0.353	0.659	"3"
"华教"	0	0	1	0.116	0.441	0.443	-0.053	-0.253	0.353	0.659	"3"
"华航"	0	0	2	0.231	0.882	0.887	-0.107	-0.505	0.706	1.318	"3"
"华语"	0	1	1	0.231	0.882	0.887	-0.107	0.163	0.161	0.431	"2"
"协会"	0	3	8	1.271	4.851	4.878	-0.586	-0.682	1.254	2.522	"3"
"协办"	0	3	0	0.347	1.323	1.33	-0.16	1.067	-0.763	1.99	"2"
"卓丹"	0	1	0	0.116	0.441	0.443	-0.053	0.356	-0.254	0.663	"2"
"单日"	1	0	0	0.116	0.441	0.443	0.937	-0.253	-0.254	1.444	"1"
"单行本"	0	0	1	0.116	0.441	0.443	-0.053	-0.253	0.353	0.659	"3"
"南"	2	0	0	0.231	0.882	0.887	1.875	-0.505	-0.509	2.889	"1"
"南京市"	0	1	0	0.116	0.441	0.443	-0.053	0.356	-0.254	0.663	"2"
"南区"	0	1	0	0.116	0.441	0.443	-0.053	0.356	-0.254	0.663	"2"
"南岳"	0	0	2	0.231	0.882	0.887	-0.107	-0.505	0.706	1.318	"3"
"南方"	0	0	1	0.116	0.441	0.443	-0.053	-0.253	0.353	0.659	"3"
"南洋"	0	0	1	0.116	0.441	0.443	-0.053	-0.253	0.353	0.659	"3"
"博"	1	0	0	0.116	0.441	0.443	0.937	-0.253	-0.254	1.444	"1"
"博览会"	0	1	0	0.116	0.441	0.443	-0.053	0.356	-0.254	0.663	"2"
"博鳌"	5	0	0	0.578	2.205	2.217	4.687	-1.263	-1.272	7.222	"1"
"印"	0	0	1	0.116	0.441	0.443	-0.053	-0.253	0.353	0.659	"3"
"危机"	0	2	0	0.231	0.882	0.887	-0.107	0.711	-0.509	1.327	"2"
"厂商"	0	1	1	0.231	0.882	0.887	-0.107	0.163	0.161	0.431	"2"
"历时"	0	0	1	0.116	0.441	0.443	-0.053	-0.253	0.353	0.659	"3"
"原住民"	0	1	1	0.231	0.882	0.887	-0.107	0.163	0.161	0.431	"2"
"原住民族"	0	1	0	0.116	0.441	0.443	-0.053	0.356	-0.254	0.663	"2"
"原名"	1	0	0	0.116	0.441	0.443	0.937	-0.253	-0.254	1.444	"1"
"原本"	0	1	0	0.116	0.441	0.443	-0.053	0.356	-0.254	0.663	"2"
"县政府"	0	0	1	0.116	0.441	0.443	-0.053	-0.253	0.353	0.659	"3"
"参"	0	1	0	0.116	0.441	0.443	-0.053	0.356	-0.254	0.663	"2"
"参与"	1	1	2	0.462	1.764	1.774	0.411	-0.392	0.223	1.026	"1"
"参与式"	0	0	1	0.116	0.441	0.443	-0.053	-0.253	0.353	0.659	"3"
"参加"	3	4	19	3.004	11.467	11.529	-0.189	-2.705	2.541	5.435	"2"
"参观"	0	0	2	0.231	0.882	0.887	-0.107	-0.505	0.706	1.318	"3"
"参赞"	0	0	1	0.116	0.441	0.443	-0.053	-0.253	0.353	0.659	"3"
"双城"	0	1	0	0.116	0.441	0.443	-0.053	0.356	-0.254	0.663	"2"
"反恐"	0	1	2	0.347	1.323	1.33	-0.16	-0.231	0.381	0.772	"3"
"反馈"	0	0	1	0.116	0.441	0.443	-0.053	-0.253	0.353	0.659	"3"
"发"	0	1	1	0.231	0.882	0.887	-0.107	0.163	0.161	0.431	"2"
"发展"	1	6	4	1.271	4.851	4.878	-0.2	0.463	-0.383	1.046	"2"
"发表"	1	5	8	1.617	6.174	6.208	-0.295	-0.441	0.615	1.351	"3"
"发言"	0	1	4	0.578	2.205	2.217	-0.267	-0.569	0.904	1.74	"3"
"召开"	1	6	32	4.505	17.2	17.294	-1.294	-3.852	5.818	10.964	"3"
"召集"	0	0	2	0.231	0.882	0.887	-0.107	-0.505	0.706	1.318	"3"
"台"	0	5	3	0.924	3.528	3.548	-0.427	0.613	-0.308	1.348	"2"
"台东"	0	2	1	0.347	1.323	1.33	-0.16	0.385	-0.233	0.778	"2"
"台中市"	0	0	3	0.347	1.323	1.33	-0.16	-0.758	1.059	1.977	"3"
"台俄"	0	1	0	0.116	0.441	0.443	-0.053	0.356	-0.254	0.663	"2"
"台北"	0	6	4	1.155	4.41	4.434	-0.533	0.615	-0.283	1.431	"2"
"台北市"	0	1	1	0.231	0.882	0.887	-0.107	0.163	0.161	0.431	"2"
"台商"	0	3	3	0.693	2.646	2.661	-0.32	0.267	0.263	0.85	"1"
"台大"	0	6	1	0.809	3.087	3.104	-0.373	1.494	-0.963	2.83	"2"
"叶新田"	0	0	1	0.116	0.441	0.443	-0.053	-0.253	0.353	0.659	"3"
"司法"	0	0	2	0.231	0.882	0.887	-0.107	-0.505	0.706	1.318	"3"
"司法院"	0	0	3	0.347	1.323	1.33	-0.16	-0.758	1.059	1.977	"3"
"司法院长"	0	0	1	0.116	0.441	0.443	-0.053	-0.253	0.353	0.659	"3"
"吁"	1	1	0	0.231	0.882	0.887	0.662	0.163	-0.509	1.334	"1"
"各界"	0	0	1	0.116	0.441	0.443	-0.053	-0.253	0.353	0.659	"3"
"合"	1	1	1	0.347	1.323	1.33	0.511	-0.231	-0.233	0.975	"1"
"合作"	15	13	8	4.159	15.877	15.964	5.354	-0.671	-2.3	8.325	"1"
"合时"	1	0	0	0.116	0.441	0.443	0.937	-0.253	-0.254	1.444	"1"
"吉林市"	0	0	1	0.116	0.441	0.443	-0.053	-0.253	0.353	0.659	"3"
"同志"	0	1	2	0.347	1.323	1.33	-0.16	-0.231	0.381	0.772	"3"
"名城"	0	1	0	0.116	0.441	0.443	-0.053	0.356	-0.254	0.663	"2"
"名家"	0	1	0	0.116	0.441	0.443	-0.053	0.356	-0.254	0.663	"2"
"名校"	0	1	0	0.116	0.441	0.443	-0.053	0.356	-0.254	0.663	"2"
"后续"	2	0	0	0.231	0.882	0.887	1.875	-0.505	-0.509	2.889	"1"
"吕全成"	0	0	1	0.116	0.441	0.443	-0.053	-0.253	0.353	0.659	"3"
"听取"	0	0	4	0.462	1.764	1.774	-0.213	-1.01	1.413	2.636	"3"
"吴火狮"	0	1	0	0.116	0.441	0.443	-0.053	0.356	-0.254	0.663	"2"
"吸取"	0	1	0	0.116	0.441	0.443	-0.053	0.356	-0.254	0.663	"2"
"吸引"	0	0	2	0.231	0.882	0.887	-0.107	-0.505	0.706	1.318	"3"
"和平奖"	0	1	0	0.116	0.441	0.443	-0.053	0.356	-0.254	0.663	"2"
"品牌"	1	0	0	0.116	0.441	0.443	0.937	-0.253	-0.254	1.444	"1"
"哈尔滨市"	0	0	1	0.116	0.441	0.443	-0.053	-0.253	0.353	0.659	"3"
"唐南珊"	0	0	1	0.116	0.441	0.443	-0.053	-0.253	0.353	0.659	"3"
"唐家璇"	0	0	1	0.116	0.441	0.443	-0.053	-0.253	0.353	0.659	"3"
"唤"	0	1	0	0.116	0.441	0.443	-0.053	0.356	-0.254	0.663	"2"
"商业"	0	3	0	0.347	1.323	1.33	-0.16	1.067	-0.763	1.99	"2"
"商务部"	0	2	0	0.231	0.882	0.887	-0.107	0.711	-0.509	1.327	"2"
"商定"	0	1	1	0.231	0.882	0.887	-0.107	0.163	0.161	0.431	"2"
"商晚筠"	0	0	1	0.116	0.441	0.443	-0.053	-0.253	0.353	0.659	"3"
"商机"	0	1	1	0.231	0.882	0.887	-0.107	0.163	0.161	0.431	"2"
"善"	0	0	1	0.116	0.441	0.443	-0.053	-0.253	0.353	0.659	"3"
"喇嘛"	0	0	1	0.116	0.441	0.443	-0.053	-0.253	0.353	0.659	"3"
"嘉宾"	0	1	0	0.116	0.441	0.443	-0.053	0.356	-0.254	0.663	"2"
"四十"	0	0	1	0.116	0.441	0.443	-0.053	-0.253	0.353	0.659	"3"
"四十一"	0	0	1	0.116	0.441	0.443	-0.053	-0.253	0.353	0.659	"3"
"四十余"	0	0	1	0.116	0.441	0.443	-0.053	-0.253	0.353	0.659	"3"
"四川"	0	1	1	0.231	0.882	0.887	-0.107	0.163	0.161	0.431	"2"
"回归"	0	1	0	0.116	0.441	0.443	-0.053	0.356	-0.254	0.663	"2"
"回降"	1	0	0	0.116	0.441	0.443	0.937	-0.253	-0.254	1.444	"1"
"回顾"	0	2	0	0.231	0.882	0.887	-0.107	0.711	-0.509	1.327	"2"
"因应"	0	0	2	0.231	0.882	0.887	-0.107	-0.505	0.706	1.318	"3"
"团"	0	0	1	0.116	0.441	0.443	-0.053	-0.253	0.353	0.659	"3"
"团结"	0	1	0	0.116	0.441	0.443	-0.053	0.356	-0.254	0.663	"2"
"园区"	0	2	0	0.231	0.882	0.887	-0.107	0.711	-0.509	1.327	"2"
"困境"	0	0	1	0.116	0.441	0.443	-0.053	-0.253	0.353	0.659	"3"
"围绕"	0	2	0	0.231	0.882	0.887	-0.107	0.711	-0.509	1.327	"2"
"国事"	1	0	0	0.116	0.441	0.443	0.937	-0.253	-0.254	1.444	"1"
"国内外"	0	1	1	0.231	0.882	0.887	-0.107	0.163	0.161	0.431	"2"
"国务院"	0	0	1	0.116	0.441	0.443	-0.053	-0.253	0.353	0.659	"3"
"国华教"	0	0	1	0.116	0.441	0.443	-0.053	-0.253	0.353	0.659	"3"
"国宾"	0	1	0	0.116	0.441	0.443	-0.053	0.356	-0.254	0.663	"2"
"国是"	0	0	3	0.347	1.323	1.33	-0.16	-0.758	1.059	1.977	"3"
"国有企业"	0	0	1	0.116	0.441	0.443	-0.053	-0.253	0.353	0.659	"3"
"国民党"	0	1	1	0.231	0.882	0.887	-0.107	0.163	0.161	0.431	"2"
"国石"	0	0	1	0.116	0.441	0.443	-0.053	-0.253	0.353	0.659	"3"
"国科会"	0	1	0	0.116	0.441	0.443	-0.053	0.356	-0.254	0.663	"2"
"国立"	0	4	0	0.462	1.764	1.774	-0.213	1.422	-1.018	2.653	"2"
"国联"	0	1	0	0.116	0.441	0.443	-0.053	0.356	-0.254	0.663	"2"
"国贸局"	0	0	2	0.231	0.882	0.887	-0.107	-0.505	0.706	1.318	"3"
"国资委"	0	1	0	0.116	0.441	0.443	-0.053	0.356	-0.254	0.663	"2"
"国防"	0	1	2	0.347	1.323	1.33	-0.16	-0.231	0.381	0.772	"3"
"国际"	6	26	16	5.545	21.17	21.285	0.315	0.981	-1.091	2.387	"3"
"国际人权"	0	0	1	0.116	0.441	0.443	-0.053	-0.253	0.353	0.659	"3"
"国际会议厅"	0	2	0	0.231	0.882	0.887	-0.107	0.711	-0.509	1.327	"2"
"国际组"	3	0	0	0.347	1.323	1.33	2.812	-0.758	-0.763	4.333	"1"
"图书馆"	0	2	0	0.231	0.882	0.887	-0.107	0.711	-0.509	1.327	"2"
"圆"	0	1	0	0.116	0.441	0.443	-0.053	0.356	-0.254	0.663	"2"
"圆满"	0	1	0	0.116	0.441	0.443	-0.053	0.356	-0.254	0.663	"2"
"圣地牙哥"	0	1	0	0.116	0.441	0.443	-0.053	0.356	-0.254	0.663	"2"
"在"	0	0	1	0.116	0.441	0.443	-0.053	-0.253	0.353	0.659	"3"
"在即"	0	1	0	0.116	0.441	0.443	-0.053	0.356	-0.254	0.663	"2"
"在野党"	0	0	1	0.116	0.441	0.443	-0.053	-0.253	0.353	0.659	"3"
"地下"	0	1	0	0.116	0.441	0.443	-0.053	0.356	-0.254	0.663	"2"
"地区"	1	0	2	0.347	1.323	1.33	0.511	-0.758	0.381	1.65	"2"
"地方"	0	0	1	0.116	0.441	0.443	-0.053	-0.253	0.353	0.659	"3"
"场"	0	4	7	1.271	4.851	4.878	-0.586	-0.376	0.789	1.751	"3"
"城市"	0	2	1	0.347	1.323	1.33	-0.16	0.385	-0.233	0.778	"2"
"域"	0	0	1	0.116	0.441	0.443	-0.053	-0.253	0.353	0.659	"3"
"基地"	0	0	1	0.116	0.441	0.443	-0.053	-0.253	0.353	0.659	"3"
"基层"	0	0	2	0.231	0.882	0.887	-0.107	-0.505	0.706	1.318	"3"
"基本法"	0	0	3	0.347	1.323	1.33	-0.16	-0.758	1.059	1.977	"3"
"基金会"	0	1	1	0.231	0.882	0.887	-0.107	0.163	0.161	0.431	"2"
"塔拉瓦"	1	0	0	0.116	0.441	0.443	0.937	-0.253	-0.254	1.444	"1"
"声讨"	0	0	1	0.116	0.441	0.443	-0.053	-0.253	0.353	0.659	"3"
"备受"	0	0	1	0.116	0.441	0.443	-0.053	-0.253	0.353	0.659	"3"
"外事"	0	0	2	0.231	0.882	0.887	-0.107	-0.505	0.706	1.318	"3"
"外商"	0	0	1	0.116	0.441	0.443	-0.053	-0.253	0.353	0.659	"3"
"外联局"	0	1	0	0.116	0.441	0.443	-0.053	0.356	-0.254	0.663	"2"
"外长"	0	0	2	0.231	0.882	0.887	-0.107	-0.505	0.706	1.318	"3"
"大会"	0	8	2	1.155	4.41	4.434	-0.533	1.621	-0.97	3.124	"2"
"大会堂"	0	0	1	0.116	0.441	0.443	-0.053	-0.253	0.353	0.659	"3"
"大型"	0	1	0	0.116	0.441	0.443	-0.053	0.356	-0.254	0.663	"2"
"大学"	0	7	4	1.271	4.851	4.878	-0.586	0.8	-0.383	1.769	"2"
"大师"	0	0	2	0.231	0.882	0.887	-0.107	-0.505	0.706	1.318	"3"
"大汉"	0	1	0	0.116	0.441	0.443	-0.053	0.356	-0.254	0.663	"2"
"大礼堂"	0	0	1	0.116	0.441	0.443	-0.053	-0.253	0.353	0.659	"3"
"大隆路"	0	0	1	0.116	0.441	0.443	-0.053	-0.253	0.353	0.659	"3"
"天"	0	9	4	1.502	5.733	5.765	-0.693	1.212	-0.615	2.52	"2"
"天下"	0	0	1	0.116	0.441	0.443	-0.053	-0.253	0.353	0.659	"3"
"太学生"	0	1	0	0.116	0.441	0.443	-0.053	0.356	-0.254	0.663	"2"
"太平洋"	10	0	1	1.271	4.851	4.878	8.38	-2.779	-1.81	12.969	"1"
"太平洋岛"	1	0	0	0.116	0.441	0.443	0.937	-0.253	-0.254	1.444	"1"
"头条"	0	0	1	0.116	0.441	0.443	-0.053	-0.253	0.353	0.659	"3"
"奇卢巴"	1	0	0	0.116	0.441	0.443	0.937	-0.253	-0.254	1.444	"1"
"奋斗"	0	0	1	0.116	0.441	0.443	-0.053	-0.253	0.353	0.659	"3"
"奖章"	0	0	1	0.116	0.441	0.443	-0.053	-0.253	0.353	0.659	"3"
"奥林匹克"	0	1	1	0.231	0.882	0.887	-0.107	0.163	0.161	0.431	"2"
"奥运"	0	0	1	0.116	0.441	0.443	-0.053	-0.253	0.353	0.659	"3"
"如何"	0	2	1	0.347	1.323	1.33	-0.16	0.385	-0.233	0.778	"2"
"妇女"	0	4	0	0.462	1.764	1.774	-0.213	1.422	-1.018	2.653	"2"
"妇女权益"	0	0	1	0.116	0.441	0.443	-0.053	-0.253	0.353	0.659	"3"
"妇幼馆"	0	0	1	0.116	0.441	0.443	-0.053	-0.253	0.353	0.659	"3"
"妇联"	0	0	1	0.116	0.441	0.443	-0.053	-0.253	0.353	0.659	"3"
"妇联主"	0	0	1	0.116	0.441	0.443	-0.053	-0.253	0.353	0.659	"3"
"姆"	1	0	0	0.116	0.441	0.443	0.937	-0.253	-0.254	1.444	"1"
"委员"	0	0	5	0.578	2.205	2.217	-0.267	-1.263	1.766	3.296	"3"
"姜维"	0	1	0	0.116	0.441	0.443	-0.053	0.356	-0.254	0.663	"2"
"婚前"	0	0	1	0.116	0.441	0.443	-0.053	-0.253	0.353	0.659	"3"
"媒体"	0	2	0	0.231	0.882	0.887	-0.107	0.711	-0.509	1.327	"2"
"孔德福"	0	0	1	0.116	0.441	0.443	-0.053	-0.253	0.353	0.659	"3"
"字母"	1	0	0	0.116	0.441	0.443	0.937	-0.253	-0.254	1.444	"1"
"孙中山"	0	2	0	0.231	0.882	0.887	-0.107	0.711	-0.509	1.327	"2"
"孙姜全定"	0	1	0	0.116	0.441	0.443	-0.053	0.356	-0.254	0.663	"2"
"孙子"	0	0	1	0.116	0.441	0.443	-0.053	-0.253	0.353	0.659	"3"
"孙诒"	0	0	1	0.116	0.441	0.443	-0.053	-0.253	0.353	0.659	"3"
"学"	0	5	0	0.578	2.205	2.217	-0.267	1.778	-1.272	3.317	"2"
"学习"	0	0	1	0.116	0.441	0.443	-0.053	-0.253	0.353	0.659	"3"
"学会"	0	5	1	0.693	2.646	2.661	-0.32	1.198	-0.765	2.283	"2"
"学术"	0	22	2	2.773	10.585	10.643	-1.28	5.856	-3.817	10.953	"2"
"学者"	0	3	19	2.542	9.703	9.756	-1.173	-2.594	4.233	8	"3"
"安全"	0	3	1	0.462	1.764	1.774	-0.213	0.639	-0.396	1.248	"2"
"安定"	0	1	0	0.116	0.441	0.443	-0.053	0.356	-0.254	0.663	"2"
"安民"	0	0	1	0.116	0.441	0.443	-0.053	-0.253	0.353	0.659	"3"
"宗教"	0	0	1	0.116	0.441	0.443	-0.053	-0.253	0.353	0.659	"3"
"宗教界"	0	1	0	0.116	0.441	0.443	-0.053	0.356	-0.254	0.663	"2"
"宗旨"	2	1	0	0.347	1.323	1.33	1.432	-0.231	-0.763	2.426	"1"
"官"	0	0	1	0.116	0.441	0.443	-0.053	-0.253	0.353	0.659	"3"
"官员"	0	0	1	0.116	0.441	0.443	-0.053	-0.253	0.353	0.659	"3"
"定期"	0	0	1	0.116	0.441	0.443	-0.053	-0.253	0.353	0.659	"3"
"宣"	0	1	0	0.116	0.441	0.443	-0.053	0.356	-0.254	0.663	"2"
"宣言"	3	0	0	0.347	1.323	1.33	2.812	-0.758	-0.763	4.333	"1"
"宪"	0	1	0	0.116	0.441	0.443	-0.053	0.356	-0.254	0.663	"2"
"宪政"	0	2	1	0.347	1.323	1.33	-0.16	0.385	-0.233	0.778	"2"
"家访"	0	0	1	0.116	0.441	0.443	-0.053	-0.253	0.353	0.659	"3"
"寄望"	0	0	1	0.116	0.441	0.443	-0.053	-0.253	0.353	0.659	"3"
"富邦"	0	1	0	0.116	0.441	0.443	-0.053	0.356	-0.254	0.663	"2"
"对话"	1	1	0	0.231	0.882	0.887	0.662	0.163	-0.509	1.334	"1"
"对话会"	0	1	0	0.116	0.441	0.443	-0.053	0.356	-0.254	0.663	"2"
"对谈"	0	0	1	0.116	0.441	0.443	-0.053	-0.253	0.353	0.659	"3"
"对象"	0	1	0	0.116	0.441	0.443	-0.053	0.356	-0.254	0.663	"2"
"就"	0	0	5	0.578	2.205	2.217	-0.267	-1.263	1.766	3.296	"3"
"就业"	0	2	0	0.231	0.882	0.887	-0.107	0.711	-0.509	1.327	"2"
"层次"	1	0	0	0.116	0.441	0.443	0.937	-0.253	-0.254	1.444	"1"
"届"	3	16	15	3.928	14.995	15.077	-0.36	0.368	-0.251	0.979	"2"
"展"	0	2	0	0.231	0.882	0.887	-0.107	0.711	-0.509	1.327	"2"
"展会"	1	0	0	0.116	0.441	0.443	0.937	-0.253	-0.254	1.444	"1"
"展示"	0	1	0	0.116	0.441	0.443	-0.053	0.356	-0.254	0.663	"2"
"展览"	0	2	1	0.347	1.323	1.33	-0.16	0.385	-0.233	0.778	"2"
"展览会"	0	2	0	0.231	0.882	0.887	-0.107	0.711	-0.509	1.327	"2"
"岛国"	6	0	0	0.693	2.646	2.661	5.624	-1.516	-1.527	8.667	"1"
"岸"	0	1	0	0.116	0.441	0.443	-0.053	0.356	-0.254	0.663	"2"
"峰会"	1	0	1	0.231	0.882	0.887	0.662	-0.505	0.161	1.328	"1"
"川粮"	0	0	1	0.116	0.441	0.443	-0.053	-0.253	0.353	0.659	"3"
"工业区"	0	0	1	0.116	0.441	0.443	-0.053	-0.253	0.353	0.659	"3"
"工会"	0	0	2	0.231	0.882	0.887	-0.107	-0.505	0.706	1.318	"3"
"工作"	0	1	7	0.924	3.528	3.548	-0.427	-1.157	1.782	3.366	"3"
"工作会"	0	0	1	0.116	0.441	0.443	-0.053	-0.253	0.353	0.659	"3"
"工作者"	0	0	1	0.116	0.441	0.443	-0.053	-0.253	0.353	0.659	"3"
"市政"	0	2	0	0.231	0.882	0.887	-0.107	0.711	-0.509	1.327	"2"
"市长"	0	2	1	0.347	1.323	1.33	-0.16	0.385	-0.233	0.778	"2"
"布拉格"	0	0	2	0.231	0.882	0.887	-0.107	-0.505	0.706	1.318	"3"
"师生"	0	0	1	0.116	0.441	0.443	-0.053	-0.253	0.353	0.659	"3"
"师范"	0	1	0	0.116	0.441	0.443	-0.053	0.356	-0.254	0.663	"2"
"席"	0	0	2	0.231	0.882	0.887	-0.107	-0.505	0.706	1.318	"3"
"席顾秀莲"	0	0	1	0.116	0.441	0.443	-0.053	-0.253	0.353	0.659	"3"
"帷幕"	0	2	0	0.231	0.882	0.887	-0.107	0.711	-0.509	1.327	"2"
"常务"	0	1	0	0.116	0.441	0.443	-0.053	0.356	-0.254	0.663	"2"
"常委会"	0	0	1	0.116	0.441	0.443	-0.053	-0.253	0.353	0.659	"3"
"干"	0	0	1	0.116	0.441	0.443	-0.053	-0.253	0.353	0.659	"3"
"干部"	0	0	5	0.578	2.205	2.217	-0.267	-1.263	1.766	3.296	"3"
"平台"	1	0	0	0.116	0.441	0.443	0.937	-0.253	-0.254	1.444	"1"
"平洋"	1	0	0	0.116	0.441	0.443	0.937	-0.253	-0.254	1.444	"1"
"年"	1	0	0	0.116	0.441	0.443	0.937	-0.253	-0.254	1.444	"1"
"年会"	0	2	1	0.347	1.323	1.33	-0.16	0.385	-0.233	0.778	"2"
"年度"	0	0	1	0.116	0.441	0.443	-0.053	-0.253	0.353	0.659	"3"
"年期"	0	1	0	0.116	0.441	0.443	-0.053	0.356	-0.254	0.663	"2"
"并"	0	2	6	0.924	3.528	3.548	-0.427	-0.627	1.084	2.138	"3"
"并购"	0	0	1	0.116	0.441	0.443	-0.053	-0.253	0.353	0.659	"3"
"广州市"	0	0	1	0.116	0.441	0.443	-0.053	-0.253	0.353	0.659	"3"
"广邀"	0	0	1	0.116	0.441	0.443	-0.053	-0.253	0.353	0.659	"3"
"庄子"	0	1	0	0.116	0.441	0.443	-0.053	0.356	-0.254	0.663	"2"
"应用"	0	2	0	0.231	0.882	0.887	-0.107	0.711	-0.509	1.327	"2"
"应邀"	0	1	0	0.116	0.441	0.443	-0.053	0.356	-0.254	0.663	"2"
"座谈"	1	0	0	0.116	0.441	0.443	0.937	-0.253	-0.254	1.444	"1"
"座谈会"	0	0	4	0.462	1.764	1.774	-0.213	-1.01	1.413	2.636	"3"
"座谈会会"	0	0	1	0.116	0.441	0.443	-0.053	-0.253	0.353	0.659	"3"
"建言"	0	1	0	0.116	0.441	0.443	-0.053	0.356	-0.254	0.663	"2"
"开幕"	1	11	0	1.386	5.292	5.321	-0.23	3.057	-3.054	6.341	"2"
"开幕式"	1	0	2	0.347	1.323	1.33	0.511	-0.758	0.381	1.65	"2"
"开拓"	0	0	1	0.116	0.441	0.443	-0.053	-0.253	0.353	0.659	"3"
"开票"	0	0	1	0.116	0.441	0.443	-0.053	-0.253	0.353	0.659	"3"
"开闽"	0	0	1	0.116	0.441	0.443	-0.053	-0.253	0.353	0.659	"3"
"弊"	0	0	1	0.116	0.441	0.443	-0.053	-0.253	0.353	0.659	"3"
"式地"	1	0	0	0.116	0.441	0.443	0.937	-0.253	-0.254	1.444	"1"
"引"	0	0	1	0.116	0.441	0.443	-0.053	-0.253	0.353	0.659	"3"
"引言人"	0	0	1	0.116	0.441	0.443	-0.053	-0.253	0.353	0.659	"3"
"张博雅"	0	0	1	0.116	0.441	0.443	-0.053	-0.253	0.353	0.659	"3"
"张旭"	0	0	1	0.116	0.441	0.443	-0.053	-0.253	0.353	0.659	"3"
"强国"	2	0	0	0.231	0.882	0.887	1.875	-0.505	-0.509	2.889	"1"
"强生"	0	0	1	0.116	0.441	0.443	-0.053	-0.253	0.353	0.659	"3"
"强调"	0	0	10	1.155	4.41	4.434	-0.533	-2.526	3.532	6.591	"3"
"当前"	0	1	2	0.347	1.323	1.33	-0.16	-0.231	0.381	0.772	"3"
"当选"	0	0	1	0.116	0.441	0.443	-0.053	-0.253	0.353	0.659	"3"
"当面"	0	0	1	0.116	0.441	0.443	-0.053	-0.253	0.353	0.659	"3"
"形式"	0	0	1	0.116	0.441	0.443	-0.053	-0.253	0.353	0.659	"3"
"征"	0	0	1	0.116	0.441	0.443	-0.053	-0.253	0.353	0.659	"3"
"很多"	0	0	1	0.116	0.441	0.443	-0.053	-0.253	0.353	0.659	"3"
"徐州路"	0	1	0	0.116	0.441	0.443	-0.053	0.356	-0.254	0.663	"2"
"得主"	0	0	1	0.116	0.441	0.443	-0.053	-0.253	0.353	0.659	"3"
"微系"	0	1	0	0.116	0.441	0.443	-0.053	0.356	-0.254	0.663	"2"
"德中"	0	1	0	0.116	0.441	0.443	-0.053	0.356	-0.254	0.663	"2"
"德维尔潘"	0	0	1	0.116	0.441	0.443	-0.053	-0.253	0.353	0.659	"3"
"心力"	0	0	1	0.116	0.441	0.443	-0.053	-0.253	0.353	0.659	"3"
"志愿军"	0	0	1	0.116	0.441	0.443	-0.053	-0.253	0.353	0.659	"3"
"忠诚"	0	0	1	0.116	0.441	0.443	-0.053	-0.253	0.353	0.659	"3"
"思"	0	0	1	0.116	0.441	0.443	-0.053	-0.253	0.353	0.659	"3"
"思想"	0	0	5	0.578	2.205	2.217	-0.267	-1.263	1.766	3.296	"3"
"性质"	0	0	1	0.116	0.441	0.443	-0.053	-0.253	0.353	0.659	"3"
"总结"	0	1	0	0.116	0.441	0.443	-0.053	0.356	-0.254	0.663	"2"
"总统府"	0	0	1	0.116	0.441	0.443	-0.053	-0.253	0.353	0.659	"3"
"情势"	0	0	1	0.116	0.441	0.443	-0.053	-0.253	0.353	0.659	"3"
"意见"	0	1	4	0.578	2.205	2.217	-0.267	-0.569	0.904	1.74	"3"
"愤怒"	0	0	1	0.116	0.441	0.443	-0.053	-0.253	0.353	0.659	"3"
"愿景"	0	1	0	0.116	0.441	0.443	-0.053	0.356	-0.254	0.663	"2"
"慢性"	0	1	0	0.116	0.441	0.443	-0.053	0.356	-0.254	0.663	"2"
"成员"	3	1	2	0.693	2.646	2.661	1.628	-0.757	-0.342	2.727	"1"
"成员国"	4	0	0	0.462	1.764	1.774	3.749	-1.01	-1.018	5.777	"1"
"成果"	0	3	0	0.347	1.323	1.33	-0.16	1.067	-0.763	1.99	"2"
"成立"	4	1	1	0.693	2.646	2.661	2.657	-0.757	-0.765	4.179	"1"
"成都"	0	1	0	0.116	0.441	0.443	-0.053	0.356	-0.254	0.663	"2"
"战略"	1	2	0	0.347	1.323	1.33	0.511	0.385	-0.763	1.659	"3"
"战线"	0	0	1	0.116	0.441	0.443	-0.053	-0.253	0.353	0.659	"3"
"房地产业"	1	0	1	0.231	0.882	0.887	0.662	-0.505	0.161	1.328	"1"
"执政党籍"	0	0	1	0.116	0.441	0.443	-0.053	-0.253	0.353	0.659	"3"
"承办"	0	0	1	0.116	0.441	0.443	-0.053	-0.253	0.353	0.659	"3"
"技术"	0	3	1	0.462	1.764	1.774	-0.213	0.639	-0.396	1.248	"2"
"把脉"	0	1	0	0.116	0.441	0.443	-0.053	0.356	-0.254	0.663	"2"
"投洽会"	0	1	0	0.116	0.441	0.443	-0.053	0.356	-0.254	0.663	"2"
"投资"	1	1	0	0.231	0.882	0.887	0.662	0.163	-0.509	1.334	"1"
"报"	0	2	0	0.231	0.882	0.887	-0.107	0.711	-0.509	1.327	"2"
"报名"	0	1	0	0.116	0.441	0.443	-0.053	0.356	-0.254	0.663	"2"
"报名表"	0	1	0	0.116	0.441	0.443	-0.053	0.356	-0.254	0.663	"2"
"抨击"	0	0	1	0.116	0.441	0.443	-0.053	-0.253	0.353	0.659	"3"
"担当"	1	0	0	0.116	0.441	0.443	0.937	-0.253	-0.254	1.444	"1"
"拓展"	1	0	0	0.116	0.441	0.443	0.937	-0.253	-0.254	1.444	"1"
"拜会"	0	0	4	0.462	1.764	1.774	-0.213	-1.01	1.413	2.636	"3"
"拟"	2	0	0	0.231	0.882	0.887	1.875	-0.505	-0.509	2.889	"1"
"指出"	0	5	5	1.155	4.41	4.434	-0.533	0.326	0.32	1.179	"1"
"挑选"	0	1	0	0.116	0.441	0.443	-0.053	0.356	-0.254	0.663	"2"
"振兴"	0	0	1	0.116	0.441	0.443	-0.053	-0.253	0.353	0.659	"3"
"捐助人"	0	0	1	0.116	0.441	0.443	-0.053	-0.253	0.353	0.659	"3"
"据称"	0	0	1	0.116	0.441	0.443	-0.053	-0.253	0.353	0.659	"3"
"捷克"	0	0	1	0.116	0.441	0.443	-0.053	-0.253	0.353	0.659	"3"
"探讨"	0	5	1	0.693	2.646	2.661	-0.32	1.198	-0.765	2.283	"2"
"接受"	0	1	0	0.116	0.441	0.443	-0.053	0.356	-0.254	0.663	"2"
"接着"	0	0	1	0.116	0.441	0.443	-0.053	-0.253	0.353	0.659	"3"
"接见"	0	0	1	0.116	0.441	0.443	-0.053	-0.253	0.353	0.659	"3"
"推动"	3	0	1	0.462	1.764	1.774	2.249	-1.01	-0.396	3.655	"1"
"推广"	0	1	0	0.116	0.441	0.443	-0.053	0.356	-0.254	0.663	"2"
"提到"	0	0	1	0.116	0.441	0.443	-0.053	-0.253	0.353	0.659	"3"
"提升"	0	1	0	0.116	0.441	0.443	-0.053	0.356	-0.254	0.663	"2"
"揭幕"	0	1	0	0.116	0.441	0.443	-0.053	0.356	-0.254	0.663	"2"
"摘要"	0	1	0	0.116	0.441	0.443	-0.053	0.356	-0.254	0.663	"2"
"播"	0	2	0	0.231	0.882	0.887	-0.107	0.711	-0.509	1.327	"2"
"改选"	0	0	1	0.116	0.441	0.443	-0.053	-0.253	0.353	0.659	"3"
"改革"	0	1	2	0.347	1.323	1.33	-0.16	-0.231	0.381	0.772	"3"
"放开"	1	0	0	0.116	0.441	0.443	0.937	-0.253	-0.254	1.444	"1"
"放映室"	0	1	0	0.116	0.441	0.443	-0.053	0.356	-0.254	0.663	"2"
"政体制"	0	1	0	0.116	0.441	0.443	-0.053	0.356	-0.254	0.663	"2"
"政协报"	0	0	1	0.116	0.441	0.443	-0.053	-0.253	0.353	0.659	"3"
"政局"	0	2	0	0.231	0.882	0.887	-0.107	0.711	-0.509	1.327	"2"
"政治力"	0	1	0	0.116	0.441	0.443	-0.053	0.356	-0.254	0.663	"2"
"政治局"	0	0	3	0.347	1.323	1.33	-0.16	-0.758	1.059	1.977	"3"
"政策"	0	4	3	0.809	3.087	3.104	-0.373	0.429	-0.206	1.008	"2"
"故宫"	0	1	0	0.116	0.441	0.443	-0.053	0.356	-0.254	0.663	"2"
"教"	0	0	1	0.116	0.441	0.443	-0.053	-0.253	0.353	0.659	"3"
"教师"	0	1	0	0.116	0.441	0.443	-0.053	0.356	-0.254	0.663	"2"
"教育"	0	5	0	0.578	2.205	2.217	-0.267	1.778	-1.272	3.317	"2"
"教育厅"	0	0	1	0.116	0.441	0.443	-0.053	-0.253	0.353	0.659	"3"
"教育学"	0	1	0	0.116	0.441	0.443	-0.053	0.356	-0.254	0.663	"2"
"教育学术"	0	1	0	0.116	0.441	0.443	-0.053	0.356	-0.254	0.663	"2"
"教育学院"	0	1	0	0.116	0.441	0.443	-0.053	0.356	-0.254	0.663	"2"
"教育界"	0	0	1	0.116	0.441	0.443	-0.053	-0.253	0.353	0.659	"3"
"敦化南路"	0	1	0	0.116	0.441	0.443	-0.053	0.356	-0.254	0.663	"2"
"敦南"	0	1	0	0.116	0.441	0.443	-0.053	0.356	-0.254	0.663	"2"
"整理"	0	1	0	0.116	0.441	0.443	-0.053	0.356	-0.254	0.663	"2"
"文化"	0	2	1	0.347	1.323	1.33	-0.16	0.385	-0.233	0.778	"2"
"文化节"	1	0	0	0.116	0.441	0.443	0.937	-0.253	-0.254	1.444	"1"
"文化部"	0	1	0	0.116	0.441	0.443	-0.053	0.356	-0.254	0.663	"2"
"文教"	0	2	0	0.231	0.882	0.887	-0.107	0.711	-0.509	1.327	"2"
"文艺"	0	1	0	0.116	0.441	0.443	-0.053	0.356	-0.254	0.663	"2"
"文莱"	1	0	0	0.116	0.441	0.443	0.937	-0.253	-0.254	1.444	"1"
"文雅"	0	0	1	0.116	0.441	0.443	-0.053	-0.253	0.353	0.659	"3"
"新华网"	1	0	0	0.116	0.441	0.443	0.937	-0.253	-0.254	1.444	"1"
"新年"	0	1	0	0.116	0.441	0.443	-0.053	0.356	-0.254	0.663	"2"
"新政"	0	1	1	0.231	0.882	0.887	-0.107	0.163	0.161	0.431	"2"
"新购"	0	1	0	0.116	0.441	0.443	-0.053	0.356	-0.254	0.663	"2"
"新闻发布会"	0	2	0	0.231	0.882	0.887	-0.107	0.711	-0.509	1.327	"2"
"旅美"	0	1	0	0.116	0.441	0.443	-0.053	0.356	-0.254	0.663	"2"
"旅荷"	0	1	0	0.116	0.441	0.443	-0.053	0.356	-0.254	0.663	"2"
"族谱"	0	1	0	0.116	0.441	0.443	-0.053	0.356	-0.254	0.663	"2"
"族谱展"	0	1	0	0.116	0.441	0.443	-0.053	0.356	-0.254	0.663	"2"
"日内瓦"	0	0	1	0.116	0.441	0.443	-0.053	-0.253	0.353	0.659	"3"
"日前"	0	0	2	0.231	0.882	0.887	-0.107	-0.505	0.706	1.318	"3"
"日程"	0	1	0	0.116	0.441	0.443	-0.053	0.356	-0.254	0.663	"2"
"早报"	0	1	0	0.116	0.441	0.443	-0.053	0.356	-0.254	0.663	"2"
"时"	0	1	7	0.924	3.528	3.548	-0.427	-1.157	1.782	3.366	"3"
"时事"	0	2	0	0.231	0.882	0.887	-0.107	0.711	-0.509	1.327	"2"
"时期"	0	1	0	0.116	0.441	0.443	-0.053	0.356	-0.254	0.663	"2"
"时装"	0	1	0	0.116	0.441	0.443	-0.053	0.356	-0.254	0.663	"2"
"昆明"	0	0	1	0.116	0.441	0.443	-0.053	-0.253	0.353	0.659	"3"
"明"	0	0	1	0.116	0.441	0.443	-0.053	-0.253	0.353	0.659	"3"
"明天"	0	0	1	0.116	0.441	0.443	-0.053	-0.253	0.353	0.659	"3"
"明说"	0	0	1	0.116	0.441	0.443	-0.053	-0.253	0.353	0.659	"3"
"晚宴"	0	1	0	0.116	0.441	0.443	-0.053	0.356	-0.254	0.663	"2"
"晚间"	0	1	2	0.347	1.323	1.33	-0.16	-0.231	0.381	0.772	"3"
"智库"	0	1	0	0.116	0.441	0.443	-0.053	0.356	-0.254	0.663	"2"
"智慧"	0	0	1	0.116	0.441	0.443	-0.053	-0.253	0.353	0.659	"3"
"暨"	0	11	0	1.271	4.851	4.878	-0.586	3.911	-2.799	7.296	"2"
"曲艺"	0	1	0	0.116	0.441	0.443	-0.053	0.356	-0.254	0.663	"2"
"更名为"	1	0	0	0.116	0.441	0.443	0.937	-0.253	-0.254	1.444	"1"
"曼谷"	3	0	1	0.462	1.764	1.774	2.249	-1.01	-0.396	3.655	"1"
"有关"	0	1	1	0.231	0.882	0.887	-0.107	0.163	0.161	0.431	"2"
"服"	0	1	0	0.116	0.441	0.443	-0.053	0.356	-0.254	0.663	"2"
"服务商"	0	1	0	0.116	0.441	0.443	-0.053	0.356	-0.254	0.663	"2"
"服务处"	0	0	1	0.116	0.441	0.443	-0.053	-0.253	0.353	0.659	"3"
"期望"	0	0	1	0.116	0.441	0.443	-0.053	-0.253	0.353	0.659	"3"
"期间"	2	4	1	0.809	3.087	3.104	0.723	0.429	-0.963	2.115	"3"
"本土性"	0	1	0	0.116	0.441	0.443	-0.053	0.356	-0.254	0.663	"2"
"本文"	0	1	0	0.116	0.441	0.443	-0.053	0.356	-0.254	0.663	"2"
"本次"	3	0	3	0.693	2.646	2.661	1.628	-1.516	0.263	3.407	"1"
"朱立伦"	0	0	1	0.116	0.441	0.443	-0.053	-0.253	0.353	0.659	"3"
"机制"	1	0	0	0.116	0.441	0.443	0.937	-0.253	-0.254	1.444	"1"
"杂志"	0	1	0	0.116	0.441	0.443	-0.053	0.356	-0.254	0.663	"2"
"权益"	0	1	1	0.231	0.882	0.887	-0.107	0.163	0.161	0.431	"2"
"李"	0	1	0	0.116	0.441	0.443	-0.053	0.356	-0.254	0.663	"2"
"李伟"	0	0	1	0.116	0.441	0.443	-0.053	-0.253	0.353	0.659	"3"
"李德洙"	0	0	1	0.116	0.441	0.443	-0.053	-0.253	0.353	0.659	"3"
"李总集"	0	0	1	0.116	0.441	0.443	-0.053	-0.253	0.353	0.659	"3"
"李政道"	0	0	1	0.116	0.441	0.443	-0.053	-0.253	0.353	0.659	"3"
"李显龙"	0	1	0	0.116	0.441	0.443	-0.053	0.356	-0.254	0.663	"2"
"李洪志"	0	0	1	0.116	0.441	0.443	-0.053	-0.253	0.353	0.659	"3"
"李登辉"	0	0	1	0.116	0.441	0.443	-0.053	-0.253	0.353	0.659	"3"
"李高朝"	0	0	1	0.116	0.441	0.443	-0.053	-0.253	0.353	0.659	"3"
"来自"	0	4	5	1.04	3.969	3.991	-0.48	0.209	0.44	1.129	"1"
"杨瑛"	0	0	1	0.116	0.441	0.443	-0.053	-0.253	0.353	0.659	"3"
"杨雄"	1	0	0	0.116	0.441	0.443	0.937	-0.253	-0.254	1.444	"1"
"杰出"	0	0	1	0.116	0.441	0.443	-0.053	-0.253	0.353	0.659	"3"
"林得恩"	0	1	0	0.116	0.441	0.443	-0.053	0.356	-0.254	0.663	"2"
"林憬屏"	0	1	0	0.116	0.441	0.443	-0.053	0.356	-0.254	0.663	"2"
"架构"	0	0	1	0.116	0.441	0.443	-0.053	-0.253	0.353	0.659	"3"
"查察"	0	0	1	0.116	0.441	0.443	-0.053	-0.253	0.353	0.659	"3"
"柯达"	0	0	1	0.116	0.441	0.443	-0.053	-0.253	0.353	0.659	"3"
"柳州市"	0	1	0	0.116	0.441	0.443	-0.053	0.356	-0.254	0.663	"2"
"标准化"	1	0	0	0.116	0.441	0.443	0.937	-0.253	-0.254	1.444	"1"
"校友"	0	1	0	0.116	0.441	0.443	-0.053	0.356	-0.254	0.663	"2"
"校友会"	0	1	0	0.116	0.441	0.443	-0.053	0.356	-0.254	0.663	"2"
"校友会馆"	0	2	0	0.231	0.882	0.887	-0.107	0.711	-0.509	1.327	"2"
"核四"	0	2	3	0.578	2.205	2.217	-0.267	-0.215	0.404	0.886	"3"
"案件"	0	1	0	0.116	0.441	0.443	-0.053	0.356	-0.254	0.663	"2"
"梭多"	1	0	0	0.116	0.441	0.443	0.937	-0.253	-0.254	1.444	"1"
"模范"	0	0	2	0.231	0.882	0.887	-0.107	-0.505	0.706	1.318	"3"
"次"	2	14	17	3.812	14.554	14.634	-0.603	-0.305	0.592	1.5	"1"
"欢迎"	0	1	0	0.116	0.441	0.443	-0.053	0.356	-0.254	0.663	"2"
"欧锦赛"	0	2	0	0.231	0.882	0.887	-0.107	0.711	-0.509	1.327	"2"
"此次"	0	6	0	0.693	2.646	2.661	-0.32	2.133	-1.527	3.98	"2"
"武术"	0	1	0	0.116	0.441	0.443	-0.053	0.356	-0.254	0.663	"2"
"殷"	0	0	1	0.116	0.441	0.443	-0.053	-0.253	0.353	0.659	"3"
"民"	0	0	1	0.116	0.441	0.443	-0.053	-0.253	0.353	0.659	"3"
"民代"	0	0	1	0.116	0.441	0.443	-0.053	-0.253	0.353	0.659	"3"
"民代界"	0	0	1	0.116	0.441	0.443	-0.053	-0.253	0.353	0.659	"3"
"民营"	0	2	1	0.347	1.323	1.33	-0.16	0.385	-0.233	0.778	"2"
"民间组"	0	0	1	0.116	0.441	0.443	-0.053	-0.253	0.353	0.659	"3"
"水资"	0	0	1	0.116	0.441	0.443	-0.053	-0.253	0.353	0.659	"3"
"汇市"	0	1	0	0.116	0.441	0.443	-0.053	0.356	-0.254	0.663	"2"
"汇集"	0	1	0	0.116	0.441	0.443	-0.053	0.356	-0.254	0.663	"2"
"沙特阿拉伯"	1	0	0	0.116	0.441	0.443	0.937	-0.253	-0.254	1.444	"1"
"沙鹿"	0	1	0	0.116	0.441	0.443	-0.053	0.356	-0.254	0.663	"2"
"泉州"	0	1	1	0.231	0.882	0.887	-0.107	0.163	0.161	0.431	"2"
"波动"	0	0	1	0.116	0.441	0.443	-0.053	-0.253	0.353	0.659	"3"
"注目"	0	0	1	0.116	0.441	0.443	-0.053	-0.253	0.353	0.659	"3"
"洪读"	0	0	1	0.116	0.441	0.443	-0.053	-0.253	0.353	0.659	"3"
"活动"	0	0	1	0.116	0.441	0.443	-0.053	-0.253	0.353	0.659	"3"
"活动中心"	0	4	1	0.578	2.205	2.217	-0.267	0.912	-0.575	1.754	"2"
"洽谈"	0	1	0	0.116	0.441	0.443	-0.053	0.356	-0.254	0.663	"2"
"洽谈会"	2	0	1	0.347	1.323	1.33	1.432	-0.758	-0.233	2.423	"1"
"测验"	0	2	0	0.231	0.882	0.887	-0.107	0.711	-0.509	1.327	"2"
"济"	0	1	0	0.116	0.441	0.443	-0.053	0.356	-0.254	0.663	"2"
"浙江省"	0	1	0	0.116	0.441	0.443	-0.053	0.356	-0.254	0.663	"2"
"海南"	1	0	0	0.116	0.441	0.443	0.937	-0.253	-0.254	1.444	"1"
"海峡"	0	3	0	0.347	1.323	1.33	-0.16	1.067	-0.763	1.99	"2"
"淡江"	0	1	0	0.116	0.441	0.443	-0.053	0.356	-0.254	0.663	"2"
"深入"	0	0	1	0.116	0.441	0.443	-0.053	-0.253	0.353	0.659	"3"
"清华大学"	0	0	1	0.116	0.441	0.443	-0.053	-0.253	0.353	0.659	"3"
"渝港"	0	0	1	0.116	0.441	0.443	-0.053	-0.253	0.353	0.659	"3"
"温家宝"	0	0	4	0.462	1.764	1.774	-0.213	-1.01	1.413	2.636	"3"
"港澳"	0	0	1	0.116	0.441	0.443	-0.053	-0.253	0.353	0.659	"3"
"游轮"	0	1	0	0.116	0.441	0.443	-0.053	0.356	-0.254	0.663	"2"
"湖北"	0	0	1	0.116	0.441	0.443	-0.053	-0.253	0.353	0.659	"3"
"湾"	0	1	0	0.116	0.441	0.443	-0.053	0.356	-0.254	0.663	"2"
"演示"	0	1	0	0.116	0.441	0.443	-0.053	0.356	-0.254	0.663	"2"
"演讲"	0	2	0	0.231	0.882	0.887	-0.107	0.711	-0.509	1.327	"2"
"演说"	0	0	1	0.116	0.441	0.443	-0.053	-0.253	0.353	0.659	"3"
"澳"	0	0	1	0.116	0.441	0.443	-0.053	-0.253	0.353	0.659	"3"
"澳台"	0	0	1	0.116	0.441	0.443	-0.053	-0.253	0.353	0.659	"3"
"澳门"	0	1	3	0.462	1.764	1.774	-0.213	-0.392	0.633	1.238	"3"
"灵异"	0	1	0	0.116	0.441	0.443	-0.053	0.356	-0.254	0.663	"2"
"热点"	0	1	0	0.116	0.441	0.443	-0.053	0.356	-0.254	0.663	"2"
"热烈"	0	0	1	0.116	0.441	0.443	-0.053	-0.253	0.353	0.659	"3"
"焦点"	1	0	0	0.116	0.441	0.443	0.937	-0.253	-0.254	1.444	"1"
"特别年"	0	0	1	0.116	0.441	0.443	-0.053	-0.253	0.353	0.659	"3"
"特许"	0	0	1	0.116	0.441	0.443	-0.053	-0.253	0.353	0.659	"3"
"玉器"	0	1	0	0.116	0.441	0.443	-0.053	0.356	-0.254	0.663	"2"
"王金平"	1	0	2	0.347	1.323	1.33	0.511	-0.758	0.381	1.65	"2"
"环境卫生"	0	0	2	0.231	0.882	0.887	-0.107	-0.505	0.706	1.318	"3"
"环球"	0	1	1	0.231	0.882	0.887	-0.107	0.163	0.161	0.431	"2"
"环镇小"	0	1	0	0.116	0.441	0.443	-0.053	0.356	-0.254	0.663	"2"
"珠海"	0	1	0	0.116	0.441	0.443	-0.053	0.356	-0.254	0.663	"2"
"班子"	0	0	1	0.116	0.441	0.443	-0.053	-0.253	0.353	0.659	"3"
"理论"	0	0	8	0.924	3.528	3.548	-0.427	-2.021	2.825	5.273	"3"
"瓦希德"	0	0	1	0.116	0.441	0.443	-0.053	-0.253	0.353	0.659	"3"
"生前"	0	0	1	0.116	0.441	0.443	-0.053	-0.253	0.353	0.659	"3"
"生态"	0	1	0	0.116	0.441	0.443	-0.053	0.356	-0.254	0.663	"2"
"生技"	0	1	0	0.116	0.441	0.443	-0.053	0.356	-0.254	0.663	"2"
"生涯"	0	0	1	0.116	0.441	0.443	-0.053	-0.253	0.353	0.659	"3"
"生物"	0	2	0	0.231	0.882	0.887	-0.107	0.711	-0.509	1.327	"2"
"田弘茂"	1	0	0	0.116	0.441	0.443	0.937	-0.253	-0.254	1.444	"1"
"由"	0	9	10	2.195	8.38	8.425	-1.013	0.324	0.511	1.848	"1"
"电书"	0	1	0	0.116	0.441	0.443	-0.053	0.356	-0.254	0.663	"2"
"电子商务"	0	1	0	0.116	0.441	0.443	-0.053	0.356	-0.254	0.663	"2"
"电脑"	0	3	0	0.347	1.323	1.33	-0.16	1.067	-0.763	1.99	"2"
"电话"	0	1	0	0.116	0.441	0.443	-0.053	0.356	-0.254	0.663	"2"
"画册"	0	0	1	0.116	0.441	0.443	-0.053	-0.253	0.353	0.659	"3"
"畅谈"	0	2	0	0.231	0.882	0.887	-0.107	0.711	-0.509	1.327	"2"
"界"	0	1	0	0.116	0.441	0.443	-0.053	0.356	-0.254	0.663	"2"
"疾呼"	1	0	0	0.116	0.441	0.443	0.937	-0.253	-0.254	1.444	"1"
"病友"	0	1	0	0.116	0.441	0.443	-0.053	0.356	-0.254	0.663	"2"
"百姓"	0	1	1	0.231	0.882	0.887	-0.107	0.163	0.161	0.431	"2"
"百年"	0	1	0	0.116	0.441	0.443	-0.053	0.356	-0.254	0.663	"2"
"监狱"	0	0	1	0.116	0.441	0.443	-0.053	-0.253	0.353	0.659	"3"
"监管"	0	1	0	0.116	0.441	0.443	-0.053	0.356	-0.254	0.663	"2"
"目的"	0	1	0	0.116	0.441	0.443	-0.053	0.356	-0.254	0.663	"2"
"相"	0	0	2	0.231	0.882	0.887	-0.107	-0.505	0.706	1.318	"3"
"相互"	0	0	1	0.116	0.441	0.443	-0.053	-0.253	0.353	0.659	"3"
"相关"	0	3	2	0.578	2.205	2.217	-0.267	0.408	-0.218	0.893	"2"
"看中"	0	1	0	0.116	0.441	0.443	-0.053	0.356	-0.254	0.663	"2"
"着作权"	0	1	0	0.116	0.441	0.443	-0.053	0.356	-0.254	0.663	"2"
"知名"	0	1	1	0.231	0.882	0.887	-0.107	0.163	0.161	0.431	"2"
"知识经济"	0	0	2	0.231	0.882	0.887	-0.107	-0.505	0.706	1.318	"3"
"研"	0	1	0	0.116	0.441	0.443	-0.053	0.356	-0.254	0.663	"2"
"研究会"	0	0	1	0.116	0.441	0.443	-0.053	-0.253	0.353	0.659	"3"
"研究院"	0	2	0	0.231	0.882	0.887	-0.107	0.711	-0.509	1.327	"2"
"研讨"	0	3	0	0.347	1.323	1.33	-0.16	1.067	-0.763	1.99	"2"
"研讨会"	1	11	2	1.617	6.174	6.208	-0.295	2.02	-1.718	4.033	"2"
"硅岛"	0	0	1	0.116	0.441	0.443	-0.053	-0.253	0.353	0.659	"3"
"示"	0	1	1	0.231	0.882	0.887	-0.107	0.163	0.161	0.431	"2"
"礼遇"	0	0	1	0.116	0.441	0.443	-0.053	-0.253	0.353	0.659	"3"
"社科院"	0	1	0	0.116	0.441	0.443	-0.053	0.356	-0.254	0.663	"2"
"社长"	0	0	1	0.116	0.441	0.443	-0.053	-0.253	0.353	0.659	"3"
"祖"	0	0	1	0.116	0.441	0.443	-0.053	-0.253	0.353	0.659	"3"
"祖国"	0	0	1	0.116	0.441	0.443	-0.053	-0.253	0.353	0.659	"3"
"祝贺"	0	1	0	0.116	0.441	0.443	-0.053	0.356	-0.254	0.663	"2"
"神往"	0	0	1	0.116	0.441	0.443	-0.053	-0.253	0.353	0.659	"3"
"神经元"	0	1	0	0.116	0.441	0.443	-0.053	0.356	-0.254	0.663	"2"
"福利"	0	1	0	0.116	0.441	0.443	-0.053	0.356	-0.254	0.663	"2"
"福布斯"	0	0	1	0.116	0.441	0.443	-0.053	-0.253	0.353	0.659	"3"
"科学园区"	0	0	1	0.116	0.441	0.443	-0.053	-0.253	0.353	0.659	"3"
"科技"	0	11	1	1.386	5.292	5.321	-0.64	3.057	-2.03	5.727	"2"
"科罗拉多州"	0	0	1	0.116	0.441	0.443	-0.053	-0.253	0.353	0.659	"3"
"秘书处"	2	0	0	0.231	0.882	0.887	1.875	-0.505	-0.509	2.889	"1"
"秘书长"	3	0	0	0.347	1.323	1.33	2.812	-0.758	-0.763	4.333	"1"
"程建人"	0	0	1	0.116	0.441	0.443	-0.053	-0.253	0.353	0.659	"3"
"税费"	0	0	1	0.116	0.441	0.443	-0.053	-0.253	0.353	0.659	"3"
"突尼斯"	0	0	2	0.231	0.882	0.887	-0.107	-0.505	0.706	1.318	"3"
"突破"	0	1	1	0.231	0.882	0.887	-0.107	0.163	0.161	0.431	"2"
"立委"	0	1	5	0.693	2.646	2.661	-0.32	-0.757	1.188	2.265	"3"
"立法"	0	0	1	0.116	0.441	0.443	-0.053	-0.253	0.353	0.659	"3"
"立法委员"	0	0	1	0.116	0.441	0.443	-0.053	-0.253	0.353	0.659	"3"
"立法院"	0	1	4	0.578	2.205	2.217	-0.267	-0.569	0.904	1.74	"3"
"立法院长"	1	0	1	0.231	0.882	0.887	0.662	-0.505	0.161	1.328	"1"
"竞争力"	0	1	0	0.116	0.441	0.443	-0.053	0.356	-0.254	0.663	"2"
"竹山"	0	0	1	0.116	0.441	0.443	-0.053	-0.253	0.353	0.659	"3"
"竹科"	0	1	0	0.116	0.441	0.443	-0.053	0.356	-0.254	0.663	"2"
"第"	0	1	0	0.116	0.441	0.443	-0.053	0.356	-0.254	0.663	"2"
"第七"	0	1	0	0.116	0.441	0.443	-0.053	0.356	-0.254	0.663	"2"
"第九"	0	0	1	0.116	0.441	0.443	-0.053	-0.253	0.353	0.659	"3"
"第五"	0	2	1	0.347	1.323	1.33	-0.16	0.385	-0.233	0.778	"2"
"第八"	1	0	1	0.231	0.882	0.887	0.662	-0.505	0.161	1.328	"1"
"第六"	0	4	1	0.578	2.205	2.217	-0.267	0.912	-0.575	1.754	"2"
"等"	0	0	1	0.116	0.441	0.443	-0.053	-0.253	0.353	0.659	"3"
"策划人"	0	1	0	0.116	0.441	0.443	-0.053	0.356	-0.254	0.663	"2"
"策略"	0	1	0	0.116	0.441	0.443	-0.053	0.356	-0.254	0.663	"2"
"筹办"	0	1	0	0.116	0.441	0.443	-0.053	0.356	-0.254	0.663	"2"
"筹委会"	0	1	0	0.116	0.441	0.443	-0.053	0.356	-0.254	0.663	"2"
"简报"	0	0	1	0.116	0.441	0.443	-0.053	-0.253	0.353	0.659	"3"
"简报室"	0	0	1	0.116	0.441	0.443	-0.053	-0.253	0.353	0.659	"3"
"简钖"	0	1	0	0.116	0.441	0.443	-0.053	0.356	-0.254	0.663	"2"
"篇"	0	1	0	0.116	0.441	0.443	-0.053	0.356	-0.254	0.663	"2"
"系列"	0	2	2	0.462	1.764	1.774	-0.213	0.226	0.223	0.662	"2"
"约旦"	0	1	1	0.231	0.882	0.887	-0.107	0.163	0.161	0.431	"2"
"纪念"	0	1	7	0.924	3.528	3.548	-0.427	-1.157	1.782	3.366	"3"
"纲要"	0	0	1	0.116	0.441	0.443	-0.053	-0.253	0.353	0.659	"3"
"纲领"	0	0	1	0.116	0.441	0.443	-0.053	-0.253	0.353	0.659	"3"
"纳丹"	0	0	1	0.116	0.441	0.443	-0.053	-0.253	0.353	0.659	"3"
"纷"	0	1	0	0.116	0.441	0.443	-0.053	0.356	-0.254	0.663	"2"
"线"	0	0	1	0.116	0.441	0.443	-0.053	-0.253	0.353	0.659	"3"
"织"	0	0	1	0.116	0.441	0.443	-0.053	-0.253	0.353	0.659	"3"
"经合"	10	0	0	1.155	4.41	4.434	9.373	-2.526	-2.545	14.444	"1"
"经济"	6	1	5	1.386	5.292	5.321	2.928	-2.012	-0.263	5.203	"1"
"经济体系"	0	1	0	0.116	0.441	0.443	-0.053	0.356	-0.254	0.663	"2"
"经济部"	0	1	1	0.231	0.882	0.887	-0.107	0.163	0.161	0.431	"2"
"经营"	0	2	1	0.347	1.323	1.33	-0.16	0.385	-0.233	0.778	"2"
"经贸"	0	2	2	0.462	1.764	1.774	-0.213	0.226	0.223	0.662	"2"
"经验"	0	8	0	0.924	3.528	3.548	-0.427	2.844	-2.036	5.307	"2"
"结合"	0	0	3	0.347	1.323	1.33	-0.16	-0.758	1.059	1.977	"3"
"结束"	0	0	3	0.347	1.323	1.33	-0.16	-0.758	1.059	1.977	"3"
"统促会"	0	0	2	0.231	0.882	0.887	-0.107	-0.505	0.706	1.318	"3"
"综合性"	0	1	0	0.116	0.441	0.443	-0.053	0.356	-0.254	0.663	"2"
"综述"	0	0	1	0.116	0.441	0.443	-0.053	-0.253	0.353	0.659	"3"
"绿色"	0	0	1	0.116	0.441	0.443	-0.053	-0.253	0.353	0.659	"3"
"网"	0	0	1	0.116	0.441	0.443	-0.053	-0.253	0.353	0.659	"3"
"网友"	0	0	1	0.116	0.441	0.443	-0.053	-0.253	0.353	0.659	"3"
"网站"	1	0	0	0.116	0.441	0.443	0.937	-0.253	-0.254	1.444	"1"
"网路"	0	1	0	0.116	0.441	0.443	-0.053	0.356	-0.254	0.663	"2"
"网际"	0	1	0	0.116	0.441	0.443	-0.053	0.356	-0.254	0.663	"2"
"罢免"	0	1	1	0.231	0.882	0.887	-0.107	0.163	0.161	0.431	"2"
"罢免案"	0	1	0	0.116	0.441	0.443	-0.053	0.356	-0.254	0.663	"2"
"美术"	0	1	0	0.116	0.441	0.443	-0.053	0.356	-0.254	0.663	"2"
"群贤"	0	1	0	0.116	0.441	0.443	-0.053	0.356	-0.254	0.663	"2"
"翁岳生"	0	0	1	0.116	0.441	0.443	-0.053	-0.253	0.353	0.659	"3"
"老工业"	0	0	2	0.231	0.882	0.887	-0.107	-0.505	0.706	1.318	"3"
"考察"	0	0	2	0.231	0.882	0.887	-0.107	-0.505	0.706	1.318	"3"
"职涯"	0	1	0	0.116	0.441	0.443	-0.053	0.356	-0.254	0.663	"2"
"联"	0	1	0	0.116	0.441	0.443	-0.053	0.356	-0.254	0.663	"2"
"联办"	1	0	0	0.116	0.441	0.443	0.937	-0.253	-0.254	1.444	"1"
"联合"	0	1	2	0.347	1.323	1.33	-0.16	-0.231	0.381	0.772	"3"
"联合会"	0	0	1	0.116	0.441	0.443	-0.053	-0.253	0.353	0.659	"3"
"联席"	0	1	0	0.116	0.441	0.443	-0.053	0.356	-0.254	0.663	"2"
"联欢会"	0	0	1	0.116	0.441	0.443	-0.053	-0.253	0.353	0.659	"3"
"联谊"	0	1	0	0.116	0.441	0.443	-0.053	0.356	-0.254	0.663	"2"
"联谊社"	0	1	0	0.116	0.441	0.443	-0.053	0.356	-0.254	0.663	"2"
"聚首"	0	1	0	0.116	0.441	0.443	-0.053	0.356	-0.254	0.663	"2"
"股"	0	1	0	0.116	0.441	0.443	-0.053	0.356	-0.254	0.663	"2"
"股汇"	0	0	1	0.116	0.441	0.443	-0.053	-0.253	0.353	0.659	"3"
"肺炎"	0	2	1	0.347	1.323	1.33	-0.16	0.385	-0.233	0.778	"2"
"胡俊宏"	0	0	1	0.116	0.441	0.443	-0.053	-0.253	0.353	0.659	"3"
"胡锦涛"	0	0	2	0.231	0.882	0.887	-0.107	-0.505	0.706	1.318	"3"
"能源"	2	0	0	0.231	0.882	0.887	1.875	-0.505	-0.509	2.889	"1"
"自动化系"	0	1	0	0.116	0.441	0.443	-0.053	0.356	-0.254	0.663	"2"
"自强"	0	1	0	0.116	0.441	0.443	-0.053	0.356	-0.254	0.663	"2"
"自治"	0	1	0	0.116	0.441	0.443	-0.053	0.356	-0.254	0.663	"2"
"自由"	0	0	1	0.116	0.441	0.443	-0.053	-0.253	0.353	0.659	"3"
"自费"	0	0	1	0.116	0.441	0.443	-0.053	-0.253	0.353	0.659	"3"
"致函"	0	0	1	0.116	0.441	0.443	-0.053	-0.253	0.353	0.659	"3"
"致词"	0	1	3	0.462	1.764	1.774	-0.213	-0.392	0.633	1.238	"3"
"致辞"	1	0	1	0.231	0.882	0.887	0.662	-0.505	0.161	1.328	"1"
"船东"	0	0	2	0.231	0.882	0.887	-0.107	-0.505	0.706	1.318	"3"
"艺文"	0	1	0	0.116	0.441	0.443	-0.053	0.356	-0.254	0.663	"2"
"艺术"	0	1	0	0.116	0.441	0.443	-0.053	0.356	-0.254	0.663	"2"
"艾斯基布拉斯"	0	1	0	0.116	0.441	0.443	-0.053	0.356	-0.254	0.663	"2"
"花莲"	0	0	2	0.231	0.882	0.887	-0.107	-0.505	0.706	1.318	"3"
"英特尔"	0	1	0	0.116	0.441	0.443	-0.053	0.356	-0.254	0.663	"2"
"菅芒花"	0	1	0	0.116	0.441	0.443	-0.053	0.356	-0.254	0.663	"2"
"萧慧妮"	0	1	0	0.116	0.441	0.443	-0.053	0.356	-0.254	0.663	"2"
"萧美琴"	0	0	1	0.116	0.441	0.443	-0.053	-0.253	0.353	0.659	"3"
"萨利"	1	0	0	0.116	0.441	0.443	0.937	-0.253	-0.254	1.444	"1"
"落下"	0	1	0	0.116	0.441	0.443	-0.053	0.356	-0.254	0.663	"2"
"蓝图"	0	1	0	0.116	0.441	0.443	-0.053	0.356	-0.254	0.663	"2"
"蔡英文"	0	1	0	0.116	0.441	0.443	-0.053	0.356	-0.254	0.663	"2"
"行"	0	0	4	0.462	1.764	1.774	-0.213	-1.01	1.413	2.636	"3"
"行政院"	0	2	2	0.462	1.764	1.774	-0.213	0.226	0.223	0.662	"2"
"行政院长"	0	0	1	0.116	0.441	0.443	-0.053	-0.253	0.353	0.659	"3"
"行销"	0	1	0	0.116	0.441	0.443	-0.053	0.356	-0.254	0.663	"2"
"表"	0	0	1	0.116	0.441	0.443	-0.053	-0.253	0.353	0.659	"3"
"装备"	1	0	0	0.116	0.441	0.443	0.937	-0.253	-0.254	1.444	"1"
"西"	2	0	0	0.231	0.882	0.887	1.875	-0.505	-0.509	2.889	"1"
"西北"	0	2	0	0.231	0.882	0.887	-0.107	0.711	-0.509	1.327	"2"
"西部"	0	8	1	1.04	3.969	3.991	-0.48	2.106	-1.378	3.964	"2"
"西部大开发"	0	1	1	0.231	0.882	0.887	-0.107	0.163	0.161	0.431	"2"
"要员"	1	0	0	0.116	0.441	0.443	0.937	-0.253	-0.254	1.444	"1"
"观众"	0	0	1	0.116	0.441	0.443	-0.053	-0.253	0.353	0.659	"3"
"观察员"	1	0	0	0.116	0.441	0.443	0.937	-0.253	-0.254	1.444	"1"
"观摩"	0	1	0	0.116	0.441	0.443	-0.053	0.356	-0.254	0.663	"2"
"规划"	0	2	0	0.231	0.882	0.887	-0.107	0.711	-0.509	1.327	"2"
"览"	0	1	0	0.116	0.441	0.443	-0.053	0.356	-0.254	0.663	"2"
"订"	0	1	0	0.116	0.441	0.443	-0.053	0.356	-0.254	0.663	"2"
"认证"	0	2	0	0.231	0.882	0.887	-0.107	0.711	-0.509	1.327	"2"
"讨"	0	1	0	0.116	0.441	0.443	-0.053	0.356	-0.254	0.663	"2"
"讨论"	0	4	7	1.271	4.851	4.878	-0.586	-0.376	0.789	1.751	"3"
"讨论会"	0	1	0	0.116	0.441	0.443	-0.053	0.356	-0.254	0.663	"2"
"训诂学"	0	0	1	0.116	0.441	0.443	-0.053	-0.253	0.353	0.659	"3"
"议"	2	1	3	0.693	2.646	2.661	0.836	-0.757	0.263	1.856	"1"
"议会"	0	0	1	0.116	0.441	0.443	-0.053	-0.253	0.353	0.659	"3"
"议题"	0	1	1	0.231	0.882	0.887	-0.107	0.163	0.161	0.431	"2"
"讲"	0	1	2	0.347	1.323	1.33	-0.16	-0.231	0.381	0.772	"3"
"讲座"	0	2	0	0.231	0.882	0.887	-0.107	0.711	-0.509	1.327	"2"
"讲话"	0	1	7	0.924	3.528	3.548	-0.427	-1.157	1.782	3.366	"3"
"许惠祐"	0	1	0	0.116	0.441	0.443	-0.053	0.356	-0.254	0.663	"2"
"许玉"	0	0	1	0.116	0.441	0.443	-0.053	-0.253	0.353	0.659	"3"
"论坛"	15	9	1	2.888	11.026	11.086	8.042	-0.566	-5.042	13.65	"1"
"论文"	0	2	0	0.231	0.882	0.887	-0.107	0.711	-0.509	1.327	"2"
"设有"	0	0	1	0.116	0.441	0.443	-0.053	-0.253	0.353	0.659	"3"
"设立"	1	0	0	0.116	0.441	0.443	0.937	-0.253	-0.254	1.444	"1"
"设计"	2	0	0	0.231	0.882	0.887	1.875	-0.505	-0.509	2.889	"1"
"设计国"	0	0	1	0.116	0.441	0.443	-0.053	-0.253	0.353	0.659	"3"
"访华"	0	0	1	0.116	0.441	0.443	-0.053	-0.253	0.353	0.659	"3"
"证券市"	0	1	0	0.116	0.441	0.443	-0.053	0.356	-0.254	0.663	"2"
"评议"	0	0	5	0.578	2.205	2.217	-0.267	-1.263	1.766	3.296	"3"
"诊治"	0	0	1	0.116	0.441	0.443	-0.053	-0.253	0.353	0.659	"3"
"试点"	0	0	2	0.231	0.882	0.887	-0.107	-0.505	0.706	1.318	"3"
"诗"	0	0	1	0.116	0.441	0.443	-0.053	-0.253	0.353	0.659	"3"
"诗歌"	0	1	0	0.116	0.441	0.443	-0.053	0.356	-0.254	0.663	"2"
"诚品"	0	1	0	0.116	0.441	0.443	-0.053	0.356	-0.254	0.663	"2"
"话题"	0	1	2	0.347	1.323	1.33	-0.16	-0.231	0.381	0.772	"3"
"诞辰"	0	2	2	0.462	1.764	1.774	-0.213	0.226	0.223	0.662	"2"
"说明"	0	1	0	0.116	0.441	0.443	-0.053	0.356	-0.254	0.663	"2"
"请到"	0	0	1	0.116	0.441	0.443	-0.053	-0.253	0.353	0.659	"3"
"课堂教"	0	1	0	0.116	0.441	0.443	-0.053	0.356	-0.254	0.663	"2"
"谈"	1	1	1	0.347	1.323	1.33	0.511	-0.231	-0.233	0.975	"1"
"谈话"	0	0	1	0.116	0.441	0.443	-0.053	-0.253	0.353	0.659	"3"
"谢震"	0	1	0	0.116	0.441	0.443	-0.053	0.356	-0.254	0.663	"2"
"貍溪"	0	0	1	0.116	0.441	0.443	-0.053	-0.253	0.353	0.659	"3"
"贝瑞特"	0	1	0	0.116	0.441	0.443	-0.053	0.356	-0.254	0.663	"2"
"负责"	0	0	1	0.116	0.441	0.443	-0.053	-0.253	0.353	0.659	"3"
"负责人"	0	1	3	0.462	1.764	1.774	-0.213	-0.392	0.633	1.238	"3"
"财"	0	0	1	0.116	0.441	0.443	-0.053	-0.253	0.353	0.659	"3"
"财富"	0	1	0	0.116	0.441	0.443	-0.053	0.356	-0.254	0.663	"2"
"财政部"	0	0	1	0.116	0.441	0.443	-0.053	-0.253	0.353	0.659	"3"
"财经"	0	2	2	0.462	1.764	1.774	-0.213	0.226	0.223	0.662	"2"
"财长"	1	0	1	0.231	0.882	0.887	0.662	-0.505	0.161	1.328	"1"
"责"	0	0	1	0.116	0.441	0.443	-0.053	-0.253	0.353	0.659	"3"
"贸促会"	0	0	1	0.116	0.441	0.443	-0.053	-0.253	0.353	0.659	"3"
"贸易"	0	1	0	0.116	0.441	0.443	-0.053	0.356	-0.254	0.663	"2"
"贺陈旦"	0	0	1	0.116	0.441	0.443	-0.053	-0.253	0.353	0.659	"3"
"贾古玛"	0	0	1	0.116	0.441	0.443	-0.053	-0.253	0.353	0.659	"3"
"贾庆林"	0	0	2	0.231	0.882	0.887	-0.107	-0.505	0.706	1.318	"3"
"贾春旺"	0	0	1	0.116	0.441	0.443	-0.053	-0.253	0.353	0.659	"3"
"贿选"	0	0	1	0.116	0.441	0.443	-0.053	-0.253	0.353	0.659	"3"
"资讯"	0	3	0	0.347	1.323	1.33	-0.16	1.067	-0.763	1.99	"2"
"赞比亚"	1	0	0	0.116	0.441	0.443	0.937	-0.253	-0.254	1.444	"1"
"走出来"	0	1	0	0.116	0.441	0.443	-0.053	0.356	-0.254	0.663	"2"
"赵毅"	0	1	0	0.116	0.441	0.443	-0.053	0.356	-0.254	0.663	"2"
"赵永吉"	0	0	1	0.116	0.441	0.443	-0.053	-0.253	0.353	0.659	"3"
"起"	0	2	2	0.462	1.764	1.774	-0.213	0.226	0.223	0.662	"2"
"越南"	0	0	1	0.116	0.441	0.443	-0.053	-0.253	0.353	0.659	"3"
"趋势"	0	1	1	0.231	0.882	0.887	-0.107	0.163	0.161	0.431	"2"
"足球"	0	1	0	0.116	0.441	0.443	-0.053	0.356	-0.254	0.663	"2"
"跨世纪"	0	3	0	0.347	1.323	1.33	-0.16	1.067	-0.763	1.99	"2"
"跻身"	1	0	0	0.116	0.441	0.443	0.937	-0.253	-0.254	1.444	"1"
"转衔"	0	0	1	0.116	0.441	0.443	-0.053	-0.253	0.353	0.659	"3"
"辅大"	0	1	0	0.116	0.441	0.443	-0.053	0.356	-0.254	0.663	"2"
"辅导"	0	0	1	0.116	0.441	0.443	-0.053	-0.253	0.353	0.659	"3"
"达赖"	0	0	1	0.116	0.441	0.443	-0.053	-0.253	0.353	0.659	"3"
"迎接"	0	1	0	0.116	0.441	0.443	-0.053	0.356	-0.254	0.663	"2"
"返台"	0	0	1	0.116	0.441	0.443	-0.053	-0.253	0.353	0.659	"3"
"进行"	0	1	4	0.578	2.205	2.217	-0.267	-0.569	0.904	1.74	"3"
"远东"	0	1	1	0.231	0.882	0.887	-0.107	0.163	0.161	0.431	"2"
"远景"	0	1	0	0.116	0.441	0.443	-0.053	0.356	-0.254	0.663	"2"
"远程教育"	0	0	1	0.116	0.441	0.443	-0.053	-0.253	0.353	0.659	"3"
"连养鱼"	0	1	0	0.116	0.441	0.443	-0.053	0.356	-0.254	0.663	"2"
"连战"	0	0	3	0.347	1.323	1.33	-0.16	-0.758	1.059	1.977	"3"
"适"	0	0	1	0.116	0.441	0.443	-0.053	-0.253	0.353	0.659	"3"
"选定"	0	1	0	0.116	0.441	0.443	-0.053	0.356	-0.254	0.663	"2"
"透过"	0	0	1	0.116	0.441	0.443	-0.053	-0.253	0.353	0.659	"3"
"透露"	0	2	0	0.231	0.882	0.887	-0.107	0.711	-0.509	1.327	"2"
"途径"	0	1	0	0.116	0.441	0.443	-0.053	0.356	-0.254	0.663	"2"
"通过"	0	0	2	0.231	0.882	0.887	-0.107	-0.505	0.706	1.318	"3"
"週六"	0	1	0	0.116	0.441	0.443	-0.053	0.356	-0.254	0.663	"2"
"週年"	0	0	1	0.116	0.441	0.443	-0.053	-0.253	0.353	0.659	"3"
"邀"	0	0	1	0.116	0.441	0.443	-0.053	-0.253	0.353	0.659	"3"
"邀请"	0	3	16	2.195	8.38	8.425	-1.013	-2.023	3.366	6.402	"3"
"邀集"	0	0	2	0.231	0.882	0.887	-0.107	-0.505	0.706	1.318	"3"
"邓振中"	0	1	0	0.116	0.441	0.443	-0.053	0.356	-0.254	0.663	"2"
"邱正雄"	0	0	1	0.116	0.441	0.443	-0.053	-0.253	0.353	0.659	"3"
"部长"	3	1	1	0.578	2.205	2.217	1.89	-0.569	-0.575	3.034	"1"
"部长级"	5	0	1	0.693	2.646	2.661	3.952	-1.516	-0.765	6.233	"1"
"酒师"	0	0	1	0.116	0.441	0.443	-0.053	-0.253	0.353	0.659	"3"
"释宪"	0	1	0	0.116	0.441	0.443	-0.053	0.356	-0.254	0.663	"2"
"里"	0	0	1	0.116	0.441	0.443	-0.053	-0.253	0.353	0.659	"3"
"里巴加湾"	1	0	0	0.116	0.441	0.443	0.937	-0.253	-0.254	1.444	"1"
"里斯本"	0	2	0	0.231	0.882	0.887	-0.107	0.711	-0.509	1.327	"2"
"里面"	0	1	0	0.116	0.441	0.443	-0.053	0.356	-0.254	0.663	"2"
"重组"	0	0	1	0.116	0.441	0.443	-0.053	-0.253	0.353	0.659	"3"
"重要"	0	0	3	0.347	1.323	1.33	-0.16	-0.758	1.059	1.977	"3"
"野声楼谷欣厅"	0	1	0	0.116	0.441	0.443	-0.053	0.356	-0.254	0.663	"2"
"金融"	0	3	1	0.462	1.764	1.774	-0.213	0.639	-0.396	1.248	"2"
"金边"	0	0	1	0.116	0.441	0.443	-0.053	-0.253	0.353	0.659	"3"
"针对"	0	2	4	0.693	2.646	2.661	-0.32	-0.338	0.612	1.27	"3"
"钱其琛"	0	0	1	0.116	0.441	0.443	-0.053	-0.253	0.353	0.659	"3"
"银行家"	0	0	1	0.116	0.441	0.443	-0.053	-0.253	0.353	0.659	"3"
"银行界"	0	0	1	0.116	0.441	0.443	-0.053	-0.253	0.353	0.659	"3"
"销"	0	0	1	0.116	0.441	0.443	-0.053	-0.253	0.353	0.659	"3"
"锁"	0	0	1	0.116	0.441	0.443	-0.053	-0.253	0.353	0.659	"3"
"长春"	0	1	0	0.116	0.441	0.443	-0.053	0.356	-0.254	0.663	"2"
"闭幕"	0	0	1	0.116	0.441	0.443	-0.053	-0.253	0.353	0.659	"3"
"防治"	0	3	0	0.347	1.323	1.33	-0.16	1.067	-0.763	1.99	"2"
"阿扁"	0	1	0	0.116	0.441	0.443	-0.053	0.356	-0.254	0.663	"2"
"际"	0	0	2	0.231	0.882	0.887	-0.107	-0.505	0.706	1.318	"3"
"陆"	0	0	1	0.116	0.441	0.443	-0.053	-0.253	0.353	0.659	"3"
"陆委会"	0	0	2	0.231	0.882	0.887	-0.107	-0.505	0.706	1.318	"3"
"陈哲男"	0	0	1	0.116	0.441	0.443	-0.053	-0.253	0.353	0.659	"3"
"陈垣"	0	1	0	0.116	0.441	0.443	-0.053	0.356	-0.254	0.663	"2"
"陈文"	1	0	0	0.116	0.441	0.443	0.937	-0.253	-0.254	1.444	"1"
"陈明通"	0	0	1	0.116	0.441	0.443	-0.053	-0.253	0.353	0.659	"3"
"陈至立"	0	0	1	0.116	0.441	0.443	-0.053	-0.253	0.353	0.659	"3"
"陕西省"	0	0	1	0.116	0.441	0.443	-0.053	-0.253	0.353	0.659	"3"
"院长"	0	0	2	0.231	0.882	0.887	-0.107	-0.505	0.706	1.318	"3"
"障碍"	0	0	1	0.116	0.441	0.443	-0.053	-0.253	0.353	0.659	"3"
"难以为继"	0	1	0	0.116	0.441	0.443	-0.053	0.356	-0.254	0.663	"2"
"集思广益"	0	0	1	0.116	0.441	0.443	-0.053	-0.253	0.353	0.659	"3"
"集集"	0	1	0	0.116	0.441	0.443	-0.053	0.356	-0.254	0.663	"2"
"青岛"	0	0	1	0.116	0.441	0.443	-0.053	-0.253	0.353	0.659	"3"
"青年"	0	3	1	0.462	1.764	1.774	-0.213	0.639	-0.396	1.248	"2"
"青辅会"	0	1	0	0.116	0.441	0.443	-0.053	0.356	-0.254	0.663	"2"
"非"	1	5	1	0.809	3.087	3.104	0.239	0.849	-0.963	2.051	"3"
"非典型"	0	2	1	0.347	1.323	1.33	-0.16	0.385	-0.233	0.778	"2"
"非凡"	0	0	1	0.116	0.441	0.443	-0.053	-0.253	0.353	0.659	"3"
"非官方"	1	0	0	0.116	0.441	0.443	0.937	-0.253	-0.254	1.444	"1"
"非常"	1	1	0	0.231	0.882	0.887	0.662	0.163	-0.509	1.334	"1"
"非正式"	1	0	0	0.116	0.441	0.443	0.937	-0.253	-0.254	1.444	"1"
"非洲"	4	3	1	0.924	3.528	3.548	2.072	-0.303	-1.168	3.543	"1"
"面向"	0	1	0	0.116	0.441	0.443	-0.053	0.356	-0.254	0.663	"2"
"面对面"	0	0	1	0.116	0.441	0.443	-0.053	-0.253	0.353	0.659	"3"
"革新"	0	0	1	0.116	0.441	0.443	-0.053	-0.253	0.353	0.659	"3"
"韩"	0	0	1	0.116	0.441	0.443	-0.053	-0.253	0.353	0.659	"3"
"音乐季"	0	0	1	0.116	0.441	0.443	-0.053	-0.253	0.353	0.659	"3"
"项"	0	11	5	1.848	7.057	7.095	-0.853	1.38	-0.672	2.905	"2"
"顺序"	1	0	0	0.116	0.441	0.443	0.937	-0.253	-0.254	1.444	"1"
"顾秀莲"	0	0	1	0.116	0.441	0.443	-0.053	-0.253	0.353	0.659	"3"
"顾问"	0	0	1	0.116	0.441	0.443	-0.053	-0.253	0.353	0.659	"3"
"颁发"	0	1	0	0.116	0.441	0.443	-0.053	0.356	-0.254	0.663	"2"
"颁布"	0	0	2	0.231	0.882	0.887	-0.107	-0.505	0.706	1.318	"3"
"预订"	0	1	0	0.116	0.441	0.443	-0.053	0.356	-0.254	0.663	"2"
"领导"	0	0	2	0.231	0.882	0.887	-0.107	-0.505	0.706	1.318	"3"
"领袖"	2	0	1	0.347	1.323	1.33	1.432	-0.758	-0.233	2.423	"1"
"频宽"	0	1	0	0.116	0.441	0.443	-0.053	0.356	-0.254	0.663	"2"
"题"	0	2	1	0.347	1.323	1.33	-0.16	0.385	-0.233	0.778	"2"
"题为"	0	0	1	0.116	0.441	0.443	-0.053	-0.253	0.353	0.659	"3"
"风暴"	0	1	1	0.231	0.882	0.887	-0.107	0.163	0.161	0.431	"2"
"饭店"	0	4	0	0.462	1.764	1.774	-0.213	1.422	-1.018	2.653	"2"
"馆"	0	2	0	0.231	0.882	0.887	-0.107	0.711	-0.509	1.327	"2"
"馆召"	0	1	0	0.116	0.441	0.443	-0.053	0.356	-0.254	0.663	"2"
"首"	1	1	7	1.04	3.969	3.991	-0.142	-1.365	1.34	2.847	"2"
"首度"	0	1	2	0.347	1.323	1.33	-0.16	-0.231	0.381	0.772	"3"
"首脑"	1	0	0	0.116	0.441	0.443	0.937	-0.253	-0.254	1.444	"1"
"首长"	0	0	1	0.116	0.441	0.443	-0.053	-0.253	0.353	0.659	"3"
"马宝山"	0	0	1	0.116	0.441	0.443	-0.053	-0.253	0.353	0.659	"3"
"驻泰"	0	0	1	0.116	0.441	0.443	-0.053	-0.253	0.353	0.659	"3"
"高中生"	0	1	0	0.116	0.441	0.443	-0.053	0.356	-0.254	0.663	"2"
"高官"	1	0	0	0.116	0.441	0.443	0.937	-0.253	-0.254	1.444	"1"
"高层"	0	3	0	0.347	1.323	1.33	-0.16	1.067	-0.763	1.99	"2"
"高峰"	0	0	2	0.231	0.882	0.887	-0.107	-0.505	0.706	1.318	"3"
"高新"	0	3	0	0.347	1.323	1.33	-0.16	1.067	-0.763	1.99	"2"
"高校"	0	1	0	0.116	0.441	0.443	-0.053	0.356	-0.254	0.663	"2"
"高等"	0	2	1	0.347	1.323	1.33	-0.16	0.385	-0.233	0.778	"2"
"高级"	0	1	1	0.231	0.882	0.887	-0.107	0.163	0.161	0.431	"2"
"高行健"	0	2	0	0.231	0.882	0.887	-0.107	0.711	-0.509	1.327	"2"
"高雄县"	0	0	1	0.116	0.441	0.443	-0.053	-0.253	0.353	0.659	"3"
"高飞"	0	0	1	0.116	0.441	0.443	-0.053	-0.253	0.353	0.659	"3"
"鲸类"	0	1	0	0.116	0.441	0.443	-0.053	0.356	-0.254	0.663	"2"
"鳌"	1	0	0	0.116	0.441	0.443	0.937	-0.253	-0.254	1.444	"1"
"鹿鸣堂"	0	1	0	0.116	0.441	0.443	-0.053	0.356	-0.254	0.663	"2"
"麻省理工"	0	0	1	0.116	0.441	0.443	-0.053	-0.253	0.353	0.659	"3"
"黄石城"	0	0	1	0.116	0.441	0.443	-0.053	-0.253	0.353	0.659	"3"
"龙永图"	4	0	0	0.462	1.764	1.774	3.749	-1.01	-1.018	5.777	"1"
