"Coll_Word"	"1"	"2"	"3"	"exp_1"	"exp_2"	"exp_3"	"pbin_1"	"pbin_2"	"pbin_3"	"SumAbsDev"	"LargestDev"
"."	0	0	11	2.389	2.295	6.317	-1.17	-1.118	2.65	4.938	"3"
"”"	0	0	1	0.217	0.209	0.574	-0.106	-0.102	0.241	0.449	"3"
"10月"	0	2	0	0.434	0.417	1.148	-0.213	1.361	-0.742	2.316	"2"
"150多"	0	1	0	0.217	0.209	0.574	-0.106	0.681	-0.371	1.158	"2"
"17日"	0	0	1	0.217	0.209	0.574	-0.106	-0.102	0.241	0.449	"3"
"185"	1	0	0	0.217	0.209	0.574	0.663	-0.102	-0.371	1.136	"1"
"1996年"	0	1	0	0.217	0.209	0.574	-0.106	0.681	-0.371	1.158	"2"
"19世纪"	0	0	1	0.217	0.209	0.574	-0.106	-0.102	0.241	0.449	"3"
"2000年"	0	1	0	0.217	0.209	0.574	-0.106	0.681	-0.371	1.158	"2"
"21－22"	0	1	0	0.217	0.209	0.574	-0.106	0.681	-0.371	1.158	"2"
"21日"	0	1	0	0.217	0.209	0.574	-0.106	0.681	-0.371	1.158	"2"
"4国"	0	1	0	0.217	0.209	0.574	-0.106	0.681	-0.371	1.158	"2"
"6月"	0	1	0	0.217	0.209	0.574	-0.106	0.681	-0.371	1.158	"2"
"891002"	0	0	1	0.217	0.209	0.574	-0.106	-0.102	0.241	0.449	"3"
"ABAC"	0	1	0	0.217	0.209	0.574	-0.106	0.681	-0.371	1.158	"2"
"apec"	0	1	0	0.217	0.209	0.574	-0.106	0.681	-0.371	1.158	"2"
"APEC"	0	3	0	0.651	0.626	1.723	-0.319	2.042	-1.113	3.474	"2"
"Lott"	0	0	1	0.217	0.209	0.574	-0.106	-0.102	0.241	0.449	"3"
"Trent"	0	0	1	0.217	0.209	0.574	-0.106	-0.102	0.241	0.449	"3"
"一九九一年"	0	0	1	0.217	0.209	0.574	-0.106	-0.102	0.241	0.449	"3"
"一些"	0	1	2	0.651	0.626	1.723	-0.319	0.297	0.214	0.83	"1"
"一代"	0	2	0	0.434	0.417	1.148	-0.213	1.361	-0.742	2.316	"2"
"一千二百"	0	0	1	0.217	0.209	0.574	-0.106	-0.102	0.241	0.449	"3"
"一致"	0	2	2	0.869	0.834	2.297	-0.425	0.712	-0.245	1.382	"2"
"三"	0	4	1	1.086	1.043	2.871	-0.532	2.103	-0.965	3.6	"2"
"三代"	0	0	1	0.217	0.209	0.574	-0.106	-0.102	0.241	0.449	"3"
"三党"	0	0	4	0.869	0.834	2.297	-0.425	-0.406	0.964	1.795	"3"
"三十九"	0	0	1	0.217	0.209	0.574	-0.106	-0.102	0.241	0.449	"3"
"三同"	1	0	0	0.217	0.209	0.574	0.663	-0.102	-0.371	1.136	"1"
"三国"	0	1	1	0.434	0.417	1.148	-0.213	0.427	-0.174	0.814	"2"
"三等"	0	0	1	0.217	0.209	0.574	-0.106	-0.102	0.241	0.449	"3"
"三讲"	1	0	1	0.434	0.417	1.148	0.412	-0.203	-0.174	0.789	"1"
"上"	0	11	0	2.389	2.295	6.317	-1.17	7.487	-4.079	12.736	"2"
"上任"	2	0	0	0.434	0.417	1.148	1.326	-0.203	-0.742	2.271	"1"
"上缴"	1	0	0	0.217	0.209	0.574	0.663	-0.102	-0.371	1.136	"1"
"下"	1	0	22	4.994	4.798	13.207	-1.577	-2.337	4.284	8.198	"3"
"下台"	0	0	1	0.217	0.209	0.574	-0.106	-0.102	0.241	0.449	"3"
"下榻"	0	1	0	0.217	0.209	0.574	-0.106	0.681	-0.371	1.158	"2"
"不予"	0	0	1	0.217	0.209	0.574	-0.106	-0.102	0.241	0.449	"3"
"不准"	1	0	0	0.217	0.209	0.574	0.663	-0.102	-0.371	1.136	"1"
"不力"	1	0	0	0.217	0.209	0.574	0.663	-0.102	-0.371	1.136	"1"
"不满意"	2	0	0	0.434	0.417	1.148	1.326	-0.203	-0.742	2.271	"1"
"不要"	0	0	1	0.217	0.209	0.574	-0.106	-0.102	0.241	0.449	"3"
"与"	0	1	4	1.086	1.043	2.871	-0.532	-0.143	0.532	1.207	"1_&_3"
"与会"	0	0	4	0.869	0.834	2.297	-0.425	-0.406	0.964	1.795	"3"
"丑闻案"	0	0	1	0.217	0.209	0.574	-0.106	-0.102	0.241	0.449	"3"
"专项"	1	0	0	0.217	0.209	0.574	0.663	-0.102	-0.371	1.136	"1"
"业务部门"	1	0	0	0.217	0.209	0.574	0.663	-0.102	-0.371	1.136	"1"
"东"	0	0	3	0.651	0.626	1.723	-0.319	-0.305	0.723	1.347	"3"
"东协"	0	1	0	0.217	0.209	0.574	-0.106	0.681	-0.371	1.158	"2"
"东盟"	0	2	0	0.434	0.417	1.148	-0.213	1.361	-0.742	2.316	"2"
"两"	0	2	10	2.606	2.503	6.891	-1.276	-0.277	1.226	2.779	"1"
"两国"	0	1	8	1.954	1.878	5.168	-0.957	-0.387	1.283	2.627	"3"
"两岸"	0	0	4	0.869	0.834	2.297	-0.425	-0.406	0.964	1.795	"3"
"严肃"	1	0	0	0.217	0.209	0.574	0.663	-0.102	-0.371	1.136	"1"
"中"	0	1	0	0.217	0.209	0.574	-0.106	0.681	-0.371	1.158	"2"
"中东"	0	8	1	1.954	1.878	5.168	-0.957	4.58	-2.219	7.756	"2"
"中东欧"	0	1	0	0.217	0.209	0.574	-0.106	0.681	-0.371	1.158	"2"
"中共"	3	1	8	2.606	2.503	6.891	0.3	-0.6	0.435	1.335	"2"
"中和"	0	0	2	0.434	0.417	1.148	-0.213	-0.203	0.482	0.898	"3"
"中国"	0	2	11	2.823	2.712	7.465	-1.382	-0.328	1.403	3.113	"3"
"中国党"	0	0	1	0.217	0.209	0.574	-0.106	-0.102	0.241	0.449	"3"
"中央"	3	0	16	4.126	3.964	10.911	-0.417	-1.931	1.875	4.223	"2"
"中央政府"	1	0	0	0.217	0.209	0.574	0.663	-0.102	-0.371	1.136	"1"
"中方"	0	0	1	0.217	0.209	0.574	-0.106	-0.102	0.241	0.449	"3"
"中日"	0	0	2	0.434	0.417	1.148	-0.213	-0.203	0.482	0.898	"3"
"中旬"	0	1	0	0.217	0.209	0.574	-0.106	0.681	-0.371	1.158	"2"
"中朝"	0	0	1	0.217	0.209	0.574	-0.106	-0.102	0.241	0.449	"3"
"临时"	1	0	2	0.651	0.626	1.723	0.284	-0.305	0.214	0.803	"2"
"为首"	1	0	0	0.217	0.209	0.574	0.663	-0.102	-0.371	1.136	"1"
"主流派"	0	0	1	0.217	0.209	0.574	-0.106	-0.102	0.241	0.449	"3"
"主要"	6	1	5	2.606	2.503	6.891	1.543	-0.6	-0.683	2.826	"1"
"举"	0	0	1	0.217	0.209	0.574	-0.106	-0.102	0.241	0.449	"3"
"举国"	0	0	1	0.217	0.209	0.574	-0.106	-0.102	0.241	0.449	"3"
"举行"	0	20	6	5.646	5.424	14.93	-2.764	8.827	-3.402	14.993	"2"
"乃川"	0	0	1	0.217	0.209	0.574	-0.106	-0.102	0.241	0.449	"3"
"之下"	0	0	1	0.217	0.209	0.574	-0.106	-0.102	0.241	0.449	"3"
"之间"	0	1	0	0.217	0.209	0.574	-0.106	0.681	-0.371	1.158	"2"
"乌"	0	0	2	0.434	0.417	1.148	-0.213	-0.203	0.482	0.898	"3"
"乒协"	0	0	1	0.217	0.209	0.574	-0.106	-0.102	0.241	0.449	"3"
"乔安妮"	1	0	0	0.217	0.209	0.574	0.663	-0.102	-0.371	1.136	"1"
"习惯于"	1	0	0	0.217	0.209	0.574	0.663	-0.102	-0.371	1.136	"1"
"乡"	1	0	0	0.217	0.209	0.574	0.663	-0.102	-0.371	1.136	"1"
"乡村"	1	0	0	0.217	0.209	0.574	0.663	-0.102	-0.371	1.136	"1"
"乡镇"	2	0	0	0.434	0.417	1.148	1.326	-0.203	-0.742	2.271	"1"
"事态"	0	0	1	0.217	0.209	0.574	-0.106	-0.102	0.241	0.449	"3"
"事故"	1	0	0	0.217	0.209	0.574	0.663	-0.102	-0.371	1.136	"1"
"二○○三年"	0	0	1	0.217	0.209	0.574	-0.106	-0.102	0.241	0.449	"3"
"二00二年"	0	0	1	0.217	0.209	0.574	-0.106	-0.102	0.241	0.449	"3"
"二十一"	0	0	1	0.217	0.209	0.574	-0.106	-0.102	0.241	0.449	"3"
"二十一世纪"	0	0	1	0.217	0.209	0.574	-0.106	-0.102	0.241	0.449	"3"
"二十日"	0	1	1	0.434	0.417	1.148	-0.213	0.427	-0.174	0.814	"2"
"云升"	0	0	1	0.217	0.209	0.574	-0.106	-0.102	0.241	0.449	"3"
"互信"	0	0	1	0.217	0.209	0.574	-0.106	-0.102	0.241	0.449	"3"
"互访"	0	0	5	1.086	1.043	2.871	-0.532	-0.508	1.205	2.245	"3"
"亚"	0	0	1	0.217	0.209	0.574	-0.106	-0.102	0.241	0.449	"3"
"亚喀巴"	0	1	0	0.217	0.209	0.574	-0.106	0.681	-0.371	1.158	"2"
"亚太"	0	2	0	0.434	0.417	1.148	-0.213	1.361	-0.742	2.316	"2"
"亚太经合会"	0	2	0	0.434	0.417	1.148	-0.213	1.361	-0.742	2.316	"2"
"亚欧"	0	3	0	0.651	0.626	1.723	-0.319	2.042	-1.113	3.474	"2"
"亚洲"	0	0	1	0.217	0.209	0.574	-0.106	-0.102	0.241	0.449	"3"
"亚细"	0	1	0	0.217	0.209	0.574	-0.106	0.681	-0.371	1.158	"2"
"亚辛"	0	0	1	0.217	0.209	0.574	-0.106	-0.102	0.241	0.449	"3"
"亚齐"	0	0	3	0.651	0.626	1.723	-0.319	-0.305	0.723	1.347	"3"
"交换"	0	0	4	0.869	0.834	2.297	-0.425	-0.406	0.964	1.795	"3"
"交接"	0	0	1	0.217	0.209	0.574	-0.106	-0.102	0.241	0.449	"3"
"交给"	0	0	1	0.217	0.209	0.574	-0.106	-0.102	0.241	0.449	"3"
"交谈"	0	0	2	0.434	0.417	1.148	-0.213	-0.203	0.482	0.898	"3"
"亲切"	0	0	5	1.086	1.043	2.871	-0.532	-0.508	1.205	2.245	"3"
"亲率"	0	1	0	0.217	0.209	0.574	-0.106	0.681	-0.371	1.158	"2"
"亲王"	0	0	1	0.217	0.209	0.574	-0.106	-0.102	0.241	0.449	"3"
"亲自"	0	0	1	0.217	0.209	0.574	-0.106	-0.102	0.241	0.449	"3"
"人民"	0	0	8	1.737	1.669	4.594	-0.851	-0.813	1.927	3.591	"3"
"人物"	0	0	1	0.217	0.209	0.574	-0.106	-0.102	0.241	0.449	"3"
"人选"	0	2	1	0.651	0.626	1.723	-0.319	0.949	-0.41	1.678	"2"
"什叶派"	0	0	3	0.651	0.626	1.723	-0.319	-0.305	0.723	1.347	"3"
"今"	0	0	1	0.217	0.209	0.574	-0.106	-0.102	0.241	0.449	"3"
"介绍"	1	0	0	0.217	0.209	0.574	0.663	-0.102	-0.371	1.136	"1"
"他信"	0	0	1	0.217	0.209	0.574	-0.106	-0.102	0.241	0.449	"3"
"代"	1	1	2	0.869	0.834	2.297	0.205	0.216	-0.245	0.666	"3"
"代表"	1	4	2	1.52	1.46	4.02	-0.276	1.414	-0.909	2.599	"2"
"代表团"	0	0	1	0.217	0.209	0.574	-0.106	-0.102	0.241	0.449	"3"
"以上"	1	0	0	0.217	0.209	0.574	0.663	-0.102	-0.371	1.136	"1"
"以及"	0	1	8	1.954	1.878	5.168	-0.957	-0.387	1.283	2.627	"3"
"以国"	0	0	1	0.217	0.209	0.574	-0.106	-0.102	0.241	0.449	"3"
"以色列"	0	0	11	2.389	2.295	6.317	-1.17	-1.118	2.65	4.938	"3"
"仪式"	0	0	1	0.217	0.209	0.574	-0.106	-0.102	0.241	0.449	"3"
"们"	1	1	1	0.651	0.626	1.723	0.284	0.297	-0.41	0.991	"3"
"任"	1	0	1	0.434	0.417	1.148	0.412	-0.203	-0.174	0.789	"1"
"任期"	0	0	1	0.217	0.209	0.574	-0.106	-0.102	0.241	0.449	"3"
"企业界"	0	0	2	0.434	0.417	1.148	-0.213	-0.203	0.482	0.898	"3"
"企图"	0	0	1	0.217	0.209	0.574	-0.106	-0.102	0.241	0.449	"3"
"伊"	0	0	4	0.869	0.834	2.297	-0.425	-0.406	0.964	1.795	"3"
"伊拉克"	0	2	16	3.909	3.755	10.336	-1.914	-0.615	2.343	4.872	"3"
"伊斯兰"	0	0	2	0.434	0.417	1.148	-0.213	-0.203	0.482	0.898	"3"
"伊斯兰教"	0	0	2	0.434	0.417	1.148	-0.213	-0.203	0.482	0.898	"3"
"伊朗"	0	0	2	0.434	0.417	1.148	-0.213	-0.203	0.482	0.898	"3"
"优秀"	1	0	0	0.217	0.209	0.574	0.663	-0.102	-0.371	1.136	"1"
"会员"	0	0	1	0.217	0.209	0.574	-0.106	-0.102	0.241	0.449	"3"
"会晤"	0	22	4	5.646	5.424	14.93	-2.764	11.186	-4.89	18.84	"2"
"会见"	0	0	6	1.303	1.252	3.445	-0.638	-0.61	1.445	2.693	"3"
"会议"	0	44	6	10.857	10.431	28.712	-5.316	23.342	-10.517	39.175	"2"
"会谈"	0	1	7	1.737	1.669	4.594	-0.851	-0.32	1.086	2.257	"3"
"会面"	0	1	4	1.086	1.043	2.871	-0.532	-0.143	0.532	1.207	"1_&_3"
"伟大"	0	0	2	0.434	0.417	1.148	-0.213	-0.203	0.482	0.898	"3"
"传统式"	0	0	1	0.217	0.209	0.574	-0.106	-0.102	0.241	0.449	"3"
"伯"	0	1	0	0.217	0.209	0.574	-0.106	0.681	-0.371	1.158	"2"
"位"	0	1	14	3.257	3.129	8.614	-1.595	-0.829	2.53	4.954	"3"
"住村"	1	0	0	0.217	0.209	0.574	0.663	-0.102	-0.371	1.136	"1"
"体会"	1	0	0	0.217	0.209	0.574	0.663	-0.102	-0.371	1.136	"1"
"体制"	2	0	1	0.651	0.626	1.723	0.917	-0.305	-0.41	1.632	"1"
"体操"	2	0	0	0.434	0.417	1.148	1.326	-0.203	-0.742	2.271	"1"
"体育局"	2	0	0	0.434	0.417	1.148	1.326	-0.203	-0.742	2.271	"1"
"何厚"	0	0	1	0.217	0.209	0.574	-0.106	-0.102	0.241	0.449	"3"
"作出"	0	2	0	0.434	0.417	1.148	-0.213	1.361	-0.742	2.316	"2"
"作用"	1	0	0	0.217	0.209	0.574	0.663	-0.102	-0.371	1.136	"1"
"作风"	0	0	1	0.217	0.209	0.574	-0.106	-0.102	0.241	0.449	"3"
"佩雷拉"	0	0	1	0.217	0.209	0.574	-0.106	-0.102	0.241	0.449	"3"
"侨界"	0	0	1	0.217	0.209	0.574	-0.106	-0.102	0.241	0.449	"3"
"侯赛因"	0	0	1	0.217	0.209	0.574	-0.106	-0.102	0.241	0.449	"3"
"促成"	0	1	0	0.217	0.209	0.574	-0.106	0.681	-0.371	1.158	"2"
"促请"	0	0	1	0.217	0.209	0.574	-0.106	-0.102	0.241	0.449	"3"
"俄共"	0	0	2	0.434	0.417	1.148	-0.213	-0.203	0.482	0.898	"3"
"俄副"	0	0	1	0.217	0.209	0.574	-0.106	-0.102	0.241	0.449	"3"
"俄罗斯"	0	2	0	0.434	0.417	1.148	-0.213	1.361	-0.742	2.316	"2"
"俄美"	0	2	0	0.434	0.417	1.148	-0.213	1.361	-0.742	2.316	"2"
"保持"	0	0	1	0.217	0.209	0.574	-0.106	-0.102	0.241	0.449	"3"
"信访"	1	0	0	0.217	0.209	0.574	0.663	-0.102	-0.371	1.136	"1"
"倡议"	0	1	0	0.217	0.209	0.574	-0.106	0.681	-0.371	1.158	"2"
"倾向"	0	0	1	0.217	0.209	0.574	-0.106	-0.102	0.241	0.449	"3"
"倾听"	0	0	1	0.217	0.209	0.574	-0.106	-0.102	0.241	0.449	"3"
"做好"	2	0	0	0.434	0.417	1.148	1.326	-0.203	-0.742	2.271	"1"
"元首"	0	4	2	1.303	1.252	3.445	-0.638	1.704	-0.664	3.006	"2"
"充分"	1	0	0	0.217	0.209	0.574	0.663	-0.102	-0.371	1.136	"1"
"充实"	1	0	0	0.217	0.209	0.574	0.663	-0.102	-0.371	1.136	"1"
"克林顿"	0	1	1	0.434	0.417	1.148	-0.213	0.427	-0.174	0.814	"2"
"免于"	0	0	1	0.217	0.209	0.574	-0.106	-0.102	0.241	0.449	"3"
"党"	2	0	23	5.429	5.215	14.356	-1.166	-2.54	3.757	7.463	"3"
"党主席"	0	0	2	0.434	0.417	1.148	-0.213	-0.203	0.482	0.898	"3"
"党员"	2	0	0	0.434	0.417	1.148	1.326	-0.203	-0.742	2.271	"1"
"党团"	0	0	1	0.217	0.209	0.574	-0.106	-0.102	0.241	0.449	"3"
"党委"	3	0	0	0.651	0.626	1.723	1.99	-0.305	-1.113	3.408	"1"
"党政"	6	0	0	1.303	1.252	3.445	3.979	-0.61	-2.225	6.814	"1"
"党章"	0	0	1	0.217	0.209	0.574	-0.106	-0.102	0.241	0.449	"3"
"全体"	1	0	0	0.217	0.209	0.574	0.663	-0.102	-0.371	1.136	"1"
"全国"	6	0	4	2.171	2.086	5.742	2.012	-1.016	-0.673	3.701	"1"
"全国性宗"	0	0	1	0.217	0.209	0.574	-0.106	-0.102	0.241	0.449	"3"
"全球化"	0	0	1	0.217	0.209	0.574	-0.106	-0.102	0.241	0.449	"3"
"八国"	0	2	0	0.434	0.417	1.148	-0.213	1.361	-0.742	2.316	"2"
"公安"	1	0	0	0.217	0.209	0.574	0.663	-0.102	-0.371	1.136	"1"
"公开"	1	0	0	0.217	0.209	0.574	0.663	-0.102	-0.371	1.136	"1"
"公教"	0	0	1	0.217	0.209	0.574	-0.106	-0.102	0.241	0.449	"3"
"公认"	0	0	2	0.434	0.417	1.148	-0.213	-0.203	0.482	0.898	"3"
"六党"	0	0	1	0.217	0.209	0.574	-0.106	-0.102	0.241	0.449	"3"
"共产"	0	0	2	0.434	0.417	1.148	-0.213	-0.203	0.482	0.898	"3"
"共产党"	0	0	4	0.869	0.834	2.297	-0.425	-0.406	0.964	1.795	"3"
"共产党人"	0	0	1	0.217	0.209	0.574	-0.106	-0.102	0.241	0.449	"3"
"共同"	0	1	2	0.651	0.626	1.723	-0.319	0.297	0.214	0.83	"1"
"共和党"	0	0	2	0.434	0.417	1.148	-0.213	-0.203	0.482	0.898	"3"
"共商"	0	1	0	0.217	0.209	0.574	-0.106	0.681	-0.371	1.158	"2"
"共组"	0	0	1	0.217	0.209	0.574	-0.106	-0.102	0.241	0.449	"3"
"共识"	0	2	2	0.869	0.834	2.297	-0.425	0.712	-0.245	1.382	"2"
"共青团"	1	0	0	0.217	0.209	0.574	0.663	-0.102	-0.371	1.136	"1"
"关于"	1	2	1	0.869	0.834	2.297	0.205	0.712	-0.677	1.594	"2"
"关心"	1	0	1	0.434	0.417	1.148	0.412	-0.203	-0.174	0.789	"1"
"关怀"	0	0	2	0.434	0.417	1.148	-0.213	-0.203	0.482	0.898	"3"
"关系人员"	0	0	1	0.217	0.209	0.574	-0.106	-0.102	0.241	0.449	"3"
"兴"	0	0	1	0.217	0.209	0.574	-0.106	-0.102	0.241	0.449	"3"
"其他"	0	1	5	1.303	1.252	3.445	-0.638	-0.198	0.709	1.545	"3"
"具体"	1	0	1	0.434	0.417	1.148	0.412	-0.203	-0.174	0.789	"1"
"内罗"	0	0	1	0.217	0.209	0.574	-0.106	-0.102	0.241	0.449	"3"
"内阁"	1	0	1	0.434	0.417	1.148	0.412	-0.203	-0.174	0.789	"1"
"写给"	0	1	0	0.217	0.209	0.574	-0.106	0.681	-0.371	1.158	"2"
"军"	0	0	1	0.217	0.209	0.574	-0.106	-0.102	0.241	0.449	"3"
"军事"	0	0	1	0.217	0.209	0.574	-0.106	-0.102	0.241	0.449	"3"
"军人"	0	0	2	0.434	0.417	1.148	-0.213	-0.203	0.482	0.898	"3"
"军委"	2	0	0	0.434	0.417	1.148	1.326	-0.203	-0.742	2.271	"1"
"军政"	0	1	0	0.217	0.209	0.574	-0.106	0.681	-0.371	1.158	"2"
"军方"	0	0	1	0.217	0.209	0.574	-0.106	-0.102	0.241	0.449	"3"
"军警"	0	0	1	0.217	0.209	0.574	-0.106	-0.102	0.241	0.449	"3"
"军队"	0	0	2	0.434	0.417	1.148	-0.213	-0.203	0.482	0.898	"3"
"农德孟"	0	0	1	0.217	0.209	0.574	-0.106	-0.102	0.241	0.449	"3"
"冠名"	1	0	0	0.217	0.209	0.574	0.663	-0.102	-0.371	1.136	"1"
"冲突"	0	2	0	0.434	0.417	1.148	-0.213	1.361	-0.742	2.316	"2"
"决定"	0	2	1	0.651	0.626	1.723	-0.319	0.949	-0.41	1.678	"2"
"决心"	0	0	1	0.217	0.209	0.574	-0.106	-0.102	0.241	0.449	"3"
"决策"	0	0	1	0.217	0.209	0.574	-0.106	-0.102	0.241	0.449	"3"
"决议"	0	2	0	0.434	0.417	1.148	-0.213	1.361	-0.742	2.316	"2"
"净化"	0	0	1	0.217	0.209	0.574	-0.106	-0.102	0.241	0.449	"3"
"凝"	1	0	0	0.217	0.209	0.574	0.663	-0.102	-0.371	1.136	"1"
"凯瑟琳宫"	0	1	0	0.217	0.209	0.574	-0.106	0.681	-0.371	1.158	"2"
"出席"	2	12	1	3.257	3.129	8.614	-0.473	5.788	-4.236	10.497	"2"
"出面"	0	0	1	0.217	0.209	0.574	-0.106	-0.102	0.241	0.449	"3"
"分会"	0	0	1	0.217	0.209	0.574	-0.106	-0.102	0.241	0.449	"3"
"分工"	1	0	0	0.217	0.209	0.574	0.663	-0.102	-0.371	1.136	"1"
"分歧"	0	0	1	0.217	0.209	0.574	-0.106	-0.102	0.241	0.449	"3"
"分管"	1	0	0	0.217	0.209	0.574	0.663	-0.102	-0.371	1.136	"1"
"切实"	2	0	0	0.434	0.417	1.148	1.326	-0.203	-0.742	2.271	"1"
"切尔万"	0	1	0	0.217	0.209	0.574	-0.106	0.681	-0.371	1.158	"2"
"创始人"	0	0	1	0.217	0.209	0.574	-0.106	-0.102	0.241	0.449	"3"
"创效"	1	0	0	0.217	0.209	0.574	0.663	-0.102	-0.371	1.136	"1"
"利库德"	0	0	2	0.434	0.417	1.148	-0.213	-0.203	0.482	0.898	"3"
"利弊"	0	0	1	0.217	0.209	0.574	-0.106	-0.102	0.241	0.449	"3"
"利比"	0	0	2	0.434	0.417	1.148	-0.213	-0.203	0.482	0.898	"3"
"利比亚"	0	0	2	0.434	0.417	1.148	-0.213	-0.203	0.482	0.898	"3"
"别"	0	1	0	0.217	0.209	0.574	-0.106	0.681	-0.371	1.158	"2"
"到访"	0	1	1	0.434	0.417	1.148	-0.213	0.427	-0.174	0.814	"2"
"制定"	1	0	0	0.217	0.209	0.574	0.663	-0.102	-0.371	1.136	"1"
"制度"	6	0	1	1.52	1.46	4.02	3.224	-0.711	-1.577	5.512	"1"
"制止"	0	1	0	0.217	0.209	0.574	-0.106	0.681	-0.371	1.158	"2"
"前"	0	0	1	0.217	0.209	0.574	-0.106	-0.102	0.241	0.449	"3"
"前军政府"	0	0	1	0.217	0.209	0.574	-0.106	-0.102	0.241	0.449	"3"
"前总统"	0	0	2	0.434	0.417	1.148	-0.213	-0.203	0.482	0.898	"3"
"剑眉"	0	0	1	0.217	0.209	0.574	-0.106	-0.102	0.241	0.449	"3"
"副"	1	0	0	0.217	0.209	0.574	0.663	-0.102	-0.371	1.136	"1"
"副主任"	1	0	0	0.217	0.209	0.574	0.663	-0.102	-0.371	1.136	"1"
"副秘书长"	0	0	1	0.217	0.209	0.574	-0.106	-0.102	0.241	0.449	"3"
"副组长"	1	0	0	0.217	0.209	0.574	0.663	-0.102	-0.371	1.136	"1"
"劝告"	0	0	1	0.217	0.209	0.574	-0.106	-0.102	0.241	0.449	"3"
"办公室"	1	0	0	0.217	0.209	0.574	0.663	-0.102	-0.371	1.136	"1"
"加入"	0	0	1	0.217	0.209	0.574	-0.106	-0.102	0.241	0.449	"3"
"加强"	3	0	1	0.869	0.834	2.297	1.465	-0.406	-0.677	2.548	"1"
"加德"	1	0	0	0.217	0.209	0.574	0.663	-0.102	-0.371	1.136	"1"
"加朗"	0	0	1	0.217	0.209	0.574	-0.106	-0.102	0.241	0.449	"3"
"加沙"	0	1	0	0.217	0.209	0.574	-0.106	0.681	-0.371	1.158	"2"
"加籐"	0	0	1	0.217	0.209	0.574	-0.106	-0.102	0.241	0.449	"3"
"加纳"	0	0	2	0.434	0.417	1.148	-0.213	-0.203	0.482	0.898	"3"
"加萨走廊"	0	0	1	0.217	0.209	0.574	-0.106	-0.102	0.241	0.449	"3"
"务必"	1	0	0	0.217	0.209	0.574	0.663	-0.102	-0.371	1.136	"1"
"动员"	1	0	0	0.217	0.209	0.574	0.663	-0.102	-0.371	1.136	"1"
"劳工"	0	0	2	0.434	0.417	1.148	-0.213	-0.203	0.482	0.898	"3"
"勃兰特"	0	0	1	0.217	0.209	0.574	-0.106	-0.102	0.241	0.449	"3"
"勇气"	1	0	0	0.217	0.209	0.574	0.663	-0.102	-0.371	1.136	"1"
"勋章"	0	0	1	0.217	0.209	0.574	-0.106	-0.102	0.241	0.449	"3"
"勾勒"	0	0	1	0.217	0.209	0.574	-0.106	-0.102	0.241	0.449	"3"
"包润石"	0	0	2	0.434	0.417	1.148	-0.213	-0.203	0.482	0.898	"3"
"化村"	1	0	0	0.217	0.209	0.574	0.663	-0.102	-0.371	1.136	"1"
"北京市"	3	0	1	0.869	0.834	2.297	1.465	-0.406	-0.677	2.548	"1"
"北南"	0	1	0	0.217	0.209	0.574	-0.106	0.681	-0.371	1.158	"2"
"北爱"	0	0	1	0.217	0.209	0.574	-0.106	-0.102	0.241	0.449	"3"
"北爱尔兰"	0	0	1	0.217	0.209	0.574	-0.106	-0.102	0.241	0.449	"3"
"北韩"	0	0	5	1.086	1.043	2.871	-0.532	-0.508	1.205	2.245	"3"
"十一日电"	0	0	1	0.217	0.209	0.574	-0.106	-0.102	0.241	0.449	"3"
"千"	0	2	0	0.434	0.417	1.148	-0.213	1.361	-0.742	2.316	"2"
"华府"	0	0	1	0.217	0.209	0.574	-0.106	-0.102	0.241	0.449	"3"
"华社"	0	0	3	0.651	0.626	1.723	-0.319	-0.305	0.723	1.347	"3"
"协同"	0	0	1	0.217	0.209	0.574	-0.106	-0.102	0.241	0.449	"3"
"协议"	0	2	0	0.434	0.417	1.148	-0.213	1.361	-0.742	2.316	"2"
"协调"	1	1	1	0.651	0.626	1.723	0.284	0.297	-0.41	0.991	"3"
"单位"	3	0	0	0.651	0.626	1.723	1.99	-0.305	-1.113	3.408	"1"
"南北"	0	2	0	0.434	0.417	1.148	-0.213	1.361	-0.742	2.316	"2"
"南欧"	0	0	1	0.217	0.209	0.574	-0.106	-0.102	0.241	0.449	"3"
"南盟"	0	1	0	0.217	0.209	0.574	-0.106	0.681	-0.371	1.158	"2"
"南韩"	0	2	4	1.303	1.252	3.445	-0.638	0.437	0.309	1.384	"1"
"博士"	2	0	0	0.434	0.417	1.148	1.326	-0.203	-0.742	2.271	"1"
"卡伊"	0	0	1	0.217	0.209	0.574	-0.106	-0.102	0.241	0.449	"3"
"卡伊达"	0	0	2	0.434	0.417	1.148	-0.213	-0.203	0.482	0.898	"3"
"卡党"	0	0	1	0.217	0.209	0.574	-0.106	-0.102	0.241	0.449	"3"
"卡扎菲"	0	0	2	0.434	0.417	1.148	-0.213	-0.203	0.482	0.898	"3"
"卡比拉"	0	0	2	0.434	0.417	1.148	-0.213	-0.203	0.482	0.898	"3"
"卢森堡"	0	1	0	0.217	0.209	0.574	-0.106	0.681	-0.371	1.158	"2"
"卢班加"	0	0	1	0.217	0.209	0.574	-0.106	-0.102	0.241	0.449	"3"
"印尼"	0	0	2	0.434	0.417	1.148	-0.213	-0.203	0.482	0.898	"3"
"印度"	0	0	1	0.217	0.209	0.574	-0.106	-0.102	0.241	0.449	"3"
"厂"	0	0	1	0.217	0.209	0.574	-0.106	-0.102	0.241	0.449	"3"
"厂长"	0	0	2	0.434	0.417	1.148	-0.213	-0.203	0.482	0.898	"3"
"厄贾兰"	0	0	1	0.217	0.209	0.574	-0.106	-0.102	0.241	0.449	"3"
"历任"	0	0	1	0.217	0.209	0.574	-0.106	-0.102	0.241	0.449	"3"
"历史性"	0	0	1	0.217	0.209	0.574	-0.106	-0.102	0.241	0.449	"3"
"原厂"	1	0	0	0.217	0.209	0.574	0.663	-0.102	-0.371	1.136	"1"
"县"	8	0	0	1.737	1.669	4.594	5.306	-0.813	-2.967	9.086	"1"
"县委"	1	0	0	0.217	0.209	0.574	0.663	-0.102	-0.371	1.136	"1"
"县长"	1	0	0	0.217	0.209	0.574	0.663	-0.102	-0.371	1.136	"1"
"参加"	0	5	2	1.52	1.46	4.02	-0.744	2.246	-0.909	3.899	"2"
"参观"	0	1	0	0.217	0.209	0.574	-0.106	0.681	-0.371	1.158	"2"
"参议院"	0	0	1	0.217	0.209	0.574	-0.106	-0.102	0.241	0.449	"3"
"参谋长"	0	0	1	0.217	0.209	0.574	-0.106	-0.102	0.241	0.449	"3"
"参选"	0	0	1	0.217	0.209	0.574	-0.106	-0.102	0.241	0.449	"3"
"及其"	1	1	1	0.651	0.626	1.723	0.284	0.297	-0.41	0.991	"3"
"及至"	0	0	1	0.217	0.209	0.574	-0.106	-0.102	0.241	0.449	"3"
"友好"	0	0	4	0.869	0.834	2.297	-0.425	-0.406	0.964	1.795	"3"
"双方"	0	3	3	1.303	1.252	3.445	-0.638	0.96	-0.293	1.891	"2"
"双边"	0	0	2	0.434	0.417	1.148	-0.213	-0.203	0.482	0.898	"3"
"反对"	0	0	1	0.217	0.209	0.574	-0.106	-0.102	0.241	0.449	"3"
"反对党"	0	0	6	1.303	1.252	3.445	-0.638	-0.61	1.445	2.693	"3"
"反对党人"	0	0	1	0.217	0.209	0.574	-0.106	-0.102	0.241	0.449	"3"
"反对派"	0	0	3	0.651	0.626	1.723	-0.319	-0.305	0.723	1.347	"3"
"反恐"	0	1	1	0.434	0.417	1.148	-0.213	0.427	-0.174	0.814	"2"
"反恐怖"	0	0	1	0.217	0.209	0.574	-0.106	-0.102	0.241	0.449	"3"
"反政府武装"	0	0	2	0.434	0.417	1.148	-0.213	-0.203	0.482	0.898	"3"
"反映"	0	0	1	0.217	0.209	0.574	-0.106	-0.102	0.241	0.449	"3"
"发展"	0	0	2	0.434	0.417	1.148	-0.213	-0.203	0.482	0.898	"3"
"发扬"	0	0	2	0.434	0.417	1.148	-0.213	-0.203	0.482	0.898	"3"
"发挥"	0	0	1	0.217	0.209	0.574	-0.106	-0.102	0.241	0.449	"3"
"发挥党"	1	0	0	0.217	0.209	0.574	0.663	-0.102	-0.371	1.136	"1"
"发表"	0	1	4	1.086	1.043	2.871	-0.532	-0.143	0.532	1.207	"1_&_3"
"取得"	0	2	0	0.434	0.417	1.148	-0.213	1.361	-0.742	2.316	"2"
"取经"	1	0	0	0.217	0.209	0.574	0.663	-0.102	-0.371	1.136	"1"
"受用"	0	0	1	0.217	0.209	0.574	-0.106	-0.102	0.241	0.449	"3"
"叙利亚"	0	0	1	0.217	0.209	0.574	-0.106	-0.102	0.241	0.449	"3"
"召"	0	0	1	0.217	0.209	0.574	-0.106	-0.102	0.241	0.449	"3"
"召开"	0	5	1	1.303	1.252	3.445	-0.638	2.708	-1.266	4.612	"2"
"台海"	0	0	1	0.217	0.209	0.574	-0.106	-0.102	0.241	0.449	"3"
"史佩特"	0	0	1	0.217	0.209	0.574	-0.106	-0.102	0.241	0.449	"3"
"右派"	0	0	1	0.217	0.209	0.574	-0.106	-0.102	0.241	0.449	"3"
"司法局"	1	0	0	0.217	0.209	0.574	0.663	-0.102	-0.371	1.136	"1"
"吁"	0	0	2	0.434	0.417	1.148	-0.213	-0.203	0.482	0.898	"3"
"吁请"	0	0	1	0.217	0.209	0.574	-0.106	-0.102	0.241	0.449	"3"
"各"	11	4	16	6.732	6.467	17.801	1.252	-0.709	-0.5	2.461	"1"
"各界"	0	0	1	0.217	0.209	0.574	-0.106	-0.102	0.241	0.449	"3"
"合作"	0	3	1	0.869	0.834	2.297	-0.425	1.514	-0.677	2.616	"2"
"合理式"	0	0	1	0.217	0.209	0.574	-0.106	-0.102	0.241	0.449	"3"
"合适"	0	0	1	0.217	0.209	0.574	-0.106	-0.102	0.241	0.449	"3"
"同"	0	0	8	1.737	1.669	4.594	-0.851	-0.813	1.927	3.591	"3"
"同志"	2	0	4	1.303	1.252	3.445	0.413	-0.61	0.309	1.332	"2"
"同意"	0	0	3	0.651	0.626	1.723	-0.319	-0.305	0.723	1.347	"3"
"同津"	0	0	1	0.217	0.209	0.574	-0.106	-0.102	0.241	0.449	"3"
"同盟"	0	0	1	0.217	0.209	0.574	-0.106	-0.102	0.241	0.449	"3"
"名"	0	0	1	0.217	0.209	0.574	-0.106	-0.102	0.241	0.449	"3"
"名誉"	0	0	1	0.217	0.209	0.574	-0.106	-0.102	0.241	0.449	"3"
"否认"	0	0	1	0.217	0.209	0.574	-0.106	-0.102	0.241	0.449	"3"
"听取"	2	0	0	0.434	0.417	1.148	1.326	-0.203	-0.742	2.271	"1"
"吴仪"	1	0	0	0.217	0.209	0.574	0.663	-0.102	-0.371	1.136	"1"
"吴幸"	0	0	1	0.217	0.209	0.574	-0.106	-0.102	0.241	0.449	"3"
"吴正坤"	0	0	1	0.217	0.209	0.574	-0.106	-0.102	0.241	0.449	"3"
"周密"	1	0	0	0.217	0.209	0.574	0.663	-0.102	-0.371	1.136	"1"
"呼吁"	0	1	4	1.086	1.043	2.871	-0.532	-0.143	0.532	1.207	"1_&_3"
"和"	0	0	4	0.869	0.834	2.297	-0.425	-0.406	0.964	1.795	"3"
"和平"	0	2	0	0.434	0.417	1.148	-0.213	1.361	-0.742	2.316	"2"
"和平奖"	0	0	1	0.217	0.209	0.574	-0.106	-0.102	0.241	0.449	"3"
"品德"	0	0	1	0.217	0.209	0.574	-0.106	-0.102	0.241	0.449	"3"
"哈"	0	0	2	0.434	0.417	1.148	-0.213	-0.203	0.482	0.898	"3"
"哈基姆"	0	0	1	0.217	0.209	0.574	-0.106	-0.102	0.241	0.449	"3"
"哈山迪罗"	0	0	1	0.217	0.209	0.574	-0.106	-0.102	0.241	0.449	"3"
"哈梅伦"	1	0	0	0.217	0.209	0.574	0.663	-0.102	-0.371	1.136	"1"
"哈梅尼"	0	0	1	0.217	0.209	0.574	-0.106	-0.102	0.241	0.449	"3"
"哈维"	0	0	1	0.217	0.209	0.574	-0.106	-0.102	0.241	0.449	"3"
"哈马斯"	0	0	2	0.434	0.417	1.148	-0.213	-0.203	0.482	0.898	"3"
"唿吁"	0	1	1	0.434	0.417	1.148	-0.213	0.427	-0.174	0.814	"2"
"商界"	0	0	2	0.434	0.417	1.148	-0.213	-0.203	0.482	0.898	"3"
"商讨"	0	0	3	0.651	0.626	1.723	-0.319	-0.305	0.723	1.347	"3"
"善意"	0	0	1	0.217	0.209	0.574	-0.106	-0.102	0.241	0.449	"3"
"喇嘛"	0	0	2	0.434	0.417	1.148	-0.213	-0.203	0.482	0.898	"3"
"四国"	0	1	1	0.434	0.417	1.148	-0.213	0.427	-0.174	0.814	"2"
"四川省"	2	0	0	0.434	0.417	1.148	1.326	-0.203	-0.742	2.271	"1"
"回应"	0	0	3	0.651	0.626	1.723	-0.319	-0.305	0.723	1.347	"3"
"回归"	0	0	1	0.217	0.209	0.574	-0.106	-0.102	0.241	0.449	"3"
"回教"	0	0	2	0.434	0.417	1.148	-0.213	-0.203	0.482	0.898	"3"
"回教徒"	0	0	3	0.651	0.626	1.723	-0.319	-0.305	0.723	1.347	"3"
"回覆"	0	0	1	0.217	0.209	0.574	-0.106	-0.102	0.241	0.449	"3"
"回顾"	0	0	1	0.217	0.209	0.574	-0.106	-0.102	0.241	0.449	"3"
"团"	1	0	2	0.651	0.626	1.723	0.284	-0.305	0.214	0.803	"2"
"团体"	0	0	1	0.217	0.209	0.574	-0.106	-0.102	0.241	0.449	"3"
"团结"	0	0	1	0.217	0.209	0.574	-0.106	-0.102	0.241	0.449	"3"
"国"	0	7	15	4.777	4.589	12.633	-2.339	0.804	0.674	3.817	"1"
"国会"	2	0	2	0.869	0.834	2.297	0.683	-0.406	-0.245	1.334	"1"
"国会山庄"	0	0	1	0.217	0.209	0.574	-0.106	-0.102	0.241	0.449	"3"
"国务院"	2	0	2	0.869	0.834	2.297	0.683	-0.406	-0.245	1.334	"1"
"国大"	0	0	1	0.217	0.209	0.574	-0.106	-0.102	0.241	0.449	"3"
"国家"	0	14	14	6.08	5.841	16.079	-2.977	3.231	-0.566	6.774	"2"
"国家经贸委"	1	0	0	0.217	0.209	0.574	0.663	-0.102	-0.371	1.136	"1"
"国是"	0	0	1	0.217	0.209	0.574	-0.106	-0.102	0.241	0.449	"3"
"国民大会"	0	0	1	0.217	0.209	0.574	-0.106	-0.102	0.241	0.449	"3"
"国王"	0	0	1	0.217	0.209	0.574	-0.106	-0.102	0.241	0.449	"3"
"国阵"	1	0	0	0.217	0.209	0.574	0.663	-0.102	-0.371	1.136	"1"
"国际"	0	0	1	0.217	0.209	0.574	-0.106	-0.102	0.241	0.449	"3"
"国际组"	0	1	0	0.217	0.209	0.574	-0.106	0.681	-0.371	1.158	"2"
"土著"	0	0	1	0.217	0.209	0.574	-0.106	-0.102	0.241	0.449	"3"
"圣多"	0	0	2	0.434	0.417	1.148	-0.213	-0.203	0.482	0.898	"3"
"圣尼"	0	0	1	0.217	0.209	0.574	-0.106	-0.102	0.241	0.449	"3"
"圣战"	0	0	1	0.217	0.209	0.574	-0.106	-0.102	0.241	0.449	"3"
"在"	0	2	0	0.434	0.417	1.148	-0.213	1.361	-0.742	2.316	"2"
"在伊"	0	0	1	0.217	0.209	0.574	-0.106	-0.102	0.241	0.449	"3"
"在野"	0	0	5	1.086	1.043	2.871	-0.532	-0.508	1.205	2.245	"3"
"在野党"	0	0	2	0.434	0.417	1.148	-0.213	-0.203	0.482	0.898	"3"
"地"	0	0	1	0.217	0.209	0.574	-0.106	-0.102	0.241	0.449	"3"
"地位"	0	0	4	0.869	0.834	2.297	-0.425	-0.406	0.964	1.795	"3"
"地头"	1	0	0	0.217	0.209	0.574	0.663	-0.102	-0.371	1.136	"1"
"地方"	3	0	0	0.651	0.626	1.723	1.99	-0.305	-1.113	3.408	"1"
"坚信"	0	0	1	0.217	0.209	0.574	-0.106	-0.102	0.241	0.449	"3"
"坚决"	0	0	1	0.217	0.209	0.574	-0.106	-0.102	0.241	0.449	"3"
"坚定"	0	0	1	0.217	0.209	0.574	-0.106	-0.102	0.241	0.449	"3"
"坚强"	0	0	4	0.869	0.834	2.297	-0.425	-0.406	0.964	1.795	"3"
"坚持"	0	0	1	0.217	0.209	0.574	-0.106	-0.102	0.241	0.449	"3"
"坦率"	0	0	1	0.217	0.209	0.574	-0.106	-0.102	0.241	0.449	"3"
"坦雅胡"	0	0	1	0.217	0.209	0.574	-0.106	-0.102	0.241	0.449	"3"
"埃及"	0	4	2	1.303	1.252	3.445	-0.638	1.704	-0.664	3.006	"2"
"埃斯特拉达"	0	0	1	0.217	0.209	0.574	-0.106	-0.102	0.241	0.449	"3"
"埃维昂"	0	2	0	0.434	0.417	1.148	-0.213	1.361	-0.742	2.316	"2"
"基层"	9	0	0	1.954	1.878	5.168	5.969	-0.914	-3.338	10.221	"1"
"基肖尔"	1	0	0	0.217	0.209	0.574	0.663	-0.102	-0.371	1.136	"1"
"塔拉巴尼"	0	0	1	0.217	0.209	0.574	-0.106	-0.102	0.241	0.449	"3"
"塞亚布拉"	0	0	1	0.217	0.209	0.574	-0.106	-0.102	0.241	0.449	"3"
"塞尔维亚"	0	0	2	0.434	0.417	1.148	-0.213	-0.203	0.482	0.898	"3"
"境地"	0	0	1	0.217	0.209	0.574	-0.106	-0.102	0.241	0.449	"3"
"增进"	0	0	1	0.217	0.209	0.574	-0.106	-0.102	0.241	0.449	"3"
"声援"	0	0	1	0.217	0.209	0.574	-0.106	-0.102	0.241	0.449	"3"
"处级"	1	0	0	0.217	0.209	0.574	0.663	-0.102	-0.371	1.136	"1"
"备战"	1	0	1	0.434	0.417	1.148	0.412	-0.203	-0.174	0.789	"1"
"复兴"	0	1	0	0.217	0.209	0.574	-0.106	0.681	-0.371	1.158	"2"
"外交部部"	0	0	1	0.217	0.209	0.574	-0.106	-0.102	0.241	0.449	"3"
"外交部长"	0	0	1	0.217	0.209	0.574	-0.106	-0.102	0.241	0.449	"3"
"外国"	0	0	2	0.434	0.417	1.148	-0.213	-0.203	0.482	0.898	"3"
"外长"	0	1	0	0.217	0.209	0.574	-0.106	0.681	-0.371	1.158	"2"
"外长级"	0	1	0	0.217	0.209	0.574	-0.106	0.681	-0.371	1.158	"2"
"多党合作"	0	0	1	0.217	0.209	0.574	-0.106	-0.102	0.241	0.449	"3"
"多边"	0	5	0	1.086	1.043	2.871	-0.532	3.403	-1.854	5.789	"2"
"大佬"	0	0	1	0.217	0.209	0.574	-0.106	-0.102	0.241	0.449	"3"
"天主教"	0	0	1	0.217	0.209	0.574	-0.106	-0.102	0.241	0.449	"3"
"央"	0	0	1	0.217	0.209	0.574	-0.106	-0.102	0.241	0.449	"3"
"奉辛比克"	0	0	1	0.217	0.209	0.574	-0.106	-0.102	0.241	0.449	"3"
"奋斗"	0	0	1	0.217	0.209	0.574	-0.106	-0.102	0.241	0.449	"3"
"奥萨马"	0	0	2	0.434	0.417	1.148	-0.213	-0.203	0.482	0.898	"3"
"如何"	0	0	2	0.434	0.417	1.148	-0.213	-0.203	0.482	0.898	"3"
"委"	2	0	0	0.434	0.417	1.148	1.326	-0.203	-0.742	2.271	"1"
"委内瑞拉"	0	1	0	0.217	0.209	0.574	-0.106	0.681	-0.371	1.158	"2"
"委员长"	0	0	2	0.434	0.417	1.148	-0.213	-0.203	0.482	0.898	"3"
"子女"	1	0	0	0.217	0.209	0.574	0.663	-0.102	-0.371	1.136	"1"
"存在"	0	0	1	0.217	0.209	0.574	-0.106	-0.102	0.241	0.449	"3"
"孙永福"	1	0	0	0.217	0.209	0.574	0.663	-0.102	-0.371	1.136	"1"
"学习"	3	0	2	1.086	1.043	2.871	1.143	-0.508	-0.44	2.091	"1"
"学术界"	0	0	1	0.217	0.209	0.574	-0.106	-0.102	0.241	0.449	"3"
"学生"	0	0	1	0.217	0.209	0.574	-0.106	-0.102	0.241	0.449	"3"
"学运"	0	0	1	0.217	0.209	0.574	-0.106	-0.102	0.241	0.449	"3"
"学院"	0	0	1	0.217	0.209	0.574	-0.106	-0.102	0.241	0.449	"3"
"守"	1	0	0	0.217	0.209	0.574	0.663	-0.102	-0.371	1.136	"1"
"安全官员"	0	0	1	0.217	0.209	0.574	-0.106	-0.102	0.241	0.449	"3"
"宋楚瑜"	0	0	1	0.217	0.209	0.574	-0.106	-0.102	0.241	0.449	"3"
"宗教"	0	0	1	0.217	0.209	0.574	-0.106	-0.102	0.241	0.449	"3"
"宗教界"	0	0	1	0.217	0.209	0.574	-0.106	-0.102	0.241	0.449	"3"
"官邸"	0	0	1	0.217	0.209	0.574	-0.106	-0.102	0.241	0.449	"3"
"定于"	0	1	0	0.217	0.209	0.574	-0.106	0.681	-0.371	1.158	"2"
"宜昌市"	1	0	0	0.217	0.209	0.574	0.663	-0.102	-0.371	1.136	"1"
"实干"	1	0	0	0.217	0.209	0.574	0.663	-0.102	-0.371	1.136	"1"
"实行"	2	0	0	0.434	0.417	1.148	1.326	-0.203	-0.742	2.271	"1"
"实质性"	0	1	0	0.217	0.209	0.574	-0.106	0.681	-0.371	1.158	"2"
"审批"	3	0	0	0.651	0.626	1.723	1.99	-0.305	-1.113	3.408	"1"
"审视"	0	0	1	0.217	0.209	0.574	-0.106	-0.102	0.241	0.449	"3"
"审计"	1	0	0	0.217	0.209	0.574	0.663	-0.102	-0.371	1.136	"1"
"宣佈"	0	0	2	0.434	0.417	1.148	-0.213	-0.203	0.482	0.898	"3"
"宣布"	0	1	0	0.217	0.209	0.574	-0.106	0.681	-0.371	1.158	"2"
"宣称"	0	0	1	0.217	0.209	0.574	-0.106	-0.102	0.241	0.449	"3"
"宣言"	0	1	2	0.651	0.626	1.723	-0.319	0.297	0.214	0.83	"1"
"宣誓"	0	0	1	0.217	0.209	0.574	-0.106	-0.102	0.241	0.449	"3"
"家"	0	1	0	0.217	0.209	0.574	-0.106	0.681	-0.371	1.158	"2"
"察访"	0	0	1	0.217	0.209	0.574	-0.106	-0.102	0.241	0.449	"3"
"对等"	0	0	1	0.217	0.209	0.574	-0.106	-0.102	0.241	0.449	"3"
"对话"	0	2	1	0.651	0.626	1.723	-0.319	0.949	-0.41	1.678	"2"
"将军"	1	0	0	0.217	0.209	0.574	0.663	-0.102	-0.371	1.136	"1"
"小型"	0	0	1	0.217	0.209	0.574	-0.106	-0.102	0.241	0.449	"3"
"小组"	14	0	0	3.04	2.921	8.039	9.285	-1.423	-5.192	15.9	"1"
"少数"	0	0	1	0.217	0.209	0.574	-0.106	-0.102	0.241	0.449	"3"
"少校"	0	0	2	0.434	0.417	1.148	-0.213	-0.203	0.482	0.898	"3"
"尔"	0	0	1	0.217	0.209	0.574	-0.106	-0.102	0.241	0.449	"3"
"就"	0	2	2	0.869	0.834	2.297	-0.425	0.712	-0.245	1.382	"2"
"尼斯"	0	1	0	0.217	0.209	0.574	-0.106	0.681	-0.371	1.158	"2"
"尼迪雅"	0	0	1	0.217	0.209	0.574	-0.106	-0.102	0.241	0.449	"3"
"尽快"	0	1	1	0.434	0.417	1.148	-0.213	0.427	-0.174	0.814	"2"
"局"	1	0	0	0.217	0.209	0.574	0.663	-0.102	-0.371	1.136	"1"
"局势"	0	1	3	0.869	0.834	2.297	-0.425	0.216	0.365	1.006	"1"
"局级"	1	0	0	0.217	0.209	0.574	0.663	-0.102	-0.371	1.136	"1"
"层"	0	0	1	0.217	0.209	0.574	-0.106	-0.102	0.241	0.449	"3"
"居于"	0	0	1	0.217	0.209	0.574	-0.106	-0.102	0.241	0.449	"3"
"居民"	1	0	0	0.217	0.209	0.574	0.663	-0.102	-0.371	1.136	"1"
"届"	0	1	6	1.52	1.46	4.02	-0.744	-0.257	0.895	1.896	"3"
"履行"	0	1	0	0.217	0.209	0.574	-0.106	0.681	-0.371	1.158	"2"
"山东省"	1	0	0	0.217	0.209	0.574	0.663	-0.102	-0.371	1.136	"1"
"峰"	0	2	0	0.434	0.417	1.148	-0.213	1.361	-0.742	2.316	"2"
"峰会"	0	3	0	0.651	0.626	1.723	-0.319	2.042	-1.113	3.474	"2"
"崇阳县"	1	0	0	0.217	0.209	0.574	0.663	-0.102	-0.371	1.136	"1"
"州县"	1	0	0	0.217	0.209	0.574	0.663	-0.102	-0.371	1.136	"1"
"工业园"	1	0	0	0.217	0.209	0.574	0.663	-0.102	-0.371	1.136	"1"
"工业国"	0	1	0	0.217	0.209	0.574	-0.106	0.681	-0.371	1.158	"2"
"工人党"	0	0	1	0.217	0.209	0.574	-0.106	-0.102	0.241	0.449	"3"
"工会"	0	0	3	0.651	0.626	1.723	-0.319	-0.305	0.723	1.347	"3"
"工作"	20	0	1	4.56	4.381	12.059	12.043	-2.134	-6.32	20.497	"1"
"工商"	0	0	2	0.434	0.417	1.148	-0.213	-0.203	0.482	0.898	"3"
"工商界"	1	0	0	0.217	0.209	0.574	0.663	-0.102	-0.371	1.136	"1"
"已故"	0	0	2	0.434	0.417	1.148	-0.213	-0.203	0.482	0.898	"3"
"巴"	0	11	0	2.389	2.295	6.317	-1.17	7.487	-4.079	12.736	"2"
"巴勒"	0	0	1	0.217	0.209	0.574	-0.106	-0.102	0.241	0.449	"3"
"巴勒斯坦"	0	2	10	2.606	2.503	6.891	-1.276	-0.277	1.226	2.779	"1"
"巴勒斯坦人"	0	0	2	0.434	0.417	1.148	-0.213	-0.203	0.482	0.898	"3"
"巴尔干十"	0	0	1	0.217	0.209	0.574	-0.106	-0.102	0.241	0.449	"3"
"巴尼"	0	0	1	0.217	0.209	0.574	-0.106	-0.102	0.241	0.449	"3"
"巴希尔"	0	0	2	0.434	0.417	1.148	-0.213	-0.203	0.482	0.898	"3"
"巴拉克"	0	1	0	0.217	0.209	0.574	-0.106	0.681	-0.371	1.158	"2"
"巴瑞克"	0	0	4	0.869	0.834	2.297	-0.425	-0.406	0.964	1.795	"3"
"巴美"	0	1	0	0.217	0.209	0.574	-0.106	0.681	-0.371	1.158	"2"
"巴解"	0	0	1	0.217	0.209	0.574	-0.106	-0.102	0.241	0.449	"3"
"巴黎"	0	1	1	0.434	0.417	1.148	-0.213	0.427	-0.174	0.814	"2"
"市"	10	0	0	2.171	2.086	5.742	6.632	-1.016	-3.708	11.356	"1"
"市委"	4	0	0	0.869	0.834	2.297	2.653	-0.406	-1.483	4.542	"1"
"市属企"	1	0	0	0.217	0.209	0.574	0.663	-0.102	-0.371	1.136	"1"
"市政府"	4	0	0	0.869	0.834	2.297	2.653	-0.406	-1.483	4.542	"1"
"布希"	0	1	1	0.434	0.417	1.148	-0.213	0.427	-0.174	0.814	"2"
"布莱尔"	0	0	2	0.434	0.417	1.148	-0.213	-0.203	0.482	0.898	"3"
"布赖恩特"	0	0	1	0.217	0.209	0.574	-0.106	-0.102	0.241	0.449	"3"
"布隆迪"	0	1	0	0.217	0.209	0.574	-0.106	0.681	-0.371	1.158	"2"
"师团"	1	0	0	0.217	0.209	0.574	0.663	-0.102	-0.371	1.136	"1"
"希拉"	0	1	0	0.217	0.209	0.574	-0.106	0.681	-0.371	1.158	"2"
"帕金斯"	0	0	1	0.217	0.209	0.574	-0.106	-0.102	0.241	0.449	"3"
"帝汶"	0	0	1	0.217	0.209	0.574	-0.106	-0.102	0.241	0.449	"3"
"带头"	4	0	0	0.869	0.834	2.297	2.653	-0.406	-1.483	4.542	"1"
"带领"	1	0	0	0.217	0.209	0.574	0.663	-0.102	-0.371	1.136	"1"
"席哈克"	0	0	1	0.217	0.209	0.574	-0.106	-0.102	0.241	0.449	"3"
"干"	1	0	0	0.217	0.209	0.574	0.663	-0.102	-0.371	1.136	"1"
"干部"	29	0	0	6.297	6.05	16.653	19.234	-2.947	-10.754	32.935	"1"
"平壤"	0	1	0	0.217	0.209	0.574	-0.106	0.681	-0.371	1.158	"2"
"年会"	0	1	0	0.217	0.209	0.574	-0.106	0.681	-0.371	1.158	"2"
"年轻"	0	0	1	0.217	0.209	0.574	-0.106	-0.102	0.241	0.449	"3"
"广大"	0	0	1	0.217	0.209	0.574	-0.106	-0.102	0.241	0.449	"3"
"广泛"	0	0	1	0.217	0.209	0.574	-0.106	-0.102	0.241	0.449	"3"
"庇护"	1	0	1	0.434	0.417	1.148	0.412	-0.203	-0.174	0.789	"1"
"库尔德"	0	0	2	0.434	0.417	1.148	-0.213	-0.203	0.482	0.898	"3"
"库普佐夫"	0	0	1	0.217	0.209	0.574	-0.106	-0.102	0.241	0.449	"3"
"应邀"	0	1	0	0.217	0.209	0.574	-0.106	0.681	-0.371	1.158	"2"
"廉洁"	1	0	0	0.217	0.209	0.574	0.663	-0.102	-0.371	1.136	"1"
"建立"	4	0	0	0.869	0.834	2.297	2.653	-0.406	-1.483	4.542	"1"
"建言"	0	0	1	0.217	0.209	0.574	-0.106	-0.102	0.241	0.449	"3"
"建设"	3	0	3	1.303	1.252	3.445	0.917	-0.61	-0.293	1.82	"1"
"开会"	0	0	1	0.217	0.209	0.574	-0.106	-0.102	0.241	0.449	"3"
"开展"	2	0	0	0.434	0.417	1.148	1.326	-0.203	-0.742	2.271	"1"
"开幕"	0	2	0	0.434	0.417	1.148	-0.213	1.361	-0.742	2.316	"2"
"开罗"	0	2	0	0.434	0.417	1.148	-0.213	1.361	-0.742	2.316	"2"
"强势"	0	0	1	0.217	0.209	0.574	-0.106	-0.102	0.241	0.449	"3"
"强有力"	1	0	0	0.217	0.209	0.574	0.663	-0.102	-0.371	1.136	"1"
"强权"	0	1	0	0.217	0.209	0.574	-0.106	0.681	-0.371	1.158	"2"
"强硬"	0	0	1	0.217	0.209	0.574	-0.106	-0.102	0.241	0.449	"3"
"强调"	0	2	2	0.869	0.834	2.297	-0.425	0.712	-0.245	1.382	"2"
"当局"	0	0	1	0.217	0.209	0.574	-0.106	-0.102	0.241	0.449	"3"
"当选"	0	0	1	0.217	0.209	0.574	-0.106	-0.102	0.241	0.449	"3"
"彭淮南"	0	2	1	0.651	0.626	1.723	-0.319	0.949	-0.41	1.678	"2"
"往来"	0	0	1	0.217	0.209	0.574	-0.106	-0.102	0.241	0.449	"3"
"徐荣凯"	0	0	1	0.217	0.209	0.574	-0.106	-0.102	0.241	0.449	"3"
"得失"	0	0	1	0.217	0.209	0.574	-0.106	-0.102	0.241	0.449	"3"
"得票率"	0	0	1	0.217	0.209	0.574	-0.106	-0.102	0.241	0.449	"3"
"得逞"	0	1	0	0.217	0.209	0.574	-0.106	0.681	-0.371	1.158	"2"
"德"	0	1	1	0.434	0.417	1.148	-0.213	0.427	-0.174	0.814	"2"
"德瑞斯柯"	0	0	1	0.217	0.209	0.574	-0.106	-0.102	0.241	0.449	"3"
"忍心"	0	0	1	0.217	0.209	0.574	-0.106	-0.102	0.241	0.449	"3"
"志"	0	0	1	0.217	0.209	0.574	-0.106	-0.102	0.241	0.449	"3"
"怀疑为"	0	0	1	0.217	0.209	0.574	-0.106	-0.102	0.241	0.449	"3"
"总书记"	0	0	3	0.651	0.626	1.723	-0.319	-0.305	0.723	1.347	"3"
"总局"	1	0	0	0.217	0.209	0.574	0.663	-0.102	-0.371	1.136	"1"
"总理"	0	1	8	1.954	1.878	5.168	-0.957	-0.387	1.283	2.627	"3"
"恪守"	0	1	0	0.217	0.209	0.574	-0.106	0.681	-0.371	1.158	"2"
"悲观"	0	0	1	0.217	0.209	0.574	-0.106	-0.102	0.241	0.449	"3"
"情势"	0	0	1	0.217	0.209	0.574	-0.106	-0.102	0.241	0.449	"3"
"意见"	1	0	2	0.651	0.626	1.723	0.284	-0.305	0.214	0.803	"2"
"慕尤汀"	0	0	1	0.217	0.209	0.574	-0.106	-0.102	0.241	0.449	"3"
"慰问"	0	0	1	0.217	0.209	0.574	-0.106	-0.102	0.241	0.449	"3"
"戈尔巴乔夫"	0	1	0	0.217	0.209	0.574	-0.106	0.681	-0.371	1.158	"2"
"成员"	0	1	3	0.869	0.834	2.297	-0.425	0.216	0.365	1.006	"1"
"成员党"	1	0	0	0.217	0.209	0.574	0.663	-0.102	-0.371	1.136	"1"
"成员国"	0	5	0	1.086	1.043	2.871	-0.532	3.403	-1.854	5.789	"2"
"成就奖"	0	0	1	0.217	0.209	0.574	-0.106	-0.102	0.241	0.449	"3"
"成果"	0	1	0	0.217	0.209	0.574	-0.106	0.681	-0.371	1.158	"2"
"成立"	5	0	0	1.086	1.043	2.871	3.316	-0.508	-1.854	5.678	"1"
"我方"	0	3	0	0.651	0.626	1.723	-0.319	2.042	-1.113	3.474	"2"
"战后"	0	0	1	0.217	0.209	0.574	-0.106	-0.102	0.241	0.449	"3"
"战士"	1	0	0	0.217	0.209	0.574	0.663	-0.102	-0.371	1.136	"1"
"戴维营"	0	0	2	0.434	0.417	1.148	-0.213	-0.203	0.482	0.898	"3"
"戴高乐"	0	0	1	0.217	0.209	0.574	-0.106	-0.102	0.241	0.449	"3"
"所"	0	1	0	0.217	0.209	0.574	-0.106	0.681	-0.371	1.158	"2"
"所有"	0	1	0	0.217	0.209	0.574	-0.106	0.681	-0.371	1.158	"2"
"才能"	0	0	1	0.217	0.209	0.574	-0.106	-0.102	0.241	0.449	"3"
"打气"	0	0	1	0.217	0.209	0.574	-0.106	-0.102	0.241	0.449	"3"
"托马斯"	0	0	1	0.217	0.209	0.574	-0.106	-0.102	0.241	0.449	"3"
"扣留"	0	0	1	0.217	0.209	0.574	-0.106	-0.102	0.241	0.449	"3"
"执"	0	0	1	0.217	0.209	0.574	-0.106	-0.102	0.241	0.449	"3"
"执政"	1	0	0	0.217	0.209	0.574	0.663	-0.102	-0.371	1.136	"1"
"执政党"	0	0	1	0.217	0.209	0.574	-0.106	-0.102	0.241	0.449	"3"
"扮演"	0	0	1	0.217	0.209	0.574	-0.106	-0.102	0.241	0.449	"3"
"批准"	0	1	0	0.217	0.209	0.574	-0.106	0.681	-0.371	1.158	"2"
"技训"	0	0	1	0.217	0.209	0.574	-0.106	-0.102	0.241	0.449	"3"
"把手"	1	0	0	0.217	0.209	0.574	0.663	-0.102	-0.371	1.136	"1"
"抒"	0	0	1	0.217	0.209	0.574	-0.106	-0.102	0.241	0.449	"3"
"抓"	3	0	0	0.651	0.626	1.723	1.99	-0.305	-1.113	3.408	"1"
"抗击"	1	0	0	0.217	0.209	0.574	0.663	-0.102	-0.371	1.136	"1"
"抛弃"	0	0	1	0.217	0.209	0.574	-0.106	-0.102	0.241	0.449	"3"
"抵抗"	0	0	3	0.651	0.626	1.723	-0.319	-0.305	0.723	1.347	"3"
"担任"	2	0	0	0.434	0.417	1.148	1.326	-0.203	-0.742	2.271	"1"
"拉克"	0	1	1	0.434	0.417	1.148	-0.213	0.427	-0.174	0.814	"2"
"拉纳利"	0	0	1	0.217	0.209	0.574	-0.106	-0.102	0.241	0.449	"3"
"拉那烈"	0	0	1	0.217	0.209	0.574	-0.106	-0.102	0.241	0.449	"3"
"拜会"	0	0	1	0.217	0.209	0.574	-0.106	-0.102	0.241	0.449	"3"
"拜疆"	0	1	0	0.217	0.209	0.574	-0.106	0.681	-0.371	1.158	"2"
"指导"	2	0	2	0.869	0.834	2.297	0.683	-0.406	-0.245	1.334	"1"
"指挥"	2	0	0	0.434	0.417	1.148	1.326	-0.203	-0.742	2.271	"1"
"指挥部"	1	0	0	0.217	0.209	0.574	0.663	-0.102	-0.371	1.136	"1"
"指示"	0	0	1	0.217	0.209	0.574	-0.106	-0.102	0.241	0.449	"3"
"指责"	0	0	1	0.217	0.209	0.574	-0.106	-0.102	0.241	0.449	"3"
"挑选出来"	1	0	0	0.217	0.209	0.574	0.663	-0.102	-0.371	1.136	"1"
"挥洒"	1	0	0	0.217	0.209	0.574	0.663	-0.102	-0.371	1.136	"1"
"挺"	0	0	1	0.217	0.209	0.574	-0.106	-0.102	0.241	0.449	"3"
"接班"	0	0	1	0.217	0.209	0.574	-0.106	-0.102	0.241	0.449	"3"
"接续"	0	0	1	0.217	0.209	0.574	-0.106	-0.102	0.241	0.449	"3"
"接见"	0	0	1	0.217	0.209	0.574	-0.106	-0.102	0.241	0.449	"3"
"接触"	0	0	1	0.217	0.209	0.574	-0.106	-0.102	0.241	0.449	"3"
"推行"	1	0	1	0.434	0.417	1.148	0.412	-0.203	-0.174	0.789	"1"
"提出"	0	1	1	0.434	0.417	1.148	-0.213	0.427	-0.174	0.814	"2"
"提议"	0	0	1	0.217	0.209	0.574	-0.106	-0.102	0.241	0.449	"3"
"提醒"	0	0	1	0.217	0.209	0.574	-0.106	-0.102	0.241	0.449	"3"
"握手"	0	0	1	0.217	0.209	0.574	-0.106	-0.102	0.241	0.449	"3"
"搏击"	0	1	0	0.217	0.209	0.574	-0.106	0.681	-0.371	1.158	"2"
"摄护腺癌"	0	0	1	0.217	0.209	0.574	-0.106	-0.102	0.241	0.449	"3"
"撇开"	1	0	0	0.217	0.209	0.574	0.663	-0.102	-0.371	1.136	"1"
"撤军"	0	0	1	0.217	0.209	0.574	-0.106	-0.102	0.241	0.449	"3"
"撤销"	1	0	0	0.217	0.209	0.574	0.663	-0.102	-0.371	1.136	"1"
"播"	0	0	1	0.217	0.209	0.574	-0.106	-0.102	0.241	0.449	"3"
"支持"	0	0	3	0.651	0.626	1.723	-0.319	-0.305	0.723	1.347	"3"
"改"	0	0	1	0.217	0.209	0.574	-0.106	-0.102	0.241	0.449	"3"
"改组"	1	0	0	0.217	0.209	0.574	0.663	-0.102	-0.371	1.136	"1"
"改革"	3	0	1	0.869	0.834	2.297	1.465	-0.406	-0.677	2.548	"1"
"政"	1	0	1	0.434	0.417	1.148	0.412	-0.203	-0.174	0.789	"1"
"政党"	0	1	5	1.303	1.252	3.445	-0.638	-0.198	0.709	1.545	"3"
"政务"	2	0	0	0.434	0.417	1.148	1.326	-0.203	-0.742	2.271	"1"
"政协"	1	0	0	0.217	0.209	0.574	0.663	-0.102	-0.371	1.136	"1"
"政变"	0	0	3	0.651	0.626	1.723	-0.319	-0.305	0.723	1.347	"3"
"政团"	0	0	1	0.217	0.209	0.574	-0.106	-0.102	0.241	0.449	"3"
"政委"	1	0	0	0.217	0.209	0.574	0.663	-0.102	-0.371	1.136	"1"
"政府"	2	6	20	6.08	5.841	16.079	-1.399	0.264	1.028	2.691	"1"
"政治"	0	1	14	3.257	3.129	8.614	-1.595	-0.829	2.53	4.954	"3"
"政经界"	0	0	1	0.217	0.209	0.574	-0.106	-0.102	0.241	0.449	"3"
"政要"	0	0	2	0.434	0.417	1.148	-0.213	-0.203	0.482	0.898	"3"
"故"	0	0	1	0.217	0.209	0.574	-0.106	-0.102	0.241	0.449	"3"
"教"	0	0	1	0.217	0.209	0.574	-0.106	-0.102	0.241	0.449	"3"
"教团"	0	0	1	0.217	0.209	0.574	-0.106	-0.102	0.241	0.449	"3"
"教授"	0	0	1	0.217	0.209	0.574	-0.106	-0.102	0.241	0.449	"3"
"教育"	3	0	1	0.869	0.834	2.297	1.465	-0.406	-0.677	2.548	"1"
"散布"	0	0	1	0.217	0.209	0.574	-0.106	-0.102	0.241	0.449	"3"
"敦促"	0	0	2	0.434	0.417	1.148	-0.213	-0.203	0.482	0.898	"3"
"敬仰"	0	0	1	0.217	0.209	0.574	-0.106	-0.102	0.241	0.449	"3"
"整改"	1	0	0	0.217	0.209	0.574	0.663	-0.102	-0.371	1.136	"1"
"整顿"	0	0	1	0.217	0.209	0.574	-0.106	-0.102	0.241	0.449	"3"
"文莱"	0	1	0	0.217	0.209	0.574	-0.106	0.681	-0.371	1.158	"2"
"斐济"	0	0	2	0.434	0.417	1.148	-0.213	-0.203	0.482	0.898	"3"
"斗争"	1	0	1	0.434	0.417	1.148	0.412	-0.203	-0.174	0.789	"1"
"斯坦"	0	0	1	0.217	0.209	0.574	-0.106	-0.102	0.241	0.449	"3"
"新"	4	0	17	4.56	4.381	12.059	-0.294	-2.134	1.664	4.092	"2"
"新一代"	0	0	4	0.869	0.834	2.297	-0.425	-0.406	0.964	1.795	"3"
"新华社"	0	2	2	0.869	0.834	2.297	-0.425	0.712	-0.245	1.382	"2"
"新老"	0	1	2	0.651	0.626	1.723	-0.319	0.297	0.214	0.83	"1"
"新芬党"	0	0	1	0.217	0.209	0.574	-0.106	-0.102	0.241	0.449	"3"
"新闻界"	0	1	0	0.217	0.209	0.574	-0.106	0.681	-0.371	1.158	"2"
"方"	0	6	0	1.303	1.252	3.445	-0.638	4.084	-2.225	6.947	"2"
"施加"	0	0	1	0.217	0.209	0.574	-0.106	-0.102	0.241	0.449	"3"
"施罗德"	0	0	1	0.217	0.209	0.574	-0.106	-0.102	0.241	0.449	"3"
"族"	0	0	2	0.434	0.417	1.148	-0.213	-0.203	0.482	0.898	"3"
"旗"	1	0	0	0.217	0.209	0.574	0.663	-0.102	-0.371	1.136	"1"
"日"	0	0	4	0.869	0.834	2.297	-0.425	-0.406	0.964	1.795	"3"
"日方"	0	0	1	0.217	0.209	0.574	-0.106	-0.102	0.241	0.449	"3"
"日本国"	0	0	1	0.217	0.209	0.574	-0.106	-0.102	0.241	0.449	"3"
"明确"	3	0	0	0.651	0.626	1.723	1.99	-0.305	-1.113	3.408	"1"
"昨天"	0	2	2	0.869	0.834	2.297	-0.425	0.712	-0.245	1.382	"2"
"晚"	0	0	1	0.217	0.209	0.574	-0.106	-0.102	0.241	0.449	"3"
"晚宴"	0	1	1	0.434	0.417	1.148	-0.213	0.427	-0.174	0.814	"2"
"晤"	0	2	0	0.434	0.417	1.148	-0.213	1.361	-0.742	2.316	"2"
"普查"	1	0	0	0.217	0.209	0.574	0.663	-0.102	-0.371	1.136	"1"
"暗示"	0	0	1	0.217	0.209	0.574	-0.106	-0.102	0.241	0.449	"3"
"更换"	0	1	1	0.434	0.417	1.148	-0.213	0.427	-0.174	0.814	"2"
"曼宁"	0	0	1	0.217	0.209	0.574	-0.106	-0.102	0.241	0.449	"3"
"最近"	0	0	1	0.217	0.209	0.574	-0.106	-0.102	0.241	0.449	"3"
"有关"	5	0	0	1.086	1.043	2.871	3.316	-0.508	-1.854	5.678	"1"
"有力"	0	0	1	0.217	0.209	0.574	-0.106	-0.102	0.241	0.449	"3"
"朝美"	0	0	1	0.217	0.209	0.574	-0.106	-0.102	0.241	0.449	"3"
"朝野"	0	0	1	0.217	0.209	0.574	-0.106	-0.102	0.241	0.449	"3"
"朝鲜"	0	0	3	0.651	0.626	1.723	-0.319	-0.305	0.723	1.347	"3"
"朝鲜半岛"	0	1	0	0.217	0.209	0.574	-0.106	0.681	-0.371	1.158	"2"
"期间"	0	1	6	1.52	1.46	4.02	-0.744	-0.257	0.895	1.896	"3"
"本"	0	1	0	0.217	0.209	0.574	-0.106	0.681	-0.371	1.158	"2"
"本人"	1	0	0	0.217	0.209	0.574	0.663	-0.102	-0.371	1.136	"1"
"本次"	0	2	0	0.434	0.417	1.148	-0.213	1.361	-0.742	2.316	"2"
"机关"	3	0	0	0.651	0.626	1.723	1.99	-0.305	-1.113	3.408	"1"
"机构"	4	0	2	1.303	1.252	3.445	1.642	-0.61	-0.664	2.916	"1"
"权力"	0	0	3	0.651	0.626	1.723	-0.319	-0.305	0.723	1.347	"3"
"权衡"	0	0	1	0.217	0.209	0.574	-0.106	-0.102	0.241	0.449	"3"
"李光耀"	0	0	1	0.217	0.209	0.574	-0.106	-0.102	0.241	0.449	"3"
"李大维"	0	1	0	0.217	0.209	0.574	-0.106	0.681	-0.371	1.158	"2"
"李德"	0	0	1	0.217	0.209	0.574	-0.106	-0.102	0.241	0.449	"3"
"李来亨"	0	0	1	0.217	0.209	0.574	-0.106	-0.102	0.241	0.449	"3"
"李根兴"	0	1	0	0.217	0.209	0.574	-0.106	0.681	-0.371	1.158	"2"
"李治民"	0	0	1	0.217	0.209	0.574	-0.106	-0.102	0.241	0.449	"3"
"李玉赋"	1	0	0	0.217	0.209	0.574	0.663	-0.102	-0.371	1.136	"1"
"李登辉"	0	0	1	0.217	0.209	0.574	-0.106	-0.102	0.241	0.449	"3"
"李立"	0	0	1	0.217	0.209	0.574	-0.106	-0.102	0.241	0.449	"3"
"李肇星"	0	0	1	0.217	0.209	0.574	-0.106	-0.102	0.241	0.449	"3"
"李荣融"	1	0	0	0.217	0.209	0.574	0.663	-0.102	-0.371	1.136	"1"
"李逢梧"	0	0	1	0.217	0.209	0.574	-0.106	-0.102	0.241	0.449	"3"
"李鹏"	0	0	2	0.434	0.417	1.148	-0.213	-0.203	0.482	0.898	"3"
"村"	1	0	0	0.217	0.209	0.574	0.663	-0.102	-0.371	1.136	"1"
"杜鲁道"	0	0	1	0.217	0.209	0.574	-0.106	-0.102	0.241	0.449	"3"
"来"	0	0	1	0.217	0.209	0.574	-0.106	-0.102	0.241	0.449	"3"
"杰克逊"	0	0	1	0.217	0.209	0.574	-0.106	-0.102	0.241	0.449	"3"
"杰出"	0	0	1	0.217	0.209	0.574	-0.106	-0.102	0.241	0.449	"3"
"杰西"	0	0	1	0.217	0.209	0.574	-0.106	-0.102	0.241	0.449	"3"
"林吉祥"	0	0	1	0.217	0.209	0.574	-0.106	-0.102	0.241	0.449	"3"
"林文兴"	0	0	1	0.217	0.209	0.574	-0.106	-0.102	0.241	0.449	"3"
"查处"	1	0	0	0.217	0.209	0.574	0.663	-0.102	-0.371	1.136	"1"
"查拉比"	0	0	1	0.217	0.209	0.574	-0.106	-0.102	0.241	0.449	"3"
"柯恩"	0	0	1	0.217	0.209	0.574	-0.106	-0.102	0.241	0.449	"3"
"柯林顿"	0	0	3	0.651	0.626	1.723	-0.319	-0.305	0.723	1.347	"3"
"柳州市"	1	0	0	0.217	0.209	0.574	0.663	-0.102	-0.371	1.136	"1"
"核心"	1	0	3	0.869	0.834	2.297	0.205	-0.406	0.365	0.976	"2"
"框架"	0	0	1	0.217	0.209	0.574	-0.106	-0.102	0.241	0.449	"3"
"桑兰西"	0	0	1	0.217	0.209	0.574	-0.106	-0.102	0.241	0.449	"3"
"桑兰西党"	0	0	2	0.434	0.417	1.148	-0.213	-0.203	0.482	0.898	"3"
"桑连西党"	0	0	1	0.217	0.209	0.574	-0.106	-0.102	0.241	0.449	"3"
"梁玉心"	0	0	1	0.217	0.209	0.574	-0.106	-0.102	0.241	0.449	"3"
"检察长"	2	0	0	0.434	0.417	1.148	1.326	-0.203	-0.742	2.271	"1"
"棚"	1	0	0	0.217	0.209	0.574	0.663	-0.102	-0.371	1.136	"1"
"次"	0	9	3	2.606	2.503	6.891	-1.276	4.054	-1.619	6.949	"2"
"欧佩克"	0	1	0	0.217	0.209	0.574	-0.106	0.681	-0.371	1.158	"2"
"欧布莱特"	0	0	2	0.434	0.417	1.148	-0.213	-0.203	0.482	0.898	"3"
"欧洲"	0	0	2	0.434	0.417	1.148	-0.213	-0.203	0.482	0.898	"3"
"欧盟"	0	9	4	2.823	2.712	7.465	-1.382	3.631	-1.312	6.325	"2"
"欺诈"	0	0	1	0.217	0.209	0.574	-0.106	-0.102	0.241	0.449	"3"
"歌舞"	0	0	1	0.217	0.209	0.574	-0.106	-0.102	0.241	0.449	"3"
"歌舞团"	1	0	0	0.217	0.209	0.574	0.663	-0.102	-0.371	1.136	"1"
"正"	1	0	0	0.217	0.209	0.574	0.663	-0.102	-0.371	1.136	"1"
"正确"	0	0	2	0.434	0.417	1.148	-0.213	-0.203	0.482	0.898	"3"
"此行"	0	1	0	0.217	0.209	0.574	-0.106	0.681	-0.371	1.158	"2"
"武东和"	0	0	1	0.217	0.209	0.574	-0.106	-0.102	0.241	0.449	"3"
"武装"	1	0	5	1.303	1.252	3.445	-0.212	-0.61	0.709	1.531	"3"
"比"	0	0	1	0.217	0.209	0.574	-0.106	-0.102	0.241	0.449	"3"
"比利时"	0	1	0	0.217	0.209	0.574	-0.106	0.681	-0.371	1.158	"2"
"比卢"	0	0	1	0.217	0.209	0.574	-0.106	-0.102	0.241	0.449	"3"
"毕会面"	0	0	1	0.217	0.209	0.574	-0.106	-0.102	0.241	0.449	"3"
"毛泽东"	0	0	3	0.651	0.626	1.723	-0.319	-0.305	0.723	1.347	"3"
"民主"	0	0	2	0.434	0.417	1.148	-0.213	-0.203	0.482	0.898	"3"
"民主党"	0	0	2	0.434	0.417	1.148	-0.213	-0.203	0.482	0.898	"3"
"民意"	0	0	1	0.217	0.209	0.574	-0.106	-0.102	0.241	0.449	"3"
"民政府"	1	0	0	0.217	0.209	0.574	0.663	-0.102	-0.371	1.136	"1"
"民政部"	1	0	0	0.217	0.209	0.574	0.663	-0.102	-0.371	1.136	"1"
"民权"	0	0	2	0.434	0.417	1.148	-0.213	-0.203	0.482	0.898	"3"
"民行党"	0	0	1	0.217	0.209	0.574	-0.106	-0.102	0.241	0.449	"3"
"民进党团"	0	0	1	0.217	0.209	0.574	-0.106	-0.102	0.241	0.449	"3"
"民阵"	0	0	1	0.217	0.209	0.574	-0.106	-0.102	0.241	0.449	"3"
"汇报"	0	1	0	0.217	0.209	0.574	-0.106	0.681	-0.371	1.158	"2"
"汉城"	0	1	2	0.651	0.626	1.723	-0.319	0.297	0.214	0.83	"1"
"汉巴"	0	0	2	0.434	0.417	1.148	-0.213	-0.203	0.482	0.898	"3"
"江棋生"	0	0	2	0.434	0.417	1.148	-0.213	-0.203	0.482	0.898	"3"
"江泽民"	1	0	5	1.303	1.252	3.445	-0.212	-0.61	0.709	1.531	"3"
"沈痛"	0	0	1	0.217	0.209	0.574	-0.106	-0.102	0.241	0.449	"3"
"沉下去"	1	0	0	0.217	0.209	0.574	0.663	-0.102	-0.371	1.136	"1"
"沙"	0	0	1	0.217	0.209	0.574	-0.106	-0.102	0.241	0.449	"3"
"沙姆沙伊"	0	1	0	0.217	0.209	0.574	-0.106	0.681	-0.371	1.158	"2"
"沙姆沙伊赫"	0	2	0	0.434	0.417	1.148	-0.213	1.361	-0.742	2.316	"2"
"沙拉比"	0	0	1	0.217	0.209	0.574	-0.106	-0.102	0.241	0.449	"3"
"沙特"	0	1	0	0.217	0.209	0.574	-0.106	0.681	-0.371	1.158	"2"
"沙阿斯"	0	1	0	0.217	0.209	0.574	-0.106	0.681	-0.371	1.158	"2"
"沙龙"	0	1	1	0.434	0.417	1.148	-0.213	0.427	-0.174	0.814	"2"
"泉内阁"	0	0	1	0.217	0.209	0.574	-0.106	-0.102	0.241	0.449	"3"
"法"	0	1	1	0.434	0.417	1.148	-0.213	0.427	-0.174	0.814	"2"
"法国"	0	2	0	0.434	0.417	1.148	-0.213	1.361	-0.742	2.316	"2"
"法塔赫"	0	0	1	0.217	0.209	0.574	-0.106	-0.102	0.241	0.449	"3"
"法德"	0	0	1	0.217	0.209	0.574	-0.106	-0.102	0.241	0.449	"3"
"法新电"	0	0	4	0.869	0.834	2.297	-0.425	-0.406	0.964	1.795	"3"
"泰爱泰党"	0	0	1	0.217	0.209	0.574	-0.106	-0.102	0.241	0.449	"3"
"泰米尔"	0	1	0	0.217	0.209	0.574	-0.106	0.681	-0.371	1.158	"2"
"泽"	0	0	1	0.217	0.209	0.574	-0.106	-0.102	0.241	0.449	"3"
"洋平"	0	0	1	0.217	0.209	0.574	-0.106	-0.102	0.241	0.449	"3"
"洛朗"	0	0	1	0.217	0.209	0.574	-0.106	-0.102	0.241	0.449	"3"
"洲"	0	0	1	0.217	0.209	0.574	-0.106	-0.102	0.241	0.449	"3"
"派"	0	0	2	0.434	0.417	1.148	-0.213	-0.203	0.482	0.898	"3"
"派别"	0	0	1	0.217	0.209	0.574	-0.106	-0.102	0.241	0.449	"3"
"派系"	0	0	1	0.217	0.209	0.574	-0.106	-0.102	0.241	0.449	"3"
"流亡"	0	0	1	0.217	0.209	0.574	-0.106	-0.102	0.241	0.449	"3"
"浙江省"	1	0	0	0.217	0.209	0.574	0.663	-0.102	-0.371	1.136	"1"
"涉嫌"	0	0	1	0.217	0.209	0.574	-0.106	-0.102	0.241	0.449	"3"
"淑枝"	0	0	1	0.217	0.209	0.574	-0.106	-0.102	0.241	0.449	"3"
"深入"	4	0	0	0.869	0.834	2.297	2.653	-0.406	-1.483	4.542	"1"
"渡过"	0	0	1	0.217	0.209	0.574	-0.106	-0.102	0.241	0.449	"3"
"温家宝"	0	1	0	0.217	0.209	0.574	-0.106	0.681	-0.371	1.158	"2"
"演说"	0	0	1	0.217	0.209	0.574	-0.106	-0.102	0.241	0.449	"3"
"激进"	0	1	1	0.434	0.417	1.148	-0.213	0.427	-0.174	0.814	"2"
"煎"	0	0	1	0.217	0.209	0.574	-0.106	-0.102	0.241	0.449	"3"
"煽动"	0	0	1	0.217	0.209	0.574	-0.106	-0.102	0.241	0.449	"3"
"熬"	0	0	1	0.217	0.209	0.574	-0.106	-0.102	0.241	0.449	"3"
"爱国"	0	0	1	0.217	0.209	0.574	-0.106	-0.102	0.241	0.449	"3"
"爱尔兰"	0	0	1	0.217	0.209	0.574	-0.106	-0.102	0.241	0.449	"3"
"牧师"	0	0	1	0.217	0.209	0.574	-0.106	-0.102	0.241	0.449	"3"
"特"	0	0	1	0.217	0.209	0.574	-0.106	-0.102	0.241	0.449	"3"
"特别"	0	4	4	1.737	1.669	4.594	-0.851	1.19	-0.331	2.372	"2"
"特区"	0	0	1	0.217	0.209	0.574	-0.106	-0.102	0.241	0.449	"3"
"特林布尔"	0	0	1	0.217	0.209	0.574	-0.106	-0.102	0.241	0.449	"3"
"特等"	0	0	1	0.217	0.209	0.574	-0.106	-0.102	0.241	0.449	"3"
"独"	0	1	0	0.217	0.209	0.574	-0.106	0.681	-0.371	1.158	"2"
"独立"	1	0	1	0.434	0.417	1.148	0.412	-0.203	-0.174	0.789	"1"
"猛虎"	0	1	0	0.217	0.209	0.574	-0.106	0.681	-0.371	1.158	"2"
"王永庆"	0	0	1	0.217	0.209	0.574	-0.106	-0.102	0.241	0.449	"3"
"环保"	0	0	1	0.217	0.209	0.574	-0.106	-0.102	0.241	0.449	"3"
"现任"	0	0	1	0.217	0.209	0.574	-0.106	-0.102	0.241	0.449	"3"
"现职"	1	0	0	0.217	0.209	0.574	0.663	-0.102	-0.371	1.136	"1"
"班子"	8	0	0	1.737	1.669	4.594	5.306	-0.813	-2.967	9.086	"1"
"理事会"	0	2	0	0.434	0.417	1.148	-0.213	1.361	-0.742	2.316	"2"
"理应"	1	0	0	0.217	0.209	0.574	0.663	-0.102	-0.371	1.136	"1"
"理论"	1	0	1	0.434	0.417	1.148	0.412	-0.203	-0.174	0.789	"1"
"琥珀厅"	0	1	0	0.217	0.209	0.574	-0.106	0.681	-0.371	1.158	"2"
"瓦杰帕伊"	0	0	2	0.434	0.417	1.148	-0.213	-0.203	0.482	0.898	"3"
"由"	5	0	14	4.126	3.964	10.911	0.4	-1.931	0.946	3.277	"2"
"畅通"	1	0	0	0.217	0.209	0.574	0.663	-0.102	-0.371	1.136	"1"
"的"	0	1	1	0.434	0.417	1.148	-0.213	0.427	-0.174	0.814	"2"
"监督"	1	0	1	0.434	0.417	1.148	0.412	-0.203	-0.174	0.789	"1"
"盖达组织"	0	0	1	0.217	0.209	0.574	-0.106	-0.102	0.241	0.449	"3"
"目的"	0	1	0	0.217	0.209	0.574	-0.106	0.681	-0.371	1.158	"2"
"直"	1	0	0	0.217	0.209	0.574	0.663	-0.102	-0.371	1.136	"1"
"直接"	1	0	2	0.651	0.626	1.723	0.284	-0.305	0.214	0.803	"2"
"相继"	0	0	1	0.217	0.209	0.574	-0.106	-0.102	0.241	0.449	"3"
"省"	4	0	0	0.869	0.834	2.297	2.653	-0.406	-1.483	4.542	"1"
"省委"	1	0	0	0.217	0.209	0.574	0.663	-0.102	-0.371	1.136	"1"
"省政府"	1	0	0	0.217	0.209	0.574	0.663	-0.102	-0.371	1.136	"1"
"真正"	0	0	1	0.217	0.209	0.574	-0.106	-0.102	0.241	0.449	"3"
"着名"	0	0	1	0.217	0.209	0.574	-0.106	-0.102	0.241	0.449	"3"
"着重"	0	1	0	0.217	0.209	0.574	-0.106	0.681	-0.371	1.158	"2"
"研究"	1	0	0	0.217	0.209	0.574	0.663	-0.102	-0.371	1.136	"1"
"研究员"	1	0	0	0.217	0.209	0.574	0.663	-0.102	-0.371	1.136	"1"
"确定"	0	1	0	0.217	0.209	0.574	-0.106	0.681	-0.371	1.158	"2"
"确立"	0	0	1	0.217	0.209	0.574	-0.106	-0.102	0.241	0.449	"3"
"碰头"	0	0	1	0.217	0.209	0.574	-0.106	-0.102	0.241	0.449	"3"
"磋商"	0	1	1	0.434	0.417	1.148	-0.213	0.427	-0.174	0.814	"2"
"社会主义"	0	0	1	0.217	0.209	0.574	-0.106	-0.102	0.241	0.449	"3"
"社会党"	0	1	0	0.217	0.209	0.574	-0.106	0.681	-0.371	1.158	"2"
"社区"	0	0	1	0.217	0.209	0.574	-0.106	-0.102	0.241	0.449	"3"
"社民党"	0	0	1	0.217	0.209	0.574	-0.106	-0.102	0.241	0.449	"3"
"社群"	0	0	1	0.217	0.209	0.574	-0.106	-0.102	0.241	0.449	"3"
"祈祷"	0	0	1	0.217	0.209	0.574	-0.106	-0.102	0.241	0.449	"3"
"祈福"	0	0	1	0.217	0.209	0.574	-0.106	-0.102	0.241	0.449	"3"
"祝贺"	0	0	1	0.217	0.209	0.574	-0.106	-0.102	0.241	0.449	"3"
"福格茨"	0	0	1	0.217	0.209	0.574	-0.106	-0.102	0.241	0.449	"3"
"秀"	1	0	0	0.217	0.209	0.574	0.663	-0.102	-0.371	1.136	"1"
"科博"	0	0	2	0.434	0.417	1.148	-0.213	-0.203	0.482	0.898	"3"
"科拉桑"	0	0	1	0.217	0.209	0.574	-0.106	-0.102	0.241	0.449	"3"
"科索沃"	0	0	2	0.434	0.417	1.148	-0.213	-0.203	0.482	0.898	"3"
"称唿"	0	0	1	0.217	0.209	0.574	-0.106	-0.102	0.241	0.449	"3"
"称赞"	0	0	1	0.217	0.209	0.574	-0.106	-0.102	0.241	0.449	"3"
"程庄村"	1	0	0	0.217	0.209	0.574	0.663	-0.102	-0.371	1.136	"1"
"稍早"	0	0	2	0.434	0.417	1.148	-0.213	-0.203	0.482	0.898	"3"
"稿"	0	0	1	0.217	0.209	0.574	-0.106	-0.102	0.241	0.449	"3"
"穆加比"	0	0	2	0.434	0.417	1.148	-0.213	-0.203	0.482	0.898	"3"
"穆斯林"	0	0	2	0.434	0.417	1.148	-0.213	-0.203	0.482	0.898	"3"
"穆罕默德"	0	0	1	0.217	0.209	0.574	-0.106	-0.102	0.241	0.449	"3"
"空缺"	1	0	0	0.217	0.209	0.574	0.663	-0.102	-0.371	1.136	"1"
"突"	0	0	1	0.217	0.209	0.574	-0.106	-0.102	0.241	0.449	"3"
"突尼斯"	0	0	2	0.434	0.417	1.148	-0.213	-0.203	0.482	0.898	"3"
"第二"	0	1	0	0.217	0.209	0.574	-0.106	0.681	-0.371	1.158	"2"
"第六"	0	0	1	0.217	0.209	0.574	-0.106	-0.102	0.241	0.449	"3"
"答应"	0	0	1	0.217	0.209	0.574	-0.106	-0.102	0.241	0.449	"3"
"策划"	0	0	1	0.217	0.209	0.574	-0.106	-0.102	0.241	0.449	"3"
"管"	3	0	0	0.651	0.626	1.723	1.99	-0.305	-1.113	3.408	"1"
"管理层"	0	0	1	0.217	0.209	0.574	-0.106	-0.102	0.241	0.449	"3"
"米切尔"	0	0	1	0.217	0.209	0.574	-0.106	-0.102	0.241	0.449	"3"
"粉墨登场"	0	0	1	0.217	0.209	0.574	-0.106	-0.102	0.241	0.449	"3"
"精心"	2	0	0	0.434	0.417	1.148	1.326	-0.203	-0.742	2.271	"1"
"精明"	0	0	1	0.217	0.209	0.574	-0.106	-0.102	0.241	0.449	"3"
"精神"	0	0	4	0.869	0.834	2.297	-0.425	-0.406	0.964	1.795	"3"
"紧迫性"	1	0	0	0.217	0.209	0.574	0.663	-0.102	-0.371	1.136	"1"
"约旦"	0	3	1	0.869	0.834	2.297	-0.425	1.514	-0.677	2.616	"2"
"约瑟夫"	0	0	1	0.217	0.209	0.574	-0.106	-0.102	0.241	0.449	"3"
"级"	9	0	0	1.954	1.878	5.168	5.969	-0.914	-3.338	10.221	"1"
"纪律"	1	0	0	0.217	0.209	0.574	0.663	-0.102	-0.371	1.136	"1"
"纯一"	0	0	1	0.217	0.209	0.574	-0.106	-0.102	0.241	0.449	"3"
"组"	0	0	1	0.217	0.209	0.574	-0.106	-0.102	0.241	0.449	"3"
"组建"	1	0	1	0.434	0.417	1.148	0.412	-0.203	-0.174	0.789	"1"
"组成"	0	0	1	0.217	0.209	0.574	-0.106	-0.102	0.241	0.449	"3"
"组织"	7	3	10	4.343	4.172	11.485	0.909	-0.426	-0.488	1.823	"1"
"织"	0	1	0	0.217	0.209	0.574	-0.106	0.681	-0.371	1.158	"2"
"结束"	0	4	0	0.869	0.834	2.297	-0.425	2.723	-1.483	4.631	"2"
"统一"	0	0	1	0.217	0.209	0.574	-0.106	-0.102	0.241	0.449	"3"
"统一党"	0	0	1	0.217	0.209	0.574	-0.106	-0.102	0.241	0.449	"3"
"继承"	0	0	1	0.217	0.209	0.574	-0.106	-0.102	0.241	0.449	"3"
"继续"	0	0	1	0.217	0.209	0.574	-0.106	-0.102	0.241	0.449	"3"
"维利"	0	0	1	0.217	0.209	0.574	-0.106	-0.102	0.241	0.449	"3"
"维和"	0	0	1	0.217	0.209	0.574	-0.106	-0.102	0.241	0.449	"3"
"维奇"	0	0	1	0.217	0.209	0.574	-0.106	-0.102	0.241	0.449	"3"
"缅甸"	0	0	1	0.217	0.209	0.574	-0.106	-0.102	0.241	0.449	"3"
"罗德"	0	0	1	0.217	0.209	0.574	-0.106	-0.102	0.241	0.449	"3"
"罢工"	0	0	1	0.217	0.209	0.574	-0.106	-0.102	0.241	0.449	"3"
"美"	0	4	2	1.303	1.252	3.445	-0.638	1.704	-0.664	3.006	"2"
"美方"	0	0	2	0.434	0.417	1.148	-0.213	-0.203	0.482	0.898	"3"
"美英"	0	0	1	0.217	0.209	0.574	-0.106	-0.102	0.241	0.449	"3"
"美阿"	0	1	0	0.217	0.209	0.574	-0.106	0.681	-0.371	1.158	"2"
"群众"	4	0	1	1.086	1.043	2.871	2.037	-0.508	-0.965	3.51	"1"
"翁山"	0	0	1	0.217	0.209	0.574	-0.106	-0.102	0.241	0.449	"3"
"翁山淑枝"	0	0	1	0.217	0.209	0.574	-0.106	-0.102	0.241	0.449	"3"
"老"	0	1	0	0.217	0.209	0.574	-0.106	0.681	-0.371	1.158	"2"
"者"	3	0	3	1.303	1.252	3.445	0.917	-0.61	-0.293	1.82	"1"
"耶"	0	0	1	0.217	0.209	0.574	-0.106	-0.102	0.241	0.449	"3"
"耶路撒冷"	0	0	2	0.434	0.417	1.148	-0.213	-0.203	0.482	0.898	"3"
"职位"	1	0	0	0.217	0.209	0.574	0.663	-0.102	-0.371	1.136	"1"
"职工"	1	0	0	0.217	0.209	0.574	0.663	-0.102	-0.371	1.136	"1"
"职总"	0	0	2	0.434	0.417	1.148	-0.213	-0.203	0.482	0.898	"3"
"职能"	1	0	0	0.217	0.209	0.574	0.663	-0.102	-0.371	1.136	"1"
"职责"	1	0	0	0.217	0.209	0.574	0.663	-0.102	-0.371	1.136	"1"
"联体"	0	2	0	0.434	0.417	1.148	-0.213	1.361	-0.742	2.316	"2"
"联军"	0	0	1	0.217	0.209	0.574	-0.106	-0.102	0.241	0.449	"3"
"联合"	0	1	0	0.217	0.209	0.574	-0.106	0.681	-0.371	1.158	"2"
"联合国"	0	1	0	0.217	0.209	0.574	-0.106	0.681	-0.371	1.158	"2"
"联盟"	0	1	6	1.52	1.46	4.02	-0.744	-0.257	0.895	1.896	"3"
"联盟党"	0	0	1	0.217	0.209	0.574	-0.106	-0.102	0.241	0.449	"3"
"联系"	0	0	1	0.217	0.209	0.574	-0.106	-0.102	0.241	0.449	"3"
"聚"	0	0	1	0.217	0.209	0.574	-0.106	-0.102	0.241	0.449	"3"
"聚首"	0	0	2	0.434	0.417	1.148	-0.213	-0.203	0.482	0.898	"3"
"肃穆"	0	0	1	0.217	0.209	0.574	-0.106	-0.102	0.241	0.449	"3"
"胜任"	1	0	0	0.217	0.209	0.574	0.663	-0.102	-0.371	1.136	"1"
"胜地"	0	1	0	0.217	0.209	0.574	-0.106	0.681	-0.371	1.158	"2"
"胡"	1	0	0	0.217	0.209	0.574	0.663	-0.102	-0.371	1.136	"1"
"胡亚基"	0	0	3	0.651	0.626	1.723	-0.319	-0.305	0.723	1.347	"3"
"胡锦涛"	1	1	1	0.651	0.626	1.723	0.284	0.297	-0.41	0.991	"3"
"能力"	1	0	2	0.651	0.626	1.723	0.284	-0.305	0.214	0.803	"2"
"能干"	0	0	1	0.217	0.209	0.574	-0.106	-0.102	0.241	0.449	"3"
"自恃"	0	0	1	0.217	0.209	0.574	-0.106	-0.102	0.241	0.449	"3"
"自民党"	0	0	1	0.217	0.209	0.574	-0.106	-0.102	0.241	0.449	"3"
"自治区"	2	0	0	0.434	0.417	1.148	1.326	-0.203	-0.742	2.271	"1"
"自行车队"	1	0	0	0.217	0.209	0.574	0.663	-0.102	-0.371	1.136	"1"
"自觉"	2	0	0	0.434	0.417	1.148	1.326	-0.203	-0.742	2.271	"1"
"至关"	1	0	0	0.217	0.209	0.574	0.663	-0.102	-0.371	1.136	"1"
"舆论界"	0	0	1	0.217	0.209	0.574	-0.106	-0.102	0.241	0.449	"3"
"色列"	0	1	0	0.217	0.209	0.574	-0.106	0.681	-0.371	1.158	"2"
"艾哈迈德"	0	0	1	0.217	0.209	0.574	-0.106	-0.102	0.241	0.449	"3"
"艾斯特拉达"	0	0	1	0.217	0.209	0.574	-0.106	-0.102	0.241	0.449	"3"
"节制"	0	0	1	0.217	0.209	0.574	-0.106	-0.102	0.241	0.449	"3"
"苏丹"	0	0	1	0.217	0.209	0.574	-0.106	-0.102	0.241	0.449	"3"
"苏哈"	0	0	2	0.434	0.417	1.148	-0.213	-0.203	0.482	0.898	"3"
"苏联"	0	1	0	0.217	0.209	0.574	-0.106	0.681	-0.371	1.158	"2"
"英"	0	1	0	0.217	0.209	0.574	-0.106	0.681	-0.371	1.158	"2"
"英法德"	0	0	1	0.217	0.209	0.574	-0.106	-0.102	0.241	0.449	"3"
"英美"	0	0	2	0.434	0.417	1.148	-0.213	-0.203	0.482	0.898	"3"
"茶会"	1	0	0	0.217	0.209	0.574	0.663	-0.102	-0.371	1.136	"1"
"莫斯科市"	0	0	1	0.217	0.209	0.574	-0.106	-0.102	0.241	0.449	"3"
"萧万长"	0	1	0	0.217	0.209	0.574	-0.106	0.681	-0.371	1.158	"2"
"萨达姆"	1	0	4	1.086	1.043	2.871	-0.154	-0.508	0.532	1.194	"3"
"萨阿迪"	0	0	1	0.217	0.209	0.574	-0.106	-0.102	0.241	0.449	"3"
"萨隆"	0	0	1	0.217	0.209	0.574	-0.106	-0.102	0.241	0.449	"3"
"落实"	1	0	1	0.434	0.417	1.148	0.412	-0.203	-0.174	0.789	"1"
"落网"	0	0	1	0.217	0.209	0.574	-0.106	-0.102	0.241	0.449	"3"
"葡萄牙"	0	1	0	0.217	0.209	0.574	-0.106	0.681	-0.371	1.158	"2"
"董"	0	0	2	0.434	0.417	1.148	-0.213	-0.203	0.482	0.898	"3"
"董事会"	1	0	0	0.217	0.209	0.574	0.663	-0.102	-0.371	1.136	"1"
"董建"	0	0	1	0.217	0.209	0.574	-0.106	-0.102	0.241	0.449	"3"
"董建华"	1	0	1	0.434	0.417	1.148	0.412	-0.203	-0.174	0.789	"1"
"蒂华纳"	0	0	1	0.217	0.209	0.574	-0.106	-0.102	0.241	0.449	"3"
"蔡锐明仿效"	0	0	1	0.217	0.209	0.574	-0.106	-0.102	0.241	0.449	"3"
"行动党"	0	0	1	0.217	0.209	0.574	-0.106	-0.102	0.241	0.449	"3"
"行政"	5	0	3	1.737	1.669	4.594	1.826	-0.813	-0.665	3.304	"1"
"表明"	0	0	1	0.217	0.209	0.574	-0.106	-0.102	0.241	0.449	"3"
"表率"	1	0	0	0.217	0.209	0.574	0.663	-0.102	-0.371	1.136	"1"
"表示"	0	0	1	0.217	0.209	0.574	-0.106	-0.102	0.241	0.449	"3"
"被捕"	0	0	1	0.217	0.209	0.574	-0.106	-0.102	0.241	0.449	"3"
"西斯塔尼"	0	0	2	0.434	0.417	1.148	-0.213	-0.203	0.482	0.898	"3"
"西藏"	0	0	1	0.217	0.209	0.574	-0.106	-0.102	0.241	0.449	"3"
"西那瓦"	0	0	1	0.217	0.209	0.574	-0.106	-0.102	0.241	0.449	"3"
"要"	11	0	3	3.04	2.921	8.039	5.023	-1.423	-2.159	8.605	"1"
"要么"	1	0	0	0.217	0.209	0.574	0.663	-0.102	-0.371	1.136	"1"
"要员"	0	0	1	0.217	0.209	0.574	-0.106	-0.102	0.241	0.449	"3"
"见面"	0	0	1	0.217	0.209	0.574	-0.106	-0.102	0.241	0.449	"3"
"规范"	2	0	0	0.434	0.417	1.148	1.326	-0.203	-0.742	2.271	"1"
"角色"	0	0	1	0.217	0.209	0.574	-0.106	-0.102	0.241	0.449	"3"
"解放"	0	0	2	0.434	0.417	1.148	-0.213	-0.203	0.482	0.898	"3"
"言行"	0	0	1	0.217	0.209	0.574	-0.106	-0.102	0.241	0.449	"3"
"言论"	0	0	1	0.217	0.209	0.574	-0.106	-0.102	0.241	0.449	"3"
"警告"	0	0	1	0.217	0.209	0.574	-0.106	-0.102	0.241	0.449	"3"
"警示"	1	0	0	0.217	0.209	0.574	0.663	-0.102	-0.371	1.136	"1"
"计划局"	2	0	0	0.434	0.417	1.148	1.326	-0.203	-0.742	2.271	"1"
"计委"	1	0	0	0.217	0.209	0.574	0.663	-0.102	-0.371	1.136	"1"
"认真"	2	0	2	0.869	0.834	2.297	0.683	-0.406	-0.245	1.334	"1"
"认识到"	0	0	1	0.217	0.209	0.574	-0.106	-0.102	0.241	0.449	"3"
"讨"	0	1	0	0.217	0.209	0.574	-0.106	0.681	-0.371	1.158	"2"
"讨论"	0	0	4	0.869	0.834	2.297	-0.425	-0.406	0.964	1.795	"3"
"议"	0	2	0	0.434	0.417	1.148	-0.213	1.361	-0.742	2.316	"2"
"议员"	3	0	0	0.651	0.626	1.723	1.99	-0.305	-1.113	3.408	"1"
"议题"	0	1	0	0.217	0.209	0.574	-0.106	0.681	-0.371	1.158	"2"
"讯"	0	0	1	0.217	0.209	0.574	-0.106	-0.102	0.241	0.449	"3"
"讲师"	0	0	1	0.217	0.209	0.574	-0.106	-0.102	0.241	0.449	"3"
"讲话"	0	0	1	0.217	0.209	0.574	-0.106	-0.102	0.241	0.449	"3"
"论坛"	0	1	0	0.217	0.209	0.574	-0.106	0.681	-0.371	1.158	"2"
"论旨"	0	1	0	0.217	0.209	0.574	-0.106	0.681	-0.371	1.158	"2"
"论调"	0	0	1	0.217	0.209	0.574	-0.106	-0.102	0.241	0.449	"3"
"设法"	0	0	1	0.217	0.209	0.574	-0.106	-0.102	0.241	0.449	"3"
"访"	0	0	1	0.217	0.209	0.574	-0.106	-0.102	0.241	0.449	"3"
"访华"	0	0	2	0.434	0.417	1.148	-0.213	-0.203	0.482	0.898	"3"
"访问"	0	0	6	1.303	1.252	3.445	-0.638	-0.61	1.445	2.693	"3"
"试图"	0	0	1	0.217	0.209	0.574	-0.106	-0.102	0.241	0.449	"3"
"试点"	1	0	0	0.217	0.209	0.574	0.663	-0.102	-0.371	1.136	"1"
"诚信"	1	0	0	0.217	0.209	0.574	0.663	-0.102	-0.371	1.136	"1"
"诚信度"	1	0	0	0.217	0.209	0.574	0.663	-0.102	-0.371	1.136	"1"
"详"	0	0	1	0.217	0.209	0.574	-0.106	-0.102	0.241	0.449	"3"
"诫勉"	1	0	0	0.217	0.209	0.574	0.663	-0.102	-0.371	1.136	"1"
"误解"	0	0	1	0.217	0.209	0.574	-0.106	-0.102	0.241	0.449	"3"
"说服"	0	0	1	0.217	0.209	0.574	-0.106	-0.102	0.241	0.449	"3"
"诺罗敦"	0	0	1	0.217	0.209	0.574	-0.106	-0.102	0.241	0.449	"3"
"诺贝尔"	0	0	1	0.217	0.209	0.574	-0.106	-0.102	0.241	0.449	"3"
"诽谤"	0	0	1	0.217	0.209	0.574	-0.106	-0.102	0.241	0.449	"3"
"谅解"	0	0	1	0.217	0.209	0.574	-0.106	-0.102	0.241	0.449	"3"
"谈"	0	0	1	0.217	0.209	0.574	-0.106	-0.102	0.241	0.449	"3"
"谈及"	0	0	1	0.217	0.209	0.574	-0.106	-0.102	0.241	0.449	"3"
"谈话"	0	0	1	0.217	0.209	0.574	-0.106	-0.102	0.241	0.449	"3"
"谈谈"	0	0	1	0.217	0.209	0.574	-0.106	-0.102	0.241	0.449	"3"
"谎言"	0	0	2	0.434	0.417	1.148	-0.213	-0.203	0.482	0.898	"3"
"谢列兹"	0	0	1	0.217	0.209	0.574	-0.106	-0.102	0.241	0.449	"3"
"谴责"	0	0	1	0.217	0.209	0.574	-0.106	-0.102	0.241	0.449	"3"
"豁免权"	0	0	1	0.217	0.209	0.574	-0.106	-0.102	0.241	0.449	"3"
"贝尔法斯"	0	1	1	0.434	0.417	1.148	-0.213	0.427	-0.174	0.814	"2"
"贝鲁特"	0	1	0	0.217	0.209	0.574	-0.106	0.681	-0.371	1.158	"2"
"负责"	2	0	2	0.869	0.834	2.297	0.683	-0.406	-0.245	1.334	"1"
"负责人"	3	0	0	0.651	0.626	1.723	1.99	-0.305	-1.113	3.408	"1"
"负责制"	1	0	0	0.217	0.209	0.574	0.663	-0.102	-0.371	1.136	"1"
"财团"	0	0	1	0.217	0.209	0.574	-0.106	-0.102	0.241	0.449	"3"
"责"	1	0	0	0.217	0.209	0.574	0.663	-0.102	-0.371	1.136	"1"
"责任"	2	0	0	0.434	0.417	1.148	1.326	-0.203	-0.742	2.271	"1"
"责任制"	1	0	0	0.217	0.209	0.574	0.663	-0.102	-0.371	1.136	"1"
"贩毒"	0	0	1	0.217	0.209	0.574	-0.106	-0.102	0.241	0.449	"3"
"贯彻"	0	0	3	0.651	0.626	1.723	-0.319	-0.305	0.723	1.347	"3"
"费尔南多"	0	0	2	0.434	0.417	1.148	-0.213	-0.203	0.482	0.898	"3"
"贾克森"	0	0	1	0.217	0.209	0.574	-0.106	-0.102	0.241	0.449	"3"
"赞扬"	0	0	1	0.217	0.209	0.574	-0.106	-0.102	0.241	0.449	"3"
"赫"	0	1	0	0.217	0.209	0.574	-0.106	0.681	-0.371	1.158	"2"
"走上"	0	0	1	0.217	0.209	0.574	-0.106	-0.102	0.241	0.449	"3"
"走私案"	1	0	0	0.217	0.209	0.574	0.663	-0.102	-0.371	1.136	"1"
"赴汤蹈火"	0	0	1	0.217	0.209	0.574	-0.106	-0.102	0.241	0.449	"3"
"起义"	0	0	1	0.217	0.209	0.574	-0.106	-0.102	0.241	0.449	"3"
"起诉"	0	0	1	0.217	0.209	0.574	-0.106	-0.102	0.241	0.449	"3"
"越南"	0	0	1	0.217	0.209	0.574	-0.106	-0.102	0.241	0.449	"3"
"距地"	0	0	1	0.217	0.209	0.574	-0.106	-0.102	0.241	0.449	"3"
"跟"	0	0	1	0.217	0.209	0.574	-0.106	-0.102	0.241	0.449	"3"
"路透"	0	2	0	0.434	0.417	1.148	-0.213	1.361	-0.742	2.316	"2"
"身为"	1	0	1	0.434	0.417	1.148	0.412	-0.203	-0.174	0.789	"1"
"身影"	1	0	0	0.217	0.209	0.574	0.663	-0.102	-0.371	1.136	"1"
"身边"	1	0	0	0.217	0.209	0.574	0.663	-0.102	-0.371	1.136	"1"
"转达"	0	0	2	0.434	0.417	1.148	-0.213	-0.203	0.482	0.898	"3"
"输出入"	0	0	1	0.217	0.209	0.574	-0.106	-0.102	0.241	0.449	"3"
"辛海美"	0	0	1	0.217	0.209	0.574	-0.106	-0.102	0.241	0.449	"3"
"辞呈"	1	0	0	0.217	0.209	0.574	0.663	-0.102	-0.371	1.136	"1"
"达成"	0	5	1	1.303	1.252	3.445	-0.638	2.708	-1.266	4.612	"2"
"达致"	0	1	0	0.217	0.209	0.574	-0.106	0.681	-0.371	1.158	"2"
"达赖"	0	0	1	0.217	0.209	0.574	-0.106	-0.102	0.241	0.449	"3"
"迅速"	0	0	1	0.217	0.209	0.574	-0.106	-0.102	0.241	0.449	"3"
"过渡"	0	0	3	0.651	0.626	1.723	-0.319	-0.305	0.723	1.347	"3"
"过渡期"	0	0	1	0.217	0.209	0.574	-0.106	-0.102	0.241	0.449	"3"
"迈向"	0	0	1	0.217	0.209	0.574	-0.106	-0.102	0.241	0.449	"3"
"运动"	0	0	5	1.086	1.043	2.871	-0.532	-0.508	1.205	2.245	"3"
"近年来"	0	0	1	0.217	0.209	0.574	-0.106	-0.102	0.241	0.449	"3"
"这里"	0	1	0	0.217	0.209	0.574	-0.106	0.681	-0.371	1.158	"2"
"远藤"	1	0	0	0.217	0.209	0.574	0.663	-0.102	-0.371	1.136	"1"
"连战"	0	0	1	0.217	0.209	0.574	-0.106	-0.102	0.241	0.449	"3"
"述职"	0	0	1	0.217	0.209	0.574	-0.106	-0.102	0.241	0.449	"3"
"追究"	3	0	0	0.651	0.626	1.723	1.99	-0.305	-1.113	3.408	"1"
"追随者"	0	0	1	0.217	0.209	0.574	-0.106	-0.102	0.241	0.449	"3"
"逃亡"	0	0	1	0.217	0.209	0.574	-0.106	-0.102	0.241	0.449	"3"
"选中"	0	0	1	0.217	0.209	0.574	-0.106	-0.102	0.241	0.449	"3"
"选举"	0	0	1	0.217	0.209	0.574	-0.106	-0.102	0.241	0.449	"3"
"选出"	0	0	1	0.217	0.209	0.574	-0.106	-0.102	0.241	0.449	"3"
"选区"	1	0	0	0.217	0.209	0.574	0.663	-0.102	-0.371	1.136	"1"
"选拔"	1	0	0	0.217	0.209	0.574	0.663	-0.102	-0.371	1.136	"1"
"通过"	0	2	0	0.434	0.417	1.148	-0.213	1.361	-0.742	2.316	"2"
"逮捕"	0	0	1	0.217	0.209	0.574	-0.106	-0.102	0.241	0.449	"3"
"逼迫"	0	0	1	0.217	0.209	0.574	-0.106	-0.102	0.241	0.449	"3"
"遇难"	2	0	0	0.434	0.417	1.148	1.326	-0.203	-0.742	2.271	"1"
"道别"	0	0	2	0.434	0.417	1.148	-0.213	-0.203	0.482	0.898	"3"
"遗留"	0	0	1	0.217	0.209	0.574	-0.106	-0.102	0.241	0.449	"3"
"遣"	0	0	1	0.217	0.209	0.574	-0.106	-0.102	0.241	0.449	"3"
"遵循"	0	0	1	0.217	0.209	0.574	-0.106	-0.102	0.241	0.449	"3"
"邀集"	0	0	2	0.434	0.417	1.148	-0.213	-0.203	0.482	0.898	"3"
"邓小平"	0	0	1	0.217	0.209	0.574	-0.106	-0.102	0.241	0.449	"3"
"邪教"	0	0	1	0.217	0.209	0.574	-0.106	-0.102	0.241	0.449	"3"
"邪教组织"	0	0	1	0.217	0.209	0.574	-0.106	-0.102	0.241	0.449	"3"
"邱吉尔"	0	0	2	0.434	0.417	1.148	-0.213	-0.203	0.482	0.898	"3"
"邹族"	0	0	1	0.217	0.209	0.574	-0.106	-0.102	0.241	0.449	"3"
"邻国"	0	0	2	0.434	0.417	1.148	-0.213	-0.203	0.482	0.898	"3"
"部"	5	0	2	1.52	1.46	4.02	2.167	-0.711	-0.909	3.787	"1"
"部署"	1	0	0	0.217	0.209	0.574	0.663	-0.102	-0.371	1.136	"1"
"部门"	5	0	1	1.303	1.252	3.445	2.625	-0.61	-1.266	4.501	"1"
"部队"	2	0	6	1.737	1.669	4.594	0.263	-0.813	0.578	1.654	"2"
"部队团"	1	0	0	0.217	0.209	0.574	0.663	-0.102	-0.371	1.136	"1"
"郭凯光"	0	1	0	0.217	0.209	0.574	-0.106	0.681	-0.371	1.158	"2"
"鄢陵"	1	0	0	0.217	0.209	0.574	0.663	-0.102	-0.371	1.136	"1"
"酌情"	1	0	0	0.217	0.209	0.574	0.663	-0.102	-0.371	1.136	"1"
"配偶"	1	0	0	0.217	0.209	0.574	0.663	-0.102	-0.371	1.136	"1"
"释放"	0	0	1	0.217	0.209	0.574	-0.106	-0.102	0.241	0.449	"3"
"里亚"	0	0	1	0.217	0.209	0.574	-0.106	-0.102	0.241	0.449	"3"
"重启"	0	1	0	0.217	0.209	0.574	-0.106	0.681	-0.371	1.158	"2"
"重整旗鼓"	0	0	1	0.217	0.209	0.574	-0.106	-0.102	0.241	0.449	"3"
"重申"	0	0	2	0.434	0.417	1.148	-0.213	-0.203	0.482	0.898	"3"
"重视"	1	0	3	0.869	0.834	2.297	0.205	-0.406	0.365	0.976	"2"
"野集团"	0	0	1	0.217	0.209	0.574	-0.106	-0.102	0.241	0.449	"3"
"金大"	0	0	3	0.651	0.626	1.723	-0.319	-0.305	0.723	1.347	"3"
"金大中"	0	0	3	0.651	0.626	1.723	-0.319	-0.305	0.723	1.347	"3"
"金正"	0	0	3	0.651	0.626	1.723	-0.319	-0.305	0.723	1.347	"3"
"金正日"	0	0	3	0.651	0.626	1.723	-0.319	-0.305	0.723	1.347	"3"
"金沙萨"	0	0	1	0.217	0.209	0.574	-0.106	-0.102	0.241	0.449	"3"
"金融时报"	0	1	0	0.217	0.209	0.574	-0.106	0.681	-0.371	1.158	"2"
"金边"	0	0	1	0.217	0.209	0.574	-0.106	-0.102	0.241	0.449	"3"
"鉴于"	0	0	1	0.217	0.209	0.574	-0.106	-0.102	0.241	0.449	"3"
"钱财"	0	0	1	0.217	0.209	0.574	-0.106	-0.102	0.241	0.449	"3"
"镇"	2	0	0	0.434	0.417	1.148	1.326	-0.203	-0.742	2.271	"1"
"镇压"	0	0	1	0.217	0.209	0.574	-0.106	-0.102	0.241	0.449	"3"
"镶白旗"	1	0	0	0.217	0.209	0.574	0.663	-0.102	-0.371	1.136	"1"
"长官"	0	0	1	0.217	0.209	0.574	-0.106	-0.102	0.241	0.449	"3"
"问候"	0	0	3	0.651	0.626	1.723	-0.319	-0.305	0.723	1.347	"3"
"问题"	0	6	0	1.303	1.252	3.445	-0.638	4.084	-2.225	6.947	"2"
"阐述"	0	1	0	0.217	0.209	0.574	-0.106	0.681	-0.371	1.158	"2"
"防务"	0	1	0	0.217	0.209	0.574	-0.106	0.681	-0.371	1.158	"2"
"防控"	1	0	0	0.217	0.209	0.574	0.663	-0.102	-0.371	1.136	"1"
"防治"	3	0	1	0.869	0.834	2.297	1.465	-0.406	-0.677	2.548	"1"
"阶层"	0	0	2	0.434	0.417	1.148	-0.213	-0.203	0.482	0.898	"3"
"阶级"	0	0	1	0.217	0.209	0.574	-0.106	-0.102	0.241	0.449	"3"
"阿塞菲"	0	1	0	0.217	0.209	0.574	-0.106	0.681	-0.371	1.158	"2"
"阿巴斯"	0	1	1	0.434	0.417	1.148	-0.213	0.427	-0.174	0.814	"2"
"阿德万"	0	1	0	0.217	0.209	0.574	-0.106	0.681	-0.371	1.158	"2"
"阿拉"	0	1	2	0.651	0.626	1.723	-0.319	0.297	0.214	0.83	"1"
"阿拉伯"	0	9	1	2.171	2.086	5.742	-1.063	5.216	-2.547	8.826	"2"
"阿拉伯国"	0	1	0	0.217	0.209	0.574	-0.106	0.681	-0.371	1.158	"2"
"阿拉法"	0	0	1	0.217	0.209	0.574	-0.106	-0.102	0.241	0.449	"3"
"阿拉法特"	0	1	7	1.737	1.669	4.594	-0.851	-0.32	1.086	2.257	"3"
"阿斯纳尔"	0	0	1	0.217	0.209	0.574	-0.106	-0.102	0.241	0.449	"3"
"阿罗约"	0	0	2	0.434	0.417	1.148	-0.213	-0.203	0.482	0.898	"3"
"阿耶拉"	0	0	1	0.217	0.209	0.574	-0.106	-0.102	0.241	0.449	"3"
"阿萨德"	0	0	1	0.217	0.209	0.574	-0.106	-0.102	0.241	0.449	"3"
"阿里"	0	0	1	0.217	0.209	0.574	-0.106	-0.102	0.241	0.449	"3"
"阿齐兹"	0	0	1	0.217	0.209	0.574	-0.106	-0.102	0.241	0.449	"3"
"陈德良"	0	0	1	0.217	0.209	0.574	-0.106	-0.102	0.241	0.449	"3"
"险风恶浪"	0	1	0	0.217	0.209	0.574	-0.106	0.681	-0.371	1.158	"2"
"陪同"	0	0	1	0.217	0.209	0.574	-0.106	-0.102	0.241	0.449	"3"
"难当"	0	0	1	0.217	0.209	0.574	-0.106	-0.102	0.241	0.449	"3"
"雄厚"	0	0	1	0.217	0.209	0.574	-0.106	-0.102	0.241	0.449	"3"
"雅典"	0	1	0	0.217	0.209	0.574	-0.106	0.681	-0.371	1.158	"2"
"雅拉"	0	0	1	0.217	0.209	0.574	-0.106	-0.102	0.241	0.449	"3"
"集体"	1	0	7	1.737	1.669	4.594	-0.343	-0.813	1.086	2.242	"3"
"集团"	0	0	5	1.086	1.043	2.871	-0.532	-0.508	1.205	2.245	"3"
"集水区"	1	0	0	0.217	0.209	0.574	0.663	-0.102	-0.371	1.136	"1"
"霍纳山"	0	0	2	0.434	0.417	1.148	-0.213	-0.203	0.482	0.898	"3"
"霍达本"	0	0	1	0.217	0.209	0.574	-0.106	-0.102	0.241	0.449	"3"
"青年"	0	0	1	0.217	0.209	0.574	-0.106	-0.102	0.241	0.449	"3"
"青海湖"	1	0	0	0.217	0.209	0.574	0.663	-0.102	-0.371	1.136	"1"
"青海省人"	1	0	0	0.217	0.209	0.574	0.663	-0.102	-0.371	1.136	"1"
"青藏铁路"	2	0	0	0.434	0.417	1.148	1.326	-0.203	-0.742	2.271	"1"
"非但"	1	0	0	0.217	0.209	0.574	0.663	-0.102	-0.371	1.136	"1"
"非正式"	0	6	0	1.303	1.252	3.445	-0.638	4.084	-2.225	6.947	"2"
"非法"	0	0	1	0.217	0.209	0.574	-0.106	-0.102	0.241	0.449	"3"
"非洲"	0	1	2	0.651	0.626	1.723	-0.319	0.297	0.214	0.83	"1"
"非盟"	0	2	0	0.434	0.417	1.148	-0.213	1.361	-0.742	2.316	"2"
"革命"	0	0	3	0.651	0.626	1.723	-0.319	-0.305	0.723	1.347	"3"
"韩国党"	0	1	0	0.217	0.209	0.574	-0.106	0.681	-0.371	1.158	"2"
"韩日"	0	0	1	0.217	0.209	0.574	-0.106	-0.102	0.241	0.449	"3"
"韩英"	0	1	0	0.217	0.209	0.574	-0.106	0.681	-0.371	1.158	"2"
"预备"	0	1	0	0.217	0.209	0.574	-0.106	0.681	-0.371	1.158	"2"
"领导"	13	0	4	3.692	3.546	9.762	5.636	-1.727	-2.312	9.675	"1"
"领导人"	0	4	4	1.737	1.669	4.594	-0.851	1.19	-0.331	2.372	"2"
"领导层"	0	0	1	0.217	0.209	0.574	-0.106	-0.102	0.241	0.449	"3"
"领袖"	0	1	13	3.04	2.921	8.039	-1.488	-0.751	2.317	4.556	"3"
"频繁"	0	0	1	0.217	0.209	0.574	-0.106	-0.102	0.241	0.449	"3"
"风格"	0	0	1	0.217	0.209	0.574	-0.106	-0.102	0.241	0.449	"3"
"风范"	0	0	1	0.217	0.209	0.574	-0.106	-0.102	0.241	0.449	"3"
"首先"	2	0	0	0.434	0.417	1.148	1.326	-0.203	-0.742	2.271	"1"
"首脑"	0	6	0	1.303	1.252	3.445	-0.638	4.084	-2.225	6.947	"2"
"首都"	0	1	0	0.217	0.209	0.574	-0.106	0.681	-0.371	1.158	"2"
"首长"	0	0	1	0.217	0.209	0.574	-0.106	-0.102	0.241	0.449	"3"
"马中"	0	0	1	0.217	0.209	0.574	-0.106	-0.102	0.241	0.449	"3"
"马哈迪"	0	0	1	0.217	0.209	0.574	-0.106	-0.102	0.241	0.449	"3"
"马晓霖"	0	1	0	0.217	0.209	0.574	-0.106	0.681	-0.371	1.158	"2"
"驱逐"	0	0	1	0.217	0.209	0.574	-0.106	-0.102	0.241	0.449	"3"
"高"	1	1	7	1.954	1.878	5.168	-0.413	-0.387	0.729	1.529	"3"
"高层"	0	1	4	1.086	1.043	2.871	-0.532	-0.143	0.532	1.207	"1_&_3"
"高峰"	0	0	1	0.217	0.209	0.574	-0.106	-0.102	0.241	0.449	"3"
"高峰会"	0	1	3	0.869	0.834	2.297	-0.425	0.216	0.365	1.006	"1"
"高度"	3	0	2	1.086	1.043	2.871	1.143	-0.508	-0.44	2.091	"1"
"高级"	1	0	2	0.651	0.626	1.723	0.284	-0.305	0.214	0.803	"2"
"魅力式"	0	0	1	0.217	0.209	0.574	-0.106	-0.102	0.241	0.449	"3"
"鲁古瓦"	0	0	1	0.217	0.209	0.574	-0.106	-0.102	0.241	0.449	"3"
"鲜"	0	0	1	0.217	0.209	0.574	-0.106	-0.102	0.241	0.449	"3"
"黄埔"	0	0	1	0.217	0.209	0.574	-0.106	-0.102	0.241	0.449	"3"
"黄旗福"	0	0	1	0.217	0.209	0.574	-0.106	-0.102	0.241	0.449	"3"
"黄玉斌"	1	0	0	0.217	0.209	0.574	0.663	-0.102	-0.371	1.136	"1"
"黄镇东"	1	0	0	0.217	0.209	0.574	0.663	-0.102	-0.371	1.136	"1"
"黎可漂"	0	0	1	0.217	0.209	0.574	-0.106	-0.102	0.241	0.449	"3"
"黑人"	0	0	1	0.217	0.209	0.574	-0.106	-0.102	0.241	0.449	"3"
