"Coll_Word"	"1"	"2"	"exp_1"	"exp_2"	"pbin_1"	"pbin_2"	"SumAbsDev"	"LargestDev"
"－"	1	0	0.543	0.457	0.265	-0.265	0.53	"1_&_2"
"，"	7	0	3.799	3.201	1.858	-1.858	3.716	"1_&_2"
"、"	58	0	31.481	26.519	15.392	-15.392	30.784	"1_&_2"
"﹑"	2	0	1.086	0.914	0.531	-0.531	1.062	"1_&_2"
":"	0	6	3.257	2.743	-2.039	2.039	4.078	"1_&_2"
"："	1	0	0.543	0.457	0.265	-0.265	0.53	"1_&_2"
"("	1	2	1.628	1.372	-0.361	0.361	0.722	"1_&_2"
")"	1	2	1.628	1.372	-0.361	0.361	0.722	"1_&_2"
"0091"	0	1	0.543	0.457	-0.34	0.34	0.68	"1_&_2"
"１"	1	0	0.543	0.457	0.265	-0.265	0.53	"1_&_2"
"12.3"	0	1	0.543	0.457	-0.34	0.34	0.68	"1_&_2"
"130多"	1	0	0.543	0.457	0.265	-0.265	0.53	"1_&_2"
"2.60"	0	1	0.543	0.457	-0.34	0.34	0.68	"1_&_2"
"20％"	3	0	1.628	1.372	0.796	-0.796	1.592	"1_&_2"
"20世纪"	2	0	1.086	0.914	0.531	-0.531	1.062	"1_&_2"
"22日电"	1	0	0.543	0.457	0.265	-0.265	0.53	"1_&_2"
"270"	1	0	0.543	0.457	0.265	-0.265	0.53	"1_&_2"
"400多"	1	0	0.543	0.457	0.265	-0.265	0.53	"1_&_2"
"80万"	1	0	0.543	0.457	0.265	-0.265	0.53	"1_&_2"
"891003"	0	1	0.543	0.457	-0.34	0.34	0.68	"1_&_2"
"891205"	1	0	0.543	0.457	0.265	-0.265	0.53	"1_&_2"
"ABS"	1	0	0.543	0.457	0.265	-0.265	0.53	"1_&_2"
"DEXTROMETHORPHAN"	1	0	0.543	0.457	0.265	-0.265	0.53	"1_&_2"
"DII"	0	1	0.543	0.457	-0.34	0.34	0.68	"1_&_2"
"DM"	1	0	0.543	0.457	0.265	-0.265	0.53	"1_&_2"
"DNA"	1	0	0.543	0.457	0.265	-0.265	0.53	"1_&_2"
"finasteride"	1	0	0.543	0.457	0.265	-0.265	0.53	"1_&_2"
"PNTR"	0	1	0.543	0.457	-0.34	0.34	0.68	"1_&_2"
"PPA"	1	0	0.543	0.457	0.265	-0.265	0.53	"1_&_2"
"Rg3"	2	0	1.086	0.914	0.531	-0.531	1.062	"1_&_2"
"SM"	1	0	0.543	0.457	0.265	-0.265	0.53	"1_&_2"
"Sonic"	0	1	0.543	0.457	-0.34	0.34	0.68	"1_&_2"
"SPF"	1	0	0.543	0.457	0.265	-0.265	0.53	"1_&_2"
"X"	0	1	0.543	0.457	-0.34	0.34	0.68	"1_&_2"
"一些"	1	12	7.056	5.944	-3.203	3.203	6.406	"1_&_2"
"一切"	0	2	1.086	0.914	-0.68	0.68	1.36	"1_&_2"
"一半"	1	0	0.543	0.457	0.265	-0.265	0.53	"1_&_2"
"一季度"	0	1	0.543	0.457	-0.34	0.34	0.68	"1_&_2"
"一波波"	0	1	0.543	0.457	-0.34	0.34	0.68	"1_&_2"
"一点零一"	1	0	0.543	0.457	0.265	-0.265	0.53	"1_&_2"
"一般人"	1	0	0.543	0.457	0.265	-0.265	0.53	"1_&_2"
"一起"	1	0	0.543	0.457	0.265	-0.265	0.53	"1_&_2"
"一路"	1	0	0.543	0.457	0.265	-0.265	0.53	"1_&_2"
"七一年"	1	0	0.543	0.457	0.265	-0.265	0.53	"1_&_2"
"三代"	1	0	0.543	0.457	0.265	-0.265	0.53	"1_&_2"
"上将"	1	0	0.543	0.457	0.265	-0.265	0.53	"1_&_2"
"上扬"	1	1	1.086	0.914	-0.152	0.152	0.304	"1_&_2"
"上涨"	0	3	1.628	1.372	-1.02	1.02	2.04	"1_&_2"
"上述"	1	1	1.086	0.914	-0.152	0.152	0.304	"1_&_2"
"上面"	1	0	0.543	0.457	0.265	-0.265	0.53	"1_&_2"
"下"	1	14	8.142	6.858	-3.824	3.824	7.648	"1_&_2"
"下半年"	0	1	0.543	0.457	-0.34	0.34	0.68	"1_&_2"
"下单"	1	1	1.086	0.914	-0.152	0.152	0.304	"1_&_2"
"下滑"	0	1	0.543	0.457	-0.34	0.34	0.68	"1_&_2"
"下跌"	1	5	3.257	2.743	-1.129	1.129	2.258	"1_&_2"
"不"	6	33	21.168	17.832	-6.227	6.227	12.454	"1_&_2"
"不佳"	0	1	0.543	0.457	-0.34	0.34	0.68	"1_&_2"
"不利"	0	8	4.342	3.658	-2.719	2.719	5.438	"1_&_2"
"不及"	0	1	0.543	0.457	-0.34	0.34	0.68	"1_&_2"
"不变"	1	0	0.543	0.457	0.265	-0.265	0.53	"1_&_2"
"不只"	0	1	0.543	0.457	-0.34	0.34	0.68	"1_&_2"
"不可"	0	3	1.628	1.372	-1.02	1.02	2.04	"1_&_2"
"不可或缺"	0	2	1.086	0.914	-0.68	0.68	1.36	"1_&_2"
"不同"	1	0	0.543	0.457	0.265	-0.265	0.53	"1_&_2"
"不宜"	0	1	0.543	0.457	-0.34	0.34	0.68	"1_&_2"
"不应该"	0	1	0.543	0.457	-0.34	0.34	0.68	"1_&_2"
"不易"	0	1	0.543	0.457	-0.34	0.34	0.68	"1_&_2"
"不确定性"	0	1	0.543	0.457	-0.34	0.34	0.68	"1_&_2"
"不能不"	1	1	1.086	0.914	-0.152	0.152	0.304	"1_&_2"
"不良贷款"	0	1	0.543	0.457	-0.34	0.34	0.68	"1_&_2"
"与否"	1	1	1.086	0.914	-0.152	0.152	0.304	"1_&_2"
"与此同时"	2	0	1.086	0.914	0.531	-0.531	1.062	"1_&_2"
"且"	2	0	1.086	0.914	0.531	-0.531	1.062	"1_&_2"
"世局"	1	0	0.543	0.457	0.265	-0.265	0.53	"1_&_2"
"世界贸易组织"	0	1	0.543	0.457	-0.34	0.34	0.68	"1_&_2"
"丙酮"	1	0	0.543	0.457	0.265	-0.265	0.53	"1_&_2"
"业绩"	0	1	0.543	0.457	-0.34	0.34	0.68	"1_&_2"
"东南亚"	1	0	0.543	0.457	0.265	-0.265	0.53	"1_&_2"
"东拼西凑"	1	0	0.543	0.457	0.265	-0.265	0.53	"1_&_2"
"严格"	1	0	0.543	0.457	0.265	-0.265	0.53	"1_&_2"
"个别"	0	1	0.543	0.457	-0.34	0.34	0.68	"1_&_2"
"中"	4	1	2.714	2.286	0.61	-0.61	1.22	"1_&_2"
"中国"	0	1	0.543	0.457	-0.34	0.34	0.68	"1_&_2"
"中油"	2	0	1.086	0.914	0.531	-0.531	1.062	"1_&_2"
"中等"	0	2	1.086	0.914	-0.68	0.68	1.36	"1_&_2"
"中美关系"	0	2	1.086	0.914	-0.68	0.68	1.36	"1_&_2"
"中药"	1	0	0.543	0.457	0.265	-0.265	0.53	"1_&_2"
"丰富"	1	0	0.543	0.457	0.265	-0.265	0.53	"1_&_2"
"临界"	1	0	0.543	0.457	0.265	-0.265	0.53	"1_&_2"
"为"	5	0	2.714	2.286	1.327	-1.327	2.654	"1_&_2"
"为主"	1	0	0.543	0.457	0.265	-0.265	0.53	"1_&_2"
"主因"	1	2	1.628	1.372	-0.361	0.361	0.722	"1_&_2"
"主控"	1	0	0.543	0.457	0.265	-0.265	0.53	"1_&_2"
"主要"	6	23	15.74	13.26	-3.635	3.635	7.27	"1_&_2"
"举例"	0	1	0.543	0.457	-0.34	0.34	0.68	"1_&_2"
"之外"	2	0	1.086	0.914	0.531	-0.531	1.062	"1_&_2"
"乐观"	0	1	0.543	0.457	-0.34	0.34	0.68	"1_&_2"
"乔治亚州"	1	0	0.543	0.457	0.265	-0.265	0.53	"1_&_2"
"乙烯"	2	0	1.086	0.914	0.531	-0.531	1.062	"1_&_2"
"也许"	1	0	0.543	0.457	0.265	-0.265	0.53	"1_&_2"
"书店"	1	0	0.543	0.457	0.265	-0.265	0.53	"1_&_2"
"买盘"	0	1	0.543	0.457	-0.34	0.34	0.68	"1_&_2"
"乳酸"	1	0	0.543	0.457	0.265	-0.265	0.53	"1_&_2"
"了水"	0	1	0.543	0.457	-0.34	0.34	0.68	"1_&_2"
"二手"	1	0	0.543	0.457	0.265	-0.265	0.53	"1_&_2"
"五○%"	1	0	0.543	0.457	0.265	-0.265	0.53	"1_&_2"
"五分之一"	1	0	0.543	0.457	0.265	-0.265	0.53	"1_&_2"
"亚硝基"	1	0	0.543	0.457	0.265	-0.265	0.53	"1_&_2"
"交给"	1	0	0.543	0.457	0.265	-0.265	0.53	"1_&_2"
"产品"	5	0	2.714	2.286	1.327	-1.327	2.654	"1_&_2"
"产地"	1	0	0.543	0.457	0.265	-0.265	0.53	"1_&_2"
"产生"	0	1	0.543	0.457	-0.34	0.34	0.68	"1_&_2"
"产能"	1	0	0.543	0.457	0.265	-0.265	0.53	"1_&_2"
"产销"	1	0	0.543	0.457	0.265	-0.265	0.53	"1_&_2"
"人世间"	1	0	0.543	0.457	0.265	-0.265	0.53	"1_&_2"
"人力"	0	1	0.543	0.457	-0.34	0.34	0.68	"1_&_2"
"人参"	1	0	0.543	0.457	0.265	-0.265	0.53	"1_&_2"
"人工"	2	0	1.086	0.914	0.531	-0.531	1.062	"1_&_2"
"人种"	1	0	0.543	0.457	0.265	-0.265	0.53	"1_&_2"
"介绍"	1	0	0.543	0.457	0.265	-0.265	0.53	"1_&_2"
"他国家"	1	0	0.543	0.457	0.265	-0.265	0.53	"1_&_2"
"代表人"	1	0	0.543	0.457	0.265	-0.265	0.53	"1_&_2"
"以上"	0	2	1.086	0.914	-0.68	0.68	1.36	"1_&_2"
"以及"	5	0	2.714	2.286	1.327	-1.327	2.654	"1_&_2"
"以致"	0	1	0.543	0.457	-0.34	0.34	0.68	"1_&_2"
"以讹传讹"	1	0	0.543	0.457	0.265	-0.265	0.53	"1_&_2"
"价格"	4	3	3.799	3.201	0.227	-0.227	0.454	"1_&_2"
"份"	2	0	1.086	0.914	0.531	-0.531	1.062	"1_&_2"
"仿佛"	1	0	0.543	0.457	0.265	-0.265	0.53	"1_&_2"
"企业"	4	0	2.171	1.829	1.062	-1.062	2.124	"1_&_2"
"优点"	1	0	0.543	0.457	0.265	-0.265	0.53	"1_&_2"
"优质"	1	0	0.543	0.457	0.265	-0.265	0.53	"1_&_2"
"传染"	1	0	0.543	0.457	0.265	-0.265	0.53	"1_&_2"
"低"	1	0	0.543	0.457	0.265	-0.265	0.53	"1_&_2"
"低廉"	1	0	0.543	0.457	0.265	-0.265	0.53	"1_&_2"
"低落"	0	2	1.086	0.914	-0.68	0.68	1.36	"1_&_2"
"低迷"	0	2	1.086	0.914	-0.68	0.68	1.36	"1_&_2"
"体"	1	0	0.543	0.457	0.265	-0.265	0.53	"1_&_2"
"体质"	0	2	1.086	0.914	-0.68	0.68	1.36	"1_&_2"
"作为"	4	1	2.714	2.286	0.61	-0.61	1.22	"1_&_2"
"作用"	2	4	3.257	2.743	-0.573	0.573	1.146	"1_&_2"
"使得"	1	1	1.086	0.914	-0.152	0.152	0.304	"1_&_2"
"使用"	6	0	3.257	2.743	1.592	-1.592	3.184	"1_&_2"
"例如"	2	1	1.628	1.372	0.249	-0.249	0.498	"1_&_2"
"供应"	2	0	1.086	0.914	0.531	-0.531	1.062	"1_&_2"
"供应商"	2	0	1.086	0.914	0.531	-0.531	1.062	"1_&_2"
"供过于求"	1	0	0.543	0.457	0.265	-0.265	0.53	"1_&_2"
"依然"	1	0	0.543	0.457	0.265	-0.265	0.53	"1_&_2"
"依赖"	2	0	1.086	0.914	0.531	-0.531	1.062	"1_&_2"
"侵蚀"	1	0	0.543	0.457	0.265	-0.265	0.53	"1_&_2"
"促使"	0	1	0.543	0.457	-0.34	0.34	0.68	"1_&_2"
"保健品"	1	0	0.543	0.457	0.265	-0.265	0.53	"1_&_2"
"保守"	0	2	1.086	0.914	-0.68	0.68	1.36	"1_&_2"
"保湿"	1	0	0.543	0.457	0.265	-0.265	0.53	"1_&_2"
"信息"	2	0	1.086	0.914	0.531	-0.531	1.062	"1_&_2"
"信用"	1	0	0.543	0.457	0.265	-0.265	0.53	"1_&_2"
"信箱"	1	0	0.543	0.457	0.265	-0.265	0.53	"1_&_2"
"修"	1	0	0.543	0.457	0.265	-0.265	0.53	"1_&_2"
"修补"	2	0	1.086	0.914	0.531	-0.531	1.062	"1_&_2"
"值得"	0	2	1.086	0.914	-0.68	0.68	1.36	"1_&_2"
"偏头痛"	0	1	0.543	0.457	-0.34	0.34	0.68	"1_&_2"
"做法"	1	0	0.543	0.457	0.265	-0.265	0.53	"1_&_2"
"健康"	0	5	2.714	2.286	-1.699	1.699	3.398	"1_&_2"
"偶然"	0	2	1.086	0.914	-0.68	0.68	1.36	"1_&_2"
"储氢"	1	0	0.543	0.457	0.265	-0.265	0.53	"1_&_2"
"催化"	1	0	0.543	0.457	0.265	-0.265	0.53	"1_&_2"
"催化剂"	1	0	0.543	0.457	0.265	-0.265	0.53	"1_&_2"
"僵化"	0	1	0.543	0.457	-0.34	0.34	0.68	"1_&_2"
"元"	0	2	1.086	0.914	-0.68	0.68	1.36	"1_&_2"
"元件"	1	0	0.543	0.457	0.265	-0.265	0.53	"1_&_2"
"充斥"	0	1	0.543	0.457	-0.34	0.34	0.68	"1_&_2"
"先天"	0	2	1.086	0.914	-0.68	0.68	1.36	"1_&_2"
"光"	4	0	2.171	1.829	1.062	-1.062	2.124	"1_&_2"
"光导"	1	0	0.543	0.457	0.265	-0.265	0.53	"1_&_2"
"光电"	1	0	0.543	0.457	0.265	-0.265	0.53	"1_&_2"
"光电子"	1	0	0.543	0.457	0.265	-0.265	0.53	"1_&_2"
"光阻剂"	1	0	0.543	0.457	0.265	-0.265	0.53	"1_&_2"
"克服"	0	1	0.543	0.457	-0.34	0.34	0.68	"1_&_2"
"入流"	1	0	0.543	0.457	0.265	-0.265	0.53	"1_&_2"
"全球"	0	3	1.628	1.372	-1.02	1.02	2.04	"1_&_2"
"全部"	1	0	0.543	0.457	0.265	-0.265	0.53	"1_&_2"
"公升"	1	0	0.543	0.457	0.265	-0.265	0.53	"1_&_2"
"六千多"	1	0	0.543	0.457	0.265	-0.265	0.53	"1_&_2"
"共通"	1	0	0.543	0.457	0.265	-0.265	0.53	"1_&_2"
"关键"	2	7	4.885	4.115	-1.264	1.264	2.528	"1_&_2"
"其"	2	0	1.086	0.914	0.531	-0.531	1.062	"1_&_2"
"其一"	1	1	1.086	0.914	-0.152	0.152	0.304	"1_&_2"
"其他"	3	11	7.599	6.401	-1.88	1.88	3.76	"1_&_2"
"其它"	0	1	0.543	0.457	-0.34	0.34	0.68	"1_&_2"
"其次"	1	2	1.628	1.372	-0.361	0.361	0.722	"1_&_2"
"具有"	3	0	1.628	1.372	0.796	-0.796	1.592	"1_&_2"
"内"	1	1	1.086	0.914	-0.152	0.152	0.304	"1_&_2"
"内因"	0	1	0.543	0.457	-0.34	0.34	0.68	"1_&_2"
"内在"	1	0	0.543	0.457	0.265	-0.265	0.53	"1_&_2"
"内外"	0	1	0.543	0.457	-0.34	0.34	0.68	"1_&_2"
"内部"	0	4	2.171	1.829	-1.359	1.359	2.718	"1_&_2"
"册"	1	0	0.543	0.457	0.265	-0.265	0.53	"1_&_2"
"军事"	0	1	0.543	0.457	-0.34	0.34	0.68	"1_&_2"
"农产品"	1	0	0.543	0.457	0.265	-0.265	0.53	"1_&_2"
"冯沪祥"	0	1	0.543	0.457	-0.34	0.34	0.68	"1_&_2"
"冰箱"	1	0	0.543	0.457	0.265	-0.265	0.53	"1_&_2"
"冲击"	0	1	0.543	0.457	-0.34	0.34	0.68	"1_&_2"
"冲动"	0	1	0.543	0.457	-0.34	0.34	0.68	"1_&_2"
"冲印店"	0	1	0.543	0.457	-0.34	0.34	0.68	"1_&_2"
"决不会"	1	0	0.543	0.457	0.265	-0.265	0.53	"1_&_2"
"决定"	4	3	3.799	3.201	0.227	-0.227	0.454	"1_&_2"
"决定性"	1	1	1.086	0.914	-0.152	0.152	0.304	"1_&_2"
"决胜"	1	0	0.543	0.457	0.265	-0.265	0.53	"1_&_2"
"冶炼"	1	0	0.543	0.457	0.265	-0.265	0.53	"1_&_2"
"冷却"	1	0	0.543	0.457	0.265	-0.265	0.53	"1_&_2"
"准"	1	0	0.543	0.457	0.265	-0.265	0.53	"1_&_2"
"准备金率"	0	1	0.543	0.457	-0.34	0.34	0.68	"1_&_2"
"减低"	2	0	1.086	0.914	0.531	-0.531	1.062	"1_&_2"
"减弱"	0	1	0.543	0.457	-0.34	0.34	0.68	"1_&_2"
"减息"	0	1	0.543	0.457	-0.34	0.34	0.68	"1_&_2"
"减缓"	1	1	1.086	0.914	-0.152	0.152	0.304	"1_&_2"
"出于"	0	1	0.543	0.457	-0.34	0.34	0.68	"1_&_2"
"出口"	4	6	5.428	4.572	-0.557	0.557	1.114	"1_&_2"
"出口国"	2	0	1.086	0.914	0.531	-0.531	1.062	"1_&_2"
"出口税"	1	0	0.543	0.457	0.265	-0.265	0.53	"1_&_2"
"击中"	2	0	1.086	0.914	0.531	-0.531	1.062	"1_&_2"
"分"	1	0	0.543	0.457	0.265	-0.265	0.53	"1_&_2"
"分为"	1	0	0.543	0.457	0.265	-0.265	0.53	"1_&_2"
"分析"	0	2	1.086	0.914	-0.68	0.68	1.36	"1_&_2"
"分析仪"	1	0	0.543	0.457	0.265	-0.265	0.53	"1_&_2"
"切"	0	1	0.543	0.457	-0.34	0.34	0.68	"1_&_2"
"刘云山"	1	0	0.543	0.457	0.265	-0.265	0.53	"1_&_2"
"创作"	1	0	0.543	0.457	0.265	-0.265	0.53	"1_&_2"
"判断"	0	1	0.543	0.457	-0.34	0.34	0.68	"1_&_2"
"利"	0	3	1.628	1.372	-1.02	1.02	2.04	"1_&_2"
"利多"	0	3	1.628	1.372	-1.02	1.02	2.04	"1_&_2"
"利润"	1	0	0.543	0.457	0.265	-0.265	0.53	"1_&_2"
"利率"	0	2	1.086	0.914	-0.68	0.68	1.36	"1_&_2"
"利用"	3	0	1.628	1.372	0.796	-0.796	1.592	"1_&_2"
"利空"	0	1	0.543	0.457	-0.34	0.34	0.68	"1_&_2"
"利空出尽"	0	1	0.543	0.457	-0.34	0.34	0.68	"1_&_2"
"别的"	0	1	0.543	0.457	-0.34	0.34	0.68	"1_&_2"
"制"	4	0	2.171	1.829	1.062	-1.062	2.124	"1_&_2"
"制假"	1	0	0.543	0.457	0.265	-0.265	0.53	"1_&_2"
"制品"	1	0	0.543	0.457	0.265	-0.265	0.53	"1_&_2"
"制度性"	0	1	0.543	0.457	-0.34	0.34	0.68	"1_&_2"
"制成"	2	0	1.086	0.914	0.531	-0.531	1.062	"1_&_2"
"制成品"	1	0	0.543	0.457	0.265	-0.265	0.53	"1_&_2"
"制约"	0	1	0.543	0.457	-0.34	0.34	0.68	"1_&_2"
"制造"	5	0	2.714	2.286	1.327	-1.327	2.654	"1_&_2"
"制造业"	3	0	1.628	1.372	0.796	-0.796	1.592	"1_&_2"
"制造出"	1	0	0.543	0.457	0.265	-0.265	0.53	"1_&_2"
"制造成品"	1	0	0.543	0.457	0.265	-0.265	0.53	"1_&_2"
"刺激"	0	4	2.171	1.829	-1.359	1.359	2.718	"1_&_2"
"刺绣"	1	0	0.543	0.457	0.265	-0.265	0.53	"1_&_2"
"剂"	1	0	0.543	0.457	0.265	-0.265	0.53	"1_&_2"
"前述"	0	1	0.543	0.457	-0.34	0.34	0.68	"1_&_2"
"剔除"	0	1	0.543	0.457	-0.34	0.34	0.68	"1_&_2"
"剥离"	0	1	0.543	0.457	-0.34	0.34	0.68	"1_&_2"
"剧毒"	1	0	0.543	0.457	0.265	-0.265	0.53	"1_&_2"
"剩余"	1	0	0.543	0.457	0.265	-0.265	0.53	"1_&_2"
"副产品"	1	0	0.543	0.457	0.265	-0.265	0.53	"1_&_2"
"功"	1	0	0.543	0.457	0.265	-0.265	0.53	"1_&_2"
"功能"	1	0	0.543	0.457	0.265	-0.265	0.53	"1_&_2"
"加上"	0	5	2.714	2.286	-1.699	1.699	3.398	"1_&_2"
"加之"	1	0	0.543	0.457	0.265	-0.265	0.53	"1_&_2"
"加工"	5	0	2.714	2.286	1.327	-1.327	2.654	"1_&_2"
"加工业"	1	0	0.543	0.457	0.265	-0.265	0.53	"1_&_2"
"劣质"	1	0	0.543	0.457	0.265	-0.265	0.53	"1_&_2"
"包"	1	0	0.543	0.457	0.265	-0.265	0.53	"1_&_2"
"包含"	2	0	1.086	0.914	0.531	-0.531	1.062	"1_&_2"
"包括"	2	9	5.97	5.03	-1.777	1.777	3.554	"1_&_2"
"化"	1	2	1.628	1.372	-0.361	0.361	0.722	"1_&_2"
"化学"	6	0	3.257	2.743	1.592	-1.592	3.184	"1_&_2"
"化工"	1	0	0.543	0.457	0.265	-0.265	0.53	"1_&_2"
"化肥"	2	0	1.086	0.914	0.531	-0.531	1.062	"1_&_2"
"北韩"	1	0	0.543	0.457	0.265	-0.265	0.53	"1_&_2"
"升学"	0	2	1.086	0.914	-0.68	0.68	1.36	"1_&_2"
"升等"	0	1	0.543	0.457	-0.34	0.34	0.68	"1_&_2"
"午盘"	0	2	1.086	0.914	-0.68	0.68	1.36	"1_&_2"
"半导体"	1	0	0.543	0.457	0.265	-0.265	0.53	"1_&_2"
"半成品"	1	0	0.543	0.457	0.265	-0.265	0.53	"1_&_2"
"协力"	0	1	0.543	0.457	-0.34	0.34	0.68	"1_&_2"
"单"	0	1	0.543	0.457	-0.34	0.34	0.68	"1_&_2"
"单一"	1	0	0.543	0.457	0.265	-0.265	0.53	"1_&_2"
"单价"	1	0	0.543	0.457	0.265	-0.265	0.53	"1_&_2"
"单单"	0	1	0.543	0.457	-0.34	0.34	0.68	"1_&_2"
"占有"	1	0	0.543	0.457	0.265	-0.265	0.53	"1_&_2"
"危险"	1	1	1.086	0.914	-0.152	0.152	0.304	"1_&_2"
"厂商"	1	0	0.543	0.457	0.265	-0.265	0.53	"1_&_2"
"厂家"	1	0	0.543	0.457	0.265	-0.265	0.53	"1_&_2"
"厂房"	1	0	0.543	0.457	0.265	-0.265	0.53	"1_&_2"
"历史"	0	1	0.543	0.457	-0.34	0.34	0.68	"1_&_2"
"压延"	1	0	0.543	0.457	0.265	-0.265	0.53	"1_&_2"
"厚度"	1	0	0.543	0.457	0.265	-0.265	0.53	"1_&_2"
"原子能"	1	0	0.543	0.457	0.265	-0.265	0.53	"1_&_2"
"原料"	2	0	1.086	0.914	0.531	-0.531	1.062	"1_&_2"
"原材料"	0	1	0.543	0.457	-0.34	0.34	0.68	"1_&_2"
"原油"	0	2	1.086	0.914	-0.68	0.68	1.36	"1_&_2"
"厨"	1	0	0.543	0.457	0.265	-0.265	0.53	"1_&_2"
"厨房"	1	0	0.543	0.457	0.265	-0.265	0.53	"1_&_2"
"厨房柜"	1	0	0.543	0.457	0.265	-0.265	0.53	"1_&_2"
"参"	1	0	0.543	0.457	0.265	-0.265	0.53	"1_&_2"
"参照"	1	0	0.543	0.457	0.265	-0.265	0.53	"1_&_2"
"及"	10	0	5.428	4.572	2.654	-2.654	5.308	"1_&_2"
"反应"	0	1	0.543	0.457	-0.34	0.34	0.68	"1_&_2"
"反弹"	0	1	0.543	0.457	-0.34	0.34	0.68	"1_&_2"
"反核"	0	1	0.543	0.457	-0.34	0.34	0.68	"1_&_2"
"发光"	3	0	1.628	1.372	0.796	-0.796	1.592	"1_&_2"
"发动机"	1	0	0.543	0.457	0.265	-0.265	0.53	"1_&_2"
"发放"	1	0	0.543	0.457	0.265	-0.265	0.53	"1_&_2"
"发现"	3	0	1.628	1.372	0.796	-0.796	1.592	"1_&_2"
"发电"	0	1	0.543	0.457	-0.34	0.34	0.68	"1_&_2"
"发酵"	1	0	0.543	0.457	0.265	-0.265	0.53	"1_&_2"
"取决"	0	2	1.086	0.914	-0.68	0.68	1.36	"1_&_2"
"受"	0	12	6.513	5.487	-4.078	4.078	8.156	"1_&_2"
"受到"	0	8	4.342	3.658	-2.719	2.719	5.438	"1_&_2"
"变"	0	1	0.543	0.457	-0.34	0.34	0.68	"1_&_2"
"变动"	0	1	0.543	0.457	-0.34	0.34	0.68	"1_&_2"
"变化"	0	4	2.171	1.829	-1.359	1.359	2.718	"1_&_2"
"变数"	0	1	0.543	0.457	-0.34	0.34	0.68	"1_&_2"
"变迁"	0	1	0.543	0.457	-0.34	0.34	0.68	"1_&_2"
"变长"	1	0	0.543	0.457	0.265	-0.265	0.53	"1_&_2"
"口服剂"	1	0	0.543	0.457	0.265	-0.265	0.53	"1_&_2"
"古"	1	0	0.543	0.457	0.265	-0.265	0.53	"1_&_2"
"可"	3	0	1.628	1.372	0.796	-0.796	1.592	"1_&_2"
"可可"	1	0	0.543	0.457	0.265	-0.265	0.53	"1_&_2"
"可能"	1	12	7.056	5.944	-3.203	3.203	6.406	"1_&_2"
"台商"	1	0	0.543	0.457	0.265	-0.265	0.53	"1_&_2"
"台股"	0	1	0.543	0.457	-0.34	0.34	0.68	"1_&_2"
"合"	2	0	1.086	0.914	0.531	-0.531	1.062	"1_&_2"
"合成"	1	0	0.543	0.457	0.265	-0.265	0.53	"1_&_2"
"名都"	1	0	0.543	0.457	0.265	-0.265	0.53	"1_&_2"
"后天"	0	3	1.628	1.372	-1.02	1.02	2.04	"1_&_2"
"后市"	0	1	0.543	0.457	-0.34	0.34	0.68	"1_&_2"
"后盾"	0	1	0.543	0.457	-0.34	0.34	0.68	"1_&_2"
"吐气"	1	0	0.543	0.457	0.265	-0.265	0.53	"1_&_2"
"吨"	2	0	1.086	0.914	0.531	-0.531	1.062	"1_&_2"
"含"	6	0	3.257	2.743	1.592	-1.592	3.184	"1_&_2"
"含有"	5	0	2.714	2.286	1.327	-1.327	2.654	"1_&_2"
"含量"	1	0	0.543	0.457	0.265	-0.265	0.53	"1_&_2"
"吸收"	1	0	0.543	0.457	0.265	-0.265	0.53	"1_&_2"
"味"	1	0	0.543	0.457	0.265	-0.265	0.53	"1_&_2"
"味道"	1	0	0.543	0.457	0.265	-0.265	0.53	"1_&_2"
"命运"	0	1	0.543	0.457	-0.34	0.34	0.68	"1_&_2"
"咖啡"	1	0	0.543	0.457	0.265	-0.265	0.53	"1_&_2"
"品"	1	0	0.543	0.457	0.265	-0.265	0.53	"1_&_2"
"品牌"	1	0	0.543	0.457	0.265	-0.265	0.53	"1_&_2"
"哈尔滨"	2	0	1.086	0.914	0.531	-0.531	1.062	"1_&_2"
"哥伦比亚"	1	0	0.543	0.457	0.265	-0.265	0.53	"1_&_2"
"哥斯达黎加"	0	1	0.543	0.457	-0.34	0.34	0.68	"1_&_2"
"唐飞"	0	1	0.543	0.457	-0.34	0.34	0.68	"1_&_2"
"售"	1	0	0.543	0.457	0.265	-0.265	0.53	"1_&_2"
"唯一"	0	3	1.628	1.372	-1.02	1.02	2.04	"1_&_2"
"唯恐"	0	1	0.543	0.457	-0.34	0.34	0.68	"1_&_2"
"唯武器论"	0	1	0.543	0.457	-0.34	0.34	0.68	"1_&_2"
"唿吸道"	1	0	0.543	0.457	0.265	-0.265	0.53	"1_&_2"
"商标"	1	0	0.543	0.457	0.265	-0.265	0.53	"1_&_2"
"喂养"	1	0	0.543	0.457	0.265	-0.265	0.53	"1_&_2"
"喇叭"	1	0	0.543	0.457	0.265	-0.265	0.53	"1_&_2"
"器材"	1	0	0.543	0.457	0.265	-0.265	0.53	"1_&_2"
"器械"	1	0	0.543	0.457	0.265	-0.265	0.53	"1_&_2"
"四五月"	0	1	0.543	0.457	-0.34	0.34	0.68	"1_&_2"
"回收"	2	0	1.086	0.914	0.531	-0.531	1.062	"1_&_2"
"回落"	0	1	0.543	0.457	-0.34	0.34	0.68	"1_&_2"
"因"	0	15	8.142	6.858	-5.098	5.098	10.196	"1_&_2"
"因为"	2	4	3.257	2.743	-0.573	0.573	1.146	"1_&_2"
"因地制宜"	1	0	0.543	0.457	0.265	-0.265	0.53	"1_&_2"
"因素"	0	25	13.569	11.431	-8.497	8.497	16.994	"1_&_2"
"困"	0	2	1.086	0.914	-0.68	0.68	1.36	"1_&_2"
"固然"	1	0	0.543	0.457	0.265	-0.265	0.53	"1_&_2"
"国内"	0	1	0.543	0.457	-0.34	0.34	0.68	"1_&_2"
"国内外"	0	1	0.543	0.457	-0.34	0.34	0.68	"1_&_2"
"国力"	0	1	0.543	0.457	-0.34	0.34	0.68	"1_&_2"
"国安"	0	2	1.086	0.914	-0.68	0.68	1.36	"1_&_2"
"图像"	1	0	0.543	0.457	0.265	-0.265	0.53	"1_&_2"
"土"	2	0	1.086	0.914	0.531	-0.531	1.062	"1_&_2"
"在于"	0	1	0.543	0.457	-0.34	0.34	0.68	"1_&_2"
"地形"	2	0	1.086	0.914	0.531	-0.531	1.062	"1_&_2"
"地物"	0	1	0.543	0.457	-0.34	0.34	0.68	"1_&_2"
"地理"	0	1	0.543	0.457	-0.34	0.34	0.68	"1_&_2"
"地貌"	1	0	0.543	0.457	0.265	-0.265	0.53	"1_&_2"
"场所"	2	0	1.086	0.914	0.531	-0.531	1.062	"1_&_2"
"坑"	1	0	0.543	0.457	0.265	-0.265	0.53	"1_&_2"
"坦率"	0	1	0.543	0.457	-0.34	0.34	0.68	"1_&_2"
"基于"	2	0	1.086	0.914	0.531	-0.531	1.062	"1_&_2"
"基因"	2	0	1.086	0.914	0.531	-0.531	1.062	"1_&_2"
"基地"	4	0	2.171	1.829	1.062	-1.062	2.124	"1_&_2"
"基数"	0	1	0.543	0.457	-0.34	0.34	0.68	"1_&_2"
"基本"	0	4	2.171	1.829	-1.359	1.359	2.718	"1_&_2"
"基本面"	0	1	0.543	0.457	-0.34	0.34	0.68	"1_&_2"
"基础"	1	0	0.543	0.457	0.265	-0.265	0.53	"1_&_2"
"堆满"	1	0	0.543	0.457	0.265	-0.265	0.53	"1_&_2"
"塑料"	1	0	0.543	0.457	0.265	-0.265	0.53	"1_&_2"
"塑料袋"	1	0	0.543	0.457	0.265	-0.265	0.53	"1_&_2"
"增加"	1	2	1.628	1.372	-0.361	0.361	0.722	"1_&_2"
"增多"	0	1	0.543	0.457	-0.34	0.34	0.68	"1_&_2"
"增收"	0	1	0.543	0.457	-0.34	0.34	0.68	"1_&_2"
"增添"	0	1	0.543	0.457	-0.34	0.34	0.68	"1_&_2"
"增速"	0	1	0.543	0.457	-0.34	0.34	0.68	"1_&_2"
"增长"	3	18	11.398	9.602	-3.731	3.731	7.462	"1_&_2"
"备忘录"	1	0	0.543	0.457	0.265	-0.265	0.53	"1_&_2"
"复"	1	0	0.543	0.457	0.265	-0.265	0.53	"1_&_2"
"复合"	2	0	1.086	0.914	0.531	-0.531	1.062	"1_&_2"
"复建"	1	0	0.543	0.457	0.265	-0.265	0.53	"1_&_2"
"复杂"	1	2	1.628	1.372	-0.361	0.361	0.722	"1_&_2"
"复活"	0	1	0.543	0.457	-0.34	0.34	0.68	"1_&_2"
"复甦"	0	1	0.543	0.457	-0.34	0.34	0.68	"1_&_2"
"复苏"	0	1	0.543	0.457	-0.34	0.34	0.68	"1_&_2"
"外"	1	1	1.086	0.914	-0.152	0.152	0.304	"1_&_2"
"外力"	0	1	0.543	0.457	-0.34	0.34	0.68	"1_&_2"
"外围"	0	1	0.543	0.457	-0.34	0.34	0.68	"1_&_2"
"外在"	0	2	1.086	0.914	-0.68	0.68	1.36	"1_&_2"
"外界"	0	1	0.543	0.457	-0.34	0.34	0.68	"1_&_2"
"外移"	0	1	0.543	0.457	-0.34	0.34	0.68	"1_&_2"
"外贸"	0	3	1.628	1.372	-1.02	1.02	2.04	"1_&_2"
"外部"	0	3	1.628	1.372	-1.02	1.02	2.04	"1_&_2"
"外销"	1	0	0.543	0.457	0.265	-0.265	0.53	"1_&_2"
"多"	3	4	3.799	3.201	-0.39	0.39	0.78	"1_&_2"
"多元化"	0	1	0.543	0.457	-0.34	0.34	0.68	"1_&_2"
"多孔"	1	0	0.543	0.457	0.265	-0.265	0.53	"1_&_2"
"多少"	1	0	0.543	0.457	0.265	-0.265	0.53	"1_&_2"
"多所"	0	1	0.543	0.457	-0.34	0.34	0.68	"1_&_2"
"多方面"	0	3	1.628	1.372	-1.02	1.02	2.04	"1_&_2"
"多重"	1	0	0.543	0.457	0.265	-0.265	0.53	"1_&_2"
"大学"	4	0	2.171	1.829	1.062	-1.062	2.124	"1_&_2"
"大宗"	1	0	0.543	0.457	0.265	-0.265	0.53	"1_&_2"
"大幅"	0	4	2.171	1.829	-1.359	1.359	2.718	"1_&_2"
"大盘"	0	1	0.543	0.457	-0.34	0.34	0.68	"1_&_2"
"大相迳庭"	1	0	0.543	0.457	0.265	-0.265	0.53	"1_&_2"
"大笑"	0	1	0.543	0.457	-0.34	0.34	0.68	"1_&_2"
"大西洋"	1	0	0.543	0.457	0.265	-0.265	0.53	"1_&_2"
"大豆"	1	0	0.543	0.457	0.265	-0.265	0.53	"1_&_2"
"大跌"	0	2	1.086	0.914	-0.68	0.68	1.36	"1_&_2"
"大都"	1	0	0.543	0.457	0.265	-0.265	0.53	"1_&_2"
"大量"	5	0	2.714	2.286	1.327	-1.327	2.654	"1_&_2"
"大陆"	4	0	2.171	1.829	1.062	-1.062	2.124	"1_&_2"
"天候"	0	2	1.086	0.914	-0.68	0.68	1.36	"1_&_2"
"天气"	0	2	1.086	0.914	-0.68	0.68	1.36	"1_&_2"
"天灾"	0	1	0.543	0.457	-0.34	0.34	0.68	"1_&_2"
"天然"	6	0	3.257	2.743	1.592	-1.592	3.184	"1_&_2"
"太多"	0	2	1.086	0.914	-0.68	0.68	1.36	"1_&_2"
"太少"	0	1	0.543	0.457	-0.34	0.34	0.68	"1_&_2"
"央行"	1	0	0.543	0.457	0.265	-0.265	0.53	"1_&_2"
"失传"	1	0	0.543	0.457	0.265	-0.265	0.53	"1_&_2"
"失利"	0	1	0.543	0.457	-0.34	0.34	0.68	"1_&_2"
"夹"	1	0	0.543	0.457	0.265	-0.265	0.53	"1_&_2"
"好坏"	0	1	0.543	0.457	-0.34	0.34	0.68	"1_&_2"
"好处"	1	0	0.543	0.457	0.265	-0.265	0.53	"1_&_2"
"好转"	0	3	1.628	1.372	-1.02	1.02	2.04	"1_&_2"
"如"	1	4	2.714	2.286	-0.858	0.858	1.716	"1_&_2"
"如实"	1	0	0.543	0.457	0.265	-0.265	0.53	"1_&_2"
"妨碍"	0	1	0.543	0.457	-0.34	0.34	0.68	"1_&_2"
"委托"	1	0	0.543	0.457	0.265	-0.265	0.53	"1_&_2"
"婴幼儿"	1	0	0.543	0.457	0.265	-0.265	0.53	"1_&_2"
"子"	1	0	0.543	0.457	0.265	-0.265	0.53	"1_&_2"
"存"	0	1	0.543	0.457	-0.34	0.34	0.68	"1_&_2"
"存储"	2	0	1.086	0.914	0.531	-0.531	1.062	"1_&_2"
"存在"	0	5	2.714	2.286	-1.699	1.699	3.398	"1_&_2"
"季"	1	0	0.543	0.457	0.265	-0.265	0.53	"1_&_2"
"季节"	0	1	0.543	0.457	-0.34	0.34	0.68	"1_&_2"
"学"	1	0	0.543	0.457	0.265	-0.265	0.53	"1_&_2"
"学习"	1	0	0.543	0.457	0.265	-0.265	0.53	"1_&_2"
"学术"	2	0	1.086	0.914	0.531	-0.531	1.062	"1_&_2"
"它"	4	0	2.171	1.829	1.062	-1.062	2.124	"1_&_2"
"宇"	0	2	1.086	0.914	-0.68	0.68	1.36	"1_&_2"
"安全"	1	2	1.628	1.372	-0.361	0.361	0.722	"1_&_2"
"安定"	1	0	0.543	0.457	0.265	-0.265	0.53	"1_&_2"
"完完全全"	1	0	0.543	0.457	0.265	-0.265	0.53	"1_&_2"
"宏观"	0	1	0.543	0.457	-0.34	0.34	0.68	"1_&_2"
"定"	0	1	0.543	0.457	-0.34	0.34	0.68	"1_&_2"
"定单"	1	0	0.543	0.457	0.265	-0.265	0.53	"1_&_2"
"宜"	2	0	1.086	0.914	0.531	-0.531	1.062	"1_&_2"
"实用"	2	0	1.086	0.914	0.531	-0.531	1.062	"1_&_2"
"实际"	1	0	0.543	0.457	0.265	-0.265	0.53	"1_&_2"
"实验室"	2	0	1.086	0.914	0.531	-0.531	1.062	"1_&_2"
"宣传"	5	0	2.714	2.286	1.327	-1.327	2.654	"1_&_2"
"家庭"	3	2	2.714	2.286	0.237	-0.237	0.474	"1_&_2"
"容易"	1	0	0.543	0.457	0.265	-0.265	0.53	"1_&_2"
"宽松"	1	0	0.543	0.457	0.265	-0.265	0.53	"1_&_2"
"密件"	0	1	0.543	0.457	-0.34	0.34	0.68	"1_&_2"
"密度"	1	0	0.543	0.457	0.265	-0.265	0.53	"1_&_2"
"对抗菌"	1	0	0.543	0.457	0.265	-0.265	0.53	"1_&_2"
"导致"	0	12	6.513	5.487	-4.078	4.078	8.156	"1_&_2"
"少量"	1	0	0.543	0.457	0.265	-0.265	0.53	"1_&_2"
"尔"	1	0	0.543	0.457	0.265	-0.265	0.53	"1_&_2"
"尝试"	2	0	1.086	0.914	0.531	-0.531	1.062	"1_&_2"
"就地"	1	0	0.543	0.457	0.265	-0.265	0.53	"1_&_2"
"尼日"	1	0	0.543	0.457	0.265	-0.265	0.53	"1_&_2"
"局势"	0	1	0.543	0.457	-0.34	0.34	0.68	"1_&_2"
"居高不下"	0	2	1.086	0.914	-0.68	0.68	1.36	"1_&_2"
"岳阳"	1	0	0.543	0.457	0.265	-0.265	0.53	"1_&_2"
"工业"	3	0	1.628	1.372	0.796	-0.796	1.592	"1_&_2"
"工业化"	0	1	0.543	0.457	-0.34	0.34	0.68	"1_&_2"
"工业界"	1	0	0.543	0.457	0.265	-0.265	0.53	"1_&_2"
"工程"	1	0	0.543	0.457	0.265	-0.265	0.53	"1_&_2"
"工艺"	1	0	0.543	0.457	0.265	-0.265	0.53	"1_&_2"
"左右"	2	0	1.086	0.914	0.531	-0.531	1.062	"1_&_2"
"左翼"	2	0	1.086	0.914	0.531	-0.531	1.062	"1_&_2"
"巧克力"	1	0	0.543	0.457	0.265	-0.265	0.53	"1_&_2"
"已"	1	0	0.543	0.457	0.265	-0.265	0.53	"1_&_2"
"市"	0	2	1.086	0.914	-0.68	0.68	1.36	"1_&_2"
"市场"	1	11	6.513	5.487	-2.895	2.895	5.79	"1_&_2"
"布基球"	1	0	0.543	0.457	0.265	-0.265	0.53	"1_&_2"
"带动"	0	2	1.086	0.914	-0.68	0.68	1.36	"1_&_2"
"带来"	0	5	2.714	2.286	-1.699	1.699	3.398	"1_&_2"
"带走"	1	0	0.543	0.457	0.265	-0.265	0.53	"1_&_2"
"常常"	0	1	0.543	0.457	-0.34	0.34	0.68	"1_&_2"
"干式"	1	0	0.543	0.457	0.265	-0.265	0.53	"1_&_2"
"干扰"	0	4	2.171	1.829	-1.359	1.359	2.718	"1_&_2"
"干脆"	1	0	0.543	0.457	0.265	-0.265	0.53	"1_&_2"
"平稳"	0	1	0.543	0.457	-0.34	0.34	0.68	"1_&_2"
"年龄"	0	1	0.543	0.457	-0.34	0.34	0.68	"1_&_2"
"并且"	1	0	0.543	0.457	0.265	-0.265	0.53	"1_&_2"
"广泛"	2	0	1.086	0.914	0.531	-0.531	1.062	"1_&_2"
"应用"	6	0	3.257	2.743	1.592	-1.592	3.184	"1_&_2"
"应诉"	1	0	0.543	0.457	0.265	-0.265	0.53	"1_&_2"
"废弃物"	1	0	0.543	0.457	0.265	-0.265	0.53	"1_&_2"
"废纸"	2	0	1.086	0.914	0.531	-0.531	1.062	"1_&_2"
"延宕"	1	0	0.543	0.457	0.265	-0.265	0.53	"1_&_2"
"建筑"	4	0	2.171	1.829	1.062	-1.062	2.124	"1_&_2"
"建筑业"	0	2	1.086	0.914	-0.68	0.68	1.36	"1_&_2"
"建筑商"	1	0	0.543	0.457	0.265	-0.265	0.53	"1_&_2"
"开"	0	2	1.086	0.914	-0.68	0.68	1.36	"1_&_2"
"开发出"	1	0	0.543	0.457	0.265	-0.265	0.53	"1_&_2"
"开工"	0	1	0.543	0.457	-0.34	0.34	0.68	"1_&_2"
"开征"	0	1	0.543	0.457	-0.34	0.34	0.68	"1_&_2"
"引发"	1	1	1.086	0.914	-0.152	0.152	0.304	"1_&_2"
"引进"	2	0	1.086	0.914	0.531	-0.531	1.062	"1_&_2"
"强劲"	0	3	1.628	1.372	-1.02	1.02	2.04	"1_&_2"
"强度"	1	0	0.543	0.457	0.265	-0.265	0.53	"1_&_2"
"当然"	1	3	2.171	1.829	-0.6	0.6	1.2	"1_&_2"
"形成"	1	3	2.171	1.829	-0.6	0.6	1.2	"1_&_2"
"形状"	1	0	0.543	0.457	0.265	-0.265	0.53	"1_&_2"
"彩色"	1	0	0.543	0.457	0.265	-0.265	0.53	"1_&_2"
"影响"	0	51	27.681	23.319	-17.333	17.333	34.666	"1_&_2"
"往往"	0	1	0.543	0.457	-0.34	0.34	0.68	"1_&_2"
"征兆"	0	1	0.543	0.457	-0.34	0.34	0.68	"1_&_2"
"待"	1	0	0.543	0.457	0.265	-0.265	0.53	"1_&_2"
"很多"	2	3	2.714	2.286	-0.377	0.377	0.754	"1_&_2"
"循环"	1	0	0.543	0.457	0.265	-0.265	0.53	"1_&_2"
"微"	3	0	1.628	1.372	0.796	-0.796	1.592	"1_&_2"
"微小"	1	0	0.543	0.457	0.265	-0.265	0.53	"1_&_2"
"微生物"	1	0	0.543	0.457	0.265	-0.265	0.53	"1_&_2"
"微细"	1	0	0.543	0.457	0.265	-0.265	0.53	"1_&_2"
"微观"	0	1	0.543	0.457	-0.34	0.34	0.68	"1_&_2"
"心理"	0	5	2.714	2.286	-1.699	1.699	3.398	"1_&_2"
"心脏病"	1	0	0.543	0.457	0.265	-0.265	0.53	"1_&_2"
"必定"	0	1	0.543	0.457	-0.34	0.34	0.68	"1_&_2"
"必然"	0	2	1.086	0.914	-0.68	0.68	1.36	"1_&_2"
"快速"	0	1	0.543	0.457	-0.34	0.34	0.68	"1_&_2"
"忽略"	0	2	1.086	0.914	-0.68	0.68	1.36	"1_&_2"
"忽视"	0	1	0.543	0.457	-0.34	0.34	0.68	"1_&_2"
"怎样"	1	0	0.543	0.457	0.265	-0.265	0.53	"1_&_2"
"急性"	1	0	0.543	0.457	0.265	-0.265	0.53	"1_&_2"
"性别"	0	1	0.543	0.457	-0.34	0.34	0.68	"1_&_2"
"性质"	1	0	0.543	0.457	0.265	-0.265	0.53	"1_&_2"
"恐怕"	0	1	0.543	0.457	-0.34	0.34	0.68	"1_&_2"
"想像"	1	0	0.543	0.457	0.265	-0.265	0.53	"1_&_2"
"想见"	0	1	0.543	0.457	-0.34	0.34	0.68	"1_&_2"
"意外事"	1	0	0.543	0.457	0.265	-0.265	0.53	"1_&_2"
"意识"	0	1	0.543	0.457	-0.34	0.34	0.68	"1_&_2"
"感冒药"	1	0	0.543	0.457	0.265	-0.265	0.53	"1_&_2"
"感性"	1	0	0.543	0.457	0.265	-0.265	0.53	"1_&_2"
"感情"	0	1	0.543	0.457	-0.34	0.34	0.68	"1_&_2"
"戎凯"	0	1	0.543	0.457	-0.34	0.34	0.68	"1_&_2"
"戏迷"	1	0	0.543	0.457	0.265	-0.265	0.53	"1_&_2"
"成"	1	0	0.543	0.457	0.265	-0.265	0.53	"1_&_2"
"成份"	2	0	1.086	0.914	0.531	-0.531	1.062	"1_&_2"
"成分"	4	1	2.714	2.286	0.61	-0.61	1.22	"1_&_2"
"成功"	1	1	1.086	0.914	-0.152	0.152	0.304	"1_&_2"
"成品"	1	0	0.543	0.457	0.265	-0.265	0.53	"1_&_2"
"成就感"	0	1	0.543	0.457	-0.34	0.34	0.68	"1_&_2"
"成本"	3	2	2.714	2.286	0.237	-0.237	0.474	"1_&_2"
"成瘾性"	1	0	0.543	0.457	0.265	-0.265	0.53	"1_&_2"
"成长"	1	1	1.086	0.914	-0.152	0.152	0.304	"1_&_2"
"战乱"	1	0	0.543	0.457	0.265	-0.265	0.53	"1_&_2"
"战争"	0	6	3.257	2.743	-2.039	2.039	4.078	"1_&_2"
"战事"	0	1	0.543	0.457	-0.34	0.34	0.68	"1_&_2"
"战略"	0	2	1.086	0.914	-0.68	0.68	1.36	"1_&_2"
"房价"	1	0	0.543	0.457	0.265	-0.265	0.53	"1_&_2"
"房地产业"	0	1	0.543	0.457	-0.34	0.34	0.68	"1_&_2"
"所"	11	0	5.97	5.03	2.919	-2.919	5.838	"1_&_2"
"所以"	3	0	1.628	1.372	0.796	-0.796	1.592	"1_&_2"
"手册"	1	0	0.543	0.457	0.265	-0.265	0.53	"1_&_2"
"扣"	1	0	0.543	0.457	0.265	-0.265	0.53	"1_&_2"
"扰"	0	1	0.543	0.457	-0.34	0.34	0.68	"1_&_2"
"承包商"	2	0	1.086	0.914	0.531	-0.531	1.062	"1_&_2"
"技"	1	0	0.543	0.457	0.265	-0.265	0.53	"1_&_2"
"技术"	10	0	5.428	4.572	2.654	-2.654	5.308	"1_&_2"
"抑制"	1	0	0.543	0.457	0.265	-0.265	0.53	"1_&_2"
"投机"	0	1	0.543	0.457	-0.34	0.34	0.68	"1_&_2"
"投资"	0	1	0.543	0.457	-0.34	0.34	0.68	"1_&_2"
"抗拒"	0	3	1.628	1.372	-1.02	1.02	2.04	"1_&_2"
"抗菌"	1	0	0.543	0.457	0.265	-0.265	0.53	"1_&_2"
"护"	1	0	0.543	0.457	0.265	-0.265	0.53	"1_&_2"
"护盘"	0	1	0.543	0.457	-0.34	0.34	0.68	"1_&_2"
"披上"	1	0	0.543	0.457	0.265	-0.265	0.53	"1_&_2"
"抵消"	0	1	0.543	0.457	-0.34	0.34	0.68	"1_&_2"
"抵销"	0	1	0.543	0.457	-0.34	0.34	0.68	"1_&_2"
"担忧"	0	1	0.543	0.457	-0.34	0.34	0.68	"1_&_2"
"拉动"	0	1	0.543	0.457	-0.34	0.34	0.68	"1_&_2"
"括"	1	0	0.543	0.457	0.265	-0.265	0.53	"1_&_2"
"拿掉"	0	1	0.543	0.457	-0.34	0.34	0.68	"1_&_2"
"持续"	0	3	1.628	1.372	-1.02	1.02	2.04	"1_&_2"
"挂帅"	1	0	0.543	0.457	0.265	-0.265	0.53	"1_&_2"
"指数"	0	2	1.086	0.914	-0.68	0.68	1.36	"1_&_2"
"指纹"	1	0	0.543	0.457	0.265	-0.265	0.53	"1_&_2"
"挪威"	0	1	0.543	0.457	-0.34	0.34	0.68	"1_&_2"
"损益"	0	1	0.543	0.457	-0.34	0.34	0.68	"1_&_2"
"排除"	0	4	2.171	1.829	-1.359	1.359	2.718	"1_&_2"
"採行"	1	0	0.543	0.457	0.265	-0.265	0.53	"1_&_2"
"採购"	1	0	0.543	0.457	0.265	-0.265	0.53	"1_&_2"
"接着"	1	0	0.543	0.457	0.265	-0.265	0.53	"1_&_2"
"控制"	1	0	0.543	0.457	0.265	-0.265	0.53	"1_&_2"
"推敲"	0	1	0.543	0.457	-0.34	0.34	0.68	"1_&_2"
"推波助澜"	0	1	0.543	0.457	-0.34	0.34	0.68	"1_&_2"
"提供"	4	0	2.171	1.829	1.062	-1.062	2.124	"1_&_2"
"提取"	1	0	0.543	0.457	0.265	-0.265	0.53	"1_&_2"
"提炼"	1	0	0.543	0.457	0.265	-0.265	0.53	"1_&_2"
"搭建"	1	0	0.543	0.457	0.265	-0.265	0.53	"1_&_2"
"摩根士丹利"	0	1	0.543	0.457	-0.34	0.34	0.68	"1_&_2"
"撞击"	1	0	0.543	0.457	0.265	-0.265	0.53	"1_&_2"
"收集"	1	0	0.543	0.457	0.265	-0.265	0.53	"1_&_2"
"改变"	0	6	3.257	2.743	-2.039	2.039	4.078	"1_&_2"
"改造"	1	0	0.543	0.457	0.265	-0.265	0.53	"1_&_2"
"放入"	1	0	0.543	0.457	0.265	-0.265	0.53	"1_&_2"
"放射性"	1	0	0.543	0.457	0.265	-0.265	0.53	"1_&_2"
"放进"	1	0	0.543	0.457	0.265	-0.265	0.53	"1_&_2"
"政局"	0	1	0.543	0.457	-0.34	0.34	0.68	"1_&_2"
"政治"	0	8	4.342	3.658	-2.719	2.719	5.438	"1_&_2"
"政治性"	0	1	0.543	0.457	-0.34	0.34	0.68	"1_&_2"
"政治面"	0	1	0.543	0.457	-0.34	0.34	0.68	"1_&_2"
"政策面"	0	1	0.543	0.457	-0.34	0.34	0.68	"1_&_2"
"政经"	0	3	1.628	1.372	-1.02	1.02	2.04	"1_&_2"
"效"	2	0	1.086	0.914	0.531	-0.531	1.062	"1_&_2"
"敏感"	1	2	1.628	1.372	-0.361	0.361	0.722	"1_&_2"
"散"	1	0	0.543	0.457	0.265	-0.265	0.53	"1_&_2"
"散发出"	1	0	0.543	0.457	0.265	-0.265	0.53	"1_&_2"
"文书"	1	0	0.543	0.457	0.265	-0.265	0.53	"1_&_2"
"文化大革命"	1	0	0.543	0.457	0.265	-0.265	0.53	"1_&_2"
"料"	2	0	1.086	0.914	0.531	-0.531	1.062	"1_&_2"
"料理"	1	0	0.543	0.457	0.265	-0.265	0.53	"1_&_2"
"新台"	0	1	0.543	0.457	-0.34	0.34	0.68	"1_&_2"
"新台币"	3	1	2.171	1.829	0.421	-0.421	0.842	"1_&_2"
"新型"	2	0	1.086	0.914	0.531	-0.531	1.062	"1_&_2"
"新增"	1	0	0.543	0.457	0.265	-0.265	0.53	"1_&_2"
"新股"	0	1	0.543	0.457	-0.34	0.34	0.68	"1_&_2"
"新航"	0	1	0.543	0.457	-0.34	0.34	0.68	"1_&_2"
"方法"	3	0	1.628	1.372	0.796	-0.796	1.592	"1_&_2"
"无"	2	0	1.086	0.914	0.531	-0.531	1.062	"1_&_2"
"无银"	1	0	0.543	0.457	0.265	-0.265	0.53	"1_&_2"
"既"	1	0	0.543	0.457	0.265	-0.265	0.53	"1_&_2"
"日后"	1	0	0.543	0.457	0.265	-0.265	0.53	"1_&_2"
"旧"	2	0	1.086	0.914	0.531	-0.531	1.062	"1_&_2"
"早"	0	1	0.543	0.457	-0.34	0.34	0.68	"1_&_2"
"时程"	1	0	0.543	0.457	0.265	-0.265	0.53	"1_&_2"
"易"	0	3	1.628	1.372	-1.02	1.02	2.04	"1_&_2"
"是非"	0	1	0.543	0.457	-0.34	0.34	0.68	"1_&_2"
"显影液"	1	0	0.543	0.457	0.265	-0.265	0.53	"1_&_2"
"显示"	1	0	0.543	0.457	0.265	-0.265	0.53	"1_&_2"
"显花植物"	1	0	0.543	0.457	0.265	-0.265	0.53	"1_&_2"
"显著"	0	1	0.543	0.457	-0.34	0.34	0.68	"1_&_2"
"普法"	1	0	0.543	0.457	0.265	-0.265	0.53	"1_&_2"
"晶体"	2	0	1.086	0.914	0.531	-0.531	1.062	"1_&_2"
"智力"	0	3	1.628	1.372	-1.02	1.02	2.04	"1_&_2"
"暂停"	1	0	0.543	0.457	0.265	-0.265	0.53	"1_&_2"
"替代"	1	0	0.543	0.457	0.265	-0.265	0.53	"1_&_2"
"有关"	1	0	0.543	0.457	0.265	-0.265	0.53	"1_&_2"
"有利"	0	11	5.97	5.03	-3.739	3.739	7.478	"1_&_2"
"有利于"	0	2	1.086	0.914	-0.68	0.68	1.36	"1_&_2"
"有助"	1	0	0.543	0.457	0.265	-0.265	0.53	"1_&_2"
"有否"	0	1	0.543	0.457	-0.34	0.34	0.68	"1_&_2"
"有外"	0	1	0.543	0.457	-0.34	0.34	0.68	"1_&_2"
"有害"	1	0	0.543	0.457	0.265	-0.265	0.53	"1_&_2"
"有效"	1	0	0.543	0.457	0.265	-0.265	0.53	"1_&_2"
"有望"	1	0	0.543	0.457	0.265	-0.265	0.53	"1_&_2"
"有机"	2	0	1.086	0.914	0.531	-0.531	1.062	"1_&_2"
"有限公司"	3	0	1.628	1.372	0.796	-0.796	1.592	"1_&_2"
"服用"	2	0	1.086	0.914	0.531	-0.531	1.062	"1_&_2"
"木材"	1	0	0.543	0.457	0.265	-0.265	0.53	"1_&_2"
"木瓜"	2	0	1.086	0.914	0.531	-0.531	1.062	"1_&_2"
"本周"	0	1	0.543	0.457	-0.34	0.34	0.68	"1_&_2"
"本地人"	1	0	0.543	0.457	0.265	-0.265	0.53	"1_&_2"
"本身"	1	0	0.543	0.457	0.265	-0.265	0.53	"1_&_2"
"机体"	1	0	0.543	0.457	0.265	-0.265	0.53	"1_&_2"
"机器"	1	0	0.543	0.457	0.265	-0.265	0.53	"1_&_2"
"机械"	1	0	0.543	0.457	0.265	-0.265	0.53	"1_&_2"
"机理"	1	0	0.543	0.457	0.265	-0.265	0.53	"1_&_2"
"机翼"	2	0	1.086	0.914	0.531	-0.531	1.062	"1_&_2"
"杀虫剂"	1	0	0.543	0.457	0.265	-0.265	0.53	"1_&_2"
"权威"	1	0	0.543	0.457	0.265	-0.265	0.53	"1_&_2"
"材"	2	0	1.086	0.914	0.531	-0.531	1.062	"1_&_2"
"材料"	12	0	6.513	5.487	3.185	-3.185	6.37	"1_&_2"
"束缚"	0	1	0.543	0.457	-0.34	0.34	0.68	"1_&_2"
"来自"	2	0	1.086	0.914	0.531	-0.531	1.062	"1_&_2"
"松"	1	0	0.543	0.457	0.265	-0.265	0.53	"1_&_2"
"构成"	0	1	0.543	0.457	-0.34	0.34	0.68	"1_&_2"
"某"	1	0	0.543	0.457	0.265	-0.265	0.53	"1_&_2"
"某些"	0	1	0.543	0.457	-0.34	0.34	0.68	"1_&_2"
"染色"	1	0	0.543	0.457	0.265	-0.265	0.53	"1_&_2"
"柚木"	1	0	0.543	0.457	0.265	-0.265	0.53	"1_&_2"
"标明"	1	0	0.543	0.457	0.265	-0.265	0.53	"1_&_2"
"标示"	1	0	0.543	0.457	0.265	-0.265	0.53	"1_&_2"
"标识"	1	0	0.543	0.457	0.265	-0.265	0.53	"1_&_2"
"核"	4	0	2.171	1.829	1.062	-1.062	2.124	"1_&_2"
"核子"	1	0	0.543	0.457	0.265	-0.265	0.53	"1_&_2"
"核径"	2	0	1.086	0.914	0.531	-0.531	1.062	"1_&_2"
"核武"	1	0	0.543	0.457	0.265	-0.265	0.53	"1_&_2"
"核武器"	2	0	1.086	0.914	0.531	-0.531	1.062	"1_&_2"
"根本"	1	1	1.086	0.914	-0.152	0.152	0.304	"1_&_2"
"根源"	0	1	0.543	0.457	-0.34	0.34	0.68	"1_&_2"
"桂林市"	1	0	0.543	0.457	0.265	-0.265	0.53	"1_&_2"
"案建"	1	0	0.543	0.457	0.265	-0.265	0.53	"1_&_2"
"桉木"	1	0	0.543	0.457	0.265	-0.265	0.53	"1_&_2"
"桌"	1	0	0.543	0.457	0.265	-0.265	0.53	"1_&_2"
"检测"	1	0	0.543	0.457	0.265	-0.265	0.53	"1_&_2"
"棉花"	4	0	2.171	1.829	1.062	-1.062	2.124	"1_&_2"
"植"	1	0	0.543	0.457	0.265	-0.265	0.53	"1_&_2"
"植物"	1	0	0.543	0.457	0.265	-0.265	0.53	"1_&_2"
"模型"	1	0	0.543	0.457	0.265	-0.265	0.53	"1_&_2"
"模式"	0	1	0.543	0.457	-0.34	0.34	0.68	"1_&_2"
"模糊"	1	0	0.543	0.457	0.265	-0.265	0.53	"1_&_2"
"橡胶"	4	0	2.171	1.829	1.062	-1.062	2.124	"1_&_2"
"欧元"	0	2	1.086	0.914	-0.68	0.68	1.36	"1_&_2"
"武器"	1	0	0.543	0.457	0.265	-0.265	0.53	"1_&_2"
"死亡率"	0	1	0.543	0.457	-0.34	0.34	0.68	"1_&_2"
"毒"	1	0	0.543	0.457	0.265	-0.265	0.53	"1_&_2"
"比例"	1	0	0.543	0.457	0.265	-0.265	0.53	"1_&_2"
"比方"	0	1	0.543	0.457	-0.34	0.34	0.68	"1_&_2"
"比格斯"	0	1	0.543	0.457	-0.34	0.34	0.68	"1_&_2"
"比较"	1	0	0.543	0.457	0.265	-0.265	0.53	"1_&_2"
"民望"	0	1	0.543	0.457	-0.34	0.34	0.68	"1_&_2"
"民生"	1	0	0.543	0.457	0.265	-0.265	0.53	"1_&_2"
"气"	1	0	0.543	0.457	0.265	-0.265	0.53	"1_&_2"
"气候"	1	1	1.086	0.914	-0.152	0.152	0.304	"1_&_2"
"氟拉明"	1	0	0.543	0.457	0.265	-0.265	0.53	"1_&_2"
"氧化氮"	0	1	0.543	0.457	-0.34	0.34	0.68	"1_&_2"
"氨基酸"	1	0	0.543	0.457	0.265	-0.265	0.53	"1_&_2"
"水"	3	0	1.628	1.372	0.796	-0.796	1.592	"1_&_2"
"水分"	1	0	0.543	0.457	0.265	-0.265	0.53	"1_&_2"
"水彩"	1	0	0.543	0.457	0.265	-0.265	0.53	"1_&_2"
"永久性"	1	0	0.543	0.457	0.265	-0.265	0.53	"1_&_2"
"永磁"	1	0	0.543	0.457	0.265	-0.265	0.53	"1_&_2"
"求"	1	0	0.543	0.457	0.265	-0.265	0.53	"1_&_2"
"汇率"	1	6	3.799	3.201	-1.41	1.41	2.82	"1_&_2"
"汗液"	1	0	0.543	0.457	0.265	-0.265	0.53	"1_&_2"
"江"	1	0	0.543	0.457	0.265	-0.265	0.53	"1_&_2"
"汤"	1	0	0.543	0.457	0.265	-0.265	0.53	"1_&_2"
"汽车股"	0	1	0.543	0.457	-0.34	0.34	0.68	"1_&_2"
"沙阿斯"	1	0	0.543	0.457	0.265	-0.265	0.53	"1_&_2"
"油价"	0	3	1.628	1.372	-1.02	1.02	2.04	"1_&_2"
"沼气池"	1	0	0.543	0.457	0.265	-0.265	0.53	"1_&_2"
"泌"	0	1	0.543	0.457	-0.34	0.34	0.68	"1_&_2"
"法偿"	1	0	0.543	0.457	0.265	-0.265	0.53	"1_&_2"
"法制"	1	0	0.543	0.457	0.265	-0.265	0.53	"1_&_2"
"法定"	1	0	0.543	0.457	0.265	-0.265	0.53	"1_&_2"
"法式"	1	0	0.543	0.457	0.265	-0.265	0.53	"1_&_2"
"泡沫"	2	0	1.086	0.914	0.531	-0.531	1.062	"1_&_2"
"波动"	0	1	0.543	0.457	-0.34	0.34	0.68	"1_&_2"
"波动性"	0	1	0.543	0.457	-0.34	0.34	0.68	"1_&_2"
"注入"	0	1	0.543	0.457	-0.34	0.34	0.68	"1_&_2"
"注明"	1	0	0.543	0.457	0.265	-0.265	0.53	"1_&_2"
"洗劫"	1	0	0.543	0.457	0.265	-0.265	0.53	"1_&_2"
"活力"	2	0	1.086	0.914	0.531	-0.531	1.062	"1_&_2"
"流体"	2	0	1.086	0.914	0.531	-0.531	1.062	"1_&_2"
"流失"	1	1	1.086	0.914	-0.152	0.152	0.304	"1_&_2"
"流落"	1	0	0.543	0.457	0.265	-0.265	0.53	"1_&_2"
"济"	0	1	0.543	0.457	-0.34	0.34	0.68	"1_&_2"
"浓厚"	1	0	0.543	0.457	0.265	-0.265	0.53	"1_&_2"
"浪潮"	0	1	0.543	0.457	-0.34	0.34	0.68	"1_&_2"
"消"	0	1	0.543	0.457	-0.34	0.34	0.68	"1_&_2"
"消化"	1	0	0.543	0.457	0.265	-0.265	0.53	"1_&_2"
"消失"	0	4	2.171	1.829	-1.359	1.359	2.718	"1_&_2"
"消极"	0	2	1.086	0.914	-0.68	0.68	1.36	"1_&_2"
"消毒药水"	1	0	0.543	0.457	0.265	-0.265	0.53	"1_&_2"
"消费"	0	1	0.543	0.457	-0.34	0.34	0.68	"1_&_2"
"消除"	0	1	0.543	0.457	-0.34	0.34	0.68	"1_&_2"
"涉及"	1	0	0.543	0.457	0.265	-0.265	0.53	"1_&_2"
"涉及到"	0	1	0.543	0.457	-0.34	0.34	0.68	"1_&_2"
"液体"	2	0	1.086	0.914	0.531	-0.531	1.062	"1_&_2"
"深"	0	2	1.086	0.914	-0.68	0.68	1.36	"1_&_2"
"添加"	1	0	0.543	0.457	0.265	-0.265	0.53	"1_&_2"
"清凉"	1	0	0.543	0.457	0.265	-0.265	0.53	"1_&_2"
"清华大学"	1	0	0.543	0.457	0.265	-0.265	0.53	"1_&_2"
"清楚"	1	0	0.543	0.457	0.265	-0.265	0.53	"1_&_2"
"渔政"	0	1	0.543	0.457	-0.34	0.34	0.68	"1_&_2"
"温度"	1	0	0.543	0.457	0.265	-0.265	0.53	"1_&_2"
"游揆"	1	0	0.543	0.457	0.265	-0.265	0.53	"1_&_2"
"滑"	1	0	0.543	0.457	0.265	-0.265	0.53	"1_&_2"
"漫长"	0	1	0.543	0.457	-0.34	0.34	0.68	"1_&_2"
"潜伏期"	2	0	1.086	0.914	0.531	-0.531	1.062	"1_&_2"
"潜在"	0	3	1.628	1.372	-1.02	1.02	2.04	"1_&_2"
"激光"	1	0	0.543	0.457	0.265	-0.265	0.53	"1_&_2"
"激励"	0	1	0.543	0.457	-0.34	0.34	0.68	"1_&_2"
"炒作"	0	1	0.543	0.457	-0.34	0.34	0.68	"1_&_2"
"炖"	1	0	0.543	0.457	0.265	-0.265	0.53	"1_&_2"
"炬"	0	1	0.543	0.457	-0.34	0.34	0.68	"1_&_2"
"炭烤肉"	1	0	0.543	0.457	0.265	-0.265	0.53	"1_&_2"
"炸弹"	1	0	0.543	0.457	0.265	-0.265	0.53	"1_&_2"
"点径"	3	0	1.628	1.372	0.796	-0.796	1.592	"1_&_2"
"烧坏"	0	1	0.543	0.457	-0.34	0.34	0.68	"1_&_2"
"烹制"	1	0	0.543	0.457	0.265	-0.265	0.53	"1_&_2"
"烹调"	1	0	0.543	0.457	0.265	-0.265	0.53	"1_&_2"
"焊接"	1	0	0.543	0.457	0.265	-0.265	0.53	"1_&_2"
"然"	1	0	0.543	0.457	0.265	-0.265	0.53	"1_&_2"
"煤炭"	1	0	0.543	0.457	0.265	-0.265	0.53	"1_&_2"
"煮"	1	0	0.543	0.457	0.265	-0.265	0.53	"1_&_2"
"煮成"	1	0	0.543	0.457	0.265	-0.265	0.53	"1_&_2"
"燃料箱"	2	0	1.086	0.914	0.531	-0.531	1.062	"1_&_2"
"爆发"	1	0	0.543	0.457	0.265	-0.265	0.53	"1_&_2"
"爱丽"	1	0	0.543	0.457	0.265	-0.265	0.53	"1_&_2"
"牛"	2	0	1.086	0.914	0.531	-0.531	1.062	"1_&_2"
"物业"	0	1	0.543	0.457	-0.34	0.34	0.68	"1_&_2"
"物价"	0	1	0.543	0.457	-0.34	0.34	0.68	"1_&_2"
"物理"	5	0	2.714	2.286	1.327	-1.327	2.654	"1_&_2"
"物质"	1	0	0.543	0.457	0.265	-0.265	0.53	"1_&_2"
"物资"	1	0	0.543	0.457	0.265	-0.265	0.53	"1_&_2"
"牵制"	0	1	0.543	0.457	-0.34	0.34	0.68	"1_&_2"
"牵动"	0	1	0.543	0.457	-0.34	0.34	0.68	"1_&_2"
"牵涉到"	0	1	0.543	0.457	-0.34	0.34	0.68	"1_&_2"
"特制"	1	0	0.543	0.457	0.265	-0.265	0.53	"1_&_2"
"特殊"	1	0	0.543	0.457	0.265	-0.265	0.53	"1_&_2"
"犯罪"	1	0	0.543	0.457	0.265	-0.265	0.53	"1_&_2"
"狄忠浦"	0	1	0.543	0.457	-0.34	0.34	0.68	"1_&_2"
"独到"	1	0	0.543	0.457	0.265	-0.265	0.53	"1_&_2"
"猛"	0	1	0.543	0.457	-0.34	0.34	0.68	"1_&_2"
"猪"	1	0	0.543	0.457	0.265	-0.265	0.53	"1_&_2"
"王振华"	1	0	0.543	0.457	0.265	-0.265	0.53	"1_&_2"
"王雁峰"	0	1	0.543	0.457	-0.34	0.34	0.68	"1_&_2"
"王飞"	0	1	0.543	0.457	-0.34	0.34	0.68	"1_&_2"
"环境"	8	5	7.056	5.944	0.391	-0.391	0.782	"1_&_2"
"环节"	2	0	1.086	0.914	0.531	-0.531	1.062	"1_&_2"
"现代"	1	0	0.543	0.457	0.265	-0.265	0.53	"1_&_2"
"现代化"	0	1	0.543	0.457	-0.34	0.34	0.68	"1_&_2"
"玲"	1	0	0.543	0.457	0.265	-0.265	0.53	"1_&_2"
"玻璃"	1	0	0.543	0.457	0.265	-0.265	0.53	"1_&_2"
"理想"	1	0	0.543	0.457	0.265	-0.265	0.53	"1_&_2"
"生产"	11	0	5.97	5.03	2.919	-2.919	5.838	"1_&_2"
"生命"	2	0	1.086	0.914	0.531	-0.531	1.062	"1_&_2"
"生活品质"	1	0	0.543	0.457	0.265	-0.265	0.53	"1_&_2"
"生物学"	0	1	0.543	0.457	-0.34	0.34	0.68	"1_&_2"
"生物技术"	1	0	0.543	0.457	0.265	-0.265	0.53	"1_&_2"
"生物科"	1	0	0.543	0.457	0.265	-0.265	0.53	"1_&_2"
"生理"	0	3	1.628	1.372	-1.02	1.02	2.04	"1_&_2"
"生还"	0	1	0.543	0.457	-0.34	0.34	0.68	"1_&_2"
"生长"	1	0	0.543	0.457	0.265	-0.265	0.53	"1_&_2"
"用"	9	0	4.885	4.115	2.388	-2.388	4.776	"1_&_2"
"用于"	3	0	1.628	1.372	0.796	-0.796	1.592	"1_&_2"
"用作"	1	0	0.543	0.457	0.265	-0.265	0.53	"1_&_2"
"用品"	1	0	0.543	0.457	0.265	-0.265	0.53	"1_&_2"
"用来"	1	0	0.543	0.457	0.265	-0.265	0.53	"1_&_2"
"用途"	1	0	0.543	0.457	0.265	-0.265	0.53	"1_&_2"
"用量"	1	0	0.543	0.457	0.265	-0.265	0.53	"1_&_2"
"由于"	1	11	6.513	5.487	-2.895	2.895	5.79	"1_&_2"
"电力"	1	0	0.543	0.457	0.265	-0.265	0.53	"1_&_2"
"电器"	1	0	0.543	0.457	0.265	-0.265	0.53	"1_&_2"
"电子学"	1	0	0.543	0.457	0.265	-0.265	0.53	"1_&_2"
"电工"	2	0	1.086	0.914	0.531	-0.531	1.062	"1_&_2"
"电机"	1	0	0.543	0.457	0.265	-0.265	0.53	"1_&_2"
"电极"	1	0	0.543	0.457	0.265	-0.265	0.53	"1_&_2"
"畜产品"	1	0	0.543	0.457	0.265	-0.265	0.53	"1_&_2"
"番茄"	1	0	0.543	0.457	0.265	-0.265	0.53	"1_&_2"
"疗效"	1	0	0.543	0.457	0.265	-0.265	0.53	"1_&_2"
"疲软"	0	1	0.543	0.457	-0.34	0.34	0.68	"1_&_2"
"疾病"	1	2	1.628	1.372	-0.361	0.361	0.722	"1_&_2"
"病"	0	2	1.086	0.914	-0.68	0.68	1.36	"1_&_2"
"病发"	0	1	0.543	0.457	-0.34	0.34	0.68	"1_&_2"
"病病菌"	1	0	0.543	0.457	0.265	-0.265	0.53	"1_&_2"
"症候群"	1	0	0.543	0.457	0.265	-0.265	0.53	"1_&_2"
"癌"	2	0	1.086	0.914	0.531	-0.531	1.062	"1_&_2"
"癌症"	1	0	0.543	0.457	0.265	-0.265	0.53	"1_&_2"
"百分之二十八点六"	0	1	0.543	0.457	-0.34	0.34	0.68	"1_&_2"
"百分之十一点一"	2	0	1.086	0.914	0.531	-0.531	1.062	"1_&_2"
"百分之十四点二"	1	0	0.543	0.457	0.265	-0.265	0.53	"1_&_2"
"皂甘"	1	0	0.543	0.457	0.265	-0.265	0.53	"1_&_2"
"皮肤"	1	0	0.543	0.457	0.265	-0.265	0.53	"1_&_2"
"盅"	1	0	0.543	0.457	0.265	-0.265	0.53	"1_&_2"
"盘面"	0	1	0.543	0.457	-0.34	0.34	0.68	"1_&_2"
"盲目"	0	1	0.543	0.457	-0.34	0.34	0.68	"1_&_2"
"相互"	1	0	0.543	0.457	0.265	-0.265	0.53	"1_&_2"
"相关"	2	0	1.086	0.914	0.531	-0.531	1.062	"1_&_2"
"相同"	1	0	0.543	0.457	0.265	-0.265	0.53	"1_&_2"
"相当于"	1	0	0.543	0.457	0.265	-0.265	0.53	"1_&_2"
"相较"	0	1	0.543	0.457	-0.34	0.34	0.68	"1_&_2"
"看好"	1	0	0.543	0.457	0.265	-0.265	0.53	"1_&_2"
"真空"	1	0	0.543	0.457	0.265	-0.265	0.53	"1_&_2"
"着手"	1	0	0.543	0.457	0.265	-0.265	0.53	"1_&_2"
"知识"	2	0	1.086	0.914	0.531	-0.531	1.062	"1_&_2"
"知道"	2	0	1.086	0.914	0.531	-0.531	1.062	"1_&_2"
"短余"	1	0	0.543	0.457	0.265	-0.265	0.53	"1_&_2"
"短时期"	1	0	0.543	0.457	0.265	-0.265	0.53	"1_&_2"
"短期"	0	2	1.086	0.914	-0.68	0.68	1.36	"1_&_2"
"短评"	1	0	0.543	0.457	0.265	-0.265	0.53	"1_&_2"
"石化"	3	0	1.628	1.372	0.796	-0.796	1.592	"1_&_2"
"石化业"	1	0	0.543	0.457	0.265	-0.265	0.53	"1_&_2"
"石墨"	1	0	0.543	0.457	0.265	-0.265	0.53	"1_&_2"
"石脑油"	1	0	0.543	0.457	0.265	-0.265	0.53	"1_&_2"
"矿产"	1	0	0.543	0.457	0.265	-0.265	0.53	"1_&_2"
"砂煲饭"	1	0	0.543	0.457	0.265	-0.265	0.53	"1_&_2"
"研"	1	0	0.543	0.457	0.265	-0.265	0.53	"1_&_2"
"研制"	1	0	0.543	0.457	0.265	-0.265	0.53	"1_&_2"
"研制出"	2	0	1.086	0.914	0.531	-0.531	1.062	"1_&_2"
"研制成"	1	0	0.543	0.457	0.265	-0.265	0.53	"1_&_2"
"研发"	2	0	1.086	0.914	0.531	-0.531	1.062	"1_&_2"
"研发所"	2	0	1.086	0.914	0.531	-0.531	1.062	"1_&_2"
"研究"	13	0	7.056	5.944	3.45	-3.45	6.9	"1_&_2"
"研究会"	1	0	0.543	0.457	0.265	-0.265	0.53	"1_&_2"
"研究所"	2	0	1.086	0.914	0.531	-0.531	1.062	"1_&_2"
"研究院"	1	0	0.543	0.457	0.265	-0.265	0.53	"1_&_2"
"硅"	2	0	1.086	0.914	0.531	-0.531	1.062	"1_&_2"
"硅酮"	1	0	0.543	0.457	0.265	-0.265	0.53	"1_&_2"
"硬盘"	1	0	0.543	0.457	0.265	-0.265	0.53	"1_&_2"
"硬脑膜"	2	0	1.086	0.914	0.531	-0.531	1.062	"1_&_2"
"确"	0	1	0.543	0.457	-0.34	0.34	0.68	"1_&_2"
"确切"	1	0	0.543	0.457	0.265	-0.265	0.53	"1_&_2"
"确定"	0	10	5.428	4.572	-3.399	3.399	6.798	"1_&_2"
"确实"	0	1	0.543	0.457	-0.34	0.34	0.68	"1_&_2"
"碳"	1	0	0.543	0.457	0.265	-0.265	0.53	"1_&_2"
"磁性"	1	0	0.543	0.457	0.265	-0.265	0.53	"1_&_2"
"神像"	2	0	1.086	0.914	0.531	-0.531	1.062	"1_&_2"
"离婚"	0	1	0.543	0.457	-0.34	0.34	0.68	"1_&_2"
"种"	19	14	17.911	15.089	0.376	-0.376	0.752	"1_&_2"
"种植"	1	0	0.543	0.457	0.265	-0.265	0.53	"1_&_2"
"种种"	0	4	2.171	1.829	-1.359	1.359	2.718	"1_&_2"
"种类"	1	0	0.543	0.457	0.265	-0.265	0.53	"1_&_2"
"科学"	6	0	3.257	2.743	1.592	-1.592	3.184	"1_&_2"
"科学家"	2	0	1.086	0.914	0.531	-0.531	1.062	"1_&_2"
"科学院"	2	0	1.086	0.914	0.531	-0.531	1.062	"1_&_2"
"科技"	2	0	1.086	0.914	0.531	-0.531	1.062	"1_&_2"
"科技股"	0	1	0.543	0.457	-0.34	0.34	0.68	"1_&_2"
"积极"	0	2	1.086	0.914	-0.68	0.68	1.36	"1_&_2"
"积聚"	1	0	0.543	0.457	0.265	-0.265	0.53	"1_&_2"
"稀土"	2	0	1.086	0.914	0.531	-0.531	1.062	"1_&_2"
"稳定"	1	9	5.428	4.572	-2.289	2.289	4.578	"1_&_2"
"稳定性"	1	0	0.543	0.457	0.265	-0.265	0.53	"1_&_2"
"究"	2	0	1.086	0.914	0.531	-0.531	1.062	"1_&_2"
"空白"	0	1	0.543	0.457	-0.34	0.34	0.68	"1_&_2"
"空间"	5	0	2.714	2.286	1.327	-1.327	2.654	"1_&_2"
"站务员"	0	1	0.543	0.457	-0.34	0.34	0.68	"1_&_2"
"章玉新"	1	0	0.543	0.457	0.265	-0.265	0.53	"1_&_2"
"等"	46	29	40.708	34.292	0.876	-0.876	1.752	"1_&_2"
"等等"	0	1	0.543	0.457	-0.34	0.34	0.68	"1_&_2"
"筑"	1	0	0.543	0.457	0.265	-0.265	0.53	"1_&_2"
"筹码"	0	1	0.543	0.457	-0.34	0.34	0.68	"1_&_2"
"简称"	1	0	0.543	0.457	0.265	-0.265	0.53	"1_&_2"
"管"	1	0	0.543	0.457	0.265	-0.265	0.53	"1_&_2"
"类"	2	0	1.086	0.914	0.531	-0.531	1.062	"1_&_2"
"粽子"	1	0	0.543	0.457	0.265	-0.265	0.53	"1_&_2"
"精"	3	0	1.628	1.372	0.796	-0.796	1.592	"1_&_2"
"精华油"	1	0	0.543	0.457	0.265	-0.265	0.53	"1_&_2"
"精选"	1	0	0.543	0.457	0.265	-0.265	0.53	"1_&_2"
"糕点"	1	0	0.543	0.457	0.265	-0.265	0.53	"1_&_2"
"索拉纳"	1	0	0.543	0.457	0.265	-0.265	0.53	"1_&_2"
"紧张"	0	1	0.543	0.457	-0.34	0.34	0.68	"1_&_2"
"紧缩"	0	1	0.543	0.457	-0.34	0.34	0.68	"1_&_2"
"紫外线"	0	2	1.086	0.914	-0.68	0.68	1.36	"1_&_2"
"繁多"	1	0	0.543	0.457	0.265	-0.265	0.53	"1_&_2"
"繁荣"	0	2	1.086	0.914	-0.68	0.68	1.36	"1_&_2"
"繁重"	1	0	0.543	0.457	0.265	-0.265	0.53	"1_&_2"
"纤维"	2	0	1.086	0.914	0.531	-0.531	1.062	"1_&_2"
"纯化"	1	0	0.543	0.457	0.265	-0.265	0.53	"1_&_2"
"纳"	1	0	0.543	0.457	0.265	-0.265	0.53	"1_&_2"
"纳米"	10	0	5.428	4.572	2.654	-2.654	5.308	"1_&_2"
"纷扰"	0	1	0.543	0.457	-0.34	0.34	0.68	"1_&_2"
"纸"	1	0	0.543	0.457	0.265	-0.265	0.53	"1_&_2"
"纸业"	1	0	0.543	0.457	0.265	-0.265	0.53	"1_&_2"
"纺织业"	1	0	0.543	0.457	0.265	-0.265	0.53	"1_&_2"
"组合式"	0	1	0.543	0.457	-0.34	0.34	0.68	"1_&_2"
"细胞"	1	0	0.543	0.457	0.265	-0.265	0.53	"1_&_2"
"细菌"	1	0	0.543	0.457	0.265	-0.265	0.53	"1_&_2"
"经常"	0	1	0.543	0.457	-0.34	0.34	0.68	"1_&_2"
"经济"	1	55	30.395	25.605	-17.203	17.203	34.406	"1_&_2"
"经济体制"	0	1	0.543	0.457	-0.34	0.34	0.68	"1_&_2"
"经济全球化"	0	1	0.543	0.457	-0.34	0.34	0.68	"1_&_2"
"结构"	3	0	1.628	1.372	0.796	-0.796	1.592	"1_&_2"
"绝"	1	0	0.543	0.457	0.265	-0.265	0.53	"1_&_2"
"绝对"	0	1	0.543	0.457	-0.34	0.34	0.68	"1_&_2"
"绝对性"	0	1	0.543	0.457	-0.34	0.34	0.68	"1_&_2"
"绝对的"	0	1	0.543	0.457	-0.34	0.34	0.68	"1_&_2"
"绝缘"	1	0	0.543	0.457	0.265	-0.265	0.53	"1_&_2"
"统计"	1	0	0.543	0.457	0.265	-0.265	0.53	"1_&_2"
"维"	1	0	0.543	0.457	0.265	-0.265	0.53	"1_&_2"
"维生素"	1	0	0.543	0.457	0.265	-0.265	0.53	"1_&_2"
"综合"	0	2	1.086	0.914	-0.68	0.68	1.36	"1_&_2"
"绿化"	1	0	0.543	0.457	0.265	-0.265	0.53	"1_&_2"
"绿色"	1	0	0.543	0.457	0.265	-0.265	0.53	"1_&_2"
"绿茶"	1	0	0.543	0.457	0.265	-0.265	0.53	"1_&_2"
"绿藻"	3	0	1.628	1.372	0.796	-0.796	1.592	"1_&_2"
"缆绳"	1	0	0.543	0.457	0.265	-0.265	0.53	"1_&_2"
"缓解"	0	1	0.543	0.457	-0.34	0.34	0.68	"1_&_2"
"编织"	1	0	0.543	0.457	0.265	-0.265	0.53	"1_&_2"
"缩小到"	2	0	1.086	0.914	0.531	-0.531	1.062	"1_&_2"
"缺乏"	0	6	3.257	2.743	-2.039	2.039	4.078	"1_&_2"
"缺少"	1	0	0.543	0.457	0.265	-0.265	0.53	"1_&_2"
"缺货"	1	0	0.543	0.457	0.265	-0.265	0.53	"1_&_2"
"罗柏森"	0	1	0.543	0.457	-0.34	0.34	0.68	"1_&_2"
"美元"	1	6	3.799	3.201	-1.41	1.41	2.82	"1_&_2"
"美联社"	1	0	0.543	0.457	0.265	-0.265	0.53	"1_&_2"
"美观"	1	0	0.543	0.457	0.265	-0.265	0.53	"1_&_2"
"群体性"	0	1	0.543	0.457	-0.34	0.34	0.68	"1_&_2"
"老化"	0	3	1.628	1.372	-1.02	1.02	2.04	"1_&_2"
"考"	1	0	0.543	0.457	0.265	-0.265	0.53	"1_&_2"
"考虑"	4	13	9.227	7.773	-1.994	1.994	3.988	"1_&_2"
"考虑到"	0	3	1.628	1.372	-1.02	1.02	2.04	"1_&_2"
"考量"	3	1	2.171	1.829	0.421	-0.421	0.842	"1_&_2"
"耐"	1	0	0.543	0.457	0.265	-0.265	0.53	"1_&_2"
"聚"	1	0	0.543	0.457	0.265	-0.265	0.53	"1_&_2"
"聚合物"	3	0	1.628	1.372	0.796	-0.796	1.592	"1_&_2"
"肉"	1	0	0.543	0.457	0.265	-0.265	0.53	"1_&_2"
"肌肤"	0	3	1.628	1.372	-1.02	1.02	2.04	"1_&_2"
"股价"	0	2	1.086	0.914	-0.68	0.68	1.36	"1_&_2"
"股市"	0	8	4.342	3.658	-2.719	2.719	5.438	"1_&_2"
"肤功"	1	0	0.543	0.457	0.265	-0.265	0.53	"1_&_2"
"肾"	0	2	1.086	0.914	-0.68	0.68	1.36	"1_&_2"
"背后"	0	1	0.543	0.457	-0.34	0.34	0.68	"1_&_2"
"背景"	0	2	1.086	0.914	-0.68	0.68	1.36	"1_&_2"
"胡子"	2	0	1.086	0.914	0.531	-0.531	1.062	"1_&_2"
"胶囊"	1	0	0.543	0.457	0.265	-0.265	0.53	"1_&_2"
"能源"	1	0	0.543	0.457	0.265	-0.265	0.53	"1_&_2"
"脂肪"	3	0	1.628	1.372	0.796	-0.796	1.592	"1_&_2"
"脂肪酸"	1	0	0.543	0.457	0.265	-0.265	0.53	"1_&_2"
"脱落"	2	0	1.086	0.914	0.531	-0.531	1.062	"1_&_2"
"腊肠"	1	0	0.543	0.457	0.265	-0.265	0.53	"1_&_2"
"膜"	1	0	0.543	0.457	0.265	-0.265	0.53	"1_&_2"
"自然"	4	0	2.171	1.829	1.062	-1.062	2.124	"1_&_2"
"致"	0	4	2.171	1.829	-1.359	1.359	2.718	"1_&_2"
"致动器"	1	0	0.543	0.457	0.265	-0.265	0.53	"1_&_2"
"致命"	0	2	1.086	0.914	-0.68	0.68	1.36	"1_&_2"
"舖"	1	0	0.543	0.457	0.265	-0.265	0.53	"1_&_2"
"航天飞机"	2	0	1.086	0.914	0.531	-0.531	1.062	"1_&_2"
"良种"	1	0	0.543	0.457	0.265	-0.265	0.53	"1_&_2"
"艾滋病"	1	0	0.543	0.457	0.265	-0.265	0.53	"1_&_2"
"花莲县府"	1	0	0.543	0.457	0.265	-0.265	0.53	"1_&_2"
"苏"	1	0	0.543	0.457	0.265	-0.265	0.53	"1_&_2"
"苯丙醇胺"	1	0	0.543	0.457	0.265	-0.265	0.53	"1_&_2"
"英文"	1	0	0.543	0.457	0.265	-0.265	0.53	"1_&_2"
"草药"	2	0	1.086	0.914	0.531	-0.531	1.062	"1_&_2"
"药剂"	2	0	1.086	0.914	0.531	-0.531	1.062	"1_&_2"
"药品"	2	0	1.086	0.914	0.531	-0.531	1.062	"1_&_2"
"药物"	1	0	0.543	0.457	0.265	-0.265	0.53	"1_&_2"
"药理"	1	0	0.543	0.457	0.265	-0.265	0.53	"1_&_2"
"荷尔蒙"	0	1	0.543	0.457	-0.34	0.34	0.68	"1_&_2"
"获利"	0	3	1.628	1.372	-1.02	1.02	2.04	"1_&_2"
"获知主"	1	0	0.543	0.457	0.265	-0.265	0.53	"1_&_2"
"菌广"	1	0	0.543	0.457	0.265	-0.265	0.53	"1_&_2"
"菜燕"	1	0	0.543	0.457	0.265	-0.265	0.53	"1_&_2"
"菸酒税"	0	1	0.543	0.457	-0.34	0.34	0.68	"1_&_2"
"萤光"	1	0	0.543	0.457	0.265	-0.265	0.53	"1_&_2"
"营养"	2	0	1.086	0.914	0.531	-0.531	1.062	"1_&_2"
"蔬果"	1	0	0.543	0.457	0.265	-0.265	0.53	"1_&_2"
"蕴涵"	0	1	0.543	0.457	-0.34	0.34	0.68	"1_&_2"
"薄"	1	0	0.543	0.457	0.265	-0.265	0.53	"1_&_2"
"藏汉"	1	0	0.543	0.457	0.265	-0.265	0.53	"1_&_2"
"蛇年"	0	1	0.543	0.457	-0.34	0.34	0.68	"1_&_2"
"蛋白质"	2	0	1.086	0.914	0.531	-0.531	1.062	"1_&_2"
"血压"	1	0	0.543	0.457	0.265	-0.265	0.53	"1_&_2"
"血液"	1	0	0.543	0.457	0.265	-0.265	0.53	"1_&_2"
"行情"	0	1	0.543	0.457	-0.34	0.34	0.68	"1_&_2"
"衡量"	1	0	0.543	0.457	0.265	-0.265	0.53	"1_&_2"
"补征"	1	0	0.543	0.457	0.265	-0.265	0.53	"1_&_2"
"表定"	0	1	0.543	0.457	-0.34	0.34	0.68	"1_&_2"
"表明"	2	0	1.086	0.914	0.531	-0.531	1.062	"1_&_2"
"衰"	0	1	0.543	0.457	-0.34	0.34	0.68	"1_&_2"
"衰竭"	0	1	0.543	0.457	-0.34	0.34	0.68	"1_&_2"
"装修"	1	0	0.543	0.457	0.265	-0.265	0.53	"1_&_2"
"装有"	1	0	0.543	0.457	0.265	-0.265	0.53	"1_&_2"
"装置"	1	0	0.543	0.457	0.265	-0.265	0.53	"1_&_2"
"西药"	2	0	1.086	0.914	0.531	-0.531	1.062	"1_&_2"
"覆盖"	1	0	0.543	0.457	0.265	-0.265	0.53	"1_&_2"
"观望"	0	1	0.543	0.457	-0.34	0.34	0.68	"1_&_2"
"触摸到"	1	0	0.543	0.457	0.265	-0.265	0.53	"1_&_2"
"计税"	1	0	0.543	0.457	0.265	-0.265	0.53	"1_&_2"
"计算"	1	0	0.543	0.457	0.265	-0.265	0.53	"1_&_2"
"计算机"	1	0	0.543	0.457	0.265	-0.265	0.53	"1_&_2"
"记取"	1	0	0.543	0.457	0.265	-0.265	0.53	"1_&_2"
"讲究"	1	0	0.543	0.457	0.265	-0.265	0.53	"1_&_2"
"许多"	1	4	2.714	2.286	-0.858	0.858	1.716	"1_&_2"
"设厂"	1	0	0.543	0.457	0.265	-0.265	0.53	"1_&_2"
"设备"	6	0	3.257	2.743	1.592	-1.592	3.184	"1_&_2"
"设计"	2	0	1.086	0.914	0.531	-0.531	1.062	"1_&_2"
"评估"	0	1	0.543	0.457	-0.34	0.34	0.68	"1_&_2"
"评比"	0	1	0.543	0.457	-0.34	0.34	0.68	"1_&_2"
"诉诸"	1	0	0.543	0.457	0.265	-0.265	0.53	"1_&_2"
"试算"	1	0	0.543	0.457	0.265	-0.265	0.53	"1_&_2"
"误入"	0	1	0.543	0.457	-0.34	0.34	0.68	"1_&_2"
"诱"	1	0	0.543	0.457	0.265	-0.265	0.53	"1_&_2"
"说清"	1	0	0.543	0.457	0.265	-0.265	0.53	"1_&_2"
"请辞"	0	1	0.543	0.457	-0.34	0.34	0.68	"1_&_2"
"诸多"	1	1	1.086	0.914	-0.152	0.152	0.304	"1_&_2"
"调动"	0	1	0.543	0.457	-0.34	0.34	0.68	"1_&_2"
"调升"	0	1	0.543	0.457	-0.34	0.34	0.68	"1_&_2"
"调职"	0	1	0.543	0.457	-0.34	0.34	0.68	"1_&_2"
"调配"	1	0	0.543	0.457	0.265	-0.265	0.53	"1_&_2"
"谘询"	1	0	0.543	0.457	0.265	-0.265	0.53	"1_&_2"
"谱"	1	0	0.543	0.457	0.265	-0.265	0.53	"1_&_2"
"谷类"	2	0	1.086	0.914	0.531	-0.531	1.062	"1_&_2"
"负面"	0	1	0.543	0.457	-0.34	0.34	0.68	"1_&_2"
"财物"	1	0	0.543	0.457	0.265	-0.265	0.53	"1_&_2"
"贫"	1	0	0.543	0.457	0.265	-0.265	0.53	"1_&_2"
"贬值"	1	1	1.086	0.914	-0.152	0.152	0.304	"1_&_2"
"购"	1	0	0.543	0.457	0.265	-0.265	0.53	"1_&_2"
"购买"	3	0	1.628	1.372	0.796	-0.796	1.592	"1_&_2"
"购入"	2	0	1.086	0.914	0.531	-0.531	1.062	"1_&_2"
"贮存法"	1	0	0.543	0.457	0.265	-0.265	0.53	"1_&_2"
"贸易组"	0	1	0.543	0.457	-0.34	0.34	0.68	"1_&_2"
"资源"	1	0	0.543	0.457	0.265	-0.265	0.53	"1_&_2"
"赛普勒斯"	1	0	0.543	0.457	0.265	-0.265	0.53	"1_&_2"
"赤字"	0	3	1.628	1.372	-1.02	1.02	2.04	"1_&_2"
"走低"	0	4	2.171	1.829	-1.359	1.359	2.718	"1_&_2"
"走势"	0	2	1.086	0.914	-0.68	0.68	1.36	"1_&_2"
"走向"	0	1	0.543	0.457	-0.34	0.34	0.68	"1_&_2"
"走高"	0	1	0.543	0.457	-0.34	0.34	0.68	"1_&_2"
"起"	0	1	0.543	0.457	-0.34	0.34	0.68	"1_&_2"
"超导"	1	0	0.543	0.457	0.265	-0.265	0.53	"1_&_2"
"超导体"	1	0	0.543	0.457	0.265	-0.265	0.53	"1_&_2"
"超过"	1	0	0.543	0.457	0.265	-0.265	0.53	"1_&_2"
"趋"	1	1	1.086	0.914	-0.152	0.152	0.304	"1_&_2"
"趋近"	1	0	0.543	0.457	0.265	-0.265	0.53	"1_&_2"
"足够"	1	0	0.543	0.457	0.265	-0.265	0.53	"1_&_2"
"跑道灯"	0	1	0.543	0.457	-0.34	0.34	0.68	"1_&_2"
"路"	1	0	0.543	0.457	0.265	-0.265	0.53	"1_&_2"
"身体"	0	2	1.086	0.914	-0.68	0.68	1.36	"1_&_2"
"轨道"	2	0	1.086	0.914	0.531	-0.531	1.062	"1_&_2"
"转换"	1	0	0.543	0.457	0.265	-0.265	0.53	"1_&_2"
"转暖"	0	1	0.543	0.457	-0.34	0.34	0.68	"1_&_2"
"转移"	1	0	0.543	0.457	0.265	-0.265	0.53	"1_&_2"
"软骨"	1	0	0.543	0.457	0.265	-0.265	0.53	"1_&_2"
"轻"	1	0	0.543	0.457	0.265	-0.265	0.53	"1_&_2"
"载体"	2	0	1.086	0.914	0.531	-0.531	1.062	"1_&_2"
"较为"	0	2	1.086	0.914	-0.68	0.68	1.36	"1_&_2"
"辅"	1	0	0.543	0.457	0.265	-0.265	0.53	"1_&_2"
"辉"	1	0	0.543	0.457	0.265	-0.265	0.53	"1_&_2"
"辐射"	2	0	1.086	0.914	0.531	-0.531	1.062	"1_&_2"
"输送"	1	0	0.543	0.457	0.265	-0.265	0.53	"1_&_2"
"达成"	1	0	0.543	0.457	0.265	-0.265	0.53	"1_&_2"
"过去"	0	2	1.086	0.914	-0.68	0.68	1.36	"1_&_2"
"运用"	1	0	0.543	0.457	0.265	-0.265	0.53	"1_&_2"
"运输"	2	0	1.086	0.914	0.531	-0.531	1.062	"1_&_2"
"近期"	0	2	1.086	0.914	-0.68	0.68	1.36	"1_&_2"
"返还"	1	0	0.543	0.457	0.265	-0.265	0.53	"1_&_2"
"还是"	0	1	0.543	0.457	-0.34	0.34	0.68	"1_&_2"
"这些"	1	17	9.77	8.23	-4.768	4.768	9.536	"1_&_2"
"进口"	3	0	1.628	1.372	0.796	-0.796	1.592	"1_&_2"
"违章"	0	1	0.543	0.457	-0.34	0.34	0.68	"1_&_2"
"连续"	1	0	0.543	0.457	0.265	-0.265	0.53	"1_&_2"
"迷信"	0	1	0.543	0.457	-0.34	0.34	0.68	"1_&_2"
"迹"	2	0	1.086	0.914	0.531	-0.531	1.062	"1_&_2"
"追高"	0	1	0.543	0.457	-0.34	0.34	0.68	"1_&_2"
"退税率"	0	1	0.543	0.457	-0.34	0.34	0.68	"1_&_2"
"适合"	1	0	0.543	0.457	0.265	-0.265	0.53	"1_&_2"
"选用"	1	0	0.543	0.457	0.265	-0.265	0.53	"1_&_2"
"逊色"	0	1	0.543	0.457	-0.34	0.34	0.68	"1_&_2"
"透明"	1	0	0.543	0.457	0.265	-0.265	0.53	"1_&_2"
"透过"	1	0	0.543	0.457	0.265	-0.265	0.53	"1_&_2"
"逐渐"	0	2	1.086	0.914	-0.68	0.68	1.36	"1_&_2"
"通路"	1	0	0.543	0.457	0.265	-0.265	0.53	"1_&_2"
"造"	2	0	1.086	0.914	0.531	-0.531	1.062	"1_&_2"
"造成"	1	5	3.257	2.743	-1.129	1.129	2.258	"1_&_2"
"道"	0	1	0.543	0.457	-0.34	0.34	0.68	"1_&_2"
"遗传"	0	2	1.086	0.914	-0.68	0.68	1.36	"1_&_2"
"遭劫"	1	0	0.543	0.457	0.265	-0.265	0.53	"1_&_2"
"邮报"	1	0	0.543	0.457	0.265	-0.265	0.53	"1_&_2"
"部件"	2	0	1.086	0.914	0.531	-0.531	1.062	"1_&_2"
"都"	1	0	0.543	0.457	0.265	-0.265	0.53	"1_&_2"
"配料"	1	0	0.543	0.457	0.265	-0.265	0.53	"1_&_2"
"配方"	1	0	0.543	0.457	0.265	-0.265	0.53	"1_&_2"
"配置"	1	0	0.543	0.457	0.265	-0.265	0.53	"1_&_2"
"酒精"	2	0	1.086	0.914	0.531	-0.531	1.062	"1_&_2"
"醋"	1	0	0.543	0.457	0.265	-0.265	0.53	"1_&_2"
"醋酸"	1	0	0.543	0.457	0.265	-0.265	0.53	"1_&_2"
"采"	2	0	1.086	0.914	0.531	-0.531	1.062	"1_&_2"
"采用"	2	0	1.086	0.914	0.531	-0.531	1.062	"1_&_2"
"采购"	2	0	1.086	0.914	0.531	-0.531	1.062	"1_&_2"
"重"	0	1	0.543	0.457	-0.34	0.34	0.68	"1_&_2"
"重力"	2	0	1.086	0.914	0.531	-0.531	1.062	"1_&_2"
"重要"	1	18	10.313	8.687	-5.085	5.085	10.17	"1_&_2"
"金属"	3	0	1.628	1.372	0.796	-0.796	1.592	"1_&_2"
"鉴于"	0	1	0.543	0.457	-0.34	0.34	0.68	"1_&_2"
"鉴定"	1	0	0.543	0.457	0.265	-0.265	0.53	"1_&_2"
"钢制"	1	0	0.543	0.457	0.265	-0.265	0.53	"1_&_2"
"钢材"	1	0	0.543	0.457	0.265	-0.265	0.53	"1_&_2"
"钸"	1	0	0.543	0.457	0.265	-0.265	0.53	"1_&_2"
"铀"	2	0	1.086	0.914	0.531	-0.531	1.062	"1_&_2"
"铂"	1	0	0.543	0.457	0.265	-0.265	0.53	"1_&_2"
"铜基"	1	0	0.543	0.457	0.265	-0.265	0.53	"1_&_2"
"铺面"	1	0	0.543	0.457	0.265	-0.265	0.53	"1_&_2"
"销往"	1	0	0.543	0.457	0.265	-0.265	0.53	"1_&_2"
"销量"	1	0	0.543	0.457	0.265	-0.265	0.53	"1_&_2"
"锁住"	1	0	0.543	0.457	0.265	-0.265	0.53	"1_&_2"
"锅"	1	0	0.543	0.457	0.265	-0.265	0.53	"1_&_2"
"长线"	0	1	0.543	0.457	-0.34	0.34	0.68	"1_&_2"
"问世"	1	0	0.543	0.457	0.265	-0.265	0.53	"1_&_2"
"防伪"	1	0	0.543	0.457	0.265	-0.265	0.53	"1_&_2"
"阳痿"	0	1	0.543	0.457	-0.34	0.34	0.68	"1_&_2"
"阻"	0	1	0.543	0.457	-0.34	0.34	0.68	"1_&_2"
"阻剂"	2	0	1.086	0.914	0.531	-0.531	1.062	"1_&_2"
"陈坤煌"	0	1	0.543	0.457	-0.34	0.34	0.68	"1_&_2"
"限"	1	0	0.543	0.457	0.265	-0.265	0.53	"1_&_2"
"限制"	0	3	1.628	1.372	-1.02	1.02	2.04	"1_&_2"
"院士"	1	0	0.543	0.457	0.265	-0.265	0.53	"1_&_2"
"除"	2	1	1.628	1.372	0.249	-0.249	0.498	"1_&_2"
"除了"	4	3	3.799	3.201	0.227	-0.227	0.454	"1_&_2"
"除去"	0	1	0.543	0.457	-0.34	0.34	0.68	"1_&_2"
"除非"	0	1	0.543	0.457	-0.34	0.34	0.68	"1_&_2"
"险"	0	1	0.543	0.457	-0.34	0.34	0.68	"1_&_2"
"陶瓷"	1	0	0.543	0.457	0.265	-0.265	0.53	"1_&_2"
"隆股"	0	2	1.086	0.914	-0.68	0.68	1.36	"1_&_2"
"隐"	1	0	0.543	0.457	0.265	-0.265	0.53	"1_&_2"
"障碍"	0	4	2.171	1.829	-1.359	1.359	2.718	"1_&_2"
"难以"	0	1	0.543	0.457	-0.34	0.34	0.68	"1_&_2"
"难度"	0	1	0.543	0.457	-0.34	0.34	0.68	"1_&_2"
"需"	3	0	1.628	1.372	0.796	-0.796	1.592	"1_&_2"
"需求"	0	2	1.086	0.914	-0.68	0.68	1.36	"1_&_2"
"非"	0	10	5.428	4.572	-3.399	3.399	6.798	"1_&_2"
"非人"	1	0	0.543	0.457	0.265	-0.265	0.53	"1_&_2"
"非洲"	1	0	0.543	0.457	0.265	-0.265	0.53	"1_&_2"
"面具"	1	0	0.543	0.457	0.265	-0.265	0.53	"1_&_2"
"鞍山市"	1	0	0.543	0.457	0.265	-0.265	0.53	"1_&_2"
"音箱"	1	0	0.543	0.457	0.265	-0.265	0.53	"1_&_2"
"音色"	1	0	0.543	0.457	0.265	-0.265	0.53	"1_&_2"
"顺畅"	0	1	0.543	0.457	-0.34	0.34	0.68	"1_&_2"
"顾虑到"	1	0	0.543	0.457	0.265	-0.265	0.53	"1_&_2"
"预"	1	0	0.543	0.457	0.265	-0.265	0.53	"1_&_2"
"预料"	0	1	0.543	0.457	-0.34	0.34	0.68	"1_&_2"
"领域"	4	0	2.171	1.829	1.062	-1.062	2.124	"1_&_2"
"颜色"	1	0	0.543	0.457	0.265	-0.265	0.53	"1_&_2"
"风险"	0	1	0.543	0.457	-0.34	0.34	0.68	"1_&_2"
"食品"	2	0	1.086	0.914	0.531	-0.531	1.062	"1_&_2"
"食物"	1	0	0.543	0.457	0.265	-0.265	0.53	"1_&_2"
"饮用"	3	0	1.628	1.372	0.796	-0.796	1.592	"1_&_2"
"饲料"	3	0	1.628	1.372	0.796	-0.796	1.592	"1_&_2"
"馅料"	1	0	0.543	0.457	0.265	-0.265	0.53	"1_&_2"
"首先"	1	0	0.543	0.457	0.265	-0.265	0.53	"1_&_2"
"首创"	1	0	0.543	0.457	0.265	-0.265	0.53	"1_&_2"
"香水"	1	0	0.543	0.457	0.265	-0.265	0.53	"1_&_2"
"香肠"	1	0	0.543	0.457	0.265	-0.265	0.53	"1_&_2"
"马兜铃"	1	0	0.543	0.457	0.265	-0.265	0.53	"1_&_2"
"驱"	0	1	0.543	0.457	-0.34	0.34	0.68	"1_&_2"
"驱动器"	1	0	0.543	0.457	0.265	-0.265	0.53	"1_&_2"
"骨折"	2	0	1.086	0.914	0.531	-0.531	1.062	"1_&_2"
"骨粉"	1	0	0.543	0.457	0.265	-0.265	0.53	"1_&_2"
"骨质"	2	0	1.086	0.914	0.531	-0.531	1.062	"1_&_2"
"高"	6	0	3.257	2.743	1.592	-1.592	3.184	"1_&_2"
"高发"	1	0	0.543	0.457	0.265	-0.265	0.53	"1_&_2"
"高工"	1	0	0.543	0.457	0.265	-0.265	0.53	"1_&_2"
"高弹性"	1	0	0.543	0.457	0.265	-0.265	0.53	"1_&_2"
"高血压"	0	1	0.543	0.457	-0.34	0.34	0.68	"1_&_2"
"鲜美"	2	0	1.086	0.914	0.531	-0.531	1.062	"1_&_2"
"鸡肉"	1	0	0.543	0.457	0.265	-0.265	0.53	"1_&_2"
"鸡蛋"	1	0	0.543	0.457	0.265	-0.265	0.53	"1_&_2"
"麦金农"	1	0	0.543	0.457	0.265	-0.265	0.53	"1_&_2"
"黄金"	1	0	0.543	0.457	0.265	-0.265	0.53	"1_&_2"
"黑斑"	0	2	1.086	0.914	-0.68	0.68	1.36	"1_&_2"
"鼎"	0	1	0.543	0.457	-0.34	0.34	0.68	"1_&_2"
"鼠疫"	0	1	0.543	0.457	-0.34	0.34	0.68	"1_&_2"
