"Coll_Word"	"1"	"2"	"3"	"exp_1"	"exp_2"	"exp_3"	"pbin_1"	"pbin_2"	"pbin_3"	"SumAbsDev"	"LargestDev"
"＊"	3	0	0	0.744	0.293	1.963	1.817	-0.134	-1.384	3.335	"1"
"1底"	1	0	0	0.248	0.098	0.654	0.606	-0.045	-0.461	1.112	"1"
"20世纪"	0	0	1	0.248	0.098	0.654	-0.124	-0.045	0.184	0.353	"3"
"21时"	0	0	1	0.248	0.098	0.654	-0.124	-0.045	0.184	0.353	"3"
"30日电"	1	0	0	0.248	0.098	0.654	0.606	-0.045	-0.461	1.112	"1"
"5.5"	0	0	1	0.248	0.098	0.654	-0.124	-0.045	0.184	0.353	"3"
"5.9"	0	0	1	0.248	0.098	0.654	-0.124	-0.045	0.184	0.353	"3"
"5年"	0	0	1	0.248	0.098	0.654	-0.124	-0.045	0.184	0.353	"3"
"891109"	0	0	1	0.248	0.098	0.654	-0.124	-0.045	0.184	0.353	"3"
"891222"	0	1	0	0.248	0.098	0.654	-0.124	1.01	-0.461	1.595	"2"
"891228"	0	0	1	0.248	0.098	0.654	-0.124	-0.045	0.184	0.353	"3"
"99"	0	0	1	0.248	0.098	0.654	-0.124	-0.045	0.184	0.353	"3"
"CEEA"	0	0	1	0.248	0.098	0.654	-0.124	-0.045	0.184	0.353	"3"
"IOC"	0	0	1	0.248	0.098	0.654	-0.124	-0.045	0.184	0.353	"3"
"NBA"	3	0	3	1.488	0.587	3.925	0.779	-0.268	-0.463	1.51	"1"
"Riley"	0	0	1	0.248	0.098	0.654	-0.124	-0.045	0.184	0.353	"3"
"X"	0	0	1	0.248	0.098	0.654	-0.124	-0.045	0.184	0.353	"3"
"一九八八"	0	0	1	0.248	0.098	0.654	-0.124	-0.045	0.184	0.353	"3"
"一如"	0	0	1	0.248	0.098	0.654	-0.124	-0.045	0.184	0.353	"3"
"一时"	0	0	1	0.248	0.098	0.654	-0.124	-0.045	0.184	0.353	"3"
"一致"	2	0	2	0.992	0.391	2.617	0.588	-0.179	-0.367	1.134	"1"
"一行"	0	0	1	0.248	0.098	0.654	-0.124	-0.045	0.184	0.353	"3"
"上世"	0	0	1	0.248	0.098	0.654	-0.124	-0.045	0.184	0.353	"3"
"上前"	0	0	1	0.248	0.098	0.654	-0.124	-0.045	0.184	0.353	"3"
"上半时"	1	0	0	0.248	0.098	0.654	0.606	-0.045	-0.461	1.112	"1"
"上川彻"	1	0	0	0.248	0.098	0.654	0.606	-0.045	-0.461	1.112	"1"
"上述"	0	0	1	0.248	0.098	0.654	-0.124	-0.045	0.184	0.353	"3"
"下"	2	0	0	0.496	0.196	1.308	1.211	-0.089	-0.922	2.222	"1"
"下半年"	0	0	1	0.248	0.098	0.654	-0.124	-0.045	0.184	0.353	"3"
"下场"	1	0	0	0.248	0.098	0.654	0.606	-0.045	-0.461	1.112	"1"
"下雨"	1	0	0	0.248	0.098	0.654	0.606	-0.045	-0.461	1.112	"1"
"不一"	0	0	3	0.744	0.293	1.963	-0.371	-0.134	0.553	1.058	"3"
"不下"	0	0	1	0.248	0.098	0.654	-0.124	-0.045	0.184	0.353	"3"
"不久前"	0	0	1	0.248	0.098	0.654	-0.124	-0.045	0.184	0.353	"3"
"不予"	1	0	0	0.248	0.098	0.654	0.606	-0.045	-0.461	1.112	"1"
"不会"	0	0	3	0.744	0.293	1.963	-0.371	-0.134	0.553	1.058	"3"
"不公"	3	0	2	1.24	0.489	3.271	0.994	-0.223	-0.641	1.858	"1"
"不同"	1	0	3	0.992	0.391	2.617	0.167	-0.179	0.244	0.59	"3"
"不宜"	0	0	2	0.496	0.196	1.308	-0.248	-0.089	0.369	0.706	"3"
"不应该"	1	0	0	0.248	0.098	0.654	0.606	-0.045	-0.461	1.112	"1"
"不得不"	1	0	0	0.248	0.098	0.654	0.606	-0.045	-0.461	1.112	"1"
"不易"	0	0	1	0.248	0.098	0.654	-0.124	-0.045	0.184	0.353	"3"
"不满"	0	0	2	0.496	0.196	1.308	-0.248	-0.089	0.369	0.706	"3"
"不能"	0	0	4	0.992	0.391	2.617	-0.495	-0.179	0.737	1.411	"3"
"不错"	0	0	3	0.744	0.293	1.963	-0.371	-0.134	0.553	1.058	"3"
"与会"	0	1	0	0.248	0.098	0.654	-0.124	1.01	-0.461	1.595	"2"
"与会者"	0	0	1	0.248	0.098	0.654	-0.124	-0.045	0.184	0.353	"3"
"与否"	1	0	1	0.496	0.196	1.308	0.362	-0.089	-0.243	0.694	"1"
"专"	0	0	1	0.248	0.098	0.654	-0.124	-0.045	0.184	0.353	"3"
"专业"	0	0	4	0.992	0.391	2.617	-0.495	-0.179	0.737	1.411	"3"
"专家"	0	3	7	2.48	0.978	6.542	-1.238	1.177	0.28	2.695	"1"
"世"	0	1	1	0.496	0.196	1.308	-0.248	0.73	-0.243	1.221	"2"
"世卫"	0	1	0	0.248	0.098	0.654	-0.124	1.01	-0.461	1.595	"2"
"世界杯"	1	0	0	0.248	0.098	0.654	0.606	-0.045	-0.461	1.112	"1"
"世锦赛"	1	0	0	0.248	0.098	0.654	0.606	-0.045	-0.461	1.112	"1"
"丘卡"	1	0	0	0.248	0.098	0.654	0.606	-0.045	-0.461	1.112	"1"
"业"	0	0	3	0.744	0.293	1.963	-0.371	-0.134	0.553	1.058	"3"
"业内"	0	0	1	0.248	0.098	0.654	-0.124	-0.045	0.184	0.353	"3"
"业绩"	0	0	1	0.248	0.098	0.654	-0.124	-0.045	0.184	0.353	"3"
"东西"	0	0	1	0.248	0.098	0.654	-0.124	-0.045	0.184	0.353	"3"
"两国"	0	4	12	3.968	1.565	10.467	-1.98	1.194	0.521	3.695	"1"
"严厉"	1	0	0	0.248	0.098	0.654	0.606	-0.045	-0.461	1.112	"1"
"严谨"	0	0	1	0.248	0.098	0.654	-0.124	-0.045	0.184	0.353	"3"
"严重性"	0	0	1	0.248	0.098	0.654	-0.124	-0.045	0.184	0.353	"3"
"个人"	0	0	2	0.496	0.196	1.308	-0.248	-0.089	0.369	0.706	"3"
"中加"	0	1	0	0.248	0.098	0.654	-0.124	1.01	-0.461	1.595	"2"
"中医"	0	0	1	0.248	0.098	0.654	-0.124	-0.045	0.184	0.353	"3"
"中印"	0	0	1	0.248	0.098	0.654	-0.124	-0.045	0.184	0.353	"3"
"中国"	0	8	5	3.224	1.271	8.505	-1.609	5.165	-1.366	8.14	"2"
"中国队"	2	1	0	0.744	0.293	1.963	0.813	0.576	-1.384	2.773	"3"
"中场"	2	0	0	0.496	0.196	1.308	1.211	-0.089	-0.922	2.222	"1"
"中外"	0	1	0	0.248	0.098	0.654	-0.124	1.01	-0.461	1.595	"2"
"中方"	0	1	1	0.496	0.196	1.308	-0.248	0.73	-0.243	1.221	"2"
"中止"	1	0	0	0.248	0.098	0.654	0.606	-0.045	-0.461	1.112	"1"
"中毒"	0	0	1	0.248	0.098	0.654	-0.124	-0.045	0.184	0.353	"3"
"中油"	0	1	0	0.248	0.098	0.654	-0.124	1.01	-0.461	1.595	"2"
"中法"	0	0	3	0.744	0.293	1.963	-0.371	-0.134	0.553	1.058	"3"
"中肯"	0	0	1	0.248	0.098	0.654	-0.124	-0.045	0.184	0.353	"3"
"中西"	0	0	2	0.496	0.196	1.308	-0.248	-0.089	0.369	0.706	"3"
"中非"	0	2	0	0.496	0.196	1.308	-0.248	2.019	-0.922	3.189	"2"
"临场"	1	0	0	0.248	0.098	0.654	0.606	-0.045	-0.461	1.112	"1"
"临床"	0	0	3	0.744	0.293	1.963	-0.371	-0.134	0.553	1.058	"3"
"为什么"	0	0	1	0.248	0.098	0.654	-0.124	-0.045	0.184	0.353	"3"
"主"	9	0	0	2.232	0.88	5.888	5.45	-0.402	-4.151	10.003	"1"
"主因"	0	0	1	0.248	0.098	0.654	-0.124	-0.045	0.184	0.353	"3"
"主席"	0	1	4	1.24	0.489	3.271	-0.619	0.395	0.36	1.374	"1"
"主观"	0	0	1	0.248	0.098	0.654	-0.124	-0.045	0.184	0.353	"3"
"主队"	1	0	0	0.248	0.098	0.654	0.606	-0.045	-0.461	1.112	"1"
"乌克兰"	1	0	0	0.248	0.098	0.654	0.606	-0.045	-0.461	1.112	"1"
"乍"	0	0	1	0.248	0.098	0.654	-0.124	-0.045	0.184	0.353	"3"
"乙"	0	0	1	0.248	0.098	0.654	-0.124	-0.045	0.184	0.353	"3"
"也许"	0	0	1	0.248	0.098	0.654	-0.124	-0.045	0.184	0.353	"3"
"书记"	0	0	1	0.248	0.098	0.654	-0.124	-0.045	0.184	0.353	"3"
"予"	0	2	2	0.992	0.391	2.617	-0.495	1.299	-0.367	2.161	"2"
"予以"	0	3	1	0.992	0.391	2.617	-0.495	2.46	-0.912	3.867	"2"
"争"	0	0	1	0.248	0.098	0.654	-0.124	-0.045	0.184	0.353	"3"
"争执"	1	0	1	0.496	0.196	1.308	0.362	-0.089	-0.243	0.694	"1"
"争抢"	1	0	0	0.248	0.098	0.654	0.606	-0.045	-0.461	1.112	"1"
"争论性"	1	0	0	0.248	0.098	0.654	0.606	-0.045	-0.461	1.112	"1"
"事实"	0	0	4	0.992	0.391	2.617	-0.495	-0.179	0.737	1.411	"3"
"二○○○"	0	0	1	0.248	0.098	0.654	-0.124	-0.045	0.184	0.353	"3"
"二十三日"	0	0	1	0.248	0.098	0.654	-0.124	-0.045	0.184	0.353	"3"
"二级"	0	0	1	0.248	0.098	0.654	-0.124	-0.045	0.184	0.353	"3"
"交付"	0	0	1	0.248	0.098	0.654	-0.124	-0.045	0.184	0.353	"3"
"交换"	0	2	0	0.496	0.196	1.308	-0.248	2.019	-0.922	3.189	"2"
"交给"	0	0	1	0.248	0.098	0.654	-0.124	-0.045	0.184	0.353	"3"
"产生"	0	0	1	0.248	0.098	0.654	-0.124	-0.045	0.184	0.353	"3"
"亮"	1	0	0	0.248	0.098	0.654	0.606	-0.045	-0.461	1.112	"1"
"亮出"	0	0	1	0.248	0.098	0.654	-0.124	-0.045	0.184	0.353	"3"
"人士"	0	1	4	1.24	0.489	3.271	-0.619	0.395	0.36	1.374	"1"
"人物"	0	0	2	0.496	0.196	1.308	-0.248	-0.089	0.369	0.706	"3"
"人类基因组计"	0	1	0	0.248	0.098	0.654	-0.124	1.01	-0.461	1.595	"2"
"人身"	0	0	1	0.248	0.098	0.654	-0.124	-0.045	0.184	0.353	"3"
"仅有"	0	0	2	0.496	0.196	1.308	-0.248	-0.089	0.369	0.706	"3"
"从中"	0	0	1	0.248	0.098	0.654	-0.124	-0.045	0.184	0.353	"3"
"他"	0	12	24	8.927	3.521	23.552	-4.456	3.997	0.289	8.742	"1"
"他国"	1	0	0	0.248	0.098	0.654	0.606	-0.045	-0.461	1.112	"1"
"代表性"	0	0	1	0.248	0.098	0.654	-0.124	-0.045	0.184	0.353	"3"
"以"	0	0	1	0.248	0.098	0.654	-0.124	-0.045	0.184	0.353	"3"
"以便"	0	0	1	0.248	0.098	0.654	-0.124	-0.045	0.184	0.353	"3"
"价值"	0	0	5	1.24	0.489	3.271	-0.619	-0.223	0.921	1.763	"3"
"任意球"	1	0	0	0.248	0.098	0.654	0.606	-0.045	-0.461	1.112	"1"
"份"	0	0	2	0.496	0.196	1.308	-0.248	-0.089	0.369	0.706	"3"
"伊万诺夫"	0	1	0	0.248	0.098	0.654	-0.124	1.01	-0.461	1.595	"2"
"伊恩"	0	0	1	0.248	0.098	0.654	-0.124	-0.045	0.184	0.353	"3"
"会晤"	0	0	1	0.248	0.098	0.654	-0.124	-0.045	0.184	0.353	"3"
"会谈"	0	2	1	0.744	0.293	1.963	-0.371	1.571	-0.559	2.501	"2"
"伟人"	0	0	1	0.248	0.098	0.654	-0.124	-0.045	0.184	0.353	"3"
"传奇"	0	0	1	0.248	0.098	0.654	-0.124	-0.045	0.184	0.353	"3"
"传统"	0	3	0	0.744	0.293	1.963	-0.371	3.029	-1.384	4.784	"2"
"传销"	0	0	1	0.248	0.098	0.654	-0.124	-0.045	0.184	0.353	"3"
"似的"	1	0	0	0.248	0.098	0.654	0.606	-0.045	-0.461	1.112	"1"
"但"	9	0	4	3.224	1.271	8.505	3.032	-0.581	-1.939	5.552	"1"
"但是"	2	0	0	0.496	0.196	1.308	1.211	-0.089	-0.922	2.222	"1"
"位"	1	0	7	1.984	0.782	5.234	-0.429	-0.358	0.756	1.543	"3"
"低于"	0	0	1	0.248	0.098	0.654	-0.124	-0.045	0.184	0.353	"3"
"低谷"	0	0	1	0.248	0.098	0.654	-0.124	-0.045	0.184	0.353	"3"
"体系"	0	0	4	0.992	0.391	2.617	-0.495	-0.179	0.737	1.411	"3"
"体育"	5	0	1	1.488	0.587	3.925	2.35	-0.268	-1.675	4.293	"1"
"体能"	1	0	0	0.248	0.098	0.654	0.606	-0.045	-0.461	1.112	"1"
"何塞"	1	0	0	0.248	0.098	0.654	0.606	-0.045	-0.461	1.112	"1"
"何文赋"	1	0	0	0.248	0.098	0.654	0.606	-0.045	-0.461	1.112	"1"
"余"	0	0	1	0.248	0.098	0.654	-0.124	-0.045	0.184	0.353	"3"
"余克礼"	0	0	1	0.248	0.098	0.654	-0.124	-0.045	0.184	0.353	"3"
"佛"	0	0	1	0.248	0.098	0.654	-0.124	-0.045	0.184	0.353	"3"
"作"	0	3	5	1.984	0.782	5.234	-0.99	1.444	-0.25	2.684	"2"
"作为"	0	0	4	0.992	0.391	2.617	-0.495	-0.179	0.737	1.411	"3"
"作出"	0	1	14	3.72	1.467	9.813	-1.857	-0.251	1.813	3.921	"1"
"作品"	0	0	4	0.992	0.391	2.617	-0.495	-0.179	0.737	1.411	"3"
"作家"	0	0	1	0.248	0.098	0.654	-0.124	-0.045	0.184	0.353	"3"
"作弊"	0	0	1	0.248	0.098	0.654	-0.124	-0.045	0.184	0.353	"3"
"作用"	0	0	1	0.248	0.098	0.654	-0.124	-0.045	0.184	0.353	"3"
"佩服"	0	0	1	0.248	0.098	0.654	-0.124	-0.045	0.184	0.353	"3"
"使得"	0	0	1	0.248	0.098	0.654	-0.124	-0.045	0.184	0.353	"3"
"例如"	0	0	1	0.248	0.098	0.654	-0.124	-0.045	0.184	0.353	"3"
"依"	0	0	1	0.248	0.098	0.654	-0.124	-0.045	0.184	0.353	"3"
"依据"	0	0	3	0.744	0.293	1.963	-0.371	-0.134	0.553	1.058	"3"
"依然"	1	0	0	0.248	0.098	0.654	0.606	-0.045	-0.461	1.112	"1"
"依照"	0	0	1	0.248	0.098	0.654	-0.124	-0.045	0.184	0.353	"3"
"依赖"	0	0	1	0.248	0.098	0.654	-0.124	-0.045	0.184	0.353	"3"
"侨委会"	0	0	1	0.248	0.098	0.654	-0.124	-0.045	0.184	0.353	"3"
"俄"	0	1	1	0.496	0.196	1.308	-0.248	0.73	-0.243	1.221	"2"
"信函"	0	0	1	0.248	0.098	0.654	-0.124	-0.045	0.184	0.353	"3"
"信号"	0	0	3	0.744	0.293	1.963	-0.371	-0.134	0.553	1.058	"3"
"信息技术"	0	0	1	0.248	0.098	0.654	-0.124	-0.045	0.184	0.353	"3"
"信用"	0	0	1	0.248	0.098	0.654	-0.124	-0.045	0.184	0.353	"3"
"俱乐部"	1	0	0	0.248	0.098	0.654	0.606	-0.045	-0.461	1.112	"1"
"倘若"	0	0	1	0.248	0.098	0.654	-0.124	-0.045	0.184	0.353	"3"
"假摔"	0	0	1	0.248	0.098	0.654	-0.124	-0.045	0.184	0.353	"3"
"做"	0	0	8	1.984	0.782	5.234	-0.99	-0.358	1.474	2.822	"3"
"做出"	0	0	10	2.48	0.978	6.542	-1.238	-0.447	1.843	3.528	"3"
"做法"	0	0	1	0.248	0.098	0.654	-0.124	-0.045	0.184	0.353	"3"
"元素"	0	0	1	0.248	0.098	0.654	-0.124	-0.045	0.184	0.353	"3"
"充份"	0	0	1	0.248	0.098	0.654	-0.124	-0.045	0.184	0.353	"3"
"充分"	0	1	0	0.248	0.098	0.654	-0.124	1.01	-0.461	1.595	"2"
"光片"	0	0	1	0.248	0.098	0.654	-0.124	-0.045	0.184	0.353	"3"
"克利斯"	1	0	0	0.248	0.098	0.654	0.606	-0.045	-0.461	1.112	"1"
"克拉姆尼克"	0	0	1	0.248	0.098	0.654	-0.124	-0.045	0.184	0.353	"3"
"克林顿"	0	0	3	0.744	0.293	1.963	-0.371	-0.134	0.553	1.058	"3"
"克里奇科"	2	0	0	0.496	0.196	1.308	1.211	-0.089	-0.922	2.222	"1"
"免除"	0	0	1	0.248	0.098	0.654	-0.124	-0.045	0.184	0.353	"3"
"入学"	0	0	1	0.248	0.098	0.654	-0.124	-0.045	0.184	0.353	"3"
"全民"	0	0	1	0.248	0.098	0.654	-0.124	-0.045	0.184	0.353	"3"
"全面"	0	0	2	0.496	0.196	1.308	-0.248	-0.089	0.369	0.706	"3"
"公佈"	0	0	1	0.248	0.098	0.654	-0.124	-0.045	0.184	0.353	"3"
"公正"	0	0	2	0.496	0.196	1.308	-0.248	-0.089	0.369	0.706	"3"
"公道"	0	0	2	0.496	0.196	1.308	-0.248	-0.089	0.369	0.706	"3"
"六万"	0	0	1	0.248	0.098	0.654	-0.124	-0.045	0.184	0.353	"3"
"六十五"	0	0	1	0.248	0.098	0.654	-0.124	-0.045	0.184	0.353	"3"
"六厂"	0	0	1	0.248	0.098	0.654	-0.124	-0.045	0.184	0.353	"3"
"六四"	0	0	1	0.248	0.098	0.654	-0.124	-0.045	0.184	0.353	"3"
"共产党"	0	2	0	0.496	0.196	1.308	-0.248	2.019	-0.922	3.189	"2"
"关"	0	0	1	0.248	0.098	0.654	-0.124	-0.045	0.184	0.353	"3"
"关于"	0	0	1	0.248	0.098	0.654	-0.124	-0.045	0.184	0.353	"3"
"关系"	0	7	21	6.943	2.739	18.318	-3.466	1.796	0.711	5.973	"1"
"其"	0	0	5	1.24	0.489	3.271	-0.619	-0.223	0.921	1.763	"3"
"其次"	0	0	1	0.248	0.098	0.654	-0.124	-0.045	0.184	0.353	"3"
"具备"	0	0	1	0.248	0.098	0.654	-0.124	-0.045	0.184	0.353	"3"
"具有"	0	0	1	0.248	0.098	0.654	-0.124	-0.045	0.184	0.353	"3"
"典范"	0	1	0	0.248	0.098	0.654	-0.124	1.01	-0.461	1.595	"2"
"兼"	0	0	2	0.496	0.196	1.308	-0.248	-0.089	0.369	0.706	"3"
"内容"	0	0	1	0.248	0.098	0.654	-0.124	-0.045	0.184	0.353	"3"
"内维"	0	0	1	0.248	0.098	0.654	-0.124	-0.045	0.184	0.353	"3"
"军团"	3	0	0	0.744	0.293	1.963	1.817	-0.134	-1.384	3.335	"1"
"农运会"	1	0	0	0.248	0.098	0.654	0.606	-0.045	-0.461	1.112	"1"
"冠军赛"	1	0	0	0.248	0.098	0.654	0.606	-0.045	-0.461	1.112	"1"
"冰期"	0	0	1	0.248	0.098	0.654	-0.124	-0.045	0.184	0.353	"3"
"冰球"	0	0	1	0.248	0.098	0.654	-0.124	-0.045	0.184	0.353	"3"
"冰芯"	0	0	1	0.248	0.098	0.654	-0.124	-0.045	0.184	0.353	"3"
"决定"	0	0	2	0.496	0.196	1.308	-0.248	-0.089	0.369	0.706	"3"
"决策"	0	0	4	0.992	0.391	2.617	-0.495	-0.179	0.737	1.411	"3"
"决胜负"	1	0	0	0.248	0.098	0.654	0.606	-0.045	-0.461	1.112	"1"
"决赛"	0	0	1	0.248	0.098	0.654	-0.124	-0.045	0.184	0.353	"3"
"冷静"	0	0	2	0.496	0.196	1.308	-0.248	-0.089	0.369	0.706	"3"
"准则"	0	0	1	0.248	0.098	0.654	-0.124	-0.045	0.184	0.353	"3"
"准确"	0	0	5	1.24	0.489	3.271	-0.619	-0.223	0.921	1.763	"3"
"减少"	0	0	1	0.248	0.098	0.654	-0.124	-0.045	0.184	0.353	"3"
"减税"	0	0	1	0.248	0.098	0.654	-0.124	-0.045	0.184	0.353	"3"
"凭"	0	0	3	0.744	0.293	1.963	-0.371	-0.134	0.553	1.058	"3"
"凯尔"	2	0	0	0.496	0.196	1.308	1.211	-0.089	-0.922	2.222	"1"
"出"	0	0	2	0.496	0.196	1.308	-0.248	-0.089	0.369	0.706	"3"
"出世"	0	0	1	0.248	0.098	0.654	-0.124	-0.045	0.184	0.353	"3"
"出众"	0	0	1	0.248	0.098	0.654	-0.124	-0.045	0.184	0.353	"3"
"出入"	0	0	1	0.248	0.098	0.654	-0.124	-0.045	0.184	0.353	"3"
"出发"	0	0	1	0.248	0.098	0.654	-0.124	-0.045	0.184	0.353	"3"
"出土"	0	0	1	0.248	0.098	0.654	-0.124	-0.045	0.184	0.353	"3"
"出场"	5	0	0	1.24	0.489	3.271	3.028	-0.223	-2.306	5.557	"1"
"出现女"	2	0	0	0.496	0.196	1.308	1.211	-0.089	-0.922	2.222	"1"
"出界"	1	0	0	0.248	0.098	0.654	0.606	-0.045	-0.461	1.112	"1"
"出示"	8	0	0	1.984	0.782	5.234	4.845	-0.358	-3.69	8.893	"1"
"出访"	0	1	1	0.496	0.196	1.308	-0.248	0.73	-0.243	1.221	"2"
"分别"	0	0	2	0.496	0.196	1.308	-0.248	-0.089	0.369	0.706	"3"
"分数"	0	0	3	0.744	0.293	1.963	-0.371	-0.134	0.553	1.058	"3"
"分析"	0	0	9	2.232	0.88	5.888	-1.114	-0.402	1.659	3.175	"3"
"刑事"	0	0	1	0.248	0.098	0.654	-0.124	-0.045	0.184	0.353	"3"
"划"	0	1	0	0.248	0.098	0.654	-0.124	1.01	-0.461	1.595	"2"
"刚刚"	0	1	0	0.248	0.098	0.654	-0.124	1.01	-0.461	1.595	"2"
"创办人"	0	0	1	0.248	0.098	0.654	-0.124	-0.045	0.184	0.353	"3"
"初步"	0	0	7	1.736	0.685	4.58	-0.866	-0.313	1.29	2.469	"3"
"判"	10	0	0	2.48	0.978	6.542	6.056	-0.447	-4.612	11.115	"1"
"判决"	0	0	3	0.744	0.293	1.963	-0.371	-0.134	0.553	1.058	"3"
"判分"	0	0	1	0.248	0.098	0.654	-0.124	-0.045	0.184	0.353	"3"
"判定"	1	0	0	0.248	0.098	0.654	0.606	-0.045	-0.461	1.112	"1"
"判断"	0	0	7	1.736	0.685	4.58	-0.866	-0.313	1.29	2.469	"3"
"判给"	1	0	0	0.248	0.098	0.654	0.606	-0.045	-0.461	1.112	"1"
"判罚"	8	0	0	1.984	0.782	5.234	4.845	-0.358	-3.69	8.893	"1"
"利普金"	0	0	1	0.248	0.098	0.654	-0.124	-0.045	0.184	0.353	"3"
"利物浦"	2	0	0	0.496	0.196	1.308	1.211	-0.089	-0.922	2.222	"1"
"利马斯"	0	0	1	0.248	0.098	0.654	-0.124	-0.045	0.184	0.353	"3"
"别人"	0	0	1	0.248	0.098	0.654	-0.124	-0.045	0.184	0.353	"3"
"别的"	1	0	0	0.248	0.098	0.654	0.606	-0.045	-0.461	1.112	"1"
"到底"	0	0	1	0.248	0.098	0.654	-0.124	-0.045	0.184	0.353	"3"
"到访"	0	0	2	0.496	0.196	1.308	-0.248	-0.089	0.369	0.706	"3"
"制剂"	0	0	1	0.248	0.098	0.654	-0.124	-0.045	0.184	0.353	"3"
"制度"	0	0	8	1.984	0.782	5.234	-0.99	-0.358	1.474	2.822	"3"
"前后"	0	0	1	0.248	0.098	0.654	-0.124	-0.045	0.184	0.353	"3"
"前景"	0	0	1	0.248	0.098	0.654	-0.124	-0.045	0.184	0.353	"3"
"前锋"	3	0	0	0.744	0.293	1.963	1.817	-0.134	-1.384	3.335	"1"
"剧中人"	0	0	1	0.248	0.098	0.654	-0.124	-0.045	0.184	0.353	"3"
"力"	0	0	1	0.248	0.098	0.654	-0.124	-0.045	0.184	0.353	"3"
"劝"	0	0	1	0.248	0.098	0.654	-0.124	-0.045	0.184	0.353	"3"
"办法"	0	0	1	0.248	0.098	0.654	-0.124	-0.045	0.184	0.353	"3"
"功绩"	0	1	0	0.248	0.098	0.654	-0.124	1.01	-0.461	1.595	"2"
"加以"	0	0	3	0.744	0.293	1.963	-0.371	-0.134	0.553	1.058	"3"
"动作"	2	0	3	1.24	0.489	3.271	0.44	-0.223	-0.249	0.912	"1"
"动机"	0	0	1	0.248	0.098	0.654	-0.124	-0.045	0.184	0.353	"3"
"助理"	3	0	0	0.744	0.293	1.963	1.817	-0.134	-1.384	3.335	"1"
"努力"	0	1	1	0.496	0.196	1.308	-0.248	0.73	-0.243	1.221	"2"
"劳尔"	1	0	0	0.248	0.098	0.654	0.606	-0.045	-0.461	1.112	"1"
"勘查"	0	0	1	0.248	0.098	0.654	-0.124	-0.045	0.184	0.353	"3"
"化石"	0	0	2	0.496	0.196	1.308	-0.248	-0.089	0.369	0.706	"3"
"医"	0	0	1	0.248	0.098	0.654	-0.124	-0.045	0.184	0.353	"3"
"医生"	0	0	5	1.24	0.489	3.271	-0.619	-0.223	0.921	1.763	"3"
"医疗"	0	0	1	0.248	0.098	0.654	-0.124	-0.045	0.184	0.353	"3"
"十分"	0	0	2	0.496	0.196	1.308	-0.248	-0.089	0.369	0.706	"3"
"卅六百万"	0	0	1	0.248	0.098	0.654	-0.124	-0.045	0.184	0.353	"3"
"单打"	1	0	0	0.248	0.098	0.654	0.606	-0.045	-0.461	1.112	"1"
"单纯"	0	0	1	0.248	0.098	0.654	-0.124	-0.045	0.184	0.353	"3"
"南染"	0	0	1	0.248	0.098	0.654	-0.124	-0.045	0.184	0.353	"3"
"南美"	2	0	0	0.496	0.196	1.308	1.211	-0.089	-0.922	2.222	"1"
"南高洛"	0	0	1	0.248	0.098	0.654	-0.124	-0.045	0.184	0.353	"3"
"博伊斯"	0	1	0	0.248	0.098	0.654	-0.124	1.01	-0.461	1.595	"2"
"博得"	0	0	1	0.248	0.098	0.654	-0.124	-0.045	0.184	0.353	"3"
"卡多佐"	1	0	0	0.248	0.098	0.654	0.606	-0.045	-0.461	1.112	"1"
"卫"	0	0	1	0.248	0.098	0.654	-0.124	-0.045	0.184	0.353	"3"
"卫生"	0	0	2	0.496	0.196	1.308	-0.248	-0.089	0.369	0.706	"3"
"即使"	0	0	5	1.24	0.489	3.271	-0.619	-0.223	0.921	1.763	"3"
"却"	7	0	0	1.736	0.685	4.58	4.239	-0.313	-3.228	7.78	"1"
"厄利"	1	0	0	0.248	0.098	0.654	0.606	-0.045	-0.461	1.112	"1"
"历史"	0	1	3	0.992	0.391	2.617	-0.495	0.472	0.244	1.211	"1"
"历届"	0	0	1	0.248	0.098	0.654	-0.124	-0.045	0.184	0.353	"3"
"压力"	0	0	2	0.496	0.196	1.308	-0.248	-0.089	0.369	0.706	"3"
"原则"	0	0	1	0.248	0.098	0.654	-0.124	-0.045	0.184	0.353	"3"
"原则上"	0	0	1	0.248	0.098	0.654	-0.124	-0.045	0.184	0.353	"3"
"原判"	1	0	0	0.248	0.098	0.654	0.606	-0.045	-0.461	1.112	"1"
"去"	0	0	2	0.496	0.196	1.308	-0.248	-0.089	0.369	0.706	"3"
"参赛"	1	0	0	0.248	0.098	0.654	0.606	-0.045	-0.461	1.112	"1"
"参赛者"	0	0	1	0.248	0.098	0.654	-0.124	-0.045	0.184	0.353	"3"
"及时"	0	0	2	0.496	0.196	1.308	-0.248	-0.089	0.369	0.706	"3"
"友好"	0	2	4	1.488	0.587	3.925	-0.743	0.959	0.183	1.885	"2"
"友谊"	0	2	0	0.496	0.196	1.308	-0.248	2.019	-0.922	3.189	"2"
"友邦"	0	0	1	0.248	0.098	0.654	-0.124	-0.045	0.184	0.353	"3"
"双性恋"	0	0	1	0.248	0.098	0.654	-0.124	-0.045	0.184	0.353	"3"
"双方"	0	1	1	0.496	0.196	1.308	-0.248	0.73	-0.243	1.221	"2"
"双边"	0	0	1	0.248	0.098	0.654	-0.124	-0.045	0.184	0.353	"3"
"反应"	0	0	1	0.248	0.098	0.654	-0.124	-0.045	0.184	0.353	"3"
"反而"	1	0	0	0.248	0.098	0.654	0.606	-0.045	-0.461	1.112	"1"
"反馈"	0	0	1	0.248	0.098	0.654	-0.124	-0.045	0.184	0.353	"3"
"发型"	0	0	2	0.496	0.196	1.308	-0.248	-0.089	0.369	0.706	"3"
"发展"	0	1	2	0.744	0.293	1.963	-0.371	0.576	0.14	1.087	"2"
"发展史"	0	0	1	0.248	0.098	0.654	-0.124	-0.045	0.184	0.353	"3"
"发布"	0	0	1	0.248	0.098	0.654	-0.124	-0.045	0.184	0.353	"3"
"发烧"	0	0	2	0.496	0.196	1.308	-0.248	-0.089	0.369	0.706	"3"
"发生"	1	0	0	0.248	0.098	0.654	0.606	-0.045	-0.461	1.112	"1"
"发病"	0	0	2	0.496	0.196	1.308	-0.248	-0.089	0.369	0.706	"3"
"发言权"	1	0	0	0.248	0.098	0.654	0.606	-0.045	-0.461	1.112	"1"
"取代"	0	0	1	0.248	0.098	0.654	-0.124	-0.045	0.184	0.353	"3"
"取向"	0	0	1	0.248	0.098	0.654	-0.124	-0.045	0.184	0.353	"3"
"取得"	0	0	1	0.248	0.098	0.654	-0.124	-0.045	0.184	0.353	"3"
"受"	0	0	1	0.248	0.098	0.654	-0.124	-0.045	0.184	0.353	"3"
"受聘"	0	0	1	0.248	0.098	0.654	-0.124	-0.045	0.184	0.353	"3"
"变化"	0	0	1	0.248	0.098	0.654	-0.124	-0.045	0.184	0.353	"3"
"口服"	0	0	1	0.248	0.098	0.654	-0.124	-0.045	0.184	0.353	"3"
"口水"	1	0	0	0.248	0.098	0.654	0.606	-0.045	-0.461	1.112	"1"
"古乐"	0	0	1	0.248	0.098	0.654	-0.124	-0.045	0.184	0.353	"3"
"句"	0	0	1	0.248	0.098	0.654	-0.124	-0.045	0.184	0.353	"3"
"另外"	0	0	1	0.248	0.098	0.654	-0.124	-0.045	0.184	0.353	"3"
"可以"	0	0	3	0.744	0.293	1.963	-0.371	-0.134	0.553	1.058	"3"
"可是"	3	0	0	0.744	0.293	1.963	1.817	-0.134	-1.384	3.335	"1"
"可能"	0	0	6	1.488	0.587	3.925	-0.743	-0.268	1.106	2.117	"3"
"可行性"	0	0	1	0.248	0.098	0.654	-0.124	-0.045	0.184	0.353	"3"
"台积电"	0	0	1	0.248	0.098	0.654	-0.124	-0.045	0.184	0.353	"3"
"叶苗"	0	0	1	0.248	0.098	0.654	-0.124	-0.045	0.184	0.353	"3"
"号"	0	0	1	0.248	0.098	0.654	-0.124	-0.045	0.184	0.353	"3"
"司法"	0	0	4	0.992	0.391	2.617	-0.495	-0.179	0.737	1.411	"3"
"各界"	0	0	4	0.992	0.391	2.617	-0.495	-0.179	0.737	1.411	"3"
"各界人"	0	1	0	0.248	0.098	0.654	-0.124	1.01	-0.461	1.595	"2"
"合"	0	0	1	0.248	0.098	0.654	-0.124	-0.045	0.184	0.353	"3"
"合作"	0	4	5	2.232	0.88	5.888	-1.114	2.114	-0.42	3.648	"2"
"合格"	0	0	2	0.496	0.196	1.308	-0.248	-0.089	0.369	0.706	"3"
"合理"	0	0	2	0.496	0.196	1.308	-0.248	-0.089	0.369	0.706	"3"
"同一"	1	0	0	0.248	0.098	0.654	0.606	-0.045	-0.461	1.112	"1"
"同行"	0	0	2	0.496	0.196	1.308	-0.248	-0.089	0.369	0.706	"3"
"名"	8	0	5	3.224	1.271	8.505	2.271	-0.581	-1.366	4.218	"1"
"名人"	0	0	1	0.248	0.098	0.654	-0.124	-0.045	0.184	0.353	"3"
"名牌"	0	0	4	0.992	0.391	2.617	-0.495	-0.179	0.737	1.411	"3"
"后主"	1	0	0	0.248	0.098	0.654	0.606	-0.045	-0.461	1.112	"1"
"后人"	0	0	1	0.248	0.098	0.654	-0.124	-0.045	0.184	0.353	"3"
"后卫"	2	0	0	0.496	0.196	1.308	1.211	-0.089	-0.922	2.222	"1"
"吧"	1	0	1	0.496	0.196	1.308	0.362	-0.089	-0.243	0.694	"1"
"听取"	0	0	1	0.248	0.098	0.654	-0.124	-0.045	0.184	0.353	"3"
"吴乃仁"	0	0	1	0.248	0.098	0.654	-0.124	-0.045	0.184	0.353	"3"
"吴仪"	0	0	1	0.248	0.098	0.654	-0.124	-0.045	0.184	0.353	"3"
"吹"	2	0	0	0.496	0.196	1.308	1.211	-0.089	-0.922	2.222	"1"
"吹准"	0	0	1	0.248	0.098	0.654	-0.124	-0.045	0.184	0.353	"3"
"吹哨"	1	0	0	0.248	0.098	0.654	0.606	-0.045	-0.461	1.112	"1"
"吹哨费"	1	0	0	0.248	0.098	0.654	0.606	-0.045	-0.461	1.112	"1"
"员"	0	0	1	0.248	0.098	0.654	-0.124	-0.045	0.184	0.353	"3"
"员警"	0	1	0	0.248	0.098	0.654	-0.124	1.01	-0.461	1.595	"2"
"周宗欣"	0	0	1	0.248	0.098	0.654	-0.124	-0.045	0.184	0.353	"3"
"周年"	0	0	1	0.248	0.098	0.654	-0.124	-0.045	0.184	0.353	"3"
"周继红"	1	0	0	0.248	0.098	0.654	0.606	-0.045	-0.461	1.112	"1"
"呼啸"	0	0	1	0.248	0.098	0.654	-0.124	-0.045	0.184	0.353	"3"
"命盘"	0	0	1	0.248	0.098	0.654	-0.124	-0.045	0.184	0.353	"3"
"和平"	0	1	0	0.248	0.098	0.654	-0.124	1.01	-0.461	1.595	"2"
"和约"	0	0	1	0.248	0.098	0.654	-0.124	-0.045	0.184	0.353	"3"
"哈方"	0	1	0	0.248	0.098	0.654	-0.124	1.01	-0.461	1.595	"2"
"哈萨克"	0	2	0	0.496	0.196	1.308	-0.248	2.019	-0.922	3.189	"2"
"哥斯达黎加"	1	0	0	0.248	0.098	0.654	0.606	-0.045	-0.461	1.112	"1"
"哨响"	1	0	0	0.248	0.098	0.654	0.606	-0.045	-0.461	1.112	"1"
"哨子"	0	0	1	0.248	0.098	0.654	-0.124	-0.045	0.184	0.353	"3"
"唐家璇"	0	2	3	1.24	0.489	3.271	-0.619	1.106	-0.249	1.974	"2"
"唠叨"	1	0	0	0.248	0.098	0.654	0.606	-0.045	-0.461	1.112	"1"
"唤"	0	0	1	0.248	0.098	0.654	-0.124	-0.045	0.184	0.353	"3"
"唯一"	0	0	1	0.248	0.098	0.654	-0.124	-0.045	0.184	0.353	"3"
"啐"	1	0	0	0.248	0.098	0.654	0.606	-0.045	-0.461	1.112	"1"
"喀麦隆"	0	1	0	0.248	0.098	0.654	-0.124	1.01	-0.461	1.595	"2"
"喀麦隆队"	1	0	0	0.248	0.098	0.654	0.606	-0.045	-0.461	1.112	"1"
"器具"	0	0	1	0.248	0.098	0.654	-0.124	-0.045	0.184	0.353	"3"
"回合"	2	0	0	0.496	0.196	1.308	1.211	-0.089	-0.922	2.222	"1"
"回归"	0	0	1	0.248	0.098	0.654	-0.124	-0.045	0.184	0.353	"3"
"回顾"	0	0	1	0.248	0.098	0.654	-0.124	-0.045	0.184	0.353	"3"
"因"	3	0	0	0.744	0.293	1.963	1.817	-0.134	-1.384	3.335	"1"
"因人而异"	0	0	1	0.248	0.098	0.654	-0.124	-0.045	0.184	0.353	"3"
"围棋"	1	0	0	0.248	0.098	0.654	0.606	-0.045	-0.461	1.112	"1"
"国光"	0	0	1	0.248	0.098	0.654	-0.124	-0.045	0.184	0.353	"3"
"国家队"	3	0	0	0.744	0.293	1.963	1.817	-0.134	-1.384	3.335	"1"
"国际排联"	0	0	1	0.248	0.098	0.654	-0.124	-0.045	0.184	0.353	"3"
"国际科"	0	1	0	0.248	0.098	0.654	-0.124	1.01	-0.461	1.595	"2"
"国际级"	0	0	1	0.248	0.098	0.654	-0.124	-0.045	0.184	0.353	"3"
"国际赛"	1	0	0	0.248	0.098	0.654	0.606	-0.045	-0.461	1.112	"1"
"圈"	0	0	1	0.248	0.098	0.654	-0.124	-0.045	0.184	0.353	"3"
"圣"	1	0	0	0.248	0.098	0.654	0.606	-0.045	-0.461	1.112	"1"
"圣保罗"	1	0	0	0.248	0.098	0.654	0.606	-0.045	-0.461	1.112	"1"
"圣彼得堡"	0	0	1	0.248	0.098	0.654	-0.124	-0.045	0.184	0.353	"3"
"在于"	0	1	0	0.248	0.098	0.654	-0.124	1.01	-0.461	1.595	"2"
"在先"	1	0	0	0.248	0.098	0.654	0.606	-0.045	-0.461	1.112	"1"
"在场"	2	0	0	0.496	0.196	1.308	1.211	-0.089	-0.922	2.222	"1"
"在野"	0	0	1	0.248	0.098	0.654	-0.124	-0.045	0.184	0.353	"3"
"地上"	1	0	0	0.248	0.098	0.654	0.606	-0.045	-0.461	1.112	"1"
"地下"	0	0	1	0.248	0.098	0.654	-0.124	-0.045	0.184	0.353	"3"
"地板"	1	0	0	0.248	0.098	0.654	0.606	-0.045	-0.461	1.112	"1"
"场"	18	0	0	4.464	1.76	11.776	10.901	-0.805	-8.302	20.008	"1"
"坎贝尔"	1	0	0	0.248	0.098	0.654	0.606	-0.045	-0.461	1.112	"1"
"坐镇"	0	0	1	0.248	0.098	0.654	-0.124	-0.045	0.184	0.353	"3"
"型号"	0	0	1	0.248	0.098	0.654	-0.124	-0.045	0.184	0.353	"3"
"培训"	0	0	1	0.248	0.098	0.654	-0.124	-0.045	0.184	0.353	"3"
"基于"	0	0	3	0.744	0.293	1.963	-0.371	-0.134	0.553	1.058	"3"
"基准"	0	0	1	0.248	0.098	0.654	-0.124	-0.045	0.184	0.353	"3"
"基本"	0	0	2	0.496	0.196	1.308	-0.248	-0.089	0.369	0.706	"3"
"基础"	0	0	1	0.248	0.098	0.654	-0.124	-0.045	0.184	0.353	"3"
"基辅"	1	0	0	0.248	0.098	0.654	0.606	-0.045	-0.461	1.112	"1"
"基金界"	0	0	1	0.248	0.098	0.654	-0.124	-0.045	0.184	0.353	"3"
"堪称"	1	0	0	0.248	0.098	0.654	0.606	-0.045	-0.461	1.112	"1"
"塔希尔"	0	0	1	0.248	0.098	0.654	-0.124	-0.045	0.184	0.353	"3"
"塞尔蒙德"	0	0	1	0.248	0.098	0.654	-0.124	-0.045	0.184	0.353	"3"
"墓"	0	0	2	0.496	0.196	1.308	-0.248	-0.089	0.369	0.706	"3"
"墓主"	0	0	3	0.744	0.293	1.963	-0.371	-0.134	0.553	1.058	"3"
"墓葬"	0	0	3	0.744	0.293	1.963	-0.371	-0.134	0.553	1.058	"3"
"士"	0	1	0	0.248	0.098	0.654	-0.124	1.01	-0.461	1.595	"2"
"处"	0	0	1	0.248	0.098	0.654	-0.124	-0.045	0.184	0.353	"3"
"处以"	1	0	0	0.248	0.098	0.654	0.606	-0.045	-0.461	1.112	"1"
"外交官"	0	2	0	0.496	0.196	1.308	-0.248	2.019	-0.922	3.189	"2"
"外长"	0	1	1	0.496	0.196	1.308	-0.248	0.73	-0.243	1.221	"2"
"多于"	0	0	2	0.496	0.196	1.308	-0.248	-0.089	0.369	0.706	"3"
"多元"	0	0	1	0.248	0.098	0.654	-0.124	-0.045	0.184	0.353	"3"
"多少"	0	0	2	0.496	0.196	1.308	-0.248	-0.089	0.369	0.706	"3"
"大会"	1	0	1	0.496	0.196	1.308	0.362	-0.089	-0.243	0.694	"1"
"大型"	0	0	1	0.248	0.098	0.654	-0.124	-0.045	0.184	0.353	"3"
"大局"	0	0	1	0.248	0.098	0.654	-0.124	-0.045	0.184	0.353	"3"
"大幅"	0	0	1	0.248	0.098	0.654	-0.124	-0.045	0.184	0.353	"3"
"大腿"	1	0	0	0.248	0.098	0.654	0.606	-0.045	-0.461	1.112	"1"
"大赛"	0	0	2	0.496	0.196	1.308	-0.248	-0.089	0.369	0.706	"3"
"天安门"	0	0	2	0.496	0.196	1.308	-0.248	-0.089	0.369	0.706	"3"
"天然林"	0	0	1	0.248	0.098	0.654	-0.124	-0.045	0.184	0.353	"3"
"太"	0	0	2	0.496	0.196	1.308	-0.248	-0.089	0.369	0.706	"3"
"失"	0	0	1	0.248	0.098	0.654	-0.124	-0.045	0.184	0.353	"3"
"失准"	0	0	2	0.496	0.196	1.308	-0.248	-0.089	0.369	0.706	"3"
"失去"	0	0	2	0.496	0.196	1.308	-0.248	-0.089	0.369	0.706	"3"
"头"	1	0	0	0.248	0.098	0.654	0.606	-0.045	-0.461	1.112	"1"
"头发"	0	0	1	0.248	0.098	0.654	-0.124	-0.045	0.184	0.353	"3"
"奇石"	0	0	2	0.496	0.196	1.308	-0.248	-0.089	0.369	0.706	"3"
"奖励"	0	0	1	0.248	0.098	0.654	-0.124	-0.045	0.184	0.353	"3"
"奖章"	0	0	1	0.248	0.098	0.654	-0.124	-0.045	0.184	0.353	"3"
"奥委会"	0	0	2	0.496	0.196	1.308	-0.248	-0.089	0.369	0.706	"3"
"女"	1	0	1	0.496	0.196	1.308	0.362	-0.089	-0.243	0.694	"1"
"女性"	0	0	1	0.248	0.098	0.654	-0.124	-0.045	0.184	0.353	"3"
"女童"	0	0	1	0.248	0.098	0.654	-0.124	-0.045	0.184	0.353	"3"
"好在"	1	0	0	0.248	0.098	0.654	0.606	-0.045	-0.461	1.112	"1"
"好坏"	0	1	1	0.496	0.196	1.308	-0.248	0.73	-0.243	1.221	"2"
"好手"	1	0	0	0.248	0.098	0.654	0.606	-0.045	-0.461	1.112	"1"
"好球"	1	0	0	0.248	0.098	0.654	0.606	-0.045	-0.461	1.112	"1"
"如何"	0	0	3	0.744	0.293	1.963	-0.371	-0.134	0.553	1.058	"3"
"委任"	0	0	1	0.248	0.098	0.654	-0.124	-0.045	0.184	0.353	"3"
"婚纱界"	0	0	1	0.248	0.098	0.654	-0.124	-0.045	0.184	0.353	"3"
"媒体"	0	3	1	0.992	0.391	2.617	-0.495	2.46	-0.912	3.867	"2"
"嫌疑人"	0	0	3	0.744	0.293	1.963	-0.371	-0.134	0.553	1.058	"3"
"存在"	0	0	1	0.248	0.098	0.654	-0.124	-0.045	0.184	0.353	"3"
"学习"	0	1	0	0.248	0.098	0.654	-0.124	1.01	-0.461	1.595	"2"
"学界"	0	1	0	0.248	0.098	0.654	-0.124	1.01	-0.461	1.595	"2"
"它们"	0	0	1	0.248	0.098	0.654	-0.124	-0.045	0.184	0.353	"3"
"守门员"	1	0	0	0.248	0.098	0.654	0.606	-0.045	-0.461	1.112	"1"
"安南"	0	0	1	0.248	0.098	0.654	-0.124	-0.045	0.184	0.353	"3"
"完全"	0	0	3	0.744	0.293	1.963	-0.371	-0.134	0.553	1.058	"3"
"完善"	0	0	1	0.248	0.098	0.654	-0.124	-0.045	0.184	0.353	"3"
"完整"	0	0	1	0.248	0.098	0.654	-0.124	-0.045	0.184	0.353	"3"
"宏亮"	0	0	1	0.248	0.098	0.654	-0.124	-0.045	0.184	0.353	"3"
"官位"	0	0	1	0.248	0.098	0.654	-0.124	-0.045	0.184	0.353	"3"
"官员"	1	1	2	0.992	0.391	2.617	0.167	0.472	-0.367	1.006	"2"
"定义"	0	0	2	0.496	0.196	1.308	-0.248	-0.089	0.369	0.706	"3"
"定位"	0	0	1	0.248	0.098	0.654	-0.124	-0.045	0.184	0.353	"3"
"实践"	0	0	1	0.248	0.098	0.654	-0.124	-0.045	0.184	0.353	"3"
"实验室"	0	0	1	0.248	0.098	0.654	-0.124	-0.045	0.184	0.353	"3"
"审慎"	0	0	1	0.248	0.098	0.654	-0.124	-0.045	0.184	0.353	"3"
"审查"	0	0	1	0.248	0.098	0.654	-0.124	-0.045	0.184	0.353	"3"
"审美"	0	0	1	0.248	0.098	0.654	-0.124	-0.045	0.184	0.353	"3"
"客观"	0	0	3	0.744	0.293	1.963	-0.371	-0.134	0.553	1.058	"3"
"家属"	0	0	1	0.248	0.098	0.654	-0.124	-0.045	0.184	0.353	"3"
"容易"	0	0	2	0.496	0.196	1.308	-0.248	-0.089	0.369	0.706	"3"
"密件"	0	0	2	0.496	0.196	1.308	-0.248	-0.089	0.369	0.706	"3"
"对"	0	7	51	14.383	5.673	37.945	-7.179	0.471	4.028	11.678	"1"
"对上"	0	0	2	0.496	0.196	1.308	-0.248	-0.089	0.369	0.706	"3"
"对待"	1	0	0	0.248	0.098	0.654	0.606	-0.045	-0.461	1.112	"1"
"对手"	5	0	0	1.24	0.489	3.271	3.028	-0.223	-2.306	5.557	"1"
"对方"	1	0	1	0.496	0.196	1.308	0.362	-0.089	-0.243	0.694	"1"
"对照"	0	0	1	0.248	0.098	0.654	-0.124	-0.045	0.184	0.353	"3"
"导致"	1	0	1	0.496	0.196	1.308	0.362	-0.089	-0.243	0.694	"1"
"封波"	0	0	2	0.496	0.196	1.308	-0.248	-0.089	0.369	0.706	"3"
"射洪县"	0	0	1	0.248	0.098	0.654	-0.124	-0.045	0.184	0.353	"3"
"尉健行"	0	0	1	0.248	0.098	0.654	-0.124	-0.045	0.184	0.353	"3"
"尊敬"	0	1	0	0.248	0.098	0.654	-0.124	1.01	-0.461	1.595	"2"
"尊重"	4	0	3	1.736	0.685	4.58	1.163	-0.313	-0.715	2.191	"1"
"小三通"	0	0	1	0.248	0.098	0.654	-0.124	-0.045	0.184	0.353	"3"
"小家伙"	0	0	1	0.248	0.098	0.654	-0.124	-0.045	0.184	0.353	"3"
"尔"	0	0	1	0.248	0.098	0.654	-0.124	-0.045	0.184	0.353	"3"
"尖尖角"	0	0	1	0.248	0.098	0.654	-0.124	-0.045	0.184	0.353	"3"
"尤诺斯"	1	0	0	0.248	0.098	0.654	0.606	-0.045	-0.461	1.112	"1"
"就此"	0	0	1	0.248	0.098	0.654	-0.124	-0.045	0.184	0.353	"3"
"就诊人"	0	0	1	0.248	0.098	0.654	-0.124	-0.045	0.184	0.353	"3"
"尺度"	2	0	0	0.496	0.196	1.308	1.211	-0.089	-0.922	2.222	"1"
"尼日"	0	1	0	0.248	0.098	0.654	-0.124	1.01	-0.461	1.595	"2"
"局势"	0	0	1	0.248	0.098	0.654	-0.124	-0.045	0.184	0.353	"3"
"居多"	0	0	1	0.248	0.098	0.654	-0.124	-0.045	0.184	0.353	"3"
"居然"	1	0	0	0.248	0.098	0.654	0.606	-0.045	-0.461	1.112	"1"
"展"	0	1	3	0.992	0.391	2.617	-0.495	0.472	0.244	1.211	"1"
"属实"	0	0	1	0.248	0.098	0.654	-0.124	-0.045	0.184	0.353	"3"
"履行"	0	0	1	0.248	0.098	0.654	-0.124	-0.045	0.184	0.353	"3"
"州报"	1	0	0	0.248	0.098	0.654	0.606	-0.045	-0.461	1.112	"1"
"工作"	0	1	11	2.976	1.174	7.851	-1.485	-0.174	1.345	3.004	"1"
"工地"	0	0	1	0.248	0.098	0.654	-0.124	-0.045	0.184	0.353	"3"
"左边"	0	0	1	0.248	0.098	0.654	-0.124	-0.045	0.184	0.353	"3"
"巩晓"	0	0	2	0.496	0.196	1.308	-0.248	-0.089	0.369	0.706	"3"
"巴蒂斯塔"	1	0	0	0.248	0.098	0.654	0.606	-0.045	-0.461	1.112	"1"
"巴西队"	1	0	0	0.248	0.098	0.654	0.606	-0.045	-0.461	1.112	"1"
"市民"	0	0	1	0.248	0.098	0.654	-0.124	-0.045	0.184	0.353	"3"
"布丰"	0	0	1	0.248	0.098	0.654	-0.124	-0.045	0.184	0.353	"3"
"布莱克本"	1	0	0	0.248	0.098	0.654	0.606	-0.045	-0.461	1.112	"1"
"布莱尔"	0	0	2	0.496	0.196	1.308	-0.248	-0.089	0.369	0.706	"3"
"布莱恩"	1	0	0	0.248	0.098	0.654	0.606	-0.045	-0.461	1.112	"1"
"希拉克"	0	2	0	0.496	0.196	1.308	-0.248	2.019	-0.922	3.189	"2"
"帕"	1	0	0	0.248	0.098	0.654	0.606	-0.045	-0.461	1.112	"1"
"帕尔曼"	1	0	0	0.248	0.098	0.654	0.606	-0.045	-0.461	1.112	"1"
"干旱"	0	0	1	0.248	0.098	0.654	-0.124	-0.045	0.184	0.353	"3"
"平均"	0	0	1	0.248	0.098	0.654	-0.124	-0.045	0.184	0.353	"3"
"平常心"	0	0	1	0.248	0.098	0.654	-0.124	-0.045	0.184	0.353	"3"
"年代"	0	0	1	0.248	0.098	0.654	-0.124	-0.045	0.184	0.353	"3"
"并"	0	4	6	2.48	0.978	6.542	-1.238	1.927	-0.324	3.489	"2"
"并未"	1	0	0	0.248	0.098	0.654	0.606	-0.045	-0.461	1.112	"1"
"幼狮队"	2	0	0	0.496	0.196	1.308	1.211	-0.089	-0.922	2.222	"1"
"广"	0	0	1	0.248	0.098	0.654	-0.124	-0.045	0.184	0.353	"3"
"广受"	0	0	1	0.248	0.098	0.654	-0.124	-0.045	0.184	0.353	"3"
"庆红"	0	0	1	0.248	0.098	0.654	-0.124	-0.045	0.184	0.353	"3"
"应"	0	0	7	1.736	0.685	4.58	-0.866	-0.313	1.29	2.469	"3"
"应当"	0	0	1	0.248	0.098	0.654	-0.124	-0.045	0.184	0.353	"3"
"应用"	0	0	2	0.496	0.196	1.308	-0.248	-0.089	0.369	0.706	"3"
"应该"	0	0	3	0.744	0.293	1.963	-0.371	-0.134	0.553	1.058	"3"
"底"	0	0	1	0.248	0.098	0.654	-0.124	-0.045	0.184	0.353	"3"
"底层"	0	0	1	0.248	0.098	0.654	-0.124	-0.045	0.184	0.353	"3"
"建交"	0	0	1	0.248	0.098	0.654	-0.124	-0.045	0.184	0.353	"3"
"建立"	0	0	2	0.496	0.196	1.308	-0.248	-0.089	0.369	0.706	"3"
"建设成"	0	1	0	0.248	0.098	0.654	-0.124	1.01	-0.461	1.595	"2"
"开展"	0	0	2	0.496	0.196	1.308	-0.248	-0.089	0.369	0.706	"3"
"开放"	0	1	1	0.496	0.196	1.308	-0.248	0.73	-0.243	1.221	"2"
"引来"	0	0	1	0.248	0.098	0.654	-0.124	-0.045	0.184	0.353	"3"
"张"	6	0	0	1.488	0.587	3.925	3.634	-0.268	-2.767	6.669	"1"
"张振涛"	0	0	1	0.248	0.098	0.654	-0.124	-0.045	0.184	0.353	"3"
"强制"	0	0	1	0.248	0.098	0.654	-0.124	-0.045	0.184	0.353	"3"
"强烈"	0	0	1	0.248	0.098	0.654	-0.124	-0.045	0.184	0.353	"3"
"强调"	0	0	1	0.248	0.098	0.654	-0.124	-0.045	0.184	0.353	"3"
"归纳"	0	0	1	0.248	0.098	0.654	-0.124	-0.045	0.184	0.353	"3"
"当为"	0	0	1	0.248	0.098	0.654	-0.124	-0.045	0.184	0.353	"3"
"当代"	0	0	1	0.248	0.098	0.654	-0.124	-0.045	0.184	0.353	"3"
"当前"	0	0	2	0.496	0.196	1.308	-0.248	-0.089	0.369	0.706	"3"
"当时"	0	0	1	0.248	0.098	0.654	-0.124	-0.045	0.184	0.353	"3"
"当然"	0	0	2	0.496	0.196	1.308	-0.248	-0.089	0.369	0.706	"3"
"当选"	0	0	1	0.248	0.098	0.654	-0.124	-0.045	0.184	0.353	"3"
"形制"	0	0	2	0.496	0.196	1.308	-0.248	-0.089	0.369	0.706	"3"
"形势"	0	0	4	0.992	0.391	2.617	-0.495	-0.179	0.737	1.411	"3"
"彬"	0	0	2	0.496	0.196	1.308	-0.248	-0.089	0.369	0.706	"3"
"影响"	0	0	4	0.992	0.391	2.617	-0.495	-0.179	0.737	1.411	"3"
"役男"	0	0	1	0.248	0.098	0.654	-0.124	-0.045	0.184	0.353	"3"
"征服"	0	0	1	0.248	0.098	0.654	-0.124	-0.045	0.184	0.353	"3"
"很"	0	0	9	2.232	0.88	5.888	-1.114	-0.402	1.659	3.175	"3"
"很少"	0	0	1	0.248	0.098	0.654	-0.124	-0.045	0.184	0.353	"3"
"律师团"	0	0	1	0.248	0.098	0.654	-0.124	-0.045	0.184	0.353	"3"
"徐凯"	0	0	1	0.248	0.098	0.654	-0.124	-0.045	0.184	0.353	"3"
"徐竞"	1	0	0	0.248	0.098	0.654	0.606	-0.045	-0.461	1.112	"1"
"得"	0	0	2	0.496	0.196	1.308	-0.248	-0.089	0.369	0.706	"3"
"得分"	2	0	0	0.496	0.196	1.308	1.211	-0.089	-0.922	2.222	"1"
"得到"	0	3	1	0.992	0.391	2.617	-0.495	2.46	-0.912	3.867	"2"
"微涨"	0	1	0	0.248	0.098	0.654	-0.124	1.01	-0.461	1.595	"2"
"德吹"	1	0	0	0.248	0.098	0.654	0.606	-0.045	-0.461	1.112	"1"
"心灰意冷"	0	0	2	0.496	0.196	1.308	-0.248	-0.089	0.369	0.706	"3"
"必须"	2	0	2	0.992	0.391	2.617	0.588	-0.179	-0.367	1.134	"1"
"忙碌"	1	0	0	0.248	0.098	0.654	0.606	-0.045	-0.461	1.112	"1"
"快点"	1	0	0	0.248	0.098	0.654	0.606	-0.045	-0.461	1.112	"1"
"思"	0	0	1	0.248	0.098	0.654	-0.124	-0.045	0.184	0.353	"3"
"思维"	0	0	1	0.248	0.098	0.654	-0.124	-0.045	0.184	0.353	"3"
"思考"	0	0	1	0.248	0.098	0.654	-0.124	-0.045	0.184	0.353	"3"
"性"	0	0	1	0.248	0.098	0.654	-0.124	-0.045	0.184	0.353	"3"
"性格"	0	0	1	0.248	0.098	0.654	-0.124	-0.045	0.184	0.353	"3"
"怨不得"	1	0	0	0.248	0.098	0.654	0.606	-0.045	-0.461	1.112	"1"
"总分"	0	0	1	0.248	0.098	0.654	-0.124	-0.045	0.184	0.353	"3"
"恐龙"	0	0	2	0.496	0.196	1.308	-0.248	-0.089	0.369	0.706	"3"
"悉尼"	0	0	1	0.248	0.098	0.654	-0.124	-0.045	0.184	0.353	"3"
"患者"	0	0	2	0.496	0.196	1.308	-0.248	-0.089	0.369	0.706	"3"
"情况"	0	0	3	0.744	0.293	1.963	-0.371	-0.134	0.553	1.058	"3"
"情势"	0	0	1	0.248	0.098	0.654	-0.124	-0.045	0.184	0.353	"3"
"惟一"	0	0	1	0.248	0.098	0.654	-0.124	-0.045	0.184	0.353	"3"
"惩罚"	1	0	0	0.248	0.098	0.654	0.606	-0.045	-0.461	1.112	"1"
"想当然"	0	0	1	0.248	0.098	0.654	-0.124	-0.045	0.184	0.353	"3"
"意犹未尽"	0	0	1	0.248	0.098	0.654	-0.124	-0.045	0.184	0.353	"3"
"感化"	0	0	1	0.248	0.098	0.654	-0.124	-0.045	0.184	0.353	"3"
"感官"	0	0	1	0.248	0.098	0.654	-0.124	-0.045	0.184	0.353	"3"
"感染"	0	0	2	0.496	0.196	1.308	-0.248	-0.089	0.369	0.706	"3"
"感知"	0	0	1	0.248	0.098	0.654	-0.124	-0.045	0.184	0.353	"3"
"感谢"	0	1	1	0.496	0.196	1.308	-0.248	0.73	-0.243	1.221	"2"
"愤"	0	0	1	0.248	0.098	0.654	-0.124	-0.045	0.184	0.353	"3"
"愿望"	0	1	0	0.248	0.098	0.654	-0.124	1.01	-0.461	1.595	"2"
"慎重"	0	0	1	0.248	0.098	0.654	-0.124	-0.045	0.184	0.353	"3"
"慢"	1	0	0	0.248	0.098	0.654	0.606	-0.045	-0.461	1.112	"1"
"戈尔"	0	0	1	0.248	0.098	0.654	-0.124	-0.045	0.184	0.353	"3"
"戏剧家"	0	0	1	0.248	0.098	0.654	-0.124	-0.045	0.184	0.353	"3"
"成功"	0	0	1	0.248	0.098	0.654	-0.124	-0.045	0.184	0.353	"3"
"成就"	0	0	2	0.496	0.196	1.308	-0.248	-0.089	0.369	0.706	"3"
"成果"	0	1	3	0.992	0.391	2.617	-0.495	0.472	0.244	1.211	"1"
"成败"	0	0	1	0.248	0.098	0.654	-0.124	-0.045	0.184	0.353	"3"
"战略性"	0	0	1	0.248	0.098	0.654	-0.124	-0.045	0.184	0.353	"3"
"所长"	0	0	1	0.248	0.098	0.654	-0.124	-0.045	0.184	0.353	"3"
"才智"	0	0	1	0.248	0.098	0.654	-0.124	-0.045	0.184	0.353	"3"
"才能"	0	0	3	0.744	0.293	1.963	-0.371	-0.134	0.553	1.058	"3"
"扑"	0	0	1	0.248	0.098	0.654	-0.124	-0.045	0.184	0.353	"3"
"扑倒"	1	0	0	0.248	0.098	0.654	0.606	-0.045	-0.461	1.112	"1"
"打从"	0	1	0	0.248	0.098	0.654	-0.124	1.01	-0.461	1.595	"2"
"打倒"	1	0	0	0.248	0.098	0.654	0.606	-0.045	-0.461	1.112	"1"
"打分"	0	0	1	0.248	0.098	0.654	-0.124	-0.045	0.184	0.353	"3"
"打动"	0	0	1	0.248	0.098	0.654	-0.124	-0.045	0.184	0.353	"3"
"打成"	1	0	0	0.248	0.098	0.654	0.606	-0.045	-0.461	1.112	"1"
"打法"	1	0	0	0.248	0.098	0.654	0.606	-0.045	-0.461	1.112	"1"
"托蒂"	1	0	0	0.248	0.098	0.654	0.606	-0.045	-0.461	1.112	"1"
"扣球"	1	0	0	0.248	0.098	0.654	0.606	-0.045	-0.461	1.112	"1"
"执"	1	0	0	0.248	0.098	0.654	0.606	-0.045	-0.461	1.112	"1"
"执法"	3	0	0	0.744	0.293	1.963	1.817	-0.134	-1.384	3.335	"1"
"执行"	0	0	6	1.488	0.587	3.925	-0.743	-0.268	1.106	2.117	"3"
"执行执行"	0	0	1	0.248	0.098	0.654	-0.124	-0.045	0.184	0.353	"3"
"扩大到"	0	0	1	0.248	0.098	0.654	-0.124	-0.045	0.184	0.353	"3"
"找出"	0	0	1	0.248	0.098	0.654	-0.124	-0.045	0.184	0.353	"3"
"承"	0	0	1	0.248	0.098	0.654	-0.124	-0.045	0.184	0.353	"3"
"承办"	0	0	1	0.248	0.098	0.654	-0.124	-0.045	0.184	0.353	"3"
"技术"	1	0	6	1.736	0.685	4.58	-0.347	-0.313	0.618	1.278	"3"
"把握"	0	0	1	0.248	0.098	0.654	-0.124	-0.045	0.184	0.353	"3"
"投产"	0	0	1	0.248	0.098	0.654	-0.124	-0.045	0.184	0.353	"3"
"投标"	0	0	2	0.496	0.196	1.308	-0.248	-0.089	0.369	0.706	"3"
"投票"	0	0	1	0.248	0.098	0.654	-0.124	-0.045	0.184	0.353	"3"
"投诉"	0	0	2	0.496	0.196	1.308	-0.248	-0.089	0.369	0.706	"3"
"投资人"	0	0	2	0.496	0.196	1.308	-0.248	-0.089	0.369	0.706	"3"
"抗"	0	1	0	0.248	0.098	0.654	-0.124	1.01	-0.461	1.595	"2"
"抗议"	1	0	1	0.496	0.196	1.308	0.362	-0.089	-0.243	0.694	"1"
"抛掷"	1	0	0	0.248	0.098	0.654	0.606	-0.045	-0.461	1.112	"1"
"抢险"	0	0	1	0.248	0.098	0.654	-0.124	-0.045	0.184	0.353	"3"
"报复"	0	0	1	0.248	0.098	0.654	-0.124	-0.045	0.184	0.353	"3"
"报纸"	1	0	0	0.248	0.098	0.654	0.606	-0.045	-0.461	1.112	"1"
"报请"	0	0	1	0.248	0.098	0.654	-0.124	-0.045	0.184	0.353	"3"
"担任"	5	0	0	1.24	0.489	3.271	3.028	-0.223	-2.306	5.557	"1"
"拉"	1	0	0	0.248	0.098	0.654	0.606	-0.045	-0.461	1.112	"1"
"拉脱维亚"	0	0	2	0.496	0.196	1.308	-0.248	-0.089	0.369	0.706	"3"
"拚搏"	1	0	0	0.248	0.098	0.654	0.606	-0.045	-0.461	1.112	"1"
"招聘"	0	0	1	0.248	0.098	0.654	-0.124	-0.045	0.184	0.353	"3"
"拜尔"	1	0	0	0.248	0.098	0.654	0.606	-0.045	-0.461	1.112	"1"
"拳"	1	0	0	0.248	0.098	0.654	0.606	-0.045	-0.461	1.112	"1"
"拿到"	1	0	0	0.248	0.098	0.654	0.606	-0.045	-0.461	1.112	"1"
"持续发"	0	0	3	0.744	0.293	1.963	-0.371	-0.134	0.553	1.058	"3"
"挂职"	0	0	1	0.248	0.098	0.654	-0.124	-0.045	0.184	0.353	"3"
"指数"	0	0	1	0.248	0.098	0.654	-0.124	-0.045	0.184	0.353	"3"
"指标"	0	0	6	1.488	0.587	3.925	-0.743	-0.268	1.106	2.117	"3"
"指派"	1	0	0	0.248	0.098	0.654	0.606	-0.045	-0.461	1.112	"1"
"指纹"	0	0	2	0.496	0.196	1.308	-0.248	-0.089	0.369	0.706	"3"
"损害"	1	0	0	0.248	0.098	0.654	0.606	-0.045	-0.461	1.112	"1"
"换"	1	0	0	0.248	0.098	0.654	0.606	-0.045	-0.461	1.112	"1"
"换外"	0	0	1	0.248	0.098	0.654	-0.124	-0.045	0.184	0.353	"3"
"授予"	1	0	0	0.248	0.098	0.654	0.606	-0.045	-0.461	1.112	"1"
"掌握"	0	0	1	0.248	0.098	0.654	-0.124	-0.045	0.184	0.353	"3"
"接受"	0	0	1	0.248	0.098	0.654	-0.124	-0.045	0.184	0.353	"3"
"接着"	0	0	1	0.248	0.098	0.654	-0.124	-0.045	0.184	0.353	"3"
"推倒"	2	0	0	0.496	0.196	1.308	1.211	-0.089	-0.922	2.222	"1"
"推搡"	1	0	0	0.248	0.098	0.654	0.606	-0.045	-0.461	1.112	"1"
"提到"	0	0	1	0.248	0.098	0.654	-0.124	-0.045	0.184	0.353	"3"
"提及"	0	0	1	0.248	0.098	0.654	-0.124	-0.045	0.184	0.353	"3"
"摇头"	1	0	0	0.248	0.098	0.654	0.606	-0.045	-0.461	1.112	"1"
"撞倒"	1	0	0	0.248	0.098	0.654	0.606	-0.045	-0.461	1.112	"1"
"撞击"	1	0	0	0.248	0.098	0.654	0.606	-0.045	-0.461	1.112	"1"
"撞线"	1	0	0	0.248	0.098	0.654	0.606	-0.045	-0.461	1.112	"1"
"擅自"	0	0	1	0.248	0.098	0.654	-0.124	-0.045	0.184	0.353	"3"
"操作股"	0	0	1	0.248	0.098	0.654	-0.124	-0.045	0.184	0.353	"3"
"操刀"	1	0	0	0.248	0.098	0.654	0.606	-0.045	-0.461	1.112	"1"
"支援"	0	0	1	0.248	0.098	0.654	-0.124	-0.045	0.184	0.353	"3"
"支撑"	0	0	1	0.248	0.098	0.654	-0.124	-0.045	0.184	0.353	"3"
"收藏家"	0	0	1	0.248	0.098	0.654	-0.124	-0.045	0.184	0.353	"3"
"收集"	0	0	1	0.248	0.098	0.654	-0.124	-0.045	0.184	0.353	"3"
"改革"	0	1	1	0.496	0.196	1.308	-0.248	0.73	-0.243	1.221	"2"
"攻击"	1	0	0	0.248	0.098	0.654	0.606	-0.045	-0.461	1.112	"1"
"政治"	0	0	5	1.24	0.489	3.271	-0.619	-0.223	0.921	1.763	"3"
"效率"	1	0	0	0.248	0.098	0.654	0.606	-0.045	-0.461	1.112	"1"
"敏捷"	0	0	1	0.248	0.098	0.654	-0.124	-0.045	0.184	0.353	"3"
"教授"	0	1	1	0.496	0.196	1.308	-0.248	0.73	-0.243	1.221	"2"
"教练"	1	0	2	0.744	0.293	1.963	0.241	-0.134	0.14	0.515	"1"
"教练员"	1	0	0	0.248	0.098	0.654	0.606	-0.045	-0.461	1.112	"1"
"数据"	0	0	3	0.744	0.293	1.963	-0.371	-0.134	0.553	1.058	"3"
"整体"	0	0	1	0.248	0.098	0.654	-0.124	-0.045	0.184	0.353	"3"
"整理"	0	0	1	0.248	0.098	0.654	-0.124	-0.045	0.184	0.353	"3"
"文件"	0	0	2	0.496	0.196	1.308	-0.248	-0.089	0.369	0.706	"3"
"文学"	0	0	1	0.248	0.098	0.654	-0.124	-0.045	0.184	0.353	"3"
"文章"	0	1	0	0.248	0.098	0.654	-0.124	1.01	-0.461	1.595	"2"
"斯坦"	0	1	0	0.248	0.098	0.654	-0.124	1.01	-0.461	1.595	"2"
"斯特劳"	0	1	0	0.248	0.098	0.654	-0.124	1.01	-0.461	1.595	"2"
"斯维兰诺维奇"	0	0	1	0.248	0.098	0.654	-0.124	-0.045	0.184	0.353	"3"
"新加坡队"	1	0	0	0.248	0.098	0.654	0.606	-0.045	-0.461	1.112	"1"
"新建"	0	0	1	0.248	0.098	0.654	-0.124	-0.045	0.184	0.353	"3"
"新政府"	0	0	1	0.248	0.098	0.654	-0.124	-0.045	0.184	0.353	"3"
"新麒"	0	0	1	0.248	0.098	0.654	-0.124	-0.045	0.184	0.353	"3"
"方"	0	0	3	0.744	0.293	1.963	-0.371	-0.134	0.553	1.058	"3"
"施工"	0	0	1	0.248	0.098	0.654	-0.124	-0.045	0.184	0.353	"3"
"无动"	1	0	0	0.248	0.098	0.654	0.606	-0.045	-0.461	1.112	"1"
"无意"	0	0	1	0.248	0.098	0.654	-0.124	-0.045	0.184	0.353	"3"
"无条件"	1	0	0	0.248	0.098	0.654	0.606	-0.045	-0.461	1.112	"1"
"无法"	0	0	2	0.496	0.196	1.308	-0.248	-0.089	0.369	0.706	"3"
"无疑"	1	0	0	0.248	0.098	0.654	0.606	-0.045	-0.461	1.112	"1"
"无言"	0	0	1	0.248	0.098	0.654	-0.124	-0.045	0.184	0.353	"3"
"无需"	0	0	1	0.248	0.098	0.654	-0.124	-0.045	0.184	0.353	"3"
"既是"	0	0	1	0.248	0.098	0.654	-0.124	-0.045	0.184	0.353	"3"
"既然"	0	0	1	0.248	0.098	0.654	-0.124	-0.045	0.184	0.353	"3"
"日益"	0	0	1	0.248	0.098	0.654	-0.124	-0.045	0.184	0.353	"3"
"日经指数"	0	1	0	0.248	0.098	0.654	-0.124	1.01	-0.461	1.595	"2"
"早期"	0	0	1	0.248	0.098	0.654	-0.124	-0.045	0.184	0.353	"3"
"时尚"	0	0	1	0.248	0.098	0.654	-0.124	-0.045	0.184	0.353	"3"
"时至今日"	0	0	1	0.248	0.098	0.654	-0.124	-0.045	0.184	0.353	"3"
"昌"	0	0	1	0.248	0.098	0.654	-0.124	-0.045	0.184	0.353	"3"
"昔日"	0	0	1	0.248	0.098	0.654	-0.124	-0.045	0.184	0.353	"3"
"是否"	0	0	15	3.72	1.467	9.813	-1.857	-0.67	2.764	5.291	"3"
"是非"	0	0	1	0.248	0.098	0.654	-0.124	-0.045	0.184	0.353	"3"
"普京"	0	0	1	0.248	0.098	0.654	-0.124	-0.045	0.184	0.353	"3"
"景气"	0	0	7	1.736	0.685	4.58	-0.866	-0.313	1.29	2.469	"3"
"景气灯"	0	0	1	0.248	0.098	0.654	-0.124	-0.045	0.184	0.353	"3"
"晶圆"	0	0	1	0.248	0.098	0.654	-0.124	-0.045	0.184	0.353	"3"
"曼联"	1	0	0	0.248	0.098	0.654	0.606	-0.045	-0.461	1.112	"1"
"最佳"	4	0	1	1.24	0.489	3.271	1.819	-0.223	-1.286	3.328	"1"
"最初"	0	0	1	0.248	0.098	0.654	-0.124	-0.045	0.184	0.353	"3"
"最后"	3	0	2	1.24	0.489	3.271	0.994	-0.223	-0.641	1.858	"1"
"最终"	1	0	0	0.248	0.098	0.654	0.606	-0.045	-0.461	1.112	"1"
"有关"	0	0	5	1.24	0.489	3.271	-0.619	-0.223	0.921	1.763	"3"
"有害"	0	0	1	0.248	0.098	0.654	-0.124	-0.045	0.184	0.353	"3"
"有的"	0	0	1	0.248	0.098	0.654	-0.124	-0.045	0.184	0.353	"3"
"服从"	1	0	0	0.248	0.098	0.654	0.606	-0.045	-0.461	1.112	"1"
"朗"	1	0	0	0.248	0.098	0.654	0.606	-0.045	-0.461	1.112	"1"
"朝朝"	0	1	0	0.248	0.098	0.654	-0.124	1.01	-0.461	1.595	"2"
"未必"	0	0	2	0.496	0.196	1.308	-0.248	-0.089	0.369	0.706	"3"
"末"	0	0	1	0.248	0.098	0.654	-0.124	-0.045	0.184	0.353	"3"
"本"	1	0	0	0.248	0.098	0.654	0.606	-0.045	-0.461	1.112	"1"
"本文"	0	0	1	0.248	0.098	0.654	-0.124	-0.045	0.184	0.353	"3"
"本次"	0	0	5	1.24	0.489	3.271	-0.619	-0.223	0.921	1.763	"3"
"本纳特"	1	0	0	0.248	0.098	0.654	0.606	-0.045	-0.461	1.112	"1"
"朱卡南"	1	0	0	0.248	0.098	0.654	0.606	-0.045	-0.461	1.112	"1"
"朴宽用"	0	1	0	0.248	0.098	0.654	-0.124	1.01	-0.461	1.595	"2"
"机关报"	0	0	1	0.248	0.098	0.654	-0.124	-0.045	0.184	0.353	"3"
"机制"	0	0	1	0.248	0.098	0.654	-0.124	-0.045	0.184	0.353	"3"
"机师"	0	0	1	0.248	0.098	0.654	-0.124	-0.045	0.184	0.353	"3"
"权变性"	0	0	1	0.248	0.098	0.654	-0.124	-0.045	0.184	0.353	"3"
"李显龙"	0	0	2	0.496	0.196	1.308	-0.248	-0.089	0.369	0.706	"3"
"李玉红"	1	0	0	0.248	0.098	0.654	0.606	-0.045	-0.461	1.112	"1"
"李肇星"	0	1	2	0.744	0.293	1.963	-0.371	0.576	0.14	1.087	"2"
"来"	0	0	4	0.992	0.391	2.617	-0.495	-0.179	0.737	1.411	"3"
"来自"	0	0	1	0.248	0.098	0.654	-0.124	-0.045	0.184	0.353	"3"
"杨家声"	0	0	1	0.248	0.098	0.654	-0.124	-0.045	0.184	0.353	"3"
"杰拉德"	1	0	0	0.248	0.098	0.654	0.606	-0.045	-0.461	1.112	"1"
"极"	0	0	3	0.744	0.293	1.963	-0.371	-0.134	0.553	1.058	"3"
"极刑"	1	0	0	0.248	0.098	0.654	0.606	-0.045	-0.461	1.112	"1"
"构想"	0	0	1	0.248	0.098	0.654	-0.124	-0.045	0.184	0.353	"3"
"林海峰"	1	0	0	0.248	0.098	0.654	0.606	-0.045	-0.461	1.112	"1"
"果"	1	0	1	0.496	0.196	1.308	0.362	-0.089	-0.243	0.694	"1"
"某些"	0	0	1	0.248	0.098	0.654	-0.124	-0.045	0.184	0.353	"3"
"柳州"	0	0	1	0.248	0.098	0.654	-0.124	-0.045	0.184	0.353	"3"
"标准"	0	0	10	2.48	0.978	6.542	-1.238	-0.447	1.843	3.528	"3"
"标志"	0	0	1	0.248	0.098	0.654	-0.124	-0.045	0.184	0.353	"3"
"核酸"	0	0	2	0.496	0.196	1.308	-0.248	-0.089	0.369	0.706	"3"
"根据"	0	0	8	1.984	0.782	5.234	-0.99	-0.358	1.474	2.822	"3"
"格莱舍"	0	0	1	0.248	0.098	0.654	-0.124	-0.045	0.184	0.353	"3"
"桑巴舞"	0	0	1	0.248	0.098	0.654	-0.124	-0.045	0.184	0.353	"3"
"桑德罗"	1	0	0	0.248	0.098	0.654	0.606	-0.045	-0.461	1.112	"1"
"桶"	0	0	1	0.248	0.098	0.654	-0.124	-0.045	0.184	0.353	"3"
"梅花奖"	0	0	1	0.248	0.098	0.654	-0.124	-0.045	0.184	0.353	"3"
"检验"	0	0	2	0.496	0.196	1.308	-0.248	-0.089	0.369	0.706	"3"
"检验人员"	0	0	1	0.248	0.098	0.654	-0.124	-0.045	0.184	0.353	"3"
"棋"	0	0	1	0.248	0.098	0.654	-0.124	-0.045	0.184	0.353	"3"
"楚国"	0	0	1	0.248	0.098	0.654	-0.124	-0.045	0.184	0.353	"3"
"欠"	0	0	1	0.248	0.098	0.654	-0.124	-0.045	0.184	0.353	"3"
"欧文"	0	0	2	0.496	0.196	1.308	-0.248	-0.089	0.369	0.706	"3"
"欺"	0	0	1	0.248	0.098	0.654	-0.124	-0.045	0.184	0.353	"3"
"正当"	0	1	0	0.248	0.098	0.654	-0.124	1.01	-0.461	1.595	"2"
"正确"	0	0	13	3.224	1.271	8.505	-1.609	-0.581	2.396	4.586	"3"
"正面"	0	0	5	1.24	0.489	3.271	-0.619	-0.223	0.921	1.763	"3"
"此"	0	3	15	4.464	1.76	11.776	-2.228	0.593	1.077	3.898	"1"
"武术"	0	0	1	0.248	0.098	0.654	-0.124	-0.045	0.184	0.353	"3"
"死因"	0	0	1	0.248	0.098	0.654	-0.124	-0.045	0.184	0.353	"3"
"残疾人"	0	0	1	0.248	0.098	0.654	-0.124	-0.045	0.184	0.353	"3"
"殴打"	1	0	0	0.248	0.098	0.654	0.606	-0.045	-0.461	1.112	"1"
"比武"	0	0	1	0.248	0.098	0.654	-0.124	-0.045	0.184	0.353	"3"
"比赛"	28	0	0	6.943	2.739	18.318	16.956	-1.252	-12.913	31.121	"1"
"毛纺"	0	1	0	0.248	0.098	0.654	-0.124	1.01	-0.461	1.595	"2"
"毫不"	2	0	0	0.496	0.196	1.308	1.211	-0.089	-0.922	2.222	"1"
"毫毛"	1	0	0	0.248	0.098	0.654	0.606	-0.045	-0.461	1.112	"1"
"民"	0	1	0	0.248	0.098	0.654	-0.124	1.01	-0.461	1.595	"2"
"民事"	0	0	1	0.248	0.098	0.654	-0.124	-0.045	0.184	0.353	"3"
"水平"	1	0	0	0.248	0.098	0.654	0.606	-0.045	-0.461	1.112	"1"
"汇"	0	0	1	0.248	0.098	0.654	-0.124	-0.045	0.184	0.353	"3"
"江"	0	0	1	0.248	0.098	0.654	-0.124	-0.045	0.184	0.353	"3"
"江泽民"	0	1	0	0.248	0.098	0.654	-0.124	1.01	-0.461	1.595	"2"
"污言"	1	0	0	0.248	0.098	0.654	0.606	-0.045	-0.461	1.112	"1"
"没有"	2	0	1	0.744	0.293	1.963	0.813	-0.134	-0.559	1.506	"1"
"治史"	0	0	1	0.248	0.098	0.654	-0.124	-0.045	0.184	0.353	"3"
"治疗"	0	0	1	0.248	0.098	0.654	-0.124	-0.045	0.184	0.353	"3"
"法"	0	0	1	0.248	0.098	0.654	-0.124	-0.045	0.184	0.353	"3"
"法人"	0	0	2	0.496	0.196	1.308	-0.248	-0.089	0.369	0.706	"3"
"法官"	0	0	2	0.496	0.196	1.308	-0.248	-0.089	0.369	0.706	"3"
"泡"	1	0	0	0.248	0.098	0.654	0.606	-0.045	-0.461	1.112	"1"
"波利尼"	1	0	0	0.248	0.098	0.654	0.606	-0.045	-0.461	1.112	"1"
"注册"	1	0	0	0.248	0.098	0.654	0.606	-0.045	-0.461	1.112	"1"
"泰森"	1	0	0	0.248	0.098	0.654	0.606	-0.045	-0.461	1.112	"1"
"流行"	0	0	1	0.248	0.098	0.654	-0.124	-0.045	0.184	0.353	"3"
"测试"	1	0	0	0.248	0.098	0.654	0.606	-0.045	-0.461	1.112	"1"
"济科"	0	0	1	0.248	0.098	0.654	-0.124	-0.045	0.184	0.353	"3"
"浙江队"	1	0	0	0.248	0.098	0.654	0.606	-0.045	-0.461	1.112	"1"
"淡滨尼"	1	0	0	0.248	0.098	0.654	0.606	-0.045	-0.461	1.112	"1"
"深信"	0	0	1	0.248	0.098	0.654	-0.124	-0.045	0.184	0.353	"3"
"混乱"	1	0	0	0.248	0.098	0.654	0.606	-0.045	-0.461	1.112	"1"
"混得"	0	0	1	0.248	0.098	0.654	-0.124	-0.045	0.184	0.353	"3"
"清单"	0	0	1	0.248	0.098	0.654	-0.124	-0.045	0.184	0.353	"3"
"温家宝"	0	0	1	0.248	0.098	0.654	-0.124	-0.045	0.184	0.353	"3"
"港澳台"	0	0	1	0.248	0.098	0.654	-0.124	-0.045	0.184	0.353	"3"
"湖人"	1	0	0	0.248	0.098	0.654	0.606	-0.045	-0.461	1.112	"1"
"满分"	0	0	1	0.248	0.098	0.654	-0.124	-0.045	0.184	0.353	"3"
"满天飞"	2	0	0	0.496	0.196	1.308	1.211	-0.089	-0.922	2.222	"1"
"满意"	1	0	0	0.248	0.098	0.654	0.606	-0.045	-0.461	1.112	"1"
"演出来"	0	0	1	0.248	0.098	0.654	-0.124	-0.045	0.184	0.353	"3"
"演艺"	0	0	1	0.248	0.098	0.654	-0.124	-0.045	0.184	0.353	"3"
"澳大利亚籍"	1	0	0	0.248	0.098	0.654	0.606	-0.045	-0.461	1.112	"1"
"澳洲"	1	0	1	0.496	0.196	1.308	0.362	-0.089	-0.243	0.694	"1"
"澳门"	0	0	1	0.248	0.098	0.654	-0.124	-0.045	0.184	0.353	"3"
"灯"	0	0	2	0.496	0.196	1.308	-0.248	-0.089	0.369	0.706	"3"
"炮弹"	0	0	1	0.248	0.098	0.654	-0.124	-0.045	0.184	0.353	"3"
"点数"	2	0	0	0.496	0.196	1.308	1.211	-0.089	-0.922	2.222	"1"
"点球"	1	0	0	0.248	0.098	0.654	0.606	-0.045	-0.461	1.112	"1"
"爆炸物"	0	0	1	0.248	0.098	0.654	-0.124	-0.045	0.184	0.353	"3"
"牙齿"	0	0	1	0.248	0.098	0.654	-0.124	-0.045	0.184	0.353	"3"
"物证"	0	0	1	0.248	0.098	0.654	-0.124	-0.045	0.184	0.353	"3"
"牲品"	0	0	1	0.248	0.098	0.654	-0.124	-0.045	0.184	0.353	"3"
"特区"	0	0	1	0.248	0.098	0.654	-0.124	-0.045	0.184	0.353	"3"
"特征"	0	0	1	0.248	0.098	0.654	-0.124	-0.045	0.184	0.353	"3"
"特民克"	1	0	0	0.248	0.098	0.654	0.606	-0.045	-0.461	1.112	"1"
"牺"	0	0	1	0.248	0.098	0.654	-0.124	-0.045	0.184	0.353	"3"
"犯案"	0	0	2	0.496	0.196	1.308	-0.248	-0.089	0.369	0.706	"3"
"犯罪"	1	0	1	0.496	0.196	1.308	0.362	-0.089	-0.243	0.694	"1"
"犯规"	11	0	0	2.728	1.076	7.196	6.661	-0.492	-5.073	12.226	"1"
"状况"	0	0	2	0.496	0.196	1.308	-0.248	-0.089	0.369	0.706	"3"
"犹豫"	2	0	0	0.496	0.196	1.308	1.211	-0.089	-0.922	2.222	"1"
"独立"	0	0	1	0.248	0.098	0.654	-0.124	-0.045	0.184	0.353	"3"
"猴痘"	0	0	1	0.248	0.098	0.654	-0.124	-0.045	0.184	0.353	"3"
"率"	0	0	1	0.248	0.098	0.654	-0.124	-0.045	0.184	0.353	"3"
"王"	0	0	2	0.496	0.196	1.308	-0.248	-0.089	0.369	0.706	"3"
"王亮"	0	0	1	0.248	0.098	0.654	-0.124	-0.045	0.184	0.353	"3"
"王光权"	0	0	1	0.248	0.098	0.654	-0.124	-0.045	0.184	0.353	"3"
"王在希"	0	0	1	0.248	0.098	0.654	-0.124	-0.045	0.184	0.353	"3"
"王文生"	0	0	1	0.248	0.098	0.654	-0.124	-0.045	0.184	0.353	"3"
"王筱蝉"	0	0	1	0.248	0.098	0.654	-0.124	-0.045	0.184	0.353	"3"
"环境"	0	1	5	1.488	0.587	3.925	-0.743	0.337	0.485	1.565	"1"
"现代"	0	0	1	0.248	0.098	0.654	-0.124	-0.045	0.184	0.353	"3"
"现场"	0	0	1	0.248	0.098	0.654	-0.124	-0.045	0.184	0.353	"3"
"球"	5	0	1	1.488	0.587	3.925	2.35	-0.268	-1.675	4.293	"1"
"球员"	8	0	0	1.984	0.782	5.234	4.845	-0.358	-3.69	8.893	"1"
"球场"	0	0	2	0.496	0.196	1.308	-0.248	-0.089	0.369	0.706	"3"
"球评家"	0	0	1	0.248	0.098	0.654	-0.124	-0.045	0.184	0.353	"3"
"球赛"	2	0	0	0.496	0.196	1.308	1.211	-0.089	-0.922	2.222	"1"
"球迷"	2	0	0	0.496	0.196	1.308	1.211	-0.089	-0.922	2.222	"1"
"理"	0	0	1	0.248	0.098	0.654	-0.124	-0.045	0.184	0.353	"3"
"理会"	1	0	0	0.248	0.098	0.654	0.606	-0.045	-0.461	1.112	"1"
"理工"	0	0	1	0.248	0.098	0.654	-0.124	-0.045	0.184	0.353	"3"
"理性"	0	0	3	0.744	0.293	1.963	-0.371	-0.134	0.553	1.058	"3"
"理智性"	0	0	1	0.248	0.098	0.654	-0.124	-0.045	0.184	0.353	"3"
"甄别"	0	0	1	0.248	0.098	0.654	-0.124	-0.045	0.184	0.353	"3"
"甚"	0	0	1	0.248	0.098	0.654	-0.124	-0.045	0.184	0.353	"3"
"生下乡"	0	0	1	0.248	0.098	0.654	-0.124	-0.045	0.184	0.353	"3"
"生人"	0	0	1	0.248	0.098	0.654	-0.124	-0.045	0.184	0.353	"3"
"用语"	0	0	2	0.496	0.196	1.308	-0.248	-0.089	0.369	0.706	"3"
"田径"	0	1	0	0.248	0.098	0.654	-0.124	1.01	-0.461	1.595	"2"
"甲"	1	0	0	0.248	0.098	0.654	0.606	-0.045	-0.461	1.112	"1"
"甲级"	1	0	0	0.248	0.098	0.654	0.606	-0.045	-0.461	1.112	"1"
"申诉"	0	0	1	0.248	0.098	0.654	-0.124	-0.045	0.184	0.353	"3"
"电视剧"	0	0	1	0.248	0.098	0.654	-0.124	-0.045	0.184	0.353	"3"
"男女"	0	0	2	0.496	0.196	1.308	-0.248	-0.089	0.369	0.706	"3"
"疏失"	0	0	2	0.496	0.196	1.308	-0.248	-0.089	0.369	0.706	"3"
"疑似"	0	0	1	0.248	0.098	0.654	-0.124	-0.045	0.184	0.353	"3"
"疗效"	0	0	1	0.248	0.098	0.654	-0.124	-0.045	0.184	0.353	"3"
"病"	0	0	1	0.248	0.098	0.654	-0.124	-0.045	0.184	0.353	"3"
"病人"	0	0	2	0.496	0.196	1.308	-0.248	-0.089	0.369	0.706	"3"
"病患"	0	0	2	0.496	0.196	1.308	-0.248	-0.089	0.369	0.706	"3"
"症状"	0	0	4	0.992	0.391	2.617	-0.495	-0.179	0.737	1.411	"3"
"痕迹"	0	0	1	0.248	0.098	0.654	-0.124	-0.045	0.184	0.353	"3"
"痛失"	0	0	1	0.248	0.098	0.654	-0.124	-0.045	0.184	0.353	"3"
"痛宰"	0	0	1	0.248	0.098	0.654	-0.124	-0.045	0.184	0.353	"3"
"百分之一"	0	0	1	0.248	0.098	0.654	-0.124	-0.045	0.184	0.353	"3"
"百分之二十九"	0	0	1	0.248	0.098	0.654	-0.124	-0.045	0.184	0.353	"3"
"监测"	0	0	3	0.744	0.293	1.963	-0.371	-0.134	0.553	1.058	"3"
"监理"	0	0	1	0.248	0.098	0.654	-0.124	-0.045	0.184	0.353	"3"
"监管"	0	0	1	0.248	0.098	0.654	-0.124	-0.045	0.184	0.353	"3"
"盘"	3	0	0	0.744	0.293	1.963	1.817	-0.134	-1.384	3.335	"1"
"目录"	0	1	0	0.248	0.098	0.654	-0.124	1.01	-0.461	1.595	"2"
"直到"	0	0	1	0.248	0.098	0.654	-0.124	-0.045	0.184	0.353	"3"
"直接"	2	0	0	0.496	0.196	1.308	1.211	-0.089	-0.922	2.222	"1"
"直泰"	1	0	0	0.248	0.098	0.654	0.606	-0.045	-0.461	1.112	"1"
"直觉"	0	0	1	0.248	0.098	0.654	-0.124	-0.045	0.184	0.353	"3"
"相信"	0	0	2	0.496	0.196	1.308	-0.248	-0.089	0.369	0.706	"3"
"相应"	0	0	1	0.248	0.098	0.654	-0.124	-0.045	0.184	0.353	"3"
"相当"	0	0	1	0.248	0.098	0.654	-0.124	-0.045	0.184	0.353	"3"
"眼熟"	0	0	1	0.248	0.098	0.654	-0.124	-0.045	0.184	0.353	"3"
"眼睛"	1	0	0	0.248	0.098	0.654	0.606	-0.045	-0.461	1.112	"1"
"眼镜"	1	0	0	0.248	0.098	0.654	0.606	-0.045	-0.461	1.112	"1"
"睁"	1	0	0	0.248	0.098	0.654	0.606	-0.045	-0.461	1.112	"1"
"知识"	0	0	2	0.496	0.196	1.308	-0.248	-0.089	0.369	0.706	"3"
"短期"	0	0	1	0.248	0.098	0.654	-0.124	-0.045	0.184	0.353	"3"
"石"	0	0	1	0.248	0.098	0.654	-0.124	-0.045	0.184	0.353	"3"
"矿山"	0	0	2	0.496	0.196	1.308	-0.248	-0.089	0.369	0.706	"3"
"码"	1	0	0	0.248	0.098	0.654	0.606	-0.045	-0.461	1.112	"1"
"研制成功"	0	0	1	0.248	0.098	0.654	-0.124	-0.045	0.184	0.353	"3"
"研拟"	0	0	1	0.248	0.098	0.654	-0.124	-0.045	0.184	0.353	"3"
"研究"	0	0	3	0.744	0.293	1.963	-0.371	-0.134	0.553	1.058	"3"
"研讨"	0	0	1	0.248	0.098	0.654	-0.124	-0.045	0.184	0.353	"3"
"确"	0	0	1	0.248	0.098	0.654	-0.124	-0.045	0.184	0.353	"3"
"确定"	0	0	1	0.248	0.098	0.654	-0.124	-0.045	0.184	0.353	"3"
"确认日"	0	0	1	0.248	0.098	0.654	-0.124	-0.045	0.184	0.353	"3"
"示意"	1	0	0	0.248	0.098	0.654	0.606	-0.045	-0.461	1.112	"1"
"社论"	0	0	1	0.248	0.098	0.654	-0.124	-0.045	0.184	0.353	"3"
"禁区"	6	0	1	1.736	0.685	4.58	2.892	-0.313	-2.075	5.28	"1"
"禁赛"	1	0	0	0.248	0.098	0.654	0.606	-0.045	-0.461	1.112	"1"
"福建队"	0	0	1	0.248	0.098	0.654	-0.124	-0.045	0.184	0.353	"3"
"福田"	0	0	1	0.248	0.098	0.654	-0.124	-0.045	0.184	0.353	"3"
"离场"	1	0	0	0.248	0.098	0.654	0.606	-0.045	-0.461	1.112	"1"
"科学"	0	0	3	0.744	0.293	1.963	-0.371	-0.134	0.553	1.058	"3"
"积极"	0	1	15	3.968	1.565	10.467	-1.98	-0.278	1.973	4.231	"1"
"秽语"	1	0	0	0.248	0.098	0.654	0.606	-0.045	-0.461	1.112	"1"
"程度"	0	0	1	0.248	0.098	0.654	-0.124	-0.045	0.184	0.353	"3"
"窒息"	0	0	1	0.248	0.098	0.654	-0.124	-0.045	0.184	0.353	"3"
"立刻"	1	0	0	0.248	0.098	0.654	0.606	-0.045	-0.461	1.112	"1"
"立即"	1	0	0	0.248	0.098	0.654	0.606	-0.045	-0.461	1.112	"1"
"立陶宛"	0	1	0	0.248	0.098	0.654	-0.124	1.01	-0.461	1.595	"2"
"立陶宛人"	0	1	0	0.248	0.098	0.654	-0.124	1.01	-0.461	1.595	"2"
"站立"	0	0	1	0.248	0.098	0.654	-0.124	-0.045	0.184	0.353	"3"
"竞走"	0	0	2	0.496	0.196	1.308	-0.248	-0.089	0.369	0.706	"3"
"竟然"	1	0	0	0.248	0.098	0.654	0.606	-0.045	-0.461	1.112	"1"
"第87"	1	0	0	0.248	0.098	0.654	0.606	-0.045	-0.461	1.112	"1"
"等待"	1	0	0	0.248	0.098	0.654	0.606	-0.045	-0.461	1.112	"1"
"签下"	0	0	1	0.248	0.098	0.654	-0.124	-0.045	0.184	0.353	"3"
"管道"	0	0	2	0.496	0.196	1.308	-0.248	-0.089	0.369	0.706	"3"
"籍"	1	0	0	0.248	0.098	0.654	0.606	-0.045	-0.461	1.112	"1"
"米兰"	1	0	0	0.248	0.098	0.654	0.606	-0.045	-0.461	1.112	"1"
"精英赛"	0	2	0	0.496	0.196	1.308	-0.248	2.019	-0.922	3.189	"2"
"素质教育"	0	0	1	0.248	0.098	0.654	-0.124	-0.045	0.184	0.353	"3"
"索纳塔"	0	0	1	0.248	0.098	0.654	-0.124	-0.045	0.184	0.353	"3"
"红卡"	5	0	0	1.24	0.489	3.271	3.028	-0.223	-2.306	5.557	"1"
"红卡罚"	1	0	0	0.248	0.098	0.654	0.606	-0.045	-0.461	1.112	"1"
"红牌"	2	0	0	0.496	0.196	1.308	1.211	-0.089	-0.922	2.222	"1"
"纪"	0	0	2	0.496	0.196	1.308	-0.248	-0.089	0.369	0.706	"3"
"纪律"	1	0	0	0.248	0.098	0.654	0.606	-0.045	-0.461	1.112	"1"
"纽卡斯尔"	2	0	0	0.496	0.196	1.308	1.211	-0.089	-0.922	2.222	"1"
"组委会"	1	0	0	0.248	0.098	0.654	0.606	-0.045	-0.461	1.112	"1"
"组织"	0	1	4	1.24	0.489	3.271	-0.619	0.395	0.36	1.374	"1"
"终"	0	0	1	0.248	0.098	0.654	-0.124	-0.045	0.184	0.353	"3"
"终场"	1	0	0	0.248	0.098	0.654	0.606	-0.045	-0.461	1.112	"1"
"终止"	1	0	0	0.248	0.098	0.654	0.606	-0.045	-0.461	1.112	"1"
"绊倒"	2	0	0	0.496	0.196	1.308	1.211	-0.089	-0.922	2.222	"1"
"经常"	2	0	0	0.496	0.196	1.308	1.211	-0.089	-0.922	2.222	"1"
"经得起"	0	0	1	0.248	0.098	0.654	-0.124	-0.045	0.184	0.353	"3"
"经由"	0	0	1	0.248	0.098	0.654	-0.124	-0.045	0.184	0.353	"3"
"经贸"	0	1	0	0.248	0.098	0.654	-0.124	1.01	-0.461	1.595	"2"
"经验"	0	0	1	0.248	0.098	0.654	-0.124	-0.045	0.184	0.353	"3"
"结束"	1	0	0	0.248	0.098	0.654	0.606	-0.045	-0.461	1.112	"1"
"结果"	3	0	4	1.736	0.685	4.58	0.621	-0.313	-0.339	1.273	"1"
"给"	3	0	3	1.488	0.587	3.925	0.779	-0.268	-0.463	1.51	"1"
"给予"	1	2	23	6.447	2.543	17.01	-2.237	-0.279	2.102	4.618	"1"
"续"	0	0	1	0.248	0.098	0.654	-0.124	-0.045	0.184	0.353	"3"
"绵阳"	1	0	0	0.248	0.098	0.654	0.606	-0.045	-0.461	1.112	"1"
"综合"	0	1	8	2.232	0.88	5.888	-1.114	0.219	0.898	2.231	"1"
"综合性"	0	0	1	0.248	0.098	0.654	-0.124	-0.045	0.184	0.353	"3"
"绿灯"	0	0	3	0.744	0.293	1.963	-0.371	-0.134	0.553	1.058	"3"
"网球赛"	0	0	1	0.248	0.098	0.654	-0.124	-0.045	0.184	0.353	"3"
"网际"	0	0	1	0.248	0.098	0.654	-0.124	-0.045	0.184	0.353	"3"
"罗马队"	0	0	1	0.248	0.098	0.654	-0.124	-0.045	0.184	0.353	"3"
"罚"	3	0	0	0.744	0.293	1.963	1.817	-0.134	-1.384	3.335	"1"
"罚球"	4	0	0	0.992	0.391	2.617	2.422	-0.179	-1.845	4.446	"1"
"罪"	0	0	1	0.248	0.098	0.654	-0.124	-0.045	0.184	0.353	"3"
"罹患"	0	0	1	0.248	0.098	0.654	-0.124	-0.045	0.184	0.353	"3"
"美"	0	0	1	0.248	0.098	0.654	-0.124	-0.045	0.184	0.353	"3"
"美国队"	3	0	0	0.744	0.293	1.963	1.817	-0.134	-1.384	3.335	"1"
"美感"	0	0	1	0.248	0.098	0.654	-0.124	-0.045	0.184	0.353	"3"
"美股"	0	0	1	0.248	0.098	0.654	-0.124	-0.045	0.184	0.353	"3"
"考核"	0	0	2	0.496	0.196	1.308	-0.248	-0.089	0.369	0.706	"3"
"者"	1	0	3	0.992	0.391	2.617	0.167	-0.179	0.244	0.59	"3"
"耳朵"	0	0	1	0.248	0.098	0.654	-0.124	-0.045	0.184	0.353	"3"
"职责"	0	0	1	0.248	0.098	0.654	-0.124	-0.045	0.184	0.353	"3"
"联赛"	2	0	1	0.744	0.293	1.963	0.813	-0.134	-0.559	1.506	"1"
"联队"	1	0	0	0.248	0.098	0.654	0.606	-0.045	-0.461	1.112	"1"
"聘任"	0	0	1	0.248	0.098	0.654	-0.124	-0.045	0.184	0.353	"3"
"聚光"	1	0	0	0.248	0.098	0.654	0.606	-0.045	-0.461	1.112	"1"
"肯定"	0	1	5	1.488	0.587	3.925	-0.743	0.337	0.485	1.565	"1"
"胜出"	1	0	0	0.248	0.098	0.654	0.606	-0.045	-0.461	1.112	"1"
"胜过"	0	0	1	0.248	0.098	0.654	-0.124	-0.045	0.184	0.353	"3"
"胡锦涛"	0	2	2	0.992	0.391	2.617	-0.495	1.299	-0.367	2.161	"2"
"能力"	0	0	7	1.736	0.685	4.58	-0.866	-0.313	1.29	2.469	"3"
"能够"	0	0	3	0.744	0.293	1.963	-0.371	-0.134	0.553	1.058	"3"
"脚"	3	0	0	0.744	0.293	1.963	1.817	-0.134	-1.384	3.335	"1"
"脱颖而出"	0	0	1	0.248	0.098	0.654	-0.124	-0.045	0.184	0.353	"3"
"膀胱癌"	0	0	1	0.248	0.098	0.654	-0.124	-0.045	0.184	0.353	"3"
"自"	0	0	1	0.248	0.098	0.654	-0.124	-0.045	0.184	0.353	"3"
"自己"	0	0	13	3.224	1.271	8.505	-1.609	-0.581	2.396	4.586	"3"
"自我"	0	0	4	0.992	0.391	2.617	-0.495	-0.179	0.737	1.411	"3"
"自有"	0	0	2	0.496	0.196	1.308	-0.248	-0.089	0.369	0.706	"3"
"自行"	0	0	3	0.744	0.293	1.963	-0.371	-0.134	0.553	1.058	"3"
"至于"	0	0	1	0.248	0.098	0.654	-0.124	-0.045	0.184	0.353	"3"
"致以"	0	1	0	0.248	0.098	0.654	-0.124	1.01	-0.461	1.595	"2"
"舆论"	0	1	0	0.248	0.098	0.654	-0.124	1.01	-0.461	1.595	"2"
"舌头"	0	0	2	0.496	0.196	1.308	-0.248	-0.089	0.369	0.706	"3"
"良知"	0	0	1	0.248	0.098	0.654	-0.124	-0.045	0.184	0.353	"3"
"芒"	1	0	0	0.248	0.098	0.654	0.606	-0.045	-0.461	1.112	"1"
"花样"	0	0	1	0.248	0.098	0.654	-0.124	-0.045	0.184	0.353	"3"
"花游"	1	0	0	0.248	0.098	0.654	0.606	-0.045	-0.461	1.112	"1"
"苏"	0	1	1	0.496	0.196	1.308	-0.248	0.73	-0.243	1.221	"2"
"苏丹"	0	0	1	0.248	0.098	0.654	-0.124	-0.045	0.184	0.353	"3"
"苏杰"	0	0	1	0.248	0.098	0.654	-0.124	-0.045	0.184	0.353	"3"
"若"	0	0	2	0.496	0.196	1.308	-0.248	-0.089	0.369	0.706	"3"
"英军"	0	0	1	0.248	0.098	0.654	-0.124	-0.045	0.184	0.353	"3"
"英格兰"	1	0	0	0.248	0.098	0.654	0.606	-0.045	-0.461	1.112	"1"
"英超"	2	0	0	0.496	0.196	1.308	1.211	-0.089	-0.922	2.222	"1"
"获得"	0	0	6	1.488	0.587	3.925	-0.743	-0.268	1.106	2.117	"3"
"获胜"	1	0	0	0.248	0.098	0.654	0.606	-0.045	-0.461	1.112	"1"
"菲尔德"	1	0	0	0.248	0.098	0.654	0.606	-0.045	-0.461	1.112	"1"
"营"	0	0	1	0.248	0.098	0.654	-0.124	-0.045	0.184	0.353	"3"
"葡萄牙"	0	0	1	0.248	0.098	0.654	-0.124	-0.045	0.184	0.353	"3"
"蒙"	0	1	1	0.496	0.196	1.308	-0.248	0.73	-0.243	1.221	"2"
"蒙受"	0	0	1	0.248	0.098	0.654	-0.124	-0.045	0.184	0.353	"3"
"蒙特勒"	0	2	0	0.496	0.196	1.308	-0.248	2.019	-0.922	3.189	"2"
"蓄意"	1	0	0	0.248	0.098	0.654	0.606	-0.045	-0.461	1.112	"1"
"蓝"	0	0	2	0.496	0.196	1.308	-0.248	-0.089	0.369	0.706	"3"
"蔡绍福"	0	0	2	0.496	0.196	1.308	-0.248	-0.089	0.369	0.706	"3"
"蛋白质"	0	0	1	0.248	0.098	0.654	-0.124	-0.045	0.184	0.353	"3"
"行"	0	1	0	0.248	0.098	0.654	-0.124	1.01	-0.461	1.595	"2"
"行为"	1	0	1	0.496	0.196	1.308	0.362	-0.089	-0.243	0.694	"1"
"行使"	0	0	1	0.248	0.098	0.654	-0.124	-0.045	0.184	0.353	"3"
"补偿"	0	0	1	0.248	0.098	0.654	-0.124	-0.045	0.184	0.353	"3"
"表态"	0	0	1	0.248	0.098	0.654	-0.124	-0.045	0.184	0.353	"3"
"表情"	0	0	1	0.248	0.098	0.654	-0.124	-0.045	0.184	0.353	"3"
"表演"	0	0	2	0.496	0.196	1.308	-0.248	-0.089	0.369	0.706	"3"
"表现"	2	0	4	1.488	0.587	3.925	0.336	-0.268	0.183	0.787	"1"
"衷"	1	0	0	0.248	0.098	0.654	0.606	-0.045	-0.461	1.112	"1"
"衷心"	0	2	0	0.496	0.196	1.308	-0.248	2.019	-0.922	3.189	"2"
"被"	17	0	1	4.464	1.76	11.776	9.156	-0.805	-6.757	16.718	"1"
"被迫"	1	0	0	0.248	0.098	0.654	0.606	-0.045	-0.461	1.112	"1"
"裁判"	15	0	0	3.72	1.467	9.813	9.084	-0.67	-6.918	16.672	"1"
"裁判员"	0	0	1	0.248	0.098	0.654	-0.124	-0.045	0.184	0.353	"3"
"裁判长"	0	0	1	0.248	0.098	0.654	-0.124	-0.045	0.184	0.353	"3"
"裁定"	1	0	0	0.248	0.098	0.654	0.606	-0.045	-0.461	1.112	"1"
"西周"	0	0	1	0.248	0.098	0.654	-0.124	-0.045	0.184	0.353	"3"
"观众"	1	0	6	1.736	0.685	4.58	-0.347	-0.313	0.618	1.278	"3"
"规则"	3	0	1	0.992	0.391	2.617	1.304	-0.179	-0.912	2.395	"1"
"视线"	0	0	1	0.248	0.098	0.654	-0.124	-0.045	0.184	0.353	"3"
"角度"	0	0	2	0.496	0.196	1.308	-0.248	-0.089	0.369	0.706	"3"
"解雇"	0	0	1	0.248	0.098	0.654	-0.124	-0.045	0.184	0.353	"3"
"触球"	1	0	0	0.248	0.098	0.654	0.606	-0.045	-0.461	1.112	"1"
"言之过早"	0	0	1	0.248	0.098	0.654	-0.124	-0.045	0.184	0.353	"3"
"言论"	0	0	1	0.248	0.098	0.654	-0.124	-0.045	0.184	0.353	"3"
"言语"	1	0	0	0.248	0.098	0.654	0.606	-0.045	-0.461	1.112	"1"
"警告"	2	0	1	0.744	0.293	1.963	0.813	-0.134	-0.559	1.506	"1"
"警方"	0	0	7	1.736	0.685	4.58	-0.866	-0.313	1.29	2.469	"3"
"计算"	0	0	2	0.496	0.196	1.308	-0.248	-0.089	0.369	0.706	"3"
"计量"	0	0	1	0.248	0.098	0.654	-0.124	-0.045	0.184	0.353	"3"
"订定"	0	0	1	0.248	0.098	0.654	-0.124	-0.045	0.184	0.353	"3"
"认为"	1	1	11	3.224	1.271	8.505	-0.886	-0.199	0.923	2.008	"3"
"认可"	1	0	1	0.496	0.196	1.308	0.362	-0.089	-0.243	0.694	"1"
"认定"	0	0	1	0.248	0.098	0.654	-0.124	-0.045	0.184	0.353	"3"
"记录台"	1	0	0	0.248	0.098	0.654	0.606	-0.045	-0.461	1.112	"1"
"讲话"	0	1	0	0.248	0.098	0.654	-0.124	1.01	-0.461	1.595	"2"
"访"	0	1	0	0.248	0.098	0.654	-0.124	1.01	-0.461	1.595	"2"
"访华团"	0	1	0	0.248	0.098	0.654	-0.124	1.01	-0.461	1.595	"2"
"访问"	0	0	1	0.248	0.098	0.654	-0.124	-0.045	0.184	0.353	"3"
"证据"	0	0	2	0.496	0.196	1.308	-0.248	-0.089	0.369	0.706	"3"
"证明"	0	0	1	0.248	0.098	0.654	-0.124	-0.045	0.184	0.353	"3"
"评价"	0	0	11	2.728	1.076	7.196	-1.361	-0.492	2.027	3.88	"3"
"评分"	0	0	1	0.248	0.098	0.654	-0.124	-0.045	0.184	0.353	"3"
"评判"	0	0	1	0.248	0.098	0.654	-0.124	-0.045	0.184	0.353	"3"
"评审"	0	0	2	0.496	0.196	1.308	-0.248	-0.089	0.369	0.706	"3"
"评议"	0	0	3	0.744	0.293	1.963	-0.371	-0.134	0.553	1.058	"3"
"诊断"	0	0	3	0.744	0.293	1.963	-0.371	-0.134	0.553	1.058	"3"
"诗作"	0	0	1	0.248	0.098	0.654	-0.124	-0.045	0.184	0.353	"3"
"诚然"	0	0	1	0.248	0.098	0.654	-0.124	-0.045	0.184	0.353	"3"
"该"	0	0	1	0.248	0.098	0.654	-0.124	-0.045	0.184	0.353	"3"
"误判"	1	0	0	0.248	0.098	0.654	0.606	-0.045	-0.461	1.112	"1"
"说"	1	12	24	9.175	3.619	24.206	-3.459	3.867	-0.273	7.599	"2"
"诺曼"	1	0	0	0.248	0.098	0.654	0.606	-0.045	-0.461	1.112	"1"
"谁"	0	0	1	0.248	0.098	0.654	-0.124	-0.045	0.184	0.353	"3"
"调查"	0	0	3	0.744	0.293	1.963	-0.371	-0.134	0.553	1.058	"3"
"谈到"	0	0	1	0.248	0.098	0.654	-0.124	-0.045	0.184	0.353	"3"
"谢"	1	0	1	0.496	0.196	1.308	0.362	-0.089	-0.243	0.694	"1"
"谢尔"	1	0	0	0.248	0.098	0.654	0.606	-0.045	-0.461	1.112	"1"
"谢尔顿"	0	0	1	0.248	0.098	0.654	-0.124	-0.045	0.184	0.353	"3"
"贝"	0	1	0	0.248	0.098	0.654	-0.124	1.01	-0.461	1.595	"2"
"负责"	1	0	1	0.496	0.196	1.308	0.362	-0.089	-0.243	0.694	"1"
"负面"	0	0	3	0.744	0.293	1.963	-0.371	-0.134	0.553	1.058	"3"
"贡献"	0	1	1	0.496	0.196	1.308	-0.248	0.73	-0.243	1.221	"2"
"贡献给"	0	2	0	0.496	0.196	1.308	-0.248	2.019	-0.922	3.189	"2"
"财务组"	0	0	1	0.248	0.098	0.654	-0.124	-0.045	0.184	0.353	"3"
"责任心"	0	0	1	0.248	0.098	0.654	-0.124	-0.045	0.184	0.353	"3"
"费"	0	0	3	0.744	0.293	1.963	-0.371	-0.134	0.553	1.058	"3"
"资料"	0	0	1	0.248	0.098	0.654	-0.124	-0.045	0.184	0.353	"3"
"资格"	1	0	0	0.248	0.098	0.654	0.606	-0.045	-0.461	1.112	"1"
"资讯"	0	0	4	0.992	0.391	2.617	-0.495	-0.179	0.737	1.411	"3"
"赖利"	0	0	1	0.248	0.098	0.654	-0.124	-0.045	0.184	0.353	"3"
"赛"	2	0	1	0.744	0.293	1.963	0.813	-0.134	-0.559	1.506	"1"
"赛事"	2	0	0	0.496	0.196	1.308	1.211	-0.089	-0.922	2.222	"1"
"赛场"	1	0	2	0.744	0.293	1.963	0.241	-0.134	0.14	0.515	"1"
"赛季"	3	0	0	0.744	0.293	1.963	1.817	-0.134	-1.384	3.335	"1"
"赞同"	0	0	6	1.488	0.587	3.925	-0.743	-0.268	1.106	2.117	"3"
"赞比亚"	0	1	0	0.248	0.098	0.654	-0.124	1.01	-0.461	1.595	"2"
"赞赏"	0	1	1	0.496	0.196	1.308	-0.248	0.73	-0.243	1.221	"2"
"赢得"	0	0	2	0.496	0.196	1.308	-0.248	-0.089	0.369	0.706	"3"
"走势"	0	0	2	0.496	0.196	1.308	-0.248	-0.089	0.369	0.706	"3"
"赶"	1	0	0	0.248	0.098	0.654	0.606	-0.045	-0.461	1.112	"1"
"起"	0	0	1	0.248	0.098	0.654	-0.124	-0.045	0.184	0.353	"3"
"起来"	1	0	0	0.248	0.098	0.654	0.606	-0.045	-0.461	1.112	"1"
"起诉"	0	0	3	0.744	0.293	1.963	-0.371	-0.134	0.553	1.058	"3"
"越位"	1	0	0	0.248	0.098	0.654	0.606	-0.045	-0.461	1.112	"1"
"越共"	0	0	1	0.248	0.098	0.654	-0.124	-0.045	0.184	0.353	"3"
"越南"	0	0	1	0.248	0.098	0.654	-0.124	-0.045	0.184	0.353	"3"
"越南人"	0	0	2	0.496	0.196	1.308	-0.248	-0.089	0.369	0.706	"3"
"足够"	0	0	1	0.248	0.098	0.654	-0.124	-0.045	0.184	0.353	"3"
"足总"	1	0	1	0.496	0.196	1.308	0.362	-0.089	-0.243	0.694	"1"
"足球"	6	0	0	1.488	0.587	3.925	3.634	-0.268	-2.767	6.669	"1"
"足球场"	2	0	0	0.496	0.196	1.308	1.211	-0.089	-0.922	2.222	"1"
"足联"	2	0	0	0.496	0.196	1.308	1.211	-0.089	-0.922	2.222	"1"
"跳水"	1	0	0	0.248	0.098	0.654	0.606	-0.045	-0.461	1.112	"1"
"跳马"	1	0	0	0.248	0.098	0.654	0.606	-0.045	-0.461	1.112	"1"
"踢"	1	0	0	0.248	0.098	0.654	0.606	-0.045	-0.461	1.112	"1"
"转变"	0	0	1	0.248	0.098	0.654	-0.124	-0.045	0.184	0.353	"3"
"转热"	0	0	1	0.248	0.098	0.654	-0.124	-0.045	0.184	0.353	"3"
"转瞬间"	1	0	0	0.248	0.098	0.654	0.606	-0.045	-0.461	1.112	"1"
"转移"	0	0	1	0.248	0.098	0.654	-0.124	-0.045	0.184	0.353	"3"
"轻举妄动"	0	0	1	0.248	0.098	0.654	-0.124	-0.045	0.184	0.353	"3"
"较"	0	0	4	0.992	0.391	2.617	-0.495	-0.179	0.737	1.411	"3"
"辛苦"	1	0	0	0.248	0.098	0.654	0.606	-0.045	-0.461	1.112	"1"
"辱骂"	1	0	0	0.248	0.098	0.654	0.606	-0.045	-0.461	1.112	"1"
"迅速"	0	0	2	0.496	0.196	1.308	-0.248	-0.089	0.369	0.706	"3"
"过"	1	0	0	0.248	0.098	0.654	0.606	-0.045	-0.461	1.112	"1"
"过五关"	0	0	1	0.248	0.098	0.654	-0.124	-0.045	0.184	0.353	"3"
"运"	0	0	1	0.248	0.098	0.654	-0.124	-0.045	0.184	0.353	"3"
"运动员"	2	0	1	0.744	0.293	1.963	0.813	-0.134	-0.559	1.506	"1"
"近年来"	0	1	1	0.496	0.196	1.308	-0.248	0.73	-0.243	1.221	"2"
"还是"	3	0	1	0.992	0.391	2.617	1.304	-0.179	-0.912	2.395	"1"
"这时"	0	0	1	0.248	0.098	0.654	-0.124	-0.045	0.184	0.353	"3"
"这样"	0	0	3	0.744	0.293	1.963	-0.371	-0.134	0.553	1.058	"3"
"进攻"	1	0	0	0.248	0.098	0.654	0.606	-0.045	-0.461	1.112	"1"
"连贯"	0	0	1	0.248	0.098	0.654	-0.124	-0.045	0.184	0.353	"3"
"迟到"	0	0	1	0.248	0.098	0.654	-0.124	-0.045	0.184	0.353	"3"
"迪夫"	1	0	0	0.248	0.098	0.654	0.606	-0.045	-0.461	1.112	"1"
"追随"	0	0	1	0.248	0.098	0.654	-0.124	-0.045	0.184	0.353	"3"
"退热"	0	0	1	0.248	0.098	0.654	-0.124	-0.045	0.184	0.353	"3"
"适合"	0	0	1	0.248	0.098	0.654	-0.124	-0.045	0.184	0.353	"3"
"适应"	1	0	0	0.248	0.098	0.654	0.606	-0.045	-0.461	1.112	"1"
"选作"	0	0	1	0.248	0.098	0.654	-0.124	-0.045	0.184	0.353	"3"
"选情"	0	0	1	0.248	0.098	0.654	-0.124	-0.045	0.184	0.353	"3"
"选手"	5	0	3	1.984	0.782	5.234	1.579	-0.358	-0.994	2.931	"1"
"选拔"	0	0	1	0.248	0.098	0.654	-0.124	-0.045	0.184	0.353	"3"
"选择"	0	0	3	0.744	0.293	1.963	-0.371	-0.134	0.553	1.058	"3"
"选择题"	0	0	1	0.248	0.098	0.654	-0.124	-0.045	0.184	0.353	"3"
"选民"	0	0	2	0.496	0.196	1.308	-0.248	-0.089	0.369	0.706	"3"
"造成"	0	0	1	0.248	0.098	0.654	-0.124	-0.045	0.184	0.353	"3"
"逮个正着"	1	0	0	0.248	0.098	0.654	0.606	-0.045	-0.461	1.112	"1"
"逻辑"	0	0	1	0.248	0.098	0.654	-0.124	-0.045	0.184	0.353	"3"
"道德"	0	0	4	0.992	0.391	2.617	-0.495	-0.179	0.737	1.411	"3"
"道歉"	0	0	1	0.248	0.098	0.654	-0.124	-0.045	0.184	0.353	"3"
"遭"	4	0	0	0.992	0.391	2.617	2.422	-0.179	-1.845	4.446	"1"
"遭遇"	1	0	0	0.248	0.098	0.654	0.606	-0.045	-0.461	1.112	"1"
"邓小平"	0	0	1	0.248	0.098	0.654	-0.124	-0.045	0.184	0.353	"3"
"部会"	0	0	1	0.248	0.098	0.654	-0.124	-0.045	0.184	0.353	"3"
"都"	0	0	1	0.248	0.098	0.654	-0.124	-0.045	0.184	0.353	"3"
"都江堰"	0	0	2	0.496	0.196	1.308	-0.248	-0.089	0.369	0.706	"3"
"采访"	1	0	0	0.248	0.098	0.654	0.606	-0.045	-0.461	1.112	"1"
"里程碑"	0	1	0	0.248	0.098	0.654	-0.124	1.01	-0.461	1.595	"2"
"里面"	0	0	1	0.248	0.098	0.654	-0.124	-0.045	0.184	0.353	"3"
"重视"	0	0	1	0.248	0.098	0.654	-0.124	-0.045	0.184	0.353	"3"
"针"	1	0	0	0.248	0.098	0.654	0.606	-0.045	-0.461	1.112	"1"
"钟琴"	0	0	1	0.248	0.098	0.654	-0.124	-0.045	0.184	0.353	"3"
"钢琴"	0	0	1	0.248	0.098	0.654	-0.124	-0.045	0.184	0.353	"3"
"铭"	0	0	1	0.248	0.098	0.654	-0.124	-0.045	0.184	0.353	"3"
"错"	1	0	3	0.992	0.391	2.617	0.167	-0.179	0.244	0.59	"3"
"错判"	1	0	0	0.248	0.098	0.654	0.606	-0.045	-0.461	1.112	"1"
"错误"	0	0	10	2.48	0.978	6.542	-1.238	-0.447	1.843	3.528	"3"
"锦赛"	0	1	0	0.248	0.098	0.654	-0.124	1.01	-0.461	1.595	"2"
"键"	0	0	1	0.248	0.098	0.654	-0.124	-0.045	0.184	0.353	"3"
"镜头"	1	0	0	0.248	0.098	0.654	0.606	-0.045	-0.461	1.112	"1"
"长远"	0	0	1	0.248	0.098	0.654	-0.124	-0.045	0.184	0.353	"3"
"门将"	0	0	1	0.248	0.098	0.654	-0.124	-0.045	0.184	0.353	"3"
"门德兹"	1	0	0	0.248	0.098	0.654	0.606	-0.045	-0.461	1.112	"1"
"闪失"	1	0	0	0.248	0.098	0.654	0.606	-0.045	-0.461	1.112	"1"
"问候"	0	0	1	0.248	0.098	0.654	-0.124	-0.045	0.184	0.353	"3"
"间"	0	0	2	0.496	0.196	1.308	-0.248	-0.089	0.369	0.706	"3"
"队伍"	1	0	1	0.496	0.196	1.308	0.362	-0.089	-0.243	0.694	"1"
"队员"	3	0	0	0.744	0.293	1.963	1.817	-0.134	-1.384	3.335	"1"
"防御"	0	0	1	0.248	0.098	0.654	-0.124	-0.045	0.184	0.353	"3"
"防治"	0	1	1	0.496	0.196	1.308	-0.248	0.73	-0.243	1.221	"2"
"阿末"	1	0	0	0.248	0.098	0.654	0.606	-0.045	-0.461	1.112	"1"
"阿里森"	1	0	0	0.248	0.098	0.654	0.606	-0.045	-0.461	1.112	"1"
"陈孔立"	0	0	1	0.248	0.098	0.654	-0.124	-0.045	0.184	0.353	"3"
"陈文宪"	0	0	1	0.248	0.098	0.654	-0.124	-0.045	0.184	0.353	"3"
"随即"	1	0	0	0.248	0.098	0.654	0.606	-0.045	-0.461	1.112	"1"
"随后"	2	0	0	0.496	0.196	1.308	1.211	-0.089	-0.922	2.222	"1"
"隔离"	0	0	1	0.248	0.098	0.654	-0.124	-0.045	0.184	0.353	"3"
"隶属"	1	0	0	0.248	0.098	0.654	0.606	-0.045	-0.461	1.112	"1"
"难"	0	0	3	0.744	0.293	1.963	-0.371	-0.134	0.553	1.058	"3"
"难度"	0	0	1	0.248	0.098	0.654	-0.124	-0.045	0.184	0.353	"3"
"零售商"	0	0	1	0.248	0.098	0.654	-0.124	-0.045	0.184	0.353	"3"
"震"	0	0	1	0.248	0.098	0.654	-0.124	-0.045	0.184	0.353	"3"
"露出"	0	0	1	0.248	0.098	0.654	-0.124	-0.045	0.184	0.353	"3"
"青睐"	0	0	2	0.496	0.196	1.308	-0.248	-0.089	0.369	0.706	"3"
"静候"	0	0	1	0.248	0.098	0.654	-0.124	-0.045	0.184	0.353	"3"
"非"	0	0	1	0.248	0.098	0.654	-0.124	-0.045	0.184	0.353	"3"
"非典型"	0	0	1	0.248	0.098	0.654	-0.124	-0.045	0.184	0.353	"3"
"面前"	1	0	0	0.248	0.098	0.654	0.606	-0.045	-0.461	1.112	"1"
"面向"	0	0	1	0.248	0.098	0.654	-0.124	-0.045	0.184	0.353	"3"
"革新"	0	0	1	0.248	0.098	0.654	-0.124	-0.045	0.184	0.353	"3"
"靶子"	0	0	1	0.248	0.098	0.654	-0.124	-0.045	0.184	0.353	"3"
"韩国队"	1	0	0	0.248	0.098	0.654	0.606	-0.045	-0.461	1.112	"1"
"韩方"	0	1	0	0.248	0.098	0.654	-0.124	1.01	-0.461	1.595	"2"
"音乐"	0	0	1	0.248	0.098	0.654	-0.124	-0.045	0.184	0.353	"3"
"韵律"	0	0	1	0.248	0.098	0.654	-0.124	-0.045	0.184	0.353	"3"
"项目"	0	0	4	0.992	0.391	2.617	-0.495	-0.179	0.737	1.411	"3"
"顺序"	1	0	0	0.248	0.098	0.654	0.606	-0.045	-0.461	1.112	"1"
"顽强"	1	0	0	0.248	0.098	0.654	0.606	-0.045	-0.461	1.112	"1"
"顾云昌"	0	0	1	0.248	0.098	0.654	-0.124	-0.045	0.184	0.353	"3"
"预选赛"	1	0	0	0.248	0.098	0.654	0.606	-0.045	-0.461	1.112	"1"
"领团"	0	1	0	0.248	0.098	0.654	-0.124	1.01	-0.461	1.595	"2"
"领导人"	0	1	1	0.496	0.196	1.308	-0.248	0.73	-0.243	1.221	"2"
"领导层"	0	0	1	0.248	0.098	0.654	-0.124	-0.045	0.184	0.353	"3"
"领队"	2	0	0	0.496	0.196	1.308	1.211	-0.089	-0.922	2.222	"1"
"颇"	0	0	1	0.248	0.098	0.654	-0.124	-0.045	0.184	0.353	"3"
"题"	0	0	2	0.496	0.196	1.308	-0.248	-0.089	0.369	0.706	"3"
"风景区"	0	0	1	0.248	0.098	0.654	-0.124	-0.045	0.184	0.353	"3"
"风纪"	0	1	0	0.248	0.098	0.654	-0.124	1.01	-0.461	1.595	"2"
"食堂"	0	0	1	0.248	0.098	0.654	-0.124	-0.045	0.184	0.353	"3"
"饮用水"	0	0	1	0.248	0.098	0.654	-0.124	-0.045	0.184	0.353	"3"
"首脑"	0	0	2	0.496	0.196	1.308	-0.248	-0.089	0.369	0.706	"3"
"驱逐"	1	0	0	0.248	0.098	0.654	0.606	-0.045	-0.461	1.112	"1"
"驱逐出"	3	0	0	0.744	0.293	1.963	1.817	-0.134	-1.384	3.335	"1"
"驻京"	0	1	0	0.248	0.098	0.654	-0.124	1.01	-0.461	1.595	"2"
"驻沪"	0	1	0	0.248	0.098	0.654	-0.124	1.01	-0.461	1.595	"2"
"驻黎"	0	1	0	0.248	0.098	0.654	-0.124	1.01	-0.461	1.595	"2"
"骗"	0	0	2	0.496	0.196	1.308	-0.248	-0.089	0.369	0.706	"3"
"骨"	0	0	1	0.248	0.098	0.654	-0.124	-0.045	0.184	0.353	"3"
"高"	0	0	17	4.216	1.663	11.122	-2.104	-0.76	3.133	5.997	"3"
"高于"	0	0	1	0.248	0.098	0.654	-0.124	-0.045	0.184	0.353	"3"
"高低"	0	0	1	0.248	0.098	0.654	-0.124	-0.045	0.184	0.353	"3"
"高兴"	0	1	0	0.248	0.098	0.654	-0.124	1.01	-0.461	1.595	"2"
"高官"	0	1	0	0.248	0.098	0.654	-0.124	1.01	-0.461	1.595	"2"
"高尔"	0	0	1	0.248	0.098	0.654	-0.124	-0.045	0.184	0.353	"3"
"高层"	0	0	2	0.496	0.196	1.308	-0.248	-0.089	0.369	0.706	"3"
"高度"	0	41	9	12.399	4.89	32.711	-6.188	32.388	-11.117	49.693	"2"
"高明"	0	0	1	0.248	0.098	0.654	-0.124	-0.045	0.184	0.353	"3"
"高级"	1	0	1	0.496	0.196	1.308	0.362	-0.089	-0.243	0.694	"1"
"高行健"	0	0	1	0.248	0.098	0.654	-0.124	-0.045	0.184	0.353	"3"
"黄卡"	7	0	0	1.736	0.685	4.58	4.239	-0.313	-3.228	7.78	"1"
"黄牌"	3	0	0	0.744	0.293	1.963	1.817	-0.134	-1.384	3.335	"1"
"鼓掌"	0	0	1	0.248	0.098	0.654	-0.124	-0.045	0.184	0.353	"3"
