"Coll_Word"	"1"	"2"	"3"	"4"	"exp_1"	"exp_2"	"exp_3"	"exp_4"	"pbin_1"	"pbin_2"	"pbin_3"	"pbin_4"	"SumAbsDev"	"LargestDev"
"－－"	1	0	1	3	1.824	0.265	0.581	2.33	-0.398	-0.118	0.337	0.36	1.213	"1"
"!"	0	0	3	0	1.094	0.159	0.348	1.398	-0.591	-0.071	2.805	-0.817	4.284	"3"
"1300多"	0	0	0	1	0.365	0.053	0.116	0.466	-0.197	-0.024	-0.054	0.332	0.607	"4"
"1600万"	1	0	0	0	0.365	0.053	0.116	0.466	0.438	-0.024	-0.054	-0.272	0.788	"1"
"1649万"	1	0	0	0	0.365	0.053	0.116	0.466	0.438	-0.024	-0.054	-0.272	0.788	"1"
"21世纪"	0	0	0	1	0.365	0.053	0.116	0.466	-0.197	-0.024	-0.054	0.332	0.607	"4"
"2500万"	0	0	1	0	0.365	0.053	0.116	0.466	-0.197	-0.024	0.935	-0.272	1.428	"3"
"44万"	0	0	1	0	0.365	0.053	0.116	0.466	-0.197	-0.024	0.935	-0.272	1.428	"3"
"6600"	1	0	0	0	0.365	0.053	0.116	0.466	0.438	-0.024	-0.054	-0.272	0.788	"1"
"82"	0	0	1	0	0.365	0.053	0.116	0.466	-0.197	-0.024	0.935	-0.272	1.428	"3"
"891103"	0	0	1	0	0.365	0.053	0.116	0.466	-0.197	-0.024	0.935	-0.272	1.428	"3"
"891130"	0	0	0	1	0.365	0.053	0.116	0.466	-0.197	-0.024	-0.054	0.332	0.607	"4"
"DNA"	0	0	0	1	0.365	0.053	0.116	0.466	-0.197	-0.024	-0.054	0.332	0.607	"4"
"e"	0	0	0	1	0.365	0.053	0.116	0.466	-0.197	-0.024	-0.054	0.332	0.607	"4"
"RNA"	0	0	0	1	0.365	0.053	0.116	0.466	-0.197	-0.024	-0.054	0.332	0.607	"4"
"Starck"	0	0	0	1	0.365	0.053	0.116	0.466	-0.197	-0.024	-0.054	0.332	0.607	"4"
"一千六百"	0	0	0	1	0.365	0.053	0.116	0.466	-0.197	-0.024	-0.054	0.332	0.607	"4"
"一团糟"	0	0	0	1	0.365	0.053	0.116	0.466	-0.197	-0.024	-0.054	0.332	0.607	"4"
"一大早"	0	0	0	1	0.365	0.053	0.116	0.466	-0.197	-0.024	-0.054	0.332	0.607	"4"
"一家人"	0	0	0	2	0.73	0.106	0.232	0.932	-0.394	-0.047	-0.107	0.663	1.211	"4"
"一样"	0	1	0	2	1.094	0.159	0.348	1.398	-0.591	0.822	-0.161	0.348	1.922	"2"
"一百多万"	0	0	0	1	0.365	0.053	0.116	0.466	-0.197	-0.024	-0.054	0.332	0.607	"4"
"一般人"	0	0	0	1	0.365	0.053	0.116	0.466	-0.197	-0.024	-0.054	0.332	0.607	"4"
"一部分"	0	1	0	0	0.365	0.053	0.116	0.466	-0.197	1.276	-0.054	-0.272	1.799	"2"
"一齐"	0	0	0	1	0.365	0.053	0.116	0.466	-0.197	-0.024	-0.054	0.332	0.607	"4"
"三年级"	0	0	1	0	0.365	0.053	0.116	0.466	-0.197	-0.024	0.935	-0.272	1.428	"3"
"上去"	0	0	0	1	0.365	0.053	0.116	0.466	-0.197	-0.024	-0.054	0.332	0.607	"4"
"上课"	0	0	0	1	0.365	0.053	0.116	0.466	-0.197	-0.024	-0.054	0.332	0.607	"4"
"上达"	1	0	0	0	0.365	0.053	0.116	0.466	0.438	-0.024	-0.054	-0.272	0.788	"1"
"下岗"	1	0	0	0	0.365	0.053	0.116	0.466	0.438	-0.024	-0.054	-0.272	0.788	"1"
"下岗职工"	5	0	0	0	1.824	0.265	0.581	2.33	2.19	-0.118	-0.268	-1.362	3.938	"1"
"不便"	1	0	0	0	0.365	0.053	0.116	0.466	0.438	-0.024	-0.054	-0.272	0.788	"1"
"不光"	0	0	0	1	0.365	0.053	0.116	0.466	-0.197	-0.024	-0.054	0.332	0.607	"4"
"不勤"	1	0	0	0	0.365	0.053	0.116	0.466	0.438	-0.024	-0.054	-0.272	0.788	"1"
"不变"	0	0	0	1	0.365	0.053	0.116	0.466	-0.197	-0.024	-0.054	0.332	0.607	"4"
"不可"	0	0	0	1	0.365	0.053	0.116	0.466	-0.197	-0.024	-0.054	0.332	0.607	"4"
"不可或缺"	0	0	0	1	0.365	0.053	0.116	0.466	-0.197	-0.024	-0.054	0.332	0.607	"4"
"不安"	1	0	0	0	0.365	0.053	0.116	0.466	0.438	-0.024	-0.054	-0.272	0.788	"1"
"不惜"	0	0	0	1	0.365	0.053	0.116	0.466	-0.197	-0.024	-0.054	0.332	0.607	"4"
"不断"	7	1	0	3	4.013	0.583	1.278	5.126	1.205	0.346	-0.59	-0.787	2.928	"1"
"不易"	0	0	1	0	0.365	0.053	0.116	0.466	-0.197	-0.024	0.935	-0.272	1.428	"3"
"不知不觉"	0	0	1	0	0.365	0.053	0.116	0.466	-0.197	-0.024	0.935	-0.272	1.428	"3"
"不良"	0	1	0	0	0.365	0.053	0.116	0.466	-0.197	1.276	-0.054	-0.272	1.799	"2"
"不见得"	0	0	1	0	0.365	0.053	0.116	0.466	-0.197	-0.024	0.935	-0.272	1.428	"3"
"专利"	0	0	0	1	0.365	0.053	0.116	0.466	-0.197	-0.024	-0.054	0.332	0.607	"4"
"世代"	0	0	0	2	0.73	0.106	0.232	0.932	-0.394	-0.047	-0.107	0.663	1.211	"4"
"业余"	0	0	0	1	0.365	0.053	0.116	0.466	-0.197	-0.024	-0.054	0.332	0.607	"4"
"严"	0	0	0	1	0.365	0.053	0.116	0.466	-0.197	-0.024	-0.054	0.332	0.607	"4"
"严重"	2	0	0	3	1.824	0.265	0.581	2.33	0.222	-0.118	-0.268	0.36	0.968	"4"
"丧失"	0	0	0	1	0.365	0.053	0.116	0.466	-0.197	-0.024	-0.054	0.332	0.607	"4"
"中"	4	5	2	23	12.404	1.802	3.949	15.845	-2.896	1.491	-0.642	1.964	6.993	"1"
"中低收入"	0	0	0	1	0.365	0.053	0.116	0.466	-0.197	-0.024	-0.054	0.332	0.607	"4"
"中国人"	0	1	0	1	0.73	0.106	0.232	0.932	-0.394	0.986	-0.107	0.146	1.633	"2"
"中国人表"	0	0	1	0	0.365	0.053	0.116	0.466	-0.197	-0.024	0.935	-0.272	1.428	"3"
"中国城市"	1	0	0	0	0.365	0.053	0.116	0.466	0.438	-0.024	-0.054	-0.272	0.788	"1"
"中毒"	1	0	0	0	0.365	0.053	0.116	0.466	0.438	-0.024	-0.054	-0.272	0.788	"1"
"丰"	0	0	0	1	0.365	0.053	0.116	0.466	-0.197	-0.024	-0.054	0.332	0.607	"4"
"丰富"	0	1	0	2	1.094	0.159	0.348	1.398	-0.591	0.822	-0.161	0.348	1.922	"2"
"为题"	0	0	0	1	0.365	0.053	0.116	0.466	-0.197	-0.024	-0.054	0.332	0.607	"4"
"乃至"	1	0	0	0	0.365	0.053	0.116	0.466	0.438	-0.024	-0.054	-0.272	0.788	"1"
"之"	0	0	1	9	3.648	0.53	1.161	4.66	-1.971	-0.237	-0.172	2.22	4.6	"4"
"之中"	0	0	0	1	0.365	0.053	0.116	0.466	-0.197	-0.024	-0.054	0.332	0.607	"4"
"乏味"	0	0	0	1	0.365	0.053	0.116	0.466	-0.197	-0.024	-0.054	0.332	0.607	"4"
"乐观"	0	0	0	2	0.73	0.106	0.232	0.932	-0.394	-0.047	-0.107	0.663	1.211	"4"
"乞讨"	0	0	0	3	1.094	0.159	0.348	1.398	-0.591	-0.071	-0.161	0.995	1.818	"4"
"习"	0	0	0	1	0.365	0.053	0.116	0.466	-0.197	-0.024	-0.054	0.332	0.607	"4"
"习俗"	0	0	0	1	0.365	0.053	0.116	0.466	-0.197	-0.024	-0.054	0.332	0.607	"4"
"习惯"	0	14	1	0	5.472	0.795	1.742	6.99	-2.957	16.705	-0.331	-4.087	24.08	"2"
"习惯于"	0	0	1	0	0.365	0.053	0.116	0.466	-0.197	-0.024	0.935	-0.272	1.428	"3"
"买车买房"	0	0	0	1	0.365	0.053	0.116	0.466	-0.197	-0.024	-0.054	0.332	0.607	"4"
"了结"	0	0	1	0	0.365	0.053	0.116	0.466	-0.197	-0.024	0.935	-0.272	1.428	"3"
"事关"	1	0	0	0	0.365	0.053	0.116	0.466	0.438	-0.024	-0.054	-0.272	0.788	"1"
"事物"	0	0	0	1	0.365	0.053	0.116	0.466	-0.197	-0.024	-0.054	0.332	0.607	"4"
"五千万"	0	0	0	1	0.365	0.053	0.116	0.466	-0.197	-0.024	-0.054	0.332	0.607	"4"
"井下"	0	0	0	1	0.365	0.053	0.116	0.466	-0.197	-0.024	-0.054	0.332	0.607	"4"
"井井有条"	0	0	0	2	0.73	0.106	0.232	0.932	-0.394	-0.047	-0.107	0.663	1.211	"4"
"亟需"	0	0	1	0	0.365	0.053	0.116	0.466	-0.197	-0.024	0.935	-0.272	1.428	"3"
"产"	0	0	0	1	0.365	0.053	0.116	0.466	-0.197	-0.024	-0.054	0.332	0.607	"4"
"享受"	1	0	0	3	1.459	0.212	0.465	1.864	-0.27	-0.095	-0.214	0.579	1.158	"4"
"享有"	1	0	0	0	0.365	0.053	0.116	0.466	0.438	-0.024	-0.054	-0.272	0.788	"1"
"亲爱的"	0	0	1	0	0.365	0.053	0.116	0.466	-0.197	-0.024	0.935	-0.272	1.428	"3"
"人们"	1	0	0	3	1.459	0.212	0.465	1.864	-0.27	-0.095	-0.214	0.579	1.158	"4"
"人体"	1	0	0	0	0.365	0.053	0.116	0.466	0.438	-0.024	-0.054	-0.272	0.788	"1"
"人性"	0	0	0	1	0.365	0.053	0.116	0.466	-0.197	-0.024	-0.054	0.332	0.607	"4"
"人性化"	0	0	0	1	0.365	0.053	0.116	0.466	-0.197	-0.024	-0.054	0.332	0.607	"4"
"人民"	36	0	0	2	13.863	2.014	4.413	17.709	13.299	-0.899	-2.038	-7.599	23.835	"1"
"人生"	0	0	1	1	0.73	0.106	0.232	0.932	-0.394	-0.047	0.66	0.146	1.247	"3"
"人类"	1	0	0	5	2.189	0.318	0.697	2.796	-0.535	-0.142	-0.322	1.093	2.092	"4"
"人身"	2	0	0	0	0.73	0.106	0.232	0.932	0.876	-0.047	-0.107	-0.545	1.575	"1"
"从前"	0	0	0	1	0.365	0.053	0.116	0.466	-0.197	-0.024	-0.054	0.332	0.607	"4"
"从此"	1	0	0	1	0.73	0.106	0.232	0.932	0.224	-0.047	-0.107	0.146	0.524	"1"
"他人"	0	0	0	1	0.365	0.053	0.116	0.466	-0.197	-0.024	-0.054	0.332	0.607	"4"
"他们"	8	1	0	8	6.202	0.901	1.974	7.922	0.597	0.219	-0.912	0.237	1.965	"3"
"付出"	0	0	0	1	0.365	0.053	0.116	0.466	-0.197	-0.024	-0.054	0.332	0.607	"4"
"代"	0	0	1	0	0.365	0.053	0.116	0.466	-0.197	-0.024	0.935	-0.272	1.428	"3"
"代价"	0	0	0	1	0.365	0.053	0.116	0.466	-0.197	-0.024	-0.054	0.332	0.607	"4"
"代田"	0	0	0	1	0.365	0.053	0.116	0.466	-0.197	-0.024	-0.054	0.332	0.607	"4"
"以前"	0	0	0	2	0.73	0.106	0.232	0.932	-0.394	-0.047	-0.107	0.663	1.211	"4"
"仪器"	0	0	0	1	0.365	0.053	0.116	0.466	-0.197	-0.024	-0.054	0.332	0.607	"4"
"们"	5	2	0	9	5.837	0.848	1.858	7.456	-0.356	0.684	-0.858	0.523	2.421	"3"
"价值"	0	0	0	1	0.365	0.053	0.116	0.466	-0.197	-0.024	-0.054	0.332	0.607	"4"
"伊拉克人"	1	0	0	0	0.365	0.053	0.116	0.466	0.438	-0.024	-0.054	-0.272	0.788	"1"
"休"	0	0	0	1	0.365	0.053	0.116	0.466	-0.197	-0.024	-0.054	0.332	0.607	"4"
"休息"	0	0	0	1	0.365	0.053	0.116	0.466	-0.197	-0.024	-0.054	0.332	0.607	"4"
"休闲"	0	0	0	1	0.365	0.053	0.116	0.466	-0.197	-0.024	-0.054	0.332	0.607	"4"
"众"	1	0	0	1	0.73	0.106	0.232	0.932	0.224	-0.047	-0.107	0.146	0.524	"1"
"优抚"	2	0	0	0	0.73	0.106	0.232	0.932	0.876	-0.047	-0.107	-0.545	1.575	"1"
"优质"	1	0	0	0	0.365	0.053	0.116	0.466	0.438	-0.024	-0.054	-0.272	0.788	"1"
"优雅"	0	0	0	2	0.73	0.106	0.232	0.932	-0.394	-0.047	-0.107	0.663	1.211	"4"
"伟大"	0	0	1	0	0.365	0.053	0.116	0.466	-0.197	-0.024	0.935	-0.272	1.428	"3"
"伤员"	0	0	0	1	0.365	0.053	0.116	0.466	-0.197	-0.024	-0.054	0.332	0.607	"4"
"低"	5	0	0	0	1.824	0.265	0.581	2.33	2.19	-0.118	-0.268	-1.362	3.938	"1"
"低氧"	0	0	0	3	1.094	0.159	0.348	1.398	-0.591	-0.071	-0.161	0.995	1.818	"4"
"低级"	0	0	0	1	0.365	0.053	0.116	0.466	-0.197	-0.024	-0.054	0.332	0.607	"4"
"住房"	1	0	0	0	0.365	0.053	0.116	0.466	0.438	-0.024	-0.054	-0.272	0.788	"1"
"体会"	0	0	0	1	0.365	0.053	0.116	0.466	-0.197	-0.024	-0.054	0.332	0.607	"4"
"体验"	0	0	0	5	1.824	0.265	0.581	2.33	-0.986	-0.118	-0.268	1.658	3.03	"4"
"何况"	0	0	1	0	0.365	0.053	0.116	0.466	-0.197	-0.024	0.935	-0.272	1.428	"3"
"你"	0	0	0	1	0.365	0.053	0.116	0.466	-0.197	-0.024	-0.054	0.332	0.607	"4"
"使命"	0	0	0	1	0.365	0.053	0.116	0.466	-0.197	-0.024	-0.054	0.332	0.607	"4"
"供应"	1	0	0	0	0.365	0.053	0.116	0.466	0.438	-0.024	-0.054	-0.272	0.788	"1"
"侵犯"	0	0	0	1	0.365	0.053	0.116	0.466	-0.197	-0.024	-0.054	0.332	0.607	"4"
"便利"	2	0	0	0	0.73	0.106	0.232	0.932	0.876	-0.047	-0.107	-0.545	1.575	"1"
"俘虏营"	0	0	0	1	0.365	0.053	0.116	0.466	-0.197	-0.024	-0.054	0.332	0.607	"4"
"保"	0	0	0	1	0.365	0.053	0.116	0.466	-0.197	-0.024	-0.054	0.332	0.607	"4"
"保护"	4	0	0	0	1.459	0.212	0.465	1.864	1.752	-0.095	-0.214	-1.09	3.151	"1"
"保护国人"	1	0	0	0	0.365	0.053	0.116	0.466	0.438	-0.024	-0.054	-0.272	0.788	"1"
"保证"	3	0	0	0	1.094	0.159	0.348	1.398	1.314	-0.071	-0.161	-0.817	2.363	"1"
"保险"	0	0	0	2	0.73	0.106	0.232	0.932	-0.394	-0.047	-0.107	0.663	1.211	"4"
"保障"	22	0	0	0	8.026	1.166	2.555	10.253	9.634	-0.52	-1.18	-5.995	17.329	"1"
"保障线"	1	0	0	0	0.365	0.053	0.116	0.466	0.438	-0.024	-0.054	-0.272	0.788	"1"
"信託"	0	0	1	0	0.365	0.053	0.116	0.466	-0.197	-0.024	0.935	-0.272	1.428	"3"
"债台高筑"	1	0	0	0	0.365	0.053	0.116	0.466	0.438	-0.024	-0.054	-0.272	0.788	"1"
"假日"	0	0	0	2	0.73	0.106	0.232	0.932	-0.394	-0.047	-0.107	0.663	1.211	"4"
"假日营"	0	0	1	0	0.365	0.053	0.116	0.466	-0.197	-0.024	0.935	-0.272	1.428	"3"
"做好"	2	0	0	0	0.73	0.106	0.232	0.932	0.876	-0.047	-0.107	-0.545	1.575	"1"
"停电"	1	0	0	0	0.365	0.053	0.116	0.466	0.438	-0.024	-0.054	-0.272	0.788	"1"
"健"	0	0	0	1	0.365	0.053	0.116	0.466	-0.197	-0.024	-0.054	0.332	0.607	"4"
"健康"	13	3	0	5	7.661	1.113	2.439	9.787	1.803	1.012	-1.126	-1.551	5.492	"1"
"傻瓜机"	0	0	0	1	0.365	0.053	0.116	0.466	-0.197	-0.024	-0.054	0.332	0.607	"4"
"僧人"	0	0	1	0	0.365	0.053	0.116	0.466	-0.197	-0.024	0.935	-0.272	1.428	"3"
"儿童"	2	0	0	2	1.459	0.212	0.465	1.864	0.334	-0.095	-0.214	0.197	0.84	"1"
"充实"	0	0	0	3	1.094	0.159	0.348	1.398	-0.591	-0.071	-0.161	0.995	1.818	"4"
"充满"	0	0	0	1	0.365	0.053	0.116	0.466	-0.197	-0.024	-0.054	0.332	0.607	"4"
"先发"	1	0	0	0	0.365	0.053	0.116	0.466	0.438	-0.024	-0.054	-0.272	0.788	"1"
"光临"	0	0	1	0	0.365	0.053	0.116	0.466	-0.197	-0.024	0.935	-0.272	1.428	"3"
"党国"	0	0	1	0	0.365	0.053	0.116	0.466	-0.197	-0.024	0.935	-0.272	1.428	"3"
"入学校"	0	0	0	1	0.365	0.053	0.116	0.466	-0.197	-0.024	-0.054	0.332	0.607	"4"
"入息"	0	0	0	1	0.365	0.053	0.116	0.466	-0.197	-0.024	-0.054	0.332	0.607	"4"
"全"	1	0	0	1	0.73	0.106	0.232	0.932	0.224	-0.047	-0.107	0.146	0.524	"1"
"全面性"	0	0	0	1	0.365	0.053	0.116	0.466	-0.197	-0.024	-0.054	0.332	0.607	"4"
"六年级"	0	0	1	0	0.365	0.053	0.116	0.466	-0.197	-0.024	0.935	-0.272	1.428	"3"
"关心"	2	0	0	1	1.094	0.159	0.348	1.398	0.52	-0.071	-0.161	-0.259	1.011	"1"
"关怀"	0	0	0	1	0.365	0.053	0.116	0.466	-0.197	-0.024	-0.054	0.332	0.607	"4"
"典时期"	1	0	0	0	0.365	0.053	0.116	0.466	0.438	-0.024	-0.054	-0.272	0.788	"1"
"养成"	0	3	0	0	1.094	0.159	0.348	1.398	-0.591	3.827	-0.161	-0.817	5.396	"2"
"养活"	0	0	0	1	0.365	0.053	0.116	0.466	-0.197	-0.024	-0.054	0.332	0.607	"4"
"养老金"	1	0	0	0	0.365	0.053	0.116	0.466	0.438	-0.024	-0.054	-0.272	0.788	"1"
"兼顾"	1	0	0	0	0.365	0.053	0.116	0.466	0.438	-0.024	-0.054	-0.272	0.788	"1"
"冀"	1	0	0	0	0.365	0.053	0.116	0.466	0.438	-0.024	-0.054	-0.272	0.788	"1"
"再生"	0	0	0	1	0.365	0.053	0.116	0.466	-0.197	-0.024	-0.054	0.332	0.607	"4"
"冒"	0	0	0	2	0.73	0.106	0.232	0.932	-0.394	-0.047	-0.107	0.663	1.211	"4"
"军官"	0	0	0	1	0.365	0.053	0.116	0.466	-0.197	-0.024	-0.054	0.332	0.607	"4"
"军营"	0	0	0	1	0.365	0.053	0.116	0.466	-0.197	-0.024	-0.054	0.332	0.607	"4"
"农人"	0	0	0	1	0.365	0.053	0.116	0.466	-0.197	-0.024	-0.054	0.332	0.607	"4"
"农村"	4	0	0	1	1.824	0.265	0.581	2.33	1.203	-0.118	-0.268	-0.633	2.222	"1"
"农民"	3	1	0	4	2.919	0.424	0.929	3.728	0.217	0.452	-0.429	0.252	1.35	"2"
"冲日"	1	0	0	0	0.365	0.053	0.116	0.466	0.438	-0.024	-0.054	-0.272	0.788	"1"
"冷曲"	0	0	0	1	0.365	0.053	0.116	0.466	-0.197	-0.024	-0.054	0.332	0.607	"4"
"准备金率"	1	0	0	0	0.365	0.053	0.116	0.466	0.438	-0.024	-0.054	-0.272	0.788	"1"
"凋落"	0	0	1	0	0.365	0.053	0.116	0.466	-0.197	-0.024	0.935	-0.272	1.428	"3"
"出发点"	2	0	0	0	0.73	0.106	0.232	0.932	0.876	-0.047	-0.107	-0.545	1.575	"1"
"出殡"	0	0	1	0	0.365	0.053	0.116	0.466	-0.197	-0.024	0.935	-0.272	1.428	"3"
"出行"	0	1	0	0	0.365	0.053	0.116	0.466	-0.197	1.276	-0.054	-0.272	1.799	"2"
"分享"	0	0	0	1	0.365	0.053	0.116	0.466	-0.197	-0.024	-0.054	0.332	0.607	"4"
"分居"	0	0	1	0	0.365	0.053	0.116	0.466	-0.197	-0.024	0.935	-0.272	1.428	"3"
"切实"	2	0	0	0	0.73	0.106	0.232	0.932	0.876	-0.047	-0.107	-0.545	1.575	"1"
"创作"	0	0	0	1	0.365	0.053	0.116	0.466	-0.197	-0.024	-0.054	0.332	0.607	"4"
"创作人员"	0	0	1	0	0.365	0.053	0.116	0.466	-0.197	-0.024	0.935	-0.272	1.428	"3"
"创意"	0	0	0	2	0.73	0.106	0.232	0.932	-0.394	-0.047	-0.107	0.663	1.211	"4"
"创造"	1	0	0	3	1.459	0.212	0.465	1.864	-0.27	-0.095	-0.214	0.579	1.158	"4"
"创造出"	0	0	0	1	0.365	0.053	0.116	0.466	-0.197	-0.024	-0.054	0.332	0.607	"4"
"制度"	4	0	0	0	1.459	0.212	0.465	1.864	1.752	-0.095	-0.214	-1.09	3.151	"1"
"刺绣"	0	0	0	1	0.365	0.053	0.116	0.466	-0.197	-0.024	-0.054	0.332	0.607	"4"
"刻苦耐劳"	0	0	0	1	0.365	0.053	0.116	0.466	-0.197	-0.024	-0.054	0.332	0.607	"4"
"剩"	0	0	0	1	0.365	0.053	0.116	0.466	-0.197	-0.024	-0.054	0.332	0.607	"4"
"加勒比海"	0	0	0	1	0.365	0.053	0.116	0.466	-0.197	-0.024	-0.054	0.332	0.607	"4"
"加学"	1	0	0	0	0.365	0.053	0.116	0.466	0.438	-0.024	-0.054	-0.272	0.788	"1"
"加护"	0	0	0	1	0.365	0.053	0.116	0.466	-0.197	-0.024	-0.054	0.332	0.607	"4"
"加油"	0	0	1	0	0.365	0.053	0.116	0.466	-0.197	-0.024	0.935	-0.272	1.428	"3"
"动脉"	0	0	0	1	0.365	0.053	0.116	0.466	-0.197	-0.024	-0.054	0.332	0.607	"4"
"努瓦克"	1	0	0	0	0.365	0.053	0.116	0.466	0.438	-0.024	-0.054	-0.272	0.788	"1"
"劳动"	1	0	0	1	0.73	0.106	0.232	0.932	0.224	-0.047	-0.107	0.146	0.524	"1"
"劳模"	1	0	0	0	0.365	0.053	0.116	0.466	0.438	-0.024	-0.054	-0.272	0.788	"1"
"勇敢"	0	0	1	0	0.365	0.053	0.116	0.466	-0.197	-0.024	0.935	-0.272	1.428	"3"
"勇气"	0	0	1	0	0.365	0.053	0.116	0.466	-0.197	-0.024	0.935	-0.272	1.428	"3"
"勉励"	1	0	0	0	0.365	0.053	0.116	0.466	0.438	-0.024	-0.054	-0.272	0.788	"1"
"募款"	0	0	1	0	0.365	0.053	0.116	0.466	-0.197	-0.024	0.935	-0.272	1.428	"3"
"化为"	0	0	0	1	0.365	0.053	0.116	0.466	-0.197	-0.024	-0.054	0.332	0.607	"4"
"化作"	0	0	1	0	0.365	0.053	0.116	0.466	-0.197	-0.024	0.935	-0.272	1.428	"3"
"区内"	0	0	0	1	0.365	0.053	0.116	0.466	-0.197	-0.024	-0.054	0.332	0.607	"4"
"医学"	0	0	0	2	0.73	0.106	0.232	0.932	-0.394	-0.047	-0.107	0.663	1.211	"4"
"医学谷"	0	0	1	0	0.365	0.053	0.116	0.466	-0.197	-0.024	0.935	-0.272	1.428	"3"
"十分"	1	0	0	0	0.365	0.053	0.116	0.466	0.438	-0.024	-0.054	-0.272	0.788	"1"
"千"	0	0	1	1	0.73	0.106	0.232	0.932	-0.394	-0.047	0.66	0.146	1.247	"3"
"协荣"	0	0	0	1	0.365	0.053	0.116	0.466	-0.197	-0.024	-0.054	0.332	0.607	"4"
"单亲家庭"	0	0	0	1	0.365	0.053	0.116	0.466	-0.197	-0.024	-0.054	0.332	0.607	"4"
"单调"	0	0	0	1	0.365	0.053	0.116	0.466	-0.197	-0.024	-0.054	0.332	0.607	"4"
"南疆"	1	0	0	0	0.365	0.053	0.116	0.466	0.438	-0.024	-0.054	-0.272	0.788	"1"
"占据"	0	0	0	1	0.365	0.053	0.116	0.466	-0.197	-0.024	-0.054	0.332	0.607	"4"
"印记"	0	0	1	0	0.365	0.053	0.116	0.466	-0.197	-0.024	0.935	-0.272	1.428	"3"
"危急"	1	0	0	1	0.73	0.106	0.232	0.932	0.224	-0.047	-0.107	0.146	0.524	"1"
"危险"	0	0	0	8	2.919	0.424	0.929	3.728	-1.577	-0.189	-0.429	2.653	4.848	"4"
"压力"	2	0	0	5	2.554	0.371	0.813	3.262	-0.302	-0.166	-0.375	0.758	1.601	"4"
"压抑"	0	0	0	1	0.365	0.053	0.116	0.466	-0.197	-0.024	-0.054	0.332	0.607	"4"
"压迫"	0	0	0	1	0.365	0.053	0.116	0.466	-0.197	-0.024	-0.054	0.332	0.607	"4"
"厌倦"	0	0	0	1	0.365	0.053	0.116	0.466	-0.197	-0.024	-0.054	0.332	0.607	"4"
"原有"	0	0	0	1	0.365	0.053	0.116	0.466	-0.197	-0.024	-0.054	0.332	0.607	"4"
"及至"	0	0	0	1	0.365	0.053	0.116	0.466	-0.197	-0.024	-0.054	0.332	0.607	"4"
"反映"	1	0	0	1	0.73	0.106	0.232	0.932	0.224	-0.047	-0.107	0.146	0.524	"1"
"发挥"	0	0	0	1	0.365	0.053	0.116	0.466	-0.197	-0.024	-0.054	0.332	0.607	"4"
"发放"	2	0	0	1	1.094	0.159	0.348	1.398	0.52	-0.071	-0.161	-0.259	1.011	"1"
"发片"	0	0	0	1	0.365	0.053	0.116	0.466	-0.197	-0.024	-0.054	0.332	0.607	"4"
"受之无愧"	0	0	0	1	0.365	0.053	0.116	0.466	-0.197	-0.024	-0.054	0.332	0.607	"4"
"受到"	0	0	0	3	1.094	0.159	0.348	1.398	-0.591	-0.071	-0.161	0.995	1.818	"4"
"变化"	3	0	0	2	1.824	0.265	0.581	2.33	0.587	-0.118	-0.268	-0.249	1.222	"1"
"变得"	0	0	0	3	1.094	0.159	0.348	1.398	-0.591	-0.071	-0.161	0.995	1.818	"4"
"古典乐"	0	0	0	2	0.73	0.106	0.232	0.932	-0.394	-0.047	-0.107	0.663	1.211	"4"
"可歌可泣"	0	0	1	0	0.365	0.053	0.116	0.466	-0.197	-0.024	0.935	-0.272	1.428	"3"
"各族"	1	0	0	0	0.365	0.053	0.116	0.466	0.438	-0.024	-0.054	-0.272	0.788	"1"
"合为"	1	0	0	0	0.365	0.053	0.116	0.466	0.438	-0.024	-0.054	-0.272	0.788	"1"
"合演"	0	0	1	0	0.365	0.053	0.116	0.466	-0.197	-0.024	0.935	-0.272	1.428	"3"
"吉卜赛人"	2	0	0	0	0.73	0.106	0.232	0.932	0.876	-0.047	-0.107	-0.545	1.575	"1"
"向往"	1	0	0	0	0.365	0.053	0.116	0.466	0.438	-0.024	-0.054	-0.272	0.788	"1"
"向日葵"	0	0	0	1	0.365	0.053	0.116	0.466	-0.197	-0.024	-0.054	0.332	0.607	"4"
"启发"	0	0	0	1	0.365	0.053	0.116	0.466	-0.197	-0.024	-0.054	0.332	0.607	"4"
"吸烟"	0	2	0	0	0.73	0.106	0.232	0.932	-0.394	2.551	-0.107	-0.545	3.597	"2"
"吻合"	0	0	0	1	0.365	0.053	0.116	0.466	-0.197	-0.024	-0.054	0.332	0.607	"4"
"呈现"	0	0	0	1	0.365	0.053	0.116	0.466	-0.197	-0.024	-0.054	0.332	0.607	"4"
"呈现给"	0	0	1	0	0.365	0.053	0.116	0.466	-0.197	-0.024	0.935	-0.272	1.428	"3"
"告别"	0	0	0	1	0.365	0.053	0.116	0.466	-0.197	-0.024	-0.054	0.332	0.607	"4"
"告诉人"	0	0	0	1	0.365	0.053	0.116	0.466	-0.197	-0.024	-0.054	0.332	0.607	"4"
"呛"	0	0	0	1	0.365	0.053	0.116	0.466	-0.197	-0.024	-0.054	0.332	0.607	"4"
"周围"	0	0	0	1	0.365	0.053	0.116	0.466	-0.197	-0.024	-0.054	0.332	0.607	"4"
"周期"	0	0	0	1	0.365	0.053	0.116	0.466	-0.197	-0.024	-0.054	0.332	0.607	"4"
"呵护"	0	0	0	1	0.365	0.053	0.116	0.466	-0.197	-0.024	-0.054	0.332	0.607	"4"
"命"	0	0	0	1	0.365	0.053	0.116	0.466	-0.197	-0.024	-0.054	0.332	0.607	"4"
"命脉"	0	0	0	1	0.365	0.053	0.116	0.466	-0.197	-0.024	-0.054	0.332	0.607	"4"
"和乐"	0	0	0	1	0.365	0.053	0.116	0.466	-0.197	-0.024	-0.054	0.332	0.607	"4"
"品味"	0	0	0	1	0.365	0.053	0.116	0.466	-0.197	-0.024	-0.054	0.332	0.607	"4"
"品质"	0	0	0	1	0.365	0.053	0.116	0.466	-0.197	-0.024	-0.054	0.332	0.607	"4"
"响"	1	0	0	0	0.365	0.053	0.116	0.466	0.438	-0.024	-0.054	-0.272	0.788	"1"
"哭"	0	0	0	1	0.365	0.053	0.116	0.466	-0.197	-0.024	-0.054	0.332	0.607	"4"
"唱歌"	0	0	0	2	0.73	0.106	0.232	0.932	-0.394	-0.047	-0.107	0.663	1.211	"4"
"善"	1	0	1	0	0.73	0.106	0.232	0.932	0.224	-0.047	0.66	-0.545	1.476	"3"
"喇嘛"	1	0	0	0	0.365	0.053	0.116	0.466	0.438	-0.024	-0.054	-0.272	0.788	"1"
"喜乐"	0	0	1	0	0.365	0.053	0.116	0.466	-0.197	-0.024	0.935	-0.272	1.428	"3"
"四体"	1	0	0	0	0.365	0.053	0.116	0.466	0.438	-0.024	-0.054	-0.272	0.788	"1"
"回良玉"	1	0	0	0	0.365	0.053	0.116	0.466	0.438	-0.024	-0.054	-0.272	0.788	"1"
"困苦"	1	0	0	0	0.365	0.053	0.116	0.466	0.438	-0.024	-0.054	-0.272	0.788	"1"
"困难"	5	0	0	3	2.919	0.424	0.929	3.728	0.906	-0.189	-0.429	-0.357	1.881	"1"
"国人"	1	0	0	3	1.459	0.212	0.465	1.864	-0.27	-0.095	-0.214	0.579	1.158	"4"
"国库署"	0	0	0	1	0.365	0.053	0.116	0.466	-0.197	-0.024	-0.054	0.332	0.607	"4"
"国有企业"	2	0	0	0	0.73	0.106	0.232	0.932	0.876	-0.047	-0.107	-0.545	1.575	"1"
"圆圈"	0	0	1	0	0.365	0.053	0.116	0.466	-0.197	-0.024	0.935	-0.272	1.428	"3"
"土生"	0	0	0	1	0.365	0.053	0.116	0.466	-0.197	-0.024	-0.054	0.332	0.607	"4"
"在一起"	0	0	2	0	0.73	0.106	0.232	0.932	-0.394	-0.047	1.87	-0.545	2.856	"3"
"地层"	0	0	0	1	0.365	0.053	0.116	0.466	-0.197	-0.024	-0.054	0.332	0.607	"4"
"地球"	0	0	0	2	0.73	0.106	0.232	0.932	-0.394	-0.047	-0.107	0.663	1.211	"4"
"坚守"	0	0	0	1	0.365	0.053	0.116	0.466	-0.197	-0.024	-0.054	0.332	0.607	"4"
"垂危"	0	0	3	0	1.094	0.159	0.348	1.398	-0.591	-0.071	2.805	-0.817	4.284	"3"
"垃圾"	0	0	0	4	1.459	0.212	0.465	1.864	-0.788	-0.095	-0.214	1.326	2.423	"4"
"城"	0	0	0	1	0.365	0.053	0.116	0.466	-0.197	-0.024	-0.054	0.332	0.607	"4"
"城乡"	4	1	0	0	1.824	0.265	0.581	2.33	1.203	0.623	-0.268	-1.362	3.456	"4"
"城市"	5	0	0	5	3.648	0.53	1.161	4.66	0.55	-0.237	-0.536	0.27	1.593	"1"
"城镇"	1	0	0	0	0.365	0.053	0.116	0.466	0.438	-0.024	-0.054	-0.272	0.788	"1"
"培养"	0	0	0	1	0.365	0.053	0.116	0.466	-0.197	-0.024	-0.054	0.332	0.607	"4"
"基本"	16	1	0	1	6.567	0.954	2.091	8.388	5.187	0.204	-0.965	-3.682	10.038	"1"
"基调"	0	1	0	0	0.365	0.053	0.116	0.466	-0.197	1.276	-0.054	-0.272	1.799	"2"
"填埋"	0	0	0	1	0.365	0.053	0.116	0.466	-0.197	-0.024	-0.054	0.332	0.607	"4"
"处处"	0	0	0	1	0.365	0.053	0.116	0.466	-0.197	-0.024	-0.054	0.332	0.607	"4"
"夏秋冬"	0	0	0	1	0.365	0.053	0.116	0.466	-0.197	-0.024	-0.054	0.332	0.607	"4"
"外国人"	1	0	0	0	0.365	0.053	0.116	0.466	0.438	-0.024	-0.054	-0.272	0.788	"1"
"外籍新"	0	0	0	1	0.365	0.053	0.116	0.466	-0.197	-0.024	-0.054	0.332	0.607	"4"
"多么"	1	2	0	0	1.094	0.159	0.348	1.398	-0.156	2.09	-0.161	-0.817	3.224	"2"
"多彩"	0	0	0	1	0.365	0.053	0.116	0.466	-0.197	-0.024	-0.054	0.332	0.607	"4"
"多采"	0	0	0	1	0.365	0.053	0.116	0.466	-0.197	-0.024	-0.054	0.332	0.607	"4"
"大学"	0	0	0	1	0.365	0.053	0.116	0.466	-0.197	-0.024	-0.054	0.332	0.607	"4"
"大老"	0	0	1	0	0.365	0.053	0.116	0.466	-0.197	-0.024	0.935	-0.272	1.428	"3"
"大连市"	1	1	0	0	0.73	0.106	0.232	0.932	0.224	0.986	-0.107	-0.545	1.862	"2"
"天使"	0	0	1	0	0.365	0.053	0.116	0.466	-0.197	-0.024	0.935	-0.272	1.428	"3"
"夫妻"	0	0	0	2	0.73	0.106	0.232	0.932	-0.394	-0.047	-0.107	0.663	1.211	"4"
"夫妻俩"	0	0	0	1	0.365	0.053	0.116	0.466	-0.197	-0.024	-0.054	0.332	0.607	"4"
"失业"	4	0	0	0	1.459	0.212	0.465	1.864	1.752	-0.095	-0.214	-1.09	3.151	"1"
"失依"	0	0	0	1	0.365	0.053	0.116	0.466	-0.197	-0.024	-0.054	0.332	0.607	"4"
"失去"	0	0	0	4	1.459	0.212	0.465	1.864	-0.788	-0.095	-0.214	1.326	2.423	"4"
"失序"	1	0	0	0	0.365	0.053	0.116	0.466	0.438	-0.024	-0.054	-0.272	0.788	"1"
"夺"	0	0	1	0	0.365	0.053	0.116	0.466	-0.197	-0.024	0.935	-0.272	1.428	"3"
"夺去"	0	0	5	0	1.824	0.265	0.581	2.33	-0.986	-0.118	4.675	-1.362	7.141	"3"
"夺取"	0	0	1	0	0.365	0.053	0.116	0.466	-0.197	-0.024	0.935	-0.272	1.428	"3"
"夺走"	0	0	1	0	0.365	0.053	0.116	0.466	-0.197	-0.024	0.935	-0.272	1.428	"3"
"奢侈"	0	0	0	1	0.365	0.053	0.116	0.466	-0.197	-0.024	-0.054	0.332	0.607	"4"
"奥秘"	0	0	0	1	0.365	0.053	0.116	0.466	-0.197	-0.024	-0.054	0.332	0.607	"4"
"女兵"	0	0	1	0	0.365	0.053	0.116	0.466	-0.197	-0.024	0.935	-0.272	1.428	"3"
"她们"	1	0	0	0	0.365	0.053	0.116	0.466	0.438	-0.024	-0.054	-0.272	0.788	"1"
"好了"	0	0	0	2	0.73	0.106	0.232	0.932	-0.394	-0.047	-0.107	0.663	1.211	"4"
"好客"	0	0	1	0	0.365	0.053	0.116	0.466	-0.197	-0.024	0.935	-0.272	1.428	"3"
"好言相劝"	0	0	1	0	0.365	0.053	0.116	0.466	-0.197	-0.024	0.935	-0.272	1.428	"3"
"如常"	0	0	0	3	1.094	0.159	0.348	1.398	-0.591	-0.071	-0.161	0.995	1.818	"4"
"如此"	0	0	0	1	0.365	0.053	0.116	0.466	-0.197	-0.024	-0.054	0.332	0.607	"4"
"妥善"	1	0	0	0	0.365	0.053	0.116	0.466	0.438	-0.024	-0.054	-0.272	0.788	"1"
"始"	0	0	0	1	0.365	0.053	0.116	0.466	-0.197	-0.024	-0.054	0.332	0.607	"4"
"始终如一"	0	0	1	0	0.365	0.053	0.116	0.466	-0.197	-0.024	0.935	-0.272	1.428	"3"
"姿"	0	0	0	1	0.365	0.053	0.116	0.466	-0.197	-0.024	-0.054	0.332	0.607	"4"
"威胁"	1	0	0	2	1.094	0.159	0.348	1.398	-0.156	-0.071	-0.161	0.348	0.736	"4"
"娱乐"	0	0	0	1	0.365	0.053	0.116	0.466	-0.197	-0.024	-0.054	0.332	0.607	"4"
"婚内性"	0	0	0	1	0.365	0.053	0.116	0.466	-0.197	-0.024	-0.054	0.332	0.607	"4"
"婚后"	0	0	0	1	0.365	0.053	0.116	0.466	-0.197	-0.024	-0.054	0.332	0.607	"4"
"婚姻"	0	0	2	0	0.73	0.106	0.232	0.932	-0.394	-0.047	1.87	-0.545	2.856	"3"
"子女"	0	0	0	3	1.094	0.159	0.348	1.398	-0.591	-0.071	-0.161	0.995	1.818	"4"
"孕育"	0	0	0	1	0.365	0.053	0.116	0.466	-0.197	-0.024	-0.054	0.332	0.607	"4"
"存在"	0	0	0	2	0.73	0.106	0.232	0.932	-0.394	-0.047	-0.107	0.663	1.211	"4"
"孤儿"	0	0	0	1	0.365	0.053	0.116	0.466	-0.197	-0.024	-0.054	0.332	0.607	"4"
"孤独"	0	0	0	1	0.365	0.053	0.116	0.466	-0.197	-0.024	-0.054	0.332	0.607	"4"
"学习"	4	0	0	4	2.919	0.424	0.929	3.728	0.487	-0.189	-0.429	0.252	1.357	"1"
"学科"	0	0	0	1	0.365	0.053	0.116	0.466	-0.197	-0.024	-0.054	0.332	0.607	"4"
"学院"	0	0	0	1	0.365	0.053	0.116	0.466	-0.197	-0.024	-0.054	0.332	0.607	"4"
"孩"	1	0	0	0	0.365	0.053	0.116	0.466	0.438	-0.024	-0.054	-0.272	0.788	"1"
"孩子"	1	0	0	4	1.824	0.265	0.581	2.33	-0.398	-0.118	-0.268	0.83	1.614	"4"
"安乐"	1	0	0	0	0.365	0.053	0.116	0.466	0.438	-0.024	-0.054	-0.272	0.788	"1"
"安全"	16	0	0	0	5.837	0.848	1.858	7.456	7.007	-0.378	-0.858	-4.36	12.603	"1"
"安定"	2	0	0	1	1.094	0.159	0.348	1.398	0.52	-0.071	-0.161	-0.259	1.011	"1"
"安心"	1	0	0	1	0.73	0.106	0.232	0.932	0.224	-0.047	-0.107	0.146	0.524	"1"
"安排"	1	0	0	2	1.094	0.159	0.348	1.398	-0.156	-0.071	-0.161	0.348	0.736	"4"
"安排好"	1	0	0	0	0.365	0.053	0.116	0.466	0.438	-0.024	-0.054	-0.272	0.788	"1"
"安置"	1	0	0	0	0.365	0.053	0.116	0.466	0.438	-0.024	-0.054	-0.272	0.788	"1"
"安置点"	0	0	0	1	0.365	0.053	0.116	0.466	-0.197	-0.024	-0.054	0.332	0.607	"4"
"官兵"	1	0	0	0	0.365	0.053	0.116	0.466	0.438	-0.024	-0.054	-0.272	0.788	"1"
"宝贵"	0	0	0	3	1.094	0.159	0.348	1.398	-0.591	-0.071	-0.161	0.995	1.818	"4"
"实实在在"	0	0	1	0	0.365	0.053	0.116	0.466	-0.197	-0.024	0.935	-0.272	1.428	"3"
"实录"	0	0	0	1	0.365	0.053	0.116	0.466	-0.197	-0.024	-0.054	0.332	0.607	"4"
"实际"	0	0	0	1	0.365	0.053	0.116	0.466	-0.197	-0.024	-0.054	0.332	0.607	"4"
"实验"	0	0	0	1	0.365	0.053	0.116	0.466	-0.197	-0.024	-0.054	0.332	0.607	"4"
"实验室主"	0	0	0	1	0.365	0.053	0.116	0.466	-0.197	-0.024	-0.054	0.332	0.607	"4"
"家人"	0	0	0	2	0.73	0.106	0.232	0.932	-0.394	-0.047	-0.107	0.663	1.211	"4"
"家务"	0	0	1	0	0.365	0.053	0.116	0.466	-0.197	-0.024	0.935	-0.272	1.428	"3"
"家居"	0	0	0	1	0.365	0.053	0.116	0.466	-0.197	-0.024	-0.054	0.332	0.607	"4"
"家庭"	1	0	0	6	2.554	0.371	0.813	3.262	-0.679	-0.166	-0.375	1.366	2.586	"4"
"家门"	0	0	0	1	0.365	0.053	0.116	0.466	-0.197	-0.024	-0.054	0.332	0.607	"4"
"寄宿"	0	0	0	1	0.365	0.053	0.116	0.466	-0.197	-0.024	-0.054	0.332	0.607	"4"
"密切"	0	0	0	2	0.73	0.106	0.232	0.932	-0.394	-0.047	-0.107	0.663	1.211	"4"
"密封"	0	0	0	1	0.365	0.053	0.116	0.466	-0.197	-0.024	-0.054	0.332	0.607	"4"
"密码"	0	0	0	3	1.094	0.159	0.348	1.398	-0.591	-0.071	-0.161	0.995	1.818	"4"
"富足"	1	0	0	0	0.365	0.053	0.116	0.466	0.438	-0.024	-0.054	-0.272	0.788	"1"
"寻找水"	0	0	0	1	0.365	0.053	0.116	0.466	-0.197	-0.024	-0.054	0.332	0.607	"4"
"寻觅"	0	0	1	0	0.365	0.053	0.116	0.466	-0.197	-0.024	0.935	-0.272	1.428	"3"
"导入"	0	0	0	1	0.365	0.053	0.116	0.466	-0.197	-0.024	-0.054	0.332	0.607	"4"
"封闭"	1	0	0	0	0.365	0.053	0.116	0.466	0.438	-0.024	-0.054	-0.272	0.788	"1"
"尊重"	0	0	0	5	1.824	0.265	0.581	2.33	-0.986	-0.118	-0.268	1.658	3.03	"4"
"小康"	6	0	0	0	2.189	0.318	0.697	2.796	2.628	-0.142	-0.322	-1.635	4.727	"1"
"小心"	0	0	0	1	0.365	0.053	0.116	0.466	-0.197	-0.024	-0.054	0.332	0.607	"4"
"小标题"	0	0	1	0	0.365	0.053	0.116	0.466	-0.197	-0.024	0.935	-0.272	1.428	"3"
"尔德纳泽"	0	0	1	0	0.365	0.053	0.116	0.466	-0.197	-0.024	0.935	-0.272	1.428	"3"
"就业"	2	0	0	0	0.73	0.106	0.232	0.932	0.876	-0.047	-0.107	-0.545	1.575	"1"
"就是"	0	0	0	3	1.094	0.159	0.348	1.398	-0.591	-0.071	-0.161	0.995	1.818	"4"
"尽量"	0	0	0	1	0.365	0.053	0.116	0.466	-0.197	-0.024	-0.054	0.332	0.607	"4"
"居"	1	0	0	0	0.365	0.053	0.116	0.466	0.438	-0.024	-0.054	-0.272	0.788	"1"
"居住"	0	0	0	2	0.73	0.106	0.232	0.932	-0.394	-0.047	-0.107	0.663	1.211	"4"
"居民"	11	0	0	2	4.743	0.689	1.51	6.058	3.278	-0.308	-0.697	-1.686	5.969	"1"
"展场"	0	0	0	1	0.365	0.053	0.116	0.466	-0.197	-0.024	-0.054	0.332	0.607	"4"
"展现"	1	0	0	0	0.365	0.053	0.116	0.466	0.438	-0.024	-0.054	-0.272	0.788	"1"
"岷县"	2	0	0	0	0.73	0.106	0.232	0.932	0.876	-0.047	-0.107	-0.545	1.575	"1"
"崇尚"	0	0	1	0	0.365	0.053	0.116	0.466	-0.197	-0.024	0.935	-0.272	1.428	"3"
"崭新"	0	0	0	1	0.365	0.053	0.116	0.466	-0.197	-0.024	-0.054	0.332	0.607	"4"
"工作"	11	1	0	5	6.202	0.901	1.974	7.922	1.773	0.219	-0.912	-0.926	3.83	"1"
"工农业"	1	0	0	0	0.365	0.053	0.116	0.466	0.438	-0.024	-0.054	-0.272	0.788	"1"
"工院"	0	0	0	1	0.365	0.053	0.116	0.466	-0.197	-0.024	-0.054	0.332	0.607	"4"
"巧思"	0	0	0	1	0.365	0.053	0.116	0.466	-0.197	-0.024	-0.054	0.332	0.607	"4"
"差异"	0	1	0	0	0.365	0.053	0.116	0.466	-0.197	1.276	-0.054	-0.272	1.799	"2"
"己"	0	1	1	0	0.73	0.106	0.232	0.932	-0.394	0.986	0.66	-0.545	2.585	"2"
"巴勒斯坦人"	0	0	1	0	0.365	0.053	0.116	0.466	-0.197	-0.024	0.935	-0.272	1.428	"3"
"市民"	1	2	0	4	2.554	0.371	0.813	3.262	-0.679	1.306	-0.375	0.371	2.731	"2"
"师生"	2	0	0	0	0.73	0.106	0.232	0.932	0.876	-0.047	-0.107	-0.545	1.575	"1"
"带出"	0	0	0	1	0.365	0.053	0.116	0.466	-0.197	-0.024	-0.054	0.332	0.607	"4"
"带来"	4	1	0	2	2.554	0.371	0.813	3.262	0.648	0.499	-0.375	-0.544	2.066	"1"
"帮助"	0	0	0	1	0.365	0.053	0.116	0.466	-0.197	-0.024	-0.054	0.332	0.607	"4"
"平凡"	0	0	1	0	0.365	0.053	0.116	0.466	-0.197	-0.024	0.935	-0.272	1.428	"3"
"平均"	0	0	0	1	0.365	0.053	0.116	0.466	-0.197	-0.024	-0.054	0.332	0.607	"4"
"平时"	0	0	0	1	0.365	0.053	0.116	0.466	-0.197	-0.024	-0.054	0.332	0.607	"4"
"平民"	1	0	1	0	0.73	0.106	0.232	0.932	0.224	-0.047	0.66	-0.545	1.476	"3"
"平衡"	0	1	0	1	0.73	0.106	0.232	0.932	-0.394	0.986	-0.107	0.146	1.633	"2"
"平静"	1	0	0	0	0.365	0.053	0.116	0.466	0.438	-0.024	-0.054	-0.272	0.788	"1"
"年事"	0	0	0	1	0.365	0.053	0.116	0.466	-0.197	-0.024	-0.054	0.332	0.607	"4"
"年轻"	0	0	2	0	0.73	0.106	0.232	0.932	-0.394	-0.047	1.87	-0.545	2.856	"3"
"年轻人"	2	0	0	0	0.73	0.106	0.232	0.932	0.876	-0.047	-0.107	-0.545	1.575	"1"
"幸福"	6	0	0	0	2.189	0.318	0.697	2.796	2.628	-0.142	-0.322	-1.635	4.727	"1"
"幽默者"	1	0	0	0	0.365	0.053	0.116	0.466	0.438	-0.024	-0.054	-0.272	0.788	"1"
"广为"	0	0	0	1	0.365	0.053	0.116	0.466	-0.197	-0.024	-0.054	0.332	0.607	"4"
"广大"	4	0	0	1	1.824	0.265	0.581	2.33	1.203	-0.118	-0.268	-0.633	2.222	"1"
"应用"	0	0	0	1	0.365	0.053	0.116	0.466	-0.197	-0.024	-0.054	0.332	0.607	"4"
"应该"	0	0	0	1	0.365	0.053	0.116	0.466	-0.197	-0.024	-0.054	0.332	0.607	"4"
"底下"	0	0	0	1	0.365	0.053	0.116	0.466	-0.197	-0.024	-0.054	0.332	0.607	"4"
"座无虚席"	0	0	1	0	0.365	0.053	0.116	0.466	-0.197	-0.024	0.935	-0.272	1.428	"3"
"延伸到"	0	0	0	1	0.365	0.053	0.116	0.466	-0.197	-0.024	-0.054	0.332	0.607	"4"
"延续"	0	0	2	0	0.73	0.106	0.232	0.932	-0.394	-0.047	1.87	-0.545	2.856	"3"
"开幕片"	0	0	1	0	0.365	0.053	0.116	0.466	-0.197	-0.024	0.935	-0.272	1.428	"3"
"引导"	0	0	0	2	0.73	0.106	0.232	0.932	-0.394	-0.047	-0.107	0.663	1.211	"4"
"弱小"	0	0	1	0	0.365	0.053	0.116	0.466	-0.197	-0.024	0.935	-0.272	1.428	"3"
"归国"	0	0	0	1	0.365	0.053	0.116	0.466	-0.197	-0.024	-0.054	0.332	0.607	"4"
"当代"	1	0	0	0	0.365	0.053	0.116	0.466	0.438	-0.024	-0.054	-0.272	0.788	"1"
"当兵"	0	0	1	0	0.365	0.053	0.116	0.466	-0.197	-0.024	0.935	-0.272	1.428	"3"
"当地"	2	0	0	2	1.459	0.212	0.465	1.864	0.334	-0.095	-0.214	0.197	0.84	"1"
"当地人"	0	0	1	0	0.365	0.053	0.116	0.466	-0.197	-0.024	0.935	-0.272	1.428	"3"
"当成"	0	0	0	1	0.365	0.053	0.116	0.466	-0.197	-0.024	-0.054	0.332	0.607	"4"
"形式化"	0	0	0	1	0.365	0.053	0.116	0.466	-0.197	-0.024	-0.054	0.332	0.607	"4"
"形态"	0	0	0	1	0.365	0.053	0.116	0.466	-0.197	-0.024	-0.054	0.332	0.607	"4"
"形成"	0	0	0	1	0.365	0.053	0.116	0.466	-0.197	-0.024	-0.054	0.332	0.607	"4"
"影响"	8	4	0	6	6.567	0.954	2.091	8.388	0.497	1.877	-0.965	-0.729	4.068	"2"
"影展"	0	0	1	0	0.365	0.053	0.116	0.466	-0.197	-0.024	0.935	-0.272	1.428	"3"
"彼此"	0	0	0	2	0.73	0.106	0.232	0.932	-0.394	-0.047	-0.107	0.663	1.211	"4"
"征文"	0	0	1	0	0.365	0.053	0.116	0.466	-0.197	-0.024	0.935	-0.272	1.428	"3"
"待遇"	0	0	0	1	0.365	0.053	0.116	0.466	-0.197	-0.024	-0.054	0.332	0.607	"4"
"很少"	0	1	0	0	0.365	0.053	0.116	0.466	-0.197	1.276	-0.054	-0.272	1.799	"2"
"得不到"	0	0	0	1	0.365	0.053	0.116	0.466	-0.197	-0.024	-0.054	0.332	0.607	"4"
"得到"	2	0	0	0	0.73	0.106	0.232	0.932	0.876	-0.047	-0.107	-0.545	1.575	"1"
"得来"	0	0	1	0	0.365	0.053	0.116	0.466	-0.197	-0.024	0.935	-0.272	1.428	"3"
"心系新"	0	0	0	1	0.365	0.053	0.116	0.466	-0.197	-0.024	-0.054	0.332	0.607	"4"
"必备"	0	0	0	1	0.365	0.053	0.116	0.466	-0.197	-0.024	-0.054	0.332	0.607	"4"
"必需品"	2	1	2	0	1.824	0.265	0.581	2.33	0.222	0.623	0.974	-1.362	3.181	"4"
"忙忙碌碌"	0	0	0	1	0.365	0.053	0.116	0.466	-0.197	-0.024	-0.054	0.332	0.607	"4"
"忙碌"	0	0	0	3	1.094	0.159	0.348	1.398	-0.591	-0.071	-0.161	0.995	1.818	"4"
"念"	1	0	0	1	0.73	0.106	0.232	0.932	0.224	-0.047	-0.107	0.146	0.524	"1"
"忽"	1	0	0	0	0.365	0.053	0.116	0.466	0.438	-0.024	-0.054	-0.272	0.788	"1"
"忽略"	0	0	0	1	0.365	0.053	0.116	0.466	-0.197	-0.024	-0.054	0.332	0.607	"4"
"怀孕"	0	0	1	0	0.365	0.053	0.116	0.466	-0.197	-0.024	0.935	-0.272	1.428	"3"
"态度"	0	0	0	2	0.73	0.106	0.232	0.932	-0.394	-0.047	-0.107	0.663	1.211	"4"
"怎么样"	0	0	0	1	0.365	0.053	0.116	0.466	-0.197	-0.024	-0.054	0.332	0.607	"4"
"怎样"	0	0	0	1	0.365	0.053	0.116	0.466	-0.197	-0.024	-0.054	0.332	0.607	"4"
"思维"	1	0	0	0	0.365	0.053	0.116	0.466	0.438	-0.024	-0.054	-0.272	0.788	"1"
"急救"	0	0	0	2	0.73	0.106	0.232	0.932	-0.394	-0.047	-0.107	0.663	1.211	"4"
"急诊室"	0	0	0	1	0.365	0.053	0.116	0.466	-0.197	-0.024	-0.054	0.332	0.607	"4"
"性"	0	0	0	3	1.094	0.159	0.348	1.398	-0.591	-0.071	-0.161	0.995	1.818	"4"
"性格"	0	1	0	1	0.73	0.106	0.232	0.932	-0.394	0.986	-0.107	0.146	1.633	"2"
"怨恨"	0	0	0	1	0.365	0.053	0.116	0.466	-0.197	-0.024	-0.054	0.332	0.607	"4"
"总体"	4	0	0	0	1.459	0.212	0.465	1.864	1.752	-0.095	-0.214	-1.09	3.151	"1"
"恐惧"	1	0	0	1	0.73	0.106	0.232	0.932	0.224	-0.047	-0.107	0.146	0.524	"1"
"恢复"	9	0	0	1	3.648	0.53	1.161	4.66	3.114	-0.237	-0.536	-1.737	5.624	"1"
"息息相关"	1	1	0	1	1.094	0.159	0.348	1.398	-0.156	0.822	-0.161	-0.259	1.398	"2"
"恶"	1	0	0	1	0.73	0.106	0.232	0.932	0.224	-0.047	-0.107	0.146	0.524	"1"
"恶习"	0	0	1	0	0.365	0.053	0.116	0.466	-0.197	-0.024	0.935	-0.272	1.428	"3"
"患者"	0	0	2	1	1.094	0.159	0.348	1.398	-0.591	-0.071	1.428	-0.259	2.349	"3"
"情场"	0	0	1	0	0.365	0.053	0.116	0.466	-0.197	-0.024	0.935	-0.272	1.428	"3"
"情境"	0	0	0	1	0.365	0.053	0.116	0.466	-0.197	-0.024	-0.054	0.332	0.607	"4"
"情趣"	0	0	0	1	0.365	0.053	0.116	0.466	-0.197	-0.024	-0.054	0.332	0.607	"4"
"惯"	0	0	0	1	0.365	0.053	0.116	0.466	-0.197	-0.024	-0.054	0.332	0.607	"4"
"想起"	0	0	0	1	0.365	0.053	0.116	0.466	-0.197	-0.024	-0.054	0.332	0.607	"4"
"意义"	0	0	0	3	1.094	0.159	0.348	1.398	-0.591	-0.071	-0.161	0.995	1.818	"4"
"意念"	0	0	0	1	0.365	0.053	0.116	0.466	-0.197	-0.024	-0.054	0.332	0.607	"4"
"感人"	0	0	1	0	0.365	0.053	0.116	0.466	-0.197	-0.024	0.935	-0.272	1.428	"3"
"感动"	0	0	0	1	0.365	0.053	0.116	0.466	-0.197	-0.024	-0.054	0.332	0.607	"4"
"感受"	0	0	1	1	0.73	0.106	0.232	0.932	-0.394	-0.047	0.66	0.146	1.247	"3"
"感受到"	0	0	0	1	0.365	0.053	0.116	0.466	-0.197	-0.024	-0.054	0.332	0.607	"4"
"感恩"	0	0	0	1	0.365	0.053	0.116	0.466	-0.197	-0.024	-0.054	0.332	0.607	"4"
"感情"	1	0	0	0	0.365	0.053	0.116	0.466	0.438	-0.024	-0.054	-0.272	0.788	"1"
"愿望"	1	0	0	2	1.094	0.159	0.348	1.398	-0.156	-0.071	-0.161	0.348	0.736	"4"
"懂得"	0	1	0	3	1.459	0.212	0.465	1.864	-0.788	0.708	-0.214	0.579	2.289	"1"
"成千上万"	0	0	0	1	0.365	0.053	0.116	0.466	-0.197	-0.024	-0.054	0.332	0.607	"4"
"成天"	0	0	0	1	0.365	0.053	0.116	0.466	-0.197	-0.024	-0.054	0.332	0.607	"4"
"成群"	1	0	0	0	0.365	0.053	0.116	0.466	0.438	-0.024	-0.054	-0.272	0.788	"1"
"我们"	5	2	0	5	4.378	0.636	1.394	5.592	0.337	0.885	-0.643	-0.317	2.182	"2"
"打乱"	0	0	0	1	0.365	0.053	0.116	0.466	-0.197	-0.024	-0.054	0.332	0.607	"4"
"打动"	0	0	0	1	0.365	0.053	0.116	0.466	-0.197	-0.024	-0.054	0.332	0.607	"4"
"打拼"	0	0	0	1	0.365	0.053	0.116	0.466	-0.197	-0.024	-0.054	0.332	0.607	"4"
"扰乱"	1	0	0	1	0.73	0.106	0.232	0.932	0.224	-0.047	-0.107	0.146	0.524	"1"
"扶助"	0	0	0	1	0.365	0.053	0.116	0.466	-0.197	-0.024	-0.054	0.332	0.607	"4"
"扶助金"	1	0	0	0	0.365	0.053	0.116	0.466	0.438	-0.024	-0.054	-0.272	0.788	"1"
"承受"	0	0	0	1	0.365	0.053	0.116	0.466	-0.197	-0.024	-0.054	0.332	0.607	"4"
"技能"	0	0	0	2	0.73	0.106	0.232	0.932	-0.394	-0.047	-0.107	0.663	1.211	"4"
"抉择"	0	0	1	0	0.365	0.053	0.116	0.466	-0.197	-0.024	0.935	-0.272	1.428	"3"
"抒写"	0	1	0	0	0.365	0.053	0.116	0.466	-0.197	1.276	-0.054	-0.272	1.799	"2"
"抗旱"	1	0	0	0	0.365	0.053	0.116	0.466	0.438	-0.024	-0.054	-0.272	0.788	"1"
"折损"	0	0	1	0	0.365	0.053	0.116	0.466	-0.197	-0.024	0.935	-0.272	1.428	"3"
"抢救"	0	0	2	0	0.73	0.106	0.232	0.932	-0.394	-0.047	1.87	-0.545	2.856	"3"
"抹去"	0	0	0	1	0.365	0.053	0.116	0.466	-0.197	-0.024	-0.054	0.332	0.607	"4"
"抽烟"	0	1	0	0	0.365	0.053	0.116	0.466	-0.197	1.276	-0.054	-0.272	1.799	"2"
"拉坎南宫"	1	0	0	0	0.365	0.053	0.116	0.466	0.438	-0.024	-0.054	-0.272	0.788	"1"
"拘"	0	0	0	1	0.365	0.053	0.116	0.466	-0.197	-0.024	-0.054	0.332	0.607	"4"
"择"	0	0	1	0	0.365	0.053	0.116	0.466	-0.197	-0.024	0.935	-0.272	1.428	"3"
"拯救"	0	0	1	0	0.365	0.053	0.116	0.466	-0.197	-0.024	0.935	-0.272	1.428	"3"
"指挥"	0	0	0	1	0.365	0.053	0.116	0.466	-0.197	-0.024	-0.054	0.332	0.607	"4"
"按时"	2	0	0	0	0.73	0.106	0.232	0.932	0.876	-0.047	-0.107	-0.545	1.575	"1"
"挥洒"	0	0	1	0	0.365	0.053	0.116	0.466	-0.197	-0.024	0.935	-0.272	1.428	"3"
"振玉"	0	0	1	0	0.365	0.053	0.116	0.466	-0.197	-0.024	0.935	-0.272	1.428	"3"
"挺"	0	0	0	1	0.365	0.053	0.116	0.466	-0.197	-0.024	-0.054	0.332	0.607	"4"
"挺身"	0	0	0	1	0.365	0.053	0.116	0.466	-0.197	-0.024	-0.054	0.332	0.607	"4"
"挽救"	0	0	6	0	2.189	0.318	0.697	2.796	-1.183	-0.142	5.61	-1.635	8.57	"3"
"损失"	4	0	0	1	1.824	0.265	0.581	2.33	1.203	-0.118	-0.268	-0.633	2.222	"1"
"探求"	0	0	1	0	0.365	0.053	0.116	0.466	-0.197	-0.024	0.935	-0.272	1.428	"3"
"探测"	0	0	0	1	0.365	0.053	0.116	0.466	-0.197	-0.024	-0.054	0.332	0.607	"4"
"探测仪"	0	0	0	1	0.365	0.053	0.116	0.466	-0.197	-0.024	-0.054	0.332	0.607	"4"
"提昇"	1	0	0	0	0.365	0.053	0.116	0.466	0.438	-0.024	-0.054	-0.272	0.788	"1"
"提高"	20	0	0	0	7.296	1.06	2.323	9.32	8.758	-0.473	-1.072	-5.45	15.753	"1"
"揭示"	0	0	0	1	0.365	0.053	0.116	0.466	-0.197	-0.024	-0.054	0.332	0.607	"4"
"搏"	0	0	1	0	0.365	0.053	0.116	0.466	-0.197	-0.024	0.935	-0.272	1.428	"3"
"携带"	1	0	0	0	0.365	0.053	0.116	0.466	0.438	-0.024	-0.054	-0.272	0.788	"1"
"摄影"	0	0	1	1	0.73	0.106	0.232	0.932	-0.394	-0.047	0.66	0.146	1.247	"3"
"摇篮"	0	0	1	0	0.365	0.053	0.116	0.466	-0.197	-0.024	0.935	-0.272	1.428	"3"
"改变"	0	0	0	1	0.365	0.053	0.116	0.466	-0.197	-0.024	-0.054	0.332	0.607	"4"
"改善"	18	0	0	0	6.567	0.954	2.091	8.388	7.883	-0.426	-0.965	-4.905	14.179	"1"
"改建成"	0	0	0	1	0.365	0.053	0.116	0.466	-0.197	-0.024	-0.054	0.332	0.607	"4"
"改观"	1	0	0	0	0.365	0.053	0.116	0.466	0.438	-0.024	-0.054	-0.272	0.788	"1"
"救助"	1	0	0	4	1.824	0.265	0.581	2.33	-0.398	-0.118	-0.268	0.83	1.614	"4"
"救护"	0	0	0	1	0.365	0.053	0.116	0.466	-0.197	-0.024	-0.054	0.332	0.607	"4"
"救治"	0	0	1	1	0.73	0.106	0.232	0.932	-0.394	-0.047	0.66	0.146	1.247	"3"
"教育"	0	0	0	1	0.365	0.053	0.116	0.466	-0.197	-0.024	-0.054	0.332	0.607	"4"
"散文"	0	0	1	0	0.365	0.053	0.116	0.466	-0.197	-0.024	0.935	-0.272	1.428	"3"
"文化"	3	0	0	11	5.107	0.742	1.626	6.524	-0.726	-0.331	-0.751	1.807	3.615	"4"
"文明"	2	1	0	1	1.459	0.212	0.465	1.864	0.334	0.708	-0.214	-0.438	1.694	"2"
"料理"	0	0	0	1	0.365	0.053	0.116	0.466	-0.197	-0.024	-0.054	0.332	0.607	"4"
"断指"	0	0	0	2	0.73	0.106	0.232	0.932	-0.394	-0.047	-0.107	0.663	1.211	"4"
"断送"	0	0	0	1	0.365	0.053	0.116	0.466	-0.197	-0.024	-0.054	0.332	0.607	"4"
"新加坡人"	0	1	0	2	1.094	0.159	0.348	1.398	-0.591	0.822	-0.161	0.348	1.922	"2"
"新移民村"	0	0	0	1	0.365	0.053	0.116	0.466	-0.197	-0.024	-0.054	0.332	0.607	"4"
"方便"	1	0	0	4	1.824	0.265	0.581	2.33	-0.398	-0.118	-0.268	0.83	1.614	"4"
"方式"	19	0	0	0	6.932	1.007	2.207	8.854	8.321	-0.449	-1.019	-5.177	14.966	"1"
"施行"	0	0	0	1	0.365	0.053	0.116	0.466	-0.197	-0.024	-0.054	0.332	0.607	"4"
"族"	0	0	0	1	0.365	0.053	0.116	0.466	-0.197	-0.024	-0.054	0.332	0.607	"4"
"无"	0	0	0	6	2.189	0.318	0.697	2.796	-1.183	-0.142	-0.322	1.99	3.637	"4"
"无度"	0	0	0	1	0.365	0.053	0.116	0.466	-0.197	-0.024	-0.054	0.332	0.607	"4"
"无惧"	0	0	0	1	0.365	0.053	0.116	0.466	-0.197	-0.024	-0.054	0.332	0.607	"4"
"无所"	0	0	0	1	0.365	0.053	0.116	0.466	-0.197	-0.024	-0.054	0.332	0.607	"4"
"无所不在"	0	0	0	2	0.73	0.106	0.232	0.932	-0.394	-0.047	-0.107	0.663	1.211	"4"
"无拘无束"	0	0	1	0	0.365	0.053	0.116	0.466	-0.197	-0.024	0.935	-0.272	1.428	"3"
"无数"	0	0	1	0	0.365	0.053	0.116	0.466	-0.197	-0.024	0.935	-0.272	1.428	"3"
"无畏"	0	0	0	1	0.365	0.053	0.116	0.466	-0.197	-0.024	-0.054	0.332	0.607	"4"
"无着"	0	0	0	3	1.094	0.159	0.348	1.398	-0.591	-0.071	-0.161	0.995	1.818	"4"
"无聊"	0	0	0	3	1.094	0.159	0.348	1.398	-0.591	-0.071	-0.161	0.995	1.818	"4"
"无辜"	0	0	1	0	0.365	0.053	0.116	0.466	-0.197	-0.024	0.935	-0.272	1.428	"3"
"日常"	0	13	0	0	4.743	0.689	1.51	6.058	-2.562	16.583	-0.697	-3.542	23.384	"2"
"早期"	0	0	0	2	0.73	0.106	0.232	0.932	-0.394	-0.047	-0.107	0.663	1.211	"4"
"旱情"	0	0	0	1	0.365	0.053	0.116	0.466	-0.197	-0.024	-0.054	0.332	0.607	"4"
"时代"	2	0	0	1	1.094	0.159	0.348	1.398	0.52	-0.071	-0.161	-0.259	1.011	"1"
"时光"	0	0	0	1	0.365	0.053	0.116	0.466	-0.197	-0.024	-0.054	0.332	0.607	"4"
"时刻"	1	0	0	1	0.73	0.106	0.232	0.932	0.224	-0.047	-0.107	0.146	0.524	"1"
"时有"	1	0	0	1	0.73	0.106	0.232	0.932	0.224	-0.047	-0.107	0.146	0.524	"1"
"明知"	0	0	0	1	0.365	0.053	0.116	0.466	-0.197	-0.024	-0.054	0.332	0.607	"4"
"昔日"	0	0	0	1	0.365	0.053	0.116	0.466	-0.197	-0.024	-0.054	0.332	0.607	"4"
"映"	0	0	1	0	0.365	0.053	0.116	0.466	-0.197	-0.024	0.935	-0.272	1.428	"3"
"显微镜"	0	1	0	0	0.365	0.053	0.116	0.466	-0.197	1.276	-0.054	-0.272	1.799	"2"
"显著"	1	0	0	0	0.365	0.053	0.116	0.466	0.438	-0.024	-0.054	-0.272	0.788	"1"
"晚年"	3	0	0	0	1.094	0.159	0.348	1.398	1.314	-0.071	-0.161	-0.817	2.363	"1"
"晚霞"	0	0	1	0	0.365	0.053	0.116	0.466	-0.197	-0.024	0.935	-0.272	1.428	"3"
"普通人"	1	0	0	0	0.365	0.053	0.116	0.466	0.438	-0.024	-0.054	-0.272	0.788	"1"
"暑假"	0	0	0	1	0.365	0.053	0.116	0.466	-0.197	-0.024	-0.054	0.332	0.607	"4"
"暮冬"	0	0	0	1	0.365	0.053	0.116	0.466	-0.197	-0.024	-0.054	0.332	0.607	"4"
"曲"	0	0	1	0	0.365	0.053	0.116	0.466	-0.197	-0.024	0.935	-0.272	1.428	"3"
"更"	3	2	0	7	4.378	0.636	1.394	5.592	-0.512	0.885	-0.643	0.524	2.564	"2"
"更加"	2	0	0	1	1.094	0.159	0.348	1.398	0.52	-0.071	-0.161	-0.259	1.011	"1"
"更多"	0	0	1	0	0.365	0.053	0.116	0.466	-0.197	-0.024	0.935	-0.272	1.428	"3"
"更深"	0	0	0	1	0.365	0.053	0.116	0.466	-0.197	-0.024	-0.054	0.332	0.607	"4"
"最爱"	0	0	1	0	0.365	0.053	0.116	0.466	-0.197	-0.024	0.935	-0.272	1.428	"3"
"未定之天"	0	0	0	1	0.365	0.053	0.116	0.466	-0.197	-0.024	-0.054	0.332	0.607	"4"
"未定案"	0	0	0	1	0.365	0.053	0.116	0.466	-0.197	-0.024	-0.054	0.332	0.607	"4"
"杂乱"	0	0	1	0	0.365	0.053	0.116	0.466	-0.197	-0.024	0.935	-0.272	1.428	"3"
"李晓红"	0	0	1	0	0.365	0.053	0.116	0.466	-0.197	-0.024	0.935	-0.272	1.428	"3"
"材"	0	0	0	2	0.73	0.106	0.232	0.932	-0.394	-0.047	-0.107	0.663	1.211	"4"
"村民"	1	0	0	1	0.73	0.106	0.232	0.932	0.224	-0.047	-0.107	0.146	0.524	"1"
"条"	1	0	1	1	1.094	0.159	0.348	1.398	-0.156	-0.071	0.509	-0.259	0.995	"3"
"条件"	2	0	0	1	1.094	0.159	0.348	1.398	0.52	-0.071	-0.161	-0.259	1.011	"1"
"来源"	0	0	0	4	1.459	0.212	0.465	1.864	-0.788	-0.095	-0.214	1.326	2.423	"4"
"极度"	0	0	0	1	0.365	0.053	0.116	0.466	-0.197	-0.024	-0.054	0.332	0.607	"4"
"极限"	0	0	0	1	0.365	0.053	0.116	0.466	-0.197	-0.024	-0.054	0.332	0.607	"4"
"构成"	1	0	0	1	0.73	0.106	0.232	0.932	0.224	-0.047	-0.107	0.146	0.524	"1"
"校园"	0	0	0	1	0.365	0.053	0.116	0.466	-0.197	-0.024	-0.054	0.332	0.607	"4"
"校服"	0	0	0	1	0.365	0.053	0.116	0.466	-0.197	-0.024	-0.054	0.332	0.607	"4"
"样"	0	0	0	2	0.73	0.106	0.232	0.932	-0.394	-0.047	-0.107	0.663	1.211	"4"
"核酸"	0	0	0	1	0.365	0.053	0.116	0.466	-0.197	-0.024	-0.054	0.332	0.607	"4"
"根本性"	1	0	0	0	0.365	0.053	0.116	0.466	0.438	-0.024	-0.054	-0.272	0.788	"1"
"楚国"	0	0	0	1	0.365	0.053	0.116	0.466	-0.197	-0.024	-0.054	0.332	0.607	"4"
"正常"	14	0	0	0	5.107	0.742	1.626	6.524	6.131	-0.331	-0.751	-3.815	11.028	"1"
"正常人"	0	0	1	0	0.365	0.053	0.116	0.466	-0.197	-0.024	0.935	-0.272	1.428	"3"
"正常化"	1	0	0	0	0.365	0.053	0.116	0.466	0.438	-0.024	-0.054	-0.272	0.788	"1"
"正念"	0	0	0	1	0.365	0.053	0.116	0.466	-0.197	-0.024	-0.054	0.332	0.607	"4"
"步入"	1	0	0	0	0.365	0.053	0.116	0.466	0.438	-0.024	-0.054	-0.272	0.788	"1"
"武汉"	0	0	0	1	0.365	0.053	0.116	0.466	-0.197	-0.024	-0.054	0.332	0.607	"4"
"死角"	1	0	0	0	0.365	0.053	0.116	0.466	0.438	-0.024	-0.054	-0.272	0.788	"1"
"残忍"	0	0	1	0	0.365	0.053	0.116	0.466	-0.197	-0.024	0.935	-0.272	1.428	"3"
"残疾人"	3	0	0	0	1.094	0.159	0.348	1.398	1.314	-0.071	-0.161	-0.817	2.363	"1"
"毁灭"	0	0	0	1	0.365	0.053	0.116	0.466	-0.197	-0.024	-0.054	0.332	0.607	"4"
"毅力"	0	0	1	0	0.365	0.053	0.116	0.466	-0.197	-0.024	0.935	-0.272	1.428	"3"
"母虎"	0	0	1	0	0.365	0.053	0.116	0.466	-0.197	-0.024	0.935	-0.272	1.428	"3"
"毕生"	0	0	1	0	0.365	0.053	0.116	0.466	-0.197	-0.024	0.935	-0.272	1.428	"3"
"毛毯"	0	0	0	1	0.365	0.053	0.116	0.466	-0.197	-0.024	-0.054	0.332	0.607	"4"
"民"	3	1	1	1	2.189	0.318	0.697	2.796	0.417	0.555	0.281	-0.84	2.093	"4"
"民众"	3	0	0	7	3.648	0.53	1.161	4.66	-0.324	-0.237	-0.536	0.914	2.011	"4"
"民政"	0	0	0	1	0.365	0.053	0.116	0.466	-0.197	-0.024	-0.054	0.332	0.607	"4"
"民许丹丹"	0	1	0	0	0.365	0.053	0.116	0.466	-0.197	1.276	-0.054	-0.272	1.799	"2"
"民谣"	0	0	0	2	0.73	0.106	0.232	0.932	-0.394	-0.047	-0.107	0.663	1.211	"4"
"气息"	0	0	0	2	0.73	0.106	0.232	0.932	-0.394	-0.047	-0.107	0.663	1.211	"4"
"水"	0	0	0	1	0.365	0.053	0.116	0.466	-0.197	-0.024	-0.054	0.332	0.607	"4"
"水准"	1	0	0	0	0.365	0.053	0.116	0.466	0.438	-0.024	-0.054	-0.272	0.788	"1"
"水平"	11	0	0	1	4.378	0.636	1.394	5.592	3.915	-0.284	-0.643	-2.21	7.052	"1"
"水沟"	0	0	0	1	0.365	0.053	0.116	0.466	-0.197	-0.024	-0.054	0.332	0.607	"4"
"水源"	0	0	0	1	0.365	0.053	0.116	0.466	-0.197	-0.024	-0.054	0.332	0.607	"4"
"水面"	0	0	0	1	0.365	0.053	0.116	0.466	-0.197	-0.024	-0.054	0.332	0.607	"4"
"永波"	0	0	1	0	0.365	0.053	0.116	0.466	-0.197	-0.024	0.935	-0.272	1.428	"3"
"永远"	1	0	0	0	0.365	0.053	0.116	0.466	0.438	-0.024	-0.054	-0.272	0.788	"1"
"求变"	0	0	0	1	0.365	0.053	0.116	0.466	-0.197	-0.024	-0.054	0.332	0.607	"4"
"汗水"	1	0	1	0	0.73	0.106	0.232	0.932	0.224	-0.047	0.66	-0.545	1.476	"3"
"沈蓉震"	0	0	1	0	0.365	0.053	0.116	0.466	-0.197	-0.024	0.935	-0.272	1.428	"3"
"沖蚀"	0	0	0	1	0.365	0.053	0.116	0.466	-0.197	-0.024	-0.054	0.332	0.607	"4"
"沙阿"	0	0	0	1	0.365	0.053	0.116	0.466	-0.197	-0.024	-0.054	0.332	0.607	"4"
"没有"	0	0	0	7	2.554	0.371	0.813	3.262	-1.38	-0.166	-0.375	2.321	4.242	"4"
"河"	0	0	0	1	0.365	0.053	0.116	0.466	-0.197	-0.024	-0.054	0.332	0.607	"4"
"油烟"	0	0	1	0	0.365	0.053	0.116	0.466	-0.197	-0.024	0.935	-0.272	1.428	"3"
"注重"	0	0	0	1	0.365	0.053	0.116	0.466	-0.197	-0.024	-0.054	0.332	0.607	"4"
"活"	1	0	1	1	1.094	0.159	0.348	1.398	-0.156	-0.071	0.509	-0.259	0.995	"3"
"活动"	0	0	1	0	0.365	0.053	0.116	0.466	-0.197	-0.024	0.935	-0.272	1.428	"3"
"流浪"	0	0	1	3	1.459	0.212	0.465	1.864	-0.788	-0.095	0.409	0.579	1.871	"1"
"浓郁"	0	0	0	1	0.365	0.053	0.116	0.466	-0.197	-0.024	-0.054	0.332	0.607	"4"
"海警"	0	0	0	2	0.73	0.106	0.232	0.932	-0.394	-0.047	-0.107	0.663	1.211	"4"
"消失"	1	0	0	0	0.365	0.053	0.116	0.466	0.438	-0.024	-0.054	-0.272	0.788	"1"
"消费"	3	0	0	2	1.824	0.265	0.581	2.33	0.587	-0.118	-0.268	-0.249	1.222	"1"
"淋巴腺"	0	0	1	0	0.365	0.053	0.116	0.466	-0.197	-0.024	0.935	-0.272	1.428	"3"
"淡马锡"	0	0	0	1	0.365	0.053	0.116	0.466	-0.197	-0.024	-0.054	0.332	0.607	"4"
"深入"	0	0	1	1	0.73	0.106	0.232	0.932	-0.394	-0.047	0.66	0.146	1.247	"3"
"深刻"	0	0	1	0	0.365	0.053	0.116	0.466	-0.197	-0.024	0.935	-0.272	1.428	"3"
"深表"	0	0	1	0	0.365	0.053	0.116	0.466	-0.197	-0.024	0.935	-0.272	1.428	"3"
"深远"	1	0	0	0	0.365	0.053	0.116	0.466	0.438	-0.024	-0.054	-0.272	0.788	"1"
"清流"	1	0	0	0	0.365	0.053	0.116	0.466	0.438	-0.024	-0.054	-0.272	0.788	"1"
"渐渐"	0	0	0	1	0.365	0.053	0.116	0.466	-0.197	-0.024	-0.054	0.332	0.607	"4"
"温纳瑞斯"	0	0	0	1	0.365	0.053	0.116	0.466	-0.197	-0.024	-0.054	0.332	0.607	"4"
"温饱"	1	0	0	0	0.365	0.053	0.116	0.466	0.438	-0.024	-0.054	-0.272	0.788	"1"
"渴望"	2	0	0	1	1.094	0.159	0.348	1.398	0.52	-0.071	-0.161	-0.259	1.011	"1"
"渴求"	1	0	0	0	0.365	0.053	0.116	0.466	0.438	-0.024	-0.054	-0.272	0.788	"1"
"湘江水"	0	0	0	1	0.365	0.053	0.116	0.466	-0.197	-0.024	-0.054	0.332	0.607	"4"
"源"	0	0	0	1	0.365	0.053	0.116	0.466	-0.197	-0.024	-0.054	0.332	0.607	"4"
"满足"	1	0	0	1	0.73	0.106	0.232	0.932	0.224	-0.047	-0.107	0.146	0.524	"1"
"激情"	0	0	1	0	0.365	0.053	0.116	0.466	-0.197	-0.024	0.935	-0.272	1.428	"3"
"灌注"	0	0	0	2	0.73	0.106	0.232	0.932	-0.394	-0.047	-0.107	0.663	1.211	"4"
"灌溉"	0	0	0	1	0.365	0.053	0.116	0.466	-0.197	-0.024	-0.054	0.332	0.607	"4"
"火"	0	0	1	0	0.365	0.053	0.116	0.466	-0.197	-0.024	0.935	-0.272	1.428	"3"
"火星"	0	0	0	2	0.73	0.106	0.232	0.932	-0.394	-0.047	-0.107	0.663	1.211	"4"
"火花"	0	0	1	0	0.365	0.053	0.116	0.466	-0.197	-0.024	0.935	-0.272	1.428	"3"
"灭绝"	0	0	0	1	0.365	0.053	0.116	0.466	-0.197	-0.024	-0.054	0.332	0.607	"4"
"灯笼"	0	0	0	1	0.365	0.053	0.116	0.466	-0.197	-0.024	-0.054	0.332	0.607	"4"
"灶"	0	1	0	0	0.365	0.053	0.116	0.466	-0.197	1.276	-0.054	-0.272	1.799	"2"
"灾"	1	0	0	0	0.365	0.053	0.116	0.466	0.438	-0.024	-0.054	-0.272	0.788	"1"
"灾区"	6	0	0	0	2.189	0.318	0.697	2.796	2.628	-0.142	-0.322	-1.635	4.727	"1"
"灾民"	3	0	0	0	1.094	0.159	0.348	1.398	1.314	-0.071	-0.161	-0.817	2.363	"1"
"点燃"	0	0	2	0	0.73	0.106	0.232	0.932	-0.394	-0.047	1.87	-0.545	2.856	"3"
"烈火"	0	0	1	0	0.365	0.053	0.116	0.466	-0.197	-0.024	0.935	-0.272	1.428	"3"
"热忱"	0	0	0	1	0.365	0.053	0.116	0.466	-0.197	-0.024	-0.054	0.332	0.607	"4"
"热泪盈眶"	0	0	0	1	0.365	0.053	0.116	0.466	-0.197	-0.024	-0.054	0.332	0.607	"4"
"热血"	1	0	0	0	0.365	0.053	0.116	0.466	0.438	-0.024	-0.054	-0.272	0.788	"1"
"热衷"	0	0	0	1	0.365	0.053	0.116	0.466	-0.197	-0.024	-0.054	0.332	0.607	"4"
"煤球"	0	1	0	0	0.365	0.053	0.116	0.466	-0.197	1.276	-0.054	-0.272	1.799	"2"
"照"	1	0	0	0	0.365	0.053	0.116	0.466	0.438	-0.024	-0.054	-0.272	0.788	"1"
"照亮"	0	0	0	1	0.365	0.053	0.116	0.466	-0.197	-0.024	-0.054	0.332	0.607	"4"
"照顾"	0	0	1	0	0.365	0.053	0.116	0.466	-0.197	-0.024	0.935	-0.272	1.428	"3"
"熟悉"	0	0	0	1	0.365	0.053	0.116	0.466	-0.197	-0.024	-0.054	0.332	0.607	"4"
"燃料"	1	0	0	0	0.365	0.053	0.116	0.466	0.438	-0.024	-0.054	-0.272	0.788	"1"
"燃烧"	0	0	0	1	0.365	0.053	0.116	0.466	-0.197	-0.024	-0.054	0.332	0.607	"4"
"爱"	0	0	0	1	0.365	0.053	0.116	0.466	-0.197	-0.024	-0.054	0.332	0.607	"4"
"爱心"	0	0	1	0	0.365	0.053	0.116	0.466	-0.197	-0.024	0.935	-0.272	1.428	"3"
"物质"	3	0	0	0	1.094	0.159	0.348	1.398	1.314	-0.071	-0.161	-0.817	2.363	"1"
"物质生活"	1	0	0	0	0.365	0.053	0.116	0.466	0.438	-0.024	-0.054	-0.272	0.788	"1"
"物资"	0	0	0	1	0.365	0.053	0.116	0.466	-0.197	-0.024	-0.054	0.332	0.607	"4"
"牵动"	0	0	1	0	0.365	0.053	0.116	0.466	-0.197	-0.024	0.935	-0.272	1.428	"3"
"特困"	1	0	0	1	0.73	0.106	0.232	0.932	0.224	-0.047	-0.107	0.146	0.524	"1"
"牺牲"	1	0	1	0	0.73	0.106	0.232	0.932	0.224	-0.047	0.66	-0.545	1.476	"3"
"状况"	3	1	0	2	2.189	0.318	0.697	2.796	0.417	0.555	-0.322	-0.388	1.682	"2"
"独立"	1	1	0	1	1.094	0.159	0.348	1.398	-0.156	0.822	-0.161	-0.259	1.398	"2"
"独身"	0	0	0	1	0.365	0.053	0.116	0.466	-0.197	-0.024	-0.054	0.332	0.607	"4"
"献出"	0	0	0	2	0.73	0.106	0.232	0.932	-0.394	-0.047	-0.107	0.663	1.211	"4"
"环"	0	0	0	1	0.365	0.053	0.116	0.466	-0.197	-0.024	-0.054	0.332	0.607	"4"
"环境"	7	0	0	1	2.919	0.424	0.929	3.728	2.329	-0.189	-0.429	-1.278	4.225	"1"
"现今"	0	0	0	2	0.73	0.106	0.232	0.932	-0.394	-0.047	-0.107	0.663	1.211	"4"
"现代"	0	0	1	3	1.459	0.212	0.465	1.864	-0.788	-0.095	0.409	0.579	1.871	"1"
"现代人"	0	0	0	2	0.73	0.106	0.232	0.932	-0.394	-0.047	-0.107	0.663	1.211	"4"
"现实"	0	0	0	4	1.459	0.212	0.465	1.864	-0.788	-0.095	-0.214	1.326	2.423	"4"
"珊妮"	0	0	0	1	0.365	0.053	0.116	0.466	-0.197	-0.024	-0.054	0.332	0.607	"4"
"理念"	0	1	0	0	0.365	0.053	0.116	0.466	-0.197	1.276	-0.054	-0.272	1.799	"2"
"理财"	0	1	0	0	0.365	0.053	0.116	0.466	-0.197	1.276	-0.054	-0.272	1.799	"2"
"琐事"	0	0	0	1	0.365	0.053	0.116	0.466	-0.197	-0.024	-0.054	0.332	0.607	"4"
"琳"	0	0	0	1	0.365	0.053	0.116	0.466	-0.197	-0.024	-0.054	0.332	0.607	"4"
"甚至"	0	0	1	2	1.094	0.159	0.348	1.398	-0.591	-0.071	0.509	0.348	1.519	"1"
"生产"	12	2	0	0	5.107	0.742	1.626	6.524	3.652	0.775	-0.751	-3.815	8.993	"4"
"生产力"	0	0	0	1	0.365	0.053	0.116	0.466	-0.197	-0.024	-0.054	0.332	0.607	"4"
"生命"	1	0	1	8	3.648	0.53	1.161	4.66	-1.142	-0.237	-0.172	1.461	3.012	"4"
"生存"	0	0	1	0	0.365	0.053	0.116	0.466	-0.197	-0.024	0.935	-0.272	1.428	"3"
"生态环境"	1	0	0	0	0.365	0.053	0.116	0.466	0.438	-0.024	-0.054	-0.272	0.788	"1"
"生活"	12	2	0	14	10.215	1.484	3.252	13.049	0.519	0.355	-1.501	0.366	2.741	"3"
"生物"	0	0	0	1	0.365	0.053	0.116	0.466	-0.197	-0.024	-0.054	0.332	0.607	"4"
"用"	1	0	0	5	2.189	0.318	0.697	2.796	-0.535	-0.142	-0.322	1.093	2.092	"4"
"用作"	0	0	0	1	0.365	0.053	0.116	0.466	-0.197	-0.024	-0.054	0.332	0.607	"4"
"用品"	0	0	0	2	0.73	0.106	0.232	0.932	-0.394	-0.047	-0.107	0.663	1.211	"4"
"用尽"	0	0	1	0	0.365	0.053	0.116	0.466	-0.197	-0.024	0.935	-0.272	1.428	"3"
"用水"	0	0	0	1	0.365	0.053	0.116	0.466	-0.197	-0.024	-0.054	0.332	0.607	"4"
"用油"	0	0	0	1	0.365	0.053	0.116	0.466	-0.197	-0.024	-0.054	0.332	0.607	"4"
"电脑化"	0	0	0	1	0.365	0.053	0.116	0.466	-0.197	-0.024	-0.054	0.332	0.607	"4"
"畅所欲言"	0	0	1	0	0.365	0.053	0.116	0.466	-0.197	-0.024	0.935	-0.272	1.428	"3"
"留下"	0	0	1	0	0.365	0.053	0.116	0.466	-0.197	-0.024	0.935	-0.272	1.428	"3"
"病毒学"	0	0	0	1	0.365	0.053	0.116	0.466	-0.197	-0.024	-0.054	0.332	0.607	"4"
"痕"	0	0	0	1	0.365	0.053	0.116	0.466	-0.197	-0.024	-0.054	0.332	0.607	"4"
"痛惜"	0	0	1	0	0.365	0.053	0.116	0.466	-0.197	-0.024	0.935	-0.272	1.428	"3"
"痛绝"	0	0	0	1	0.365	0.053	0.116	0.466	-0.197	-0.024	-0.054	0.332	0.607	"4"
"痛苦"	0	0	1	0	0.365	0.053	0.116	0.466	-0.197	-0.024	0.935	-0.272	1.428	"3"
"登山"	0	0	1	0	0.365	0.053	0.116	0.466	-0.197	-0.024	0.935	-0.272	1.428	"3"
"百姓"	2	0	0	0	0.73	0.106	0.232	0.932	0.876	-0.047	-0.107	-0.545	1.575	"1"
"相去"	1	0	0	0	0.365	0.053	0.116	0.466	0.438	-0.024	-0.054	-0.272	0.788	"1"
"相处"	0	0	1	0	0.365	0.053	0.116	0.466	-0.197	-0.024	0.935	-0.272	1.428	"3"
"相当"	0	1	0	0	0.365	0.053	0.116	0.466	-0.197	1.276	-0.054	-0.272	1.799	"2"
"省思"	1	0	0	0	0.365	0.053	0.116	0.466	0.438	-0.024	-0.054	-0.272	0.788	"1"
"真实"	0	0	0	2	0.73	0.106	0.232	0.932	-0.394	-0.047	-0.107	0.663	1.211	"4"
"眷村"	0	0	2	0	0.73	0.106	0.232	0.932	-0.394	-0.047	1.87	-0.545	2.856	"3"
"眼花"	0	0	1	0	0.365	0.053	0.116	0.466	-0.197	-0.024	0.935	-0.272	1.428	"3"
"着"	7	0	2	15	8.756	1.272	2.787	11.185	-0.519	-0.568	-0.337	1.058	2.482	"4"
"知性"	0	0	0	1	0.365	0.053	0.116	0.466	-0.197	-0.024	-0.054	0.332	0.607	"4"
"短暂"	0	0	0	1	0.365	0.053	0.116	0.466	-0.197	-0.024	-0.054	0.332	0.607	"4"
"石富一"	1	0	0	0	0.365	0.053	0.116	0.466	0.438	-0.024	-0.054	-0.272	0.788	"1"
"研究"	0	0	0	3	1.094	0.159	0.348	1.398	-0.591	-0.071	-0.161	0.995	1.818	"4"
"破译"	0	0	0	2	0.73	0.106	0.232	0.932	-0.394	-0.047	-0.107	0.663	1.211	"4"
"确保"	6	0	0	1	2.554	0.371	0.813	3.262	1.945	-0.166	-0.375	-1.056	3.542	"1"
"磨灭"	0	0	1	0	0.365	0.053	0.116	0.466	-0.197	-0.024	0.935	-0.272	1.428	"3"
"磨难"	0	0	1	0	0.365	0.053	0.116	0.466	-0.197	-0.024	0.935	-0.272	1.428	"3"
"社会"	21	3	0	2	9.485	1.378	3.02	12.117	5.305	0.804	-1.394	-4.651	12.154	"1"
"社会局"	0	0	0	2	0.73	0.106	0.232	0.932	-0.394	-0.047	-0.107	0.663	1.211	"4"
"社会组"	0	1	0	0	0.365	0.053	0.116	0.466	-0.197	1.276	-0.054	-0.272	1.799	"2"
"社区"	0	0	0	1	0.365	0.053	0.116	0.466	-0.197	-0.024	-0.054	0.332	0.607	"4"
"祖上"	0	0	0	1	0.365	0.053	0.116	0.466	-0.197	-0.024	-0.054	0.332	0.607	"4"
"祖辈"	0	0	0	1	0.365	0.053	0.116	0.466	-0.197	-0.024	-0.054	0.332	0.607	"4"
"祝福"	0	0	1	1	0.73	0.106	0.232	0.932	-0.394	-0.047	0.66	0.146	1.247	"3"
"神圣"	0	0	0	1	0.365	0.053	0.116	0.466	-0.197	-0.024	-0.054	0.332	0.607	"4"
"票证"	0	0	0	1	0.365	0.053	0.116	0.466	-0.197	-0.024	-0.054	0.332	0.607	"4"
"禁区"	0	0	1	0	0.365	0.053	0.116	0.466	-0.197	-0.024	0.935	-0.272	1.428	"3"
"离"	3	0	0	2	1.824	0.265	0.581	2.33	0.587	-0.118	-0.268	-0.249	1.222	"1"
"离不开"	0	0	0	1	0.365	0.053	0.116	0.466	-0.197	-0.024	-0.054	0.332	0.607	"4"
"种种"	0	0	0	1	0.365	0.053	0.116	0.466	-0.197	-0.024	-0.054	0.332	0.607	"4"
"科什图尼察"	1	0	0	0	0.365	0.053	0.116	0.466	0.438	-0.024	-0.054	-0.272	0.788	"1"
"科学"	2	0	0	11	4.743	0.689	1.51	6.058	-1.028	-0.308	-0.697	2.238	4.271	"4"
"科学业"	0	0	1	0	0.365	0.053	0.116	0.466	-0.197	-0.024	0.935	-0.272	1.428	"3"
"秘密"	0	0	1	0	0.365	0.053	0.116	0.466	-0.197	-0.024	0.935	-0.272	1.428	"3"
"秩序"	7	0	0	0	2.554	0.371	0.813	3.262	3.065	-0.166	-0.375	-1.907	5.513	"1"
"移民"	1	0	0	0	0.365	0.053	0.116	0.466	0.438	-0.024	-0.054	-0.272	0.788	"1"
"空虚"	0	0	0	3	1.094	0.159	0.348	1.398	-0.591	-0.071	-0.161	0.995	1.818	"4"
"空间"	0	0	0	4	1.459	0.212	0.465	1.864	-0.788	-0.095	-0.214	1.326	2.423	"4"
"第十六"	0	0	1	0	0.365	0.053	0.116	0.466	-0.197	-0.024	0.935	-0.272	1.428	"3"
"简上仁"	0	0	0	2	0.73	0.106	0.232	0.932	-0.394	-0.047	-0.107	0.663	1.211	"4"
"粗茶淡饭"	0	0	1	0	0.365	0.053	0.116	0.466	-0.197	-0.024	0.935	-0.272	1.428	"3"
"精力"	0	0	1	0	0.365	0.053	0.116	0.466	-0.197	-0.024	0.935	-0.272	1.428	"3"
"精密"	0	0	0	1	0.365	0.053	0.116	0.466	-0.197	-0.024	-0.054	0.332	0.607	"4"
"精彩"	0	0	0	2	0.73	0.106	0.232	0.932	-0.394	-0.047	-0.107	0.663	1.211	"4"
"精神"	2	0	0	1	1.094	0.159	0.348	1.398	0.52	-0.071	-0.161	-0.259	1.011	"1"
"精神文明"	1	0	0	0	0.365	0.053	0.116	0.466	0.438	-0.024	-0.054	-0.272	0.788	"1"
"糜烂"	0	0	0	1	0.365	0.053	0.116	0.466	-0.197	-0.024	-0.054	0.332	0.607	"4"
"素质"	1	0	0	1	0.73	0.106	0.232	0.932	0.224	-0.047	-0.107	0.146	0.524	"1"
"索"	0	0	0	1	0.365	0.053	0.116	0.466	-0.197	-0.024	-0.054	0.332	0.607	"4"
"紧张"	1	0	0	0	0.365	0.053	0.116	0.466	0.438	-0.024	-0.054	-0.272	0.788	"1"
"繁忙"	0	0	0	1	0.365	0.053	0.116	0.466	-0.197	-0.024	-0.054	0.332	0.607	"4"
"繁殖"	1	0	0	0	0.365	0.053	0.116	0.466	0.438	-0.024	-0.054	-0.272	0.788	"1"
"红火"	0	0	0	1	0.365	0.053	0.116	0.466	-0.197	-0.024	-0.054	0.332	0.607	"4"
"纵横"	0	0	1	0	0.365	0.053	0.116	0.466	-0.197	-0.024	0.935	-0.272	1.428	"3"
"纵身"	0	0	0	1	0.365	0.053	0.116	0.466	-0.197	-0.024	-0.054	0.332	0.607	"4"
"组织表"	0	0	1	0	0.365	0.053	0.116	0.466	-0.197	-0.024	0.935	-0.272	1.428	"3"
"细胞"	0	0	0	3	1.094	0.159	0.348	1.398	-0.591	-0.071	-0.161	0.995	1.818	"4"
"经历"	0	0	2	0	0.73	0.106	0.232	0.932	-0.394	-0.047	1.87	-0.545	2.856	"3"
"结合"	1	0	0	2	1.094	0.159	0.348	1.398	-0.156	-0.071	-0.161	0.348	0.736	"4"
"结束"	0	0	1	0	0.365	0.053	0.116	0.466	-0.197	-0.024	0.935	-0.272	1.428	"3"
"绚丽"	0	0	0	1	0.365	0.053	0.116	0.466	-0.197	-0.024	-0.054	0.332	0.607	"4"
"绚烂"	0	0	0	1	0.365	0.053	0.116	0.466	-0.197	-0.024	-0.054	0.332	0.607	"4"
"绝望"	0	0	0	1	0.365	0.053	0.116	0.466	-0.197	-0.024	-0.054	0.332	0.607	"4"
"统统"	0	0	0	1	0.365	0.053	0.116	0.466	-0.197	-0.024	-0.054	0.332	0.607	"4"
"维护"	0	0	0	1	0.365	0.053	0.116	0.466	-0.197	-0.024	-0.054	0.332	0.607	"4"
"绿色"	0	0	0	1	0.365	0.053	0.116	0.466	-0.197	-0.024	-0.054	0.332	0.607	"4"
"缝补"	0	0	0	1	0.365	0.053	0.116	0.466	-0.197	-0.024	-0.054	0.332	0.607	"4"
"缩影"	0	0	0	1	0.365	0.053	0.116	0.466	-0.197	-0.024	-0.054	0.332	0.607	"4"
"缭乱"	0	0	1	0	0.365	0.053	0.116	0.466	-0.197	-0.024	0.935	-0.272	1.428	"3"
"缺乏"	1	0	0	0	0.365	0.053	0.116	0.466	0.438	-0.024	-0.054	-0.272	0.788	"1"
"缺氧"	0	0	1	0	0.365	0.053	0.116	0.466	-0.197	-0.024	0.935	-0.272	1.428	"3"
"罔顾"	1	0	0	0	0.365	0.053	0.116	0.466	0.438	-0.024	-0.054	-0.272	0.788	"1"
"罗萨"	0	0	0	1	0.365	0.053	0.116	0.466	-0.197	-0.024	-0.054	0.332	0.607	"4"
"罪恶感"	0	0	0	1	0.365	0.053	0.116	0.466	-0.197	-0.024	-0.054	0.332	0.607	"4"
"置"	0	0	0	1	0.365	0.053	0.116	0.466	-0.197	-0.024	-0.054	0.332	0.607	"4"
"美国人"	0	0	3	0	1.094	0.159	0.348	1.398	-0.591	-0.071	2.805	-0.817	4.284	"3"
"美好"	0	0	0	2	0.73	0.106	0.232	0.932	-0.394	-0.047	-0.107	0.663	1.211	"4"
"美容"	0	1	0	0	0.365	0.053	0.116	0.466	-0.197	1.276	-0.054	-0.272	1.799	"2"
"美满"	0	0	1	0	0.365	0.053	0.116	0.466	-0.197	-0.024	0.935	-0.272	1.428	"3"
"群众"	20	1	0	1	8.026	1.166	2.555	10.253	6.765	-0.172	-1.18	-4.689	12.806	"1"
"群体"	0	0	0	1	0.365	0.053	0.116	0.466	-0.197	-0.024	-0.054	0.332	0.607	"4"
"老年人"	1	0	0	0	0.365	0.053	0.116	0.466	0.438	-0.024	-0.054	-0.272	0.788	"1"
"老百姓"	0	0	0	2	0.73	0.106	0.232	0.932	-0.394	-0.047	-0.107	0.663	1.211	"4"
"职工"	5	0	0	0	1.824	0.265	0.581	2.33	2.19	-0.118	-0.268	-1.362	3.938	"1"
"肖特"	1	0	0	0	0.365	0.053	0.116	0.466	0.438	-0.024	-0.054	-0.272	0.788	"1"
"肥皂"	0	0	1	0	0.365	0.053	0.116	0.466	-0.197	-0.024	0.935	-0.272	1.428	"3"
"胚胎"	0	0	0	1	0.365	0.053	0.116	0.466	-0.197	-0.024	-0.054	0.332	0.607	"4"
"脆弱"	0	0	1	0	0.365	0.053	0.116	0.466	-0.197	-0.024	0.935	-0.272	1.428	"3"
"脉络"	0	0	0	1	0.365	0.053	0.116	0.466	-0.197	-0.024	-0.054	0.332	0.607	"4"
"脱离"	0	0	0	1	0.365	0.053	0.116	0.466	-0.197	-0.024	-0.054	0.332	0.607	"4"
"膨胀"	0	0	0	1	0.365	0.053	0.116	0.466	-0.197	-0.024	-0.054	0.332	0.607	"4"
"自"	0	0	0	1	0.365	0.053	0.116	0.466	-0.197	-0.024	-0.054	0.332	0.607	"4"
"自己"	2	1	0	9	4.378	0.636	1.394	5.592	-0.893	0.319	-0.643	1.343	3.198	"4"
"自杀"	0	0	1	0	0.365	0.053	0.116	0.466	-0.197	-0.024	0.935	-0.272	1.428	"3"
"自演"	1	0	0	0	0.365	0.053	0.116	0.466	0.438	-0.024	-0.054	-0.272	0.788	"1"
"自然"	0	0	0	3	1.094	0.159	0.348	1.398	-0.591	-0.071	-0.161	0.995	1.818	"4"
"自理"	0	0	1	0	0.365	0.053	0.116	0.466	-0.197	-0.024	0.935	-0.272	1.428	"3"
"自由"	0	0	1	0	0.365	0.053	0.116	0.466	-0.197	-0.024	0.935	-0.272	1.428	"3"
"自编"	1	0	0	0	0.365	0.053	0.116	0.466	0.438	-0.024	-0.054	-0.272	0.788	"1"
"自觉"	2	0	0	0	0.73	0.106	0.232	0.932	0.876	-0.047	-0.107	-0.545	1.575	"1"
"自认"	0	0	0	1	0.365	0.053	0.116	0.466	-0.197	-0.024	-0.054	0.332	0.607	"4"
"舒适"	0	0	0	1	0.365	0.053	0.116	0.466	-0.197	-0.024	-0.054	0.332	0.607	"4"
"良好"	1	1	0	2	1.459	0.212	0.465	1.864	-0.27	0.708	-0.214	0.197	1.389	"2"
"艰苦"	0	0	0	1	0.365	0.053	0.116	0.466	-0.197	-0.024	-0.054	0.332	0.607	"4"
"色拉寺"	0	0	1	0	0.365	0.053	0.116	0.466	-0.197	-0.024	0.935	-0.272	1.428	"3"
"艺文"	0	0	0	1	0.365	0.053	0.116	0.466	-0.197	-0.024	-0.054	0.332	0.607	"4"
"艺术"	0	0	0	7	2.554	0.371	0.813	3.262	-1.38	-0.166	-0.375	2.321	4.242	"4"
"艾滋病"	0	0	0	1	0.365	0.053	0.116	0.466	-0.197	-0.024	-0.054	0.332	0.607	"4"
"节奏"	0	0	0	1	0.365	0.053	0.116	0.466	-0.197	-0.024	-0.054	0.332	0.607	"4"
"节约"	0	0	0	1	0.365	0.053	0.116	0.466	-0.197	-0.024	-0.054	0.332	0.607	"4"
"花天酒地"	0	0	0	1	0.365	0.053	0.116	0.466	-0.197	-0.024	-0.054	0.332	0.607	"4"
"花朵"	0	0	0	1	0.365	0.053	0.116	0.466	-0.197	-0.024	-0.054	0.332	0.607	"4"
"英勇"	0	0	2	0	0.73	0.106	0.232	0.932	-0.394	-0.047	1.87	-0.545	2.856	"3"
"英华"	0	0	0	1	0.365	0.053	0.116	0.466	-0.197	-0.024	-0.054	0.332	0.607	"4"
"英雄"	0	0	0	1	0.365	0.053	0.116	0.466	-0.197	-0.024	-0.054	0.332	0.607	"4"
"获取"	0	0	0	1	0.365	0.053	0.116	0.466	-0.197	-0.024	-0.054	0.332	0.607	"4"
"菊花"	0	0	1	0	0.365	0.053	0.116	0.466	-0.197	-0.024	0.935	-0.272	1.428	"3"
"菜篮子"	1	0	0	0	0.365	0.053	0.116	0.466	0.438	-0.024	-0.054	-0.272	0.788	"1"
"萝拉"	0	0	1	0	0.365	0.053	0.116	0.466	-0.197	-0.024	0.935	-0.272	1.428	"3"
"营养"	1	0	0	0	0.365	0.053	0.116	0.466	0.438	-0.024	-0.054	-0.272	0.788	"1"
"落海"	0	0	0	2	0.73	0.106	0.232	0.932	-0.394	-0.047	-0.107	0.663	1.211	"4"
"葡人"	0	0	0	1	0.365	0.053	0.116	0.466	-0.197	-0.024	-0.054	0.332	0.607	"4"
"蒸蒸日上"	0	0	0	1	0.365	0.053	0.116	0.466	-0.197	-0.024	-0.054	0.332	0.607	"4"
"藏族"	1	0	0	0	0.365	0.053	0.116	0.466	0.438	-0.024	-0.054	-0.272	0.788	"1"
"虎林园"	0	0	1	0	0.365	0.053	0.116	0.466	-0.197	-0.024	0.935	-0.272	1.428	"3"
"虚实"	0	0	0	1	0.365	0.053	0.116	0.466	-0.197	-0.024	-0.054	0.332	0.607	"4"
"融入"	0	0	2	3	1.824	0.265	0.581	2.33	-0.986	-0.118	0.974	0.36	2.438	"1"
"融汇"	0	0	0	1	0.365	0.053	0.116	0.466	-0.197	-0.024	-0.054	0.332	0.607	"4"
"血"	0	0	1	0	0.365	0.053	0.116	0.466	-0.197	-0.024	0.935	-0.272	1.428	"3"
"行"	0	0	1	0	0.365	0.053	0.116	0.466	-0.197	-0.024	0.935	-0.272	1.428	"3"
"行恶"	0	0	0	1	0.365	0.053	0.116	0.466	-0.197	-0.024	-0.054	0.332	0.607	"4"
"行政人"	0	0	0	1	0.365	0.053	0.116	0.466	-0.197	-0.024	-0.054	0.332	0.607	"4"
"补助"	0	0	0	2	0.73	0.106	0.232	0.932	-0.394	-0.047	-0.107	0.663	1.211	"4"
"补贴"	0	0	0	1	0.365	0.053	0.116	0.466	-0.197	-0.024	-0.054	0.332	0.607	"4"
"裕"	1	0	0	0	0.365	0.053	0.116	0.466	0.438	-0.024	-0.054	-0.272	0.788	"1"
"覆盖面"	1	0	0	0	0.365	0.053	0.116	0.466	0.438	-0.024	-0.054	-0.272	0.788	"1"
"观念"	2	0	0	1	1.094	0.159	0.348	1.398	0.52	-0.071	-0.161	-0.259	1.011	"1"
"规律"	0	0	0	1	0.365	0.053	0.116	0.466	-0.197	-0.024	-0.054	0.332	0.607	"4"
"视野"	0	0	0	2	0.73	0.106	0.232	0.932	-0.394	-0.047	-0.107	0.663	1.211	"4"
"觉得"	0	1	0	3	1.459	0.212	0.465	1.864	-0.788	0.708	-0.214	0.579	2.289	"1"
"解决"	1	0	0	1	0.73	0.106	0.232	0.932	0.224	-0.047	-0.107	0.146	0.524	"1"
"解决不了"	1	0	0	0	0.365	0.053	0.116	0.466	0.438	-0.024	-0.054	-0.272	0.788	"1"
"解开"	0	0	1	0	0.365	0.053	0.116	0.466	-0.197	-0.024	0.935	-0.272	1.428	"3"
"解读"	0	0	0	1	0.365	0.053	0.116	0.466	-0.197	-0.024	-0.054	0.332	0.607	"4"
"认识"	0	0	0	1	0.365	0.053	0.116	0.466	-0.197	-0.024	-0.054	0.332	0.607	"4"
"讲求"	0	0	0	1	0.365	0.053	0.116	0.466	-0.197	-0.024	-0.054	0.332	0.607	"4"
"许文远"	0	0	0	1	0.365	0.053	0.116	0.466	-0.197	-0.024	-0.054	0.332	0.607	"4"
"设计系"	0	0	0	1	0.365	0.053	0.116	0.466	-0.197	-0.024	-0.054	0.332	0.607	"4"
"识字"	0	0	0	1	0.365	0.053	0.116	0.466	-0.197	-0.024	-0.054	0.332	0.607	"4"
"诗篇"	0	0	1	0	0.365	0.053	0.116	0.466	-0.197	-0.024	0.935	-0.272	1.428	"3"
"诠释"	0	0	0	2	0.73	0.106	0.232	0.932	-0.394	-0.047	-0.107	0.663	1.211	"4"
"课堂"	0	0	0	1	0.365	0.053	0.116	0.466	-0.197	-0.024	-0.054	0.332	0.607	"4"
"调剂"	0	1	0	0	0.365	0.053	0.116	0.466	-0.197	1.276	-0.054	-0.272	1.799	"2"
"谢瓦"	0	0	1	0	0.365	0.053	0.116	0.466	-0.197	-0.024	0.935	-0.272	1.428	"3"
"谱写"	0	0	2	0	0.73	0.106	0.232	0.932	-0.394	-0.047	1.87	-0.545	2.856	"3"
"象征"	0	0	1	0	0.365	0.053	0.116	0.466	-0.197	-0.024	0.935	-0.272	1.428	"3"
"负有"	1	0	0	0	0.365	0.053	0.116	0.466	0.438	-0.024	-0.054	-0.272	0.788	"1"
"负责"	1	0	0	0	0.365	0.053	0.116	0.466	0.438	-0.024	-0.054	-0.272	0.788	"1"
"财"	0	0	0	1	0.365	0.053	0.116	0.466	-0.197	-0.024	-0.054	0.332	0.607	"4"
"财产"	10	0	0	0	3.648	0.53	1.161	4.66	4.379	-0.237	-0.536	-2.725	7.877	"1"
"质量"	9	1	0	1	4.013	0.583	1.278	5.126	2.546	0.346	-0.59	-1.972	5.454	"1"
"贫乏"	0	0	0	1	0.365	0.053	0.116	0.466	-0.197	-0.024	-0.054	0.332	0.607	"4"
"贫困"	2	0	0	0	0.73	0.106	0.232	0.932	0.876	-0.047	-0.107	-0.545	1.575	"1"
"贫穷"	0	0	0	1	0.365	0.053	0.116	0.466	-0.197	-0.024	-0.054	0.332	0.607	"4"
"赌注"	0	0	0	1	0.365	0.053	0.116	0.466	-0.197	-0.024	-0.054	0.332	0.607	"4"
"赖以"	0	0	0	1	0.365	0.053	0.116	0.466	-0.197	-0.024	-0.054	0.332	0.607	"4"
"赞歌"	0	0	1	0	0.365	0.053	0.116	0.466	-0.197	-0.024	0.935	-0.272	1.428	"3"
"走出"	1	0	0	1	0.73	0.106	0.232	0.932	0.224	-0.047	-0.107	0.146	0.524	"1"
"走开"	0	0	1	0	0.365	0.053	0.116	0.466	-0.197	-0.024	0.935	-0.272	1.428	"3"
"走进"	0	0	0	2	0.73	0.106	0.232	0.932	-0.394	-0.047	-0.107	0.663	1.211	"4"
"起"	1	0	0	0	0.365	0.053	0.116	0.466	0.438	-0.024	-0.054	-0.272	0.788	"1"
"越来越"	2	0	0	0	0.73	0.106	0.232	0.932	0.876	-0.047	-0.107	-0.545	1.575	"1"
"足额"	2	0	0	0	0.73	0.106	0.232	0.932	0.876	-0.047	-0.107	-0.545	1.575	"1"
"跳下"	0	0	1	0	0.365	0.053	0.116	0.466	-0.197	-0.024	0.935	-0.272	1.428	"3"
"跳楼"	0	0	2	0	0.73	0.106	0.232	0.932	-0.394	-0.047	1.87	-0.545	2.856	"3"
"身体"	3	0	0	0	1.094	0.159	0.348	1.398	1.314	-0.071	-0.161	-0.817	2.363	"1"
"身心健康"	0	0	0	1	0.365	0.053	0.116	0.466	-0.197	-0.024	-0.054	0.332	0.607	"4"
"车祸"	0	0	1	0	0.365	0.053	0.116	0.466	-0.197	-0.024	0.935	-0.272	1.428	"3"
"轻伤"	0	0	1	0	0.365	0.053	0.116	0.466	-0.197	-0.024	0.935	-0.272	1.428	"3"
"轻视"	0	0	1	0	0.365	0.053	0.116	0.466	-0.197	-0.024	0.935	-0.272	1.428	"3"
"边缘"	0	0	0	1	0.365	0.053	0.116	0.466	-0.197	-0.024	-0.054	0.332	0.607	"4"
"过"	1	0	0	5	2.189	0.318	0.697	2.796	-0.535	-0.142	-0.322	1.093	2.092	"4"
"过上"	1	0	0	0	0.365	0.053	0.116	0.466	0.438	-0.024	-0.054	-0.272	0.788	"1"
"过度"	2	0	0	0	0.73	0.106	0.232	0.932	0.876	-0.047	-0.107	-0.545	1.575	"1"
"迈向"	0	0	0	1	0.365	0.053	0.116	0.466	-0.197	-0.024	-0.054	0.332	0.607	"4"
"迎接"	0	0	1	0	0.365	0.053	0.116	0.466	-0.197	-0.024	0.935	-0.272	1.428	"3"
"运动"	0	0	1	0	0.365	0.053	0.116	0.466	-0.197	-0.024	0.935	-0.272	1.428	"3"
"运动量"	0	1	0	0	0.365	0.053	0.116	0.466	-0.197	1.276	-0.054	-0.272	1.799	"2"
"返校"	1	0	0	0	0.365	0.053	0.116	0.466	0.438	-0.024	-0.054	-0.272	0.788	"1"
"返港"	0	0	0	1	0.365	0.053	0.116	0.466	-0.197	-0.024	-0.054	0.332	0.607	"4"
"这儿"	1	0	0	0	0.365	0.053	0.116	0.466	0.438	-0.024	-0.054	-0.272	0.788	"1"
"这样"	0	0	0	1	0.365	0.053	0.116	0.466	-0.197	-0.024	-0.054	0.332	0.607	"4"
"这里"	1	0	0	0	0.365	0.053	0.116	0.466	0.438	-0.024	-0.054	-0.272	0.788	"1"
"进化"	0	0	0	1	0.365	0.053	0.116	0.466	-0.197	-0.024	-0.054	0.332	0.607	"4"
"进步"	1	0	0	1	0.73	0.106	0.232	0.932	0.224	-0.047	-0.107	0.146	0.524	"1"
"远离"	0	0	0	1	0.365	0.053	0.116	0.466	-0.197	-0.024	-0.054	0.332	0.607	"4"
"迫切"	0	0	0	1	0.365	0.053	0.116	0.466	-0.197	-0.024	-0.054	0.332	0.607	"4"
"迹"	0	0	0	1	0.365	0.053	0.116	0.466	-0.197	-0.024	-0.054	0.332	0.607	"4"
"迹象"	0	0	0	3	1.094	0.159	0.348	1.398	-0.591	-0.071	-0.161	0.995	1.818	"4"
"追记"	0	0	1	0	0.365	0.053	0.116	0.466	-0.197	-0.024	0.935	-0.272	1.428	"3"
"退休"	4	0	0	1	1.824	0.265	0.581	2.33	1.203	-0.118	-0.268	-0.633	2.222	"1"
"适应"	1	0	0	3	1.459	0.212	0.465	1.864	-0.27	-0.095	-0.214	0.579	1.158	"4"
"适时"	1	0	0	0	0.365	0.053	0.116	0.466	0.438	-0.024	-0.054	-0.272	0.788	"1"
"适量"	0	1	0	0	0.365	0.053	0.116	0.466	-0.197	1.276	-0.054	-0.272	1.799	"2"
"逐步"	3	0	0	0	1.094	0.159	0.348	1.398	1.314	-0.071	-0.161	-0.817	2.363	"1"
"逐渐"	0	0	0	2	0.73	0.106	0.232	0.932	-0.394	-0.047	-0.107	0.663	1.211	"4"
"通讯"	0	0	1	0	0.365	0.053	0.116	0.466	-0.197	-0.024	0.935	-0.272	1.428	"3"
"逝去"	0	0	3	0	1.094	0.159	0.348	1.398	-0.591	-0.071	2.805	-0.817	4.284	"3"
"造成"	1	0	0	2	1.094	0.159	0.348	1.398	-0.156	-0.071	-0.161	0.348	0.736	"4"
"遇到"	1	0	0	0	0.365	0.053	0.116	0.466	0.438	-0.024	-0.054	-0.272	0.788	"1"
"遗传"	0	0	0	1	0.365	0.053	0.116	0.466	-0.197	-0.024	-0.054	0.332	0.607	"4"
"遭受"	1	0	0	1	0.73	0.106	0.232	0.932	0.224	-0.047	-0.107	0.146	0.524	"1"
"邪恶"	0	0	0	1	0.365	0.053	0.116	0.466	-0.197	-0.024	-0.054	0.332	0.607	"4"
"邮政局"	1	0	0	0	0.365	0.053	0.116	0.466	0.438	-0.024	-0.054	-0.272	0.788	"1"
"郭可盈"	0	0	1	0	0.365	0.053	0.116	0.466	-0.197	-0.024	0.935	-0.272	1.428	"3"
"郭育琪"	0	0	0	2	0.73	0.106	0.232	0.932	-0.394	-0.047	-0.107	0.663	1.211	"4"
"都市人"	0	0	0	1	0.365	0.053	0.116	0.466	-0.197	-0.024	-0.054	0.332	0.607	"4"
"酗酒"	0	0	1	0	0.365	0.053	0.116	0.466	-0.197	-0.024	0.935	-0.272	1.428	"3"
"里根"	0	0	0	1	0.365	0.053	0.116	0.466	-0.197	-0.024	-0.054	0.332	0.607	"4"
"重"	0	0	0	1	0.365	0.053	0.116	0.466	-0.197	-0.024	-0.054	0.332	0.607	"4"
"重大"	2	0	0	0	0.73	0.106	0.232	0.932	0.876	-0.047	-0.107	-0.545	1.575	"1"
"重建区"	0	0	0	1	0.365	0.053	0.116	0.466	-0.197	-0.024	-0.054	0.332	0.607	"4"
"重影"	1	0	0	0	0.365	0.053	0.116	0.466	0.438	-0.024	-0.054	-0.272	0.788	"1"
"重拾"	0	0	1	0	0.365	0.053	0.116	0.466	-0.197	-0.024	0.935	-0.272	1.428	"3"
"重要"	0	0	1	2	1.094	0.159	0.348	1.398	-0.591	-0.071	0.509	0.348	1.519	"1"
"鉅大"	0	0	0	1	0.365	0.053	0.116	0.466	-0.197	-0.024	-0.054	0.332	0.607	"4"
"铭记"	0	0	0	3	1.094	0.159	0.348	1.398	-0.591	-0.071	-0.161	0.995	1.818	"4"
"长寿"	0	0	1	0	0.365	0.053	0.116	0.466	-0.197	-0.024	0.935	-0.272	1.428	"3"
"长沙市区"	0	0	0	1	0.365	0.053	0.116	0.466	-0.197	-0.024	-0.054	0.332	0.607	"4"
"防水"	0	0	1	0	0.365	0.053	0.116	0.466	-0.197	-0.024	0.935	-0.272	1.428	"3"
"防范"	1	0	0	1	0.73	0.106	0.232	0.932	0.224	-0.047	-0.107	0.146	0.524	"1"
"附赠"	0	0	0	1	0.365	0.053	0.116	0.466	-0.197	-0.024	-0.054	0.332	0.607	"4"
"陈福兆"	0	0	0	1	0.365	0.053	0.116	0.466	-0.197	-0.024	-0.054	0.332	0.607	"4"
"陈红军"	0	1	0	0	0.365	0.053	0.116	0.466	-0.197	1.276	-0.054	-0.272	1.799	"2"
"陈至立"	1	0	0	0	0.365	0.053	0.116	0.466	0.438	-0.024	-0.054	-0.272	0.788	"1"
"陋习"	0	0	0	2	0.73	0.106	0.232	0.932	-0.394	-0.047	-0.107	0.663	1.211	"4"
"降临"	0	0	0	1	0.365	0.053	0.116	0.466	-0.197	-0.024	-0.054	0.332	0.607	"4"
"院方"	0	0	0	1	0.365	0.053	0.116	0.466	-0.197	-0.024	-0.054	0.332	0.607	"4"
"院童"	1	0	0	0	0.365	0.053	0.116	0.466	0.438	-0.024	-0.054	-0.272	0.788	"1"
"陷入"	0	0	0	1	0.365	0.053	0.116	0.466	-0.197	-0.024	-0.054	0.332	0.607	"4"
"随着"	0	0	0	1	0.365	0.053	0.116	0.466	-0.197	-0.024	-0.054	0.332	0.607	"4"
"障"	0	0	0	1	0.365	0.053	0.116	0.466	-0.197	-0.024	-0.054	0.332	0.607	"4"
"难分"	0	0	0	1	0.365	0.053	0.116	0.466	-0.197	-0.024	-0.054	0.332	0.607	"4"
"雪上加霜"	1	0	0	0	0.365	0.053	0.116	0.466	0.438	-0.024	-0.054	-0.272	0.788	"1"
"需"	0	0	0	1	0.365	0.053	0.116	0.466	-0.197	-0.024	-0.054	0.332	0.607	"4"
"需要"	2	0	0	1	1.094	0.159	0.348	1.398	0.52	-0.071	-0.161	-0.259	1.011	"1"
"震灾"	0	0	0	1	0.365	0.053	0.116	0.466	-0.197	-0.024	-0.054	0.332	0.607	"4"
"青少年"	0	0	0	1	0.365	0.053	0.116	0.466	-0.197	-0.024	-0.054	0.332	0.607	"4"
"靠"	0	0	1	0	0.365	0.053	0.116	0.466	-0.197	-0.024	0.935	-0.272	1.428	"3"
"面貌"	0	0	0	2	0.73	0.106	0.232	0.932	-0.394	-0.047	-0.107	0.663	1.211	"4"
"韧"	0	0	1	0	0.365	0.053	0.116	0.466	-0.197	-0.024	0.935	-0.272	1.428	"3"
"韵律"	0	0	0	1	0.365	0.053	0.116	0.466	-0.197	-0.024	-0.054	0.332	0.607	"4"
"领域"	0	0	0	2	0.73	0.106	0.232	0.932	-0.394	-0.047	-0.107	0.663	1.211	"4"
"颠覆"	0	0	0	1	0.365	0.053	0.116	0.466	-0.197	-0.024	-0.054	0.332	0.607	"4"
"风情"	0	0	0	1	0.365	0.053	0.116	0.466	-0.197	-0.024	-0.054	0.332	0.607	"4"
"食"	0	0	0	1	0.365	0.053	0.116	0.466	-0.197	-0.024	-0.054	0.332	0.607	"4"
"饮用水"	0	0	0	1	0.365	0.053	0.116	0.466	-0.197	-0.024	-0.054	0.332	0.607	"4"
"马偕"	0	0	0	1	0.365	0.053	0.116	0.466	-0.197	-0.024	-0.054	0.332	0.607	"4"
"马来人"	0	0	0	2	0.73	0.106	0.232	0.932	-0.394	-0.047	-0.107	0.663	1.211	"4"
"骨髓"	0	0	0	1	0.365	0.053	0.116	0.466	-0.197	-0.024	-0.054	0.332	0.607	"4"
"高医"	0	0	0	1	0.365	0.053	0.116	0.466	-0.197	-0.024	-0.054	0.332	0.607	"4"
"高危"	0	0	0	1	0.365	0.053	0.116	0.466	-0.197	-0.024	-0.054	0.332	0.607	"4"
"高寒"	0	0	1	0	0.365	0.053	0.116	0.466	-0.197	-0.024	0.935	-0.272	1.428	"3"
"高屏"	0	0	0	1	0.365	0.053	0.116	0.466	-0.197	-0.024	-0.054	0.332	0.607	"4"
"高档"	0	0	0	1	0.365	0.053	0.116	0.466	-0.197	-0.024	-0.054	0.332	0.607	"4"
"魏特"	0	0	0	1	0.365	0.053	0.116	0.466	-0.197	-0.024	-0.054	0.332	0.607	"4"
"麻烦"	0	0	0	1	0.365	0.053	0.116	0.466	-0.197	-0.024	-0.054	0.332	0.607	"4"
"黄健庭"	1	0	0	0	0.365	0.053	0.116	0.466	0.438	-0.024	-0.054	-0.272	0.788	"1"
"黄浦江"	0	0	0	1	0.365	0.053	0.116	0.466	-0.197	-0.024	-0.054	0.332	0.607	"4"
"鼠疫"	0	0	1	0	0.365	0.053	0.116	0.466	-0.197	-0.024	0.935	-0.272	1.428	"3"
"齐备"	0	1	0	0	0.365	0.053	0.116	0.466	-0.197	1.276	-0.054	-0.272	1.799	"2"
"齐齐哈尔市"	1	0	0	0	0.365	0.053	0.116	0.466	0.438	-0.024	-0.054	-0.272	0.788	"1"
