"Coll_Word"	"1"	"2"	"3"	"4"	"exp_1"	"exp_2"	"exp_3"	"exp_4"	"pbin_1"	"pbin_2"	"pbin_3"	"pbin_4"	"SumAbsDev"	"LargestDev"
"﹔"	0	0	0	2	0.09	0.464	0.14	1.306	-0.04	-0.23	-0.063	0.37	0.703	"4"
"＼"	0	0	0	1	0.045	0.232	0.07	0.653	-0.02	-0.115	-0.031	0.185	0.351	"4"
"+"	0	0	0	1	0.045	0.232	0.07	0.653	-0.02	-0.115	-0.031	0.185	0.351	"4"
"2257"	0	1	0	0	0.045	0.232	0.07	0.653	-0.02	0.634	-0.031	-0.46	1.145	"2"
"3G"	0	0	1	0	0.045	0.232	0.07	0.653	-0.02	-0.115	1.156	-0.46	1.751	"3"
"5566"	0	0	0	1	0.045	0.232	0.07	0.653	-0.02	-0.115	-0.031	0.185	0.351	"4"
"6.3"	0	0	0	1	0.045	0.232	0.07	0.653	-0.02	-0.115	-0.031	0.185	0.351	"4"
"ＣＫＰ"	1	0	0	0	0.045	0.232	0.07	0.653	1.348	-0.115	-0.031	-0.46	1.954	"1"
"internet＼login"	0	0	0	1	0.045	0.232	0.07	0.653	-0.02	-0.115	-0.031	0.185	0.351	"4"
"KongWay"	0	0	0	1	0.045	0.232	0.07	0.653	-0.02	-0.115	-0.031	0.185	0.351	"4"
"Legrand"	0	0	1	0	0.045	0.232	0.07	0.653	-0.02	-0.115	1.156	-0.46	1.751	"3"
"SARS"	0	0	0	1	0.045	0.232	0.07	0.653	-0.02	-0.115	-0.031	0.185	0.351	"4"
"SNG"	0	0	0	1	0.045	0.232	0.07	0.653	-0.02	-0.115	-0.031	0.185	0.351	"4"
"ww.dbd.com＼ebanking"	0	0	0	1	0.045	0.232	0.07	0.653	-0.02	-0.115	-0.031	0.185	0.351	"4"
"一些"	0	4	0	2	0.269	1.393	0.419	3.919	-0.12	1.538	-0.188	-0.943	2.789	"2"
"一切"	1	2	0	4	0.314	1.625	0.488	4.572	0.561	0.293	-0.22	-0.337	1.411	"1"
"上述"	1	0	0	2	0.135	0.697	0.209	1.959	0.89	-0.344	-0.094	0.141	1.469	"1"
"上门"	0	0	0	1	0.045	0.232	0.07	0.653	-0.02	-0.115	-0.031	0.185	0.351	"4"
"下放"	0	0	0	1	0.045	0.232	0.07	0.653	-0.02	-0.115	-0.031	0.185	0.351	"4"
"不人道"	0	0	0	1	0.045	0.232	0.07	0.653	-0.02	-0.115	-0.031	0.185	0.351	"4"
"不切实际"	0	0	0	1	0.045	0.232	0.07	0.653	-0.02	-0.115	-0.031	0.185	0.351	"4"
"不力"	0	0	0	1	0.045	0.232	0.07	0.653	-0.02	-0.115	-0.031	0.185	0.351	"4"
"不同"	0	0	0	5	0.225	1.161	0.349	3.266	-0.1	-0.574	-0.157	0.925	1.756	"4"
"不断"	0	0	0	1	0.045	0.232	0.07	0.653	-0.02	-0.115	-0.031	0.185	0.351	"4"
"不正"	0	0	0	1	0.045	0.232	0.07	0.653	-0.02	-0.115	-0.031	0.185	0.351	"4"
"不能"	0	0	0	1	0.045	0.232	0.07	0.653	-0.02	-0.115	-0.031	0.185	0.351	"4"
"丙肝"	0	0	0	1	0.045	0.232	0.07	0.653	-0.02	-0.115	-0.031	0.185	0.351	"4"
"严"	0	1	0	0	0.045	0.232	0.07	0.653	-0.02	0.634	-0.031	-0.46	1.145	"2"
"严刑"	0	1	0	0	0.045	0.232	0.07	0.653	-0.02	0.634	-0.031	-0.46	1.145	"2"
"严厉"	1	1	0	0	0.09	0.464	0.14	1.306	1.056	0.387	-0.063	-0.92	2.426	"1"
"严密"	0	2	0	1	0.135	0.697	0.209	1.959	-0.06	0.864	-0.094	-0.557	1.575	"2"
"严格"	1	4	0	1	0.269	1.393	0.419	3.919	0.618	1.538	-0.188	-1.669	4.013	"4"
"中期"	0	0	0	1	0.045	0.232	0.07	0.653	-0.02	-0.115	-0.031	0.185	0.351	"4"
"临床"	0	0	0	2	0.09	0.464	0.14	1.306	-0.04	-0.23	-0.063	0.37	0.703	"4"
"临时"	0	0	0	2	0.09	0.464	0.14	1.306	-0.04	-0.23	-0.063	0.37	0.703	"4"
"为佳"	0	0	0	1	0.045	0.232	0.07	0.653	-0.02	-0.115	-0.031	0.185	0.351	"4"
"为辅"	0	0	0	1	0.045	0.232	0.07	0.653	-0.02	-0.115	-0.031	0.185	0.351	"4"
"主要"	0	0	0	1	0.045	0.232	0.07	0.653	-0.02	-0.115	-0.031	0.185	0.351	"4"
"乏力"	0	0	0	1	0.045	0.232	0.07	0.653	-0.02	-0.115	-0.031	0.185	0.351	"4"
"乞讨"	0	0	0	1	0.045	0.232	0.07	0.653	-0.02	-0.115	-0.031	0.185	0.351	"4"
"习惯"	0	0	0	1	0.045	0.232	0.07	0.653	-0.02	-0.115	-0.031	0.185	0.351	"4"
"书写"	0	0	0	1	0.045	0.232	0.07	0.653	-0.02	-0.115	-0.031	0.185	0.351	"4"
"买进"	0	0	0	1	0.045	0.232	0.07	0.653	-0.02	-0.115	-0.031	0.185	0.351	"4"
"了事"	0	0	0	1	0.045	0.232	0.07	0.653	-0.02	-0.115	-0.031	0.185	0.351	"4"
"争取"	0	0	0	1	0.045	0.232	0.07	0.653	-0.02	-0.115	-0.031	0.185	0.351	"4"
"争议"	0	0	0	1	0.045	0.232	0.07	0.653	-0.02	-0.115	-0.031	0.185	0.351	"4"
"二百亿"	0	0	0	1	0.045	0.232	0.07	0.653	-0.02	-0.115	-0.031	0.185	0.351	"4"
"互信"	0	0	0	1	0.045	0.232	0.07	0.653	-0.02	-0.115	-0.031	0.185	0.351	"4"
"互动"	0	0	2	1	0.135	0.697	0.209	1.959	-0.06	-0.344	1.856	-0.557	2.817	"3"
"互惠"	0	0	0	1	0.045	0.232	0.07	0.653	-0.02	-0.115	-0.031	0.185	0.351	"4"
"五小"	0	0	0	1	0.045	0.232	0.07	0.653	-0.02	-0.115	-0.031	0.185	0.351	"4"
"交割"	0	0	0	1	0.045	0.232	0.07	0.653	-0.02	-0.115	-0.031	0.185	0.351	"4"
"交往"	0	0	0	1	0.045	0.232	0.07	0.653	-0.02	-0.115	-0.031	0.185	0.351	"4"
"产"	0	0	0	1	0.045	0.232	0.07	0.653	-0.02	-0.115	-0.031	0.185	0.351	"4"
"人们"	0	0	0	2	0.09	0.464	0.14	1.306	-0.04	-0.23	-0.063	0.37	0.703	"4"
"人们吸"	0	1	0	0	0.045	0.232	0.07	0.653	-0.02	0.634	-0.031	-0.46	1.145	"2"
"人性化"	0	0	0	1	0.045	0.232	0.07	0.653	-0.02	-0.115	-0.031	0.185	0.351	"4"
"他国"	0	0	0	1	0.045	0.232	0.07	0.653	-0.02	-0.115	-0.031	0.185	0.351	"4"
"以"	1	0	40	24	2.919	15.093	4.534	42.453	-0.689	-7.459	29.207	-5.542	42.897	"3"
"以便"	1	0	0	0	0.045	0.232	0.07	0.653	1.348	-0.115	-0.031	-0.46	1.954	"1"
"以免"	1	1	0	0	0.09	0.464	0.14	1.306	1.056	0.387	-0.063	-0.92	2.426	"1"
"以往"	0	0	2	1	0.135	0.697	0.209	1.959	-0.06	-0.344	1.856	-0.557	2.817	"3"
"以罚"	0	0	1	0	0.045	0.232	0.07	0.653	-0.02	-0.115	1.156	-0.46	1.751	"3"
"以防"	0	1	0	1	0.09	0.464	0.14	1.306	-0.04	0.387	-0.063	-0.242	0.732	"2"
"任何"	0	1	2	1	0.18	0.929	0.279	2.613	-0.08	0.185	1.576	-0.908	2.749	"3"
"任务型"	0	0	0	1	0.045	0.232	0.07	0.653	-0.02	-0.115	-0.031	0.185	0.351	"4"
"企业用"	0	0	0	1	0.045	0.232	0.07	0.653	-0.02	-0.115	-0.031	0.185	0.351	"4"
"企图"	1	0	0	0	0.045	0.232	0.07	0.653	1.348	-0.115	-0.031	-0.46	1.954	"1"
"优点"	0	0	0	1	0.045	0.232	0.07	0.653	-0.02	-0.115	-0.031	0.185	0.351	"4"
"传播"	0	0	0	1	0.045	0.232	0.07	0.653	-0.02	-0.115	-0.031	0.185	0.351	"4"
"传染病"	0	0	0	2	0.09	0.464	0.14	1.306	-0.04	-0.23	-0.063	0.37	0.703	"4"
"传统"	0	0	0	4	0.18	0.929	0.279	2.613	-0.08	-0.459	-0.126	0.74	1.405	"4"
"伪造"	0	1	0	0	0.045	0.232	0.07	0.653	-0.02	0.634	-0.031	-0.46	1.145	"2"
"伺服器"	0	0	0	1	0.045	0.232	0.07	0.653	-0.02	-0.115	-0.031	0.185	0.351	"4"
"位"	0	0	0	1	0.045	0.232	0.07	0.653	-0.02	-0.115	-0.031	0.185	0.351	"4"
"低价"	0	0	1	1	0.09	0.464	0.14	1.306	-0.04	-0.23	0.871	-0.242	1.383	"3"
"体温"	0	0	0	1	0.045	0.232	0.07	0.653	-0.02	-0.115	-0.031	0.185	0.351	"4"
"体重"	0	0	0	1	0.045	0.232	0.07	0.653	-0.02	-0.115	-0.031	0.185	0.351	"4"
"何"	0	0	0	1	0.045	0.232	0.07	0.653	-0.02	-0.115	-0.031	0.185	0.351	"4"
"作业"	0	0	1	2	0.135	0.697	0.209	1.959	-0.06	-0.344	0.71	0.141	1.255	"3"
"作为"	0	0	0	1	0.045	0.232	0.07	0.653	-0.02	-0.115	-0.031	0.185	0.351	"4"
"作好"	0	0	0	1	0.045	0.232	0.07	0.653	-0.02	-0.115	-0.031	0.185	0.351	"4"
"作弊"	0	0	0	1	0.045	0.232	0.07	0.653	-0.02	-0.115	-0.031	0.185	0.351	"4"
"作战"	0	0	0	1	0.045	0.232	0.07	0.653	-0.02	-0.115	-0.031	0.185	0.351	"4"
"併购"	0	0	1	0	0.045	0.232	0.07	0.653	-0.02	-0.115	1.156	-0.46	1.751	"3"
"使"	0	2	0	6	0.359	1.858	0.558	5.225	-0.16	0.231	-0.251	0.361	1.003	"4"
"使用"	0	0	1	6	0.314	1.625	0.488	4.572	-0.14	-0.803	0.401	0.621	1.965	"2"
"例如"	0	1	0	1	0.09	0.464	0.14	1.306	-0.04	0.387	-0.063	-0.242	0.732	"2"
"供水"	0	1	0	0	0.045	0.232	0.07	0.653	-0.02	0.634	-0.031	-0.46	1.145	"2"
"供电"	0	1	0	0	0.045	0.232	0.07	0.653	-0.02	0.634	-0.031	-0.46	1.145	"2"
"供给"	0	0	0	1	0.045	0.232	0.07	0.653	-0.02	-0.115	-0.031	0.185	0.351	"4"
"依靠"	0	0	0	1	0.045	0.232	0.07	0.653	-0.02	-0.115	-0.031	0.185	0.351	"4"
"侮辱"	0	0	0	1	0.045	0.232	0.07	0.653	-0.02	-0.115	-0.031	0.185	0.351	"4"
"侵犯"	0	0	0	1	0.045	0.232	0.07	0.653	-0.02	-0.115	-0.031	0.185	0.351	"4"
"便民"	0	0	0	2	0.09	0.464	0.14	1.306	-0.04	-0.23	-0.063	0.37	0.703	"4"
"促"	1	1	0	1	0.135	0.697	0.209	1.959	0.89	0.262	-0.094	-0.557	1.803	"1"
"促使"	0	0	0	1	0.045	0.232	0.07	0.653	-0.02	-0.115	-0.031	0.185	0.351	"4"
"促进"	0	0	0	1	0.045	0.232	0.07	0.653	-0.02	-0.115	-0.031	0.185	0.351	"4"
"促销"	0	0	1	0	0.045	0.232	0.07	0.653	-0.02	-0.115	1.156	-0.46	1.751	"3"
"保"	0	0	0	1	0.045	0.232	0.07	0.653	-0.02	-0.115	-0.031	0.185	0.351	"4"
"保安"	0	2	0	1	0.135	0.697	0.209	1.959	-0.06	0.864	-0.094	-0.557	1.575	"2"
"保密"	0	0	0	1	0.045	0.232	0.07	0.653	-0.02	-0.115	-0.031	0.185	0.351	"4"
"保护"	0	4	0	5	0.404	2.09	0.628	5.878	-0.18	0.873	-0.283	-0.416	1.752	"2"
"保护性"	0	0	0	1	0.045	0.232	0.07	0.653	-0.02	-0.115	-0.031	0.185	0.351	"4"
"保温"	0	0	0	1	0.045	0.232	0.07	0.653	-0.02	-0.115	-0.031	0.185	0.351	"4"
"保生"	0	1	0	0	0.045	0.232	0.07	0.653	-0.02	0.634	-0.031	-0.46	1.145	"2"
"保证"	0	1	0	1	0.09	0.464	0.14	1.306	-0.04	0.387	-0.063	-0.242	0.732	"2"
"保障"	0	0	0	3	0.135	0.697	0.209	1.959	-0.06	-0.344	-0.094	0.555	1.053	"4"
"信息"	0	0	0	2	0.09	0.464	0.14	1.306	-0.04	-0.23	-0.063	0.37	0.703	"4"
"信息化"	0	0	0	1	0.045	0.232	0.07	0.653	-0.02	-0.115	-0.031	0.185	0.351	"4"
"信息安全"	0	0	0	3	0.135	0.697	0.209	1.959	-0.06	-0.344	-0.094	0.555	1.053	"4"
"信用卡"	0	0	1	0	0.045	0.232	0.07	0.653	-0.02	-0.115	1.156	-0.46	1.751	"3"
"借"	0	0	0	1	0.045	0.232	0.07	0.653	-0.02	-0.115	-0.031	0.185	0.351	"4"
"倡导"	0	0	0	1	0.045	0.232	0.07	0.653	-0.02	-0.115	-0.031	0.185	0.351	"4"
"债权人"	0	0	0	1	0.045	0.232	0.07	0.653	-0.02	-0.115	-0.031	0.185	0.351	"4"
"倾销"	0	0	0	2	0.09	0.464	0.14	1.306	-0.04	-0.23	-0.063	0.37	0.703	"4"
"做为"	0	0	0	1	0.045	0.232	0.07	0.653	-0.02	-0.115	-0.031	0.185	0.351	"4"
"做好"	0	2	0	0	0.09	0.464	0.14	1.306	-0.04	1.268	-0.063	-0.92	2.291	"2"
"健保局"	0	0	0	1	0.045	0.232	0.07	0.653	-0.02	-0.115	-0.031	0.185	0.351	"4"
"健康"	0	0	0	2	0.09	0.464	0.14	1.306	-0.04	-0.23	-0.063	0.37	0.703	"4"
"健身"	0	0	0	1	0.045	0.232	0.07	0.653	-0.02	-0.115	-0.031	0.185	0.351	"4"
"克拉玛干大"	0	0	0	1	0.045	0.232	0.07	0.653	-0.02	-0.115	-0.031	0.185	0.351	"4"
"克服"	0	2	0	0	0.09	0.464	0.14	1.306	-0.04	1.268	-0.063	-0.92	2.291	"2"
"免"	0	0	1	0	0.045	0.232	0.07	0.653	-0.02	-0.115	1.156	-0.46	1.751	"3"
"入学"	0	0	0	1	0.045	0.232	0.07	0.653	-0.02	-0.115	-0.031	0.185	0.351	"4"
"全力"	0	1	0	0	0.045	0.232	0.07	0.653	-0.02	0.634	-0.031	-0.46	1.145	"2"
"全额"	0	0	0	1	0.045	0.232	0.07	0.653	-0.02	-0.115	-0.031	0.185	0.351	"4"
"八定"	0	0	0	1	0.045	0.232	0.07	0.653	-0.02	-0.115	-0.031	0.185	0.351	"4"
"公众"	0	0	0	2	0.09	0.464	0.14	1.306	-0.04	-0.23	-0.063	0.37	0.703	"4"
"公共行"	0	0	0	1	0.045	0.232	0.07	0.653	-0.02	-0.115	-0.031	0.185	0.351	"4"
"公安部门"	0	1	0	0	0.045	0.232	0.07	0.653	-0.02	0.634	-0.031	-0.46	1.145	"2"
"公布"	0	0	1	1	0.09	0.464	0.14	1.306	-0.04	-0.23	0.871	-0.242	1.383	"3"
"公平"	0	0	0	1	0.045	0.232	0.07	0.653	-0.02	-0.115	-0.031	0.185	0.351	"4"
"公开"	0	0	0	1	0.045	0.232	0.07	0.653	-0.02	-0.115	-0.031	0.185	0.351	"4"
"公正"	0	0	0	1	0.045	0.232	0.07	0.653	-0.02	-0.115	-0.031	0.185	0.351	"4"
"关税"	0	0	0	1	0.045	0.232	0.07	0.653	-0.02	-0.115	-0.031	0.185	0.351	"4"
"关闭"	0	1	0	0	0.045	0.232	0.07	0.653	-0.02	0.634	-0.031	-0.46	1.145	"2"
"其他"	0	0	0	4	0.18	0.929	0.279	2.613	-0.08	-0.459	-0.126	0.74	1.405	"4"
"其它"	0	0	0	1	0.045	0.232	0.07	0.653	-0.02	-0.115	-0.031	0.185	0.351	"4"
"具体"	0	1	0	5	0.269	1.393	0.419	3.919	-0.12	-0.239	-0.188	0.488	1.035	"4"
"典型"	0	1	0	1	0.09	0.464	0.14	1.306	-0.04	0.387	-0.063	-0.242	0.732	"2"
"内容"	0	0	1	4	0.225	1.161	0.349	3.266	-0.1	-0.574	0.518	0.362	1.554	"2"
"内需"	0	0	0	1	0.045	0.232	0.07	0.653	-0.02	-0.115	-0.031	0.185	0.351	"4"
"军事"	2	0	0	0	0.09	0.464	0.14	1.306	2.695	-0.23	-0.063	-0.92	3.908	"1"
"冠状"	0	0	0	1	0.045	0.232	0.07	0.653	-0.02	-0.115	-0.031	0.185	0.351	"4"
"冲突"	0	0	0	1	0.045	0.232	0.07	0.653	-0.02	-0.115	-0.031	0.185	0.351	"4"
"决"	0	0	0	2	0.09	0.464	0.14	1.306	-0.04	-0.23	-0.063	0.37	0.703	"4"
"冷轧板卷"	0	0	0	1	0.045	0.232	0.07	0.653	-0.02	-0.115	-0.031	0.185	0.351	"4"
"减低"	0	1	0	0	0.045	0.232	0.07	0.653	-0.02	0.634	-0.031	-0.46	1.145	"2"
"减少"	0	1	0	1	0.09	0.464	0.14	1.306	-0.04	0.387	-0.063	-0.242	0.732	"2"
"减肥药"	0	0	0	1	0.045	0.232	0.07	0.653	-0.02	-0.115	-0.031	0.185	0.351	"4"
"减薪"	0	1	0	3	0.18	0.929	0.279	2.613	-0.08	0.185	-0.126	0.245	0.636	"4"
"减负"	0	1	0	0	0.045	0.232	0.07	0.653	-0.02	0.634	-0.031	-0.46	1.145	"2"
"减轻"	0	0	0	2	0.09	0.464	0.14	1.306	-0.04	-0.23	-0.063	0.37	0.703	"4"
"几点"	0	0	0	1	0.045	0.232	0.07	0.653	-0.02	-0.115	-0.031	0.185	0.351	"4"
"出价"	0	1	0	0	0.045	0.232	0.07	0.653	-0.02	0.634	-0.031	-0.46	1.145	"2"
"出入境"	0	2	0	1	0.135	0.697	0.209	1.959	-0.06	0.864	-0.094	-0.557	1.575	"2"
"出台"	0	0	0	1	0.045	0.232	0.07	0.653	-0.02	-0.115	-0.031	0.185	0.351	"4"
"出游"	0	0	0	1	0.045	0.232	0.07	0.653	-0.02	-0.115	-0.031	0.185	0.351	"4"
"分出"	0	0	0	1	0.045	0.232	0.07	0.653	-0.02	-0.115	-0.031	0.185	0.351	"4"
"分析法"	0	0	0	1	0.045	0.232	0.07	0.653	-0.02	-0.115	-0.031	0.185	0.351	"4"
"分流"	0	0	0	1	0.045	0.232	0.07	0.653	-0.02	-0.115	-0.031	0.185	0.351	"4"
"分部"	0	0	0	1	0.045	0.232	0.07	0.653	-0.02	-0.115	-0.031	0.185	0.351	"4"
"切实"	0	0	0	4	0.18	0.929	0.279	2.613	-0.08	-0.459	-0.126	0.74	1.405	"4"
"创意"	0	0	1	0	0.045	0.232	0.07	0.653	-0.02	-0.115	1.156	-0.46	1.751	"3"
"创新"	0	0	0	1	0.045	0.232	0.07	0.653	-0.02	-0.115	-0.031	0.185	0.351	"4"
"初见"	0	1	0	0	0.045	0.232	0.07	0.653	-0.02	0.634	-0.031	-0.46	1.145	"2"
"利"	0	0	0	1	0.045	0.232	0.07	0.653	-0.02	-0.115	-0.031	0.185	0.351	"4"
"利用"	0	0	1	10	0.494	2.554	0.767	7.184	-0.22	-1.262	0.261	1.2	2.943	"2"
"利用法律"	0	0	0	1	0.045	0.232	0.07	0.653	-0.02	-0.115	-0.031	0.185	0.351	"4"
"利益"	0	0	0	3	0.135	0.697	0.209	1.959	-0.06	-0.344	-0.094	0.555	1.053	"4"
"别的"	0	1	0	0	0.045	0.232	0.07	0.653	-0.02	0.634	-0.031	-0.46	1.145	"2"
"制作"	0	0	0	1	0.045	0.232	0.07	0.653	-0.02	-0.115	-0.031	0.185	0.351	"4"
"制定"	0	0	0	2	0.09	0.464	0.14	1.306	-0.04	-0.23	-0.063	0.37	0.703	"4"
"制止"	0	0	0	2	0.09	0.464	0.14	1.306	-0.04	-0.23	-0.063	0.37	0.703	"4"
"制裁"	0	1	0	2	0.135	0.697	0.209	1.959	-0.06	0.262	-0.094	0.141	0.557	"2"
"制订"	0	0	0	1	0.045	0.232	0.07	0.653	-0.02	-0.115	-0.031	0.185	0.351	"4"
"刷洗"	0	1	0	0	0.045	0.232	0.07	0.653	-0.02	0.634	-0.031	-0.46	1.145	"2"
"刺激"	0	0	0	1	0.045	0.232	0.07	0.653	-0.02	-0.115	-0.031	0.185	0.351	"4"
"削减工"	0	0	0	1	0.045	0.232	0.07	0.653	-0.02	-0.115	-0.031	0.185	0.351	"4"
"剪接"	0	0	1	0	0.045	0.232	0.07	0.653	-0.02	-0.115	1.156	-0.46	1.751	"3"
"力图"	0	1	0	0	0.045	0.232	0.07	0.653	-0.02	0.634	-0.031	-0.46	1.145	"2"
"力度"	0	1	0	0	0.045	0.232	0.07	0.653	-0.02	0.634	-0.031	-0.46	1.145	"2"
"办理"	0	0	1	0	0.045	0.232	0.07	0.653	-0.02	-0.115	1.156	-0.46	1.751	"3"
"办课"	0	0	0	1	0.045	0.232	0.07	0.653	-0.02	-0.115	-0.031	0.185	0.351	"4"
"加价"	0	0	0	1	0.045	0.232	0.07	0.653	-0.02	-0.115	-0.031	0.185	0.351	"4"
"加大"	0	1	0	1	0.09	0.464	0.14	1.306	-0.04	0.387	-0.063	-0.242	0.732	"2"
"加强"	1	1	0	12	0.629	3.251	0.977	9.144	0.324	-0.888	-0.44	1.057	2.709	"4"
"务实"	0	0	1	0	0.045	0.232	0.07	0.653	-0.02	-0.115	1.156	-0.46	1.751	"3"
"动用"	0	0	0	1	0.045	0.232	0.07	0.653	-0.02	-0.115	-0.031	0.185	0.351	"4"
"助产"	0	0	0	1	0.045	0.232	0.07	0.653	-0.02	-0.115	-0.031	0.185	0.351	"4"
"努力"	0	1	0	0	0.045	0.232	0.07	0.653	-0.02	0.634	-0.031	-0.46	1.145	"2"
"包"	0	1	0	0	0.045	0.232	0.07	0.653	-0.02	0.634	-0.031	-0.46	1.145	"2"
"包括"	1	2	0	5	0.359	1.858	0.558	5.225	0.512	0.231	-0.251	-0.248	1.242	"1"
"化"	0	0	0	3	0.135	0.697	0.209	1.959	-0.06	-0.344	-0.094	0.555	1.053	"4"
"化学"	0	0	0	1	0.045	0.232	0.07	0.653	-0.02	-0.115	-0.031	0.185	0.351	"4"
"化解"	0	0	1	1	0.09	0.464	0.14	1.306	-0.04	-0.23	0.871	-0.242	1.383	"3"
"北京市"	0	1	0	1	0.09	0.464	0.14	1.306	-0.04	0.387	-0.063	-0.242	0.732	"2"
"区分"	0	0	1	0	0.045	0.232	0.07	0.653	-0.02	-0.115	1.156	-0.46	1.751	"3"
"医护"	1	1	0	1	0.135	0.697	0.209	1.959	0.89	0.262	-0.094	-0.557	1.803	"1"
"医治"	0	0	0	1	0.045	0.232	0.07	0.653	-0.02	-0.115	-0.031	0.185	0.351	"4"
"华人区"	0	1	0	0	0.045	0.232	0.07	0.653	-0.02	0.634	-0.031	-0.46	1.145	"2"
"协力厂商"	0	0	0	1	0.045	0.232	0.07	0.653	-0.02	-0.115	-0.031	0.185	0.351	"4"
"协商"	0	0	0	2	0.09	0.464	0.14	1.306	-0.04	-0.23	-0.063	0.37	0.703	"4"
"单面"	0	0	0	1	0.045	0.232	0.07	0.653	-0.02	-0.115	-0.031	0.185	0.351	"4"
"占领"	0	0	0	1	0.045	0.232	0.07	0.653	-0.02	-0.115	-0.031	0.185	0.351	"4"
"卫"	0	1	0	0	0.045	0.232	0.07	0.653	-0.02	0.634	-0.031	-0.46	1.145	"2"
"卫生"	0	2	0	4	0.269	1.393	0.419	3.919	-0.12	0.373	-0.188	0.185	0.866	"2"
"卫生部"	0	2	0	1	0.135	0.697	0.209	1.959	-0.06	0.864	-0.094	-0.557	1.575	"2"
"卫生部门"	0	1	0	0	0.045	0.232	0.07	0.653	-0.02	0.634	-0.031	-0.46	1.145	"2"
"印刷"	0	0	0	1	0.045	0.232	0.07	0.653	-0.02	-0.115	-0.031	0.185	0.351	"4"
"即时"	0	0	0	1	0.045	0.232	0.07	0.653	-0.02	-0.115	-0.031	0.185	0.351	"4"
"卷烟"	0	0	1	0	0.045	0.232	0.07	0.653	-0.02	-0.115	1.156	-0.46	1.751	"3"
"压制"	0	0	0	1	0.045	0.232	0.07	0.653	-0.02	-0.115	-0.031	0.185	0.351	"4"
"厘定"	0	0	0	1	0.045	0.232	0.07	0.653	-0.02	-0.115	-0.031	0.185	0.351	"4"
"原则上"	0	0	0	1	0.045	0.232	0.07	0.653	-0.02	-0.115	-0.031	0.185	0.351	"4"
"厮杀"	0	0	1	0	0.045	0.232	0.07	0.653	-0.02	-0.115	1.156	-0.46	1.751	"3"
"参保"	0	0	0	1	0.045	0.232	0.07	0.653	-0.02	-0.115	-0.031	0.185	0.351	"4"
"及时"	0	3	0	0	0.135	0.697	0.209	1.959	-0.06	1.902	-0.094	-1.379	3.435	"2"
"反"	0	0	0	2	0.09	0.464	0.14	1.306	-0.04	-0.23	-0.063	0.37	0.703	"4"
"发包"	0	0	1	0	0.045	0.232	0.07	0.653	-0.02	-0.115	1.156	-0.46	1.751	"3"
"发展出"	0	0	0	1	0.045	0.232	0.07	0.653	-0.02	-0.115	-0.031	0.185	0.351	"4"
"发明"	0	0	0	1	0.045	0.232	0.07	0.653	-0.02	-0.115	-0.031	0.185	0.351	"4"
"发热"	0	0	0	1	0.045	0.232	0.07	0.653	-0.02	-0.115	-0.031	0.185	0.351	"4"
"发行"	0	0	0	1	0.045	0.232	0.07	0.653	-0.02	-0.115	-0.031	0.185	0.351	"4"
"发行期"	0	0	0	1	0.045	0.232	0.07	0.653	-0.02	-0.115	-0.031	0.185	0.351	"4"
"取"	0	0	0	3	0.135	0.697	0.209	1.959	-0.06	-0.344	-0.094	0.555	1.053	"4"
"取得"	0	1	0	0	0.045	0.232	0.07	0.653	-0.02	0.634	-0.031	-0.46	1.145	"2"
"变更"	0	0	0	1	0.045	0.232	0.07	0.653	-0.02	-0.115	-0.031	0.185	0.351	"4"
"变现"	0	0	0	1	0.045	0.232	0.07	0.653	-0.02	-0.115	-0.031	0.185	0.351	"4"
"叙事"	0	0	1	0	0.045	0.232	0.07	0.653	-0.02	-0.115	1.156	-0.46	1.751	"3"
"叙述"	0	0	0	2	0.09	0.464	0.14	1.306	-0.04	-0.23	-0.063	0.37	0.703	"4"
"口岸"	0	0	0	1	0.045	0.232	0.07	0.653	-0.02	-0.115	-0.031	0.185	0.351	"4"
"口罩"	0	1	0	0	0.045	0.232	0.07	0.653	-0.02	0.634	-0.031	-0.46	1.145	"2"
"古老"	0	0	0	1	0.045	0.232	0.07	0.653	-0.02	-0.115	-0.031	0.185	0.351	"4"
"只是"	0	0	0	2	0.09	0.464	0.14	1.306	-0.04	-0.23	-0.063	0.37	0.703	"4"
"可以"	0	0	0	1	0.045	0.232	0.07	0.653	-0.02	-0.115	-0.031	0.185	0.351	"4"
"可行"	0	0	0	1	0.045	0.232	0.07	0.653	-0.02	-0.115	-0.031	0.185	0.351	"4"
"各"	0	10	0	9	0.853	4.412	1.325	12.409	-0.379	2.292	-0.597	-1.082	4.35	"2"
"合作"	0	0	2	0	0.09	0.464	0.14	1.306	-0.04	-0.23	2.313	-0.92	3.503	"3"
"合併"	0	0	0	1	0.045	0.232	0.07	0.653	-0.02	-0.115	-0.031	0.185	0.351	"4"
"合理"	0	1	0	2	0.135	0.697	0.209	1.959	-0.06	0.262	-0.094	0.141	0.557	"2"
"合资"	0	0	1	0	0.045	0.232	0.07	0.653	-0.02	-0.115	1.156	-0.46	1.751	"3"
"同归于尽"	0	0	1	0	0.045	0.232	0.07	0.653	-0.02	-0.115	1.156	-0.46	1.751	"3"
"吸引"	0	1	0	0	0.045	0.232	0.07	0.653	-0.02	0.634	-0.031	-0.46	1.145	"2"
"吸收"	0	0	0	1	0.045	0.232	0.07	0.653	-0.02	-0.115	-0.031	0.185	0.351	"4"
"呈现"	0	0	0	1	0.045	0.232	0.07	0.653	-0.02	-0.115	-0.031	0.185	0.351	"4"
"周详"	0	0	0	1	0.045	0.232	0.07	0.653	-0.02	-0.115	-0.031	0.185	0.351	"4"
"呼伦"	0	0	1	0	0.045	0.232	0.07	0.653	-0.02	-0.115	1.156	-0.46	1.751	"3"
"命令"	0	0	1	0	0.045	0.232	0.07	0.653	-0.02	-0.115	1.156	-0.46	1.751	"3"
"命名"	0	0	0	1	0.045	0.232	0.07	0.653	-0.02	-0.115	-0.031	0.185	0.351	"4"
"和平"	0	0	0	6	0.269	1.393	0.419	3.919	-0.12	-0.689	-0.188	1.11	2.107	"4"
"售车"	0	0	0	1	0.045	0.232	0.07	0.653	-0.02	-0.115	-0.031	0.185	0.351	"4"
"唯一"	0	0	0	1	0.045	0.232	0.07	0.653	-0.02	-0.115	-0.031	0.185	0.351	"4"
"唱出"	0	0	1	0	0.045	0.232	0.07	0.653	-0.02	-0.115	1.156	-0.46	1.751	"3"
"商榷"	0	0	0	1	0.045	0.232	0.07	0.653	-0.02	-0.115	-0.031	0.185	0.351	"4"
"善"	0	0	0	1	0.045	0.232	0.07	0.653	-0.02	-0.115	-0.031	0.185	0.351	"4"
"喜剧"	0	0	0	1	0.045	0.232	0.07	0.653	-0.02	-0.115	-0.031	0.185	0.351	"4"
"喝水"	0	0	0	1	0.045	0.232	0.07	0.653	-0.02	-0.115	-0.031	0.185	0.351	"4"
"回馈金"	0	0	1	0	0.045	0.232	0.07	0.653	-0.02	-0.115	1.156	-0.46	1.751	"3"
"因地制宜"	0	0	0	1	0.045	0.232	0.07	0.653	-0.02	-0.115	-0.031	0.185	0.351	"4"
"因应"	1	0	0	4	0.225	1.161	0.349	3.266	0.688	-0.574	-0.157	0.362	1.781	"1"
"围歼"	0	0	0	2	0.09	0.464	0.14	1.306	-0.04	-0.23	-0.063	0.37	0.703	"4"
"国代"	0	0	0	1	0.045	0.232	0.07	0.653	-0.02	-0.115	-0.031	0.185	0.351	"4"
"国宝级"	1	0	0	0	0.045	0.232	0.07	0.653	1.348	-0.115	-0.031	-0.46	1.954	"1"
"圈养"	0	1	0	0	0.045	0.232	0.07	0.653	-0.02	0.634	-0.031	-0.46	1.145	"2"
"土地"	0	0	1	2	0.135	0.697	0.209	1.959	-0.06	-0.344	0.71	0.141	1.255	"3"
"在任"	0	0	1	0	0.045	0.232	0.07	0.653	-0.02	-0.115	1.156	-0.46	1.751	"3"
"在内"	0	1	0	0	0.045	0.232	0.07	0.653	-0.02	0.634	-0.031	-0.46	1.145	"2"
"地抓"	0	0	0	1	0.045	0.232	0.07	0.653	-0.02	-0.115	-0.031	0.185	0.351	"4"
"场所"	0	2	0	4	0.269	1.393	0.419	3.919	-0.12	0.373	-0.188	0.185	0.866	"2"
"坚决"	0	0	0	4	0.18	0.929	0.279	2.613	-0.08	-0.459	-0.126	0.74	1.405	"4"
"基汐"	0	0	0	1	0.045	0.232	0.07	0.653	-0.02	-0.115	-0.031	0.185	0.351	"4"
"基隆河"	0	0	0	1	0.045	0.232	0.07	0.653	-0.02	-0.115	-0.031	0.185	0.351	"4"
"塞蕾娜"	0	0	0	1	0.045	0.232	0.07	0.653	-0.02	-0.115	-0.031	0.185	0.351	"4"
"处世"	0	0	0	1	0.045	0.232	0.07	0.653	-0.02	-0.115	-0.031	0.185	0.351	"4"
"处理"	0	0	0	9	0.404	2.09	0.628	5.878	-0.18	-1.033	-0.283	1.665	3.161	"4"
"处罚"	1	0	0	0	0.045	0.232	0.07	0.653	1.348	-0.115	-0.031	-0.46	1.954	"1"
"备战"	0	0	0	1	0.045	0.232	0.07	0.653	-0.02	-0.115	-0.031	0.185	0.351	"4"
"外交"	0	0	0	1	0.045	0.232	0.07	0.653	-0.02	-0.115	-0.031	0.185	0.351	"4"
"外资"	0	0	1	1	0.09	0.464	0.14	1.306	-0.04	-0.23	0.871	-0.242	1.383	"3"
"多"	1	1	0	3	0.225	1.161	0.349	3.266	0.688	-0.174	-0.157	-0.248	1.267	"1"
"多元"	0	0	0	1	0.045	0.232	0.07	0.653	-0.02	-0.115	-0.031	0.185	0.351	"4"
"多姿"	0	0	0	1	0.045	0.232	0.07	0.653	-0.02	-0.115	-0.031	0.185	0.351	"4"
"多方面"	0	0	0	1	0.045	0.232	0.07	0.653	-0.02	-0.115	-0.031	0.185	0.351	"4"
"大事"	0	0	0	1	0.045	0.232	0.07	0.653	-0.02	-0.115	-0.031	0.185	0.351	"4"
"大力"	0	1	0	1	0.09	0.464	0.14	1.306	-0.04	0.387	-0.063	-0.242	0.732	"2"
"大加"	0	0	0	1	0.045	0.232	0.07	0.653	-0.02	-0.115	-0.031	0.185	0.351	"4"
"大摩"	0	0	0	1	0.045	0.232	0.07	0.653	-0.02	-0.115	-0.031	0.185	0.351	"4"
"奖励"	0	0	0	1	0.045	0.232	0.07	0.653	-0.02	-0.115	-0.031	0.185	0.351	"4"
"套"	0	0	0	4	0.18	0.929	0.279	2.613	-0.08	-0.459	-0.126	0.74	1.405	"4"
"好"	0	0	0	2	0.09	0.464	0.14	1.306	-0.04	-0.23	-0.063	0.37	0.703	"4"
"如"	0	1	0	1	0.09	0.464	0.14	1.306	-0.04	0.387	-0.063	-0.242	0.732	"2"
"如下"	0	0	0	1	0.045	0.232	0.07	0.653	-0.02	-0.115	-0.031	0.185	0.351	"4"
"如常"	0	1	0	0	0.045	0.232	0.07	0.653	-0.02	0.634	-0.031	-0.46	1.145	"2"
"妙用"	0	0	0	1	0.045	0.232	0.07	0.653	-0.02	-0.115	-0.031	0.185	0.351	"4"
"妥善"	0	1	0	0	0.045	0.232	0.07	0.653	-0.02	0.634	-0.031	-0.46	1.145	"2"
"委办"	0	0	1	0	0.045	0.232	0.07	0.653	-0.02	-0.115	1.156	-0.46	1.751	"3"
"委託"	0	0	1	0	0.045	0.232	0.07	0.653	-0.02	-0.115	1.156	-0.46	1.751	"3"
"娱乐"	0	0	0	1	0.045	0.232	0.07	0.653	-0.02	-0.115	-0.031	0.185	0.351	"4"
"嫌疑人"	0	2	0	0	0.09	0.464	0.14	1.306	-0.04	1.268	-0.063	-0.92	2.291	"2"
"学习"	0	0	1	4	0.225	1.161	0.349	3.266	-0.1	-0.574	0.518	0.362	1.554	"2"
"安全"	0	3	0	10	0.584	3.019	0.907	8.491	-0.259	-0.191	-0.408	0.543	1.401	"4"
"安全性"	0	0	0	1	0.045	0.232	0.07	0.653	-0.02	-0.115	-0.031	0.185	0.351	"4"
"安定药"	0	0	0	1	0.045	0.232	0.07	0.653	-0.02	-0.115	-0.031	0.185	0.351	"4"
"完善"	0	0	0	3	0.135	0.697	0.209	1.959	-0.06	-0.344	-0.094	0.555	1.053	"4"
"定点"	0	0	0	1	0.045	0.232	0.07	0.653	-0.02	-0.115	-0.031	0.185	0.351	"4"
"实"	0	0	0	1	0.045	0.232	0.07	0.653	-0.02	-0.115	-0.031	0.185	0.351	"4"
"实兵"	0	0	0	1	0.045	0.232	0.07	0.653	-0.02	-0.115	-0.031	0.185	0.351	"4"
"实处"	0	0	0	1	0.045	0.232	0.07	0.653	-0.02	-0.115	-0.031	0.185	0.351	"4"
"实弹"	0	0	0	1	0.045	0.232	0.07	0.653	-0.02	-0.115	-0.031	0.185	0.351	"4"
"实施"	0	1	0	9	0.449	2.322	0.698	6.531	-0.2	-0.543	-0.314	1.05	2.107	"4"
"实现"	0	0	0	2	0.09	0.464	0.14	1.306	-0.04	-0.23	-0.063	0.37	0.703	"4"
"实行"	0	0	0	2	0.09	0.464	0.14	1.306	-0.04	-0.23	-0.063	0.37	0.703	"4"
"审讯"	0	1	0	0	0.045	0.232	0.07	0.653	-0.02	0.634	-0.031	-0.46	1.145	"2"
"宣"	0	0	0	1	0.045	0.232	0.07	0.653	-0.02	-0.115	-0.031	0.185	0.351	"4"
"宣传品"	0	0	0	1	0.045	0.232	0.07	0.653	-0.02	-0.115	-0.031	0.185	0.351	"4"
"宣佈"	2	0	0	0	0.09	0.464	0.14	1.306	2.695	-0.23	-0.063	-0.92	3.908	"1"
"室内"	0	1	0	1	0.09	0.464	0.14	1.306	-0.04	0.387	-0.063	-0.242	0.732	"2"
"寄"	0	0	0	1	0.045	0.232	0.07	0.653	-0.02	-0.115	-0.031	0.185	0.351	"4"
"对付"	1	0	0	0	0.045	0.232	0.07	0.653	1.348	-0.115	-0.031	-0.46	1.954	"1"
"对待"	0	0	0	1	0.045	0.232	0.07	0.653	-0.02	-0.115	-0.031	0.185	0.351	"4"
"对抗"	0	0	0	3	0.135	0.697	0.209	1.959	-0.06	-0.344	-0.094	0.555	1.053	"4"
"对策"	0	0	0	1	0.045	0.232	0.07	0.653	-0.02	-0.115	-0.031	0.185	0.351	"4"
"对话"	0	0	1	2	0.135	0.697	0.209	1.959	-0.06	-0.344	0.71	0.141	1.255	"3"
"寻求"	0	0	0	1	0.045	0.232	0.07	0.653	-0.02	-0.115	-0.031	0.185	0.351	"4"
"封闭"	0	1	0	0	0.045	0.232	0.07	0.653	-0.02	0.634	-0.031	-0.46	1.145	"2"
"小量"	0	0	0	1	0.045	0.232	0.07	0.653	-0.02	-0.115	-0.031	0.185	0.351	"4"
"尝试"	0	0	0	2	0.09	0.464	0.14	1.306	-0.04	-0.23	-0.063	0.37	0.703	"4"
"就业"	0	0	0	2	0.09	0.464	0.14	1.306	-0.04	-0.23	-0.063	0.37	0.703	"4"
"就是"	0	0	0	1	0.045	0.232	0.07	0.653	-0.02	-0.115	-0.031	0.185	0.351	"4"
"尽可能"	0	1	0	1	0.09	0.464	0.14	1.306	-0.04	0.387	-0.063	-0.242	0.732	"2"
"尽快"	0	1	0	1	0.09	0.464	0.14	1.306	-0.04	0.387	-0.063	-0.242	0.732	"2"
"居家"	0	0	0	1	0.045	0.232	0.07	0.653	-0.02	-0.115	-0.031	0.185	0.351	"4"
"崭新"	0	0	0	1	0.045	0.232	0.07	0.653	-0.02	-0.115	-0.031	0.185	0.351	"4"
"工业城市"	0	1	0	0	0.045	0.232	0.07	0.653	-0.02	0.634	-0.031	-0.46	1.145	"2"
"工具"	0	0	0	1	0.045	0.232	0.07	0.653	-0.02	-0.115	-0.031	0.185	0.351	"4"
"工艺"	0	0	0	1	0.045	0.232	0.07	0.653	-0.02	-0.115	-0.031	0.185	0.351	"4"
"巩固"	0	0	0	1	0.045	0.232	0.07	0.653	-0.02	-0.115	-0.031	0.185	0.351	"4"
"巴勒斯坦人"	0	0	0	2	0.09	0.464	0.14	1.306	-0.04	-0.23	-0.063	0.37	0.703	"4"
"希土"	0	0	0	1	0.045	0.232	0.07	0.653	-0.02	-0.115	-0.031	0.185	0.351	"4"
"带出"	0	0	0	1	0.045	0.232	0.07	0.653	-0.02	-0.115	-0.031	0.185	0.351	"4"
"帮助"	0	0	0	2	0.09	0.464	0.14	1.306	-0.04	-0.23	-0.063	0.37	0.703	"4"
"常规"	0	0	0	1	0.045	0.232	0.07	0.653	-0.02	-0.115	-0.031	0.185	0.351	"4"
"并行"	0	0	0	1	0.045	0.232	0.07	0.653	-0.02	-0.115	-0.031	0.185	0.351	"4"
"幻"	0	0	0	1	0.045	0.232	0.07	0.653	-0.02	-0.115	-0.031	0.185	0.351	"4"
"幼儿园"	0	0	0	1	0.045	0.232	0.07	0.653	-0.02	-0.115	-0.031	0.185	0.351	"4"
"幼稚"	0	0	0	1	0.045	0.232	0.07	0.653	-0.02	-0.115	-0.031	0.185	0.351	"4"
"庆祝"	0	0	0	1	0.045	0.232	0.07	0.653	-0.02	-0.115	-0.031	0.185	0.351	"4"
"库藏股"	0	0	0	1	0.045	0.232	0.07	0.653	-0.02	-0.115	-0.031	0.185	0.351	"4"
"应付"	0	0	0	1	0.045	0.232	0.07	0.653	-0.02	-0.115	-0.031	0.185	0.351	"4"
"应变"	0	0	0	4	0.18	0.929	0.279	2.613	-0.08	-0.459	-0.126	0.74	1.405	"4"
"应对"	0	1	0	1	0.09	0.464	0.14	1.306	-0.04	0.387	-0.063	-0.242	0.732	"2"
"应当"	0	1	0	0	0.045	0.232	0.07	0.653	-0.02	0.634	-0.031	-0.46	1.145	"2"
"应急"	0	2	0	2	0.18	0.929	0.279	2.613	-0.08	0.634	-0.126	-0.365	1.205	"2"
"应用"	0	0	0	1	0.045	0.232	0.07	0.653	-0.02	-0.115	-0.031	0.185	0.351	"4"
"延长"	0	0	0	1	0.045	0.232	0.07	0.653	-0.02	-0.115	-0.031	0.185	0.351	"4"
"建设性"	0	0	0	1	0.045	0.232	0.07	0.653	-0.02	-0.115	-0.031	0.185	0.351	"4"
"开发出"	0	0	0	1	0.045	0.232	0.07	0.653	-0.02	-0.115	-0.031	0.185	0.351	"4"
"开源节流"	0	0	0	1	0.045	0.232	0.07	0.653	-0.02	-0.115	-0.031	0.185	0.351	"4"
"开课"	0	2	0	0	0.09	0.464	0.14	1.306	-0.04	1.268	-0.063	-0.92	2.291	"2"
"引"	0	0	0	1	0.045	0.232	0.07	0.653	-0.02	-0.115	-0.031	0.185	0.351	"4"
"引导"	0	0	0	2	0.09	0.464	0.14	1.306	-0.04	-0.23	-0.063	0.37	0.703	"4"
"张荣恭"	0	0	0	2	0.09	0.464	0.14	1.306	-0.04	-0.23	-0.063	0.37	0.703	"4"
"强制"	1	2	0	1	0.18	0.929	0.279	2.613	0.775	0.634	-0.126	-0.908	2.443	"4"
"强化"	0	1	0	2	0.135	0.697	0.209	1.959	-0.06	0.262	-0.094	0.141	0.557	"2"
"强强"	0	0	0	1	0.045	0.232	0.07	0.653	-0.02	-0.115	-0.031	0.185	0.351	"4"
"强硬"	0	3	0	0	0.135	0.697	0.209	1.959	-0.06	1.902	-0.094	-1.379	3.435	"2"
"强索"	0	0	1	0	0.045	0.232	0.07	0.653	-0.02	-0.115	1.156	-0.46	1.751	"3"
"当做"	0	0	0	1	0.045	0.232	0.07	0.653	-0.02	-0.115	-0.031	0.185	0.351	"4"
"当局"	2	1	0	0	0.135	0.697	0.209	1.959	2.231	0.262	-0.094	-1.379	3.966	"1"
"影像"	0	0	0	1	0.045	0.232	0.07	0.653	-0.02	-0.115	-0.031	0.185	0.351	"4"
"彻底"	0	1	0	1	0.09	0.464	0.14	1.306	-0.04	0.387	-0.063	-0.242	0.732	"2"
"得力"	0	1	0	0	0.045	0.232	0.07	0.653	-0.02	0.634	-0.031	-0.46	1.145	"2"
"循"	0	0	0	1	0.045	0.232	0.07	0.653	-0.02	-0.115	-0.031	0.185	0.351	"4"
"必要"	1	1	0	4	0.269	1.393	0.419	3.919	0.618	-0.239	-0.188	0.185	1.23	"1"
"思想"	0	0	0	1	0.045	0.232	0.07	0.653	-0.02	-0.115	-0.031	0.185	0.351	"4"
"思维"	0	0	0	1	0.045	0.232	0.07	0.653	-0.02	-0.115	-0.031	0.185	0.351	"4"
"思考"	0	0	0	1	0.045	0.232	0.07	0.653	-0.02	-0.115	-0.031	0.185	0.351	"4"
"性"	0	0	0	1	0.045	0.232	0.07	0.653	-0.02	-0.115	-0.031	0.185	0.351	"4"
"性别"	0	0	0	1	0.045	0.232	0.07	0.653	-0.02	-0.115	-0.031	0.185	0.351	"4"
"总结"	0	0	0	1	0.045	0.232	0.07	0.653	-0.02	-0.115	-0.031	0.185	0.351	"4"
"悄然"	0	0	0	1	0.045	0.232	0.07	0.653	-0.02	-0.115	-0.031	0.185	0.351	"4"
"悬而未决"	0	0	0	1	0.045	0.232	0.07	0.653	-0.02	-0.115	-0.031	0.185	0.351	"4"
"情境"	0	0	0	1	0.045	0.232	0.07	0.653	-0.02	-0.115	-0.031	0.185	0.351	"4"
"惟一"	0	0	0	1	0.045	0.232	0.07	0.653	-0.02	-0.115	-0.031	0.185	0.351	"4"
"惟恐"	0	0	0	1	0.045	0.232	0.07	0.653	-0.02	-0.115	-0.031	0.185	0.351	"4"
"惯例"	0	0	1	0	0.045	0.232	0.07	0.653	-0.02	-0.115	1.156	-0.46	1.751	"3"
"愈合"	0	0	0	1	0.045	0.232	0.07	0.653	-0.02	-0.115	-0.031	0.185	0.351	"4"
"意志"	0	0	0	1	0.045	0.232	0.07	0.653	-0.02	-0.115	-0.031	0.185	0.351	"4"
"感染"	0	0	0	2	0.09	0.464	0.14	1.306	-0.04	-0.23	-0.063	0.37	0.703	"4"
"感染区"	0	0	0	1	0.045	0.232	0.07	0.653	-0.02	-0.115	-0.031	0.185	0.351	"4"
"戏剧"	0	0	0	1	0.045	0.232	0.07	0.653	-0.02	-0.115	-0.031	0.185	0.351	"4"
"成效"	0	1	0	1	0.09	0.464	0.14	1.306	-0.04	0.387	-0.063	-0.242	0.732	"2"
"成本"	0	1	0	1	0.09	0.464	0.14	1.306	-0.04	0.387	-0.063	-0.242	0.732	"2"
"或"	0	0	3	7	0.449	2.322	0.698	6.531	-0.2	-1.148	1.552	0.282	3.182	"3"
"战备"	0	0	0	1	0.045	0.232	0.07	0.653	-0.02	-0.115	-0.031	0.185	0.351	"4"
"战斗性"	0	0	0	1	0.045	0.232	0.07	0.653	-0.02	-0.115	-0.031	0.185	0.351	"4"
"截去"	0	0	0	1	0.045	0.232	0.07	0.653	-0.02	-0.115	-0.031	0.185	0.351	"4"
"截然不同"	0	0	0	1	0.045	0.232	0.07	0.653	-0.02	-0.115	-0.031	0.185	0.351	"4"
"手术"	0	0	0	1	0.045	0.232	0.07	0.653	-0.02	-0.115	-0.031	0.185	0.351	"4"
"手段"	0	0	0	4	0.18	0.929	0.279	2.613	-0.08	-0.459	-0.126	0.74	1.405	"4"
"打扮"	0	0	0	1	0.045	0.232	0.07	0.653	-0.02	-0.115	-0.031	0.185	0.351	"4"
"执行"	0	0	0	1	0.045	0.232	0.07	0.653	-0.02	-0.115	-0.031	0.185	0.351	"4"
"扩大"	0	0	0	2	0.09	0.464	0.14	1.306	-0.04	-0.23	-0.063	0.37	0.703	"4"
"扩散"	0	1	0	0	0.045	0.232	0.07	0.653	-0.02	0.634	-0.031	-0.46	1.145	"2"
"扭转"	0	1	0	0	0.045	0.232	0.07	0.653	-0.02	0.634	-0.031	-0.46	1.145	"2"
"找出"	0	0	0	2	0.09	0.464	0.14	1.306	-0.04	-0.23	-0.063	0.37	0.703	"4"
"找到"	0	0	0	1	0.045	0.232	0.07	0.653	-0.02	-0.115	-0.031	0.185	0.351	"4"
"找寻"	0	0	0	1	0.045	0.232	0.07	0.653	-0.02	-0.115	-0.031	0.185	0.351	"4"
"承销"	0	0	0	1	0.045	0.232	0.07	0.653	-0.02	-0.115	-0.031	0.185	0.351	"4"
"技"	0	0	0	1	0.045	0.232	0.07	0.653	-0.02	-0.115	-0.031	0.185	0.351	"4"
"技术"	0	1	0	1	0.09	0.464	0.14	1.306	-0.04	0.387	-0.063	-0.242	0.732	"2"
"抑制"	0	0	0	1	0.045	0.232	0.07	0.653	-0.02	-0.115	-0.031	0.185	0.351	"4"
"抑郁症"	0	0	0	1	0.045	0.232	0.07	0.653	-0.02	-0.115	-0.031	0.185	0.351	"4"
"抓"	0	0	0	3	0.135	0.697	0.209	1.959	-0.06	-0.344	-0.094	0.555	1.053	"4"
"投票"	0	0	0	1	0.045	0.232	0.07	0.653	-0.02	-0.115	-0.031	0.185	0.351	"4"
"抗"	0	1	0	0	0.045	0.232	0.07	0.653	-0.02	0.634	-0.031	-0.46	1.145	"2"
"抗大旱"	0	1	0	0	0.045	0.232	0.07	0.653	-0.02	0.634	-0.031	-0.46	1.145	"2"
"抗疫"	0	0	0	1	0.045	0.232	0.07	0.653	-0.02	-0.115	-0.031	0.185	0.351	"4"
"抢修"	0	0	1	0	0.045	0.232	0.07	0.653	-0.02	-0.115	1.156	-0.46	1.751	"3"
"报复"	0	0	0	2	0.09	0.464	0.14	1.306	-0.04	-0.23	-0.063	0.37	0.703	"4"
"抵抗"	0	0	1	0	0.045	0.232	0.07	0.653	-0.02	-0.115	1.156	-0.46	1.751	"3"
"抵押"	1	0	0	0	0.045	0.232	0.07	0.653	1.348	-0.115	-0.031	-0.46	1.954	"1"
"拍卖"	0	0	1	0	0.045	0.232	0.07	0.653	-0.02	-0.115	1.156	-0.46	1.751	"3"
"拘留"	0	1	0	0	0.045	0.232	0.07	0.653	-0.02	0.634	-0.031	-0.46	1.145	"2"
"招标"	0	0	1	1	0.09	0.464	0.14	1.306	-0.04	-0.23	0.871	-0.242	1.383	"3"
"拜访"	0	0	0	1	0.045	0.232	0.07	0.653	-0.02	-0.115	-0.031	0.185	0.351	"4"
"拟"	0	0	0	1	0.045	0.232	0.07	0.653	-0.02	-0.115	-0.031	0.185	0.351	"4"
"择"	0	0	0	1	0.045	0.232	0.07	0.653	-0.02	-0.115	-0.031	0.185	0.351	"4"
"括"	0	1	0	0	0.045	0.232	0.07	0.653	-0.02	0.634	-0.031	-0.46	1.145	"2"
"拼音"	0	0	0	2	0.09	0.464	0.14	1.306	-0.04	-0.23	-0.063	0.37	0.703	"4"
"指导"	0	0	0	1	0.045	0.232	0.07	0.653	-0.02	-0.115	-0.031	0.185	0.351	"4"
"按照"	0	0	0	1	0.045	0.232	0.07	0.653	-0.02	-0.115	-0.031	0.185	0.351	"4"
"挟持"	0	0	0	1	0.045	0.232	0.07	0.653	-0.02	-0.115	-0.031	0.185	0.351	"4"
"振"	0	0	0	1	0.045	0.232	0.07	0.653	-0.02	-0.115	-0.031	0.185	0.351	"4"
"振兴"	0	1	0	0	0.045	0.232	0.07	0.653	-0.02	0.634	-0.031	-0.46	1.145	"2"
"挺"	0	0	0	1	0.045	0.232	0.07	0.653	-0.02	-0.115	-0.031	0.185	0.351	"4"
"捐"	0	0	0	1	0.045	0.232	0.07	0.653	-0.02	-0.115	-0.031	0.185	0.351	"4"
"捐款"	0	0	0	2	0.09	0.464	0.14	1.306	-0.04	-0.23	-0.063	0.37	0.703	"4"
"换"	0	0	1	0	0.045	0.232	0.07	0.653	-0.02	-0.115	1.156	-0.46	1.751	"3"
"换气"	0	1	0	0	0.045	0.232	0.07	0.653	-0.02	0.634	-0.031	-0.46	1.145	"2"
"採"	0	0	0	4	0.18	0.929	0.279	2.613	-0.08	-0.459	-0.126	0.74	1.405	"4"
"採取"	22	0	0	0	0.988	5.108	1.535	14.369	29.648	-2.525	-0.691	-10.116	42.98	"1"
"採取採取"	0	0	0	1	0.045	0.232	0.07	0.653	-0.02	-0.115	-0.031	0.185	0.351	"4"
"採行"	0	0	0	1	0.045	0.232	0.07	0.653	-0.02	-0.115	-0.031	0.185	0.351	"4"
"探讨"	0	0	0	1	0.045	0.232	0.07	0.653	-0.02	-0.115	-0.031	0.185	0.351	"4"
"接触者"	0	0	0	2	0.09	0.464	0.14	1.306	-0.04	-0.23	-0.063	0.37	0.703	"4"
"控制"	0	5	0	7	0.539	2.786	0.837	7.838	-0.239	0.91	-0.377	-0.39	1.916	"2"
"控制器"	0	0	0	1	0.045	0.232	0.07	0.653	-0.02	-0.115	-0.031	0.185	0.351	"4"
"推出"	0	1	0	3	0.18	0.929	0.279	2.613	-0.08	0.185	-0.126	0.245	0.636	"4"
"推动"	0	1	0	0	0.045	0.232	0.07	0.653	-0.02	0.634	-0.031	-0.46	1.145	"2"
"推广"	0	0	0	1	0.045	0.232	0.07	0.653	-0.02	-0.115	-0.031	0.185	0.351	"4"
"推行"	0	0	0	2	0.09	0.464	0.14	1.306	-0.04	-0.23	-0.063	0.37	0.703	"4"
"推进"	0	0	0	2	0.09	0.464	0.14	1.306	-0.04	-0.23	-0.063	0.37	0.703	"4"
"推选"	0	0	0	1	0.045	0.232	0.07	0.653	-0.02	-0.115	-0.031	0.185	0.351	"4"
"推销"	0	0	0	1	0.045	0.232	0.07	0.653	-0.02	-0.115	-0.031	0.185	0.351	"4"
"措施"	1	4	0	8	0.584	3.019	0.907	8.491	0.347	0.448	-0.408	-0.31	1.513	"2"
"提供"	0	0	0	1	0.045	0.232	0.07	0.653	-0.02	-0.115	-0.031	0.185	0.351	"4"
"提倡"	0	0	0	1	0.045	0.232	0.07	0.653	-0.02	-0.115	-0.031	0.185	0.351	"4"
"提出"	0	1	0	4	0.225	1.161	0.349	3.266	-0.1	-0.174	-0.157	0.362	0.793	"4"
"提高"	0	0	0	1	0.045	0.232	0.07	0.653	-0.02	-0.115	-0.031	0.185	0.351	"4"
"撕破脸"	0	0	1	0	0.045	0.232	0.07	0.653	-0.02	-0.115	1.156	-0.46	1.751	"3"
"播出"	0	0	0	1	0.045	0.232	0.07	0.653	-0.02	-0.115	-0.031	0.185	0.351	"4"
"撷英"	0	2	0	0	0.09	0.464	0.14	1.306	-0.04	1.268	-0.063	-0.92	2.291	"2"
"操作"	0	0	0	3	0.135	0.697	0.209	1.959	-0.06	-0.344	-0.094	0.555	1.053	"4"
"操演"	0	0	0	2	0.09	0.464	0.14	1.306	-0.04	-0.23	-0.063	0.37	0.703	"4"
"操盘"	0	0	0	1	0.045	0.232	0.07	0.653	-0.02	-0.115	-0.031	0.185	0.351	"4"
"收款"	0	0	0	1	0.045	0.232	0.07	0.653	-0.02	-0.115	-0.031	0.185	0.351	"4"
"收购"	0	0	1	0	0.045	0.232	0.07	0.653	-0.02	-0.115	1.156	-0.46	1.751	"3"
"改"	0	0	0	1	0.045	0.232	0.07	0.653	-0.02	-0.115	-0.031	0.185	0.351	"4"
"改为"	0	0	1	0	0.045	0.232	0.07	0.653	-0.02	-0.115	1.156	-0.46	1.751	"3"
"改变"	0	0	0	5	0.225	1.161	0.349	3.266	-0.1	-0.574	-0.157	0.925	1.756	"4"
"改善"	0	1	0	4	0.225	1.161	0.349	3.266	-0.1	-0.174	-0.157	0.362	0.793	"4"
"改採"	0	0	0	1	0.045	0.232	0.07	0.653	-0.02	-0.115	-0.031	0.185	0.351	"4"
"改进"	0	0	0	2	0.09	0.464	0.14	1.306	-0.04	-0.23	-0.063	0.37	0.703	"4"
"改革"	0	1	0	5	0.269	1.393	0.419	3.919	-0.12	-0.239	-0.188	0.488	1.035	"4"
"放型"	0	0	0	1	0.045	0.232	0.07	0.653	-0.02	-0.115	-0.031	0.185	0.351	"4"
"政府"	2	16	0	9	1.213	6.269	1.883	17.634	0.464	4.202	-0.848	-3.152	8.666	"2"
"政治"	0	0	0	2	0.09	0.464	0.14	1.306	-0.04	-0.23	-0.063	0.37	0.703	"4"
"政策"	0	0	0	5	0.225	1.161	0.349	3.266	-0.1	-0.574	-0.157	0.925	1.756	"4"
"效"	0	1	0	1	0.09	0.464	0.14	1.306	-0.04	0.387	-0.063	-0.242	0.732	"2"
"效仿"	0	0	0	1	0.045	0.232	0.07	0.653	-0.02	-0.115	-0.031	0.185	0.351	"4"
"效果"	0	0	0	1	0.045	0.232	0.07	0.653	-0.02	-0.115	-0.031	0.185	0.351	"4"
"敌"	0	0	1	0	0.045	0.232	0.07	0.653	-0.02	-0.115	1.156	-0.46	1.751	"3"
"救助"	0	0	0	1	0.045	0.232	0.07	0.653	-0.02	-0.115	-0.031	0.185	0.351	"4"
"救市"	0	0	0	1	0.045	0.232	0.07	0.653	-0.02	-0.115	-0.031	0.185	0.351	"4"
"救治"	0	1	0	0	0.045	0.232	0.07	0.653	-0.02	0.634	-0.031	-0.46	1.145	"2"
"教导"	0	0	0	2	0.09	0.464	0.14	1.306	-0.04	-0.23	-0.063	0.37	0.703	"4"
"教育"	0	0	0	2	0.09	0.464	0.14	1.306	-0.04	-0.23	-0.063	0.37	0.703	"4"
"整治"	0	1	0	0	0.045	0.232	0.07	0.653	-0.02	0.634	-0.031	-0.46	1.145	"2"
"整顿"	0	1	0	0	0.045	0.232	0.07	0.653	-0.02	0.634	-0.031	-0.46	1.145	"2"
"断绝"	0	0	0	1	0.045	0.232	0.07	0.653	-0.02	-0.115	-0.031	0.185	0.351	"4"
"新"	0	0	0	5	0.225	1.161	0.349	3.266	-0.1	-0.574	-0.157	0.925	1.756	"4"
"新型"	0	0	0	2	0.09	0.464	0.14	1.306	-0.04	-0.23	-0.063	0.37	0.703	"4"
"新颖"	0	0	0	1	0.045	0.232	0.07	0.653	-0.02	-0.115	-0.031	0.185	0.351	"4"
"方可"	0	1	0	0	0.045	0.232	0.07	0.653	-0.02	0.634	-0.031	-0.46	1.145	"2"
"方式"	0	0	1	4	0.225	1.161	0.349	3.266	-0.1	-0.574	0.518	0.362	1.554	"2"
"方法"	0	0	0	8	0.359	1.858	0.558	5.225	-0.16	-0.918	-0.251	1.48	2.809	"4"
"施行"	0	0	0	1	0.045	0.232	0.07	0.653	-0.02	-0.115	-0.031	0.185	0.351	"4"
"旅客"	2	0	0	0	0.09	0.464	0.14	1.306	2.695	-0.23	-0.063	-0.92	3.908	"1"
"无线"	0	0	1	0	0.045	0.232	0.07	0.653	-0.02	-0.115	1.156	-0.46	1.751	"3"
"无菌性"	0	0	0	1	0.045	0.232	0.07	0.653	-0.02	-0.115	-0.031	0.185	0.351	"4"
"日方"	1	0	0	0	0.045	0.232	0.07	0.653	1.348	-0.115	-0.031	-0.46	1.954	"1"
"时钟"	0	0	0	1	0.045	0.232	0.07	0.653	-0.02	-0.115	-0.031	0.185	0.351	"4"
"明确"	0	1	0	0	0.045	0.232	0.07	0.653	-0.02	0.634	-0.031	-0.46	1.145	"2"
"是以"	0	0	0	5	0.225	1.161	0.349	3.266	-0.1	-0.574	-0.157	0.925	1.756	"4"
"暗访"	0	0	0	1	0.045	0.232	0.07	0.653	-0.02	-0.115	-0.031	0.185	0.351	"4"
"暴力"	0	0	0	1	0.045	0.232	0.07	0.653	-0.02	-0.115	-0.031	0.185	0.351	"4"
"更"	0	2	0	1	0.135	0.697	0.209	1.959	-0.06	0.864	-0.094	-0.557	1.575	"2"
"更加"	0	1	0	0	0.045	0.232	0.07	0.653	-0.02	0.634	-0.031	-0.46	1.145	"2"
"替代"	0	0	0	1	0.045	0.232	0.07	0.653	-0.02	-0.115	-0.031	0.185	0.351	"4"
"最好"	0	0	0	3	0.135	0.697	0.209	1.959	-0.06	-0.344	-0.094	0.555	1.053	"4"
"有偿"	0	0	1	0	0.045	0.232	0.07	0.653	-0.02	-0.115	1.156	-0.46	1.751	"3"
"有关"	0	3	0	3	0.269	1.393	0.419	3.919	-0.12	0.847	-0.188	-0.46	1.615	"2"
"有力"	0	2	0	0	0.09	0.464	0.14	1.306	-0.04	1.268	-0.063	-0.92	2.291	"2"
"有效"	0	9	0	11	0.898	4.644	1.395	13.063	-0.399	1.583	-0.628	-0.641	3.251	"2"
"有潜"	0	0	0	1	0.045	0.232	0.07	0.653	-0.02	-0.115	-0.031	0.185	0.351	"4"
"有违"	1	0	0	0	0.045	0.232	0.07	0.653	1.348	-0.115	-0.031	-0.46	1.954	"1"
"服务部"	0	1	0	0	0.045	0.232	0.07	0.653	-0.02	0.634	-0.031	-0.46	1.145	"2"
"朝核"	0	0	0	1	0.045	0.232	0.07	0.653	-0.02	-0.115	-0.031	0.185	0.351	"4"
"本期"	0	0	0	1	0.045	0.232	0.07	0.653	-0.02	-0.115	-0.031	0.185	0.351	"4"
"朱婉"	0	0	0	1	0.045	0.232	0.07	0.653	-0.02	-0.115	-0.031	0.185	0.351	"4"
"机场"	0	3	0	0	0.135	0.697	0.209	1.959	-0.06	1.902	-0.094	-1.379	3.435	"2"
"杀死"	0	0	0	1	0.045	0.232	0.07	0.653	-0.02	-0.115	-0.031	0.185	0.351	"4"
"杀猫"	0	0	0	1	0.045	0.232	0.07	0.653	-0.02	-0.115	-0.031	0.185	0.351	"4"
"权限"	0	0	0	1	0.045	0.232	0.07	0.653	-0.02	-0.115	-0.031	0.185	0.351	"4"
"来"	0	1	1	8	0.449	2.322	0.698	6.531	-0.2	-0.543	0.288	0.571	1.602	"4"
"来处"	0	0	0	1	0.045	0.232	0.07	0.653	-0.02	-0.115	-0.031	0.185	0.351	"4"
"杨秀兰"	0	0	0	1	0.045	0.232	0.07	0.653	-0.02	-0.115	-0.031	0.185	0.351	"4"
"松懈"	0	0	0	1	0.045	0.232	0.07	0.653	-0.02	-0.115	-0.031	0.185	0.351	"4"
"果断"	0	2	0	0	0.09	0.464	0.14	1.306	-0.04	1.268	-0.063	-0.92	2.291	"2"
"某些"	1	0	0	0	0.045	0.232	0.07	0.653	1.348	-0.115	-0.031	-0.46	1.954	"1"
"柔性"	0	0	0	1	0.045	0.232	0.07	0.653	-0.02	-0.115	-0.031	0.185	0.351	"4"
"查封"	0	1	0	0	0.045	0.232	0.07	0.653	-0.02	0.634	-0.031	-0.46	1.145	"2"
"查阅"	0	0	0	1	0.045	0.232	0.07	0.653	-0.02	-0.115	-0.031	0.185	0.351	"4"
"标准"	0	0	0	2	0.09	0.464	0.14	1.306	-0.04	-0.23	-0.063	0.37	0.703	"4"
"树立"	0	0	0	1	0.045	0.232	0.07	0.653	-0.02	-0.115	-0.031	0.185	0.351	"4"
"核三厂"	0	0	0	2	0.09	0.464	0.14	1.306	-0.04	-0.23	-0.063	0.37	0.703	"4"
"核准"	0	0	0	1	0.045	0.232	0.07	0.653	-0.02	-0.115	-0.031	0.185	0.351	"4"
"核准制"	0	0	0	1	0.045	0.232	0.07	0.653	-0.02	-0.115	-0.031	0.185	0.351	"4"
"核问"	0	0	0	1	0.045	0.232	0.07	0.653	-0.02	-0.115	-0.031	0.185	0.351	"4"
"根源"	0	0	0	1	0.045	0.232	0.07	0.653	-0.02	-0.115	-0.031	0.185	0.351	"4"
"根除"	0	0	0	1	0.045	0.232	0.07	0.653	-0.02	-0.115	-0.031	0.185	0.351	"4"
"栽培"	0	0	0	1	0.045	0.232	0.07	0.653	-0.02	-0.115	-0.031	0.185	0.351	"4"
"框框"	0	0	1	0	0.045	0.232	0.07	0.653	-0.02	-0.115	1.156	-0.46	1.751	"3"
"检"	0	0	0	1	0.045	0.232	0.07	0.653	-0.02	-0.115	-0.031	0.185	0.351	"4"
"检查"	0	2	0	0	0.09	0.464	0.14	1.306	-0.04	1.268	-0.063	-0.92	2.291	"2"
"检疫局"	0	1	0	0	0.045	0.232	0.07	0.653	-0.02	0.634	-0.031	-0.46	1.145	"2"
"检讨"	0	0	0	1	0.045	0.232	0.07	0.653	-0.02	-0.115	-0.031	0.185	0.351	"4"
"检验"	0	0	0	1	0.045	0.232	0.07	0.653	-0.02	-0.115	-0.031	0.185	0.351	"4"
"植物"	0	0	0	1	0.045	0.232	0.07	0.653	-0.02	-0.115	-0.031	0.185	0.351	"4"
"楼市"	0	0	0	1	0.045	0.232	0.07	0.653	-0.02	-0.115	-0.031	0.185	0.351	"4"
"模式"	0	0	0	1	0.045	0.232	0.07	0.653	-0.02	-0.115	-0.031	0.185	0.351	"4"
"模拟"	0	0	0	1	0.045	0.232	0.07	0.653	-0.02	-0.115	-0.031	0.185	0.351	"4"
"欠奉"	0	0	0	1	0.045	0.232	0.07	0.653	-0.02	-0.115	-0.031	0.185	0.351	"4"
"欺罔"	0	0	0	1	0.045	0.232	0.07	0.653	-0.02	-0.115	-0.031	0.185	0.351	"4"
"欺骗"	0	0	0	1	0.045	0.232	0.07	0.653	-0.02	-0.115	-0.031	0.185	0.351	"4"
"止"	1	0	0	1	0.09	0.464	0.14	1.306	1.056	-0.23	-0.063	-0.242	1.591	"1"
"正反面"	0	0	0	1	0.045	0.232	0.07	0.653	-0.02	-0.115	-0.031	0.185	0.351	"4"
"正确"	0	0	0	2	0.09	0.464	0.14	1.306	-0.04	-0.23	-0.063	0.37	0.703	"4"
"正面"	0	0	0	1	0.045	0.232	0.07	0.653	-0.02	-0.115	-0.031	0.185	0.351	"4"
"武"	0	0	0	1	0.045	0.232	0.07	0.653	-0.02	-0.115	-0.031	0.185	0.351	"4"
"毒"	0	0	0	2	0.09	0.464	0.14	1.306	-0.04	-0.23	-0.063	0.37	0.703	"4"
"比价"	0	0	1	0	0.045	0.232	0.07	0.653	-0.02	-0.115	1.156	-0.46	1.751	"3"
"比武"	0	0	0	1	0.045	0.232	0.07	0.653	-0.02	-0.115	-0.031	0.185	0.351	"4"
"民工"	0	0	0	1	0.045	0.232	0.07	0.653	-0.02	-0.115	-0.031	0.185	0.351	"4"
"气囊"	0	0	0	1	0.045	0.232	0.07	0.653	-0.02	-0.115	-0.031	0.185	0.351	"4"
"求学"	0	0	0	1	0.045	0.232	0.07	0.653	-0.02	-0.115	-0.031	0.185	0.351	"4"
"汉语"	0	0	0	1	0.045	0.232	0.07	0.653	-0.02	-0.115	-0.031	0.185	0.351	"4"
"沙斯"	0	5	0	2	0.314	1.625	0.488	4.572	-0.14	2.035	-0.22	-1.271	3.666	"2"
"沟通"	0	0	1	2	0.135	0.697	0.209	1.959	-0.06	-0.344	0.71	0.141	1.255	"3"
"治"	0	1	0	2	0.135	0.697	0.209	1.959	-0.06	0.262	-0.094	0.141	0.557	"2"
"治理"	0	1	0	1	0.09	0.464	0.14	1.306	-0.04	0.387	-0.063	-0.242	0.732	"2"
"治疗"	0	0	0	10	0.449	2.322	0.698	6.531	-0.2	-1.148	-0.314	1.85	3.512	"4"
"法制化"	0	0	0	1	0.045	0.232	0.07	0.653	-0.02	-0.115	-0.031	0.185	0.351	"4"
"法律"	0	0	0	1	0.045	0.232	0.07	0.653	-0.02	-0.115	-0.031	0.185	0.351	"4"
"洗手"	0	0	0	2	0.09	0.464	0.14	1.306	-0.04	-0.23	-0.063	0.37	0.703	"4"
"洗衣工"	0	1	0	0	0.045	0.232	0.07	0.653	-0.02	0.634	-0.031	-0.46	1.145	"2"
"洗钱"	1	0	0	0	0.045	0.232	0.07	0.653	1.348	-0.115	-0.031	-0.46	1.954	"1"
"流浪"	0	0	0	1	0.045	0.232	0.07	0.653	-0.02	-0.115	-0.031	0.185	0.351	"4"
"流逝"	0	0	1	0	0.045	0.232	0.07	0.653	-0.02	-0.115	1.156	-0.46	1.751	"3"
"测温"	0	0	0	1	0.045	0.232	0.07	0.653	-0.02	-0.115	-0.031	0.185	0.351	"4"
"消毒"	1	4	0	4	0.404	2.09	0.628	5.878	0.47	0.873	-0.283	-0.779	2.405	"2"
"消灭"	0	0	0	1	0.045	0.232	0.07	0.653	-0.02	-0.115	-0.031	0.185	0.351	"4"
"淘汰制"	0	0	1	0	0.045	0.232	0.07	0.653	-0.02	-0.115	1.156	-0.46	1.751	"3"
"混合"	0	0	1	1	0.09	0.464	0.14	1.306	-0.04	-0.23	0.871	-0.242	1.383	"3"
"清淤"	0	0	0	1	0.045	0.232	0.07	0.653	-0.02	-0.115	-0.031	0.185	0.351	"4"
"清除"	0	0	0	2	0.09	0.464	0.14	1.306	-0.04	-0.23	-0.063	0.37	0.703	"4"
"渐进"	0	0	1	0	0.045	0.232	0.07	0.653	-0.02	-0.115	1.156	-0.46	1.751	"3"
"渠道"	0	0	0	1	0.045	0.232	0.07	0.653	-0.02	-0.115	-0.031	0.185	0.351	"4"
"游戏"	0	0	0	6	0.269	1.393	0.419	3.919	-0.12	-0.689	-0.188	1.11	2.107	"4"
"滋事"	0	1	0	0	0.045	0.232	0.07	0.653	-0.02	0.634	-0.031	-0.46	1.145	"2"
"滥用"	0	0	0	1	0.045	0.232	0.07	0.653	-0.02	-0.115	-0.031	0.185	0.351	"4"
"漏洞"	0	1	0	0	0.045	0.232	0.07	0.653	-0.02	0.634	-0.031	-0.46	1.145	"2"
"灌溉"	0	0	0	2	0.09	0.464	0.14	1.306	-0.04	-0.23	-0.063	0.37	0.703	"4"
"灵活"	0	0	0	2	0.09	0.464	0.14	1.306	-0.04	-0.23	-0.063	0.37	0.703	"4"
"炒"	0	0	0	1	0.045	0.232	0.07	0.653	-0.02	-0.115	-0.031	0.185	0.351	"4"
"炒地皮"	0	0	0	1	0.045	0.232	0.07	0.653	-0.02	-0.115	-0.031	0.185	0.351	"4"
"烟草"	0	1	0	0	0.045	0.232	0.07	0.653	-0.02	0.634	-0.031	-0.46	1.145	"2"
"烤鸭"	0	0	0	1	0.045	0.232	0.07	0.653	-0.02	-0.115	-0.031	0.185	0.351	"4"
"烹煮"	0	0	0	2	0.09	0.464	0.14	1.306	-0.04	-0.23	-0.063	0.37	0.703	"4"
"烹调"	0	0	0	1	0.045	0.232	0.07	0.653	-0.02	-0.115	-0.031	0.185	0.351	"4"
"烹饪"	0	0	0	1	0.045	0.232	0.07	0.653	-0.02	-0.115	-0.031	0.185	0.351	"4"
"煮"	0	0	0	1	0.045	0.232	0.07	0.653	-0.02	-0.115	-0.031	0.185	0.351	"4"
"爱车"	0	0	0	1	0.045	0.232	0.07	0.653	-0.02	-0.115	-0.031	0.185	0.351	"4"
"牌照"	0	0	1	0	0.045	0.232	0.07	0.653	-0.02	-0.115	1.156	-0.46	1.751	"3"
"物理"	0	0	0	1	0.045	0.232	0.07	0.653	-0.02	-0.115	-0.031	0.185	0.351	"4"
"犯人"	0	1	0	0	0.045	0.232	0.07	0.653	-0.02	0.634	-0.031	-0.46	1.145	"2"
"犯罪"	1	0	0	1	0.09	0.464	0.14	1.306	1.056	-0.23	-0.063	-0.242	1.591	"1"
"狠"	0	0	0	2	0.09	0.464	0.14	1.306	-0.04	-0.23	-0.063	0.37	0.703	"4"
"独特"	0	0	0	2	0.09	0.464	0.14	1.306	-0.04	-0.23	-0.063	0.37	0.703	"4"
"王庆平"	0	0	0	1	0.045	0.232	0.07	0.653	-0.02	-0.115	-0.031	0.185	0.351	"4"
"玩弄"	0	0	0	1	0.045	0.232	0.07	0.653	-0.02	-0.115	-0.031	0.185	0.351	"4"
"环保"	0	2	0	1	0.135	0.697	0.209	1.959	-0.06	0.864	-0.094	-0.557	1.575	"2"
"环境卫生"	0	0	0	1	0.045	0.232	0.07	0.653	-0.02	-0.115	-0.031	0.185	0.351	"4"
"现代"	0	0	0	1	0.045	0.232	0.07	0.653	-0.02	-0.115	-0.031	0.185	0.351	"4"
"现代化"	0	0	0	3	0.135	0.697	0.209	1.959	-0.06	-0.344	-0.094	0.555	1.053	"4"
"现行"	0	0	0	1	0.045	0.232	0.07	0.653	-0.02	-0.115	-0.031	0.185	0.351	"4"
"球员林赛"	0	0	0	1	0.045	0.232	0.07	0.653	-0.02	-0.115	-0.031	0.185	0.351	"4"
"理"	0	0	0	2	0.09	0.464	0.14	1.306	-0.04	-0.23	-0.063	0.37	0.703	"4"
"理论"	0	0	0	1	0.045	0.232	0.07	0.653	-0.02	-0.115	-0.031	0.185	0.351	"4"
"璧"	0	1	0	0	0.045	0.232	0.07	0.653	-0.02	0.634	-0.031	-0.46	1.145	"2"
"瓶颈"	0	0	0	1	0.045	0.232	0.07	0.653	-0.02	-0.115	-0.031	0.185	0.351	"4"
"瓷"	0	0	0	1	0.045	0.232	0.07	0.653	-0.02	-0.115	-0.031	0.185	0.351	"4"
"瓷土"	0	0	0	1	0.045	0.232	0.07	0.653	-0.02	-0.115	-0.031	0.185	0.351	"4"
"甄选"	0	0	0	1	0.045	0.232	0.07	0.653	-0.02	-0.115	-0.031	0.185	0.351	"4"
"生产"	0	0	0	1	0.045	0.232	0.07	0.653	-0.02	-0.115	-0.031	0.185	0.351	"4"
"生动"	0	0	0	1	0.045	0.232	0.07	0.653	-0.02	-0.115	-0.031	0.185	0.351	"4"
"生活"	0	0	0	9	0.404	2.09	0.628	5.878	-0.18	-1.033	-0.283	1.665	3.161	"4"
"生财"	0	0	0	1	0.045	0.232	0.07	0.653	-0.02	-0.115	-0.031	0.185	0.351	"4"
"生长"	0	0	0	1	0.045	0.232	0.07	0.653	-0.02	-0.115	-0.031	0.185	0.351	"4"
"用"	0	0	0	12	0.539	2.786	0.837	7.838	-0.239	-1.377	-0.377	2.22	4.213	"4"
"用于"	0	0	0	1	0.045	0.232	0.07	0.653	-0.02	-0.115	-0.031	0.185	0.351	"4"
"用地"	0	0	1	0	0.045	0.232	0.07	0.653	-0.02	-0.115	1.156	-0.46	1.751	"3"
"用户端"	0	0	0	1	0.045	0.232	0.07	0.653	-0.02	-0.115	-0.031	0.185	0.351	"4"
"用油"	0	1	0	0	0.045	0.232	0.07	0.653	-0.02	0.634	-0.031	-0.46	1.145	"2"
"用法"	0	0	0	1	0.045	0.232	0.07	0.653	-0.02	-0.115	-0.031	0.185	0.351	"4"
"电力网"	0	0	0	1	0.045	0.232	0.07	0.653	-0.02	-0.115	-0.031	0.185	0.351	"4"
"电子"	0	0	0	1	0.045	0.232	0.07	0.653	-0.02	-0.115	-0.031	0.185	0.351	"4"
"电话"	0	0	1	0	0.045	0.232	0.07	0.653	-0.02	-0.115	1.156	-0.46	1.751	"3"
"画完"	0	0	0	1	0.045	0.232	0.07	0.653	-0.02	-0.115	-0.031	0.185	0.351	"4"
"畅通"	0	1	0	0	0.045	0.232	0.07	0.653	-0.02	0.634	-0.031	-0.46	1.145	"2"
"留观"	0	1	0	0	0.045	0.232	0.07	0.653	-0.02	0.634	-0.031	-0.46	1.145	"2"
"疏散"	0	1	0	0	0.045	0.232	0.07	0.653	-0.02	0.634	-0.031	-0.46	1.145	"2"
"疗"	0	0	0	1	0.045	0.232	0.07	0.653	-0.02	-0.115	-0.031	0.185	0.351	"4"
"疫"	0	2	0	1	0.135	0.697	0.209	1.959	-0.06	0.864	-0.094	-0.557	1.575	"2"
"疫情"	0	5	0	6	0.494	2.554	0.767	7.184	-0.22	1.055	-0.345	-0.49	2.11	"2"
"疫病"	0	0	0	1	0.045	0.232	0.07	0.653	-0.02	-0.115	-0.031	0.185	0.351	"4"
"疫苗"	0	0	0	2	0.09	0.464	0.14	1.306	-0.04	-0.23	-0.063	0.37	0.703	"4"
"疯牛病"	0	1	0	0	0.045	0.232	0.07	0.653	-0.02	0.634	-0.031	-0.46	1.145	"2"
"疾病"	0	0	0	1	0.045	0.232	0.07	0.653	-0.02	-0.115	-0.031	0.185	0.351	"4"
"病因"	0	0	0	1	0.045	0.232	0.07	0.653	-0.02	-0.115	-0.031	0.185	0.351	"4"
"病毒"	0	0	0	3	0.135	0.697	0.209	1.959	-0.06	-0.344	-0.094	0.555	1.053	"4"
"皮管"	0	0	0	1	0.045	0.232	0.07	0.653	-0.02	-0.115	-0.031	0.185	0.351	"4"
"盈"	0	0	0	1	0.045	0.232	0.07	0.653	-0.02	-0.115	-0.031	0.185	0.351	"4"
"监控"	0	1	0	1	0.09	0.464	0.14	1.306	-0.04	0.387	-0.063	-0.242	0.732	"2"
"监测"	0	0	0	1	0.045	0.232	0.07	0.653	-0.02	-0.115	-0.031	0.185	0.351	"4"
"监督"	0	1	0	1	0.09	0.464	0.14	1.306	-0.04	0.387	-0.063	-0.242	0.732	"2"
"监管"	0	0	0	1	0.045	0.232	0.07	0.653	-0.02	-0.115	-0.031	0.185	0.351	"4"
"直接"	0	0	0	1	0.045	0.232	0.07	0.653	-0.02	-0.115	-0.031	0.185	0.351	"4"
"相关"	2	2	0	4	0.359	1.858	0.558	5.225	1.327	0.231	-0.251	-0.542	2.351	"1"
"相应"	0	0	0	1	0.045	0.232	0.07	0.653	-0.02	-0.115	-0.031	0.185	0.351	"4"
"省直"	0	0	0	1	0.045	0.232	0.07	0.653	-0.02	-0.115	-0.031	0.185	0.351	"4"
"看似"	0	0	0	1	0.045	0.232	0.07	0.653	-0.02	-0.115	-0.031	0.185	0.351	"4"
"眼睫毛"	0	0	0	1	0.045	0.232	0.07	0.653	-0.02	-0.115	-0.031	0.185	0.351	"4"
"矛盾"	0	0	0	1	0.045	0.232	0.07	0.653	-0.02	-0.115	-0.031	0.185	0.351	"4"
"知识产权"	0	0	0	1	0.045	0.232	0.07	0.653	-0.02	-0.115	-0.031	0.185	0.351	"4"
"研究"	0	0	0	6	0.269	1.393	0.419	3.919	-0.12	-0.689	-0.188	1.11	2.107	"4"
"研究出"	0	0	0	1	0.045	0.232	0.07	0.653	-0.02	-0.115	-0.031	0.185	0.351	"4"
"研议"	1	0	0	0	0.045	0.232	0.07	0.653	1.348	-0.115	-0.031	-0.46	1.954	"1"
"砖"	0	0	0	1	0.045	0.232	0.07	0.653	-0.02	-0.115	-0.031	0.185	0.351	"4"
"破解"	0	0	0	1	0.045	0.232	0.07	0.653	-0.02	-0.115	-0.031	0.185	0.351	"4"
"破除"	0	0	0	1	0.045	0.232	0.07	0.653	-0.02	-0.115	-0.031	0.185	0.351	"4"
"硬"	0	1	0	0	0.045	0.232	0.07	0.653	-0.02	0.634	-0.031	-0.46	1.145	"2"
"确"	0	0	0	1	0.045	0.232	0.07	0.653	-0.02	-0.115	-0.031	0.185	0.351	"4"
"确保"	0	6	0	2	0.359	1.858	0.558	5.225	-0.16	2.55	-0.251	-1.617	4.578	"2"
"确保网"	0	1	0	0	0.045	0.232	0.07	0.653	-0.02	0.634	-0.031	-0.46	1.145	"2"
"禁"	2	0	0	0	0.09	0.464	0.14	1.306	2.695	-0.23	-0.063	-0.92	3.908	"1"
"禁航"	0	0	0	1	0.045	0.232	0.07	0.653	-0.02	-0.115	-0.031	0.185	0.351	"4"
"禁运"	0	0	0	1	0.045	0.232	0.07	0.653	-0.02	-0.115	-0.031	0.185	0.351	"4"
"福利"	0	0	0	1	0.045	0.232	0.07	0.653	-0.02	-0.115	-0.031	0.185	0.351	"4"
"离婚"	0	0	0	1	0.045	0.232	0.07	0.653	-0.02	-0.115	-0.031	0.185	0.351	"4"
"私用"	0	1	0	0	0.045	0.232	0.07	0.653	-0.02	0.634	-0.031	-0.46	1.145	"2"
"种"	0	9	0	29	1.707	8.824	2.651	24.819	-0.758	0.271	-1.193	0.989	3.211	"3"
"种种"	0	1	0	0	0.045	0.232	0.07	0.653	-0.02	0.634	-0.031	-0.46	1.145	"2"
"科学"	0	0	0	4	0.18	0.929	0.279	2.613	-0.08	-0.459	-0.126	0.74	1.405	"4"
"科学家"	0	0	0	2	0.09	0.464	0.14	1.306	-0.04	-0.23	-0.063	0.37	0.703	"4"
"积极"	2	2	0	4	0.359	1.858	0.558	5.225	1.327	0.231	-0.251	-0.542	2.351	"1"
"称不上"	0	0	0	1	0.045	0.232	0.07	0.653	-0.02	-0.115	-0.031	0.185	0.351	"4"
"称职"	0	0	0	1	0.045	0.232	0.07	0.653	-0.02	-0.115	-0.031	0.185	0.351	"4"
"秸"	0	0	0	1	0.045	0.232	0.07	0.653	-0.02	-0.115	-0.031	0.185	0.351	"4"
"稍为"	0	1	0	0	0.045	0.232	0.07	0.653	-0.02	0.634	-0.031	-0.46	1.145	"2"
"税赋"	0	0	0	1	0.045	0.232	0.07	0.653	-0.02	-0.115	-0.031	0.185	0.351	"4"
"稳定"	0	0	0	2	0.09	0.464	0.14	1.306	-0.04	-0.23	-0.063	0.37	0.703	"4"
"立即"	0	2	0	0	0.09	0.464	0.14	1.306	-0.04	1.268	-0.063	-0.92	2.291	"2"
"竖立"	0	0	0	1	0.045	0.232	0.07	0.653	-0.02	-0.115	-0.031	0.185	0.351	"4"
"竞投"	0	0	1	0	0.045	0.232	0.07	0.653	-0.02	-0.115	1.156	-0.46	1.751	"3"
"等"	0	10	0	40	2.246	11.61	3.488	32.656	-0.998	-0.438	-1.57	1.747	4.753	"4"
"筛检"	0	0	0	1	0.045	0.232	0.07	0.653	-0.02	-0.115	-0.031	0.185	0.351	"4"
"筹款"	0	0	0	1	0.045	0.232	0.07	0.653	-0.02	-0.115	-0.031	0.185	0.351	"4"
"签证"	0	0	0	2	0.09	0.464	0.14	1.306	-0.04	-0.23	-0.063	0.37	0.703	"4"
"简便"	0	0	0	1	0.045	0.232	0.07	0.653	-0.02	-0.115	-0.031	0.185	0.351	"4"
"简化"	1	0	0	0	0.045	0.232	0.07	0.653	1.348	-0.115	-0.031	-0.46	1.954	"1"
"简单"	0	0	0	3	0.135	0.697	0.209	1.959	-0.06	-0.344	-0.094	0.555	1.053	"4"
"简易"	0	0	0	1	0.045	0.232	0.07	0.653	-0.02	-0.115	-0.031	0.185	0.351	"4"
"简讯"	0	0	0	1	0.045	0.232	0.07	0.653	-0.02	-0.115	-0.031	0.185	0.351	"4"
"管"	0	0	0	1	0.045	0.232	0.07	0.653	-0.02	-0.115	-0.031	0.185	0.351	"4"
"管制"	0	0	0	2	0.09	0.464	0.14	1.306	-0.04	-0.23	-0.063	0.37	0.703	"4"
"管局"	0	0	0	1	0.045	0.232	0.07	0.653	-0.02	-0.115	-0.031	0.185	0.351	"4"
"管护"	0	1	0	0	0.045	0.232	0.07	0.653	-0.02	0.634	-0.031	-0.46	1.145	"2"
"管理"	0	3	0	13	0.719	3.715	1.116	10.45	-0.319	-0.327	-0.502	0.855	2.003	"4"
"管道"	0	0	0	1	0.045	0.232	0.07	0.653	-0.02	-0.115	-0.031	0.185	0.351	"4"
"类似"	1	1	0	0	0.09	0.464	0.14	1.306	1.056	0.387	-0.063	-0.92	2.426	"1"
"粗"	0	0	0	1	0.045	0.232	0.07	0.653	-0.02	-0.115	-0.031	0.185	0.351	"4"
"系列"	0	9	0	0	0.404	2.09	0.628	5.878	-0.18	5.707	-0.283	-4.138	10.308	"2"
"索"	0	0	0	1	0.045	0.232	0.07	0.653	-0.02	-0.115	-0.031	0.185	0.351	"4"
"紧急"	0	1	0	1	0.09	0.464	0.14	1.306	-0.04	0.387	-0.063	-0.242	0.732	"2"
"紫茎泽兰"	0	1	0	0	0.045	0.232	0.07	0.653	-0.02	0.634	-0.031	-0.46	1.145	"2"
"纳粹"	0	0	0	1	0.045	0.232	0.07	0.653	-0.02	-0.115	-0.031	0.185	0.351	"4"
"纾解"	1	0	0	0	0.045	0.232	0.07	0.653	1.348	-0.115	-0.031	-0.46	1.954	"1"
"细胞"	0	0	0	1	0.045	0.232	0.07	0.653	-0.02	-0.115	-0.031	0.185	0.351	"4"
"细腻"	0	0	1	0	0.045	0.232	0.07	0.653	-0.02	-0.115	1.156	-0.46	1.751	"3"
"终裁"	0	0	0	1	0.045	0.232	0.07	0.653	-0.02	-0.115	-0.031	0.185	0.351	"4"
"经常性"	0	0	0	1	0.045	0.232	0.07	0.653	-0.02	-0.115	-0.031	0.185	0.351	"4"
"经济"	0	0	0	4	0.18	0.929	0.279	2.613	-0.08	-0.459	-0.126	0.74	1.405	"4"
"经营"	0	0	0	4	0.18	0.929	0.279	2.613	-0.08	-0.459	-0.126	0.74	1.405	"4"
"结合"	0	0	1	0	0.045	0.232	0.07	0.653	-0.02	-0.115	1.156	-0.46	1.751	"3"
"结束"	0	0	0	1	0.045	0.232	0.07	0.653	-0.02	-0.115	-0.031	0.185	0.351	"4"
"统管"	0	0	0	1	0.045	0.232	0.07	0.653	-0.02	-0.115	-0.031	0.185	0.351	"4"
"继续"	0	1	0	0	0.045	0.232	0.07	0.653	-0.02	0.634	-0.031	-0.46	1.145	"2"
"续採"	0	0	0	1	0.045	0.232	0.07	0.653	-0.02	-0.115	-0.031	0.185	0.351	"4"
"维纳斯"	0	0	0	1	0.045	0.232	0.07	0.653	-0.02	-0.115	-0.031	0.185	0.351	"4"
"综合"	0	0	0	1	0.045	0.232	0.07	0.653	-0.02	-0.115	-0.031	0.185	0.351	"4"
"缓解"	0	1	0	0	0.045	0.232	0.07	0.653	-0.02	0.634	-0.031	-0.46	1.145	"2"
"缩短"	0	1	0	1	0.09	0.464	0.14	1.306	-0.04	0.387	-0.063	-0.242	0.732	"2"
"网络"	0	0	0	2	0.09	0.464	0.14	1.306	-0.04	-0.23	-0.063	0.37	0.703	"4"
"网络化"	0	0	0	1	0.045	0.232	0.07	0.653	-0.02	-0.115	-0.031	0.185	0.351	"4"
"美新"	0	0	0	1	0.045	0.232	0.07	0.653	-0.02	-0.115	-0.031	0.185	0.351	"4"
"群防"	0	0	0	1	0.045	0.232	0.07	0.653	-0.02	-0.115	-0.031	0.185	0.351	"4"
"群防群控"	0	1	0	1	0.09	0.464	0.14	1.306	-0.04	0.387	-0.063	-0.242	0.732	"2"
"翻新"	0	0	0	1	0.045	0.232	0.07	0.653	-0.02	-0.115	-0.031	0.185	0.351	"4"
"考虑"	0	0	0	1	0.045	0.232	0.07	0.653	-0.02	-0.115	-0.031	0.185	0.351	"4"
"而是"	0	0	1	0	0.045	0.232	0.07	0.653	-0.02	-0.115	1.156	-0.46	1.751	"3"
"股"	0	0	0	1	0.045	0.232	0.07	0.653	-0.02	-0.115	-0.031	0.185	0.351	"4"
"股市"	0	0	0	1	0.045	0.232	0.07	0.653	-0.02	-0.115	-0.031	0.185	0.351	"4"
"肺炎"	0	6	0	4	0.449	2.322	0.698	6.531	-0.2	1.865	-0.314	-1.04	3.419	"2"
"肿瘤"	0	0	0	1	0.045	0.232	0.07	0.653	-0.02	-0.115	-0.031	0.185	0.351	"4"
"脑膜炎"	0	0	0	1	0.045	0.232	0.07	0.653	-0.02	-0.115	-0.031	0.185	0.351	"4"
"脱贫解困"	0	0	0	1	0.045	0.232	0.07	0.653	-0.02	-0.115	-0.031	0.185	0.351	"4"
"自"	0	0	0	1	0.045	0.232	0.07	0.653	-0.02	-0.115	-0.031	0.185	0.351	"4"
"自在"	0	0	0	1	0.045	0.232	0.07	0.653	-0.02	-0.115	-0.031	0.185	0.351	"4"
"自学"	0	0	0	1	0.045	0.232	0.07	0.653	-0.02	-0.115	-0.031	0.185	0.351	"4"
"自然"	0	0	0	1	0.045	0.232	0.07	0.653	-0.02	-0.115	-0.031	0.185	0.351	"4"
"自由化"	0	0	0	1	0.045	0.232	0.07	0.653	-0.02	-0.115	-0.031	0.185	0.351	"4"
"舍饲"	0	1	0	0	0.045	0.232	0.07	0.653	-0.02	0.634	-0.031	-0.46	1.145	"2"
"艾迪塞"	0	0	0	1	0.045	0.232	0.07	0.653	-0.02	-0.115	-0.031	0.185	0.351	"4"
"节水"	0	0	0	2	0.09	0.464	0.14	1.306	-0.04	-0.23	-0.063	0.37	0.703	"4"
"苏黎世"	0	0	0	1	0.045	0.232	0.07	0.653	-0.02	-0.115	-0.031	0.185	0.351	"4"
"药物"	0	0	0	1	0.045	0.232	0.07	0.653	-0.02	-0.115	-0.031	0.185	0.351	"4"
"莫菲"	0	0	0	1	0.045	0.232	0.07	0.653	-0.02	-0.115	-0.031	0.185	0.351	"4"
"获取"	0	0	0	1	0.045	0.232	0.07	0.653	-0.02	-0.115	-0.031	0.185	0.351	"4"
"落"	0	1	0	3	0.18	0.929	0.279	2.613	-0.08	0.185	-0.126	0.245	0.636	"4"
"落后"	0	0	0	2	0.09	0.464	0.14	1.306	-0.04	-0.23	-0.063	0.37	0.703	"4"
"落地"	0	0	1	0	0.045	0.232	0.07	0.653	-0.02	-0.115	1.156	-0.46	1.751	"3"
"落实"	0	1	0	5	0.269	1.393	0.419	3.919	-0.12	-0.239	-0.188	0.488	1.035	"4"
"蒸"	0	0	0	2	0.09	0.464	0.14	1.306	-0.04	-0.23	-0.063	0.37	0.703	"4"
"蔓延"	0	0	0	2	0.09	0.464	0.14	1.306	-0.04	-0.23	-0.063	0.37	0.703	"4"
"蔬"	0	0	0	1	0.045	0.232	0.07	0.653	-0.02	-0.115	-0.031	0.185	0.351	"4"
"藉以"	0	1	0	0	0.045	0.232	0.07	0.653	-0.02	0.634	-0.031	-0.46	1.145	"2"
"蜜"	0	0	0	2	0.09	0.464	0.14	1.306	-0.04	-0.23	-0.063	0.37	0.703	"4"
"行为"	0	0	0	2	0.09	0.464	0.14	1.306	-0.04	-0.23	-0.063	0.37	0.703	"4"
"行政"	0	0	0	1	0.045	0.232	0.07	0.653	-0.02	-0.115	-0.031	0.185	0.351	"4"
"行政院体"	0	0	0	1	0.045	0.232	0.07	0.653	-0.02	-0.115	-0.031	0.185	0.351	"4"
"衡量"	0	0	0	1	0.045	0.232	0.07	0.653	-0.02	-0.115	-0.031	0.185	0.351	"4"
"补助"	0	0	2	0	0.09	0.464	0.14	1.306	-0.04	-0.23	2.313	-0.92	3.503	"3"
"补助款"	0	0	1	0	0.045	0.232	0.07	0.653	-0.02	-0.115	1.156	-0.46	1.751	"3"
"补救"	2	0	0	2	0.18	0.929	0.279	2.613	1.943	-0.459	-0.126	-0.365	2.893	"1"
"补正"	0	0	0	1	0.045	0.232	0.07	0.653	-0.02	-0.115	-0.031	0.185	0.351	"4"
"表决"	0	0	1	0	0.045	0.232	0.07	0.653	-0.02	-0.115	1.156	-0.46	1.751	"3"
"表演"	0	0	0	1	0.045	0.232	0.07	0.653	-0.02	-0.115	-0.031	0.185	0.351	"4"
"表达"	0	0	2	0	0.09	0.464	0.14	1.306	-0.04	-0.23	2.313	-0.92	3.503	"3"
"衬衫"	0	0	0	1	0.045	0.232	0.07	0.653	-0.02	-0.115	-0.031	0.185	0.351	"4"
"装备"	0	0	0	1	0.045	0.232	0.07	0.653	-0.02	-0.115	-0.031	0.185	0.351	"4"
"观察"	0	1	0	1	0.09	0.464	0.14	1.306	-0.04	0.387	-0.063	-0.242	0.732	"2"
"观念"	0	0	0	1	0.045	0.232	0.07	0.653	-0.02	-0.115	-0.031	0.185	0.351	"4"
"规律"	0	0	0	1	0.045	0.232	0.07	0.653	-0.02	-0.115	-0.031	0.185	0.351	"4"
"规范"	0	0	0	3	0.135	0.697	0.209	1.959	-0.06	-0.344	-0.094	0.555	1.053	"4"
"视像"	0	0	0	1	0.045	0.232	0.07	0.653	-0.02	-0.115	-0.031	0.185	0.351	"4"
"解"	0	0	0	1	0.045	0.232	0.07	0.653	-0.02	-0.115	-0.031	0.185	0.351	"4"
"解决"	1	3	0	14	0.808	4.18	1.256	11.756	0.25	-0.432	-0.565	0.707	1.954	"4"
"解开"	0	0	0	1	0.045	0.232	0.07	0.653	-0.02	-0.115	-0.031	0.185	0.351	"4"
"解救"	0	0	0	1	0.045	0.232	0.07	0.653	-0.02	-0.115	-0.031	0.185	0.351	"4"
"解毒"	0	0	0	2	0.09	0.464	0.14	1.306	-0.04	-0.23	-0.063	0.37	0.703	"4"
"解除"	0	0	0	1	0.045	0.232	0.07	0.653	-0.02	-0.115	-0.031	0.185	0.351	"4"
"解题式"	0	0	0	1	0.045	0.232	0.07	0.653	-0.02	-0.115	-0.031	0.185	0.351	"4"
"警戒"	1	0	0	0	0.045	0.232	0.07	0.653	1.348	-0.115	-0.031	-0.46	1.954	"1"
"警採"	0	0	0	1	0.045	0.232	0.07	0.653	-0.02	-0.115	-0.031	0.185	0.351	"4"
"计票"	0	0	1	0	0.045	0.232	0.07	0.653	-0.02	-0.115	1.156	-0.46	1.751	"3"
"计算"	0	0	0	5	0.225	1.161	0.349	3.266	-0.1	-0.574	-0.157	0.925	1.756	"4"
"订出"	0	0	0	1	0.045	0.232	0.07	0.653	-0.02	-0.115	-0.031	0.185	0.351	"4"
"订定"	0	0	0	1	0.045	0.232	0.07	0.653	-0.02	-0.115	-0.031	0.185	0.351	"4"
"订货"	0	0	1	0	0.045	0.232	0.07	0.653	-0.02	-0.115	1.156	-0.46	1.751	"3"
"训练"	0	0	0	3	0.135	0.697	0.209	1.959	-0.06	-0.344	-0.094	0.555	1.053	"4"
"议处"	0	0	0	1	0.045	0.232	0.07	0.653	-0.02	-0.115	-0.031	0.185	0.351	"4"
"证明"	0	0	0	1	0.045	0.232	0.07	0.653	-0.02	-0.115	-0.031	0.185	0.351	"4"
"评判"	0	0	0	1	0.045	0.232	0.07	0.653	-0.02	-0.115	-0.031	0.185	0.351	"4"
"评审"	0	0	1	0	0.045	0.232	0.07	0.653	-0.02	-0.115	1.156	-0.46	1.751	"3"
"评核"	0	1	0	0	0.045	0.232	0.07	0.653	-0.02	0.634	-0.031	-0.46	1.145	"2"
"诊断"	0	0	0	3	0.135	0.697	0.209	1.959	-0.06	-0.344	-0.094	0.555	1.053	"4"
"试试"	0	0	0	1	0.045	0.232	0.07	0.653	-0.02	-0.115	-0.031	0.185	0.351	"4"
"语音"	0	0	0	2	0.09	0.464	0.14	1.306	-0.04	-0.23	-0.063	0.37	0.703	"4"
"调度"	0	0	0	1	0.045	0.232	0.07	0.653	-0.02	-0.115	-0.031	0.185	0.351	"4"
"调换"	0	1	0	0	0.045	0.232	0.07	0.653	-0.02	0.634	-0.031	-0.46	1.145	"2"
"调整"	0	0	0	1	0.045	0.232	0.07	0.653	-0.02	-0.115	-0.031	0.185	0.351	"4"
"调整为"	0	0	0	1	0.045	0.232	0.07	0.653	-0.02	-0.115	-0.031	0.185	0.351	"4"
"调节"	0	0	0	1	0.045	0.232	0.07	0.653	-0.02	-0.115	-0.031	0.185	0.351	"4"
"谈判"	0	0	0	1	0.045	0.232	0.07	0.653	-0.02	-0.115	-0.031	0.185	0.351	"4"
"谋略"	0	0	0	1	0.045	0.232	0.07	0.653	-0.02	-0.115	-0.031	0.185	0.351	"4"
"贝尔"	0	0	1	0	0.045	0.232	0.07	0.653	-0.02	-0.115	1.156	-0.46	1.751	"3"
"财政部"	2	1	0	0	0.135	0.697	0.209	1.959	2.231	0.262	-0.094	-1.379	3.966	"1"
"货真价实"	0	0	0	1	0.045	0.232	0.07	0.653	-0.02	-0.115	-0.031	0.185	0.351	"4"
"贪污"	1	0	0	0	0.045	0.232	0.07	0.653	1.348	-0.115	-0.031	-0.46	1.954	"1"
"购买"	1	0	1	0	0.09	0.464	0.14	1.306	1.056	-0.23	0.871	-0.92	3.077	"1"
"购屋"	1	0	0	0	0.045	0.232	0.07	0.653	1.348	-0.115	-0.031	-0.46	1.954	"1"
"贯彻"	0	0	0	1	0.045	0.232	0.07	0.653	-0.02	-0.115	-0.031	0.185	0.351	"4"
"贷款"	1	0	0	1	0.09	0.464	0.14	1.306	1.056	-0.23	-0.063	-0.242	1.591	"1"
"资助"	0	0	0	1	0.045	0.232	0.07	0.653	-0.02	-0.115	-0.031	0.185	0.351	"4"
"赎回"	0	0	0	1	0.045	0.232	0.07	0.653	-0.02	-0.115	-0.031	0.185	0.351	"4"
"赞同"	0	0	0	1	0.045	0.232	0.07	0.653	-0.02	-0.115	-0.031	0.185	0.351	"4"
"赞赏"	0	1	0	0	0.045	0.232	0.07	0.653	-0.02	0.634	-0.031	-0.46	1.145	"2"
"赠阅"	0	1	0	0	0.045	0.232	0.07	0.653	-0.02	0.634	-0.031	-0.46	1.145	"2"
"超党派"	0	0	0	1	0.045	0.232	0.07	0.653	-0.02	-0.115	-0.031	0.185	0.351	"4"
"超常"	0	0	0	1	0.045	0.232	0.07	0.653	-0.02	-0.115	-0.031	0.185	0.351	"4"
"足够"	0	0	0	1	0.045	0.232	0.07	0.653	-0.02	-0.115	-0.031	0.185	0.351	"4"
"蹋"	0	0	1	0	0.045	0.232	0.07	0.653	-0.02	-0.115	1.156	-0.46	1.751	"3"
"蹧"	0	0	1	0	0.045	0.232	0.07	0.653	-0.02	-0.115	1.156	-0.46	1.751	"3"
"躁狂"	0	0	0	1	0.045	0.232	0.07	0.653	-0.02	-0.115	-0.031	0.185	0.351	"4"
"车牌"	0	1	0	0	0.045	0.232	0.07	0.653	-0.02	0.634	-0.031	-0.46	1.145	"2"
"转变"	0	0	0	1	0.045	0.232	0.07	0.653	-0.02	-0.115	-0.031	0.185	0.351	"4"
"转告"	0	0	0	1	0.045	0.232	0.07	0.653	-0.02	-0.115	-0.031	0.185	0.351	"4"
"轻松"	0	0	2	2	0.18	0.929	0.279	2.613	-0.08	-0.459	1.576	-0.365	2.48	"3"
"辅导"	0	0	0	2	0.09	0.464	0.14	1.306	-0.04	-0.23	-0.063	0.37	0.703	"4"
"辅选"	0	0	0	1	0.045	0.232	0.07	0.653	-0.02	-0.115	-0.031	0.185	0.351	"4"
"辨认"	0	0	0	1	0.045	0.232	0.07	0.653	-0.02	-0.115	-0.031	0.185	0.351	"4"
"辨识"	0	0	0	1	0.045	0.232	0.07	0.653	-0.02	-0.115	-0.031	0.185	0.351	"4"
"辩证"	0	0	0	1	0.045	0.232	0.07	0.653	-0.02	-0.115	-0.031	0.185	0.351	"4"
"迅速"	0	2	0	1	0.135	0.697	0.209	1.959	-0.06	0.864	-0.094	-0.557	1.575	"2"
"运"	0	0	0	1	0.045	0.232	0.07	0.653	-0.02	-0.115	-0.031	0.185	0.351	"4"
"运作"	0	0	2	2	0.18	0.929	0.279	2.613	-0.08	-0.459	1.576	-0.365	2.48	"3"
"运用"	0	0	0	3	0.135	0.697	0.209	1.959	-0.06	-0.344	-0.094	0.555	1.053	"4"
"这些"	0	1	0	1	0.09	0.464	0.14	1.306	-0.04	0.387	-0.063	-0.242	0.732	"2"
"这样"	0	0	2	2	0.18	0.929	0.279	2.613	-0.08	-0.459	1.576	-0.365	2.48	"3"
"进一步"	0	3	0	0	0.135	0.697	0.209	1.959	-0.06	1.902	-0.094	-1.379	3.435	"2"
"进修"	0	0	0	1	0.045	0.232	0.07	0.653	-0.02	-0.115	-0.031	0.185	0.351	"4"
"进口"	0	0	0	3	0.135	0.697	0.209	1.959	-0.06	-0.344	-0.094	0.555	1.053	"4"
"进行"	0	0	2	8	0.449	2.322	0.698	6.531	-0.2	-1.148	0.821	0.571	2.74	"2"
"远运"	0	0	1	0	0.045	0.232	0.07	0.653	-0.02	-0.115	1.156	-0.46	1.751	"3"
"违法"	0	0	0	1	0.045	0.232	0.07	0.653	-0.02	-0.115	-0.031	0.185	0.351	"4"
"迫使"	0	0	0	1	0.045	0.232	0.07	0.653	-0.02	-0.115	-0.031	0.185	0.351	"4"
"迷信"	0	0	0	1	0.045	0.232	0.07	0.653	-0.02	-0.115	-0.031	0.185	0.351	"4"
"退烧"	0	0	0	1	0.045	0.232	0.07	0.653	-0.02	-0.115	-0.031	0.185	0.351	"4"
"送至"	0	0	0	1	0.045	0.232	0.07	0.653	-0.02	-0.115	-0.031	0.185	0.351	"4"
"适合"	0	0	1	1	0.09	0.464	0.14	1.306	-0.04	-0.23	0.871	-0.242	1.383	"3"
"适应"	0	0	0	1	0.045	0.232	0.07	0.653	-0.02	-0.115	-0.031	0.185	0.351	"4"
"适当"	2	2	0	3	0.314	1.625	0.488	4.572	1.439	0.293	-0.22	-0.711	2.663	"1"
"适时"	1	0	0	0	0.045	0.232	0.07	0.653	1.348	-0.115	-0.031	-0.46	1.954	"1"
"适用"	0	0	0	1	0.045	0.232	0.07	0.653	-0.02	-0.115	-0.031	0.185	0.351	"4"
"选举人"	0	0	0	1	0.045	0.232	0.07	0.653	-0.02	-0.115	-0.031	0.185	0.351	"4"
"选定"	0	0	1	0	0.045	0.232	0.07	0.653	-0.02	-0.115	1.156	-0.46	1.751	"3"
"透彻"	0	0	0	1	0.045	0.232	0.07	0.653	-0.02	-0.115	-0.031	0.185	0.351	"4"
"透明"	0	1	0	0	0.045	0.232	0.07	0.653	-0.02	0.634	-0.031	-0.46	1.145	"2"
"透明度"	0	0	0	1	0.045	0.232	0.07	0.653	-0.02	-0.115	-0.031	0.185	0.351	"4"
"透过"	0	0	0	2	0.09	0.464	0.14	1.306	-0.04	-0.23	-0.063	0.37	0.703	"4"
"逐步"	0	0	0	1	0.045	0.232	0.07	0.653	-0.02	-0.115	-0.031	0.185	0.351	"4"
"途径"	0	0	0	2	0.09	0.464	0.14	1.306	-0.04	-0.23	-0.063	0.37	0.703	"4"
"通关"	0	0	0	1	0.045	0.232	0.07	0.653	-0.02	-0.115	-0.031	0.185	0.351	"4"
"通告"	0	0	0	1	0.045	0.232	0.07	0.653	-0.02	-0.115	-0.031	0.185	0.351	"4"
"通盘"	0	0	0	1	0.045	0.232	0.07	0.653	-0.02	-0.115	-0.031	0.185	0.351	"4"
"通话"	0	0	0	1	0.045	0.232	0.07	0.653	-0.02	-0.115	-0.031	0.185	0.351	"4"
"通过"	0	0	0	20	0.898	4.644	1.395	13.063	-0.399	-2.295	-0.628	3.7	7.022	"4"
"通风"	0	2	0	2	0.18	0.929	0.279	2.613	-0.08	0.634	-0.126	-0.365	1.205	"2"
"造林"	0	0	0	1	0.045	0.232	0.07	0.653	-0.02	-0.115	-0.031	0.185	0.351	"4"
"逼供"	0	1	0	0	0.045	0.232	0.07	0.653	-0.02	0.634	-0.031	-0.46	1.145	"2"
"遏止"	1	0	0	0	0.045	0.232	0.07	0.653	1.348	-0.115	-0.031	-0.46	1.954	"1"
"遵循"	0	0	0	2	0.09	0.464	0.14	1.306	-0.04	-0.23	-0.063	0.37	0.703	"4"
"避免"	0	1	0	2	0.135	0.697	0.209	1.959	-0.06	0.262	-0.094	0.141	0.557	"2"
"邮购"	0	0	0	1	0.045	0.232	0.07	0.653	-0.02	-0.115	-0.031	0.185	0.351	"4"
"邮递"	0	0	0	1	0.045	0.232	0.07	0.653	-0.02	-0.115	-0.031	0.185	0.351	"4"
"邹哲开"	0	0	0	1	0.045	0.232	0.07	0.653	-0.02	-0.115	-0.031	0.185	0.351	"4"
"部署"	0	0	0	1	0.045	0.232	0.07	0.653	-0.02	-0.115	-0.031	0.185	0.351	"4"
"部门"	0	6	0	1	0.314	1.625	0.488	4.572	-0.14	3.056	-0.22	-2.067	5.483	"2"
"配"	0	0	0	1	0.045	0.232	0.07	0.653	-0.02	-0.115	-0.031	0.185	0.351	"4"
"配合"	0	0	0	1	0.045	0.232	0.07	0.653	-0.02	-0.115	-0.031	0.185	0.351	"4"
"配套"	0	0	0	4	0.18	0.929	0.279	2.613	-0.08	-0.459	-0.126	0.74	1.405	"4"
"采"	0	1	0	3	0.18	0.929	0.279	2.613	-0.08	0.185	-0.126	0.245	0.636	"4"
"采取"	0	93	1	5	4.446	22.988	6.906	64.66	-1.976	50.605	-2.183	-36.283	91.047	"2"
"采用"	0	0	0	6	0.269	1.393	0.419	3.919	-0.12	-0.689	-0.188	1.11	2.107	"4"
"重大"	0	0	0	1	0.045	0.232	0.07	0.653	-0.02	-0.115	-0.031	0.185	0.351	"4"
"重振"	0	1	0	0	0.045	0.232	0.07	0.653	-0.02	0.634	-0.031	-0.46	1.145	"2"
"重要"	0	0	0	2	0.09	0.464	0.14	1.306	-0.04	-0.23	-0.063	0.37	0.703	"4"
"铁粉"	0	0	0	1	0.045	0.232	0.07	0.653	-0.02	-0.115	-0.031	0.185	0.351	"4"
"阜"	0	1	0	0	0.045	0.232	0.07	0.653	-0.02	0.634	-0.031	-0.46	1.145	"2"
"防"	1	1	0	2	0.18	0.929	0.279	2.613	0.775	0.185	-0.126	-0.365	1.451	"1"
"防卫"	0	0	0	1	0.045	0.232	0.07	0.653	-0.02	-0.115	-0.031	0.185	0.351	"4"
"防堵"	1	0	0	0	0.045	0.232	0.07	0.653	1.348	-0.115	-0.031	-0.46	1.954	"1"
"防寒"	0	0	0	1	0.045	0.232	0.07	0.653	-0.02	-0.115	-0.031	0.185	0.351	"4"
"防御"	0	1	0	0	0.045	0.232	0.07	0.653	-0.02	0.634	-0.031	-0.46	1.145	"2"
"防患"	0	1	0	1	0.09	0.464	0.14	1.306	-0.04	0.387	-0.063	-0.242	0.732	"2"
"防护"	0	2	0	1	0.135	0.697	0.209	1.959	-0.06	0.864	-0.094	-0.557	1.575	"2"
"防控"	0	0	0	3	0.135	0.697	0.209	1.959	-0.06	-0.344	-0.094	0.555	1.053	"4"
"防救"	0	0	0	1	0.045	0.232	0.07	0.653	-0.02	-0.115	-0.031	0.185	0.351	"4"
"防止"	0	4	0	3	0.314	1.625	0.488	4.572	-0.14	1.257	-0.22	-0.711	2.328	"2"
"防治"	0	2	0	4	0.269	1.393	0.419	3.919	-0.12	0.373	-0.188	0.185	0.866	"2"
"防洪"	0	0	0	1	0.045	0.232	0.07	0.653	-0.02	-0.115	-0.031	0.185	0.351	"4"
"防疫"	2	1	0	2	0.225	1.161	0.349	3.266	1.735	-0.174	-0.157	-0.638	2.704	"1"
"防范"	1	16	0	2	0.853	4.412	1.325	12.409	0.235	7.481	-0.597	-5.929	14.242	"2"
"阳市电业局"	0	1	0	0	0.045	0.232	0.07	0.653	-0.02	0.634	-0.031	-0.46	1.145	"2"
"阻挠"	0	0	0	1	0.045	0.232	0.07	0.653	-0.02	-0.115	-0.031	0.185	0.351	"4"
"阻遏"	0	0	0	1	0.045	0.232	0.07	0.653	-0.02	-0.115	-0.031	0.185	0.351	"4"
"附上"	0	0	0	1	0.045	0.232	0.07	0.653	-0.02	-0.115	-0.031	0.185	0.351	"4"
"陈嘉"	0	0	0	1	0.045	0.232	0.07	0.653	-0.02	-0.115	-0.031	0.185	0.351	"4"
"陈志远"	0	0	1	0	0.045	0.232	0.07	0.653	-0.02	-0.115	1.156	-0.46	1.751	"3"
"降低"	0	1	0	0	0.045	0.232	0.07	0.653	-0.02	0.634	-0.031	-0.46	1.145	"2"
"限制"	0	1	0	1	0.09	0.464	0.14	1.306	-0.04	0.387	-0.063	-0.242	0.732	"2"
"限定"	0	0	0	1	0.045	0.232	0.07	0.653	-0.02	-0.115	-0.031	0.185	0.351	"4"
"随心所欲"	0	0	0	1	0.045	0.232	0.07	0.653	-0.02	-0.115	-0.031	0.185	0.351	"4"
"隔离"	2	4	0	3	0.404	2.09	0.628	5.878	1.23	0.873	-0.283	-1.289	3.675	"4"
"零时"	0	0	0	1	0.045	0.232	0.07	0.653	-0.02	-0.115	-0.031	0.185	0.351	"4"
"非典"	0	11	0	11	0.988	5.108	1.535	14.369	-0.439	2.257	-0.691	-0.995	4.382	"2"
"非典型"	0	4	0	3	0.314	1.625	0.488	4.572	-0.14	1.257	-0.22	-0.711	2.328	"2"
"非常"	0	0	0	1	0.045	0.232	0.07	0.653	-0.02	-0.115	-0.031	0.185	0.351	"4"
"非常规"	0	0	0	1	0.045	0.232	0.07	0.653	-0.02	-0.115	-0.031	0.185	0.351	"4"
"面试"	0	0	0	1	0.045	0.232	0.07	0.653	-0.02	-0.115	-0.031	0.185	0.351	"4"
"革"	0	0	0	1	0.045	0.232	0.07	0.653	-0.02	-0.115	-0.031	0.185	0.351	"4"
"靳"	0	0	0	1	0.045	0.232	0.07	0.653	-0.02	-0.115	-0.031	0.185	0.351	"4"
"项"	2	3	0	10	0.674	3.483	1.046	9.797	0.842	-0.278	-0.471	0.241	1.832	"1"
"预防"	0	4	0	10	0.629	3.251	0.977	9.144	-0.279	0.381	-0.44	0.364	1.464	"3"
"频"	0	0	1	0	0.045	0.232	0.07	0.653	-0.02	-0.115	1.156	-0.46	1.751	"3"
"额外"	0	1	0	0	0.045	0.232	0.07	0.653	-0.02	0.634	-0.031	-0.46	1.145	"2"
"食品"	0	0	0	1	0.045	0.232	0.07	0.653	-0.02	-0.115	-0.031	0.185	0.351	"4"
"食宿"	0	0	1	0	0.045	0.232	0.07	0.653	-0.02	-0.115	1.156	-0.46	1.751	"3"
"饮食"	0	0	0	1	0.045	0.232	0.07	0.653	-0.02	-0.115	-0.031	0.185	0.351	"4"
"首诊"	0	1	0	0	0.045	0.232	0.07	0.653	-0.02	0.634	-0.031	-0.46	1.145	"2"
"高下"	0	0	1	0	0.045	0.232	0.07	0.653	-0.02	-0.115	1.156	-0.46	1.751	"3"
"高科"	0	0	0	1	0.045	0.232	0.07	0.653	-0.02	-0.115	-0.031	0.185	0.351	"4"
"魏镜"	0	0	0	1	0.045	0.232	0.07	0.653	-0.02	-0.115	-0.031	0.185	0.351	"4"
"鼓励"	0	0	0	2	0.09	0.464	0.14	1.306	-0.04	-0.23	-0.063	0.37	0.703	"4"
"龙滩水"	0	0	0	1	0.045	0.232	0.07	0.653	-0.02	-0.115	-0.031	0.185	0.351	"4"
