"Coll_Word"	"1"	"2"	"3"	"4"	"5"	"exp_1"	"exp_2"	"exp_3"	"exp_4"	"exp_5"	"pbin_1"	"pbin_2"	"pbin_3"	"pbin_4"	"pbin_5"	"SumAbsDev"	"LargestDev"
"－－"	0	0	2	0	0	0.337	0.338	0.555	0.293	0.476	-0.161	-0.161	1.113	-0.138	-0.236	1.809	"3"
"..."	0	0	1	0	0	0.169	0.169	0.277	0.147	0.238	-0.08	-0.08	0.557	-0.069	-0.118	0.904	"3"
"+"	0	0	0	0	1	0.169	0.169	0.277	0.147	0.238	-0.08	-0.08	-0.141	-0.069	0.623	0.993	"5"
"129"	0	0	1	0	0	0.169	0.169	0.277	0.147	0.238	-0.08	-0.08	0.557	-0.069	-0.118	0.904	"3"
"13.9"	0	0	1	0	0	0.169	0.169	0.277	0.147	0.238	-0.08	-0.08	0.557	-0.069	-0.118	0.904	"3"
"138亿"	0	0	2	0	0	0.337	0.338	0.555	0.293	0.476	-0.161	-0.161	1.113	-0.138	-0.236	1.809	"3"
"1400"	0	0	1	0	0	0.169	0.169	0.277	0.147	0.238	-0.08	-0.08	0.557	-0.069	-0.118	0.904	"3"
"160"	0	0	1	0	0	0.169	0.169	0.277	0.147	0.238	-0.08	-0.08	0.557	-0.069	-0.118	0.904	"3"
"1997"	0	0	0	0	1	0.169	0.169	0.277	0.147	0.238	-0.08	-0.08	-0.141	-0.069	0.623	0.993	"5"
"1997年"	2	0	1	0	0	0.506	0.507	0.832	0.44	0.714	1.12	-0.241	0.206	-0.207	-0.354	2.128	"1"
"20.6"	0	0	1	0	0	0.169	0.169	0.277	0.147	0.238	-0.08	-0.08	0.557	-0.069	-0.118	0.904	"3"
"200亿"	0	0	1	0	0	0.169	0.169	0.277	0.147	0.238	-0.08	-0.08	0.557	-0.069	-0.118	0.904	"3"
"27亿"	0	0	1	0	0	0.169	0.169	0.277	0.147	0.238	-0.08	-0.08	0.557	-0.069	-0.118	0.904	"3"
"465亿"	0	0	1	0	0	0.169	0.169	0.277	0.147	0.238	-0.08	-0.08	0.557	-0.069	-0.118	0.904	"3"
"50％"	1	0	0	0	0	0.169	0.169	0.277	0.147	0.238	0.773	-0.08	-0.141	-0.069	-0.118	1.181	"1"
"6.70"	0	0	0	0	1	0.169	0.169	0.277	0.147	0.238	-0.08	-0.08	-0.141	-0.069	0.623	0.993	"5"
"6142亿"	0	0	1	0	0	0.169	0.169	0.277	0.147	0.238	-0.08	-0.08	0.557	-0.069	-0.118	0.904	"3"
"7.6"	0	0	1	0	0	0.169	0.169	0.277	0.147	0.238	-0.08	-0.08	0.557	-0.069	-0.118	0.904	"3"
"891006"	1	0	0	0	0	0.169	0.169	0.277	0.147	0.238	0.773	-0.08	-0.141	-0.069	-0.118	1.181	"1"
"891108"	0	1	0	0	0	0.169	0.169	0.277	0.147	0.238	-0.08	0.772	-0.141	-0.069	-0.118	1.18	"2"
"891218"	1	0	0	0	0	0.169	0.169	0.277	0.147	0.238	0.773	-0.08	-0.141	-0.069	-0.118	1.181	"1"
"97"	0	0	0	0	1	0.169	0.169	0.277	0.147	0.238	-0.08	-0.08	-0.141	-0.069	0.623	0.993	"5"
"HSBC"	0	0	1	0	0	0.169	0.169	0.277	0.147	0.238	-0.08	-0.08	0.557	-0.069	-0.118	0.904	"3"
"IMF"	4	0	0	0	0	0.675	0.676	1.11	0.587	0.952	3.091	-0.322	-0.565	-0.276	-0.472	4.726	"1"
"M1"	0	0	2	0	0	0.337	0.338	0.555	0.293	0.476	-0.161	-0.161	1.113	-0.138	-0.236	1.809	"3"
"M1A"	0	0	5	0	0	0.844	0.845	1.387	0.734	1.19	-0.401	-0.402	2.784	-0.345	-0.59	4.522	"3"
"M1B"	0	0	8	0	0	1.35	1.352	2.22	1.174	1.904	-0.642	-0.643	4.454	-0.551	-0.944	7.234	"3"
"M2"	0	0	9	0	0	1.519	1.521	2.497	1.321	2.142	-0.722	-0.724	5.011	-0.62	-1.063	8.14	"3"
"M3"	0	0	5	0	0	0.844	0.845	1.387	0.734	1.19	-0.401	-0.402	2.784	-0.345	-0.59	4.522	"3"
"NetCurrency"	0	0	1	0	0	0.169	0.169	0.277	0.147	0.238	-0.08	-0.08	0.557	-0.069	-0.118	0.904	"3"
"SDR"	2	0	0	0	0	0.337	0.338	0.555	0.293	0.476	1.546	-0.161	-0.282	-0.138	-0.236	2.363	"1"
"一九九九年"	0	0	1	0	0	0.169	0.169	0.277	0.147	0.238	-0.08	-0.08	0.557	-0.069	-0.118	0.904	"3"
"一九八○年"	1	0	0	0	0	0.169	0.169	0.277	0.147	0.238	0.773	-0.08	-0.141	-0.069	-0.118	1.181	"1"
"一成不变"	0	0	0	0	1	0.169	0.169	0.277	0.147	0.238	-0.08	-0.08	-0.141	-0.069	0.623	0.993	"5"
"一般而言"	0	1	1	0	0	0.337	0.338	0.555	0.293	0.476	-0.161	0.509	0.321	-0.138	-0.236	1.365	"2"
"万亿"	0	0	2	0	1	0.506	0.507	0.832	0.44	0.714	-0.241	-0.241	0.725	-0.207	0.254	1.668	"3"
"上升"	1	0	3	0	1	0.844	0.845	1.387	0.734	1.19	0.22	-0.402	0.871	-0.345	-0.182	2.02	"3"
"上半年"	0	1	2	0	0	0.506	0.507	0.832	0.44	0.714	-0.241	0.37	0.725	-0.207	-0.354	1.897	"3"
"上扬"	0	0	3	0	0	0.506	0.507	0.832	0.44	0.714	-0.241	-0.241	1.67	-0.207	-0.354	2.713	"3"
"上限"	0	0	1	0	0	0.169	0.169	0.277	0.147	0.238	-0.08	-0.08	0.557	-0.069	-0.118	0.904	"3"
"下挫"	0	0	0	0	2	0.337	0.338	0.555	0.293	0.476	-0.161	-0.161	-0.282	-0.138	1.247	1.989	"5"
"下滑"	0	0	1	0	0	0.169	0.169	0.277	0.147	0.238	-0.08	-0.08	0.557	-0.069	-0.118	0.904	"3"
"下调"	1	0	0	0	0	0.169	0.169	0.277	0.147	0.238	0.773	-0.08	-0.141	-0.069	-0.118	1.181	"1"
"下跌"	0	0	1	0	6	1.181	1.183	1.942	1.027	1.666	-0.562	-0.563	-0.421	-0.482	2.994	5.022	"5"
"下降"	0	1	0	0	0	0.169	0.169	0.277	0.147	0.238	-0.08	0.772	-0.141	-0.069	-0.118	1.18	"2"
"不休"	0	0	0	0	1	0.169	0.169	0.277	0.147	0.238	-0.08	-0.08	-0.141	-0.069	0.623	0.993	"5"
"不确定性"	0	1	0	0	0	0.169	0.169	0.277	0.147	0.238	-0.08	0.772	-0.141	-0.069	-0.118	1.18	"2"
"世界"	27	0	3	0	4	5.737	5.747	9.435	4.989	8.093	14.675	-2.734	-2.16	-2.343	-1.175	23.087	"1"
"世界贸易组织"	3	0	0	0	0	0.506	0.507	0.832	0.44	0.714	2.318	-0.241	-0.423	-0.207	-0.354	3.543	"1"
"东亚"	0	0	1	0	0	0.169	0.169	0.277	0.147	0.238	-0.08	-0.08	0.557	-0.069	-0.118	0.904	"3"
"东北亚"	0	0	1	0	0	0.169	0.169	0.277	0.147	0.238	-0.08	-0.08	0.557	-0.069	-0.118	0.904	"3"
"东南亚"	0	0	3	0	0	0.506	0.507	0.832	0.44	0.714	-0.241	-0.241	1.67	-0.207	-0.354	2.713	"3"
"中介商"	0	0	1	0	0	0.169	0.169	0.277	0.147	0.238	-0.08	-0.08	0.557	-0.069	-0.118	0.904	"3"
"中国人"	0	1	1	0	0	0.337	0.338	0.555	0.293	0.476	-0.161	0.509	0.321	-0.138	-0.236	1.365	"2"
"中止"	0	0	1	0	0	0.169	0.169	0.277	0.147	0.238	-0.08	-0.08	0.557	-0.069	-0.118	0.904	"3"
"中立"	0	2	1	0	0	0.506	0.507	0.832	0.44	0.714	-0.241	1.119	0.206	-0.207	-0.354	2.127	"2"
"中间"	0	0	1	0	0	0.169	0.169	0.277	0.147	0.238	-0.08	-0.08	0.557	-0.069	-0.118	0.904	"3"
"主导"	1	0	0	0	0	0.169	0.169	0.277	0.147	0.238	0.773	-0.08	-0.141	-0.069	-0.118	1.181	"1"
"主管"	0	0	1	0	0	0.169	0.169	0.277	0.147	0.238	-0.08	-0.08	0.557	-0.069	-0.118	0.904	"3"
"主要"	1	1	5	8	33	8.099	8.113	13.32	7.043	11.425	-2.821	-2.828	-2.481	0.389	10.24	18.759	"5"
"之所以"	0	0	1	0	0	0.169	0.169	0.277	0.147	0.238	-0.08	-0.08	0.557	-0.069	-0.118	0.904	"3"
"乘数"	0	0	1	0	0	0.169	0.169	0.277	0.147	0.238	-0.08	-0.08	0.557	-0.069	-0.118	0.904	"3"
"事务"	1	0	1	0	1	0.506	0.507	0.832	0.44	0.714	0.371	-0.241	0.206	-0.207	0.254	1.279	"1"
"二千五百亿"	0	0	1	0	0	0.169	0.169	0.277	0.147	0.238	-0.08	-0.08	0.557	-0.069	-0.118	0.904	"3"
"互换"	0	0	2	0	0	0.337	0.338	0.555	0.293	0.476	-0.161	-0.161	1.113	-0.138	-0.236	1.809	"3"
"互见"	0	0	0	0	3	0.506	0.507	0.832	0.44	0.714	-0.241	-0.241	-0.423	-0.207	1.87	2.982	"5"
"五百八十亿"	0	0	0	0	1	0.169	0.169	0.277	0.147	0.238	-0.08	-0.08	-0.141	-0.069	0.623	0.993	"5"
"亚洲"	3	3	0	0	37	7.255	7.268	11.932	6.309	10.235	-1.275	-1.279	-6.07	-2.963	16.967	28.554	"5"
"亚洲区"	0	0	0	0	1	0.169	0.169	0.277	0.147	0.238	-0.08	-0.08	-0.141	-0.069	0.623	0.993	"5"
"交易"	0	1	6	0	2	1.519	1.521	2.497	1.321	2.142	-0.722	-0.272	1.767	-0.62	-0.198	3.579	"3"
"交易员"	0	0	1	0	0	0.169	0.169	0.277	0.147	0.238	-0.08	-0.08	0.557	-0.069	-0.118	0.904	"3"
"交易商"	0	0	0	0	15	2.531	2.535	4.162	2.201	3.57	-1.204	-1.206	-2.117	-1.034	9.351	14.912	"5"
"亦即"	0	0	0	0	1	0.169	0.169	0.277	0.147	0.238	-0.08	-0.08	-0.141	-0.069	0.623	0.993	"5"
"人民币"	0	2	12	58	4	12.823	12.846	21.089	11.152	18.09	-6.099	-3.983	-1.966	32.461	-4.806	49.315	"4"
"以外"	0	0	0	0	1	0.169	0.169	0.277	0.147	0.238	-0.08	-0.08	-0.141	-0.069	0.623	0.993	"5"
"价格"	0	0	0	31	2	5.568	5.578	9.157	4.842	7.855	-2.648	-2.654	-4.658	23.248	-2.098	35.306	"4"
"优于"	0	0	0	0	1	0.169	0.169	0.277	0.147	0.238	-0.08	-0.08	-0.141	-0.069	0.623	0.993	"5"
"优惠"	0	0	0	0	1	0.169	0.169	0.277	0.147	0.238	-0.08	-0.08	-0.141	-0.069	0.623	0.993	"5"
"会"	0	3	0	0	0	0.506	0.507	0.832	0.44	0.714	-0.241	2.316	-0.423	-0.207	-0.354	3.541	"2"
"会主席"	0	1	0	0	0	0.169	0.169	0.277	0.147	0.238	-0.08	0.772	-0.141	-0.069	-0.118	1.18	"2"
"会员体"	0	0	1	0	0	0.169	0.169	0.277	0.147	0.238	-0.08	-0.08	0.557	-0.069	-0.118	0.904	"3"
"会员国"	0	1	0	0	0	0.169	0.169	0.277	0.147	0.238	-0.08	0.772	-0.141	-0.069	-0.118	1.18	"2"
"传导"	0	0	2	0	0	0.337	0.338	0.555	0.293	0.476	-0.161	-0.161	1.113	-0.138	-0.236	1.809	"3"
"伦敦"	0	0	0	16	0	2.7	2.704	4.44	2.348	3.808	-1.284	-1.287	-2.259	13.336	-1.889	20.055	"4"
"伪造"	0	0	2	0	0	0.337	0.338	0.555	0.293	0.476	-0.161	-0.161	1.113	-0.138	-0.236	1.809	"3"
"位"	0	0	1	0	0	0.169	0.169	0.277	0.147	0.238	-0.08	-0.08	0.557	-0.069	-0.118	0.904	"3"
"低头"	1	0	0	0	0	0.169	0.169	0.277	0.147	0.238	0.773	-0.08	-0.141	-0.069	-0.118	1.181	"1"
"低潮"	0	0	0	0	1	0.169	0.169	0.277	0.147	0.238	-0.08	-0.08	-0.141	-0.069	0.623	0.993	"5"
"低迷"	0	0	1	0	0	0.169	0.169	0.277	0.147	0.238	-0.08	-0.08	0.557	-0.069	-0.118	0.904	"3"
"住房"	0	0	5	0	0	0.844	0.845	1.387	0.734	1.19	-0.401	-0.402	2.784	-0.345	-0.59	4.522	"3"
"体系"	0	0	1	0	0	0.169	0.169	0.277	0.147	0.238	-0.08	-0.08	0.557	-0.069	-0.118	0.904	"3"
"佔"	0	0	3	0	0	0.506	0.507	0.832	0.44	0.714	-0.241	-0.241	1.67	-0.207	-0.354	2.713	"3"
"何"	0	1	1	0	1	0.506	0.507	0.832	0.44	0.714	-0.241	0.37	0.206	-0.207	0.254	1.278	"2"
"何锳"	1	0	0	0	0	0.169	0.169	0.277	0.147	0.238	0.773	-0.08	-0.141	-0.069	-0.118	1.181	"1"
"余额"	0	0	3	0	0	0.506	0.507	0.832	0.44	0.714	-0.241	-0.241	1.67	-0.207	-0.354	2.713	"3"
"作为"	0	2	5	0	4	1.856	1.859	3.052	1.614	2.618	-0.883	0.238	0.786	-0.758	0.595	3.26	"1"
"佩德罗"	0	0	1	0	0	0.169	0.169	0.277	0.147	0.238	-0.08	-0.08	0.557	-0.069	-0.118	0.904	"3"
"使用"	0	0	1	0	0	0.169	0.169	0.277	0.147	0.238	-0.08	-0.08	0.557	-0.069	-0.118	0.904	"3"
"例会"	0	1	0	0	0	0.169	0.169	0.277	0.147	0.238	-0.08	0.772	-0.141	-0.069	-0.118	1.18	"2"
"供"	0	0	2	0	0	0.337	0.338	0.555	0.293	0.476	-0.161	-0.161	1.113	-0.138	-0.236	1.809	"3"
"供应"	0	2	8	0	0	1.687	1.69	2.775	1.467	2.38	-0.803	0.281	3.046	-0.689	-1.181	6	"3"
"供应量"	0	0	9	0	0	1.519	1.521	2.497	1.321	2.142	-0.722	-0.724	5.011	-0.62	-1.063	8.14	"3"
"供给"	0	0	6	0	0	1.012	1.014	1.665	0.88	1.428	-0.482	-0.482	3.34	-0.413	-0.708	5.425	"3"
"供给量"	0	1	0	0	0	0.169	0.169	0.277	0.147	0.238	-0.08	0.772	-0.141	-0.069	-0.118	1.18	"2"
"供给额"	0	0	14	0	0	2.362	2.366	3.885	2.054	3.332	-1.124	-1.126	7.794	-0.965	-1.653	12.662	"3"
"依据"	0	2	1	0	0	0.506	0.507	0.832	0.44	0.714	-0.241	1.119	0.206	-0.207	-0.354	2.127	"2"
"促进"	1	0	0	0	0	0.169	0.169	0.277	0.147	0.238	0.773	-0.08	-0.141	-0.069	-0.118	1.181	"1"
"保持"	0	7	8	0	2	2.868	2.873	4.717	2.494	4.046	-1.364	1.8	1.152	-1.172	-0.715	6.203	"2"
"保有"	0	0	0	0	1	0.169	0.169	0.277	0.147	0.238	-0.08	-0.08	-0.141	-0.069	0.623	0.993	"5"
"信号"	0	2	0	0	0	0.337	0.338	0.555	0.293	0.476	-0.161	1.544	-0.282	-0.138	-0.236	2.361	"2"
"信用"	0	1	0	0	1	0.337	0.338	0.555	0.293	0.476	-0.161	0.509	-0.282	-0.138	0.377	1.467	"2"
"信贷"	0	0	11	0	0	1.856	1.859	3.052	1.614	2.618	-0.883	-0.885	6.124	-0.758	-1.299	9.949	"3"
"信赖度"	0	0	0	0	1	0.169	0.169	0.277	0.147	0.238	-0.08	-0.08	-0.141	-0.069	0.623	0.993	"5"
"修改为"	0	2	0	0	0	0.337	0.338	0.555	0.293	0.476	-0.161	1.544	-0.282	-0.138	-0.236	2.361	"2"
"修正"	0	1	0	0	0	0.169	0.169	0.277	0.147	0.238	-0.08	0.772	-0.141	-0.069	-0.118	1.18	"2"
"倍"	0	0	5	0	0	0.844	0.845	1.387	0.734	1.19	-0.401	-0.402	2.784	-0.345	-0.59	4.522	"3"
"债券"	0	1	4	0	3	1.35	1.352	2.22	1.174	1.904	-0.642	-0.224	0.809	-0.551	0.535	2.761	"3"
"债务"	3	0	0	0	0	0.506	0.507	0.832	0.44	0.714	2.318	-0.241	-0.423	-0.207	-0.354	3.543	"1"
"值衡"	0	0	0	0	1	0.169	0.169	0.277	0.147	0.238	-0.08	-0.08	-0.141	-0.069	0.623	0.993	"5"
"倾向"	0	0	1	0	0	0.169	0.169	0.277	0.147	0.238	-0.08	-0.08	0.557	-0.069	-0.118	0.904	"3"
"偏"	0	0	1	0	0	0.169	0.169	0.277	0.147	0.238	-0.08	-0.08	0.557	-0.069	-0.118	0.904	"3"
"偏向"	0	1	0	0	0	0.169	0.169	0.277	0.147	0.238	-0.08	0.772	-0.141	-0.069	-0.118	1.18	"2"
"偏快"	0	1	0	0	0	0.169	0.169	0.277	0.147	0.238	-0.08	0.772	-0.141	-0.069	-0.118	1.18	"2"
"做为"	0	1	0	0	0	0.169	0.169	0.277	0.147	0.238	-0.08	0.772	-0.141	-0.069	-0.118	1.18	"2"
"停止"	1	0	1	0	0	0.337	0.338	0.555	0.293	0.476	0.51	-0.161	0.321	-0.138	-0.236	1.366	"1"
"偿还"	2	0	0	0	0	0.337	0.338	0.555	0.293	0.476	1.546	-0.161	-0.282	-0.138	-0.236	2.363	"1"
"储备"	0	0	0	0	4	0.675	0.676	1.11	0.587	0.952	-0.321	-0.322	-0.565	-0.276	2.494	3.978	"5"
"储蓄"	0	0	2	0	0	0.337	0.338	0.555	0.293	0.476	-0.161	-0.161	1.113	-0.138	-0.236	1.809	"3"
"允许"	0	0	1	1	1	0.506	0.507	0.832	0.44	0.714	-0.241	-0.241	0.206	0.422	0.254	1.364	"4"
"元"	0	0	0	0	2	0.337	0.338	0.555	0.293	0.476	-0.161	-0.161	-0.282	-0.138	1.247	1.989	"5"
"充裕"	0	0	1	0	0	0.169	0.169	0.277	0.147	0.238	-0.08	-0.08	0.557	-0.069	-0.118	0.904	"3"
"充足"	0	0	2	0	0	0.337	0.338	0.555	0.293	0.476	-0.161	-0.161	1.113	-0.138	-0.236	1.809	"3"
"先兆"	0	1	0	0	0	0.169	0.169	0.277	0.147	0.238	-0.08	0.772	-0.141	-0.069	-0.118	1.18	"2"
"克勒"	7	0	0	0	0	1.181	1.183	1.942	1.027	1.666	5.41	-0.563	-0.988	-0.482	-0.826	8.269	"1"
"兑"	0	1	0	0	20	3.543	3.55	5.827	3.081	4.998	-1.685	-0.967	-2.964	-1.447	11.257	18.32	"5"
"兑亚"	0	0	0	0	2	0.337	0.338	0.555	0.293	0.476	-0.161	-0.161	-0.282	-0.138	1.247	1.989	"5"
"兑换"	0	0	2	45	0	7.93	7.944	13.042	6.896	11.187	-3.772	-3.779	-4.383	34.607	-5.549	52.09	"4"
"兑换率"	0	0	2	0	0	0.337	0.338	0.555	0.293	0.476	-0.161	-0.161	1.113	-0.138	-0.236	1.809	"3"
"全球"	3	2	7	0	2	2.362	2.366	3.885	2.054	3.332	0.368	-0.244	1.191	-0.965	-0.499	3.267	"3"
"全球化"	0	0	1	0	0	0.169	0.169	0.277	0.147	0.238	-0.08	-0.08	0.557	-0.069	-0.118	0.904	"3"
"共同"	0	0	2	1	2	0.844	0.845	1.387	0.734	1.19	-0.401	-0.402	0.372	0.261	0.466	1.902	"5"
"共同体"	0	0	1	0	0	0.169	0.169	0.277	0.147	0.238	-0.08	-0.08	0.557	-0.069	-0.118	0.904	"3"
"关切"	0	1	0	0	1	0.337	0.338	0.555	0.293	0.476	-0.161	0.509	-0.282	-0.138	0.377	1.467	"2"
"关系到"	0	1	0	0	0	0.169	0.169	0.277	0.147	0.238	-0.08	0.772	-0.141	-0.069	-0.118	1.18	"2"
"其他"	0	0	4	17	12	5.568	5.578	9.157	4.842	7.855	-2.648	-2.654	-1.547	6.134	1.139	14.122	"4"
"其它"	0	0	0	14	8	3.712	3.719	6.105	3.228	5.237	-1.766	-1.769	-3.105	6.674	0.886	14.2	"4"
"再度"	0	0	1	0	0	0.169	0.169	0.277	0.147	0.238	-0.08	-0.08	0.557	-0.069	-0.118	0.904	"3"
"冲击"	0	1	0	0	0	0.169	0.169	0.277	0.147	0.238	-0.08	0.772	-0.141	-0.069	-0.118	1.18	"2"
"决定"	0	1	0	0	0	0.169	0.169	0.277	0.147	0.238	-0.08	0.772	-0.141	-0.069	-0.118	1.18	"2"
"决策"	0	0	1	0	0	0.169	0.169	0.277	0.147	0.238	-0.08	-0.08	0.557	-0.069	-0.118	0.904	"3"
"准备"	0	1	2	0	0	0.506	0.507	0.832	0.44	0.714	-0.241	0.37	0.725	-0.207	-0.354	1.897	"3"
"准备金率"	0	1	0	0	0	0.169	0.169	0.277	0.147	0.238	-0.08	0.772	-0.141	-0.069	-0.118	1.18	"2"
"准货"	0	0	1	0	0	0.169	0.169	0.277	0.147	0.238	-0.08	-0.08	0.557	-0.069	-0.118	0.904	"3"
"减少"	0	0	3	0	1	0.675	0.676	1.11	0.587	0.952	-0.321	-0.322	1.17	-0.276	0.179	2.268	"3"
"减缓"	0	1	0	0	0	0.169	0.169	0.277	0.147	0.238	-0.08	0.772	-0.141	-0.069	-0.118	1.18	"2"
"凸显"	0	2	0	0	0	0.337	0.338	0.555	0.293	0.476	-0.161	1.544	-0.282	-0.138	-0.236	2.361	"2"
"出境案"	0	0	1	0	0	0.169	0.169	0.277	0.147	0.238	-0.08	-0.08	0.557	-0.069	-0.118	0.904	"3"
"出手"	0	1	0	0	0	0.169	0.169	0.277	0.147	0.238	-0.08	0.772	-0.141	-0.069	-0.118	1.18	"2"
"出现"	0	0	0	0	1	0.169	0.169	0.277	0.147	0.238	-0.08	-0.08	-0.141	-0.069	0.623	0.993	"5"
"分处"	2	0	0	0	0	0.337	0.338	0.555	0.293	0.476	1.546	-0.161	-0.282	-0.138	-0.236	2.363	"1"
"分房"	0	0	1	0	0	0.169	0.169	0.277	0.147	0.238	-0.08	-0.08	0.557	-0.069	-0.118	0.904	"3"
"分析"	0	2	3	0	12	2.868	2.873	4.717	2.494	4.046	-1.364	-0.363	-0.579	-1.172	4.226	7.704	"5"
"分析法"	0	0	0	1	0	0.169	0.169	0.277	0.147	0.238	-0.08	-0.08	-0.141	0.833	-0.118	1.252	"4"
"分级制"	0	0	1	0	0	0.169	0.169	0.277	0.147	0.238	-0.08	-0.08	0.557	-0.069	-0.118	0.904	"3"
"分行"	0	1	2	0	0	0.506	0.507	0.832	0.44	0.714	-0.241	0.37	0.725	-0.207	-0.354	1.897	"3"
"分配"	0	0	4	0	0	0.675	0.676	1.11	0.587	0.952	-0.321	-0.322	2.227	-0.276	-0.472	3.618	"3"
"刘祥国"	0	0	1	0	0	0.169	0.169	0.277	0.147	0.238	-0.08	-0.08	0.557	-0.069	-0.118	0.904	"3"
"利多"	0	1	0	0	0	0.169	0.169	0.277	0.147	0.238	-0.08	0.772	-0.141	-0.069	-0.118	1.18	"2"
"利率"	1	3	5	0	1	1.687	1.69	2.775	1.467	2.38	-0.321	0.636	0.942	-0.689	-0.565	3.153	"3"
"制定"	0	3	1	29	0	5.568	5.578	9.157	4.842	7.855	-2.648	-0.776	-3.522	19.825	-3.896	30.667	"4"
"刺激"	1	0	2	0	0	0.506	0.507	0.832	0.44	0.714	0.371	-0.241	0.725	-0.207	-0.354	1.898	"3"
"前仆后继"	0	0	1	0	0	0.169	0.169	0.277	0.147	0.238	-0.08	-0.08	0.557	-0.069	-0.118	0.904	"3"
"副总裁"	1	0	0	0	0	0.169	0.169	0.277	0.147	0.238	0.773	-0.08	-0.141	-0.069	-0.118	1.181	"1"
"力度"	0	2	1	0	0	0.506	0.507	0.832	0.44	0.714	-0.241	1.119	0.206	-0.207	-0.354	2.127	"2"
"加上"	0	2	5	0	0	1.181	1.183	1.942	1.027	1.666	-0.562	0.473	1.689	-0.482	-0.826	4.032	"3"
"加大"	0	1	0	0	0	0.169	0.169	0.277	0.147	0.238	-0.08	0.772	-0.141	-0.069	-0.118	1.18	"2"
"加权"	0	0	0	0	2	0.337	0.338	0.555	0.293	0.476	-0.161	-0.161	-0.282	-0.138	1.247	1.989	"5"
"动向"	0	1	0	0	0	0.169	0.169	0.277	0.147	0.238	-0.08	0.772	-0.141	-0.069	-0.118	1.18	"2"
"动用"	0	0	1	0	0	0.169	0.169	0.277	0.147	0.238	-0.08	-0.08	0.557	-0.069	-0.118	0.904	"3"
"动荡"	0	1	1	0	0	0.337	0.338	0.555	0.293	0.476	-0.161	0.509	0.321	-0.138	-0.236	1.365	"2"
"励"	0	0	0	0	4	0.675	0.676	1.11	0.587	0.952	-0.321	-0.322	-0.565	-0.276	2.494	3.978	"5"
"势"	0	0	0	0	4	0.675	0.676	1.11	0.587	0.952	-0.321	-0.322	-0.565	-0.276	2.494	3.978	"5"
"勉强"	0	1	0	0	0	0.169	0.169	0.277	0.147	0.238	-0.08	0.772	-0.141	-0.069	-0.118	1.18	"2"
"化"	0	0	4	0	0	0.675	0.676	1.11	0.587	0.952	-0.321	-0.322	2.227	-0.276	-0.472	3.618	"3"
"化分"	0	0	1	0	0	0.169	0.169	0.277	0.147	0.238	-0.08	-0.08	0.557	-0.069	-0.118	0.904	"3"
"区域"	1	0	11	0	3	2.531	2.535	4.162	2.201	3.57	-0.597	-1.206	3.497	-1.034	-0.297	6.631	"3"
"区域性"	0	1	0	0	0	0.169	0.169	0.277	0.147	0.238	-0.08	0.772	-0.141	-0.069	-0.118	1.18	"2"
"十一月"	0	0	1	0	0	0.169	0.169	0.277	0.147	0.238	-0.08	-0.08	0.557	-0.069	-0.118	0.904	"3"
"升"	0	0	0	0	6	1.012	1.014	1.665	0.88	1.428	-0.482	-0.482	-0.847	-0.413	3.74	5.964	"5"
"升值"	0	1	3	1	1	1.012	1.014	1.665	0.88	1.428	-0.482	-0.136	0.667	0.212	-0.25	1.747	"3"
"升降"	0	0	0	0	1	0.169	0.169	0.277	0.147	0.238	-0.08	-0.08	-0.141	-0.069	0.623	0.993	"5"
"协议"	2	0	2	0	0	0.675	0.676	1.11	0.587	0.952	0.87	-0.322	0.51	-0.276	-0.472	2.45	"1"
"协调性"	0	1	0	0	0	0.169	0.169	0.277	0.147	0.238	-0.08	0.772	-0.141	-0.069	-0.118	1.18	"2"
"单一"	0	0	12	0	1	2.193	2.197	3.607	1.908	3.094	-1.043	-1.045	5.696	-0.896	-0.831	9.511	"3"
"南"	0	1	0	0	1	0.337	0.338	0.555	0.293	0.476	-0.161	0.509	-0.282	-0.138	0.377	1.467	"2"
"南斯拉夫"	1	1	0	0	0	0.337	0.338	0.555	0.293	0.476	0.51	0.509	-0.282	-0.138	-0.236	1.675	"1"
"南韩"	3	0	0	0	1	0.675	0.676	1.11	0.587	0.952	1.775	-0.322	-0.565	-0.276	0.179	3.117	"1"
"卜"	1	0	0	0	0	0.169	0.169	0.277	0.147	0.238	0.773	-0.08	-0.141	-0.069	-0.118	1.181	"1"
"占款"	0	0	1	0	0	0.169	0.169	0.277	0.147	0.238	-0.08	-0.08	0.557	-0.069	-0.118	0.904	"3"
"卢布"	0	0	1	0	0	0.169	0.169	0.277	0.147	0.238	-0.08	-0.08	0.557	-0.069	-0.118	0.904	"3"
"卢森堡"	0	0	0	0	1	0.169	0.169	0.277	0.147	0.238	-0.08	-0.08	-0.141	-0.069	0.623	0.993	"5"
"印尼"	6	1	4	0	1	2.025	2.028	3.33	1.761	2.856	2.074	-0.428	0.359	-0.827	-0.74	4.428	"1"
"危"	0	0	0	0	1	0.169	0.169	0.277	0.147	0.238	-0.08	-0.08	-0.141	-0.069	0.623	0.993	"5"
"危机"	2	0	0	0	1	0.506	0.507	0.832	0.44	0.714	1.12	-0.241	-0.423	-0.207	0.254	2.245	"1"
"即期"	0	0	1	0	0	0.169	0.169	0.277	0.147	0.238	-0.08	-0.08	0.557	-0.069	-0.118	0.904	"3"
"原材料"	0	0	0	0	1	0.169	0.169	0.277	0.147	0.238	-0.08	-0.08	-0.141	-0.069	0.623	0.993	"5"
"原订"	0	0	1	0	0	0.169	0.169	0.277	0.147	0.238	-0.08	-0.08	0.557	-0.069	-0.118	0.904	"3"
"参考"	0	1	0	0	0	0.169	0.169	0.277	0.147	0.238	-0.08	0.772	-0.141	-0.069	-0.118	1.18	"2"
"双边"	0	0	2	0	0	0.337	0.338	0.555	0.293	0.476	-0.161	-0.161	1.113	-0.138	-0.236	1.809	"3"
"双重"	0	0	1	0	0	0.169	0.169	0.277	0.147	0.238	-0.08	-0.08	0.557	-0.069	-0.118	0.904	"3"
"反假"	0	0	1	0	0	0.169	0.169	0.277	0.147	0.238	-0.08	-0.08	0.557	-0.069	-0.118	0.904	"3"
"反弹"	0	0	0	0	1	0.169	0.169	0.277	0.147	0.238	-0.08	-0.08	-0.141	-0.069	0.623	0.993	"5"
"发"	1	0	0	0	0	0.169	0.169	0.277	0.147	0.238	0.773	-0.08	-0.141	-0.069	-0.118	1.181	"1"
"发展票"	0	1	0	0	0	0.169	0.169	0.277	0.147	0.238	-0.08	0.772	-0.141	-0.069	-0.118	1.18	"2"
"发放"	1	0	0	0	0	0.169	0.169	0.277	0.147	0.238	0.773	-0.08	-0.141	-0.069	-0.118	1.181	"1"
"发行"	0	1	8	0	0	1.519	1.521	2.497	1.321	2.142	-0.722	-0.272	3.623	-0.62	-1.063	6.3	"3"
"发行量"	0	0	1	0	0	0.169	0.169	0.277	0.147	0.238	-0.08	-0.08	0.557	-0.069	-0.118	0.904	"3"
"发表"	0	0	0	0	1	0.169	0.169	0.277	0.147	0.238	-0.08	-0.08	-0.141	-0.069	0.623	0.993	"5"
"发难"	0	0	0	0	1	0.169	0.169	0.277	0.147	0.238	-0.08	-0.08	-0.141	-0.069	0.623	0.993	"5"
"取代"	0	0	2	0	1	0.506	0.507	0.832	0.44	0.714	-0.241	-0.241	0.725	-0.207	0.254	1.668	"3"
"取向"	0	2	0	0	0	0.337	0.338	0.555	0.293	0.476	-0.161	1.544	-0.282	-0.138	-0.236	2.361	"2"
"受"	2	0	2	0	7	1.856	1.859	3.052	1.614	2.618	0.239	-0.885	-0.428	-0.758	2.248	4.558	"5"
"受伤者"	1	0	0	0	0	0.169	0.169	0.277	0.147	0.238	0.773	-0.08	-0.141	-0.069	-0.118	1.181	"1"
"受累"	0	0	1	0	0	0.169	0.169	0.277	0.147	0.238	-0.08	-0.08	0.557	-0.069	-0.118	0.904	"3"
"变动"	0	0	1	0	2	0.506	0.507	0.832	0.44	0.714	-0.241	-0.241	0.206	-0.207	0.845	1.74	"5"
"可"	1	2	3	33	0	6.58	6.592	10.822	5.723	9.283	-2.18	-1.539	-2.697	21.391	-4.604	32.411	"4"
"可望"	0	0	0	0	1	0.169	0.169	0.277	0.147	0.238	-0.08	-0.08	-0.141	-0.069	0.623	0.993	"5"
"叶书宏"	1	0	0	0	0	0.169	0.169	0.277	0.147	0.238	0.773	-0.08	-0.141	-0.069	-0.118	1.181	"1"
"司"	0	1	0	0	0	0.169	0.169	0.277	0.147	0.238	-0.08	0.772	-0.141	-0.069	-0.118	1.18	"2"
"各"	0	0	0	31	0	5.23	5.24	8.602	4.549	7.379	-2.488	-2.493	-4.376	25.838	-3.66	38.855	"4"
"吉"	0	0	2	0	0	0.337	0.338	0.555	0.293	0.476	-0.161	-0.161	1.113	-0.138	-0.236	1.809	"3"
"后盾"	0	0	1	0	0	0.169	0.169	0.277	0.147	0.238	-0.08	-0.08	0.557	-0.069	-0.118	0.904	"3"
"吕福源"	0	1	0	0	0	0.169	0.169	0.277	0.147	0.238	-0.08	0.772	-0.141	-0.069	-0.118	1.18	"2"
"启用"	2	0	1	0	0	0.506	0.507	0.832	0.44	0.714	1.12	-0.241	0.206	-0.207	-0.354	2.128	"1"
"吴晓灵"	0	0	1	0	0	0.169	0.169	0.277	0.147	0.238	-0.08	-0.08	0.557	-0.069	-0.118	0.904	"3"
"呈"	0	0	0	0	3	0.506	0.507	0.832	0.44	0.714	-0.241	-0.241	-0.423	-0.207	1.87	2.982	"5"
"呈现"	1	0	1	0	1	0.506	0.507	0.832	0.44	0.714	0.371	-0.241	0.206	-0.207	0.254	1.279	"1"
"周小川任"	0	1	0	0	0	0.169	0.169	0.277	0.147	0.238	-0.08	0.772	-0.141	-0.069	-0.118	1.18	"2"
"周边"	0	0	0	0	2	0.337	0.338	0.555	0.293	0.476	-0.161	-0.161	-0.282	-0.138	1.247	1.989	"5"
"命运"	1	0	0	0	0	0.169	0.169	0.277	0.147	0.238	0.773	-0.08	-0.141	-0.069	-0.118	1.181	"1"
"商炒卖"	0	0	1	0	0	0.169	0.169	0.277	0.147	0.238	-0.08	-0.08	0.557	-0.069	-0.118	0.904	"3"
"商议"	2	0	0	0	0	0.337	0.338	0.555	0.293	0.476	1.546	-0.161	-0.282	-0.138	-0.236	2.363	"1"
"回稳"	0	0	1	0	0	0.169	0.169	0.277	0.147	0.238	-0.08	-0.08	0.557	-0.069	-0.118	0.904	"3"
"回笼"	0	0	1	0	0	0.169	0.169	0.277	0.147	0.238	-0.08	-0.08	0.557	-0.069	-0.118	0.904	"3"
"回落"	0	0	0	0	2	0.337	0.338	0.555	0.293	0.476	-0.161	-0.161	-0.282	-0.138	1.247	1.989	"5"
"因素"	0	1	2	0	1	0.675	0.676	1.11	0.587	0.952	-0.321	0.281	0.51	-0.276	0.179	1.567	"3"
"国"	1	5	3	1	4	2.362	2.366	3.885	2.054	3.332	-0.539	1.139	-0.37	-0.432	0.36	2.84	"2"
"国际"	98	2	4	1	9	19.235	19.269	31.634	16.727	27.135	57.895	-6.704	-10.888	-6.542	-5.064	87.093	"1"
"图阿蒂"	0	0	0	0	1	0.169	0.169	0.277	0.147	0.238	-0.08	-0.08	-0.141	-0.069	0.623	0.993	"5"
"在任"	0	0	1	0	1	0.337	0.338	0.555	0.293	0.476	-0.161	-0.161	0.321	-0.138	0.377	1.158	"5"
"坚挺"	0	0	0	0	1	0.169	0.169	0.277	0.147	0.238	-0.08	-0.08	-0.141	-0.069	0.623	0.993	"5"
"坦承"	1	0	0	0	0	0.169	0.169	0.277	0.147	0.238	0.773	-0.08	-0.141	-0.069	-0.118	1.181	"1"
"域"	0	1	0	0	0	0.169	0.169	0.277	0.147	0.238	-0.08	0.772	-0.141	-0.069	-0.118	1.18	"2"
"基数"	0	0	1	0	0	0.169	0.169	0.277	0.147	0.238	-0.08	-0.08	0.557	-0.069	-0.118	0.904	"3"
"基础"	0	1	6	1	1	1.519	1.521	2.497	1.321	2.142	-0.722	-0.272	1.767	-0.214	-0.481	3.456	"3"
"基金"	74	0	0	0	0	12.486	12.508	20.534	10.858	17.614	57.189	-5.951	-10.446	-5.1	-8.736	87.422	"1"
"基金会"	10	0	0	0	1	1.856	1.859	3.052	1.614	2.618	6.759	-0.885	-1.553	-0.758	-0.652	10.607	"1"
"基金组"	4	0	0	0	0	0.675	0.676	1.11	0.587	0.952	3.091	-0.322	-0.565	-0.276	-0.472	4.726	"1"
"塞塔"	0	0	1	0	0	0.169	0.169	0.277	0.147	0.238	-0.08	-0.08	0.557	-0.069	-0.118	0.904	"3"
"增"	0	1	3	0	0	0.675	0.676	1.11	0.587	0.952	-0.321	0.281	1.17	-0.276	-0.472	2.52	"3"
"增值"	0	0	1	0	0	0.169	0.169	0.277	0.147	0.238	-0.08	-0.08	0.557	-0.069	-0.118	0.904	"3"
"增加"	0	1	8	0	1	1.687	1.69	2.775	1.467	2.38	-0.803	-0.322	3.046	-0.689	-0.565	5.425	"3"
"增加额"	0	0	1	0	0	0.169	0.169	0.277	0.147	0.238	-0.08	-0.08	0.557	-0.069	-0.118	0.904	"3"
"增幅"	0	0	3	0	0	0.506	0.507	0.832	0.44	0.714	-0.241	-0.241	1.67	-0.207	-0.354	2.713	"3"
"增速"	0	0	1	0	0	0.169	0.169	0.277	0.147	0.238	-0.08	-0.08	0.557	-0.069	-0.118	0.904	"3"
"增长"	4	3	16	0	1	4.049	4.057	6.66	3.522	5.713	-0.208	-0.394	4.087	-1.654	-1.904	8.247	"3"
"增长率"	1	0	1	0	0	0.337	0.338	0.555	0.293	0.476	0.51	-0.161	0.321	-0.138	-0.236	1.366	"1"
"处聂"	0	0	1	0	0	0.169	0.169	0.277	0.147	0.238	-0.08	-0.08	0.557	-0.069	-0.118	0.904	"3"
"外国货"	0	0	1	0	0	0.169	0.169	0.277	0.147	0.238	-0.08	-0.08	0.557	-0.069	-0.118	0.904	"3"
"外币"	0	0	2	0	1	0.506	0.507	0.832	0.44	0.714	-0.241	-0.241	0.725	-0.207	0.254	1.668	"3"
"外汇"	1	0	3	8	34	7.761	7.775	12.765	6.75	10.949	-2.677	-3.699	-3.48	0.443	11.973	22.272	"5"
"多数"	0	0	1	0	2	0.506	0.507	0.832	0.44	0.714	-0.241	-0.241	0.206	-0.207	0.845	1.74	"5"
"大于"	0	0	1	0	0	0.169	0.169	0.277	0.147	0.238	-0.08	-0.08	0.557	-0.069	-0.118	0.904	"3"
"大区"	0	1	0	0	0	0.169	0.169	0.277	0.147	0.238	-0.08	0.772	-0.141	-0.069	-0.118	1.18	"2"
"大厦"	0	0	1	0	0	0.169	0.169	0.277	0.147	0.238	-0.08	-0.08	0.557	-0.069	-0.118	0.904	"3"
"大多数"	0	0	0	0	1	0.169	0.169	0.277	0.147	0.238	-0.08	-0.08	-0.141	-0.069	0.623	0.993	"5"
"大幅"	1	1	1	0	2	0.844	0.845	1.387	0.734	1.19	0.22	0.219	-0.24	-0.345	0.466	1.49	"5"
"大幅度"	0	0	0	0	2	0.337	0.338	0.555	0.293	0.476	-0.161	-0.161	-0.282	-0.138	1.247	1.989	"5"
"大步迈"	0	0	1	0	0	0.169	0.169	0.277	0.147	0.238	-0.08	-0.08	0.557	-0.069	-0.118	0.904	"3"
"大通"	0	0	0	0	1	0.169	0.169	0.277	0.147	0.238	-0.08	-0.08	-0.141	-0.069	0.623	0.993	"5"
"央行"	1	24	8	0	1	5.737	5.747	9.435	4.989	8.093	-1.831	11.179	-0.432	-2.343	-2.949	18.734	"2"
"奈及利亚"	1	0	0	0	0	0.169	0.169	0.277	0.147	0.238	0.773	-0.08	-0.141	-0.069	-0.118	1.181	"1"
"奋战"	0	0	1	0	0	0.169	0.169	0.277	0.147	0.238	-0.08	-0.08	0.557	-0.069	-0.118	0.904	"3"
"如下"	0	0	0	22	0	3.712	3.719	6.105	3.228	5.237	-1.766	-1.769	-3.105	18.337	-2.597	27.574	"4"
"委会"	0	0	0	0	1	0.169	0.169	0.277	0.147	0.238	-0.08	-0.08	-0.141	-0.069	0.623	0.993	"5"
"委员"	1	1	1	0	0	0.506	0.507	0.832	0.44	0.714	0.371	0.37	0.206	-0.207	-0.354	1.508	"1"
"委员会"	2	9	1	0	1	2.193	2.197	3.607	1.908	3.094	-0.208	4.38	-1.057	-0.896	-0.831	7.372	"2"
"委员会组"	0	1	0	0	0	0.169	0.169	0.277	0.147	0.238	-0.08	0.772	-0.141	-0.069	-0.118	1.18	"2"
"媒介"	0	0	1	0	0	0.169	0.169	0.277	0.147	0.238	-0.08	-0.08	0.557	-0.069	-0.118	0.904	"3"
"存款"	0	1	4	0	0	0.844	0.845	1.387	0.734	1.19	-0.401	0.219	1.637	-0.345	-0.59	3.192	"3"
"孟岱尔"	0	0	0	1	0	0.169	0.169	0.277	0.147	0.238	-0.08	-0.08	-0.141	0.833	-0.118	1.252	"4"
"季度"	0	3	0	0	0	0.506	0.507	0.832	0.44	0.714	-0.241	2.316	-0.423	-0.207	-0.354	3.541	"2"
"宏观"	0	4	0	0	0	0.675	0.676	1.11	0.587	0.952	-0.321	3.088	-0.565	-0.276	-0.472	4.722	"2"
"定下"	2	0	0	0	0	0.337	0.338	0.555	0.293	0.476	1.546	-0.161	-0.282	-0.138	-0.236	2.363	"1"
"宜"	0	0	0	0	1	0.169	0.169	0.277	0.147	0.238	-0.08	-0.08	-0.141	-0.069	0.623	0.993	"5"
"实施"	1	4	1	0	1	1.181	1.183	1.942	1.027	1.666	-0.178	1.732	-0.421	-0.482	-0.323	3.136	"2"
"实物"	0	0	1	0	0	0.169	0.169	0.277	0.147	0.238	-0.08	-0.08	0.557	-0.069	-0.118	0.904	"3"
"实行"	0	3	6	0	1	1.687	1.69	2.775	1.467	2.38	-0.803	0.636	1.485	-0.689	-0.565	4.178	"3"
"容忍"	0	1	0	0	0	0.169	0.169	0.277	0.147	0.238	-0.08	0.772	-0.141	-0.069	-0.118	1.18	"2"
"宽松"	0	8	2	0	0	1.687	1.69	2.775	1.467	2.38	-0.803	4.664	-0.352	-0.689	-1.181	7.689	"2"
"对"	0	2	0	31	8	6.918	6.93	11.377	6.016	9.759	-3.29	-1.661	-5.787	17.454	-0.479	28.671	"4"
"小幅"	0	0	0	0	2	0.337	0.338	0.555	0.293	0.476	-0.161	-0.161	-0.282	-0.138	1.247	1.989	"5"
"展延"	1	0	0	0	0	0.169	0.169	0.277	0.147	0.238	0.773	-0.08	-0.141	-0.069	-0.118	1.181	"1"
"山市"	0	0	1	0	0	0.169	0.169	0.277	0.147	0.238	-0.08	-0.08	0.557	-0.069	-0.118	0.904	"3"
"川吕沛"	1	0	0	0	0	0.169	0.169	0.277	0.147	0.238	0.773	-0.08	-0.141	-0.069	-0.118	1.181	"1"
"工具"	0	2	5	0	0	1.181	1.183	1.942	1.027	1.666	-0.562	0.473	1.689	-0.482	-0.826	4.032	"3"
"工具箱"	0	1	0	0	0	0.169	0.169	0.277	0.147	0.238	-0.08	0.772	-0.141	-0.069	-0.118	1.18	"2"
"差别"	0	0	0	0	1	0.169	0.169	0.277	0.147	0.238	-0.08	-0.08	-0.141	-0.069	0.623	0.993	"5"
"巴西"	0	0	0	0	3	0.506	0.507	0.832	0.44	0.714	-0.241	-0.241	-0.423	-0.207	1.87	2.982	"5"
"币"	0	0	4	6	0	1.687	1.69	2.775	1.467	2.38	-0.803	-0.804	0.535	2.911	-1.181	6.234	"4"
"币值"	0	0	0	0	1	0.169	0.169	0.277	0.147	0.238	-0.08	-0.08	-0.141	-0.069	0.623	0.993	"5"
"市场"	1	8	23	39	17	14.848	14.874	24.419	12.912	20.946	-5.787	-1.549	-0.377	10.606	-0.708	19.027	"4"
"市场价"	0	0	0	0	1	0.169	0.169	0.277	0.147	0.238	-0.08	-0.08	-0.141	-0.069	0.623	0.993	"5"
"布鲁姆"	0	0	1	0	0	0.169	0.169	0.277	0.147	0.238	-0.08	-0.08	0.557	-0.069	-0.118	0.904	"3"
"布鲁金斯"	0	1	0	0	0	0.169	0.169	0.277	0.147	0.238	-0.08	0.772	-0.141	-0.069	-0.118	1.18	"2"
"幅度"	0	0	2	0	0	0.337	0.338	0.555	0.293	0.476	-0.161	-0.161	1.113	-0.138	-0.236	1.809	"3"
"干扰"	0	1	0	0	0	0.169	0.169	0.277	0.147	0.238	-0.08	0.772	-0.141	-0.069	-0.118	1.18	"2"
"干预"	0	2	2	0	2	1.012	1.014	1.665	0.88	1.428	-0.482	0.57	0.276	-0.413	0.359	2.1	"2"
"平稳"	0	0	2	0	0	0.337	0.338	0.555	0.293	0.476	-0.161	-0.161	1.113	-0.138	-0.236	1.809	"3"
"平衡点"	0	0	1	0	0	0.169	0.169	0.277	0.147	0.238	-0.08	-0.08	0.557	-0.069	-0.118	0.904	"3"
"年会"	1	0	0	0	0	0.169	0.169	0.277	0.147	0.238	0.773	-0.08	-0.141	-0.069	-0.118	1.181	"1"
"年利率"	0	0	0	0	1	0.169	0.169	0.277	0.147	0.238	-0.08	-0.08	-0.141	-0.069	0.623	0.993	"5"
"年增率"	0	0	7	0	0	1.181	1.183	1.942	1.027	1.666	-0.562	-0.563	3.897	-0.482	-0.826	6.33	"3"
"年头"	0	0	1	0	0	0.169	0.169	0.277	0.147	0.238	-0.08	-0.08	0.557	-0.069	-0.118	0.904	"3"
"年底"	1	0	0	0	1	0.337	0.338	0.555	0.293	0.476	0.51	-0.161	-0.282	-0.138	0.377	1.468	"1"
"并无两样"	0	0	0	0	1	0.169	0.169	0.277	0.147	0.238	-0.08	-0.08	-0.141	-0.069	0.623	0.993	"5"
"广义"	0	0	4	0	0	0.675	0.676	1.11	0.587	0.952	-0.321	-0.322	2.227	-0.276	-0.472	3.618	"3"
"广义货"	0	0	1	0	0	0.169	0.169	0.277	0.147	0.238	-0.08	-0.08	0.557	-0.069	-0.118	0.904	"3"
"应当"	1	0	1	0	0	0.337	0.338	0.555	0.293	0.476	0.51	-0.161	0.321	-0.138	-0.236	1.366	"1"
"度量衡"	0	0	1	0	0	0.169	0.169	0.277	0.147	0.238	-0.08	-0.08	0.557	-0.069	-0.118	0.904	"3"
"延迟"	1	0	0	0	0	0.169	0.169	0.277	0.147	0.238	0.773	-0.08	-0.141	-0.069	-0.118	1.181	"1"
"建立"	0	1	0	0	0	0.169	0.169	0.277	0.147	0.238	-0.08	0.772	-0.141	-0.069	-0.118	1.18	"2"
"开会"	0	0	1	0	0	0.169	0.169	0.277	0.147	0.238	-0.08	-0.08	0.557	-0.069	-0.118	0.904	"3"
"开启"	0	0	1	0	0	0.169	0.169	0.277	0.147	0.238	-0.08	-0.08	0.557	-0.069	-0.118	0.904	"3"
"异议"	0	0	1	0	0	0.169	0.169	0.277	0.147	0.238	-0.08	-0.08	0.557	-0.069	-0.118	0.904	"3"
"引导"	0	0	2	0	0	0.337	0.338	0.555	0.293	0.476	-0.161	-0.161	1.113	-0.138	-0.236	1.809	"3"
"弱"	0	1	0	0	1	0.337	0.338	0.555	0.293	0.476	-0.161	0.509	-0.282	-0.138	0.377	1.467	"2"
"弱势"	0	1	0	0	0	0.169	0.169	0.277	0.147	0.238	-0.08	0.772	-0.141	-0.069	-0.118	1.18	"2"
"强力"	0	0	2	0	0	0.337	0.338	0.555	0.293	0.476	-0.161	-0.161	1.113	-0.138	-0.236	1.809	"3"
"强势"	0	2	0	0	2	0.675	0.676	1.11	0.587	0.952	-0.321	0.869	-0.565	-0.276	0.617	2.648	"2"
"当代"	0	1	2	0	0	0.506	0.507	0.832	0.44	0.714	-0.241	0.37	0.725	-0.207	-0.354	1.897	"3"
"徐义雄"	0	1	0	0	0	0.169	0.169	0.277	0.147	0.238	-0.08	0.772	-0.141	-0.069	-0.118	1.18	"2"
"德拉克"	0	1	0	0	0	0.169	0.169	0.277	0.147	0.238	-0.08	0.772	-0.141	-0.069	-0.118	1.18	"2"
"志在"	0	0	1	0	0	0.169	0.169	0.277	0.147	0.238	-0.08	-0.08	0.557	-0.069	-0.118	0.904	"3"
"快"	0	2	5	0	0	1.181	1.183	1.942	1.027	1.666	-0.562	0.473	1.689	-0.482	-0.826	4.032	"3"
"态势"	1	0	0	0	0	0.169	0.169	0.277	0.147	0.238	0.773	-0.08	-0.141	-0.069	-0.118	1.181	"1"
"怪罪"	0	0	1	0	0	0.169	0.169	0.277	0.147	0.238	-0.08	-0.08	0.557	-0.069	-0.118	0.904	"3"
"总体"	0	0	2	0	0	0.337	0.338	0.555	0.293	0.476	-0.161	-0.161	1.113	-0.138	-0.236	1.809	"3"
"总干事"	1	0	0	0	0	0.169	0.169	0.277	0.147	0.238	0.773	-0.08	-0.141	-0.069	-0.118	1.181	"1"
"总裁"	8	0	0	0	0	1.35	1.352	2.22	1.174	1.904	6.183	-0.643	-1.129	-0.551	-0.944	9.45	"1"
"总量"	0	0	3	0	0	0.506	0.507	0.832	0.44	0.714	-0.241	-0.241	1.67	-0.207	-0.354	2.713	"3"
"息"	0	1	0	0	0	0.169	0.169	0.277	0.147	0.238	-0.08	0.772	-0.141	-0.069	-0.118	1.18	"2"
"情势"	0	1	0	0	0	0.169	0.169	0.277	0.147	0.238	-0.08	0.772	-0.141	-0.069	-0.118	1.18	"2"
"慢步"	0	0	1	0	0	0.169	0.169	0.277	0.147	0.238	-0.08	-0.08	0.557	-0.069	-0.118	0.904	"3"
"成员国"	0	0	6	0	2	1.35	1.352	2.22	1.174	1.904	-0.642	-0.643	2.128	-0.551	0.22	4.184	"3"
"成长"	3	2	2	0	0	1.181	1.183	1.942	1.027	1.666	1.006	0.473	0.207	-0.482	-0.826	2.994	"1"
"手持"	0	0	1	0	0	0.169	0.169	0.277	0.147	0.238	-0.08	-0.08	0.557	-0.069	-0.118	0.904	"3"
"托马斯"	0	0	0	0	1	0.169	0.169	0.277	0.147	0.238	-0.08	-0.08	-0.141	-0.069	0.623	0.993	"5"
"执行"	3	5	0	0	0	1.35	1.352	2.22	1.174	1.904	0.858	2.309	-1.129	-0.551	-0.944	5.791	"2"
"扩张"	1	0	0	0	0	0.169	0.169	0.277	0.147	0.238	0.773	-0.08	-0.141	-0.069	-0.118	1.181	"1"
"扶住"	0	0	1	0	0	0.169	0.169	0.277	0.147	0.238	-0.08	-0.08	0.557	-0.069	-0.118	0.904	"3"
"承"	0	0	0	0	1	0.169	0.169	0.277	0.147	0.238	-0.08	-0.08	-0.141	-0.069	0.623	0.993	"5"
"投放"	0	0	4	0	0	0.675	0.676	1.11	0.587	0.952	-0.321	-0.322	2.227	-0.276	-0.472	3.618	"3"
"折合"	0	0	1	0	0	0.169	0.169	0.277	0.147	0.238	-0.08	-0.08	0.557	-0.069	-0.118	0.904	"3"
"抢答"	1	0	0	0	0	0.169	0.169	0.277	0.147	0.238	0.773	-0.08	-0.141	-0.069	-0.118	1.181	"1"
"披索"	0	0	2	0	0	0.337	0.338	0.555	0.293	0.476	-0.161	-0.161	1.113	-0.138	-0.236	1.809	"3"
"拆"	0	0	1	0	0	0.169	0.169	0.277	0.147	0.238	-0.08	-0.08	0.557	-0.069	-0.118	0.904	"3"
"拉美"	0	0	1	0	1	0.337	0.338	0.555	0.293	0.476	-0.161	-0.161	0.321	-0.138	0.377	1.158	"5"
"拖累"	0	0	0	0	2	0.337	0.338	0.555	0.293	0.476	-0.161	-0.161	-0.282	-0.138	1.247	1.989	"5"
"持"	0	1	0	0	1	0.337	0.338	0.555	0.293	0.476	-0.161	0.509	-0.282	-0.138	0.377	1.467	"2"
"持续"	0	2	1	0	3	1.012	1.014	1.665	0.88	1.428	-0.482	0.57	-0.328	-0.413	0.821	2.614	"5"
"挂牌"	0	0	0	31	0	5.23	5.24	8.602	4.549	7.379	-2.488	-2.493	-4.376	25.838	-3.66	38.855	"4"
"指"	0	0	7	0	0	1.181	1.183	1.942	1.027	1.666	-0.562	-0.563	3.897	-0.482	-0.826	6.33	"3"
"指标"	0	0	3	0	0	0.506	0.507	0.832	0.44	0.714	-0.241	-0.241	1.67	-0.207	-0.354	2.713	"3"
"挫低"	0	0	0	0	1	0.169	0.169	0.277	0.147	0.238	-0.08	-0.08	-0.141	-0.069	0.623	0.993	"5"
"挺升"	0	0	0	0	5	0.844	0.845	1.387	0.734	1.19	-0.401	-0.402	-0.706	-0.345	3.117	4.971	"5"
"捞"	0	0	1	0	0	0.169	0.169	0.277	0.147	0.238	-0.08	-0.08	0.557	-0.069	-0.118	0.904	"3"
"掀开"	0	0	0	0	1	0.169	0.169	0.277	0.147	0.238	-0.08	-0.08	-0.141	-0.069	0.623	0.993	"5"
"採取"	0	6	0	0	1	1.181	1.183	1.942	1.027	1.666	-0.562	3.855	-0.988	-0.482	-0.323	6.21	"2"
"掣肘"	1	0	0	0	0	0.169	0.169	0.277	0.147	0.238	0.773	-0.08	-0.141	-0.069	-0.118	1.181	"1"
"提取"	0	0	0	0	1	0.169	0.169	0.277	0.147	0.238	-0.08	-0.08	-0.141	-0.069	0.623	0.993	"5"
"提振"	0	0	0	0	1	0.169	0.169	0.277	0.147	0.238	-0.08	-0.08	-0.141	-0.069	0.623	0.993	"5"
"援助"	2	0	0	0	0	0.337	0.338	0.555	0.293	0.476	1.546	-0.161	-0.282	-0.138	-0.236	2.363	"1"
"携带"	0	0	1	0	0	0.169	0.169	0.277	0.147	0.238	-0.08	-0.08	0.557	-0.069	-0.118	0.904	"3"
"摆脱"	1	0	0	0	1	0.337	0.338	0.555	0.293	0.476	0.51	-0.161	-0.282	-0.138	0.377	1.468	"1"
"操作"	0	1	1	0	0	0.337	0.338	0.555	0.293	0.476	-0.161	0.509	0.321	-0.138	-0.236	1.365	"2"
"操作手"	0	0	2	0	0	0.337	0.338	0.555	0.293	0.476	-0.161	-0.161	1.113	-0.138	-0.236	1.809	"3"
"支付"	0	0	1	0	0	0.169	0.169	0.277	0.147	0.238	-0.08	-0.08	0.557	-0.069	-0.118	0.904	"3"
"支应"	0	1	0	0	0	0.169	0.169	0.277	0.147	0.238	-0.08	0.772	-0.141	-0.069	-0.118	1.18	"2"
"支持性"	0	1	0	0	0	0.169	0.169	0.277	0.147	0.238	-0.08	0.772	-0.141	-0.069	-0.118	1.18	"2"
"支票"	0	0	1	0	0	0.169	0.169	0.277	0.147	0.238	-0.08	-0.08	0.557	-0.069	-0.118	0.904	"3"
"收盘价"	0	0	0	8	0	1.35	1.352	2.22	1.174	1.904	-0.642	-0.643	-1.129	6.668	-0.944	10.026	"4"
"改为"	0	0	0	0	1	0.169	0.169	0.277	0.147	0.238	-0.08	-0.08	-0.141	-0.069	0.623	0.993	"5"
"改变"	0	2	0	0	0	0.337	0.338	0.555	0.293	0.476	-0.161	1.544	-0.282	-0.138	-0.236	2.361	"2"
"改进"	0	0	2	0	0	0.337	0.338	0.555	0.293	0.476	-0.161	-0.161	1.113	-0.138	-0.236	1.809	"3"
"放宽"	0	1	0	0	0	0.169	0.169	0.277	0.147	0.238	-0.08	0.772	-0.141	-0.069	-0.118	1.18	"2"
"放松"	0	1	0	0	0	0.169	0.169	0.277	0.147	0.238	-0.08	0.772	-0.141	-0.069	-0.118	1.18	"2"
"放款"	0	0	1	0	0	0.169	0.169	0.277	0.147	0.238	-0.08	-0.08	0.557	-0.069	-0.118	0.904	"3"
"放缓"	1	0	1	0	0	0.337	0.338	0.555	0.293	0.476	0.51	-0.161	0.321	-0.138	-0.236	1.366	"1"
"政"	1	2	1	0	0	0.675	0.676	1.11	0.587	0.952	0.282	0.869	-0.16	-0.276	-0.472	2.059	"2"
"政策"	3	95	15	0	1	19.235	19.269	31.634	16.727	27.135	-5.787	53.548	-3.803	-7.856	-11.895	82.889	"2"
"效应"	0	1	1	0	0	0.337	0.338	0.555	0.293	0.476	-0.161	0.509	0.321	-0.138	-0.236	1.365	"2"
"效用"	0	0	0	0	1	0.169	0.169	0.277	0.147	0.238	-0.08	-0.08	-0.141	-0.069	0.623	0.993	"5"
"敞开"	0	0	1	0	0	0.169	0.169	0.277	0.147	0.238	-0.08	-0.08	0.557	-0.069	-0.118	0.904	"3"
"数据库"	1	0	0	0	0	0.169	0.169	0.277	0.147	0.238	0.773	-0.08	-0.141	-0.069	-0.118	1.181	"1"
"斯潘"	0	1	0	0	0	0.169	0.169	0.277	0.147	0.238	-0.08	0.772	-0.141	-0.069	-0.118	1.18	"2"
"斯诺"	0	1	0	0	0	0.169	0.169	0.277	0.147	0.238	-0.08	0.772	-0.141	-0.069	-0.118	1.18	"2"
"新元"	0	1	3	0	5	1.519	1.521	2.497	1.321	2.142	-0.722	-0.272	0.322	-0.62	1.396	3.332	"5"
"新兴"	0	0	0	0	1	0.169	0.169	0.277	0.147	0.238	-0.08	-0.08	-0.141	-0.069	0.623	0.993	"5"
"新版"	0	0	1	0	0	0.169	0.169	0.277	0.147	0.238	-0.08	-0.08	0.557	-0.069	-0.118	0.904	"3"
"施行"	0	0	1	0	0	0.169	0.169	0.277	0.147	0.238	-0.08	-0.08	0.557	-0.069	-0.118	0.904	"3"
"施遵骅"	0	0	1	0	0	0.169	0.169	0.277	0.147	0.238	-0.08	-0.08	0.557	-0.069	-0.118	0.904	"3"
"无政府"	1	0	0	0	0	0.169	0.169	0.277	0.147	0.238	0.773	-0.08	-0.141	-0.069	-0.118	1.181	"1"
"日元"	0	2	0	0	6	1.35	1.352	2.22	1.174	1.904	-0.642	0.395	-1.129	-0.551	2.491	5.208	"5"
"日内"	0	0	1	0	0	0.169	0.169	0.277	0.147	0.238	-0.08	-0.08	0.557	-0.069	-0.118	0.904	"3"
"日圆"	0	0	0	0	16	2.7	2.704	4.44	2.348	3.808	-1.284	-1.287	-2.259	-1.103	9.974	15.907	"5"
"日平"	0	0	1	0	0	0.169	0.169	0.277	0.147	0.238	-0.08	-0.08	0.557	-0.069	-0.118	0.904	"3"
"日平均"	0	0	3	0	0	0.506	0.507	0.832	0.44	0.714	-0.241	-0.241	1.67	-0.207	-0.354	2.713	"3"
"早先"	0	1	0	0	0	0.169	0.169	0.277	0.147	0.238	-0.08	0.772	-0.141	-0.069	-0.118	1.18	"2"
"明年"	3	4	5	0	1	2.193	2.197	3.607	1.908	3.094	0.42	0.785	0.553	-0.896	-0.831	3.485	"4"
"易事"	1	0	0	0	0	0.169	0.169	0.277	0.147	0.238	0.773	-0.08	-0.141	-0.069	-0.118	1.181	"1"
"春季"	2	0	0	0	0	0.337	0.338	0.555	0.293	0.476	1.546	-0.161	-0.282	-0.138	-0.236	2.363	"1"
"普"	0	0	0	0	1	0.169	0.169	0.277	0.147	0.238	-0.08	-0.08	-0.141	-0.069	0.623	0.993	"5"
"普遍"	0	0	1	0	15	2.7	2.704	4.44	2.348	3.808	-1.284	-1.287	-1.405	-1.103	8.256	13.335	"5"
"景气灯"	0	0	1	0	0	0.169	0.169	0.277	0.147	0.238	-0.08	-0.08	0.557	-0.069	-0.118	0.904	"3"
"暗示"	0	1	0	0	0	0.169	0.169	0.277	0.147	0.238	-0.08	0.772	-0.141	-0.069	-0.118	1.18	"2"
"暨"	0	1	2	0	0	0.506	0.507	0.832	0.44	0.714	-0.241	0.37	0.725	-0.207	-0.354	1.897	"3"
"曼德尔"	1	0	0	0	0	0.169	0.169	0.277	0.147	0.238	0.773	-0.08	-0.141	-0.069	-0.118	1.181	"1"
"曼纳伊"	1	0	0	0	0	0.169	0.169	0.277	0.147	0.238	0.773	-0.08	-0.141	-0.069	-0.118	1.181	"1"
"最近"	0	0	0	0	1	0.169	0.169	0.277	0.147	0.238	-0.08	-0.08	-0.141	-0.069	0.623	0.993	"5"
"月报"	1	0	0	0	0	0.169	0.169	0.277	0.147	0.238	0.773	-0.08	-0.141	-0.069	-0.118	1.181	"1"
"有余"	0	0	1	0	0	0.169	0.169	0.277	0.147	0.238	-0.08	-0.08	0.557	-0.069	-0.118	0.904	"3"
"有助"	0	1	0	0	0	0.169	0.169	0.277	0.147	0.238	-0.08	0.772	-0.141	-0.069	-0.118	1.18	"2"
"有助于"	0	0	0	0	1	0.169	0.169	0.277	0.147	0.238	-0.08	-0.08	-0.141	-0.069	0.623	0.993	"5"
"有赖"	0	1	0	0	0	0.169	0.169	0.277	0.147	0.238	-0.08	0.772	-0.141	-0.069	-0.118	1.18	"2"
"朝日新闻"	0	0	1	0	0	0.169	0.169	0.277	0.147	0.238	-0.08	-0.08	0.557	-0.069	-0.118	0.904	"3"
"末"	0	0	2	0	0	0.337	0.338	0.555	0.293	0.476	-0.161	-0.161	1.113	-0.138	-0.236	1.809	"3"
"本"	0	2	7	0	9	3.037	3.042	4.995	2.641	4.284	-1.445	-0.406	0.678	-1.24	1.853	5.622	"5"
"本身"	0	0	2	0	3	0.844	0.845	1.387	0.734	1.19	-0.401	-0.402	0.372	-0.345	1.04	2.56	"5"
"机制"	0	2	4	0	2	1.35	1.352	2.22	1.174	1.904	-0.642	0.395	0.809	-0.551	0.22	2.617	"3"
"机构"	5	1	6	1	0	2.193	2.197	3.607	1.908	3.094	1.271	-0.484	0.912	-0.386	-1.535	4.588	"5"
"权限"	0	1	0	0	0	0.169	0.169	0.277	0.147	0.238	-0.08	0.772	-0.141	-0.069	-0.118	1.18	"2"
"李威廉"	1	0	0	0	0	0.169	0.169	0.277	0.147	0.238	0.773	-0.08	-0.141	-0.069	-0.118	1.181	"1"
"李胜彦"	0	1	0	0	0	0.169	0.169	0.277	0.147	0.238	-0.08	0.772	-0.141	-0.069	-0.118	1.18	"2"
"杠杆"	0	1	0	0	0	0.169	0.169	0.277	0.147	0.238	-0.08	0.772	-0.141	-0.069	-0.118	1.18	"2"
"松"	0	1	0	0	0	0.169	0.169	0.277	0.147	0.238	-0.08	0.772	-0.141	-0.069	-0.118	1.18	"2"
"松紧"	0	1	0	0	0	0.169	0.169	0.277	0.147	0.238	-0.08	0.772	-0.141	-0.069	-0.118	1.18	"2"
"林勋强"	2	0	0	0	0	0.337	0.338	0.555	0.293	0.476	1.546	-0.161	-0.282	-0.138	-0.236	2.363	"1"
"林斯潘"	0	1	0	0	0	0.169	0.169	0.277	0.147	0.238	-0.08	0.772	-0.141	-0.069	-0.118	1.18	"2"
"架构"	0	1	0	0	0	0.169	0.169	0.277	0.147	0.238	-0.08	0.772	-0.141	-0.069	-0.118	1.18	"2"
"标区"	0	0	1	0	0	0.169	0.169	0.277	0.147	0.238	-0.08	-0.08	0.557	-0.069	-0.118	0.904	"3"
"根据"	3	2	5	0	2	2.025	2.028	3.33	1.761	2.856	0.482	-0.175	0.659	-0.827	-0.368	2.511	"4"
"梁业倩"	1	0	0	0	0	0.169	0.169	0.277	0.147	0.238	0.773	-0.08	-0.141	-0.069	-0.118	1.181	"1"
"欧"	0	1	1	1	1	0.675	0.676	1.11	0.587	0.952	-0.321	0.281	-0.16	0.328	0.179	1.269	"4"
"欧元"	1	3	4	0	25	5.568	5.578	9.157	4.842	7.855	-1.762	-0.776	-1.547	-2.274	9.343	15.702	"5"
"欧元价"	0	0	1	0	0	0.169	0.169	0.277	0.147	0.238	-0.08	-0.08	0.557	-0.069	-0.118	0.904	"3"
"欧元区"	1	0	4	0	0	0.844	0.845	1.387	0.734	1.19	0.22	-0.402	1.637	-0.345	-0.59	3.194	"3"
"欧元国"	1	0	0	0	0	0.169	0.169	0.277	0.147	0.238	0.773	-0.08	-0.141	-0.069	-0.118	1.181	"1"
"欧元国家"	0	2	0	0	0	0.337	0.338	0.555	0.293	0.476	-0.161	1.544	-0.282	-0.138	-0.236	2.361	"2"
"欧洲"	1	2	6	1	7	2.868	2.873	4.717	2.494	4.046	-0.716	-0.363	0.489	-0.578	1.065	3.211	"5"
"欧洲中央银行"	0	1	0	0	0	0.169	0.169	0.277	0.147	0.238	-0.08	0.772	-0.141	-0.069	-0.118	1.18	"2"
"欧洲人"	0	0	1	0	2	0.506	0.507	0.832	0.44	0.714	-0.241	-0.241	0.206	-0.207	0.845	1.74	"5"
"欧盟"	0	2	1	0	3	1.012	1.014	1.665	0.88	1.428	-0.482	0.57	-0.328	-0.413	0.821	2.614	"5"
"欲"	1	0	0	0	0	0.169	0.169	0.277	0.147	0.238	0.773	-0.08	-0.141	-0.069	-0.118	1.181	"1"
"款"	0	0	1	0	0	0.169	0.169	0.277	0.147	0.238	-0.08	-0.08	0.557	-0.069	-0.118	0.904	"3"
"此"	4	3	2	0	9	3.037	3.042	4.995	2.641	4.284	0.442	-0.196	-1.057	-1.24	1.853	4.788	"5"
"段"	0	0	2	0	0	0.337	0.338	0.555	0.293	0.476	-0.161	-0.161	1.113	-0.138	-0.236	1.809	"3"
"每下愈况"	0	0	0	0	1	0.169	0.169	0.277	0.147	0.238	-0.08	-0.08	-0.141	-0.069	0.623	0.993	"5"
"比价"	0	0	0	0	13	2.193	2.197	3.607	1.908	3.094	-1.043	-1.045	-1.835	-0.896	8.104	12.923	"5"
"比索"	0	0	0	0	1	0.169	0.169	0.277	0.147	0.238	-0.08	-0.08	-0.141	-0.069	0.623	0.993	"5"
"毗邻国"	0	0	0	2	0	0.337	0.338	0.555	0.293	0.476	-0.161	-0.161	-0.282	1.667	-0.236	2.507	"4"
"求进"	1	0	0	0	0	0.169	0.169	0.277	0.147	0.238	0.773	-0.08	-0.141	-0.069	-0.118	1.181	"1"
"汇"	0	1	0	0	0	0.169	0.169	0.277	0.147	0.238	-0.08	0.772	-0.141	-0.069	-0.118	1.18	"2"
"汇价"	0	1	0	31	5	6.243	6.254	10.267	5.429	8.807	-2.969	-2.045	-5.223	19.871	-1.018	31.126	"4"
"汇市"	0	0	0	0	4	0.675	0.676	1.11	0.587	0.952	-0.321	-0.322	-0.565	-0.276	2.494	3.978	"5"
"汇率"	0	7	3	0	20	5.062	5.071	8.325	4.402	7.141	-2.408	0.63	-1.748	-2.067	6.102	12.955	"5"
"油价"	1	0	0	0	0	0.169	0.169	0.277	0.147	0.238	0.773	-0.08	-0.141	-0.069	-0.118	1.181	"1"
"法定"	0	0	4	0	0	0.675	0.676	1.11	0.587	0.952	-0.321	-0.322	2.227	-0.276	-0.472	3.618	"3"
"法郎区"	0	0	1	0	0	0.169	0.169	0.277	0.147	0.238	-0.08	-0.08	0.557	-0.069	-0.118	0.904	"3"
"泛太平洋"	0	0	0	0	1	0.169	0.169	0.277	0.147	0.238	-0.08	-0.08	-0.141	-0.069	0.623	0.993	"5"
"波动"	0	0	1	0	2	0.506	0.507	0.832	0.44	0.714	-0.241	-0.241	0.206	-0.207	0.845	1.74	"5"
"洲"	0	1	0	1	2	0.675	0.676	1.11	0.587	0.952	-0.321	0.281	-0.565	0.328	0.617	2.112	"5"
"活期"	0	0	2	0	0	0.337	0.338	0.555	0.293	0.476	-0.161	-0.161	1.113	-0.138	-0.236	1.809	"3"
"流动性"	0	0	1	0	0	0.169	0.169	0.277	0.147	0.238	-0.08	-0.08	0.557	-0.069	-0.118	0.904	"3"
"流通"	0	0	10	0	2	2.025	2.028	3.33	1.761	2.856	-0.963	-0.965	4	-0.827	-0.368	7.123	"3"
"流通量"	0	0	3	0	0	0.506	0.507	0.832	0.44	0.714	-0.241	-0.241	1.67	-0.207	-0.354	2.713	"3"
"流量"	1	0	0	0	0	0.169	0.169	0.277	0.147	0.238	0.773	-0.08	-0.141	-0.069	-0.118	1.181	"1"
"浮动"	0	1	0	0	0	0.169	0.169	0.277	0.147	0.238	-0.08	0.772	-0.141	-0.069	-0.118	1.18	"2"
"涨"	0	0	0	0	1	0.169	0.169	0.277	0.147	0.238	-0.08	-0.08	-0.141	-0.069	0.623	0.993	"5"
"涨到"	0	0	1	0	0	0.169	0.169	0.277	0.147	0.238	-0.08	-0.08	0.557	-0.069	-0.118	0.904	"3"
"涨跌"	0	0	0	0	3	0.506	0.507	0.832	0.44	0.714	-0.241	-0.241	-0.423	-0.207	1.87	2.982	"5"
"混乱"	1	0	1	0	0	0.337	0.338	0.555	0.293	0.476	0.51	-0.161	0.321	-0.138	-0.236	1.366	"1"
"温和"	0	0	0	0	1	0.169	0.169	0.277	0.147	0.238	-0.08	-0.08	-0.141	-0.069	0.623	0.993	"5"
"港元"	0	0	7	0	0	1.181	1.183	1.942	1.027	1.666	-0.562	-0.563	3.897	-0.482	-0.826	6.33	"3"
"滑落"	0	1	0	0	0	0.169	0.169	0.277	0.147	0.238	-0.08	0.772	-0.141	-0.069	-0.118	1.18	"2"
"澳元"	0	0	1	0	0	0.169	0.169	0.277	0.147	0.238	-0.08	-0.08	0.557	-0.069	-0.118	0.904	"3"
"激"	0	0	0	0	4	0.675	0.676	1.11	0.587	0.952	-0.321	-0.322	-0.565	-0.276	2.494	3.978	"5"
"激励"	0	0	0	0	1	0.169	0.169	0.277	0.147	0.238	-0.08	-0.08	-0.141	-0.069	0.623	0.993	"5"
"灵活"	0	2	3	0	0	0.844	0.845	1.387	0.734	1.19	-0.401	0.697	0.871	-0.345	-0.59	2.904	"3"
"物价"	0	1	3	0	0	0.675	0.676	1.11	0.587	0.952	-0.321	0.281	1.17	-0.276	-0.472	2.52	"3"
"特里谢"	0	0	1	0	0	0.169	0.169	0.277	0.147	0.238	-0.08	-0.08	0.557	-0.069	-0.118	0.904	"3"
"犹太"	0	0	0	0	1	0.169	0.169	0.277	0.147	0.238	-0.08	-0.08	-0.141	-0.069	0.623	0.993	"5"
"狙击"	0	0	0	0	1	0.169	0.169	0.277	0.147	0.238	-0.08	-0.08	-0.141	-0.069	0.623	0.993	"5"
"独立性"	0	1	0	0	0	0.169	0.169	0.277	0.147	0.238	-0.08	0.772	-0.141	-0.069	-0.118	1.18	"2"
"狭义"	0	0	2	0	0	0.337	0.338	0.555	0.293	0.476	-0.161	-0.161	1.113	-0.138	-0.236	1.809	"3"
"率"	1	0	0	1	0	0.337	0.338	0.555	0.293	0.476	0.51	-0.161	-0.282	0.566	-0.236	1.755	"4"
"王建生"	2	0	0	0	0	0.337	0.338	0.555	0.293	0.476	1.546	-0.161	-0.282	-0.138	-0.236	2.363	"1"
"王振华"	2	0	0	0	0	0.337	0.338	0.555	0.293	0.476	1.546	-0.161	-0.282	-0.138	-0.236	2.363	"1"
"现有"	0	1	0	0	0	0.169	0.169	0.277	0.147	0.238	-0.08	0.772	-0.141	-0.069	-0.118	1.18	"2"
"理事会"	1	1	0	0	0	0.337	0.338	0.555	0.293	0.476	0.51	0.509	-0.282	-0.138	-0.236	1.675	"1"
"理当"	0	1	0	0	0	0.169	0.169	0.277	0.147	0.238	-0.08	0.772	-0.141	-0.069	-0.118	1.18	"2"
"理智"	0	0	0	1	0	0.169	0.169	0.277	0.147	0.238	-0.08	-0.08	-0.141	0.833	-0.118	1.252	"4"
"生产率"	0	1	0	0	0	0.169	0.169	0.277	0.147	0.238	-0.08	0.772	-0.141	-0.069	-0.118	1.18	"2"
"用"	0	0	1	1	0	0.337	0.338	0.555	0.293	0.476	-0.161	-0.161	0.321	0.566	-0.236	1.445	"4"
"电子"	0	0	1	0	0	0.169	0.169	0.277	0.147	0.238	-0.08	-0.08	0.557	-0.069	-0.118	0.904	"3"
"略"	0	1	1	0	1	0.506	0.507	0.832	0.44	0.714	-0.241	0.37	0.206	-0.207	0.254	1.278	"2"
"疲弱"	1	0	0	0	4	0.844	0.845	1.387	0.734	1.19	0.22	-0.402	-0.706	-0.345	1.886	3.559	"5"
"疲软"	0	0	1	0	2	0.506	0.507	0.832	0.44	0.714	-0.241	-0.241	0.206	-0.207	0.845	1.74	"5"
"白俄罗斯"	0	0	3	0	0	0.506	0.507	0.832	0.44	0.714	-0.241	-0.241	1.67	-0.207	-0.354	2.713	"3"
"百分之三点二"	0	0	1	0	0	0.169	0.169	0.277	0.147	0.238	-0.08	-0.08	0.557	-0.069	-0.118	0.904	"3"
"百分之四十三"	0	0	1	0	0	0.169	0.169	0.277	0.147	0.238	-0.08	-0.08	0.557	-0.069	-0.118	0.904	"3"
"百分之四十二"	0	0	1	0	0	0.169	0.169	0.277	0.147	0.238	-0.08	-0.08	0.557	-0.069	-0.118	0.904	"3"
"百分点"	0	0	3	0	1	0.675	0.676	1.11	0.587	0.952	-0.321	-0.322	1.17	-0.276	0.179	2.268	"3"
"盈余"	0	1	0	0	0	0.169	0.169	0.277	0.147	0.238	-0.08	0.772	-0.141	-0.069	-0.118	1.18	"2"
"监管"	0	1	0	0	1	0.337	0.338	0.555	0.293	0.476	-0.161	0.509	-0.282	-0.138	0.377	1.467	"2"
"盖瑞史得"	0	0	1	0	0	0.169	0.169	0.277	0.147	0.238	-0.08	-0.08	0.557	-0.069	-0.118	0.904	"3"
"目标区"	0	0	2	0	0	0.337	0.338	0.555	0.293	0.476	-0.161	-0.161	1.113	-0.138	-0.236	1.809	"3"
"相对"	0	0	1	0	0	0.169	0.169	0.277	0.147	0.238	-0.08	-0.08	0.557	-0.069	-0.118	0.904	"3"
"相应"	0	0	3	0	0	0.506	0.507	0.832	0.44	0.714	-0.241	-0.241	1.67	-0.207	-0.354	2.713	"3"
"相当于"	0	0	1	0	0	0.169	0.169	0.277	0.147	0.238	-0.08	-0.08	0.557	-0.069	-0.118	0.904	"3"
"相继"	0	0	1	0	0	0.169	0.169	0.277	0.147	0.238	-0.08	-0.08	0.557	-0.069	-0.118	0.904	"3"
"盾"	0	0	0	0	1	0.169	0.169	0.277	0.147	0.238	-0.08	-0.08	-0.141	-0.069	0.623	0.993	"5"
"看涨"	0	0	0	0	1	0.169	0.169	0.277	0.147	0.238	-0.08	-0.08	-0.141	-0.069	0.623	0.993	"5"
"看跌"	0	0	0	0	1	0.169	0.169	0.277	0.147	0.238	-0.08	-0.08	-0.141	-0.069	0.623	0.993	"5"
"真伪"	0	0	1	0	0	0.169	0.169	0.277	0.147	0.238	-0.08	-0.08	0.557	-0.069	-0.118	0.904	"3"
"真假"	0	0	1	0	0	0.169	0.169	0.277	0.147	0.238	-0.08	-0.08	0.557	-0.069	-0.118	0.904	"3"
"研讨"	0	1	0	0	0	0.169	0.169	0.277	0.147	0.238	-0.08	0.772	-0.141	-0.069	-0.118	1.18	"2"
"硬"	0	0	0	0	1	0.169	0.169	0.277	0.147	0.238	-0.08	-0.08	-0.141	-0.069	0.623	0.993	"5"
"票据"	0	1	1	0	0	0.337	0.338	0.555	0.293	0.476	-0.161	0.509	0.321	-0.138	-0.236	1.365	"2"
"种类"	0	0	1	0	0	0.169	0.169	0.277	0.147	0.238	-0.08	-0.08	0.557	-0.069	-0.118	0.904	"3"
"科艾勒"	1	0	0	0	0	0.169	0.169	0.277	0.147	0.238	0.773	-0.08	-0.141	-0.069	-0.118	1.181	"1"
"称伊"	1	0	0	0	0	0.169	0.169	0.277	0.147	0.238	0.773	-0.08	-0.141	-0.069	-0.118	1.181	"1"
"税制"	1	0	0	0	0	0.169	0.169	0.277	0.147	0.238	0.773	-0.08	-0.141	-0.069	-0.118	1.181	"1"
"稳"	0	2	1	0	0	0.506	0.507	0.832	0.44	0.714	-0.241	1.119	0.206	-0.207	-0.354	2.127	"2"
"稳中"	0	0	1	0	0	0.169	0.169	0.277	0.147	0.238	-0.08	-0.08	0.557	-0.069	-0.118	0.904	"3"
"稳健"	0	9	1	0	0	1.687	1.69	2.775	1.467	2.38	-0.803	6.02	-0.727	-0.689	-1.181	9.42	"2"
"稳定"	0	0	3	0	2	0.844	0.845	1.387	0.734	1.19	-0.401	-0.402	0.871	-0.345	0.466	2.485	"3"
"稳定性"	0	0	0	0	1	0.169	0.169	0.277	0.147	0.238	-0.08	-0.08	-0.141	-0.069	0.623	0.993	"5"
"稳建"	0	1	0	0	0	0.169	0.169	0.277	0.147	0.238	-0.08	0.772	-0.141	-0.069	-0.118	1.18	"2"
"究竟"	0	0	2	0	0	0.337	0.338	0.555	0.293	0.476	-0.161	-0.161	1.113	-0.138	-0.236	1.809	"3"
"空子"	0	0	1	0	0	0.169	0.169	0.277	0.147	0.238	-0.08	-0.08	0.557	-0.069	-0.118	0.904	"3"
"立场"	0	4	1	0	0	0.844	0.845	1.387	0.734	1.19	-0.401	2.452	-0.24	-0.345	-0.59	4.028	"2"
"竞相"	0	0	0	0	2	0.337	0.338	0.555	0.293	0.476	-0.161	-0.161	-0.282	-0.138	1.247	1.989	"5"
"第纳尔"	0	0	0	0	2	0.337	0.338	0.555	0.293	0.476	-0.161	-0.161	-0.282	-0.138	1.247	1.989	"5"
"策"	0	2	1	0	0	0.506	0.507	0.832	0.44	0.714	-0.241	1.119	0.206	-0.207	-0.354	2.127	"2"
"管制"	1	0	1	0	1	0.506	0.507	0.832	0.44	0.714	0.371	-0.241	0.206	-0.207	0.254	1.279	"1"
"篮"	0	0	0	0	1	0.169	0.169	0.277	0.147	0.238	-0.08	-0.08	-0.141	-0.069	0.623	0.993	"5"
"篮子"	0	0	0	0	1	0.169	0.169	0.277	0.147	0.238	-0.08	-0.08	-0.141	-0.069	0.623	0.993	"5"
"紧"	0	1	0	0	0	0.169	0.169	0.277	0.147	0.238	-0.08	0.772	-0.141	-0.069	-0.118	1.18	"2"
"紧缩"	0	11	0	0	0	1.856	1.859	3.052	1.614	2.618	-0.883	8.492	-1.553	-0.758	-1.299	12.985	"2"
"累计"	0	0	1	0	0	0.169	0.169	0.277	0.147	0.238	-0.08	-0.08	0.557	-0.069	-0.118	0.904	"3"
"约定"	1	0	0	0	0	0.169	0.169	0.277	0.147	0.238	0.773	-0.08	-0.141	-0.069	-0.118	1.181	"1"
"纪念币"	0	1	0	0	0	0.169	0.169	0.277	0.147	0.238	-0.08	0.772	-0.141	-0.069	-0.118	1.18	"2"
"纽约"	1	1	0	0	13	2.531	2.535	4.162	2.201	3.57	-0.597	-0.599	-2.117	-1.034	6.3	10.647	"5"
"纾困"	1	0	0	0	1	0.337	0.338	0.555	0.293	0.476	0.51	-0.161	-0.282	-0.138	0.377	1.468	"1"
"组织"	63	0	0	0	0	10.63	10.649	17.482	9.244	14.995	48.688	-5.066	-8.893	-4.342	-7.438	74.427	"1"
"织"	6	0	0	0	1	1.181	1.183	1.942	1.027	1.666	3.86	-0.563	-0.988	-0.482	-0.323	6.216	"1"
"经济区"	0	0	1	0	0	0.169	0.169	0.277	0.147	0.238	-0.08	-0.08	0.557	-0.069	-0.118	0.904	"3"
"经济学家"	1	0	0	0	1	0.337	0.338	0.555	0.293	0.476	0.51	-0.161	-0.282	-0.138	0.377	1.468	"1"
"经济适用房"	0	0	1	0	0	0.169	0.169	0.277	0.147	0.238	-0.08	-0.08	0.557	-0.069	-0.118	0.904	"3"
"经济面"	1	0	0	0	0	0.169	0.169	0.277	0.147	0.238	0.773	-0.08	-0.141	-0.069	-0.118	1.181	"1"
"结算"	0	0	0	0	2	0.337	0.338	0.555	0.293	0.476	-0.161	-0.161	-0.282	-0.138	1.247	1.989	"5"
"统一"	0	1	7	0	2	1.687	1.69	2.775	1.467	2.38	-0.803	-0.322	2.178	-0.689	-0.25	4.242	"3"
"统合"	0	0	0	0	1	0.169	0.169	0.277	0.147	0.238	-0.08	-0.08	-0.141	-0.069	0.623	0.993	"5"
"继续"	2	9	3	0	4	3.037	3.042	4.995	2.641	4.284	-0.405	2.901	-0.656	-1.24	-0.247	5.449	"2"
"维护法"	0	1	0	0	0	0.169	0.169	0.277	0.147	0.238	-0.08	0.772	-0.141	-0.069	-0.118	1.18	"2"
"维持"	0	4	3	0	0	1.181	1.183	1.942	1.027	1.666	-0.562	1.732	0.519	-0.482	-0.826	4.121	"2"
"罗格夫"	1	0	0	0	0	0.169	0.169	0.277	0.147	0.238	0.773	-0.08	-0.141	-0.069	-0.118	1.181	"1"
"罪嫌"	0	0	1	0	0	0.169	0.169	0.277	0.147	0.238	-0.08	-0.08	0.557	-0.069	-0.118	0.904	"3"
"美元"	1	11	6	6	59	14.004	14.029	23.032	12.179	19.756	-5.41	-0.631	-5.54	-1.507	18.894	31.982	"5"
"美联储"	0	3	1	0	0	0.675	0.676	1.11	0.587	0.952	-0.321	1.773	-0.16	-0.276	-0.472	3.002	"2"
"美金"	0	0	1	0	1	0.337	0.338	0.555	0.293	0.476	-0.161	-0.161	0.321	-0.138	0.377	1.158	"5"
"考虑"	0	0	0	0	1	0.169	0.169	0.277	0.147	0.238	-0.08	-0.08	-0.141	-0.069	0.623	0.993	"5"
"职能"	0	4	0	0	0	0.675	0.676	1.11	0.587	0.952	-0.321	3.088	-0.565	-0.276	-0.472	4.722	"2"
"联储局"	0	1	0	0	0	0.169	0.169	0.277	0.147	0.238	-0.08	0.772	-0.141	-0.069	-0.118	1.18	"2"
"联准"	0	7	0	0	0	1.181	1.183	1.942	1.027	1.666	-0.562	5.404	-0.988	-0.482	-0.826	8.262	"2"
"联盟"	0	2	3	0	3	1.35	1.352	2.22	1.174	1.904	-0.642	0.395	0.408	-0.551	0.535	2.531	"1"
"脱不了"	1	0	0	0	0	0.169	0.169	0.277	0.147	0.238	0.773	-0.08	-0.141	-0.069	-0.118	1.181	"1"
"自由"	0	0	0	1	0	0.169	0.169	0.277	0.147	0.238	-0.08	-0.08	-0.141	0.833	-0.118	1.252	"4"
"致使"	0	0	1	0	0	0.169	0.169	0.277	0.147	0.238	-0.08	-0.08	0.557	-0.069	-0.118	0.904	"3"
"英镑"	0	0	1	0	4	0.844	0.845	1.387	0.734	1.19	-0.401	-0.402	-0.24	-0.345	1.886	3.274	"5"
"药方"	1	0	0	0	0	0.169	0.169	0.277	0.147	0.238	0.773	-0.08	-0.141	-0.069	-0.118	1.181	"1"
"菲"	0	1	0	0	0	0.169	0.169	0.277	0.147	0.238	-0.08	0.772	-0.141	-0.069	-0.118	1.18	"2"
"营利"	0	0	3	0	0	0.506	0.507	0.832	0.44	0.714	-0.241	-0.241	1.67	-0.207	-0.354	2.713	"3"
"营造"	0	1	0	0	0	0.169	0.169	0.277	0.147	0.238	-0.08	0.772	-0.141	-0.069	-0.118	1.18	"2"
"葛"	0	1	0	0	0	0.169	0.169	0.277	0.147	0.238	-0.08	0.772	-0.141	-0.069	-0.118	1.18	"2"
"董事会"	1	0	0	0	0	0.169	0.169	0.277	0.147	0.238	0.773	-0.08	-0.141	-0.069	-0.118	1.181	"1"
"蒲亭"	0	0	1	0	0	0.169	0.169	0.277	0.147	0.238	-0.08	-0.08	0.557	-0.069	-0.118	0.904	"3"
"行长"	0	1	1	0	1	0.506	0.507	0.832	0.44	0.714	-0.241	0.37	0.206	-0.207	0.254	1.278	"2"
"行长沃尔芬森"	1	0	0	0	0	0.169	0.169	0.277	0.147	0.238	0.773	-0.08	-0.141	-0.069	-0.118	1.181	"1"
"衰"	0	0	1	0	0	0.169	0.169	0.277	0.147	0.238	-0.08	-0.08	0.557	-0.069	-0.118	0.904	"3"
"衰退"	0	1	0	0	1	0.337	0.338	0.555	0.293	0.476	-0.161	0.509	-0.282	-0.138	0.377	1.467	"2"
"裕"	0	0	1	0	0	0.169	0.169	0.277	0.147	0.238	-0.08	-0.08	0.557	-0.069	-0.118	0.904	"3"
"西兰"	0	0	0	0	1	0.169	0.169	0.277	0.147	0.238	-0.08	-0.08	-0.141	-0.069	0.623	0.993	"5"
"西方"	0	0	0	0	7	1.181	1.183	1.942	1.027	1.666	-0.562	-0.563	-0.988	-0.482	4.364	6.959	"5"
"西非"	0	0	4	0	0	0.675	0.676	1.11	0.587	0.952	-0.321	-0.322	2.227	-0.276	-0.472	3.618	"3"
"要闻"	0	1	1	0	0	0.337	0.338	0.555	0.293	0.476	-0.161	0.509	0.321	-0.138	-0.236	1.365	"2"
"观察"	0	0	1	0	0	0.169	0.169	0.277	0.147	0.238	-0.08	-0.08	0.557	-0.069	-0.118	0.904	"3"
"託管"	1	0	0	0	0	0.169	0.169	0.277	0.147	0.238	0.773	-0.08	-0.141	-0.069	-0.118	1.181	"1"
"计价"	0	0	0	0	1	0.169	0.169	0.277	0.147	0.238	-0.08	-0.08	-0.141	-0.069	0.623	0.993	"5"
"让出"	0	0	1	0	0	0.169	0.169	0.277	0.147	0.238	-0.08	-0.08	0.557	-0.069	-0.118	0.904	"3"
"议"	0	1	0	0	0	0.169	0.169	0.277	0.147	0.238	-0.08	0.772	-0.141	-0.069	-0.118	1.18	"2"
"评论"	0	1	0	0	0	0.169	0.169	0.277	0.147	0.238	-0.08	0.772	-0.141	-0.069	-0.118	1.18	"2"
"识别"	0	0	1	0	0	0.169	0.169	0.277	0.147	0.238	-0.08	-0.08	0.557	-0.069	-0.118	0.904	"3"
"诈欺"	0	0	1	0	0	0.169	0.169	0.277	0.147	0.238	-0.08	-0.08	0.557	-0.069	-0.118	0.904	"3"
"诞生"	0	0	1	0	0	0.169	0.169	0.277	0.147	0.238	-0.08	-0.08	0.557	-0.069	-0.118	0.904	"3"
"调低"	2	0	0	0	0	0.337	0.338	0.555	0.293	0.476	1.546	-0.161	-0.282	-0.138	-0.236	2.363	"1"
"调控"	1	4	2	0	0	1.181	1.183	1.942	1.027	1.666	-0.178	1.732	0.207	-0.482	-0.826	3.425	"2"
"调整"	0	6	2	0	4	2.025	2.028	3.33	1.761	2.856	-0.963	2.07	-0.508	-0.827	0.502	4.87	"2"
"调节"	0	0	2	0	0	0.337	0.338	0.555	0.293	0.476	-0.161	-0.161	1.113	-0.138	-0.236	1.809	"3"
"调降"	0	2	0	0	0	0.337	0.338	0.555	0.293	0.476	-0.161	1.544	-0.282	-0.138	-0.236	2.361	"2"
"谋"	0	1	0	0	0	0.169	0.169	0.277	0.147	0.238	-0.08	0.772	-0.141	-0.069	-0.118	1.18	"2"
"谨慎"	0	1	2	0	1	0.675	0.676	1.11	0.587	0.952	-0.321	0.281	0.51	-0.276	0.179	1.567	"3"
"贝尔格莱德"	0	1	0	0	0	0.169	0.169	0.277	0.147	0.238	-0.08	0.772	-0.141	-0.069	-0.118	1.18	"2"
"负债"	0	1	1	0	0	0.337	0.338	0.555	0.293	0.476	-0.161	0.509	0.321	-0.138	-0.236	1.365	"2"
"负责"	0	0	1	0	1	0.337	0.338	0.555	0.293	0.476	-0.161	-0.161	0.321	-0.138	0.377	1.158	"5"
"财政"	1	14	0	0	0	2.531	2.535	4.162	2.201	3.57	-0.597	9.707	-2.117	-1.034	-1.771	15.226	"2"
"财政部长"	0	2	0	0	1	0.506	0.507	0.832	0.44	0.714	-0.241	1.119	-0.423	-0.207	0.254	2.244	"2"
"财长"	1	1	0	0	0	0.337	0.338	0.555	0.293	0.476	0.51	0.509	-0.282	-0.138	-0.236	1.675	"1"
"货币"	10	8	40	3	10	11.98	12.001	19.702	10.418	16.9	-0.482	-0.881	6.398	-2.316	-1.494	11.571	"3"
"货币区"	0	0	1	0	0	0.169	0.169	0.277	0.147	0.238	-0.08	-0.08	0.557	-0.069	-0.118	0.904	"3"
"货币局"	0	0	1	0	0	0.169	0.169	0.277	0.147	0.238	-0.08	-0.08	0.557	-0.069	-0.118	0.904	"3"
"贬"	0	0	0	0	2	0.337	0.338	0.555	0.293	0.476	-0.161	-0.161	-0.282	-0.138	1.247	1.989	"5"
"贬值"	0	2	0	0	16	3.037	3.042	4.995	2.641	4.284	-1.445	-0.406	-2.541	-1.24	8.01	13.642	"5"
"贷款"	5	1	1	0	3	1.687	1.69	2.775	1.467	2.38	1.788	-0.322	-0.727	-0.689	0.358	3.884	"1"
"贸然"	0	1	0	0	0	0.169	0.169	0.277	0.147	0.238	-0.08	0.772	-0.141	-0.069	-0.118	1.18	"2"
"费希尔"	1	0	0	0	0	0.169	0.169	0.277	0.147	0.238	0.773	-0.08	-0.141	-0.069	-0.118	1.181	"1"
"资助"	1	0	0	0	0	0.169	0.169	0.277	0.147	0.238	0.773	-0.08	-0.141	-0.069	-0.118	1.181	"1"
"资本"	0	0	1	0	2	0.506	0.507	0.832	0.44	0.714	-0.241	-0.241	0.206	-0.207	0.845	1.74	"5"
"赎身金"	0	0	1	0	0	0.169	0.169	0.277	0.147	0.238	-0.08	-0.08	0.557	-0.069	-0.118	0.904	"3"
"赖登"	0	1	0	0	0	0.169	0.169	0.277	0.147	0.238	-0.08	0.772	-0.141	-0.069	-0.118	1.18	"2"
"走低"	0	1	0	0	1	0.337	0.338	0.555	0.293	0.476	-0.161	0.509	-0.282	-0.138	0.377	1.467	"2"
"走势"	0	3	1	0	2	1.012	1.014	1.665	0.88	1.428	-0.482	1.19	-0.328	-0.413	0.359	2.772	"2"
"走强"	0	1	1	0	3	0.844	0.845	1.387	0.734	1.19	-0.401	0.219	-0.24	-0.345	1.04	2.245	"5"
"走扬"	0	0	1	0	0	0.169	0.169	0.277	0.147	0.238	-0.08	-0.08	0.557	-0.069	-0.118	0.904	"3"
"走私"	0	0	3	0	0	0.506	0.507	0.832	0.44	0.714	-0.241	-0.241	1.67	-0.207	-0.354	2.713	"3"
"走贬"	0	0	0	0	7	1.181	1.183	1.942	1.027	1.666	-0.562	-0.563	-0.988	-0.482	4.364	6.959	"5"
"走软"	0	0	0	0	2	0.337	0.338	0.555	0.293	0.476	-0.161	-0.161	-0.282	-0.138	1.247	1.989	"5"
"走高"	0	0	0	0	5	0.844	0.845	1.387	0.734	1.19	-0.401	-0.402	-0.706	-0.345	3.117	4.971	"5"
"起落"	0	0	1	0	0	0.169	0.169	0.277	0.147	0.238	-0.08	-0.08	0.557	-0.069	-0.118	0.904	"3"
"趋"	0	1	0	0	0	0.169	0.169	0.277	0.147	0.238	-0.08	0.772	-0.141	-0.069	-0.118	1.18	"2"
"跌"	0	0	1	0	3	0.675	0.676	1.11	0.587	0.952	-0.321	-0.322	-0.16	-0.276	1.353	2.432	"5"
"跌到"	0	0	2	0	0	0.337	0.338	0.555	0.293	0.476	-0.161	-0.161	1.113	-0.138	-0.236	1.809	"3"
"跌跌"	0	0	0	0	1	0.169	0.169	0.277	0.147	0.238	-0.08	-0.08	-0.141	-0.069	0.623	0.993	"5"
"路透电"	1	0	0	0	0	0.169	0.169	0.277	0.147	0.238	0.773	-0.08	-0.141	-0.069	-0.118	1.181	"1"
"转变"	0	0	1	0	0	0.169	0.169	0.277	0.147	0.238	-0.08	-0.08	0.557	-0.069	-0.118	0.904	"3"
"转弱"	0	0	1	0	0	0.169	0.169	0.277	0.147	0.238	-0.08	-0.08	0.557	-0.069	-0.118	0.904	"3"
"转换器"	0	0	1	0	0	0.169	0.169	0.277	0.147	0.238	-0.08	-0.08	0.557	-0.069	-0.118	0.904	"3"
"达成"	2	0	0	0	0	0.337	0.338	0.555	0.293	0.476	1.546	-0.161	-0.282	-0.138	-0.236	2.363	"1"
"达沃斯"	1	0	0	0	0	0.169	0.169	0.277	0.147	0.238	0.773	-0.08	-0.141	-0.069	-0.118	1.181	"1"
"迄未"	0	0	1	0	1	0.337	0.338	0.555	0.293	0.476	-0.161	-0.161	0.321	-0.138	0.377	1.158	"5"
"过"	0	0	1	0	0	0.169	0.169	0.277	0.147	0.238	-0.08	-0.08	0.557	-0.069	-0.118	0.904	"3"
"过渡"	0	0	1	0	0	0.169	0.169	0.277	0.147	0.238	-0.08	-0.08	0.557	-0.069	-0.118	0.904	"3"
"运用"	0	1	3	0	0	0.675	0.676	1.11	0.587	0.952	-0.321	0.281	1.17	-0.276	-0.472	2.52	"3"
"运行"	0	0	3	0	0	0.506	0.507	0.832	0.44	0.714	-0.241	-0.241	1.67	-0.207	-0.354	2.713	"3"
"近来"	0	0	0	0	2	0.337	0.338	0.555	0.293	0.476	-0.161	-0.161	-0.282	-0.138	1.247	1.989	"5"
"远景"	1	0	0	0	0	0.169	0.169	0.277	0.147	0.238	0.773	-0.08	-0.141	-0.069	-0.118	1.181	"1"
"违法"	0	0	1	0	0	0.169	0.169	0.277	0.147	0.238	-0.08	-0.08	0.557	-0.069	-0.118	0.904	"3"
"连环"	0	0	0	0	1	0.169	0.169	0.277	0.147	0.238	-0.08	-0.08	-0.141	-0.069	0.623	0.993	"5"
"连续性"	0	2	1	0	0	0.506	0.507	0.832	0.44	0.714	-0.241	1.119	0.206	-0.207	-0.354	2.127	"2"
"迪拜"	2	0	0	0	0	0.337	0.338	0.555	0.293	0.476	1.546	-0.161	-0.282	-0.138	-0.236	2.363	"1"
"追高"	0	0	1	0	0	0.169	0.169	0.277	0.147	0.238	-0.08	-0.08	0.557	-0.069	-0.118	0.904	"3"
"送检"	0	0	1	0	0	0.169	0.169	0.277	0.147	0.238	-0.08	-0.08	0.557	-0.069	-0.118	0.904	"3"
"送达"	0	0	1	0	0	0.169	0.169	0.277	0.147	0.238	-0.08	-0.08	0.557	-0.069	-0.118	0.904	"3"
"适度"	0	1	3	0	0	0.675	0.676	1.11	0.587	0.952	-0.321	0.281	1.17	-0.276	-0.472	2.52	"3"
"适时"	0	0	1	0	0	0.169	0.169	0.277	0.147	0.238	-0.08	-0.08	0.557	-0.069	-0.118	0.904	"3"
"逐步"	2	1	1	0	0	0.675	0.676	1.11	0.587	0.952	0.87	0.281	-0.16	-0.276	-0.472	2.059	"1"
"通"	0	0	1	0	1	0.337	0.338	0.555	0.293	0.476	-0.161	-0.161	0.321	-0.138	0.377	1.158	"5"
"通商"	0	0	1	0	0	0.169	0.169	0.277	0.147	0.238	-0.08	-0.08	0.557	-0.069	-0.118	0.904	"3"
"通货"	0	4	0	0	0	0.675	0.676	1.11	0.587	0.952	-0.321	3.088	-0.565	-0.276	-0.472	4.722	"2"
"通货膨胀"	0	0	1	0	0	0.169	0.169	0.277	0.147	0.238	-0.08	-0.08	0.557	-0.069	-0.118	0.904	"3"
"通货膨胀率"	0	2	0	0	0	0.337	0.338	0.555	0.293	0.476	-0.161	1.544	-0.282	-0.138	-0.236	2.361	"2"
"遍"	0	0	0	0	1	0.169	0.169	0.277	0.147	0.238	-0.08	-0.08	-0.141	-0.069	0.623	0.993	"5"
"道森"	1	0	0	0	0	0.169	0.169	0.277	0.147	0.238	0.773	-0.08	-0.141	-0.069	-0.118	1.181	"1"
"邮汇局"	0	0	1	0	0	0.169	0.169	0.277	0.147	0.238	-0.08	-0.08	0.557	-0.069	-0.118	0.904	"3"
"配"	0	0	1	0	0	0.169	0.169	0.277	0.147	0.238	-0.08	-0.08	0.557	-0.069	-0.118	0.904	"3"
"里拉"	0	0	0	0	1	0.169	0.169	0.277	0.147	0.238	-0.08	-0.08	-0.141	-0.069	0.623	0.993	"5"
"重"	0	0	1	0	0	0.169	0.169	0.277	0.147	0.238	-0.08	-0.08	0.557	-0.069	-0.118	0.904	"3"
"重申"	0	1	0	0	0	0.169	0.169	0.277	0.147	0.238	-0.08	0.772	-0.141	-0.069	-0.118	1.18	"2"
"量"	0	0	0	0	1	0.169	0.169	0.277	0.147	0.238	-0.08	-0.08	-0.141	-0.069	0.623	0.993	"5"
"金"	0	0	2	0	0	0.337	0.338	0.555	0.293	0.476	-0.161	-0.161	1.113	-0.138	-0.236	1.809	"3"
"金币"	0	0	1	0	0	0.169	0.169	0.277	0.147	0.238	-0.08	-0.08	0.557	-0.069	-0.118	0.904	"3"
"金立群"	1	0	0	0	0	0.169	0.169	0.277	0.147	0.238	0.773	-0.08	-0.141	-0.069	-0.118	1.181	"1"
"金管局"	0	0	1	0	2	0.506	0.507	0.832	0.44	0.714	-0.241	-0.241	0.206	-0.207	0.845	1.74	"5"
"金融"	11	5	14	1	5	6.074	6.085	9.99	5.282	8.569	1.51	-0.381	1.008	-1.624	-0.955	5.478	"4"
"金融危机"	1	1	0	0	1	0.506	0.507	0.832	0.44	0.714	0.371	0.37	-0.423	-0.207	0.254	1.625	"3"
"金银"	0	1	1	0	0	0.337	0.338	0.555	0.293	0.476	-0.161	0.509	0.321	-0.138	-0.236	1.365	"2"
"鉴"	0	0	1	0	0	0.169	0.169	0.277	0.147	0.238	-0.08	-0.08	0.557	-0.069	-0.118	0.904	"3"
"鉴定"	0	0	1	0	0	0.169	0.169	0.277	0.147	0.238	-0.08	-0.08	0.557	-0.069	-0.118	0.904	"3"
"鉴定书"	0	0	1	0	0	0.169	0.169	0.277	0.147	0.238	-0.08	-0.08	0.557	-0.069	-0.118	0.904	"3"
"银"	1	0	0	0	0	0.169	0.169	0.277	0.147	0.238	0.773	-0.08	-0.141	-0.069	-0.118	1.181	"1"
"银根"	0	1	0	0	0	0.169	0.169	0.277	0.147	0.238	-0.08	0.772	-0.141	-0.069	-0.118	1.18	"2"
"银行"	23	12	14	0	5	9.111	9.127	14.985	7.923	12.853	5.098	0.718	-0.346	-3.721	-2.25	12.133	"1"
"银行法"	0	2	0	0	0	0.337	0.338	0.555	0.293	0.476	-0.161	1.544	-0.282	-0.138	-0.236	2.361	"2"
"银行间"	0	0	2	0	0	0.337	0.338	0.555	0.293	0.476	-0.161	-0.161	1.113	-0.138	-0.236	1.809	"3"
"错"	1	0	0	0	0	0.169	0.169	0.277	0.147	0.238	0.773	-0.08	-0.141	-0.069	-0.118	1.181	"1"
"长过"	0	0	1	0	0	0.169	0.169	0.277	0.147	0.238	-0.08	-0.08	0.557	-0.069	-0.118	0.904	"3"
"间"	0	0	1	0	0	0.169	0.169	0.277	0.147	0.238	-0.08	-0.08	0.557	-0.069	-0.118	0.904	"3"
"间接"	0	0	1	0	2	0.506	0.507	0.832	0.44	0.714	-0.241	-0.241	0.206	-0.207	0.845	1.74	"5"
"防止"	0	1	1	0	0	0.337	0.338	0.555	0.293	0.476	-0.161	0.509	0.321	-0.138	-0.236	1.365	"2"
"防范"	0	0	1	0	0	0.169	0.169	0.277	0.147	0.238	-0.08	-0.08	0.557	-0.069	-0.118	0.904	"3"
"阿拉伯"	2	0	0	0	0	0.337	0.338	0.555	0.293	0.476	1.546	-0.161	-0.282	-0.138	-0.236	2.363	"1"
"阿根廷"	4	0	0	0	1	0.844	0.845	1.387	0.734	1.19	2.455	-0.402	-0.706	-0.345	-0.182	4.09	"1"
"际"	0	0	0	1	0	0.169	0.169	0.277	0.147	0.238	-0.08	-0.08	-0.141	0.833	-0.118	1.252	"4"
"降"	0	1	1	0	0	0.337	0.338	0.555	0.293	0.476	-0.161	0.509	0.321	-0.138	-0.236	1.365	"2"
"降息"	0	1	1	0	0	0.337	0.338	0.555	0.293	0.476	-0.161	0.509	0.321	-0.138	-0.236	1.365	"2"
"限于"	0	0	0	0	2	0.337	0.338	0.555	0.293	0.476	-0.161	-0.161	-0.282	-0.138	1.247	1.989	"5"
"雷亚尔"	0	0	0	0	1	0.169	0.169	0.277	0.147	0.238	-0.08	-0.08	-0.141	-0.069	0.623	0.993	"5"
"霍斯"	1	0	0	0	0	0.169	0.169	0.277	0.147	0.238	0.773	-0.08	-0.141	-0.069	-0.118	1.181	"1"
"非洲"	1	0	2	0	0	0.506	0.507	0.832	0.44	0.714	0.371	-0.241	0.725	-0.207	-0.354	1.898	"3"
"面额"	0	0	1	0	0	0.169	0.169	0.277	0.147	0.238	-0.08	-0.08	0.557	-0.069	-0.118	0.904	"3"
"鞍"	0	0	1	0	0	0.169	0.169	0.277	0.147	0.238	-0.08	-0.08	0.557	-0.069	-0.118	0.904	"3"
"韩元"	0	0	0	0	1	0.169	0.169	0.277	0.147	0.238	-0.08	-0.08	-0.141	-0.069	0.623	0.993	"5"
"顺"	0	0	2	0	0	0.337	0.338	0.555	0.293	0.476	-0.161	-0.161	1.113	-0.138	-0.236	1.809	"3"
"顾虑到"	0	0	1	0	0	0.169	0.169	0.277	0.147	0.238	-0.08	-0.08	0.557	-0.069	-0.118	0.904	"3"
"预期"	0	0	4	0	1	0.844	0.845	1.387	0.734	1.19	-0.401	-0.402	1.637	-0.345	-0.182	2.967	"3"
"预测"	6	1	0	0	1	1.35	1.352	2.22	1.174	1.904	3.325	-0.224	-1.129	-0.551	-0.401	5.63	"1"
"预计"	1	1	0	0	0	0.337	0.338	0.555	0.293	0.476	0.51	0.509	-0.282	-0.138	-0.236	1.675	"1"
"额"	0	0	2	0	0	0.337	0.338	0.555	0.293	0.476	-0.161	-0.161	1.113	-0.138	-0.236	1.809	"3"
"风险"	1	0	1	0	1	0.506	0.507	0.832	0.44	0.714	0.371	-0.241	0.206	-0.207	0.254	1.279	"1"
"首席"	1	0	0	0	0	0.169	0.169	0.277	0.147	0.238	0.773	-0.08	-0.141	-0.069	-0.118	1.181	"1"
"驻北"	1	0	0	0	0	0.169	0.169	0.277	0.147	0.238	0.773	-0.08	-0.141	-0.069	-0.118	1.181	"1"
"骨牌"	0	0	0	0	1	0.169	0.169	0.277	0.147	0.238	-0.08	-0.08	-0.141	-0.069	0.623	0.993	"5"
"黄兴伟"	2	0	0	0	0	0.337	0.338	0.555	0.293	0.476	1.546	-0.161	-0.282	-0.138	-0.236	2.363	"1"
"龙银"	0	0	1	0	0	0.169	0.169	0.277	0.147	0.238	-0.08	-0.08	0.557	-0.069	-0.118	0.904	"3"
