"Coll_Word"	"1"	"2"	"3"	"exp_1"	"exp_2"	"exp_3"	"pbin_1"	"pbin_2"	"pbin_3"	"SumAbsDev"	"LargestDev"
"10"	2	2	0	0.864	0.898	2.238	0.687	0.659	-1.425	2.771	"3"
"10年"	0	0	3	0.648	0.673	1.679	-0.317	-0.331	0.756	1.404	"3"
"1200万"	0	0	1	0.216	0.224	0.56	-0.106	-0.11	0.252	0.468	"3"
"20年"	1	0	0	0.216	0.224	0.56	0.666	-0.11	-0.356	1.132	"1"
"40亿"	0	0	1	0.216	0.224	0.56	-0.106	-0.11	0.252	0.468	"3"
"5"	2	0	1	0.648	0.673	1.679	0.922	-0.331	-0.386	1.639	"1"
"5年"	0	0	1	0.216	0.224	0.56	-0.106	-0.11	0.252	0.468	"3"
"891226"	0	0	1	0.216	0.224	0.56	-0.106	-0.11	0.252	0.468	"3"
"CA"	0	0	1	0.216	0.224	0.56	-0.106	-0.11	0.252	0.468	"3"
"G"	0	0	1	0.216	0.224	0.56	-0.106	-0.11	0.252	0.468	"3"
"GPRS"	0	0	1	0.216	0.224	0.56	-0.106	-0.11	0.252	0.468	"3"
"HP"	0	0	1	0.216	0.224	0.56	-0.106	-0.11	0.252	0.468	"3"
"PC"	0	1	0	0.216	0.224	0.56	-0.106	0.649	-0.356	1.111	"2"
"PDA"	0	0	1	0.216	0.224	0.56	-0.106	-0.11	0.252	0.468	"3"
"Semb"	1	0	0	0.216	0.224	0.56	0.666	-0.11	-0.356	1.132	"1"
"Spring"	0	0	1	0.216	0.224	0.56	-0.106	-0.11	0.252	0.468	"3"
"VOD"	0	0	1	0.216	0.224	0.56	-0.106	-0.11	0.252	0.468	"3"
"WAP"	0	0	1	0.216	0.224	0.56	-0.106	-0.11	0.252	0.468	"3"
"WTO"	0	0	2	0.432	0.449	1.119	-0.211	-0.221	0.504	0.936	"3"
"一亿"	1	0	0	0.216	0.224	0.56	0.666	-0.11	-0.356	1.132	"1"
"一定"	0	2	4	1.296	1.346	3.358	-0.634	0.393	0.336	1.363	"1"
"一段"	0	0	1	0.216	0.224	0.56	-0.106	-0.11	0.252	0.468	"3"
"一百八十四"	0	0	1	0.216	0.224	0.56	-0.106	-0.11	0.252	0.468	"3"
"三代"	0	0	1	0.216	0.224	0.56	-0.106	-0.11	0.252	0.468	"3"
"三百万"	1	0	0	0.216	0.224	0.56	0.666	-0.11	-0.356	1.132	"1"
"三通"	0	0	2	0.432	0.449	1.119	-0.211	-0.221	0.504	0.936	"3"
"上讲堂课"	0	0	2	0.432	0.449	1.119	-0.211	-0.221	0.504	0.936	"3"
"不久"	0	0	6	1.296	1.346	3.358	-0.634	-0.662	1.513	2.809	"3"
"不会"	2	0	5	1.512	1.571	3.917	0.331	-0.773	0.474	1.578	"2"
"不动产"	0	0	1	0.216	0.224	0.56	-0.106	-0.11	0.252	0.468	"3"
"不论"	0	0	2	0.432	0.449	1.119	-0.211	-0.221	0.504	0.936	"3"
"不过尔尔"	0	0	1	0.216	0.224	0.56	-0.106	-0.11	0.252	0.468	"3"
"与日俱增"	0	0	1	0.216	0.224	0.56	-0.106	-0.11	0.252	0.468	"3"
"专上"	0	0	1	0.216	0.224	0.56	-0.106	-0.11	0.252	0.468	"3"
"世世"	0	0	1	0.216	0.224	0.56	-0.106	-0.11	0.252	0.468	"3"
"世界贸易组织"	0	0	2	0.432	0.449	1.119	-0.211	-0.221	0.504	0.936	"3"
"世贸"	0	0	1	0.216	0.224	0.56	-0.106	-0.11	0.252	0.468	"3"
"东亚"	2	0	0	0.432	0.449	1.119	1.331	-0.221	-0.712	2.264	"1"
"东大路"	0	0	1	0.216	0.224	0.56	-0.106	-0.11	0.252	0.468	"3"
"两国"	0	3	0	0.648	0.673	1.679	-0.317	1.947	-1.069	3.333	"2"
"两岸"	0	3	13	3.456	3.591	8.954	-1.691	-0.3	1.476	3.467	"1"
"严峻"	0	0	1	0.216	0.224	0.56	-0.106	-0.11	0.252	0.468	"3"
"中"	0	0	1	0.216	0.224	0.56	-0.106	-0.11	0.252	0.468	"3"
"中印"	0	0	1	0.216	0.224	0.56	-0.106	-0.11	0.252	0.468	"3"
"中县"	0	0	1	0.216	0.224	0.56	-0.106	-0.11	0.252	0.468	"3"
"中国城镇"	0	0	1	0.216	0.224	0.56	-0.106	-0.11	0.252	0.468	"3"
"中将"	1	0	0	0.216	0.224	0.56	0.666	-0.11	-0.356	1.132	"1"
"中广"	0	0	1	0.216	0.224	0.56	-0.106	-0.11	0.252	0.468	"3"
"中日"	0	1	0	0.216	0.224	0.56	-0.106	0.649	-0.356	1.111	"2"
"中美"	0	1	0	0.216	0.224	0.56	-0.106	0.649	-0.356	1.111	"2"
"中美关系"	0	3	1	0.864	0.898	2.238	-0.423	1.425	-0.641	2.489	"2"
"丰收"	0	0	1	0.216	0.224	0.56	-0.106	-0.11	0.252	0.468	"3"
"为"	0	1	3	0.864	0.898	2.238	-0.423	0.195	0.391	1.009	"1"
"为了"	0	0	1	0.216	0.224	0.56	-0.106	-0.11	0.252	0.468	"3"
"主流"	0	0	2	0.432	0.449	1.119	-0.211	-0.221	0.504	0.936	"3"
"之内"	3	0	0	0.648	0.673	1.679	1.997	-0.331	-1.069	3.397	"1"
"之间"	0	0	1	0.216	0.224	0.56	-0.106	-0.11	0.252	0.468	"3"
"乐观"	1	0	3	0.864	0.898	2.238	0.206	-0.441	0.391	1.038	"2"
"九十亿"	1	0	0	0.216	0.224	0.56	0.666	-0.11	-0.356	1.132	"1"
"乡亲"	0	0	1	0.216	0.224	0.56	-0.106	-0.11	0.252	0.468	"3"
"书城"	0	0	1	0.216	0.224	0.56	-0.106	-0.11	0.252	0.468	"3"
"买得起"	1	0	0	0.216	0.224	0.56	0.666	-0.11	-0.356	1.132	"1"
"乱局"	0	0	1	0.216	0.224	0.56	-0.106	-0.11	0.252	0.468	"3"
"争取"	1	0	0	0.216	0.224	0.56	0.666	-0.11	-0.356	1.132	"1"
"二十"	1	0	2	0.648	0.673	1.679	0.286	-0.331	0.23	0.847	"2"
"二十年"	0	1	0	0.216	0.224	0.56	-0.106	0.649	-0.356	1.111	"2"
"二点五万"	1	0	0	0.216	0.224	0.56	0.666	-0.11	-0.356	1.132	"1"
"二百亿"	1	0	0	0.216	0.224	0.56	0.666	-0.11	-0.356	1.132	"1"
"互动"	1	0	0	0.216	0.224	0.56	0.666	-0.11	-0.356	1.132	"1"
"五"	8	0	1	1.944	2.02	5.037	4.463	-0.993	-2.111	7.567	"1"
"五年"	0	0	1	0.216	0.224	0.56	-0.106	-0.11	0.252	0.468	"3"
"五百三十万"	1	0	0	0.216	0.224	0.56	0.666	-0.11	-0.356	1.132	"1"
"亚太区"	0	0	1	0.216	0.224	0.56	-0.106	-0.11	0.252	0.468	"3"
"亚洲区"	0	1	0	0.216	0.224	0.56	-0.106	0.649	-0.356	1.111	"2"
"产业"	0	5	1	1.296	1.346	3.358	-0.634	2.557	-1.201	4.392	"2"
"产销"	0	1	0	0.216	0.224	0.56	-0.106	0.649	-0.356	1.111	"2"
"亮丽"	1	0	0	0.216	0.224	0.56	0.666	-0.11	-0.356	1.132	"1"
"人事处"	0	0	1	0.216	0.224	0.56	-0.106	-0.11	0.252	0.468	"3"
"人事费"	0	0	1	0.216	0.224	0.56	-0.106	-0.11	0.252	0.468	"3"
"人类"	0	0	1	0.216	0.224	0.56	-0.106	-0.11	0.252	0.468	"3"
"人货"	0	0	1	0.216	0.224	0.56	-0.106	-0.11	0.252	0.468	"3"
"人选"	0	0	1	0.216	0.224	0.56	-0.106	-0.11	0.252	0.468	"3"
"仍"	1	2	9	2.592	2.693	6.715	-0.634	-0.325	0.825	1.784	"3"
"从事"	0	0	1	0.216	0.224	0.56	-0.106	-0.11	0.252	0.468	"3"
"代代"	0	0	1	0.216	0.224	0.56	-0.106	-0.11	0.252	0.468	"3"
"代工"	0	0	1	0.216	0.224	0.56	-0.106	-0.11	0.252	0.468	"3"
"以便"	1	1	0	0.432	0.449	1.119	0.414	0.4	-0.712	1.526	"3"
"以利"	0	0	1	0.216	0.224	0.56	-0.106	-0.11	0.252	0.468	"3"
"任务"	0	0	2	0.432	0.449	1.119	-0.211	-0.221	0.504	0.936	"3"
"伊拉克人"	0	0	5	1.08	1.122	2.798	-0.528	-0.552	1.261	2.341	"3"
"伊拉克人民"	0	0	1	0.216	0.224	0.56	-0.106	-0.11	0.252	0.468	"3"
"会"	10	4	40	11.663	12.118	30.219	-0.443	-2.489	2.331	5.263	"2"
"伯欣"	0	0	1	0.216	0.224	0.56	-0.106	-0.11	0.252	0.468	"3"
"估计"	4	0	0	0.864	0.898	2.238	2.662	-0.441	-1.425	4.528	"1"
"何去何从"	0	0	1	0.216	0.224	0.56	-0.106	-0.11	0.252	0.468	"3"
"佛莱根"	0	0	1	0.216	0.224	0.56	-0.106	-0.11	0.252	0.468	"3"
"作为"	0	0	1	0.216	0.224	0.56	-0.106	-0.11	0.252	0.468	"3"
"你们"	0	0	2	0.432	0.449	1.119	-0.211	-0.221	0.504	0.936	"3"
"使用量"	1	0	0	0.216	0.224	0.56	0.666	-0.11	-0.356	1.132	"1"
"供需"	0	0	1	0.216	0.224	0.56	-0.106	-0.11	0.252	0.468	"3"
"侨委会"	1	0	0	0.216	0.224	0.56	0.666	-0.11	-0.356	1.132	"1"
"俄式"	0	0	1	0.216	0.224	0.56	-0.106	-0.11	0.252	0.468	"3"
"保护国家"	0	0	1	0.216	0.224	0.56	-0.106	-0.11	0.252	0.468	"3"
"保证"	0	0	2	0.432	0.449	1.119	-0.211	-0.221	0.504	0.936	"3"
"保障"	1	0	0	0.216	0.224	0.56	0.666	-0.11	-0.356	1.132	"1"
"信心"	0	7	0	1.512	1.571	3.917	-0.74	4.543	-2.493	7.776	"2"
"修宪"	0	0	1	0.216	0.224	0.56	-0.106	-0.11	0.252	0.468	"3"
"修正"	0	0	1	0.216	0.224	0.56	-0.106	-0.11	0.252	0.468	"3"
"借以"	0	0	1	0.216	0.224	0.56	-0.106	-0.11	0.252	0.468	"3"
"做"	0	0	1	0.216	0.224	0.56	-0.106	-0.11	0.252	0.468	"3"
"做为"	1	0	1	0.432	0.449	1.119	0.414	-0.221	-0.163	0.798	"1"
"做好"	0	0	1	0.216	0.224	0.56	-0.106	-0.11	0.252	0.468	"3"
"停建"	0	0	2	0.432	0.449	1.119	-0.211	-0.221	0.504	0.936	"3"
"允诺"	1	0	0	0.216	0.224	0.56	0.666	-0.11	-0.356	1.132	"1"
"充满"	0	6	0	1.296	1.346	3.358	-0.634	3.894	-2.137	6.665	"2"
"光明"	0	1	0	0.216	0.224	0.56	-0.106	0.649	-0.356	1.111	"2"
"全方位"	0	0	1	0.216	0.224	0.56	-0.106	-0.11	0.252	0.468	"3"
"共创"	0	1	0	0.216	0.224	0.56	-0.106	0.649	-0.356	1.111	"2"
"共同"	1	6	0	1.512	1.571	3.917	-0.273	3.141	-2.493	5.907	"2"
"共商"	0	1	0	0.216	0.224	0.56	-0.106	0.649	-0.356	1.111	"2"
"共存"	0	0	1	0.216	0.224	0.56	-0.106	-0.11	0.252	0.468	"3"
"共识"	1	0	2	0.648	0.673	1.679	0.286	-0.331	0.23	0.847	"2"
"关切"	0	0	2	0.432	0.449	1.119	-0.211	-0.221	0.504	0.936	"3"
"关心"	0	0	1	0.216	0.224	0.56	-0.106	-0.11	0.252	0.468	"3"
"关系"	2	13	4	4.103	4.264	10.633	-0.724	4.609	-2.674	8.007	"2"
"兴趣"	0	0	1	0.216	0.224	0.56	-0.106	-0.11	0.252	0.468	"3"
"内"	22	1	0	4.967	5.161	12.871	13.382	-1.655	-8.192	23.229	"1"
"内在"	0	0	1	0.216	0.224	0.56	-0.106	-0.11	0.252	0.468	"3"
"再"	0	1	3	0.864	0.898	2.238	-0.423	0.195	0.391	1.009	"1"
"再行"	0	0	1	0.216	0.224	0.56	-0.106	-0.11	0.252	0.468	"3"
"冬令"	0	0	1	0.216	0.224	0.56	-0.106	-0.11	0.252	0.468	"3"
"决定"	0	1	4	1.08	1.122	2.798	-0.528	-0.163	0.567	1.258	"3"
"决议"	0	0	1	0.216	0.224	0.56	-0.106	-0.11	0.252	0.468	"3"
"凝"	0	0	1	0.216	0.224	0.56	-0.106	-0.11	0.252	0.468	"3"
"几"	5	0	14	4.103	4.264	10.633	0.406	-2.097	1.043	3.546	"2"
"几十"	1	0	0	0.216	0.224	0.56	0.666	-0.11	-0.356	1.132	"1"
"几年"	0	0	3	0.648	0.673	1.679	-0.317	-0.331	0.756	1.404	"3"
"几月"	1	0	0	0.216	0.224	0.56	0.666	-0.11	-0.356	1.132	"1"
"凤凰谷"	1	0	0	0.216	0.224	0.56	0.666	-0.11	-0.356	1.132	"1"
"出走"	0	1	0	0.216	0.224	0.56	-0.106	0.649	-0.356	1.111	"2"
"出路"	0	0	1	0.216	0.224	0.56	-0.106	-0.11	0.252	0.468	"3"
"分批"	0	0	1	0.216	0.224	0.56	-0.106	-0.11	0.252	0.468	"3"
"分期"	0	0	1	0.216	0.224	0.56	-0.106	-0.11	0.252	0.468	"3"
"分析"	0	0	1	0.216	0.224	0.56	-0.106	-0.11	0.252	0.468	"3"
"分配"	0	0	1	0.216	0.224	0.56	-0.106	-0.11	0.252	0.468	"3"
"切入"	0	0	1	0.216	0.224	0.56	-0.106	-0.11	0.252	0.468	"3"
"划"	0	0	1	0.216	0.224	0.56	-0.106	-0.11	0.252	0.468	"3"
"创"	0	3	0	0.648	0.673	1.679	-0.317	1.947	-1.069	3.333	"2"
"创造"	0	2	0	0.432	0.449	1.119	-0.211	1.298	-0.712	2.221	"2"
"删减"	1	0	0	0.216	0.224	0.56	0.666	-0.11	-0.356	1.132	"1"
"别人"	0	0	2	0.432	0.449	1.119	-0.211	-0.221	0.504	0.936	"3"
"到"	4	0	1	1.08	1.122	2.798	2.046	-0.552	-0.914	3.512	"1"
"制定"	0	0	3	0.648	0.673	1.679	-0.317	-0.331	0.756	1.404	"3"
"制程"	0	0	1	0.216	0.224	0.56	-0.106	-0.11	0.252	0.468	"3"
"前所未有"	1	0	0	0.216	0.224	0.56	0.666	-0.11	-0.356	1.132	"1"
"前景"	0	2	0	0.432	0.449	1.119	-0.211	1.298	-0.712	2.221	"2"
"前瞻"	0	0	1	0.216	0.224	0.56	-0.106	-0.11	0.252	0.468	"3"
"前途"	0	0	3	0.648	0.673	1.679	-0.317	-0.331	0.756	1.404	"3"
"办学"	0	0	1	0.216	0.224	0.56	-0.106	-0.11	0.252	0.468	"3"
"加以"	0	1	0	0.216	0.224	0.56	-0.106	0.649	-0.356	1.111	"2"
"加倍"	0	0	1	0.216	0.224	0.56	-0.106	-0.11	0.252	0.468	"3"
"加入"	0	0	4	0.864	0.898	2.238	-0.423	-0.441	1.008	1.872	"3"
"加大"	0	0	1	0.216	0.224	0.56	-0.106	-0.11	0.252	0.468	"3"
"加强"	0	0	4	0.864	0.898	2.238	-0.423	-0.441	1.008	1.872	"3"
"动向"	0	0	1	0.216	0.224	0.56	-0.106	-0.11	0.252	0.468	"3"
"助益"	0	0	1	0.216	0.224	0.56	-0.106	-0.11	0.252	0.468	"3"
"努力"	0	5	4	1.944	2.02	5.037	-0.951	1.5	-0.449	2.9	"2"
"劳工团"	0	0	1	0.216	0.224	0.56	-0.106	-0.11	0.252	0.468	"3"
"势将"	0	0	1	0.216	0.224	0.56	-0.106	-0.11	0.252	0.468	"3"
"势必"	0	0	3	0.648	0.673	1.679	-0.317	-0.331	0.756	1.404	"3"
"勾划出"	0	1	0	0.216	0.224	0.56	-0.106	0.649	-0.356	1.111	"2"
"匈俄"	0	1	0	0.216	0.224	0.56	-0.106	0.649	-0.356	1.111	"2"
"化敌为友"	0	0	1	0.216	0.224	0.56	-0.106	-0.11	0.252	0.468	"3"
"化解"	0	1	0	0.216	0.224	0.56	-0.106	0.649	-0.356	1.111	"2"
"北京市"	0	0	2	0.432	0.449	1.119	-0.211	-0.221	0.504	0.936	"3"
"北约"	0	0	1	0.216	0.224	0.56	-0.106	-0.11	0.252	0.468	"3"
"区内"	0	1	0	0.216	0.224	0.56	-0.106	0.649	-0.356	1.111	"2"
"十"	4	0	2	1.296	1.346	3.358	1.65	-0.662	-0.621	2.933	"1"
"十六亿"	1	0	0	0.216	0.224	0.56	0.666	-0.11	-0.356	1.132	"1"
"十几"	0	0	1	0.216	0.224	0.56	-0.106	-0.11	0.252	0.468	"3"
"十年"	0	0	3	0.648	0.673	1.679	-0.317	-0.331	0.756	1.404	"3"
"千方百计"	1	0	0	0.216	0.224	0.56	0.666	-0.11	-0.356	1.132	"1"
"升格"	0	0	1	0.216	0.224	0.56	-0.106	-0.11	0.252	0.468	"3"
"半"	2	0	0	0.432	0.449	1.119	1.331	-0.221	-0.712	2.264	"1"
"华北"	0	0	2	0.432	0.449	1.119	-0.211	-0.221	0.504	0.936	"3"
"华商"	0	1	0	0.216	0.224	0.56	-0.106	0.649	-0.356	1.111	"2"
"单晶片"	0	0	2	0.432	0.449	1.119	-0.211	-0.221	0.504	0.936	"3"
"南大"	0	0	1	0.216	0.224	0.56	-0.106	-0.11	0.252	0.468	"3"
"即使"	0	0	1	0.216	0.224	0.56	-0.106	-0.11	0.252	0.468	"3"
"厂商"	2	1	0	0.648	0.673	1.679	0.922	0.273	-1.069	2.264	"3"
"去向"	0	0	1	0.216	0.224	0.56	-0.106	-0.11	0.252	0.468	"3"
"县治"	0	0	1	0.216	0.224	0.56	-0.106	-0.11	0.252	0.468	"3"
"参考"	0	0	2	0.432	0.449	1.119	-0.211	-0.221	0.504	0.936	"3"
"友好"	0	2	0	0.432	0.449	1.119	-0.211	1.298	-0.712	2.221	"2"
"双方"	0	2	0	0.432	0.449	1.119	-0.211	1.298	-0.712	2.221	"2"
"反转"	0	0	1	0.216	0.224	0.56	-0.106	-0.11	0.252	0.468	"3"
"发展"	5	38	7	10.799	11.22	27.981	-1.567	14.861	-9.024	25.452	"2"
"发展性"	0	1	0	0.216	0.224	0.56	-0.106	0.649	-0.356	1.111	"2"
"发明品"	0	0	1	0.216	0.224	0.56	-0.106	-0.11	0.252	0.468	"3"
"取决"	0	0	2	0.432	0.449	1.119	-0.211	-0.221	0.504	0.936	"3"
"变数"	0	0	1	0.216	0.224	0.56	-0.106	-0.11	0.252	0.468	"3"
"口径"	0	1	0	0.216	0.224	0.56	-0.106	0.649	-0.356	1.111	"2"
"可"	0	0	2	0.432	0.449	1.119	-0.211	-0.221	0.504	0.936	"3"
"可以"	0	0	4	0.864	0.898	2.238	-0.423	-0.441	1.008	1.872	"3"
"可望"	0	0	4	0.864	0.898	2.238	-0.423	-0.441	1.008	1.872	"3"
"可期"	0	1	0	0.216	0.224	0.56	-0.106	0.649	-0.356	1.111	"2"
"可能"	4	1	24	6.263	6.508	16.229	-0.661	-2.228	2.639	5.528	"3"
"可能性"	0	0	2	0.432	0.449	1.119	-0.211	-0.221	0.504	0.936	"3"
"可行"	0	1	0	0.216	0.224	0.56	-0.106	0.649	-0.356	1.111	"2"
"可见"	0	0	2	0.432	0.449	1.119	-0.211	-0.221	0.504	0.936	"3"
"台"	0	0	1	0.216	0.224	0.56	-0.106	-0.11	0.252	0.468	"3"
"台湾"	1	10	9	4.319	4.488	11.192	-1.3	2.202	-0.653	4.155	"2"
"台湾史"	1	0	0	0.216	0.224	0.56	0.666	-0.11	-0.356	1.132	"1"
"台电"	1	0	0	0.216	0.224	0.56	0.666	-0.11	-0.356	1.132	"1"
"台股"	0	0	1	0.216	0.224	0.56	-0.106	-0.11	0.252	0.468	"3"
"台风"	0	0	1	0.216	0.224	0.56	-0.106	-0.11	0.252	0.468	"3"
"史为鉴"	0	1	0	0.216	0.224	0.56	-0.106	0.649	-0.356	1.111	"2"
"叶刘淑仪"	0	1	0	0.216	0.224	0.56	-0.106	0.649	-0.356	1.111	"2"
"合作"	0	6	3	1.944	2.02	5.037	-0.951	2.246	-0.82	4.017	"2"
"合併"	1	0	1	0.432	0.449	1.119	0.414	-0.221	-0.163	0.798	"1"
"吋"	0	0	1	0.216	0.224	0.56	-0.106	-0.11	0.252	0.468	"3"
"同塞"	0	1	0	0.216	0.224	0.56	-0.106	0.649	-0.356	1.111	"2"
"同盟"	0	1	1	0.432	0.449	1.119	-0.211	0.4	-0.163	0.774	"2"
"吐痰"	0	0	2	0.432	0.449	1.119	-0.211	-0.221	0.504	0.936	"3"
"向"	0	0	1	0.216	0.224	0.56	-0.106	-0.11	0.252	0.468	"3"
"向着"	0	1	0	0.216	0.224	0.56	-0.106	0.649	-0.356	1.111	"2"
"否"	0	0	1	0.216	0.224	0.56	-0.106	-0.11	0.252	0.468	"3"
"否则"	0	0	1	0.216	0.224	0.56	-0.106	-0.11	0.252	0.468	"3"
"周"	3	0	5	1.728	1.795	4.477	0.621	-0.883	0.301	1.805	"2"
"和谈"	2	0	0	0.432	0.449	1.119	1.331	-0.221	-0.712	2.264	"1"
"商"	0	0	1	0.216	0.224	0.56	-0.106	-0.11	0.252	0.468	"3"
"商机"	0	1	0	0.216	0.224	0.56	-0.106	0.649	-0.356	1.111	"2"
"四兆"	0	0	1	0.216	0.224	0.56	-0.106	-0.11	0.252	0.468	"3"
"四百三十五万"	1	0	0	0.216	0.224	0.56	0.666	-0.11	-0.356	1.132	"1"
"回报"	0	0	1	0.216	0.224	0.56	-0.106	-0.11	0.252	0.468	"3"
"回顾"	0	1	0	0.216	0.224	0.56	-0.106	0.649	-0.356	1.111	"2"
"因应"	0	0	3	0.648	0.673	1.679	-0.317	-0.331	0.756	1.404	"3"
"国统纲领"	0	0	1	0.216	0.224	0.56	-0.106	-0.11	0.252	0.468	"3"
"圆桌会议"	0	0	1	0.216	0.224	0.56	-0.106	-0.11	0.252	0.468	"3"
"土银"	0	0	1	0.216	0.224	0.56	-0.106	-0.11	0.252	0.468	"3"
"在野"	0	0	2	0.432	0.449	1.119	-0.211	-0.221	0.504	0.936	"3"
"坚信"	0	1	1	0.432	0.449	1.119	-0.211	0.4	-0.163	0.774	"2"
"坚定"	0	0	1	0.216	0.224	0.56	-0.106	-0.11	0.252	0.468	"3"
"城墙"	1	0	0	0.216	0.224	0.56	0.666	-0.11	-0.356	1.132	"1"
"培养"	0	1	0	0.216	0.224	0.56	-0.106	0.649	-0.356	1.111	"2"
"基于"	1	1	1	0.648	0.673	1.679	0.286	0.273	-0.386	0.945	"3"
"基恩"	0	0	1	0.216	0.224	0.56	-0.106	-0.11	0.252	0.468	"3"
"增设"	0	0	1	0.216	0.224	0.56	-0.106	-0.11	0.252	0.468	"3"
"处女地"	0	0	1	0.216	0.224	0.56	-0.106	-0.11	0.252	0.468	"3"
"处理"	1	1	2	0.864	0.898	2.238	0.206	0.195	-0.227	0.628	"3"
"处理组"	0	0	1	0.216	0.224	0.56	-0.106	-0.11	0.252	0.468	"3"
"复印"	0	0	1	0.216	0.224	0.56	-0.106	-0.11	0.252	0.468	"3"
"复合"	0	1	0	0.216	0.224	0.56	-0.106	0.649	-0.356	1.111	"2"
"多边"	0	0	1	0.216	0.224	0.56	-0.106	-0.11	0.252	0.468	"3"
"大力"	2	0	0	0.432	0.449	1.119	1.331	-0.221	-0.712	2.264	"1"
"大西洋"	0	0	1	0.216	0.224	0.56	-0.106	-0.11	0.252	0.468	"3"
"大计"	0	1	0	0.216	0.224	0.56	-0.106	0.649	-0.356	1.111	"2"
"大陆"	3	1	6	2.16	2.244	5.596	0.431	-0.513	0.276	1.22	"2"
"天"	9	0	10	4.103	4.264	10.633	1.951	-2.097	-0.326	4.374	"2"
"失衡"	0	0	1	0.216	0.224	0.56	-0.106	-0.11	0.252	0.468	"3"
"奠定"	0	1	0	0.216	0.224	0.56	-0.106	0.649	-0.356	1.111	"2"
"如何"	0	0	5	1.08	1.122	2.798	-0.528	-0.552	1.261	2.341	"3"
"如果"	0	0	3	0.648	0.673	1.679	-0.317	-0.331	0.756	1.404	"3"
"如此一来"	0	0	1	0.216	0.224	0.56	-0.106	-0.11	0.252	0.468	"3"
"姚学祥"	0	0	1	0.216	0.224	0.56	-0.106	-0.11	0.252	0.468	"3"
"姚润丰"	0	0	1	0.216	0.224	0.56	-0.106	-0.11	0.252	0.468	"3"
"威胁"	0	0	3	0.648	0.673	1.679	-0.317	-0.331	0.756	1.404	"3"
"存证"	0	0	1	0.216	0.224	0.56	-0.106	-0.11	0.252	0.468	"3"
"季节"	0	0	1	0.216	0.224	0.56	-0.106	-0.11	0.252	0.468	"3"
"学习"	0	0	1	0.216	0.224	0.56	-0.106	-0.11	0.252	0.468	"3"
"学生"	0	0	1	0.216	0.224	0.56	-0.106	-0.11	0.252	0.468	"3"
"它们"	0	0	1	0.216	0.224	0.56	-0.106	-0.11	0.252	0.468	"3"
"宏国"	0	0	1	0.216	0.224	0.56	-0.106	-0.11	0.252	0.468	"3"
"宗乡会馆"	0	0	1	0.216	0.224	0.56	-0.106	-0.11	0.252	0.468	"3"
"宙斯"	0	0	1	0.216	0.224	0.56	-0.106	-0.11	0.252	0.468	"3"
"定位"	0	2	0	0.432	0.449	1.119	-0.211	1.298	-0.712	2.221	"2"
"实践"	0	0	1	0.216	0.224	0.56	-0.106	-0.11	0.252	0.468	"3"
"审视"	0	1	0	0.216	0.224	0.56	-0.106	0.649	-0.356	1.111	"2"
"宪法"	0	0	2	0.432	0.449	1.119	-0.211	-0.221	0.504	0.936	"3"
"家园"	0	0	1	0.216	0.224	0.56	-0.106	-0.11	0.252	0.468	"3"
"宽频"	0	0	2	0.432	0.449	1.119	-0.211	-0.221	0.504	0.936	"3"
"密切"	1	0	0	0.216	0.224	0.56	0.666	-0.11	-0.356	1.132	"1"
"对于"	0	3	8	2.376	2.469	6.156	-1.162	0.334	0.679	2.175	"1"
"封包"	0	0	1	0.216	0.224	0.56	-0.106	-0.11	0.252	0.468	"3"
"封装"	0	1	0	0.216	0.224	0.56	-0.106	0.649	-0.356	1.111	"2"
"将"	71	14	42	27.429	28.5	71.071	16.374	-3.143	-6.776	26.293	"1"
"小三"	0	0	2	0.432	0.449	1.119	-0.211	-0.221	0.504	0.936	"3"
"少一点"	0	0	1	0.216	0.224	0.56	-0.106	-0.11	0.252	0.468	"3"
"尔维亚"	0	1	0	0.216	0.224	0.56	-0.106	0.649	-0.356	1.111	"2"
"展"	0	2	0	0.432	0.449	1.119	-0.211	1.298	-0.712	2.221	"2"
"展望"	0	2	4	1.296	1.346	3.358	-0.634	0.393	0.336	1.363	"1"
"山西省"	1	0	0	0.216	0.224	0.56	0.666	-0.11	-0.356	1.132	"1"
"岁月"	0	1	0	0.216	0.224	0.56	-0.106	0.649	-0.356	1.111	"2"
"岸"	0	0	1	0.216	0.224	0.56	-0.106	-0.11	0.252	0.468	"3"
"崭新"	0	0	1	0.216	0.224	0.56	-0.106	-0.11	0.252	0.468	"3"
"工作"	0	1	1	0.432	0.449	1.119	-0.211	0.4	-0.163	0.774	"2"
"巴勒斯坦国"	0	0	1	0.216	0.224	0.56	-0.106	-0.11	0.252	0.468	"3"
"市党部"	0	0	1	0.216	0.224	0.56	-0.106	-0.11	0.252	0.468	"3"
"市府"	0	0	1	0.216	0.224	0.56	-0.106	-0.11	0.252	0.468	"3"
"希望"	2	9	13	5.183	5.386	13.431	-1.08	1.159	-0.294	2.533	"2"
"帮忙"	0	0	1	0.216	0.224	0.56	-0.106	-0.11	0.252	0.468	"3"
"平顺"	0	1	0	0.216	0.224	0.56	-0.106	0.649	-0.356	1.111	"2"
"年"	49	3	11	13.606	14.138	35.256	20.486	-3.894	-9.429	33.809	"1"
"年年"	0	0	1	0.216	0.224	0.56	-0.106	-0.11	0.252	0.468	"3"
"年间"	2	0	0	0.432	0.449	1.119	1.331	-0.221	-0.712	2.264	"1"
"并购"	0	0	1	0.216	0.224	0.56	-0.106	-0.11	0.252	0.468	"3"
"幻想"	1	0	0	0.216	0.224	0.56	0.666	-0.11	-0.356	1.132	"1"
"应"	0	2	0	0.432	0.449	1.119	-0.211	1.298	-0.712	2.221	"2"
"应付"	0	0	1	0.216	0.224	0.56	-0.106	-0.11	0.252	0.468	"3"
"应对"	0	1	0	0.216	0.224	0.56	-0.106	0.649	-0.356	1.111	"2"
"应用"	0	0	1	0.216	0.224	0.56	-0.106	-0.11	0.252	0.468	"3"
"应该"	0	0	1	0.216	0.224	0.56	-0.106	-0.11	0.252	0.468	"3"
"府中"	0	1	0	0.216	0.224	0.56	-0.106	0.649	-0.356	1.111	"2"
"府会"	0	1	0	0.216	0.224	0.56	-0.106	0.649	-0.356	1.111	"2"
"废料"	0	0	1	0.216	0.224	0.56	-0.106	-0.11	0.252	0.468	"3"
"建立"	0	1	0	0.216	0.224	0.56	-0.106	0.649	-0.356	1.111	"2"
"建设"	0	1	0	0.216	0.224	0.56	-0.106	0.649	-0.356	1.111	"2"
"建造"	0	0	1	0.216	0.224	0.56	-0.106	-0.11	0.252	0.468	"3"
"开发"	0	1	0	0.216	0.224	0.56	-0.106	0.649	-0.356	1.111	"2"
"开启"	1	0	0	0.216	0.224	0.56	0.666	-0.11	-0.356	1.132	"1"
"开拓"	0	1	0	0.216	0.224	0.56	-0.106	0.649	-0.356	1.111	"2"
"开放"	0	0	2	0.432	0.449	1.119	-0.211	-0.221	0.504	0.936	"3"
"引领"	1	0	0	0.216	0.224	0.56	0.666	-0.11	-0.356	1.132	"1"
"强生"	0	0	1	0.216	0.224	0.56	-0.106	-0.11	0.252	0.468	"3"
"强调"	3	1	6	2.16	2.244	5.596	0.431	-0.513	0.276	1.22	"2"
"当前"	0	2	0	0.432	0.449	1.119	-0.211	1.298	-0.712	2.221	"2"
"彰银"	0	0	1	0.216	0.224	0.56	-0.106	-0.11	0.252	0.468	"3"
"影剧圈"	0	0	1	0.216	0.224	0.56	-0.106	-0.11	0.252	0.468	"3"
"影响到"	0	0	3	0.648	0.673	1.679	-0.317	-0.331	0.756	1.404	"3"
"徐小田"	0	1	0	0.216	0.224	0.56	-0.106	0.649	-0.356	1.111	"2"
"得克萨斯"	0	0	1	0.216	0.224	0.56	-0.106	-0.11	0.252	0.468	"3"
"循"	0	0	1	0.216	0.224	0.56	-0.106	-0.11	0.252	0.468	"3"
"循序渐进"	0	0	1	0.216	0.224	0.56	-0.106	-0.11	0.252	0.468	"3"
"微型车"	0	0	1	0.216	0.224	0.56	-0.106	-0.11	0.252	0.468	"3"
"必"	0	2	2	0.864	0.898	2.238	-0.423	0.659	-0.227	1.309	"2"
"必要"	0	0	1	0.216	0.224	0.56	-0.106	-0.11	0.252	0.468	"3"
"忧心忡忡"	0	1	0	0.216	0.224	0.56	-0.106	0.649	-0.356	1.111	"2"
"忧虑"	0	2	0	0.432	0.449	1.119	-0.211	1.298	-0.712	2.221	"2"
"快闪"	0	0	1	0.216	0.224	0.56	-0.106	-0.11	0.252	0.468	"3"
"怎样"	0	0	1	0.216	0.224	0.56	-0.106	-0.11	0.252	0.468	"3"
"思考"	1	0	3	0.864	0.898	2.238	0.206	-0.441	0.391	1.038	"2"
"性向"	0	1	0	0.216	0.224	0.56	-0.106	0.649	-0.356	1.111	"2"
"悟"	0	0	1	0.216	0.224	0.56	-0.106	-0.11	0.252	0.468	"3"
"情势"	0	0	1	0.216	0.224	0.56	-0.106	-0.11	0.252	0.468	"3"
"惯性"	0	0	1	0.216	0.224	0.56	-0.106	-0.11	0.252	0.468	"3"
"想"	0	0	1	0.216	0.224	0.56	-0.106	-0.11	0.252	0.468	"3"
"愈来愈"	0	0	1	0.216	0.224	0.56	-0.106	-0.11	0.252	0.468	"3"
"意味"	2	0	1	0.648	0.673	1.679	0.922	-0.331	-0.386	1.639	"1"
"意念"	0	1	0	0.216	0.224	0.56	-0.106	0.649	-0.356	1.111	"2"
"意识到"	1	0	0	0.216	0.224	0.56	0.666	-0.11	-0.356	1.132	"1"
"成为"	1	8	1	2.16	2.244	5.596	-0.482	3.731	-2.425	6.638	"2"
"成就"	0	0	1	0.216	0.224	0.56	-0.106	-0.11	0.252	0.468	"3"
"成果"	0	0	2	0.432	0.449	1.119	-0.211	-0.221	0.504	0.936	"3"
"成长"	0	1	1	0.432	0.449	1.119	-0.211	0.4	-0.163	0.774	"2"
"成龙"	0	0	1	0.216	0.224	0.56	-0.106	-0.11	0.252	0.468	"3"
"我们"	0	1	1	0.432	0.449	1.119	-0.211	0.4	-0.163	0.774	"2"
"我方"	0	0	1	0.216	0.224	0.56	-0.106	-0.11	0.252	0.468	"3"
"或者"	0	0	1	0.216	0.224	0.56	-0.106	-0.11	0.252	0.468	"3"
"战士"	0	0	2	0.432	0.449	1.119	-0.211	-0.221	0.504	0.936	"3"
"战略"	0	3	0	0.648	0.673	1.679	-0.317	1.947	-1.069	3.333	"2"
"截肢"	0	0	1	0.216	0.224	0.56	-0.106	-0.11	0.252	0.468	"3"
"才俊"	0	0	1	0.216	0.224	0.56	-0.106	-0.11	0.252	0.468	"3"
"打拼"	0	1	0	0.216	0.224	0.56	-0.106	0.649	-0.356	1.111	"2"
"打赢"	0	0	2	0.432	0.449	1.119	-0.211	-0.221	0.504	0.936	"3"
"打造"	0	1	0	0.216	0.224	0.56	-0.106	0.649	-0.356	1.111	"2"
"执行处"	0	0	1	0.216	0.224	0.56	-0.106	-0.11	0.252	0.468	"3"
"扩充"	1	0	0	0.216	0.224	0.56	0.666	-0.11	-0.356	1.132	"1"
"扩增"	0	1	0	0.216	0.224	0.56	-0.106	0.649	-0.356	1.111	"2"
"扩展"	1	0	0	0.216	0.224	0.56	0.666	-0.11	-0.356	1.132	"1"
"扪心自问"	0	0	1	0.216	0.224	0.56	-0.106	-0.11	0.252	0.468	"3"
"扮演"	0	0	3	0.648	0.673	1.679	-0.317	-0.331	0.756	1.404	"3"
"承"	0	0	1	0.216	0.224	0.56	-0.106	-0.11	0.252	0.468	"3"
"承诺"	0	0	1	0.216	0.224	0.56	-0.106	-0.11	0.252	0.468	"3"
"投信"	0	1	1	0.432	0.449	1.119	-0.211	0.4	-0.163	0.774	"2"
"抗旱"	0	0	1	0.216	0.224	0.56	-0.106	-0.11	0.252	0.468	"3"
"抢佔"	0	0	1	0.216	0.224	0.56	-0.106	-0.11	0.252	0.468	"3"
"抱持"	0	0	1	0.216	0.224	0.56	-0.106	-0.11	0.252	0.468	"3"
"担保品"	0	0	1	0.216	0.224	0.56	-0.106	-0.11	0.252	0.468	"3"
"拉美"	0	0	1	0.216	0.224	0.56	-0.106	-0.11	0.252	0.468	"3"
"拟"	0	0	1	0.216	0.224	0.56	-0.106	-0.11	0.252	0.468	"3"
"择期"	0	0	1	0.216	0.224	0.56	-0.106	-0.11	0.252	0.468	"3"
"持续"	0	0	2	0.432	0.449	1.119	-0.211	-0.221	0.504	0.936	"3"
"挂牌"	0	0	1	0.216	0.224	0.56	-0.106	-0.11	0.252	0.468	"3"
"挑"	0	0	1	0.216	0.224	0.56	-0.106	-0.11	0.252	0.468	"3"
"挑战"	1	0	6	1.512	1.571	3.917	-0.273	-0.773	0.951	1.997	"3"
"据悉"	2	0	0	0.432	0.449	1.119	1.331	-0.221	-0.712	2.264	"1"
"据称"	0	0	1	0.216	0.224	0.56	-0.106	-0.11	0.252	0.468	"3"
"捷运局员"	0	0	1	0.216	0.224	0.56	-0.106	-0.11	0.252	0.468	"3"
"掌握"	0	1	1	0.432	0.449	1.119	-0.211	0.4	-0.163	0.774	"2"
"排除"	0	0	3	0.648	0.673	1.679	-0.317	-0.331	0.756	1.404	"3"
"探底"	0	0	1	0.216	0.224	0.56	-0.106	-0.11	0.252	0.468	"3"
"探测"	0	2	0	0.432	0.449	1.119	-0.211	1.298	-0.712	2.221	"2"
"探讨"	0	2	0	0.432	0.449	1.119	-0.211	1.298	-0.712	2.221	"2"
"接班人"	0	1	0	0.216	0.224	0.56	-0.106	0.649	-0.356	1.111	"2"
"推动"	2	1	3	1.296	1.346	3.358	0.416	-0.225	-0.268	0.909	"1"
"推向"	0	0	1	0.216	0.224	0.56	-0.106	-0.11	0.252	0.468	"3"
"推广"	0	1	0	0.216	0.224	0.56	-0.106	0.649	-0.356	1.111	"2"
"推进"	0	1	0	0.216	0.224	0.56	-0.106	0.649	-0.356	1.111	"2"
"描绘"	0	1	1	0.432	0.449	1.119	-0.211	0.4	-0.163	0.774	"2"
"提出"	0	1	0	0.216	0.224	0.56	-0.106	0.649	-0.356	1.111	"2"
"提到"	0	0	1	0.216	0.224	0.56	-0.106	-0.11	0.252	0.468	"3"
"握手"	0	0	1	0.216	0.224	0.56	-0.106	-0.11	0.252	0.468	"3"
"揭发"	0	0	1	0.216	0.224	0.56	-0.106	-0.11	0.252	0.468	"3"
"揭示"	0	1	0	0.216	0.224	0.56	-0.106	0.649	-0.356	1.111	"2"
"携手"	0	1	0	0.216	0.224	0.56	-0.106	0.649	-0.356	1.111	"2"
"摇身"	0	0	1	0.216	0.224	0.56	-0.106	-0.11	0.252	0.468	"3"
"支应"	0	0	1	0.216	0.224	0.56	-0.106	-0.11	0.252	0.468	"3"
"收益"	1	0	0	0.216	0.224	0.56	0.666	-0.11	-0.356	1.132	"1"
"收缩期"	0	0	2	0.432	0.449	1.119	-0.211	-0.221	0.504	0.936	"3"
"改善计"	1	0	0	0.216	0.224	0.56	0.666	-0.11	-0.356	1.132	"1"
"放眼"	0	0	2	0.432	0.449	1.119	-0.211	-0.221	0.504	0.936	"3"
"放过"	0	0	2	0.432	0.449	1.119	-0.211	-0.221	0.504	0.936	"3"
"政局"	0	2	0	0.432	0.449	1.119	-0.211	1.298	-0.712	2.221	"2"
"政府"	0	0	1	0.216	0.224	0.56	-0.106	-0.11	0.252	0.468	"3"
"政院"	0	0	1	0.216	0.224	0.56	-0.106	-0.11	0.252	0.468	"3"
"救苦救难"	0	0	1	0.216	0.224	0.56	-0.106	-0.11	0.252	0.468	"3"
"教委"	0	0	1	0.216	0.224	0.56	-0.106	-0.11	0.252	0.468	"3"
"教派"	0	0	1	0.216	0.224	0.56	-0.106	-0.11	0.252	0.468	"3"
"数"	6	0	0	1.296	1.346	3.358	3.994	-0.662	-2.137	6.793	"1"
"数日"	0	0	1	0.216	0.224	0.56	-0.106	-0.11	0.252	0.468	"3"
"文树森"	0	0	1	0.216	0.224	0.56	-0.106	-0.11	0.252	0.468	"3"
"新政"	0	2	0	0.432	0.449	1.119	-0.211	1.298	-0.712	2.221	"2"
"新政府"	0	0	1	0.216	0.224	0.56	-0.106	-0.11	0.252	0.468	"3"
"新经"	0	1	0	0.216	0.224	0.56	-0.106	0.649	-0.356	1.111	"2"
"新闻局"	1	0	0	0.216	0.224	0.56	0.666	-0.11	-0.356	1.132	"1"
"方向"	0	13	0	2.808	2.917	7.275	-1.374	8.436	-4.63	14.44	"2"
"方针"	1	1	1	0.648	0.673	1.679	0.286	0.273	-0.386	0.945	"3"
"施政"	2	0	1	0.648	0.673	1.679	0.922	-0.331	-0.386	1.639	"1"
"施明德"	0	0	1	0.216	0.224	0.56	-0.106	-0.11	0.252	0.468	"3"
"旅游业"	0	0	1	0.216	0.224	0.56	-0.106	-0.11	0.252	0.468	"3"
"无措"	0	0	1	0.216	0.224	0.56	-0.106	-0.11	0.252	0.468	"3"
"无论"	0	0	1	0.216	0.224	0.56	-0.106	-0.11	0.252	0.468	"3"
"无限"	0	1	0	0.216	0.224	0.56	-0.106	0.649	-0.356	1.111	"2"
"日中"	0	0	1	0.216	0.224	0.56	-0.106	-0.11	0.252	0.468	"3"
"日子"	0	0	1	0.216	0.224	0.56	-0.106	-0.11	0.252	0.468	"3"
"时期"	0	4	0	0.864	0.898	2.238	-0.423	2.596	-1.425	4.444	"2"
"时机"	1	0	1	0.432	0.449	1.119	0.414	-0.221	-0.163	0.798	"1"
"时间"	0	0	2	0.432	0.449	1.119	-0.211	-0.221	0.504	0.936	"3"
"是否"	0	0	9	1.944	2.02	5.037	-0.951	-0.993	2.269	4.213	"3"
"普及率"	1	0	0	0.216	0.224	0.56	0.666	-0.11	-0.356	1.132	"1"
"景气"	0	0	5	1.08	1.122	2.798	-0.528	-0.552	1.261	2.341	"3"
"智慧型"	0	0	1	0.216	0.224	0.56	-0.106	-0.11	0.252	0.468	"3"
"暗示"	0	0	1	0.216	0.224	0.56	-0.106	-0.11	0.252	0.468	"3"
"更"	1	6	6	2.808	2.917	7.275	-0.713	1.297	-0.481	2.491	"2"
"更为"	1	1	1	0.648	0.673	1.679	0.286	0.273	-0.386	0.945	"3"
"更加"	0	4	0	0.864	0.898	2.238	-0.423	2.596	-1.425	4.444	"2"
"更多"	0	1	7	1.728	1.795	4.477	-0.845	-0.362	1.154	2.361	"3"
"曹永和"	1	0	0	0.216	0.224	0.56	0.666	-0.11	-0.356	1.132	"1"
"月"	2	0	6	1.728	1.795	4.477	0.266	-0.883	0.625	1.774	"2"
"有为"	0	1	0	0.216	0.224	0.56	-0.106	0.649	-0.356	1.111	"2"
"有待"	0	0	1	0.216	0.224	0.56	-0.106	-0.11	0.252	0.468	"3"
"有望"	0	0	1	0.216	0.224	0.56	-0.106	-0.11	0.252	0.468	"3"
"有机会"	0	0	1	0.216	0.224	0.56	-0.106	-0.11	0.252	0.468	"3"
"有组织犯罪"	1	0	0	0.216	0.224	0.56	0.666	-0.11	-0.356	1.132	"1"
"望"	0	1	0	0.216	0.224	0.56	-0.106	0.649	-0.356	1.111	"2"
"朝"	0	2	3	1.08	1.122	2.798	-0.528	0.504	0.214	1.246	"1"
"朝向"	0	0	2	0.432	0.449	1.119	-0.211	-0.221	0.504	0.936	"3"
"朝野"	0	1	0	0.216	0.224	0.56	-0.106	0.649	-0.356	1.111	"2"
"期待"	0	0	1	0.216	0.224	0.56	-0.106	-0.11	0.252	0.468	"3"
"期望"	1	0	0	0.216	0.224	0.56	0.666	-0.11	-0.356	1.132	"1"
"期盼"	0	1	0	0.216	0.224	0.56	-0.106	0.649	-0.356	1.111	"2"
"木材"	0	0	1	0.216	0.224	0.56	-0.106	-0.11	0.252	0.468	"3"
"本着"	0	1	2	0.648	0.673	1.679	-0.317	0.273	0.23	0.82	"1"
"机会"	0	0	1	0.216	0.224	0.56	-0.106	-0.11	0.252	0.468	"3"
"李国英"	0	0	1	0.216	0.224	0.56	-0.106	-0.11	0.252	0.468	"3"
"杨清顺会"	0	0	1	0.216	0.224	0.56	-0.106	-0.11	0.252	0.468	"3"
"构想"	0	0	1	0.216	0.224	0.56	-0.106	-0.11	0.252	0.468	"3"
"构筑"	0	1	0	0.216	0.224	0.56	-0.106	0.649	-0.356	1.111	"2"
"林木业"	0	0	1	0.216	0.224	0.56	-0.106	-0.11	0.252	0.468	"3"
"林鸿道"	0	0	1	0.216	0.224	0.56	-0.106	-0.11	0.252	0.468	"3"
"果"	0	0	1	0.216	0.224	0.56	-0.106	-0.11	0.252	0.468	"3"
"果报"	0	0	1	0.216	0.224	0.56	-0.106	-0.11	0.252	0.468	"3"
"标本"	0	0	1	0.216	0.224	0.56	-0.106	-0.11	0.252	0.468	"3"
"校史室"	0	0	1	0.216	0.224	0.56	-0.106	-0.11	0.252	0.468	"3"
"核三"	0	0	1	0.216	0.224	0.56	-0.106	-0.11	0.252	0.468	"3"
"核四案"	0	0	1	0.216	0.224	0.56	-0.106	-0.11	0.252	0.468	"3"
"核能"	0	0	3	0.648	0.673	1.679	-0.317	-0.331	0.756	1.404	"3"
"栽培"	0	1	0	0.216	0.224	0.56	-0.106	0.649	-0.356	1.111	"2"
"梁万年"	0	0	1	0.216	0.224	0.56	-0.106	-0.11	0.252	0.468	"3"
"森喜朗"	0	1	0	0.216	0.224	0.56	-0.106	0.649	-0.356	1.111	"2"
"楼洁"	0	0	1	0.216	0.224	0.56	-0.106	-0.11	0.252	0.468	"3"
"欧洲军"	0	0	1	0.216	0.224	0.56	-0.106	-0.11	0.252	0.468	"3"
"欧盟"	0	2	3	1.08	1.122	2.798	-0.528	0.504	0.214	1.246	"1"
"比重"	1	0	1	0.432	0.449	1.119	0.414	-0.221	-0.163	0.798	"1"
"毕理察"	0	0	1	0.216	0.224	0.56	-0.106	-0.11	0.252	0.468	"3"
"民政局"	1	0	0	0.216	0.224	0.56	0.666	-0.11	-0.356	1.132	"1"
"气候"	0	0	1	0.216	0.224	0.56	-0.106	-0.11	0.252	0.468	"3"
"气象台"	0	0	2	0.432	0.449	1.119	-0.211	-0.221	0.504	0.936	"3"
"永远"	0	0	2	0.432	0.449	1.119	-0.211	-0.221	0.504	0.936	"3"
"治水"	0	1	0	0.216	0.224	0.56	-0.106	0.649	-0.356	1.111	"2"
"波动性"	0	0	1	0.216	0.224	0.56	-0.106	-0.11	0.252	0.468	"3"
"泰党"	0	0	1	0.216	0.224	0.56	-0.106	-0.11	0.252	0.468	"3"
"泰爱"	0	0	1	0.216	0.224	0.56	-0.106	-0.11	0.252	0.468	"3"
"流域"	0	0	1	0.216	0.224	0.56	-0.106	-0.11	0.252	0.468	"3"
"流量"	0	0	1	0.216	0.224	0.56	-0.106	-0.11	0.252	0.468	"3"
"浆价"	0	0	1	0.216	0.224	0.56	-0.106	-0.11	0.252	0.468	"3"
"测"	0	0	1	0.216	0.224	0.56	-0.106	-0.11	0.252	0.468	"3"
"海大"	1	0	0	0.216	0.224	0.56	0.666	-0.11	-0.356	1.132	"1"
"海巡"	0	1	0	0.216	0.224	0.56	-0.106	0.649	-0.356	1.111	"2"
"淮河"	0	0	1	0.216	0.224	0.56	-0.106	-0.11	0.252	0.468	"3"
"深信"	0	0	1	0.216	0.224	0.56	-0.106	-0.11	0.252	0.468	"3"
"深空"	0	1	0	0.216	0.224	0.56	-0.106	0.649	-0.356	1.111	"2"
"深远"	0	1	0	0.216	0.224	0.56	-0.106	0.649	-0.356	1.111	"2"
"渭水"	0	0	1	0.216	0.224	0.56	-0.106	-0.11	0.252	0.468	"3"
"湾"	0	1	0	0.216	0.224	0.56	-0.106	0.649	-0.356	1.111	"2"
"潜力"	0	0	1	0.216	0.224	0.56	-0.106	-0.11	0.252	0.468	"3"
"潜能"	0	0	1	0.216	0.224	0.56	-0.106	-0.11	0.252	0.468	"3"
"澳门人"	0	1	0	0.216	0.224	0.56	-0.106	0.649	-0.356	1.111	"2"
"火花"	0	0	1	0.216	0.224	0.56	-0.106	-0.11	0.252	0.468	"3"
"灵异"	0	0	1	0.216	0.224	0.56	-0.106	-0.11	0.252	0.468	"3"
"特务迷"	0	0	1	0.216	0.224	0.56	-0.106	-0.11	0.252	0.468	"3"
"现况"	0	1	0	0.216	0.224	0.56	-0.106	0.649	-0.356	1.111	"2"
"现在"	0	0	3	0.648	0.673	1.679	-0.317	-0.331	0.756	1.404	"3"
"现实"	0	0	1	0.216	0.224	0.56	-0.106	-0.11	0.252	0.468	"3"
"现有"	0	0	1	0.216	0.224	0.56	-0.106	-0.11	0.252	0.468	"3"
"瑞智"	0	0	2	0.432	0.449	1.119	-0.211	-0.221	0.504	0.936	"3"
"生力军"	0	0	1	0.216	0.224	0.56	-0.106	-0.11	0.252	0.468	"3"
"生涯"	0	0	1	0.216	0.224	0.56	-0.106	-0.11	0.252	0.468	"3"
"生物科"	0	0	1	0.216	0.224	0.56	-0.106	-0.11	0.252	0.468	"3"
"生长"	0	0	1	0.216	0.224	0.56	-0.106	-0.11	0.252	0.468	"3"
"用于"	0	0	1	0.216	0.224	0.56	-0.106	-0.11	0.252	0.468	"3"
"用心"	0	0	1	0.216	0.224	0.56	-0.106	-0.11	0.252	0.468	"3"
"电厂"	0	0	2	0.432	0.449	1.119	-0.211	-0.221	0.504	0.936	"3"
"电子化"	0	0	1	0.216	0.224	0.56	-0.106	-0.11	0.252	0.468	"3"
"电子商务"	0	2	0	0.432	0.449	1.119	-0.211	1.298	-0.712	2.221	"2"
"电费"	0	0	1	0.216	0.224	0.56	-0.106	-0.11	0.252	0.468	"3"
"男子汉"	0	0	1	0.216	0.224	0.56	-0.106	-0.11	0.252	0.468	"3"
"画"	0	0	1	0.216	0.224	0.56	-0.106	-0.11	0.252	0.468	"3"
"留"	0	0	1	0.216	0.224	0.56	-0.106	-0.11	0.252	0.468	"3"
"疑虑"	0	0	2	0.432	0.449	1.119	-0.211	-0.221	0.504	0.936	"3"
"疲惫"	0	0	1	0.216	0.224	0.56	-0.106	-0.11	0.252	0.468	"3"
"百分之十二点二"	1	0	0	0.216	0.224	0.56	0.666	-0.11	-0.356	1.132	"1"
"百分之四十五"	1	0	0	0.216	0.224	0.56	0.666	-0.11	-0.356	1.132	"1"
"盈余"	0	0	2	0.432	0.449	1.119	-0.211	-0.221	0.504	0.936	"3"
"盘活"	1	0	0	0.216	0.224	0.56	0.666	-0.11	-0.356	1.132	"1"
"盘面"	0	0	1	0.216	0.224	0.56	-0.106	-0.11	0.252	0.468	"3"
"盛"	0	0	1	0.216	0.224	0.56	-0.106	-0.11	0.252	0.468	"3"
"盟友"	0	0	1	0.216	0.224	0.56	-0.106	-0.11	0.252	0.468	"3"
"目标"	2	1	0	0.648	0.673	1.679	0.922	0.273	-1.069	2.264	"3"
"直航"	0	0	1	0.216	0.224	0.56	-0.106	-0.11	0.252	0.468	"3"
"相信"	1	3	5	1.944	2.02	5.037	-0.41	0.484	-0.21	1.104	"2"
"相当"	0	1	0	0.216	0.224	0.56	-0.106	0.649	-0.356	1.111	"2"
"看不出来"	0	0	1	0.216	0.224	0.56	-0.106	-0.11	0.252	0.468	"3"
"看好"	0	1	1	0.432	0.449	1.119	-0.211	0.4	-0.163	0.774	"2"
"看法"	0	2	3	1.08	1.122	2.798	-0.528	0.504	0.214	1.246	"1"
"看起来"	0	0	1	0.216	0.224	0.56	-0.106	-0.11	0.252	0.468	"3"
"着眼"	0	0	3	0.648	0.673	1.679	-0.317	-0.331	0.756	1.404	"3"
"睹"	0	0	1	0.216	0.224	0.56	-0.106	-0.11	0.252	0.468	"3"
"知识经济"	1	1	0	0.432	0.449	1.119	0.414	0.4	-0.712	1.526	"3"
"研商"	0	1	0	0.216	0.224	0.56	-0.106	0.649	-0.356	1.111	"2"
"研拟"	1	0	1	0.432	0.449	1.119	0.414	-0.221	-0.163	0.798	"1"
"研订"	0	0	1	0.216	0.224	0.56	-0.106	-0.11	0.252	0.468	"3"
"确定"	0	1	0	0.216	0.224	0.56	-0.106	0.649	-0.356	1.111	"2"
"确立"	1	0	0	0.216	0.224	0.56	0.666	-0.11	-0.356	1.132	"1"
"磋商"	0	0	1	0.216	0.224	0.56	-0.106	-0.11	0.252	0.468	"3"
"示意图"	0	0	1	0.216	0.224	0.56	-0.106	-0.11	0.252	0.468	"3"
"社教司"	1	0	0	0.216	0.224	0.56	0.666	-0.11	-0.356	1.132	"1"
"福生"	0	0	1	0.216	0.224	0.56	-0.106	-0.11	0.252	0.468	"3"
"科技组"	2	0	0	0.432	0.449	1.119	1.331	-0.221	-0.712	2.264	"1"
"秦大河"	1	0	0	0.216	0.224	0.56	0.666	-0.11	-0.356	1.132	"1"
"稍后"	0	1	0	0.216	0.224	0.56	-0.106	0.649	-0.356	1.111	"2"
"究竟"	0	0	1	0.216	0.224	0.56	-0.106	-0.11	0.252	0.468	"3"
"空间"	0	5	0	1.08	1.122	2.798	-0.528	3.245	-1.781	5.554	"2"
"立法院"	0	0	1	0.216	0.224	0.56	-0.106	-0.11	0.252	0.468	"3"
"竞"	0	0	1	0.216	0.224	0.56	-0.106	-0.11	0.252	0.468	"3"
"竞争"	0	5	1	1.296	1.346	3.358	-0.634	2.557	-1.201	4.392	"2"
"竞争力"	0	1	0	0.216	0.224	0.56	-0.106	0.649	-0.356	1.111	"2"
"竹北"	0	0	1	0.216	0.224	0.56	-0.106	-0.11	0.252	0.468	"3"
"竹市"	0	1	0	0.216	0.224	0.56	-0.106	0.649	-0.356	1.111	"2"
"等"	0	0	1	0.216	0.224	0.56	-0.106	-0.11	0.252	0.468	"3"
"策略"	0	0	2	0.432	0.449	1.119	-0.211	-0.221	0.504	0.936	"3"
"策略性"	0	0	3	0.648	0.673	1.679	-0.317	-0.331	0.756	1.404	"3"
"签约"	0	0	1	0.216	0.224	0.56	-0.106	-0.11	0.252	0.468	"3"
"管治"	1	0	0	0.216	0.224	0.56	0.666	-0.11	-0.356	1.132	"1"
"管道"	0	0	1	0.216	0.224	0.56	-0.106	-0.11	0.252	0.468	"3"
"纽带"	0	1	0	0.216	0.224	0.56	-0.106	0.649	-0.356	1.111	"2"
"经建会"	0	0	1	0.216	0.224	0.56	-0.106	-0.11	0.252	0.468	"3"
"经贸"	0	2	0	0.432	0.449	1.119	-0.211	1.298	-0.712	2.221	"2"
"经销商"	0	0	1	0.216	0.224	0.56	-0.106	-0.11	0.252	0.468	"3"
"结合体"	0	0	1	0.216	0.224	0.56	-0.106	-0.11	0.252	0.468	"3"
"结算"	0	0	1	0.216	0.224	0.56	-0.106	-0.11	0.252	0.468	"3"
"结论"	0	0	1	0.216	0.224	0.56	-0.106	-0.11	0.252	0.468	"3"
"统一"	0	1	1	0.432	0.449	1.119	-0.211	0.4	-0.163	0.774	"2"
"继续"	1	1	5	1.512	1.571	3.917	-0.273	-0.292	0.474	1.039	"3"
"续"	1	0	0	0.216	0.224	0.56	0.666	-0.11	-0.356	1.132	"1"
"维持"	0	0	1	0.216	0.224	0.56	-0.106	-0.11	0.252	0.468	"3"
"缓步"	0	0	1	0.216	0.224	0.56	-0.106	-0.11	0.252	0.468	"3"
"缔造"	0	1	0	0.216	0.224	0.56	-0.106	0.649	-0.356	1.111	"2"
"缴交"	0	0	1	0.216	0.224	0.56	-0.106	-0.11	0.252	0.468	"3"
"缺电"	0	0	1	0.216	0.224	0.56	-0.106	-0.11	0.252	0.468	"3"
"网路"	0	1	2	0.648	0.673	1.679	-0.317	0.273	0.23	0.82	"1"
"网路业"	0	1	0	0.216	0.224	0.56	-0.106	0.649	-0.356	1.111	"2"
"罗布森"	0	0	1	0.216	0.224	0.56	-0.106	-0.11	0.252	0.468	"3"
"美商"	0	0	1	0.216	0.224	0.56	-0.106	-0.11	0.252	0.468	"3"
"美好"	0	7	0	1.512	1.571	3.917	-0.74	4.543	-2.493	7.776	"2"
"美沟"	0	0	1	0.216	0.224	0.56	-0.106	-0.11	0.252	0.468	"3"
"考虑"	1	1	1	0.648	0.673	1.679	0.286	0.273	-0.386	0.945	"3"
"考虑到"	0	1	0	0.216	0.224	0.56	-0.106	0.649	-0.356	1.111	"2"
"考选部"	0	1	0	0.216	0.224	0.56	-0.106	0.649	-0.356	1.111	"2"
"考验"	0	0	1	0.216	0.224	0.56	-0.106	-0.11	0.252	0.468	"3"
"职篮"	0	0	1	0.216	0.224	0.56	-0.106	-0.11	0.252	0.468	"3"
"股价"	1	0	1	0.432	0.449	1.119	0.414	-0.221	-0.163	0.798	"1"
"胡仲英"	0	0	1	0.216	0.224	0.56	-0.106	-0.11	0.252	0.468	"3"
"能"	0	0	1	0.216	0.224	0.56	-0.106	-0.11	0.252	0.468	"3"
"能够"	0	1	0	0.216	0.224	0.56	-0.106	0.649	-0.356	1.111	"2"
"能源"	1	1	1	0.648	0.673	1.679	0.286	0.273	-0.386	0.945	"3"
"能资所"	0	0	1	0.216	0.224	0.56	-0.106	-0.11	0.252	0.468	"3"
"自卫队"	0	1	0	0.216	0.224	0.56	-0.106	0.649	-0.356	1.111	"2"
"自怜"	0	0	1	0.216	0.224	0.56	-0.106	-0.11	0.252	0.468	"3"
"自然人"	0	0	1	0.216	0.224	0.56	-0.106	-0.11	0.252	0.468	"3"
"自然保护区"	0	0	1	0.216	0.224	0.56	-0.106	-0.11	0.252	0.468	"3"
"至于"	0	0	1	0.216	0.224	0.56	-0.106	-0.11	0.252	0.468	"3"
"致力"	1	1	1	0.648	0.673	1.679	0.286	0.273	-0.386	0.945	"3"
"航天"	1	0	0	0.216	0.224	0.56	0.666	-0.11	-0.356	1.132	"1"
"航天飞机"	0	0	1	0.216	0.224	0.56	-0.106	-0.11	0.252	0.468	"3"
"良性"	1	0	0	0.216	0.224	0.56	0.666	-0.11	-0.356	1.132	"1"
"若"	0	0	2	0.432	0.449	1.119	-0.211	-0.221	0.504	0.936	"3"
"茅"	0	0	1	0.216	0.224	0.56	-0.106	-0.11	0.252	0.468	"3"
"茫然"	0	0	1	0.216	0.224	0.56	-0.106	-0.11	0.252	0.468	"3"
"莆田"	0	0	1	0.216	0.224	0.56	-0.106	-0.11	0.252	0.468	"3"
"蒋显斌"	0	1	0	0.216	0.224	0.56	-0.106	0.649	-0.356	1.111	"2"
"蓝图"	0	1	0	0.216	0.224	0.56	-0.106	0.649	-0.356	1.111	"2"
"蔡天瑞"	0	0	1	0.216	0.224	0.56	-0.106	-0.11	0.252	0.468	"3"
"蔡英文"	0	0	1	0.216	0.224	0.56	-0.106	-0.11	0.252	0.468	"3"
"蔺以光"	0	0	1	0.216	0.224	0.56	-0.106	-0.11	0.252	0.468	"3"
"行动电话"	0	0	1	0.216	0.224	0.56	-0.106	-0.11	0.252	0.468	"3"
"行销"	0	0	1	0.216	0.224	0.56	-0.106	-0.11	0.252	0.468	"3"
"衡量"	0	0	1	0.216	0.224	0.56	-0.106	-0.11	0.252	0.468	"3"
"表示"	1	0	2	0.648	0.673	1.679	0.286	-0.331	0.23	0.847	"2"
"要"	0	0	6	1.296	1.346	3.358	-0.634	-0.662	1.513	2.809	"3"
"观察"	0	0	5	1.08	1.122	2.798	-0.528	-0.552	1.261	2.341	"3"
"规划"	1	2	3	1.296	1.346	3.358	-0.21	0.393	-0.268	0.871	"2"
"规定"	2	0	1	0.648	0.673	1.679	0.922	-0.331	-0.386	1.639	"1"
"规画"	1	0	0	0.216	0.224	0.56	0.666	-0.11	-0.356	1.132	"1"
"视"	2	0	1	0.648	0.673	1.679	0.922	-0.331	-0.386	1.639	"1"
"视讯"	0	0	2	0.432	0.449	1.119	-0.211	-0.221	0.504	0.936	"3"
"言之过早"	1	0	0	0.216	0.224	0.56	0.666	-0.11	-0.356	1.132	"1"
"计划"	5	1	4	2.16	2.244	5.596	1.351	-0.513	-0.617	2.481	"1"
"计画"	3	0	1	0.864	0.898	2.238	1.471	-0.441	-0.641	2.553	"1"
"讨论"	0	2	4	1.296	1.346	3.358	-0.634	0.393	0.336	1.363	"1"
"讨论会"	0	0	1	0.216	0.224	0.56	-0.106	-0.11	0.252	0.468	"3"
"训练"	0	0	2	0.432	0.449	1.119	-0.211	-0.221	0.504	0.936	"3"
"议题"	0	1	0	0.216	0.224	0.56	-0.106	0.649	-0.356	1.111	"2"
"记忆体"	0	0	1	0.216	0.224	0.56	-0.106	-0.11	0.252	0.468	"3"
"许"	0	0	1	0.216	0.224	0.56	-0.106	-0.11	0.252	0.468	"3"
"证书"	0	0	2	0.432	0.449	1.119	-0.211	-0.221	0.504	0.936	"3"
"话音"	1	0	0	0.216	0.224	0.56	0.666	-0.11	-0.356	1.132	"1"
"详加"	1	0	0	0.216	0.224	0.56	0.666	-0.11	-0.356	1.132	"1"
"语文"	0	0	1	0.216	0.224	0.56	-0.106	-0.11	0.252	0.468	"3"
"调涨"	0	0	1	0.216	0.224	0.56	-0.106	-0.11	0.252	0.468	"3"
"调配"	0	0	1	0.216	0.224	0.56	-0.106	-0.11	0.252	0.468	"3"
"谈到"	1	0	0	0.216	0.224	0.56	0.666	-0.11	-0.356	1.132	"1"
"谘议会"	0	0	1	0.216	0.224	0.56	-0.106	-0.11	0.252	0.468	"3"
"谢泰章"	0	1	0	0.216	0.224	0.56	-0.106	0.649	-0.356	1.111	"2"
"谢玲丽"	0	0	1	0.216	0.224	0.56	-0.106	-0.11	0.252	0.468	"3"
"谨慎"	0	0	1	0.216	0.224	0.56	-0.106	-0.11	0.252	0.468	"3"
"象征"	0	0	1	0.216	0.224	0.56	-0.106	-0.11	0.252	0.468	"3"
"贝卡尔特"	1	0	0	0.216	0.224	0.56	0.666	-0.11	-0.356	1.132	"1"
"质询权"	1	0	0	0.216	0.224	0.56	0.666	-0.11	-0.356	1.132	"1"
"购买远"	2	0	0	0.432	0.449	1.119	1.331	-0.221	-0.712	2.264	"1"
"贸发局"	1	0	0	0.216	0.224	0.56	0.666	-0.11	-0.356	1.132	"1"
"费率"	0	0	1	0.216	0.224	0.56	-0.106	-0.11	0.252	0.468	"3"
"贾司迪"	0	0	1	0.216	0.224	0.56	-0.106	-0.11	0.252	0.468	"3"
"资策会"	0	1	0	0.216	0.224	0.56	-0.106	0.649	-0.356	1.111	"2"
"资讯"	0	1	0	0.216	0.224	0.56	-0.106	0.649	-0.356	1.111	"2"
"赖"	1	0	0	0.216	0.224	0.56	0.666	-0.11	-0.356	1.132	"1"
"走势"	0	0	2	0.432	0.449	1.119	-0.211	-0.221	0.504	0.936	"3"
"走向"	0	4	0	0.864	0.898	2.238	-0.423	2.596	-1.425	4.444	"2"
"走跌"	0	0	1	0.216	0.224	0.56	-0.106	-0.11	0.252	0.468	"3"
"赵济华"	0	0	1	0.216	0.224	0.56	-0.106	-0.11	0.252	0.468	"3"
"赵芳珍"	0	0	1	0.216	0.224	0.56	-0.106	-0.11	0.252	0.468	"3"
"起头"	0	0	1	0.216	0.224	0.56	-0.106	-0.11	0.252	0.468	"3"
"起来"	0	0	1	0.216	0.224	0.56	-0.106	-0.11	0.252	0.468	"3"
"越来越"	0	0	1	0.216	0.224	0.56	-0.106	-0.11	0.252	0.468	"3"
"趋势"	0	2	8	2.16	2.244	5.596	-1.057	-0.219	0.956	2.232	"1"
"跨党派小组"	0	0	1	0.216	0.224	0.56	-0.106	-0.11	0.252	0.468	"3"
"跨入"	0	0	1	0.216	0.224	0.56	-0.106	-0.11	0.252	0.468	"3"
"转趋"	0	0	1	0.216	0.224	0.56	-0.106	-0.11	0.252	0.468	"3"
"辅佐"	1	0	0	0.216	0.224	0.56	0.666	-0.11	-0.356	1.132	"1"
"辉煌"	0	2	0	0.432	0.449	1.119	-0.211	1.298	-0.712	2.221	"2"
"过去"	0	0	1	0.216	0.224	0.56	-0.106	-0.11	0.252	0.468	"3"
"过渡"	1	0	0	0.216	0.224	0.56	0.666	-0.11	-0.356	1.132	"1"
"迈向"	1	0	0	0.216	0.224	0.56	0.666	-0.11	-0.356	1.132	"1"
"迎接"	0	0	2	0.432	0.449	1.119	-0.211	-0.221	0.504	0.936	"3"
"运作"	0	0	1	0.216	0.224	0.56	-0.106	-0.11	0.252	0.468	"3"
"运用"	0	0	1	0.216	0.224	0.56	-0.106	-0.11	0.252	0.468	"3"
"还"	3	1	5	1.944	2.02	5.037	0.516	-0.437	-0.21	1.163	"1"
"还要"	0	0	3	0.648	0.673	1.679	-0.317	-0.331	0.756	1.404	"3"
"这一来"	0	0	1	0.216	0.224	0.56	-0.106	-0.11	0.252	0.468	"3"
"进一步"	0	1	0	0.216	0.224	0.56	-0.106	0.649	-0.356	1.111	"2"
"连年"	1	0	0	0.216	0.224	0.56	0.666	-0.11	-0.356	1.132	"1"
"连系"	0	0	1	0.216	0.224	0.56	-0.106	-0.11	0.252	0.468	"3"
"追加"	1	0	0	0.216	0.224	0.56	0.666	-0.11	-0.356	1.132	"1"
"送回"	0	1	0	0.216	0.224	0.56	-0.106	0.649	-0.356	1.111	"2"
"适应"	0	1	0	0.216	0.224	0.56	-0.106	0.649	-0.356	1.111	"2"
"适应性"	0	1	0	0.216	0.224	0.56	-0.106	0.649	-0.356	1.111	"2"
"选战"	0	0	2	0.432	0.449	1.119	-0.211	-0.221	0.504	0.936	"3"
"选罢法"	0	0	1	0.216	0.224	0.56	-0.106	-0.11	0.252	0.468	"3"
"透"	0	0	1	0.216	0.224	0.56	-0.106	-0.11	0.252	0.468	"3"
"透过"	0	0	3	0.648	0.673	1.679	-0.317	-0.331	0.756	1.404	"3"
"週"	0	0	1	0.216	0.224	0.56	-0.106	-0.11	0.252	0.468	"3"
"避灾"	1	0	0	0.216	0.224	0.56	0.666	-0.11	-0.356	1.132	"1"
"邀访"	0	0	1	0.216	0.224	0.56	-0.106	-0.11	0.252	0.468	"3"
"郑正春"	0	0	1	0.216	0.224	0.56	-0.106	-0.11	0.252	0.468	"3"
"配合"	1	0	4	1.08	1.122	2.798	-0.152	-0.552	0.567	1.271	"3"
"配电"	1	0	0	0.216	0.224	0.56	0.666	-0.11	-0.356	1.132	"1"
"里"	2	0	3	1.08	1.122	2.798	0.529	-0.552	0.214	1.295	"2"
"重点"	2	0	4	1.296	1.346	3.358	0.416	-0.662	0.336	1.414	"2"
"重要性"	0	0	1	0.216	0.224	0.56	-0.106	-0.11	0.252	0.468	"3"
"釐清"	1	0	0	0.216	0.224	0.56	0.666	-0.11	-0.356	1.132	"1"
"金县"	0	1	0	0.216	0.224	0.56	-0.106	0.649	-0.356	1.111	"2"
"金正男"	0	1	0	0.216	0.224	0.56	-0.106	0.649	-0.356	1.111	"2"
"金玫"	0	0	1	0.216	0.224	0.56	-0.106	-0.11	0.252	0.468	"3"
"金融业"	0	0	1	0.216	0.224	0.56	-0.106	-0.11	0.252	0.468	"3"
"钦定"	0	0	1	0.216	0.224	0.56	-0.106	-0.11	0.252	0.468	"3"
"钱途"	0	0	1	0.216	0.224	0.56	-0.106	-0.11	0.252	0.468	"3"
"铁公路"	0	0	1	0.216	0.224	0.56	-0.106	-0.11	0.252	0.468	"3"
"锦江区"	0	0	1	0.216	0.224	0.56	-0.106	-0.11	0.252	0.468	"3"
"键"	0	0	1	0.216	0.224	0.56	-0.106	-0.11	0.252	0.468	"3"
"锲"	1	0	0	0.216	0.224	0.56	0.666	-0.11	-0.356	1.132	"1"
"锲而不舍"	0	1	0	0.216	0.224	0.56	-0.106	0.649	-0.356	1.111	"2"
"长江三角洲"	0	0	1	0.216	0.224	0.56	-0.106	-0.11	0.252	0.468	"3"
"长远"	0	1	2	0.648	0.673	1.679	-0.317	0.273	0.23	0.82	"1"
"防备"	0	0	1	0.216	0.224	0.56	-0.106	-0.11	0.252	0.468	"3"
"防止"	0	0	1	0.216	0.224	0.56	-0.106	-0.11	0.252	0.468	"3"
"阿巴丹戎"	0	0	1	0.216	0.224	0.56	-0.106	-0.11	0.252	0.468	"3"
"阿诺"	0	0	3	0.648	0.673	1.679	-0.317	-0.331	0.756	1.404	"3"
"陆续"	1	0	2	0.648	0.673	1.679	0.286	-0.331	0.23	0.847	"2"
"陈德安"	1	0	0	0.216	0.224	0.56	0.666	-0.11	-0.356	1.132	"1"
"陈盛沺"	0	0	1	0.216	0.224	0.56	-0.106	-0.11	0.252	0.468	"3"
"院党"	0	1	0	0.216	0.224	0.56	-0.106	0.649	-0.356	1.111	"2"
"随地"	0	0	2	0.432	0.449	1.119	-0.211	-0.221	0.504	0.936	"3"
"难保"	0	0	1	0.216	0.224	0.56	-0.106	-0.11	0.252	0.468	"3"
"难题"	0	0	1	0.216	0.224	0.56	-0.106	-0.11	0.252	0.468	"3"
"雪佛莱"	0	0	2	0.432	0.449	1.119	-0.211	-0.221	0.504	0.936	"3"
"需求"	0	1	0	0.216	0.224	0.56	-0.106	0.649	-0.356	1.111	"2"
"需要"	0	0	1	0.216	0.224	0.56	-0.106	-0.11	0.252	0.468	"3"
"青年会"	0	1	0	0.216	0.224	0.56	-0.106	0.649	-0.356	1.111	"2"
"面临"	0	1	2	0.648	0.673	1.679	-0.317	0.273	0.23	0.82	"1"
"面向"	0	2	0	0.432	0.449	1.119	-0.211	1.298	-0.712	2.221	"2"
"面对"	1	1	4	1.296	1.346	3.358	-0.21	-0.225	0.336	0.771	"3"
"韩美"	1	0	1	0.432	0.449	1.119	0.414	-0.221	-0.163	0.798	"1"
"预"	0	0	1	0.216	0.224	0.56	-0.106	-0.11	0.252	0.468	"3"
"预付卡"	0	0	1	0.216	0.224	0.56	-0.106	-0.11	0.252	0.468	"3"
"预估"	1	0	0	0.216	0.224	0.56	0.666	-0.11	-0.356	1.132	"1"
"预判"	0	0	1	0.216	0.224	0.56	-0.106	-0.11	0.252	0.468	"3"
"预料"	2	0	0	0.432	0.449	1.119	1.331	-0.221	-0.712	2.264	"1"
"预期"	0	0	4	0.864	0.898	2.238	-0.423	-0.441	1.008	1.872	"3"
"预测"	0	1	4	1.08	1.122	2.798	-0.528	-0.163	0.567	1.258	"3"
"预祝"	1	0	0	0.216	0.224	0.56	0.666	-0.11	-0.356	1.132	"1"
"预见"	0	0	3	0.648	0.673	1.679	-0.317	-0.331	0.756	1.404	"3"
"预见性"	0	0	1	0.216	0.224	0.56	-0.106	-0.11	0.252	0.468	"3"
"预计"	0	0	6	1.296	1.346	3.358	-0.634	-0.662	1.513	2.809	"3"
"预防"	0	0	1	0.216	0.224	0.56	-0.106	-0.11	0.252	0.468	"3"
"飞行器"	0	0	1	0.216	0.224	0.56	-0.106	-0.11	0.252	0.468	"3"
"馆区"	1	0	0	0.216	0.224	0.56	0.666	-0.11	-0.356	1.132	"1"
"高科技"	1	1	1	0.648	0.673	1.679	0.286	0.273	-0.386	0.945	"3"
"鸟园"	1	0	0	0.216	0.224	0.56	0.666	-0.11	-0.356	1.132	"1"
"黄河"	0	0	2	0.432	0.449	1.119	-0.211	-0.221	0.504	0.936	"3"
"黄济津"	0	0	1	0.216	0.224	0.56	-0.106	-0.11	0.252	0.468	"3"
"黑河"	0	0	1	0.216	0.224	0.56	-0.106	-0.11	0.252	0.468	"3"
"鼓励"	0	0	1	0.216	0.224	0.56	-0.106	-0.11	0.252	0.468	"3"
