"Coll_Word"	"1"	"2"	"3"	"4"	"5"	"exp_1"	"exp_2"	"exp_3"	"exp_4"	"exp_5"	"pbin_1"	"pbin_2"	"pbin_3"	"pbin_4"	"pbin_5"	"SumAbsDev"	"LargestDev"
"--"	0	0	1	0	0	0.103	0.375	0.346	0.053	0.124	-0.047	-0.204	0.461	-0.024	-0.057	0.793	"3"
"﹐"	0	1	3	0	0	0.411	1.499	1.383	0.212	0.496	-0.188	-0.284	0.912	-0.095	-0.23	1.709	"3"
":"	0	4	27	0	0	3.186	11.614	10.714	1.644	3.841	-1.46	-2.603	8.663	-0.734	-1.781	15.241	"3"
"("	0	0	39	1	0	4.111	14.985	13.825	2.122	4.956	-1.884	-8.155	16.571	-0.436	-2.298	29.344	"3"
")"	0	1	42	0	0	4.419	16.109	14.862	2.281	5.328	-2.025	-7.339	17.924	-1.018	-2.47	30.776	"3"
"《"	43	0	3	0	0	4.728	17.233	15.899	2.44	5.7	38.445	-9.378	-5.065	-1.089	-2.643	56.62	"1"
"》"	42	0	3	0	0	4.625	16.859	15.553	2.387	5.576	37.486	-9.174	-4.909	-1.065	-2.585	55.219	"1"
"」"	0	4	4	1	1	1.028	3.746	3.456	0.53	1.239	-0.471	0.258	0.324	0.377	-0.192	1.622	"1"
"107"	0	0	1	0	0	0.103	0.375	0.346	0.053	0.124	-0.047	-0.204	0.461	-0.024	-0.057	0.793	"3"
"10日"	0	0	1	0	0	0.103	0.375	0.346	0.053	0.124	-0.047	-0.204	0.461	-0.024	-0.057	0.793	"3"
"140"	0	1	0	0	0	0.103	0.375	0.346	0.053	0.124	-0.047	0.426	-0.184	-0.024	-0.057	0.738	"2"
"14日"	0	0	1	0	0	0.103	0.375	0.346	0.053	0.124	-0.047	-0.204	0.461	-0.024	-0.057	0.793	"3"
"17日电"	0	0	1	0	0	0.103	0.375	0.346	0.053	0.124	-0.047	-0.204	0.461	-0.024	-0.057	0.793	"3"
"19日"	0	0	1	0	0	0.103	0.375	0.346	0.053	0.124	-0.047	-0.204	0.461	-0.024	-0.057	0.793	"3"
"2000年"	0	1	0	0	0	0.103	0.375	0.346	0.053	0.124	-0.047	0.426	-0.184	-0.024	-0.057	0.738	"2"
"2002年"	0	0	2	0	0	0.206	0.749	0.691	0.106	0.248	-0.094	-0.408	0.923	-0.047	-0.115	1.587	"3"
"22日"	0	0	1	0	0	0.103	0.375	0.346	0.053	0.124	-0.047	-0.204	0.461	-0.024	-0.057	0.793	"3"
"24"	1	0	0	0	1	0.206	0.749	0.691	0.106	0.248	0.71	-0.408	-0.368	-0.047	0.634	2.167	"1"
"26日"	0	0	1	0	0	0.103	0.375	0.346	0.053	0.124	-0.047	-0.204	0.461	-0.024	-0.057	0.793	"3"
"27"	0	0	0	0	1	0.103	0.375	0.346	0.053	0.124	-0.047	-0.204	-0.184	-0.024	0.907	1.366	"5"
"27日电"	0	0	1	0	0	0.103	0.375	0.346	0.053	0.124	-0.047	-0.204	0.461	-0.024	-0.057	0.793	"3"
"28"	0	0	0	0	1	0.103	0.375	0.346	0.053	0.124	-0.047	-0.204	-0.184	-0.024	0.907	1.366	"5"
"29"	0	0	0	0	1	0.103	0.375	0.346	0.053	0.124	-0.047	-0.204	-0.184	-0.024	0.907	1.366	"5"
"29日"	0	1	0	0	0	0.103	0.375	0.346	0.053	0.124	-0.047	0.426	-0.184	-0.024	-0.057	0.738	"2"
"2日"	0	0	1	0	0	0.103	0.375	0.346	0.053	0.124	-0.047	-0.204	0.461	-0.024	-0.057	0.793	"3"
"3时"	0	1	0	0	0	0.103	0.375	0.346	0.053	0.124	-0.047	0.426	-0.184	-0.024	-0.057	0.738	"2"
"6成"	0	0	1	0	0	0.103	0.375	0.346	0.053	0.124	-0.047	-0.204	0.461	-0.024	-0.057	0.793	"3"
"6日"	0	0	2	0	0	0.206	0.749	0.691	0.106	0.248	-0.094	-0.408	0.923	-0.047	-0.115	1.587	"3"
"7月"	0	0	2	0	0	0.206	0.749	0.691	0.106	0.248	-0.094	-0.408	0.923	-0.047	-0.115	1.587	"3"
"891016"	0	1	0	0	0	0.103	0.375	0.346	0.053	0.124	-0.047	0.426	-0.184	-0.024	-0.057	0.738	"2"
"891110"	0	0	0	1	0	0.103	0.375	0.346	0.053	0.124	-0.047	-0.204	-0.184	1.275	-0.057	1.767	"4"
"891118"	0	0	1	0	0	0.103	0.375	0.346	0.053	0.124	-0.047	-0.204	0.461	-0.024	-0.057	0.793	"3"
"891127"	0	1	0	0	0	0.103	0.375	0.346	0.053	0.124	-0.047	0.426	-0.184	-0.024	-0.057	0.738	"2"
"891206"	0	0	1	0	0	0.103	0.375	0.346	0.053	0.124	-0.047	-0.204	0.461	-0.024	-0.057	0.793	"3"
"891215"	0	0	1	0	0	0.103	0.375	0.346	0.053	0.124	-0.047	-0.204	0.461	-0.024	-0.057	0.793	"3"
"ＣＮＮ"	0	0	1	0	0	0.103	0.375	0.346	0.053	0.124	-0.047	-0.204	0.461	-0.024	-0.057	0.793	"3"
"DoCoMo"	0	0	0	0	1	0.103	0.375	0.346	0.053	0.124	-0.047	-0.204	-0.184	-0.024	0.907	1.366	"5"
"DU"	0	1	0	0	0	0.103	0.375	0.346	0.053	0.124	-0.047	0.426	-0.184	-0.024	-0.057	0.738	"2"
"Handelsblatt"	1	0	0	0	0	0.103	0.375	0.346	0.053	0.124	0.988	-0.204	-0.184	-0.024	-0.057	1.457	"1"
"News"	0	1	0	0	0	0.103	0.375	0.346	0.053	0.124	-0.047	0.426	-0.184	-0.024	-0.057	0.738	"2"
"NEWS"	0	1	0	0	0	0.103	0.375	0.346	0.053	0.124	-0.047	0.426	-0.184	-0.024	-0.057	0.738	"2"
"POSTNET"	1	0	0	0	0	0.103	0.375	0.346	0.053	0.124	0.988	-0.204	-0.184	-0.024	-0.057	1.457	"1"
"PrensaEconomica"	0	0	1	0	0	0.103	0.375	0.346	0.053	0.124	-0.047	-0.204	0.461	-0.024	-0.057	0.793	"3"
"Science"	0	1	0	0	0	0.103	0.375	0.346	0.053	0.124	-0.047	0.426	-0.184	-0.024	-0.057	0.738	"2"
"SETN"	0	1	0	0	0	0.103	0.375	0.346	0.053	0.124	-0.047	0.426	-0.184	-0.024	-0.057	0.738	"2"
"三十日"	0	0	1	0	0	0.103	0.375	0.346	0.053	0.124	-0.047	-0.204	0.461	-0.024	-0.057	0.793	"3"
"上报"	0	0	1	0	0	0.103	0.375	0.346	0.053	0.124	-0.047	-0.204	0.461	-0.024	-0.057	0.793	"3"
"上海"	0	0	2	0	0	0.206	0.749	0.691	0.106	0.248	-0.094	-0.408	0.923	-0.047	-0.115	1.587	"3"
"上海市"	0	1	0	0	0	0.103	0.375	0.346	0.053	0.124	-0.047	0.426	-0.184	-0.024	-0.057	0.738	"2"
"上述"	1	1	1	0	0	0.308	1.124	1.037	0.159	0.372	0.556	-0.165	-0.14	-0.071	-0.172	1.104	"1"
"下调"	0	1	0	0	0	0.103	0.375	0.346	0.053	0.124	-0.047	0.426	-0.184	-0.024	-0.057	0.738	"2"
"下院"	0	1	0	0	0	0.103	0.375	0.346	0.053	0.124	-0.047	0.426	-0.184	-0.024	-0.057	0.738	"2"
"不利"	0	1	0	0	0	0.103	0.375	0.346	0.053	0.124	-0.047	0.426	-0.184	-0.024	-0.057	0.738	"2"
"不和"	0	0	0	1	0	0.103	0.375	0.346	0.053	0.124	-0.047	-0.204	-0.184	1.275	-0.057	1.767	"4"
"不实"	0	3	0	0	0	0.308	1.124	1.037	0.159	0.372	-0.141	1.279	-0.553	-0.071	-0.172	2.216	"2"
"不幸"	0	2	0	0	0	0.206	0.749	0.691	0.106	0.248	-0.094	0.853	-0.368	-0.047	-0.115	1.477	"2"
"不明"	0	0	1	0	0	0.103	0.375	0.346	0.053	0.124	-0.047	-0.204	0.461	-0.024	-0.057	0.793	"3"
"不符"	1	0	0	0	0	0.103	0.375	0.346	0.053	0.124	0.988	-0.204	-0.184	-0.024	-0.057	1.457	"1"
"丑闻"	0	1	0	0	0	0.103	0.375	0.346	0.053	0.124	-0.047	0.426	-0.184	-0.024	-0.057	0.738	"2"
"专业"	0	1	0	0	0	0.103	0.375	0.346	0.053	0.124	-0.047	0.426	-0.184	-0.024	-0.057	0.738	"2"
"专业报"	0	0	0	0	1	0.103	0.375	0.346	0.053	0.124	-0.047	-0.204	-0.184	-0.024	0.907	1.366	"5"
"专电"	0	2	0	0	1	0.308	1.124	1.037	0.159	0.372	-0.141	0.5	-0.553	-0.071	0.485	1.75	"3"
"专题"	0	0	1	0	0	0.103	0.375	0.346	0.053	0.124	-0.047	-0.204	0.461	-0.024	-0.057	0.793	"3"
"世界"	0	0	2	0	0	0.206	0.749	0.691	0.106	0.248	-0.094	-0.408	0.923	-0.047	-0.115	1.587	"3"
"东京"	0	1	3	0	1	0.514	1.873	1.728	0.265	0.62	-0.235	-0.418	0.641	-0.118	0.315	1.727	"3"
"东方"	0	0	0	0	1	0.103	0.375	0.346	0.053	0.124	-0.047	-0.204	-0.184	-0.024	0.907	1.366	"5"
"东森"	0	0	0	1	0	0.103	0.375	0.346	0.053	0.124	-0.047	-0.204	-0.184	1.275	-0.057	1.767	"4"
"严重急"	0	0	1	0	0	0.103	0.375	0.346	0.053	0.124	-0.047	-0.204	0.461	-0.024	-0.057	0.793	"3"
"中共"	0	0	8	1	0	0.925	3.372	3.111	0.477	1.115	-0.424	-1.835	2.896	0.411	-0.517	6.083	"3"
"中关村"	0	0	1	0	0	0.103	0.375	0.346	0.053	0.124	-0.047	-0.204	0.461	-0.024	-0.057	0.793	"3"
"中南区"	0	0	0	0	1	0.103	0.375	0.346	0.053	0.124	-0.047	-0.204	-0.184	-0.024	0.907	1.366	"5"
"中国"	0	4	8	0	0	1.233	4.496	4.148	0.637	1.487	-0.565	-0.291	1.627	-0.284	-0.689	3.456	"3"
"中国日报"	1	0	0	1	0	0.206	0.749	0.691	0.106	0.248	0.71	-0.408	-0.368	0.986	-0.115	2.587	"4"
"中国时报"	2	0	0	0	0	0.206	0.749	0.691	0.106	0.248	1.976	-0.408	-0.368	-0.047	-0.115	2.914	"1"
"中央"	0	0	1	0	1	0.206	0.749	0.691	0.106	0.248	-0.094	-0.408	0.243	-0.047	0.634	1.426	"5"
"中央社"	0	2	1	1	1	0.514	1.873	1.728	0.265	0.62	-0.235	0.209	-0.36	0.622	0.315	1.741	"4"
"中心"	0	2	0	0	0	0.206	0.749	0.691	0.106	0.248	-0.094	0.853	-0.368	-0.047	-0.115	1.477	"2"
"中情局"	0	1	0	0	0	0.103	0.375	0.346	0.053	0.124	-0.047	0.426	-0.184	-0.024	-0.057	0.738	"2"
"中文"	0	1	0	0	0	0.103	0.375	0.346	0.053	0.124	-0.047	0.426	-0.184	-0.024	-0.057	0.738	"2"
"中新社"	0	0	4	0	0	0.411	1.499	1.383	0.212	0.496	-0.188	-0.815	1.846	-0.095	-0.23	3.174	"3"
"中新网"	1	0	0	0	0	0.103	0.375	0.346	0.053	0.124	0.988	-0.204	-0.184	-0.024	-0.057	1.457	"1"
"中组部"	0	1	0	0	0	0.103	0.375	0.346	0.053	0.124	-0.047	0.426	-0.184	-0.024	-0.057	0.738	"2"
"中联湿"	0	1	0	0	0	0.103	0.375	0.346	0.053	0.124	-0.047	0.426	-0.184	-0.024	-0.057	0.738	"2"
"为何"	0	1	1	0	0	0.206	0.749	0.691	0.106	0.248	-0.094	0.215	0.243	-0.047	-0.115	0.714	"3"
"主席"	0	1	0	0	0	0.103	0.375	0.346	0.053	0.124	-0.047	0.426	-0.184	-0.024	-0.057	0.738	"2"
"主管"	0	1	0	0	0	0.103	0.375	0.346	0.053	0.124	-0.047	0.426	-0.184	-0.024	-0.057	0.738	"2"
"主编"	1	0	0	0	0	0.103	0.375	0.346	0.053	0.124	0.988	-0.204	-0.184	-0.024	-0.057	1.457	"1"
"主要"	0	2	7	0	0	0.925	3.372	3.111	0.477	1.115	-0.424	-0.549	1.985	-0.213	-0.517	3.688	"3"
"举国"	0	1	0	0	0	0.103	0.375	0.346	0.053	0.124	-0.047	0.426	-0.184	-0.024	-0.057	0.738	"2"
"久"	0	1	0	0	0	0.103	0.375	0.346	0.053	0.124	-0.047	0.426	-0.184	-0.024	-0.057	0.738	"2"
"之后"	0	1	0	0	0	0.103	0.375	0.346	0.053	0.124	-0.047	0.426	-0.184	-0.024	-0.057	0.738	"2"
"乌代"	0	1	0	0	0	0.103	0.375	0.346	0.053	0.124	-0.047	0.426	-0.184	-0.024	-0.057	0.738	"2"
"乌姆盖斯尔港"	0	0	0	0	1	0.103	0.375	0.346	0.053	0.124	-0.047	-0.204	-0.184	-0.024	0.907	1.366	"5"
"乡亲"	0	1	0	0	0	0.103	0.375	0.346	0.053	0.124	-0.047	0.426	-0.184	-0.024	-0.057	0.738	"2"
"事"	0	1	0	0	0	0.103	0.375	0.346	0.053	0.124	-0.047	0.426	-0.184	-0.024	-0.057	0.738	"2"
"事业"	0	0	0	1	0	0.103	0.375	0.346	0.053	0.124	-0.047	-0.204	-0.184	1.275	-0.057	1.767	"4"
"事实"	0	0	0	1	0	0.103	0.375	0.346	0.053	0.124	-0.047	-0.204	-0.184	1.275	-0.057	1.767	"4"
"二"	0	0	4	0	0	0.411	1.499	1.383	0.212	0.496	-0.188	-0.815	1.846	-0.095	-0.23	3.174	"3"
"二十世纪"	0	0	1	0	0	0.103	0.375	0.346	0.053	0.124	-0.047	-0.204	0.461	-0.024	-0.057	0.793	"3"
"二十九日"	0	0	0	0	1	0.103	0.375	0.346	0.053	0.124	-0.047	-0.204	-0.184	-0.024	0.907	1.366	"5"
"二十八日"	0	0	1	0	0	0.103	0.375	0.346	0.053	0.124	-0.047	-0.204	0.461	-0.024	-0.057	0.793	"3"
"二日"	0	0	1	0	0	0.103	0.375	0.346	0.053	0.124	-0.047	-0.204	0.461	-0.024	-0.057	0.793	"3"
"二零三零年"	0	1	0	0	0	0.103	0.375	0.346	0.053	0.124	-0.047	0.426	-0.184	-0.024	-0.057	0.738	"2"
"云南"	0	0	1	0	0	0.103	0.375	0.346	0.053	0.124	-0.047	-0.204	0.461	-0.024	-0.057	0.793	"3"
"互联"	0	0	1	0	0	0.103	0.375	0.346	0.053	0.124	-0.047	-0.204	0.461	-0.024	-0.057	0.793	"3"
"互联网"	0	0	1	0	0	0.103	0.375	0.346	0.053	0.124	-0.047	-0.204	0.461	-0.024	-0.057	0.793	"3"
"些"	0	1	0	0	0	0.103	0.375	0.346	0.053	0.124	-0.047	0.426	-0.184	-0.024	-0.057	0.738	"2"
"亟"	0	0	0	1	0	0.103	0.375	0.346	0.053	0.124	-0.047	-0.204	-0.184	1.275	-0.057	1.767	"4"
"交投"	0	2	0	0	0	0.206	0.749	0.691	0.106	0.248	-0.094	0.853	-0.368	-0.047	-0.115	1.477	"2"
"交换"	0	1	1	0	0	0.206	0.749	0.691	0.106	0.248	-0.094	0.215	0.243	-0.047	-0.115	0.714	"3"
"交易市"	0	0	1	0	0	0.103	0.375	0.346	0.053	0.124	-0.047	-0.204	0.461	-0.024	-0.057	0.793	"3"
"交流"	0	0	1	0	0	0.103	0.375	0.346	0.053	0.124	-0.047	-0.204	0.461	-0.024	-0.057	0.793	"3"
"交通部"	0	1	0	0	0	0.103	0.375	0.346	0.053	0.124	-0.047	0.426	-0.184	-0.024	-0.057	0.738	"2"
"产品"	0	0	6	0	0	0.617	2.248	2.074	0.318	0.743	-0.283	-1.223	2.768	-0.142	-0.345	4.761	"3"
"亲口"	0	1	0	0	0	0.103	0.375	0.346	0.053	0.124	-0.047	0.426	-0.184	-0.024	-0.057	0.738	"2"
"人员"	0	2	0	0	0	0.206	0.749	0.691	0.106	0.248	-0.094	0.853	-0.368	-0.047	-0.115	1.477	"2"
"人士"	0	8	1	0	1	1.028	3.746	3.456	0.53	1.239	-0.471	2.108	-1.044	-0.237	-0.192	4.052	"2"
"人心"	0	1	1	0	0	0.206	0.749	0.691	0.106	0.248	-0.094	0.215	0.243	-0.047	-0.115	0.714	"3"
"人民币"	0	0	2	0	0	0.206	0.749	0.691	0.106	0.248	-0.094	-0.408	0.923	-0.047	-0.115	1.587	"3"
"人民日报"	0	0	1	0	0	0.103	0.375	0.346	0.053	0.124	-0.047	-0.204	0.461	-0.024	-0.057	0.793	"3"
"人物"	0	1	0	0	0	0.103	0.375	0.346	0.053	0.124	-0.047	0.426	-0.184	-0.024	-0.057	0.738	"2"
"今天"	0	1	25	1	1	2.878	10.49	9.678	1.485	3.47	-1.319	-4.459	8.545	-0.253	-0.913	15.489	"3"
"今日"	0	0	18	0	0	1.85	6.743	6.221	0.955	2.23	-0.848	-3.67	8.305	-0.426	-1.034	14.283	"3"
"今晚"	0	0	0	2	0	0.206	0.749	0.691	0.106	0.248	-0.094	-0.408	-0.368	2.551	-0.115	3.536	"4"
"从业员"	0	0	1	0	0	0.103	0.375	0.346	0.053	0.124	-0.047	-0.204	0.461	-0.024	-0.057	0.793	"3"
"从事"	0	1	1	0	0	0.206	0.749	0.691	0.106	0.248	-0.094	0.215	0.243	-0.047	-0.115	0.714	"3"
"他人"	0	2	0	0	0	0.206	0.749	0.691	0.106	0.248	-0.094	0.853	-0.368	-0.047	-0.115	1.477	"2"
"令"	0	1	0	0	0	0.103	0.375	0.346	0.053	0.124	-0.047	0.426	-0.184	-0.024	-0.057	0.738	"2"
"以及"	0	2	0	0	0	0.206	0.749	0.691	0.106	0.248	-0.094	0.853	-0.368	-0.047	-0.115	1.477	"2"
"以来"	0	0	1	1	0	0.206	0.749	0.691	0.106	0.248	-0.094	-0.408	0.243	0.986	-0.115	1.846	"4"
"以色列"	0	1	0	0	0	0.103	0.375	0.346	0.053	0.124	-0.047	0.426	-0.184	-0.024	-0.057	0.738	"2"
"任何"	0	1	0	0	0	0.103	0.375	0.346	0.053	0.124	-0.047	0.426	-0.184	-0.024	-0.057	0.738	"2"
"伊"	0	4	0	0	0	0.411	1.499	1.383	0.212	0.496	-0.188	1.706	-0.737	-0.095	-0.23	2.956	"2"
"伊万诺夫"	0	0	0	0	1	0.103	0.375	0.346	0.053	0.124	-0.047	-0.204	-0.184	-0.024	0.907	1.366	"5"
"伊战"	0	0	1	0	0	0.103	0.375	0.346	0.053	0.124	-0.047	-0.204	0.461	-0.024	-0.057	0.793	"3"
"伊拉克"	3	8	0	0	1	1.233	4.496	4.148	0.637	1.487	0.928	1.412	-2.21	-0.284	-0.259	5.093	"3"
"伊朗"	0	0	0	0	1	0.103	0.375	0.346	0.053	0.124	-0.047	-0.204	-0.184	-0.024	0.907	1.366	"5"
"优"	0	1	0	0	0	0.103	0.375	0.346	0.053	0.124	-0.047	0.426	-0.184	-0.024	-0.057	0.738	"2"
"优秀"	0	0	1	0	0	0.103	0.375	0.346	0.053	0.124	-0.047	-0.204	0.461	-0.024	-0.057	0.793	"3"
"会"	0	1	2	0	0	0.308	1.124	1.037	0.159	0.372	-0.141	-0.165	0.559	-0.071	-0.172	1.108	"3"
"会见"	0	0	1	0	0	0.103	0.375	0.346	0.053	0.124	-0.047	-0.204	0.461	-0.024	-0.057	0.793	"3"
"传"	0	2	0	0	0	0.206	0.749	0.691	0.106	0.248	-0.094	0.853	-0.368	-0.047	-0.115	1.477	"2"
"传出"	0	9	0	0	0	0.925	3.372	3.111	0.477	1.115	-0.424	3.838	-1.658	-0.213	-0.517	6.65	"2"
"传媒"	0	2	0	1	1	0.411	1.499	1.383	0.212	0.496	-0.188	0.318	-0.737	0.708	0.386	2.337	"3"
"传播"	0	1	0	0	0	0.103	0.375	0.346	0.053	0.124	-0.047	0.426	-0.184	-0.024	-0.057	0.738	"2"
"传来"	0	1	0	0	0	0.103	0.375	0.346	0.053	0.124	-0.047	0.426	-0.184	-0.024	-0.057	0.738	"2"
"传电"	0	0	0	0	1	0.103	0.375	0.346	0.053	0.124	-0.047	-0.204	-0.184	-0.024	0.907	1.366	"5"
"传真社"	0	0	0	0	1	0.103	0.375	0.346	0.053	0.124	-0.047	-0.204	-0.184	-0.024	0.907	1.366	"5"
"传至"	0	1	0	0	0	0.103	0.375	0.346	0.053	0.124	-0.047	0.426	-0.184	-0.024	-0.057	0.738	"2"
"传记"	0	0	1	0	0	0.103	0.375	0.346	0.053	0.124	-0.047	-0.204	0.461	-0.024	-0.057	0.793	"3"
"传达"	0	2	0	0	0	0.206	0.749	0.691	0.106	0.248	-0.094	0.853	-0.368	-0.047	-0.115	1.477	"2"
"传递"	0	1	0	0	0	0.103	0.375	0.346	0.053	0.124	-0.047	0.426	-0.184	-0.024	-0.057	0.738	"2"
"伦敦"	0	2	0	0	0	0.206	0.749	0.691	0.106	0.248	-0.094	0.853	-0.368	-0.047	-0.115	1.477	"2"
"伦斯斐"	0	0	1	0	0	0.103	0.375	0.346	0.053	0.124	-0.047	-0.204	0.461	-0.024	-0.057	0.793	"3"
"伦理"	0	1	0	0	0	0.103	0.375	0.346	0.053	0.124	-0.047	0.426	-0.184	-0.024	-0.057	0.738	"2"
"位于"	0	0	1	0	1	0.206	0.749	0.691	0.106	0.248	-0.094	-0.408	0.243	-0.047	0.634	1.426	"5"
"佐治亚州"	2	0	0	0	0	0.206	0.749	0.691	0.106	0.248	1.976	-0.408	-0.368	-0.047	-0.115	2.914	"1"
"体"	0	1	0	0	0	0.103	0.375	0.346	0.053	0.124	-0.047	0.426	-0.184	-0.024	-0.057	0.738	"2"
"体育局"	0	0	0	0	2	0.206	0.749	0.691	0.106	0.248	-0.094	-0.408	-0.368	-0.047	1.814	2.731	"5"
"何以"	0	0	1	0	0	0.103	0.375	0.346	0.053	0.124	-0.047	-0.204	0.461	-0.024	-0.057	0.793	"3"
"何盈"	0	1	0	0	0	0.103	0.375	0.346	0.053	0.124	-0.047	0.426	-0.184	-0.024	-0.057	0.738	"2"
"佩鲁贾"	0	0	1	0	0	0.103	0.375	0.346	0.053	0.124	-0.047	-0.204	0.461	-0.024	-0.057	0.793	"3"
"使用"	0	0	8	0	0	0.822	2.997	2.765	0.424	0.991	-0.377	-1.631	3.691	-0.189	-0.46	6.348	"3"
"例行"	0	0	1	0	0	0.103	0.375	0.346	0.053	0.124	-0.047	-0.204	0.461	-0.024	-0.057	0.793	"3"
"供"	0	0	3	0	0	0.308	1.124	1.037	0.159	0.372	-0.141	-0.612	1.384	-0.071	-0.172	2.38	"3"
"依据"	0	1	0	0	0	0.103	0.375	0.346	0.053	0.124	-0.047	0.426	-0.184	-0.024	-0.057	0.738	"2"
"依法"	0	0	3	0	0	0.308	1.124	1.037	0.159	0.372	-0.141	-0.612	1.384	-0.071	-0.172	2.38	"3"
"侨校"	0	0	0	0	1	0.103	0.375	0.346	0.053	0.124	-0.047	-0.204	-0.184	-0.024	0.907	1.366	"5"
"俄"	0	0	0	0	3	0.308	1.124	1.037	0.159	0.372	-0.141	-0.612	-0.553	-0.071	2.721	4.098	"5"
"俄军"	0	0	0	0	1	0.103	0.375	0.346	0.053	0.124	-0.047	-0.204	-0.184	-0.024	0.907	1.366	"5"
"俄罗斯"	0	0	0	0	3	0.308	1.124	1.037	0.159	0.372	-0.141	-0.612	-0.553	-0.071	2.721	4.098	"5"
"保加利亚"	0	0	0	0	2	0.206	0.749	0.691	0.106	0.248	-0.094	-0.408	-0.368	-0.047	1.814	2.731	"5"
"保密"	0	1	0	0	0	0.103	0.375	0.346	0.053	0.124	-0.047	0.426	-0.184	-0.024	-0.057	0.738	"2"
"保通"	0	0	0	0	1	0.103	0.375	0.346	0.053	0.124	-0.047	-0.204	-0.184	-0.024	0.907	1.366	"5"
"信息"	0	0	3	0	0	0.308	1.124	1.037	0.159	0.372	-0.141	-0.612	1.384	-0.071	-0.172	2.38	"3"
"倒闭"	0	1	0	0	0	0.103	0.375	0.346	0.053	0.124	-0.047	0.426	-0.184	-0.024	-0.057	0.738	"2"
"借由"	0	0	0	0	1	0.103	0.375	0.346	0.053	0.124	-0.047	-0.204	-0.184	-0.024	0.907	1.366	"5"
"假"	0	2	0	0	0	0.206	0.749	0.691	0.106	0.248	-0.094	0.853	-0.368	-0.047	-0.115	1.477	"2"
"假货"	0	0	1	0	0	0.103	0.375	0.346	0.053	0.124	-0.047	-0.204	0.461	-0.024	-0.057	0.793	"3"
"停尸处"	0	1	0	0	0	0.103	0.375	0.346	0.053	0.124	-0.047	0.426	-0.184	-0.024	-0.057	0.738	"2"
"停工"	0	1	0	0	0	0.103	0.375	0.346	0.053	0.124	-0.047	0.426	-0.184	-0.024	-0.057	0.738	"2"
"停征"	0	0	1	0	0	0.103	0.375	0.346	0.053	0.124	-0.047	-0.204	0.461	-0.024	-0.057	0.793	"3"
"党校"	0	0	1	0	0	0.103	0.375	0.346	0.053	0.124	-0.047	-0.204	0.461	-0.024	-0.057	0.793	"3"
"入驻"	0	0	1	0	0	0.103	0.375	0.346	0.053	0.124	-0.047	-0.204	0.461	-0.024	-0.057	0.793	"3"
"全"	0	2	0	0	0	0.206	0.749	0.691	0.106	0.248	-0.094	0.853	-0.368	-0.047	-0.115	1.477	"2"
"全国"	0	2	6	0	0	0.822	2.997	2.765	0.424	0.991	-0.377	-0.431	1.625	-0.189	-0.46	3.082	"3"
"八卦"	0	1	0	0	0	0.103	0.375	0.346	0.053	0.124	-0.047	0.426	-0.184	-0.024	-0.057	0.738	"2"
"公"	0	0	3	0	0	0.308	1.124	1.037	0.159	0.372	-0.141	-0.612	1.384	-0.071	-0.172	2.38	"3"
"公佈"	0	1	0	0	0	0.103	0.375	0.346	0.053	0.124	-0.047	0.426	-0.184	-0.024	-0.057	0.738	"2"
"公告"	0	0	5	0	0	0.514	1.873	1.728	0.265	0.62	-0.235	-1.019	2.307	-0.118	-0.287	3.966	"3"
"公安厅"	0	0	1	0	0	0.103	0.375	0.346	0.053	0.124	-0.047	-0.204	0.461	-0.024	-0.057	0.793	"3"
"公安部"	0	0	2	0	0	0.206	0.749	0.691	0.106	0.248	-0.094	-0.408	0.923	-0.047	-0.115	1.587	"3"
"公布"	0	3	1	0	0	0.411	1.499	1.383	0.212	0.496	-0.188	0.82	-0.244	-0.095	-0.23	1.577	"2"
"公报"	0	0	4	0	0	0.411	1.499	1.383	0.212	0.496	-0.188	-0.815	1.846	-0.095	-0.23	3.174	"3"
"公正"	0	2	0	1	0	0.308	1.124	1.037	0.159	0.372	-0.141	0.5	-0.553	0.821	-0.172	2.187	"4"
"共和党"	0	1	0	0	0	0.103	0.375	0.346	0.053	0.124	-0.047	0.426	-0.184	-0.024	-0.057	0.738	"2"
"共和国"	0	0	0	0	1	0.103	0.375	0.346	0.053	0.124	-0.047	-0.204	-0.184	-0.024	0.907	1.366	"5"
"关于"	0	0	3	0	0	0.308	1.124	1.037	0.159	0.372	-0.141	-0.612	1.384	-0.071	-0.172	2.38	"3"
"关塔那摩"	0	1	0	0	0	0.103	0.375	0.346	0.053	0.124	-0.047	0.426	-0.184	-0.024	-0.057	0.738	"2"
"兼"	0	1	0	0	0	0.103	0.375	0.346	0.053	0.124	-0.047	0.426	-0.184	-0.024	-0.057	0.738	"2"
"内容"	0	3	0	2	0	0.514	1.873	1.728	0.265	0.62	-0.235	0.561	-0.921	1.597	-0.287	3.601	"4"
"内情"	0	0	0	0	1	0.103	0.375	0.346	0.053	0.124	-0.047	-0.204	-0.184	-0.024	0.907	1.366	"5"
"内阁"	1	0	0	0	0	0.103	0.375	0.346	0.053	0.124	0.988	-0.204	-0.184	-0.024	-0.057	1.457	"1"
"写"	0	1	0	0	0	0.103	0.375	0.346	0.053	0.124	-0.047	0.426	-0.184	-0.024	-0.057	0.738	"2"
"军委"	0	0	1	0	0	0.103	0.375	0.346	0.053	0.124	-0.047	-0.204	0.461	-0.024	-0.057	0.793	"3"
"军情"	0	1	0	0	0	0.103	0.375	0.346	0.053	0.124	-0.047	0.426	-0.184	-0.024	-0.057	0.738	"2"
"军方"	0	4	0	0	0	0.411	1.499	1.383	0.212	0.496	-0.188	1.706	-0.737	-0.095	-0.23	2.956	"2"
"冯剑明"	0	1	0	0	0	0.103	0.375	0.346	0.053	0.124	-0.047	0.426	-0.184	-0.024	-0.057	0.738	"2"
"冯坚"	0	0	1	0	0	0.103	0.375	0.346	0.053	0.124	-0.047	-0.204	0.461	-0.024	-0.057	0.793	"3"
"准确"	0	1	0	0	0	0.103	0.375	0.346	0.053	0.124	-0.047	0.426	-0.184	-0.024	-0.057	0.738	"2"
"减薪"	0	1	0	0	0	0.103	0.375	0.346	0.053	0.124	-0.047	0.426	-0.184	-0.024	-0.057	0.738	"2"
"几内亚"	0	0	1	0	0	0.103	0.375	0.346	0.053	0.124	-0.047	-0.204	0.461	-0.024	-0.057	0.793	"3"
"出使"	0	1	0	0	0	0.103	0.375	0.346	0.053	0.124	-0.047	0.426	-0.184	-0.024	-0.057	0.738	"2"
"出版"	0	2	1	0	0	0.308	1.124	1.037	0.159	0.372	-0.141	0.5	-0.14	-0.071	-0.172	1.024	"2"
"击"	0	1	0	0	0	0.103	0.375	0.346	0.053	0.124	-0.047	0.426	-0.184	-0.024	-0.057	0.738	"2"
"分崩离析"	0	1	0	0	0	0.103	0.375	0.346	0.053	0.124	-0.047	0.426	-0.184	-0.024	-0.057	0.738	"2"
"分析"	0	0	3	0	0	0.308	1.124	1.037	0.159	0.372	-0.141	-0.612	1.384	-0.071	-0.172	2.38	"3"
"分社"	0	1	0	0	0	0.103	0.375	0.346	0.053	0.124	-0.047	0.426	-0.184	-0.024	-0.057	0.738	"2"
"刊"	0	1	0	0	0	0.103	0.375	0.346	0.053	0.124	-0.047	0.426	-0.184	-0.024	-0.057	0.738	"2"
"刊出"	0	0	2	0	0	0.206	0.749	0.691	0.106	0.248	-0.094	-0.408	0.923	-0.047	-0.115	1.587	"3"
"刊登"	1	1	0	0	0	0.206	0.749	0.691	0.106	0.248	0.71	0.215	-0.368	-0.047	-0.115	1.455	"1"
"刘晓庆"	0	1	0	0	0	0.103	0.375	0.346	0.053	0.124	-0.047	0.426	-0.184	-0.024	-0.057	0.738	"2"
"则"	0	4	0	0	0	0.411	1.499	1.383	0.212	0.496	-0.188	1.706	-0.737	-0.095	-0.23	2.956	"2"
"初步"	0	1	0	0	0	0.103	0.375	0.346	0.053	0.124	-0.047	0.426	-0.184	-0.024	-0.057	0.738	"2"
"利"	0	1	0	0	0	0.103	0.375	0.346	0.053	0.124	-0.047	0.426	-0.184	-0.024	-0.057	0.738	"2"
"利空"	0	1	0	0	0	0.103	0.375	0.346	0.053	0.124	-0.047	0.426	-0.184	-0.024	-0.057	0.738	"2"
"前任"	0	1	0	0	0	0.103	0.375	0.346	0.053	0.124	-0.047	0.426	-0.184	-0.024	-0.057	0.738	"2"
"前后"	0	1	0	0	0	0.103	0.375	0.346	0.053	0.124	-0.047	0.426	-0.184	-0.024	-0.057	0.738	"2"
"前天"	1	0	0	0	0	0.103	0.375	0.346	0.053	0.124	0.988	-0.204	-0.184	-0.024	-0.057	1.457	"1"
"前日"	1	0	0	0	0	0.103	0.375	0.346	0.053	0.124	0.988	-0.204	-0.184	-0.024	-0.057	1.457	"1"
"前述"	0	1	0	0	0	0.103	0.375	0.346	0.053	0.124	-0.047	0.426	-0.184	-0.024	-0.057	0.738	"2"
"前锋报"	1	0	0	0	0	0.103	0.375	0.346	0.053	0.124	0.988	-0.204	-0.184	-0.024	-0.057	1.457	"1"
"副主任"	0	1	0	0	0	0.103	0.375	0.346	0.053	0.124	-0.047	0.426	-0.184	-0.024	-0.057	0.738	"2"
"办公室"	0	0	7	0	0	0.719	2.622	2.419	0.371	0.867	-0.33	-1.427	3.23	-0.166	-0.402	5.555	"3"
"加上去年"	0	1	0	0	0	0.103	0.375	0.346	0.053	0.124	-0.047	0.426	-0.184	-0.024	-0.057	0.738	"2"
"加利福尼亚"	0	1	0	0	0	0.103	0.375	0.346	0.053	0.124	-0.047	0.426	-0.184	-0.024	-0.057	0.738	"2"
"加强"	0	1	0	0	0	0.103	0.375	0.346	0.053	0.124	-0.047	0.426	-0.184	-0.024	-0.057	0.738	"2"
"加拿大"	0	1	0	0	0	0.103	0.375	0.346	0.053	0.124	-0.047	0.426	-0.184	-0.024	-0.057	0.738	"2"
"动武"	0	1	0	0	0	0.103	0.375	0.346	0.053	0.124	-0.047	0.426	-0.184	-0.024	-0.057	0.738	"2"
"勐烈"	0	1	0	0	0	0.103	0.375	0.346	0.053	0.124	-0.047	0.426	-0.184	-0.024	-0.057	0.738	"2"
"化区"	0	1	0	0	0	0.103	0.375	0.346	0.053	0.124	-0.047	0.426	-0.184	-0.024	-0.057	0.738	"2"
"北京"	0	0	3	0	0	0.308	1.124	1.037	0.159	0.372	-0.141	-0.612	1.384	-0.071	-0.172	2.38	"3"
"北海道"	0	1	0	0	0	0.103	0.375	0.346	0.053	0.124	-0.047	0.426	-0.184	-0.024	-0.057	0.738	"2"
"北韩"	0	1	0	0	0	0.103	0.375	0.346	0.053	0.124	-0.047	0.426	-0.184	-0.024	-0.057	0.738	"2"
"北风"	1	0	0	0	0	0.103	0.375	0.346	0.053	0.124	0.988	-0.204	-0.184	-0.024	-0.057	1.457	"1"
"医学"	1	0	0	0	0	0.103	0.375	0.346	0.053	0.124	0.988	-0.204	-0.184	-0.024	-0.057	1.457	"1"
"十"	0	1	1	0	0	0.206	0.749	0.691	0.106	0.248	-0.094	0.215	0.243	-0.047	-0.115	0.714	"3"
"十一月"	0	0	0	0	1	0.103	0.375	0.346	0.053	0.124	-0.047	-0.204	-0.184	-0.024	0.907	1.366	"5"
"十七日"	0	1	1	0	0	0.206	0.749	0.691	0.106	0.248	-0.094	0.215	0.243	-0.047	-0.115	0.714	"3"
"十九日"	0	0	1	0	0	0.103	0.375	0.346	0.053	0.124	-0.047	-0.204	0.461	-0.024	-0.057	0.793	"3"
"十五日"	0	0	1	0	0	0.103	0.375	0.346	0.053	0.124	-0.047	-0.204	0.461	-0.024	-0.057	0.793	"3"
"十六日"	0	0	1	0	0	0.103	0.375	0.346	0.053	0.124	-0.047	-0.204	0.461	-0.024	-0.057	0.793	"3"
"十六日电"	0	0	0	1	0	0.103	0.375	0.346	0.053	0.124	-0.047	-0.204	-0.184	1.275	-0.057	1.767	"4"
"十四时"	0	0	1	0	0	0.103	0.375	0.346	0.053	0.124	-0.047	-0.204	0.461	-0.024	-0.057	0.793	"3"
"千里眼"	1	0	0	0	0	0.103	0.375	0.346	0.053	0.124	0.988	-0.204	-0.184	-0.024	-0.057	1.457	"1"
"华府"	0	2	0	0	0	0.206	0.749	0.691	0.106	0.248	-0.094	0.853	-0.368	-0.047	-0.115	1.477	"2"
"华盛顿"	0	2	1	0	0	0.308	1.124	1.037	0.159	0.372	-0.141	0.5	-0.14	-0.071	-0.172	1.024	"2"
"华语"	0	1	0	0	0	0.103	0.375	0.346	0.053	0.124	-0.047	0.426	-0.184	-0.024	-0.057	0.738	"2"
"协会"	0	1	4	0	0	0.514	1.873	1.728	0.265	0.62	-0.235	-0.418	1.287	-0.118	-0.287	2.345	"3"
"协约"	0	1	0	0	0	0.103	0.375	0.346	0.053	0.124	-0.047	0.426	-0.184	-0.024	-0.057	0.738	"2"
"协议"	0	1	4	0	0	0.514	1.873	1.728	0.265	0.62	-0.235	-0.418	1.287	-0.118	-0.287	2.345	"3"
"单位"	0	1	2	1	1	0.514	1.873	1.728	0.265	0.62	-0.235	-0.418	0.249	0.622	0.315	1.839	"4"
"单纯"	0	1	0	0	0	0.103	0.375	0.346	0.053	0.124	-0.047	0.426	-0.184	-0.024	-0.057	0.738	"2"
"南洋"	4	0	0	1	0	0.514	1.873	1.728	0.265	0.62	3.291	-1.019	-0.921	0.622	-0.287	6.14	"1"
"南非"	2	1	0	0	0	0.308	1.124	1.037	0.159	0.372	1.53	-0.165	-0.553	-0.071	-0.172	2.491	"1"
"南韩"	0	1	1	0	0	0.206	0.749	0.691	0.106	0.248	-0.094	0.215	0.243	-0.047	-0.115	0.714	"3"
"博斯"	0	0	0	0	1	0.103	0.375	0.346	0.053	0.124	-0.047	-0.204	-0.184	-0.024	0.907	1.366	"5"
"卡努特"	0	1	0	0	0	0.103	0.375	0.346	0.053	0.124	-0.047	0.426	-0.184	-0.024	-0.057	0.738	"2"
"卡比拉"	0	3	0	0	0	0.308	1.124	1.037	0.159	0.372	-0.141	1.279	-0.553	-0.071	-0.172	2.216	"2"
"卫"	0	1	0	0	0	0.103	0.375	0.346	0.053	0.124	-0.047	0.426	-0.184	-0.024	-0.057	0.738	"2"
"卫生部"	0	0	4	0	0	0.411	1.499	1.383	0.212	0.496	-0.188	-0.815	1.846	-0.095	-0.23	3.174	"3"
"印尼"	1	0	0	0	0	0.103	0.375	0.346	0.053	0.124	0.988	-0.204	-0.184	-0.024	-0.057	1.457	"1"
"印度"	0	0	0	0	1	0.103	0.375	0.346	0.053	0.124	-0.047	-0.204	-0.184	-0.024	0.907	1.366	"5"
"即时"	0	0	1	0	0	0.103	0.375	0.346	0.053	0.124	-0.047	-0.204	0.461	-0.024	-0.057	0.793	"3"
"卷入"	0	1	0	0	0	0.103	0.375	0.346	0.053	0.124	-0.047	0.426	-0.184	-0.024	-0.057	0.738	"2"
"原生"	0	0	1	0	0	0.103	0.375	0.346	0.053	0.124	-0.047	-0.204	0.461	-0.024	-0.057	0.793	"3"
"原诉"	0	1	0	0	0	0.103	0.375	0.346	0.053	0.124	-0.047	0.426	-0.184	-0.024	-0.057	0.738	"2"
"去世"	0	2	0	0	0	0.206	0.749	0.691	0.106	0.248	-0.094	0.853	-0.368	-0.047	-0.115	1.477	"2"
"去除"	0	1	0	0	0	0.103	0.375	0.346	0.053	0.124	-0.047	0.426	-0.184	-0.024	-0.057	0.738	"2"
"参院"	0	1	0	0	0	0.103	0.375	0.346	0.053	0.124	-0.047	0.426	-0.184	-0.024	-0.057	0.738	"2"
"反驳"	0	0	1	0	0	0.103	0.375	0.346	0.053	0.124	-0.047	-0.204	0.461	-0.024	-0.057	0.793	"3"
"发佈"	0	0	2	0	0	0.206	0.749	0.691	0.106	0.248	-0.094	-0.408	0.923	-0.047	-0.115	1.587	"3"
"发动"	0	2	0	0	0	0.206	0.749	0.691	0.106	0.248	-0.094	0.853	-0.368	-0.047	-0.115	1.477	"2"
"发回"	0	1	0	0	0	0.103	0.375	0.346	0.053	0.124	-0.047	0.426	-0.184	-0.024	-0.057	0.738	"2"
"发布"	0	0	8	0	0	0.822	2.997	2.765	0.424	0.991	-0.377	-1.631	3.691	-0.189	-0.46	6.348	"3"
"发布会"	0	1	0	0	0	0.103	0.375	0.346	0.053	0.124	-0.047	0.426	-0.184	-0.024	-0.057	0.738	"2"
"发布区"	0	1	0	0	0	0.103	0.375	0.346	0.053	0.124	-0.047	0.426	-0.184	-0.024	-0.057	0.738	"2"
"发放"	0	1	0	0	0	0.103	0.375	0.346	0.053	0.124	-0.047	0.426	-0.184	-0.024	-0.057	0.738	"2"
"发稿"	0	0	4	0	0	0.411	1.499	1.383	0.212	0.496	-0.188	-0.815	1.846	-0.095	-0.23	3.174	"3"
"发自"	0	0	1	0	0	0.103	0.375	0.346	0.053	0.124	-0.047	-0.204	0.461	-0.024	-0.057	0.793	"3"
"发行量"	0	0	1	0	0	0.103	0.375	0.346	0.053	0.124	-0.047	-0.204	0.461	-0.024	-0.057	0.793	"3"
"发表"	0	0	4	0	0	0.411	1.499	1.383	0.212	0.496	-0.188	-0.815	1.846	-0.095	-0.23	3.174	"3"
"发言人"	0	3	0	0	1	0.411	1.499	1.383	0.212	0.496	-0.188	0.82	-0.737	-0.095	0.386	2.226	"2"
"受害人"	1	0	0	0	0	0.103	0.375	0.346	0.053	0.124	0.988	-0.204	-0.184	-0.024	-0.057	1.457	"1"
"受贿人"	0	0	1	0	0	0.103	0.375	0.346	0.053	0.124	-0.047	-0.204	0.461	-0.024	-0.057	0.793	"3"
"另"	1	0	0	0	3	0.411	1.499	1.383	0.212	0.496	0.454	-0.815	-0.737	-0.095	2.161	4.262	"5"
"只是"	0	1	0	0	0	0.103	0.375	0.346	0.053	0.124	-0.047	0.426	-0.184	-0.024	-0.057	0.738	"2"
"台北"	0	0	1	1	1	0.308	1.124	1.037	0.159	0.372	-0.141	-0.612	-0.14	0.821	0.485	2.199	"4"
"台湾"	0	0	0	1	0	0.103	0.375	0.346	0.053	0.124	-0.047	-0.204	-0.184	1.275	-0.057	1.767	"4"
"台视"	0	1	0	0	0	0.103	0.375	0.346	0.053	0.124	-0.047	0.426	-0.184	-0.024	-0.057	0.738	"2"
"台长"	0	0	0	0	2	0.206	0.749	0.691	0.106	0.248	-0.094	-0.408	-0.368	-0.047	1.814	2.731	"5"
"司"	0	1	0	0	0	0.103	0.375	0.346	0.053	0.124	-0.047	0.426	-0.184	-0.024	-0.057	0.738	"2"
"司令部"	0	0	2	0	0	0.206	0.749	0.691	0.106	0.248	-0.094	-0.408	0.923	-0.047	-0.115	1.587	"3"
"司法"	0	0	3	0	0	0.308	1.124	1.037	0.159	0.372	-0.141	-0.612	1.384	-0.071	-0.172	2.38	"3"
"司法院"	0	0	1	0	0	0.103	0.375	0.346	0.053	0.124	-0.047	-0.204	0.461	-0.024	-0.057	0.793	"3"
"吃惊"	0	1	0	0	0	0.103	0.375	0.346	0.053	0.124	-0.047	0.426	-0.184	-0.024	-0.057	0.738	"2"
"合作"	0	1	0	0	0	0.103	0.375	0.346	0.053	0.124	-0.047	0.426	-0.184	-0.024	-0.057	0.738	"2"
"名为"	0	0	0	0	1	0.103	0.375	0.346	0.053	0.124	-0.047	-0.204	-0.184	-0.024	0.907	1.366	"5"
"后"	0	16	1	0	0	1.747	6.369	5.876	0.902	2.107	-0.801	5.781	-2.132	-0.402	-0.977	10.093	"2"
"后事"	0	0	0	0	1	0.103	0.375	0.346	0.053	0.124	-0.047	-0.204	-0.184	-0.024	0.907	1.366	"5"
"后续"	0	0	0	1	0	0.103	0.375	0.346	0.053	0.124	-0.047	-0.204	-0.184	1.275	-0.057	1.767	"4"
"吕秀莲"	0	0	1	0	0	0.103	0.375	0.346	0.053	0.124	-0.047	-0.204	0.461	-0.024	-0.057	0.793	"3"
"听到"	0	3	0	0	0	0.308	1.124	1.037	0.159	0.372	-0.141	1.279	-0.553	-0.071	-0.172	2.216	"2"
"听说"	0	1	0	0	0	0.103	0.375	0.346	0.053	0.124	-0.047	0.426	-0.184	-0.024	-0.057	0.738	"2"
"吵架"	0	1	0	0	0	0.103	0.375	0.346	0.053	0.124	-0.047	0.426	-0.184	-0.024	-0.057	0.738	"2"
"告密"	0	1	0	0	0	0.103	0.375	0.346	0.053	0.124	-0.047	0.426	-0.184	-0.024	-0.057	0.738	"2"
"告诉"	0	3	0	0	0	0.308	1.124	1.037	0.159	0.372	-0.141	1.279	-0.553	-0.071	-0.172	2.216	"2"
"周五"	0	1	0	0	0	0.103	0.375	0.346	0.053	0.124	-0.047	0.426	-0.184	-0.024	-0.057	0.738	"2"
"周刊"	2	0	0	0	0	0.206	0.749	0.691	0.106	0.248	1.976	-0.408	-0.368	-0.047	-0.115	2.914	"1"
"周玉蔻"	0	0	1	0	0	0.103	0.375	0.346	0.053	0.124	-0.047	-0.204	0.461	-0.024	-0.057	0.793	"3"
"哀伤"	0	1	0	0	0	0.103	0.375	0.346	0.053	0.124	-0.047	0.426	-0.184	-0.024	-0.057	0.738	"2"
"哈马斯"	0	1	0	0	0	0.103	0.375	0.346	0.053	0.124	-0.047	0.426	-0.184	-0.024	-0.057	0.738	"2"
"唐鹤德"	0	1	0	0	0	0.103	0.375	0.346	0.053	0.124	-0.047	0.426	-0.184	-0.024	-0.057	0.738	"2"
"售股"	0	1	0	0	0	0.103	0.375	0.346	0.053	0.124	-0.047	0.426	-0.184	-0.024	-0.057	0.738	"2"
"商业街区"	0	0	1	0	0	0.103	0.375	0.346	0.053	0.124	-0.047	-0.204	0.461	-0.024	-0.057	0.793	"3"
"商报"	5	0	0	0	0	0.514	1.873	1.728	0.265	0.62	4.941	-1.019	-0.921	-0.118	-0.287	7.286	"1"
"喜闻乐见"	0	1	0	0	0	0.103	0.375	0.346	0.053	0.124	-0.047	0.426	-0.184	-0.024	-0.057	0.738	"2"
"四川"	0	0	2	0	0	0.206	0.749	0.691	0.106	0.248	-0.094	-0.408	0.923	-0.047	-0.115	1.587	"3"
"四日"	0	0	1	1	0	0.206	0.749	0.691	0.106	0.248	-0.094	-0.408	0.243	0.986	-0.115	1.846	"4"
"回家"	0	1	0	0	0	0.103	0.375	0.346	0.053	0.124	-0.047	0.426	-0.184	-0.024	-0.057	0.738	"2"
"困窘"	0	0	1	0	0	0.103	0.375	0.346	0.053	0.124	-0.047	-0.204	0.461	-0.024	-0.057	0.793	"3"
"国内"	0	0	4	0	0	0.411	1.499	1.383	0.212	0.496	-0.188	-0.815	1.846	-0.095	-0.23	3.174	"3"
"国务院"	0	0	2	0	0	0.206	0.749	0.691	0.106	0.248	-0.094	-0.408	0.923	-0.047	-0.115	1.587	"3"
"国台办"	1	0	0	0	0	0.103	0.375	0.346	0.053	0.124	0.988	-0.204	-0.184	-0.024	-0.057	1.457	"1"
"国安局"	0	1	0	0	0	0.103	0.375	0.346	0.053	0.124	-0.047	0.426	-0.184	-0.024	-0.057	0.738	"2"
"国家"	0	2	0	0	0	0.206	0.749	0.691	0.106	0.248	-0.094	0.853	-0.368	-0.047	-0.115	1.477	"2"
"国防部长"	0	0	1	0	1	0.206	0.749	0.691	0.106	0.248	-0.094	-0.408	0.243	-0.047	0.634	1.426	"5"
"国际"	0	2	10	0	0	1.233	4.496	4.148	0.637	1.487	-0.565	-0.943	3.121	-0.284	-0.689	5.602	"3"
"国际文"	0	0	0	0	1	0.103	0.375	0.346	0.053	0.124	-0.047	-0.204	-0.184	-0.024	0.907	1.366	"5"
"图片"	0	0	5	0	0	0.514	1.873	1.728	0.265	0.62	-0.235	-1.019	2.307	-0.118	-0.287	3.966	"3"
"图表"	0	0	3	0	0	0.308	1.124	1.037	0.159	0.372	-0.141	-0.612	1.384	-0.071	-0.172	2.38	"3"
"圆球"	0	1	0	0	0	0.103	0.375	0.346	0.053	0.124	-0.047	0.426	-0.184	-0.024	-0.057	0.738	"2"
"土耳其"	0	0	0	0	2	0.206	0.749	0.691	0.106	0.248	-0.094	-0.408	-0.368	-0.047	1.814	2.731	"5"
"圣多"	0	0	2	0	0	0.206	0.749	0.691	0.106	0.248	-0.094	-0.408	0.923	-0.047	-0.115	1.587	"3"
"在"	0	1	0	0	0	0.103	0.375	0.346	0.053	0.124	-0.047	0.426	-0.184	-0.024	-0.057	0.738	"2"
"在意"	0	0	0	1	0	0.103	0.375	0.346	0.053	0.124	-0.047	-0.204	-0.184	1.275	-0.057	1.767	"4"
"在线"	0	1	0	0	0	0.103	0.375	0.346	0.053	0.124	-0.047	0.426	-0.184	-0.024	-0.057	0.738	"2"
"场"	0	1	0	0	0	0.103	0.375	0.346	0.053	0.124	-0.047	0.426	-0.184	-0.024	-0.057	0.738	"2"
"坏"	0	1	0	0	0	0.103	0.375	0.346	0.053	0.124	-0.047	0.426	-0.184	-0.024	-0.057	0.738	"2"
"坠下"	1	0	0	0	0	0.103	0.375	0.346	0.053	0.124	0.988	-0.204	-0.184	-0.024	-0.057	1.457	"1"
"坠毁"	0	0	0	0	1	0.103	0.375	0.346	0.053	0.124	-0.047	-0.204	-0.184	-0.024	0.907	1.366	"5"
"埃及"	0	0	0	0	1	0.103	0.375	0.346	0.053	0.124	-0.047	-0.204	-0.184	-0.024	0.907	1.366	"5"
"埃尔多安"	0	0	0	0	1	0.103	0.375	0.346	0.053	0.124	-0.047	-0.204	-0.184	-0.024	0.907	1.366	"5"
"城市"	0	1	2	0	0	0.308	1.124	1.037	0.159	0.372	-0.141	-0.165	0.559	-0.071	-0.172	1.108	"3"
"基亚"	0	1	0	0	0	0.103	0.375	0.346	0.053	0.124	-0.047	0.426	-0.184	-0.024	-0.057	0.738	"2"
"基地"	0	1	0	0	0	0.103	0.375	0.346	0.053	0.124	-0.047	0.426	-0.184	-0.024	-0.057	0.738	"2"
"塔基纳尔迪"	0	1	0	0	0	0.103	0.375	0.346	0.053	0.124	-0.047	0.426	-0.184	-0.024	-0.057	0.738	"2"
"塔特"	0	0	1	0	0	0.103	0.375	0.346	0.053	0.124	-0.047	-0.204	0.461	-0.024	-0.057	0.793	"3"
"塔社"	0	0	0	0	1	0.103	0.375	0.346	0.053	0.124	-0.047	-0.204	-0.184	-0.024	0.907	1.366	"5"
"塞浦路斯"	0	0	0	0	1	0.103	0.375	0.346	0.053	0.124	-0.047	-0.204	-0.184	-0.024	0.907	1.366	"5"
"处决"	0	0	0	1	0	0.103	0.375	0.346	0.053	0.124	-0.047	-0.204	-0.184	1.275	-0.057	1.767	"4"
"复出"	0	1	0	0	0	0.103	0.375	0.346	0.053	0.124	-0.047	0.426	-0.184	-0.024	-0.057	0.738	"2"
"外事"	0	0	1	0	0	0.103	0.375	0.346	0.053	0.124	-0.047	-0.204	0.461	-0.024	-0.057	0.793	"3"
"外交界"	0	1	0	0	0	0.103	0.375	0.346	0.053	0.124	-0.047	0.426	-0.184	-0.024	-0.057	0.738	"2"
"外交部"	0	0	2	0	0	0.206	0.749	0.691	0.106	0.248	-0.094	-0.408	0.923	-0.047	-0.115	1.587	"3"
"外务省"	0	0	0	0	1	0.103	0.375	0.346	0.053	0.124	-0.047	-0.204	-0.184	-0.024	0.907	1.366	"5"
"外电"	0	0	0	1	1	0.206	0.749	0.691	0.106	0.248	-0.094	-0.408	-0.368	0.986	0.634	2.49	"4"
"外经"	0	1	0	0	0	0.103	0.375	0.346	0.053	0.124	-0.047	0.426	-0.184	-0.024	-0.057	0.738	"2"
"大公报"	1	0	1	0	0	0.206	0.749	0.691	0.106	0.248	0.71	-0.408	0.243	-0.047	-0.115	1.523	"1"
"大厦"	0	2	0	0	0	0.206	0.749	0.691	0.106	0.248	-0.094	0.853	-0.368	-0.047	-0.115	1.477	"2"
"大好"	0	1	0	0	0	0.103	0.375	0.346	0.053	0.124	-0.047	0.426	-0.184	-0.024	-0.057	0.738	"2"
"大臣"	0	0	0	1	0	0.103	0.375	0.346	0.053	0.124	-0.047	-0.204	-0.184	1.275	-0.057	1.767	"4"
"大规模"	0	1	0	0	0	0.103	0.375	0.346	0.053	0.124	-0.047	0.426	-0.184	-0.024	-0.057	0.738	"2"
"大陆"	0	0	8	0	0	0.822	2.997	2.765	0.424	0.991	-0.377	-1.631	3.691	-0.189	-0.46	6.348	"3"
"天大"	0	1	0	0	0	0.103	0.375	0.346	0.053	0.124	-0.047	0.426	-0.184	-0.024	-0.057	0.738	"2"
"太少"	0	1	0	0	0	0.103	0.375	0.346	0.053	0.124	-0.047	0.426	-0.184	-0.024	-0.057	0.738	"2"
"央"	0	0	0	0	1	0.103	0.375	0.346	0.053	0.124	-0.047	-0.204	-0.184	-0.024	0.907	1.366	"5"
"失足"	1	0	0	0	0	0.103	0.375	0.346	0.053	0.124	0.988	-0.204	-0.184	-0.024	-0.057	1.457	"1"
"头条"	0	0	8	0	0	0.822	2.997	2.765	0.424	0.991	-0.377	-1.631	3.691	-0.189	-0.46	6.348	"3"
"奢侈"	0	1	0	0	0	0.103	0.375	0.346	0.053	0.124	-0.047	0.426	-0.184	-0.024	-0.057	0.738	"2"
"奥组委"	0	0	1	0	0	0.103	0.375	0.346	0.053	0.124	-0.047	-0.204	0.461	-0.024	-0.057	0.793	"3"
"女秘书"	0	1	0	0	0	0.103	0.375	0.346	0.053	0.124	-0.047	0.426	-0.184	-0.024	-0.057	0.738	"2"
"好"	0	7	0	0	0	0.719	2.622	2.419	0.371	0.867	-0.33	2.985	-1.289	-0.166	-0.402	5.172	"2"
"好评"	0	0	1	0	0	0.103	0.375	0.346	0.053	0.124	-0.047	-0.204	0.461	-0.024	-0.057	0.793	"3"
"如下"	0	0	2	0	0	0.206	0.749	0.691	0.106	0.248	-0.094	-0.408	0.923	-0.047	-0.115	1.587	"3"
"妇产"	0	0	0	0	1	0.103	0.375	0.346	0.053	0.124	-0.047	-0.204	-0.184	-0.024	0.907	1.366	"5"
"委员会"	0	1	0	0	0	0.103	0.375	0.346	0.053	0.124	-0.047	0.426	-0.184	-0.024	-0.057	0.738	"2"
"姚照东"	0	1	0	0	0	0.103	0.375	0.346	0.053	0.124	-0.047	0.426	-0.184	-0.024	-0.057	0.738	"2"
"威胁"	0	1	0	0	0	0.103	0.375	0.346	0.053	0.124	-0.047	0.426	-0.184	-0.024	-0.057	0.738	"2"
"娱乐"	0	1	0	0	0	0.103	0.375	0.346	0.053	0.124	-0.047	0.426	-0.184	-0.024	-0.057	0.738	"2"
"娼妓"	0	1	0	0	0	0.103	0.375	0.346	0.053	0.124	-0.047	0.426	-0.184	-0.024	-0.057	0.738	"2"
"婕"	0	1	0	0	0	0.103	0.375	0.346	0.053	0.124	-0.047	0.426	-0.184	-0.024	-0.057	0.738	"2"
"婷娜.叶"	0	1	0	0	0	0.103	0.375	0.346	0.053	0.124	-0.047	0.426	-0.184	-0.024	-0.057	0.738	"2"
"媒"	0	3	0	0	0	0.308	1.124	1.037	0.159	0.372	-0.141	1.279	-0.553	-0.071	-0.172	2.216	"2"
"媒体"	0	3	5	27	16	5.242	19.107	17.627	2.705	6.32	-2.402	-6.701	-4.316	20.62	3.521	37.56	"4"
"字幕"	0	1	0	0	0	0.103	0.375	0.346	0.053	0.124	-0.047	0.426	-0.184	-0.024	-0.057	0.738	"2"
"孟加拉国"	0	0	0	0	1	0.103	0.375	0.346	0.053	0.124	-0.047	-0.204	-0.184	-0.024	0.907	1.366	"5"
"学人"	0	1	0	0	0	0.103	0.375	0.346	0.053	0.124	-0.047	0.426	-0.184	-0.024	-0.057	0.738	"2"
"宁市"	0	1	0	0	0	0.103	0.375	0.346	0.053	0.124	-0.047	0.426	-0.184	-0.024	-0.057	0.738	"2"
"安保"	0	1	0	0	0	0.103	0.375	0.346	0.053	0.124	-0.047	0.426	-0.184	-0.024	-0.057	0.738	"2"
"安全"	0	3	0	0	0	0.308	1.124	1.037	0.159	0.372	-0.141	1.279	-0.553	-0.071	-0.172	2.216	"2"
"安卡拉"	0	0	0	0	1	0.103	0.375	0.346	0.053	0.124	-0.047	-0.204	-0.184	-0.024	0.907	1.366	"5"
"安哥拉"	1	0	0	0	0	0.103	0.375	0.346	0.053	0.124	0.988	-0.204	-0.184	-0.024	-0.057	1.457	"1"
"安纳多利亚"	0	0	0	0	1	0.103	0.375	0.346	0.053	0.124	-0.047	-0.204	-0.184	-0.024	0.907	1.366	"5"
"完"	0	0	2	0	0	0.206	0.749	0.691	0.106	0.248	-0.094	-0.408	0.923	-0.047	-0.115	1.587	"3"
"官员"	0	3	0	0	0	0.308	1.124	1.037	0.159	0.372	-0.141	1.279	-0.553	-0.071	-0.172	2.216	"2"
"官方"	0	0	1	3	4	0.822	2.997	2.765	0.424	0.991	-0.377	-1.631	-0.755	2.166	1.962	6.891	"4"
"定"	0	1	0	0	0	0.103	0.375	0.346	0.053	0.124	-0.047	0.426	-0.184	-0.024	-0.057	0.738	"2"
"定名为"	0	0	1	0	0	0.103	0.375	0.346	0.053	0.124	-0.047	-0.204	0.461	-0.024	-0.057	0.793	"3"
"实况"	1	0	0	0	0	0.103	0.375	0.346	0.053	0.124	0.988	-0.204	-0.184	-0.024	-0.057	1.457	"1"
"实话"	0	1	0	0	0	0.103	0.375	0.346	0.053	0.124	-0.047	0.426	-0.184	-0.024	-0.057	0.738	"2"
"客观"	0	1	0	0	0	0.103	0.375	0.346	0.053	0.124	-0.047	0.426	-0.184	-0.024	-0.057	0.738	"2"
"宣布"	0	0	3	0	0	0.308	1.124	1.037	0.159	0.372	-0.141	-0.612	1.384	-0.071	-0.172	2.38	"3"
"宣称"	0	1	0	0	0	0.103	0.375	0.346	0.053	0.124	-0.047	0.426	-0.184	-0.024	-0.057	0.738	"2"
"富显成"	0	0	1	0	0	0.103	0.375	0.346	0.053	0.124	-0.047	-0.204	0.461	-0.024	-0.057	0.793	"3"
"对于"	0	1	0	0	0	0.103	0.375	0.346	0.053	0.124	-0.047	0.426	-0.184	-0.024	-0.057	0.738	"2"
"封锁"	0	0	1	0	0	0.103	0.375	0.346	0.053	0.124	-0.047	-0.204	0.461	-0.024	-0.057	0.793	"3"
"将来新"	0	0	0	2	0	0.206	0.749	0.691	0.106	0.248	-0.094	-0.408	-0.368	2.551	-0.115	3.536	"4"
"尉健行"	0	0	1	0	0	0.103	0.375	0.346	0.053	0.124	-0.047	-0.204	0.461	-0.024	-0.057	0.793	"3"
"尊重"	0	0	1	0	0	0.103	0.375	0.346	0.053	0.124	-0.047	-0.204	0.461	-0.024	-0.057	0.793	"3"
"小道"	0	0	0	0	1	0.103	0.375	0.346	0.053	0.124	-0.047	-0.204	-0.184	-0.024	0.907	1.366	"5"
"少平"	0	0	1	0	0	0.103	0.375	0.346	0.053	0.124	-0.047	-0.204	0.461	-0.024	-0.057	0.793	"3"
"尔"	0	1	0	0	0	0.103	0.375	0.346	0.053	0.124	-0.047	0.426	-0.184	-0.024	-0.057	0.738	"2"
"尚未"	0	1	0	0	0	0.103	0.375	0.346	0.053	0.124	-0.047	0.426	-0.184	-0.024	-0.057	0.738	"2"
"就是了"	0	1	0	0	0	0.103	0.375	0.346	0.053	0.124	-0.047	0.426	-0.184	-0.024	-0.057	0.738	"2"
"尼克斯"	0	1	0	0	0	0.103	0.375	0.346	0.053	0.124	-0.047	0.426	-0.184	-0.024	-0.057	0.738	"2"
"尼日"	0	1	0	0	0	0.103	0.375	0.346	0.053	0.124	-0.047	0.426	-0.184	-0.024	-0.057	0.738	"2"
"局"	0	1	0	0	1	0.206	0.749	0.691	0.106	0.248	-0.094	0.215	-0.368	-0.047	0.634	1.358	"5"
"展台"	0	1	0	0	0	0.103	0.375	0.346	0.053	0.124	-0.047	0.426	-0.184	-0.024	-0.057	0.738	"2"
"山崩"	0	0	0	0	1	0.103	0.375	0.346	0.053	0.124	-0.047	-0.204	-0.184	-0.024	0.907	1.366	"5"
"工作"	1	0	1	0	0	0.206	0.749	0.691	0.106	0.248	0.71	-0.408	0.243	-0.047	-0.115	1.523	"1"
"工作者"	0	2	0	0	0	0.206	0.749	0.691	0.106	0.248	-0.094	0.853	-0.368	-0.047	-0.115	1.477	"2"
"工商局"	0	1	0	0	0	0.103	0.375	0.346	0.053	0.124	-0.047	0.426	-0.184	-0.024	-0.057	0.738	"2"
"工商报"	0	0	1	0	0	0.103	0.375	0.346	0.053	0.124	-0.047	-0.204	0.461	-0.024	-0.057	0.793	"3"
"工商时报"	1	0	0	0	0	0.103	0.375	0.346	0.053	0.124	0.988	-0.204	-0.184	-0.024	-0.057	1.457	"1"
"巴刹"	0	2	0	0	0	0.206	0.749	0.691	0.106	0.248	-0.094	0.853	-0.368	-0.047	-0.115	1.477	"2"
"巴基斯坦"	0	0	0	0	1	0.103	0.375	0.346	0.053	0.124	-0.047	-0.204	-0.184	-0.024	0.907	1.366	"5"
"巴格达"	0	6	0	0	1	0.719	2.622	2.419	0.371	0.867	-0.33	1.881	-1.289	-0.166	0.219	3.885	"2"
"布"	0	1	0	0	0	0.103	0.375	0.346	0.053	0.124	-0.047	0.426	-0.184	-0.024	-0.057	0.738	"2"
"布什"	0	3	0	0	0	0.308	1.124	1.037	0.159	0.372	-0.141	1.279	-0.553	-0.071	-0.172	2.216	"2"
"布加勒斯特"	0	0	0	0	1	0.103	0.375	0.346	0.053	0.124	-0.047	-0.204	-0.184	-0.024	0.907	1.366	"5"
"布希"	0	1	2	0	0	0.308	1.124	1.037	0.159	0.372	-0.141	-0.165	0.559	-0.071	-0.172	1.108	"3"
"布拉格"	0	0	1	0	0	0.103	0.375	0.346	0.053	0.124	-0.047	-0.204	0.461	-0.024	-0.057	0.793	"3"
"布拉迪斯拉发"	0	0	1	0	0	0.103	0.375	0.346	0.053	0.124	-0.047	-0.204	0.461	-0.024	-0.057	0.793	"3"
"布莱尔"	0	2	0	0	0	0.206	0.749	0.691	0.106	0.248	-0.094	0.853	-0.368	-0.047	-0.115	1.477	"2"
"席哈克"	0	0	1	0	0	0.103	0.375	0.346	0.053	0.124	-0.047	-0.204	0.461	-0.024	-0.057	0.793	"3"
"干饭盆"	0	0	1	0	0	0.103	0.375	0.346	0.053	0.124	-0.047	-0.204	0.461	-0.024	-0.057	0.793	"3"
"年代"	0	0	1	0	0	0.103	0.375	0.346	0.053	0.124	-0.047	-0.204	0.461	-0.024	-0.057	0.793	"3"
"年报"	1	0	1	0	0	0.206	0.749	0.691	0.106	0.248	0.71	-0.408	0.243	-0.047	-0.115	1.523	"1"
"并称"	0	0	1	0	0	0.103	0.375	0.346	0.053	0.124	-0.047	-0.204	0.461	-0.024	-0.057	0.793	"3"
"并非"	0	0	0	1	0	0.103	0.375	0.346	0.053	0.124	-0.047	-0.204	-0.184	1.275	-0.057	1.767	"4"
"广播"	0	1	1	0	2	0.411	1.499	1.383	0.212	0.496	-0.188	-0.284	-0.244	-0.095	1.11	1.921	"5"
"广泛"	0	0	1	1	0	0.206	0.749	0.691	0.106	0.248	-0.094	-0.408	0.243	0.986	-0.115	1.846	"4"
"庆红"	0	0	1	0	0	0.103	0.375	0.346	0.053	0.124	-0.047	-0.204	0.461	-0.024	-0.057	0.793	"3"
"库赛"	0	1	0	0	0	0.103	0.375	0.346	0.053	0.124	-0.047	0.426	-0.184	-0.024	-0.057	0.738	"2"
"康福"	0	1	0	0	0	0.103	0.375	0.346	0.053	0.124	-0.047	0.426	-0.184	-0.024	-0.057	0.738	"2"
"建有"	0	0	0	0	1	0.103	0.375	0.346	0.053	0.124	-0.047	-0.204	-0.184	-0.024	0.907	1.366	"5"
"开场白"	0	0	1	1	0	0.206	0.749	0.691	0.106	0.248	-0.094	-0.408	0.243	0.986	-0.115	1.846	"4"
"引起"	0	4	0	0	0	0.411	1.499	1.383	0.212	0.496	-0.188	1.706	-0.737	-0.095	-0.23	2.956	"2"
"引述"	2	2	8	0	0	1.233	4.496	4.148	0.637	1.487	0.451	-0.943	1.627	-0.284	-0.689	3.994	"3"
"弗雷德"	0	0	0	0	1	0.103	0.375	0.346	0.053	0.124	-0.047	-0.204	-0.184	-0.024	0.907	1.366	"5"
"张国荣"	0	1	0	0	2	0.308	1.124	1.037	0.159	0.372	-0.141	-0.165	-0.553	-0.071	1.374	2.304	"5"
"张锦华"	0	1	0	0	0	0.103	0.375	0.346	0.053	0.124	-0.047	0.426	-0.184	-0.024	-0.057	0.738	"2"
"张雅琴"	1	0	0	0	0	0.103	0.375	0.346	0.053	0.124	0.988	-0.204	-0.184	-0.024	-0.057	1.457	"1"
"强迫"	0	1	0	0	0	0.103	0.375	0.346	0.053	0.124	-0.047	0.426	-0.184	-0.024	-0.057	0.738	"2"
"当地"	0	0	0	0	5	0.514	1.873	1.728	0.265	0.62	-0.235	-1.019	-0.921	-0.118	4.534	6.827	"5"
"当天"	0	0	0	0	1	0.103	0.375	0.346	0.053	0.124	-0.047	-0.204	-0.184	-0.024	0.907	1.366	"5"
"当日"	0	1	1	0	0	0.206	0.749	0.691	0.106	0.248	-0.094	0.215	0.243	-0.047	-0.115	0.714	"3"
"影视"	0	1	0	0	0	0.103	0.375	0.346	0.053	0.124	-0.047	0.426	-0.184	-0.024	-0.057	0.738	"2"
"得到"	0	2	0	0	0	0.206	0.749	0.691	0.106	0.248	-0.094	0.853	-0.368	-0.047	-0.115	1.477	"2"
"得知"	0	2	0	0	0	0.206	0.749	0.691	0.106	0.248	-0.094	0.853	-0.368	-0.047	-0.115	1.477	"2"
"微波"	0	1	0	0	0	0.103	0.375	0.346	0.053	0.124	-0.047	0.426	-0.184	-0.024	-0.057	0.738	"2"
"德"	0	0	0	0	1	0.103	0.375	0.346	0.053	0.124	-0.047	-0.204	-0.184	-0.024	0.907	1.366	"5"
"德国"	1	1	0	1	0	0.308	1.124	1.037	0.159	0.372	0.556	-0.165	-0.553	0.821	-0.172	2.267	"4"
"德尔"	0	1	0	0	0	0.103	0.375	0.346	0.053	0.124	-0.047	0.426	-0.184	-0.024	-0.057	0.738	"2"
"德黑兰"	0	0	0	0	1	0.103	0.375	0.346	0.053	0.124	-0.047	-0.204	-0.184	-0.024	0.907	1.366	"5"
"快讯"	0	0	1	0	0	0.103	0.375	0.346	0.053	0.124	-0.047	-0.204	0.461	-0.024	-0.057	0.793	"3"
"怖"	0	1	0	0	0	0.103	0.375	0.346	0.053	0.124	-0.047	0.426	-0.184	-0.024	-0.057	0.738	"2"
"思进"	0	0	1	0	0	0.103	0.375	0.346	0.053	0.124	-0.047	-0.204	0.461	-0.024	-0.057	0.793	"3"
"怪罪"	0	0	1	0	0	0.103	0.375	0.346	0.053	0.124	-0.047	-0.204	0.461	-0.024	-0.057	0.793	"3"
"总监"	0	1	1	0	0	0.206	0.749	0.691	0.106	0.248	-0.094	0.215	0.243	-0.047	-0.115	0.714	"3"
"总站"	0	0	2	0	0	0.206	0.749	0.691	0.106	0.248	-0.094	-0.408	0.923	-0.047	-0.115	1.587	"3"
"总统府"	0	0	0	2	0	0.206	0.749	0.691	0.106	0.248	-0.094	-0.408	-0.368	2.551	-0.115	3.536	"4"
"总编辑"	0	0	0	0	2	0.206	0.749	0.691	0.106	0.248	-0.094	-0.408	-0.368	-0.047	1.814	2.731	"5"
"恍然大悟"	0	0	1	0	0	0.103	0.375	0.346	0.053	0.124	-0.047	-0.204	0.461	-0.024	-0.057	0.793	"3"
"恐"	0	1	0	0	0	0.103	0.375	0.346	0.053	0.124	-0.047	0.426	-0.184	-0.024	-0.057	0.738	"2"
"恐怖"	0	1	0	0	0	0.103	0.375	0.346	0.053	0.124	-0.047	0.426	-0.184	-0.024	-0.057	0.738	"2"
"悲痛"	0	1	0	0	0	0.103	0.375	0.346	0.053	0.124	-0.047	0.426	-0.184	-0.024	-0.057	0.738	"2"
"情报"	0	5	0	0	1	0.617	2.248	2.074	0.318	0.743	-0.283	1.516	-1.105	-0.142	0.261	3.307	"2"
"情报局"	0	1	0	0	0	0.103	0.375	0.346	0.053	0.124	-0.047	0.426	-0.184	-0.024	-0.057	0.738	"2"
"惊人"	0	1	0	0	0	0.103	0.375	0.346	0.053	0.124	-0.047	0.426	-0.184	-0.024	-0.057	0.738	"2"
"惊讶"	0	1	0	0	0	0.103	0.375	0.346	0.053	0.124	-0.047	0.426	-0.184	-0.024	-0.057	0.738	"2"
"惶恐"	0	1	0	0	0	0.103	0.375	0.346	0.053	0.124	-0.047	0.426	-0.184	-0.024	-0.057	0.738	"2"
"意大利赛"	0	1	0	0	0	0.103	0.375	0.346	0.053	0.124	-0.047	0.426	-0.184	-0.024	-0.057	0.738	"2"
"意涵"	0	0	1	0	0	0.103	0.375	0.346	0.053	0.124	-0.047	-0.204	0.461	-0.024	-0.057	0.793	"3"
"感到"	0	3	0	0	0	0.308	1.124	1.037	0.159	0.372	-0.141	1.279	-0.553	-0.071	-0.172	2.216	"2"
"感染率"	0	2	0	0	0	0.206	0.749	0.691	0.106	0.248	-0.094	0.853	-0.368	-0.047	-0.115	1.477	"2"
"愤怒"	0	1	0	0	0	0.103	0.375	0.346	0.053	0.124	-0.047	0.426	-0.184	-0.024	-0.057	0.738	"2"
"慧眼"	0	1	0	0	0	0.103	0.375	0.346	0.053	0.124	-0.047	0.426	-0.184	-0.024	-0.057	0.738	"2"
"我国"	0	1	2	0	0	0.308	1.124	1.037	0.159	0.372	-0.141	-0.165	0.559	-0.071	-0.172	1.108	"3"
"或"	0	1	0	0	0	0.103	0.375	0.346	0.053	0.124	-0.047	0.426	-0.184	-0.024	-0.057	0.738	"2"
"战争"	0	1	0	0	0	0.103	0.375	0.346	0.053	0.124	-0.047	0.426	-0.184	-0.024	-0.057	0.738	"2"
"扎菲"	0	0	1	0	0	0.103	0.375	0.346	0.053	0.124	-0.047	-0.204	0.461	-0.024	-0.057	0.793	"3"
"打假"	0	0	1	0	0	0.103	0.375	0.346	0.053	0.124	-0.047	-0.204	0.461	-0.024	-0.057	0.793	"3"
"打死"	0	1	0	0	0	0.103	0.375	0.346	0.053	0.124	-0.047	0.426	-0.184	-0.024	-0.057	0.738	"2"
"扬州"	0	0	2	0	0	0.206	0.749	0.691	0.106	0.248	-0.094	-0.408	0.923	-0.047	-0.115	1.587	"3"
"扭打"	0	1	0	0	0	0.103	0.375	0.346	0.053	0.124	-0.047	0.426	-0.184	-0.024	-0.057	0.738	"2"
"技改增效多"	0	0	1	0	0	0.103	0.375	0.346	0.053	0.124	-0.047	-0.204	0.461	-0.024	-0.057	0.793	"3"
"报"	1	0	4	0	0	0.514	1.873	1.728	0.265	0.62	0.378	-1.019	1.287	-0.118	-0.287	3.089	"3"
"报业"	2	1	0	1	0	0.411	1.499	1.383	0.212	0.496	1.259	-0.284	-0.737	0.708	-0.23	3.218	"1"
"报告"	0	1	0	0	0	0.103	0.375	0.346	0.053	0.124	-0.047	0.426	-0.184	-0.024	-0.057	0.738	"2"
"报导"	0	2	12	2	0	1.644	5.994	5.53	0.849	1.983	-0.754	-1.532	2.941	0.684	-0.919	6.83	"3"
"报导台"	0	0	0	1	0	0.103	0.375	0.346	0.053	0.124	-0.047	-0.204	-0.184	1.275	-0.057	1.767	"4"
"报章"	0	4	1	0	0	0.514	1.873	1.728	0.265	0.62	-0.235	1.161	-0.36	-0.118	-0.287	2.161	"2"
"报纸"	0	0	11	0	3	1.439	5.245	4.839	0.743	1.735	-0.659	-2.854	3.009	-0.331	0.608	7.461	"3"
"报载"	0	1	0	0	0	0.103	0.375	0.346	0.053	0.124	-0.047	0.426	-0.184	-0.024	-0.057	0.738	"2"
"报道"	2	2	0	0	4	0.822	2.997	2.765	0.424	0.991	0.71	-0.431	-1.473	-0.189	1.962	4.765	"5"
"披露"	0	2	0	0	0	0.206	0.749	0.691	0.106	0.248	-0.094	0.853	-0.368	-0.047	-0.115	1.477	"2"
"拉丹"	0	2	0	0	0	0.206	0.749	0.691	0.106	0.248	-0.094	0.853	-0.368	-0.047	-0.115	1.477	"2"
"拉伤"	0	1	0	0	0	0.103	0.375	0.346	0.053	0.124	-0.047	0.426	-0.184	-0.024	-0.057	0.738	"2"
"拥吻"	0	1	0	0	0	0.103	0.375	0.346	0.053	0.124	-0.047	0.426	-0.184	-0.024	-0.057	0.738	"2"
"指"	1	4	0	1	0	0.617	2.248	2.074	0.318	0.743	0.32	0.836	-1.105	0.554	-0.345	3.16	"3"
"指出"	0	1	9	0	1	1.131	4.121	3.802	0.584	1.363	-0.518	-1.362	2.735	-0.26	-0.224	5.099	"3"
"指定为"	0	1	0	0	0	0.103	0.375	0.346	0.053	0.124	-0.047	0.426	-0.184	-0.024	-0.057	0.738	"2"
"指挥官"	0	0	0	0	1	0.103	0.375	0.346	0.053	0.124	-0.047	-0.204	-0.184	-0.024	0.907	1.366	"5"
"振奋"	0	0	1	0	0	0.103	0.375	0.346	0.053	0.124	-0.047	-0.204	0.461	-0.024	-0.057	0.793	"3"
"据"	25	4	5	1	44	8.119	29.596	27.305	4.191	9.789	6.733	-10.78	-8.526	-1.136	19.351	46.526	"5"
"採访"	0	0	0	2	0	0.206	0.749	0.691	0.106	0.248	-0.094	-0.408	-0.368	2.551	-0.115	3.536	"4"
"探得"	0	0	0	0	1	0.103	0.375	0.346	0.053	0.124	-0.047	-0.204	-0.184	-0.024	0.907	1.366	"5"
"接到"	0	2	0	0	0	0.206	0.749	0.691	0.106	0.248	-0.094	0.853	-0.368	-0.047	-0.115	1.477	"2"
"接获"	0	5	0	0	0	0.514	1.873	1.728	0.265	0.62	-0.235	2.132	-0.921	-0.118	-0.287	3.693	"2"
"接面"	0	1	0	0	0	0.103	0.375	0.346	0.053	0.124	-0.047	0.426	-0.184	-0.024	-0.057	0.738	"2"
"提供"	0	1	0	0	0	0.103	0.375	0.346	0.053	0.124	-0.047	0.426	-0.184	-0.024	-0.057	0.738	"2"
"提供给"	0	1	0	0	0	0.103	0.375	0.346	0.053	0.124	-0.047	0.426	-0.184	-0.024	-0.057	0.738	"2"
"揭晓"	0	0	1	0	0	0.103	0.375	0.346	0.053	0.124	-0.047	-0.204	0.461	-0.024	-0.057	0.793	"3"
"援引"	0	0	0	0	2	0.206	0.749	0.691	0.106	0.248	-0.094	-0.408	-0.368	-0.047	1.814	2.731	"5"
"摄影部"	0	0	1	0	0	0.103	0.375	0.346	0.053	0.124	-0.047	-0.204	0.461	-0.024	-0.057	0.793	"3"
"撤出"	0	1	0	0	0	0.103	0.375	0.346	0.053	0.124	-0.047	0.426	-0.184	-0.024	-0.057	0.738	"2"
"播"	0	1	1	0	0	0.206	0.749	0.691	0.106	0.248	-0.094	0.215	0.243	-0.047	-0.115	0.714	"3"
"播完"	1	0	0	0	0	0.103	0.375	0.346	0.053	0.124	0.988	-0.204	-0.184	-0.024	-0.057	1.457	"1"
"撰稿人"	0	0	1	0	0	0.103	0.375	0.346	0.053	0.124	-0.047	-0.204	0.461	-0.024	-0.057	0.793	"3"
"支援"	0	1	0	0	0	0.103	0.375	0.346	0.053	0.124	-0.047	0.426	-0.184	-0.024	-0.057	0.738	"2"
"支联会"	0	1	0	0	0	0.103	0.375	0.346	0.053	0.124	-0.047	0.426	-0.184	-0.024	-0.057	0.738	"2"
"收视率"	0	1	0	0	0	0.103	0.375	0.346	0.053	0.124	-0.047	0.426	-0.184	-0.024	-0.057	0.738	"2"
"攻"	0	1	0	0	0	0.103	0.375	0.346	0.053	0.124	-0.047	0.426	-0.184	-0.024	-0.057	0.738	"2"
"攻击"	0	2	0	0	0	0.206	0.749	0.691	0.106	0.248	-0.094	0.853	-0.368	-0.047	-0.115	1.477	"2"
"放纵"	0	1	0	0	0	0.103	0.375	0.346	0.053	0.124	-0.047	0.426	-0.184	-0.024	-0.057	0.738	"2"
"政务"	0	1	0	0	0	0.103	0.375	0.346	0.053	0.124	-0.047	0.426	-0.184	-0.024	-0.057	0.738	"2"
"政府"	0	0	2	0	0	0.206	0.749	0.691	0.106	0.248	-0.094	-0.408	0.923	-0.047	-0.115	1.587	"3"
"敏感"	0	1	0	0	0	0.103	0.375	0.346	0.053	0.124	-0.047	0.426	-0.184	-0.024	-0.057	0.738	"2"
"散布"	0	0	0	0	1	0.103	0.375	0.346	0.053	0.124	-0.047	-0.204	-0.184	-0.024	0.907	1.366	"5"
"敦煌"	0	0	0	0	1	0.103	0.375	0.346	0.053	0.124	-0.047	-0.204	-0.184	-0.024	0.907	1.366	"5"
"文字"	0	0	6	0	0	0.617	2.248	2.074	0.318	0.743	-0.283	-1.223	2.768	-0.142	-0.345	4.761	"3"
"文汇报"	0	1	0	0	0	0.103	0.375	0.346	0.053	0.124	-0.047	0.426	-0.184	-0.024	-0.057	0.738	"2"
"斯民"	0	1	0	0	0	0.103	0.375	0.346	0.053	0.124	-0.047	0.426	-0.184	-0.024	-0.057	0.738	"2"
"斯洛伐克"	0	0	1	0	0	0.103	0.375	0.346	0.053	0.124	-0.047	-0.204	0.461	-0.024	-0.057	0.793	"3"
"斯里兰卡人"	0	0	1	0	0	0.103	0.375	0.346	0.053	0.124	-0.047	-0.204	0.461	-0.024	-0.057	0.793	"3"
"新交"	0	1	0	0	0	0.103	0.375	0.346	0.053	0.124	-0.047	0.426	-0.184	-0.024	-0.057	0.738	"2"
"新任"	0	0	1	0	0	0.103	0.375	0.346	0.053	0.124	-0.047	-0.204	0.461	-0.024	-0.057	0.793	"3"
"新华社"	0	13	43	3	6	6.68	24.351	22.466	3.448	8.054	-3.061	-2.716	6.678	-0.263	-0.537	13.255	"3"
"新新闻"	0	0	0	2	0	0.206	0.749	0.691	0.106	0.248	-0.094	-0.408	-0.368	2.551	-0.115	3.536	"4"
"新社"	0	0	1	0	0	0.103	0.375	0.346	0.053	0.124	-0.047	-0.204	0.461	-0.024	-0.057	0.793	"3"
"新闻"	4	4	29	1	0	3.906	14.236	13.134	2.016	4.709	0.254	-3.683	6.753	-0.404	-2.183	13.277	"3"
"新闻业"	0	1	0	0	0	0.103	0.375	0.346	0.053	0.124	-0.047	0.426	-0.184	-0.024	-0.057	0.738	"2"
"新闻发布会"	0	2	0	0	0	0.206	0.749	0.691	0.106	0.248	-0.094	0.853	-0.368	-0.047	-0.115	1.477	"2"
"新闻台"	0	1	0	0	0	0.103	0.375	0.346	0.053	0.124	-0.047	0.426	-0.184	-0.024	-0.057	0.738	"2"
"新闻局"	0	0	0	1	1	0.206	0.749	0.691	0.106	0.248	-0.094	-0.408	-0.368	0.986	0.634	2.49	"4"
"新闻社"	0	0	1	0	2	0.308	1.124	1.037	0.159	0.372	-0.141	-0.612	-0.14	-0.071	1.374	2.338	"5"
"新闻网"	0	4	0	0	0	0.411	1.499	1.383	0.212	0.496	-0.188	1.706	-0.737	-0.095	-0.23	2.956	"2"
"方旋"	0	0	1	0	0	0.103	0.375	0.346	0.053	0.124	-0.047	-0.204	0.461	-0.024	-0.057	0.793	"3"
"施压"	0	1	0	0	0	0.103	0.375	0.346	0.053	0.124	-0.047	0.426	-0.184	-0.024	-0.057	0.738	"2"
"日"	6	1	0	0	13	2.056	7.493	6.913	1.061	2.478	1.893	-2.964	-3.684	-0.473	7.271	16.285	"5"
"日前"	2	0	0	0	1	0.308	1.124	1.037	0.159	0.372	1.53	-0.612	-0.553	-0.071	0.485	3.251	"1"
"日报"	3	0	4	0	0	0.719	2.622	2.419	0.371	0.867	1.558	-1.427	0.715	-0.166	-0.402	4.268	"1"
"日本"	3	1	6	0	2	1.233	4.496	4.148	0.637	1.487	0.928	-1.533	0.692	-0.284	0.348	3.785	"2"
"日经"	1	0	0	0	0	0.103	0.375	0.346	0.053	0.124	0.988	-0.204	-0.184	-0.024	-0.057	1.457	"1"
"早报"	0	4	0	0	0	0.411	1.499	1.383	0.212	0.496	-0.188	1.706	-0.737	-0.095	-0.23	2.956	"2"
"早报网"	0	1	0	0	0	0.103	0.375	0.346	0.053	0.124	-0.047	0.426	-0.184	-0.024	-0.057	0.738	"2"
"时事"	0	2	0	0	0	0.206	0.749	0.691	0.106	0.248	-0.094	0.853	-0.368	-0.047	-0.115	1.477	"2"
"时报"	0	0	1	0	0	0.103	0.375	0.346	0.053	0.124	-0.047	-0.204	0.461	-0.024	-0.057	0.793	"3"
"时有所闻"	0	0	0	0	1	0.103	0.375	0.346	0.053	0.124	-0.047	-0.204	-0.184	-0.024	0.907	1.366	"5"
"时间报"	1	0	0	0	0	0.103	0.375	0.346	0.053	0.124	0.988	-0.204	-0.184	-0.024	-0.057	1.457	"1"
"明报"	0	0	1	0	0	0.103	0.375	0.346	0.053	0.124	-0.047	-0.204	0.461	-0.024	-0.057	0.793	"3"
"明镜"	0	0	0	1	0	0.103	0.375	0.346	0.053	0.124	-0.047	-0.204	-0.184	1.275	-0.057	1.767	"4"
"星报"	1	0	0	0	0	0.103	0.375	0.346	0.053	0.124	0.988	-0.204	-0.184	-0.024	-0.057	1.457	"1"
"星期三"	0	1	0	0	0	0.103	0.375	0.346	0.053	0.124	-0.047	0.426	-0.184	-0.024	-0.057	0.738	"2"
"星期二"	0	0	0	0	1	0.103	0.375	0.346	0.053	0.124	-0.047	-0.204	-0.184	-0.024	0.907	1.366	"5"
"星洲日报"	3	0	0	0	0	0.308	1.124	1.037	0.159	0.372	2.964	-0.612	-0.553	-0.071	-0.172	4.372	"1"
"春宫片"	0	1	0	0	0	0.103	0.375	0.346	0.053	0.124	-0.047	0.426	-0.184	-0.024	-0.057	0.738	"2"
"春运"	0	0	2	0	0	0.206	0.749	0.691	0.106	0.248	-0.094	-0.408	0.923	-0.047	-0.115	1.587	"3"
"昨天"	5	8	0	0	0	1.336	4.87	4.493	0.69	1.611	2.139	1.166	-2.394	-0.308	-0.747	6.754	"3"
"昨日"	0	1	1	0	0	0.206	0.749	0.691	0.106	0.248	-0.094	0.215	0.243	-0.047	-0.115	0.714	"3"
"显示"	0	1	0	0	0	0.103	0.375	0.346	0.053	0.124	-0.047	0.426	-0.184	-0.024	-0.057	0.738	"2"
"晚报"	0	0	2	0	0	0.206	0.749	0.691	0.106	0.248	-0.094	-0.408	0.923	-0.047	-0.115	1.587	"3"
"晚间"	0	1	0	0	0	0.103	0.375	0.346	0.053	0.124	-0.047	0.426	-0.184	-0.024	-0.057	0.738	"2"
"晨报"	1	0	0	0	0	0.103	0.375	0.346	0.053	0.124	0.988	-0.204	-0.184	-0.024	-0.057	1.457	"1"
"普京"	0	0	0	0	1	0.103	0.375	0.346	0.053	0.124	-0.047	-0.204	-0.184	-0.024	0.907	1.366	"5"
"普林西比"	0	0	1	0	0	0.103	0.375	0.346	0.053	0.124	-0.047	-0.204	0.461	-0.024	-0.057	0.793	"3"
"暗淡"	0	0	1	0	0	0.103	0.375	0.346	0.053	0.124	-0.047	-0.204	0.461	-0.024	-0.057	0.793	"3"
"曙光"	0	1	0	0	0	0.103	0.375	0.346	0.053	0.124	-0.047	0.426	-0.184	-0.024	-0.057	0.738	"2"
"曾"	0	3	0	0	0	0.308	1.124	1.037	0.159	0.372	-0.141	1.279	-0.553	-0.071	-0.172	2.216	"2"
"最近"	0	3	0	1	0	0.411	1.499	1.383	0.212	0.496	-0.188	0.82	-0.737	0.708	-0.23	2.683	"2"
"有关"	1	4	1	1	1	0.822	2.997	2.765	0.424	0.991	0.237	0.459	-0.755	0.452	0.185	2.088	"3"
"有出入"	0	0	0	1	0	0.103	0.375	0.346	0.053	0.124	-0.047	-0.204	-0.184	1.275	-0.057	1.767	"4"
"有意"	0	0	1	0	0	0.103	0.375	0.346	0.053	0.124	-0.047	-0.204	0.461	-0.024	-0.057	0.793	"3"
"有线电视"	0	3	0	0	0	0.308	1.124	1.037	0.159	0.372	-0.141	1.279	-0.553	-0.071	-0.172	2.216	"2"
"朝"	0	0	0	0	1	0.103	0.375	0.346	0.053	0.124	-0.047	-0.204	-0.184	-0.024	0.907	1.366	"5"
"朝日新闻"	1	0	0	0	0	0.103	0.375	0.346	0.053	0.124	0.988	-0.204	-0.184	-0.024	-0.057	1.457	"1"
"朝鲜"	0	0	0	0	1	0.103	0.375	0.346	0.053	0.124	-0.047	-0.204	-0.184	-0.024	0.907	1.366	"5"
"期"	0	1	0	0	0	0.103	0.375	0.346	0.053	0.124	-0.047	0.426	-0.184	-0.024	-0.057	0.738	"2"
"未"	0	1	0	0	0	0.103	0.375	0.346	0.053	0.124	-0.047	0.426	-0.184	-0.024	-0.057	0.738	"2"
"本报"	0	2	0	0	1	0.308	1.124	1.037	0.159	0.372	-0.141	0.5	-0.553	-0.071	0.485	1.75	"3"
"朱"	0	0	1	0	0	0.103	0.375	0.346	0.053	0.124	-0.047	-0.204	0.461	-0.024	-0.057	0.793	"3"
"朱邦造"	0	0	1	0	0	0.103	0.375	0.346	0.053	0.124	-0.047	-0.204	0.461	-0.024	-0.057	0.793	"3"
"朱镕基"	0	0	1	0	0	0.103	0.375	0.346	0.053	0.124	-0.047	-0.204	0.461	-0.024	-0.057	0.793	"3"
"机构"	0	2	0	0	0	0.206	0.749	0.691	0.106	0.248	-0.094	0.853	-0.368	-0.047	-0.115	1.477	"2"
"杀伤性"	0	1	0	0	0	0.103	0.375	0.346	0.053	0.124	-0.047	0.426	-0.184	-0.024	-0.057	0.738	"2"
"杂志"	2	1	3	0	0	0.617	2.248	2.074	0.318	0.743	0.922	-0.561	0.463	-0.142	-0.345	2.433	"1"
"权威"	0	1	1	0	0	0.206	0.749	0.691	0.106	0.248	-0.094	0.215	0.243	-0.047	-0.115	0.714	"3"
"李勇"	0	0	1	0	0	0.103	0.375	0.346	0.053	0.124	-0.047	-0.204	0.461	-0.024	-0.057	0.793	"3"
"李博伦"	0	0	1	0	0	0.103	0.375	0.346	0.053	0.124	-0.047	-0.204	0.461	-0.024	-0.057	0.793	"3"
"李泽楷"	0	1	0	0	0	0.103	0.375	0.346	0.053	0.124	-0.047	0.426	-0.184	-0.024	-0.057	0.738	"2"
"李铁映"	0	0	1	0	0	0.103	0.375	0.346	0.053	0.124	-0.047	-0.204	0.461	-0.024	-0.057	0.793	"3"
"杜马"	0	0	0	1	0	0.103	0.375	0.346	0.053	0.124	-0.047	-0.204	-0.184	1.275	-0.057	1.767	"4"
"条规"	0	1	0	0	0	0.103	0.375	0.346	0.053	0.124	-0.047	0.426	-0.184	-0.024	-0.057	0.738	"2"
"来源"	0	3	1	0	0	0.411	1.499	1.383	0.212	0.496	-0.188	0.82	-0.244	-0.095	-0.23	1.577	"2"
"来自"	0	0	0	0	2	0.206	0.749	0.691	0.106	0.248	-0.094	-0.408	-0.368	-0.047	1.814	2.731	"5"
"林和立"	0	2	0	0	0	0.206	0.749	0.691	0.106	0.248	-0.094	0.853	-0.368	-0.047	-0.115	1.477	"2"
"标题"	0	0	9	0	0	0.925	3.372	3.111	0.477	1.115	-0.424	-1.835	4.153	-0.213	-0.517	7.142	"3"
"校方"	0	3	0	0	0	0.308	1.124	1.037	0.159	0.372	-0.141	1.279	-0.553	-0.071	-0.172	2.216	"2"
"样板"	0	0	1	0	0	0.103	0.375	0.346	0.053	0.124	-0.047	-0.204	0.461	-0.024	-0.057	0.793	"3"
"核武"	0	1	0	0	0	0.103	0.375	0.346	0.053	0.124	-0.047	0.426	-0.184	-0.024	-0.057	0.738	"2"
"根据"	0	8	3	1	0	1.233	4.496	4.148	0.637	1.487	-0.565	1.412	-0.445	0.319	-0.689	3.43	"2"
"格林尼治"	0	1	0	0	0	0.103	0.375	0.346	0.053	0.124	-0.047	0.426	-0.184	-0.024	-0.057	0.738	"2"
"档案馆"	0	1	0	0	0	0.103	0.375	0.346	0.053	0.124	-0.047	0.426	-0.184	-0.024	-0.057	0.738	"2"
"检察院"	0	2	0	0	0	0.206	0.749	0.691	0.106	0.248	-0.094	0.853	-0.368	-0.047	-0.115	1.477	"2"
"棉兰老岛"	0	1	0	0	0	0.103	0.375	0.346	0.053	0.124	-0.047	0.426	-0.184	-0.024	-0.057	0.738	"2"
"森喜朗"	0	1	0	0	0	0.103	0.375	0.346	0.053	0.124	-0.047	0.426	-0.184	-0.024	-0.057	0.738	"2"
"欠租"	0	1	0	0	0	0.103	0.375	0.346	0.053	0.124	-0.047	0.426	-0.184	-0.024	-0.057	0.738	"2"
"正主"	0	1	0	0	0	0.103	0.375	0.346	0.053	0.124	-0.047	0.426	-0.184	-0.024	-0.057	0.738	"2"
"正负面"	0	1	0	0	0	0.103	0.375	0.346	0.053	0.124	-0.047	0.426	-0.184	-0.024	-0.057	0.738	"2"
"正面"	0	1	0	0	0	0.103	0.375	0.346	0.053	0.124	-0.047	0.426	-0.184	-0.024	-0.057	0.738	"2"
"此"	1	1	1	2	5	1.028	3.746	3.456	0.53	1.239	-0.139	-1.194	-1.044	1.021	2.368	5.766	"5"
"武器"	0	1	0	0	0	0.103	0.375	0.346	0.053	0.124	-0.047	0.426	-0.184	-0.024	-0.057	0.738	"2"
"歪曲"	0	1	0	0	0	0.103	0.375	0.346	0.053	0.124	-0.047	0.426	-0.184	-0.024	-0.057	0.738	"2"
"死伤"	0	1	0	0	0	0.103	0.375	0.346	0.053	0.124	-0.047	0.426	-0.184	-0.024	-0.057	0.738	"2"
"死者"	0	2	0	0	0	0.206	0.749	0.691	0.106	0.248	-0.094	0.853	-0.368	-0.047	-0.115	1.477	"2"
"死讯"	0	1	0	0	0	0.103	0.375	0.346	0.053	0.124	-0.047	0.426	-0.184	-0.024	-0.057	0.738	"2"
"殡仪馆"	0	0	0	0	1	0.103	0.375	0.346	0.053	0.124	-0.047	-0.204	-0.184	-0.024	0.907	1.366	"5"
"比"	0	2	0	0	0	0.206	0.749	0.691	0.106	0.248	-0.094	0.853	-0.368	-0.047	-0.115	1.477	"2"
"比对"	0	1	0	0	0	0.103	0.375	0.346	0.053	0.124	-0.047	0.426	-0.184	-0.024	-0.057	0.738	"2"
"比绍"	0	0	2	0	0	0.206	0.749	0.691	0.106	0.248	-0.094	-0.408	0.923	-0.047	-0.115	1.587	"3"
"毫无"	0	0	0	1	0	0.103	0.375	0.346	0.053	0.124	-0.047	-0.204	-0.184	1.275	-0.057	1.767	"4"
"民主党"	0	1	0	0	0	0.103	0.375	0.346	0.053	0.124	-0.047	0.426	-0.184	-0.024	-0.057	0.738	"2"
"民族报"	1	0	0	0	0	0.103	0.375	0.346	0.053	0.124	0.988	-0.204	-0.184	-0.024	-0.057	1.457	"1"
"民视"	0	1	0	0	0	0.103	0.375	0.346	0.053	0.124	-0.047	0.426	-0.184	-0.024	-0.057	0.738	"2"
"永世"	0	1	0	0	0	0.103	0.375	0.346	0.053	0.124	-0.047	0.426	-0.184	-0.024	-0.057	0.738	"2"
"永乐"	0	0	0	0	1	0.103	0.375	0.346	0.053	0.124	-0.047	-0.204	-0.184	-0.024	0.907	1.366	"5"
"汇价"	0	0	2	0	0	0.206	0.749	0.691	0.106	0.248	-0.094	-0.408	0.923	-0.047	-0.115	1.587	"3"
"汉巴"	0	1	0	0	0	0.103	0.375	0.346	0.053	0.124	-0.047	0.426	-0.184	-0.024	-0.057	0.738	"2"
"江泽民"	0	2	2	0	0	0.411	1.499	1.383	0.212	0.496	-0.188	0.318	0.367	-0.095	-0.23	1.198	"3"
"汶莱"	0	0	1	0	0	0.103	0.375	0.346	0.053	0.124	-0.047	-0.204	0.461	-0.024	-0.057	0.793	"3"
"沙地"	0	1	0	0	0	0.103	0.375	0.346	0.053	0.124	-0.047	0.426	-0.184	-0.024	-0.057	0.738	"2"
"沮丧"	0	1	0	0	0	0.103	0.375	0.346	0.053	0.124	-0.047	0.426	-0.184	-0.024	-0.057	0.738	"2"
"泄露"	0	1	0	0	0	0.103	0.375	0.346	0.053	0.124	-0.047	0.426	-0.184	-0.024	-0.057	0.738	"2"
"法国"	0	1	0	0	0	0.103	0.375	0.346	0.053	0.124	-0.047	0.426	-0.184	-0.024	-0.057	0.738	"2"
"法新电"	0	1	1	0	0	0.206	0.749	0.691	0.106	0.248	-0.094	0.215	0.243	-0.047	-0.115	0.714	"3"
"法新社"	0	1	0	0	0	0.103	0.375	0.346	0.053	0.124	-0.047	0.426	-0.184	-0.024	-0.057	0.738	"2"
"波通社"	0	0	0	0	1	0.103	0.375	0.346	0.053	0.124	-0.047	-0.204	-0.184	-0.024	0.907	1.366	"5"
"注意到"	0	1	0	0	0	0.103	0.375	0.346	0.053	0.124	-0.047	0.426	-0.184	-0.024	-0.057	0.738	"2"
"泰国"	1	0	0	0	0	0.103	0.375	0.346	0.053	0.124	0.988	-0.204	-0.184	-0.024	-0.057	1.457	"1"
"泵"	0	1	0	0	0	0.103	0.375	0.346	0.053	0.124	-0.047	0.426	-0.184	-0.024	-0.057	0.738	"2"
"泽远"	0	1	0	0	0	0.103	0.375	0.346	0.053	0.124	-0.047	0.426	-0.184	-0.024	-0.057	0.738	"2"
"洛杉矶"	0	1	1	0	0	0.206	0.749	0.691	0.106	0.248	-0.094	0.215	0.243	-0.047	-0.115	0.714	"3"
"派出"	0	1	0	0	0	0.103	0.375	0.346	0.053	0.124	-0.047	0.426	-0.184	-0.024	-0.057	0.738	"2"
"浅白"	0	0	1	0	0	0.103	0.375	0.346	0.053	0.124	-0.047	-0.204	0.461	-0.024	-0.057	0.793	"3"
"浏览"	0	0	1	0	0	0.103	0.375	0.346	0.053	0.124	-0.047	-0.204	0.461	-0.024	-0.057	0.793	"3"
"浑然"	0	1	0	0	0	0.103	0.375	0.346	0.053	0.124	-0.047	0.426	-0.184	-0.024	-0.057	0.738	"2"
"海军"	0	1	0	0	1	0.206	0.749	0.691	0.106	0.248	-0.094	0.215	-0.368	-0.047	0.634	1.358	"5"
"海商"	0	0	1	0	0	0.103	0.375	0.346	0.053	0.124	-0.047	-0.204	0.461	-0.024	-0.057	0.793	"3"
"海牙"	0	0	1	0	0	0.103	0.375	0.346	0.053	0.124	-0.047	-0.204	0.461	-0.024	-0.057	0.793	"3"
"涂太太"	0	0	0	1	0	0.103	0.375	0.346	0.053	0.124	-0.047	-0.204	-0.184	1.275	-0.057	1.767	"4"
"消息"	0	0	0	0	2	0.206	0.749	0.691	0.106	0.248	-0.094	-0.408	-0.368	-0.047	1.814	2.731	"5"
"消极"	0	1	0	0	0	0.103	0.375	0.346	0.053	0.124	-0.047	0.426	-0.184	-0.024	-0.057	0.738	"2"
"消防署"	0	1	0	0	0	0.103	0.375	0.346	0.053	0.124	-0.047	0.426	-0.184	-0.024	-0.057	0.738	"2"
"淋巴细胞"	1	0	0	0	0	0.103	0.375	0.346	0.053	0.124	0.988	-0.204	-0.184	-0.024	-0.057	1.457	"1"
"淑文"	0	0	0	1	0	0.103	0.375	0.346	0.053	0.124	-0.047	-0.204	-0.184	1.275	-0.057	1.767	"4"
"淡出"	0	1	0	0	0	0.103	0.375	0.346	0.053	0.124	-0.047	0.426	-0.184	-0.024	-0.057	0.738	"2"
"深圳"	0	0	1	0	0	0.103	0.375	0.346	0.053	0.124	-0.047	-0.204	0.461	-0.024	-0.057	0.793	"3"
"清早"	0	1	0	0	0	0.103	0.375	0.346	0.053	0.124	-0.047	0.426	-0.184	-0.024	-0.057	0.738	"2"
"渗透"	0	1	0	0	0	0.103	0.375	0.346	0.053	0.124	-0.047	0.426	-0.184	-0.024	-0.057	0.738	"2"
"渠"	0	0	1	0	0	0.103	0.375	0.346	0.053	0.124	-0.047	-0.204	0.461	-0.024	-0.057	0.793	"3"
"渠道"	0	0	1	0	0	0.103	0.375	0.346	0.053	0.124	-0.047	-0.204	0.461	-0.024	-0.057	0.793	"3"
"温格"	0	1	0	0	0	0.103	0.375	0.346	0.053	0.124	-0.047	0.426	-0.184	-0.024	-0.057	0.738	"2"
"港大"	0	1	0	0	0	0.103	0.375	0.346	0.053	0.124	-0.047	0.426	-0.184	-0.024	-0.057	0.738	"2"
"满天飞"	0	1	0	0	0	0.103	0.375	0.346	0.053	0.124	-0.047	0.426	-0.184	-0.024	-0.057	0.738	"2"
"滥用"	0	1	0	0	0	0.103	0.375	0.346	0.053	0.124	-0.047	0.426	-0.184	-0.024	-0.057	0.738	"2"
"演艺界"	0	1	0	0	0	0.103	0.375	0.346	0.053	0.124	-0.047	0.426	-0.184	-0.024	-0.057	0.738	"2"
"灰狐"	0	1	0	0	0	0.103	0.375	0.346	0.053	0.124	-0.047	0.426	-0.184	-0.024	-0.057	0.738	"2"
"焦点"	0	1	0	0	0	0.103	0.375	0.346	0.053	0.124	-0.047	0.426	-0.184	-0.024	-0.057	0.738	"2"
"照片"	0	1	0	0	0	0.103	0.375	0.346	0.053	0.124	-0.047	0.426	-0.184	-0.024	-0.057	0.738	"2"
"煽"	0	1	0	0	0	0.103	0.375	0.346	0.053	0.124	-0.047	0.426	-0.184	-0.024	-0.057	0.738	"2"
"熟悉"	0	0	0	0	1	0.103	0.375	0.346	0.053	0.124	-0.047	-0.204	-0.184	-0.024	0.907	1.366	"5"
"爆出"	0	1	0	0	0	0.103	0.375	0.346	0.053	0.124	-0.047	0.426	-0.184	-0.024	-0.057	0.738	"2"
"爵位"	0	1	0	0	0	0.103	0.375	0.346	0.053	0.124	-0.047	0.426	-0.184	-0.024	-0.057	0.738	"2"
"版台讯字"	0	0	0	0	1	0.103	0.375	0.346	0.053	0.124	-0.047	-0.204	-0.184	-0.024	0.907	1.366	"5"
"特产税"	0	0	1	0	0	0.103	0.375	0.346	0.053	0.124	-0.047	-0.204	0.461	-0.024	-0.057	0.793	"3"
"特定人"	0	1	0	0	0	0.103	0.375	0.346	0.053	0.124	-0.047	0.426	-0.184	-0.024	-0.057	0.738	"2"
"特派员"	0	1	0	0	0	0.103	0.375	0.346	0.053	0.124	-0.047	0.426	-0.184	-0.024	-0.057	0.738	"2"
"特种"	0	1	0	0	1	0.206	0.749	0.691	0.106	0.248	-0.094	0.215	-0.368	-0.047	0.634	1.358	"5"
"独家"	0	2	0	0	0	0.206	0.749	0.691	0.106	0.248	-0.094	0.853	-0.368	-0.047	-0.115	1.477	"2"
"玉"	0	0	1	0	0	0.103	0.375	0.346	0.053	0.124	-0.047	-0.204	0.461	-0.024	-0.057	0.793	"3"
"王在希"	1	0	0	0	0	0.103	0.375	0.346	0.053	0.124	0.988	-0.204	-0.184	-0.024	-0.057	1.457	"1"
"王慧英"	0	0	1	0	0	0.103	0.375	0.346	0.053	0.124	-0.047	-0.204	0.461	-0.024	-0.057	0.793	"3"
"王筱婵"	0	0	2	0	0	0.206	0.749	0.691	0.106	0.248	-0.094	-0.408	0.923	-0.047	-0.115	1.587	"3"
"球王"	0	0	1	0	0	0.103	0.375	0.346	0.053	0.124	-0.047	-0.204	0.461	-0.024	-0.057	0.793	"3"
"生"	0	1	0	0	0	0.103	0.375	0.346	0.053	0.124	-0.047	0.426	-0.184	-0.024	-0.057	0.738	"2"
"生气"	0	1	0	0	0	0.103	0.375	0.346	0.053	0.124	-0.047	0.426	-0.184	-0.024	-0.057	0.738	"2"
"生活网"	0	0	1	0	0	0.103	0.375	0.346	0.053	0.124	-0.047	-0.204	0.461	-0.024	-0.057	0.793	"3"
"由于"	0	0	0	1	0	0.103	0.375	0.346	0.053	0.124	-0.047	-0.204	-0.184	1.275	-0.057	1.767	"4"
"电"	0	0	10	0	0	1.028	3.746	3.456	0.53	1.239	-0.471	-2.039	4.614	-0.237	-0.575	7.936	"3"
"电台"	0	0	0	0	1	0.103	0.375	0.346	0.053	0.124	-0.047	-0.204	-0.184	-0.024	0.907	1.366	"5"
"电子报"	0	0	1	0	1	0.206	0.749	0.691	0.106	0.248	-0.094	-0.408	0.243	-0.047	0.634	1.426	"5"
"电子版"	1	0	0	0	0	0.103	0.375	0.346	0.053	0.124	0.988	-0.204	-0.184	-0.024	-0.057	1.457	"1"
"电盈"	0	1	0	0	0	0.103	0.375	0.346	0.053	0.124	-0.047	0.426	-0.184	-0.024	-0.057	0.738	"2"
"电缆"	0	1	0	0	0	0.103	0.375	0.346	0.053	0.124	-0.047	0.426	-0.184	-0.024	-0.057	0.738	"2"
"电视"	0	3	4	0	1	0.822	2.997	2.765	0.424	0.991	-0.377	0.201	0.546	-0.189	0.185	1.498	"3"
"电视台"	0	0	1	0	5	0.617	2.248	2.074	0.318	0.743	-0.283	-1.223	-0.485	-0.142	3.804	5.937	"5"
"电讯"	0	0	1	0	2	0.308	1.124	1.037	0.159	0.372	-0.141	-0.612	-0.14	-0.071	1.374	2.338	"5"
"画册"	0	0	1	0	0	0.103	0.375	0.346	0.053	0.124	-0.047	-0.204	0.461	-0.024	-0.057	0.793	"3"
"界"	0	0	1	0	0	0.103	0.375	0.346	0.053	0.124	-0.047	-0.204	0.461	-0.024	-0.057	0.793	"3"
"疯牛"	0	1	0	0	0	0.103	0.375	0.346	0.053	0.124	-0.047	0.426	-0.184	-0.024	-0.057	0.738	"2"
"疯牛症"	0	1	0	0	0	0.103	0.375	0.346	0.053	0.124	-0.047	0.426	-0.184	-0.024	-0.057	0.738	"2"
"登载"	0	0	1	0	0	0.103	0.375	0.346	0.053	0.124	-0.047	-0.204	0.461	-0.024	-0.057	0.793	"3"
"白宫"	0	1	1	0	0	0.206	0.749	0.691	0.106	0.248	-0.094	0.215	0.243	-0.047	-0.115	0.714	"3"
"百城万店无"	0	0	1	0	0	0.103	0.375	0.346	0.053	0.124	-0.047	-0.204	0.461	-0.024	-0.057	0.793	"3"
"百慕大"	0	0	1	0	0	0.103	0.375	0.346	0.053	0.124	-0.047	-0.204	0.461	-0.024	-0.057	0.793	"3"
"皇马"	0	1	0	0	0	0.103	0.375	0.346	0.053	0.124	-0.047	0.426	-0.184	-0.024	-0.057	0.738	"2"
"监委"	0	1	0	0	0	0.103	0.375	0.346	0.053	0.124	-0.047	0.426	-0.184	-0.024	-0.057	0.738	"2"
"监测"	0	0	2	0	0	0.206	0.749	0.691	0.106	0.248	-0.094	-0.408	0.923	-0.047	-0.115	1.587	"3"
"目击者"	0	1	0	0	0	0.103	0.375	0.346	0.053	0.124	-0.047	0.426	-0.184	-0.024	-0.057	0.738	"2"
"目录"	0	0	6	0	0	0.617	2.248	2.074	0.318	0.743	-0.283	-1.223	2.768	-0.142	-0.345	4.761	"3"
"相信"	0	1	0	0	0	0.103	0.375	0.346	0.053	0.124	-0.047	0.426	-0.184	-0.024	-0.057	0.738	"2"
"相关"	0	2	1	0	0	0.308	1.124	1.037	0.159	0.372	-0.141	0.5	-0.14	-0.071	-0.172	1.024	"2"
"省省"	0	1	0	0	0	0.103	0.375	0.346	0.053	0.124	-0.047	0.426	-0.184	-0.024	-0.057	0.738	"2"
"真实"	0	1	0	0	0	0.103	0.375	0.346	0.053	0.124	-0.047	0.426	-0.184	-0.024	-0.057	0.738	"2"
"真相"	0	0	1	1	0	0.206	0.749	0.691	0.106	0.248	-0.094	-0.408	0.243	0.986	-0.115	1.846	"4"
"知情"	0	1	0	0	0	0.103	0.375	0.346	0.053	0.124	-0.047	0.426	-0.184	-0.024	-0.057	0.738	"2"
"石荷州"	0	1	0	0	0	0.103	0.375	0.346	0.053	0.124	-0.047	0.426	-0.184	-0.024	-0.057	0.738	"2"
"研讨"	0	0	1	0	0	0.103	0.375	0.346	0.053	0.124	-0.047	-0.204	0.461	-0.024	-0.057	0.793	"3"
"确信"	0	1	0	0	0	0.103	0.375	0.346	0.053	0.124	-0.047	0.426	-0.184	-0.024	-0.057	0.738	"2"
"确认"	0	1	0	0	0	0.103	0.375	0.346	0.053	0.124	-0.047	0.426	-0.184	-0.024	-0.057	0.738	"2"
"示范店"	0	0	1	0	0	0.103	0.375	0.346	0.053	0.124	-0.047	-0.204	0.461	-0.024	-0.057	0.793	"3"
"礼宾"	0	1	0	0	0	0.103	0.375	0.346	0.053	0.124	-0.047	0.426	-0.184	-0.024	-0.057	0.738	"2"
"社"	0	0	0	0	3	0.308	1.124	1.037	0.159	0.372	-0.141	-0.612	-0.553	-0.071	2.721	4.098	"5"
"社科"	0	1	0	0	0	0.103	0.375	0.346	0.053	0.124	-0.047	0.426	-0.184	-0.024	-0.057	0.738	"2"
"社长"	0	0	0	0	1	0.103	0.375	0.346	0.053	0.124	-0.047	-0.204	-0.184	-0.024	0.907	1.366	"5"
"祖籍"	0	0	0	0	1	0.103	0.375	0.346	0.053	0.124	-0.047	-0.204	-0.184	-0.024	0.907	1.366	"5"
"禧街"	0	1	0	0	0	0.103	0.375	0.346	0.053	0.124	-0.047	0.426	-0.184	-0.024	-0.057	0.738	"2"
"离职"	0	1	0	0	0	0.103	0.375	0.346	0.053	0.124	-0.047	0.426	-0.184	-0.024	-0.057	0.738	"2"
"秉持"	0	0	0	1	0	0.103	0.375	0.346	0.053	0.124	-0.047	-0.204	-0.184	1.275	-0.057	1.767	"4"
"科威特"	0	0	0	0	1	0.103	0.375	0.346	0.053	0.124	-0.047	-0.204	-0.184	-0.024	0.907	1.366	"5"
"科学家"	0	0	0	0	1	0.103	0.375	0.346	0.053	0.124	-0.047	-0.204	-0.184	-0.024	0.907	1.366	"5"
"科技局"	0	0	1	0	0	0.103	0.375	0.346	0.053	0.124	-0.047	-0.204	0.461	-0.024	-0.057	0.793	"3"
"秘书"	0	1	0	0	0	0.103	0.375	0.346	0.053	0.124	-0.047	0.426	-0.184	-0.024	-0.057	0.738	"2"
"秘密"	0	1	0	0	0	0.103	0.375	0.346	0.053	0.124	-0.047	0.426	-0.184	-0.024	-0.057	0.738	"2"
"称"	0	3	0	1	2	0.617	2.248	2.074	0.318	0.743	-0.283	0.394	-1.105	0.554	0.785	3.121	"3"
"称雄"	1	0	0	0	0	0.103	0.375	0.346	0.053	0.124	0.988	-0.204	-0.184	-0.024	-0.057	1.457	"1"
"程川康"	0	1	0	0	0	0.103	0.375	0.346	0.053	0.124	-0.047	0.426	-0.184	-0.024	-0.057	0.738	"2"
"稿"	0	0	4	0	0	0.411	1.499	1.383	0.212	0.496	-0.188	-0.815	1.846	-0.095	-0.23	3.174	"3"
"空气"	0	0	2	0	0	0.206	0.749	0.691	0.106	0.248	-0.094	-0.408	0.923	-0.047	-0.115	1.587	"3"
"突尼"	0	0	0	0	1	0.103	0.375	0.346	0.053	0.124	-0.047	-0.204	-0.184	-0.024	0.907	1.366	"5"
"突然"	0	1	0	0	0	0.103	0.375	0.346	0.053	0.124	-0.047	0.426	-0.184	-0.024	-0.057	0.738	"2"
"立刻"	0	2	0	0	0	0.206	0.749	0.691	0.106	0.248	-0.094	0.853	-0.368	-0.047	-0.115	1.477	"2"
"立论"	0	1	0	0	0	0.103	0.375	0.346	0.053	0.124	-0.047	0.426	-0.184	-0.024	-0.057	0.738	"2"
"第18"	0	0	1	0	0	0.103	0.375	0.346	0.053	0.124	-0.047	-0.204	0.461	-0.024	-0.057	0.793	"3"
"第一手"	0	0	0	1	0	0.103	0.375	0.346	0.053	0.124	-0.047	-0.204	-0.184	1.275	-0.057	1.767	"4"
"第一时间"	0	1	0	0	0	0.103	0.375	0.346	0.053	0.124	-0.047	0.426	-0.184	-0.024	-0.057	0.738	"2"
"第十"	0	0	1	0	0	0.103	0.375	0.346	0.053	0.124	-0.047	-0.204	0.461	-0.024	-0.057	0.793	"3"
"策划"	0	1	0	0	0	0.103	0.375	0.346	0.053	0.124	-0.047	0.426	-0.184	-0.024	-0.057	0.738	"2"
"筛选"	0	1	0	0	0	0.103	0.375	0.346	0.053	0.124	-0.047	0.426	-0.184	-0.024	-0.057	0.738	"2"
"管理局"	0	1	0	0	0	0.103	0.375	0.346	0.053	0.124	-0.047	0.426	-0.184	-0.024	-0.057	0.738	"2"
"箴言报"	1	0	0	0	0	0.103	0.375	0.346	0.053	0.124	0.988	-0.204	-0.184	-0.024	-0.057	1.457	"1"
"篇"	0	1	0	0	0	0.103	0.375	0.346	0.053	0.124	-0.047	0.426	-0.184	-0.024	-0.057	0.738	"2"
"精彩"	1	0	0	0	0	0.103	0.375	0.346	0.053	0.124	0.988	-0.204	-0.184	-0.024	-0.057	1.457	"1"
"系统"	0	1	0	0	0	0.103	0.375	0.346	0.053	0.124	-0.047	0.426	-0.184	-0.024	-0.057	0.738	"2"
"约旦"	0	0	0	1	0	0.103	0.375	0.346	0.053	0.124	-0.047	-0.204	-0.184	1.275	-0.057	1.767	"4"
"纸"	0	0	1	0	0	0.103	0.375	0.346	0.053	0.124	-0.047	-0.204	0.461	-0.024	-0.057	0.793	"3"
"纽约时报"	0	0	2	0	0	0.206	0.749	0.691	0.106	0.248	-0.094	-0.408	0.923	-0.047	-0.115	1.587	"3"
"组成"	0	1	0	0	0	0.103	0.375	0.346	0.053	0.124	-0.047	0.426	-0.184	-0.024	-0.057	0.738	"2"
"经济学人"	0	0	0	1	0	0.103	0.375	0.346	0.053	0.124	-0.047	-0.204	-0.184	1.275	-0.057	1.767	"4"
"经济报"	1	0	0	0	0	0.103	0.375	0.346	0.053	0.124	0.988	-0.204	-0.184	-0.024	-0.057	1.457	"1"
"经济日报"	1	0	0	0	0	0.103	0.375	0.346	0.053	0.124	0.988	-0.204	-0.184	-0.024	-0.057	1.457	"1"
"经费"	0	1	0	0	0	0.103	0.375	0.346	0.053	0.124	-0.047	0.426	-0.184	-0.024	-0.057	0.738	"2"
"给予"	0	0	0	1	0	0.103	0.375	0.346	0.053	0.124	-0.047	-0.204	-0.184	1.275	-0.057	1.767	"4"
"绝无"	0	1	0	0	0	0.103	0.375	0.346	0.053	0.124	-0.047	0.426	-0.184	-0.024	-0.057	0.738	"2"
"继任者"	0	1	0	0	0	0.103	0.375	0.346	0.053	0.124	-0.047	0.426	-0.184	-0.024	-0.057	0.738	"2"
"续任"	0	0	0	0	1	0.103	0.375	0.346	0.053	0.124	-0.047	-0.204	-0.184	-0.024	0.907	1.366	"5"
"绯闻案"	0	0	0	1	0	0.103	0.375	0.346	0.053	0.124	-0.047	-0.204	-0.184	1.275	-0.057	1.767	"4"
"综合"	0	10	2	0	2	1.439	5.245	4.839	0.743	1.735	-0.659	1.981	-1.05	-0.331	0.274	4.295	"2"
"编採"	0	2	0	0	0	0.206	0.749	0.691	0.106	0.248	-0.094	0.853	-0.368	-0.047	-0.115	1.477	"2"
"编辑"	0	0	1	0	0	0.103	0.375	0.346	0.053	0.124	-0.047	-0.204	0.461	-0.024	-0.057	0.793	"3"
"网"	0	1	0	0	0	0.103	0.375	0.346	0.053	0.124	-0.047	0.426	-0.184	-0.024	-0.057	0.738	"2"
"网站"	0	0	2	0	0	0.206	0.749	0.691	0.106	0.248	-0.094	-0.408	0.923	-0.047	-0.115	1.587	"3"
"网路版"	0	1	0	0	0	0.103	0.375	0.346	0.053	0.124	-0.047	0.426	-0.184	-0.024	-0.057	0.738	"2"
"罗盘"	0	0	0	0	1	0.103	0.375	0.346	0.053	0.124	-0.047	-0.204	-0.184	-0.024	0.907	1.366	"5"
"罗盘报"	1	0	0	0	0	0.103	0.375	0.346	0.053	0.124	0.988	-0.204	-0.184	-0.024	-0.057	1.457	"1"
"罗马尼亚"	0	0	0	0	2	0.206	0.749	0.691	0.106	0.248	-0.094	-0.408	-0.368	-0.047	1.814	2.731	"5"
"署名"	0	0	0	1	0	0.103	0.375	0.346	0.053	0.124	-0.047	-0.204	-0.184	1.275	-0.057	1.767	"4"
"美"	0	1	0	0	0	0.103	0.375	0.346	0.053	0.124	-0.047	0.426	-0.184	-0.024	-0.057	0.738	"2"
"美军"	0	8	0	0	0	0.822	2.997	2.765	0.424	0.991	-0.377	3.411	-1.473	-0.189	-0.46	5.91	"2"
"美加华蒂"	0	0	0	0	1	0.103	0.375	0.346	0.053	0.124	-0.047	-0.204	-0.184	-0.024	0.907	1.366	"5"
"美和"	0	0	1	0	0	0.103	0.375	0.346	0.053	0.124	-0.047	-0.204	0.461	-0.024	-0.057	0.793	"3"
"美国"	0	9	2	2	2	1.542	5.62	5.184	0.796	1.859	-0.706	1.191	-1.18	0.727	0.243	4.047	"2"
"美方"	0	2	0	0	0	0.206	0.749	0.691	0.106	0.248	-0.094	0.853	-0.368	-0.047	-0.115	1.477	"2"
"美英"	0	1	0	0	0	0.103	0.375	0.346	0.053	0.124	-0.047	0.426	-0.184	-0.024	-0.057	0.738	"2"
"翔实"	0	1	0	0	0	0.103	0.375	0.346	0.053	0.124	-0.047	0.426	-0.184	-0.024	-0.057	0.738	"2"
"者报"	1	0	0	0	0	0.103	0.375	0.346	0.053	0.124	0.988	-0.204	-0.184	-0.024	-0.057	1.457	"1"
"耸人听闻"	0	0	1	0	0	0.103	0.375	0.346	0.053	0.124	-0.047	-0.204	0.461	-0.024	-0.057	0.793	"3"
"联军"	0	2	0	0	0	0.206	0.749	0.691	0.106	0.248	-0.094	0.853	-0.368	-0.047	-0.115	1.477	"2"
"联合"	0	2	1	0	0	0.308	1.124	1.037	0.159	0.372	-0.141	0.5	-0.14	-0.071	-0.172	1.024	"2"
"联合晚报"	1	0	0	0	0	0.103	0.375	0.346	0.053	0.124	0.988	-0.204	-0.184	-0.024	-0.057	1.457	"1"
"股价"	0	1	0	0	0	0.103	0.375	0.346	0.053	0.124	-0.047	0.426	-0.184	-0.024	-0.057	0.738	"2"
"肯德"	1	0	0	0	0	0.103	0.375	0.346	0.053	0.124	0.988	-0.204	-0.184	-0.024	-0.057	1.457	"1"
"背景"	0	0	1	0	0	0.103	0.375	0.346	0.053	0.124	-0.047	-0.204	0.461	-0.024	-0.057	0.793	"3"
"胡忠信"	0	0	1	0	0	0.103	0.375	0.346	0.053	0.124	-0.047	-0.204	0.461	-0.024	-0.057	0.793	"3"
"胡梦生"	0	1	0	0	0	0.103	0.375	0.346	0.053	0.124	-0.047	0.426	-0.184	-0.024	-0.057	0.738	"2"
"自"	0	0	1	0	0	0.103	0.375	0.346	0.053	0.124	-0.047	-0.204	0.461	-0.024	-0.057	0.793	"3"
"自由"	0	0	6	0	0	0.617	2.248	2.074	0.318	0.743	-0.283	-1.223	2.768	-0.142	-0.345	4.761	"3"
"舆情"	0	1	0	0	0	0.103	0.375	0.346	0.053	0.124	-0.047	0.426	-0.184	-0.024	-0.057	0.738	"2"
"舆论"	0	1	0	0	0	0.103	0.375	0.346	0.053	0.124	-0.047	0.426	-0.184	-0.024	-0.057	0.738	"2"
"舍利子"	0	0	1	0	0	0.103	0.375	0.346	0.053	0.124	-0.047	-0.204	0.461	-0.024	-0.057	0.793	"3"
"艘"	2	0	0	0	0	0.206	0.749	0.691	0.106	0.248	1.976	-0.408	-0.368	-0.047	-0.115	2.914	"1"
"艺术部"	0	4	0	0	0	0.411	1.499	1.383	0.212	0.496	-0.188	1.706	-0.737	-0.095	-0.23	2.956	"2"
"节目"	0	3	0	0	0	0.308	1.124	1.037	0.159	0.372	-0.141	1.279	-0.553	-0.071	-0.172	2.216	"2"
"苏姓"	1	0	0	0	0	0.103	0.375	0.346	0.053	0.124	0.988	-0.204	-0.184	-0.024	-0.057	1.457	"1"
"英"	0	1	0	0	0	0.103	0.375	0.346	0.053	0.124	-0.047	0.426	-0.184	-0.024	-0.057	0.738	"2"
"英国"	1	7	0	0	0	0.822	2.997	2.765	0.424	0.991	0.237	2.254	-1.473	-0.189	-0.46	4.613	"2"
"英文"	1	0	0	0	0	0.103	0.375	0.346	0.053	0.124	0.988	-0.204	-0.184	-0.024	-0.057	1.457	"1"
"英语"	0	0	1	0	0	0.103	0.375	0.346	0.053	0.124	-0.047	-0.204	0.461	-0.024	-0.057	0.793	"3"
"苹果"	1	0	0	0	0	0.103	0.375	0.346	0.053	0.124	0.988	-0.204	-0.184	-0.024	-0.057	1.457	"1"
"荷兰"	0	0	2	0	0	0.206	0.749	0.691	0.106	0.248	-0.094	-0.408	0.923	-0.047	-0.115	1.587	"3"
"莎朗"	1	0	0	0	0	0.103	0.375	0.346	0.053	0.124	0.988	-0.204	-0.184	-0.024	-0.057	1.457	"1"
"莫斯科"	0	0	0	0	4	0.411	1.499	1.383	0.212	0.496	-0.188	-0.815	-0.737	-0.095	3.628	5.463	"5"
"获得"	0	2	0	0	0	0.206	0.749	0.691	0.106	0.248	-0.094	0.853	-0.368	-0.047	-0.115	1.477	"2"
"获救"	0	1	0	0	0	0.103	0.375	0.346	0.053	0.124	-0.047	0.426	-0.184	-0.024	-0.057	0.738	"2"
"获知"	0	1	0	0	0	0.103	0.375	0.346	0.053	0.124	-0.047	0.426	-0.184	-0.024	-0.057	0.738	"2"
"获邀"	0	1	0	0	0	0.103	0.375	0.346	0.053	0.124	-0.047	0.426	-0.184	-0.024	-0.057	0.738	"2"
"菲律宾"	1	2	0	0	1	0.411	1.499	1.383	0.212	0.496	0.454	0.318	-0.737	-0.095	0.386	1.99	"3"
"萨"	0	1	0	0	0	0.103	0.375	0.346	0.053	0.124	-0.047	0.426	-0.184	-0.024	-0.057	0.738	"2"
"萨达姆"	1	4	0	0	0	0.514	1.873	1.728	0.265	0.62	0.378	1.161	-0.921	-0.118	-0.287	2.865	"2"
"葡萄牙"	0	0	0	0	1	0.103	0.375	0.346	0.053	0.124	-0.047	-0.204	-0.184	-0.024	0.907	1.366	"5"
"董"	0	1	0	0	0	0.103	0.375	0.346	0.053	0.124	-0.047	0.426	-0.184	-0.024	-0.057	0.738	"2"
"董欣束"	0	0	1	0	0	0.103	0.375	0.346	0.053	0.124	-0.047	-0.204	0.461	-0.024	-0.057	0.793	"3"
"薛尔"	0	2	0	0	0	0.206	0.749	0.691	0.106	0.248	-0.094	0.853	-0.368	-0.047	-0.115	1.477	"2"
"血案"	0	1	0	0	0	0.103	0.375	0.346	0.053	0.124	-0.047	0.426	-0.184	-0.024	-0.057	0.738	"2"
"行政院"	0	0	0	0	1	0.103	0.375	0.346	0.053	0.124	-0.047	-0.204	-0.184	-0.024	0.907	1.366	"5"
"裁员"	0	1	0	0	0	0.103	0.375	0.346	0.053	0.124	-0.047	0.426	-0.184	-0.024	-0.057	0.738	"2"
"西方"	0	0	0	1	0	0.103	0.375	0.346	0.053	0.124	-0.047	-0.204	-0.184	1.275	-0.057	1.767	"4"
"西省"	0	0	0	0	1	0.103	0.375	0.346	0.053	0.124	-0.047	-0.204	-0.184	-0.024	0.907	1.366	"5"
"见报"	0	1	0	0	0	0.103	0.375	0.346	0.053	0.124	-0.047	0.426	-0.184	-0.024	-0.057	0.738	"2"
"观察家报"	1	0	0	0	0	0.103	0.375	0.346	0.053	0.124	0.988	-0.204	-0.184	-0.024	-0.057	1.457	"1"
"视"	0	1	0	0	0	0.103	0.375	0.346	0.053	0.124	-0.047	0.426	-0.184	-0.024	-0.057	0.738	"2"
"解放军报"	1	0	0	0	0	0.103	0.375	0.346	0.053	0.124	0.988	-0.204	-0.184	-0.024	-0.057	1.457	"1"
"解除"	0	1	0	0	0	0.103	0.375	0.346	0.053	0.124	-0.047	0.426	-0.184	-0.024	-0.057	0.738	"2"
"言论"	0	0	2	0	0	0.206	0.749	0.691	0.106	0.248	-0.094	-0.408	0.923	-0.047	-0.115	1.587	"3"
"証券"	0	0	1	0	0	0.103	0.375	0.346	0.053	0.124	-0.047	-0.204	0.461	-0.024	-0.057	0.793	"3"
"警"	0	1	0	0	0	0.103	0.375	0.346	0.053	0.124	-0.047	0.426	-0.184	-0.024	-0.057	0.738	"2"
"警告"	0	1	0	0	0	0.103	0.375	0.346	0.053	0.124	-0.047	0.426	-0.184	-0.024	-0.057	0.738	"2"
"警戒"	0	1	0	0	0	0.103	0.375	0.346	0.053	0.124	-0.047	0.426	-0.184	-0.024	-0.057	0.738	"2"
"警方"	1	4	0	0	1	0.617	2.248	2.074	0.318	0.743	0.32	0.836	-1.105	-0.142	0.261	2.664	"3"
"讯息"	0	1	0	0	0	0.103	0.375	0.346	0.053	0.124	-0.047	0.426	-0.184	-0.024	-0.057	0.738	"2"
"讯社"	0	0	0	0	1	0.103	0.375	0.346	0.053	0.124	-0.047	-0.204	-0.184	-0.024	0.907	1.366	"5"
"许文远"	0	1	0	0	0	0.103	0.375	0.346	0.053	0.124	-0.047	0.426	-0.184	-0.024	-0.057	0.738	"2"
"证"	0	1	0	0	0	0.103	0.375	0.346	0.053	0.124	-0.047	0.426	-0.184	-0.024	-0.057	0.738	"2"
"证实"	0	10	0	0	0	1.028	3.746	3.456	0.53	1.239	-0.471	4.264	-1.842	-0.237	-0.575	7.389	"2"
"证明"	0	1	0	0	0	0.103	0.375	0.346	0.053	0.124	-0.047	0.426	-0.184	-0.024	-0.057	0.738	"2"
"评估"	0	1	0	0	0	0.103	0.375	0.346	0.053	0.124	-0.047	0.426	-0.184	-0.024	-0.057	0.738	"2"
"评议委员"	0	0	1	0	0	0.103	0.375	0.346	0.053	0.124	-0.047	-0.204	0.461	-0.024	-0.057	0.793	"3"
"评论"	0	3	1	0	0	0.411	1.499	1.383	0.212	0.496	-0.188	0.82	-0.244	-0.095	-0.23	1.577	"2"
"评选"	0	0	1	0	0	0.103	0.375	0.346	0.053	0.124	-0.047	-0.204	0.461	-0.024	-0.057	0.793	"3"
"话"	0	0	1	0	1	0.206	0.749	0.691	0.106	0.248	-0.094	-0.408	0.243	-0.047	0.634	1.426	"5"
"话说"	0	0	0	0	1	0.103	0.375	0.346	0.053	0.124	-0.047	-0.204	-0.184	-0.024	0.907	1.366	"5"
"误诊"	1	0	0	0	0	0.103	0.375	0.346	0.053	0.124	0.988	-0.204	-0.184	-0.024	-0.057	1.457	"1"
"说"	4	38	4	2	7	5.653	20.605	19.01	2.918	6.815	-0.494	5.707	-5.64	-0.36	0.275	12.476	"2"
"说明会"	0	1	0	0	0	0.103	0.375	0.346	0.053	0.124	-0.047	0.426	-0.184	-0.024	-0.057	0.738	"2"
"请来"	0	1	0	0	0	0.103	0.375	0.346	0.053	0.124	-0.047	0.426	-0.184	-0.024	-0.057	0.738	"2"
"读到"	0	1	0	0	0	0.103	0.375	0.346	0.053	0.124	-0.047	0.426	-0.184	-0.024	-0.057	0.738	"2"
"读卖"	0	0	4	0	0	0.411	1.499	1.383	0.212	0.496	-0.188	-0.815	1.846	-0.095	-0.23	3.174	"3"
"调查"	0	2	0	0	0	0.206	0.749	0.691	0.106	0.248	-0.094	0.853	-0.368	-0.047	-0.115	1.477	"2"
"谈话"	0	0	0	1	0	0.103	0.375	0.346	0.053	0.124	-0.047	-0.204	-0.184	1.275	-0.057	1.767	"4"
"谢尔盖"	0	0	0	0	1	0.103	0.375	0.346	0.053	0.124	-0.047	-0.204	-0.184	-0.024	0.907	1.366	"5"
"谣言"	0	0	0	0	1	0.103	0.375	0.346	0.053	0.124	-0.047	-0.204	-0.184	-0.024	0.907	1.366	"5"
"负责人"	0	2	0	0	0	0.206	0.749	0.691	0.106	0.248	-0.094	0.853	-0.368	-0.047	-0.115	1.477	"2"
"负面"	0	1	0	1	0	0.206	0.749	0.691	0.106	0.248	-0.094	0.215	-0.368	0.986	-0.115	1.778	"4"
"质疑"	0	2	0	1	0	0.308	1.124	1.037	0.159	0.372	-0.141	0.5	-0.553	0.821	-0.172	2.187	"4"
"贵子"	0	1	0	0	0	0.103	0.375	0.346	0.053	0.124	-0.047	0.426	-0.184	-0.024	-0.057	0.738	"2"
"费多托夫"	0	0	0	0	1	0.103	0.375	0.346	0.053	0.124	-0.047	-0.204	-0.184	-0.024	0.907	1.366	"5"
"贿赂"	0	0	1	0	0	0.103	0.375	0.346	0.053	0.124	-0.047	-0.204	0.461	-0.024	-0.057	0.793	"3"
"资料"	0	1	0	0	0	0.103	0.375	0.346	0.053	0.124	-0.047	0.426	-0.184	-0.024	-0.057	0.738	"2"
"资深"	0	0	1	0	0	0.103	0.375	0.346	0.053	0.124	-0.047	-0.204	0.461	-0.024	-0.057	0.793	"3"
"走漏"	0	1	0	0	0	0.103	0.375	0.346	0.053	0.124	-0.047	0.426	-0.184	-0.024	-0.057	0.738	"2"
"赵少康"	0	1	0	0	0	0.103	0.375	0.346	0.053	0.124	-0.047	0.426	-0.184	-0.024	-0.057	0.738	"2"
"赶到"	0	3	0	0	0	0.308	1.124	1.037	0.159	0.372	-0.141	1.279	-0.553	-0.071	-0.172	2.216	"2"
"赶到现"	0	1	0	0	0	0.103	0.375	0.346	0.053	0.124	-0.047	0.426	-0.184	-0.024	-0.057	0.738	"2"
"越南"	1	0	0	0	0	0.103	0.375	0.346	0.053	0.124	0.988	-0.204	-0.184	-0.024	-0.057	1.457	"1"
"足协"	0	2	1	0	0	0.308	1.124	1.037	0.159	0.372	-0.141	0.5	-0.14	-0.071	-0.172	1.024	"2"
"跨党派小组"	0	0	0	1	0	0.103	0.375	0.346	0.053	0.124	-0.047	-0.204	-0.184	1.275	-0.057	1.767	"4"
"路透电"	0	1	0	0	0	0.103	0.375	0.346	0.053	0.124	-0.047	0.426	-0.184	-0.024	-0.057	0.738	"2"
"路透社"	0	0	0	0	1	0.103	0.375	0.346	0.053	0.124	-0.047	-0.204	-0.184	-0.024	0.907	1.366	"5"
"辞去"	0	1	1	0	0	0.206	0.749	0.691	0.106	0.248	-0.094	0.215	0.243	-0.047	-0.115	0.714	"3"
"辞职"	0	1	0	0	0	0.103	0.375	0.346	0.053	0.124	-0.047	0.426	-0.184	-0.024	-0.057	0.738	"2"
"达信"	0	1	0	0	0	0.103	0.375	0.346	0.053	0.124	-0.047	0.426	-0.184	-0.024	-0.057	0.738	"2"
"过份"	0	1	0	0	0	0.103	0.375	0.346	0.053	0.124	-0.047	0.426	-0.184	-0.024	-0.057	0.738	"2"
"近日"	0	0	0	0	1	0.103	0.375	0.346	0.053	0.124	-0.047	-0.204	-0.184	-0.024	0.907	1.366	"5"
"这"	0	20	3	0	0	2.364	8.617	7.949	1.22	2.85	-1.083	5.854	-1.699	-0.544	-1.321	10.501	"2"
"这些"	0	3	0	0	0	0.308	1.124	1.037	0.159	0.372	-0.141	1.279	-0.553	-0.071	-0.172	2.216	"2"
"违背"	0	1	0	0	0	0.103	0.375	0.346	0.053	0.124	-0.047	0.426	-0.184	-0.024	-0.057	0.738	"2"
"连日"	0	1	0	0	1	0.206	0.749	0.691	0.106	0.248	-0.094	0.215	-0.368	-0.047	0.634	1.358	"5"
"连线"	0	0	1	0	0	0.103	0.375	0.346	0.053	0.124	-0.047	-0.204	0.461	-0.024	-0.057	0.793	"3"
"连线报"	0	1	0	0	0	0.103	0.375	0.346	0.053	0.124	-0.047	0.426	-0.184	-0.024	-0.057	0.738	"2"
"迷思"	0	1	0	0	0	0.103	0.375	0.346	0.053	0.124	-0.047	0.426	-0.184	-0.024	-0.057	0.738	"2"
"逃到"	0	1	0	0	0	0.103	0.375	0.346	0.053	0.124	-0.047	0.426	-0.184	-0.024	-0.057	0.738	"2"
"选送"	0	0	1	0	0	0.103	0.375	0.346	0.053	0.124	-0.047	-0.204	0.461	-0.024	-0.057	0.793	"3"
"透"	0	1	0	0	0	0.103	0.375	0.346	0.053	0.124	-0.047	0.426	-0.184	-0.024	-0.057	0.738	"2"
"透露"	0	5	1	0	0	0.617	2.248	2.074	0.318	0.743	-0.283	1.516	-0.485	-0.142	-0.345	2.771	"2"
"通"	0	0	1	0	0	0.103	0.375	0.346	0.053	0.124	-0.047	-0.204	0.461	-0.024	-0.057	0.793	"3"
"通报"	0	0	3	0	0	0.308	1.124	1.037	0.159	0.372	-0.141	-0.612	1.384	-0.071	-0.172	2.38	"3"
"通气"	0	1	0	0	0	0.103	0.375	0.346	0.053	0.124	-0.047	0.426	-0.184	-0.024	-0.057	0.738	"2"
"通讯"	0	2	0	0	0	0.206	0.749	0.691	0.106	0.248	-0.094	0.853	-0.368	-0.047	-0.115	1.477	"2"
"通讯员"	0	1	0	0	0	0.103	0.375	0.346	0.053	0.124	-0.047	0.426	-0.184	-0.024	-0.057	0.738	"2"
"通讯社"	0	0	0	0	6	0.617	2.248	2.074	0.318	0.743	-0.283	-1.223	-1.105	-0.142	5.441	8.194	"5"
"週刊"	0	0	0	2	0	0.206	0.749	0.691	0.106	0.248	-0.094	-0.408	-0.368	2.551	-0.115	3.536	"4"
"遇难"	0	1	0	0	0	0.103	0.375	0.346	0.053	0.124	-0.047	0.426	-0.184	-0.024	-0.057	0.738	"2"
"道出"	0	0	1	0	0	0.103	0.375	0.346	0.053	0.124	-0.047	-0.204	0.461	-0.024	-0.057	0.793	"3"
"道小"	0	1	0	0	0	0.103	0.375	0.346	0.053	0.124	-0.047	0.426	-0.184	-0.024	-0.057	0.738	"2"
"道德"	0	0	0	1	0	0.103	0.375	0.346	0.053	0.124	-0.047	-0.204	-0.184	1.275	-0.057	1.767	"4"
"遗书"	0	0	0	0	2	0.206	0.749	0.691	0.106	0.248	-0.094	-0.408	-0.368	-0.047	1.814	2.731	"5"
"那样"	0	0	0	1	0	0.103	0.375	0.346	0.053	0.124	-0.047	-0.204	-0.184	1.275	-0.057	1.767	"4"
"邮报"	0	0	1	0	0	0.103	0.375	0.346	0.053	0.124	-0.047	-0.204	0.461	-0.024	-0.057	0.793	"3"
"部"	0	1	0	0	0	0.103	0.375	0.346	0.053	0.124	-0.047	0.426	-0.184	-0.024	-0.057	0.738	"2"
"部份"	0	0	1	0	0	0.103	0.375	0.346	0.053	0.124	-0.047	-0.204	0.461	-0.024	-0.057	0.793	"3"
"部委"	0	0	0	0	1	0.103	0.375	0.346	0.053	0.124	-0.047	-0.204	-0.184	-0.024	0.907	1.366	"5"
"部长"	0	1	0	0	0	0.103	0.375	0.346	0.053	0.124	-0.047	0.426	-0.184	-0.024	-0.057	0.738	"2"
"部队"	0	2	0	0	0	0.206	0.749	0.691	0.106	0.248	-0.094	0.853	-0.368	-0.047	-0.115	1.477	"2"
"郭家"	0	1	0	0	0	0.103	0.375	0.346	0.053	0.124	-0.047	0.426	-0.184	-0.024	-0.057	0.738	"2"
"酷打"	0	0	1	0	0	0.103	0.375	0.346	0.053	0.124	-0.047	-0.204	0.461	-0.024	-0.057	0.793	"3"
"采用"	0	0	1	0	0	0.103	0.375	0.346	0.053	0.124	-0.047	-0.204	0.461	-0.024	-0.057	0.793	"3"
"采编"	0	1	0	0	0	0.103	0.375	0.346	0.053	0.124	-0.047	0.426	-0.184	-0.024	-0.057	0.738	"2"
"采访"	1	4	0	1	0	0.617	2.248	2.074	0.318	0.743	0.32	0.836	-1.105	0.554	-0.345	3.16	"3"
"释宪案"	0	0	1	0	0	0.103	0.375	0.346	0.053	0.124	-0.047	-0.204	0.461	-0.024	-0.057	0.793	"3"
"重点"	0	0	2	0	0	0.206	0.749	0.691	0.106	0.248	-0.094	-0.408	0.923	-0.047	-0.115	1.587	"3"
"金像奖"	0	1	0	0	0	0.103	0.375	0.346	0.053	0.124	-0.047	0.426	-0.184	-0.024	-0.057	0.738	"2"
"金正日"	0	0	1	0	0	0.103	0.375	0.346	0.053	0.124	-0.047	-0.204	0.461	-0.024	-0.057	0.793	"3"
"鉴"	0	0	3	0	0	0.308	1.124	1.037	0.159	0.372	-0.141	-0.612	1.384	-0.071	-0.172	2.38	"3"
"针对"	0	0	0	3	0	0.308	1.124	1.037	0.159	0.372	-0.141	-0.612	-0.553	3.826	-0.172	5.304	"4"
"铀"	0	1	0	0	0	0.103	0.375	0.346	0.053	0.124	-0.047	0.426	-0.184	-0.024	-0.057	0.738	"2"
"错误"	0	2	0	0	0	0.206	0.749	0.691	0.106	0.248	-0.094	0.853	-0.368	-0.047	-0.115	1.477	"2"
"长期"	0	0	0	1	0	0.103	0.375	0.346	0.053	0.124	-0.047	-0.204	-0.184	1.275	-0.057	1.767	"4"
"间"	1	1	0	0	7	0.925	3.372	3.111	0.477	1.115	0.205	-1.029	-1.658	-0.213	4.891	7.996	"5"
"闹出"	0	0	1	0	0	0.103	0.375	0.346	0.053	0.124	-0.047	-0.204	0.461	-0.024	-0.057	0.793	"3"
"闻"	0	1	0	0	0	0.103	0.375	0.346	0.053	0.124	-0.047	0.426	-0.184	-0.024	-0.057	0.738	"2"
"阳金公路"	0	1	0	0	0	0.103	0.375	0.346	0.053	0.124	-0.047	0.426	-0.184	-0.024	-0.057	0.738	"2"
"阵营"	0	1	0	0	0	0.103	0.375	0.346	0.053	0.124	-0.047	0.426	-0.184	-0.024	-0.057	0.738	"2"
"阿尔"	0	0	0	0	1	0.103	0.375	0.346	0.053	0.124	-0.047	-0.204	-0.184	-0.024	0.907	1.366	"5"
"阿德"	0	0	0	1	0	0.103	0.375	0.346	0.053	0.124	-0.047	-0.204	-0.184	1.275	-0.057	1.767	"4"
"阿拉伯"	0	0	0	0	1	0.103	0.375	0.346	0.053	0.124	-0.047	-0.204	-0.184	-0.024	0.907	1.366	"5"
"阿杜"	0	1	0	0	0	0.103	0.375	0.346	0.053	0.124	-0.047	0.426	-0.184	-0.024	-0.057	0.738	"2"
"阿纳多卢"	0	0	0	0	1	0.103	0.375	0.346	0.053	0.124	-0.047	-0.204	-0.184	-0.024	0.907	1.366	"5"
"阿罗约"	0	0	0	0	1	0.103	0.375	0.346	0.053	0.124	-0.047	-0.204	-0.184	-0.024	0.907	1.366	"5"
"陆战队"	0	0	0	0	1	0.103	0.375	0.346	0.053	0.124	-0.047	-0.204	-0.184	-0.024	0.907	1.366	"5"
"陈昭荣"	0	0	0	2	0	0.206	0.749	0.691	0.106	0.248	-0.094	-0.408	-0.368	2.551	-0.115	3.536	"4"
"陈水扁"	0	0	0	1	0	0.103	0.375	0.346	0.053	0.124	-0.047	-0.204	-0.184	1.275	-0.057	1.767	"4"
"降临"	0	0	1	0	0	0.103	0.375	0.346	0.053	0.124	-0.047	-0.204	0.461	-0.024	-0.057	0.793	"3"
"降息"	0	1	0	0	0	0.103	0.375	0.346	0.053	0.124	-0.047	0.426	-0.184	-0.024	-0.057	0.738	"2"
"降落伞"	0	1	0	0	0	0.103	0.375	0.346	0.053	0.124	-0.047	0.426	-0.184	-0.024	-0.057	0.738	"2"
"隔天"	1	0	0	0	0	0.103	0.375	0.346	0.053	0.124	0.988	-0.204	-0.184	-0.024	-0.057	1.457	"1"
"难以置信"	0	1	0	0	0	0.103	0.375	0.346	0.053	0.124	-0.047	0.426	-0.184	-0.024	-0.057	0.738	"2"
"难过"	0	1	0	0	0	0.103	0.375	0.346	0.053	0.124	-0.047	0.426	-0.184	-0.024	-0.057	0.738	"2"
"雅加达"	1	0	0	0	0	0.103	0.375	0.346	0.053	0.124	0.988	-0.204	-0.184	-0.024	-0.057	1.457	"1"
"雪梨"	0	0	1	0	0	0.103	0.375	0.346	0.053	0.124	-0.047	-0.204	0.461	-0.024	-0.057	0.793	"3"
"雷达"	0	1	0	0	0	0.103	0.375	0.346	0.053	0.124	-0.047	0.426	-0.184	-0.024	-0.057	0.738	"2"
"震惊"	0	1	0	0	0	0.103	0.375	0.346	0.053	0.124	-0.047	0.426	-0.184	-0.024	-0.057	0.738	"2"
"霍士"	0	1	0	0	0	0.103	0.375	0.346	0.053	0.124	-0.047	0.426	-0.184	-0.024	-0.057	0.738	"2"
"青"	1	0	1	0	0	0.206	0.749	0.691	0.106	0.248	0.71	-0.408	0.243	-0.047	-0.115	1.523	"1"
"非典型"	0	1	0	0	0	0.103	0.375	0.346	0.053	0.124	-0.047	0.426	-0.184	-0.024	-0.057	0.738	"2"
"项"	0	4	1	0	0	0.514	1.873	1.728	0.265	0.62	-0.235	1.161	-0.36	-0.118	-0.287	2.161	"2"
"预期"	0	1	0	0	0	0.103	0.375	0.346	0.053	0.124	-0.047	0.426	-0.184	-0.024	-0.057	0.738	"2"
"预警"	0	1	0	0	0	0.103	0.375	0.346	0.053	0.124	-0.047	0.426	-0.184	-0.024	-0.057	0.738	"2"
"频道"	0	1	0	0	0	0.103	0.375	0.346	0.053	0.124	-0.047	0.426	-0.184	-0.024	-0.057	0.738	"2"
"频频"	0	1	0	0	0	0.103	0.375	0.346	0.053	0.124	-0.047	0.426	-0.184	-0.024	-0.057	0.738	"2"
"题材"	0	0	1	0	0	0.103	0.375	0.346	0.053	0.124	-0.047	-0.204	0.461	-0.024	-0.057	0.793	"3"
"颠覆"	0	1	0	0	0	0.103	0.375	0.346	0.053	0.124	-0.047	0.426	-0.184	-0.024	-0.057	0.738	"2"
"飙车族"	0	1	0	0	0	0.103	0.375	0.346	0.053	0.124	-0.047	0.426	-0.184	-0.024	-0.057	0.738	"2"
"饱受"	0	1	0	0	0	0.103	0.375	0.346	0.053	0.124	-0.047	0.426	-0.184	-0.024	-0.057	0.738	"2"
"香港"	3	3	3	1	0	1.028	3.746	3.456	0.53	1.239	1.125	-0.349	-0.279	0.377	-0.575	2.705	"1"
"马上"	0	1	0	0	1	0.206	0.749	0.691	0.106	0.248	-0.094	0.215	-0.368	-0.047	0.634	1.358	"5"
"马伊津斯基"	0	0	0	0	1	0.103	0.375	0.346	0.053	0.124	-0.047	-0.204	-0.184	-0.024	0.907	1.366	"5"
"马其顿"	0	0	1	0	0	0.103	0.375	0.346	0.053	0.124	-0.047	-0.204	0.461	-0.024	-0.057	0.793	"3"
"马哈迪"	1	0	0	0	0	0.103	0.375	0.346	0.053	0.124	0.988	-0.204	-0.184	-0.024	-0.057	1.457	"1"
"马拉威"	0	0	1	0	0	0.103	0.375	0.346	0.053	0.124	-0.047	-0.204	0.461	-0.024	-0.057	0.793	"3"
"马福"	0	1	0	0	0	0.103	0.375	0.346	0.053	0.124	-0.047	0.426	-0.184	-0.024	-0.057	0.738	"2"
"马震洲"	0	0	2	0	0	0.206	0.749	0.691	0.106	0.248	-0.094	-0.408	0.923	-0.047	-0.115	1.587	"3"
"驰援"	0	0	0	1	0	0.103	0.375	0.346	0.053	0.124	-0.047	-0.204	-0.184	1.275	-0.057	1.767	"4"
"驻"	0	3	0	0	0	0.308	1.124	1.037	0.159	0.372	-0.141	1.279	-0.553	-0.071	-0.172	2.216	"2"
"驻伊维"	0	0	0	0	2	0.206	0.749	0.691	0.106	0.248	-0.094	-0.408	-0.368	-0.047	1.814	2.731	"5"
"驻外"	0	5	0	0	0	0.514	1.873	1.728	0.265	0.62	-0.235	2.132	-0.921	-0.118	-0.287	3.693	"2"
"骇人听闻"	0	0	1	0	0	0.103	0.375	0.346	0.053	0.124	-0.047	-0.204	0.461	-0.024	-0.057	0.793	"3"
"骇客"	0	1	0	0	0	0.103	0.375	0.346	0.053	0.124	-0.047	0.426	-0.184	-0.024	-0.057	0.738	"2"
"高兴"	0	1	0	0	0	0.103	0.375	0.346	0.053	0.124	-0.047	0.426	-0.184	-0.024	-0.057	0.738	"2"
"高兹"	0	1	0	0	0	0.103	0.375	0.346	0.053	0.124	-0.047	0.426	-0.184	-0.024	-0.057	0.738	"2"
"高尔"	0	1	0	0	0	0.103	0.375	0.346	0.053	0.124	-0.047	0.426	-0.184	-0.024	-0.057	0.738	"2"
"高层"	0	0	1	0	0	0.103	0.375	0.346	0.053	0.124	-0.047	-0.204	0.461	-0.024	-0.057	0.793	"3"
"高级"	0	1	0	0	0	0.103	0.375	0.346	0.053	0.124	-0.047	0.426	-0.184	-0.024	-0.057	0.738	"2"
"鲍威尔"	0	1	0	0	1	0.206	0.749	0.691	0.106	0.248	-0.094	0.215	-0.368	-0.047	0.634	1.358	"5"
"鲜见"	1	0	0	0	0	0.103	0.375	0.346	0.053	0.124	0.988	-0.204	-0.184	-0.024	-0.057	1.457	"1"
"麦迪逊"	0	0	0	0	1	0.103	0.375	0.346	0.053	0.124	-0.047	-0.204	-0.184	-0.024	0.907	1.366	"5"
"黄匡宁"	1	0	0	0	0	0.103	0.375	0.346	0.053	0.124	0.988	-0.204	-0.184	-0.024	-0.057	1.457	"1"
"黄龙云"	0	0	1	0	0	0.103	0.375	0.346	0.053	0.124	-0.047	-0.204	0.461	-0.024	-0.057	0.793	"3"
"黑龙江"	1	0	0	0	0	0.103	0.375	0.346	0.053	0.124	0.988	-0.204	-0.184	-0.024	-0.057	1.457	"1"
"默勒曼"	0	1	0	0	0	0.103	0.375	0.346	0.053	0.124	-0.047	0.426	-0.184	-0.024	-0.057	0.738	"2"
"鼓舞"	0	1	0	0	0	0.103	0.375	0.346	0.053	0.124	-0.047	0.426	-0.184	-0.024	-0.057	0.738	"2"
