"Coll_Word"	"1"	"2"	"3"	"4"	"exp_1"	"exp_2"	"exp_3"	"exp_4"	"pbin_1"	"pbin_2"	"pbin_3"	"pbin_4"	"SumAbsDev"	"LargestDev"
"--"	7	0	0	1	2.182	1.049	0.551	4.218	3.165	-0.488	-0.248	-1.606	5.507	"1"
"："	0	5	1	14	5.455	2.623	1.379	10.544	-2.766	0.953	-0.226	1.038	4.983	"1"
"！"	0	5	0	0	1.364	0.656	0.345	2.636	-0.692	4.411	-0.155	-1.627	6.885	"2"
"？"	0	1	0	3	1.091	0.525	0.276	2.109	-0.553	0.366	-0.124	0.451	1.494	"1"
"）"	0	9	2	4	4.091	1.967	1.034	7.908	-2.075	4.567	0.557	-1.419	8.618	"2"
"《"	11	4	0	34	13.364	6.426	3.377	25.833	-0.552	-0.672	-1.52	1.878	4.622	"4"
"》"	10	4	0	34	13.091	6.295	3.308	25.306	-0.693	-0.642	-1.489	2.089	4.913	"4"
"【"	0	0	0	1	0.273	0.131	0.069	0.527	-0.138	-0.061	-0.031	0.278	0.508	"4"
"1.3"	0	0	0	1	0.273	0.131	0.069	0.527	-0.138	-0.061	-0.031	0.278	0.508	"4"
"10多"	0	0	0	1	0.273	0.131	0.069	0.527	-0.138	-0.061	-0.031	0.278	0.508	"4"
"11日电"	1	0	0	0	0.273	0.131	0.069	0.527	0.564	-0.061	-0.031	-0.325	0.981	"1"
"13日电"	1	0	0	0	0.273	0.131	0.069	0.527	0.564	-0.061	-0.031	-0.325	0.981	"1"
"1872年"	0	0	0	1	0.273	0.131	0.069	0.527	-0.138	-0.061	-0.031	0.278	0.508	"4"
"1987年"	0	0	0	1	0.273	0.131	0.069	0.527	-0.138	-0.061	-0.031	0.278	0.508	"4"
"19日"	0	1	2	1	1.091	0.525	0.276	2.109	-0.553	0.366	1.586	-0.564	3.069	"3"
"1亿"	0	0	0	1	0.273	0.131	0.069	0.527	-0.138	-0.061	-0.031	0.278	0.508	"4"
"2004年度"	1	0	0	0	0.273	0.131	0.069	0.527	0.564	-0.061	-0.031	-0.325	0.981	"1"
"200多"	0	0	0	1	0.273	0.131	0.069	0.527	-0.138	-0.061	-0.031	0.278	0.508	"4"
"20日电"	1	0	0	0	0.273	0.131	0.069	0.527	0.564	-0.061	-0.031	-0.325	0.981	"1"
"21日电"	1	0	0	0	0.273	0.131	0.069	0.527	0.564	-0.061	-0.031	-0.325	0.981	"1"
"25日电"	1	0	0	0	0.273	0.131	0.069	0.527	0.564	-0.061	-0.031	-0.325	0.981	"1"
"281"	0	0	0	1	0.273	0.131	0.069	0.527	-0.138	-0.061	-0.031	0.278	0.508	"4"
"29日"	0	0	0	1	0.273	0.131	0.069	0.527	-0.138	-0.061	-0.031	0.278	0.508	"4"
"3.35"	1	0	0	0	0.273	0.131	0.069	0.527	0.564	-0.061	-0.031	-0.325	0.981	"1"
"30多"	0	0	0	1	0.273	0.131	0.069	0.527	-0.138	-0.061	-0.031	0.278	0.508	"4"
"31日电"	1	0	0	0	0.273	0.131	0.069	0.527	0.564	-0.061	-0.031	-0.325	0.981	"1"
"5大"	0	0	0	1	0.273	0.131	0.069	0.527	-0.138	-0.061	-0.031	0.278	0.508	"4"
"5日电"	1	0	0	0	0.273	0.131	0.069	0.527	0.564	-0.061	-0.031	-0.325	0.981	"1"
"6日"	3	1	0	1	1.364	0.656	0.345	2.636	0.89	0.297	-0.155	-0.809	2.151	"1"
"89101801"	1	0	0	0	0.273	0.131	0.069	0.527	0.564	-0.061	-0.031	-0.325	0.981	"1"
"891021"	1	0	0	0	0.273	0.131	0.069	0.527	0.564	-0.061	-0.031	-0.325	0.981	"1"
"891022"	1	0	0	0	0.273	0.131	0.069	0.527	0.564	-0.061	-0.031	-0.325	0.981	"1"
"891023"	1	0	0	0	0.273	0.131	0.069	0.527	0.564	-0.061	-0.031	-0.325	0.981	"1"
"891027"	0	0	0	1	0.273	0.131	0.069	0.527	-0.138	-0.061	-0.031	0.278	0.508	"4"
"891104"	1	0	0	0	0.273	0.131	0.069	0.527	0.564	-0.061	-0.031	-0.325	0.981	"1"
"891106"	1	0	0	0	0.273	0.131	0.069	0.527	0.564	-0.061	-0.031	-0.325	0.981	"1"
"891107"	1	0	0	0	0.273	0.131	0.069	0.527	0.564	-0.061	-0.031	-0.325	0.981	"1"
"891108"	1	0	0	0	0.273	0.131	0.069	0.527	0.564	-0.061	-0.031	-0.325	0.981	"1"
"891110"	1	0	0	0	0.273	0.131	0.069	0.527	0.564	-0.061	-0.031	-0.325	0.981	"1"
"891118"	1	0	0	0	0.273	0.131	0.069	0.527	0.564	-0.061	-0.031	-0.325	0.981	"1"
"891121"	1	0	0	0	0.273	0.131	0.069	0.527	0.564	-0.061	-0.031	-0.325	0.981	"1"
"891122"	1	0	0	0	0.273	0.131	0.069	0.527	0.564	-0.061	-0.031	-0.325	0.981	"1"
"891126"	1	0	0	0	0.273	0.131	0.069	0.527	0.564	-0.061	-0.031	-0.325	0.981	"1"
"891202"	1	0	0	0	0.273	0.131	0.069	0.527	0.564	-0.061	-0.031	-0.325	0.981	"1"
"891214"	1	0	0	0	0.273	0.131	0.069	0.527	0.564	-0.061	-0.031	-0.325	0.981	"1"
"891219"	1	0	0	0	0.273	0.131	0.069	0.527	0.564	-0.061	-0.031	-0.325	0.981	"1"
"900109"	1	0	0	0	0.273	0.131	0.069	0.527	0.564	-0.061	-0.031	-0.325	0.981	"1"
"900116"	1	0	0	0	0.273	0.131	0.069	0.527	0.564	-0.061	-0.031	-0.325	0.981	"1"
"900129"	1	0	0	0	0.273	0.131	0.069	0.527	0.564	-0.061	-0.031	-0.325	0.981	"1"
"AlAwsat"	0	1	0	0	0.273	0.131	0.069	0.527	-0.138	0.882	-0.031	-0.325	1.376	"2"
"Asharq"	0	1	0	0	0.273	0.131	0.069	0.527	-0.138	0.882	-0.031	-0.325	1.376	"2"
"Soloman"	0	0	0	1	0.273	0.131	0.069	0.527	-0.138	-0.061	-0.031	0.278	0.508	"4"
"SPH"	0	0	0	1	0.273	0.131	0.069	0.527	-0.138	-0.061	-0.031	0.278	0.508	"4"
"Star"	0	0	0	1	0.273	0.131	0.069	0.527	-0.138	-0.061	-0.031	0.278	0.508	"4"
"Stop"	0	0	0	1	0.273	0.131	0.069	0.527	-0.138	-0.061	-0.031	0.278	0.508	"4"
"一些"	0	0	1	8	2.455	1.18	0.62	4.745	-1.245	-0.549	0.324	1.545	3.663	"4"
"一早"	0	0	0	1	0.273	0.131	0.069	0.527	-0.138	-0.061	-0.031	0.278	0.508	"4"
"一生"	0	0	0	1	0.273	0.131	0.069	0.527	-0.138	-0.061	-0.031	0.278	0.508	"4"
"七十多"	0	0	0	1	0.273	0.131	0.069	0.527	-0.138	-0.061	-0.031	0.278	0.508	"4"
"丈夫"	0	0	0	1	0.273	0.131	0.069	0.527	-0.138	-0.061	-0.031	0.278	0.508	"4"
"三日"	2	0	0	0	0.545	0.262	0.138	1.054	1.129	-0.122	-0.062	-0.651	1.964	"1"
"上"	2	4	14	45	17.727	8.525	4.48	34.268	-6.487	-1.22	3.937	2.298	13.942	"1"
"上报"	0	0	0	1	0.273	0.131	0.069	0.527	-0.138	-0.061	-0.031	0.278	0.508	"4"
"上知"	0	0	0	1	0.273	0.131	0.069	0.527	-0.138	-0.061	-0.031	0.278	0.508	"4"
"上网"	0	0	0	2	0.545	0.262	0.138	1.054	-0.277	-0.122	-0.062	0.556	1.017	"4"
"下载"	0	0	0	2	0.545	0.262	0.138	1.054	-0.277	-0.122	-0.062	0.556	1.017	"4"
"不久"	0	0	1	0	0.273	0.131	0.069	0.527	-0.138	-0.061	1.162	-0.325	1.686	"3"
"不免"	0	0	0	1	0.273	0.131	0.069	0.527	-0.138	-0.061	-0.031	0.278	0.508	"4"
"不只"	0	0	0	2	0.545	0.262	0.138	1.054	-0.277	-0.122	-0.062	0.556	1.017	"4"
"不少"	0	2	0	0	0.545	0.262	0.138	1.054	-0.277	1.764	-0.062	-0.651	2.754	"2"
"不屑"	0	0	0	1	0.273	0.131	0.069	0.527	-0.138	-0.061	-0.031	0.278	0.508	"4"
"不满"	0	2	0	1	0.818	0.393	0.207	1.582	-0.415	1.327	-0.093	-0.338	2.173	"2"
"不用"	0	0	0	3	0.818	0.393	0.207	1.582	-0.415	-0.183	-0.093	0.834	1.525	"4"
"不约而同"	0	1	0	0	0.273	0.131	0.069	0.527	-0.138	0.882	-0.031	-0.325	1.376	"2"
"不行"	0	0	0	1	0.273	0.131	0.069	0.527	-0.138	-0.061	-0.031	0.278	0.508	"4"
"丑行"	0	0	0	1	0.273	0.131	0.069	0.527	-0.138	-0.061	-0.031	0.278	0.508	"4"
"专栏"	0	0	0	1	0.273	0.131	0.069	0.527	-0.138	-0.061	-0.031	0.278	0.508	"4"
"世卫"	0	0	0	2	0.545	0.262	0.138	1.054	-0.277	-0.122	-0.062	0.556	1.017	"4"
"世界"	35	0	0	6	11.182	5.377	2.826	21.615	13.899	-2.503	-1.272	-6.334	24.008	"1"
"世界性"	0	0	0	1	0.273	0.131	0.069	0.527	-0.138	-0.061	-0.031	0.278	0.508	"4"
"东京"	0	1	0	0	0.273	0.131	0.069	0.527	-0.138	0.882	-0.031	-0.325	1.376	"2"
"东南亚"	0	0	0	1	0.273	0.131	0.069	0.527	-0.138	-0.061	-0.031	0.278	0.508	"4"
"严肃"	0	0	0	2	0.545	0.262	0.138	1.054	-0.277	-0.122	-0.062	0.556	1.017	"4"
"个别"	0	0	0	1	0.273	0.131	0.069	0.527	-0.138	-0.061	-0.031	0.278	0.508	"4"
"个性"	0	1	0	0	0.273	0.131	0.069	0.527	-0.138	0.882	-0.031	-0.325	1.376	"2"
"中医药"	0	0	0	2	0.545	0.262	0.138	1.054	-0.277	-0.122	-0.062	0.556	1.017	"4"
"中央日报"	0	0	0	1	0.273	0.131	0.069	0.527	-0.138	-0.061	-0.031	0.278	0.508	"4"
"中文"	0	0	0	6	1.636	0.787	0.414	3.163	-0.83	-0.366	-0.186	1.668	3.05	"4"
"中断"	0	1	0	0	0.273	0.131	0.069	0.527	-0.138	0.882	-0.031	-0.325	1.376	"2"
"中英"	0	0	0	2	0.545	0.262	0.138	1.054	-0.277	-0.122	-0.062	0.556	1.017	"4"
"中英文"	0	0	0	5	1.364	0.656	0.345	2.636	-0.692	-0.305	-0.155	1.39	2.542	"4"
"临时工"	0	1	0	0	0.273	0.131	0.069	0.527	-0.138	0.882	-0.031	-0.325	1.376	"2"
"主流"	0	0	0	2	0.545	0.262	0.138	1.054	-0.277	-0.122	-0.062	0.556	1.017	"4"
"主编"	0	1	0	0	0.273	0.131	0.069	0.527	-0.138	0.882	-0.031	-0.325	1.376	"2"
"主要"	78	0	2	4	22.909	11.016	5.79	44.285	36.221	-5.129	-1.185	-20.833	63.368	"1"
"之"	15	0	0	4	5.182	2.492	1.31	10.017	5.387	-1.16	-0.589	-2.302	9.438	"1"
"乌卡兹报"	0	0	0	1	0.273	0.131	0.069	0.527	-0.138	-0.061	-0.031	0.278	0.508	"4"
"乐趣"	0	0	0	1	0.273	0.131	0.069	0.527	-0.138	-0.061	-0.031	0.278	0.508	"4"
"九日"	2	0	0	0	0.545	0.262	0.138	1.054	1.129	-0.122	-0.062	-0.651	1.964	"1"
"乡村"	0	0	0	1	0.273	0.131	0.069	0.527	-0.138	-0.061	-0.031	0.278	0.508	"4"
"书刊"	0	0	0	1	0.273	0.131	0.069	0.527	-0.138	-0.061	-0.031	0.278	0.508	"4"
"书籍"	0	0	0	2	0.545	0.262	0.138	1.054	-0.277	-0.122	-0.062	0.556	1.017	"4"
"买"	0	0	0	1	0.273	0.131	0.069	0.527	-0.138	-0.061	-0.031	0.278	0.508	"4"
"了解到"	0	0	0	1	0.273	0.131	0.069	0.527	-0.138	-0.061	-0.031	0.278	0.508	"4"
"二手车"	0	0	1	0	0.273	0.131	0.069	0.527	-0.138	-0.061	1.162	-0.325	1.686	"3"
"互"	0	0	0	1	0.273	0.131	0.069	0.527	-0.138	-0.061	-0.031	0.278	0.508	"4"
"互动"	0	0	0	1	0.273	0.131	0.069	0.527	-0.138	-0.061	-0.031	0.278	0.508	"4"
"五十一年"	0	0	0	1	0.273	0.131	0.069	0.527	-0.138	-0.061	-0.031	0.278	0.508	"4"
"交流版"	0	0	1	0	0.273	0.131	0.069	0.527	-0.138	-0.061	1.162	-0.325	1.686	"3"
"亲"	1	0	0	1	0.545	0.262	0.138	1.054	0.327	-0.122	-0.062	-0.141	0.652	"1"
"人家"	0	0	0	1	0.273	0.131	0.069	0.527	-0.138	-0.061	-0.031	0.278	0.508	"4"
"人民日报"	10	0	0	1	3	1.443	0.758	5.799	4.725	-0.672	-0.341	-2.456	8.194	"1"
"仅只"	0	0	0	1	0.273	0.131	0.069	0.527	-0.138	-0.061	-0.031	0.278	0.508	"4"
"今天"	16	0	1	9	7.091	3.41	1.792	13.707	3.583	-1.587	-0.34	-1.311	6.821	"1"
"今日"	44	0	0	0	12	5.77	3.033	23.197	24.828	-2.686	-1.365	-14.314	43.193	"1"
"今晨"	1	0	0	0	0.273	0.131	0.069	0.527	0.564	-0.061	-0.031	-0.325	0.981	"1"
"从"	0	3	1	8	3.273	1.574	0.827	6.326	-1.66	0.696	0.24	0.601	3.197	"1"
"代罪羔羊"	0	0	0	1	0.273	0.131	0.069	0.527	-0.138	-0.061	-0.031	0.278	0.508	"4"
"以北"	0	0	0	1	0.273	0.131	0.069	0.527	-0.138	-0.061	-0.031	0.278	0.508	"4"
"份"	0	3	0	27	8.182	3.934	2.068	15.816	-4.149	-0.363	-0.93	4.821	10.263	"4"
"众人"	0	0	0	1	0.273	0.131	0.069	0.527	-0.138	-0.061	-0.031	0.278	0.508	"4"
"众所周知"	0	1	0	0	0.273	0.131	0.069	0.527	-0.138	0.882	-0.031	-0.325	1.376	"2"
"优惠"	0	0	0	2	0.545	0.262	0.138	1.054	-0.277	-0.122	-0.062	0.556	1.017	"4"
"优胜"	1	0	0	0	0.273	0.131	0.069	0.527	0.564	-0.061	-0.031	-0.325	0.981	"1"
"优质"	0	0	0	1	0.273	0.131	0.069	0.527	-0.138	-0.061	-0.031	0.278	0.508	"4"
"会心"	0	1	0	0	0.273	0.131	0.069	0.527	-0.138	0.882	-0.031	-0.325	1.376	"2"
"传出"	0	0	0	1	0.273	0.131	0.069	0.527	-0.138	-0.061	-0.031	0.278	0.508	"4"
"传媒"	0	1	0	1	0.545	0.262	0.138	1.054	-0.277	0.611	-0.062	-0.141	1.091	"2"
"传播"	0	0	0	1	0.273	0.131	0.069	0.527	-0.138	-0.061	-0.031	0.278	0.508	"4"
"传灯"	0	0	0	1	0.273	0.131	0.069	0.527	-0.138	-0.061	-0.031	0.278	0.508	"4"
"传统"	0	0	0	2	0.545	0.262	0.138	1.054	-0.277	-0.122	-0.062	0.556	1.017	"4"
"传闻"	0	0	0	1	0.273	0.131	0.069	0.527	-0.138	-0.061	-0.031	0.278	0.508	"4"
"伤人"	1	0	0	0	0.273	0.131	0.069	0.527	0.564	-0.061	-0.031	-0.325	0.981	"1"
"伦敦"	0	3	0	0	0.818	0.393	0.207	1.582	-0.415	2.647	-0.093	-0.976	4.131	"2"
"低调"	0	0	0	1	0.273	0.131	0.069	0.527	-0.138	-0.061	-0.031	0.278	0.508	"4"
"住客"	0	0	0	1	0.273	0.131	0.069	0.527	-0.138	-0.061	-0.031	0.278	0.508	"4"
"体会"	0	0	0	1	0.273	0.131	0.069	0.527	-0.138	-0.061	-0.031	0.278	0.508	"4"
"何厚铧"	0	0	0	1	0.273	0.131	0.069	0.527	-0.138	-0.061	-0.031	0.278	0.508	"4"
"作出"	0	0	0	1	0.273	0.131	0.069	0.527	-0.138	-0.061	-0.031	0.278	0.508	"4"
"你们"	0	0	0	1	0.273	0.131	0.069	0.527	-0.138	-0.061	-0.031	0.278	0.508	"4"
"供"	0	0	2	0	0.545	0.262	0.138	1.054	-0.277	-0.122	2.323	-0.651	3.373	"3"
"侵"	0	0	0	1	0.273	0.131	0.069	0.527	-0.138	-0.061	-0.031	0.278	0.508	"4"
"便"	0	0	1	1	0.545	0.262	0.138	1.054	-0.277	-0.122	0.876	-0.141	1.416	"3"
"促请"	0	0	0	1	0.273	0.131	0.069	0.527	-0.138	-0.061	-0.031	0.278	0.508	"4"
"保守党"	1	0	0	0	0.273	0.131	0.069	0.527	0.564	-0.061	-0.031	-0.325	0.981	"1"
"保守派"	0	1	0	2	0.818	0.393	0.207	1.582	-0.415	0.463	-0.093	0.267	1.238	"2"
"信乐团"	0	1	0	0	0.273	0.131	0.069	0.527	-0.138	0.882	-0.031	-0.325	1.376	"2"
"信件"	0	0	2	1	0.818	0.393	0.207	1.582	-0.415	-0.183	1.867	-0.338	2.803	"3"
"信报"	0	0	1	1	0.545	0.262	0.138	1.054	-0.277	-0.122	0.876	-0.141	1.416	"3"
"信誉"	0	0	0	2	0.545	0.262	0.138	1.054	-0.277	-0.122	-0.062	0.556	1.017	"4"
"借助"	0	0	0	1	0.273	0.131	0.069	0.527	-0.138	-0.061	-0.031	0.278	0.508	"4"
"借由"	0	0	0	1	0.273	0.131	0.069	0.527	-0.138	-0.061	-0.031	0.278	0.508	"4"
"停刊"	0	0	0	1	0.273	0.131	0.069	0.527	-0.138	-0.061	-0.031	0.278	0.508	"4"
"充当"	0	0	0	1	0.273	0.131	0.069	0.527	-0.138	-0.061	-0.031	0.278	0.508	"4"
"充斥"	0	0	1	1	0.545	0.262	0.138	1.054	-0.277	-0.122	0.876	-0.141	1.416	"3"
"先生"	0	0	0	1	0.273	0.131	0.069	0.527	-0.138	-0.061	-0.031	0.278	0.508	"4"
"先进"	0	0	0	1	0.273	0.131	0.069	0.527	-0.138	-0.061	-0.031	0.278	0.508	"4"
"光明日报社"	0	0	1	0	0.273	0.131	0.069	0.527	-0.138	-0.061	1.162	-0.325	1.686	"3"
"党报"	1	0	0	0	0.273	0.131	0.069	0.527	0.564	-0.061	-0.031	-0.325	0.981	"1"
"入围"	0	0	0	1	0.273	0.131	0.069	0.527	-0.138	-0.061	-0.031	0.278	0.508	"4"
"全文"	0	1	0	0	0.273	0.131	0.069	0.527	-0.138	0.882	-0.031	-0.325	1.376	"2"
"全版"	0	0	1	0	0.273	0.131	0.069	0.527	-0.138	-0.061	1.162	-0.325	1.686	"3"
"全费"	0	0	0	1	0.273	0.131	0.069	0.527	-0.138	-0.061	-0.031	0.278	0.508	"4"
"公众"	0	2	0	1	0.818	0.393	0.207	1.582	-0.415	1.327	-0.093	-0.338	2.173	"2"
"公器"	0	0	0	1	0.273	0.131	0.069	0.527	-0.138	-0.061	-0.031	0.278	0.508	"4"
"公开"	0	0	0	2	0.545	0.262	0.138	1.054	-0.277	-0.122	-0.062	0.556	1.017	"4"
"共党"	0	0	0	1	0.273	0.131	0.069	0.527	-0.138	-0.061	-0.031	0.278	0.508	"4"
"关于"	0	2	0	1	0.818	0.393	0.207	1.582	-0.415	1.327	-0.093	-0.338	2.173	"2"
"兽医"	0	0	0	1	0.273	0.131	0.069	0.527	-0.138	-0.061	-0.031	0.278	0.508	"4"
"内容"	0	0	1	2	0.818	0.393	0.207	1.582	-0.415	-0.183	0.715	0.267	1.58	"3"
"册"	0	0	0	1	0.273	0.131	0.069	0.527	-0.138	-0.061	-0.031	0.278	0.508	"4"
"写"	1	0	0	2	0.818	0.393	0.207	1.582	0.211	-0.183	-0.093	0.267	0.754	"4"
"写信"	0	0	0	1	0.273	0.131	0.069	0.527	-0.138	-0.061	-0.031	0.278	0.508	"4"
"写写"	0	0	0	1	0.273	0.131	0.069	0.527	-0.138	-0.061	-0.031	0.278	0.508	"4"
"写道"	1	0	0	0	0.273	0.131	0.069	0.527	0.564	-0.061	-0.031	-0.325	0.981	"1"
"冠军人"	0	0	0	1	0.273	0.131	0.069	0.527	-0.138	-0.061	-0.031	0.278	0.508	"4"
"冯维彰"	0	0	0	1	0.273	0.131	0.069	0.527	-0.138	-0.061	-0.031	0.278	0.508	"4"
"准备好"	0	0	0	1	0.273	0.131	0.069	0.527	-0.138	-0.061	-0.031	0.278	0.508	"4"
"准许"	0	0	0	1	0.273	0.131	0.069	0.527	-0.138	-0.061	-0.031	0.278	0.508	"4"
"出境"	0	1	0	0	0.273	0.131	0.069	0.527	-0.138	0.882	-0.031	-0.325	1.376	"2"
"出版"	0	0	0	9	2.455	1.18	0.62	4.745	-1.245	-0.549	-0.279	2.502	4.575	"4"
"出示"	0	0	0	1	0.273	0.131	0.069	0.527	-0.138	-0.061	-0.031	0.278	0.508	"4"
"分居"	0	0	1	0	0.273	0.131	0.069	0.527	-0.138	-0.061	1.162	-0.325	1.686	"3"
"分类"	0	0	1	1	0.545	0.262	0.138	1.054	-0.277	-0.122	0.876	-0.141	1.416	"3"
"刊"	0	0	0	2	0.545	0.262	0.138	1.054	-0.277	-0.122	-0.062	0.556	1.017	"4"
"刊出"	1	0	0	3	1.091	0.525	0.276	2.109	-0.155	-0.244	-0.124	0.451	0.974	"4"
"刊物"	0	0	0	1	0.273	0.131	0.069	0.527	-0.138	-0.061	-0.031	0.278	0.508	"4"
"刊登"	0	0	26	1	7.364	3.541	1.861	14.234	-3.734	-1.648	28.8	-7.291	41.473	"3"
"刊登广告"	0	0	0	1	0.273	0.131	0.069	0.527	-0.138	-0.061	-0.031	0.278	0.508	"4"
"刊载"	0	0	0	3	0.818	0.393	0.207	1.582	-0.415	-0.183	-0.093	0.834	1.525	"4"
"刘"	0	0	0	1	0.273	0.131	0.069	0.527	-0.138	-0.061	-0.031	0.278	0.508	"4"
"刘中兴"	0	0	0	1	0.273	0.131	0.069	0.527	-0.138	-0.061	-0.031	0.278	0.508	"4"
"创刊"	0	0	0	3	0.818	0.393	0.207	1.582	-0.415	-0.183	-0.093	0.834	1.525	"4"
"创办"	0	0	0	2	0.545	0.262	0.138	1.054	-0.277	-0.122	-0.062	0.556	1.017	"4"
"初版"	1	0	0	0	0.273	0.131	0.069	0.527	0.564	-0.061	-0.031	-0.325	0.981	"1"
"利用"	0	0	2	0	0.545	0.262	0.138	1.054	-0.277	-0.122	2.323	-0.651	3.373	"3"
"别人"	0	0	0	1	0.273	0.131	0.069	0.527	-0.138	-0.061	-0.031	0.278	0.508	"4"
"券"	0	0	0	1	0.273	0.131	0.069	0.527	-0.138	-0.061	-0.031	0.278	0.508	"4"
"前天"	0	2	0	0	0.545	0.262	0.138	1.054	-0.277	1.764	-0.062	-0.651	2.754	"2"
"前峰报"	0	0	0	1	0.273	0.131	0.069	0.527	-0.138	-0.061	-0.031	0.278	0.508	"4"
"前述"	0	0	0	1	0.273	0.131	0.069	0.527	-0.138	-0.061	-0.031	0.278	0.508	"4"
"剧本"	0	0	0	1	0.273	0.131	0.069	0.527	-0.138	-0.061	-0.031	0.278	0.508	"4"
"剪下"	0	0	0	4	1.091	0.525	0.276	2.109	-0.553	-0.244	-0.124	1.112	2.033	"4"
"剪角"	0	0	0	1	0.273	0.131	0.069	0.527	-0.138	-0.061	-0.031	0.278	0.508	"4"
"剪辑"	0	0	0	1	0.273	0.131	0.069	0.527	-0.138	-0.061	-0.031	0.278	0.508	"4"
"副刊"	0	0	0	2	0.545	0.262	0.138	1.054	-0.277	-0.122	-0.062	0.556	1.017	"4"
"副总裁"	0	0	0	1	0.273	0.131	0.069	0.527	-0.138	-0.061	-0.031	0.278	0.508	"4"
"办"	0	0	0	3	0.818	0.393	0.207	1.582	-0.415	-0.183	-0.093	0.834	1.525	"4"
"办报"	0	0	0	1	0.273	0.131	0.069	0.527	-0.138	-0.061	-0.031	0.278	0.508	"4"
"加尔各答"	0	2	0	0	0.545	0.262	0.138	1.054	-0.277	1.764	-0.062	-0.651	2.754	"2"
"加拿大"	0	0	0	2	0.545	0.262	0.138	1.054	-0.277	-0.122	-0.062	0.556	1.017	"4"
"加有"	0	0	0	1	0.273	0.131	0.069	0.527	-0.138	-0.061	-0.031	0.278	0.508	"4"
"动见观瞻"	0	0	0	1	0.273	0.131	0.069	0.527	-0.138	-0.061	-0.031	0.278	0.508	"4"
"勒沃库森"	0	0	0	1	0.273	0.131	0.069	0.527	-0.138	-0.061	-0.031	0.278	0.508	"4"
"包"	0	0	0	2	0.545	0.262	0.138	1.054	-0.277	-0.122	-0.062	0.556	1.017	"4"
"包好"	0	0	0	1	0.273	0.131	0.069	0.527	-0.138	-0.061	-0.031	0.278	0.508	"4"
"包裹"	0	0	0	1	0.273	0.131	0.069	0.527	-0.138	-0.061	-0.031	0.278	0.508	"4"
"北京"	69	0	2	1	19.636	9.443	4.963	37.958	34.567	-4.396	-0.925	-21.513	61.401	"1"
"区别"	0	0	0	1	0.273	0.131	0.069	0.527	-0.138	-0.061	-0.031	0.278	0.508	"4"
"区区"	0	0	0	1	0.273	0.131	0.069	0.527	-0.138	-0.061	-0.031	0.278	0.508	"4"
"午夜"	0	0	0	1	0.273	0.131	0.069	0.527	-0.138	-0.061	-0.031	0.278	0.508	"4"
"半价"	0	0	0	2	0.545	0.262	0.138	1.054	-0.277	-0.122	-0.062	0.556	1.017	"4"
"华尔街日报"	0	0	0	3	0.818	0.393	0.207	1.582	-0.415	-0.183	-0.093	0.834	1.525	"4"
"华府"	0	1	0	0	0.273	0.131	0.069	0.527	-0.138	0.882	-0.031	-0.325	1.376	"2"
"华文"	0	0	0	12	3.273	1.574	0.827	6.326	-1.66	-0.733	-0.372	3.336	6.101	"4"
"华文报"	0	0	0	1	0.273	0.131	0.069	0.527	-0.138	-0.061	-0.031	0.278	0.508	"4"
"华校"	0	0	0	1	0.273	0.131	0.069	0.527	-0.138	-0.061	-0.031	0.278	0.508	"4"
"华电"	0	1	0	0	0.273	0.131	0.069	0.527	-0.138	0.882	-0.031	-0.325	1.376	"2"
"华英"	0	0	0	1	0.273	0.131	0.069	0.527	-0.138	-0.061	-0.031	0.278	0.508	"4"
"华裔"	0	0	0	1	0.273	0.131	0.069	0.527	-0.138	-0.061	-0.031	0.278	0.508	"4"
"卖"	0	0	0	1	0.273	0.131	0.069	0.527	-0.138	-0.061	-0.031	0.278	0.508	"4"
"南非"	1	0	0	1	0.545	0.262	0.138	1.054	0.327	-0.122	-0.062	-0.141	0.652	"1"
"南韩"	0	0	0	1	0.273	0.131	0.069	0.527	-0.138	-0.061	-0.031	0.278	0.508	"4"
"卡伊达"	0	0	0	1	0.273	0.131	0.069	0.527	-0.138	-0.061	-0.031	0.278	0.508	"4"
"卡萨布兰卡"	0	1	0	0	0.273	0.131	0.069	0.527	-0.138	0.882	-0.031	-0.325	1.376	"2"
"印刷"	0	0	0	2	0.545	0.262	0.138	1.054	-0.277	-0.122	-0.062	0.556	1.017	"4"
"印刷品质"	0	0	0	1	0.273	0.131	0.069	0.527	-0.138	-0.061	-0.031	0.278	0.508	"4"
"印尼"	0	1	0	2	0.818	0.393	0.207	1.582	-0.415	0.463	-0.093	0.267	1.238	"2"
"印花"	0	0	0	1	0.273	0.131	0.069	0.527	-0.138	-0.061	-0.031	0.278	0.508	"4"
"印象"	0	0	0	1	0.273	0.131	0.069	0.527	-0.138	-0.061	-0.031	0.278	0.508	"4"
"即可"	0	0	0	1	0.273	0.131	0.069	0.527	-0.138	-0.061	-0.031	0.278	0.508	"4"
"即时"	0	0	0	2	0.545	0.262	0.138	1.054	-0.277	-0.122	-0.062	0.556	1.017	"4"
"原味"	0	0	0	1	0.273	0.131	0.069	0.527	-0.138	-0.061	-0.031	0.278	0.508	"4"
"原来"	0	0	0	2	0.545	0.262	0.138	1.054	-0.277	-0.122	-0.062	0.556	1.017	"4"
"反应"	0	0	0	1	0.273	0.131	0.069	0.527	-0.138	-0.061	-0.031	0.278	0.508	"4"
"反町"	0	0	0	1	0.273	0.131	0.069	0.527	-0.138	-0.061	-0.031	0.278	0.508	"4"
"发现"	0	0	0	2	0.545	0.262	0.138	1.054	-0.277	-0.122	-0.062	0.556	1.017	"4"
"发脾气"	0	0	0	1	0.273	0.131	0.069	0.527	-0.138	-0.061	-0.031	0.278	0.508	"4"
"发行"	1	0	0	3	1.091	0.525	0.276	2.109	-0.155	-0.244	-0.124	0.451	0.974	"4"
"发行人"	0	0	0	1	0.273	0.131	0.069	0.527	-0.138	-0.061	-0.031	0.278	0.508	"4"
"发行量"	0	1	0	2	0.818	0.393	0.207	1.582	-0.415	0.463	-0.093	0.267	1.238	"2"
"发表"	0	2	0	7	2.455	1.18	0.62	4.745	-1.245	0.476	-0.279	0.922	2.922	"1"
"受骗"	0	0	0	1	0.273	0.131	0.069	0.527	-0.138	-0.061	-0.031	0.278	0.508	"4"
"叙利亚"	0	0	0	1	0.273	0.131	0.069	0.527	-0.138	-0.061	-0.031	0.278	0.508	"4"
"叠"	0	0	0	1	0.273	0.131	0.069	0.527	-0.138	-0.061	-0.031	0.278	0.508	"4"
"另"	0	2	0	0	0.545	0.262	0.138	1.054	-0.277	1.764	-0.062	-0.651	2.754	"2"
"另一方面"	0	1	0	0	0.273	0.131	0.069	0.527	-0.138	0.882	-0.031	-0.325	1.376	"2"
"只是"	0	2	0	2	1.091	0.525	0.276	2.109	-0.553	1.065	-0.124	-0.19	1.932	"2"
"可敬"	0	0	0	1	0.273	0.131	0.069	0.527	-0.138	-0.061	-0.031	0.278	0.508	"4"
"可爱"	0	0	0	1	0.273	0.131	0.069	0.527	-0.138	-0.061	-0.031	0.278	0.508	"4"
"可读性"	0	0	0	1	0.273	0.131	0.069	0.527	-0.138	-0.061	-0.031	0.278	0.508	"4"
"可靠"	0	0	0	1	0.273	0.131	0.069	0.527	-0.138	-0.061	-0.031	0.278	0.508	"4"
"各"	19	1	3	22	12.273	5.902	3.102	23.724	1.664	-1.856	-0.205	-0.448	4.173	"2"
"合并"	0	0	0	1	0.273	0.131	0.069	0.527	-0.138	-0.061	-0.031	0.278	0.508	"4"
"合影"	0	1	0	0	0.273	0.131	0.069	0.527	-0.138	0.882	-0.031	-0.325	1.376	"2"
"吉隆坡"	0	0	0	1	0.273	0.131	0.069	0.527	-0.138	-0.061	-0.031	0.278	0.508	"4"
"吊唁"	0	0	0	1	0.273	0.131	0.069	0.527	-0.138	-0.061	-0.031	0.278	0.508	"4"
"含恨"	0	1	0	0	0.273	0.131	0.069	0.527	-0.138	0.882	-0.031	-0.325	1.376	"2"
"听"	0	0	0	4	1.091	0.525	0.276	2.109	-0.553	-0.244	-0.124	1.112	2.033	"4"
"吴义龙"	0	0	0	1	0.273	0.131	0.069	0.527	-0.138	-0.061	-0.031	0.278	0.508	"4"
"吸引"	0	1	0	0	0.273	0.131	0.069	0.527	-0.138	0.882	-0.031	-0.325	1.376	"2"
"吻合"	0	0	0	1	0.273	0.131	0.069	0.527	-0.138	-0.061	-0.031	0.278	0.508	"4"
"告"	0	0	0	1	0.273	0.131	0.069	0.527	-0.138	-0.061	-0.031	0.278	0.508	"4"
"告诉"	0	1	0	3	1.091	0.525	0.276	2.109	-0.553	0.366	-0.124	0.451	1.494	"1"
"周景锐"	0	0	0	1	0.273	0.131	0.069	0.527	-0.138	-0.061	-0.031	0.278	0.508	"4"
"哥哥"	0	0	0	1	0.273	0.131	0.069	0.527	-0.138	-0.061	-0.031	0.278	0.508	"4"
"售价"	0	0	0	3	0.818	0.393	0.207	1.582	-0.415	-0.183	-0.093	0.834	1.525	"4"
"啦"	0	0	0	1	0.273	0.131	0.069	0.527	-0.138	-0.061	-0.031	0.278	0.508	"4"
"喀布尔"	0	0	1	0	0.273	0.131	0.069	0.527	-0.138	-0.061	1.162	-0.325	1.686	"3"
"善用"	0	0	0	1	0.273	0.131	0.069	0.527	-0.138	-0.061	-0.031	0.278	0.508	"4"
"喜欢"	0	0	0	1	0.273	0.131	0.069	0.527	-0.138	-0.061	-0.031	0.278	0.508	"4"
"困惑"	0	0	0	1	0.273	0.131	0.069	0.527	-0.138	-0.061	-0.031	0.278	0.508	"4"
"固"	0	0	0	2	0.545	0.262	0.138	1.054	-0.277	-0.122	-0.062	0.556	1.017	"4"
"国耻"	0	0	0	1	0.273	0.131	0.069	0.527	-0.138	-0.061	-0.031	0.278	0.508	"4"
"国际版"	1	0	0	0	0.273	0.131	0.069	0.527	0.564	-0.061	-0.031	-0.325	0.981	"1"
"图书"	0	0	0	1	0.273	0.131	0.069	0.527	-0.138	-0.061	-0.031	0.278	0.508	"4"
"地"	14	2	0	6	6	2.885	1.516	11.598	3.409	-0.362	-0.682	-1.851	6.304	"1"
"地上"	0	0	0	1	0.273	0.131	0.069	0.527	-0.138	-0.061	-0.031	0.278	0.508	"4"
"坠机"	1	0	0	0	0.273	0.131	0.069	0.527	0.564	-0.061	-0.031	-0.325	0.981	"1"
"埋怨"	0	0	0	1	0.273	0.131	0.069	0.527	-0.138	-0.061	-0.031	0.278	0.508	"4"
"堆积"	0	0	0	1	0.273	0.131	0.069	0.527	-0.138	-0.061	-0.031	0.278	0.508	"4"
"塔拉巴尼"	0	0	0	1	0.273	0.131	0.069	0.527	-0.138	-0.061	-0.031	0.278	0.508	"4"
"士弯"	0	0	0	1	0.273	0.131	0.069	0.527	-0.138	-0.061	-0.031	0.278	0.508	"4"
"壮族"	0	0	0	1	0.273	0.131	0.069	0.527	-0.138	-0.061	-0.031	0.278	0.508	"4"
"处处"	0	0	0	1	0.273	0.131	0.069	0.527	-0.138	-0.061	-0.031	0.278	0.508	"4"
"外国"	0	0	1	1	0.545	0.262	0.138	1.054	-0.277	-0.122	0.876	-0.141	1.416	"3"
"多样化"	0	0	0	1	0.273	0.131	0.069	0.527	-0.138	-0.061	-0.031	0.278	0.508	"4"
"大事"	0	0	0	1	0.273	0.131	0.069	0.527	-0.138	-0.061	-0.031	0.278	0.508	"4"
"大军"	0	0	0	1	0.273	0.131	0.069	0.527	-0.138	-0.061	-0.031	0.278	0.508	"4"
"大声"	0	1	0	1	0.545	0.262	0.138	1.054	-0.277	0.611	-0.062	-0.141	1.091	"2"
"大字"	1	0	0	0	0.273	0.131	0.069	0.527	0.564	-0.061	-0.031	-0.325	0.981	"1"
"大展"	0	0	0	1	0.273	0.131	0.069	0.527	-0.138	-0.061	-0.031	0.278	0.508	"4"
"大打"	0	0	1	0	0.273	0.131	0.069	0.527	-0.138	-0.061	1.162	-0.325	1.686	"3"
"大都"	1	0	0	0	0.273	0.131	0.069	0.527	0.564	-0.061	-0.031	-0.325	0.981	"1"
"大铁框"	0	0	0	1	0.273	0.131	0.069	0.527	-0.138	-0.061	-0.031	0.278	0.508	"4"
"天台"	0	0	0	1	0.273	0.131	0.069	0.527	-0.138	-0.061	-0.031	0.278	0.508	"4"
"天天"	0	0	0	1	0.273	0.131	0.069	0.527	-0.138	-0.061	-0.031	0.278	0.508	"4"
"天灾人祸"	0	0	0	1	0.273	0.131	0.069	0.527	-0.138	-0.061	-0.031	0.278	0.508	"4"
"太多"	0	0	0	1	0.273	0.131	0.069	0.527	-0.138	-0.061	-0.031	0.278	0.508	"4"
"太阳报"	0	0	0	1	0.273	0.131	0.069	0.527	-0.138	-0.061	-0.031	0.278	0.508	"4"
"头条"	39	0	0	0	10.636	5.115	2.688	20.561	22.007	-2.381	-1.21	-12.688	38.286	"1"
"头版"	1	0	0	0	0.273	0.131	0.069	0.527	0.564	-0.061	-0.031	-0.325	0.981	"1"
"夸大"	0	0	0	1	0.273	0.131	0.069	0.527	-0.138	-0.061	-0.031	0.278	0.508	"4"
"奥里萨邦"	0	1	0	0	0.273	0.131	0.069	0.527	-0.138	0.882	-0.031	-0.325	1.376	"2"
"女巫"	0	0	1	0	0.273	0.131	0.069	0.527	-0.138	-0.061	1.162	-0.325	1.686	"3"
"奶茶"	0	0	0	1	0.273	0.131	0.069	0.527	-0.138	-0.061	-0.031	0.278	0.508	"4"
"好几"	0	0	0	2	0.545	0.262	0.138	1.054	-0.277	-0.122	-0.062	0.556	1.017	"4"
"好坏"	0	0	0	1	0.273	0.131	0.069	0.527	-0.138	-0.061	-0.031	0.278	0.508	"4"
"好多"	0	1	0	0	0.273	0.131	0.069	0.527	-0.138	0.882	-0.031	-0.325	1.376	"2"
"如"	0	1	0	5	1.636	0.787	0.414	3.163	-0.83	0.244	-0.186	0.863	2.123	"4"
"如实"	0	0	0	1	0.273	0.131	0.069	0.527	-0.138	-0.061	-0.031	0.278	0.508	"4"
"妻子"	0	0	0	1	0.273	0.131	0.069	0.527	-0.138	-0.061	-0.031	0.278	0.508	"4"
"姐妹"	0	1	0	0	0.273	0.131	0.069	0.527	-0.138	0.882	-0.031	-0.325	1.376	"2"
"姿态"	0	0	0	1	0.273	0.131	0.069	0.527	-0.138	-0.061	-0.031	0.278	0.508	"4"
"婚变"	0	1	0	0	0.273	0.131	0.069	0.527	-0.138	0.882	-0.031	-0.325	1.376	"2"
"媒介"	0	0	1	0	0.273	0.131	0.069	0.527	-0.138	-0.061	1.162	-0.325	1.686	"3"
"媒体"	0	1	1	19	5.727	2.754	1.447	11.071	-2.904	-0.662	-0.244	3.563	7.373	"4"
"嫩"	0	0	0	1	0.273	0.131	0.069	0.527	-0.138	-0.061	-0.031	0.278	0.508	"4"
"宁德"	1	0	0	0	0.273	0.131	0.069	0.527	0.564	-0.061	-0.031	-0.325	0.981	"1"
"安居乐业"	1	0	0	0	0.273	0.131	0.069	0.527	0.564	-0.061	-0.031	-0.325	0.981	"1"
"宏茂桥"	0	0	0	1	0.273	0.131	0.069	0.527	-0.138	-0.061	-0.031	0.278	0.508	"4"
"官方"	0	4	0	0	1.091	0.525	0.276	2.109	-0.553	3.529	-0.124	-1.301	5.507	"2"
"宝兴金庄"	0	0	1	0	0.273	0.131	0.069	0.527	-0.138	-0.061	1.162	-0.325	1.686	"3"
"宝福社"	0	0	0	2	0.545	0.262	0.138	1.054	-0.277	-0.122	-0.062	0.556	1.017	"4"
"审查"	0	0	1	0	0.273	0.131	0.069	0.527	-0.138	-0.061	1.162	-0.325	1.686	"3"
"宣传"	0	0	1	4	1.364	0.656	0.345	2.636	-0.692	-0.305	0.522	0.651	2.17	"1"
"家"	0	4	2	25	8.455	4.066	2.137	16.343	-4.287	-0.211	-0.195	2.915	7.608	"1"
"寻人"	0	0	1	0	0.273	0.131	0.069	0.527	-0.138	-0.061	1.162	-0.325	1.686	"3"
"封"	0	0	0	1	0.273	0.131	0.069	0.527	-0.138	-0.061	-0.031	0.278	0.508	"4"
"封面"	0	0	1	1	0.545	0.262	0.138	1.054	-0.277	-0.122	0.876	-0.141	1.416	"3"
"小泉"	0	0	0	1	0.273	0.131	0.069	0.527	-0.138	-0.061	-0.031	0.278	0.508	"4"
"少有"	0	0	0	1	0.273	0.131	0.069	0.527	-0.138	-0.061	-0.031	0.278	0.508	"4"
"尼克森"	0	0	0	1	0.273	0.131	0.069	0.527	-0.138	-0.061	-0.031	0.278	0.508	"4"
"居中"	0	0	0	1	0.273	0.131	0.069	0.527	-0.138	-0.061	-0.031	0.278	0.508	"4"
"属下"	0	0	0	1	0.273	0.131	0.069	0.527	-0.138	-0.061	-0.031	0.278	0.508	"4"
"川吕沛"	0	0	0	1	0.273	0.131	0.069	0.527	-0.138	-0.061	-0.031	0.278	0.508	"4"
"己"	0	0	0	1	0.273	0.131	0.069	0.527	-0.138	-0.061	-0.031	0.278	0.508	"4"
"巴国"	0	0	0	1	0.273	0.131	0.069	0.527	-0.138	-0.061	-0.031	0.278	0.508	"4"
"巴斯拉"	0	0	0	1	0.273	0.131	0.069	0.527	-0.138	-0.061	-0.031	0.278	0.508	"4"
"布莱尔"	0	0	0	1	0.273	0.131	0.069	0.527	-0.138	-0.061	-0.031	0.278	0.508	"4"
"常"	0	0	0	1	0.273	0.131	0.069	0.527	-0.138	-0.061	-0.031	0.278	0.508	"4"
"常常"	0	0	0	1	0.273	0.131	0.069	0.527	-0.138	-0.061	-0.031	0.278	0.508	"4"
"干扰"	0	0	0	1	0.273	0.131	0.069	0.527	-0.138	-0.061	-0.031	0.278	0.508	"4"
"干案"	0	1	0	0	0.273	0.131	0.069	0.527	-0.138	0.882	-0.031	-0.325	1.376	"2"
"干群"	0	0	0	1	0.273	0.131	0.069	0.527	-0.138	-0.061	-0.031	0.278	0.508	"4"
"广告"	0	0	18	3	5.727	2.754	1.447	11.071	-2.904	-1.282	17.873	-3.503	25.562	"3"
"广告商"	0	0	0	1	0.273	0.131	0.069	0.527	-0.138	-0.061	-0.031	0.278	0.508	"4"
"广告版面"	0	0	0	1	0.273	0.131	0.069	0.527	-0.138	-0.061	-0.031	0.278	0.508	"4"
"广播"	0	0	0	11	3	1.443	0.758	5.799	-1.521	-0.672	-0.341	3.058	5.592	"4"
"广泛"	0	0	1	0	0.273	0.131	0.069	0.527	-0.138	-0.061	1.162	-0.325	1.686	"3"
"庄记娘"	0	0	0	1	0.273	0.131	0.069	0.527	-0.138	-0.061	-0.031	0.278	0.508	"4"
"废"	0	0	0	1	0.273	0.131	0.069	0.527	-0.138	-0.061	-0.031	0.278	0.508	"4"
"引燃"	0	0	0	1	0.273	0.131	0.069	0.527	-0.138	-0.061	-0.031	0.278	0.508	"4"
"引述"	1	4	0	2	1.909	0.918	0.482	3.69	-0.409	2.129	-0.217	-0.734	3.489	"2"
"张"	0	0	0	1	0.273	0.131	0.069	0.527	-0.138	-0.061	-0.031	0.278	0.508	"4"
"张国荣"	0	1	0	2	0.818	0.393	0.207	1.582	-0.415	0.463	-0.093	0.267	1.238	"2"
"张大"	0	0	0	1	0.273	0.131	0.069	0.527	-0.138	-0.061	-0.031	0.278	0.508	"4"
"张曙辉"	0	0	0	1	0.273	0.131	0.069	0.527	-0.138	-0.061	-0.031	0.278	0.508	"4"
"弥补"	0	0	0	1	0.273	0.131	0.069	0.527	-0.138	-0.061	-0.031	0.278	0.508	"4"
"强盗"	0	0	0	1	0.273	0.131	0.069	0.527	-0.138	-0.061	-0.031	0.278	0.508	"4"
"归罪于"	0	0	0	1	0.273	0.131	0.069	0.527	-0.138	-0.061	-0.031	0.278	0.508	"4"
"当中"	0	0	0	1	0.273	0.131	0.069	0.527	-0.138	-0.061	-0.031	0.278	0.508	"4"
"当儿"	0	0	0	1	0.273	0.131	0.069	0.527	-0.138	-0.061	-0.031	0.278	0.508	"4"
"当地"	0	4	2	6	3.273	1.574	0.827	6.326	-1.66	1.212	0.702	-0.27	3.844	"1"
"当局"	0	1	0	2	0.818	0.393	0.207	1.582	-0.415	0.463	-0.093	0.267	1.238	"2"
"形容"	0	1	0	1	0.545	0.262	0.138	1.054	-0.277	0.611	-0.062	-0.141	1.091	"2"
"形容为"	0	0	0	2	0.545	0.262	0.138	1.054	-0.277	-0.122	-0.062	0.556	1.017	"4"
"彩色版"	0	0	0	1	0.273	0.131	0.069	0.527	-0.138	-0.061	-0.031	0.278	0.508	"4"
"影响力"	0	0	0	2	0.545	0.262	0.138	1.054	-0.277	-0.122	-0.062	0.556	1.017	"4"
"征聘"	0	0	1	0	0.273	0.131	0.069	0.527	-0.138	-0.061	1.162	-0.325	1.686	"3"
"得克萨斯州"	0	0	1	0	0.273	0.131	0.069	0.527	-0.138	-0.061	1.162	-0.325	1.686	"3"
"得奖"	0	0	0	1	0.273	0.131	0.069	0.527	-0.138	-0.061	-0.031	0.278	0.508	"4"
"得知"	0	0	0	2	0.545	0.262	0.138	1.054	-0.277	-0.122	-0.062	0.556	1.017	"4"
"德国"	2	0	0	2	1.091	0.525	0.276	2.109	0.522	-0.244	-0.124	-0.19	1.08	"1"
"德国人"	0	0	0	1	0.273	0.131	0.069	0.527	-0.138	-0.061	-0.031	0.278	0.508	"4"
"怀疑"	0	0	0	2	0.545	0.262	0.138	1.054	-0.277	-0.122	-0.062	0.556	1.017	"4"
"怒斥"	0	0	0	2	0.545	0.262	0.138	1.054	-0.277	-0.122	-0.062	0.556	1.017	"4"
"总编辑"	0	0	0	1	0.273	0.131	0.069	0.527	-0.138	-0.061	-0.031	0.278	0.508	"4"
"恩怨"	0	0	0	1	0.273	0.131	0.069	0.527	-0.138	-0.061	-0.031	0.278	0.508	"4"
"悠久"	0	0	0	1	0.273	0.131	0.069	0.527	-0.138	-0.061	-0.031	0.278	0.508	"4"
"惊觉"	0	0	0	1	0.273	0.131	0.069	0.527	-0.138	-0.061	-0.031	0.278	0.508	"4"
"意大利"	0	1	0	0	0.273	0.131	0.069	0.527	-0.138	0.882	-0.031	-0.325	1.376	"2"
"慕尼黑"	0	0	0	1	0.273	0.131	0.069	0.527	-0.138	-0.061	-0.031	0.278	0.508	"4"
"成书"	0	0	0	1	0.273	0.131	0.069	0.527	-0.138	-0.061	-0.031	0.278	0.508	"4"
"或是"	0	0	0	1	0.273	0.131	0.069	0.527	-0.138	-0.061	-0.031	0.278	0.508	"4"
"战斗报"	0	0	0	1	0.273	0.131	0.069	0.527	-0.138	-0.061	-0.031	0.278	0.508	"4"
"截稿"	0	0	0	1	0.273	0.131	0.069	0.527	-0.138	-0.061	-0.031	0.278	0.508	"4"
"截角"	0	0	0	1	0.273	0.131	0.069	0.527	-0.138	-0.061	-0.031	0.278	0.508	"4"
"房子"	0	0	1	0	0.273	0.131	0.069	0.527	-0.138	-0.061	1.162	-0.325	1.686	"3"
"手写"	0	0	1	0	0.273	0.131	0.069	0.527	-0.138	-0.061	1.162	-0.325	1.686	"3"
"手法"	0	1	0	0	0.273	0.131	0.069	0.527	-0.138	0.882	-0.031	-0.325	1.376	"2"
"扎伊"	0	0	2	0	0.545	0.262	0.138	1.054	-0.277	-0.122	2.323	-0.651	3.373	"3"
"打开"	0	0	0	5	1.364	0.656	0.345	2.636	-0.692	-0.305	-0.155	1.39	2.542	"4"
"扣押"	0	0	0	1	0.273	0.131	0.069	0.527	-0.138	-0.061	-0.031	0.278	0.508	"4"
"批评"	1	0	1	3	1.364	0.656	0.345	2.636	-0.233	-0.305	0.522	0.259	1.319	"3"
"投书"	0	0	0	2	0.545	0.262	0.138	1.054	-0.277	-0.122	-0.062	0.556	1.017	"4"
"报"	0	1	2	5	2.182	1.049	0.551	4.218	-1.106	-0.145	0.997	0.372	2.62	"1"
"报业"	0	1	0	7	2.182	1.049	0.551	4.218	-1.106	-0.145	-0.248	1.312	2.811	"4"
"报导"	15	0	0	20	9.545	4.59	2.412	18.452	1.47	-2.137	-1.086	0.44	5.133	"2"
"报导奖"	0	0	0	6	1.636	0.787	0.414	3.163	-0.83	-0.366	-0.186	1.668	3.05	"4"
"报章"	0	2	1	8	3	1.443	0.758	5.799	-1.521	0.363	0.264	0.817	2.965	"1"
"报纸"	0	0	0	11	3	1.443	0.758	5.799	-1.521	-0.672	-0.341	3.058	5.592	"4"
"报贩"	0	0	0	1	0.273	0.131	0.069	0.527	-0.138	-0.061	-0.031	0.278	0.508	"4"
"报道"	0	63	0	8	19.364	9.311	4.894	37.431	-9.819	46.034	-2.202	-12.642	70.697	"2"
"抨击美"	0	0	0	1	0.273	0.131	0.069	0.527	-0.138	-0.061	-0.031	0.278	0.508	"4"
"披露"	0	0	0	2	0.545	0.262	0.138	1.054	-0.277	-0.122	-0.062	0.556	1.017	"4"
"拘捕令"	0	2	0	0	0.545	0.262	0.138	1.054	-0.277	1.764	-0.062	-0.651	2.754	"2"
"招揽"	0	0	0	1	0.273	0.131	0.069	0.527	-0.138	-0.061	-0.031	0.278	0.508	"4"
"拷贝"	0	0	1	0	0.273	0.131	0.069	0.527	-0.138	-0.061	1.162	-0.325	1.686	"3"
"拿"	0	0	0	3	0.818	0.393	0.207	1.582	-0.415	-0.183	-0.093	0.834	1.525	"4"
"拿出"	0	0	0	2	0.545	0.262	0.138	1.054	-0.277	-0.122	-0.062	0.556	1.017	"4"
"拿出来"	0	0	0	1	0.273	0.131	0.069	0.527	-0.138	-0.061	-0.031	0.278	0.508	"4"
"指"	0	4	0	2	1.636	0.787	0.414	3.163	-0.83	2.449	-0.186	-0.531	3.996	"2"
"指名道姓"	0	0	0	1	0.273	0.131	0.069	0.527	-0.138	-0.061	-0.031	0.278	0.508	"4"
"指向"	0	0	0	1	0.273	0.131	0.069	0.527	-0.138	-0.061	-0.031	0.278	0.508	"4"
"指称"	0	0	0	1	0.273	0.131	0.069	0.527	-0.138	-0.061	-0.031	0.278	0.508	"4"
"指责"	0	2	0	2	1.091	0.525	0.276	2.109	-0.553	1.065	-0.124	-0.19	1.932	"2"
"挡门"	0	0	0	1	0.273	0.131	0.069	0.527	-0.138	-0.061	-0.031	0.278	0.508	"4"
"挪威"	0	0	0	1	0.273	0.131	0.069	0.527	-0.138	-0.061	-0.031	0.278	0.508	"4"
"捏造"	0	1	1	0	0.545	0.262	0.138	1.054	-0.277	0.611	0.876	-0.651	2.415	"3"
"据"	0	21	0	5	7.091	3.41	1.792	13.707	-3.596	13.999	-0.806	-3.311	21.712	"2"
"接受"	0	1	0	4	1.364	0.656	0.345	2.636	-0.692	0.297	-0.155	0.651	1.795	"1"
"接轨"	0	0	0	1	0.273	0.131	0.069	0.527	-0.138	-0.061	-0.031	0.278	0.508	"4"
"控股"	0	0	0	5	1.364	0.656	0.345	2.636	-0.692	-0.305	-0.155	1.39	2.542	"4"
"推测"	0	0	0	1	0.273	0.131	0.069	0.527	-0.138	-0.061	-0.031	0.278	0.508	"4"
"提到"	0	0	0	2	0.545	0.262	0.138	1.054	-0.277	-0.122	-0.062	0.556	1.017	"4"
"提早"	1	0	0	0	0.273	0.131	0.069	0.527	0.564	-0.061	-0.031	-0.325	0.981	"1"
"提高到"	0	0	0	1	0.273	0.131	0.069	0.527	-0.138	-0.061	-0.031	0.278	0.508	"4"
"插图"	0	0	1	0	0.273	0.131	0.069	0.527	-0.138	-0.061	1.162	-0.325	1.686	"3"
"揣测"	0	0	0	3	0.818	0.393	0.207	1.582	-0.415	-0.183	-0.093	0.834	1.525	"4"
"揭发"	0	0	0	1	0.273	0.131	0.069	0.527	-0.138	-0.061	-0.031	0.278	0.508	"4"
"揭露"	0	0	1	1	0.545	0.262	0.138	1.054	-0.277	-0.122	0.876	-0.141	1.416	"3"
"援引"	0	0	0	3	0.818	0.393	0.207	1.582	-0.415	-0.183	-0.093	0.834	1.525	"4"
"摘要"	0	0	0	1	0.273	0.131	0.069	0.527	-0.138	-0.061	-0.031	0.278	0.508	"4"
"摘选"	47	0	0	0	12.818	6.164	3.24	24.778	26.521	-2.87	-1.458	-15.29	46.139	"1"
"撕碎"	0	0	0	1	0.273	0.131	0.069	0.527	-0.138	-0.061	-0.031	0.278	0.508	"4"
"撞死"	1	0	0	0	0.273	0.131	0.069	0.527	0.564	-0.061	-0.031	-0.325	0.981	"1"
"播"	1	0	0	0	0.273	0.131	0.069	0.527	0.564	-0.061	-0.031	-0.325	0.981	"1"
"收买"	0	0	0	1	0.273	0.131	0.069	0.527	-0.138	-0.061	-0.031	0.278	0.508	"4"
"收到"	0	0	0	1	0.273	0.131	0.069	0.527	-0.138	-0.061	-0.031	0.278	0.508	"4"
"收录"	0	0	0	2	0.545	0.262	0.138	1.054	-0.277	-0.122	-0.062	0.556	1.017	"4"
"放过"	0	1	0	0	0.273	0.131	0.069	0.527	-0.138	0.882	-0.031	-0.325	1.376	"2"
"救命"	0	0	0	1	0.273	0.131	0.069	0.527	-0.138	-0.061	-0.031	0.278	0.508	"4"
"救救"	0	0	0	1	0.273	0.131	0.069	0.527	-0.138	-0.061	-0.031	0.278	0.508	"4"
"教学"	0	0	0	3	0.818	0.393	0.207	1.582	-0.415	-0.183	-0.093	0.834	1.525	"4"
"文"	0	0	1	2	0.818	0.393	0.207	1.582	-0.415	-0.183	0.715	0.267	1.58	"3"
"文告"	0	1	0	0	0.273	0.131	0.069	0.527	-0.138	0.882	-0.031	-0.325	1.376	"2"
"文字"	0	0	0	1	0.273	0.131	0.069	0.527	-0.138	-0.061	-0.031	0.278	0.508	"4"
"文章"	0	1	2	1	1.091	0.525	0.276	2.109	-0.553	0.366	1.586	-0.564	3.069	"3"
"新光报"	0	2	0	0	0.545	0.262	0.138	1.054	-0.277	1.764	-0.062	-0.651	2.754	"2"
"新加坡"	2	0	2	8	3.273	1.574	0.827	6.326	-0.49	-0.733	0.702	0.601	2.526	"2"
"新加坡人"	0	0	0	2	0.545	0.262	0.138	1.054	-0.277	-0.122	-0.062	0.556	1.017	"4"
"新华社"	22	1	2	2	7.364	3.541	1.861	14.234	8.162	-0.943	0.249	-6.114	15.468	"1"
"新国"	0	0	0	1	0.273	0.131	0.069	0.527	-0.138	-0.061	-0.031	0.278	0.508	"4"
"新评会"	0	0	0	1	0.273	0.131	0.069	0.527	-0.138	-0.061	-0.031	0.278	0.508	"4"
"新闻"	38	0	1	17	15.273	7.344	3.86	29.523	9.524	-3.419	-1.025	-3.226	17.194	"1"
"新闻纸"	0	0	0	1	0.273	0.131	0.069	0.527	-0.138	-0.061	-0.031	0.278	0.508	"4"
"新马"	0	1	1	2	1.091	0.525	0.276	2.109	-0.553	0.366	0.605	-0.19	1.714	"3"
"旅游区"	1	0	0	0	0.273	0.131	0.069	0.527	0.564	-0.061	-0.031	-0.325	0.981	"1"
"旗下"	0	1	0	1	0.545	0.262	0.138	1.054	-0.277	0.611	-0.062	-0.141	1.091	"2"
"无功而返"	0	0	0	1	0.273	0.131	0.069	0.527	-0.138	-0.061	-0.031	0.278	0.508	"4"
"日报"	1	0	1	6	2.182	1.049	0.551	4.218	-0.504	-0.488	0.361	0.737	2.09	"4"
"日本"	0	5	0	2	1.909	0.918	0.482	3.69	-0.968	3.189	-0.217	-0.734	5.108	"2"
"日镜报"	0	0	0	1	0.273	0.131	0.069	0.527	-0.138	-0.061	-0.031	0.278	0.508	"4"
"旧"	0	0	0	3	0.818	0.393	0.207	1.582	-0.415	-0.183	-0.093	0.834	1.525	"4"
"早上"	0	0	0	1	0.273	0.131	0.069	0.527	-0.138	-0.061	-0.031	0.278	0.508	"4"
"早报"	0	1	0	8	2.455	1.18	0.62	4.745	-1.245	-0.177	-0.279	1.545	3.246	"4"
"时事"	0	0	0	1	0.273	0.131	0.069	0.527	-0.138	-0.061	-0.031	0.278	0.508	"4"
"时报"	3	0	0	3	1.636	0.787	0.414	3.163	0.684	-0.366	-0.186	-0.219	1.455	"1"
"时有所闻"	0	0	0	1	0.273	0.131	0.069	0.527	-0.138	-0.061	-0.031	0.278	0.508	"4"
"明报"	0	0	0	2	0.545	0.262	0.138	1.054	-0.277	-0.122	-0.062	0.556	1.017	"4"
"明朗"	0	0	0	1	0.273	0.131	0.069	0.527	-0.138	-0.061	-0.031	0.278	0.508	"4"
"星期"	0	0	0	2	0.545	0.262	0.138	1.054	-0.277	-0.122	-0.062	0.556	1.017	"4"
"星期四"	0	0	0	1	0.273	0.131	0.069	0.527	-0.138	-0.061	-0.031	0.278	0.508	"4"
"星期日"	0	1	1	0	0.545	0.262	0.138	1.054	-0.277	0.611	0.876	-0.651	2.415	"3"
"星洲日报"	0	1	0	0	0.273	0.131	0.069	0.527	-0.138	0.882	-0.031	-0.325	1.376	"2"
"春莲"	0	0	0	1	0.273	0.131	0.069	0.527	-0.138	-0.061	-0.031	0.278	0.508	"4"
"昨天"	0	7	0	3	2.727	1.311	0.689	5.272	-1.383	4.255	-0.31	-0.883	6.831	"2"
"昨日"	0	1	0	1	0.545	0.262	0.138	1.054	-0.277	0.611	-0.062	-0.141	1.091	"2"
"显着"	0	0	0	1	0.273	0.131	0.069	0.527	-0.138	-0.061	-0.031	0.278	0.508	"4"
"显著"	0	0	0	1	0.273	0.131	0.069	0.527	-0.138	-0.061	-0.031	0.278	0.508	"4"
"晚间"	0	0	0	1	0.273	0.131	0.069	0.527	-0.138	-0.061	-0.031	0.278	0.508	"4"
"普立兹"	0	0	0	1	0.273	0.131	0.069	0.527	-0.138	-0.061	-0.031	0.278	0.508	"4"
"普罗"	0	0	0	1	0.273	0.131	0.069	0.527	-0.138	-0.061	-0.031	0.278	0.508	"4"
"智"	0	0	0	1	0.273	0.131	0.069	0.527	-0.138	-0.061	-0.031	0.278	0.508	"4"
"曝光率"	0	0	0	1	0.273	0.131	0.069	0.527	-0.138	-0.061	-0.031	0.278	0.508	"4"
"曲解"	0	0	0	1	0.273	0.131	0.069	0.527	-0.138	-0.061	-0.031	0.278	0.508	"4"
"曼联"	0	1	0	0	0.273	0.131	0.069	0.527	-0.138	0.882	-0.031	-0.325	1.376	"2"
"曼谷"	0	1	0	1	0.545	0.262	0.138	1.054	-0.277	0.611	-0.062	-0.141	1.091	"2"
"曾"	0	2	1	6	2.455	1.18	0.62	4.745	-1.245	0.476	0.324	0.508	2.553	"1"
"最近"	0	0	0	7	1.909	0.918	0.482	3.69	-0.968	-0.427	-0.217	1.946	3.558	"4"
"有关"	0	1	1	7	2.455	1.18	0.62	4.745	-1.245	-0.177	0.324	0.922	2.668	"1"
"有史以来"	1	0	0	0	0.273	0.131	0.069	0.527	0.564	-0.061	-0.031	-0.325	0.981	"1"
"有名"	0	0	0	1	0.273	0.131	0.069	0.527	-0.138	-0.061	-0.031	0.278	0.508	"4"
"有意"	0	0	0	1	0.273	0.131	0.069	0.527	-0.138	-0.061	-0.031	0.278	0.508	"4"
"服务"	0	0	0	1	0.273	0.131	0.069	0.527	-0.138	-0.061	-0.031	0.278	0.508	"4"
"朝日新闻"	0	0	0	1	0.273	0.131	0.069	0.527	-0.138	-0.061	-0.031	0.278	0.508	"4"
"朝鲜"	0	2	0	1	0.818	0.393	0.207	1.582	-0.415	1.327	-0.093	-0.338	2.173	"2"
"期刊"	0	0	0	1	0.273	0.131	0.069	0.527	-0.138	-0.061	-0.031	0.278	0.508	"4"
"本"	0	0	0	1	0.273	0.131	0.069	0.527	-0.138	-0.061	-0.031	0.278	0.508	"4"
"本地"	0	0	0	3	0.818	0.393	0.207	1.582	-0.415	-0.183	-0.093	0.834	1.525	"4"
"杀手"	1	0	0	0	0.273	0.131	0.069	0.527	0.564	-0.061	-0.031	-0.325	0.981	"1"
"杂志"	0	0	0	17	4.636	2.23	1.172	8.962	-2.351	-1.038	-0.527	4.726	8.642	"4"
"权威"	0	0	0	1	0.273	0.131	0.069	0.527	-0.138	-0.061	-0.031	0.278	0.508	"4"
"李文琦"	0	0	0	1	0.273	0.131	0.069	0.527	-0.138	-0.061	-0.031	0.278	0.508	"4"
"李艳光"	0	0	0	1	0.273	0.131	0.069	0.527	-0.138	-0.061	-0.031	0.278	0.508	"4"
"来函"	0	0	1	1	0.545	0.262	0.138	1.054	-0.277	-0.122	0.876	-0.141	1.416	"3"
"林义夫"	0	0	0	1	0.273	0.131	0.069	0.527	-0.138	-0.061	-0.031	0.278	0.508	"4"
"林健成"	0	0	0	1	0.273	0.131	0.069	0.527	-0.138	-0.061	-0.031	0.278	0.508	"4"
"架子"	0	0	0	1	0.273	0.131	0.069	0.527	-0.138	-0.061	-0.031	0.278	0.508	"4"
"某"	0	0	1	1	0.545	0.262	0.138	1.054	-0.277	-0.122	0.876	-0.141	1.416	"3"
"某些"	0	0	0	1	0.273	0.131	0.069	0.527	-0.138	-0.061	-0.031	0.278	0.508	"4"
"标"	0	0	0	1	0.273	0.131	0.069	0.527	-0.138	-0.061	-0.031	0.278	0.508	"4"
"标语"	0	0	0	1	0.273	0.131	0.069	0.527	-0.138	-0.061	-0.031	0.278	0.508	"4"
"标题"	87	0	0	0	23.727	11.41	5.997	45.866	49.092	-5.312	-2.698	-28.303	85.405	"1"
"根据"	0	4	1	2	1.909	0.918	0.482	3.69	-0.968	2.129	0.405	-0.734	4.236	"2"
"案情"	0	1	0	0	0.273	0.131	0.069	0.527	-0.138	0.882	-0.031	-0.325	1.376	"2"
"检视"	0	0	0	1	0.273	0.131	0.069	0.527	-0.138	-0.061	-0.031	0.278	0.508	"4"
"歉"	0	0	1	0	0.273	0.131	0.069	0.527	-0.138	-0.061	1.162	-0.325	1.686	"3"
"正面"	0	0	0	1	0.273	0.131	0.069	0.527	-0.138	-0.061	-0.031	0.278	0.508	"4"
"死者"	0	0	0	3	0.818	0.393	0.207	1.582	-0.415	-0.183	-0.093	0.834	1.525	"4"
"每逢"	0	0	1	0	0.273	0.131	0.069	0.527	-0.138	-0.061	1.162	-0.325	1.686	"3"
"比比皆是"	0	0	0	1	0.273	0.131	0.069	0.527	-0.138	-0.061	-0.031	0.278	0.508	"4"
"民族自治县"	0	0	0	1	0.273	0.131	0.069	0.527	-0.138	-0.061	-0.031	0.278	0.508	"4"
"水供"	0	0	1	2	0.818	0.393	0.207	1.582	-0.415	-0.183	0.715	0.267	1.58	"3"
"求职"	0	0	0	1	0.273	0.131	0.069	0.527	-0.138	-0.061	-0.031	0.278	0.508	"4"
"汉巴"	0	1	0	0	0.273	0.131	0.069	0.527	-0.138	0.882	-0.031	-0.325	1.376	"2"
"江泽民"	0	0	0	3	0.818	0.393	0.207	1.582	-0.415	-0.183	-0.093	0.834	1.525	"4"
"江苏"	1	0	0	0	0.273	0.131	0.069	0.527	0.564	-0.061	-0.031	-0.325	0.981	"1"
"沙地"	0	0	0	1	0.273	0.131	0.069	0.527	-0.138	-0.061	-0.031	0.278	0.508	"4"
"沙特"	0	1	0	1	0.545	0.262	0.138	1.054	-0.277	0.611	-0.062	-0.141	1.091	"2"
"沙特阿拉伯"	0	1	0	0	0.273	0.131	0.069	0.527	-0.138	0.882	-0.031	-0.325	1.376	"2"
"油桶"	0	0	0	1	0.273	0.131	0.069	0.527	-0.138	-0.061	-0.031	0.278	0.508	"4"
"法文"	0	0	0	1	0.273	0.131	0.069	0.527	-0.138	-0.061	-0.031	0.278	0.508	"4"
"法新"	0	3	0	0	0.818	0.393	0.207	1.582	-0.415	2.647	-0.093	-0.976	4.131	"2"
"法新电"	0	3	0	0	0.818	0.393	0.207	1.582	-0.415	2.647	-0.093	-0.976	4.131	"2"
"注音"	0	0	0	1	0.273	0.131	0.069	0.527	-0.138	-0.061	-0.031	0.278	0.508	"4"
"泰国"	0	3	0	8	3	1.443	0.758	5.799	-1.521	0.779	-0.341	0.817	3.458	"1"
"流行语"	0	0	0	1	0.273	0.131	0.069	0.527	-0.138	-0.061	-0.031	0.278	0.508	"4"
"海峡"	0	0	0	4	1.091	0.525	0.276	2.109	-0.553	-0.244	-0.124	1.112	2.033	"4"
"海迪阿蒂"	0	0	0	1	0.273	0.131	0.069	0.527	-0.138	-0.061	-0.031	0.278	0.508	"4"
"海陆空"	0	1	0	0	0.273	0.131	0.069	0.527	-0.138	0.882	-0.031	-0.325	1.376	"2"
"消息"	0	2	0	2	1.091	0.525	0.276	2.109	-0.553	1.065	-0.124	-0.19	1.932	"2"
"消闲"	0	0	0	1	0.273	0.131	0.069	0.527	-0.138	-0.061	-0.031	0.278	0.508	"4"
"涌现"	0	0	0	1	0.273	0.131	0.069	0.527	-0.138	-0.061	-0.031	0.278	0.508	"4"
"淋湿"	0	0	0	1	0.273	0.131	0.069	0.527	-0.138	-0.061	-0.031	0.278	0.508	"4"
"淋雨"	0	0	0	1	0.273	0.131	0.069	0.527	-0.138	-0.061	-0.031	0.278	0.508	"4"
"淑枝"	0	0	0	1	0.273	0.131	0.069	0.527	-0.138	-0.061	-0.031	0.278	0.508	"4"
"清"	0	0	0	1	0.273	0.131	0.069	0.527	-0.138	-0.061	-0.031	0.278	0.508	"4"
"清查"	0	0	0	1	0.273	0.131	0.069	0.527	-0.138	-0.061	-0.031	0.278	0.508	"4"
"温家"	0	1	0	0	0.273	0.131	0.069	0.527	-0.138	0.882	-0.031	-0.325	1.376	"2"
"港"	0	0	0	1	0.273	0.131	0.069	0.527	-0.138	-0.061	-0.031	0.278	0.508	"4"
"满"	0	0	0	1	0.273	0.131	0.069	0.527	-0.138	-0.061	-0.031	0.278	0.508	"4"
"满足"	0	0	0	1	0.273	0.131	0.069	0.527	-0.138	-0.061	-0.031	0.278	0.508	"4"
"漫画"	0	0	0	1	0.273	0.131	0.069	0.527	-0.138	-0.061	-0.031	0.278	0.508	"4"
"澄清"	0	0	0	1	0.273	0.131	0.069	0.527	-0.138	-0.061	-0.031	0.278	0.508	"4"
"澳门"	0	0	2	4	1.636	0.787	0.414	3.163	-0.83	-0.366	1.228	0.402	2.826	"3"
"灯塔"	0	0	0	2	0.545	0.262	0.138	1.054	-0.277	-0.122	-0.062	0.556	1.017	"4"
"灰烬"	0	0	0	1	0.273	0.131	0.069	0.527	-0.138	-0.061	-0.031	0.278	0.508	"4"
"炒作"	0	0	0	1	0.273	0.131	0.069	0.527	-0.138	-0.061	-0.031	0.278	0.508	"4"
"炮轰"	0	0	0	2	0.545	0.262	0.138	1.054	-0.277	-0.122	-0.062	0.556	1.017	"4"
"点燃"	0	0	0	1	0.273	0.131	0.069	0.527	-0.138	-0.061	-0.031	0.278	0.508	"4"
"烧录"	0	0	1	0	0.273	0.131	0.069	0.527	-0.138	-0.061	1.162	-0.325	1.686	"3"
"烧死"	0	0	0	1	0.273	0.131	0.069	0.527	-0.138	-0.061	-0.031	0.278	0.508	"4"
"热线"	0	1	0	0	0.273	0.131	0.069	0.527	-0.138	0.882	-0.031	-0.325	1.376	"2"
"焚烧"	0	1	0	0	0.273	0.131	0.069	0.527	-0.138	0.882	-0.031	-0.325	1.376	"2"
"照"	0	0	0	1	0.273	0.131	0.069	0.527	-0.138	-0.061	-0.031	0.278	0.508	"4"
"照片"	0	0	1	1	0.545	0.262	0.138	1.054	-0.277	-0.122	0.876	-0.141	1.416	"3"
"爱惜"	0	0	0	1	0.273	0.131	0.069	0.527	-0.138	-0.061	-0.031	0.278	0.508	"4"
"父亲"	0	0	0	2	0.545	0.262	0.138	1.054	-0.277	-0.122	-0.062	0.556	1.017	"4"
"版"	1	0	1	0	0.545	0.262	0.138	1.054	0.327	-0.122	0.876	-0.651	1.976	"3"
"物"	0	1	0	1	0.545	0.262	0.138	1.054	-0.277	0.611	-0.062	-0.141	1.091	"2"
"猛涨"	0	0	0	1	0.273	0.131	0.069	0.527	-0.138	-0.061	-0.031	0.278	0.508	"4"
"猜测"	0	0	0	3	0.818	0.393	0.207	1.582	-0.415	-0.183	-0.093	0.834	1.525	"4"
"王玉燕"	0	0	0	1	0.273	0.131	0.069	0.527	-0.138	-0.061	-0.031	0.278	0.508	"4"
"现今"	0	0	0	1	0.273	0.131	0.069	0.527	-0.138	-0.061	-0.031	0.278	0.508	"4"
"珠光"	0	1	0	0	0.273	0.131	0.069	0.527	-0.138	0.882	-0.031	-0.325	1.376	"2"
"理财"	0	0	0	1	0.273	0.131	0.069	0.527	-0.138	-0.061	-0.031	0.278	0.508	"4"
"瓦希德"	0	2	0	0	0.545	0.262	0.138	1.054	-0.277	1.764	-0.062	-0.651	2.754	"2"
"瓶"	0	0	0	1	0.273	0.131	0.069	0.527	-0.138	-0.061	-0.031	0.278	0.508	"4"
"生意"	0	0	0	1	0.273	0.131	0.069	0.527	-0.138	-0.061	-0.031	0.278	0.508	"4"
"生活报"	0	0	0	1	0.273	0.131	0.069	0.527	-0.138	-0.061	-0.031	0.278	0.508	"4"
"用法"	0	0	0	1	0.273	0.131	0.069	0.527	-0.138	-0.061	-0.031	0.278	0.508	"4"
"电"	13	2	2	4	5.727	2.754	1.447	11.071	3.034	-0.33	0.367	-2.776	6.507	"1"
"电台"	0	0	0	9	2.455	1.18	0.62	4.745	-1.245	-0.549	-0.279	2.502	4.575	"4"
"电视"	0	1	1	23	6.818	3.279	1.723	13.18	-3.458	-0.848	-0.32	4.528	9.154	"4"
"电视台"	0	0	0	5	1.364	0.656	0.345	2.636	-0.692	-0.305	-0.155	1.39	2.542	"4"
"画纸"	0	0	0	1	0.273	0.131	0.069	0.527	-0.138	-0.061	-0.031	0.278	0.508	"4"
"界限"	0	0	0	1	0.273	0.131	0.069	0.527	-0.138	-0.061	-0.031	0.278	0.508	"4"
"留意"	0	0	0	1	0.273	0.131	0.069	0.527	-0.138	-0.061	-0.031	0.278	0.508	"4"
"疯牛"	0	1	0	0	0.273	0.131	0.069	0.527	-0.138	0.882	-0.031	-0.325	1.376	"2"
"痛心"	0	0	0	1	0.273	0.131	0.069	0.527	-0.138	-0.061	-0.031	0.278	0.508	"4"
"登"	0	0	1	0	0.273	0.131	0.069	0.527	-0.138	-0.061	1.162	-0.325	1.686	"3"
"登广告"	0	0	0	2	0.545	0.262	0.138	1.054	-0.277	-0.122	-0.062	0.556	1.017	"4"
"百分之八十二"	0	0	0	1	0.273	0.131	0.069	0.527	-0.138	-0.061	-0.031	0.278	0.508	"4"
"皇马"	0	0	0	1	0.273	0.131	0.069	0.527	-0.138	-0.061	-0.031	0.278	0.508	"4"
"盒子"	0	0	0	1	0.273	0.131	0.069	0.527	-0.138	-0.061	-0.031	0.278	0.508	"4"
"盛猫食"	0	0	0	1	0.273	0.131	0.069	0.527	-0.138	-0.061	-0.031	0.278	0.508	"4"
"相关报"	0	0	1	0	0.273	0.131	0.069	0.527	-0.138	-0.061	1.162	-0.325	1.686	"3"
"相反"	0	0	0	1	0.273	0.131	0.069	0.527	-0.138	-0.061	-0.031	0.278	0.508	"4"
"看"	0	1	0	19	5.455	2.623	1.379	10.544	-2.766	-0.617	-0.62	4.283	8.286	"4"
"看到"	0	4	3	12	5.182	2.492	1.31	10.017	-2.628	0.634	0.856	0.604	4.722	"1"
"看看"	0	0	0	2	0.545	0.262	0.138	1.054	-0.277	-0.122	-0.062	0.556	1.017	"4"
"看见"	0	0	0	1	0.273	0.131	0.069	0.527	-0.138	-0.061	-0.031	0.278	0.508	"4"
"眼帘"	0	0	0	1	0.273	0.131	0.069	0.527	-0.138	-0.061	-0.031	0.278	0.508	"4"
"眼看到"	0	0	0	1	0.273	0.131	0.069	0.527	-0.138	-0.061	-0.031	0.278	0.508	"4"
"着名"	0	0	0	1	0.273	0.131	0.069	0.527	-0.138	-0.061	-0.031	0.278	0.508	"4"
"着火"	0	0	0	1	0.273	0.131	0.069	0.527	-0.138	-0.061	-0.031	0.278	0.508	"4"
"瞩"	0	0	0	1	0.273	0.131	0.069	0.527	-0.138	-0.061	-0.031	0.278	0.508	"4"
"瞩目"	0	0	0	1	0.273	0.131	0.069	0.527	-0.138	-0.061	-0.031	0.278	0.508	"4"
"石南花"	0	0	0	1	0.273	0.131	0.069	0.527	-0.138	-0.061	-0.031	0.278	0.508	"4"
"硬物"	0	0	0	1	0.273	0.131	0.069	0.527	-0.138	-0.061	-0.031	0.278	0.508	"4"
"碧眼"	0	0	0	1	0.273	0.131	0.069	0.527	-0.138	-0.061	-0.031	0.278	0.508	"4"
"社会党"	0	1	0	0	0.273	0.131	0.069	0.527	-0.138	0.882	-0.031	-0.325	1.376	"2"
"社体部"	0	0	1	0	0.273	0.131	0.069	0.527	-0.138	-0.061	1.162	-0.325	1.686	"3"
"社论"	0	0	0	5	1.364	0.656	0.345	2.636	-0.692	-0.305	-0.155	1.39	2.542	"4"
"福建"	2	0	0	0	0.545	0.262	0.138	1.054	1.129	-0.122	-0.062	-0.651	1.964	"1"
"福隆"	0	0	0	1	0.273	0.131	0.069	0.527	-0.138	-0.061	-0.031	0.278	0.508	"4"
"离婚"	0	0	1	0	0.273	0.131	0.069	0.527	-0.138	-0.061	1.162	-0.325	1.686	"3"
"私下"	0	0	0	1	0.273	0.131	0.069	0.527	-0.138	-0.061	-0.031	0.278	0.508	"4"
"突出"	0	0	0	2	0.545	0.262	0.138	1.054	-0.277	-0.122	-0.062	0.556	1.017	"4"
"竟然"	0	0	0	1	0.273	0.131	0.069	0.527	-0.138	-0.061	-0.031	0.278	0.508	"4"
"符号"	0	0	0	1	0.273	0.131	0.069	0.527	-0.138	-0.061	-0.031	0.278	0.508	"4"
"第一时间"	0	0	0	1	0.273	0.131	0.069	0.527	-0.138	-0.061	-0.031	0.278	0.508	"4"
"第三十七"	0	0	0	1	0.273	0.131	0.069	0.527	-0.138	-0.061	-0.031	0.278	0.508	"4"
"笼罩"	0	0	0	2	0.545	0.262	0.138	1.054	-0.277	-0.122	-0.062	0.556	1.017	"4"
"等到"	0	0	0	1	0.273	0.131	0.069	0.527	-0.138	-0.061	-0.031	0.278	0.508	"4"
"等等"	0	0	0	4	1.091	0.525	0.276	2.109	-0.553	-0.244	-0.124	1.112	2.033	"4"
"答覆者"	0	0	1	0	0.273	0.131	0.069	0.527	-0.138	-0.061	1.162	-0.325	1.686	"3"
"简讯"	1	0	0	0	0.273	0.131	0.069	0.527	0.564	-0.061	-0.031	-0.325	0.981	"1"
"篇"	0	0	1	2	0.818	0.393	0.207	1.582	-0.415	-0.183	0.715	0.267	1.58	"3"
"篇幅"	0	0	0	3	0.818	0.393	0.207	1.582	-0.415	-0.183	-0.093	0.834	1.525	"4"
"篡改"	0	0	1	0	0.273	0.131	0.069	0.527	-0.138	-0.061	1.162	-0.325	1.686	"3"
"粉碎"	0	1	0	0	0.273	0.131	0.069	0.527	-0.138	0.882	-0.031	-0.325	1.376	"2"
"精印"	0	0	0	1	0.273	0.131	0.069	0.527	-0.138	-0.061	-0.031	0.278	0.508	"4"
"素质"	0	0	0	1	0.273	0.131	0.069	0.527	-0.138	-0.061	-0.031	0.278	0.508	"4"
"索罗门"	0	0	0	1	0.273	0.131	0.069	0.527	-0.138	-0.061	-0.031	0.278	0.508	"4"
"索赔"	0	0	0	1	0.273	0.131	0.069	0.527	-0.138	-0.061	-0.031	0.278	0.508	"4"
"紧接着"	0	0	0	1	0.273	0.131	0.069	0.527	-0.138	-0.061	-0.031	0.278	0.508	"4"
"纳吉"	0	1	0	0	0.273	0.131	0.069	0.527	-0.138	0.882	-0.031	-0.325	1.376	"2"
"纷纷"	0	0	0	3	0.818	0.393	0.207	1.582	-0.415	-0.183	-0.093	0.834	1.525	"4"
"纽约时报"	2	0	0	0	0.545	0.262	0.138	1.054	1.129	-0.122	-0.062	-0.651	1.964	"1"
"细心"	0	0	0	1	0.273	0.131	0.069	0.527	-0.138	-0.061	-0.031	0.278	0.508	"4"
"经常"	0	0	0	1	0.273	0.131	0.069	0.527	-0.138	-0.061	-0.031	0.278	0.508	"4"
"绕"	1	0	0	0	0.273	0.131	0.069	0.527	0.564	-0.061	-0.031	-0.325	0.981	"1"
"绝活"	1	0	0	0	0.273	0.131	0.069	0.527	0.564	-0.061	-0.031	-0.325	0.981	"1"
"绰号"	0	0	0	1	0.273	0.131	0.069	0.527	-0.138	-0.061	-0.031	0.278	0.508	"4"
"综合"	0	2	0	2	1.091	0.525	0.276	2.109	-0.553	1.065	-0.124	-0.19	1.932	"2"
"缅甸"	0	3	0	0	0.818	0.393	0.207	1.582	-0.415	2.647	-0.093	-0.976	4.131	"2"
"编辑"	0	0	0	1	0.273	0.131	0.069	0.527	-0.138	-0.061	-0.031	0.278	0.508	"4"
"编辑部"	0	0	0	1	0.273	0.131	0.069	0.527	-0.138	-0.061	-0.031	0.278	0.508	"4"
"网络"	0	1	0	0	0.273	0.131	0.069	0.527	-0.138	0.882	-0.031	-0.325	1.376	"2"
"网路"	2	0	0	2	1.091	0.525	0.276	2.109	0.522	-0.244	-0.124	-0.19	1.08	"1"
"罗马"	0	1	0	0	0.273	0.131	0.069	0.527	-0.138	0.882	-0.031	-0.325	1.376	"2"
"翌日"	0	0	0	1	0.273	0.131	0.069	0.527	-0.138	-0.061	-0.031	0.278	0.508	"4"
"翻开"	0	0	0	2	0.545	0.262	0.138	1.054	-0.277	-0.122	-0.062	0.556	1.017	"4"
"而后"	0	1	0	0	0.273	0.131	0.069	0.527	-0.138	0.882	-0.031	-0.325	1.376	"2"
"而是"	0	0	0	1	0.273	0.131	0.069	0.527	-0.138	-0.061	-0.031	0.278	0.508	"4"
"联合"	0	0	0	3	0.818	0.393	0.207	1.582	-0.415	-0.183	-0.093	0.834	1.525	"4"
"联合报"	0	0	0	1	0.273	0.131	0.069	0.527	-0.138	-0.061	-0.031	0.278	0.508	"4"
"肩负"	0	0	0	1	0.273	0.131	0.069	0.527	-0.138	-0.061	-0.031	0.278	0.508	"4"
"脏"	0	0	0	1	0.273	0.131	0.069	0.527	-0.138	-0.061	-0.031	0.278	0.508	"4"
"脚车"	0	0	0	1	0.273	0.131	0.069	0.527	-0.138	-0.061	-0.031	0.278	0.508	"4"
"腐"	0	1	0	0	0.273	0.131	0.069	0.527	-0.138	0.882	-0.031	-0.325	1.376	"2"
"自杀"	0	0	0	1	0.273	0.131	0.069	0.527	-0.138	-0.061	-0.031	0.278	0.508	"4"
"致电"	0	0	0	1	0.273	0.131	0.069	0.527	-0.138	-0.061	-0.031	0.278	0.508	"4"
"航向"	0	0	0	1	0.273	0.131	0.069	0.527	-0.138	-0.061	-0.031	0.278	0.508	"4"
"色情"	0	0	2	1	0.818	0.393	0.207	1.582	-0.415	-0.183	1.867	-0.338	2.803	"3"
"若干"	0	0	0	1	0.273	0.131	0.069	0.527	-0.138	-0.061	-0.031	0.278	0.508	"4"
"英"	0	0	0	1	0.273	0.131	0.069	0.527	-0.138	-0.061	-0.031	0.278	0.508	"4"
"英国"	0	5	0	9	3.818	1.836	0.965	7.381	-1.936	1.555	-0.434	0.558	4.483	"1"
"英文"	0	0	0	7	1.909	0.918	0.482	3.69	-0.968	-0.427	-0.217	1.946	3.558	"4"
"英格兰"	0	0	0	1	0.273	0.131	0.069	0.527	-0.138	-0.061	-0.031	0.278	0.508	"4"
"英语"	0	0	0	3	0.818	0.393	0.207	1.582	-0.415	-0.183	-0.093	0.834	1.525	"4"
"苹果"	0	0	0	1	0.273	0.131	0.069	0.527	-0.138	-0.061	-0.031	0.278	0.508	"4"
"范斯"	0	0	0	1	0.273	0.131	0.069	0.527	-0.138	-0.061	-0.031	0.278	0.508	"4"
"莎拉"	0	0	2	0	0.545	0.262	0.138	1.054	-0.277	-0.122	2.323	-0.651	3.373	"3"
"获赠"	0	0	0	3	0.818	0.393	0.207	1.582	-0.415	-0.183	-0.093	0.834	1.525	"4"
"菜菜子"	0	0	0	1	0.273	0.131	0.069	0.527	-0.138	-0.061	-0.031	0.278	0.508	"4"
"营"	0	1	0	0	0.273	0.131	0.069	0.527	-0.138	0.882	-0.031	-0.325	1.376	"2"
"落定"	0	0	0	1	0.273	0.131	0.069	0.527	-0.138	-0.061	-0.031	0.278	0.508	"4"
"落败"	0	0	0	1	0.273	0.131	0.069	0.527	-0.138	-0.061	-0.031	0.278	0.508	"4"
"葡文"	0	0	0	1	0.273	0.131	0.069	0.527	-0.138	-0.061	-0.031	0.278	0.508	"4"
"蒂"	0	0	0	1	0.273	0.131	0.069	0.527	-0.138	-0.061	-0.031	0.278	0.508	"4"
"蒙古"	0	1	0	0	0.273	0.131	0.069	0.527	-0.138	0.882	-0.031	-0.325	1.376	"2"
"虐待"	0	0	0	1	0.273	0.131	0.069	0.527	-0.138	-0.061	-0.031	0.278	0.508	"4"
"虫生"	0	1	0	0	0.273	0.131	0.069	0.527	-0.138	0.882	-0.031	-0.325	1.376	"2"
"蚤"	0	0	0	1	0.273	0.131	0.069	0.527	-0.138	-0.061	-0.031	0.278	0.508	"4"
"蛮"	0	0	0	1	0.273	0.131	0.069	0.527	-0.138	-0.061	-0.031	0.278	0.508	"4"
"融洽"	0	0	0	1	0.273	0.131	0.069	0.527	-0.138	-0.061	-0.031	0.278	0.508	"4"
"街友"	0	0	0	1	0.273	0.131	0.069	0.527	-0.138	-0.061	-0.031	0.278	0.508	"4"
"裁撤"	0	0	0	1	0.273	0.131	0.069	0.527	-0.138	-0.061	-0.031	0.278	0.508	"4"
"西方省"	0	0	0	1	0.273	0.131	0.069	0.527	-0.138	-0.061	-0.031	0.278	0.508	"4"
"西班牙"	0	3	0	2	1.364	0.656	0.345	2.636	-0.692	1.736	-0.155	-0.348	2.931	"2"
"要闻"	45	0	0	0	12.273	5.902	3.102	23.724	25.392	-2.747	-1.396	-14.639	44.174	"1"
"见报率"	0	0	0	2	0.545	0.262	0.138	1.054	-0.277	-0.122	-0.062	0.556	1.017	"4"
"言论"	0	1	0	2	0.818	0.393	0.207	1.582	-0.415	0.463	-0.093	0.267	1.238	"2"
"订定"	0	0	0	1	0.273	0.131	0.069	0.527	-0.138	-0.061	-0.031	0.278	0.508	"4"
"订购"	0	0	1	0	0.273	0.131	0.069	0.527	-0.138	-0.061	1.162	-0.325	1.686	"3"
"订阅"	0	0	0	1	0.273	0.131	0.069	0.527	-0.138	-0.061	-0.031	0.278	0.508	"4"
"记录"	0	0	0	1	0.273	0.131	0.069	0.527	-0.138	-0.061	-0.031	0.278	0.508	"4"
"记得"	0	0	1	0	0.273	0.131	0.069	0.527	-0.138	-0.061	1.162	-0.325	1.686	"3"
"许多"	0	1	0	1	0.545	0.262	0.138	1.054	-0.277	0.611	-0.062	-0.141	1.091	"2"
"论坛报"	1	0	0	0	0.273	0.131	0.069	0.527	0.564	-0.061	-0.031	-0.325	0.981	"1"
"设有"	0	0	0	1	0.273	0.131	0.069	0.527	-0.138	-0.061	-0.031	0.278	0.508	"4"
"访俄"	0	0	0	1	0.273	0.131	0.069	0.527	-0.138	-0.061	-0.031	0.278	0.508	"4"
"访谈"	0	0	0	1	0.273	0.131	0.069	0.527	-0.138	-0.061	-0.031	0.278	0.508	"4"
"访问"	0	0	0	4	1.091	0.525	0.276	2.109	-0.553	-0.244	-0.124	1.112	2.033	"4"
"评"	0	0	0	1	0.273	0.131	0.069	0.527	-0.138	-0.061	-0.031	0.278	0.508	"4"
"评价"	0	0	0	2	0.545	0.262	0.138	1.054	-0.277	-0.122	-0.062	0.556	1.017	"4"
"评论"	0	2	0	4	1.636	0.787	0.414	3.163	-0.83	0.744	-0.186	0.402	2.162	"1"
"诋毁"	0	0	0	1	0.273	0.131	0.069	0.527	-0.138	-0.061	-0.031	0.278	0.508	"4"
"诗"	0	0	0	2	0.545	0.262	0.138	1.054	-0.277	-0.122	-0.062	0.556	1.017	"4"
"诚信"	0	0	0	1	0.273	0.131	0.069	0.527	-0.138	-0.061	-0.031	0.278	0.508	"4"
"话说"	0	1	0	1	0.545	0.262	0.138	1.054	-0.277	0.611	-0.062	-0.141	1.091	"2"
"详尽"	0	1	0	0	0.273	0.131	0.069	0.527	-0.138	0.882	-0.031	-0.325	1.376	"2"
"详情"	0	0	0	1	0.273	0.131	0.069	0.527	-0.138	-0.061	-0.031	0.278	0.508	"4"
"语"	0	0	0	1	0.273	0.131	0.069	0.527	-0.138	-0.061	-0.031	0.278	0.508	"4"
"语文"	0	0	1	3	1.091	0.525	0.276	2.109	-0.553	-0.244	0.605	0.451	1.853	"3"
"诱人"	0	0	1	0	0.273	0.131	0.069	0.527	-0.138	-0.061	1.162	-0.325	1.686	"3"
"诱惑"	1	0	0	0	0.273	0.131	0.069	0.527	0.564	-0.061	-0.031	-0.325	0.981	"1"
"说破"	0	0	0	1	0.273	0.131	0.069	0.527	-0.138	-0.061	-0.031	0.278	0.508	"4"
"请命"	0	0	0	1	0.273	0.131	0.069	0.527	-0.138	-0.061	-0.031	0.278	0.508	"4"
"请来"	0	0	0	1	0.273	0.131	0.069	0.527	-0.138	-0.061	-0.031	0.278	0.508	"4"
"诸"	0	0	0	1	0.273	0.131	0.069	0.527	-0.138	-0.061	-0.031	0.278	0.508	"4"
"诸多"	0	0	0	1	0.273	0.131	0.069	0.527	-0.138	-0.061	-0.031	0.278	0.508	"4"
"读"	0	0	0	2	0.545	0.262	0.138	1.054	-0.277	-0.122	-0.062	0.556	1.017	"4"
"读到"	0	0	0	2	0.545	0.262	0.138	1.054	-0.277	-0.122	-0.062	0.556	1.017	"4"
"读卖"	0	0	0	2	0.545	0.262	0.138	1.054	-0.277	-0.122	-0.062	0.556	1.017	"4"
"读者"	0	0	1	9	2.727	1.311	0.689	5.272	-1.383	-0.611	0.292	1.782	4.068	"4"
"读者群"	0	0	0	1	0.273	0.131	0.069	0.527	-0.138	-0.061	-0.031	0.278	0.508	"4"
"课题"	0	0	2	3	1.364	0.656	0.345	2.636	-0.692	-0.305	1.384	0.259	2.64	"3"
"谈论"	0	0	1	1	0.545	0.262	0.138	1.054	-0.277	-0.122	0.876	-0.141	1.416	"3"
"谈话"	0	0	0	1	0.273	0.131	0.069	0.527	-0.138	-0.061	-0.031	0.278	0.508	"4"
"谨慎"	0	0	0	1	0.273	0.131	0.069	0.527	-0.138	-0.061	-0.031	0.278	0.508	"4"
"贝哥"	0	1	0	0	0.273	0.131	0.069	0.527	-0.138	0.882	-0.031	-0.325	1.376	"2"
"财经"	1	1	0	3	1.364	0.656	0.345	2.636	-0.233	0.297	-0.155	0.259	0.944	"2"
"败诉"	0	0	1	0	0.273	0.131	0.069	0.527	-0.138	-0.061	1.162	-0.325	1.686	"3"
"贩卖"	0	0	1	0	0.273	0.131	0.069	0.527	-0.138	-0.061	1.162	-0.325	1.686	"3"
"贫铀"	0	1	0	0	0.273	0.131	0.069	0.527	-0.138	0.882	-0.031	-0.325	1.376	"2"
"贵阳市"	0	0	0	1	0.273	0.131	0.069	0.527	-0.138	-0.061	-0.031	0.278	0.508	"4"
"费解"	0	1	0	0	0.273	0.131	0.069	0.527	-0.138	0.882	-0.031	-0.325	1.376	"2"
"费迪南德"	0	0	0	1	0.273	0.131	0.069	0.527	-0.138	-0.061	-0.031	0.278	0.508	"4"
"贼徒"	0	0	0	2	0.545	0.262	0.138	1.054	-0.277	-0.122	-0.062	0.556	1.017	"4"
"资助"	0	0	0	1	0.273	0.131	0.069	0.527	-0.138	-0.061	-0.031	0.278	0.508	"4"
"资料"	0	1	1	0	0.545	0.262	0.138	1.054	-0.277	0.611	0.876	-0.651	2.415	"3"
"赔礼"	0	0	1	0	0.273	0.131	0.069	0.527	-0.138	-0.061	1.162	-0.325	1.686	"3"
"赖以"	0	0	0	1	0.273	0.131	0.069	0.527	-0.138	-0.061	-0.031	0.278	0.508	"4"
"赞好"	0	0	0	1	0.273	0.131	0.069	0.527	-0.138	-0.061	-0.031	0.278	0.508	"4"
"赤裸"	0	0	1	0	0.273	0.131	0.069	0.527	-0.138	-0.061	1.162	-0.325	1.686	"3"
"走人"	0	1	0	0	0.273	0.131	0.069	0.527	-0.138	0.882	-0.031	-0.325	1.376	"2"
"走向"	0	0	1	0	0.273	0.131	0.069	0.527	-0.138	-0.061	1.162	-0.325	1.686	"3"
"走进"	0	0	0	2	0.545	0.262	0.138	1.054	-0.277	-0.122	-0.062	0.556	1.017	"4"
"起步"	0	0	0	1	0.273	0.131	0.069	0.527	-0.138	-0.061	-0.031	0.278	0.508	"4"
"越南"	0	2	0	0	0.545	0.262	0.138	1.054	-0.277	1.764	-0.062	-0.651	2.754	"2"
"跟进"	0	0	0	1	0.273	0.131	0.069	0.527	-0.138	-0.061	-0.031	0.278	0.508	"4"
"轻松"	0	0	0	1	0.273	0.131	0.069	0.527	-0.138	-0.061	-0.031	0.278	0.508	"4"
"输出"	0	1	0	0	0.273	0.131	0.069	0.527	-0.138	0.882	-0.031	-0.325	1.376	"2"
"达信"	0	0	0	1	0.273	0.131	0.069	0.527	-0.138	-0.061	-0.031	0.278	0.508	"4"
"过境"	0	0	0	2	0.545	0.262	0.138	1.054	-0.277	-0.122	-0.062	0.556	1.017	"4"
"过泸"	0	0	0	1	0.273	0.131	0.069	0.527	-0.138	-0.061	-0.031	0.278	0.508	"4"
"迈阿密"	1	0	0	1	0.545	0.262	0.138	1.054	0.327	-0.122	-0.062	-0.141	0.652	"1"
"近年"	0	0	0	1	0.273	0.131	0.069	0.527	-0.138	-0.061	-0.031	0.278	0.508	"4"
"近日"	1	0	1	3	1.364	0.656	0.345	2.636	-0.233	-0.305	0.522	0.259	1.319	"3"
"连"	0	0	0	2	0.545	0.262	0.138	1.054	-0.277	-0.122	-0.062	0.556	1.017	"4"
"连日"	0	1	0	1	0.545	0.262	0.138	1.054	-0.277	0.611	-0.062	-0.141	1.091	"2"
"连篇累牍"	0	1	0	0	0.273	0.131	0.069	0.527	-0.138	0.882	-0.031	-0.325	1.376	"2"
"透"	0	0	0	1	0.273	0.131	0.069	0.527	-0.138	-0.061	-0.031	0.278	0.508	"4"
"透过"	0	0	0	1	0.273	0.131	0.069	0.527	-0.138	-0.061	-0.031	0.278	0.508	"4"
"透露"	0	0	0	1	0.273	0.131	0.069	0.527	-0.138	-0.061	-0.031	0.278	0.508	"4"
"通告"	0	0	1	0	0.273	0.131	0.069	0.527	-0.138	-0.061	1.162	-0.325	1.686	"3"
"通常"	0	0	0	1	0.273	0.131	0.069	0.527	-0.138	-0.061	-0.031	0.278	0.508	"4"
"通讯社"	0	1	0	0	0.273	0.131	0.069	0.527	-0.138	0.882	-0.031	-0.325	1.376	"2"
"通过"	0	0	1	5	1.636	0.787	0.414	3.163	-0.83	-0.366	0.458	0.863	2.517	"4"
"道"	0	0	2	4	1.636	0.787	0.414	3.163	-0.83	-0.366	1.228	0.402	2.826	"3"
"道歉"	0	0	0	1	0.273	0.131	0.069	0.527	-0.138	-0.061	-0.031	0.278	0.508	"4"
"那样"	0	0	0	1	0.273	0.131	0.069	0.527	-0.138	-0.061	-0.031	0.278	0.508	"4"
"邮"	0	0	0	1	0.273	0.131	0.069	0.527	-0.138	-0.061	-0.031	0.278	0.508	"4"
"邮报"	8	0	0	1	2.455	1.18	0.62	4.745	3.681	-0.549	-0.279	-1.885	6.394	"1"
"邵佳一"	0	0	0	1	0.273	0.131	0.069	0.527	-0.138	-0.061	-0.031	0.278	0.508	"4"
"郑秀珍"	0	0	0	2	0.545	0.262	0.138	1.054	-0.277	-0.122	-0.062	0.556	1.017	"4"
"部份"	0	0	0	1	0.273	0.131	0.069	0.527	-0.138	-0.061	-0.031	0.278	0.508	"4"
"配搭"	0	1	0	0	0.273	0.131	0.069	0.527	-0.138	0.882	-0.031	-0.325	1.376	"2"
"酒醉"	0	0	0	2	0.545	0.262	0.138	1.054	-0.277	-0.122	-0.062	0.556	1.017	"4"
"醒来"	0	0	0	1	0.273	0.131	0.069	0.527	-0.138	-0.061	-0.031	0.278	0.508	"4"
"采访"	0	0	0	1	0.273	0.131	0.069	0.527	-0.138	-0.061	-0.031	0.278	0.508	"4"
"采集到"	0	0	0	1	0.273	0.131	0.069	0.527	-0.138	-0.061	-0.031	0.278	0.508	"4"
"金字塔报"	0	1	0	0	0.273	0.131	0.069	0.527	-0.138	0.882	-0.031	-0.325	1.376	"2"
"金敦鑫"	0	0	0	1	0.273	0.131	0.069	0.527	-0.138	-0.061	-0.031	0.278	0.508	"4"
"针对"	0	2	0	0	0.545	0.262	0.138	1.054	-0.277	1.764	-0.062	-0.651	2.754	"2"
"销路"	0	0	0	1	0.273	0.131	0.069	0.527	-0.138	-0.061	-0.031	0.278	0.508	"4"
"销量"	0	0	0	1	0.273	0.131	0.069	0.527	-0.138	-0.061	-0.031	0.278	0.508	"4"
"错误"	0	0	0	1	0.273	0.131	0.069	0.527	-0.138	-0.061	-0.031	0.278	0.508	"4"
"长发"	0	0	0	1	0.273	0.131	0.069	0.527	-0.138	-0.061	-0.031	0.278	0.508	"4"
"长江三角洲"	0	0	0	1	0.273	0.131	0.069	0.527	-0.138	-0.061	-0.031	0.278	0.508	"4"
"长篇大论"	0	0	0	1	0.273	0.131	0.069	0.527	-0.138	-0.061	-0.031	0.278	0.508	"4"
"间"	0	1	0	0	0.273	0.131	0.069	0.527	-0.138	0.882	-0.031	-0.325	1.376	"2"
"阅读"	0	0	0	6	1.636	0.787	0.414	3.163	-0.83	-0.366	-0.186	1.668	3.05	"4"
"阅读到"	0	0	0	1	0.273	0.131	0.069	0.527	-0.138	-0.061	-0.031	0.278	0.508	"4"
"队报"	0	0	0	1	0.273	0.131	0.069	0.527	-0.138	-0.061	-0.031	0.278	0.508	"4"
"阿拉伯"	0	4	0	2	1.636	0.787	0.414	3.163	-0.83	2.449	-0.186	-0.531	3.996	"2"
"阿拉伯文"	0	0	1	0	0.273	0.131	0.069	0.527	-0.138	-0.061	1.162	-0.325	1.686	"3"
"阿米蒂奇"	0	0	0	1	0.273	0.131	0.069	0.527	-0.138	-0.061	-0.031	0.278	0.508	"4"
"附送"	0	0	0	1	0.273	0.131	0.069	0.527	-0.138	-0.061	-0.031	0.278	0.508	"4"
"陈方安生"	0	0	0	1	0.273	0.131	0.069	0.527	-0.138	-0.061	-0.031	0.278	0.508	"4"
"除了"	0	0	0	2	0.545	0.262	0.138	1.054	-0.277	-0.122	-0.062	0.556	1.017	"4"
"隔"	0	0	0	1	0.273	0.131	0.069	0.527	-0.138	-0.061	-0.031	0.278	0.508	"4"
"难得"	0	0	0	1	0.273	0.131	0.069	0.527	-0.138	-0.061	-0.031	0.278	0.508	"4"
"雅加达"	0	1	0	1	0.545	0.262	0.138	1.054	-0.277	0.611	-0.062	-0.141	1.091	"2"
"集团"	0	0	1	4	1.364	0.656	0.345	2.636	-0.692	-0.305	0.522	0.651	2.17	"1"
"零售业"	1	0	0	0	0.273	0.131	0.069	0.527	0.564	-0.061	-0.031	-0.325	0.981	"1"
"雷"	0	0	0	1	0.273	0.131	0.069	0.527	-0.138	-0.061	-0.031	0.278	0.508	"4"
"震惊"	0	0	0	1	0.273	0.131	0.069	0.527	-0.138	-0.061	-0.031	0.278	0.508	"4"
"青岛"	1	0	0	0	0.273	0.131	0.069	0.527	0.564	-0.061	-0.031	-0.325	0.981	"1"
"非得"	0	0	0	1	0.273	0.131	0.069	0.527	-0.138	-0.061	-0.031	0.278	0.508	"4"
"面包"	0	0	0	1	0.273	0.131	0.069	0.527	-0.138	-0.061	-0.031	0.278	0.508	"4"
"韩国"	0	0	0	1	0.273	0.131	0.069	0.527	-0.138	-0.061	-0.031	0.278	0.508	"4"
"页"	0	0	1	1	0.545	0.262	0.138	1.054	-0.277	-0.122	0.876	-0.141	1.416	"3"
"页数"	0	1	0	0	0.273	0.131	0.069	0.527	-0.138	0.882	-0.031	-0.325	1.376	"2"
"预告"	0	1	0	0	0.273	0.131	0.069	0.527	-0.138	0.882	-0.031	-0.325	1.376	"2"
"预言"	0	0	0	1	0.273	0.131	0.069	0.527	-0.138	-0.061	-0.031	0.278	0.508	"4"
"颇多"	0	0	0	1	0.273	0.131	0.069	0.527	-0.138	-0.061	-0.031	0.278	0.508	"4"
"饮料"	0	0	0	1	0.273	0.131	0.069	0.527	-0.138	-0.061	-0.031	0.278	0.508	"4"
"饱"	0	0	0	1	0.273	0.131	0.069	0.527	-0.138	-0.061	-0.031	0.278	0.508	"4"
"首份"	0	0	0	1	0.273	0.131	0.069	0.527	-0.138	-0.061	-0.031	0.278	0.508	"4"
"首要"	0	0	0	1	0.273	0.131	0.069	0.527	-0.138	-0.061	-0.031	0.278	0.508	"4"
"香港"	0	2	0	14	4.364	2.098	1.103	8.435	-2.213	-0.188	-0.496	2.4	5.297	"4"
"香港人"	0	0	0	1	0.273	0.131	0.069	0.527	-0.138	-0.061	-0.031	0.278	0.508	"4"
"香烟"	0	0	0	1	0.273	0.131	0.069	0.527	-0.138	-0.061	-0.031	0.278	0.508	"4"
"马"	0	1	0	1	0.545	0.262	0.138	1.054	-0.277	0.611	-0.062	-0.141	1.091	"2"
"马上"	0	0	0	1	0.273	0.131	0.069	0.527	-0.138	-0.061	-0.031	0.278	0.508	"4"
"马卡"	0	0	0	1	0.273	0.131	0.069	0.527	-0.138	-0.061	-0.031	0.278	0.508	"4"
"马国"	0	5	0	4	2.455	1.18	0.62	4.745	-1.245	2.511	-0.279	-0.363	4.398	"2"
"马来"	0	0	0	3	0.818	0.393	0.207	1.582	-0.415	-0.183	-0.093	0.834	1.525	"4"
"马来文"	0	0	0	1	0.273	0.131	0.069	0.527	-0.138	-0.061	-0.031	0.278	0.508	"4"
"马来西亚"	0	4	2	2	2.182	1.049	0.551	4.218	-1.106	1.875	0.997	-0.952	4.93	"2"
"马航"	0	0	0	1	0.273	0.131	0.069	0.527	-0.138	-0.061	-0.031	0.278	0.508	"4"
"马队"	0	1	0	0	0.273	0.131	0.069	0.527	-0.138	0.882	-0.031	-0.325	1.376	"2"
"骨灰"	0	1	0	0	0.273	0.131	0.069	0.527	-0.138	0.882	-0.031	-0.325	1.376	"2"
"黄根成"	0	1	0	0	0.273	0.131	0.069	0.527	-0.138	0.882	-0.031	-0.325	1.376	"2"
"黄海敏"	0	1	0	0	0.273	0.131	0.069	0.527	-0.138	0.882	-0.031	-0.325	1.376	"2"
"黄金"	0	0	0	1	0.273	0.131	0.069	0.527	-0.138	-0.061	-0.031	0.278	0.508	"4"
"黎"	0	0	0	3	0.818	0.393	0.207	1.582	-0.415	-0.183	-0.093	0.834	1.525	"4"
"龙"	0	0	0	1	0.273	0.131	0.069	0.527	-0.138	-0.061	-0.031	0.278	0.508	"4"
