"Coll_Word"	"1"	"2"	"3"	"exp_1"	"exp_2"	"exp_3"	"pbin_1"	"pbin_2"	"pbin_3"	"SumAbsDev"	"LargestDev"
"，"	0	0	17	4.411	6.447	6.143	-2.218	-3.52	7.516	13.254	"3"
"；"	2	0	4	1.557	2.275	2.168	0.311	-1.242	0.886	2.439	"2"
"："	54	0	2	14.53	21.236	20.235	28.708	-11.595	-8.184	48.487	"1"
"."	7	1	1	2.335	3.413	3.252	2.768	-1.051	-0.968	4.787	"1"
"……"	0	0	2	0.519	0.758	0.723	-0.261	-0.414	0.884	1.559	"3"
"（"	19	0	10	7.524	10.997	10.479	5.054	-6.005	-0.292	11.351	"2"
"）"	16	2	14	8.303	12.135	11.563	2.519	-4.313	0.628	7.46	"2"
"︶"	0	1	1	0.519	0.758	0.723	-0.261	0.211	0.228	0.7	"1"
"＊"	2	0	0	0.519	0.758	0.723	1.172	-0.414	-0.389	1.975	"1"
"⊙"	1	0	0	0.259	0.379	0.361	0.586	-0.207	-0.195	0.988	"1"
"■"	5	0	0	1.297	1.896	1.807	2.93	-1.035	-0.974	4.939	"1"
"006"	0	1	0	0.259	0.379	0.361	-0.13	0.421	-0.195	0.746	"2"
"10日"	0	0	1	0.259	0.379	0.361	-0.13	-0.207	0.442	0.779	"3"
"10时"	15	0	2	4.411	6.447	6.143	6.897	-3.52	-1.577	11.994	"1"
"10月"	1	0	1	0.519	0.758	0.723	0.345	-0.414	0.228	0.987	"2"
"10点"	3	0	1	1.038	1.517	1.445	1.25	-0.828	-0.265	2.343	"1"
"10点35"	0	0	1	0.259	0.379	0.361	-0.13	-0.207	0.442	0.779	"3"
"11"	0	0	1	0.259	0.379	0.361	-0.13	-0.207	0.442	0.779	"3"
"11日"	1	0	2	0.778	1.138	1.084	0.226	-0.621	0.527	1.374	"2"
"11时"	19	0	3	5.708	8.343	7.949	8.314	-4.555	-1.72	14.589	"1"
"11月"	4	0	4	2.076	3.034	2.891	0.895	-1.656	0.497	3.048	"2"
"11点"	0	0	1	0.259	0.379	0.361	-0.13	-0.207	0.442	0.779	"3"
"11点30"	0	0	1	0.259	0.379	0.361	-0.13	-0.207	0.442	0.779	"3"
"12日"	0	0	2	0.519	0.758	0.723	-0.261	-0.414	0.884	1.559	"3"
"12时"	2	2	0	1.038	1.517	1.445	0.556	0.311	-0.779	1.646	"3"
"12楼"	0	2	0	0.519	0.758	0.723	-0.261	0.842	-0.389	1.492	"2"
"12点"	2	0	0	0.519	0.758	0.723	1.172	-0.414	-0.389	1.975	"1"
"13日"	2	0	1	0.778	1.138	1.084	0.777	-0.621	-0.153	1.551	"1"
"15分"	2	0	0	0.519	0.758	0.723	1.172	-0.414	-0.389	1.975	"1"
"15日"	2	0	1	0.778	1.138	1.084	0.777	-0.621	-0.153	1.551	"1"
"16日"	0	1	0	0.259	0.379	0.361	-0.13	0.421	-0.195	0.746	"2"
"17日"	1	2	0	0.778	1.138	1.084	0.226	0.492	-0.584	1.302	"3"
"18日"	1	0	0	0.259	0.379	0.361	0.586	-0.207	-0.195	0.988	"1"
"1938年"	0	0	1	0.259	0.379	0.361	-0.13	-0.207	0.442	0.779	"3"
"19日"	3	0	0	0.778	1.138	1.084	1.758	-0.621	-0.584	2.963	"1"
"1日"	0	0	2	0.519	0.758	0.723	-0.261	-0.414	0.884	1.559	"3"
"1时"	2	0	0	0.519	0.758	0.723	1.172	-0.414	-0.389	1.975	"1"
"20日"	2	1	1	1.038	1.517	1.445	0.556	-0.291	-0.265	1.112	"1"
"219"	0	1	0	0.259	0.379	0.361	-0.13	0.421	-0.195	0.746	"2"
"21日"	1	0	0	0.259	0.379	0.361	0.586	-0.207	-0.195	0.988	"1"
"21时"	0	0	1	0.259	0.379	0.361	-0.13	-0.207	0.442	0.779	"3"
"22日"	2	0	0	0.519	0.758	0.723	1.172	-0.414	-0.389	1.975	"1"
"23日"	2	0	1	0.778	1.138	1.084	0.777	-0.621	-0.153	1.551	"1"
"24日"	1	0	1	0.519	0.758	0.723	0.345	-0.414	0.228	0.987	"2"
"25日"	1	0	2	0.778	1.138	1.084	0.226	-0.621	0.527	1.374	"2"
"26日"	3	0	2	1.297	1.896	1.807	0.944	-1.035	0.227	2.206	"2"
"27日"	3	0	0	0.778	1.138	1.084	1.758	-0.621	-0.584	2.963	"1"
"28"	0	1	0	0.259	0.379	0.361	-0.13	0.421	-0.195	0.746	"2"
"28日"	0	0	2	0.519	0.758	0.723	-0.261	-0.414	0.884	1.559	"3"
"291"	0	1	0	0.259	0.379	0.361	-0.13	0.421	-0.195	0.746	"2"
"29日"	2	0	0	0.519	0.758	0.723	1.172	-0.414	-0.389	1.975	"1"
"2日"	1	0	0	0.259	0.379	0.361	0.586	-0.207	-0.195	0.988	"1"
"2时"	2	1	1	1.038	1.517	1.445	0.556	-0.291	-0.265	1.112	"1"
"2月"	1	0	0	0.259	0.379	0.361	0.586	-0.207	-0.195	0.988	"1"
"30"	4	3	0	1.816	2.654	2.529	1.099	0.272	-1.363	2.734	"3"
"30分"	27	0	0	7.005	10.239	9.756	15.82	-5.59	-5.258	26.668	"1"
"30日"	1	0	0	0.259	0.379	0.361	0.586	-0.207	-0.195	0.988	"1"
"31日"	1	0	1	0.519	0.758	0.723	0.345	-0.414	0.228	0.987	"2"
"3时"	3	1	0	1.038	1.517	1.445	1.25	-0.291	-0.779	2.32	"1"
"3点30"	0	0	1	0.259	0.379	0.361	-0.13	-0.207	0.442	0.779	"3"
"400"	0	2	0	0.519	0.758	0.723	-0.261	0.842	-0.389	1.492	"2"
"45"	0	0	1	0.259	0.379	0.361	-0.13	-0.207	0.442	0.779	"3"
"459"	1	0	0	0.259	0.379	0.361	0.586	-0.207	-0.195	0.988	"1"
"45分"	6	0	0	1.557	2.275	2.168	3.516	-1.242	-1.168	5.926	"1"
"49分"	1	0	0	0.259	0.379	0.361	0.586	-0.207	-0.195	0.988	"1"
"4日"	0	1	0	0.259	0.379	0.361	-0.13	0.421	-0.195	0.746	"2"
"4时"	3	0	0	0.778	1.138	1.084	1.758	-0.621	-0.584	2.963	"1"
"4月"	1	0	5	1.557	2.275	2.168	-0.291	-1.242	1.588	3.121	"3"
"55分"	1	0	0	0.259	0.379	0.361	0.586	-0.207	-0.195	0.988	"1"
"5日"	0	1	5	1.557	2.275	2.168	-0.783	-0.573	1.588	2.944	"3"
"5时"	3	0	0	0.778	1.138	1.084	1.758	-0.621	-0.584	2.963	"1"
"5月"	2	1	0	0.778	1.138	1.084	0.777	-0.169	-0.584	1.53	"1"
"67466066"	1	0	0	0.259	0.379	0.361	0.586	-0.207	-0.195	0.988	"1"
"6日"	1	0	0	0.259	0.379	0.361	0.586	-0.207	-0.195	0.988	"1"
"6时"	4	0	0	1.038	1.517	1.445	2.344	-0.828	-0.779	3.951	"1"
"6月"	8	0	1	2.335	3.413	3.252	3.847	-1.863	-0.968	6.678	"1"
"7"	0	0	3	0.778	1.138	1.084	-0.391	-0.621	1.326	2.338	"3"
"70％"	1	0	0	0.259	0.379	0.361	0.586	-0.207	-0.195	0.988	"1"
"7日"	2	0	1	0.778	1.138	1.084	0.777	-0.621	-0.153	1.551	"1"
"7时"	36	0	0	9.34	13.651	13.008	21.094	-7.454	-7.01	35.558	"1"
"7月"	4	0	0	1.038	1.517	1.445	2.344	-0.828	-0.779	3.951	"1"
"7楼"	0	1	0	0.259	0.379	0.361	-0.13	0.421	-0.195	0.746	"2"
"7点10"	0	0	1	0.259	0.379	0.361	-0.13	-0.207	0.442	0.779	"3"
"8"	1	1	6	2.076	3.034	2.891	-0.463	-0.887	1.526	2.876	"3"
"80％"	0	0	1	0.259	0.379	0.361	-0.13	-0.207	0.442	0.779	"3"
"800"	1	0	0	0.259	0.379	0.361	0.586	-0.207	-0.195	0.988	"1"
"891228"	0	0	1	0.259	0.379	0.361	-0.13	-0.207	0.442	0.779	"3"
"8日"	1	1	0	0.519	0.758	0.723	0.345	0.211	-0.389	0.945	"3"
"8时"	32	2	0	8.822	12.893	12.285	16.253	-4.676	-6.621	27.55	"1"
"8月"	3	1	4	2.076	3.034	2.891	0.462	-0.887	0.497	1.846	"2"
"8点"	2	0	0	0.519	0.758	0.723	1.172	-0.414	-0.389	1.975	"1"
"8点40"	0	0	1	0.259	0.379	0.361	-0.13	-0.207	0.442	0.779	"3"
"9"	1	0	4	1.297	1.896	1.807	-0.213	-1.035	1.218	2.466	"3"
"989"	0	1	0	0.259	0.379	0.361	-0.13	0.421	-0.195	0.746	"2"
"9日"	1	0	2	0.778	1.138	1.084	0.226	-0.621	0.527	1.374	"2"
"9时"	24	0	0	6.227	9.101	8.672	14.062	-4.969	-4.673	23.704	"1"
"9月"	2	0	0	0.519	0.758	0.723	1.172	-0.414	-0.389	1.975	"1"
"9点"	0	0	2	0.519	0.758	0.723	-0.261	-0.414	0.884	1.559	"3"
"9点45"	0	0	2	0.519	0.758	0.723	-0.261	-0.414	0.884	1.559	"3"
"CO"	0	1	0	0.259	0.379	0.361	-0.13	0.421	-0.195	0.746	"2"
"DC"	0	1	0	0.259	0.379	0.361	-0.13	0.421	-0.195	0.746	"2"
"M18级"	0	0	1	0.259	0.379	0.361	-0.13	-0.207	0.442	0.779	"3"
"NBC"	0	0	1	0.259	0.379	0.361	-0.13	-0.207	0.442	0.779	"3"
"NHK"	0	0	1	0.259	0.379	0.361	-0.13	-0.207	0.442	0.779	"3"
"NOVA"	0	0	1	0.259	0.379	0.361	-0.13	-0.207	0.442	0.779	"3"
"Power"	0	2	0	0.519	0.758	0.723	-0.261	0.842	-0.389	1.492	"2"
"PUB"	0	1	0	0.259	0.379	0.361	-0.13	0.421	-0.195	0.746	"2"
"SQ"	0	1	0	0.259	0.379	0.361	-0.13	0.421	-0.195	0.746	"2"
"TVBJ"	0	0	1	0.259	0.379	0.361	-0.13	-0.207	0.442	0.779	"3"
"TVBS"	0	1	0	0.259	0.379	0.361	-0.13	0.421	-0.195	0.746	"2"
"一个个"	0	0	1	0.259	0.379	0.361	-0.13	-0.207	0.442	0.779	"3"
"一千八百"	0	0	1	0.259	0.379	0.361	-0.13	-0.207	0.442	0.779	"3"
"一大早"	0	0	1	0.259	0.379	0.361	-0.13	-0.207	0.442	0.779	"3"
"一日"	0	4	1	1.297	1.896	1.807	-0.652	1.143	-0.391	2.186	"2"
"一月"	0	2	0	0.519	0.758	0.723	-0.261	0.842	-0.389	1.492	"2"
"一直"	0	1	1	0.519	0.758	0.723	-0.261	0.211	0.228	0.7	"1"
"一连"	0	0	2	0.519	0.758	0.723	-0.261	-0.414	0.884	1.559	"3"
"七"	0	1	1	0.519	0.758	0.723	-0.261	0.211	0.228	0.7	"1"
"七八"	0	0	1	0.259	0.379	0.361	-0.13	-0.207	0.442	0.779	"3"
"七十"	0	1	0	0.259	0.379	0.361	-0.13	0.421	-0.195	0.746	"2"
"七日"	0	1	0	0.259	0.379	0.361	-0.13	0.421	-0.195	0.746	"2"
"七时"	0	16	0	4.151	6.067	5.781	-2.087	6.738	-3.116	11.941	"2"
"七月"	0	1	0	0.259	0.379	0.361	-0.13	0.421	-0.195	0.746	"2"
"万"	0	0	1	0.259	0.379	0.361	-0.13	-0.207	0.442	0.779	"3"
"万千"	0	0	1	0.259	0.379	0.361	-0.13	-0.207	0.442	0.779	"3"
"丈夫"	1	0	0	0.259	0.379	0.361	0.586	-0.207	-0.195	0.988	"1"
"三十"	0	2	1	0.778	1.138	1.084	-0.391	0.492	-0.153	1.036	"2"
"三十一日"	0	6	0	1.557	2.275	2.168	-0.783	2.527	-1.168	4.478	"2"
"三十分"	0	15	0	3.892	5.688	5.42	-1.957	6.317	-2.921	11.195	"2"
"三十週年"	0	1	0	0.259	0.379	0.361	-0.13	0.421	-0.195	0.746	"2"
"三日"	0	3	0	0.778	1.138	1.084	-0.391	1.263	-0.584	2.238	"2"
"三时"	0	2	1	0.778	1.138	1.084	-0.391	0.492	-0.153	1.036	"2"
"三路"	0	1	0	0.259	0.379	0.361	-0.13	0.421	-0.195	0.746	"2"
"三除障"	1	0	0	0.259	0.379	0.361	0.586	-0.207	-0.195	0.988	"1"
"上千万"	0	1	0	0.259	0.379	0.361	-0.13	0.421	-0.195	0.746	"2"
"上午"	18	17	0	9.081	13.272	12.647	2.952	0.883	-6.815	10.65	"3"
"上学"	1	0	0	0.259	0.379	0.361	0.586	-0.207	-0.195	0.988	"1"
"上演"	0	1	0	0.259	0.379	0.361	-0.13	0.421	-0.195	0.746	"2"
"上班"	1	0	1	0.519	0.758	0.723	0.345	-0.414	0.228	0.987	"2"
"上课"	1	0	0	0.259	0.379	0.361	0.586	-0.207	-0.195	0.988	"1"
"上香"	0	2	0	0.519	0.758	0.723	-0.261	0.842	-0.389	1.492	"2"
"下"	0	0	1	0.259	0.379	0.361	-0.13	-0.207	0.442	0.779	"3"
"下午"	8	12	2	5.708	8.343	7.949	0.724	1.074	-2.343	4.141	"3"
"下月"	1	0	0	0.259	0.379	0.361	0.586	-0.207	-0.195	0.988	"1"
"下楼"	0	0	1	0.259	0.379	0.361	-0.13	-0.207	0.442	0.779	"3"
"下班"	0	0	1	0.259	0.379	0.361	-0.13	-0.207	0.442	0.779	"3"
"不下"	0	0	1	0.259	0.379	0.361	-0.13	-0.207	0.442	0.779	"3"
"不再"	0	0	1	0.259	0.379	0.361	-0.13	-0.207	0.442	0.779	"3"
"不得而知"	0	0	1	0.259	0.379	0.361	-0.13	-0.207	0.442	0.779	"3"
"不朽"	0	0	1	0.259	0.379	0.361	-0.13	-0.207	0.442	0.779	"3"
"不眠不休"	0	0	2	0.519	0.758	0.723	-0.261	-0.414	0.884	1.559	"3"
"不论"	0	0	1	0.259	0.379	0.361	-0.13	-0.207	0.442	0.779	"3"
"专机"	0	0	1	0.259	0.379	0.361	-0.13	-0.207	0.442	0.779	"3"
"专案"	0	1	0	0.259	0.379	0.361	-0.13	0.421	-0.195	0.746	"2"
"东正教"	0	1	0	0.259	0.379	0.361	-0.13	0.421	-0.195	0.746	"2"
"严正"	0	1	0	0.259	0.379	0.361	-0.13	0.421	-0.195	0.746	"2"
"个"	0	1	7	2.076	3.034	2.891	-1.044	-0.887	2.357	4.288	"3"
"中"	0	0	1	0.259	0.379	0.361	-0.13	-0.207	0.442	0.779	"3"
"中兴路"	0	1	0	0.259	0.379	0.361	-0.13	0.421	-0.195	0.746	"2"
"中分"	0	0	1	0.259	0.379	0.361	-0.13	-0.207	0.442	0.779	"3"
"中午"	1	0	1	0.519	0.758	0.723	0.345	-0.414	0.228	0.987	"2"
"中山"	0	1	0	0.259	0.379	0.361	-0.13	0.421	-0.195	0.746	"2"
"中山路"	0	1	0	0.259	0.379	0.361	-0.13	0.421	-0.195	0.746	"2"
"中庭"	0	1	0	0.259	0.379	0.361	-0.13	0.421	-0.195	0.746	"2"
"中正"	0	1	0	0.259	0.379	0.361	-0.13	0.421	-0.195	0.746	"2"
"中正机场"	0	3	0	0.778	1.138	1.084	-0.391	1.263	-0.584	2.238	"2"
"中毒案"	1	0	0	0.259	0.379	0.361	0.586	-0.207	-0.195	0.988	"1"
"中泰"	0	1	0	0.259	0.379	0.361	-0.13	0.421	-0.195	0.746	"2"
"中秋"	0	1	0	0.259	0.379	0.361	-0.13	0.421	-0.195	0.746	"2"
"中秋节"	0	0	1	0.259	0.379	0.361	-0.13	-0.207	0.442	0.779	"3"
"丰原市"	0	1	0	0.259	0.379	0.361	-0.13	0.421	-0.195	0.746	"2"
"主办"	0	1	0	0.259	0.379	0.361	-0.13	0.421	-0.195	0.746	"2"
"主办地"	0	1	0	0.259	0.379	0.361	-0.13	0.421	-0.195	0.746	"2"
"主持"	0	1	1	0.519	0.758	0.723	-0.261	0.211	0.228	0.7	"1"
"主持人"	0	1	0	0.259	0.379	0.361	-0.13	0.421	-0.195	0.746	"2"
"主政"	0	0	1	0.259	0.379	0.361	-0.13	-0.207	0.442	0.779	"3"
"主秘"	0	1	0	0.259	0.379	0.361	-0.13	0.421	-0.195	0.746	"2"
"举办"	0	2	0	0.519	0.758	0.723	-0.261	0.842	-0.389	1.492	"2"
"举行"	4	28	5	9.6	14.031	13.369	-1.673	5.472	-2.678	9.823	"2"
"义顺"	1	0	0	0.259	0.379	0.361	0.586	-0.207	-0.195	0.988	"1"
"乐队"	0	1	1	0.519	0.758	0.723	-0.261	0.211	0.228	0.7	"1"
"乘"	1	0	0	0.259	0.379	0.361	0.586	-0.207	-0.195	0.988	"1"
"九"	0	2	0	0.519	0.758	0.723	-0.261	0.842	-0.389	1.492	"2"
"九人小组"	0	1	0	0.259	0.379	0.361	-0.13	0.421	-0.195	0.746	"2"
"九日"	0	2	0	0.519	0.758	0.723	-0.261	0.842	-0.389	1.492	"2"
"九时"	0	22	0	5.708	8.343	7.949	-2.87	9.265	-4.284	16.419	"2"
"九点钟"	0	1	0	0.259	0.379	0.361	-0.13	0.421	-0.195	0.746	"2"
"买气"	0	0	1	0.259	0.379	0.361	-0.13	-0.207	0.442	0.779	"3"
"事发"	0	0	1	0.259	0.379	0.361	-0.13	-0.207	0.442	0.779	"3"
"二十"	0	1	2	0.778	1.138	1.084	-0.391	-0.169	0.527	1.087	"3"
"二十一日"	0	1	0	0.259	0.379	0.361	-0.13	0.421	-0.195	0.746	"2"
"二十七"	0	1	0	0.259	0.379	0.361	-0.13	0.421	-0.195	0.746	"2"
"二十七日"	0	2	0	0.519	0.758	0.723	-0.261	0.842	-0.389	1.492	"2"
"二十三日"	0	2	0	0.519	0.758	0.723	-0.261	0.842	-0.389	1.492	"2"
"二十九日"	0	2	0	0.519	0.758	0.723	-0.261	0.842	-0.389	1.492	"2"
"二十五日"	0	1	0	0.259	0.379	0.361	-0.13	0.421	-0.195	0.746	"2"
"二十八日"	0	3	0	0.778	1.138	1.084	-0.391	1.263	-0.584	2.238	"2"
"二十六"	0	0	1	0.259	0.379	0.361	-0.13	-0.207	0.442	0.779	"3"
"二十六日"	0	2	0	0.519	0.758	0.723	-0.261	0.842	-0.389	1.492	"2"
"二十分"	0	4	0	1.038	1.517	1.445	-0.522	1.684	-0.779	2.985	"2"
"二十四"	0	3	0	0.778	1.138	1.084	-0.391	1.263	-0.584	2.238	"2"
"二十四日"	0	1	0	0.259	0.379	0.361	-0.13	0.421	-0.195	0.746	"2"
"二十日"	0	1	0	0.259	0.379	0.361	-0.13	0.421	-0.195	0.746	"2"
"二十时"	0	1	0	0.259	0.379	0.361	-0.13	0.421	-0.195	0.746	"2"
"二日"	0	3	0	0.778	1.138	1.084	-0.391	1.263	-0.584	2.238	"2"
"二月"	0	1	0	0.259	0.379	0.361	-0.13	0.421	-0.195	0.746	"2"
"二读"	0	1	0	0.259	0.379	0.361	-0.13	0.421	-0.195	0.746	"2"
"于"	7	21	4	8.303	12.135	11.563	-0.415	2.861	-2.554	5.83	"2"
"云林"	0	1	0	0.259	0.379	0.361	-0.13	0.421	-0.195	0.746	"2"
"云林县"	0	1	0	0.259	0.379	0.361	-0.13	0.421	-0.195	0.746	"2"
"五一"	0	0	1	0.259	0.379	0.361	-0.13	-0.207	0.442	0.779	"3"
"五十五"	0	1	0	0.259	0.379	0.361	-0.13	0.421	-0.195	0.746	"2"
"五日"	0	3	1	1.038	1.517	1.445	-0.522	0.807	-0.265	1.594	"2"
"五时"	0	1	1	0.519	0.758	0.723	-0.261	0.211	0.228	0.7	"1"
"五月"	0	1	0	0.259	0.379	0.361	-0.13	0.421	-0.195	0.746	"2"
"井美树"	0	0	1	0.259	0.379	0.361	-0.13	-0.207	0.442	0.779	"3"
"些"	0	0	1	0.259	0.379	0.361	-0.13	-0.207	0.442	0.779	"3"
"交保"	0	1	0	0.259	0.379	0.361	-0.13	0.421	-0.195	0.746	"2"
"交易"	0	0	1	0.259	0.379	0.361	-0.13	-0.207	0.442	0.779	"3"
"交给"	0	1	0	0.259	0.379	0.361	-0.13	0.421	-0.195	0.746	"2"
"亲"	0	1	0	0.259	0.379	0.361	-0.13	0.421	-0.195	0.746	"2"
"人杰"	0	0	2	0.519	0.758	0.723	-0.261	-0.414	0.884	1.559	"3"
"什刹海"	0	0	1	0.259	0.379	0.361	-0.13	-0.207	0.442	0.779	"3"
"今"	0	1	0	0.259	0.379	0.361	-0.13	0.421	-0.195	0.746	"2"
"今天"	2	33	2	9.6	14.031	13.369	-2.846	9.874	-4.834	17.554	"2"
"今晚"	0	1	0	0.259	0.379	0.361	-0.13	0.421	-0.195	0.746	"2"
"从"	13	3	7	5.968	8.722	8.311	2.745	-2.052	-0.432	5.229	"1"
"代表处"	0	1	0	0.259	0.379	0.361	-0.13	0.421	-0.195	0.746	"2"
"以及"	0	1	0	0.259	0.379	0.361	-0.13	0.421	-0.195	0.746	"2"
"以后"	1	5	1	1.816	2.654	2.529	-0.375	1.111	-0.668	2.154	"2"
"以色列"	0	0	1	0.259	0.379	0.361	-0.13	-0.207	0.442	0.779	"3"
"们"	0	0	1	0.259	0.379	0.361	-0.13	-0.207	0.442	0.779	"3"
"企鹅"	0	1	0	0.259	0.379	0.361	-0.13	0.421	-0.195	0.746	"2"
"伊军"	0	0	1	0.259	0.379	0.361	-0.13	-0.207	0.442	0.779	"3"
"休士顿"	0	1	0	0.259	0.379	0.361	-0.13	0.421	-0.195	0.746	"2"
"休息"	3	2	2	1.816	2.654	2.529	0.579	-0.332	-0.296	1.207	"1"
"众议院"	0	1	0	0.259	0.379	0.361	-0.13	0.421	-0.195	0.746	"2"
"会同"	0	1	0	0.259	0.379	0.361	-0.13	0.421	-0.195	0.746	"2"
"会见"	0	0	1	0.259	0.379	0.361	-0.13	-0.207	0.442	0.779	"3"
"会馆"	1	1	0	0.519	0.758	0.723	0.345	0.211	-0.389	0.945	"3"
"传出"	0	1	1	0.519	0.758	0.723	-0.261	0.211	0.228	0.7	"1"
"传唤"	0	0	1	0.259	0.379	0.361	-0.13	-0.207	0.442	0.779	"3"
"传开"	1	0	0	0.259	0.379	0.361	0.586	-0.207	-0.195	0.988	"1"
"住处"	0	1	0	0.259	0.379	0.361	-0.13	0.421	-0.195	0.746	"2"
"住进"	0	2	0	0.519	0.758	0.723	-0.261	0.842	-0.389	1.492	"2"
"体育场"	0	0	1	0.259	0.379	0.361	-0.13	-0.207	0.442	0.779	"3"
"体育馆"	1	0	1	0.519	0.758	0.723	0.345	-0.414	0.228	0.987	"2"
"佛州"	0	1	0	0.259	0.379	0.361	-0.13	0.421	-0.195	0.746	"2"
"佛理"	1	0	0	0.259	0.379	0.361	0.586	-0.207	-0.195	0.988	"1"
"佛罗里达州"	0	0	1	0.259	0.379	0.361	-0.13	-0.207	0.442	0.779	"3"
"例行"	0	0	1	0.259	0.379	0.361	-0.13	-0.207	0.442	0.779	"3"
"侏"	0	1	0	0.259	0.379	0.361	-0.13	0.421	-0.195	0.746	"2"
"供佛"	1	0	0	0.259	0.379	0.361	0.586	-0.207	-0.195	0.988	"1"
"依"	0	0	1	0.259	0.379	0.361	-0.13	-0.207	0.442	0.779	"3"
"依约"	0	0	1	0.259	0.379	0.361	-0.13	-0.207	0.442	0.779	"3"
"侦查"	0	0	2	0.519	0.758	0.723	-0.261	-0.414	0.884	1.559	"3"
"侨生"	0	1	0	0.259	0.379	0.361	-0.13	0.421	-0.195	0.746	"2"
"侨界"	0	1	0	0.259	0.379	0.361	-0.13	0.421	-0.195	0.746	"2"
"侵袭"	0	1	0	0.259	0.379	0.361	-0.13	0.421	-0.195	0.746	"2"
"俄国人"	0	1	0	0.259	0.379	0.361	-0.13	0.421	-0.195	0.746	"2"
"保安局"	0	1	0	0.259	0.379	0.361	-0.13	0.421	-0.195	0.746	"2"
"信徒"	0	1	0	0.259	0.379	0.361	-0.13	0.421	-0.195	0.746	"2"
"修正案"	0	0	1	0.259	0.379	0.361	-0.13	-0.207	0.442	0.779	"3"
"假"	0	0	1	0.259	0.379	0.361	-0.13	-0.207	0.442	0.779	"3"
"停放"	0	0	1	0.259	0.379	0.361	-0.13	-0.207	0.442	0.779	"3"
"停泊"	1	0	0	0.259	0.379	0.361	0.586	-0.207	-0.195	0.988	"1"
"停电"	0	0	1	0.259	0.379	0.361	-0.13	-0.207	0.442	0.779	"3"
"停车"	0	0	1	0.259	0.379	0.361	-0.13	-0.207	0.442	0.779	"3"
"停车场"	0	1	1	0.519	0.758	0.723	-0.261	0.211	0.228	0.7	"1"
"健"	0	1	0	0.259	0.379	0.361	-0.13	0.421	-0.195	0.746	"2"
"偷偷"	0	0	1	0.259	0.379	0.361	-0.13	-0.207	0.442	0.779	"3"
"傍晚"	2	1	0	0.778	1.138	1.084	0.777	-0.169	-0.584	1.53	"1"
"元旦"	0	1	0	0.259	0.379	0.361	-0.13	0.421	-0.195	0.746	"2"
"元月"	0	1	0	0.259	0.379	0.361	-0.13	0.421	-0.195	0.746	"2"
"充满"	0	0	1	0.259	0.379	0.361	-0.13	-0.207	0.442	0.779	"3"
"光耀"	0	0	1	0.259	0.379	0.361	-0.13	-0.207	0.442	0.779	"3"
"免费"	3	0	0	0.778	1.138	1.084	1.758	-0.621	-0.584	2.963	"1"
"党部"	0	1	0	0.259	0.379	0.361	-0.13	0.421	-0.195	0.746	"2"
"入场"	3	0	0	0.778	1.138	1.084	1.758	-0.621	-0.584	2.963	"1"
"入睡"	0	0	3	0.778	1.138	1.084	-0.391	-0.621	1.326	2.338	"3"
"入贼"	0	0	1	0.259	0.379	0.361	-0.13	-0.207	0.442	0.779	"3"
"入门票"	1	0	0	0.259	0.379	0.361	0.586	-0.207	-0.195	0.988	"1"
"全开"	0	1	0	0.259	0.379	0.361	-0.13	0.421	-0.195	0.746	"2"
"全胜"	0	1	0	0.259	0.379	0.361	-0.13	0.421	-0.195	0.746	"2"
"八"	0	2	0	0.519	0.758	0.723	-0.261	0.842	-0.389	1.492	"2"
"八日"	0	2	0	0.519	0.758	0.723	-0.261	0.842	-0.389	1.492	"2"
"八时"	0	6	1	1.816	2.654	2.529	-0.913	1.852	-0.668	3.433	"2"
"八月"	0	1	0	0.259	0.379	0.361	-0.13	0.421	-0.195	0.746	"2"
"八点"	0	1	1	0.519	0.758	0.723	-0.261	0.211	0.228	0.7	"1"
"公共"	0	0	1	0.259	0.379	0.361	-0.13	-0.207	0.442	0.779	"3"
"公园"	0	1	1	0.519	0.758	0.723	-0.261	0.211	0.228	0.7	"1"
"公路"	0	0	2	0.519	0.758	0.723	-0.261	-0.414	0.884	1.559	"3"
"公车"	0	2	0	0.519	0.758	0.723	-0.261	0.842	-0.389	1.492	"2"
"六和"	1	0	0	0.259	0.379	0.361	0.586	-0.207	-0.195	0.988	"1"
"六日"	0	3	0	0.778	1.138	1.084	-0.391	1.263	-0.584	2.238	"2"
"六时"	0	8	0	2.076	3.034	2.891	-1.044	3.369	-1.558	5.971	"2"
"兰勿刹"	1	0	0	0.259	0.379	0.361	0.586	-0.207	-0.195	0.988	"1"
"共同"	0	0	1	0.259	0.379	0.361	-0.13	-0.207	0.442	0.779	"3"
"关员"	0	1	0	0.259	0.379	0.361	-0.13	0.421	-0.195	0.746	"2"
"关闭"	2	0	0	0.519	0.758	0.723	1.172	-0.414	-0.389	1.975	"1"
"具备"	0	0	1	0.259	0.379	0.361	-0.13	-0.207	0.442	0.779	"3"
"典礼"	0	2	0	0.519	0.758	0.723	-0.261	0.842	-0.389	1.492	"2"
"写"	0	0	2	0.519	0.758	0.723	-0.261	-0.414	0.884	1.559	"3"
"冬季"	0	0	1	0.259	0.379	0.361	-0.13	-0.207	0.442	0.779	"3"
"冯仲汉"	0	0	1	0.259	0.379	0.361	-0.13	-0.207	0.442	0.779	"3"
"冯姓"	0	0	1	0.259	0.379	0.361	-0.13	-0.207	0.442	0.779	"3"
"冲"	0	0	1	0.259	0.379	0.361	-0.13	-0.207	0.442	0.779	"3"
"决策"	0	1	0	0.259	0.379	0.361	-0.13	0.421	-0.195	0.746	"2"
"决赛"	3	1	1	1.297	1.896	1.807	0.944	-0.427	-0.391	1.762	"1"
"冷"	0	0	1	0.259	0.379	0.361	-0.13	-0.207	0.442	0.779	"3"
"冷冽"	0	0	1	0.259	0.379	0.361	-0.13	-0.207	0.442	0.779	"3"
"凄凉"	0	0	1	0.259	0.379	0.361	-0.13	-0.207	0.442	0.779	"3"
"凌"	0	0	2	0.519	0.758	0.723	-0.261	-0.414	0.884	1.559	"3"
"凌晨"	3	4	5	3.113	4.55	4.336	-0.208	-0.303	0.347	0.858	"3"
"出动"	0	1	0	0.259	0.379	0.361	-0.13	0.421	-0.195	0.746	"2"
"出去"	1	0	0	0.259	0.379	0.361	0.586	-0.207	-0.195	0.988	"1"
"出发到"	0	1	0	0.259	0.379	0.361	-0.13	0.421	-0.195	0.746	"2"
"出国"	0	0	1	0.259	0.379	0.361	-0.13	-0.207	0.442	0.779	"3"
"出门"	1	0	0	0.259	0.379	0.361	0.586	-0.207	-0.195	0.988	"1"
"击中"	0	0	1	0.259	0.379	0.361	-0.13	-0.207	0.442	0.779	"3"
"分"	5	6	9	5.189	7.584	7.227	-0.238	-0.503	0.565	1.306	"3"
"分大获"	0	1	0	0.259	0.379	0.361	-0.13	0.421	-0.195	0.746	"2"
"分子"	0	0	1	0.259	0.379	0.361	-0.13	-0.207	0.442	0.779	"3"
"分泌"	0	0	2	0.519	0.758	0.723	-0.261	-0.414	0.884	1.559	"3"
"刑事"	0	0	1	0.259	0.379	0.361	-0.13	-0.207	0.442	0.779	"3"
"刘世林"	0	0	1	0.259	0.379	0.361	-0.13	-0.207	0.442	0.779	"3"
"刘德华"	0	0	1	0.259	0.379	0.361	-0.13	-0.207	0.442	0.779	"3"
"刘文雄"	0	1	0	0.259	0.379	0.361	-0.13	0.421	-0.195	0.746	"2"
"则"	0	4	5	2.335	3.413	3.252	-1.174	0.333	0.718	2.225	"1"
"刚"	0	0	1	0.259	0.379	0.361	-0.13	-0.207	0.442	0.779	"3"
"刚好"	0	0	1	0.259	0.379	0.361	-0.13	-0.207	0.442	0.779	"3"
"初一"	0	3	0	0.778	1.138	1.084	-0.391	1.263	-0.584	2.238	"2"
"初三"	0	1	0	0.259	0.379	0.361	-0.13	0.421	-0.195	0.746	"2"
"初二"	0	3	0	0.778	1.138	1.084	-0.391	1.263	-0.584	2.238	"2"
"初五"	0	1	0	0.259	0.379	0.361	-0.13	0.421	-0.195	0.746	"2"
"初四"	0	1	0	0.259	0.379	0.361	-0.13	0.421	-0.195	0.746	"2"
"利用"	0	0	1	0.259	0.379	0.361	-0.13	-0.207	0.442	0.779	"3"
"别具"	0	0	1	0.259	0.379	0.361	-0.13	-0.207	0.442	0.779	"3"
"别有"	0	0	1	0.259	0.379	0.361	-0.13	-0.207	0.442	0.779	"3"
"到"	22	25	25	18.681	27.303	26.016	0.655	-0.477	-0.343	1.475	"1"
"到达"	0	1	0	0.259	0.379	0.361	-0.13	0.421	-0.195	0.746	"2"
"剌破"	0	0	1	0.259	0.379	0.361	-0.13	-0.207	0.442	0.779	"3"
"前天"	1	0	10	2.854	4.171	3.975	-0.749	-2.278	3.552	6.579	"3"
"前往"	0	5	6	2.854	4.171	3.975	-1.435	0.387	0.773	2.595	"1"
"前来"	0	1	0	0.259	0.379	0.361	-0.13	0.421	-0.195	0.746	"2"
"副主"	0	1	0	0.259	0.379	0.361	-0.13	0.421	-0.195	0.746	"2"
"副总统"	1	2	0	0.778	1.138	1.084	0.226	0.492	-0.584	1.302	"3"
"加"	0	1	2	0.778	1.138	1.084	-0.391	-0.169	0.527	1.087	"3"
"加成"	0	0	4	1.038	1.517	1.445	-0.522	-0.828	1.768	3.118	"3"
"加拿大"	0	0	1	0.259	0.379	0.361	-0.13	-0.207	0.442	0.779	"3"
"动态"	0	0	1	0.259	0.379	0.361	-0.13	-0.207	0.442	0.779	"3"
"动物园"	0	2	7	2.335	3.413	3.252	-1.174	-0.564	1.867	3.605	"3"
"助手"	0	0	1	0.259	0.379	0.361	-0.13	-0.207	0.442	0.779	"3"
"助阵"	0	0	1	0.259	0.379	0.361	-0.13	-0.207	0.442	0.779	"3"
"勒索"	0	0	1	0.259	0.379	0.361	-0.13	-0.207	0.442	0.779	"3"
"勤务"	0	0	2	0.519	0.758	0.723	-0.261	-0.414	0.884	1.559	"3"
"勿洛"	0	0	1	0.259	0.379	0.361	-0.13	-0.207	0.442	0.779	"3"
"包含"	0	0	1	0.259	0.379	0.361	-0.13	-0.207	0.442	0.779	"3"
"化中心"	0	1	0	0.259	0.379	0.361	-0.13	0.421	-0.195	0.746	"2"
"化工品"	0	1	0	0.259	0.379	0.361	-0.13	0.421	-0.195	0.746	"2"
"北投"	0	1	0	0.259	0.379	0.361	-0.13	0.421	-0.195	0.746	"2"
"北部"	0	0	1	0.259	0.379	0.361	-0.13	-0.207	0.442	0.779	"3"
"十"	0	2	1	0.778	1.138	1.084	-0.391	0.492	-0.153	1.036	"2"
"十一"	0	1	0	0.259	0.379	0.361	-0.13	0.421	-0.195	0.746	"2"
"十一日"	0	2	0	0.519	0.758	0.723	-0.261	0.842	-0.389	1.492	"2"
"十一时"	0	16	1	4.411	6.447	6.143	-2.218	5.699	-2.284	10.201	"2"
"十一月"	0	2	0	0.519	0.758	0.723	-0.261	0.842	-0.389	1.492	"2"
"十七日"	0	0	1	0.259	0.379	0.361	-0.13	-0.207	0.442	0.779	"3"
"十三日"	0	3	0	0.778	1.138	1.084	-0.391	1.263	-0.584	2.238	"2"
"十九"	0	0	1	0.259	0.379	0.361	-0.13	-0.207	0.442	0.779	"3"
"十九日"	0	2	0	0.519	0.758	0.723	-0.261	0.842	-0.389	1.492	"2"
"十二"	0	1	0	0.259	0.379	0.361	-0.13	0.421	-0.195	0.746	"2"
"十二日"	0	2	0	0.519	0.758	0.723	-0.261	0.842	-0.389	1.492	"2"
"十二时"	0	2	0	0.519	0.758	0.723	-0.261	0.842	-0.389	1.492	"2"
"十二月"	0	4	0	1.038	1.517	1.445	-0.522	1.684	-0.779	2.985	"2"
"十五分"	0	2	0	0.519	0.758	0.723	-0.261	0.842	-0.389	1.492	"2"
"十全"	0	1	0	0.259	0.379	0.361	-0.13	0.421	-0.195	0.746	"2"
"十八日"	0	1	0	0.259	0.379	0.361	-0.13	0.421	-0.195	0.746	"2"
"十六"	0	1	1	0.519	0.758	0.723	-0.261	0.211	0.228	0.7	"1"
"十四"	0	1	0	0.259	0.379	0.361	-0.13	0.421	-0.195	0.746	"2"
"十日"	0	2	0	0.519	0.758	0.723	-0.261	0.842	-0.389	1.492	"2"
"十时"	0	13	1	3.632	5.309	5.059	-1.826	4.517	-1.776	8.119	"2"
"十月"	0	5	0	1.297	1.896	1.807	-0.652	2.106	-0.974	3.732	"2"
"午"	1	1	1	0.778	1.138	1.084	0.226	-0.169	-0.153	0.548	"1"
"午夜"	1	0	0	0.259	0.379	0.361	0.586	-0.207	-0.195	0.988	"1"
"半"	7	3	9	4.93	7.205	6.865	0.695	-1.461	0.667	2.823	"2"
"华乐团"	1	0	0	0.259	0.379	0.361	0.586	-0.207	-0.195	0.988	"1"
"华灯初上"	0	0	1	0.259	0.379	0.361	-0.13	-0.207	0.442	0.779	"3"
"协商会"	0	1	0	0.259	0.379	0.361	-0.13	0.421	-0.195	0.746	"2"
"协商会报"	0	2	0	0.519	0.758	0.723	-0.261	0.842	-0.389	1.492	"2"
"单独"	0	0	1	0.259	0.379	0.361	-0.13	-0.207	0.442	0.779	"3"
"卖会"	0	0	1	0.259	0.379	0.361	-0.13	-0.207	0.442	0.779	"3"
"南下"	0	1	0	0.259	0.379	0.361	-0.13	0.421	-0.195	0.746	"2"
"卡尔顿"	0	1	0	0.259	0.379	0.361	-0.13	0.421	-0.195	0.746	"2"
"卫星台"	0	0	3	0.778	1.138	1.084	-0.391	-0.621	1.326	2.338	"3"
"卫生学院"	0	0	1	0.259	0.379	0.361	-0.13	-0.207	0.442	0.779	"3"
"即已"	0	1	0	0.259	0.379	0.361	-0.13	0.421	-0.195	0.746	"2"
"即时"	0	1	0	0.259	0.379	0.361	-0.13	0.421	-0.195	0.746	"2"
"卷证"	0	1	0	0.259	0.379	0.361	-0.13	0.421	-0.195	0.746	"2"
"卷走"	0	0	1	0.259	0.379	0.361	-0.13	-0.207	0.442	0.779	"3"
"卿"	0	1	0	0.259	0.379	0.361	-0.13	0.421	-0.195	0.746	"2"
"原因"	0	0	1	0.259	0.379	0.361	-0.13	-0.207	0.442	0.779	"3"
"原来"	0	0	1	0.259	0.379	0.361	-0.13	-0.207	0.442	0.779	"3"
"厢型车"	0	0	1	0.259	0.379	0.361	-0.13	-0.207	0.442	0.779	"3"
"县警局"	0	1	0	0.259	0.379	0.361	-0.13	0.421	-0.195	0.746	"2"
"参天宫"	0	1	0	0.259	0.379	0.361	-0.13	0.421	-0.195	0.746	"2"
"参观"	0	0	2	0.519	0.758	0.723	-0.261	-0.414	0.884	1.559	"3"
"参议员"	0	1	0	0.259	0.379	0.361	-0.13	0.421	-0.195	0.746	"2"
"参访"	0	0	1	0.259	0.379	0.361	-0.13	-0.207	0.442	0.779	"3"
"友"	0	0	1	0.259	0.379	0.361	-0.13	-0.207	0.442	0.779	"3"
"友会"	0	1	0	0.259	0.379	0.361	-0.13	0.421	-0.195	0.746	"2"
"反派"	0	1	0	0.259	0.379	0.361	-0.13	0.421	-0.195	0.746	"2"
"发佈"	0	2	0	0.519	0.758	0.723	-0.261	0.842	-0.389	1.492	"2"
"发作"	0	0	1	0.259	0.379	0.361	-0.13	-0.207	0.442	0.779	"3"
"发生"	4	3	8	3.892	5.688	5.42	0.242	-0.921	0.877	2.04	"2"
"发表"	0	2	0	0.519	0.758	0.723	-0.261	0.842	-0.389	1.492	"2"
"发言人"	0	1	0	0.259	0.379	0.361	-0.13	0.421	-0.195	0.746	"2"
"发言人室"	0	1	0	0.259	0.379	0.361	-0.13	0.421	-0.195	0.746	"2"
"取款"	0	0	2	0.519	0.758	0.723	-0.261	-0.414	0.884	1.559	"3"
"变为"	0	0	1	0.259	0.379	0.361	-0.13	-0.207	0.442	0.779	"3"
"只有"	0	0	1	0.259	0.379	0.361	-0.13	-0.207	0.442	0.779	"3"
"召开"	0	4	0	1.038	1.517	1.445	-0.522	1.684	-0.779	2.985	"2"
"可以"	0	0	1	0.259	0.379	0.361	-0.13	-0.207	0.442	0.779	"3"
"可儿"	0	1	0	0.259	0.379	0.361	-0.13	0.421	-0.195	0.746	"2"
"可可"	0	0	1	0.259	0.379	0.361	-0.13	-0.207	0.442	0.779	"3"
"可望"	0	1	0	0.259	0.379	0.361	-0.13	0.421	-0.195	0.746	"2"
"可疑"	0	1	0	0.259	0.379	0.361	-0.13	0.421	-0.195	0.746	"2"
"台东市"	0	1	0	0.259	0.379	0.361	-0.13	0.421	-0.195	0.746	"2"
"台中市"	0	2	2	1.038	1.517	1.445	-0.522	0.311	0.34	1.173	"1"
"台中市文"	0	1	0	0.259	0.379	0.361	-0.13	0.421	-0.195	0.746	"2"
"台北"	0	12	1	3.373	4.93	4.697	-1.696	4.127	-1.61	7.433	"2"
"台北市"	0	2	0	0.519	0.758	0.723	-0.261	0.842	-0.389	1.492	"2"
"台北市立"	0	2	0	0.519	0.758	0.723	-0.261	0.842	-0.389	1.492	"2"
"台塑"	0	0	1	0.259	0.379	0.361	-0.13	-0.207	0.442	0.779	"3"
"台风"	0	3	0	0.778	1.138	1.084	-0.391	1.263	-0.584	2.238	"2"
"史"	0	0	1	0.259	0.379	0.361	-0.13	-0.207	0.442	0.779	"3"
"号码"	0	0	1	0.259	0.379	0.361	-0.13	-0.207	0.442	0.779	"3"
"司机"	0	0	1	0.259	0.379	0.361	-0.13	-0.207	0.442	0.779	"3"
"吃"	0	0	6	1.557	2.275	2.168	-0.783	-1.242	2.653	4.678	"3"
"合乐路"	0	0	1	0.259	0.379	0.361	-0.13	-0.207	0.442	0.779	"3"
"名牌"	1	0	0	0.259	0.379	0.361	0.586	-0.207	-0.195	0.988	"1"
"后港"	2	0	0	0.519	0.758	0.723	1.172	-0.414	-0.389	1.975	"1"
"吕"	0	1	0	0.259	0.379	0.361	-0.13	0.421	-0.195	0.746	"2"
"吕秀莲"	0	2	0	0.519	0.758	0.723	-0.261	0.842	-0.389	1.492	"2"
"否认"	0	1	0	0.259	0.379	0.361	-0.13	0.421	-0.195	0.746	"2"
"吧"	0	0	2	0.519	0.758	0.723	-0.261	-0.414	0.884	1.559	"3"
"听到"	0	0	2	0.519	0.758	0.723	-0.261	-0.414	0.884	1.559	"3"
"听见"	1	0	0	0.259	0.379	0.361	0.586	-0.207	-0.195	0.988	"1"
"吴乃仁"	0	1	0	0.259	0.379	0.361	-0.13	0.421	-0.195	0.746	"2"
"吴作"	0	0	1	0.259	0.379	0.361	-0.13	-0.207	0.442	0.779	"3"
"周"	2	1	0	0.778	1.138	1.084	0.777	-0.169	-0.584	1.53	"1"
"周一"	1	0	0	0.259	0.379	0.361	0.586	-0.207	-0.195	0.988	"1"
"周六"	1	0	0	0.259	0.379	0.361	0.586	-0.207	-0.195	0.988	"1"
"周末"	1	1	1	0.778	1.138	1.084	0.226	-0.169	-0.153	0.548	"1"
"哈"	0	1	0	0.259	0.379	0.361	-0.13	0.421	-0.195	0.746	"2"
"哈密"	0	0	1	0.259	0.379	0.361	-0.13	-0.207	0.442	0.779	"3"
"哈瑞斯"	0	1	0	0.259	0.379	0.361	-0.13	0.421	-0.195	0.746	"2"
"唐山"	1	0	0	0.259	0.379	0.361	0.586	-0.207	-0.195	0.988	"1"
"唐飞"	0	4	0	1.038	1.517	1.445	-0.522	1.684	-0.779	2.985	"2"
"商城"	0	0	1	0.259	0.379	0.361	-0.13	-0.207	0.442	0.779	"3"
"啊"	0	0	2	0.519	0.758	0.723	-0.261	-0.414	0.884	1.559	"3"
"喝"	0	0	1	0.259	0.379	0.361	-0.13	-0.207	0.442	0.779	"3"
"喧闹"	0	0	1	0.259	0.379	0.361	-0.13	-0.207	0.442	0.779	"3"
"噩梦"	0	0	1	0.259	0.379	0.361	-0.13	-0.207	0.442	0.779	"3"
"噪音"	1	0	0	0.259	0.379	0.361	0.586	-0.207	-0.195	0.988	"1"
"四十"	0	2	0	0.519	0.758	0.723	-0.261	0.842	-0.389	1.492	"2"
"四十五分"	0	1	0	0.259	0.379	0.361	-0.13	0.421	-0.195	0.746	"2"
"四十分"	0	1	0	0.259	0.379	0.361	-0.13	0.421	-0.195	0.746	"2"
"四日"	0	2	0	0.519	0.758	0.723	-0.261	0.842	-0.389	1.492	"2"
"四日电"	0	1	0	0.259	0.379	0.361	-0.13	0.421	-0.195	0.746	"2"
"四时"	0	1	0	0.259	0.379	0.361	-0.13	0.421	-0.195	0.746	"2"
"四月"	0	0	1	0.259	0.379	0.361	-0.13	-0.207	0.442	0.779	"3"
"四湖"	0	1	0	0.259	0.379	0.361	-0.13	0.421	-0.195	0.746	"2"
"四点"	0	0	1	0.259	0.379	0.361	-0.13	-0.207	0.442	0.779	"3"
"回到"	0	2	2	1.038	1.517	1.445	-0.522	0.311	0.34	1.173	"1"
"回国"	0	1	0	0.259	0.379	0.361	-0.13	0.421	-0.195	0.746	"2"
"回家"	3	0	1	1.038	1.517	1.445	1.25	-0.828	-0.265	2.343	"1"
"回应"	0	1	0	0.259	0.379	0.361	-0.13	0.421	-0.195	0.746	"2"
"回来"	1	0	1	0.519	0.758	0.723	0.345	-0.414	0.228	0.987	"2"
"回返"	1	0	1	0.519	0.758	0.723	0.345	-0.414	0.228	0.987	"2"
"因应"	0	1	0	0.259	0.379	0.361	-0.13	0.421	-0.195	0.746	"2"
"园游会"	0	0	1	0.259	0.379	0.361	-0.13	-0.207	0.442	0.779	"3"
"困扰"	0	0	1	0.259	0.379	0.361	-0.13	-0.207	0.442	0.779	"3"
"国中"	0	0	1	0.259	0.379	0.361	-0.13	-0.207	0.442	0.779	"3"
"国女"	0	0	1	0.259	0.379	0.361	-0.13	-0.207	0.442	0.779	"3"
"国宾"	0	0	1	0.259	0.379	0.361	-0.13	-0.207	0.442	0.779	"3"
"国庆"	0	5	0	1.297	1.896	1.807	-0.652	2.106	-0.974	3.732	"2"
"国民党"	0	3	0	0.778	1.138	1.084	-0.391	1.263	-0.584	2.238	"2"
"国父"	0	1	0	0.259	0.379	0.361	-0.13	0.421	-0.195	0.746	"2"
"国道"	0	1	0	0.259	0.379	0.361	-0.13	0.421	-0.195	0.746	"2"
"土"	0	1	0	0.259	0.379	0.361	-0.13	0.421	-0.195	0.746	"2"
"圣火"	0	2	0	0.519	0.758	0.723	-0.261	0.842	-0.389	1.492	"2"
"在"	26	74	68	43.589	63.707	60.704	-3.093	1.217	0.861	5.171	"1"
"在校"	0	0	1	0.259	0.379	0.361	-0.13	-0.207	0.442	0.779	"3"
"地址"	2	0	0	0.519	0.758	0.723	1.172	-0.414	-0.389	1.975	"1"
"地堡"	0	0	1	0.259	0.379	0.361	-0.13	-0.207	0.442	0.779	"3"
"地检署"	0	0	2	0.519	0.758	0.723	-0.261	-0.414	0.884	1.559	"3"
"地点"	10	0	2	3.113	4.55	4.336	4.273	-2.485	-0.876	7.634	"1"
"地铁站"	1	0	0	0.259	0.379	0.361	0.586	-0.207	-0.195	0.988	"1"
"场所"	0	0	1	0.259	0.379	0.361	-0.13	-0.207	0.442	0.779	"3"
"坚"	0	1	0	0.259	0.379	0.361	-0.13	0.421	-0.195	0.746	"2"
"坠机"	0	1	0	0.259	0.379	0.361	-0.13	0.421	-0.195	0.746	"2"
"坠毁"	0	0	1	0.259	0.379	0.361	-0.13	-0.207	0.442	0.779	"3"
"坠落"	0	1	0	0.259	0.379	0.361	-0.13	0.421	-0.195	0.746	"2"
"型"	0	2	0	0.519	0.758	0.723	-0.261	0.842	-0.389	1.492	"2"
"城市"	0	0	2	0.519	0.758	0.723	-0.261	-0.414	0.884	1.559	"3"
"基督"	0	2	0	0.519	0.758	0.723	-0.261	0.842	-0.389	1.492	"2"
"增加"	0	0	1	0.259	0.379	0.361	-0.13	-0.207	0.442	0.779	"3"
"增多"	0	0	1	0.259	0.379	0.361	-0.13	-0.207	0.442	0.779	"3"
"增演"	1	0	0	0.259	0.379	0.361	0.586	-0.207	-0.195	0.988	"1"
"声请"	0	1	0	0.259	0.379	0.361	-0.13	0.421	-0.195	0.746	"2"
"备"	0	0	1	0.259	0.379	0.361	-0.13	-0.207	0.442	0.779	"3"
"复兴"	0	1	0	0.259	0.379	0.361	-0.13	0.421	-0.195	0.746	"2"
"复赛"	1	0	0	0.259	0.379	0.361	0.586	-0.207	-0.195	0.988	"1"
"夏天"	0	0	1	0.259	0.379	0.361	-0.13	-0.207	0.442	0.779	"3"
"外出"	0	1	1	0.519	0.758	0.723	-0.261	0.211	0.228	0.7	"1"
"外头"	0	0	1	0.259	0.379	0.361	-0.13	-0.207	0.442	0.779	"3"
"多"	1	1	3	1.297	1.896	1.807	-0.213	-0.427	0.597	1.237	"3"
"多半"	0	1	0	0.259	0.379	0.361	-0.13	0.421	-0.195	0.746	"2"
"夜"	0	5	1	1.557	2.275	2.168	-0.783	1.492	-0.525	2.8	"2"
"夜空"	0	0	1	0.259	0.379	0.361	-0.13	-0.207	0.442	0.779	"3"
"夜里"	0	0	1	0.259	0.379	0.361	-0.13	-0.207	0.442	0.779	"3"
"夜间"	0	0	6	1.557	2.275	2.168	-0.783	-1.242	2.653	4.678	"3"
"大厅"	0	1	0	0.259	0.379	0.361	-0.13	0.421	-0.195	0.746	"2"
"大厦"	0	1	1	0.519	0.758	0.723	-0.261	0.211	0.228	0.7	"1"
"大叶"	0	1	0	0.259	0.379	0.361	-0.13	0.421	-0.195	0.746	"2"
"大安"	0	1	0	0.259	0.379	0.361	-0.13	0.421	-0.195	0.746	"2"
"大陆"	0	0	1	0.259	0.379	0.361	-0.13	-0.207	0.442	0.779	"3"
"大雾"	0	0	1	0.259	0.379	0.361	-0.13	-0.207	0.442	0.779	"3"
"大风"	0	0	1	0.259	0.379	0.361	-0.13	-0.207	0.442	0.779	"3"
"天"	9	1	21	8.043	11.755	11.201	0.384	-5.119	3.461	8.964	"2"
"天天"	1	0	0	0.259	0.379	0.361	0.586	-0.207	-0.195	0.988	"1"
"天晴"	0	0	1	0.259	0.379	0.361	-0.13	-0.207	0.442	0.779	"3"
"天气"	1	0	0	0.259	0.379	0.361	0.586	-0.207	-0.195	0.988	"1"
"太子1"	1	0	0	0.259	0.379	0.361	0.586	-0.207	-0.195	0.988	"1"
"太阳热量"	0	0	1	0.259	0.379	0.361	-0.13	-0.207	0.442	0.779	"3"
"夫妇"	1	0	0	0.259	0.379	0.361	0.586	-0.207	-0.195	0.988	"1"
"失眠"	0	0	1	0.259	0.379	0.361	-0.13	-0.207	0.442	0.779	"3"
"失败"	0	1	0	0.259	0.379	0.361	-0.13	0.421	-0.195	0.746	"2"
"失踪"	0	0	1	0.259	0.379	0.361	-0.13	-0.207	0.442	0.779	"3"
"奔波"	0	0	1	0.259	0.379	0.361	-0.13	-0.207	0.442	0.779	"3"
"奥尔布赖特"	0	1	0	0.259	0.379	0.361	-0.13	0.421	-0.195	0.746	"2"
"奥斯卡"	0	1	0	0.259	0.379	0.361	-0.13	0.421	-0.195	0.746	"2"
"女"	0	0	1	0.259	0.379	0.361	-0.13	-0.207	0.442	0.779	"3"
"女性"	0	0	1	0.259	0.379	0.361	-0.13	-0.207	0.442	0.779	"3"
"女皇镇"	1	0	0	0.259	0.379	0.361	0.586	-0.207	-0.195	0.988	"1"
"女鬼"	0	0	1	0.259	0.379	0.361	-0.13	-0.207	0.442	0.779	"3"
"她们"	0	0	1	0.259	0.379	0.361	-0.13	-0.207	0.442	0.779	"3"
"好"	0	0	2	0.519	0.758	0.723	-0.261	-0.414	0.884	1.559	"3"
"妈咪"	1	0	0	0.259	0.379	0.361	0.586	-0.207	-0.195	0.988	"1"
"妈祖"	0	1	0	0.259	0.379	0.361	-0.13	0.421	-0.195	0.746	"2"
"妻女"	0	0	1	0.259	0.379	0.361	-0.13	-0.207	0.442	0.779	"3"
"妻子"	0	1	0	0.259	0.379	0.361	-0.13	0.421	-0.195	0.746	"2"
"姐妹"	0	1	0	0.259	0.379	0.361	-0.13	0.421	-0.195	0.746	"2"
"姿态"	0	1	0	0.259	0.379	0.361	-0.13	0.421	-0.195	0.746	"2"
"娱乐"	1	0	0	0.259	0.379	0.361	0.586	-0.207	-0.195	0.988	"1"
"媒体"	0	2	0	0.519	0.758	0.723	-0.261	0.842	-0.389	1.492	"2"
"嫌犯"	0	2	1	0.778	1.138	1.084	-0.391	0.492	-0.153	1.036	"2"
"子宫颈"	0	1	0	0.259	0.379	0.361	-0.13	0.421	-0.195	0.746	"2"
"季军"	1	0	0	0.259	0.379	0.361	0.586	-0.207	-0.195	0.988	"1"
"季风"	0	1	0	0.259	0.379	0.361	-0.13	0.421	-0.195	0.746	"2"
"孤独"	0	0	1	0.259	0.379	0.361	-0.13	-0.207	0.442	0.779	"3"
"学会"	0	1	0	0.259	0.379	0.361	-0.13	0.421	-0.195	0.746	"2"
"学园区"	0	0	1	0.259	0.379	0.361	-0.13	-0.207	0.442	0.779	"3"
"孪生"	0	0	1	0.259	0.379	0.361	-0.13	-0.207	0.442	0.779	"3"
"安全感"	0	1	0	0.259	0.379	0.361	-0.13	0.421	-0.195	0.746	"2"
"安排"	2	1	0	0.778	1.138	1.084	0.777	-0.169	-0.584	1.53	"1"
"安装"	0	0	1	0.259	0.379	0.361	-0.13	-0.207	0.442	0.779	"3"
"完全"	0	0	1	0.259	0.379	0.361	-0.13	-0.207	0.442	0.779	"3"
"宏茂桥"	2	0	0	0.519	0.758	0.723	1.172	-0.414	-0.389	1.975	"1"
"定"	0	1	0	0.259	0.379	0.361	-0.13	0.421	-0.195	0.746	"2"
"定稿"	0	2	0	0.519	0.758	0.723	-0.261	0.842	-0.389	1.492	"2"
"宛如"	0	0	1	0.259	0.379	0.361	-0.13	-0.207	0.442	0.779	"3"
"宝忏"	1	0	0	0.259	0.379	0.361	0.586	-0.207	-0.195	0.988	"1"
"宝贝"	0	1	0	0.259	0.379	0.361	-0.13	0.421	-0.195	0.746	"2"
"实况"	1	0	1	0.519	0.758	0.723	0.345	-0.414	0.228	0.987	"2"
"实龙岗"	0	0	1	0.259	0.379	0.361	-0.13	-0.207	0.442	0.779	"3"
"审查"	0	1	0	0.259	0.379	0.361	-0.13	0.421	-0.195	0.746	"2"
"审稿"	0	0	1	0.259	0.379	0.361	-0.13	-0.207	0.442	0.779	"3"
"宣佈"	0	1	1	0.519	0.758	0.723	-0.261	0.211	0.228	0.7	"1"
"宴会"	0	0	1	0.259	0.379	0.361	-0.13	-0.207	0.442	0.779	"3"
"宵"	0	0	1	0.259	0.379	0.361	-0.13	-0.207	0.442	0.779	"3"
"家"	0	1	1	0.519	0.758	0.723	-0.261	0.211	0.228	0.7	"1"
"家人"	0	0	2	0.519	0.758	0.723	-0.261	-0.414	0.884	1.559	"3"
"家具"	0	0	1	0.259	0.379	0.361	-0.13	-0.207	0.442	0.779	"3"
"家务"	0	0	1	0.259	0.379	0.361	-0.13	-0.207	0.442	0.779	"3"
"宾馆"	0	2	0	0.519	0.758	0.723	-0.261	0.842	-0.389	1.492	"2"
"宿舍"	0	0	2	0.519	0.758	0.723	-0.261	-0.414	0.884	1.559	"3"
"寂静"	0	0	1	0.259	0.379	0.361	-0.13	-0.207	0.442	0.779	"3"
"密度"	0	0	1	0.259	0.379	0.361	-0.13	-0.207	0.442	0.779	"3"
"对方"	0	0	1	0.259	0.379	0.361	-0.13	-0.207	0.442	0.779	"3"
"寻获"	0	1	0	0.259	0.379	0.361	-0.13	0.421	-0.195	0.746	"2"
"将"	0	9	2	2.854	4.171	3.975	-1.435	2.411	-0.747	4.593	"2"
"小时"	1	0	0	0.259	0.379	0.361	0.586	-0.207	-0.195	0.988	"1"
"少女"	0	0	1	0.259	0.379	0.361	-0.13	-0.207	0.442	0.779	"3"
"少年"	0	1	0	0.259	0.379	0.361	-0.13	0.421	-0.195	0.746	"2"
"尤其"	0	0	2	0.519	0.758	0.723	-0.261	-0.414	0.884	1.559	"3"
"尸体"	0	3	0	0.778	1.138	1.084	-0.391	1.263	-0.584	2.238	"2"
"尼勒克"	0	0	1	0.259	0.379	0.361	-0.13	-0.207	0.442	0.779	"3"
"尿"	0	0	2	0.519	0.758	0.723	-0.261	-0.414	0.884	1.559	"3"
"展开"	0	1	0	0.259	0.379	0.361	-0.13	0.421	-0.195	0.746	"2"
"展销会"	1	0	0	0.259	0.379	0.361	0.586	-0.207	-0.195	0.988	"1"
"屯"	0	1	0	0.259	0.379	0.361	-0.13	0.421	-0.195	0.746	"2"
"山崎"	0	1	0	0.259	0.379	0.361	-0.13	0.421	-0.195	0.746	"2"
"岸际"	0	0	1	0.259	0.379	0.361	-0.13	-0.207	0.442	0.779	"3"
"崇义"	1	0	0	0.259	0.379	0.361	0.586	-0.207	-0.195	0.988	"1"
"巡回"	0	1	0	0.259	0.379	0.361	-0.13	0.421	-0.195	0.746	"2"
"巡查"	0	0	2	0.519	0.758	0.723	-0.261	-0.414	0.884	1.559	"3"
"巡逻"	0	0	1	0.259	0.379	0.361	-0.13	-0.207	0.442	0.779	"3"
"工作"	1	0	3	1.038	1.517	1.445	-0.141	-0.828	0.861	1.83	"3"
"左"	0	0	2	0.519	0.758	0.723	-0.261	-0.414	0.884	1.559	"3"
"左右"	5	5	4	3.632	5.309	5.059	0.543	-0.259	-0.411	1.213	"1"
"巩留"	0	0	1	0.259	0.379	0.361	-0.13	-0.207	0.442	0.779	"3"
"巴勒斯坦"	0	0	1	0.259	0.379	0.361	-0.13	-0.207	0.442	0.779	"3"
"巴拉吉"	0	0	1	0.259	0.379	0.361	-0.13	-0.207	0.442	0.779	"3"
"巴拿马台"	0	1	0	0.259	0.379	0.361	-0.13	0.421	-0.195	0.746	"2"
"巴斯拉"	0	1	0	0.259	0.379	0.361	-0.13	0.421	-0.195	0.746	"2"
"巴格达"	0	3	1	1.038	1.517	1.445	-0.522	0.807	-0.265	1.594	"2"
"市政府"	0	1	0	0.259	0.379	0.361	-0.13	0.421	-0.195	0.746	"2"
"市警局"	0	0	1	0.259	0.379	0.361	-0.13	-0.207	0.442	0.779	"3"
"布"	0	1	0	0.259	0.379	0.361	-0.13	0.421	-0.195	0.746	"2"
"布拉德"	1	0	0	0.259	0.379	0.361	0.586	-0.207	-0.195	0.988	"1"
"布杰勃拉"	0	1	0	0.259	0.379	0.361	-0.13	0.421	-0.195	0.746	"2"
"布鲁塞尔"	0	1	0	0.259	0.379	0.361	-0.13	0.421	-0.195	0.746	"2"
"师姐"	0	0	1	0.259	0.379	0.361	-0.13	-0.207	0.442	0.779	"3"
"希拉"	0	0	1	0.259	0.379	0.361	-0.13	-0.207	0.442	0.779	"3"
"帐篷"	0	0	1	0.259	0.379	0.361	-0.13	-0.207	0.442	0.779	"3"
"带回"	0	1	0	0.259	0.379	0.361	-0.13	0.421	-0.195	0.746	"2"
"常常"	0	1	0	0.259	0.379	0.361	-0.13	0.421	-0.195	0.746	"2"
"幕僚"	0	1	0	0.259	0.379	0.361	-0.13	0.421	-0.195	0.746	"2"
"干案"	1	0	1	0.519	0.758	0.723	0.345	-0.414	0.228	0.987	"2"
"平静"	0	1	1	0.519	0.758	0.723	-0.261	0.211	0.228	0.7	"1"
"广场"	1	2	3	1.557	2.275	2.168	-0.291	-0.231	0.425	0.947	"3"
"广播"	0	0	1	0.259	0.379	0.361	-0.13	-0.207	0.442	0.779	"3"
"庆祝"	1	2	1	1.038	1.517	1.445	-0.141	0.311	-0.265	0.717	"2"
"床铺"	0	0	1	0.259	0.379	0.361	-0.13	-0.207	0.442	0.779	"3"
"应邀"	0	2	0	0.519	0.758	0.723	-0.261	0.842	-0.389	1.492	"2"
"府外"	0	0	1	0.259	0.379	0.361	-0.13	-0.207	0.442	0.779	"3"
"座谈"	0	2	0	0.519	0.758	0.723	-0.261	0.842	-0.389	1.492	"2"
"延押"	0	1	0	0.259	0.379	0.361	-0.13	0.421	-0.195	0.746	"2"
"延期"	0	0	1	0.259	0.379	0.361	-0.13	-0.207	0.442	0.779	"3"
"延长"	1	1	0	0.519	0.758	0.723	0.345	0.211	-0.389	0.945	"3"
"延长至"	0	1	0	0.259	0.379	0.361	-0.13	0.421	-0.195	0.746	"2"
"开"	2	0	1	0.778	1.138	1.084	0.777	-0.621	-0.153	1.551	"1"
"开会"	0	1	0	0.259	0.379	0.361	-0.13	0.421	-0.195	0.746	"2"
"开始"	3	1	4	2.076	3.034	2.891	0.462	-0.887	0.497	1.846	"2"
"开放"	6	1	1	2.076	3.034	2.891	2.286	-0.887	-0.815	3.988	"1"
"开票"	0	1	0	0.259	0.379	0.361	-0.13	0.421	-0.195	0.746	"2"
"开门"	0	0	1	0.259	0.379	0.361	-0.13	-0.207	0.442	0.779	"3"
"弊案"	0	2	0	0.519	0.758	0.723	-0.261	0.842	-0.389	1.492	"2"
"弊端"	0	1	0	0.259	0.379	0.361	-0.13	0.421	-0.195	0.746	"2"
"张俊雄"	0	1	0	0.259	0.379	0.361	-0.13	0.421	-0.195	0.746	"2"
"张国荣"	0	0	5	1.297	1.896	1.807	-0.652	-1.035	2.21	3.897	"3"
"弯内"	0	0	1	0.259	0.379	0.361	-0.13	-0.207	0.442	0.779	"3"
"强化"	0	0	1	0.259	0.379	0.361	-0.13	-0.207	0.442	0.779	"3"
"强震"	0	1	0	0.259	0.379	0.361	-0.13	0.421	-0.195	0.746	"2"
"归"	0	1	0	0.259	0.379	0.361	-0.13	0.421	-0.195	0.746	"2"
"当地"	1	1	3	1.297	1.896	1.807	-0.213	-0.427	0.597	1.237	"3"
"当天"	0	1	7	2.076	3.034	2.891	-1.044	-0.887	2.357	4.288	"3"
"录制"	0	0	1	0.259	0.379	0.361	-0.13	-0.207	0.442	0.779	"3"
"录影"	0	1	0	0.259	0.379	0.361	-0.13	0.421	-0.195	0.746	"2"
"彰化县"	0	1	0	0.259	0.379	0.361	-0.13	0.421	-0.195	0.746	"2"
"影帝"	0	1	0	0.259	0.379	0.361	-0.13	0.421	-0.195	0.746	"2"
"役男"	0	1	0	0.259	0.379	0.361	-0.13	0.421	-0.195	0.746	"2"
"往往"	0	0	1	0.259	0.379	0.361	-0.13	-0.207	0.442	0.779	"3"
"很多"	0	0	1	0.259	0.379	0.361	-0.13	-0.207	0.442	0.779	"3"
"徐匡迪"	0	1	0	0.259	0.379	0.361	-0.13	0.421	-0.195	0.746	"2"
"德士"	0	0	1	0.259	0.379	0.361	-0.13	-0.207	0.442	0.779	"3"
"德安"	0	1	0	0.259	0.379	0.361	-0.13	0.421	-0.195	0.746	"2"
"志强"	0	1	0	0.259	0.379	0.361	-0.13	0.421	-0.195	0.746	"2"
"忙"	0	0	1	0.259	0.379	0.361	-0.13	-0.207	0.442	0.779	"3"
"快艇"	0	0	1	0.259	0.379	0.361	-0.13	-0.207	0.442	0.779	"3"
"怕"	0	0	1	0.259	0.379	0.361	-0.13	-0.207	0.442	0.779	"3"
"急救"	0	0	1	0.259	0.379	0.361	-0.13	-0.207	0.442	0.779	"3"
"怪谈"	0	0	1	0.259	0.379	0.361	-0.13	-0.207	0.442	0.779	"3"
"总"	0	0	1	0.259	0.379	0.361	-0.13	-0.207	0.442	0.779	"3"
"总商会"	0	1	0	0.259	0.379	0.361	-0.13	0.421	-0.195	0.746	"2"
"总统"	0	5	0	1.297	1.896	1.807	-0.652	2.106	-0.974	3.732	"2"
"总统府"	0	5	1	1.557	2.275	2.168	-0.783	1.492	-0.525	2.8	"2"
"恩爱"	0	1	0	0.259	0.379	0.361	-0.13	0.421	-0.195	0.746	"2"
"恶作剧者"	0	0	1	0.259	0.379	0.361	-0.13	-0.207	0.442	0.779	"3"
"情形"	0	0	1	0.259	0.379	0.361	-0.13	-0.207	0.442	0.779	"3"
"情色"	0	1	0	0.259	0.379	0.361	-0.13	0.421	-0.195	0.746	"2"
"情郎"	1	0	0	0.259	0.379	0.361	0.586	-0.207	-0.195	0.988	"1"
"惨遭"	0	0	1	0.259	0.379	0.361	-0.13	-0.207	0.442	0.779	"3"
"惹"	1	0	0	0.259	0.379	0.361	0.586	-0.207	-0.195	0.988	"1"
"慰问金"	0	1	0	0.259	0.379	0.361	-0.13	0.421	-0.195	0.746	"2"
"戏水"	0	0	1	0.259	0.379	0.361	-0.13	-0.207	0.442	0.779	"3"
"戏院"	0	1	1	0.519	0.758	0.723	-0.261	0.211	0.228	0.7	"1"
"成功"	0	0	2	0.519	0.758	0.723	-0.261	-0.414	0.884	1.559	"3"
"成年人"	0	0	1	0.259	0.379	0.361	-0.13	-0.207	0.442	0.779	"3"
"我"	0	0	3	0.778	1.138	1.084	-0.391	-0.621	1.326	2.338	"3"
"戒"	0	0	1	0.259	0.379	0.361	-0.13	-0.207	0.442	0.779	"3"
"或"	0	0	2	0.519	0.758	0.723	-0.261	-0.414	0.884	1.559	"3"
"战斗机"	0	0	1	0.259	0.379	0.361	-0.13	-0.207	0.442	0.779	"3"
"截至"	0	1	0	0.259	0.379	0.361	-0.13	0.421	-0.195	0.746	"2"
"才"	1	0	5	1.557	2.275	2.168	-0.291	-1.242	1.588	3.121	"3"
"打情骂俏"	0	0	1	0.259	0.379	0.361	-0.13	-0.207	0.442	0.779	"3"
"执行"	0	1	0	0.259	0.379	0.361	-0.13	0.421	-0.195	0.746	"2"
"批发厂"	0	0	1	0.259	0.379	0.361	-0.13	-0.207	0.442	0.779	"3"
"抒情"	0	0	1	0.259	0.379	0.361	-0.13	-0.207	0.442	0.779	"3"
"投宿"	1	0	0	0.259	0.379	0.361	0.586	-0.207	-0.195	0.988	"1"
"投掷"	0	0	1	0.259	0.379	0.361	-0.13	-0.207	0.442	0.779	"3"
"抢先"	0	0	1	0.259	0.379	0.361	-0.13	-0.207	0.442	0.779	"3"
"抢夺"	0	0	1	0.259	0.379	0.361	-0.13	-0.207	0.442	0.779	"3"
"护轮"	1	0	0	0.259	0.379	0.361	0.586	-0.207	-0.195	0.988	"1"
"报佳音"	0	1	0	0.259	0.379	0.361	-0.13	0.421	-0.195	0.746	"2"
"报导"	0	2	0	0.519	0.758	0.723	-0.261	0.842	-0.389	1.492	"2"
"报案"	0	0	1	0.259	0.379	0.361	-0.13	-0.207	0.442	0.779	"3"
"报章"	0	0	1	0.259	0.379	0.361	-0.13	-0.207	0.442	0.779	"3"
"报纸"	0	1	0	0.259	0.379	0.361	-0.13	0.421	-0.195	0.746	"2"
"抵"	0	1	0	0.259	0.379	0.361	-0.13	0.421	-0.195	0.746	"2"
"抵达"	0	4	4	2.076	3.034	2.891	-1.044	0.446	0.497	1.987	"1"
"担任"	0	0	1	0.259	0.379	0.361	-0.13	-0.207	0.442	0.779	"3"
"拉法叶舰"	0	1	0	0.259	0.379	0.361	-0.13	0.421	-0.195	0.746	"2"
"拜年"	0	1	0	0.259	0.379	0.361	-0.13	0.421	-0.195	0.746	"2"
"拜票"	0	0	1	0.259	0.379	0.361	-0.13	-0.207	0.442	0.779	"3"
"拜访"	0	1	0	0.259	0.379	0.361	-0.13	0.421	-0.195	0.746	"2"
"持"	0	0	1	0.259	0.379	0.361	-0.13	-0.207	0.442	0.779	"3"
"持续"	0	1	0	0.259	0.379	0.361	-0.13	0.421	-0.195	0.746	"2"
"挑衅"	0	1	0	0.259	0.379	0.361	-0.13	0.421	-0.195	0.746	"2"
"捷运"	0	2	1	0.778	1.138	1.084	-0.391	0.492	-0.153	1.036	"2"
"掉"	0	0	1	0.259	0.379	0.361	-0.13	-0.207	0.442	0.779	"3"
"排球赛"	0	1	0	0.259	0.379	0.361	-0.13	0.421	-0.195	0.746	"2"
"採访"	0	0	1	0.259	0.379	0.361	-0.13	-0.207	0.442	0.779	"3"
"採购"	0	1	0	0.259	0.379	0.361	-0.13	0.421	-0.195	0.746	"2"
"接到"	0	2	0	0.519	0.758	0.723	-0.261	0.842	-0.389	1.492	"2"
"接受"	0	1	0	0.259	0.379	0.361	-0.13	0.421	-0.195	0.746	"2"
"接报"	0	1	0	0.259	0.379	0.361	-0.13	0.421	-0.195	0.746	"2"
"接获"	0	1	1	0.519	0.758	0.723	-0.261	0.211	0.228	0.7	"1"
"接近"	0	0	1	0.259	0.379	0.361	-0.13	-0.207	0.442	0.779	"3"
"接送"	0	0	1	0.259	0.379	0.361	-0.13	-0.207	0.442	0.779	"3"
"推出"	0	0	2	0.519	0.758	0.723	-0.261	-0.414	0.884	1.559	"3"
"掩护"	0	0	1	0.259	0.379	0.361	-0.13	-0.207	0.442	0.779	"3"
"提克里特"	0	0	1	0.259	0.379	0.361	-0.13	-0.207	0.442	0.779	"3"
"提前"	0	1	1	0.519	0.758	0.723	-0.261	0.211	0.228	0.7	"1"
"搜救"	0	3	0	0.778	1.138	1.084	-0.391	1.263	-0.584	2.238	"2"
"搭"	0	0	1	0.259	0.379	0.361	-0.13	-0.207	0.442	0.779	"3"
"搭乘"	0	5	0	1.297	1.896	1.807	-0.652	2.106	-0.974	3.732	"2"
"摄影"	0	0	1	0.259	0.379	0.361	-0.13	-0.207	0.442	0.779	"3"
"摄影展"	2	0	0	0.519	0.758	0.723	1.172	-0.414	-0.389	1.975	"1"
"摇头丸"	0	0	1	0.259	0.379	0.361	-0.13	-0.207	0.442	0.779	"3"
"摇头摆尾"	0	0	1	0.259	0.379	0.361	-0.13	-0.207	0.442	0.779	"3"
"摊位"	0	0	1	0.259	0.379	0.361	-0.13	-0.207	0.442	0.779	"3"
"摧毁"	0	0	1	0.259	0.379	0.361	-0.13	-0.207	0.442	0.779	"3"
"撒手西归"	0	1	0	0.259	0.379	0.361	-0.13	0.421	-0.195	0.746	"2"
"播"	0	1	2	0.778	1.138	1.084	-0.391	-0.169	0.527	1.087	"3"
"播出"	1	0	5	1.557	2.275	2.168	-0.291	-1.242	1.588	3.121	"3"
"播放"	0	0	1	0.259	0.379	0.361	-0.13	-0.207	0.442	0.779	"3"
"收工"	1	0	0	0.259	0.379	0.361	0.586	-0.207	-0.195	0.988	"1"
"收费"	0	0	4	1.038	1.517	1.445	-0.522	-0.828	1.768	3.118	"3"
"改为"	0	0	1	0.259	0.379	0.361	-0.13	-0.207	0.442	0.779	"3"
"攻击"	0	1	1	0.519	0.758	0.723	-0.261	0.211	0.228	0.7	"1"
"放慢"	0	1	0	0.259	0.379	0.361	-0.13	0.421	-0.195	0.746	"2"
"放映"	1	0	0	0.259	0.379	0.361	0.586	-0.207	-0.195	0.988	"1"
"放置"	0	0	1	0.259	0.379	0.361	-0.13	-0.207	0.442	0.779	"3"
"政论"	0	0	1	0.259	0.379	0.361	-0.13	-0.207	0.442	0.779	"3"
"敌人"	0	0	1	0.259	0.379	0.361	-0.13	-0.207	0.442	0.779	"3"
"救难"	0	2	0	0.519	0.758	0.723	-0.261	0.842	-0.389	1.492	"2"
"教会"	0	3	0	0.778	1.138	1.084	-0.391	1.263	-0.584	2.238	"2"
"敢"	0	0	1	0.259	0.379	0.361	-0.13	-0.207	0.442	0.779	"3"
"散热"	0	0	1	0.259	0.379	0.361	-0.13	-0.207	0.442	0.779	"3"
"敦"	0	0	1	0.259	0.379	0.361	-0.13	-0.207	0.442	0.779	"3"
"数"	1	0	0	0.259	0.379	0.361	0.586	-0.207	-0.195	0.988	"1"
"整"	0	1	2	0.778	1.138	1.084	-0.391	-0.169	0.527	1.087	"3"
"整理"	0	1	0	0.259	0.379	0.361	-0.13	0.421	-0.195	0.746	"2"
"文化组"	0	1	0	0.259	0.379	0.361	-0.13	0.421	-0.195	0.746	"2"
"文华"	0	0	1	0.259	0.379	0.361	-0.13	-0.207	0.442	0.779	"3"
"文章"	0	0	1	0.259	0.379	0.361	-0.13	-0.207	0.442	0.779	"3"
"斗南"	0	1	0	0.259	0.379	0.361	-0.13	0.421	-0.195	0.746	"2"
"斗山"	0	0	1	0.259	0.379	0.361	-0.13	-0.207	0.442	0.779	"3"
"断电"	0	0	1	0.259	0.379	0.361	-0.13	-0.207	0.442	0.779	"3"
"新任"	0	1	0	0.259	0.379	0.361	-0.13	0.421	-0.195	0.746	"2"
"新建"	0	0	1	0.259	0.379	0.361	-0.13	-0.207	0.442	0.779	"3"
"新新闻"	0	3	0	0.778	1.138	1.084	-0.391	1.263	-0.584	2.238	"2"
"新港"	0	1	0	0.259	0.379	0.361	-0.13	0.421	-0.195	0.746	"2"
"新疆"	0	4	0	1.038	1.517	1.445	-0.522	1.684	-0.779	2.985	"2"
"新竹"	0	0	1	0.259	0.379	0.361	-0.13	-0.207	0.442	0.779	"3"
"新竹科"	0	0	1	0.259	0.379	0.361	-0.13	-0.207	0.442	0.779	"3"
"新航"	0	2	0	0.519	0.758	0.723	-0.261	0.842	-0.389	1.492	"2"
"新闻"	0	1	1	0.519	0.758	0.723	-0.261	0.211	0.228	0.7	"1"
"新闻发布会"	0	1	0	0.259	0.379	0.361	-0.13	0.421	-0.195	0.746	"2"
"新闻局"	0	1	0	0.259	0.379	0.361	-0.13	0.421	-0.195	0.746	"2"
"新闻局长"	0	1	0	0.259	0.379	0.361	-0.13	0.421	-0.195	0.746	"2"
"新闻稿"	0	1	0	0.259	0.379	0.361	-0.13	0.421	-0.195	0.746	"2"
"新闻部"	0	1	0	0.259	0.379	0.361	-0.13	0.421	-0.195	0.746	"2"
"方方"	0	1	0	0.259	0.379	0.361	-0.13	0.421	-0.195	0.746	"2"
"施放"	0	1	0	0.259	0.379	0.361	-0.13	0.421	-0.195	0.746	"2"
"旅客"	0	0	1	0.259	0.379	0.361	-0.13	-0.207	0.442	0.779	"3"
"旋律"	0	0	1	0.259	0.379	0.361	-0.13	-0.207	0.442	0.779	"3"
"旋转"	0	0	1	0.259	0.379	0.361	-0.13	-0.207	0.442	0.779	"3"
"旖旎"	0	0	1	0.259	0.379	0.361	-0.13	-0.207	0.442	0.779	"3"
"无礼"	0	0	1	0.259	0.379	0.361	-0.13	-0.207	0.442	0.779	"3"
"日"	11	23	9	11.157	16.306	15.537	-0.253	1.565	-1.614	3.432	"3"
"旧"	0	0	1	0.259	0.379	0.361	-0.13	-0.207	0.442	0.779	"3"
"旧金山"	0	1	0	0.259	0.379	0.361	-0.13	0.421	-0.195	0.746	"2"
"早上"	11	0	0	2.854	4.171	3.975	6.445	-2.278	-2.142	10.865	"1"
"早早"	0	0	1	0.259	0.379	0.361	-0.13	-0.207	0.442	0.779	"3"
"早晨"	0	0	1	0.259	0.379	0.361	-0.13	-0.207	0.442	0.779	"3"
"时分"	0	0	2	0.519	0.758	0.723	-0.261	-0.414	0.884	1.559	"3"
"时后"	0	1	0	0.259	0.379	0.361	-0.13	0.421	-0.195	0.746	"2"
"时段"	1	0	1	0.519	0.758	0.723	0.345	-0.414	0.228	0.987	"2"
"时间"	31	8	8	12.195	17.823	16.983	7.992	-2.787	-2.459	13.238	"1"
"旺"	0	0	1	0.259	0.379	0.361	-0.13	-0.207	0.442	0.779	"3"
"旺宏"	0	0	1	0.259	0.379	0.361	-0.13	-0.207	0.442	0.779	"3"
"明"	0	0	1	0.259	0.379	0.361	-0.13	-0.207	0.442	0.779	"3"
"明天"	4	9	0	3.373	4.93	4.697	0.349	1.654	-2.531	4.534	"3"
"明年元"	0	1	0	0.259	0.379	0.361	-0.13	0.421	-0.195	0.746	"2"
"星"	1	1	4	1.557	2.275	2.168	-0.291	-0.573	0.886	1.75	"3"
"星夜"	0	0	1	0.259	0.379	0.361	-0.13	-0.207	0.442	0.779	"3"
"星期"	1	0	1	0.519	0.758	0.723	0.345	-0.414	0.228	0.987	"2"
"星期一"	4	0	4	2.076	3.034	2.891	0.895	-1.656	0.497	3.048	"2"
"星期三"	4	0	0	1.038	1.517	1.445	2.344	-0.828	-0.779	3.951	"1"
"星期二"	3	0	2	1.297	1.896	1.807	0.944	-1.035	0.227	2.206	"2"
"星期五"	5	0	2	1.816	2.654	2.529	1.818	-1.449	-0.296	3.563	"1"
"星期六"	2	0	4	1.557	2.275	2.168	0.311	-1.242	0.886	2.439	"2"
"星期四"	1	0	0	0.259	0.379	0.361	0.586	-0.207	-0.195	0.988	"1"
"星期天"	1	0	1	0.519	0.758	0.723	0.345	-0.414	0.228	0.987	"2"
"星期日"	5	0	1	1.557	2.275	2.168	2.257	-1.242	-0.525	4.024	"1"
"映画"	0	0	1	0.259	0.379	0.361	-0.13	-0.207	0.442	0.779	"3"
"春风"	0	1	0	0.259	0.379	0.361	-0.13	0.421	-0.195	0.746	"2"
"昨"	0	0	1	0.259	0.379	0.361	-0.13	-0.207	0.442	0.779	"3"
"昨天"	2	6	23	8.043	11.755	11.201	-2.205	-1.653	4.742	8.6	"3"
"昨晚"	0	1	0	0.259	0.379	0.361	-0.13	0.421	-0.195	0.746	"2"
"晋级"	0	1	0	0.259	0.379	0.361	-0.13	0.421	-0.195	0.746	"2"
"晓雨"	0	0	1	0.259	0.379	0.361	-0.13	-0.207	0.442	0.779	"3"
"晚上"	5	2	2	2.335	3.413	3.252	1.247	-0.564	-0.507	2.318	"1"
"晚会"	0	4	0	1.038	1.517	1.445	-0.522	1.684	-0.779	2.985	"2"
"晚宴"	2	3	0	1.297	1.896	1.807	0.412	0.549	-0.974	1.935	"3"
"晚起"	0	0	1	0.259	0.379	0.361	-0.13	-0.207	0.442	0.779	"3"
"晚间"	0	7	0	1.816	2.654	2.529	-0.913	2.948	-1.363	5.224	"2"
"晚餐"	0	1	0	0.259	0.379	0.361	-0.13	0.421	-0.195	0.746	"2"
"晚饭"	0	0	1	0.259	0.379	0.361	-0.13	-0.207	0.442	0.779	"3"
"晤"	0	1	0	0.259	0.379	0.361	-0.13	0.421	-0.195	0.746	"2"
"晨"	0	0	2	0.519	0.758	0.723	-0.261	-0.414	0.884	1.559	"3"
"普降"	0	0	1	0.259	0.379	0.361	-0.13	-0.207	0.442	0.779	"3"
"晴朗"	1	0	0	0.259	0.379	0.361	0.586	-0.207	-0.195	0.988	"1"
"暴雨"	0	0	1	0.259	0.379	0.361	-0.13	-0.207	0.442	0.779	"3"
"更"	0	0	2	0.519	0.758	0.723	-0.261	-0.414	0.884	1.559	"3"
"最多"	0	0	1	0.259	0.379	0.361	-0.13	-0.207	0.442	0.779	"3"
"最近"	0	0	1	0.259	0.379	0.361	-0.13	-0.207	0.442	0.779	"3"
"月"	3	3	0	1.557	2.275	2.168	0.734	0.384	-1.168	2.286	"3"
"月光"	0	0	1	0.259	0.379	0.361	-0.13	-0.207	0.442	0.779	"3"
"有时"	0	0	3	0.778	1.138	1.084	-0.391	-0.621	1.326	2.338	"3"
"有空"	1	0	0	0.259	0.379	0.361	0.586	-0.207	-0.195	0.988	"1"
"服务"	0	0	1	0.259	0.379	0.361	-0.13	-0.207	0.442	0.779	"3"
"服务员"	0	0	1	0.259	0.379	0.361	-0.13	-0.207	0.442	0.779	"3"
"本"	4	1	0	1.297	1.896	1.807	1.746	-0.427	-0.974	3.147	"1"
"本来"	0	0	1	0.259	0.379	0.361	-0.13	-0.207	0.442	0.779	"3"
"朱婉清"	0	1	0	0.259	0.379	0.361	-0.13	0.421	-0.195	0.746	"2"
"朱镕基"	0	1	0	0.259	0.379	0.361	-0.13	0.421	-0.195	0.746	"2"
"机场"	0	1	0	0.259	0.379	0.361	-0.13	0.421	-0.195	0.746	"2"
"机车"	0	0	1	0.259	0.379	0.361	-0.13	-0.207	0.442	0.779	"3"
"杀害"	0	0	1	0.259	0.379	0.361	-0.13	-0.207	0.442	0.779	"3"
"李柏曼"	0	1	0	0.259	0.379	0.361	-0.13	0.421	-0.195	0.746	"2"
"条"	0	0	1	0.259	0.379	0.361	-0.13	-0.207	0.442	0.779	"3"
"来"	0	0	1	0.259	0.379	0.361	-0.13	-0.207	0.442	0.779	"3"
"来临"	0	0	1	0.259	0.379	0.361	-0.13	-0.207	0.442	0.779	"3"
"来到"	0	1	1	0.519	0.758	0.723	-0.261	0.211	0.228	0.7	"1"
"来来"	0	1	0	0.259	0.379	0.361	-0.13	0.421	-0.195	0.746	"2"
"来电"	0	0	1	0.259	0.379	0.361	-0.13	-0.207	0.442	0.779	"3"
"杨丽花"	0	1	0	0.259	0.379	0.361	-0.13	0.421	-0.195	0.746	"2"
"杨照"	0	1	0	0.259	0.379	0.361	-0.13	0.421	-0.195	0.746	"2"
"极端"	0	1	0	0.259	0.379	0.361	-0.13	0.421	-0.195	0.746	"2"
"林厝港"	0	0	1	0.259	0.379	0.361	-0.13	-0.207	0.442	0.779	"3"
"林姓"	0	1	0	0.259	0.379	0.361	-0.13	0.421	-0.195	0.746	"2"
"林姮怡"	0	1	0	0.259	0.379	0.361	-0.13	0.421	-0.195	0.746	"2"
"林峰正"	0	1	0	0.259	0.379	0.361	-0.13	0.421	-0.195	0.746	"2"
"林时机"	0	1	0	0.259	0.379	0.361	-0.13	0.421	-0.195	0.746	"2"
"架次"	0	0	1	0.259	0.379	0.361	-0.13	-0.207	0.442	0.779	"3"
"查证"	0	2	0	0.519	0.758	0.723	-0.261	0.842	-0.389	1.492	"2"
"柯拉采列捷利"	1	0	0	0.259	0.379	0.361	0.586	-0.207	-0.195	0.988	"1"
"校友会馆"	0	1	0	0.259	0.379	0.361	-0.13	0.421	-0.195	0.746	"2"
"核暴"	0	1	0	0.259	0.379	0.361	-0.13	0.421	-0.195	0.746	"2"
"根据"	0	0	1	0.259	0.379	0.361	-0.13	-0.207	0.442	0.779	"3"
"桃园"	0	1	1	0.519	0.758	0.723	-0.261	0.211	0.228	0.7	"1"
"桃园县"	0	1	1	0.519	0.758	0.723	-0.261	0.211	0.228	0.7	"1"
"案发"	0	0	1	0.259	0.379	0.361	-0.13	-0.207	0.442	0.779	"3"
"桑德兰"	1	0	0	0.259	0.379	0.361	0.586	-0.207	-0.195	0.988	"1"
"梁皇"	1	0	0	0.259	0.379	0.361	0.586	-0.207	-0.195	0.988	"1"
"检"	0	0	1	0.259	0.379	0.361	-0.13	-0.207	0.442	0.779	"3"
"检察官"	0	0	1	0.259	0.379	0.361	-0.13	-0.207	0.442	0.779	"3"
"森喜朗"	0	2	0	0.519	0.758	0.723	-0.261	0.842	-0.389	1.492	"2"
"樟宜"	0	0	2	0.519	0.758	0.723	-0.261	-0.414	0.884	1.559	"3"
"次数"	0	0	1	0.259	0.379	0.361	-0.13	-0.207	0.442	0.779	"3"
"次日"	0	0	1	0.259	0.379	0.361	-0.13	-0.207	0.442	0.779	"3"
"欢迎"	0	1	1	0.519	0.758	0.723	-0.261	0.211	0.228	0.7	"1"
"欣赏"	0	1	0	0.259	0.379	0.361	-0.13	0.421	-0.195	0.746	"2"
"歌仔戏团"	0	1	0	0.259	0.379	0.361	-0.13	0.421	-0.195	0.746	"2"
"歌台"	1	0	0	0.259	0.379	0.361	0.586	-0.207	-0.195	0.988	"1"
"歌舞"	0	0	1	0.259	0.379	0.361	-0.13	-0.207	0.442	0.779	"3"
"歌迷"	0	0	1	0.259	0.379	0.361	-0.13	-0.207	0.442	0.779	"3"
"止"	0	1	0	0.259	0.379	0.361	-0.13	0.421	-0.195	0.746	"2"
"正好"	0	1	0	0.259	0.379	0.361	-0.13	0.421	-0.195	0.746	"2"
"武吉巴督"	1	0	0	0.259	0.379	0.361	0.586	-0.207	-0.195	0.988	"1"
"死"	0	0	1	0.259	0.379	0.361	-0.13	-0.207	0.442	0.779	"3"
"每"	10	2	9	5.449	7.963	7.588	1.576	-2.383	0.477	4.436	"2"
"每逢"	2	0	2	1.038	1.517	1.445	0.556	-0.828	0.34	1.724	"2"
"毒瘾"	0	0	1	0.259	0.379	0.361	-0.13	-0.207	0.442	0.779	"3"
"民众"	0	1	1	0.519	0.758	0.723	-0.261	0.211	0.228	0.7	"1"
"民防局"	0	1	0	0.259	0.379	0.361	-0.13	0.421	-0.195	0.746	"2"
"气愤"	0	1	0	0.259	0.379	0.361	-0.13	0.421	-0.195	0.746	"2"
"气温"	0	0	1	0.259	0.379	0.361	-0.13	-0.207	0.442	0.779	"3"
"气象台"	0	4	0	1.038	1.517	1.445	-0.522	1.684	-0.779	2.985	"2"
"气象局"	0	1	0	0.259	0.379	0.361	-0.13	0.421	-0.195	0.746	"2"
"汶莱"	0	1	0	0.259	0.379	0.361	-0.13	0.421	-0.195	0.746	"2"
"沙发"	0	0	1	0.259	0.379	0.361	-0.13	-0.207	0.442	0.779	"3"
"油漆"	0	0	1	0.259	0.379	0.361	-0.13	-0.207	0.442	0.779	"3"
"治安"	0	0	1	0.259	0.379	0.361	-0.13	-0.207	0.442	0.779	"3"
"沿海"	0	0	1	0.259	0.379	0.361	-0.13	-0.207	0.442	0.779	"3"
"法会"	1	1	0	0.519	0.758	0.723	0.345	0.211	-0.389	0.945	"3"
"法拉盛"	0	1	0	0.259	0.379	0.361	-0.13	0.421	-0.195	0.746	"2"
"波道"	1	0	2	0.778	1.138	1.084	0.226	-0.621	0.527	1.374	"2"
"注目"	0	1	0	0.259	0.379	0.361	-0.13	0.421	-0.195	0.746	"2"
"泰国"	0	1	0	0.259	0.379	0.361	-0.13	0.421	-0.195	0.746	"2"
"泰岗"	0	1	0	0.259	0.379	0.361	-0.13	0.421	-0.195	0.746	"2"
"洋洋"	0	0	1	0.259	0.379	0.361	-0.13	-0.207	0.442	0.779	"3"
"活动"	0	0	1	0.259	0.379	0.361	-0.13	-0.207	0.442	0.779	"3"
"流会"	0	0	1	0.259	0.379	0.361	-0.13	-0.207	0.442	0.779	"3"
"测"	0	0	1	0.259	0.379	0.361	-0.13	-0.207	0.442	0.779	"3"
"浪漫"	0	0	2	0.519	0.758	0.723	-0.261	-0.414	0.884	1.559	"3"
"海"	0	0	1	0.259	0.379	0.361	-0.13	-0.207	0.442	0.779	"3"
"海关"	0	0	1	0.259	0.379	0.361	-0.13	-0.207	0.442	0.779	"3"
"海滨"	0	0	1	0.259	0.379	0.361	-0.13	-0.207	0.442	0.779	"3"
"涂层"	0	0	1	0.259	0.379	0.361	-0.13	-0.207	0.442	0.779	"3"
"消防队"	0	1	0	0.259	0.379	0.361	-0.13	0.421	-0.195	0.746	"2"
"涩谷"	0	0	1	0.259	0.379	0.361	-0.13	-0.207	0.442	0.779	"3"
"淡水"	0	1	0	0.259	0.379	0.361	-0.13	0.421	-0.195	0.746	"2"
"淡滨尼"	1	0	0	0.259	0.379	0.361	0.586	-0.207	-0.195	0.988	"1"
"淫贼"	0	0	1	0.259	0.379	0.361	-0.13	-0.207	0.442	0.779	"3"
"深沉"	0	0	1	0.259	0.379	0.361	-0.13	-0.207	0.442	0.779	"3"
"添翼"	1	0	0	0.259	0.379	0.361	0.586	-0.207	-0.195	0.988	"1"
"清晨"	0	0	1	0.259	0.379	0.361	-0.13	-0.207	0.442	0.779	"3"
"渥太华"	0	1	0	0.259	0.379	0.361	-0.13	0.421	-0.195	0.746	"2"
"湄洲"	0	1	0	0.259	0.379	0.361	-0.13	0.421	-0.195	0.746	"2"
"滢"	0	1	0	0.259	0.379	0.361	-0.13	0.421	-0.195	0.746	"2"
"滨海"	3	0	0	0.778	1.138	1.084	1.758	-0.621	-0.584	2.963	"1"
"漏"	0	1	0	0.259	0.379	0.361	-0.13	0.421	-0.195	0.746	"2"
"漏夜"	0	1	0	0.259	0.379	0.361	-0.13	0.421	-0.195	0.746	"2"
"演出"	2	0	1	0.778	1.138	1.084	0.777	-0.621	-0.153	1.551	"1"
"演出地点"	1	0	0	0.259	0.379	0.361	0.586	-0.207	-0.195	0.988	"1"
"演唱"	0	0	2	0.519	0.758	0.723	-0.261	-0.414	0.884	1.559	"3"
"演唱会"	1	2	1	1.038	1.517	1.445	-0.141	0.311	-0.265	0.717	"2"
"演讲"	0	1	0	0.259	0.379	0.361	-0.13	0.421	-0.195	0.746	"2"
"演说"	0	1	0	0.259	0.379	0.361	-0.13	0.421	-0.195	0.746	"2"
"潜入"	0	0	1	0.259	0.379	0.361	-0.13	-0.207	0.442	0.779	"3"
"澄清"	0	1	0	0.259	0.379	0.361	-0.13	0.421	-0.195	0.746	"2"
"澎恰恰"	0	1	0	0.259	0.379	0.361	-0.13	0.421	-0.195	0.746	"2"
"激吻"	0	0	1	0.259	0.379	0.361	-0.13	-0.207	0.442	0.779	"3"
"激素"	0	0	2	0.519	0.758	0.723	-0.261	-0.414	0.884	1.559	"3"
"火势"	0	1	0	0.259	0.379	0.361	-0.13	0.421	-0.195	0.746	"2"
"火把"	0	0	1	0.259	0.379	0.361	-0.13	-0.207	0.442	0.779	"3"
"火箭"	0	0	1	0.259	0.379	0.361	-0.13	-0.207	0.442	0.779	"3"
"灯火"	0	0	1	0.259	0.379	0.361	-0.13	-0.207	0.442	0.779	"3"
"炎热"	0	0	1	0.259	0.379	0.361	-0.13	-0.207	0.442	0.779	"3"
"炸弹"	0	0	1	0.259	0.379	0.361	-0.13	-0.207	0.442	0.779	"3"
"炸死"	0	0	1	0.259	0.379	0.361	-0.13	-0.207	0.442	0.779	"3"
"点"	3	1	14	4.67	6.826	6.504	-0.561	-2.648	3.415	6.624	"3"
"点心"	1	0	0	0.259	0.379	0.361	0.586	-0.207	-0.195	0.988	"1"
"烟毒犯"	0	0	1	0.259	0.379	0.361	-0.13	-0.207	0.442	0.779	"3"
"烟火"	0	1	0	0.259	0.379	0.361	-0.13	0.421	-0.195	0.746	"2"
"热"	0	0	1	0.259	0.379	0.361	-0.13	-0.207	0.442	0.779	"3"
"热量"	0	0	1	0.259	0.379	0.361	-0.13	-0.207	0.442	0.779	"3"
"焰火"	0	1	0	0.259	0.379	0.361	-0.13	0.421	-0.195	0.746	"2"
"照明"	0	0	2	0.519	0.758	0.723	-0.261	-0.414	0.884	1.559	"3"
"熄灯"	1	0	0	0.259	0.379	0.361	0.586	-0.207	-0.195	0.988	"1"
"熘冰场"	0	0	1	0.259	0.379	0.361	-0.13	-0.207	0.442	0.779	"3"
"熟睡"	0	0	1	0.259	0.379	0.361	-0.13	-0.207	0.442	0.779	"3"
"燃料"	0	0	1	0.259	0.379	0.361	-0.13	-0.207	0.442	0.779	"3"
"燃灯"	1	0	0	0.259	0.379	0.361	0.586	-0.207	-0.195	0.988	"1"
"爆炸"	0	1	0	0.259	0.379	0.361	-0.13	0.421	-0.195	0.746	"2"
"特兰蒂尼昂"	0	0	1	0.259	0.379	0.361	-0.13	-0.207	0.442	0.779	"3"
"特质"	0	1	0	0.259	0.379	0.361	-0.13	0.421	-0.195	0.746	"2"
"特辑"	0	0	1	0.259	0.379	0.361	-0.13	-0.207	0.442	0.779	"3"
"特首"	0	1	0	0.259	0.379	0.361	-0.13	0.421	-0.195	0.746	"2"
"犹太人"	0	0	1	0.259	0.379	0.361	-0.13	-0.207	0.442	0.779	"3"
"狂欢"	0	0	1	0.259	0.379	0.361	-0.13	-0.207	0.442	0.779	"3"
"狙击手"	0	0	1	0.259	0.379	0.361	-0.13	-0.207	0.442	0.779	"3"
"独自"	0	1	0	0.259	0.379	0.361	-0.13	0.421	-0.195	0.746	"2"
"狮"	0	0	1	0.259	0.379	0.361	-0.13	-0.207	0.442	0.779	"3"
"狮城"	0	0	1	0.259	0.379	0.361	-0.13	-0.207	0.442	0.779	"3"
"王国"	0	1	0	0.259	0.379	0.361	-0.13	0.421	-0.195	0.746	"2"
"王姓"	0	1	0	0.259	0.379	0.361	-0.13	0.421	-0.195	0.746	"2"
"现状"	0	0	1	0.259	0.379	0.361	-0.13	-0.207	0.442	0.779	"3"
"现身"	0	1	0	0.259	0.379	0.361	-0.13	0.421	-0.195	0.746	"2"
"珊妮"	0	2	0	0.519	0.758	0.723	-0.261	0.842	-0.389	1.492	"2"
"珍宝记"	1	0	0	0.259	0.379	0.361	0.586	-0.207	-0.195	0.988	"1"
"班"	2	0	0	0.519	0.758	0.723	1.172	-0.414	-0.389	1.975	"1"
"班机"	0	4	0	1.038	1.517	1.445	-0.522	1.684	-0.779	2.985	"2"
"班距"	0	3	0	0.778	1.138	1.084	-0.391	1.263	-0.584	2.238	"2"
"球场"	0	0	1	0.259	0.379	0.361	-0.13	-0.207	0.442	0.779	"3"
"球赛"	0	0	1	0.259	0.379	0.361	-0.13	-0.207	0.442	0.779	"3"
"琴韵"	0	1	0	0.259	0.379	0.361	-0.13	0.421	-0.195	0.746	"2"
"瑞斯"	0	1	0	0.259	0.379	0.361	-0.13	0.421	-0.195	0.746	"2"
"璀璨"	0	0	1	0.259	0.379	0.361	-0.13	-0.207	0.442	0.779	"3"
"瓦希德"	0	0	3	0.778	1.138	1.084	-0.391	-0.621	1.326	2.338	"3"
"甚"	0	0	1	0.259	0.379	0.361	-0.13	-0.207	0.442	0.779	"3"
"生利"	0	1	0	0.259	0.379	0.361	-0.13	0.421	-0.195	0.746	"2"
"生意"	0	1	0	0.259	0.379	0.361	-0.13	0.421	-0.195	0.746	"2"
"生长"	0	0	1	0.259	0.379	0.361	-0.13	-0.207	0.442	0.779	"3"
"生饮"	0	0	1	0.259	0.379	0.361	-0.13	-0.207	0.442	0.779	"3"
"甫"	0	1	0	0.259	0.379	0.361	-0.13	0.421	-0.195	0.746	"2"
"田弘茂"	0	1	0	0.259	0.379	0.361	-0.13	0.421	-0.195	0.746	"2"
"田径场"	0	1	0	0.259	0.379	0.361	-0.13	0.421	-0.195	0.746	"2"
"电力站"	1	0	0	0.259	0.379	0.361	0.586	-0.207	-0.195	0.988	"1"
"电梯"	0	0	1	0.259	0.379	0.361	-0.13	-0.207	0.442	0.779	"3"
"电缆"	0	0	1	0.259	0.379	0.361	-0.13	-0.207	0.442	0.779	"3"
"电视"	1	1	2	1.038	1.517	1.445	-0.141	-0.291	0.34	0.772	"3"
"电视台"	0	0	2	0.519	0.758	0.723	-0.261	-0.414	0.884	1.559	"3"
"电视机"	0	0	1	0.259	0.379	0.361	-0.13	-0.207	0.442	0.779	"3"
"电话"	4	2	1	1.816	2.654	2.529	1.099	-0.332	-0.668	2.099	"1"
"电车"	0	1	0	0.259	0.379	0.361	-0.13	0.421	-0.195	0.746	"2"
"男子"	0	0	2	0.519	0.758	0.723	-0.261	-0.414	0.884	1.559	"3"
"畔"	0	1	0	0.259	0.379	0.361	-0.13	0.421	-0.195	0.746	"2"
"疑似"	0	2	0	0.519	0.758	0.723	-0.261	0.842	-0.389	1.492	"2"
"登场"	0	4	0	1.038	1.517	1.445	-0.522	1.684	-0.779	2.985	"2"
"白"	0	0	1	0.259	0.379	0.361	-0.13	-0.207	0.442	0.779	"3"
"白天"	0	0	11	2.854	4.171	3.975	-1.435	-2.278	4.863	8.576	"3"
"百货"	0	3	0	0.778	1.138	1.084	-0.391	1.263	-0.584	2.238	"2"
"盐寮"	0	0	1	0.259	0.379	0.361	-0.13	-0.207	0.442	0.779	"3"
"盛宴"	1	0	0	0.259	0.379	0.361	0.586	-0.207	-0.195	0.988	"1"
"直到"	0	3	2	1.297	1.896	1.807	-0.652	0.549	0.227	1.428	"1"
"直升机"	0	0	2	0.519	0.758	0.723	-0.261	-0.414	0.884	1.559	"3"
"直播"	1	0	2	0.778	1.138	1.084	0.226	-0.621	0.527	1.374	"2"
"直至"	0	0	1	0.259	0.379	0.361	-0.13	-0.207	0.442	0.779	"3"
"相反"	0	0	1	0.259	0.379	0.361	-0.13	-0.207	0.442	0.779	"3"
"看见"	0	0	1	0.259	0.379	0.361	-0.13	-0.207	0.442	0.779	"3"
"着"	0	0	1	0.259	0.379	0.361	-0.13	-0.207	0.442	0.779	"3"
"睡"	0	0	3	0.778	1.138	1.084	-0.391	-0.621	1.326	2.338	"3"
"睡眠"	0	0	1	0.259	0.379	0.361	-0.13	-0.207	0.442	0.779	"3"
"睡觉"	1	0	2	0.778	1.138	1.084	0.226	-0.621	0.527	1.374	"2"
"督促"	0	0	1	0.259	0.379	0.361	-0.13	-0.207	0.442	0.779	"3"
"石头"	0	0	1	0.259	0.379	0.361	-0.13	-0.207	0.442	0.779	"3"
"砲"	0	0	1	0.259	0.379	0.361	-0.13	-0.207	0.442	0.779	"3"
"砲兵"	0	0	1	0.259	0.379	0.361	-0.13	-0.207	0.442	0.779	"3"
"破坏"	0	0	1	0.259	0.379	0.361	-0.13	-0.207	0.442	0.779	"3"
"礼堂"	1	0	0	0.259	0.379	0.361	0.586	-0.207	-0.195	0.988	"1"
"祖厝"	0	1	0	0.259	0.379	0.361	-0.13	0.421	-0.195	0.746	"2"
"祝"	0	1	0	0.259	0.379	0.361	-0.13	0.421	-0.195	0.746	"2"
"祝基"	0	1	0	0.259	0.379	0.361	-0.13	0.421	-0.195	0.746	"2"
"神秘"	0	1	0	0.259	0.379	0.361	-0.13	0.421	-0.195	0.746	"2"
"票价"	3	0	0	0.778	1.138	1.084	1.758	-0.621	-0.584	2.963	"1"
"福乐"	0	1	0	0.259	0.379	0.361	-0.13	0.421	-0.195	0.746	"2"
"福德"	1	0	0	0.259	0.379	0.361	0.586	-0.207	-0.195	0.988	"1"
"离开"	1	1	2	1.038	1.517	1.445	-0.141	-0.291	0.34	0.772	"3"
"科学园区"	0	0	1	0.259	0.379	0.361	-0.13	-0.207	0.442	0.779	"3"
"科普"	0	0	1	0.259	0.379	0.361	-0.13	-0.207	0.442	0.779	"3"
"秘密"	0	1	0	0.259	0.379	0.361	-0.13	0.421	-0.195	0.746	"2"
"秦屿水"	0	0	1	0.259	0.379	0.361	-0.13	-0.207	0.442	0.779	"3"
"移"	0	1	0	0.259	0.379	0.361	-0.13	0.421	-0.195	0.746	"2"
"稿"	0	1	0	0.259	0.379	0.361	-0.13	0.421	-0.195	0.746	"2"
"究竟"	0	1	0	0.259	0.379	0.361	-0.13	0.421	-0.195	0.746	"2"
"空地"	0	0	1	0.259	0.379	0.361	-0.13	-0.207	0.442	0.779	"3"
"空荡荡"	1	0	0	0.259	0.379	0.361	0.586	-0.207	-0.195	0.988	"1"
"突然"	0	0	1	0.259	0.379	0.361	-0.13	-0.207	0.442	0.779	"3"
"窃贼"	0	0	1	0.259	0.379	0.361	-0.13	-0.207	0.442	0.779	"3"
"立法委员"	0	1	0	0.259	0.379	0.361	-0.13	0.421	-0.195	0.746	"2"
"站"	0	0	1	0.259	0.379	0.361	-0.13	-0.207	0.442	0.779	"3"
"第"	0	0	1	0.259	0.379	0.361	-0.13	-0.207	0.442	0.779	"3"
"第22"	0	0	2	0.519	0.758	0.723	-0.261	-0.414	0.884	1.559	"3"
"筒"	1	0	0	0.259	0.379	0.361	0.586	-0.207	-0.195	0.988	"1"
"答覆"	0	1	0	0.259	0.379	0.361	-0.13	0.421	-0.195	0.746	"2"
"签名会"	1	0	0	0.259	0.379	0.361	0.586	-0.207	-0.195	0.988	"1"
"签唱会"	0	0	2	0.519	0.758	0.723	-0.261	-0.414	0.884	1.559	"3"
"管制"	0	1	0	0.259	0.379	0.361	-0.13	0.421	-0.195	0.746	"2"
"粤语"	0	0	1	0.259	0.379	0.361	-0.13	-0.207	0.442	0.779	"3"
"精致"	0	1	0	0.259	0.379	0.361	-0.13	0.421	-0.195	0.746	"2"
"精选"	0	0	1	0.259	0.379	0.361	-0.13	-0.207	0.442	0.779	"3"
"繁重"	0	0	1	0.259	0.379	0.361	-0.13	-0.207	0.442	0.779	"3"
"约谈"	0	1	0	0.259	0.379	0.361	-0.13	0.421	-0.195	0.746	"2"
"纪念馆"	0	1	0	0.259	0.379	0.361	-0.13	0.421	-0.195	0.746	"2"
"纳粹"	0	0	1	0.259	0.379	0.361	-0.13	-0.207	0.442	0.779	"3"
"纽约"	0	1	0	0.259	0.379	0.361	-0.13	0.421	-0.195	0.746	"2"
"组屋"	0	0	3	0.778	1.138	1.084	-0.391	-0.621	1.326	2.338	"3"
"细雨"	0	0	1	0.259	0.379	0.361	-0.13	-0.207	0.442	0.779	"3"
"终结"	0	0	1	0.259	0.379	0.361	-0.13	-0.207	0.442	0.779	"3"
"绍兴"	0	0	1	0.259	0.379	0.361	-0.13	-0.207	0.442	0.779	"3"
"经常"	0	0	4	1.038	1.517	1.445	-0.522	-0.828	1.768	3.118	"3"
"经过"	0	1	0	0.259	0.379	0.361	-0.13	0.421	-0.195	0.746	"2"
"绑架案"	0	0	1	0.259	0.379	0.361	-0.13	-0.207	0.442	0.779	"3"
"结束"	1	5	0	1.557	2.275	2.168	-0.291	1.492	-1.168	2.951	"2"
"结社"	0	1	0	0.259	0.379	0.361	-0.13	0.421	-0.195	0.746	"2"
"维多利亚"	0	1	0	0.259	0.379	0.361	-0.13	0.421	-0.195	0.746	"2"
"罗"	0	0	1	0.259	0.379	0.361	-0.13	-0.207	0.442	0.779	"3"
"罗文嘉"	0	1	0	0.259	0.379	0.361	-0.13	0.421	-0.195	0.746	"2"
"美东"	0	1	0	0.259	0.379	0.361	-0.13	0.421	-0.195	0.746	"2"
"美军"	0	0	3	0.778	1.138	1.084	-0.391	-0.621	1.326	2.338	"3"
"美加华蒂"	0	0	1	0.259	0.379	0.361	-0.13	-0.207	0.442	0.779	"3"
"翡翠"	0	0	5	1.297	1.896	1.807	-0.652	-1.035	2.21	3.897	"3"
"老家"	0	1	0	0.259	0.379	0.361	-0.13	0.421	-0.195	0.746	"2"
"耶诞"	0	1	0	0.259	0.379	0.361	-0.13	0.421	-0.195	0.746	"2"
"联合"	0	1	0	0.259	0.379	0.361	-0.13	0.421	-0.195	0.746	"2"
"联合晚报"	0	1	0	0.259	0.379	0.361	-0.13	0.421	-0.195	0.746	"2"
"联欢"	0	1	0	0.259	0.379	0.361	-0.13	0.421	-0.195	0.746	"2"
"联谊"	0	1	0	0.259	0.379	0.361	-0.13	0.421	-0.195	0.746	"2"
"联谊会"	0	1	0	0.259	0.379	0.361	-0.13	0.421	-0.195	0.746	"2"
"肯皮亚图尔济"	0	0	1	0.259	0.379	0.361	-0.13	-0.207	0.442	0.779	"3"
"胆"	0	0	1	0.259	0.379	0.361	-0.13	-0.207	0.442	0.779	"3"
"胡"	0	0	1	0.259	0.379	0.361	-0.13	-0.207	0.442	0.779	"3"
"胡志强"	0	1	0	0.259	0.379	0.361	-0.13	0.421	-0.195	0.746	"2"
"胡托莫"	0	0	1	0.259	0.379	0.361	-0.13	-0.207	0.442	0.779	"3"
"能见度"	0	0	1	0.259	0.379	0.361	-0.13	-0.207	0.442	0.779	"3"
"脚巴刹溜跶"	0	0	1	0.259	0.379	0.361	-0.13	-0.207	0.442	0.779	"3"
"脱口秀"	0	0	2	0.519	0.758	0.723	-0.261	-0.414	0.884	1.559	"3"
"脱落"	0	0	1	0.259	0.379	0.361	-0.13	-0.207	0.442	0.779	"3"
"自"	0	2	0	0.519	0.758	0.723	-0.261	0.842	-0.389	1.492	"2"
"自来水"	0	0	1	0.259	0.379	0.361	-0.13	-0.207	0.442	0.779	"3"
"至"	32	11	3	11.935	17.444	16.621	9.128	-1.488	-5.465	16.081	"1"
"船只"	0	0	1	0.259	0.379	0.361	-0.13	-0.207	0.442	0.779	"3"
"艘"	0	0	1	0.259	0.379	0.361	-0.13	-0.207	0.442	0.779	"3"
"艺术节"	2	0	0	0.519	0.758	0.723	1.172	-0.414	-0.389	1.975	"1"
"节目"	0	2	4	1.557	2.275	2.168	-0.783	-0.231	0.886	1.9	"3"
"节目主"	0	0	1	0.259	0.379	0.361	-0.13	-0.207	0.442	0.779	"3"
"花篮"	0	1	0	0.259	0.379	0.361	-0.13	0.421	-0.195	0.746	"2"
"芽笼"	1	0	0	0.259	0.379	0.361	0.586	-0.207	-0.195	0.988	"1"
"苏正平"	0	1	0	0.259	0.379	0.361	-0.13	0.421	-0.195	0.746	"2"
"茂"	0	1	0	0.259	0.379	0.361	-0.13	0.421	-0.195	0.746	"2"
"茶会"	0	1	0	0.259	0.379	0.361	-0.13	0.421	-0.195	0.746	"2"
"茶叙"	1	0	0	0.259	0.379	0.361	0.586	-0.207	-0.195	0.988	"1"
"茶水费"	0	0	1	0.259	0.379	0.361	-0.13	-0.207	0.442	0.779	"3"
"荷兰"	0	0	2	0.519	0.758	0.723	-0.261	-0.414	0.884	1.559	"3"
"莅临"	0	1	0	0.259	0.379	0.361	-0.13	0.421	-0.195	0.746	"2"
"获准"	0	2	0	0.519	0.758	0.723	-0.261	0.842	-0.389	1.492	"2"
"菜"	1	0	1	0.519	0.758	0.723	0.345	-0.414	0.228	0.987	"2"
"营"	0	0	1	0.259	0.379	0.361	-0.13	-0.207	0.442	0.779	"3"
"营业"	6	0	0	1.557	2.275	2.168	3.516	-1.242	-1.168	5.926	"1"
"营区"	0	0	3	0.778	1.138	1.084	-0.391	-0.621	1.326	2.338	"3"
"萨哈夫"	0	1	0	0.259	0.379	0.361	-0.13	0.421	-0.195	0.746	"2"
"萨尔瓦多"	0	1	0	0.259	0.379	0.361	-0.13	0.421	-0.195	0.746	"2"
"葛巴"	0	0	1	0.259	0.379	0.361	-0.13	-0.207	0.442	0.779	"3"
"葡萄牙语"	0	0	1	0.259	0.379	0.361	-0.13	-0.207	0.442	0.779	"3"
"蒲亭"	0	1	0	0.259	0.379	0.361	-0.13	0.421	-0.195	0.746	"2"
"蔡义雄"	0	1	0	0.259	0.379	0.361	-0.13	0.421	-0.195	0.746	"2"
"蔡兴华"	0	0	1	0.259	0.379	0.361	-0.13	-0.207	0.442	0.779	"3"
"蔡明宪"	0	1	0	0.259	0.379	0.361	-0.13	0.421	-0.195	0.746	"2"
"薛文献"	0	0	1	0.259	0.379	0.361	-0.13	-0.207	0.442	0.779	"3"
"藉着"	0	0	1	0.259	0.379	0.361	-0.13	-0.207	0.442	0.779	"3"
"虎猫"	0	0	1	0.259	0.379	0.361	-0.13	-0.207	0.442	0.779	"3"
"虚惊"	0	1	0	0.259	0.379	0.361	-0.13	0.421	-0.195	0.746	"2"
"蚊虫"	1	0	0	0.259	0.379	0.361	0.586	-0.207	-0.195	0.988	"1"
"行"	0	1	1	0.519	0.758	0.723	-0.261	0.211	0.228	0.7	"1"
"行人"	0	1	0	0.259	0.379	0.361	-0.13	0.421	-0.195	0.746	"2"
"行政院"	0	1	0	0.259	0.379	0.361	-0.13	0.421	-0.195	0.746	"2"
"行政院长"	0	2	0	0.519	0.758	0.723	-0.261	0.842	-0.389	1.492	"2"
"行车"	0	2	0	0.519	0.758	0.723	-0.261	0.842	-0.389	1.492	"2"
"衣"	0	1	0	0.259	0.379	0.361	-0.13	0.421	-0.195	0.746	"2"
"表决"	0	1	0	0.259	0.379	0.361	-0.13	0.421	-0.195	0.746	"2"
"表演"	3	1	1	1.297	1.896	1.807	0.944	-0.427	-0.391	1.762	"1"
"表演赛"	0	1	0	0.259	0.379	0.361	-0.13	0.421	-0.195	0.746	"2"
"被"	0	0	2	0.519	0.758	0.723	-0.261	-0.414	0.884	1.559	"3"
"被告"	1	0	0	0.259	0.379	0.361	0.586	-0.207	-0.195	0.988	"1"
"裁定"	0	1	0	0.259	0.379	0.361	-0.13	0.421	-0.195	0.746	"2"
"西北"	0	2	0	0.519	0.758	0.723	-0.261	0.842	-0.389	1.492	"2"
"西北部"	0	0	1	0.259	0.379	0.361	-0.13	-0.207	0.442	0.779	"3"
"西南"	1	0	0	0.259	0.379	0.361	0.586	-0.207	-0.195	0.988	"1"
"西门町"	0	2	2	1.038	1.517	1.445	-0.522	0.311	0.34	1.173	"1"
"见识"	0	1	0	0.259	0.379	0.361	-0.13	0.421	-0.195	0.746	"2"
"观赏"	0	0	1	0.259	0.379	0.361	-0.13	-0.207	0.442	0.779	"3"
"视察"	0	0	1	0.259	0.379	0.361	-0.13	-0.207	0.442	0.779	"3"
"警"	0	0	1	0.259	0.379	0.361	-0.13	-0.207	0.442	0.779	"3"
"警察局"	0	0	1	0.259	0.379	0.361	-0.13	-0.207	0.442	0.779	"3"
"警局"	0	0	1	0.259	0.379	0.361	-0.13	-0.207	0.442	0.779	"3"
"警岗"	0	0	1	0.259	0.379	0.361	-0.13	-0.207	0.442	0.779	"3"
"警报"	0	1	0	0.259	0.379	0.361	-0.13	0.421	-0.195	0.746	"2"
"警方"	0	3	2	1.297	1.896	1.807	-0.652	0.549	0.227	1.428	"1"
"计程车"	0	1	1	0.519	0.758	0.723	-0.261	0.211	0.228	0.7	"1"
"订"	0	1	0	0.259	0.379	0.361	-0.13	0.421	-0.195	0.746	"2"
"记者会"	0	3	2	1.297	1.896	1.807	-0.652	0.549	0.227	1.428	"1"
"讲座"	1	0	0	0.259	0.379	0.361	0.586	-0.207	-0.195	0.988	"1"
"许"	6	6	0	3.113	4.55	4.336	1.194	0.551	-2.337	4.082	"3"
"设备"	0	0	2	0.519	0.758	0.723	-0.261	-0.414	0.884	1.559	"3"
"访"	0	0	1	0.259	0.379	0.361	-0.13	-0.207	0.442	0.779	"3"
"访友"	0	1	0	0.259	0.379	0.361	-0.13	0.421	-0.195	0.746	"2"
"证实"	0	1	0	0.259	0.379	0.361	-0.13	0.421	-0.195	0.746	"2"
"诉状"	0	1	0	0.259	0.379	0.361	-0.13	0.421	-0.195	0.746	"2"
"诉讼法"	0	0	1	0.259	0.379	0.361	-0.13	-0.207	0.442	0.779	"3"
"诗情画意"	0	0	1	0.259	0.379	0.361	-0.13	-0.207	0.442	0.779	"3"
"诗班"	0	1	0	0.259	0.379	0.361	-0.13	0.421	-0.195	0.746	"2"
"询问"	0	1	0	0.259	0.379	0.361	-0.13	0.421	-0.195	0.746	"2"
"请"	0	0	1	0.259	0.379	0.361	-0.13	-0.207	0.442	0.779	"3"
"请辞"	0	2	0	0.519	0.758	0.723	-0.261	0.842	-0.389	1.492	"2"
"谈话"	0	2	0	0.519	0.758	0.723	-0.261	0.842	-0.389	1.492	"2"
"豪杰"	0	1	0	0.259	0.379	0.361	-0.13	0.421	-0.195	0.746	"2"
"财政部"	0	0	1	0.259	0.379	0.361	-0.13	-0.207	0.442	0.779	"3"
"质询"	0	1	0	0.259	0.379	0.361	-0.13	0.421	-0.195	0.746	"2"
"购物"	1	0	0	0.259	0.379	0.361	0.586	-0.207	-0.195	0.988	"1"
"贵宾"	0	1	0	0.259	0.379	0.361	-0.13	0.421	-0.195	0.746	"2"
"贺年"	0	0	1	0.259	0.379	0.361	-0.13	-0.207	0.442	0.779	"3"
"赚取"	0	0	1	0.259	0.379	0.361	-0.13	-0.207	0.442	0.779	"3"
"赛程"	3	0	0	0.778	1.138	1.084	1.758	-0.621	-0.584	2.963	"1"
"赵学"	0	0	1	0.259	0.379	0.361	-0.13	-0.207	0.442	0.779	"3"
"赶"	0	0	1	0.259	0.379	0.361	-0.13	-0.207	0.442	0.779	"3"
"赶往"	0	1	1	0.519	0.758	0.723	-0.261	0.211	0.228	0.7	"1"
"起"	5	9	5	4.93	7.205	6.865	0.242	0.574	-0.581	1.397	"3"
"起到"	0	0	1	0.259	0.379	0.361	-0.13	-0.207	0.442	0.779	"3"
"起床"	1	0	0	0.259	0.379	0.361	0.586	-0.207	-0.195	0.988	"1"
"起点"	0	1	0	0.259	0.379	0.361	-0.13	0.421	-0.195	0.746	"2"
"起飞"	0	2	1	0.778	1.138	1.084	-0.391	0.492	-0.153	1.036	"2"
"趁"	0	0	1	0.259	0.379	0.361	-0.13	-0.207	0.442	0.779	"3"
"越洋"	0	1	0	0.259	0.379	0.361	-0.13	0.421	-0.195	0.746	"2"
"跑到"	0	0	1	0.259	0.379	0.361	-0.13	-0.207	0.442	0.779	"3"
"跨年"	0	3	0	0.778	1.138	1.084	-0.391	1.263	-0.584	2.238	"2"
"路竹"	0	0	1	0.259	0.379	0.361	-0.13	-0.207	0.442	0.779	"3"
"路线"	0	2	0	0.519	0.758	0.723	-0.261	0.842	-0.389	1.492	"2"
"跳"	0	0	1	0.259	0.379	0.361	-0.13	-0.207	0.442	0.779	"3"
"躲"	1	0	0	0.259	0.379	0.361	0.586	-0.207	-0.195	0.988	"1"
"躺椅"	0	0	1	0.259	0.379	0.361	-0.13	-0.207	0.442	0.779	"3"
"车子"	0	0	2	0.519	0.758	0.723	-0.261	-0.414	0.884	1.559	"3"
"车祸"	1	0	0	0.259	0.379	0.361	0.586	-0.207	-0.195	0.988	"1"
"车简"	0	1	0	0.259	0.379	0.361	-0.13	0.421	-0.195	0.746	"2"
"车辆"	0	1	0	0.259	0.379	0.361	-0.13	0.421	-0.195	0.746	"2"
"车速"	0	2	0	0.519	0.758	0.723	-0.261	0.842	-0.389	1.492	"2"
"转述"	0	1	0	0.259	0.379	0.361	-0.13	0.421	-0.195	0.746	"2"
"载到"	0	0	1	0.259	0.379	0.361	-0.13	-0.207	0.442	0.779	"3"
"较少"	0	0	1	0.259	0.379	0.361	-0.13	-0.207	0.442	0.779	"3"
"辅仁"	0	1	0	0.259	0.379	0.361	-0.13	0.421	-0.195	0.746	"2"
"辐射"	0	0	1	0.259	0.379	0.361	-0.13	-0.207	0.442	0.779	"3"
"辞意"	0	2	0	0.519	0.758	0.723	-0.261	0.842	-0.389	1.492	"2"
"辩论"	0	1	0	0.259	0.379	0.361	-0.13	0.421	-0.195	0.746	"2"
"边巴"	0	0	1	0.259	0.379	0.361	-0.13	-0.207	0.442	0.779	"3"
"过去"	0	0	1	0.259	0.379	0.361	-0.13	-0.207	0.442	0.779	"3"
"迎头"	0	0	1	0.259	0.379	0.361	-0.13	-0.207	0.442	0.779	"3"
"迎客"	0	0	1	0.259	0.379	0.361	-0.13	-0.207	0.442	0.779	"3"
"迎战"	1	0	0	0.259	0.379	0.361	0.586	-0.207	-0.195	0.988	"1"
"迎春"	1	0	0	0.259	0.379	0.361	0.586	-0.207	-0.195	0.988	"1"
"运量"	0	1	0	0.259	0.379	0.361	-0.13	0.421	-0.195	0.746	"2"
"返台"	0	2	0	0.519	0.758	0.723	-0.261	0.842	-0.389	1.492	"2"
"返回"	0	1	0	0.259	0.379	0.361	-0.13	0.421	-0.195	0.746	"2"
"返国"	0	1	0	0.259	0.379	0.361	-0.13	0.421	-0.195	0.746	"2"
"返港"	1	0	0	0.259	0.379	0.361	0.586	-0.207	-0.195	0.988	"1"
"这时"	0	0	1	0.259	0.379	0.361	-0.13	-0.207	0.442	0.779	"3"
"这里"	0	0	1	0.259	0.379	0.361	-0.13	-0.207	0.442	0.779	"3"
"连"	0	0	2	0.519	0.758	0.723	-0.261	-0.414	0.884	1.559	"3"
"连续"	0	0	2	0.519	0.758	0.723	-0.261	-0.414	0.884	1.559	"3"
"迪"	0	0	1	0.259	0.379	0.361	-0.13	-0.207	0.442	0.779	"3"
"述说"	0	1	0	0.259	0.379	0.361	-0.13	0.421	-0.195	0.746	"2"
"追查"	0	1	0	0.259	0.379	0.361	-0.13	0.421	-0.195	0.746	"2"
"逃走"	1	0	0	0.259	0.379	0.361	0.586	-0.207	-0.195	0.988	"1"
"逃跑"	0	0	1	0.259	0.379	0.361	-0.13	-0.207	0.442	0.779	"3"
"递解"	0	0	1	0.259	0.379	0.361	-0.13	-0.207	0.442	0.779	"3"
"通常"	1	0	1	0.519	0.758	0.723	0.345	-0.414	0.228	0.987	"2"
"通电话"	0	2	0	0.519	0.758	0.723	-0.261	0.842	-0.389	1.492	"2"
"造势"	0	0	1	0.259	0.379	0.361	-0.13	-0.207	0.442	0.779	"3"
"逢"	1	0	0	0.259	0.379	0.361	0.586	-0.207	-0.195	0.988	"1"
"逮人"	0	0	1	0.259	0.379	0.361	-0.13	-0.207	0.442	0.779	"3"
"週一"	0	1	0	0.259	0.379	0.361	-0.13	0.421	-0.195	0.746	"2"
"週三"	0	1	0	0.259	0.379	0.361	-0.13	0.421	-0.195	0.746	"2"
"週五"	0	1	0	0.259	0.379	0.361	-0.13	0.421	-0.195	0.746	"2"
"週末"	0	0	1	0.259	0.379	0.361	-0.13	-0.207	0.442	0.779	"3"
"遗憾"	0	0	1	0.259	0.379	0.361	-0.13	-0.207	0.442	0.779	"3"
"遭"	0	0	2	0.519	0.758	0.723	-0.261	-0.414	0.884	1.559	"3"
"遭到"	0	0	1	0.259	0.379	0.361	-0.13	-0.207	0.442	0.779	"3"
"避兰"	0	0	1	0.259	0.379	0.361	-0.13	-0.207	0.442	0.779	"3"
"邀请"	0	2	0	0.519	0.758	0.723	-0.261	0.842	-0.389	1.492	"2"
"邀集"	0	1	0	0.259	0.379	0.361	-0.13	0.421	-0.195	0.746	"2"
"那天"	0	0	2	0.519	0.758	0.723	-0.261	-0.414	0.884	1.559	"3"
"邮件"	1	0	0	0.259	0.379	0.361	0.586	-0.207	-0.195	0.988	"1"
"郊外"	0	1	0	0.259	0.379	0.361	-0.13	0.421	-0.195	0.746	"2"
"郎"	0	0	1	0.259	0.379	0.361	-0.13	-0.207	0.442	0.779	"3"
"郑秀文"	0	0	2	0.519	0.758	0.723	-0.261	-0.414	0.884	1.559	"3"
"郑重"	0	1	0	0.259	0.379	0.361	-0.13	0.421	-0.195	0.746	"2"
"部队"	0	0	1	0.259	0.379	0.361	-0.13	-0.207	0.442	0.779	"3"
"酒会"	0	4	0	1.038	1.517	1.445	-0.522	1.684	-0.779	2.985	"2"
"酒吧"	0	0	2	0.519	0.758	0.723	-0.261	-0.414	0.884	1.559	"3"
"酒廊"	0	0	2	0.519	0.758	0.723	-0.261	-0.414	0.884	1.559	"3"
"酒楼"	1	0	0	0.259	0.379	0.361	0.586	-0.207	-0.195	0.988	"1"
"醋"	0	0	1	0.259	0.379	0.361	-0.13	-0.207	0.442	0.779	"3"
"野生"	0	0	1	0.259	0.379	0.361	-0.13	-0.207	0.442	0.779	"3"
"金刚"	1	0	0	0.259	0.379	0.361	0.586	-0.207	-0.195	0.988	"1"
"金正日"	0	0	1	0.259	0.379	0.361	-0.13	-0.207	0.442	0.779	"3"
"金马奖"	0	1	0	0.259	0.379	0.361	-0.13	0.421	-0.195	0.746	"2"
"鉴赏"	2	0	0	0.519	0.758	0.723	1.172	-0.414	-0.389	1.975	"1"
"锁好"	0	0	1	0.259	0.379	0.361	-0.13	-0.207	0.442	0.779	"3"
"长"	0	1	0	0.259	0.379	0.361	-0.13	0.421	-0.195	0.746	"2"
"长安西路"	0	1	0	0.259	0.379	0.361	-0.13	0.421	-0.195	0.746	"2"
"长庚"	0	1	0	0.259	0.379	0.361	-0.13	0.421	-0.195	0.746	"2"
"长矛型"	0	0	1	0.259	0.379	0.361	-0.13	-0.207	0.442	0.779	"3"
"长老"	0	3	0	0.778	1.138	1.084	-0.391	1.263	-0.584	2.238	"2"
"长荣"	0	3	0	0.778	1.138	1.084	-0.391	1.263	-0.584	2.238	"2"
"长途"	0	0	1	0.259	0.379	0.361	-0.13	-0.207	0.442	0.779	"3"
"门"	0	0	1	0.259	0.379	0.361	-0.13	-0.207	0.442	0.779	"3"
"门票"	1	1	0	0.519	0.758	0.723	0.345	0.211	-0.389	0.945	"3"
"间"	0	0	1	0.259	0.379	0.361	-0.13	-0.207	0.442	0.779	"3"
"闻"	0	1	1	0.519	0.758	0.723	-0.261	0.211	0.228	0.7	"1"
"队伍"	0	0	1	0.259	0.379	0.361	-0.13	-0.207	0.442	0.779	"3"
"阿尔及尔市"	0	1	0	0.259	0.379	0.361	-0.13	0.421	-0.195	0.746	"2"
"阿帕奇"	0	0	1	0.259	0.379	0.361	-0.13	-0.207	0.442	0.779	"3"
"阿曼"	0	1	0	0.259	0.379	0.361	-0.13	0.421	-0.195	0.746	"2"
"阿绍尔"	0	0	1	0.259	0.379	0.361	-0.13	-0.207	0.442	0.779	"3"
"附近"	0	0	2	0.519	0.758	0.723	-0.261	-0.414	0.884	1.559	"3"
"陆续"	0	0	2	0.519	0.758	0.723	-0.261	-0.414	0.884	1.559	"3"
"陈"	0	3	0	0.778	1.138	1.084	-0.391	1.263	-0.584	2.238	"2"
"陈姓"	0	1	1	0.519	0.758	0.723	-0.261	0.211	0.228	0.7	"1"
"陈总统"	0	1	0	0.259	0.379	0.361	-0.13	0.421	-0.195	0.746	"2"
"陈水扁"	0	1	1	0.519	0.758	0.723	-0.261	0.211	0.228	0.7	"1"
"陈经源"	0	1	0	0.259	0.379	0.361	-0.13	0.421	-0.195	0.746	"2"
"降温"	0	0	1	0.259	0.379	0.361	-0.13	-0.207	0.442	0.779	"3"
"降落"	0	1	0	0.259	0.379	0.361	-0.13	0.421	-0.195	0.746	"2"
"除夕"	0	3	0	0.778	1.138	1.084	-0.391	1.263	-0.584	2.238	"2"
"陪"	0	0	1	0.259	0.379	0.361	-0.13	-0.207	0.442	0.779	"3"
"陪同"	0	1	0	0.259	0.379	0.361	-0.13	0.421	-0.195	0.746	"2"
"随传随到"	0	1	0	0.259	0.379	0.361	-0.13	0.421	-0.195	0.746	"2"
"隔天"	1	0	0	0.259	0.379	0.361	0.586	-0.207	-0.195	0.988	"1"
"难受"	0	0	1	0.259	0.379	0.361	-0.13	-0.207	0.442	0.779	"3"
"雅典"	0	0	1	0.259	0.379	0.361	-0.13	-0.207	0.442	0.779	"3"
"集结"	0	0	1	0.259	0.379	0.361	-0.13	-0.207	0.442	0.779	"3"
"雨"	0	0	1	0.259	0.379	0.361	-0.13	-0.207	0.442	0.779	"3"
"雷诺"	0	0	1	0.259	0.379	0.361	-0.13	-0.207	0.442	0.779	"3"
"露天"	2	1	0	0.778	1.138	1.084	0.777	-0.169	-0.584	1.53	"1"
"露宿"	0	0	1	0.259	0.379	0.361	-0.13	-0.207	0.442	0.779	"3"
"青少年"	0	0	1	0.259	0.379	0.361	-0.13	-0.207	0.442	0.779	"3"
"靠"	0	0	1	0.259	0.379	0.361	-0.13	-0.207	0.442	0.779	"3"
"音乐会"	2	3	0	1.297	1.896	1.807	0.412	0.549	-0.974	1.935	"3"
"音乐厅"	4	2	0	1.557	2.275	2.168	1.368	-0.231	-1.168	2.767	"1"
"顶礼"	1	0	0	0.259	0.379	0.361	0.586	-0.207	-0.195	0.988	"1"
"顺利"	0	2	0	0.519	0.758	0.723	-0.261	0.842	-0.389	1.492	"2"
"颁奖"	0	2	0	0.519	0.758	0.723	-0.261	0.842	-0.389	1.492	"2"
"预"	0	1	0	0.259	0.379	0.361	-0.13	0.421	-0.195	0.746	"2"
"预定"	0	5	0	1.297	1.896	1.807	-0.652	2.106	-0.974	3.732	"2"
"预计"	0	5	0	1.297	1.896	1.807	-0.652	2.106	-0.974	3.732	"2"
"预订"	0	1	0	0.259	0.379	0.361	-0.13	0.421	-0.195	0.746	"2"
"频道"	0	0	6	1.557	2.275	2.168	-0.783	-1.242	2.653	4.678	"3"
"风光"	0	0	1	0.259	0.379	0.361	-0.13	-0.207	0.442	0.779	"3"
"飞"	0	1	0	0.259	0.379	0.361	-0.13	0.421	-0.195	0.746	"2"
"飞抵"	0	1	0	0.259	0.379	0.361	-0.13	0.421	-0.195	0.746	"2"
"飞机"	0	2	0	0.519	0.758	0.723	-0.261	0.842	-0.389	1.492	"2"
"飞车"	0	0	1	0.259	0.379	0.361	-0.13	-0.207	0.442	0.779	"3"
"餐"	0	0	2	0.519	0.758	0.723	-0.261	-0.414	0.884	1.559	"3"
"餐叙"	0	2	0	0.519	0.758	0.723	-0.261	0.842	-0.389	1.492	"2"
"餐室"	0	0	1	0.259	0.379	0.361	-0.13	-0.207	0.442	0.779	"3"
"餐饮"	0	0	1	0.259	0.379	0.361	-0.13	-0.207	0.442	0.779	"3"
"餐馆"	0	0	1	0.259	0.379	0.361	-0.13	-0.207	0.442	0.779	"3"
"饭店"	0	1	1	0.519	0.758	0.723	-0.261	0.211	0.228	0.7	"1"
"首都"	0	0	1	0.259	0.379	0.361	-0.13	-0.207	0.442	0.779	"3"
"香槟"	0	0	1	0.259	0.379	0.361	-0.13	-0.207	0.442	0.779	"3"
"香港街"	1	0	0	0.259	0.379	0.361	0.586	-0.207	-0.195	0.988	"1"
"香港队"	0	1	0	0.259	0.379	0.361	-0.13	0.421	-0.195	0.746	"2"
"马勒科诺夫罗夫"	0	1	0	0.259	0.379	0.361	-0.13	0.421	-0.195	0.746	"2"
"马队"	0	0	1	0.259	0.379	0.361	-0.13	-0.207	0.442	0.779	"3"
"驻"	0	3	0	0.778	1.138	1.084	-0.391	1.263	-0.584	2.238	"2"
"驻厂"	0	1	0	0.259	0.379	0.361	-0.13	0.421	-0.195	0.746	"2"
"驾"	0	0	1	0.259	0.379	0.361	-0.13	-0.207	0.442	0.779	"3"
"骑"	0	0	1	0.259	0.379	0.361	-0.13	-0.207	0.442	0.779	"3"
"骨牌阵"	0	0	1	0.259	0.379	0.361	-0.13	-0.207	0.442	0.779	"3"
"高中生"	0	0	1	0.259	0.379	0.361	-0.13	-0.207	0.442	0.779	"3"
"高尔"	0	2	0	0.519	0.758	0.723	-0.261	0.842	-0.389	1.492	"2"
"高岛屋"	0	1	0	0.259	0.379	0.361	-0.13	0.421	-0.195	0.746	"2"
"高朋满座"	0	0	1	0.259	0.379	0.361	-0.13	-0.207	0.442	0.779	"3"
"高行"	0	1	0	0.259	0.379	0.361	-0.13	0.421	-0.195	0.746	"2"
"高速"	0	0	2	0.519	0.758	0.723	-0.261	-0.414	0.884	1.559	"3"
"高雄"	0	2	2	1.038	1.517	1.445	-0.522	0.311	0.34	1.173	"1"
"高雄市"	0	2	2	1.038	1.517	1.445	-0.522	0.311	0.34	1.173	"1"
"魏胜多"	0	1	0	0.259	0.379	0.361	-0.13	0.421	-0.195	0.746	"2"
"鸡尾酒"	0	0	1	0.259	0.379	0.361	-0.13	-0.207	0.442	0.779	"3"
"鹿港镇"	0	1	0	0.259	0.379	0.361	-0.13	0.421	-0.195	0.746	"2"
"麦波申"	1	0	0	0.259	0.379	0.361	0.586	-0.207	-0.195	0.988	"1"
"黄义交"	0	1	0	0.259	0.379	0.361	-0.13	0.421	-0.195	0.746	"2"
"黄乙玲"	0	0	1	0.259	0.379	0.361	-0.13	-0.207	0.442	0.779	"3"
"黄金"	0	0	1	0.259	0.379	0.361	-0.13	-0.207	0.442	0.779	"3"
"齐智"	0	0	1	0.259	0.379	0.361	-0.13	-0.207	0.442	0.779	"3"
