"Coll_Word"	"1"	"2"	"3"	"exp_1"	"exp_2"	"exp_3"	"pbin_1"	"pbin_2"	"pbin_3"	"SumAbsDev"	"LargestDev"
"；"	0	2	3	2	1.407	1.593	-1.109	0.363	0.725	2.197	"1"
"："	0	43	7	20.003	14.071	15.926	-11.095	16.656	-2.474	30.225	"2"
"."	0	1	0	0.4	0.281	0.319	-0.222	0.551	-0.167	0.94	"2"
"（"	4	22	8	13.602	9.568	10.83	-3.494	5.002	-0.705	9.201	"2"
"）"	4	21	7	12.802	9.005	10.193	-3.155	4.94	-0.815	8.91	"2"
"＊"	0	1	0	0.4	0.281	0.319	-0.222	0.551	-0.167	0.94	"2"
"⊙"	0	2	0	0.8	0.563	0.637	-0.444	1.101	-0.333	1.878	"2"
"◆"	0	3	1	1.6	1.126	1.274	-0.888	1.153	-0.208	2.249	"2"
"00"	0	0	1	0.4	0.281	0.319	-0.222	-0.144	0.497	0.863	"3"
"006"	1	0	0	0.4	0.281	0.319	0.398	-0.144	-0.167	0.709	"1"
"01"	0	0	1	0.4	0.281	0.319	-0.222	-0.144	0.497	0.863	"3"
"10日"	0	2	1	1.2	0.844	0.956	-0.666	0.714	0.165	1.545	"2"
"10时"	0	28	5	13.202	9.287	10.511	-7.322	10.731	-1.597	19.65	"2"
"10月"	1	2	1	1.6	1.126	1.274	-0.323	0.501	-0.208	1.032	"2"
"10点"	0	1	2	1.2	0.844	0.956	-0.666	0.201	0.62	1.487	"1"
"11"	0	1	1	0.8	0.563	0.637	-0.444	0.315	0.271	1.03	"1"
"11日"	1	1	0	0.8	0.563	0.637	0.194	0.315	-0.333	0.842	"3"
"11时"	0	20	0	8.001	5.628	6.371	-4.438	11.013	-3.331	18.782	"2"
"11月"	0	2	0	0.8	0.563	0.637	-0.444	1.101	-0.333	1.878	"2"
"11点"	0	0	2	0.8	0.563	0.637	-0.444	-0.287	0.994	1.725	"3"
"11点钟"	0	0	1	0.4	0.281	0.319	-0.222	-0.144	0.497	0.863	"3"
"12日"	0	3	1	1.6	1.126	1.274	-0.888	1.153	-0.208	2.249	"2"
"12时"	0	4	0	1.6	1.126	1.274	-0.888	2.203	-0.666	3.757	"2"
"12点"	0	1	0	0.4	0.281	0.319	-0.222	0.551	-0.167	0.94	"2"
"13日"	0	4	0	1.6	1.126	1.274	-0.888	2.203	-0.666	3.757	"2"
"14日"	0	4	1	2	1.407	1.593	-1.109	1.614	-0.309	3.032	"2"
"15分"	0	2	0	0.8	0.563	0.637	-0.444	1.101	-0.333	1.878	"2"
"15日"	0	1	0	0.4	0.281	0.319	-0.222	0.551	-0.167	0.94	"2"
"16分"	0	1	0	0.4	0.281	0.319	-0.222	0.551	-0.167	0.94	"2"
"16日"	0	0	1	0.4	0.281	0.319	-0.222	-0.144	0.497	0.863	"3"
"17日"	0	1	2	1.2	0.844	0.956	-0.666	0.201	0.62	1.487	"1"
"18日"	0	3	3	2.4	1.688	1.911	-1.331	0.654	0.537	2.522	"1"
"1日"	1	0	0	0.4	0.281	0.319	0.398	-0.144	-0.167	0.709	"1"
"1时"	0	1	0	0.4	0.281	0.319	-0.222	0.551	-0.167	0.94	"2"
"200周年"	1	0	0	0.4	0.281	0.319	0.398	-0.144	-0.167	0.709	"1"
"20分"	0	1	0	0.4	0.281	0.319	-0.222	0.551	-0.167	0.94	"2"
"20多"	0	0	1	0.4	0.281	0.319	-0.222	-0.144	0.497	0.863	"3"
"20日"	0	1	1	0.8	0.563	0.637	-0.444	0.315	0.271	1.03	"1"
"21日"	0	1	0	0.4	0.281	0.319	-0.222	0.551	-0.167	0.94	"2"
"22日"	0	2	0	0.8	0.563	0.637	-0.444	1.101	-0.333	1.878	"2"
"22点"	1	0	0	0.4	0.281	0.319	0.398	-0.144	-0.167	0.709	"1"
"23日"	0	3	5	3.2	2.251	2.548	-1.775	0.397	1.133	3.305	"1"
"24日"	0	1	1	0.8	0.563	0.637	-0.444	0.315	0.271	1.03	"1"
"25日"	0	1	1	0.8	0.563	0.637	-0.444	0.315	0.271	1.03	"1"
"26日"	1	3	0	1.6	1.126	1.274	-0.323	1.153	-0.666	2.142	"2"
"27日"	0	2	0	0.8	0.563	0.637	-0.444	1.101	-0.333	1.878	"2"
"28日"	1	0	1	0.8	0.563	0.637	0.194	-0.287	0.271	0.752	"2"
"29"	1	0	2	1.2	0.844	0.956	-0.188	-0.431	0.62	1.239	"3"
"29日"	0	2	1	1.2	0.844	0.956	-0.666	0.714	0.165	1.545	"2"
"2日"	0	0	1	0.4	0.281	0.319	-0.222	-0.144	0.497	0.863	"3"
"2时"	0	5	0	2	1.407	1.593	-1.109	2.753	-0.833	4.695	"2"
"2月"	0	1	0	0.4	0.281	0.319	-0.222	0.551	-0.167	0.94	"2"
"30"	0	4	4	3.2	2.251	2.548	-1.775	0.791	0.64	3.206	"1"
"30分"	2	30	1	13.202	9.287	10.511	-4.911	13.197	-4.281	22.389	"2"
"30日"	0	2	2	1.6	1.126	1.274	-0.888	0.501	0.419	1.808	"1"
"31日"	0	1	1	0.8	0.563	0.637	-0.444	0.315	0.271	1.03	"1"
"35分"	0	1	0	0.4	0.281	0.319	-0.222	0.551	-0.167	0.94	"2"
"3时"	0	5	0	2	1.407	1.593	-1.109	2.753	-0.833	4.695	"2"
"3月"	0	0	1	0.4	0.281	0.319	-0.222	-0.144	0.497	0.863	"3"
"3楼"	0	1	0	0.4	0.281	0.319	-0.222	0.551	-0.167	0.94	"2"
"3点"	0	1	0	0.4	0.281	0.319	-0.222	0.551	-0.167	0.94	"2"
"40分"	0	3	0	1.2	0.844	0.956	-0.666	1.652	-0.5	2.818	"2"
"45分"	0	1	0	0.4	0.281	0.319	-0.222	0.551	-0.167	0.94	"2"
"4分区"	0	1	0	0.4	0.281	0.319	-0.222	0.551	-0.167	0.94	"2"
"4时"	0	2	0	0.8	0.563	0.637	-0.444	1.101	-0.333	1.878	"2"
"4月"	0	2	1	1.2	0.844	0.956	-0.666	0.714	0.165	1.545	"2"
"55分"	0	1	0	0.4	0.281	0.319	-0.222	0.551	-0.167	0.94	"2"
"5日"	1	2	0	1.2	0.844	0.956	-0.188	0.714	-0.5	1.402	"2"
"5时"	0	5	0	2	1.407	1.593	-1.109	2.753	-0.833	4.695	"2"
"5月"	0	3	4	2.8	1.97	2.23	-1.553	0.507	0.82	2.88	"1"
"62734587"	0	1	0	0.4	0.281	0.319	-0.222	0.551	-0.167	0.94	"2"
"63384755／98577725"	0	1	0	0.4	0.281	0.319	-0.222	0.551	-0.167	0.94	"2"
"6日"	0	0	1	0.4	0.281	0.319	-0.222	-0.144	0.497	0.863	"3"
"6时"	0	5	0	2	1.407	1.593	-1.109	2.753	-0.833	4.695	"2"
"6月"	0	6	2	3.2	2.251	2.548	-1.775	2.096	-0.297	4.168	"2"
"6点"	0	1	1	0.8	0.563	0.637	-0.444	0.315	0.271	1.03	"1"
"7"	0	3	5	3.2	2.251	2.548	-1.775	0.397	1.133	3.305	"1"
"7日"	0	2	0	0.8	0.563	0.637	-0.444	1.101	-0.333	1.878	"2"
"7时"	1	25	0	10.402	7.317	8.282	-4.506	12.489	-4.33	21.325	"2"
"7月"	1	8	3	4.801	3.377	3.822	-1.708	2.207	-0.36	4.275	"2"
"7点"	0	0	3	1.2	0.844	0.956	-0.666	-0.431	1.491	2.588	"3"
"7点15"	0	0	1	0.4	0.281	0.319	-0.222	-0.144	0.497	0.863	"3"
"8"	0	5	3	3.2	2.251	2.548	-1.775	1.35	0.305	3.43	"1"
"844月"	0	0	1	0.4	0.281	0.319	-0.222	-0.144	0.497	0.863	"3"
"889"	0	0	1	0.4	0.281	0.319	-0.222	-0.144	0.497	0.863	"3"
"890103"	0	0	1	0.4	0.281	0.319	-0.222	-0.144	0.497	0.863	"3"
"891016"	1	0	0	0.4	0.281	0.319	0.398	-0.144	-0.167	0.709	"1"
"8日"	0	1	0	0.4	0.281	0.319	-0.222	0.551	-0.167	0.94	"2"
"8时"	1	26	1	11.202	7.88	8.919	-4.919	12.014	-3.515	20.448	"2"
"8月"	1	3	1	2	1.407	1.593	-0.473	0.856	-0.309	1.638	"2"
"8点"	1	1	1	1.2	0.844	0.956	-0.188	0.201	0.165	0.554	"2"
"9"	0	2	2	1.6	1.126	1.274	-0.888	0.501	0.419	1.808	"1"
"9日"	0	1	0	0.4	0.281	0.319	-0.222	0.551	-0.167	0.94	"2"
"9时"	0	19	0	7.601	5.347	6.052	-4.216	10.463	-3.164	17.843	"2"
"9月"	0	4	2	2.4	1.688	1.911	-1.331	1.247	0.208	2.786	"1"
"9点"	0	1	3	1.6	1.126	1.274	-0.888	-0.165	1.007	2.06	"3"
"9点30"	0	0	1	0.4	0.281	0.319	-0.222	-0.144	0.497	0.863	"3"
"9点档"	0	0	1	0.4	0.281	0.319	-0.222	-0.144	0.497	0.863	"3"
"alleryHotel"	0	1	0	0.4	0.281	0.319	-0.222	0.551	-0.167	0.94	"2"
"Ballroom"	1	0	0	0.4	0.281	0.319	0.398	-0.144	-0.167	0.709	"1"
"BBC"	0	0	1	0.4	0.281	0.319	-0.222	-0.144	0.497	0.863	"3"
"CO"	1	0	0	0.4	0.281	0.319	0.398	-0.144	-0.167	0.709	"1"
"depression"	0	0	2	0.8	0.563	0.637	-0.444	-0.287	0.994	1.725	"3"
"Junction"	0	1	0	0.4	0.281	0.319	-0.222	0.551	-0.167	0.94	"2"
"M"	0	0	1	0.4	0.281	0.319	-0.222	-0.144	0.497	0.863	"3"
"M18级"	0	0	2	0.8	0.563	0.637	-0.444	-0.287	0.994	1.725	"3"
"Montesinos"	1	0	0	0.4	0.281	0.319	0.398	-0.144	-0.167	0.709	"1"
"NC"	0	0	1	0.4	0.281	0.319	-0.222	-0.144	0.497	0.863	"3"
"nthonyGarotinho"	0	0	1	0.4	0.281	0.319	-0.222	-0.144	0.497	0.863	"3"
"OpenPlaza"	0	1	0	0.4	0.281	0.319	-0.222	0.551	-0.167	0.94	"2"
"PUB"	1	0	0	0.4	0.281	0.319	0.398	-0.144	-0.167	0.709	"1"
"Robertson"	0	1	0	0.4	0.281	0.319	-0.222	0.551	-0.167	0.94	"2"
"Roseland"	1	0	0	0.4	0.281	0.319	0.398	-0.144	-0.167	0.709	"1"
"SQ"	1	0	0	0.4	0.281	0.319	0.398	-0.144	-0.167	0.709	"1"
"TVBS-G"	0	0	1	0.4	0.281	0.319	-0.222	-0.144	0.497	0.863	"3"
"Vladimiro"	1	0	0	0.4	0.281	0.319	0.398	-0.144	-0.167	0.709	"1"
"一个个"	0	0	1	0.4	0.281	0.319	-0.222	-0.144	0.497	0.863	"3"
"一六一"	1	0	0	0.4	0.281	0.319	0.398	-0.144	-0.167	0.709	"1"
"一日"	1	0	0	0.4	0.281	0.319	0.398	-0.144	-0.167	0.709	"1"
"一时间"	0	1	0	0.4	0.281	0.319	-0.222	0.551	-0.167	0.94	"2"
"一般"	0	0	1	0.4	0.281	0.319	-0.222	-0.144	0.497	0.863	"3"
"一起"	0	0	1	0.4	0.281	0.319	-0.222	-0.144	0.497	0.863	"3"
"七"	3	0	0	1.2	0.844	0.956	1.194	-0.431	-0.5	2.125	"1"
"七日"	3	0	0	1.2	0.844	0.956	1.194	-0.431	-0.5	2.125	"1"
"七时"	19	0	0	7.601	5.347	6.052	7.56	-2.727	-3.164	13.451	"1"
"七点"	1	0	0	0.4	0.281	0.319	0.398	-0.144	-0.167	0.709	"1"
"丈夫"	0	0	1	0.4	0.281	0.319	-0.222	-0.144	0.497	0.863	"3"
"三党"	1	0	0	0.4	0.281	0.319	0.398	-0.144	-0.167	0.709	"1"
"三十"	1	0	1	0.8	0.563	0.637	0.194	-0.287	0.271	0.752	"2"
"三十一"	1	0	0	0.4	0.281	0.319	0.398	-0.144	-0.167	0.709	"1"
"三十一日"	6	0	0	2.4	1.688	1.911	2.387	-0.861	-0.999	4.247	"1"
"三十分"	10	0	0	4.001	2.814	3.185	3.979	-1.435	-1.666	7.08	"1"
"三十四"	0	0	1	0.4	0.281	0.319	-0.222	-0.144	0.497	0.863	"3"
"三十四分"	1	0	0	0.4	0.281	0.319	0.398	-0.144	-0.167	0.709	"1"
"三十日"	1	0	0	0.4	0.281	0.319	0.398	-0.144	-0.167	0.709	"1"
"三十週年"	1	0	0	0.4	0.281	0.319	0.398	-0.144	-0.167	0.709	"1"
"三日"	1	0	0	0.4	0.281	0.319	0.398	-0.144	-0.167	0.709	"1"
"上列"	0	1	0	0.4	0.281	0.319	-0.222	0.551	-0.167	0.94	"2"
"上午"	6	15	0	8.401	5.91	6.689	-0.699	4.32	-3.498	8.517	"2"
"上午七"	1	0	0	0.4	0.281	0.319	0.398	-0.144	-0.167	0.709	"1"
"上头"	0	1	0	0.4	0.281	0.319	-0.222	0.551	-0.167	0.94	"2"
"上学"	1	0	1	0.8	0.563	0.637	0.194	-0.287	0.271	0.752	"2"
"上演"	2	0	1	1.2	0.844	0.956	0.453	-0.431	0.165	1.049	"1"
"上班"	2	0	0	0.8	0.563	0.637	0.796	-0.287	-0.333	1.416	"1"
"上空"	0	0	1	0.4	0.281	0.319	-0.222	-0.144	0.497	0.863	"3"
"上课"	0	2	2	1.6	1.126	1.274	-0.888	0.501	0.419	1.808	"1"
"下"	1	0	0	0.4	0.281	0.319	0.398	-0.144	-0.167	0.709	"1"
"下午"	4	17	1	8.801	6.191	7.008	-1.576	5.61	-2.612	9.798	"2"
"下班"	0	1	0	0.4	0.281	0.319	-0.222	0.551	-0.167	0.94	"2"
"下雨"	0	0	2	0.8	0.563	0.637	-0.444	-0.287	0.994	1.725	"3"
"不下"	0	0	2	0.8	0.563	0.637	-0.444	-0.287	0.994	1.725	"3"
"不料"	0	0	1	0.4	0.281	0.319	-0.222	-0.144	0.497	0.863	"3"
"不论"	0	0	2	0.8	0.563	0.637	-0.444	-0.287	0.994	1.725	"3"
"与会"	1	0	0	0.4	0.281	0.319	0.398	-0.144	-0.167	0.709	"1"
"世纪"	0	0	1	0.4	0.281	0.319	-0.222	-0.144	0.497	0.863	"3"
"业主"	0	0	1	0.4	0.281	0.319	-0.222	-0.144	0.497	0.863	"3"
"东京都"	0	0	1	0.4	0.281	0.319	-0.222	-0.144	0.497	0.863	"3"
"东势镇"	1	0	0	0.4	0.281	0.319	0.398	-0.144	-0.167	0.709	"1"
"东北部"	0	0	3	1.2	0.844	0.956	-0.666	-0.431	1.491	2.588	"3"
"东海岸"	0	1	0	0.4	0.281	0.319	-0.222	0.551	-0.167	0.94	"2"
"东部"	0	0	1	0.4	0.281	0.319	-0.222	-0.144	0.497	0.863	"3"
"个"	0	0	7	2.8	1.97	2.23	-1.553	-1.005	3.478	6.036	"3"
"中元节"	0	0	1	0.4	0.281	0.319	-0.222	-0.144	0.497	0.863	"3"
"中兴"	1	0	0	0.4	0.281	0.319	0.398	-0.144	-0.167	0.709	"1"
"中午"	2	4	0	2.4	1.688	1.911	-0.264	1.247	-0.999	2.51	"2"
"中华民国"	1	0	0	0.4	0.281	0.319	0.398	-0.144	-0.167	0.709	"1"
"中央党"	1	0	0	0.4	0.281	0.319	0.398	-0.144	-0.167	0.709	"1"
"中央委员"	1	0	0	0.4	0.281	0.319	0.398	-0.144	-0.167	0.709	"1"
"中山"	1	0	0	0.4	0.281	0.319	0.398	-0.144	-0.167	0.709	"1"
"中山堂"	1	0	0	0.4	0.281	0.319	0.398	-0.144	-0.167	0.709	"1"
"中正"	2	0	0	0.8	0.563	0.637	0.796	-0.287	-0.333	1.416	"1"
"中正机场"	1	0	0	0.4	0.281	0.319	0.398	-0.144	-0.167	0.709	"1"
"中秋节"	0	1	0	0.4	0.281	0.319	-0.222	0.551	-0.167	0.94	"2"
"中视"	0	0	1	0.4	0.281	0.319	-0.222	-0.144	0.497	0.863	"3"
"中路"	1	0	0	0.4	0.281	0.319	0.398	-0.144	-0.167	0.709	"1"
"丹戎巴葛"	0	0	1	0.4	0.281	0.319	-0.222	-0.144	0.497	0.863	"3"
"为什么"	0	0	1	0.4	0.281	0.319	-0.222	-0.144	0.497	0.863	"3"
"为止"	3	1	0	1.6	1.126	1.274	0.746	-0.165	-0.666	1.577	"1"
"主办"	1	0	0	0.4	0.281	0.319	0.398	-0.144	-0.167	0.709	"1"
"主持"	1	0	1	0.8	0.563	0.637	0.194	-0.287	0.271	0.752	"2"
"主管官"	0	0	1	0.4	0.281	0.319	-0.222	-0.144	0.497	0.863	"3"
"主讲"	0	1	0	0.4	0.281	0.319	-0.222	0.551	-0.167	0.94	"2"
"举"	1	0	0	0.4	0.281	0.319	0.398	-0.144	-0.167	0.709	"1"
"举办"	3	0	0	1.2	0.844	0.956	1.194	-0.431	-0.5	2.125	"1"
"举国"	0	0	1	0.4	0.281	0.319	-0.222	-0.144	0.497	0.863	"3"
"举行"	29	9	1	15.602	10.975	12.423	4.849	-0.513	-5.212	10.574	"3"
"义"	0	1	0	0.4	0.281	0.319	-0.222	0.551	-0.167	0.94	"2"
"之交"	0	0	1	0.4	0.281	0.319	-0.222	-0.144	0.497	0.863	"3"
"之间"	0	1	0	0.4	0.281	0.319	-0.222	0.551	-0.167	0.94	"2"
"乌节"	0	1	0	0.4	0.281	0.319	-0.222	0.551	-0.167	0.94	"2"
"乐一乐"	0	0	1	0.4	0.281	0.319	-0.222	-0.144	0.497	0.863	"3"
"乐队"	0	0	1	0.4	0.281	0.319	-0.222	-0.144	0.497	0.863	"3"
"乘"	0	0	1	0.4	0.281	0.319	-0.222	-0.144	0.497	0.863	"3"
"九"	1	0	0	0.4	0.281	0.319	0.398	-0.144	-0.167	0.709	"1"
"九人小组"	2	0	0	0.8	0.563	0.637	0.796	-0.287	-0.333	1.416	"1"
"九日"	4	0	0	1.6	1.126	1.274	1.591	-0.574	-0.666	2.831	"1"
"九时"	10	0	1	4.401	3.096	3.504	3.134	-1.579	-1.044	5.757	"1"
"九月"	1	0	0	0.4	0.281	0.319	0.398	-0.144	-0.167	0.709	"1"
"乡亲"	0	0	1	0.4	0.281	0.319	-0.222	-0.144	0.497	0.863	"3"
"书记长"	0	0	1	0.4	0.281	0.319	-0.222	-0.144	0.497	0.863	"3"
"了"	0	0	1	0.4	0.281	0.319	-0.222	-0.144	0.497	0.863	"3"
"二二八"	1	0	0	0.4	0.281	0.319	0.398	-0.144	-0.167	0.709	"1"
"二十一日"	0	0	1	0.4	0.281	0.319	-0.222	-0.144	0.497	0.863	"3"
"二十七日"	3	0	1	1.6	1.126	1.274	0.746	-0.574	-0.208	1.528	"1"
"二十三日"	2	0	0	0.8	0.563	0.637	0.796	-0.287	-0.333	1.416	"1"
"二十二"	2	0	0	0.8	0.563	0.637	0.796	-0.287	-0.333	1.416	"1"
"二十二分"	1	0	0	0.4	0.281	0.319	0.398	-0.144	-0.167	0.709	"1"
"二十二日"	1	0	0	0.4	0.281	0.319	0.398	-0.144	-0.167	0.709	"1"
"二十五分"	1	0	0	0.4	0.281	0.319	0.398	-0.144	-0.167	0.709	"1"
"二十六日"	2	0	0	0.8	0.563	0.637	0.796	-0.287	-0.333	1.416	"1"
"二十四"	1	0	0	0.4	0.281	0.319	0.398	-0.144	-0.167	0.709	"1"
"二十四日"	1	0	0	0.4	0.281	0.319	0.398	-0.144	-0.167	0.709	"1"
"二十日"	1	0	0	0.4	0.281	0.319	0.398	-0.144	-0.167	0.709	"1"
"二日"	3	0	0	1.2	0.844	0.956	1.194	-0.431	-0.5	2.125	"1"
"二时"	2	0	0	0.8	0.563	0.637	0.796	-0.287	-0.333	1.416	"1"
"于"	30	7	4	16.402	11.538	13.06	4.765	-1.121	-3.042	8.928	"1"
"五十五"	1	0	0	0.4	0.281	0.319	0.398	-0.144	-0.167	0.709	"1"
"五十分"	1	0	0	0.4	0.281	0.319	0.398	-0.144	-0.167	0.709	"1"
"五峰乡"	1	0	0	0.4	0.281	0.319	0.398	-0.144	-0.167	0.709	"1"
"五日"	1	0	0	0.4	0.281	0.319	0.398	-0.144	-0.167	0.709	"1"
"五时"	2	0	0	0.8	0.563	0.637	0.796	-0.287	-0.333	1.416	"1"
"五段"	0	0	1	0.4	0.281	0.319	-0.222	-0.144	0.497	0.863	"3"
"五点"	1	0	0	0.4	0.281	0.319	0.398	-0.144	-0.167	0.709	"1"
"五院"	1	0	0	0.4	0.281	0.319	0.398	-0.144	-0.167	0.709	"1"
"亚裔"	1	0	0	0.4	0.281	0.319	0.398	-0.144	-0.167	0.709	"1"
"交保"	1	0	0	0.4	0.281	0.319	0.398	-0.144	-0.167	0.709	"1"
"交给"	1	0	0	0.4	0.281	0.319	0.398	-0.144	-0.167	0.709	"1"
"交通量"	0	0	1	0.4	0.281	0.319	-0.222	-0.144	0.497	0.863	"3"
"交锋"	0	0	1	0.4	0.281	0.319	-0.222	-0.144	0.497	0.863	"3"
"人事处"	1	0	0	0.4	0.281	0.319	0.398	-0.144	-0.167	0.709	"1"
"人们"	0	0	1	0.4	0.281	0.319	-0.222	-0.144	0.497	0.863	"3"
"人流"	0	1	1	0.8	0.563	0.637	-0.444	0.315	0.271	1.03	"1"
"人潮"	0	0	2	0.8	0.563	0.637	-0.444	-0.287	0.994	1.725	"3"
"仁爱路"	0	0	1	0.4	0.281	0.319	-0.222	-0.144	0.497	0.863	"3"
"今"	1	0	1	0.8	0.563	0.637	0.194	-0.287	0.271	0.752	"2"
"今天"	32	2	10	17.603	12.382	14.015	4.954	-4.102	-0.899	9.955	"1"
"介于"	0	1	2	1.2	0.844	0.956	-0.666	0.201	0.62	1.487	"1"
"从"	2	6	6	5.601	3.94	4.459	-1.401	0.757	0.571	2.729	"1"
"代秘书长"	1	0	0	0.4	0.281	0.319	0.398	-0.144	-0.167	0.709	"1"
"代表处"	1	0	0	0.4	0.281	0.319	0.398	-0.144	-0.167	0.709	"1"
"以前"	0	0	2	0.8	0.563	0.637	-0.444	-0.287	0.994	1.725	"3"
"以后"	1	0	0	0.4	0.281	0.319	0.398	-0.144	-0.167	0.709	"1"
"以色列士"	0	0	1	0.4	0.281	0.319	-0.222	-0.144	0.497	0.863	"3"
"伊斯坦堡"	1	0	0	0.4	0.281	0.319	0.398	-0.144	-0.167	0.709	"1"
"休息"	0	2	2	1.6	1.126	1.274	-0.888	0.501	0.419	1.808	"1"
"休馆"	1	0	0	0.4	0.281	0.319	0.398	-0.144	-0.167	0.709	"1"
"众院"	1	0	0	0.4	0.281	0.319	0.398	-0.144	-0.167	0.709	"1"
"优待"	0	0	1	0.4	0.281	0.319	-0.222	-0.144	0.497	0.863	"3"
"优频"	0	0	1	0.4	0.281	0.319	-0.222	-0.144	0.497	0.863	"3"
"会"	1	0	0	0.4	0.281	0.319	0.398	-0.144	-0.167	0.709	"1"
"会场"	0	0	1	0.4	0.281	0.319	-0.222	-0.144	0.497	0.863	"3"
"会所"	0	1	0	0.4	0.281	0.319	-0.222	0.551	-0.167	0.94	"2"
"会馆"	0	4	0	1.6	1.126	1.274	-0.888	2.203	-0.666	3.757	"2"
"传"	2	0	0	0.8	0.563	0.637	0.796	-0.287	-0.333	1.416	"1"
"传出"	0	0	1	0.4	0.281	0.319	-0.222	-0.144	0.497	0.863	"3"
"低收入"	0	0	1	0.4	0.281	0.319	-0.222	-0.144	0.497	0.863	"3"
"住处"	1	0	0	0.4	0.281	0.319	0.398	-0.144	-0.167	0.709	"1"
"住家"	2	0	0	0.8	0.563	0.637	0.796	-0.287	-0.333	1.416	"1"
"体"	0	0	1	0.4	0.281	0.319	-0.222	-0.144	0.497	0.863	"3"
"体育场"	2	0	1	1.2	0.844	0.956	0.453	-0.431	0.165	1.049	"1"
"体育馆"	0	1	0	0.4	0.281	0.319	-0.222	0.551	-0.167	0.94	"2"
"何再生"	1	0	0	0.4	0.281	0.319	0.398	-0.144	-0.167	0.709	"1"
"余"	1	0	0	0.4	0.281	0.319	0.398	-0.144	-0.167	0.709	"1"
"佛州"	2	0	0	0.8	0.563	0.637	0.796	-0.287	-0.333	1.416	"1"
"作罢"	0	0	1	0.4	0.281	0.319	-0.222	-0.144	0.497	0.863	"3"
"例假"	1	0	0	0.4	0.281	0.319	0.398	-0.144	-0.167	0.709	"1"
"侏"	1	0	0	0.4	0.281	0.319	0.398	-0.144	-0.167	0.709	"1"
"侵佔"	1	0	0	0.4	0.281	0.319	0.398	-0.144	-0.167	0.709	"1"
"信众"	1	0	0	0.4	0.281	0.319	0.398	-0.144	-0.167	0.709	"1"
"倍"	0	0	1	0.4	0.281	0.319	-0.222	-0.144	0.497	0.863	"3"
"候"	1	0	0	0.4	0.281	0.319	0.398	-0.144	-0.167	0.709	"1"
"假"	0	2	0	0.8	0.563	0.637	-0.444	1.101	-0.333	1.878	"2"
"做工"	0	0	1	0.4	0.281	0.319	-0.222	-0.144	0.497	0.863	"3"
"停止"	1	0	0	0.4	0.281	0.319	0.398	-0.144	-0.167	0.709	"1"
"停电"	1	0	2	1.2	0.844	0.956	-0.188	-0.431	0.62	1.239	"3"
"停留"	1	0	1	0.8	0.563	0.637	0.194	-0.287	0.271	0.752	"2"
"健身"	0	0	1	0.4	0.281	0.319	-0.222	-0.144	0.497	0.863	"3"
"偶尔"	0	0	1	0.4	0.281	0.319	-0.222	-0.144	0.497	0.863	"3"
"偷车"	0	0	1	0.4	0.281	0.319	-0.222	-0.144	0.497	0.863	"3"
"傍晚"	0	2	1	1.2	0.844	0.956	-0.666	0.714	0.165	1.545	"2"
"兀兰"	1	0	0	0.4	0.281	0.319	0.398	-0.144	-0.167	0.709	"1"
"元旦"	1	0	1	0.8	0.563	0.637	0.194	-0.287	0.271	0.752	"2"
"光华"	0	1	0	0.4	0.281	0.319	-0.222	0.551	-0.167	0.94	"2"
"免费"	0	2	0	0.8	0.563	0.637	-0.444	1.101	-0.333	1.878	"2"
"入场"	0	2	0	0.8	0.563	0.637	-0.444	1.101	-0.333	1.878	"2"
"入门票"	0	0	1	0.4	0.281	0.319	-0.222	-0.144	0.497	0.863	"3"
"全"	0	0	1	0.4	0.281	0.319	-0.222	-0.144	0.497	0.863	"3"
"全数"	1	0	0	0.4	0.281	0.319	0.398	-0.144	-0.167	0.709	"1"
"八"	3	0	2	2	1.407	1.593	0.498	-0.718	0.293	1.509	"2"
"八九成"	0	0	1	0.4	0.281	0.319	-0.222	-0.144	0.497	0.863	"3"
"八大"	1	0	0	0.4	0.281	0.319	0.398	-0.144	-0.167	0.709	"1"
"八日"	1	0	0	0.4	0.281	0.319	0.398	-0.144	-0.167	0.709	"1"
"八时"	7	0	1	3.2	2.251	2.548	2.069	-1.148	-0.657	3.874	"1"
"公佈"	1	0	0	0.4	0.281	0.319	0.398	-0.144	-0.167	0.709	"1"
"公园"	5	0	2	2.8	1.97	2.23	1.016	-1.005	-0.218	2.239	"1"
"公廨"	1	0	0	0.4	0.281	0.319	0.398	-0.144	-0.167	0.709	"1"
"公视"	0	0	3	1.2	0.844	0.956	-0.666	-0.431	1.491	2.588	"3"
"六"	2	0	0	0.8	0.563	0.637	0.796	-0.287	-0.333	1.416	"1"
"六日"	1	0	0	0.4	0.281	0.319	0.398	-0.144	-0.167	0.709	"1"
"六时"	6	0	1	2.8	1.97	2.23	1.725	-1.005	-0.535	3.265	"1"
"关于"	0	0	1	0.4	0.281	0.319	-0.222	-0.144	0.497	0.863	"3"
"关闭"	0	1	0	0.4	0.281	0.319	-0.222	0.551	-0.167	0.94	"2"
"其余"	1	0	0	0.4	0.281	0.319	0.398	-0.144	-0.167	0.709	"1"
"典礼"	3	0	0	1.2	0.844	0.956	1.194	-0.431	-0.5	2.125	"1"
"兼差"	0	0	1	0.4	0.281	0.319	-0.222	-0.144	0.497	0.863	"3"
"内"	1	0	0	0.4	0.281	0.319	0.398	-0.144	-0.167	0.709	"1"
"再生"	0	1	0	0.4	0.281	0.319	-0.222	0.551	-0.167	0.94	"2"
"决策"	1	0	0	0.4	0.281	0.319	0.398	-0.144	-0.167	0.709	"1"
"决议"	1	0	0	0.4	0.281	0.319	0.398	-0.144	-0.167	0.709	"1"
"决赛"	0	2	1	1.2	0.844	0.956	-0.666	0.714	0.165	1.545	"2"
"冷"	0	0	2	0.8	0.563	0.637	-0.444	-0.287	0.994	1.725	"3"
"冷清"	0	0	1	0.4	0.281	0.319	-0.222	-0.144	0.497	0.863	"3"
"凌晨"	3	2	0	2	1.407	1.593	0.498	0.363	-0.833	1.694	"3"
"几点"	0	0	1	0.4	0.281	0.319	-0.222	-0.144	0.497	0.863	"3"
"出"	0	0	1	0.4	0.281	0.319	-0.222	-0.144	0.497	0.863	"3"
"出事"	0	1	0	0.4	0.281	0.319	-0.222	0.551	-0.167	0.94	"2"
"出动"	0	0	1	0.4	0.281	0.319	-0.222	-0.144	0.497	0.863	"3"
"出境"	2	0	0	0.8	0.563	0.637	0.796	-0.287	-0.333	1.416	"1"
"出外"	0	0	1	0.4	0.281	0.319	-0.222	-0.144	0.497	0.863	"3"
"出席"	3	0	1	1.6	1.126	1.274	0.746	-0.574	-0.208	1.528	"1"
"出来"	0	0	2	0.8	0.563	0.637	-0.444	-0.287	0.994	1.725	"3"
"出门"	0	0	1	0.4	0.281	0.319	-0.222	-0.144	0.497	0.863	"3"
"分"	6	5	3	5.601	3.94	4.459	0.289	0.449	-0.522	1.26	"3"
"切开"	0	2	0	0.8	0.563	0.637	-0.444	1.101	-0.333	1.878	"2"
"刘明道"	1	0	0	0.4	0.281	0.319	0.398	-0.144	-0.167	0.709	"1"
"刘陈麦"	0	0	1	0.4	0.281	0.319	-0.222	-0.144	0.497	0.863	"3"
"则"	3	0	2	2	1.407	1.593	0.498	-0.718	0.293	1.509	"2"
"创新源"	0	2	0	0.8	0.563	0.637	-0.444	1.101	-0.333	1.878	"2"
"初一"	1	0	0	0.4	0.281	0.319	0.398	-0.144	-0.167	0.709	"1"
"初三"	1	0	0	0.4	0.281	0.319	0.398	-0.144	-0.167	0.709	"1"
"初二"	1	0	0	0.4	0.281	0.319	0.398	-0.144	-0.167	0.709	"1"
"到"	15	19	21	22.003	15.478	17.519	-1.462	0.742	0.715	2.919	"1"
"前天"	14	1	0	6.001	4.221	4.778	4.597	-1.316	-2.498	8.411	"1"
"前往"	5	1	0	2.4	1.688	1.911	1.387	-0.336	-0.999	2.722	"1"
"剧团"	0	1	0	0.4	0.281	0.319	-0.222	0.551	-0.167	0.94	"2"
"剧院"	0	2	0	0.8	0.563	0.637	-0.444	1.101	-0.333	1.878	"2"
"副总统"	1	0	0	0.4	0.281	0.319	0.398	-0.144	-0.167	0.709	"1"
"办事处"	1	0	0	0.4	0.281	0.319	0.398	-0.144	-0.167	0.709	"1"
"加成"	0	0	1	0.4	0.281	0.319	-0.222	-0.144	0.497	0.863	"3"
"动"	0	0	1	0.4	0.281	0.319	-0.222	-0.144	0.497	0.863	"3"
"动态"	0	0	1	0.4	0.281	0.319	-0.222	-0.144	0.497	0.863	"3"
"动物"	0	0	1	0.4	0.281	0.319	-0.222	-0.144	0.497	0.863	"3"
"动物园"	0	0	3	1.2	0.844	0.956	-0.666	-0.431	1.491	2.588	"3"
"劾"	1	0	0	0.4	0.281	0.319	0.398	-0.144	-0.167	0.709	"1"
"勤务"	0	0	4	1.6	1.126	1.274	-0.888	-0.574	1.987	3.449	"3"
"北"	1	0	0	0.4	0.281	0.319	0.398	-0.144	-0.167	0.709	"1"
"北市立"	1	0	0	0.4	0.281	0.319	0.398	-0.144	-0.167	0.709	"1"
"北检"	1	0	0	0.4	0.281	0.319	0.398	-0.144	-0.167	0.709	"1"
"区渔会"	1	0	0	0.4	0.281	0.319	0.398	-0.144	-0.167	0.709	"1"
"十"	3	0	0	1.2	0.844	0.956	1.194	-0.431	-0.5	2.125	"1"
"十一"	1	0	0	0.4	0.281	0.319	0.398	-0.144	-0.167	0.709	"1"
"十一日"	4	0	0	1.6	1.126	1.274	1.591	-0.574	-0.666	2.831	"1"
"十一时"	7	0	1	3.2	2.251	2.548	2.069	-1.148	-0.657	3.874	"1"
"十一月"	3	0	0	1.2	0.844	0.956	1.194	-0.431	-0.5	2.125	"1"
"十七"	1	0	0	0.4	0.281	0.319	0.398	-0.144	-0.167	0.709	"1"
"十七日"	2	0	0	0.8	0.563	0.637	0.796	-0.287	-0.333	1.416	"1"
"十三"	2	0	0	0.8	0.563	0.637	0.796	-0.287	-0.333	1.416	"1"
"十三日"	1	0	0	0.4	0.281	0.319	0.398	-0.144	-0.167	0.709	"1"
"十九"	1	0	0	0.4	0.281	0.319	0.398	-0.144	-0.167	0.709	"1"
"十九分"	1	0	0	0.4	0.281	0.319	0.398	-0.144	-0.167	0.709	"1"
"十九日"	2	0	0	0.8	0.563	0.637	0.796	-0.287	-0.333	1.416	"1"
"十二日"	1	0	0	0.4	0.281	0.319	0.398	-0.144	-0.167	0.709	"1"
"十二时"	4	0	0	1.6	1.126	1.274	1.591	-0.574	-0.666	2.831	"1"
"十二月"	4	0	0	1.6	1.126	1.274	1.591	-0.574	-0.666	2.831	"1"
"十五"	1	0	0	0.4	0.281	0.319	0.398	-0.144	-0.167	0.709	"1"
"十五日"	3	0	0	1.2	0.844	0.956	1.194	-0.431	-0.5	2.125	"1"
"十六"	1	0	0	0.4	0.281	0.319	0.398	-0.144	-0.167	0.709	"1"
"十六日"	5	0	0	2	1.407	1.593	1.989	-0.718	-0.833	3.54	"1"
"十分"	1	0	0	0.4	0.281	0.319	0.398	-0.144	-0.167	0.709	"1"
"十四"	1	0	0	0.4	0.281	0.319	0.398	-0.144	-0.167	0.709	"1"
"十四日"	2	0	1	1.2	0.844	0.956	0.453	-0.431	0.165	1.049	"1"
"十日"	1	0	1	0.8	0.563	0.637	0.194	-0.287	0.271	0.752	"2"
"十时"	11	0	1	4.801	3.377	3.822	3.496	-1.722	-1.178	6.396	"1"
"十月"	1	0	0	0.4	0.281	0.319	0.398	-0.144	-0.167	0.709	"1"
"十点"	0	0	3	1.2	0.844	0.956	-0.666	-0.431	1.491	2.588	"3"
"千万余"	1	0	0	0.4	0.281	0.319	0.398	-0.144	-0.167	0.709	"1"
"升空"	1	0	0	0.4	0.281	0.319	0.398	-0.144	-0.167	0.709	"1"
"午"	1	3	0	1.6	1.126	1.274	-0.323	1.153	-0.666	2.142	"2"
"午后"	1	0	0	0.4	0.281	0.319	0.398	-0.144	-0.167	0.709	"1"
"午夜"	1	0	0	0.4	0.281	0.319	0.398	-0.144	-0.167	0.709	"1"
"午宴"	1	0	0	0.4	0.281	0.319	0.398	-0.144	-0.167	0.709	"1"
"午餐"	1	0	0	0.4	0.281	0.319	0.398	-0.144	-0.167	0.709	"1"
"半"	3	2	4	3.601	2.533	2.867	-0.317	-0.29	0.503	1.11	"3"
"半价"	0	0	1	0.4	0.281	0.319	-0.222	-0.144	0.497	0.863	"3"
"华特斯"	1	0	0	0.4	0.281	0.319	0.398	-0.144	-0.167	0.709	"1"
"协商会"	0	0	1	0.4	0.281	0.319	-0.222	-0.144	0.497	0.863	"3"
"南安普敦"	0	0	1	0.4	0.281	0.319	-0.222	-0.144	0.497	0.863	"3"
"南海"	0	0	1	0.4	0.281	0.319	-0.222	-0.144	0.497	0.863	"3"
"南港"	0	0	1	0.4	0.281	0.319	-0.222	-0.144	0.497	0.863	"3"
"卡纳汉"	0	0	1	0.4	0.281	0.319	-0.222	-0.144	0.497	0.863	"3"
"卸车"	0	0	1	0.4	0.281	0.319	-0.222	-0.144	0.497	0.863	"3"
"卿"	1	0	0	0.4	0.281	0.319	0.398	-0.144	-0.167	0.709	"1"
"厕所"	0	0	1	0.4	0.281	0.319	-0.222	-0.144	0.497	0.863	"3"
"原定"	2	0	0	0.8	0.563	0.637	0.796	-0.287	-0.333	1.416	"1"
"原订"	1	0	0	0.4	0.281	0.319	0.398	-0.144	-0.167	0.709	"1"
"县环保局长"	1	0	0	0.4	0.281	0.319	0.398	-0.144	-0.167	0.709	"1"
"参"	1	0	0	0.4	0.281	0.319	0.398	-0.144	-0.167	0.709	"1"
"参与感"	0	0	1	0.4	0.281	0.319	-0.222	-0.144	0.497	0.863	"3"
"参观"	0	1	0	0.4	0.281	0.319	-0.222	0.551	-0.167	0.94	"2"
"参访"	1	0	0	0.4	0.281	0.319	0.398	-0.144	-0.167	0.709	"1"
"双重"	0	0	1	0.4	0.281	0.319	-0.222	-0.144	0.497	0.863	"3"
"反驳"	1	0	0	0.4	0.281	0.319	0.398	-0.144	-0.167	0.709	"1"
"发"	1	0	0	0.4	0.281	0.319	0.398	-0.144	-0.167	0.709	"1"
"发佈"	6	0	0	2.4	1.688	1.911	2.387	-0.861	-0.999	4.247	"1"
"发挥"	0	0	1	0.4	0.281	0.319	-0.222	-0.144	0.497	0.863	"3"
"发生"	3	3	4	4.001	2.814	3.185	-0.418	0.247	0.398	1.063	"1"
"发表"	1	0	0	0.4	0.281	0.319	0.398	-0.144	-0.167	0.709	"1"
"发言人"	3	0	0	1.2	0.844	0.956	1.194	-0.431	-0.5	2.125	"1"
"发起"	0	0	1	0.4	0.281	0.319	-0.222	-0.144	0.497	0.863	"3"
"取款"	1	0	0	0.4	0.281	0.319	0.398	-0.144	-0.167	0.709	"1"
"取缔"	0	0	2	0.8	0.563	0.637	-0.444	-0.287	0.994	1.725	"3"
"取证"	0	0	1	0.4	0.281	0.319	-0.222	-0.144	0.497	0.863	"3"
"变电所"	1	0	0	0.4	0.281	0.319	0.398	-0.144	-0.167	0.709	"1"
"只好"	0	0	1	0.4	0.281	0.319	-0.222	-0.144	0.497	0.863	"3"
"召开"	4	1	0	2	1.407	1.593	1.06	-0.247	-0.833	2.14	"1"
"召集"	1	0	0	0.4	0.281	0.319	0.398	-0.144	-0.167	0.709	"1"
"可以"	0	0	3	1.2	0.844	0.956	-0.666	-0.431	1.491	2.588	"3"
"可言"	0	0	1	0.4	0.281	0.319	-0.222	-0.144	0.497	0.863	"3"
"台"	2	0	0	0.8	0.563	0.637	0.796	-0.287	-0.333	1.416	"1"
"台东"	0	0	1	0.4	0.281	0.319	-0.222	-0.144	0.497	0.863	"3"
"台中市"	1	0	0	0.4	0.281	0.319	0.398	-0.144	-0.167	0.709	"1"
"台中市区"	1	0	0	0.4	0.281	0.319	0.398	-0.144	-0.167	0.709	"1"
"台北"	15	0	0	6.001	4.221	4.778	5.968	-2.153	-2.498	10.619	"1"
"台北县"	1	0	0	0.4	0.281	0.319	0.398	-0.144	-0.167	0.709	"1"
"台北市"	2	0	0	0.8	0.563	0.637	0.796	-0.287	-0.333	1.416	"1"
"台商"	1	0	0	0.4	0.281	0.319	0.398	-0.144	-0.167	0.709	"1"
"台电"	1	0	0	0.4	0.281	0.319	0.398	-0.144	-0.167	0.709	"1"
"台视"	0	0	1	0.4	0.281	0.319	-0.222	-0.144	0.497	0.863	"3"
"台风"	1	0	1	0.8	0.563	0.637	0.194	-0.287	0.271	0.752	"2"
"史托坎"	0	0	1	0.4	0.281	0.319	-0.222	-0.144	0.497	0.863	"3"
"史蹟"	0	0	1	0.4	0.281	0.319	-0.222	-0.144	0.497	0.863	"3"
"叶荣华"	1	0	0	0.4	0.281	0.319	0.398	-0.144	-0.167	0.709	"1"
"吃"	0	0	3	1.2	0.844	0.956	-0.666	-0.431	1.491	2.588	"3"
"吃饭"	1	0	0	0.4	0.281	0.319	0.398	-0.144	-0.167	0.709	"1"
"合唱团"	1	0	0	0.4	0.281	0.319	0.398	-0.144	-0.167	0.709	"1"
"吉华队"	0	0	2	0.8	0.563	0.637	-0.444	-0.287	0.994	1.725	"3"
"同乡会"	0	1	0	0.4	0.281	0.319	-0.222	0.551	-0.167	0.94	"2"
"同年"	0	1	0	0.4	0.281	0.319	-0.222	0.551	-0.167	0.94	"2"
"同袍"	0	0	1	0.4	0.281	0.319	-0.222	-0.144	0.497	0.863	"3"
"名牌"	2	0	0	0.8	0.563	0.637	0.796	-0.287	-0.333	1.416	"1"
"后港"	2	0	0	0.8	0.563	0.637	0.796	-0.287	-0.333	1.416	"1"
"吕"	1	0	0	0.4	0.281	0.319	0.398	-0.144	-0.167	0.709	"1"
"吕秀莲"	4	0	0	1.6	1.126	1.274	1.591	-0.574	-0.666	2.831	"1"
"启程"	2	0	0	0.8	0.563	0.637	0.796	-0.287	-0.333	1.416	"1"
"启航"	1	0	0	0.4	0.281	0.319	0.398	-0.144	-0.167	0.709	"1"
"吴淑珍"	1	0	0	0.4	0.281	0.319	0.398	-0.144	-0.167	0.709	"1"
"告别"	1	0	0	0.4	0.281	0.319	0.398	-0.144	-0.167	0.709	"1"
"周"	0	1	0	0.4	0.281	0.319	-0.222	0.551	-0.167	0.94	"2"
"周一"	0	0	1	0.4	0.281	0.319	-0.222	-0.144	0.497	0.863	"3"
"周三"	1	0	1	0.8	0.563	0.637	0.194	-0.287	0.271	0.752	"2"
"周五"	0	0	1	0.4	0.281	0.319	-0.222	-0.144	0.497	0.863	"3"
"周六"	0	1	1	0.8	0.563	0.637	-0.444	0.315	0.271	1.03	"1"
"和合"	1	0	0	0.4	0.281	0.319	0.398	-0.144	-0.167	0.709	"1"
"和和"	0	0	1	0.4	0.281	0.319	-0.222	-0.144	0.497	0.863	"3"
"咧"	0	0	1	0.4	0.281	0.319	-0.222	-0.144	0.497	0.863	"3"
"哈"	1	0	0	0.4	0.281	0.319	0.398	-0.144	-0.167	0.709	"1"
"响"	0	0	1	0.4	0.281	0.319	-0.222	-0.144	0.497	0.863	"3"
"唐城坊"	0	1	0	0.4	0.281	0.319	-0.222	0.551	-0.167	0.94	"2"
"唐飞"	1	0	1	0.8	0.563	0.637	0.194	-0.287	0.271	0.752	"2"
"唱会"	0	1	0	0.4	0.281	0.319	-0.222	0.551	-0.167	0.94	"2"
"商店"	0	0	1	0.4	0.281	0.319	-0.222	-0.144	0.497	0.863	"3"
"啡"	1	0	0	0.4	0.281	0.319	0.398	-0.144	-0.167	0.709	"1"
"喀什"	0	0	1	0.4	0.281	0.319	-0.222	-0.144	0.497	0.863	"3"
"善信"	0	1	0	0.4	0.281	0.319	-0.222	0.551	-0.167	0.94	"2"
"善后"	1	0	0	0.4	0.281	0.319	0.398	-0.144	-0.167	0.709	"1"
"喷发"	0	0	1	0.4	0.281	0.319	-0.222	-0.144	0.497	0.863	"3"
"嘉义市"	2	0	1	1.2	0.844	0.956	0.453	-0.431	0.165	1.049	"1"
"噩梦"	0	0	1	0.4	0.281	0.319	-0.222	-0.144	0.497	0.863	"3"
"噪音"	0	0	1	0.4	0.281	0.319	-0.222	-0.144	0.497	0.863	"3"
"四十二"	1	0	0	0.4	0.281	0.319	0.398	-0.144	-0.167	0.709	"1"
"四日"	2	0	0	0.8	0.563	0.637	0.796	-0.287	-0.333	1.416	"1"
"四百余"	0	0	1	0.4	0.281	0.319	-0.222	-0.144	0.497	0.863	"3"
"回到"	1	1	1	1.2	0.844	0.956	-0.188	0.201	0.165	0.554	"2"
"回家"	0	3	3	2.4	1.688	1.911	-1.331	0.654	0.537	2.522	"1"
"回应"	1	0	0	0.4	0.281	0.319	0.398	-0.144	-0.167	0.709	"1"
"因应"	1	0	0	0.4	0.281	0.319	0.398	-0.144	-0.167	0.709	"1"
"国亲"	2	0	0	0.8	0.563	0.637	0.796	-0.287	-0.333	1.416	"1"
"国军"	1	0	0	0.4	0.281	0.319	0.398	-0.144	-0.167	0.709	"1"
"国务卿"	3	0	0	1.2	0.844	0.956	1.194	-0.431	-0.5	2.125	"1"
"国宾"	1	0	0	0.4	0.281	0.319	0.398	-0.144	-0.167	0.709	"1"
"国庆"	1	0	0	0.4	0.281	0.319	0.398	-0.144	-0.167	0.709	"1"
"国民党"	1	0	0	0.4	0.281	0.319	0.398	-0.144	-0.167	0.709	"1"
"国父"	2	0	0	0.8	0.563	0.637	0.796	-0.287	-0.333	1.416	"1"
"圆环"	0	0	1	0.4	0.281	0.319	-0.222	-0.144	0.497	0.863	"3"
"圣淘沙"	0	0	1	0.4	0.281	0.319	-0.222	-0.144	0.497	0.863	"3"
"圣火"	1	0	0	0.4	0.281	0.319	0.398	-0.144	-0.167	0.709	"1"
"圣路易斯"	0	0	1	0.4	0.281	0.319	-0.222	-0.144	0.497	0.863	"3"
"在"	89	42	56	74.811	52.624	59.565	1.675	-1.323	-0.498	3.496	"1"
"在野三"	1	0	0	0.4	0.281	0.319	0.398	-0.144	-0.167	0.709	"1"
"地下室"	0	0	1	0.4	0.281	0.319	-0.222	-0.144	0.497	0.863	"3"
"地址"	0	1	0	0.4	0.281	0.319	-0.222	0.551	-0.167	0.94	"2"
"地方军事"	1	0	0	0.4	0.281	0.319	0.398	-0.144	-0.167	0.709	"1"
"地检署"	2	0	0	0.8	0.563	0.637	0.796	-0.287	-0.333	1.416	"1"
"地点"	1	11	0	4.801	3.377	3.822	-1.708	5.108	-1.999	8.815	"2"
"地茂"	0	1	0	0.4	0.281	0.319	-0.222	0.551	-0.167	0.94	"2"
"地铁站"	1	0	0	0.4	0.281	0.319	0.398	-0.144	-0.167	0.709	"1"
"场所"	0	0	1	0.4	0.281	0.319	-0.222	-0.144	0.497	0.863	"3"
"坟场"	1	0	0	0.4	0.281	0.319	0.398	-0.144	-0.167	0.709	"1"
"坠机"	0	0	1	0.4	0.281	0.319	-0.222	-0.144	0.497	0.863	"3"
"坠海"	0	0	1	0.4	0.281	0.319	-0.222	-0.144	0.497	0.863	"3"
"坠落"	1	0	0	0.4	0.281	0.319	0.398	-0.144	-0.167	0.709	"1"
"培训班"	0	1	0	0.4	0.281	0.319	-0.222	0.551	-0.167	0.94	"2"
"基德"	0	0	1	0.4	0.281	0.319	-0.222	-0.144	0.497	0.863	"3"
"基隆"	1	0	0	0.4	0.281	0.319	0.398	-0.144	-0.167	0.709	"1"
"基隆市"	0	0	1	0.4	0.281	0.319	-0.222	-0.144	0.497	0.863	"3"
"基隆港"	1	0	0	0.4	0.281	0.319	0.398	-0.144	-0.167	0.709	"1"
"塔身"	0	0	1	0.4	0.281	0.319	-0.222	-0.144	0.497	0.863	"3"
"增多"	0	0	1	0.4	0.281	0.319	-0.222	-0.144	0.497	0.863	"3"
"增派"	0	0	1	0.4	0.281	0.319	-0.222	-0.144	0.497	0.863	"3"
"增演午场"	0	1	0	0.4	0.281	0.319	-0.222	0.551	-0.167	0.94	"2"
"声"	0	0	1	0.4	0.281	0.319	-0.222	-0.144	0.497	0.863	"3"
"声明"	1	0	0	0.4	0.281	0.319	0.398	-0.144	-0.167	0.709	"1"
"声明稿"	1	0	0	0.4	0.281	0.319	0.398	-0.144	-0.167	0.709	"1"
"复习"	0	0	1	0.4	0.281	0.319	-0.222	-0.144	0.497	0.863	"3"
"复兴"	1	0	0	0.4	0.281	0.319	0.398	-0.144	-0.167	0.709	"1"
"复讯"	2	0	0	0.8	0.563	0.637	0.796	-0.287	-0.333	1.416	"1"
"外交部"	1	0	0	0.4	0.281	0.319	0.398	-0.144	-0.167	0.709	"1"
"外头"	0	0	2	0.8	0.563	0.637	-0.444	-0.287	0.994	1.725	"3"
"外调"	0	0	1	0.4	0.281	0.319	-0.222	-0.144	0.497	0.863	"3"
"多"	3	0	1	1.6	1.126	1.274	0.746	-0.574	-0.208	1.528	"1"
"多元"	1	0	0	0.4	0.281	0.319	0.398	-0.144	-0.167	0.709	"1"
"多所"	0	0	1	0.4	0.281	0.319	-0.222	-0.144	0.497	0.863	"3"
"夜"	0	0	2	0.8	0.563	0.637	-0.444	-0.287	0.994	1.725	"3"
"夜总会"	1	0	1	0.8	0.563	0.637	0.194	-0.287	0.271	0.752	"2"
"夜晚"	1	0	0	0.4	0.281	0.319	0.398	-0.144	-0.167	0.709	"1"
"夜游"	0	0	1	0.4	0.281	0.319	-0.222	-0.144	0.497	0.863	"3"
"夜祭"	1	0	0	0.4	0.281	0.319	0.398	-0.144	-0.167	0.709	"1"
"夜间"	0	0	2	0.8	0.563	0.637	-0.444	-0.287	0.994	1.725	"3"
"大使馆"	2	0	0	0.8	0.563	0.637	0.796	-0.287	-0.333	1.416	"1"
"大前天"	0	0	1	0.4	0.281	0.319	-0.222	-0.144	0.497	0.863	"3"
"大城"	1	0	0	0.4	0.281	0.319	0.398	-0.144	-0.167	0.709	"1"
"大学"	0	0	1	0.4	0.281	0.319	-0.222	-0.144	0.497	0.863	"3"
"大安"	1	0	0	0.4	0.281	0.319	0.398	-0.144	-0.167	0.709	"1"
"大富"	0	0	1	0.4	0.281	0.319	-0.222	-0.144	0.497	0.863	"3"
"大年"	0	0	1	0.4	0.281	0.319	-0.222	-0.144	0.497	0.863	"3"
"大牌"	0	1	2	1.2	0.844	0.956	-0.666	0.201	0.62	1.487	"1"
"大盘"	0	0	1	0.4	0.281	0.319	-0.222	-0.144	0.497	0.863	"3"
"大联"	1	0	0	0.4	0.281	0.319	0.398	-0.144	-0.167	0.709	"1"
"大胜"	0	0	1	0.4	0.281	0.319	-0.222	-0.144	0.497	0.863	"3"
"大观园"	0	0	1	0.4	0.281	0.319	-0.222	-0.144	0.497	0.863	"3"
"天"	4	5	11	8.001	5.628	6.371	-1.293	-0.31	1.569	3.172	"3"
"天天"	0	0	2	0.8	0.563	0.637	-0.444	-0.287	0.994	1.725	"3"
"天母"	1	0	0	0.4	0.281	0.319	0.398	-0.144	-0.167	0.709	"1"
"天道"	0	0	1	0.4	0.281	0.319	-0.222	-0.144	0.497	0.863	"3"
"太晚"	0	0	1	0.4	0.281	0.319	-0.222	-0.144	0.497	0.863	"3"
"夫人"	1	0	0	0.4	0.281	0.319	0.398	-0.144	-0.167	0.709	"1"
"失事"	1	0	0	0.4	0.281	0.319	0.398	-0.144	-0.167	0.709	"1"
"失眠"	0	0	1	0.4	0.281	0.319	-0.222	-0.144	0.497	0.863	"3"
"失禁"	0	0	1	0.4	0.281	0.319	-0.222	-0.144	0.497	0.863	"3"
"头皮"	0	1	0	0.4	0.281	0.319	-0.222	0.551	-0.167	0.94	"2"
"女童"	0	1	0	0.4	0.281	0.319	-0.222	0.551	-0.167	0.94	"2"
"女郎"	0	1	3	1.6	1.126	1.274	-0.888	-0.165	1.007	2.06	"3"
"好意"	0	0	1	0.4	0.281	0.319	-0.222	-0.144	0.497	0.863	"3"
"如下"	1	0	0	0.4	0.281	0.319	0.398	-0.144	-0.167	0.709	"1"
"娱乐场"	0	0	2	0.8	0.563	0.637	-0.444	-0.287	0.994	1.725	"3"
"婚宴"	0	1	0	0.4	0.281	0.319	-0.222	0.551	-0.167	0.94	"2"
"媒体"	5	0	0	2	1.407	1.593	1.989	-0.718	-0.833	3.54	"1"
"嫌犯"	0	0	1	0.4	0.281	0.319	-0.222	-0.144	0.497	0.863	"3"
"孟沙"	0	0	1	0.4	0.281	0.319	-0.222	-0.144	0.497	0.863	"3"
"孤独"	0	0	1	0.4	0.281	0.319	-0.222	-0.144	0.497	0.863	"3"
"安"	0	0	2	0.8	0.563	0.637	-0.444	-0.287	0.994	1.725	"3"
"安排"	2	0	0	0.8	0.563	0.637	0.796	-0.287	-0.333	1.416	"1"
"安睡"	0	0	1	0.4	0.281	0.319	-0.222	-0.144	0.497	0.863	"3"
"定"	4	0	0	1.6	1.126	1.274	1.591	-0.574	-0.666	2.831	"1"
"定于"	0	1	0	0.4	0.281	0.319	-0.222	0.551	-0.167	0.94	"2"
"定稿"	1	0	0	0.4	0.281	0.319	0.398	-0.144	-0.167	0.709	"1"
"定论"	1	0	0	0.4	0.281	0.319	0.398	-0.144	-0.167	0.709	"1"
"宝马"	1	0	1	0.8	0.563	0.637	0.194	-0.287	0.271	0.752	"2"
"实况"	0	1	0	0.4	0.281	0.319	-0.222	0.551	-0.167	0.94	"2"
"实情"	0	1	0	0.4	0.281	0.319	-0.222	0.551	-0.167	0.94	"2"
"实施"	0	0	1	0.4	0.281	0.319	-0.222	-0.144	0.497	0.863	"3"
"审议"	1	0	0	0.4	0.281	0.319	0.398	-0.144	-0.167	0.709	"1"
"客人"	0	0	1	0.4	0.281	0.319	-0.222	-0.144	0.497	0.863	"3"
"宣"	0	0	1	0.4	0.281	0.319	-0.222	-0.144	0.497	0.863	"3"
"宣佈"	4	0	0	1.6	1.126	1.274	1.591	-0.574	-0.666	2.831	"1"
"宣读"	1	0	0	0.4	0.281	0.319	0.398	-0.144	-0.167	0.709	"1"
"宴"	0	1	0	0.4	0.281	0.319	-0.222	0.551	-0.167	0.94	"2"
"宴会"	1	0	0	0.4	0.281	0.319	0.398	-0.144	-0.167	0.709	"1"
"宴客"	0	0	1	0.4	0.281	0.319	-0.222	-0.144	0.497	0.863	"3"
"宴请"	2	0	0	0.8	0.563	0.637	0.796	-0.287	-0.333	1.416	"1"
"宵禁"	0	0	1	0.4	0.281	0.319	-0.222	-0.144	0.497	0.863	"3"
"家乡"	0	0	1	0.4	0.281	0.319	-0.222	-0.144	0.497	0.863	"3"
"家务"	0	0	1	0.4	0.281	0.319	-0.222	-0.144	0.497	0.863	"3"
"家门"	0	0	2	0.8	0.563	0.637	-0.444	-0.287	0.994	1.725	"3"
"容易"	0	0	1	0.4	0.281	0.319	-0.222	-0.144	0.497	0.863	"3"
"容纳"	0	0	1	0.4	0.281	0.319	-0.222	-0.144	0.497	0.863	"3"
"宾馆"	1	0	0	0.4	0.281	0.319	0.398	-0.144	-0.167	0.709	"1"
"宿舍"	0	0	1	0.4	0.281	0.319	-0.222	-0.144	0.497	0.863	"3"
"密度"	0	0	1	0.4	0.281	0.319	-0.222	-0.144	0.497	0.863	"3"
"密苏里州"	0	0	2	0.8	0.563	0.637	-0.444	-0.287	0.994	1.725	"3"
"对垒"	0	0	1	0.4	0.281	0.319	-0.222	-0.144	0.497	0.863	"3"
"对峙"	0	0	1	0.4	0.281	0.319	-0.222	-0.144	0.497	0.863	"3"
"寺"	0	1	0	0.4	0.281	0.319	-0.222	0.551	-0.167	0.94	"2"
"将"	11	1	0	4.801	3.377	3.822	3.496	-0.966	-1.999	6.461	"1"
"小便"	0	0	1	0.4	0.281	0.319	-0.222	-0.144	0.497	0.863	"3"
"小姐"	0	0	1	0.4	0.281	0.319	-0.222	-0.144	0.497	0.863	"3"
"小屋"	0	0	1	0.4	0.281	0.319	-0.222	-0.144	0.497	0.863	"3"
"小岛"	1	0	0	0.4	0.281	0.319	0.398	-0.144	-0.167	0.709	"1"
"小布希"	1	0	0	0.4	0.281	0.319	0.398	-0.144	-0.167	0.709	"1"
"小时"	0	0	1	0.4	0.281	0.319	-0.222	-0.144	0.497	0.863	"3"
"小组"	2	0	0	0.8	0.563	0.637	0.796	-0.287	-0.333	1.416	"1"
"小范"	1	0	0	0.4	0.281	0.319	0.398	-0.144	-0.167	0.709	"1"
"少壮派"	1	0	0	0.4	0.281	0.319	0.398	-0.144	-0.167	0.709	"1"
"少妇"	0	0	2	0.8	0.563	0.637	-0.444	-0.287	0.994	1.725	"3"
"就是"	0	0	1	0.4	0.281	0.319	-0.222	-0.144	0.497	0.863	"3"
"尽失"	1	0	0	0.4	0.281	0.319	0.398	-0.144	-0.167	0.709	"1"
"尾盘"	0	0	1	0.4	0.281	0.319	-0.222	-0.144	0.497	0.863	"3"
"展开"	1	0	0	0.4	0.281	0.319	0.398	-0.144	-0.167	0.709	"1"
"展销会"	0	1	0	0.4	0.281	0.319	-0.222	0.551	-0.167	0.94	"2"
"岛国"	0	0	1	0.4	0.281	0.319	-0.222	-0.144	0.497	0.863	"3"
"岸际"	0	0	1	0.4	0.281	0.319	-0.222	-0.144	0.497	0.863	"3"
"峨眉山"	0	0	1	0.4	0.281	0.319	-0.222	-0.144	0.497	0.863	"3"
"巡逻"	0	0	2	0.8	0.563	0.637	-0.444	-0.287	0.994	1.725	"3"
"工作"	0	0	2	0.8	0.563	0.637	-0.444	-0.287	0.994	1.725	"3"
"工地"	0	0	2	0.8	0.563	0.637	-0.444	-0.287	0.994	1.725	"3"
"左右"	5	6	3	5.601	3.94	4.459	-0.314	0.757	-0.522	1.593	"2"
"巴旺甘"	0	1	0	0.4	0.281	0.319	-0.222	0.551	-0.167	0.94	"2"
"巴林塘"	0	0	1	0.4	0.281	0.319	-0.222	-0.144	0.497	0.863	"3"
"巴生"	0	1	0	0.4	0.281	0.319	-0.222	0.551	-0.167	0.94	"2"
"巴老"	1	0	0	0.4	0.281	0.319	0.398	-0.144	-0.167	0.709	"1"
"巴西班"	1	0	0	0.4	0.281	0.319	0.398	-0.144	-0.167	0.709	"1"
"巴西立"	1	0	0	0.4	0.281	0.319	0.398	-0.144	-0.167	0.709	"1"
"市政厅"	1	0	0	0.4	0.281	0.319	0.398	-0.144	-0.167	0.709	"1"
"市政府"	1	0	0	0.4	0.281	0.319	0.398	-0.144	-0.167	0.709	"1"
"市长"	1	0	0	0.4	0.281	0.319	0.398	-0.144	-0.167	0.709	"1"
"布"	2	0	1	1.2	0.844	0.956	0.453	-0.431	0.165	1.049	"1"
"布莱"	0	0	1	0.4	0.281	0.319	-0.222	-0.144	0.497	0.863	"3"
"帐篷"	0	0	1	0.4	0.281	0.319	-0.222	-0.144	0.497	0.863	"3"
"帕米尔路"	0	0	1	0.4	0.281	0.319	-0.222	-0.144	0.497	0.863	"3"
"常常"	0	0	1	0.4	0.281	0.319	-0.222	-0.144	0.497	0.863	"3"
"幕僚"	1	0	0	0.4	0.281	0.319	0.398	-0.144	-0.167	0.709	"1"
"平安桥"	0	1	0	0.4	0.281	0.319	-0.222	0.551	-0.167	0.94	"2"
"平日"	0	0	1	0.4	0.281	0.319	-0.222	-0.144	0.497	0.863	"3"
"平时"	0	0	1	0.4	0.281	0.319	-0.222	-0.144	0.497	0.863	"3"
"年会"	1	0	0	0.4	0.281	0.319	0.398	-0.144	-0.167	0.709	"1"
"幼子"	1	0	0	0.4	0.281	0.319	0.398	-0.144	-0.167	0.709	"1"
"广东话"	0	0	1	0.4	0.281	0.319	-0.222	-0.144	0.497	0.863	"3"
"广告商"	1	0	0	0.4	0.281	0.319	0.398	-0.144	-0.167	0.709	"1"
"广场"	4	1	0	2	1.407	1.593	1.06	-0.247	-0.833	2.14	"1"
"庆典"	0	1	0	0.4	0.281	0.319	-0.222	0.551	-0.167	0.94	"2"
"庆祝"	2	1	1	1.6	1.126	1.274	0.28	-0.165	-0.208	0.653	"1"
"应酬"	0	0	2	0.8	0.563	0.637	-0.444	-0.287	0.994	1.725	"3"
"店门"	0	0	1	0.4	0.281	0.319	-0.222	-0.144	0.497	0.863	"3"
"座谈"	1	0	0	0.4	0.281	0.319	0.398	-0.144	-0.167	0.709	"1"
"座谈会"	2	0	0	0.8	0.563	0.637	0.796	-0.287	-0.333	1.416	"1"
"延期"	1	0	0	0.4	0.281	0.319	0.398	-0.144	-0.167	0.709	"1"
"延至"	1	0	0	0.4	0.281	0.319	0.398	-0.144	-0.167	0.709	"1"
"延长"	0	0	1	0.4	0.281	0.319	-0.222	-0.144	0.497	0.863	"3"
"延长至"	1	0	1	0.8	0.563	0.637	0.194	-0.287	0.271	0.752	"2"
"建中"	1	0	0	0.4	0.281	0.319	0.398	-0.144	-0.167	0.709	"1"
"开"	0	0	1	0.4	0.281	0.319	-0.222	-0.144	0.497	0.863	"3"
"开会"	2	0	0	0.8	0.563	0.637	0.796	-0.287	-0.333	1.416	"1"
"开办"	0	4	0	1.6	1.126	1.274	-0.888	2.203	-0.666	3.757	"2"
"开启"	1	0	0	0.4	0.281	0.319	0.398	-0.144	-0.167	0.709	"1"
"开始"	3	4	1	3.2	2.251	2.548	-0.226	0.791	-0.657	1.674	"2"
"开幕"	1	0	0	0.4	0.281	0.319	0.398	-0.144	-0.167	0.709	"1"
"开放"	2	4	1	2.8	1.97	2.23	-0.377	0.986	-0.535	1.898	"2"
"开放给"	0	1	0	0.4	0.281	0.319	-0.222	0.551	-0.167	0.94	"2"
"开演"	1	0	0	0.4	0.281	0.319	0.398	-0.144	-0.167	0.709	"1"
"开票"	1	0	0	0.4	0.281	0.319	0.398	-0.144	-0.167	0.709	"1"
"开课"	0	1	0	0.4	0.281	0.319	-0.222	0.551	-0.167	0.94	"2"
"开锣"	0	0	1	0.4	0.281	0.319	-0.222	-0.144	0.497	0.863	"3"
"张"	0	0	1	0.4	0.281	0.319	-0.222	-0.144	0.497	0.863	"3"
"张俊雄"	1	0	0	0.4	0.281	0.319	0.398	-0.144	-0.167	0.709	"1"
"张博雅"	2	0	0	0.8	0.563	0.637	0.796	-0.287	-0.333	1.416	"1"
"张国荣"	0	0	1	0.4	0.281	0.319	-0.222	-0.144	0.497	0.863	"3"
"张家骏"	1	0	0	0.4	0.281	0.319	0.398	-0.144	-0.167	0.709	"1"
"张智成"	0	1	0	0.4	0.281	0.319	-0.222	0.551	-0.167	0.94	"2"
"张松光"	0	0	1	0.4	0.281	0.319	-0.222	-0.144	0.497	0.863	"3"
"弹"	1	0	0	0.4	0.281	0.319	0.398	-0.144	-0.167	0.709	"1"
"强化"	0	0	1	0.4	0.281	0.319	-0.222	-0.144	0.497	0.863	"3"
"当地"	2	1	2	2	1.407	1.593	-0.166	-0.247	0.293	0.706	"3"
"当天"	13	0	0	5.201	3.658	4.141	5.172	-1.866	-2.165	9.203	"1"
"录制"	0	0	1	0.4	0.281	0.319	-0.222	-0.144	0.497	0.863	"3"
"录影"	0	0	1	0.4	0.281	0.319	-0.222	-0.144	0.497	0.863	"3"
"录音"	0	0	1	0.4	0.281	0.319	-0.222	-0.144	0.497	0.863	"3"
"彩"	0	0	1	0.4	0.281	0.319	-0.222	-0.144	0.497	0.863	"3"
"忙"	0	0	2	0.8	0.563	0.637	-0.444	-0.287	0.994	1.725	"3"
"忙碌"	0	1	0	0.4	0.281	0.319	-0.222	0.551	-0.167	0.94	"2"
"快于"	1	0	0	0.4	0.281	0.319	0.398	-0.144	-0.167	0.709	"1"
"怀南"	0	1	0	0.4	0.281	0.319	-0.222	0.551	-0.167	0.94	"2"
"急拉"	0	0	1	0.4	0.281	0.319	-0.222	-0.144	0.497	0.863	"3"
"急救"	0	0	1	0.4	0.281	0.319	-0.222	-0.144	0.497	0.863	"3"
"总"	0	0	1	0.4	0.281	0.319	-0.222	-0.144	0.497	0.863	"3"
"总商会"	0	1	0	0.4	0.281	0.319	-0.222	0.551	-0.167	0.94	"2"
"总统"	9	0	1	4.001	2.814	3.185	2.775	-1.435	-0.912	5.122	"1"
"总统府"	8	0	0	3.2	2.251	2.548	3.183	-1.148	-1.332	5.663	"1"
"恆"	1	0	0	0.4	0.281	0.319	0.398	-0.144	-0.167	0.709	"1"
"恩爱"	1	0	0	0.4	0.281	0.319	0.398	-0.144	-0.167	0.709	"1"
"悉尼"	1	0	0	0.4	0.281	0.319	0.398	-0.144	-0.167	0.709	"1"
"情调"	0	0	1	0.4	0.281	0.319	-0.222	-0.144	0.497	0.863	"3"
"想像"	0	0	1	0.4	0.281	0.319	-0.222	-0.144	0.497	0.863	"3"
"意外"	1	0	0	0.4	0.281	0.319	0.398	-0.144	-0.167	0.709	"1"
"感恩"	1	0	0	0.4	0.281	0.319	0.398	-0.144	-0.167	0.709	"1"
"戏院"	1	0	0	0.4	0.281	0.319	0.398	-0.144	-0.167	0.709	"1"
"成人"	0	1	0	0.4	0.281	0.319	-0.222	0.551	-0.167	0.94	"2"
"或"	0	0	2	0.8	0.563	0.637	-0.444	-0.287	0.994	1.725	"3"
"战役"	0	0	1	0.4	0.281	0.319	-0.222	-0.144	0.497	0.863	"3"
"截至"	1	1	0	0.8	0.563	0.637	0.194	0.315	-0.333	0.842	"3"
"房子"	0	0	2	0.8	0.563	0.637	-0.444	-0.287	0.994	1.725	"3"
"房间"	0	0	1	0.4	0.281	0.319	-0.222	-0.144	0.497	0.863	"3"
"扁友会"	1	0	0	0.4	0.281	0.319	0.398	-0.144	-0.167	0.709	"1"
"手册"	1	0	0	0.4	0.281	0.319	0.398	-0.144	-0.167	0.709	"1"
"手排"	1	0	0	0.4	0.281	0.319	0.398	-0.144	-0.167	0.709	"1"
"才"	1	0	2	1.2	0.844	0.956	-0.188	-0.431	0.62	1.239	"3"
"扑灭"	1	0	1	0.8	0.563	0.637	0.194	-0.287	0.271	0.752	"2"
"打击乐"	1	0	0	0.4	0.281	0.319	0.398	-0.144	-0.167	0.709	"1"
"打击乐团"	1	0	0	0.4	0.281	0.319	0.398	-0.144	-0.167	0.709	"1"
"打电话"	2	1	0	1.2	0.844	0.956	0.453	0.201	-0.5	1.154	"3"
"打过去"	0	1	0	0.4	0.281	0.319	-0.222	0.551	-0.167	0.94	"2"
"打麻将"	0	0	1	0.4	0.281	0.319	-0.222	-0.144	0.497	0.863	"3"
"抑"	0	0	1	0.4	0.281	0.319	-0.222	-0.144	0.497	0.863	"3"
"投票"	0	1	0	0.4	0.281	0.319	-0.222	0.551	-0.167	0.94	"2"
"抢修"	1	0	0	0.4	0.281	0.319	0.398	-0.144	-0.167	0.709	"1"
"报国寺"	0	0	1	0.4	0.281	0.319	-0.222	-0.144	0.497	0.863	"3"
"报导"	3	0	1	1.6	1.126	1.274	0.746	-0.574	-0.208	1.528	"1"
"报社"	0	0	1	0.4	0.281	0.319	-0.222	-0.144	0.497	0.863	"3"
"报纸"	0	0	1	0.4	0.281	0.319	-0.222	-0.144	0.497	0.863	"3"
"抵"	1	0	0	0.4	0.281	0.319	0.398	-0.144	-0.167	0.709	"1"
"抵达"	6	0	0	2.4	1.688	1.911	2.387	-0.861	-0.999	4.247	"1"
"抽完"	0	0	2	0.8	0.563	0.637	-0.444	-0.287	0.994	1.725	"3"
"拉丁马士"	0	1	0	0.4	0.281	0.319	-0.222	0.551	-0.167	0.94	"2"
"拍摄"	0	0	1	0.4	0.281	0.319	-0.222	-0.144	0.497	0.863	"3"
"招待"	0	0	1	0.4	0.281	0.319	-0.222	-0.144	0.497	0.863	"3"
"拜会"	2	0	0	0.8	0.563	0.637	0.796	-0.287	-0.333	1.416	"1"
"拜会河"	1	0	0	0.4	0.281	0.319	0.398	-0.144	-0.167	0.709	"1"
"指称"	1	0	0	0.4	0.281	0.319	0.398	-0.144	-0.167	0.709	"1"
"按时"	0	0	1	0.4	0.281	0.319	-0.222	-0.144	0.497	0.863	"3"
"挑衅"	1	0	0	0.4	0.281	0.319	0.398	-0.144	-0.167	0.709	"1"
"挪到"	0	0	1	0.4	0.281	0.319	-0.222	-0.144	0.497	0.863	"3"
"捷运"	1	0	0	0.4	0.281	0.319	0.398	-0.144	-0.167	0.709	"1"
"捷运局"	0	0	1	0.4	0.281	0.319	-0.222	-0.144	0.497	0.863	"3"
"掌声"	1	0	0	0.4	0.281	0.319	0.398	-0.144	-0.167	0.709	"1"
"排练"	0	0	1	0.4	0.281	0.319	-0.222	-0.144	0.497	0.863	"3"
"排队"	0	0	1	0.4	0.281	0.319	-0.222	-0.144	0.497	0.863	"3"
"探照灯"	0	0	1	0.4	0.281	0.319	-0.222	-0.144	0.497	0.863	"3"
"探视"	1	0	0	0.4	0.281	0.319	0.398	-0.144	-0.167	0.709	"1"
"接到"	2	2	0	1.6	1.126	1.274	0.28	0.501	-0.666	1.447	"3"
"接受"	3	0	0	1.2	0.844	0.956	1.194	-0.431	-0.5	2.125	"1"
"接获"	4	1	0	2	1.407	1.593	1.06	-0.247	-0.833	2.14	"1"
"接获社"	1	0	0	0.4	0.281	0.319	0.398	-0.144	-0.167	0.709	"1"
"接送"	1	0	0	0.4	0.281	0.319	0.398	-0.144	-0.167	0.709	"1"
"措手不及"	1	0	0	0.4	0.281	0.319	0.398	-0.144	-0.167	0.709	"1"
"措施"	0	0	1	0.4	0.281	0.319	-0.222	-0.144	0.497	0.863	"3"
"提前"	0	0	1	0.4	0.281	0.319	-0.222	-0.144	0.497	0.863	"3"
"揭晓"	1	0	1	0.8	0.563	0.637	0.194	-0.287	0.271	0.752	"2"
"搬家"	0	0	1	0.4	0.281	0.319	-0.222	-0.144	0.497	0.863	"3"
"搭乘"	5	0	0	2	1.407	1.593	1.989	-0.718	-0.833	3.54	"1"
"搭机"	1	0	0	0.4	0.281	0.319	0.398	-0.144	-0.167	0.709	"1"
"摄氏"	0	0	1	0.4	0.281	0.319	-0.222	-0.144	0.497	0.863	"3"
"摸臀"	0	0	1	0.4	0.281	0.319	-0.222	-0.144	0.497	0.863	"3"
"播"	0	0	2	0.8	0.563	0.637	-0.444	-0.287	0.994	1.725	"3"
"播出"	0	0	13	5.201	3.658	4.141	-2.885	-1.866	6.459	11.21	"3"
"播放"	0	0	2	0.8	0.563	0.637	-0.444	-0.287	0.994	1.725	"3"
"播映"	0	0	2	0.8	0.563	0.637	-0.444	-0.287	0.994	1.725	"3"
"收工"	1	0	0	0.4	0.281	0.319	0.398	-0.144	-0.167	0.709	"1"
"收盘"	0	0	2	0.8	0.563	0.637	-0.444	-0.287	0.994	1.725	"3"
"收看"	0	0	1	0.4	0.281	0.319	-0.222	-0.144	0.497	0.863	"3"
"收费"	0	0	2	0.8	0.563	0.637	-0.444	-0.287	0.994	1.725	"3"
"改为"	0	0	1	0.4	0.281	0.319	-0.222	-0.144	0.497	0.863	"3"
"攻击"	0	0	1	0.4	0.281	0.319	-0.222	-0.144	0.497	0.863	"3"
"攻击机"	0	0	1	0.4	0.281	0.319	-0.222	-0.144	0.497	0.863	"3"
"放学"	0	0	1	0.4	0.281	0.319	-0.222	-0.144	0.497	0.863	"3"
"放工"	0	1	0	0.4	0.281	0.319	-0.222	0.551	-0.167	0.94	"2"
"放映"	1	0	0	0.4	0.281	0.319	0.398	-0.144	-0.167	0.709	"1"
"政变"	1	0	0	0.4	0.281	0.319	0.398	-0.144	-0.167	0.709	"1"
"故宫"	0	0	1	0.4	0.281	0.319	-0.222	-0.144	0.497	0.863	"3"
"效果"	0	0	1	0.4	0.281	0.319	-0.222	-0.144	0.497	0.863	"3"
"救援"	1	0	0	0.4	0.281	0.319	0.398	-0.144	-0.167	0.709	"1"
"教室"	0	0	1	0.4	0.281	0.319	-0.222	-0.144	0.497	0.863	"3"
"整"	2	0	0	0.8	0.563	0.637	0.796	-0.287	-0.333	1.416	"1"
"整整"	0	0	2	0.8	0.563	0.637	-0.444	-0.287	0.994	1.725	"3"
"文化局"	2	0	1	1.2	0.844	0.956	0.453	-0.431	0.165	1.049	"1"
"文教"	1	0	0	0.4	0.281	0.319	0.398	-0.144	-0.167	0.709	"1"
"文艺"	0	1	0	0.4	0.281	0.319	-0.222	0.551	-0.167	0.94	"2"
"断然"	0	0	1	0.4	0.281	0.319	-0.222	-0.144	0.497	0.863	"3"
"斯图加"	0	0	1	0.4	0.281	0.319	-0.222	-0.144	0.497	0.863	"3"
"新剧"	0	1	0	0.4	0.281	0.319	-0.222	0.551	-0.167	0.94	"2"
"新北投站"	1	0	0	0.4	0.281	0.319	0.398	-0.144	-0.167	0.709	"1"
"新店溪"	1	0	0	0.4	0.281	0.319	0.398	-0.144	-0.167	0.709	"1"
"新新闻"	2	0	0	0.8	0.563	0.637	0.796	-0.287	-0.333	1.416	"1"
"新泽"	1	0	0	0.4	0.281	0.319	0.398	-0.144	-0.167	0.709	"1"
"新疆"	0	0	2	0.8	0.563	0.637	-0.444	-0.287	0.994	1.725	"3"
"新竹县"	1	0	0	0.4	0.281	0.319	0.398	-0.144	-0.167	0.709	"1"
"新航"	1	0	0	0.4	0.281	0.319	0.398	-0.144	-0.167	0.709	"1"
"新闻"	3	0	6	3.601	2.533	2.867	-0.317	-1.292	1.468	3.077	"3"
"新闻局"	1	0	0	0.4	0.281	0.319	0.398	-0.144	-0.167	0.709	"1"
"新闻局长"	1	0	0	0.4	0.281	0.319	0.398	-0.144	-0.167	0.709	"1"
"新闻稿"	2	0	0	0.8	0.563	0.637	0.796	-0.287	-0.333	1.416	"1"
"方便"	0	0	1	0.4	0.281	0.319	-0.222	-0.144	0.497	0.863	"3"
"方念华"	1	0	0	0.4	0.281	0.319	0.398	-0.144	-0.167	0.709	"1"
"施工"	0	0	1	0.4	0.281	0.319	-0.222	-0.144	0.497	0.863	"3"
"旋风式"	1	0	0	0.4	0.281	0.319	0.398	-0.144	-0.167	0.709	"1"
"族人"	0	0	1	0.4	0.281	0.319	-0.222	-0.144	0.497	0.863	"3"
"日"	21	24	11	22.403	15.759	17.838	-0.391	1.89	-1.512	3.793	"2"
"日夜"	0	0	1	0.4	0.281	0.319	-0.222	-0.144	0.497	0.863	"3"
"早上"	3	4	4	4.401	3.096	3.504	-0.529	0.425	0.315	1.269	"1"
"早早"	1	0	0	0.4	0.281	0.319	0.398	-0.144	-0.167	0.709	"1"
"早晨"	0	0	1	0.4	0.281	0.319	-0.222	-0.144	0.497	0.863	"3"
"时后"	1	0	2	1.2	0.844	0.956	-0.188	-0.431	0.62	1.239	"3"
"时段"	0	0	6	2.4	1.688	1.911	-1.331	-0.861	2.981	5.173	"3"
"时间"	14	23	6	17.203	12.101	13.697	-0.697	3.389	-2.196	6.282	"2"
"旺宏"	1	0	0	0.4	0.281	0.319	0.398	-0.144	-0.167	0.709	"1"
"昇五号"	1	0	0	0.4	0.281	0.319	0.398	-0.144	-0.167	0.709	"1"
"明天"	4	2	9	6.001	4.221	4.778	-0.663	-0.791	1.641	3.095	"3"
"星"	0	1	2	1.2	0.844	0.956	-0.666	0.201	0.62	1.487	"1"
"星卉"	1	0	0	0.4	0.281	0.319	0.398	-0.144	-0.167	0.709	"1"
"星期"	0	2	0	0.8	0.563	0.637	-0.444	1.101	-0.333	1.878	"2"
"星期一"	1	7	1	3.601	2.533	2.867	-1.152	2.543	-0.782	4.477	"2"
"星期三"	0	2	1	1.2	0.844	0.956	-0.666	0.714	0.165	1.545	"2"
"星期二"	0	4	3	2.8	1.97	2.23	-1.553	0.986	0.403	2.942	"1"
"星期五"	0	1	5	2.4	1.688	1.911	-1.331	-0.336	1.84	3.507	"3"
"星期六"	0	5	9	5.601	3.94	4.459	-3.106	0.449	1.896	5.451	"1"
"星期四"	0	2	2	1.6	1.126	1.274	-0.888	0.501	0.419	1.808	"1"
"星期天"	0	0	1	0.4	0.281	0.319	-0.222	-0.144	0.497	0.863	"3"
"星期日"	0	8	5	5.201	3.658	4.141	-2.885	1.914	0.396	5.195	"1"
"春酒"	1	0	0	0.4	0.281	0.319	0.398	-0.144	-0.167	0.709	"1"
"昨天"	25	4	1	12.002	8.442	9.556	5.845	-1.32	-3.82	10.985	"1"
"昼"	0	0	1	0.4	0.281	0.319	-0.222	-0.144	0.497	0.863	"3"
"显示"	0	0	1	0.4	0.281	0.319	-0.222	-0.144	0.497	0.863	"3"
"晚上"	2	9	7	7.201	5.065	5.733	-2.085	1.39	0.469	3.944	"1"
"晚会"	3	1	0	1.6	1.126	1.274	0.746	-0.165	-0.666	1.577	"1"
"晚宴"	1	1	0	0.8	0.563	0.637	0.194	0.315	-0.333	0.842	"3"
"晚起"	0	0	1	0.4	0.281	0.319	-0.222	-0.144	0.497	0.863	"3"
"晚间"	0	0	1	0.4	0.281	0.319	-0.222	-0.144	0.497	0.863	"3"
"晚餐"	0	1	1	0.8	0.563	0.637	-0.444	0.315	0.271	1.03	"1"
"晚饭"	0	0	1	0.4	0.281	0.319	-0.222	-0.144	0.497	0.863	"3"
"景观"	0	0	1	0.4	0.281	0.319	-0.222	-0.144	0.497	0.863	"3"
"暂停"	0	0	1	0.4	0.281	0.319	-0.222	-0.144	0.497	0.863	"3"
"暴"	0	0	1	0.4	0.281	0.319	-0.222	-0.144	0.497	0.863	"3"
"曰"	0	0	1	0.4	0.281	0.319	-0.222	-0.144	0.497	0.863	"3"
"更加"	0	0	1	0.4	0.281	0.319	-0.222	-0.144	0.497	0.863	"3"
"最后"	0	0	1	0.4	0.281	0.319	-0.222	-0.144	0.497	0.863	"3"
"最高法院"	2	0	0	0.8	0.563	0.637	0.796	-0.287	-0.333	1.416	"1"
"月"	3	12	1	6.401	4.503	5.096	-1.187	3.868	-1.737	6.792	"2"
"月圆"	0	0	1	0.4	0.281	0.319	-0.222	-0.144	0.497	0.863	"3"
"有时"	0	0	2	0.8	0.563	0.637	-0.444	-0.287	0.994	1.725	"3"
"有时候"	0	0	1	0.4	0.281	0.319	-0.222	-0.144	0.497	0.863	"3"
"朗星熠"	0	0	1	0.4	0.281	0.319	-0.222	-0.144	0.497	0.863	"3"
"末"	0	0	1	0.4	0.281	0.319	-0.222	-0.144	0.497	0.863	"3"
"本"	4	13	1	7.201	5.065	5.733	-1.026	3.88	-2.024	6.93	"2"
"朱亚衍"	1	0	0	0.4	0.281	0.319	0.398	-0.144	-0.167	0.709	"1"
"朱婉清"	1	0	0	0.4	0.281	0.319	0.398	-0.144	-0.167	0.709	"1"
"朱宗庆"	1	0	0	0.4	0.281	0.319	0.398	-0.144	-0.167	0.709	"1"
"朴龙河"	0	0	1	0.4	0.281	0.319	-0.222	-0.144	0.497	0.863	"3"
"机厂"	0	0	1	0.4	0.281	0.319	-0.222	-0.144	0.497	0.863	"3"
"杀人"	0	0	2	0.8	0.563	0.637	-0.444	-0.287	0.994	1.725	"3"
"李显龙"	2	0	1	1.2	0.844	0.956	0.453	-0.431	0.165	1.049	"1"
"李肇星"	1	0	0	0.4	0.281	0.319	0.398	-0.144	-0.167	0.709	"1"
"束"	1	0	0	0.4	0.281	0.319	0.398	-0.144	-0.167	0.709	"1"
"来到"	1	0	1	0.8	0.563	0.637	0.194	-0.287	0.271	0.752	"2"
"来来"	1	0	0	0.4	0.281	0.319	0.398	-0.144	-0.167	0.709	"1"
"杨惠声"	0	1	0	0.4	0.281	0.319	-0.222	0.551	-0.167	0.94	"2"
"杨耀明"	0	0	1	0.4	0.281	0.319	-0.222	-0.144	0.497	0.863	"3"
"林进兴"	1	0	0	0.4	0.281	0.319	0.398	-0.144	-0.167	0.709	"1"
"柔和"	0	0	1	0.4	0.281	0.319	-0.222	-0.144	0.497	0.863	"3"
"查帐"	0	0	1	0.4	0.281	0.319	-0.222	-0.144	0.497	0.863	"3"
"查案"	1	0	0	0.4	0.281	0.319	0.398	-0.144	-0.167	0.709	"1"
"查证"	1	0	0	0.4	0.281	0.319	0.398	-0.144	-0.167	0.709	"1"
"柯林顿"	3	0	0	1.2	0.844	0.956	1.194	-0.431	-0.5	2.125	"1"
"树美"	1	0	0	0.4	0.281	0.319	0.398	-0.144	-0.167	0.709	"1"
"桃园"	3	0	0	1.2	0.844	0.956	1.194	-0.431	-0.5	2.125	"1"
"桃园县"	1	0	0	0.4	0.281	0.319	0.398	-0.144	-0.167	0.709	"1"
"桃潮"	0	1	0	0.4	0.281	0.319	-0.222	0.551	-0.167	0.94	"2"
"案发"	0	0	1	0.4	0.281	0.319	-0.222	-0.144	0.497	0.863	"3"
"桥南路"	0	1	0	0.4	0.281	0.319	-0.222	0.551	-0.167	0.94	"2"
"梁庭瑄"	1	0	0	0.4	0.281	0.319	0.398	-0.144	-0.167	0.709	"1"
"梁树凯"	0	0	1	0.4	0.281	0.319	-0.222	-0.144	0.497	0.863	"3"
"梅格莱恩"	0	1	0	0.4	0.281	0.319	-0.222	0.551	-0.167	0.94	"2"
"检举"	1	0	0	0.4	0.281	0.319	0.398	-0.144	-0.167	0.709	"1"
"检察官"	1	0	0	0.4	0.281	0.319	0.398	-0.144	-0.167	0.709	"1"
"检方"	1	0	0	0.4	0.281	0.319	0.398	-0.144	-0.167	0.709	"1"
"森喜朗"	1	0	0	0.4	0.281	0.319	0.398	-0.144	-0.167	0.709	"1"
"森林"	1	0	0	0.4	0.281	0.319	0.398	-0.144	-0.167	0.709	"1"
"楼下"	0	1	0	0.4	0.281	0.319	-0.222	0.551	-0.167	0.94	"2"
"樟宜"	1	0	0	0.4	0.281	0.319	0.398	-0.144	-0.167	0.709	"1"
"次日"	0	0	1	0.4	0.281	0.319	-0.222	-0.144	0.497	0.863	"3"
"次长"	1	0	0	0.4	0.281	0.319	0.398	-0.144	-0.167	0.709	"1"
"欢唿"	0	0	1	0.4	0.281	0.319	-0.222	-0.144	0.497	0.863	"3"
"欢迎"	1	0	0	0.4	0.281	0.319	0.398	-0.144	-0.167	0.709	"1"
"欧布莱特"	1	0	0	0.4	0.281	0.319	0.398	-0.144	-0.167	0.709	"1"
"歌友会"	0	1	0	0.4	0.281	0.319	-0.222	0.551	-0.167	0.94	"2"
"歌台"	0	0	2	0.8	0.563	0.637	-0.444	-0.287	0.994	1.725	"3"
"歌舞"	0	1	0	0.4	0.281	0.319	-0.222	0.551	-0.167	0.94	"2"
"止"	1	0	0	0.4	0.281	0.319	0.398	-0.144	-0.167	0.709	"1"
"正式"	1	0	0	0.4	0.281	0.319	0.398	-0.144	-0.167	0.709	"1"
"此外"	0	0	2	0.8	0.563	0.637	-0.444	-0.287	0.994	1.725	"3"
"武吉巴督"	0	1	0	0.4	0.281	0.319	-0.222	0.551	-0.167	0.94	"2"
"武吉班"	0	2	0	0.8	0.563	0.637	-0.444	1.101	-0.333	1.878	"2"
"歪风"	1	0	0	0.4	0.281	0.319	0.398	-0.144	-0.167	0.709	"1"
"每"	2	7	9	7.201	5.065	5.733	-2.085	0.655	1.076	3.816	"1"
"每逢"	0	1	4	2	1.407	1.593	-1.109	-0.247	1.416	2.772	"3"
"民众报"	0	1	0	0.4	0.281	0.319	-0.222	0.551	-0.167	0.94	"2"
"民视"	1	0	0	0.4	0.281	0.319	0.398	-0.144	-0.167	0.709	"1"
"气象"	0	0	1	0.4	0.281	0.319	-0.222	-0.144	0.497	0.863	"3"
"气象台"	0	0	4	1.6	1.126	1.274	-0.888	-0.574	1.987	3.449	"3"
"水处"	1	0	0	0.4	0.281	0.319	0.398	-0.144	-0.167	0.709	"1"
"水族馆"	0	0	1	0.4	0.281	0.319	-0.222	-0.144	0.497	0.863	"3"
"水池"	0	0	1	0.4	0.281	0.319	-0.222	-0.144	0.497	0.863	"3"
"永和"	1	0	0	0.4	0.281	0.319	0.398	-0.144	-0.167	0.709	"1"
"汇总"	0	0	1	0.4	0.281	0.319	-0.222	-0.144	0.497	0.863	"3"
"汉城"	0	0	1	0.4	0.281	0.319	-0.222	-0.144	0.497	0.863	"3"
"江毅"	0	0	1	0.4	0.281	0.319	-0.222	-0.144	0.497	0.863	"3"
"池"	0	0	1	0.4	0.281	0.319	-0.222	-0.144	0.497	0.863	"3"
"沙乌地阿拉伯"	1	0	0	0.4	0.281	0.319	0.398	-0.144	-0.167	0.709	"1"
"沙发"	0	0	1	0.4	0.281	0.319	-0.222	-0.144	0.497	0.863	"3"
"沙尘"	0	0	1	0.4	0.281	0.319	-0.222	-0.144	0.497	0.863	"3"
"河滨"	2	0	0	0.8	0.563	0.637	0.796	-0.287	-0.333	1.416	"1"
"法兰克福"	0	0	1	0.4	0.281	0.319	-0.222	-0.144	0.497	0.863	"3"
"波士顿"	1	0	0	0.4	0.281	0.319	0.398	-0.144	-0.167	0.709	"1"
"波道"	0	0	2	0.8	0.563	0.637	-0.444	-0.287	0.994	1.725	"3"
"注意"	0	0	1	0.4	0.281	0.319	-0.222	-0.144	0.497	0.863	"3"
"泰华"	2	0	0	0.8	0.563	0.637	0.796	-0.287	-0.333	1.416	"1"
"洗澡"	0	0	1	0.4	0.281	0.319	-0.222	-0.144	0.497	0.863	"3"
"洛阳市"	0	1	0	0.4	0.281	0.319	-0.222	0.551	-0.167	0.94	"2"
"活"	0	0	1	0.4	0.281	0.319	-0.222	-0.144	0.497	0.863	"3"
"派出所"	1	0	0	0.4	0.281	0.319	0.398	-0.144	-0.167	0.709	"1"
"派对"	1	0	0	0.4	0.281	0.319	0.398	-0.144	-0.167	0.709	"1"
"流光"	0	0	1	0.4	0.281	0.319	-0.222	-0.144	0.497	0.863	"3"
"测量"	0	0	1	0.4	0.281	0.319	-0.222	-0.144	0.497	0.863	"3"
"海"	0	0	1	0.4	0.281	0.319	-0.222	-0.144	0.497	0.863	"3"
"海底"	0	0	1	0.4	0.281	0.319	-0.222	-0.144	0.497	0.863	"3"
"海湾"	0	0	1	0.4	0.281	0.319	-0.222	-0.144	0.497	0.863	"3"
"海鲜"	0	1	0	0.4	0.281	0.319	-0.222	0.551	-0.167	0.94	"2"
"消失"	0	0	1	0.4	0.281	0.319	-0.222	-0.144	0.497	0.863	"3"
"消防队"	0	1	0	0.4	0.281	0.319	-0.222	0.551	-0.167	0.94	"2"
"涩谷站东口"	0	0	1	0.4	0.281	0.319	-0.222	-0.144	0.497	0.863	"3"
"淑枝"	0	0	1	0.4	0.281	0.319	-0.222	-0.144	0.497	0.863	"3"
"淡水河"	1	0	0	0.4	0.281	0.319	0.398	-0.144	-0.167	0.709	"1"
"淡滨尼"	0	1	0	0.4	0.281	0.319	-0.222	0.551	-0.167	0.94	"2"
"清凉"	0	0	1	0.4	0.281	0.319	-0.222	-0.144	0.497	0.863	"3"
"清晨"	1	0	0	0.4	0.281	0.319	0.398	-0.144	-0.167	0.709	"1"
"渔船"	1	0	0	0.4	0.281	0.319	0.398	-0.144	-0.167	0.709	"1"
"渡过"	0	0	1	0.4	0.281	0.319	-0.222	-0.144	0.497	0.863	"3"
"温度"	0	0	2	0.8	0.563	0.637	-0.444	-0.287	0.994	1.725	"3"
"游月霞"	0	0	1	0.4	0.281	0.319	-0.222	-0.144	0.497	0.863	"3"
"溢彩"	0	0	1	0.4	0.281	0.319	-0.222	-0.144	0.497	0.863	"3"
"滨海"	0	3	0	1.2	0.844	0.956	-0.666	1.652	-0.5	2.818	"2"
"漏"	0	0	1	0.4	0.281	0.319	-0.222	-0.144	0.497	0.863	"3"
"演出"	1	2	1	1.6	1.126	1.274	-0.323	0.501	-0.208	1.032	"2"
"演员"	1	0	0	0.4	0.281	0.319	0.398	-0.144	-0.167	0.709	"1"
"演唱"	1	0	0	0.4	0.281	0.319	0.398	-0.144	-0.167	0.709	"1"
"演唱会"	3	2	1	2.4	1.688	1.911	0.341	0.269	-0.419	1.029	"3"
"潘耀田"	1	0	0	0.4	0.281	0.319	0.398	-0.144	-0.167	0.709	"1"
"潮湿"	0	0	1	0.4	0.281	0.319	-0.222	-0.144	0.497	0.863	"3"
"澄清"	1	0	0	0.4	0.281	0.319	0.398	-0.144	-0.167	0.709	"1"
"瀑布"	0	0	1	0.4	0.281	0.319	-0.222	-0.144	0.497	0.863	"3"
"火势"	1	0	1	0.8	0.563	0.637	0.194	-0.287	0.271	0.752	"2"
"火山岩"	0	0	1	0.4	0.281	0.319	-0.222	-0.144	0.497	0.863	"3"
"火警"	0	0	1	0.4	0.281	0.319	-0.222	-0.144	0.497	0.863	"3"
"灯"	0	0	1	0.4	0.281	0.319	-0.222	-0.144	0.497	0.863	"3"
"灯光"	0	0	1	0.4	0.281	0.319	-0.222	-0.144	0.497	0.863	"3"
"灯炮"	0	0	1	0.4	0.281	0.319	-0.222	-0.144	0.497	0.863	"3"
"灵魂"	0	0	1	0.4	0.281	0.319	-0.222	-0.144	0.497	0.863	"3"
"炫光"	0	0	1	0.4	0.281	0.319	-0.222	-0.144	0.497	0.863	"3"
"点"	3	3	16	8.801	6.191	7.008	-2.122	-1.019	4.001	7.142	"3"
"点心"	0	0	1	0.4	0.281	0.319	-0.222	-0.144	0.497	0.863	"3"
"点燃"	1	0	0	0.4	0.281	0.319	0.398	-0.144	-0.167	0.709	"1"
"烛光"	1	0	0	0.4	0.281	0.319	0.398	-0.144	-0.167	0.709	"1"
"烟火"	1	0	1	0.8	0.563	0.637	0.194	-0.287	0.271	0.752	"2"
"热烈"	2	0	0	0.8	0.563	0.637	0.796	-0.287	-0.333	1.416	"1"
"烹煮"	0	0	1	0.4	0.281	0.319	-0.222	-0.144	0.497	0.863	"3"
"焰火"	1	0	1	0.8	0.563	0.637	0.194	-0.287	0.271	0.752	"2"
"照射"	0	0	1	0.4	0.281	0.319	-0.222	-0.144	0.497	0.863	"3"
"照明"	0	0	2	0.8	0.563	0.637	-0.444	-0.287	0.994	1.725	"3"
"照耀"	0	0	1	0.4	0.281	0.319	-0.222	-0.144	0.497	0.863	"3"
"燃放"	0	0	1	0.4	0.281	0.319	-0.222	-0.144	0.497	0.863	"3"
"牛头角"	0	0	1	0.4	0.281	0.319	-0.222	-0.144	0.497	0.863	"3"
"牛奶"	0	0	1	0.4	0.281	0.319	-0.222	-0.144	0.497	0.863	"3"
"牛车水"	0	0	1	0.4	0.281	0.319	-0.222	-0.144	0.497	0.863	"3"
"特定"	0	0	1	0.4	0.281	0.319	-0.222	-0.144	0.497	0.863	"3"
"犒军"	0	1	0	0.4	0.281	0.319	-0.222	0.551	-0.167	0.94	"2"
"狂欢"	0	0	1	0.4	0.281	0.319	-0.222	-0.144	0.497	0.863	"3"
"狮城"	0	0	1	0.4	0.281	0.319	-0.222	-0.144	0.497	0.863	"3"
"率领"	1	0	0	0.4	0.281	0.319	0.398	-0.144	-0.167	0.709	"1"
"王国"	2	0	0	0.8	0.563	0.637	0.796	-0.287	-0.333	1.416	"1"
"王永庆"	1	0	0	0.4	0.281	0.319	0.398	-0.144	-0.167	0.709	"1"
"王洁明"	0	0	1	0.4	0.281	0.319	-0.222	-0.144	0.497	0.863	"3"
"王津辉"	0	0	1	0.4	0.281	0.319	-0.222	-0.144	0.497	0.863	"3"
"王金平"	2	0	0	0.8	0.563	0.637	0.796	-0.287	-0.333	1.416	"1"
"环保局"	2	0	0	0.8	0.563	0.637	0.796	-0.287	-0.333	1.416	"1"
"现况"	0	0	1	0.4	0.281	0.319	-0.222	-0.144	0.497	0.863	"3"
"班机"	3	0	0	1.2	0.844	0.956	1.194	-0.431	-0.5	2.125	"1"
"球场"	0	0	1	0.4	0.281	0.319	-0.222	-0.144	0.497	0.863	"3"
"理工"	1	0	0	0.4	0.281	0.319	0.398	-0.144	-0.167	0.709	"1"
"瑞斯"	1	0	0	0.4	0.281	0.319	0.398	-0.144	-0.167	0.709	"1"
"瓣"	0	1	0	0.4	0.281	0.319	-0.222	0.551	-0.167	0.94	"2"
"生于"	1	0	0	0.4	0.281	0.319	0.398	-0.144	-0.167	0.709	"1"
"甫"	1	0	0	0.4	0.281	0.319	0.398	-0.144	-0.167	0.709	"1"
"田北俊"	2	0	0	0.8	0.563	0.637	0.796	-0.287	-0.333	1.416	"1"
"电台"	1	0	0	0.4	0.281	0.319	0.398	-0.144	-0.167	0.709	"1"
"电梯"	0	0	2	0.8	0.563	0.637	-0.444	-0.287	0.994	1.725	"3"
"电流"	0	1	0	0.4	0.281	0.319	-0.222	0.551	-0.167	0.94	"2"
"电灯"	0	0	1	0.4	0.281	0.319	-0.222	-0.144	0.497	0.863	"3"
"电线"	1	0	0	0.4	0.281	0.319	0.398	-0.144	-0.167	0.709	"1"
"电缆"	0	1	3	1.6	1.126	1.274	-0.888	-0.165	1.007	2.06	"3"
"电视"	2	0	7	3.601	2.533	2.867	-0.635	-1.292	2.204	4.131	"3"
"电视台"	0	0	2	0.8	0.563	0.637	-0.444	-0.287	0.994	1.725	"3"
"电话"	2	7	1	4.001	2.814	3.185	-0.777	2.141	-0.912	3.83	"2"
"畔"	1	0	0	0.4	0.281	0.319	0.398	-0.144	-0.167	0.709	"1"
"留作"	0	0	1	0.4	0.281	0.319	-0.222	-0.144	0.497	0.863	"3"
"痛苦"	0	0	1	0.4	0.281	0.319	-0.222	-0.144	0.497	0.863	"3"
"登"	1	0	0	0.4	0.281	0.319	0.398	-0.144	-0.167	0.709	"1"
"登场"	2	0	0	0.8	0.563	0.637	0.796	-0.287	-0.333	1.416	"1"
"白"	0	0	1	0.4	0.281	0.319	-0.222	-0.144	0.497	0.863	"3"
"白天"	0	0	15	6.001	4.221	4.778	-3.328	-2.153	7.453	12.934	"3"
"白桥"	0	1	0	0.4	0.281	0.319	-0.222	0.551	-0.167	0.94	"2"
"百货"	1	0	0	0.4	0.281	0.319	0.398	-0.144	-0.167	0.709	"1"
"的"	0	0	1	0.4	0.281	0.319	-0.222	-0.144	0.497	0.863	"3"
"盛大"	1	0	0	0.4	0.281	0.319	0.398	-0.144	-0.167	0.709	"1"
"直"	1	0	0	0.4	0.281	0.319	0.398	-0.144	-0.167	0.709	"1"
"直到"	0	1	1	0.8	0.563	0.637	-0.444	0.315	0.271	1.03	"1"
"直播"	0	1	0	0.4	0.281	0.319	-0.222	0.551	-0.167	0.94	"2"
"相会"	0	0	1	0.4	0.281	0.319	-0.222	-0.144	0.497	0.863	"3"
"看完"	0	0	1	0.4	0.281	0.319	-0.222	-0.144	0.497	0.863	"3"
"看见"	0	0	1	0.4	0.281	0.319	-0.222	-0.144	0.497	0.863	"3"
"着"	0	0	1	0.4	0.281	0.319	-0.222	-0.144	0.497	0.863	"3"
"着想"	0	0	1	0.4	0.281	0.319	-0.222	-0.144	0.497	0.863	"3"
"睡"	0	0	4	1.6	1.126	1.274	-0.888	-0.574	1.987	3.449	"3"
"睡不"	0	0	1	0.4	0.281	0.319	-0.222	-0.144	0.497	0.863	"3"
"睡眠"	0	0	1	0.4	0.281	0.319	-0.222	-0.144	0.497	0.863	"3"
"睡觉"	0	0	2	0.8	0.563	0.637	-0.444	-0.287	0.994	1.725	"3"
"瞒"	0	0	1	0.4	0.281	0.319	-0.222	-0.144	0.497	0.863	"3"
"码头"	1	0	0	0.4	0.281	0.319	0.398	-0.144	-0.167	0.709	"1"
"破"	0	0	1	0.4	0.281	0.319	-0.222	-0.144	0.497	0.863	"3"
"确"	0	0	1	0.4	0.281	0.319	-0.222	-0.144	0.497	0.863	"3"
"碧山"	1	2	0	1.2	0.844	0.956	-0.188	0.714	-0.5	1.402	"2"
"礼堂"	0	4	0	1.6	1.126	1.274	-0.888	2.203	-0.666	3.757	"2"
"礼斗"	0	1	0	0.4	0.281	0.319	-0.222	0.551	-0.167	0.94	"2"
"祈福"	1	0	0	0.4	0.281	0.319	0.398	-0.144	-0.167	0.709	"1"
"票价"	0	1	0	0.4	0.281	0.319	-0.222	0.551	-0.167	0.94	"2"
"祭典"	2	0	0	0.8	0.563	0.637	0.796	-0.287	-0.333	1.416	"1"
"祭团"	1	0	0	0.4	0.281	0.319	0.398	-0.144	-0.167	0.709	"1"
"禁见"	1	0	0	0.4	0.281	0.319	0.398	-0.144	-0.167	0.709	"1"
"福华"	1	0	0	0.4	0.281	0.319	0.398	-0.144	-0.167	0.709	"1"
"福春"	0	1	0	0.4	0.281	0.319	-0.222	0.551	-0.167	0.94	"2"
"离开"	1	0	0	0.4	0.281	0.319	0.398	-0.144	-0.167	0.709	"1"
"科学园区"	1	0	0	0.4	0.281	0.319	0.398	-0.144	-0.167	0.709	"1"
"秘书长"	3	0	0	1.2	0.844	0.956	1.194	-0.431	-0.5	2.125	"1"
"租屋处"	1	0	0	0.4	0.281	0.319	0.398	-0.144	-0.167	0.709	"1"
"称职"	1	0	0	0.4	0.281	0.319	0.398	-0.144	-0.167	0.709	"1"
"移送"	2	0	0	0.8	0.563	0.637	0.796	-0.287	-0.333	1.416	"1"
"稿"	1	0	0	0.4	0.281	0.319	0.398	-0.144	-0.167	0.709	"1"
"空地"	0	0	1	0.4	0.281	0.319	-0.222	-0.144	0.497	0.863	"3"
"空荡荡"	0	0	1	0.4	0.281	0.319	-0.222	-0.144	0.497	0.863	"3"
"穿梭"	0	0	1	0.4	0.281	0.319	-0.222	-0.144	0.497	0.863	"3"
"突然"	4	0	0	1.6	1.126	1.274	1.591	-0.574	-0.666	2.831	"1"
"突袭"	0	0	1	0.4	0.281	0.319	-0.222	-0.144	0.497	0.863	"3"
"立体"	1	0	0	0.4	0.281	0.319	0.398	-0.144	-0.167	0.709	"1"
"笼"	0	1	0	0.4	0.281	0.319	-0.222	0.551	-0.167	0.94	"2"
"等"	0	0	2	0.8	0.563	0.637	-0.444	-0.287	0.994	1.725	"3"
"等到"	0	0	1	0.4	0.281	0.319	-0.222	-0.144	0.497	0.863	"3"
"管制"	1	0	0	0.4	0.281	0.319	0.398	-0.144	-0.167	0.709	"1"
"管絃乐团"	1	0	0	0.4	0.281	0.319	0.398	-0.144	-0.167	0.709	"1"
"篮球赛"	0	0	1	0.4	0.281	0.319	-0.222	-0.144	0.497	0.863	"3"
"米食"	1	0	0	0.4	0.281	0.319	0.398	-0.144	-0.167	0.709	"1"
"索非亚"	0	0	1	0.4	0.281	0.319	-0.222	-0.144	0.497	0.863	"3"
"约定"	1	0	0	0.4	0.281	0.319	0.398	-0.144	-0.167	0.709	"1"
"纪念馆"	2	0	0	0.8	0.563	0.637	0.796	-0.287	-0.333	1.416	"1"
"纯属"	1	0	0	0.4	0.281	0.319	0.398	-0.144	-0.167	0.709	"1"
"纳伊米"	1	0	0	0.4	0.281	0.319	0.398	-0.144	-0.167	0.709	"1"
"纳希"	0	0	1	0.4	0.281	0.319	-0.222	-0.144	0.497	0.863	"3"
"纽卡斯尔"	0	1	0	0.4	0.281	0.319	-0.222	0.551	-0.167	0.94	"2"
"纽带"	1	0	0	0.4	0.281	0.319	0.398	-0.144	-0.167	0.709	"1"
"纽约"	2	0	0	0.8	0.563	0.637	0.796	-0.287	-0.333	1.416	"1"
"线报"	1	0	0	0.4	0.281	0.319	0.398	-0.144	-0.167	0.709	"1"
"终于"	2	0	1	1.2	0.844	0.956	0.453	-0.431	0.165	1.049	"1"
"经常"	0	1	0	0.4	0.281	0.319	-0.222	0.551	-0.167	0.94	"2"
"经过"	0	0	1	0.4	0.281	0.319	-0.222	-0.144	0.497	0.863	"3"
"结束"	2	1	3	2.4	1.688	1.911	-0.264	-0.336	0.537	1.137	"3"
"维多利亚"	0	1	0	0.4	0.281	0.319	-0.222	0.551	-0.167	0.94	"2"
"综艺"	0	1	0	0.4	0.281	0.319	-0.222	0.551	-0.167	0.94	"2"
"网吧"	0	1	0	0.4	0.281	0.319	-0.222	0.551	-0.167	0.94	"2"
"羁押"	1	0	0	0.4	0.281	0.319	0.398	-0.144	-0.167	0.709	"1"
"美东"	1	0	0	0.4	0.281	0.319	0.398	-0.144	-0.167	0.709	"1"
"美军"	0	0	2	0.8	0.563	0.637	-0.444	-0.287	0.994	1.725	"3"
"美好"	0	0	1	0.4	0.281	0.319	-0.222	-0.144	0.497	0.863	"3"
"美景"	0	0	1	0.4	0.281	0.319	-0.222	-0.144	0.497	0.863	"3"
"翌晨"	0	0	1	0.4	0.281	0.319	-0.222	-0.144	0.497	0.863	"3"
"老赛"	0	1	0	0.4	0.281	0.319	-0.222	0.551	-0.167	0.94	"2"
"考核"	0	0	1	0.4	0.281	0.319	-0.222	-0.144	0.497	0.863	"3"
"而且"	0	0	1	0.4	0.281	0.319	-0.222	-0.144	0.497	0.863	"3"
"聊"	0	0	1	0.4	0.281	0.319	-0.222	-0.144	0.497	0.863	"3"
"联勤"	1	0	0	0.4	0.281	0.319	0.398	-0.144	-0.167	0.709	"1"
"肘"	1	0	0	0.4	0.281	0.319	0.398	-0.144	-0.167	0.709	"1"
"自"	1	0	1	0.8	0.563	0.637	0.194	-0.287	0.271	0.752	"2"
"自焚"	0	0	2	0.8	0.563	0.637	-0.444	-0.287	0.994	1.725	"3"
"自由党主"	1	0	0	0.4	0.281	0.319	0.398	-0.144	-0.167	0.709	"1"
"至"	9	40	8	22.803	16.04	18.156	-4.145	10.245	-2.749	17.139	"2"
"至于"	1	0	0	0.4	0.281	0.319	0.398	-0.144	-0.167	0.709	"1"
"船只"	0	0	1	0.4	0.281	0.319	-0.222	-0.144	0.497	0.863	"3"
"船长"	1	0	0	0.4	0.281	0.319	0.398	-0.144	-0.167	0.709	"1"
"艺文"	1	0	0	0.4	0.281	0.319	0.398	-0.144	-0.167	0.709	"1"
"艺术展"	0	1	0	0.4	0.281	0.319	-0.222	0.551	-0.167	0.94	"2"
"艺术节"	0	0	1	0.4	0.281	0.319	-0.222	-0.144	0.497	0.863	"3"
"节目"	0	0	6	2.4	1.688	1.911	-1.331	-0.861	2.981	5.173	"3"
"芝加哥"	1	0	0	0.4	0.281	0.319	0.398	-0.144	-0.167	0.709	"1"
"芭蕾舞"	1	0	0	0.4	0.281	0.319	0.398	-0.144	-0.167	0.709	"1"
"芭蕾舞团"	1	0	0	0.4	0.281	0.319	0.398	-0.144	-0.167	0.709	"1"
"花火节"	1	0	0	0.4	0.281	0.319	0.398	-0.144	-0.167	0.709	"1"
"花篮"	1	0	0	0.4	0.281	0.319	0.398	-0.144	-0.167	0.709	"1"
"花莲市"	1	0	0	0.4	0.281	0.319	0.398	-0.144	-0.167	0.709	"1"
"芽"	0	1	0	0.4	0.281	0.319	-0.222	0.551	-0.167	0.94	"2"
"苏正平"	2	0	0	0.8	0.563	0.637	0.796	-0.287	-0.333	1.416	"1"
"英俊"	0	0	1	0.4	0.281	0.319	-0.222	-0.144	0.497	0.863	"3"
"范志毅"	1	0	0	0.4	0.281	0.319	0.398	-0.144	-0.167	0.709	"1"
"范良锈"	0	0	1	0.4	0.281	0.319	-0.222	-0.144	0.497	0.863	"3"
"荷兰"	1	0	0	0.4	0.281	0.319	0.398	-0.144	-0.167	0.709	"1"
"莱佛士"	0	1	0	0.4	0.281	0.319	-0.222	0.551	-0.167	0.94	"2"
"获知"	0	0	1	0.4	0.281	0.319	-0.222	-0.144	0.497	0.863	"3"
"营业"	1	3	1	2	1.407	1.593	-0.473	0.856	-0.309	1.638	"2"
"董继玲"	0	0	1	0.4	0.281	0.319	-0.222	-0.144	0.497	0.863	"3"
"蔡明华"	1	0	0	0.4	0.281	0.319	0.398	-0.144	-0.167	0.709	"1"
"虫鸣"	0	0	1	0.4	0.281	0.319	-0.222	-0.144	0.497	0.863	"3"
"蛇毒"	0	0	1	0.4	0.281	0.319	-0.222	-0.144	0.497	0.863	"3"
"蜡像馆"	0	0	1	0.4	0.281	0.319	-0.222	-0.144	0.497	0.863	"3"
"行政院"	4	0	0	1.6	1.126	1.274	1.591	-0.574	-0.666	2.831	"1"
"行政院长"	2	0	0	0.8	0.563	0.637	0.796	-0.287	-0.333	1.416	"1"
"行窃"	0	0	2	0.8	0.563	0.637	-0.444	-0.287	0.994	1.725	"3"
"行窃案"	0	1	0	0.4	0.281	0.319	-0.222	0.551	-0.167	0.94	"2"
"表决"	1	0	0	0.4	0.281	0.319	0.398	-0.144	-0.167	0.709	"1"
"表演"	2	2	1	2	1.407	1.593	-0.166	0.363	-0.309	0.838	"2"
"表演赛"	1	0	0	0.4	0.281	0.319	0.398	-0.144	-0.167	0.709	"1"
"被告"	0	4	0	1.6	1.126	1.274	-0.888	2.203	-0.666	3.757	"2"
"裁决"	1	0	0	0.4	0.281	0.319	0.398	-0.144	-0.167	0.709	"1"
"裁定"	1	0	0	0.4	0.281	0.319	0.398	-0.144	-0.167	0.709	"1"
"装饰"	0	0	1	0.4	0.281	0.319	-0.222	-0.144	0.497	0.863	"3"
"裔智贤"	1	0	0	0.4	0.281	0.319	0.398	-0.144	-0.167	0.709	"1"
"裕廊"	0	0	1	0.4	0.281	0.319	-0.222	-0.144	0.497	0.863	"3"
"西门町"	1	0	0	0.4	0.281	0.319	0.398	-0.144	-0.167	0.709	"1"
"见面"	1	0	0	0.4	0.281	0.319	0.398	-0.144	-0.167	0.709	"1"
"观看"	0	0	1	0.4	0.281	0.319	-0.222	-0.144	0.497	0.863	"3"
"观赏"	0	0	1	0.4	0.281	0.319	-0.222	-0.144	0.497	0.863	"3"
"视察"	1	0	0	0.4	0.281	0.319	0.398	-0.144	-0.167	0.709	"1"
"警分局"	1	0	0	0.4	0.281	0.319	0.398	-0.144	-0.167	0.709	"1"
"警察"	0	0	2	0.8	0.563	0.637	-0.444	-0.287	0.994	1.725	"3"
"计程车"	1	0	2	1.2	0.844	0.956	-0.188	-0.431	0.62	1.239	"3"
"订"	1	1	0	0.8	0.563	0.637	0.194	0.315	-0.333	0.842	"3"
"订座"	0	1	0	0.4	0.281	0.319	-0.222	0.551	-0.167	0.94	"2"
"讨价还价"	1	0	0	0.4	0.281	0.319	0.398	-0.144	-0.167	0.709	"1"
"训练"	0	0	1	0.4	0.281	0.319	-0.222	-0.144	0.497	0.863	"3"
"训练场"	0	0	1	0.4	0.281	0.319	-0.222	-0.144	0.497	0.863	"3"
"记者会"	7	0	1	3.2	2.251	2.548	2.069	-1.148	-0.657	3.874	"1"
"讲演会"	0	1	0	0.4	0.281	0.319	-0.222	0.551	-0.167	0.94	"2"
"许"	1	0	0	0.4	0.281	0.319	0.398	-0.144	-0.167	0.709	"1"
"许嘉栋"	1	0	0	0.4	0.281	0.319	0.398	-0.144	-0.167	0.709	"1"
"许阳明"	1	0	0	0.4	0.281	0.319	0.398	-0.144	-0.167	0.709	"1"
"设备"	0	0	1	0.4	0.281	0.319	-0.222	-0.144	0.497	0.863	"3"
"诉状"	1	0	0	0.4	0.281	0.319	0.398	-0.144	-0.167	0.709	"1"
"询问"	1	0	0	0.4	0.281	0.319	0.398	-0.144	-0.167	0.709	"1"
"说明"	2	0	0	0.8	0.563	0.637	0.796	-0.287	-0.333	1.416	"1"
"请辞"	1	0	0	0.4	0.281	0.319	0.398	-0.144	-0.167	0.709	"1"
"读书"	1	0	0	0.4	0.281	0.319	0.398	-0.144	-0.167	0.709	"1"
"豪华"	2	0	0	0.8	0.563	0.637	0.796	-0.287	-0.333	1.416	"1"
"豪雨"	0	0	1	0.4	0.281	0.319	-0.222	-0.144	0.497	0.863	"3"
"贝克"	1	0	0	0.4	0.281	0.319	0.398	-0.144	-0.167	0.709	"1"
"财政部长"	1	0	0	0.4	0.281	0.319	0.398	-0.144	-0.167	0.709	"1"
"货"	1	0	0	0.4	0.281	0.319	0.398	-0.144	-0.167	0.709	"1"
"贪图"	0	0	1	0.4	0.281	0.319	-0.222	-0.144	0.497	0.863	"3"
"购物"	0	0	1	0.4	0.281	0.319	-0.222	-0.144	0.497	0.863	"3"
"贵宾"	0	0	1	0.4	0.281	0.319	-0.222	-0.144	0.497	0.863	"3"
"资"	0	0	1	0.4	0.281	0.319	-0.222	-0.144	0.497	0.863	"3"
"赛程"	0	1	0	0.4	0.281	0.319	-0.222	0.551	-0.167	0.94	"2"
"赶"	1	1	0	0.8	0.563	0.637	0.194	0.315	-0.333	0.842	"3"
"起"	4	3	5	4.801	3.377	3.822	-0.359	-0.259	0.486	1.104	"3"
"起到"	0	0	1	0.4	0.281	0.319	-0.222	-0.144	0.497	0.863	"3"
"起床"	0	0	3	1.2	0.844	0.956	-0.666	-0.431	1.491	2.588	"3"
"起飞"	1	0	0	0.4	0.281	0.319	0.398	-0.144	-0.167	0.709	"1"
"超生"	1	0	0	0.4	0.281	0.319	0.398	-0.144	-0.167	0.709	"1"
"越南"	3	0	0	1.2	0.844	0.956	1.194	-0.431	-0.5	2.125	"1"
"趟"	0	0	1	0.4	0.281	0.319	-0.222	-0.144	0.497	0.863	"3"
"跟监"	1	0	0	0.4	0.281	0.319	0.398	-0.144	-0.167	0.709	"1"
"跟着"	0	1	0	0.4	0.281	0.319	-0.222	0.551	-0.167	0.94	"2"
"跨年"	2	0	0	0.8	0.563	0.637	0.796	-0.287	-0.333	1.416	"1"
"跳楼"	1	0	0	0.4	0.281	0.319	0.398	-0.144	-0.167	0.709	"1"
"跳电"	2	0	0	0.8	0.563	0.637	0.796	-0.287	-0.333	1.416	"1"
"蹈"	1	0	0	0.4	0.281	0.319	0.398	-0.144	-0.167	0.709	"1"
"车祸"	2	0	1	1.2	0.844	0.956	0.453	-0.431	0.165	1.049	"1"
"转述"	1	0	0	0.4	0.281	0.319	0.398	-0.144	-0.167	0.709	"1"
"输配"	1	0	0	0.4	0.281	0.319	0.398	-0.144	-0.167	0.709	"1"
"辖内"	0	0	1	0.4	0.281	0.319	-0.222	-0.144	0.497	0.863	"3"
"辞去"	1	0	0	0.4	0.281	0.319	0.398	-0.144	-0.167	0.709	"1"
"辞呈"	1	0	0	0.4	0.281	0.319	0.398	-0.144	-0.167	0.709	"1"
"辩论"	0	0	1	0.4	0.281	0.319	-0.222	-0.144	0.497	0.863	"3"
"迁入"	1	0	0	0.4	0.281	0.319	0.398	-0.144	-0.167	0.709	"1"
"过世"	1	0	0	0.4	0.281	0.319	0.398	-0.144	-0.167	0.709	"1"
"迎宾"	1	0	0	0.4	0.281	0.319	0.398	-0.144	-0.167	0.709	"1"
"迎春"	0	1	0	0.4	0.281	0.319	-0.222	0.551	-0.167	0.94	"2"
"返"	0	0	1	0.4	0.281	0.319	-0.222	-0.144	0.497	0.863	"3"
"返回"	1	0	1	0.8	0.563	0.637	0.194	-0.287	0.271	0.752	"2"
"返国"	1	0	0	0.4	0.281	0.319	0.398	-0.144	-0.167	0.709	"1"
"返抵"	1	0	0	0.4	0.281	0.319	0.398	-0.144	-0.167	0.709	"1"
"还是"	0	0	1	0.4	0.281	0.319	-0.222	-0.144	0.497	0.863	"3"
"这样"	0	0	1	0.4	0.281	0.319	-0.222	-0.144	0.497	0.863	"3"
"这里"	0	0	1	0.4	0.281	0.319	-0.222	-0.144	0.497	0.863	"3"
"进行到"	1	0	0	0.4	0.281	0.319	0.398	-0.144	-0.167	0.709	"1"
"进驻"	0	0	1	0.4	0.281	0.319	-0.222	-0.144	0.497	0.863	"3"
"连"	1	0	0	0.4	0.281	0.319	0.398	-0.144	-0.167	0.709	"1"
"连唱"	1	0	0	0.4	0.281	0.319	0.398	-0.144	-0.167	0.709	"1"
"迟"	1	0	0	0.4	0.281	0.319	0.398	-0.144	-0.167	0.709	"1"
"迪"	1	0	0	0.4	0.281	0.319	0.398	-0.144	-0.167	0.709	"1"
"迷人"	0	0	1	0.4	0.281	0.319	-0.222	-0.144	0.497	0.863	"3"
"选择"	0	0	1	0.4	0.281	0.319	-0.222	-0.144	0.497	0.863	"3"
"逗留"	0	1	0	0.4	0.281	0.319	-0.222	0.551	-0.167	0.94	"2"
"通宵"	0	0	1	0.4	0.281	0.319	-0.222	-0.144	0.497	0.863	"3"
"通淮"	0	1	0	0.4	0.281	0.319	-0.222	0.551	-0.167	0.94	"2"
"通道3"	1	0	0	0.4	0.281	0.319	0.398	-0.144	-0.167	0.709	"1"
"週一"	1	0	0	0.4	0.281	0.319	0.398	-0.144	-0.167	0.709	"1"
"週二"	1	0	0	0.4	0.281	0.319	0.398	-0.144	-0.167	0.709	"1"
"週六"	0	0	1	0.4	0.281	0.319	-0.222	-0.144	0.497	0.863	"3"
"週日"	0	0	1	0.4	0.281	0.319	-0.222	-0.144	0.497	0.863	"3"
"週末"	0	0	1	0.4	0.281	0.319	-0.222	-0.144	0.497	0.863	"3"
"遗憾"	0	0	1	0.4	0.281	0.319	-0.222	-0.144	0.497	0.863	"3"
"遭到"	0	0	1	0.4	0.281	0.319	-0.222	-0.144	0.497	0.863	"3"
"邀请"	1	0	1	0.8	0.563	0.637	0.194	-0.287	0.271	0.752	"2"
"那"	0	0	1	0.4	0.281	0.319	-0.222	-0.144	0.497	0.863	"3"
"那儿"	0	0	1	0.4	0.281	0.319	-0.222	-0.144	0.497	0.863	"3"
"那时"	0	0	1	0.4	0.281	0.319	-0.222	-0.144	0.497	0.863	"3"
"邱义仁"	1	0	0	0.4	0.281	0.319	0.398	-0.144	-0.167	0.709	"1"
"邻居"	0	0	1	0.4	0.281	0.319	-0.222	-0.144	0.497	0.863	"3"
"郑永金"	0	0	1	0.4	0.281	0.319	-0.222	-0.144	0.497	0.863	"3"
"郑秀文"	1	0	0	0.4	0.281	0.319	0.398	-0.144	-0.167	0.709	"1"
"郑秀月"	1	0	0	0.4	0.281	0.319	0.398	-0.144	-0.167	0.709	"1"
"郑重"	1	0	0	0.4	0.281	0.319	0.398	-0.144	-0.167	0.709	"1"
"部分"	0	0	1	0.4	0.281	0.319	-0.222	-0.144	0.497	0.863	"3"
"部队"	0	0	1	0.4	0.281	0.319	-0.222	-0.144	0.497	0.863	"3"
"酒会"	1	0	0	0.4	0.281	0.319	0.398	-0.144	-0.167	0.709	"1"
"酒楼"	0	1	1	0.8	0.563	0.637	-0.444	0.315	0.271	1.03	"1"
"醒来"	0	0	1	0.4	0.281	0.319	-0.222	-0.144	0.497	0.863	"3"
"重播"	0	0	1	0.4	0.281	0.319	-0.222	-0.144	0.497	0.863	"3"
"野生"	0	0	2	0.8	0.563	0.637	-0.444	-0.287	0.994	1.725	"3"
"金钟奖"	1	0	0	0.4	0.281	0.319	0.398	-0.144	-0.167	0.709	"1"
"金马奖"	1	0	0	0.4	0.281	0.319	0.398	-0.144	-0.167	0.709	"1"
"鉴赏"	0	2	0	0.8	0.563	0.637	-0.444	1.101	-0.333	1.878	"2"
"钟头"	1	0	0	0.4	0.281	0.319	0.398	-0.144	-0.167	0.709	"1"
"长"	3	0	0	1.2	0.844	0.956	1.194	-0.431	-0.5	2.125	"1"
"长老"	1	0	0	0.4	0.281	0.319	0.398	-0.144	-0.167	0.709	"1"
"长荣"	1	0	0	0.4	0.281	0.319	0.398	-0.144	-0.167	0.709	"1"
"门票"	0	3	0	1.2	0.844	0.956	-0.666	1.652	-0.5	2.818	"2"
"闭幕"	1	0	0	0.4	0.281	0.319	0.398	-0.144	-0.167	0.709	"1"
"间巡逻"	0	0	1	0.4	0.281	0.319	-0.222	-0.144	0.497	0.863	"3"
"闻"	1	0	0	0.4	0.281	0.319	0.398	-0.144	-0.167	0.709	"1"
"闻名"	0	0	1	0.4	0.281	0.319	-0.222	-0.144	0.497	0.863	"3"
"阵营"	1	0	0	0.4	0.281	0.319	0.398	-0.144	-0.167	0.709	"1"
"阿姆斯特丹"	1	0	0	0.4	0.281	0.319	0.398	-0.144	-0.167	0.709	"1"
"阿曼"	2	0	0	0.8	0.563	0.637	0.796	-0.287	-0.333	1.416	"1"
"阿诚"	1	0	0	0.4	0.281	0.319	0.398	-0.144	-0.167	0.709	"1"
"阿辉"	0	0	1	0.4	0.281	0.319	-0.222	-0.144	0.497	0.863	"3"
"附属"	0	0	1	0.4	0.281	0.319	-0.222	-0.144	0.497	0.863	"3"
"陆正伟"	1	0	0	0.4	0.281	0.319	0.398	-0.144	-0.167	0.709	"1"
"陈"	2	0	0	0.8	0.563	0.637	0.796	-0.287	-0.333	1.416	"1"
"陈哲男"	1	0	0	0.4	0.281	0.319	0.398	-0.144	-0.167	0.709	"1"
"陈唐山"	1	0	0	0.4	0.281	0.319	0.398	-0.144	-0.167	0.709	"1"
"陈嘉兴"	1	0	0	0.4	0.281	0.319	0.398	-0.144	-0.167	0.709	"1"
"陈思婷"	0	1	0	0.4	0.281	0.319	-0.222	0.551	-0.167	0.94	"2"
"陈水在"	1	0	0	0.4	0.281	0.319	0.398	-0.144	-0.167	0.709	"1"
"陈水扁"	3	0	1	1.6	1.126	1.274	0.746	-0.574	-0.208	1.528	"1"
"陈若仪"	1	0	0	0.4	0.281	0.319	0.398	-0.144	-0.167	0.709	"1"
"限"	1	0	0	0.4	0.281	0.319	0.398	-0.144	-0.167	0.709	"1"
"限制"	1	0	0	0.4	0.281	0.319	0.398	-0.144	-0.167	0.709	"1"
"院长座"	1	0	0	0.4	0.281	0.319	0.398	-0.144	-0.167	0.709	"1"
"除"	0	0	1	0.4	0.281	0.319	-0.222	-0.144	0.497	0.863	"3"
"除夕"	1	1	0	0.8	0.563	0.637	0.194	0.315	-0.333	0.842	"3"
"陪同"	1	0	0	0.4	0.281	0.319	0.398	-0.144	-0.167	0.709	"1"
"隆重"	3	0	0	1.2	0.844	0.956	1.194	-0.431	-0.5	2.125	"1"
"随之"	1	0	0	0.4	0.281	0.319	0.398	-0.144	-0.167	0.709	"1"
"随即"	0	0	1	0.4	0.281	0.319	-0.222	-0.144	0.497	0.863	"3"
"随机"	1	0	0	0.4	0.281	0.319	0.398	-0.144	-0.167	0.709	"1"
"隐私"	0	0	1	0.4	0.281	0.319	-0.222	-0.144	0.497	0.863	"3"
"隔"	0	0	1	0.4	0.281	0.319	-0.222	-0.144	0.497	0.863	"3"
"隔天"	0	1	1	0.8	0.563	0.637	-0.444	0.315	0.271	1.03	"1"
"难忘"	0	0	3	1.2	0.844	0.956	-0.666	-0.431	1.491	2.588	"3"
"集训"	0	0	1	0.4	0.281	0.319	-0.222	-0.144	0.497	0.863	"3"
"雪梨"	1	0	0	0.4	0.281	0.319	0.398	-0.144	-0.167	0.709	"1"
"零二分"	1	0	0	0.4	0.281	0.319	0.398	-0.144	-0.167	0.709	"1"
"零时"	0	1	0	0.4	0.281	0.319	-0.222	0.551	-0.167	0.94	"2"
"露天"	1	0	1	0.8	0.563	0.637	0.194	-0.287	0.271	0.752	"2"
"露面"	0	0	1	0.4	0.281	0.319	-0.222	-0.144	0.497	0.863	"3"
"青藏高原"	0	0	1	0.4	0.281	0.319	-0.222	-0.144	0.497	0.863	"3"
"静坐"	1	0	0	0.4	0.281	0.319	0.398	-0.144	-0.167	0.709	"1"
"非凡"	1	0	0	0.4	0.281	0.319	0.398	-0.144	-0.167	0.709	"1"
"靠"	0	0	1	0.4	0.281	0.319	-0.222	-0.144	0.497	0.863	"3"
"音乐会"	1	0	1	0.8	0.563	0.637	0.194	-0.287	0.271	0.752	"2"
"音乐厅"	2	1	0	1.2	0.844	0.956	0.453	0.201	-0.5	1.154	"3"
"音乐台"	2	0	0	0.8	0.563	0.637	0.796	-0.287	-0.333	1.416	"1"
"音乐界"	1	0	0	0.4	0.281	0.319	0.398	-0.144	-0.167	0.709	"1"
"韵"	0	0	1	0.4	0.281	0.319	-0.222	-0.144	0.497	0.863	"3"
"顺环路"	0	1	0	0.4	0.281	0.319	-0.222	0.551	-0.167	0.94	"2"
"顺藤摸瓜"	1	0	0	0.4	0.281	0.319	0.398	-0.144	-0.167	0.709	"1"
"颁发"	1	0	0	0.4	0.281	0.319	0.398	-0.144	-0.167	0.709	"1"
"颁奖"	2	2	0	1.6	1.126	1.274	0.28	0.501	-0.666	1.447	"3"
"预"	2	0	0	0.8	0.563	0.637	0.796	-0.287	-0.333	1.416	"1"
"预定"	1	0	0	0.4	0.281	0.319	0.398	-0.144	-0.167	0.709	"1"
"预演"	1	0	0	0.4	0.281	0.319	0.398	-0.144	-0.167	0.709	"1"
"预计"	2	0	6	3.2	2.251	2.548	-0.501	-1.148	1.81	3.459	"3"
"预订"	1	0	0	0.4	0.281	0.319	0.398	-0.144	-0.167	0.709	"1"
"频道"	0	0	4	1.6	1.126	1.274	-0.888	-0.574	1.987	3.449	"3"
"颜庆"	1	0	0	0.4	0.281	0.319	0.398	-0.144	-0.167	0.709	"1"
"风光"	1	0	0	0.4	0.281	0.319	0.398	-0.144	-0.167	0.709	"1"
"风势"	0	0	1	0.4	0.281	0.319	-0.222	-0.144	0.497	0.863	"3"
"风雨"	1	0	1	0.8	0.563	0.637	0.194	-0.287	0.271	0.752	"2"
"飙车"	1	0	0	0.4	0.281	0.319	0.398	-0.144	-0.167	0.709	"1"
"飙车族"	0	0	1	0.4	0.281	0.319	-0.222	-0.144	0.497	0.863	"3"
"飞回"	0	0	1	0.4	0.281	0.319	-0.222	-0.144	0.497	0.863	"3"
"飞往"	1	0	0	0.4	0.281	0.319	0.398	-0.144	-0.167	0.709	"1"
"飞抵"	1	0	0	0.4	0.281	0.319	0.398	-0.144	-0.167	0.709	"1"
"飞机"	0	0	1	0.4	0.281	0.319	-0.222	-0.144	0.497	0.863	"3"
"飞禽"	0	0	1	0.4	0.281	0.319	-0.222	-0.144	0.497	0.863	"3"
"飞行"	0	0	1	0.4	0.281	0.319	-0.222	-0.144	0.497	0.863	"3"
"食客"	0	0	1	0.4	0.281	0.319	-0.222	-0.144	0.497	0.863	"3"
"餐会"	2	0	0	0.8	0.563	0.637	0.796	-0.287	-0.333	1.416	"1"
"餐叙"	1	0	0	0.4	0.281	0.319	0.398	-0.144	-0.167	0.709	"1"
"餐馆"	0	0	3	1.2	0.844	0.956	-0.666	-0.431	1.491	2.588	"3"
"饭店"	3	0	0	1.2	0.844	0.956	1.194	-0.431	-0.5	2.125	"1"
"饮宴"	0	0	1	0.4	0.281	0.319	-0.222	-0.144	0.497	0.863	"3"
"饶颖奇"	1	0	1	0.8	0.563	0.637	0.194	-0.287	0.271	0.752	"2"
"首"	0	0	1	0.4	0.281	0.319	-0.222	-0.144	0.497	0.863	"3"
"首映会"	1	0	0	0.4	0.281	0.319	0.398	-0.144	-0.167	0.709	"1"
"首演"	0	1	0	0.4	0.281	0.319	-0.222	0.551	-0.167	0.94	"2"
"香水"	0	0	1	0.4	0.281	0.319	-0.222	-0.144	0.497	0.863	"3"
"香港队"	1	0	0	0.4	0.281	0.319	0.398	-0.144	-0.167	0.709	"1"
"马拉威"	2	0	0	0.8	0.563	0.637	0.796	-0.287	-0.333	1.416	"1"
"马英九"	1	0	0	0.4	0.281	0.319	0.398	-0.144	-0.167	0.709	"1"
"驻"	1	0	0	0.4	0.281	0.319	0.398	-0.144	-0.167	0.709	"1"
"驻伊"	0	0	1	0.4	0.281	0.319	-0.222	-0.144	0.497	0.863	"3"
"驾车"	0	0	1	0.4	0.281	0.319	-0.222	-0.144	0.497	0.863	"3"
"高雄"	1	0	0	0.4	0.281	0.319	0.398	-0.144	-0.167	0.709	"1"
"高雄市"	3	0	0	1.2	0.844	0.956	1.194	-0.431	-0.5	2.125	"1"
"鲍尔"	1	0	0	0.4	0.281	0.319	0.398	-0.144	-0.167	0.709	"1"
"鸟叫"	0	0	1	0.4	0.281	0.319	-0.222	-0.144	0.497	0.863	"3"
"麦波申"	0	1	0	0.4	0.281	0.319	-0.222	0.551	-0.167	0.94	"2"
"麻辣"	0	0	1	0.4	0.281	0.319	-0.222	-0.144	0.497	0.863	"3"
"黄志源"	0	0	1	0.4	0.281	0.319	-0.222	-0.144	0.497	0.863	"3"
"黄志芳"	0	0	1	0.4	0.281	0.319	-0.222	-0.144	0.497	0.863	"3"
"齐聚"	1	0	0	0.4	0.281	0.319	0.398	-0.144	-0.167	0.709	"1"
