"Coll_Word"	"1"	"2"	"3"	"4"	"exp_1"	"exp_2"	"exp_3"	"exp_4"	"pbin_1"	"pbin_2"	"pbin_3"	"pbin_4"	"SumAbsDev"	"LargestDev"
"－－"	0	0	1	0	0.129	0.219	0.091	0.561	-0.06	-0.107	1.041	-0.358	1.566	"3"
"﹐"	0	2	0	3	0.645	1.094	0.455	2.806	-0.3	0.521	-0.207	0.212	1.24	"2"
"："	0	0	0	4	0.516	0.875	0.364	2.245	-0.24	-0.429	-0.166	1.003	1.838	"4"
"．"	1	0	0	0	0.129	0.219	0.091	0.561	0.89	-0.107	-0.041	-0.358	1.396	"1"
"1.4"	0	0	0	1	0.129	0.219	0.091	0.561	-0.06	-0.107	-0.041	0.251	0.459	"4"
"1.6"	0	0	0	1	0.129	0.219	0.091	0.561	-0.06	-0.107	-0.041	0.251	0.459	"4"
"1000"	0	0	1	2	0.387	0.656	0.273	1.684	-0.18	-0.322	0.604	0.228	1.334	"3"
"1000万"	0	1	0	0	0.129	0.219	0.091	0.561	-0.06	0.66	-0.041	-0.358	1.119	"2"
"11.7"	0	1	0	0	0.129	0.219	0.091	0.561	-0.06	0.66	-0.041	-0.358	1.119	"2"
"12万"	0	1	0	0	0.129	0.219	0.091	0.561	-0.06	0.66	-0.041	-0.358	1.119	"2"
"1500"	0	1	0	0	0.129	0.219	0.091	0.561	-0.06	0.66	-0.041	-0.358	1.119	"2"
"15665"	1	0	0	0	0.129	0.219	0.091	0.561	0.89	-0.107	-0.041	-0.358	1.396	"1"
"165"	0	0	0	1	0.129	0.219	0.091	0.561	-0.06	-0.107	-0.041	0.251	0.459	"4"
"17％"	0	1	0	0	0.129	0.219	0.091	0.561	-0.06	0.66	-0.041	-0.358	1.119	"2"
"1800万"	0	1	0	0	0.129	0.219	0.091	0.561	-0.06	0.66	-0.041	-0.358	1.119	"2"
"1800年"	0	0	0	1	0.129	0.219	0.091	0.561	-0.06	-0.107	-0.041	0.251	0.459	"4"
"1959年"	1	0	1	0	0.258	0.437	0.182	1.123	0.618	-0.214	0.76	-0.716	2.308	"3"
"1981"	0	0	0	1	0.129	0.219	0.091	0.561	-0.06	-0.107	-0.041	0.251	0.459	"4"
"1981年"	0	0	0	1	0.129	0.219	0.091	0.561	-0.06	-0.107	-0.041	0.251	0.459	"4"
"1990年"	0	1	0	0	0.129	0.219	0.091	0.561	-0.06	0.66	-0.041	-0.358	1.119	"2"
"1991年"	0	1	0	0	0.129	0.219	0.091	0.561	-0.06	0.66	-0.041	-0.358	1.119	"2"
"1992年"	0	0	0	1	0.129	0.219	0.091	0.561	-0.06	-0.107	-0.041	0.251	0.459	"4"
"1995年"	0	0	0	1	0.129	0.219	0.091	0.561	-0.06	-0.107	-0.041	0.251	0.459	"4"
"1996年"	0	1	1	0	0.258	0.437	0.182	1.123	-0.12	0.409	0.76	-0.716	2.005	"3"
"1998年"	0	0	1	0	0.129	0.219	0.091	0.561	-0.06	-0.107	1.041	-0.358	1.566	"3"
"1999年"	0	0	0	1	0.129	0.219	0.091	0.561	-0.06	-0.107	-0.041	0.251	0.459	"4"
"1万"	0	0	0	1	0.129	0.219	0.091	0.561	-0.06	-0.107	-0.041	0.251	0.459	"4"
"1万亿"	0	1	0	0	0.129	0.219	0.091	0.561	-0.06	0.66	-0.041	-0.358	1.119	"2"
"2.7"	0	0	1	0	0.129	0.219	0.091	0.561	-0.06	-0.107	1.041	-0.358	1.566	"3"
"2000"	1	0	0	0	0.129	0.219	0.091	0.561	0.89	-0.107	-0.041	-0.358	1.396	"1"
"2000年"	1	0	0	0	0.129	0.219	0.091	0.561	0.89	-0.107	-0.041	-0.358	1.396	"1"
"2002"	1	0	0	0	0.129	0.219	0.091	0.561	0.89	-0.107	-0.041	-0.358	1.396	"1"
"2002年"	4	0	1	1	0.774	1.312	0.546	3.368	2.477	-0.643	0.36	-1.209	4.689	"1"
"2003年"	1	0	0	0	0.129	0.219	0.091	0.561	0.89	-0.107	-0.041	-0.358	1.396	"1"
"2005年"	0	0	0	1	0.129	0.219	0.091	0.561	-0.06	-0.107	-0.041	0.251	0.459	"4"
"2117"	1	0	0	0	0.129	0.219	0.091	0.561	0.89	-0.107	-0.041	-0.358	1.396	"1"
"217"	1	0	0	0	0.129	0.219	0.091	0.561	0.89	-0.107	-0.041	-0.358	1.396	"1"
"2700亿"	0	0	0	1	0.129	0.219	0.091	0.561	-0.06	-0.107	-0.041	0.251	0.459	"4"
"2800"	0	0	0	1	0.129	0.219	0.091	0.561	-0.06	-0.107	-0.041	0.251	0.459	"4"
"29"	0	0	0	2	0.258	0.437	0.182	1.123	-0.12	-0.214	-0.083	0.502	0.919	"4"
"2万2518"	0	0	0	1	0.129	0.219	0.091	0.561	-0.06	-0.107	-0.041	0.251	0.459	"4"
"2亿3000万"	0	0	1	0	0.129	0.219	0.091	0.561	-0.06	-0.107	1.041	-0.358	1.566	"3"
"300"	0	0	0	1	0.129	0.219	0.091	0.561	-0.06	-0.107	-0.041	0.251	0.459	"4"
"300多"	0	1	0	0	0.129	0.219	0.091	0.561	-0.06	0.66	-0.041	-0.358	1.119	"2"
"333"	0	0	0	1	0.129	0.219	0.091	0.561	-0.06	-0.107	-0.041	0.251	0.459	"4"
"3400"	1	0	0	0	0.129	0.219	0.091	0.561	0.89	-0.107	-0.041	-0.358	1.396	"1"
"3万"	0	0	0	1	0.129	0.219	0.091	0.561	-0.06	-0.107	-0.041	0.251	0.459	"4"
"3万多"	0	0	0	1	0.129	0.219	0.091	0.561	-0.06	-0.107	-0.041	0.251	0.459	"4"
"3月"	0	1	0	1	0.258	0.437	0.182	1.123	-0.12	0.409	-0.083	-0.164	0.776	"2"
"４"	0	0	0	1	0.129	0.219	0.091	0.561	-0.06	-0.107	-0.041	0.251	0.459	"4"
"495"	1	0	0	0	0.129	0.219	0.091	0.561	0.89	-0.107	-0.041	-0.358	1.396	"1"
"4亿6300万"	0	0	0	1	0.129	0.219	0.091	0.561	-0.06	-0.107	-0.041	0.251	0.459	"4"
"4月"	0	2	2	0	0.516	0.875	0.364	2.245	-0.24	0.677	1.357	-1.431	3.705	"4"
"500"	0	0	0	1	0.129	0.219	0.091	0.561	-0.06	-0.107	-0.041	0.251	0.459	"4"
"5000"	0	0	0	2	0.258	0.437	0.182	1.123	-0.12	-0.214	-0.083	0.502	0.919	"4"
"50亿"	0	0	0	1	0.129	0.219	0.091	0.561	-0.06	-0.107	-0.041	0.251	0.459	"4"
"51.1"	0	1	0	0	0.129	0.219	0.091	0.561	-0.06	0.66	-0.041	-0.358	1.119	"2"
"536"	1	0	0	0	0.129	0.219	0.091	0.561	0.89	-0.107	-0.041	-0.358	1.396	"1"
"5月"	0	1	1	0	0.258	0.437	0.182	1.123	-0.12	0.409	0.76	-0.716	2.005	"3"
"60万"	0	0	0	1	0.129	0.219	0.091	0.561	-0.06	-0.107	-0.041	0.251	0.459	"4"
"662"	1	0	0	0	0.129	0.219	0.091	0.561	0.89	-0.107	-0.041	-0.358	1.396	"1"
"6月"	3	0	1	0	0.516	0.875	0.364	2.245	2.111	-0.429	0.498	-1.431	4.469	"1"
"700"	0	0	0	1	0.129	0.219	0.091	0.561	-0.06	-0.107	-0.041	0.251	0.459	"4"
"75"	0	2	0	0	0.258	0.437	0.182	1.123	-0.12	1.32	-0.083	-0.716	2.239	"2"
"764"	1	0	0	0	0.129	0.219	0.091	0.561	0.89	-0.107	-0.041	-0.358	1.396	"1"
"80万"	0	1	0	0	0.129	0.219	0.091	0.561	-0.06	0.66	-0.041	-0.358	1.119	"2"
"815"	0	0	0	1	0.129	0.219	0.091	0.561	-0.06	-0.107	-0.041	0.251	0.459	"4"
"8月份"	1	0	0	0	0.129	0.219	0.091	0.561	0.89	-0.107	-0.041	-0.358	1.396	"1"
"9%"	0	0	1	0	0.129	0.219	0.091	0.561	-0.06	-0.107	1.041	-0.358	1.566	"3"
"900130"	0	0	1	0	0.129	0.219	0.091	0.561	-0.06	-0.107	1.041	-0.358	1.566	"3"
"90亿"	0	0	0	1	0.129	0.219	0.091	0.561	-0.06	-0.107	-0.041	0.251	0.459	"4"
"DSL"	0	0	0	1	0.129	0.219	0.091	0.561	-0.06	-0.107	-0.041	0.251	0.459	"4"
"EP"	0	0	0	1	0.129	0.219	0.091	0.561	-0.06	-0.107	-0.041	0.251	0.459	"4"
"IDC"	1	0	0	0	0.129	0.219	0.091	0.561	0.89	-0.107	-0.041	-0.358	1.396	"1"
"OEH"	0	0	0	1	0.129	0.219	0.091	0.561	-0.06	-0.107	-0.041	0.251	0.459	"4"
"PC"	0	0	0	1	0.129	0.219	0.091	0.561	-0.06	-0.107	-0.041	0.251	0.459	"4"
"SDH"	0	0	0	1	0.129	0.219	0.091	0.561	-0.06	-0.107	-0.041	0.251	0.459	"4"
"一个个"	0	0	0	1	0.129	0.219	0.091	0.561	-0.06	-0.107	-0.041	0.251	0.459	"4"
"一串串"	0	0	0	1	0.129	0.219	0.091	0.561	-0.06	-0.107	-0.041	0.251	0.459	"4"
"一九"	0	1	0	1	0.258	0.437	0.182	1.123	-0.12	0.409	-0.083	-0.164	0.776	"2"
"一九九七年"	1	0	0	0	0.129	0.219	0.091	0.561	0.89	-0.107	-0.041	-0.358	1.396	"1"
"一九九九年"	1	1	0	0	0.258	0.437	0.182	1.123	0.618	0.409	-0.083	-0.716	1.826	"4"
"一九九五年"	0	0	0	1	0.129	0.219	0.091	0.561	-0.06	-0.107	-0.041	0.251	0.459	"4"
"一九九六年"	2	0	0	0	0.258	0.437	0.182	1.123	1.779	-0.214	-0.083	-0.716	2.792	"1"
"一千七百七十点一四亿"	0	0	0	1	0.129	0.219	0.091	0.561	-0.06	-0.107	-0.041	0.251	0.459	"4"
"一半"	0	1	0	0	0.129	0.219	0.091	0.561	-0.06	0.66	-0.041	-0.358	1.119	"2"
"一定"	0	0	0	6	0.774	1.312	0.546	3.368	-0.36	-0.643	-0.249	1.505	2.757	"4"
"一带"	0	0	0	1	0.129	0.219	0.091	0.561	-0.06	-0.107	-0.041	0.251	0.459	"4"
"一百"	0	0	0	2	0.258	0.437	0.182	1.123	-0.12	-0.214	-0.083	0.502	0.919	"4"
"一般而言"	0	0	1	0	0.129	0.219	0.091	0.561	-0.06	-0.107	1.041	-0.358	1.566	"3"
"一连串"	1	0	0	0	0.129	0.219	0.091	0.561	0.89	-0.107	-0.041	-0.358	1.396	"1"
"七百亿"	0	0	0	1	0.129	0.219	0.091	0.561	-0.06	-0.107	-0.041	0.251	0.459	"4"
"万"	0	1	0	1	0.258	0.437	0.182	1.123	-0.12	0.409	-0.083	-0.164	0.776	"2"
"三万"	0	0	0	1	0.129	0.219	0.091	0.561	-0.06	-0.107	-0.041	0.251	0.459	"4"
"三万六千多"	0	1	0	0	0.129	0.219	0.091	0.561	-0.06	0.66	-0.041	-0.358	1.119	"2"
"三分之一"	0	0	0	1	0.129	0.219	0.091	0.561	-0.06	-0.107	-0.041	0.251	0.459	"4"
"三十一日"	0	0	0	1	0.129	0.219	0.091	0.561	-0.06	-0.107	-0.041	0.251	0.459	"4"
"上升"	1	11	0	1	1.676	2.843	1.184	7.297	-0.313	5.563	-0.539	-3.405	9.82	"2"
"上半年"	1	1	1	0	0.387	0.656	0.273	1.684	0.47	0.281	0.604	-1.073	2.428	"4"
"上报"	0	0	0	1	0.129	0.219	0.091	0.561	-0.06	-0.107	-0.041	0.251	0.459	"4"
"上访"	0	1	0	0	0.129	0.219	0.091	0.561	-0.06	0.66	-0.041	-0.358	1.119	"2"
"上述"	0	0	0	2	0.258	0.437	0.182	1.123	-0.12	-0.214	-0.083	0.502	0.919	"4"
"上限"	0	0	0	1	0.129	0.219	0.091	0.561	-0.06	-0.107	-0.041	0.251	0.459	"4"
"下降"	1	4	0	1	0.774	1.312	0.546	3.368	0.249	1.631	-0.249	-1.209	3.338	"2"
"不一会儿"	0	0	0	2	0.258	0.437	0.182	1.123	-0.12	-0.214	-0.083	0.502	0.919	"4"
"不久前"	0	0	0	1	0.129	0.219	0.091	0.561	-0.06	-0.107	-0.041	0.251	0.459	"4"
"不予"	0	1	0	0	0.129	0.219	0.091	0.561	-0.06	0.66	-0.041	-0.358	1.119	"2"
"不仅"	0	1	0	0	0.129	0.219	0.091	0.561	-0.06	0.66	-0.041	-0.358	1.119	"2"
"不公"	0	0	0	1	0.129	0.219	0.091	0.561	-0.06	-0.107	-0.041	0.251	0.459	"4"
"不如"	0	1	0	1	0.258	0.437	0.182	1.123	-0.12	0.409	-0.083	-0.164	0.776	"2"
"不少"	0	0	0	1	0.129	0.219	0.091	0.561	-0.06	-0.107	-0.041	0.251	0.459	"4"
"不尽"	0	0	1	0	0.129	0.219	0.091	0.561	-0.06	-0.107	1.041	-0.358	1.566	"3"
"不得"	0	0	0	1	0.129	0.219	0.091	0.561	-0.06	-0.107	-0.041	0.251	0.459	"4"
"不拘"	0	0	0	1	0.129	0.219	0.091	0.561	-0.06	-0.107	-0.041	0.251	0.459	"4"
"不断"	0	2	0	4	0.774	1.312	0.546	3.368	-0.36	0.408	-0.249	0.333	1.35	"2"
"不满"	0	0	0	1	0.129	0.219	0.091	0.561	-0.06	-0.107	-0.041	0.251	0.459	"4"
"不符"	0	0	0	1	0.129	0.219	0.091	0.561	-0.06	-0.107	-0.041	0.251	0.459	"4"
"不等"	0	0	0	2	0.258	0.437	0.182	1.123	-0.12	-0.214	-0.083	0.502	0.919	"4"
"不详"	0	0	0	1	0.129	0.219	0.091	0.561	-0.06	-0.107	-0.041	0.251	0.459	"4"
"不足"	0	1	0	1	0.258	0.437	0.182	1.123	-0.12	0.409	-0.083	-0.164	0.776	"2"
"与日俱增"	0	0	0	1	0.129	0.219	0.091	0.561	-0.06	-0.107	-0.041	0.251	0.459	"4"
"且"	0	0	0	3	0.387	0.656	0.273	1.684	-0.18	-0.322	-0.124	0.752	1.378	"4"
"世卫"	0	0	0	1	0.129	0.219	0.091	0.561	-0.06	-0.107	-0.041	0.251	0.459	"4"
"丢失"	0	0	0	2	0.258	0.437	0.182	1.123	-0.12	-0.214	-0.083	0.502	0.919	"4"
"两千多"	0	0	0	1	0.129	0.219	0.091	0.561	-0.06	-0.107	-0.041	0.251	0.459	"4"
"严"	0	0	0	1	0.129	0.219	0.091	0.561	-0.06	-0.107	-0.041	0.251	0.459	"4"
"严格"	0	1	0	0	0.129	0.219	0.091	0.561	-0.06	0.66	-0.041	-0.358	1.119	"2"
"严重"	0	0	0	1	0.129	0.219	0.091	0.561	-0.06	-0.107	-0.041	0.251	0.459	"4"
"个"	5	4	9	24	5.415	9.186	3.825	23.574	-0.269	-1.494	1.921	0.291	3.975	"3"
"个位数"	0	0	1	0	0.129	0.219	0.091	0.561	-0.06	-0.107	1.041	-0.358	1.566	"3"
"个案"	0	0	0	2	0.258	0.437	0.182	1.123	-0.12	-0.214	-0.083	0.502	0.919	"4"
"中国海"	0	0	1	0	0.129	0.219	0.091	0.561	-0.06	-0.107	1.041	-0.358	1.566	"3"
"中小型"	0	1	0	0	0.129	0.219	0.091	0.561	-0.06	0.66	-0.041	-0.358	1.119	"2"
"中都"	0	0	0	1	0.129	0.219	0.091	0.561	-0.06	-0.107	-0.041	0.251	0.459	"4"
"临床"	0	0	0	2	0.258	0.437	0.182	1.123	-0.12	-0.214	-0.083	0.502	0.919	"4"
"为佳"	0	1	0	0	0.129	0.219	0.091	0.561	-0.06	0.66	-0.041	-0.358	1.119	"2"
"为准"	0	0	0	1	0.129	0.219	0.091	0.561	-0.06	-0.107	-0.041	0.251	0.459	"4"
"为时"	0	0	0	1	0.129	0.219	0.091	0.561	-0.06	-0.107	-0.041	0.251	0.459	"4"
"主计处"	1	0	0	0	0.129	0.219	0.091	0.561	0.89	-0.107	-0.041	-0.358	1.396	"1"
"乃"	0	0	1	0	0.129	0.219	0.091	0.561	-0.06	-0.107	1.041	-0.358	1.566	"3"
"之多"	0	0	0	2	0.258	0.437	0.182	1.123	-0.12	-0.214	-0.083	0.502	0.919	"4"
"之间"	0	0	0	1	0.129	0.219	0.091	0.561	-0.06	-0.107	-0.041	0.251	0.459	"4"
"乌鸦"	0	0	0	2	0.258	0.437	0.182	1.123	-0.12	-0.214	-0.083	0.502	0.919	"4"
"九一八"	0	0	0	1	0.129	0.219	0.091	0.561	-0.06	-0.107	-0.041	0.251	0.459	"4"
"九万三千"	0	0	0	1	0.129	0.219	0.091	0.561	-0.06	-0.107	-0.041	0.251	0.459	"4"
"九成八"	0	1	0	0	0.129	0.219	0.091	0.561	-0.06	0.66	-0.041	-0.358	1.119	"2"
"书籍"	0	0	0	1	0.129	0.219	0.091	0.561	-0.06	-0.107	-0.041	0.251	0.459	"4"
"买卖"	0	0	0	1	0.129	0.219	0.091	0.561	-0.06	-0.107	-0.041	0.251	0.459	"4"
"买回"	0	0	0	3	0.387	0.656	0.273	1.684	-0.18	-0.322	-0.124	0.752	1.378	"4"
"买盘"	0	0	0	1	0.129	0.219	0.091	0.561	-0.06	-0.107	-0.041	0.251	0.459	"4"
"事实"	0	0	0	1	0.129	0.219	0.091	0.561	-0.06	-0.107	-0.041	0.251	0.459	"4"
"二万五千"	0	0	0	1	0.129	0.219	0.091	0.561	-0.06	-0.107	-0.041	0.251	0.459	"4"
"二二九一.八六"	0	0	0	1	0.129	0.219	0.091	0.561	-0.06	-0.107	-0.041	0.251	0.459	"4"
"二十九年史"	0	0	0	1	0.129	0.219	0.091	0.561	-0.06	-0.107	-0.041	0.251	0.459	"4"
"亏损"	0	0	0	1	0.129	0.219	0.091	0.561	-0.06	-0.107	-0.041	0.251	0.459	"4"
"互联网"	1	0	0	0	0.129	0.219	0.091	0.561	0.89	-0.107	-0.041	-0.358	1.396	"1"
"亡"	1	0	0	0	0.129	0.219	0.091	0.561	0.89	-0.107	-0.041	-0.358	1.396	"1"
"交易"	0	0	0	1	0.129	0.219	0.091	0.561	-0.06	-0.107	-0.041	0.251	0.459	"4"
"交流道"	0	0	0	2	0.258	0.437	0.182	1.123	-0.12	-0.214	-0.083	0.502	0.919	"4"
"交警"	0	0	1	0	0.129	0.219	0.091	0.561	-0.06	-0.107	1.041	-0.358	1.566	"3"
"产品"	0	1	0	1	0.258	0.437	0.182	1.123	-0.12	0.409	-0.083	-0.164	0.776	"2"
"人口"	3	1	2	2	1.031	1.75	0.729	4.49	1.138	-0.347	0.794	-1.106	3.385	"1"
"人名"	0	0	0	1	0.129	0.219	0.091	0.561	-0.06	-0.107	-0.041	0.251	0.459	"4"
"人民币"	0	0	0	2	0.258	0.437	0.182	1.123	-0.12	-0.214	-0.083	0.502	0.919	"4"
"亿"	0	0	0	1	0.129	0.219	0.091	0.561	-0.06	-0.107	-0.041	0.251	0.459	"4"
"仅"	1	0	0	1	0.258	0.437	0.182	1.123	0.618	-0.214	-0.083	-0.164	1.079	"1"
"今"	1	0	1	1	0.387	0.656	0.273	1.684	0.47	-0.322	0.604	-0.389	1.785	"3"
"今夏"	0	1	0	0	0.129	0.219	0.091	0.561	-0.06	0.66	-0.041	-0.358	1.119	"2"
"今年"	10	1	7	0	2.321	3.937	1.639	10.103	4.687	-1.149	3.176	-6.441	15.453	"4"
"介于"	0	0	0	1	0.129	0.219	0.091	0.561	-0.06	-0.107	-0.041	0.251	0.459	"4"
"仍然"	0	0	0	1	0.129	0.219	0.091	0.561	-0.06	-0.107	-0.041	0.251	0.459	"4"
"从未"	0	0	0	1	0.129	0.219	0.091	0.561	-0.06	-0.107	-0.041	0.251	0.459	"4"
"仔细"	0	0	0	1	0.129	0.219	0.091	0.561	-0.06	-0.107	-0.041	0.251	0.459	"4"
"他人"	0	0	0	4	0.516	0.875	0.364	2.245	-0.24	-0.429	-0.166	1.003	1.838	"4"
"付"	0	0	0	1	0.129	0.219	0.091	0.561	-0.06	-0.107	-0.041	0.251	0.459	"4"
"代理行"	0	0	0	1	0.129	0.219	0.091	0.561	-0.06	-0.107	-0.041	0.251	0.459	"4"
"令"	0	0	1	1	0.258	0.437	0.182	1.123	-0.12	-0.214	0.76	-0.164	1.258	"3"
"以上"	0	0	0	1	0.129	0.219	0.091	0.561	-0.06	-0.107	-0.041	0.251	0.459	"4"
"以内"	0	0	0	2	0.258	0.437	0.182	1.123	-0.12	-0.214	-0.083	0.502	0.919	"4"
"以往"	0	1	0	0	0.129	0.219	0.091	0.561	-0.06	0.66	-0.041	-0.358	1.119	"2"
"仪器"	0	2	0	0	0.258	0.437	0.182	1.123	-0.12	1.32	-0.083	-0.716	2.239	"2"
"仲量联行"	1	0	0	0	0.129	0.219	0.091	0.561	0.89	-0.107	-0.041	-0.358	1.396	"1"
"件"	0	2	0	0	0.258	0.437	0.182	1.123	-0.12	1.32	-0.083	-0.716	2.239	"2"
"件数"	0	2	0	0	0.258	0.437	0.182	1.123	-0.12	1.32	-0.083	-0.716	2.239	"2"
"价格"	0	1	0	4	0.645	1.094	0.455	2.806	-0.3	-0.156	-0.207	0.563	1.226	"4"
"任意"	0	0	0	1	0.129	0.219	0.091	0.561	-0.06	-0.107	-0.041	0.251	0.459	"4"
"份"	2	2	0	0	0.516	0.875	0.364	2.245	1.079	0.677	-0.166	-1.431	3.353	"4"
"企业"	0	4	0	1	0.645	1.094	0.455	2.806	-0.3	2.025	-0.207	-0.92	3.452	"2"
"企鹅"	0	0	0	1	0.129	0.219	0.091	0.561	-0.06	-0.107	-0.041	0.251	0.459	"4"
"众"	0	1	0	0	0.129	0.219	0.091	0.561	-0.06	0.66	-0.041	-0.358	1.119	"2"
"会员国"	0	1	0	0	0.129	0.219	0.091	0.561	-0.06	0.66	-0.041	-0.358	1.119	"2"
"会费"	0	0	0	1	0.129	0.219	0.091	0.561	-0.06	-0.107	-0.041	0.251	0.459	"4"
"传出"	0	1	0	0	0.129	0.219	0.091	0.561	-0.06	0.66	-0.041	-0.358	1.119	"2"
"传输"	0	0	0	3	0.387	0.656	0.273	1.684	-0.18	-0.322	-0.124	0.752	1.378	"4"
"伤亡"	0	0	0	1	0.129	0.219	0.091	0.561	-0.06	-0.107	-0.041	0.251	0.459	"4"
"伪造"	0	0	0	1	0.129	0.219	0.091	0.561	-0.06	-0.107	-0.041	0.251	0.459	"4"
"估"	0	0	0	1	0.129	0.219	0.091	0.561	-0.06	-0.107	-0.041	0.251	0.459	"4"
"估算"	0	0	0	2	0.258	0.437	0.182	1.123	-0.12	-0.214	-0.083	0.502	0.919	"4"
"估计"	0	1	0	7	1.031	1.75	0.729	4.49	-0.48	-0.347	-0.332	1.146	2.305	"4"
"伸展"	0	0	0	1	0.129	0.219	0.091	0.561	-0.06	-0.107	-0.041	0.251	0.459	"4"
"但"	0	1	0	7	1.031	1.75	0.729	4.49	-0.48	-0.347	-0.332	1.146	2.305	"4"
"佈"	1	1	0	1	0.387	0.656	0.273	1.684	0.47	0.281	-0.124	-0.389	1.264	"1"
"低估"	0	0	0	1	0.129	0.219	0.091	0.561	-0.06	-0.107	-0.041	0.251	0.459	"4"
"体"	0	0	0	1	0.129	0.219	0.091	0.561	-0.06	-0.107	-0.041	0.251	0.459	"4"
"体裁"	0	0	0	1	0.129	0.219	0.091	0.561	-0.06	-0.107	-0.041	0.251	0.459	"4"
"佔"	0	1	0	0	0.129	0.219	0.091	0.561	-0.06	0.66	-0.041	-0.358	1.119	"2"
"何时战"	0	0	0	1	0.129	0.219	0.091	0.561	-0.06	-0.107	-0.041	0.251	0.459	"4"
"何耀珊"	0	0	0	1	0.129	0.219	0.091	0.561	-0.06	-0.107	-0.041	0.251	0.459	"4"
"作品"	0	0	0	2	0.258	0.437	0.182	1.123	-0.12	-0.214	-0.083	0.502	0.919	"4"
"佣"	0	0	0	1	0.129	0.219	0.091	0.561	-0.06	-0.107	-0.041	0.251	0.459	"4"
"供应"	0	1	0	0	0.129	0.219	0.091	0.561	-0.06	0.66	-0.041	-0.358	1.119	"2"
"依靠"	0	2	0	0	0.258	0.437	0.182	1.123	-0.12	1.32	-0.083	-0.716	2.239	"2"
"侵袭"	0	0	0	1	0.129	0.219	0.091	0.561	-0.06	-0.107	-0.041	0.251	0.459	"4"
"便利"	0	0	0	2	0.258	0.437	0.182	1.123	-0.12	-0.214	-0.083	0.502	0.919	"4"
"俄小"	0	1	0	0	0.129	0.219	0.091	0.561	-0.06	0.66	-0.041	-0.358	1.119	"2"
"保存"	0	0	0	2	0.258	0.437	0.182	1.123	-0.12	-0.214	-0.083	0.502	0.919	"4"
"保育"	0	0	0	1	0.129	0.219	0.091	0.561	-0.06	-0.107	-0.041	0.251	0.459	"4"
"信号"	0	0	0	2	0.258	0.437	0.182	1.123	-0.12	-0.214	-0.083	0.502	0.919	"4"
"信息"	0	0	0	3	0.387	0.656	0.273	1.684	-0.18	-0.322	-0.124	0.752	1.378	"4"
"信息化"	0	0	0	2	0.258	0.437	0.182	1.123	-0.12	-0.214	-0.083	0.502	0.919	"4"
"倍"	1	1	1	4	0.903	1.531	0.637	3.929	0.208	-0.279	0.312	0.199	0.998	"3"
"倍数"	0	0	0	1	0.129	0.219	0.091	0.561	-0.06	-0.107	-0.041	0.251	0.459	"4"
"候"	0	1	0	0	0.129	0.219	0.091	0.561	-0.06	0.66	-0.041	-0.358	1.119	"2"
"借助"	0	0	0	1	0.129	0.219	0.091	0.561	-0.06	-0.107	-0.041	0.251	0.459	"4"
"假肢"	0	1	0	0	0.129	0.219	0.091	0.561	-0.06	0.66	-0.041	-0.358	1.119	"2"
"偷"	0	0	0	1	0.129	0.219	0.091	0.561	-0.06	-0.107	-0.041	0.251	0.459	"4"
"偿款"	0	0	0	1	0.129	0.219	0.091	0.561	-0.06	-0.107	-0.041	0.251	0.459	"4"
"偿还"	0	0	0	1	0.129	0.219	0.091	0.561	-0.06	-0.107	-0.041	0.251	0.459	"4"
"储备"	0	0	0	2	0.258	0.437	0.182	1.123	-0.12	-0.214	-0.083	0.502	0.919	"4"
"储存"	0	0	0	2	0.258	0.437	0.182	1.123	-0.12	-0.214	-0.083	0.502	0.919	"4"
"储铀"	0	0	0	1	0.129	0.219	0.091	0.561	-0.06	-0.107	-0.041	0.251	0.459	"4"
"元"	0	0	0	12	1.547	2.625	1.093	6.735	-0.719	-1.286	-0.498	3.01	5.513	"4"
"先前"	0	1	0	0	0.129	0.219	0.091	0.561	-0.06	0.66	-0.041	-0.358	1.119	"2"
"光影"	0	0	0	1	0.129	0.219	0.091	0.561	-0.06	-0.107	-0.041	0.251	0.459	"4"
"光碟"	0	1	0	0	0.129	0.219	0.091	0.561	-0.06	0.66	-0.041	-0.358	1.119	"2"
"光纤"	0	0	0	1	0.129	0.219	0.091	0.561	-0.06	-0.107	-0.041	0.251	0.459	"4"
"免疫"	0	0	0	1	0.129	0.219	0.091	0.561	-0.06	-0.107	-0.041	0.251	0.459	"4"
"党校"	0	0	0	1	0.129	0.219	0.091	0.561	-0.06	-0.107	-0.041	0.251	0.459	"4"
"全"	0	0	5	0	0.645	1.094	0.455	2.806	-0.3	-0.536	5.203	-1.789	7.828	"3"
"全数"	0	0	0	1	0.129	0.219	0.091	0.561	-0.06	-0.107	-0.041	0.251	0.459	"4"
"全球"	3	1	0	0	0.516	0.875	0.364	2.245	2.111	0.202	-0.166	-1.431	3.91	"1"
"全省"	0	1	0	0	0.129	0.219	0.091	0.561	-0.06	0.66	-0.041	-0.358	1.119	"2"
"八百"	0	1	0	0	0.129	0.219	0.091	0.561	-0.06	0.66	-0.041	-0.358	1.119	"2"
"公佈"	2	0	3	0	0.645	1.094	0.455	2.806	0.895	-0.536	2.183	-1.789	5.403	"3"
"公债"	0	0	0	1	0.129	0.219	0.091	0.561	-0.06	-0.107	-0.041	0.251	0.459	"4"
"公吨"	0	3	0	0	0.387	0.656	0.273	1.684	-0.18	1.98	-0.124	-1.073	3.357	"2"
"公布"	10	1	16	1	3.61	6.124	2.55	15.716	2.742	-2.055	9.633	-8.453	22.883	"3"
"公斤"	0	2	0	1	0.387	0.656	0.273	1.684	-0.18	0.912	-0.124	-0.389	1.605	"2"
"公款"	0	0	0	1	0.129	0.219	0.091	0.561	-0.06	-0.107	-0.041	0.251	0.459	"4"
"公积"	0	0	0	1	0.129	0.219	0.091	0.561	-0.06	-0.107	-0.041	0.251	0.459	"4"
"公积金"	0	1	0	0	0.129	0.219	0.091	0.561	-0.06	0.66	-0.041	-0.358	1.119	"2"
"公顷"	0	1	0	0	0.129	0.219	0.091	0.561	-0.06	0.66	-0.041	-0.358	1.119	"2"
"六十七亿"	0	1	0	0	0.129	0.219	0.091	0.561	-0.06	0.66	-0.041	-0.358	1.119	"2"
"共享"	0	0	0	1	0.129	0.219	0.091	0.561	-0.06	-0.107	-0.041	0.251	0.459	"4"
"共有"	1	0	1	0	0.258	0.437	0.182	1.123	0.618	-0.214	0.76	-0.716	2.308	"3"
"关税"	0	1	0	2	0.387	0.656	0.273	1.684	-0.18	0.281	-0.124	0.228	0.813	"2"
"关统计"	0	0	1	0	0.129	0.219	0.091	0.561	-0.06	-0.107	1.041	-0.358	1.566	"3"
"其"	0	0	0	4	0.516	0.875	0.364	2.245	-0.24	-0.429	-0.166	1.003	1.838	"4"
"具体"	0	0	0	9	1.16	1.969	0.82	5.051	-0.54	-0.965	-0.373	2.257	4.135	"4"
"养老金"	0	0	0	2	0.258	0.437	0.182	1.123	-0.12	-0.214	-0.083	0.502	0.919	"4"
"养鱼"	0	0	0	1	0.129	0.219	0.091	0.561	-0.06	-0.107	-0.041	0.251	0.459	"4"
"内蒙古"	0	0	0	1	0.129	0.219	0.091	0.561	-0.06	-0.107	-0.041	0.251	0.459	"4"
"内资"	0	0	0	2	0.258	0.437	0.182	1.123	-0.12	-0.214	-0.083	0.502	0.919	"4"
"军警"	0	1	0	0	0.129	0.219	0.091	0.561	-0.06	0.66	-0.041	-0.358	1.119	"2"
"农业部"	1	0	0	0	0.129	0.219	0.091	0.561	0.89	-0.107	-0.041	-0.358	1.396	"1"
"农委会官"	0	1	0	0	0.129	0.219	0.091	0.561	-0.06	0.66	-0.041	-0.358	1.119	"2"
"农户"	0	0	0	1	0.129	0.219	0.091	0.561	-0.06	-0.107	-0.041	0.251	0.459	"4"
"冬"	0	0	0	1	0.129	0.219	0.091	0.561	-0.06	-0.107	-0.041	0.251	0.459	"4"
"冯定国"	0	0	0	1	0.129	0.219	0.091	0.561	-0.06	-0.107	-0.041	0.251	0.459	"4"
"冰山一角"	0	0	0	1	0.129	0.219	0.091	0.561	-0.06	-0.107	-0.041	0.251	0.459	"4"
"冰毒"	0	0	0	1	0.129	0.219	0.091	0.561	-0.06	-0.107	-0.041	0.251	0.459	"4"
"决定"	0	0	0	1	0.129	0.219	0.091	0.561	-0.06	-0.107	-0.041	0.251	0.459	"4"
"准确"	1	0	0	2	0.387	0.656	0.273	1.684	0.47	-0.322	-0.124	0.228	1.144	"1"
"减"	0	1	0	0	0.129	0.219	0.091	0.561	-0.06	0.66	-0.041	-0.358	1.119	"2"
"减价"	0	1	0	0	0.129	0.219	0.091	0.561	-0.06	0.66	-0.041	-0.358	1.119	"2"
"减少"	1	20	0	3	3.094	5.249	2.186	13.471	-0.781	9.581	-0.995	-4.913	16.27	"2"
"减少到"	0	0	0	1	0.129	0.219	0.091	0.561	-0.06	-0.107	-0.041	0.251	0.459	"4"
"减影"	0	0	0	1	0.129	0.219	0.091	0.561	-0.06	-0.107	-0.041	0.251	0.459	"4"
"减至"	0	0	0	1	0.129	0.219	0.091	0.561	-0.06	-0.107	-0.041	0.251	0.459	"4"
"减轻"	0	0	0	1	0.129	0.219	0.091	0.561	-0.06	-0.107	-0.041	0.251	0.459	"4"
"几十"	0	1	0	0	0.129	0.219	0.091	0.561	-0.06	0.66	-0.041	-0.358	1.119	"2"
"几百"	0	0	0	1	0.129	0.219	0.091	0.561	-0.06	-0.107	-0.041	0.251	0.459	"4"
"出入境"	0	1	0	0	0.129	0.219	0.091	0.561	-0.06	0.66	-0.041	-0.358	1.119	"2"
"出口"	0	3	0	0	0.387	0.656	0.273	1.684	-0.18	1.98	-0.124	-1.073	3.357	"2"
"出土"	0	0	0	2	0.258	0.437	0.182	1.123	-0.12	-0.214	-0.083	0.502	0.919	"4"
"出来"	0	0	0	1	0.129	0.219	0.091	0.561	-0.06	-0.107	-0.041	0.251	0.459	"4"
"出版"	0	1	0	0	0.129	0.219	0.091	0.561	-0.06	0.66	-0.041	-0.358	1.119	"2"
"出货"	0	0	0	3	0.387	0.656	0.273	1.684	-0.18	-0.322	-0.124	0.752	1.378	"4"
"分布"	0	0	0	2	0.258	0.437	0.182	1.123	-0.12	-0.214	-0.083	0.502	0.919	"4"
"分期付款"	0	1	0	0	0.129	0.219	0.091	0.561	-0.06	0.66	-0.041	-0.358	1.119	"2"
"分析员"	0	0	1	1	0.258	0.437	0.182	1.123	-0.12	-0.214	0.76	-0.164	1.258	"3"
"分行"	0	0	0	1	0.129	0.219	0.091	0.561	-0.06	-0.107	-0.041	0.251	0.459	"4"
"分配"	0	1	0	0	0.129	0.219	0.091	0.561	-0.06	0.66	-0.041	-0.358	1.119	"2"
"刑案"	0	0	0	1	0.129	0.219	0.091	0.561	-0.06	-0.107	-0.041	0.251	0.459	"4"
"划一"	0	0	0	1	0.129	0.219	0.091	0.561	-0.06	-0.107	-0.041	0.251	0.459	"4"
"创下"	0	0	0	1	0.129	0.219	0.091	0.561	-0.06	-0.107	-0.041	0.251	0.459	"4"
"初步"	1	0	1	1	0.387	0.656	0.273	1.684	0.47	-0.322	0.604	-0.389	1.785	"3"
"判断"	0	1	0	0	0.129	0.219	0.091	0.561	-0.06	0.66	-0.041	-0.358	1.119	"2"
"判断出"	0	0	0	1	0.129	0.219	0.091	0.561	-0.06	-0.107	-0.041	0.251	0.459	"4"
"利益"	0	0	0	1	0.129	0.219	0.091	0.561	-0.06	-0.107	-0.041	0.251	0.459	"4"
"到"	0	3	0	0	0.387	0.656	0.273	1.684	-0.18	1.98	-0.124	-1.073	3.357	"2"
"制作"	0	0	0	1	0.129	0.219	0.091	0.561	-0.06	-0.107	-0.041	0.251	0.459	"4"
"削减"	0	0	0	4	0.516	0.875	0.364	2.245	-0.24	-0.429	-0.166	1.003	1.838	"4"
"削弱"	0	1	0	0	0.129	0.219	0.091	0.561	-0.06	0.66	-0.041	-0.358	1.119	"2"
"前列"	0	0	0	1	0.129	0.219	0.091	0.561	-0.06	-0.107	-0.041	0.251	0.459	"4"
"前年"	0	2	1	0	0.387	0.656	0.273	1.684	-0.18	0.912	0.604	-1.073	2.769	"4"
"剩下"	0	0	0	1	0.129	0.219	0.091	0.561	-0.06	-0.107	-0.041	0.251	0.459	"4"
"割除"	0	0	0	1	0.129	0.219	0.091	0.561	-0.06	-0.107	-0.041	0.251	0.459	"4"
"办证"	0	0	0	1	0.129	0.219	0.091	0.561	-0.06	-0.107	-0.041	0.251	0.459	"4"
"功学员"	0	0	0	1	0.129	0.219	0.091	0.561	-0.06	-0.107	-0.041	0.251	0.459	"4"
"动支"	0	0	0	1	0.129	0.219	0.091	0.561	-0.06	-0.107	-0.041	0.251	0.459	"4"
"动物"	0	0	0	2	0.258	0.437	0.182	1.123	-0.12	-0.214	-0.083	0.502	0.919	"4"
"动用"	0	0	0	1	0.129	0.219	0.091	0.561	-0.06	-0.107	-0.041	0.251	0.459	"4"
"劫款"	0	0	0	1	0.129	0.219	0.091	0.561	-0.06	-0.107	-0.041	0.251	0.459	"4"
"劳动人口"	1	0	0	0	0.129	0.219	0.091	0.561	0.89	-0.107	-0.041	-0.358	1.396	"1"
"劳委会"	0	0	0	1	0.129	0.219	0.091	0.561	-0.06	-0.107	-0.041	0.251	0.459	"4"
"劳工"	0	0	0	1	0.129	0.219	0.091	0.561	-0.06	-0.107	-0.041	0.251	0.459	"4"
"包厢"	0	0	0	1	0.129	0.219	0.091	0.561	-0.06	-0.107	-0.041	0.251	0.459	"4"
"包含"	0	0	0	2	0.258	0.437	0.182	1.123	-0.12	-0.214	-0.083	0.502	0.919	"4"
"包括"	1	0	0	2	0.387	0.656	0.273	1.684	0.47	-0.322	-0.124	0.228	1.144	"1"
"化"	0	0	0	14	1.805	3.062	1.275	7.858	-0.839	-1.501	-0.581	3.512	6.433	"4"
"化社"	0	0	0	1	0.129	0.219	0.091	0.561	-0.06	-0.107	-0.041	0.251	0.459	"4"
"化部"	0	0	0	2	0.258	0.437	0.182	1.123	-0.12	-0.214	-0.083	0.502	0.919	"4"
"区区"	0	0	0	1	0.129	0.219	0.091	0.561	-0.06	-0.107	-0.041	0.251	0.459	"4"
"医疗"	0	0	0	1	0.129	0.219	0.091	0.561	-0.06	-0.107	-0.041	0.251	0.459	"4"
"千万"	0	1	0	0	0.129	0.219	0.091	0.561	-0.06	0.66	-0.041	-0.358	1.119	"2"
"升"	0	0	0	2	0.258	0.437	0.182	1.123	-0.12	-0.214	-0.083	0.502	0.919	"4"
"单"	0	0	0	1	0.129	0.219	0.091	0.561	-0.06	-0.107	-0.041	0.251	0.459	"4"
"单一"	0	0	0	2	0.258	0.437	0.182	1.123	-0.12	-0.214	-0.083	0.502	0.919	"4"
"单价"	0	0	0	1	0.129	0.219	0.091	0.561	-0.06	-0.107	-0.041	0.251	0.459	"4"
"单日"	0	0	0	1	0.129	0.219	0.091	0.561	-0.06	-0.107	-0.041	0.251	0.459	"4"
"卖完"	0	0	0	1	0.129	0.219	0.091	0.561	-0.06	-0.107	-0.041	0.251	0.459	"4"
"占"	0	1	0	0	0.129	0.219	0.091	0.561	-0.06	0.66	-0.041	-0.358	1.119	"2"
"占地"	0	0	0	1	0.129	0.219	0.091	0.561	-0.06	-0.107	-0.041	0.251	0.459	"4"
"卢比"	0	0	0	1	0.129	0.219	0.091	0.561	-0.06	-0.107	-0.041	0.251	0.459	"4"
"卫星"	0	0	0	1	0.129	0.219	0.091	0.561	-0.06	-0.107	-0.041	0.251	0.459	"4"
"卫生署"	0	0	0	1	0.129	0.219	0.091	0.561	-0.06	-0.107	-0.041	0.251	0.459	"4"
"卫生部门"	0	0	0	1	0.129	0.219	0.091	0.561	-0.06	-0.107	-0.041	0.251	0.459	"4"
"卫队"	0	0	0	1	0.129	0.219	0.091	0.561	-0.06	-0.107	-0.041	0.251	0.459	"4"
"印制"	0	3	0	0	0.387	0.656	0.273	1.684	-0.18	1.98	-0.124	-1.073	3.357	"2"
"印刷"	0	0	0	1	0.129	0.219	0.091	0.561	-0.06	-0.107	-0.041	0.251	0.459	"4"
"即可"	0	0	0	1	0.129	0.219	0.091	0.561	-0.06	-0.107	-0.041	0.251	0.459	"4"
"历年"	0	0	0	1	0.129	0.219	0.091	0.561	-0.06	-0.107	-0.041	0.251	0.459	"4"
"压缩"	0	1	0	0	0.129	0.219	0.091	0.561	-0.06	0.66	-0.041	-0.358	1.119	"2"
"厚生省"	1	0	0	0	0.129	0.219	0.091	0.561	0.89	-0.107	-0.041	-0.358	1.396	"1"
"原先"	0	1	0	3	0.516	0.875	0.364	2.245	-0.24	0.202	-0.166	0.388	0.996	"4"
"原油"	0	0	0	2	0.258	0.437	0.182	1.123	-0.12	-0.214	-0.083	0.502	0.919	"4"
"去年"	4	6	3	4	2.192	3.718	1.548	9.542	0.776	0.83	0.705	-2.177	4.488	"4"
"参考"	0	0	0	1	0.129	0.219	0.091	0.561	-0.06	-0.107	-0.041	0.251	0.459	"4"
"参赛"	0	0	0	2	0.258	0.437	0.182	1.123	-0.12	-0.214	-0.083	0.502	0.919	"4"
"友邦"	0	0	0	1	0.129	0.219	0.091	0.561	-0.06	-0.107	-0.041	0.251	0.459	"4"
"反映"	0	0	0	1	0.129	0.219	0.091	0.561	-0.06	-0.107	-0.041	0.251	0.459	"4"
"反犹太人"	1	0	0	0	0.129	0.219	0.091	0.561	0.89	-0.107	-0.041	-0.358	1.396	"1"
"发布"	4	0	0	2	0.774	1.312	0.546	3.368	2.477	-0.643	-0.249	-0.625	3.994	"1"
"发病"	0	0	0	1	0.129	0.219	0.091	0.561	-0.06	-0.107	-0.041	0.251	0.459	"4"
"发票"	0	0	0	1	0.129	0.219	0.091	0.561	-0.06	-0.107	-0.041	0.251	0.459	"4"
"发行"	0	0	0	2	0.258	0.437	0.182	1.123	-0.12	-0.214	-0.083	0.502	0.919	"4"
"发表"	2	0	2	0	0.516	0.875	0.364	2.245	1.079	-0.429	1.357	-1.431	4.296	"4"
"发送"	0	1	0	0	0.129	0.219	0.091	0.561	-0.06	0.66	-0.041	-0.358	1.119	"2"
"受伤"	0	1	0	0	0.129	0.219	0.091	0.561	-0.06	0.66	-0.041	-0.358	1.119	"2"
"受贿罪"	0	0	0	1	0.129	0.219	0.091	0.561	-0.06	-0.107	-0.041	0.251	0.459	"4"
"变暖"	0	0	0	1	0.129	0.219	0.091	0.561	-0.06	-0.107	-0.041	0.251	0.459	"4"
"口味"	0	0	0	1	0.129	0.219	0.091	0.561	-0.06	-0.107	-0.041	0.251	0.459	"4"
"古松"	0	1	0	0	0.129	0.219	0.091	0.561	-0.06	0.66	-0.041	-0.358	1.119	"2"
"古籍"	0	2	0	0	0.258	0.437	0.182	1.123	-0.12	1.32	-0.083	-0.716	2.239	"2"
"只"	0	0	0	7	0.903	1.531	0.637	3.929	-0.42	-0.75	-0.29	1.756	3.216	"4"
"只是"	0	0	0	1	0.129	0.219	0.091	0.561	-0.06	-0.107	-0.041	0.251	0.459	"4"
"可"	0	0	0	1	0.129	0.219	0.091	0.561	-0.06	-0.107	-0.041	0.251	0.459	"4"
"可是"	0	0	0	1	0.129	0.219	0.091	0.561	-0.06	-0.107	-0.041	0.251	0.459	"4"
"可能"	1	1	1	2	0.645	1.094	0.455	2.806	0.302	-0.156	0.421	-0.413	1.292	"3"
"可观"	0	0	0	3	0.387	0.656	0.273	1.684	-0.18	-0.322	-0.124	0.752	1.378	"4"
"台"	0	0	0	2	0.258	0.437	0.182	1.123	-0.12	-0.214	-0.083	0.502	0.919	"4"
"台渡"	0	0	0	1	0.129	0.219	0.091	0.561	-0.06	-0.107	-0.041	0.251	0.459	"4"
"台湾厂"	0	0	0	1	0.129	0.219	0.091	0.561	-0.06	-0.107	-0.041	0.251	0.459	"4"
"同时期"	0	1	0	0	0.129	0.219	0.091	0.561	-0.06	0.66	-0.041	-0.358	1.119	"2"
"同期"	2	1	0	0	0.387	0.656	0.273	1.684	1.341	0.281	-0.124	-1.073	2.819	"1"
"同步"	0	0	0	1	0.129	0.219	0.091	0.561	-0.06	-0.107	-0.041	0.251	0.459	"4"
"名称"	0	0	0	2	0.258	0.437	0.182	1.123	-0.12	-0.214	-0.083	0.502	0.919	"4"
"名额"	0	1	0	0	0.129	0.219	0.091	0.561	-0.06	0.66	-0.041	-0.358	1.119	"2"
"否定"	0	0	0	1	0.129	0.219	0.091	0.561	-0.06	-0.107	-0.041	0.251	0.459	"4"
"吨"	0	1	0	0	0.129	0.219	0.091	0.561	-0.06	0.66	-0.041	-0.358	1.119	"2"
"含氧量"	0	0	0	1	0.129	0.219	0.091	0.561	-0.06	-0.107	-0.041	0.251	0.459	"4"
"吸收"	0	0	0	1	0.129	0.219	0.091	0.561	-0.06	-0.107	-0.041	0.251	0.459	"4"
"呈"	0	2	0	0	0.258	0.437	0.182	1.123	-0.12	1.32	-0.083	-0.716	2.239	"2"
"呈报"	0	0	0	1	0.129	0.219	0.091	0.561	-0.06	-0.107	-0.041	0.251	0.459	"4"
"呈现"	0	0	0	1	0.129	0.219	0.091	0.561	-0.06	-0.107	-0.041	0.251	0.459	"4"
"周"	0	0	0	2	0.258	0.437	0.182	1.123	-0.12	-0.214	-0.083	0.502	0.919	"4"
"和丰"	0	0	0	1	0.129	0.219	0.091	0.561	-0.06	-0.107	-0.041	0.251	0.459	"4"
"和成"	0	0	0	1	0.129	0.219	0.091	0.561	-0.06	-0.107	-0.041	0.251	0.459	"4"
"品种"	0	1	0	1	0.258	0.437	0.182	1.123	-0.12	0.409	-0.083	-0.164	0.776	"2"
"售出"	0	1	0	0	0.129	0.219	0.091	0.561	-0.06	0.66	-0.041	-0.358	1.119	"2"
"售股"	0	0	0	1	0.129	0.219	0.091	0.561	-0.06	-0.107	-0.041	0.251	0.459	"4"
"商务"	0	0	0	1	0.129	0.219	0.091	0.561	-0.06	-0.107	-0.041	0.251	0.459	"4"
"商务部"	1	0	0	0	0.129	0.219	0.091	0.561	0.89	-0.107	-0.041	-0.358	1.396	"1"
"商榷"	0	0	0	1	0.129	0.219	0.091	0.561	-0.06	-0.107	-0.041	0.251	0.459	"4"
"嘉惠"	0	0	0	1	0.129	0.219	0.091	0.561	-0.06	-0.107	-0.041	0.251	0.459	"4"
"围绕"	0	0	0	1	0.129	0.219	0.091	0.561	-0.06	-0.107	-0.041	0.251	0.459	"4"
"国产"	0	0	0	1	0.129	0.219	0.091	0.561	-0.06	-0.107	-0.041	0.251	0.459	"4"
"国宝"	0	0	0	1	0.129	0.219	0.091	0.561	-0.06	-0.107	-0.041	0.251	0.459	"4"
"国家级"	0	0	0	1	0.129	0.219	0.091	0.561	-0.06	-0.107	-0.041	0.251	0.459	"4"
"国情咨文"	0	0	0	1	0.129	0.219	0.091	0.561	-0.06	-0.107	-0.041	0.251	0.459	"4"
"国有"	0	0	0	1	0.129	0.219	0.091	0.561	-0.06	-0.107	-0.041	0.251	0.459	"4"
"国有企业"	0	1	0	1	0.258	0.437	0.182	1.123	-0.12	0.409	-0.083	-0.164	0.776	"2"
"图书"	0	0	0	1	0.129	0.219	0.091	0.561	-0.06	-0.107	-0.041	0.251	0.459	"4"
"图书馆"	0	0	0	6	0.774	1.312	0.546	3.368	-0.36	-0.643	-0.249	1.505	2.757	"4"
"图像"	0	0	0	2	0.258	0.437	0.182	1.123	-0.12	-0.214	-0.083	0.502	0.919	"4"
"图片"	0	0	0	1	0.129	0.219	0.091	0.561	-0.06	-0.107	-0.041	0.251	0.459	"4"
"土"	0	0	0	1	0.129	0.219	0.091	0.561	-0.06	-0.107	-0.041	0.251	0.459	"4"
"在内"	0	0	0	1	0.129	0.219	0.091	0.561	-0.06	-0.107	-0.041	0.251	0.459	"4"
"地"	0	0	2	0	0.258	0.437	0.182	1.123	-0.12	-0.214	2.081	-0.716	3.131	"3"
"地下"	0	2	0	0	0.258	0.437	0.182	1.123	-0.12	1.32	-0.083	-0.716	2.239	"2"
"地主队"	0	0	0	1	0.129	0.219	0.091	0.561	-0.06	-0.107	-0.041	0.251	0.459	"4"
"地震"	0	0	0	2	0.258	0.437	0.182	1.123	-0.12	-0.214	-0.083	0.502	0.919	"4"
"均"	0	1	0	1	0.258	0.437	0.182	1.123	-0.12	0.409	-0.083	-0.164	0.776	"2"
"坏帐"	0	2	1	0	0.387	0.656	0.273	1.684	-0.18	0.912	0.604	-1.073	2.769	"4"
"坦承不讳"	0	0	0	1	0.129	0.219	0.091	0.561	-0.06	-0.107	-0.041	0.251	0.459	"4"
"垂青"	0	0	0	1	0.129	0.219	0.091	0.561	-0.06	-0.107	-0.041	0.251	0.459	"4"
"垃圾"	0	1	0	0	0.129	0.219	0.091	0.561	-0.06	0.66	-0.041	-0.358	1.119	"2"
"城乡"	0	1	0	1	0.258	0.437	0.182	1.123	-0.12	0.409	-0.083	-0.164	0.776	"2"
"域"	0	0	0	1	0.129	0.219	0.091	0.561	-0.06	-0.107	-0.041	0.251	0.459	"4"
"基亚"	0	1	0	1	0.258	0.437	0.182	1.123	-0.12	0.409	-0.083	-0.164	0.776	"2"
"基因"	0	0	0	2	0.258	0.437	0.182	1.123	-0.12	-0.214	-0.083	0.502	0.919	"4"
"基金"	0	0	0	3	0.387	0.656	0.273	1.684	-0.18	-0.322	-0.124	0.752	1.378	"4"
"基隆屿"	0	0	0	1	0.129	0.219	0.091	0.561	-0.06	-0.107	-0.041	0.251	0.459	"4"
"堆"	1	0	0	1	0.258	0.437	0.182	1.123	0.618	-0.214	-0.083	-0.164	1.079	"1"
"塑料"	0	1	0	0	0.129	0.219	0.091	0.561	-0.06	0.66	-0.041	-0.358	1.119	"2"
"填写"	0	0	1	0	0.129	0.219	0.091	0.561	-0.06	-0.107	1.041	-0.358	1.566	"3"
"境内"	0	1	0	2	0.387	0.656	0.273	1.684	-0.18	0.281	-0.124	0.228	0.813	"2"
"增"	0	0	0	1	0.129	0.219	0.091	0.561	-0.06	-0.107	-0.041	0.251	0.459	"4"
"增产"	0	0	0	1	0.129	0.219	0.091	0.561	-0.06	-0.107	-0.041	0.251	0.459	"4"
"增加"	4	27	1	7	5.029	8.53	3.551	21.89	-0.374	9.462	-0.926	-5.943	16.705	"2"
"增多"	0	0	0	3	0.387	0.656	0.273	1.684	-0.18	-0.322	-0.124	0.752	1.378	"4"
"增大"	0	0	0	1	0.129	0.219	0.091	0.561	-0.06	-0.107	-0.041	0.251	0.459	"4"
"增至"	0	0	0	1	0.129	0.219	0.091	0.561	-0.06	-0.107	-0.041	0.251	0.459	"4"
"增长"	0	7	0	1	1.031	1.75	0.729	4.49	-0.48	3.81	-0.332	-1.812	6.434	"2"
"墨脱县"	0	1	0	0	0.129	0.219	0.091	0.561	-0.06	0.66	-0.041	-0.358	1.119	"2"
"处日"	1	0	0	0	0.129	0.219	0.091	0.561	0.89	-0.107	-0.041	-0.358	1.396	"1"
"处理"	0	0	0	1	0.129	0.219	0.091	0.561	-0.06	-0.107	-0.041	0.251	0.459	"4"
"处理器"	0	0	0	1	0.129	0.219	0.091	0.561	-0.06	-0.107	-0.041	0.251	0.459	"4"
"复苏"	0	1	0	0	0.129	0.219	0.091	0.561	-0.06	0.66	-0.041	-0.358	1.119	"2"
"外来"	0	0	0	2	0.258	0.437	0.182	1.123	-0.12	-0.214	-0.083	0.502	0.919	"4"
"外籍"	0	1	0	0	0.129	0.219	0.091	0.561	-0.06	0.66	-0.041	-0.358	1.119	"2"
"外销"	0	1	0	0	0.129	0.219	0.091	0.561	-0.06	0.66	-0.041	-0.358	1.119	"2"
"多"	0	1	0	9	1.289	2.187	0.911	5.613	-0.6	-0.492	-0.415	1.563	3.07	"4"
"多出"	0	0	0	4	0.516	0.875	0.364	2.245	-0.24	-0.429	-0.166	1.003	1.838	"4"
"多功能"	1	0	0	0	0.129	0.219	0.091	0.561	0.89	-0.107	-0.041	-0.358	1.396	"1"
"多媒体"	0	0	0	2	0.258	0.437	0.182	1.123	-0.12	-0.214	-0.083	0.502	0.919	"4"
"多寡"	0	0	0	3	0.387	0.656	0.273	1.684	-0.18	-0.322	-0.124	0.752	1.378	"4"
"多达"	0	0	0	1	0.129	0.219	0.091	0.561	-0.06	-0.107	-0.041	0.251	0.459	"4"
"多过"	0	0	0	1	0.129	0.219	0.091	0.561	-0.06	-0.107	-0.041	0.251	0.459	"4"
"够"	0	0	0	1	0.129	0.219	0.091	0.561	-0.06	-0.107	-0.041	0.251	0.459	"4"
"大"	0	0	0	6	0.774	1.312	0.546	3.368	-0.36	-0.643	-0.249	1.505	2.757	"4"
"大上"	0	0	0	1	0.129	0.219	0.091	0.561	-0.06	-0.107	-0.041	0.251	0.459	"4"
"大城市"	0	1	0	0	0.129	0.219	0.091	0.561	-0.06	0.66	-0.041	-0.358	1.119	"2"
"大增"	0	0	0	1	0.129	0.219	0.091	0.561	-0.06	-0.107	-0.041	0.251	0.459	"4"
"大大"	0	2	0	0	0.258	0.437	0.182	1.123	-0.12	1.32	-0.083	-0.716	2.239	"2"
"大幅"	2	4	0	0	0.774	1.312	0.546	3.368	0.756	1.631	-0.249	-2.147	4.783	"4"
"大幅度"	0	2	0	0	0.258	0.437	0.182	1.123	-0.12	1.32	-0.083	-0.716	2.239	"2"
"大约"	0	1	0	3	0.516	0.875	0.364	2.245	-0.24	0.202	-0.166	0.388	0.996	"4"
"大车"	0	0	0	1	0.129	0.219	0.091	0.561	-0.06	-0.107	-0.041	0.251	0.459	"4"
"大量"	0	0	0	1	0.129	0.219	0.091	0.561	-0.06	-0.107	-0.041	0.251	0.459	"4"
"大陆厂"	0	0	0	1	0.129	0.219	0.091	0.561	-0.06	-0.107	-0.041	0.251	0.459	"4"
"大麻"	0	0	0	1	0.129	0.219	0.091	0.561	-0.06	-0.107	-0.041	0.251	0.459	"4"
"天然气"	0	0	0	1	0.129	0.219	0.091	0.561	-0.06	-0.107	-0.041	0.251	0.459	"4"
"天鹅"	0	0	0	1	0.129	0.219	0.091	0.561	-0.06	-0.107	-0.041	0.251	0.459	"4"
"太多"	0	0	0	2	0.258	0.437	0.182	1.123	-0.12	-0.214	-0.083	0.502	0.919	"4"
"太过"	0	0	0	1	0.129	0.219	0.091	0.561	-0.06	-0.107	-0.041	0.251	0.459	"4"
"失业"	1	3	3	1	1.031	1.75	0.729	4.49	-0.14	0.61	1.526	-1.812	4.088	"4"
"失业率"	2	0	0	1	0.387	0.656	0.273	1.684	1.341	-0.322	-0.124	-0.389	2.176	"1"
"奖牌"	0	0	0	1	0.129	0.219	0.091	0.561	-0.06	-0.107	-0.041	0.251	0.459	"4"
"奖金"	0	0	0	1	0.129	0.219	0.091	0.561	-0.06	-0.107	-0.041	0.251	0.459	"4"
"女性"	0	1	0	0	0.129	0.219	0.091	0.561	-0.06	0.66	-0.041	-0.358	1.119	"2"
"媒"	0	0	0	1	0.129	0.219	0.091	0.561	-0.06	-0.107	-0.041	0.251	0.459	"4"
"子公司"	0	0	0	3	0.387	0.656	0.273	1.684	-0.18	-0.322	-0.124	0.752	1.378	"4"
"孑孓"	0	1	0	0	0.129	0.219	0.091	0.561	-0.06	0.66	-0.041	-0.358	1.119	"2"
"存款"	0	1	0	0	0.129	0.219	0.091	0.561	-0.06	0.66	-0.041	-0.358	1.119	"2"
"季"	1	3	2	0	0.774	1.312	0.546	3.368	0.249	0.909	1.013	-2.147	4.318	"4"
"季度"	1	1	0	0	0.258	0.437	0.182	1.123	0.618	0.409	-0.083	-0.716	1.826	"4"
"季节性"	1	0	0	0	0.129	0.219	0.091	0.561	0.89	-0.107	-0.041	-0.358	1.396	"1"
"它们"	0	1	0	2	0.387	0.656	0.273	1.684	-0.18	0.281	-0.124	0.228	0.813	"2"
"安非他命"	0	0	0	1	0.129	0.219	0.091	0.561	-0.06	-0.107	-0.041	0.251	0.459	"4"
"宋生文"	0	0	0	1	0.129	0.219	0.091	0.561	-0.06	-0.107	-0.041	0.251	0.459	"4"
"完整"	0	0	0	1	0.129	0.219	0.091	0.561	-0.06	-0.107	-0.041	0.251	0.459	"4"
"宗"	1	0	0	0	0.129	0.219	0.091	0.561	0.89	-0.107	-0.041	-0.358	1.396	"1"
"官方"	2	0	10	0	1.547	2.625	1.093	6.735	0.328	-1.286	8.662	-4.294	14.57	"3"
"定单"	0	0	0	1	0.129	0.219	0.091	0.561	-0.06	-0.107	-0.041	0.251	0.459	"4"
"实际"	0	2	0	5	0.903	1.531	0.637	3.929	-0.42	0.324	-0.29	0.47	1.504	"4"
"宠爱"	0	0	0	1	0.129	0.219	0.091	0.561	-0.06	-0.107	-0.041	0.251	0.459	"4"
"客户"	0	0	0	1	0.129	0.219	0.091	0.561	-0.06	-0.107	-0.041	0.251	0.459	"4"
"客运量"	1	0	0	0	0.129	0.219	0.091	0.561	0.89	-0.107	-0.041	-0.358	1.396	"1"
"宣誓"	0	0	0	1	0.129	0.219	0.091	0.561	-0.06	-0.107	-0.041	0.251	0.459	"4"
"家"	0	0	0	2	0.258	0.437	0.182	1.123	-0.12	-0.214	-0.083	0.502	0.919	"4"
"家属"	0	0	0	1	0.129	0.219	0.091	0.561	-0.06	-0.107	-0.041	0.251	0.459	"4"
"密封"	0	0	0	1	0.129	0.219	0.091	0.561	-0.06	-0.107	-0.041	0.251	0.459	"4"
"对外"	1	0	1	0	0.258	0.437	0.182	1.123	0.618	-0.214	0.76	-0.716	2.308	"3"
"导弹"	0	1	0	0	0.129	0.219	0.091	0.561	-0.06	0.66	-0.041	-0.358	1.119	"2"
"导致"	0	1	0	0	0.129	0.219	0.091	0.561	-0.06	0.66	-0.041	-0.358	1.119	"2"
"射杀"	0	0	0	1	0.129	0.219	0.091	0.561	-0.06	-0.107	-0.041	0.251	0.459	"4"
"小"	0	0	0	5	0.645	1.094	0.455	2.806	-0.3	-0.536	-0.207	1.254	2.297	"4"
"小册子"	0	0	0	1	0.129	0.219	0.091	0.561	-0.06	-0.107	-0.041	0.251	0.459	"4"
"小区"	0	0	0	1	0.129	0.219	0.091	0.561	-0.06	-0.107	-0.041	0.251	0.459	"4"
"小型"	0	1	0	0	0.129	0.219	0.091	0.561	-0.06	0.66	-0.041	-0.358	1.119	"2"
"小布什"	0	0	1	0	0.129	0.219	0.091	0.561	-0.06	-0.107	1.041	-0.358	1.566	"3"
"小行星"	0	1	0	0	0.129	0.219	0.091	0.561	-0.06	0.66	-0.041	-0.358	1.119	"2"
"少"	0	5	0	1	0.774	1.312	0.546	3.368	-0.36	2.61	-0.249	-1.209	4.428	"2"
"少于"	0	1	1	0	0.258	0.437	0.182	1.123	-0.12	0.409	0.76	-0.716	2.005	"3"
"尚"	0	0	0	4	0.516	0.875	0.364	2.245	-0.24	-0.429	-0.166	1.003	1.838	"4"
"尚未"	0	0	0	1	0.129	0.219	0.091	0.561	-0.06	-0.107	-0.041	0.251	0.459	"4"
"就业"	0	0	0	1	0.129	0.219	0.091	0.561	-0.06	-0.107	-0.041	0.251	0.459	"4"
"就职"	0	0	0	1	0.129	0.219	0.091	0.561	-0.06	-0.107	-0.041	0.251	0.459	"4"
"局"	1	0	0	0	0.129	0.219	0.091	0.561	0.89	-0.107	-0.041	-0.358	1.396	"1"
"居"	0	0	0	2	0.258	0.437	0.182	1.123	-0.12	-0.214	-0.083	0.502	0.919	"4"
"山西省"	1	0	0	0	0.129	0.219	0.091	0.561	0.89	-0.107	-0.041	-0.358	1.396	"1"
"岗位"	0	0	0	2	0.258	0.437	0.182	1.123	-0.12	-0.214	-0.083	0.502	0.919	"4"
"巡回"	0	1	0	0	0.129	0.219	0.091	0.561	-0.06	0.66	-0.041	-0.358	1.119	"2"
"工具"	0	0	0	1	0.129	0.219	0.091	0.561	-0.06	-0.107	-0.041	0.251	0.459	"4"
"工部"	0	0	1	0	0.129	0.219	0.091	0.561	-0.06	-0.107	1.041	-0.358	1.566	"3"
"巨大"	0	1	0	7	1.031	1.75	0.729	4.49	-0.48	-0.347	-0.332	1.146	2.305	"4"
"差别"	0	0	0	1	0.129	0.219	0.091	0.561	-0.06	-0.107	-0.041	0.251	0.459	"4"
"差距"	0	0	0	1	0.129	0.219	0.091	0.561	-0.06	-0.107	-0.041	0.251	0.459	"4"
"差额"	0	0	0	1	0.129	0.219	0.091	0.561	-0.06	-0.107	-0.041	0.251	0.459	"4"
"已婚"	0	0	0	1	0.129	0.219	0.091	0.561	-0.06	-0.107	-0.041	0.251	0.459	"4"
"布"	1	0	1	1	0.387	0.656	0.273	1.684	0.47	-0.322	0.604	-0.389	1.785	"3"
"师"	0	0	0	1	0.129	0.219	0.091	0.561	-0.06	-0.107	-0.041	0.251	0.459	"4"
"帐户"	0	0	0	1	0.129	0.219	0.091	0.561	-0.06	-0.107	-0.041	0.251	0.459	"4"
"年少"	0	1	0	0	0.129	0.219	0.091	0.561	-0.06	0.66	-0.041	-0.358	1.119	"2"
"年度"	0	1	0	1	0.258	0.437	0.182	1.123	-0.12	0.409	-0.083	-0.164	0.776	"2"
"年报"	0	0	0	1	0.129	0.219	0.091	0.561	-0.06	-0.107	-0.041	0.251	0.459	"4"
"年长"	0	0	0	1	0.129	0.219	0.091	0.561	-0.06	-0.107	-0.041	0.251	0.459	"4"
"幸好"	0	0	0	1	0.129	0.219	0.091	0.561	-0.06	-0.107	-0.041	0.251	0.459	"4"
"广"	0	0	0	1	0.129	0.219	0.091	0.561	-0.06	-0.107	-0.041	0.251	0.459	"4"
"广告费"	0	0	1	0	0.129	0.219	0.091	0.561	-0.06	-0.107	1.041	-0.358	1.566	"3"
"广播"	0	0	0	2	0.258	0.437	0.182	1.123	-0.12	-0.214	-0.083	0.502	0.919	"4"
"库藏股"	0	0	0	3	0.387	0.656	0.273	1.684	-0.18	-0.322	-0.124	0.752	1.378	"4"
"应"	0	0	0	3	0.387	0.656	0.273	1.684	-0.18	-0.322	-0.124	0.752	1.378	"4"
"应该"	0	0	0	1	0.129	0.219	0.091	0.561	-0.06	-0.107	-0.041	0.251	0.459	"4"
"底"	1	1	2	0	0.516	0.875	0.364	2.245	0.372	0.202	1.357	-1.431	3.362	"4"
"底片"	0	0	0	1	0.129	0.219	0.091	0.561	-0.06	-0.107	-0.041	0.251	0.459	"4"
"庞"	0	0	0	1	0.129	0.219	0.091	0.561	-0.06	-0.107	-0.041	0.251	0.459	"4"
"庞大"	0	0	0	2	0.258	0.437	0.182	1.123	-0.12	-0.214	-0.083	0.502	0.919	"4"
"庭"	0	2	0	0	0.258	0.437	0.182	1.123	-0.12	1.32	-0.083	-0.716	2.239	"2"
"建局"	0	0	1	0	0.129	0.219	0.091	0.561	-0.06	-0.107	1.041	-0.358	1.566	"3"
"建屋局"	0	0	0	1	0.129	0.219	0.091	0.561	-0.06	-0.107	-0.041	0.251	0.459	"4"
"建成"	0	0	0	2	0.258	0.437	0.182	1.123	-0.12	-0.214	-0.083	0.502	0.919	"4"
"建物"	0	0	0	1	0.129	0.219	0.091	0.561	-0.06	-0.107	-0.041	0.251	0.459	"4"
"建设"	0	0	0	4	0.516	0.875	0.364	2.245	-0.24	-0.429	-0.166	1.003	1.838	"4"
"开支"	0	0	0	1	0.129	0.219	0.091	0.561	-0.06	-0.107	-0.041	0.251	0.459	"4"
"开票"	0	0	1	0	0.129	0.219	0.091	0.561	-0.06	-0.107	1.041	-0.358	1.566	"3"
"引据"	1	0	0	0	0.129	0.219	0.091	0.561	0.89	-0.107	-0.041	-0.358	1.396	"1"
"张预"	0	1	0	0	0.129	0.219	0.091	0.561	-0.06	0.66	-0.041	-0.358	1.119	"2"
"当局"	0	0	0	1	0.129	0.219	0.091	0.561	-0.06	-0.107	-0.041	0.251	0.459	"4"
"当年"	0	0	0	1	0.129	0.219	0.091	0.561	-0.06	-0.107	-0.041	0.251	0.459	"4"
"彩电"	0	0	0	1	0.129	0.219	0.091	0.561	-0.06	-0.107	-0.041	0.251	0.459	"4"
"彩陶"	0	0	0	1	0.129	0.219	0.091	0.561	-0.06	-0.107	-0.041	0.251	0.459	"4"
"往年"	0	1	0	0	0.129	0.219	0.091	0.561	-0.06	0.66	-0.041	-0.358	1.119	"2"
"很多"	0	3	0	1	0.516	0.875	0.364	2.245	-0.24	1.456	-0.166	-0.645	2.507	"2"
"很少"	0	1	0	0	0.129	0.219	0.091	0.561	-0.06	0.66	-0.041	-0.358	1.119	"2"
"徒弟"	0	0	0	1	0.129	0.219	0.091	0.561	-0.06	-0.107	-0.041	0.251	0.459	"4"
"得多"	0	0	0	1	0.129	0.219	0.091	0.561	-0.06	-0.107	-0.041	0.251	0.459	"4"
"得牌"	0	0	0	1	0.129	0.219	0.091	0.561	-0.06	-0.107	-0.041	0.251	0.459	"4"
"微生物"	0	0	0	1	0.129	0.219	0.091	0.561	-0.06	-0.107	-0.041	0.251	0.459	"4"
"微量"	0	0	0	1	0.129	0.219	0.091	0.561	-0.06	-0.107	-0.041	0.251	0.459	"4"
"快"	0	1	0	0	0.129	0.219	0.091	0.561	-0.06	0.66	-0.041	-0.358	1.119	"2"
"怎么"	0	0	0	2	0.258	0.437	0.182	1.123	-0.12	-0.214	-0.083	0.502	0.919	"4"
"性能"	0	1	0	0	0.129	0.219	0.091	0.561	-0.06	0.66	-0.041	-0.358	1.119	"2"
"总"	0	3	0	0	0.387	0.656	0.273	1.684	-0.18	1.98	-0.124	-1.073	3.357	"2"
"总人口"	0	0	1	0	0.129	0.219	0.091	0.561	-0.06	-0.107	1.041	-0.358	1.566	"3"
"总值"	0	1	0	1	0.258	0.437	0.182	1.123	-0.12	0.409	-0.083	-0.164	0.776	"2"
"总和"	0	0	0	1	0.129	0.219	0.091	0.561	-0.06	-0.107	-0.041	0.251	0.459	"4"
"总数"	0	2	0	0	0.258	0.437	0.182	1.123	-0.12	1.32	-0.083	-0.716	2.239	"2"
"总量"	0	0	0	1	0.129	0.219	0.091	0.561	-0.06	-0.107	-0.041	0.251	0.459	"4"
"恼"	0	0	0	1	0.129	0.219	0.091	0.561	-0.06	-0.107	-0.041	0.251	0.459	"4"
"患"	0	1	0	0	0.129	0.219	0.091	0.561	-0.06	0.66	-0.041	-0.358	1.119	"2"
"患者"	3	0	0	1	0.516	0.875	0.364	2.245	2.111	-0.429	-0.166	-0.645	3.351	"1"
"悬"	0	0	0	1	0.129	0.219	0.091	0.561	-0.06	-0.107	-0.041	0.251	0.459	"4"
"情节"	0	0	0	2	0.258	0.437	0.182	1.123	-0.12	-0.214	-0.083	0.502	0.919	"4"
"惊人"	0	0	0	1	0.129	0.219	0.091	0.561	-0.06	-0.107	-0.041	0.251	0.459	"4"
"惊叹"	0	0	0	1	0.129	0.219	0.091	0.561	-0.06	-0.107	-0.041	0.251	0.459	"4"
"惊讶"	0	0	0	1	0.129	0.219	0.091	0.561	-0.06	-0.107	-0.041	0.251	0.459	"4"
"惠金波"	0	0	0	1	0.129	0.219	0.091	0.561	-0.06	-0.107	-0.041	0.251	0.459	"4"
"惩处"	0	0	0	1	0.129	0.219	0.091	0.561	-0.06	-0.107	-0.041	0.251	0.459	"4"
"想像"	1	0	0	0	0.129	0.219	0.091	0.561	0.89	-0.107	-0.041	-0.358	1.396	"1"
"愈来愈"	0	0	0	1	0.129	0.219	0.091	0.561	-0.06	-0.107	-0.041	0.251	0.459	"4"
"感冒"	0	0	0	1	0.129	0.219	0.091	0.561	-0.06	-0.107	-0.041	0.251	0.459	"4"
"感染"	0	0	0	2	0.258	0.437	0.182	1.123	-0.12	-0.214	-0.083	0.502	0.919	"4"
"慎重"	0	0	0	1	0.129	0.219	0.091	0.561	-0.06	-0.107	-0.041	0.251	0.459	"4"
"成蚊"	0	2	0	0	0.258	0.437	0.182	1.123	-0.12	1.32	-0.083	-0.716	2.239	"2"
"成长"	0	0	0	1	0.129	0.219	0.091	0.561	-0.06	-0.107	-0.041	0.251	0.459	"4"
"成长到"	0	0	0	1	0.129	0.219	0.091	0.561	-0.06	-0.107	-0.041	0.251	0.459	"4"
"战机"	0	1	0	0	0.129	0.219	0.091	0.561	-0.06	0.66	-0.041	-0.358	1.119	"2"
"截止"	1	0	0	0	0.129	0.219	0.091	0.561	0.89	-0.107	-0.041	-0.358	1.396	"1"
"截至"	0	0	3	0	0.387	0.656	0.273	1.684	-0.18	-0.322	3.122	-1.073	4.697	"3"
"房地产"	0	0	0	1	0.129	0.219	0.091	0.561	-0.06	-0.107	-0.041	0.251	0.459	"4"
"所"	0	2	0	3	0.645	1.094	0.455	2.806	-0.3	0.521	-0.207	0.212	1.24	"2"
"所得"	0	0	0	2	0.258	0.437	0.182	1.123	-0.12	-0.214	-0.083	0.502	0.919	"4"
"手机"	0	2	0	0	0.258	0.437	0.182	1.123	-0.12	1.32	-0.083	-0.716	2.239	"2"
"托儿所"	0	0	0	1	0.129	0.219	0.091	0.561	-0.06	-0.107	-0.041	0.251	0.459	"4"
"执委会"	0	1	0	0	0.129	0.219	0.091	0.561	-0.06	0.66	-0.041	-0.358	1.119	"2"
"扩大"	0	0	0	1	0.129	0.219	0.091	0.561	-0.06	-0.107	-0.041	0.251	0.459	"4"
"扩张"	0	1	0	0	0.129	0.219	0.091	0.561	-0.06	0.66	-0.041	-0.358	1.119	"2"
"批"	0	1	0	0	0.129	0.219	0.091	0.561	-0.06	0.66	-0.041	-0.358	1.119	"2"
"批发商"	0	1	0	0	0.129	0.219	0.091	0.561	-0.06	0.66	-0.041	-0.358	1.119	"2"
"承销"	0	0	0	1	0.129	0.219	0.091	0.561	-0.06	-0.107	-0.041	0.251	0.459	"4"
"技术"	0	0	0	5	0.645	1.094	0.455	2.806	-0.3	-0.536	-0.207	1.254	2.297	"4"
"技术性"	0	1	0	0	0.129	0.219	0.091	0.561	-0.06	0.66	-0.041	-0.358	1.119	"2"
"投资"	0	0	0	1	0.129	0.219	0.091	0.561	-0.06	-0.107	-0.041	0.251	0.459	"4"
"折"	0	0	0	1	0.129	0.219	0.091	0.561	-0.06	-0.107	-0.041	0.251	0.459	"4"
"抢先"	0	0	1	0	0.129	0.219	0.091	0.561	-0.06	-0.107	1.041	-0.358	1.566	"3"
"抢劫"	0	0	0	2	0.258	0.437	0.182	1.123	-0.12	-0.214	-0.083	0.502	0.919	"4"
"报销"	0	0	0	2	0.258	0.437	0.182	1.123	-0.12	-0.214	-0.083	0.502	0.919	"4"
"披露"	0	0	0	1	0.129	0.219	0.091	0.561	-0.06	-0.107	-0.041	0.251	0.459	"4"
"抵押"	0	0	0	1	0.129	0.219	0.091	0.561	-0.06	-0.107	-0.041	0.251	0.459	"4"
"抵销"	0	0	0	1	0.129	0.219	0.091	0.561	-0.06	-0.107	-0.041	0.251	0.459	"4"
"抽取"	0	0	0	1	0.129	0.219	0.091	0.561	-0.06	-0.107	-0.041	0.251	0.459	"4"
"拉抬"	0	1	0	0	0.129	0.219	0.091	0.561	-0.06	0.66	-0.041	-0.358	1.119	"2"
"拖延"	0	1	0	0	0.129	0.219	0.091	0.561	-0.06	0.66	-0.041	-0.358	1.119	"2"
"招用"	0	0	0	1	0.129	0.219	0.091	0.561	-0.06	-0.107	-0.041	0.251	0.459	"4"
"拥有"	0	1	0	2	0.387	0.656	0.273	1.684	-0.18	0.281	-0.124	0.228	0.813	"2"
"拥车证"	0	0	0	1	0.129	0.219	0.091	0.561	-0.06	-0.107	-0.041	0.251	0.459	"4"
"拨出"	0	0	0	1	0.129	0.219	0.091	0.561	-0.06	-0.107	-0.041	0.251	0.459	"4"
"持平"	0	0	0	1	0.129	0.219	0.091	0.561	-0.06	-0.107	-0.041	0.251	0.459	"4"
"持有"	0	1	0	1	0.258	0.437	0.182	1.123	-0.12	0.409	-0.083	-0.164	0.776	"2"
"持续"	0	1	1	0	0.258	0.437	0.182	1.123	-0.12	0.409	0.76	-0.716	2.005	"3"
"持股"	0	0	0	1	0.129	0.219	0.091	0.561	-0.06	-0.107	-0.041	0.251	0.459	"4"
"挂牌"	0	0	1	0	0.129	0.219	0.091	0.561	-0.06	-0.107	1.041	-0.358	1.566	"3"
"指明"	0	0	0	1	0.129	0.219	0.091	0.561	-0.06	-0.107	-0.041	0.251	0.459	"4"
"指标"	1	0	0	0	0.129	0.219	0.091	0.561	0.89	-0.107	-0.041	-0.358	1.396	"1"
"按"	0	0	0	1	0.129	0.219	0.091	0.561	-0.06	-0.107	-0.041	0.251	0.459	"4"
"挖掘"	0	0	0	1	0.129	0.219	0.091	0.561	-0.06	-0.107	-0.041	0.251	0.459	"4"
"捐款"	0	0	0	1	0.129	0.219	0.091	0.561	-0.06	-0.107	-0.041	0.251	0.459	"4"
"捕卵器"	0	0	0	2	0.258	0.437	0.182	1.123	-0.12	-0.214	-0.083	0.502	0.919	"4"
"捕捉"	0	0	0	1	0.129	0.219	0.091	0.561	-0.06	-0.107	-0.041	0.251	0.459	"4"
"损失"	0	0	0	2	0.258	0.437	0.182	1.123	-0.12	-0.214	-0.083	0.502	0.919	"4"
"据"	0	0	0	1	0.129	0.219	0.091	0.561	-0.06	-0.107	-0.041	0.251	0.459	"4"
"掠夺"	0	1	0	0	0.129	0.219	0.091	0.561	-0.06	0.66	-0.041	-0.358	1.119	"2"
"採购"	0	0	0	1	0.129	0.219	0.091	0.561	-0.06	-0.107	-0.041	0.251	0.459	"4"
"接受器"	0	0	1	0	0.129	0.219	0.091	0.561	-0.06	-0.107	1.041	-0.358	1.566	"3"
"接收"	0	0	0	1	0.129	0.219	0.091	0.561	-0.06	-0.107	-0.041	0.251	0.459	"4"
"接收到"	0	1	0	0	0.129	0.219	0.091	0.561	-0.06	0.66	-0.041	-0.358	1.119	"2"
"接近"	0	1	1	1	0.387	0.656	0.273	1.684	-0.18	0.281	0.604	-0.389	1.454	"3"
"控制"	0	1	0	3	0.516	0.875	0.364	2.245	-0.24	0.202	-0.166	0.388	0.996	"4"
"推进国"	0	0	0	1	0.129	0.219	0.091	0.561	-0.06	-0.107	-0.041	0.251	0.459	"4"
"提供"	2	0	1	6	1.16	1.969	0.82	5.051	0.486	-0.965	0.239	0.411	2.101	"2"
"提列"	0	0	0	1	0.129	0.219	0.091	0.561	-0.06	-0.107	-0.041	0.251	0.459	"4"
"提到"	0	0	0	1	0.129	0.219	0.091	0.561	-0.06	-0.107	-0.041	0.251	0.459	"4"
"提及"	0	0	1	0	0.129	0.219	0.091	0.561	-0.06	-0.107	1.041	-0.358	1.566	"3"
"提取"	0	1	0	0	0.129	0.219	0.091	0.561	-0.06	0.66	-0.041	-0.358	1.119	"2"
"提案"	0	1	0	0	0.129	0.219	0.091	0.561	-0.06	0.66	-0.041	-0.358	1.119	"2"
"援助"	0	0	0	1	0.129	0.219	0.091	0.561	-0.06	-0.107	-0.041	0.251	0.459	"4"
"支付"	0	0	0	1	0.129	0.219	0.091	0.561	-0.06	-0.107	-0.041	0.251	0.459	"4"
"收入"	0	0	0	2	0.258	0.437	0.182	1.123	-0.12	-0.214	-0.083	0.502	0.919	"4"
"收受"	0	0	0	2	0.258	0.437	0.182	1.123	-0.12	-0.214	-0.083	0.502	0.919	"4"
"收购"	0	1	0	0	0.129	0.219	0.091	0.561	-0.06	0.66	-0.041	-0.358	1.119	"2"
"放射性"	0	0	0	1	0.129	0.219	0.091	0.561	-0.06	-0.107	-0.041	0.251	0.459	"4"
"政务"	0	0	0	1	0.129	0.219	0.091	0.561	-0.06	-0.107	-0.041	0.251	0.459	"4"
"政府"	0	1	3	1	0.645	1.094	0.455	2.806	-0.3	-0.156	2.183	-0.92	3.559	"3"
"效益"	0	1	0	0	0.129	0.219	0.091	0.561	-0.06	0.66	-0.041	-0.358	1.119	"2"
"救援"	0	0	1	0	0.129	0.219	0.091	0.561	-0.06	-0.107	1.041	-0.358	1.566	"3"
"数字"	2	3	0	16	2.708	4.593	1.912	11.787	-0.319	-0.531	-0.871	1.315	3.036	"4"
"数学"	0	0	0	1	0.129	0.219	0.091	0.561	-0.06	-0.107	-0.041	0.251	0.459	"4"
"数据"	2	0	0	1	0.387	0.656	0.273	1.684	1.341	-0.322	-0.124	-0.389	2.176	"1"
"数目"	0	2	1	3	0.774	1.312	0.546	3.368	-0.36	0.408	0.36	-0.271	1.399	"2"
"数量"	0	4	0	0	0.516	0.875	0.364	2.245	-0.24	2.64	-0.166	-1.431	4.477	"2"
"数额"	0	0	0	2	0.258	0.437	0.182	1.123	-0.12	-0.214	-0.083	0.502	0.919	"4"
"整"	0	1	0	1	0.258	0.437	0.182	1.123	-0.12	0.409	-0.083	-0.164	0.776	"2"
"整体"	0	2	1	1	0.516	0.875	0.364	2.245	-0.24	0.677	0.498	-0.645	2.06	"2"
"整理出来"	1	0	0	0	0.129	0.219	0.091	0.561	0.89	-0.107	-0.041	-0.358	1.396	"1"
"文告"	0	0	0	1	0.129	0.219	0.091	0.561	-0.06	-0.107	-0.041	0.251	0.459	"4"
"文物"	0	1	0	2	0.387	0.656	0.273	1.684	-0.18	0.281	-0.124	0.228	0.813	"2"
"斟酌"	0	0	0	1	0.129	0.219	0.091	0.561	-0.06	-0.107	-0.041	0.251	0.459	"4"
"新"	8	0	5	8	2.708	4.593	1.912	11.787	2.488	-2.251	1.432	-1.127	7.298	"1"
"新创"	0	0	0	1	0.129	0.219	0.091	0.561	-0.06	-0.107	-0.041	0.251	0.459	"4"
"新华社河"	0	1	0	0	0.129	0.219	0.091	0.561	-0.06	0.66	-0.041	-0.358	1.119	"2"
"新增"	0	1	0	3	0.516	0.875	0.364	2.245	-0.24	0.202	-0.166	0.388	0.996	"4"
"新版"	0	1	0	0	0.129	0.219	0.091	0.561	-0.06	0.66	-0.041	-0.358	1.119	"2"
"新高"	2	1	0	1	0.516	0.875	0.364	2.245	1.079	0.202	-0.166	-0.645	2.092	"1"
"旅客"	0	1	0	0	0.129	0.219	0.091	0.561	-0.06	0.66	-0.041	-0.358	1.119	"2"
"无动于衷"	0	0	0	1	0.129	0.219	0.091	0.561	-0.06	-0.107	-0.041	0.251	0.459	"4"
"无纸化"	0	0	0	1	0.129	0.219	0.091	0.561	-0.06	-0.107	-0.041	0.251	0.459	"4"
"无线"	0	0	0	1	0.129	0.219	0.091	0.561	-0.06	-0.107	-0.041	0.251	0.459	"4"
"日前"	0	0	2	0	0.258	0.437	0.182	1.123	-0.12	-0.214	2.081	-0.716	3.131	"3"
"日增"	0	0	0	1	0.129	0.219	0.091	0.561	-0.06	-0.107	-0.041	0.251	0.459	"4"
"日币"	0	0	0	1	0.129	0.219	0.091	0.561	-0.06	-0.107	-0.041	0.251	0.459	"4"
"日益"	0	0	0	1	0.129	0.219	0.091	0.561	-0.06	-0.107	-0.041	0.251	0.459	"4"
"旧债"	0	0	0	1	0.129	0.219	0.091	0.561	-0.06	-0.107	-0.041	0.251	0.459	"4"
"早"	0	0	1	0	0.129	0.219	0.091	0.561	-0.06	-0.107	1.041	-0.358	1.566	"3"
"旱情"	1	0	0	0	0.129	0.219	0.091	0.561	0.89	-0.107	-0.041	-0.358	1.396	"1"
"时代"	0	0	0	3	0.387	0.656	0.273	1.684	-0.18	-0.322	-0.124	0.752	1.378	"4"
"明显"	0	2	0	0	0.258	0.437	0.182	1.123	-0.12	1.32	-0.083	-0.716	2.239	"2"
"显示"	29	0	1	0	3.868	6.562	2.732	16.838	24.38	-3.216	-0.641	-10.734	38.971	"1"
"显示出"	0	0	0	1	0.129	0.219	0.091	0.561	-0.06	-0.107	-0.041	0.251	0.459	"4"
"显著"	0	0	0	1	0.129	0.219	0.091	0.561	-0.06	-0.107	-0.041	0.251	0.459	"4"
"普"	0	0	0	1	0.129	0.219	0.091	0.561	-0.06	-0.107	-0.041	0.251	0.459	"4"
"普查"	1	0	0	0	0.129	0.219	0.091	0.561	0.89	-0.107	-0.041	-0.358	1.396	"1"
"替代"	0	0	0	1	0.129	0.219	0.091	0.561	-0.06	-0.107	-0.041	0.251	0.459	"4"
"最"	7	0	5	5	2.192	3.718	1.548	9.542	2.453	-1.822	1.817	-1.617	7.709	"1"
"最多"	0	0	0	3	0.387	0.656	0.273	1.684	-0.18	-0.322	-0.124	0.752	1.378	"4"
"最多时"	0	0	0	1	0.129	0.219	0.091	0.561	-0.06	-0.107	-0.041	0.251	0.459	"4"
"最好"	0	0	0	1	0.129	0.219	0.091	0.561	-0.06	-0.107	-0.041	0.251	0.459	"4"
"最少"	0	0	0	1	0.129	0.219	0.091	0.561	-0.06	-0.107	-0.041	0.251	0.459	"4"
"最终"	0	0	0	1	0.129	0.219	0.091	0.561	-0.06	-0.107	-0.041	0.251	0.459	"4"
"月份"	1	3	0	1	0.645	1.094	0.455	2.806	0.302	1.135	-0.207	-0.92	2.564	"2"
"有价证券"	0	0	0	1	0.129	0.219	0.091	0.561	-0.06	-0.107	-0.041	0.251	0.459	"4"
"有关"	2	0	0	0	0.258	0.437	0.182	1.123	1.779	-0.214	-0.083	-0.716	2.792	"1"
"有增无减"	0	1	0	0	0.129	0.219	0.091	0.561	-0.06	0.66	-0.041	-0.358	1.119	"2"
"有所"	2	5	0	0	0.903	1.531	0.637	3.929	0.647	2.152	-0.29	-2.505	5.594	"4"
"有限"	0	0	0	2	0.258	0.437	0.182	1.123	-0.12	-0.214	-0.083	0.502	0.919	"4"
"期望"	0	0	0	1	0.129	0.219	0.091	0.561	-0.06	-0.107	-0.041	0.251	0.459	"4"
"未婚"	1	0	0	1	0.258	0.437	0.182	1.123	0.618	-0.214	-0.083	-0.164	1.079	"1"
"未来股"	0	0	0	1	0.129	0.219	0.091	0.561	-0.06	-0.107	-0.041	0.251	0.459	"4"
"本家"	0	1	0	0	0.129	0.219	0.091	0.561	-0.06	0.66	-0.041	-0.358	1.119	"2"
"本期"	0	0	0	1	0.129	0.219	0.091	0.561	-0.06	-0.107	-0.041	0.251	0.459	"4"
"本票"	0	1	0	0	0.129	0.219	0.091	0.561	-0.06	0.66	-0.041	-0.358	1.119	"2"
"朱立伦"	0	0	0	1	0.129	0.219	0.091	0.561	-0.06	-0.107	-0.041	0.251	0.459	"4"
"来函"	0	0	0	1	0.129	0.219	0.091	0.561	-0.06	-0.107	-0.041	0.251	0.459	"4"
"板"	0	0	0	1	0.129	0.219	0.091	0.561	-0.06	-0.107	-0.041	0.251	0.459	"4"
"极为"	0	0	0	1	0.129	0.219	0.091	0.561	-0.06	-0.107	-0.041	0.251	0.459	"4"
"构成"	0	0	0	2	0.258	0.437	0.182	1.123	-0.12	-0.214	-0.083	0.502	0.919	"4"
"林七金"	0	0	0	1	0.129	0.219	0.091	0.561	-0.06	-0.107	-0.041	0.251	0.459	"4"
"林周县"	0	0	0	1	0.129	0.219	0.091	0.561	-0.06	-0.107	-0.041	0.251	0.459	"4"
"枪支"	0	0	0	3	0.387	0.656	0.273	1.684	-0.18	-0.322	-0.124	0.752	1.378	"4"
"枯燥"	1	0	0	0	0.129	0.219	0.091	0.561	0.89	-0.107	-0.041	-0.358	1.396	"1"
"染色体"	0	0	0	1	0.129	0.219	0.091	0.561	-0.06	-0.107	-0.041	0.251	0.459	"4"
"查扣"	0	0	0	1	0.129	0.219	0.091	0.561	-0.06	-0.107	-0.041	0.251	0.459	"4"
"栖息地"	0	0	0	1	0.129	0.219	0.091	0.561	-0.06	-0.107	-0.041	0.251	0.459	"4"
"核武器"	0	0	0	2	0.258	0.437	0.182	1.123	-0.12	-0.214	-0.083	0.502	0.919	"4"
"根据"	7	0	14	3	3.094	5.249	2.186	13.471	1.555	-2.573	8.662	-4.913	17.703	"3"
"格"	0	1	0	0	0.129	0.219	0.091	0.561	-0.06	0.66	-0.041	-0.358	1.119	"2"
"格拉索"	0	0	0	1	0.129	0.219	0.091	0.561	-0.06	-0.107	-0.041	0.251	0.459	"4"
"桶"	0	0	0	1	0.129	0.219	0.091	0.561	-0.06	-0.107	-0.041	0.251	0.459	"4"
"概"	0	0	0	1	0.129	0.219	0.091	0.561	-0.06	-0.107	-0.041	0.251	0.459	"4"
"模拟"	0	0	0	1	0.129	0.219	0.091	0.561	-0.06	-0.107	-0.041	0.251	0.459	"4"
"欠"	0	1	0	0	0.129	0.219	0.091	0.561	-0.06	0.66	-0.041	-0.358	1.119	"2"
"正确"	0	0	0	1	0.129	0.219	0.091	0.561	-0.06	-0.107	-0.041	0.251	0.459	"4"
"武器"	0	0	0	3	0.387	0.656	0.273	1.684	-0.18	-0.322	-0.124	0.752	1.378	"4"
"死亡"	1	0	0	4	0.645	1.094	0.455	2.806	0.302	-0.536	-0.207	0.563	1.608	"4"
"死亡人"	0	0	0	1	0.129	0.219	0.091	0.561	-0.06	-0.107	-0.041	0.251	0.459	"4"
"殊"	0	0	0	1	0.129	0.219	0.091	0.561	-0.06	-0.107	-0.041	0.251	0.459	"4"
"殒命"	0	0	0	1	0.129	0.219	0.091	0.561	-0.06	-0.107	-0.041	0.251	0.459	"4"
"毒品"	0	0	0	3	0.387	0.656	0.273	1.684	-0.18	-0.322	-0.124	0.752	1.378	"4"
"比"	4	14	3	4	3.223	5.468	2.277	14.032	0.392	3.676	0.397	-4.352	8.817	"4"
"比例"	0	0	0	2	0.258	0.437	0.182	1.123	-0.12	-0.214	-0.083	0.502	0.919	"4"
"比如"	0	0	0	2	0.258	0.437	0.182	1.123	-0.12	-0.214	-0.083	0.502	0.919	"4"
"比较"	1	0	0	2	0.387	0.656	0.273	1.684	0.47	-0.322	-0.124	0.228	1.144	"1"
"比重"	0	0	0	1	0.129	0.219	0.091	0.561	-0.06	-0.107	-0.041	0.251	0.459	"4"
"民族自治"	0	0	1	0	0.129	0.219	0.091	0.561	-0.06	-0.107	1.041	-0.358	1.566	"3"
"民调"	1	0	0	0	0.129	0.219	0.091	0.561	0.89	-0.107	-0.041	-0.358	1.396	"1"
"水域"	0	0	0	1	0.129	0.219	0.091	0.561	-0.06	-0.107	-0.041	0.251	0.459	"4"
"水星"	0	0	0	1	0.129	0.219	0.091	0.561	-0.06	-0.107	-0.041	0.251	0.459	"4"
"汉字"	0	0	1	0	0.129	0.219	0.091	0.561	-0.06	-0.107	1.041	-0.358	1.566	"3"
"汽车"	0	7	0	1	1.031	1.75	0.729	4.49	-0.48	3.81	-0.332	-1.812	6.434	"2"
"河南省"	0	0	0	1	0.129	0.219	0.091	0.561	-0.06	-0.107	-0.041	0.251	0.459	"4"
"治安"	0	0	0	1	0.129	0.219	0.091	0.561	-0.06	-0.107	-0.041	0.251	0.459	"4"
"泄漏"	0	0	0	1	0.129	0.219	0.091	0.561	-0.06	-0.107	-0.041	0.251	0.459	"4"
"泉州"	0	0	0	2	0.258	0.437	0.182	1.123	-0.12	-0.214	-0.083	0.502	0.919	"4"
"法庭"	0	0	0	1	0.129	0.219	0.091	0.561	-0.06	-0.107	-0.041	0.251	0.459	"4"
"洋葱"	0	1	0	0	0.129	0.219	0.091	0.561	-0.06	0.66	-0.041	-0.358	1.119	"2"
"津贴"	0	1	1	0	0.258	0.437	0.182	1.123	-0.12	0.409	0.76	-0.716	2.005	"3"
"派遣"	0	2	0	0	0.258	0.437	0.182	1.123	-0.12	1.32	-0.083	-0.716	2.239	"2"
"流出"	0	0	0	1	0.129	0.219	0.091	0.561	-0.06	-0.107	-0.041	0.251	0.459	"4"
"流星"	0	0	0	1	0.129	0.219	0.091	0.561	-0.06	-0.107	-0.041	0.251	0.459	"4"
"流浪"	0	0	0	1	0.129	0.219	0.091	0.561	-0.06	-0.107	-0.041	0.251	0.459	"4"
"浓度"	0	0	0	1	0.129	0.219	0.091	0.561	-0.06	-0.107	-0.041	0.251	0.459	"4"
"浪费"	0	0	0	1	0.129	0.219	0.091	0.561	-0.06	-0.107	-0.041	0.251	0.459	"4"
"海关"	0	0	0	1	0.129	0.219	0.091	0.561	-0.06	-0.107	-0.041	0.251	0.459	"4"
"海地区"	0	0	0	1	0.129	0.219	0.091	0.561	-0.06	-0.107	-0.041	0.251	0.459	"4"
"海洛因"	0	0	0	1	0.129	0.219	0.091	0.561	-0.06	-0.107	-0.041	0.251	0.459	"4"
"海鸥"	0	0	0	2	0.258	0.437	0.182	1.123	-0.12	-0.214	-0.083	0.502	0.919	"4"
"消费"	0	0	0	1	0.129	0.219	0.091	0.561	-0.06	-0.107	-0.041	0.251	0.459	"4"
"清晰"	0	0	0	1	0.129	0.219	0.091	0.561	-0.06	-0.107	-0.041	0.251	0.459	"4"
"清点"	0	0	0	2	0.258	0.437	0.182	1.123	-0.12	-0.214	-0.083	0.502	0.919	"4"
"清盘"	0	1	0	0	0.129	0.219	0.091	0.561	-0.06	0.66	-0.041	-0.358	1.119	"2"
"港元"	1	2	0	0	0.387	0.656	0.273	1.684	0.47	0.912	-0.124	-1.073	2.579	"4"
"游客"	0	1	0	1	0.258	0.437	0.182	1.123	-0.12	0.409	-0.083	-0.164	0.776	"2"
"源光亚明"	0	0	0	1	0.129	0.219	0.091	0.561	-0.06	-0.107	-0.041	0.251	0.459	"4"
"滑落"	0	0	1	0	0.129	0.219	0.091	0.561	-0.06	-0.107	1.041	-0.358	1.566	"3"
"潘同庆"	0	0	0	2	0.258	0.437	0.182	1.123	-0.12	-0.214	-0.083	0.502	0.919	"4"
"激增"	0	0	0	1	0.129	0.219	0.091	0.561	-0.06	-0.107	-0.041	0.251	0.459	"4"
"濒临"	0	0	0	1	0.129	0.219	0.091	0.561	-0.06	-0.107	-0.041	0.251	0.459	"4"
"火烈鸟"	0	0	0	2	0.258	0.437	0.182	1.123	-0.12	-0.214	-0.083	0.502	0.919	"4"
"点中"	0	0	0	1	0.129	0.219	0.091	0.561	-0.06	-0.107	-0.041	0.251	0.459	"4"
"烟花厂"	0	0	0	1	0.129	0.219	0.091	0.561	-0.06	-0.107	-0.041	0.251	0.459	"4"
"烧"	0	1	0	0	0.129	0.219	0.091	0.561	-0.06	0.66	-0.041	-0.358	1.119	"2"
"热点"	0	1	0	0	0.129	0.219	0.091	0.561	-0.06	0.66	-0.041	-0.358	1.119	"2"
"熊猫"	0	0	0	2	0.258	0.437	0.182	1.123	-0.12	-0.214	-0.083	0.502	0.919	"4"
"爆发出"	0	0	0	1	0.129	0.219	0.091	0.561	-0.06	-0.107	-0.041	0.251	0.459	"4"
"爱尔兰"	0	0	0	1	0.129	0.219	0.091	0.561	-0.06	-0.107	-0.041	0.251	0.459	"4"
"牌子"	0	0	0	1	0.129	0.219	0.091	0.561	-0.06	-0.107	-0.041	0.251	0.459	"4"
"牛只"	0	0	0	1	0.129	0.219	0.091	0.561	-0.06	-0.107	-0.041	0.251	0.459	"4"
"牟取"	0	0	0	1	0.129	0.219	0.091	0.561	-0.06	-0.107	-0.041	0.251	0.459	"4"
"牠们"	0	0	0	1	0.129	0.219	0.091	0.561	-0.06	-0.107	-0.041	0.251	0.459	"4"
"牧民"	0	1	0	0	0.129	0.219	0.091	0.561	-0.06	0.66	-0.041	-0.358	1.119	"2"
"物业"	1	0	0	0	0.129	0.219	0.091	0.561	0.89	-0.107	-0.041	-0.358	1.396	"1"
"物质"	0	0	0	1	0.129	0.219	0.091	0.561	-0.06	-0.107	-0.041	0.251	0.459	"4"
"物资"	0	1	0	1	0.258	0.437	0.182	1.123	-0.12	0.409	-0.083	-0.164	0.776	"2"
"特别"	0	0	0	6	0.774	1.312	0.546	3.368	-0.36	-0.643	-0.249	1.505	2.757	"4"
"犬"	0	0	0	1	0.129	0.219	0.091	0.561	-0.06	-0.107	-0.041	0.251	0.459	"4"
"犯罪"	0	0	0	2	0.258	0.437	0.182	1.123	-0.12	-0.214	-0.083	0.502	0.919	"4"
"犹太人"	1	0	0	0	0.129	0.219	0.091	0.561	0.89	-0.107	-0.041	-0.358	1.396	"1"
"狗"	0	0	0	1	0.129	0.219	0.091	0.561	-0.06	-0.107	-0.041	0.251	0.459	"4"
"猴子"	0	0	0	2	0.258	0.437	0.182	1.123	-0.12	-0.214	-0.083	0.502	0.919	"4"
"玉米"	0	3	0	0	0.387	0.656	0.273	1.684	-0.18	1.98	-0.124	-1.073	3.357	"2"
"环境局"	1	0	0	0	0.129	0.219	0.091	0.561	0.89	-0.107	-0.041	-0.358	1.396	"1"
"现代馆"	0	0	0	1	0.129	0.219	0.091	0.561	-0.06	-0.107	-0.041	0.251	0.459	"4"
"现时"	0	0	0	1	0.129	0.219	0.091	0.561	-0.06	-0.107	-0.041	0.251	0.459	"4"
"现有"	0	1	0	0	0.129	0.219	0.091	0.561	-0.06	0.66	-0.041	-0.358	1.119	"2"
"珍贵"	0	0	0	1	0.129	0.219	0.091	0.561	-0.06	-0.107	-0.041	0.251	0.459	"4"
"球队"	0	0	0	1	0.129	0.219	0.091	0.561	-0.06	-0.107	-0.041	0.251	0.459	"4"
"甚"	0	0	0	1	0.129	0.219	0.091	0.561	-0.06	-0.107	-0.041	0.251	0.459	"4"
"甚多"	0	0	0	1	0.129	0.219	0.091	0.561	-0.06	-0.107	-0.041	0.251	0.459	"4"
"生活费"	0	0	0	1	0.129	0.219	0.091	0.561	-0.06	-0.107	-0.041	0.251	0.459	"4"
"生病"	0	0	0	1	0.129	0.219	0.091	0.561	-0.06	-0.107	-0.041	0.251	0.459	"4"
"生育"	0	0	0	2	0.258	0.437	0.182	1.123	-0.12	-0.214	-0.083	0.502	0.919	"4"
"用户"	0	1	0	1	0.258	0.437	0.182	1.123	-0.12	0.409	-0.083	-0.164	0.776	"2"
"用户线"	0	0	0	1	0.129	0.219	0.091	0.561	-0.06	-0.107	-0.041	0.251	0.459	"4"
"用量"	0	0	0	1	0.129	0.219	0.091	0.561	-0.06	-0.107	-0.041	0.251	0.459	"4"
"申请人"	0	0	0	1	0.129	0.219	0.091	0.561	-0.06	-0.107	-0.041	0.251	0.459	"4"
"电子邮件"	0	1	0	0	0.129	0.219	0.091	0.561	-0.06	0.66	-0.041	-0.358	1.119	"2"
"电脑"	0	0	0	2	0.258	0.437	0.182	1.123	-0.12	-0.214	-0.083	0.502	0.919	"4"
"电视"	1	0	1	4	0.774	1.312	0.546	3.368	0.249	-0.643	0.36	0.333	1.585	"2"
"电视机"	0	0	1	0	0.129	0.219	0.091	0.561	-0.06	-0.107	1.041	-0.358	1.566	"3"
"疏离"	1	0	0	0	0.129	0.219	0.091	0.561	0.89	-0.107	-0.041	-0.358	1.396	"1"
"疑似"	2	0	0	2	0.516	0.875	0.364	2.245	1.079	-0.429	-0.166	-0.229	1.903	"1"
"疫情"	0	1	1	0	0.258	0.437	0.182	1.123	-0.12	0.409	0.76	-0.716	2.005	"3"
"疫苗"	0	0	0	1	0.129	0.219	0.091	0.561	-0.06	-0.107	-0.041	0.251	0.459	"4"
"疯牛病"	0	0	0	1	0.129	0.219	0.091	0.561	-0.06	-0.107	-0.041	0.251	0.459	"4"
"病例"	1	1	2	6	1.289	2.187	0.911	5.613	-0.205	-0.492	0.639	0.273	1.609	"3"
"病毒"	0	0	0	1	0.129	0.219	0.091	0.561	-0.06	-0.107	-0.041	0.251	0.459	"4"
"病病毒"	0	0	0	1	0.129	0.219	0.091	0.561	-0.06	-0.107	-0.041	0.251	0.459	"4"
"症结"	0	0	0	1	0.129	0.219	0.091	0.561	-0.06	-0.107	-0.041	0.251	0.459	"4"
"痛快"	0	0	0	1	0.129	0.219	0.091	0.561	-0.06	-0.107	-0.041	0.251	0.459	"4"
"登岛"	0	0	0	2	0.258	0.437	0.182	1.123	-0.12	-0.214	-0.083	0.502	0.919	"4"
"登革热"	0	1	0	0	0.129	0.219	0.091	0.561	-0.06	0.66	-0.041	-0.358	1.119	"2"
"白皮书"	0	0	0	1	0.129	0.219	0.091	0.561	-0.06	-0.107	-0.041	0.251	0.459	"4"
"白菜"	0	1	0	0	0.129	0.219	0.091	0.561	-0.06	0.66	-0.041	-0.358	1.119	"2"
"百分之七点二"	0	0	0	2	0.258	0.437	0.182	1.123	-0.12	-0.214	-0.083	0.502	0.919	"4"
"百分之三十"	0	0	0	1	0.129	0.219	0.091	0.561	-0.06	-0.107	-0.041	0.251	0.459	"4"
"百分之二十五"	1	0	0	0	0.129	0.219	0.091	0.561	0.89	-0.107	-0.041	-0.358	1.396	"1"
"百分之六十"	0	0	1	0	0.129	0.219	0.091	0.561	-0.06	-0.107	1.041	-0.358	1.566	"3"
"百分之十一"	1	0	0	0	0.129	0.219	0.091	0.561	0.89	-0.107	-0.041	-0.358	1.396	"1"
"百分之十五"	0	0	1	0	0.129	0.219	0.091	0.561	-0.06	-0.107	1.041	-0.358	1.566	"3"
"百分之四十"	0	0	1	0	0.129	0.219	0.091	0.561	-0.06	-0.107	1.041	-0.358	1.566	"3"
"盈余"	0	0	0	2	0.258	0.437	0.182	1.123	-0.12	-0.214	-0.083	0.502	0.919	"4"
"盈利"	0	0	0	3	0.387	0.656	0.273	1.684	-0.18	-0.322	-0.124	0.752	1.378	"4"
"盗版"	0	1	0	0	0.129	0.219	0.091	0.561	-0.06	0.66	-0.041	-0.358	1.119	"2"
"盛行"	0	0	0	1	0.129	0.219	0.091	0.561	-0.06	-0.107	-0.041	0.251	0.459	"4"
"相"	0	0	0	1	0.129	0.219	0.091	0.561	-0.06	-0.107	-0.041	0.251	0.459	"4"
"相同"	1	0	0	2	0.387	0.656	0.273	1.684	0.47	-0.322	-0.124	0.228	1.144	"1"
"相对"	0	0	0	1	0.129	0.219	0.091	0.561	-0.06	-0.107	-0.041	0.251	0.459	"4"
"相差"	0	1	0	4	0.645	1.094	0.455	2.806	-0.3	-0.156	-0.207	0.563	1.226	"4"
"相当"	0	0	0	3	0.387	0.656	0.273	1.684	-0.18	-0.322	-0.124	0.752	1.378	"4"
"相比"	1	1	0	1	0.387	0.656	0.273	1.684	0.47	0.281	-0.124	-0.389	1.264	"1"
"省区市"	0	0	1	0	0.129	0.219	0.091	0.561	-0.06	-0.107	1.041	-0.358	1.566	"3"
"看"	1	0	0	1	0.258	0.437	0.182	1.123	0.618	-0.214	-0.083	-0.164	1.079	"1"
"真实性"	1	0	0	0	0.129	0.219	0.091	0.561	0.89	-0.107	-0.041	-0.358	1.396	"1"
"真确性"	0	0	0	1	0.129	0.219	0.091	0.561	-0.06	-0.107	-0.041	0.251	0.459	"4"
"知晓"	0	0	0	1	0.129	0.219	0.091	0.561	-0.06	-0.107	-0.041	0.251	0.459	"4"
"知识产权"	0	0	0	3	0.387	0.656	0.273	1.684	-0.18	-0.322	-0.124	0.752	1.378	"4"
"短程"	0	0	0	1	0.129	0.219	0.091	0.561	-0.06	-0.107	-0.041	0.251	0.459	"4"
"石器"	0	0	0	2	0.258	0.437	0.182	1.123	-0.12	-0.214	-0.083	0.502	0.919	"4"
"码"	0	0	0	1	0.129	0.219	0.091	0.561	-0.06	-0.107	-0.041	0.251	0.459	"4"
"研究室"	0	0	0	1	0.129	0.219	0.091	0.561	-0.06	-0.107	-0.041	0.251	0.459	"4"
"破产"	1	4	0	0	0.645	1.094	0.455	2.806	0.302	2.025	-0.207	-1.789	4.323	"2"
"硬币"	0	1	0	0	0.129	0.219	0.091	0.561	-0.06	0.66	-0.041	-0.358	1.119	"2"
"硬邦邦"	0	0	0	1	0.129	0.219	0.091	0.561	-0.06	-0.107	-0.041	0.251	0.459	"4"
"确保"	0	0	0	1	0.129	0.219	0.091	0.561	-0.06	-0.107	-0.041	0.251	0.459	"4"
"确切"	0	0	0	3	0.387	0.656	0.273	1.684	-0.18	-0.322	-0.124	0.752	1.378	"4"
"确实"	1	0	0	0	0.129	0.219	0.091	0.561	0.89	-0.107	-0.041	-0.358	1.396	"1"
"确认"	0	0	0	1	0.129	0.219	0.091	0.561	-0.06	-0.107	-0.041	0.251	0.459	"4"
"禁毒"	0	0	1	0	0.129	0.219	0.091	0.561	-0.06	-0.107	1.041	-0.358	1.566	"3"
"离婚"	0	0	0	2	0.258	0.437	0.182	1.123	-0.12	-0.214	-0.083	0.502	0.919	"4"
"种"	0	0	0	1	0.129	0.219	0.091	0.561	-0.06	-0.107	-0.041	0.251	0.459	"4"
"种类"	0	0	0	1	0.129	0.219	0.091	0.561	-0.06	-0.107	-0.041	0.251	0.459	"4"
"种群"	0	0	0	1	0.129	0.219	0.091	0.561	-0.06	-0.107	-0.041	0.251	0.459	"4"
"科研"	0	1	0	1	0.258	0.437	0.182	1.123	-0.12	0.409	-0.083	-0.164	0.776	"2"
"积累"	1	0	0	0	0.129	0.219	0.091	0.561	0.89	-0.107	-0.041	-0.358	1.396	"1"
"移到"	0	0	0	1	0.129	0.219	0.091	0.561	-0.06	-0.107	-0.041	0.251	0.459	"4"
"移民"	0	0	0	2	0.258	0.437	0.182	1.123	-0.12	-0.214	-0.083	0.502	0.919	"4"
"稳"	0	0	0	1	0.129	0.219	0.091	0.561	-0.06	-0.107	-0.041	0.251	0.459	"4"
"稻谷"	0	1	0	0	0.129	0.219	0.091	0.561	-0.06	0.66	-0.041	-0.358	1.119	"2"
"空难"	0	0	0	2	0.258	0.437	0.182	1.123	-0.12	-0.214	-0.083	0.502	0.919	"4"
"竞标"	0	0	0	1	0.129	0.219	0.091	0.561	-0.06	-0.107	-0.041	0.251	0.459	"4"
"童话"	0	0	0	1	0.129	0.219	0.091	0.561	-0.06	-0.107	-0.041	0.251	0.459	"4"
"笔"	0	0	0	3	0.387	0.656	0.273	1.684	-0.18	-0.322	-0.124	0.752	1.378	"4"
"笔记型"	0	0	0	2	0.258	0.437	0.182	1.123	-0.12	-0.214	-0.083	0.502	0.919	"4"
"符号"	0	0	1	1	0.258	0.437	0.182	1.123	-0.12	-0.214	0.76	-0.164	1.258	"3"
"第二季"	0	1	1	0	0.258	0.437	0.182	1.123	-0.12	0.409	0.76	-0.716	2.005	"3"
"等量"	0	1	0	0	0.129	0.219	0.091	0.561	-0.06	0.66	-0.041	-0.358	1.119	"2"
"算不清"	0	0	0	1	0.129	0.219	0.091	0.561	-0.06	-0.107	-0.041	0.251	0.459	"4"
"算法"	0	1	0	0	0.129	0.219	0.091	0.561	-0.06	0.66	-0.041	-0.358	1.119	"2"
"管理局"	0	0	1	0	0.129	0.219	0.091	0.561	-0.06	-0.107	1.041	-0.358	1.566	"3"
"类型"	0	1	0	0	0.129	0.219	0.091	0.561	-0.06	0.66	-0.041	-0.358	1.119	"2"
"系入户"	0	0	0	1	0.129	0.219	0.091	0.561	-0.06	-0.107	-0.041	0.251	0.459	"4"
"系统"	0	0	0	5	0.645	1.094	0.455	2.806	-0.3	-0.536	-0.207	1.254	2.297	"4"
"素质"	0	0	0	1	0.129	0.219	0.091	0.561	-0.06	-0.107	-0.041	0.251	0.459	"4"
"紧急"	0	0	0	1	0.129	0.219	0.091	0.561	-0.06	-0.107	-0.041	0.251	0.459	"4"
"累计"	0	0	1	1	0.258	0.437	0.182	1.123	-0.12	-0.214	0.76	-0.164	1.258	"3"
"红包"	0	0	0	2	0.258	0.437	0.182	1.123	-0.12	-0.214	-0.083	0.502	0.919	"4"
"红树林"	0	0	0	1	0.129	0.219	0.091	0.561	-0.06	-0.107	-0.041	0.251	0.459	"4"
"约"	0	2	0	1	0.387	0.656	0.273	1.684	-0.18	0.912	-0.124	-0.389	1.605	"2"
"纳入"	0	0	0	1	0.129	0.219	0.091	0.561	-0.06	-0.107	-0.041	0.251	0.459	"4"
"组建"	0	0	0	1	0.129	0.219	0.091	0.561	-0.06	-0.107	-0.041	0.251	0.459	"4"
"细胞"	0	0	0	2	0.258	0.437	0.182	1.123	-0.12	-0.214	-0.083	0.502	0.919	"4"
"终端"	0	0	0	1	0.129	0.219	0.091	0.561	-0.06	-0.107	-0.041	0.251	0.459	"4"
"经济"	1	4	6	5	2.063	3.5	1.457	8.98	-0.432	0.322	2.69	-1.398	4.842	"3"
"结出"	0	0	0	1	0.129	0.219	0.091	0.561	-0.06	-0.107	-0.041	0.251	0.459	"4"
"统删"	0	0	0	1	0.129	0.219	0.091	0.561	-0.06	-0.107	-0.041	0.251	0.459	"4"
"统计"	51	0	0	1	6.705	11.374	4.735	29.186	43.714	-5.574	-2.156	-16.777	68.221	"1"
"统计处"	1	0	1	0	0.258	0.437	0.182	1.123	0.618	-0.214	0.76	-0.716	2.308	"3"
"统计局"	2	0	1	0	0.387	0.656	0.273	1.684	1.341	-0.322	0.604	-1.073	3.34	"1"
"缅"	0	0	1	0	0.129	0.219	0.091	0.561	-0.06	-0.107	1.041	-0.358	1.566	"3"
"缅甸"	0	0	1	0	0.129	0.219	0.091	0.561	-0.06	-0.107	1.041	-0.358	1.566	"3"
"缩小"	0	0	0	1	0.129	0.219	0.091	0.561	-0.06	-0.107	-0.041	0.251	0.459	"4"
"网"	0	0	0	2	0.258	0.437	0.182	1.123	-0.12	-0.214	-0.083	0.502	0.919	"4"
"网络"	0	0	0	6	0.774	1.312	0.546	3.368	-0.36	-0.643	-0.249	1.505	2.757	"4"
"罪"	0	0	0	1	0.129	0.219	0.091	0.561	-0.06	-0.107	-0.041	0.251	0.459	"4"
"罪案"	0	1	0	0	0.129	0.219	0.091	0.561	-0.06	0.66	-0.041	-0.358	1.119	"2"
"罹难者"	0	0	0	1	0.129	0.219	0.091	0.561	-0.06	-0.107	-0.041	0.251	0.459	"4"
"美元"	0	0	0	3	0.387	0.656	0.273	1.684	-0.18	-0.322	-0.124	0.752	1.378	"4"
"美军"	0	1	1	1	0.387	0.656	0.273	1.684	-0.18	0.281	0.604	-0.389	1.454	"3"
"羚羊"	0	0	0	1	0.129	0.219	0.091	0.561	-0.06	-0.107	-0.041	0.251	0.459	"4"
"群"	0	0	0	2	0.258	0.437	0.182	1.123	-0.12	-0.214	-0.083	0.502	0.919	"4"
"老龄化"	1	0	0	0	0.129	0.219	0.091	0.561	0.89	-0.107	-0.041	-0.358	1.396	"1"
"考古"	0	0	0	1	0.129	0.219	0.091	0.561	-0.06	-0.107	-0.041	0.251	0.459	"4"
"考量"	0	0	0	1	0.129	0.219	0.091	0.561	-0.06	-0.107	-0.041	0.251	0.459	"4"
"而且"	0	1	0	1	0.258	0.437	0.182	1.123	-0.12	0.409	-0.083	-0.164	0.776	"2"
"耸人听闻"	1	0	0	0	0.129	0.219	0.091	0.561	0.89	-0.107	-0.041	-0.358	1.396	"1"
"职工"	0	0	0	2	0.258	0.437	0.182	1.123	-0.12	-0.214	-0.083	0.502	0.919	"4"
"联赛"	0	0	0	1	0.129	0.219	0.091	0.561	-0.06	-0.107	-0.041	0.251	0.459	"4"
"肉粽"	0	0	0	1	0.129	0.219	0.091	0.561	-0.06	-0.107	-0.041	0.251	0.459	"4"
"肉鸡"	0	0	0	1	0.129	0.219	0.091	0.561	-0.06	-0.107	-0.041	0.251	0.459	"4"
"股东"	0	0	0	1	0.129	0.219	0.091	0.561	-0.06	-0.107	-0.041	0.251	0.459	"4"
"股份"	0	0	0	2	0.258	0.437	0.182	1.123	-0.12	-0.214	-0.083	0.502	0.919	"4"
"股票"	0	0	0	3	0.387	0.656	0.273	1.684	-0.18	-0.322	-0.124	0.752	1.378	"4"
"肺癌"	0	0	0	1	0.129	0.219	0.091	0.561	-0.06	-0.107	-0.041	0.251	0.459	"4"
"背后"	0	0	0	1	0.129	0.219	0.091	0.561	-0.06	-0.107	-0.041	0.251	0.459	"4"
"自伤"	0	0	0	1	0.129	0.219	0.091	0.561	-0.06	-0.107	-0.041	0.251	0.459	"4"
"自然保护区"	0	0	0	2	0.258	0.437	0.182	1.123	-0.12	-0.214	-0.083	0.502	0.919	"4"
"致问"	0	1	0	0	0.129	0.219	0.091	0.561	-0.06	0.66	-0.041	-0.358	1.119	"2"
"航班"	0	0	0	1	0.129	0.219	0.091	0.561	-0.06	-0.107	-0.041	0.251	0.459	"4"
"艺术馆"	0	0	0	1	0.129	0.219	0.091	0.561	-0.06	-0.107	-0.041	0.251	0.459	"4"
"艾滋病"	0	0	0	1	0.129	0.219	0.091	0.561	-0.06	-0.107	-0.041	0.251	0.459	"4"
"芬兰"	1	0	0	1	0.258	0.437	0.182	1.123	0.618	-0.214	-0.083	-0.164	1.079	"1"
"芯片"	0	0	0	1	0.129	0.219	0.091	0.561	-0.06	-0.107	-0.041	0.251	0.459	"4"
"花椰菜"	0	1	0	0	0.129	0.219	0.091	0.561	-0.06	0.66	-0.041	-0.358	1.119	"2"
"花红"	0	0	0	1	0.129	0.219	0.091	0.561	-0.06	-0.107	-0.041	0.251	0.459	"4"
"英勇"	0	0	0	1	0.129	0.219	0.091	0.561	-0.06	-0.107	-0.041	0.251	0.459	"4"
"范围"	0	0	0	1	0.129	0.219	0.091	0.561	-0.06	-0.107	-0.041	0.251	0.459	"4"
"草原"	0	1	0	0	0.129	0.219	0.091	0.561	-0.06	0.66	-0.041	-0.358	1.119	"2"
"草药"	0	0	0	1	0.129	0.219	0.091	0.561	-0.06	-0.107	-0.041	0.251	0.459	"4"
"荔枝"	0	1	0	0	0.129	0.219	0.091	0.561	-0.06	0.66	-0.041	-0.358	1.119	"2"
"获利"	0	0	1	0	0.129	0.219	0.091	0.561	-0.06	-0.107	1.041	-0.358	1.566	"3"
"获得"	0	0	0	2	0.258	0.437	0.182	1.123	-0.12	-0.214	-0.083	0.502	0.919	"4"
"营"	0	0	0	1	0.129	0.219	0.091	0.561	-0.06	-0.107	-0.041	0.251	0.459	"4"
"营收"	0	1	0	0	0.129	0.219	0.091	0.561	-0.06	0.66	-0.041	-0.358	1.119	"2"
"葡萄酒"	0	1	0	0	0.129	0.219	0.091	0.561	-0.06	0.66	-0.041	-0.358	1.119	"2"
"蒙古族"	0	1	0	0	0.129	0.219	0.091	0.561	-0.06	0.66	-0.041	-0.358	1.119	"2"
"薛琦"	0	1	0	0	0.129	0.219	0.091	0.561	-0.06	0.66	-0.041	-0.358	1.119	"2"
"藏"	0	0	0	1	0.129	0.219	0.091	0.561	-0.06	-0.107	-0.041	0.251	0.459	"4"
"虚报"	0	0	0	1	0.129	0.219	0.091	0.561	-0.06	-0.107	-0.041	0.251	0.459	"4"
"虽"	0	1	0	0	0.129	0.219	0.091	0.561	-0.06	0.66	-0.041	-0.358	1.119	"2"
"虽然"	0	1	0	0	0.129	0.219	0.091	0.561	-0.06	0.66	-0.041	-0.358	1.119	"2"
"蚊子"	0	0	0	3	0.387	0.656	0.273	1.684	-0.18	-0.322	-0.124	0.752	1.378	"4"
"蛮"	0	0	0	1	0.129	0.219	0.091	0.561	-0.06	-0.107	-0.041	0.251	0.459	"4"
"行为"	0	0	0	1	0.129	0.219	0.091	0.561	-0.06	-0.107	-0.041	0.251	0.459	"4"
"补偿"	0	0	0	1	0.129	0.219	0.091	0.561	-0.06	-0.107	-0.041	0.251	0.459	"4"
"表明"	5	0	0	3	1.031	1.75	0.729	4.49	2.847	-0.858	-0.332	-0.621	4.658	"1"
"表面"	0	0	0	1	0.129	0.219	0.091	0.561	-0.06	-0.107	-0.041	0.251	0.459	"4"
"被告"	0	0	0	1	0.129	0.219	0.091	0.561	-0.06	-0.107	-0.041	0.251	0.459	"4"
"被告人"	0	0	0	1	0.129	0.219	0.091	0.561	-0.06	-0.107	-0.041	0.251	0.459	"4"
"裁军"	0	0	0	1	0.129	0.219	0.091	0.561	-0.06	-0.107	-0.041	0.251	0.459	"4"
"裁员"	0	4	0	0	0.516	0.875	0.364	2.245	-0.24	2.64	-0.166	-1.431	4.477	"2"
"装甲车"	0	1	0	0	0.129	0.219	0.091	0.561	-0.06	0.66	-0.041	-0.358	1.119	"2"
"西北"	0	0	0	1	0.129	0.219	0.091	0.561	-0.06	-0.107	-0.041	0.251	0.459	"4"
"西门子"	0	0	0	1	0.129	0.219	0.091	0.561	-0.06	-0.107	-0.041	0.251	0.459	"4"
"要好"	0	0	0	1	0.129	0.219	0.091	0.561	-0.06	-0.107	-0.041	0.251	0.459	"4"
"观光局"	0	0	0	1	0.129	0.219	0.091	0.561	-0.06	-0.107	-0.041	0.251	0.459	"4"
"观测"	0	0	0	1	0.129	0.219	0.091	0.561	-0.06	-0.107	-0.041	0.251	0.459	"4"
"规模"	0	2	0	0	0.258	0.437	0.182	1.123	-0.12	1.32	-0.083	-0.716	2.239	"2"
"视"	0	0	0	1	0.129	0.219	0.091	0.561	-0.06	-0.107	-0.041	0.251	0.459	"4"
"视系统"	0	0	0	1	0.129	0.219	0.091	0.561	-0.06	-0.107	-0.041	0.251	0.459	"4"
"视线"	0	0	0	1	0.129	0.219	0.091	0.561	-0.06	-0.107	-0.041	0.251	0.459	"4"
"计数"	0	0	0	1	0.129	0.219	0.091	0.561	-0.06	-0.107	-0.041	0.251	0.459	"4"
"计算"	0	0	0	5	0.645	1.094	0.455	2.806	-0.3	-0.536	-0.207	1.254	2.297	"4"
"计算机"	0	0	0	2	0.258	0.437	0.182	1.123	-0.12	-0.214	-0.083	0.502	0.919	"4"
"订"	0	2	0	1	0.387	0.656	0.273	1.684	-0.18	0.912	-0.124	-0.389	1.605	"2"
"订购"	0	0	0	1	0.129	0.219	0.091	0.561	-0.06	-0.107	-0.041	0.251	0.459	"4"
"认定"	0	0	0	1	0.129	0.219	0.091	0.561	-0.06	-0.107	-0.041	0.251	0.459	"4"
"认购"	0	0	0	2	0.258	0.437	0.182	1.123	-0.12	-0.214	-0.083	0.502	0.919	"4"
"讨"	0	0	0	1	0.129	0.219	0.091	0.561	-0.06	-0.107	-0.041	0.251	0.459	"4"
"记录"	0	1	0	2	0.387	0.656	0.273	1.684	-0.18	0.281	-0.124	0.228	0.813	"2"
"设备"	0	0	0	3	0.387	0.656	0.273	1.684	-0.18	-0.322	-0.124	0.752	1.378	"4"
"访港"	0	1	0	0	0.129	0.219	0.091	0.561	-0.06	0.66	-0.041	-0.358	1.119	"2"
"证实"	0	0	0	2	0.258	0.437	0.182	1.123	-0.12	-0.214	-0.083	0.502	0.919	"4"
"评审局"	0	0	0	1	0.129	0.219	0.091	0.561	-0.06	-0.107	-0.041	0.251	0.459	"4"
"识别号"	0	0	0	1	0.129	0.219	0.091	0.561	-0.06	-0.107	-0.041	0.251	0.459	"4"
"诊"	0	0	0	1	0.129	0.219	0.091	0.561	-0.06	-0.107	-0.041	0.251	0.459	"4"
"诊病"	0	0	0	1	0.129	0.219	0.091	0.561	-0.06	-0.107	-0.041	0.251	0.459	"4"
"词语"	0	0	0	1	0.129	0.219	0.091	0.561	-0.06	-0.107	-0.041	0.251	0.459	"4"
"试验"	0	0	0	1	0.129	0.219	0.091	0.561	-0.06	-0.107	-0.041	0.251	0.459	"4"
"该"	0	0	0	1	0.129	0.219	0.091	0.561	-0.06	-0.107	-0.041	0.251	0.459	"4"
"详细"	0	0	1	0	0.129	0.219	0.091	0.561	-0.06	-0.107	1.041	-0.358	1.566	"3"
"读者"	0	0	0	2	0.258	0.437	0.182	1.123	-0.12	-0.214	-0.083	0.502	0.919	"4"
"调整"	0	0	0	1	0.129	0.219	0.091	0.561	-0.06	-0.107	-0.041	0.251	0.459	"4"
"调查"	0	1	0	0	0.129	0.219	0.091	0.561	-0.06	0.66	-0.041	-0.358	1.119	"2"
"调至"	0	0	1	0	0.129	0.219	0.091	0.561	-0.06	-0.107	1.041	-0.358	1.566	"3"
"谈大"	0	0	0	1	0.129	0.219	0.091	0.561	-0.06	-0.107	-0.041	0.251	0.459	"4"
"谈论"	0	0	0	1	0.129	0.219	0.091	0.561	-0.06	-0.107	-0.041	0.251	0.459	"4"
"谋取"	0	0	0	1	0.129	0.219	0.091	0.561	-0.06	-0.107	-0.041	0.251	0.459	"4"
"象"	0	0	0	2	0.258	0.437	0.182	1.123	-0.12	-0.214	-0.083	0.502	0.919	"4"
"贝隆"	0	0	0	1	0.129	0.219	0.091	0.561	-0.06	-0.107	-0.041	0.251	0.459	"4"
"财务"	0	0	1	0	0.129	0.219	0.091	0.561	-0.06	-0.107	1.041	-0.358	1.566	"3"
"财年"	0	0	0	1	0.129	0.219	0.091	0.561	-0.06	-0.107	-0.041	0.251	0.459	"4"
"财物"	0	0	0	2	0.258	0.437	0.182	1.123	-0.12	-0.214	-0.083	0.502	0.919	"4"
"财经"	0	0	0	2	0.258	0.437	0.182	1.123	-0.12	-0.214	-0.083	0.502	0.919	"4"
"货"	0	1	0	0	0.129	0.219	0.091	0.561	-0.06	0.66	-0.041	-0.358	1.119	"2"
"货品"	0	0	0	1	0.129	0.219	0.091	0.561	-0.06	-0.107	-0.041	0.251	0.459	"4"
"货币"	0	0	0	1	0.129	0.219	0.091	0.561	-0.06	-0.107	-0.041	0.251	0.459	"4"
"货源"	0	0	0	1	0.129	0.219	0.091	0.561	-0.06	-0.107	-0.041	0.251	0.459	"4"
"货物"	0	0	0	1	0.129	0.219	0.091	0.561	-0.06	-0.107	-0.041	0.251	0.459	"4"
"质"	0	0	0	1	0.129	0.219	0.091	0.561	-0.06	-0.107	-0.041	0.251	0.459	"4"
"质疑"	1	0	0	0	0.129	0.219	0.091	0.561	0.89	-0.107	-0.041	-0.358	1.396	"1"
"质量"	0	3	0	0	0.387	0.656	0.273	1.684	-0.18	1.98	-0.124	-1.073	3.357	"2"
"贫困"	0	2	0	0	0.258	0.437	0.182	1.123	-0.12	1.32	-0.083	-0.716	2.239	"2"
"购买"	0	1	0	1	0.258	0.437	0.182	1.123	-0.12	0.409	-0.083	-0.164	0.776	"2"
"购入"	0	0	0	1	0.129	0.219	0.091	0.561	-0.06	-0.107	-0.041	0.251	0.459	"4"
"贷款"	0	0	0	6	0.774	1.312	0.546	3.368	-0.36	-0.643	-0.249	1.505	2.757	"4"
"贸"	0	0	1	0	0.129	0.219	0.091	0.561	-0.06	-0.107	1.041	-0.358	1.566	"3"
"贸易"	3	0	0	0	0.387	0.656	0.273	1.684	2.669	-0.322	-0.124	-1.073	4.188	"1"
"费用"	0	0	0	1	0.129	0.219	0.091	0.561	-0.06	-0.107	-0.041	0.251	0.459	"4"
"贺卡"	0	1	0	0	0.129	0.219	0.091	0.561	-0.06	0.66	-0.041	-0.358	1.119	"2"
"贺年卡"	0	1	0	0	0.129	0.219	0.091	0.561	-0.06	0.66	-0.041	-0.358	1.119	"2"
"贿案"	0	1	0	0	0.129	0.219	0.091	0.561	-0.06	0.66	-0.041	-0.358	1.119	"2"
"资历"	0	0	0	1	0.129	0.219	0.091	0.561	-0.06	-0.107	-0.041	0.251	0.459	"4"
"资格"	0	0	0	1	0.129	0.219	0.091	0.561	-0.06	-0.107	-0.041	0.251	0.459	"4"
"资金"	0	0	0	3	0.387	0.656	0.273	1.684	-0.18	-0.322	-0.124	0.752	1.378	"4"
"赔偿"	0	0	0	8	1.031	1.75	0.729	4.49	-0.48	-0.858	-0.332	2.007	3.677	"4"
"赞方"	0	0	0	1	0.129	0.219	0.091	0.561	-0.06	-0.107	-0.041	0.251	0.459	"4"
"赤字"	2	0	0	1	0.387	0.656	0.273	1.684	1.341	-0.322	-0.124	-0.389	2.176	"1"
"超过"	0	6	1	1	1.031	1.75	0.729	4.49	-0.48	2.693	0.272	-1.812	5.257	"2"
"越冬"	0	0	0	1	0.129	0.219	0.091	0.561	-0.06	-0.107	-0.041	0.251	0.459	"4"
"越来越"	0	1	0	1	0.258	0.437	0.182	1.123	-0.12	0.409	-0.083	-0.164	0.776	"2"
"趋势"	0	2	0	1	0.387	0.656	0.273	1.684	-0.18	0.912	-0.124	-0.389	1.605	"2"
"足以"	1	0	0	2	0.387	0.656	0.273	1.684	0.47	-0.322	-0.124	0.228	1.144	"1"
"足够"	0	0	0	1	0.129	0.219	0.091	0.561	-0.06	-0.107	-0.041	0.251	0.459	"4"
"跑道"	0	0	0	1	0.129	0.219	0.091	0.561	-0.06	-0.107	-0.041	0.251	0.459	"4"
"路透社"	1	0	0	0	0.129	0.219	0.091	0.561	0.89	-0.107	-0.041	-0.358	1.396	"1"
"车主"	0	0	0	1	0.129	0.219	0.091	0.561	-0.06	-0.107	-0.041	0.251	0.459	"4"
"转"	0	0	0	1	0.129	0.219	0.091	0.561	-0.06	-0.107	-0.041	0.251	0.459	"4"
"转化成"	0	0	0	1	0.129	0.219	0.091	0.561	-0.06	-0.107	-0.041	0.251	0.459	"4"
"转变"	0	0	0	1	0.129	0.219	0.091	0.561	-0.06	-0.107	-0.041	0.251	0.459	"4"
"转换"	0	0	0	1	0.129	0.219	0.091	0.561	-0.06	-0.107	-0.041	0.251	0.459	"4"
"转播"	0	0	0	1	0.129	0.219	0.091	0.561	-0.06	-0.107	-0.041	0.251	0.459	"4"
"软件"	1	0	0	3	0.516	0.875	0.364	2.245	0.372	-0.429	-0.166	0.388	1.355	"2"
"较"	1	5	1	3	1.289	2.187	0.911	5.613	-0.205	1.33	0.211	-1.048	2.794	"2"
"较少"	0	1	0	0	0.129	0.219	0.091	0.561	-0.06	0.66	-0.041	-0.358	1.119	"2"
"辅助"	0	0	0	1	0.129	0.219	0.091	0.561	-0.06	-0.107	-0.041	0.251	0.459	"4"
"辉"	0	0	0	1	0.129	0.219	0.091	0.561	-0.06	-0.107	-0.041	0.251	0.459	"4"
"输往"	0	1	0	0	0.129	0.219	0.091	0.561	-0.06	0.66	-0.041	-0.358	1.119	"2"
"达"	0	3	0	2	0.645	1.094	0.455	2.806	-0.3	1.135	-0.207	-0.413	2.055	"2"
"达到"	0	3	0	5	1.031	1.75	0.729	4.49	-0.48	0.61	-0.332	0.298	1.72	"2"
"过于"	0	0	0	2	0.258	0.437	0.182	1.123	-0.12	-0.214	-0.083	0.502	0.919	"4"
"过去"	0	0	0	1	0.129	0.219	0.091	0.561	-0.06	-0.107	-0.041	0.251	0.459	"4"
"过多"	0	0	0	1	0.129	0.219	0.091	0.561	-0.06	-0.107	-0.041	0.251	0.459	"4"
"过度"	0	0	0	1	0.129	0.219	0.091	0.561	-0.06	-0.107	-0.041	0.251	0.459	"4"
"过渡"	0	0	0	2	0.258	0.437	0.182	1.123	-0.12	-0.214	-0.083	0.502	0.919	"4"
"运行局"	1	0	0	0	0.129	0.219	0.091	0.561	0.89	-0.107	-0.041	-0.358	1.396	"1"
"运载"	1	0	0	0	0.129	0.219	0.091	0.561	0.89	-0.107	-0.041	-0.358	1.396	"1"
"近年"	0	2	0	1	0.387	0.656	0.273	1.684	-0.18	0.912	-0.124	-0.389	1.605	"2"
"近年来女"	0	1	0	0	0.129	0.219	0.091	0.561	-0.06	0.66	-0.041	-0.358	1.119	"2"
"还原"	0	0	0	1	0.129	0.219	0.091	0.561	-0.06	-0.107	-0.041	0.251	0.459	"4"
"还是"	0	0	0	2	0.258	0.437	0.182	1.123	-0.12	-0.214	-0.083	0.502	0.919	"4"
"这"	2	4	8	17	3.997	6.78	2.823	17.4	-0.66	-0.794	2.26	-0.291	4.005	"3"
"这些"	0	0	0	5	0.645	1.094	0.455	2.806	-0.3	-0.536	-0.207	1.254	2.297	"4"
"这样"	0	1	0	0	0.129	0.219	0.091	0.561	-0.06	0.66	-0.041	-0.358	1.119	"2"
"进出口"	0	0	0	1	0.129	0.219	0.091	0.561	-0.06	-0.107	-0.041	0.251	0.459	"4"
"进口"	0	9	0	1	1.289	2.187	0.911	5.613	-0.6	5.036	-0.415	-2.438	8.489	"2"
"远"	0	3	0	0	0.387	0.656	0.273	1.684	-0.18	1.98	-0.124	-1.073	3.357	"2"
"违"	0	1	0	0	0.129	0.219	0.091	0.561	-0.06	0.66	-0.041	-0.358	1.119	"2"
"违令"	0	0	0	1	0.129	0.219	0.091	0.561	-0.06	-0.107	-0.041	0.251	0.459	"4"
"连同"	0	0	0	1	0.129	0.219	0.091	0.561	-0.06	-0.107	-0.041	0.251	0.459	"4"
"述"	1	0	0	0	0.129	0.219	0.091	0.561	0.89	-0.107	-0.041	-0.358	1.396	"1"
"迷信"	0	0	0	1	0.129	0.219	0.091	0.561	-0.06	-0.107	-0.041	0.251	0.459	"4"
"追上"	0	0	0	1	0.129	0.219	0.091	0.561	-0.06	-0.107	-0.041	0.251	0.459	"4"
"适当"	0	1	0	0	0.129	0.219	0.091	0.561	-0.06	0.66	-0.041	-0.358	1.119	"2"
"透露"	0	0	0	1	0.129	0.219	0.091	0.561	-0.06	-0.107	-0.041	0.251	0.459	"4"
"逐年"	0	2	0	0	0.258	0.437	0.182	1.123	-0.12	1.32	-0.083	-0.716	2.239	"2"
"逐渐"	0	1	0	0	0.129	0.219	0.091	0.561	-0.06	0.66	-0.041	-0.358	1.119	"2"
"递减"	0	0	0	1	0.129	0.219	0.091	0.561	-0.06	-0.107	-0.041	0.251	0.459	"4"
"通常"	0	0	0	1	0.129	0.219	0.091	0.561	-0.06	-0.107	-0.041	0.251	0.459	"4"
"通讯"	0	0	1	1	0.258	0.437	0.182	1.123	-0.12	-0.214	0.76	-0.164	1.258	"3"
"速成"	0	0	0	1	0.129	0.219	0.091	0.561	-0.06	-0.107	-0.041	0.251	0.459	"4"
"那里"	0	0	0	1	0.129	0.219	0.091	0.561	-0.06	-0.107	-0.041	0.251	0.459	"4"
"邮件"	0	1	0	0	0.129	0.219	0.091	0.561	-0.06	0.66	-0.041	-0.358	1.119	"2"
"邮票"	0	2	0	0	0.258	0.437	0.182	1.123	-0.12	1.32	-0.083	-0.716	2.239	"2"
"郑梦宪"	0	0	0	1	0.129	0.219	0.091	0.561	-0.06	-0.107	-0.041	0.251	0.459	"4"
"郡"	1	0	0	0	0.129	0.219	0.091	0.561	0.89	-0.107	-0.041	-0.358	1.396	"1"
"部"	0	0	0	1	0.129	0.219	0.091	0.561	-0.06	-0.107	-0.041	0.251	0.459	"4"
"部分"	0	0	0	1	0.129	0.219	0.091	0.561	-0.06	-0.107	-0.041	0.251	0.459	"4"
"配"	0	0	0	1	0.129	0.219	0.091	0.561	-0.06	-0.107	-0.041	0.251	0.459	"4"
"配销"	0	0	0	1	0.129	0.219	0.091	0.561	-0.06	-0.107	-0.041	0.251	0.459	"4"
"配额"	0	1	0	1	0.258	0.437	0.182	1.123	-0.12	0.409	-0.083	-0.164	0.776	"2"
"采用"	0	0	0	1	0.129	0.219	0.091	0.561	-0.06	-0.107	-0.041	0.251	0.459	"4"
"采购"	0	1	0	0	0.129	0.219	0.091	0.561	-0.06	0.66	-0.041	-0.358	1.119	"2"
"采集"	0	0	0	1	0.129	0.219	0.091	0.561	-0.06	-0.107	-0.041	0.251	0.459	"4"
"释出"	0	0	0	1	0.129	0.219	0.091	0.561	-0.06	-0.107	-0.041	0.251	0.459	"4"
"重复"	0	1	0	0	0.129	0.219	0.091	0.561	-0.06	0.66	-0.041	-0.358	1.119	"2"
"金"	0	0	0	1	0.129	0.219	0.091	0.561	-0.06	-0.107	-0.041	0.251	0.459	"4"
"金融局"	0	0	0	1	0.129	0.219	0.091	0.561	-0.06	-0.107	-0.041	0.251	0.459	"4"
"金银"	0	0	0	1	0.129	0.219	0.091	0.561	-0.06	-0.107	-0.041	0.251	0.459	"4"
"金额"	0	1	0	0	0.129	0.219	0.091	0.561	-0.06	0.66	-0.041	-0.358	1.119	"2"
"钢"	0	0	0	1	0.129	0.219	0.091	0.561	-0.06	-0.107	-0.041	0.251	0.459	"4"
"铜牌"	0	0	0	1	0.129	0.219	0.091	0.561	-0.06	-0.107	-0.041	0.251	0.459	"4"
"银行"	0	2	0	0	0.258	0.437	0.182	1.123	-0.12	1.32	-0.083	-0.716	2.239	"2"
"销"	0	0	0	1	0.129	0.219	0.091	0.561	-0.06	-0.107	-0.041	0.251	0.459	"4"
"销售"	0	3	0	9	1.547	2.625	1.093	6.735	-0.719	0.295	-0.498	0.817	2.329	"4"
"销货"	0	1	0	0	0.129	0.219	0.091	0.561	-0.06	0.66	-0.041	-0.358	1.119	"2"
"门窗"	0	0	0	1	0.129	0.219	0.091	0.561	-0.06	-0.107	-0.041	0.251	0.459	"4"
"阳明"	0	0	0	1	0.129	0.219	0.091	0.561	-0.06	-0.107	-0.041	0.251	0.459	"4"
"附设"	0	0	0	1	0.129	0.219	0.091	0.561	-0.06	-0.107	-0.041	0.251	0.459	"4"
"陆地"	0	0	0	1	0.129	0.219	0.091	0.561	-0.06	-0.107	-0.041	0.251	0.459	"4"
"陌生"	0	0	0	1	0.129	0.219	0.091	0.561	-0.06	-0.107	-0.041	0.251	0.459	"4"
"降到"	0	0	1	0	0.129	0.219	0.091	0.561	-0.06	-0.107	1.041	-0.358	1.566	"3"
"降至"	0	1	0	0	0.129	0.219	0.091	0.561	-0.06	0.66	-0.041	-0.358	1.119	"2"
"限"	0	0	0	1	0.129	0.219	0.091	0.561	-0.06	-0.107	-0.041	0.251	0.459	"4"
"限制"	0	0	0	9	1.16	1.969	0.82	5.051	-0.54	-0.965	-0.373	2.257	4.135	"4"
"院校"	0	0	0	1	0.129	0.219	0.091	0.561	-0.06	-0.107	-0.041	0.251	0.459	"4"
"随"	0	0	0	2	0.258	0.437	0.182	1.123	-0.12	-0.214	-0.083	0.502	0.919	"4"
"随着"	0	2	0	1	0.387	0.656	0.273	1.684	-0.18	0.912	-0.124	-0.389	1.605	"2"
"集体"	0	0	0	1	0.129	0.219	0.091	0.561	-0.06	-0.107	-0.041	0.251	0.459	"4"
"集装箱"	0	2	0	0	0.258	0.437	0.182	1.123	-0.12	1.32	-0.083	-0.716	2.239	"2"
"零售"	0	1	0	0	0.129	0.219	0.091	0.561	-0.06	0.66	-0.041	-0.358	1.119	"2"
"零售业"	0	2	0	0	0.258	0.437	0.182	1.123	-0.12	1.32	-0.083	-0.716	2.239	"2"
"需"	0	0	0	1	0.129	0.219	0.091	0.561	-0.06	-0.107	-0.041	0.251	0.459	"4"
"霸王车"	0	0	0	2	0.258	0.437	0.182	1.123	-0.12	-0.214	-0.083	0.502	0.919	"4"
"非官方"	1	0	0	0	0.129	0.219	0.091	0.561	0.89	-0.107	-0.041	-0.358	1.396	"1"
"非正式"	1	0	0	0	0.129	0.219	0.091	0.561	0.89	-0.107	-0.041	-0.358	1.396	"1"
"非法"	0	0	0	1	0.129	0.219	0.091	0.561	-0.06	-0.107	-0.041	0.251	0.459	"4"
"面"	0	0	0	1	0.129	0.219	0.091	0.561	-0.06	-0.107	-0.041	0.251	0.459	"4"
"面值"	0	0	0	1	0.129	0.219	0.091	0.561	-0.06	-0.107	-0.041	0.251	0.459	"4"
"革命"	0	0	1	0	0.129	0.219	0.091	0.561	-0.06	-0.107	1.041	-0.358	1.566	"3"
"韩德森"	0	0	0	1	0.129	0.219	0.091	0.561	-0.06	-0.107	-0.041	0.251	0.459	"4"
"预估"	0	1	0	3	0.516	0.875	0.364	2.245	-0.24	0.202	-0.166	0.388	0.996	"4"
"预售"	0	1	0	0	0.129	0.219	0.091	0.561	-0.06	0.66	-0.041	-0.358	1.119	"2"
"预定"	0	2	0	0	0.258	0.437	0.182	1.123	-0.12	1.32	-0.083	-0.716	2.239	"2"
"预料"	0	0	2	2	0.516	0.875	0.364	2.245	-0.24	-0.429	1.357	-0.229	2.255	"3"
"预期"	0	2	1	0	0.387	0.656	0.273	1.684	-0.18	0.912	0.604	-1.073	2.769	"4"
"预测"	0	1	6	0	0.903	1.531	0.637	3.929	-0.42	-0.279	5.434	-2.505	8.638	"3"
"预算外资金"	0	0	0	1	0.129	0.219	0.091	0.561	-0.06	-0.107	-0.041	0.251	0.459	"4"
"预订"	0	1	0	0	0.129	0.219	0.091	0.561	-0.06	0.66	-0.041	-0.358	1.119	"2"
"领取"	0	0	1	1	0.258	0.437	0.182	1.123	-0.12	-0.214	0.76	-0.164	1.258	"3"
"题为"	0	0	0	1	0.129	0.219	0.091	0.561	-0.06	-0.107	-0.041	0.251	0.459	"4"
"飞机"	0	0	0	1	0.129	0.219	0.091	0.561	-0.06	-0.107	-0.041	0.251	0.459	"4"
"飞来"	0	0	0	2	0.258	0.437	0.182	1.123	-0.12	-0.214	-0.083	0.502	0.919	"4"
"饱和"	0	0	0	1	0.129	0.219	0.091	0.561	-0.06	-0.107	-0.041	0.251	0.459	"4"
"饲料"	0	1	0	0	0.129	0.219	0.091	0.561	-0.06	0.66	-0.041	-0.358	1.119	"2"
"马匹"	0	1	0	0	0.129	0.219	0.091	0.561	-0.06	0.66	-0.041	-0.358	1.119	"2"
"驻伊"	0	1	0	0	0.129	0.219	0.091	0.561	-0.06	0.66	-0.041	-0.358	1.119	"2"
"高"	0	0	0	3	0.387	0.656	0.273	1.684	-0.18	-0.322	-0.124	0.752	1.378	"4"
"高于"	0	1	1	0	0.258	0.437	0.182	1.123	-0.12	0.409	0.76	-0.716	2.005	"3"
"高峰期"	0	0	0	1	0.129	0.219	0.091	0.561	-0.06	-0.107	-0.041	0.251	0.459	"4"
"高校"	0	0	0	3	0.387	0.656	0.273	1.684	-0.18	-0.322	-0.124	0.752	1.378	"4"
"高清"	0	0	0	1	0.129	0.219	0.091	0.561	-0.06	-0.107	-0.041	0.251	0.459	"4"
"高达"	0	1	0	1	0.258	0.437	0.182	1.123	-0.12	0.409	-0.083	-0.164	0.776	"2"
"高进球"	0	0	1	0	0.129	0.219	0.091	0.561	-0.06	-0.107	1.041	-0.358	1.566	"3"
"高速"	0	0	0	1	0.129	0.219	0.091	0.561	-0.06	-0.107	-0.041	0.251	0.459	"4"
"鱼儿"	0	0	0	1	0.129	0.219	0.091	0.561	-0.06	-0.107	-0.041	0.251	0.459	"4"
"鱼类"	0	0	0	1	0.129	0.219	0.091	0.561	-0.06	-0.107	-0.041	0.251	0.459	"4"
"鱼鳍"	0	0	0	1	0.129	0.219	0.091	0.561	-0.06	-0.107	-0.041	0.251	0.459	"4"
"鲨鱼"	0	0	0	1	0.129	0.219	0.091	0.561	-0.06	-0.107	-0.041	0.251	0.459	"4"
"鸟类"	0	0	0	1	0.129	0.219	0.091	0.561	-0.06	-0.107	-0.041	0.251	0.459	"4"
"鸡"	0	0	0	1	0.129	0.219	0.091	0.561	-0.06	-0.107	-0.041	0.251	0.459	"4"
"鸽子"	0	0	0	1	0.129	0.219	0.091	0.561	-0.06	-0.107	-0.041	0.251	0.459	"4"
"鸿沟"	0	0	0	1	0.129	0.219	0.091	0.561	-0.06	-0.107	-0.041	0.251	0.459	"4"
"黑熊"	0	1	0	0	0.129	0.219	0.091	0.561	-0.06	0.66	-0.041	-0.358	1.119	"2"
"黑面琵鹭"	0	0	0	1	0.129	0.219	0.091	0.561	-0.06	-0.107	-0.041	0.251	0.459	"4"
"黑颈鹤"	0	0	0	1	0.129	0.219	0.091	0.561	-0.06	-0.107	-0.041	0.251	0.459	"4"
"齿"	0	0	0	1	0.129	0.219	0.091	0.561	-0.06	-0.107	-0.041	0.251	0.459	"4"
