"Coll_Word"	"1"	"2"	"3"	"4"	"exp_1"	"exp_2"	"exp_3"	"exp_4"	"pbin_1"	"pbin_2"	"pbin_3"	"pbin_4"	"SumAbsDev"	"LargestDev"
"－－"	0	0	0	1	0.228	0.269	0.053	0.45	-0.112	-0.136	-0.024	0.347	0.619	"4"
"?"	0	0	2	1	0.684	0.808	0.159	1.35	-0.337	-0.409	2.089	-0.24	3.075	"3"
"■"	2	0	0	0	0.456	0.539	0.106	0.9	1.285	-0.272	-0.047	-0.519	2.123	"1"
"0213"	0	1	0	0	0.228	0.269	0.053	0.45	-0.112	0.57	-0.024	-0.26	0.966	"2"
"1亿8750万"	0	1	0	0	0.228	0.269	0.053	0.45	-0.112	0.57	-0.024	-0.26	0.966	"2"
"21分制"	0	1	0	0	0.228	0.269	0.053	0.45	-0.112	0.57	-0.024	-0.26	0.966	"2"
"32％"	0	0	0	1	0.228	0.269	0.053	0.45	-0.112	-0.136	-0.024	0.347	0.619	"4"
"37％"	1	0	0	0	0.228	0.269	0.053	0.45	0.642	-0.136	-0.024	-0.26	1.062	"1"
"50万"	0	1	0	0	0.228	0.269	0.053	0.45	-0.112	0.57	-0.024	-0.26	0.966	"2"
"60"	1	0	0	0	0.228	0.269	0.053	0.45	0.642	-0.136	-0.024	-0.26	1.062	"1"
"60％"	1	0	0	0	0.228	0.269	0.053	0.45	0.642	-0.136	-0.024	-0.26	1.062	"1"
"891004"	0	1	0	0	0.228	0.269	0.053	0.45	-0.112	0.57	-0.024	-0.26	0.966	"2"
"891112"	0	0	0	1	0.228	0.269	0.053	0.45	-0.112	-0.136	-0.024	0.347	0.619	"4"
"891124"	0	0	1	0	0.228	0.269	0.053	0.45	-0.112	-0.136	1.275	-0.26	1.783	"3"
"891220"	0	0	1	0	0.228	0.269	0.053	0.45	-0.112	-0.136	1.275	-0.26	1.783	"3"
"CHP"	0	2	0	0	0.456	0.539	0.106	0.9	-0.225	1.14	-0.047	-0.519	1.931	"2"
"CNN"	0	1	0	0	0.228	0.269	0.053	0.45	-0.112	0.57	-0.024	-0.26	0.966	"2"
"Planet"	0	0	0	1	0.228	0.269	0.053	0.45	-0.112	-0.136	-0.024	0.347	0.619	"4"
"Project"	0	0	0	1	0.228	0.269	0.053	0.45	-0.112	-0.136	-0.024	0.347	0.619	"4"
"一些"	0	7	0	0	1.595	1.885	0.371	3.149	-0.786	3.989	-0.166	-1.817	6.758	"2"
"一再"	1	0	0	0	0.228	0.269	0.053	0.45	0.642	-0.136	-0.024	-0.26	1.062	"1"
"一切"	0	0	0	2	0.456	0.539	0.106	0.9	-0.225	-0.272	-0.047	0.694	1.238	"4"
"一千八百亿"	0	1	0	0	0.228	0.269	0.053	0.45	-0.112	0.57	-0.024	-0.26	0.966	"2"
"一半"	1	0	0	2	0.684	0.808	0.159	1.35	0.268	-0.409	-0.071	0.372	1.12	"2"
"一方面"	0	1	0	1	0.456	0.539	0.106	0.9	-0.225	0.332	-0.047	0.157	0.761	"2"
"一日"	1	0	0	0	0.228	0.269	0.053	0.45	0.642	-0.136	-0.024	-0.26	1.062	"1"
"一时"	0	0	0	1	0.228	0.269	0.053	0.45	-0.112	-0.136	-0.024	0.347	0.619	"4"
"一胎化"	0	1	0	0	0.228	0.269	0.053	0.45	-0.112	0.57	-0.024	-0.26	0.966	"2"
"一致"	0	3	0	1	0.911	1.077	0.212	1.799	-0.449	1.205	-0.095	-0.408	2.157	"2"
"一面倒"	0	1	0	0	0.228	0.269	0.053	0.45	-0.112	0.57	-0.024	-0.26	0.966	"2"
"七成"	1	0	0	0	0.228	0.269	0.053	0.45	0.642	-0.136	-0.024	-0.26	1.062	"1"
"三党"	0	0	0	3	0.684	0.808	0.159	1.35	-0.337	-0.409	-0.071	1.041	1.858	"4"
"三分之二"	2	0	0	1	0.684	0.808	0.159	1.35	0.879	-0.409	-0.071	-0.24	1.599	"1"
"上述"	0	2	0	0	0.456	0.539	0.106	0.9	-0.225	1.14	-0.047	-0.519	1.931	"2"
"上面"	0	0	0	1	0.228	0.269	0.053	0.45	-0.112	-0.136	-0.024	0.347	0.619	"4"
"下台"	0	2	0	0	0.456	0.539	0.106	0.9	-0.225	1.14	-0.047	-0.519	1.931	"2"
"不信任案"	0	2	0	0	0.456	0.539	0.106	0.9	-0.225	1.14	-0.047	-0.519	1.931	"2"
"不和"	0	1	0	0	0.228	0.269	0.053	0.45	-0.112	0.57	-0.024	-0.26	0.966	"2"
"不外"	0	0	0	1	0.228	0.269	0.053	0.45	-0.112	-0.136	-0.024	0.347	0.619	"4"
"不如"	0	0	0	1	0.228	0.269	0.053	0.45	-0.112	-0.136	-0.024	0.347	0.619	"4"
"不安"	0	0	0	3	0.684	0.808	0.159	1.35	-0.337	-0.409	-0.071	1.041	1.858	"4"
"不容"	0	0	0	1	0.228	0.269	0.053	0.45	-0.112	-0.136	-0.024	0.347	0.619	"4"
"不少"	0	3	0	0	0.684	0.808	0.159	1.35	-0.337	1.709	-0.071	-0.779	2.896	"2"
"不得"	0	0	0	3	0.684	0.808	0.159	1.35	-0.337	-0.409	-0.071	1.041	1.858	"4"
"不断"	0	1	0	0	0.228	0.269	0.053	0.45	-0.112	0.57	-0.024	-0.26	0.966	"2"
"不无"	0	0	0	1	0.228	0.269	0.053	0.45	-0.112	-0.136	-0.024	0.347	0.619	"4"
"不满"	1	3	1	1	1.367	1.616	0.318	2.699	-0.231	0.697	0.554	-0.786	2.268	"4"
"不符"	0	0	0	2	0.456	0.539	0.106	0.9	-0.225	-0.272	-0.047	0.694	1.238	"4"
"不等"	0	0	0	1	0.228	0.269	0.053	0.45	-0.112	-0.136	-0.024	0.347	0.619	"4"
"不致"	0	0	0	1	0.228	0.269	0.053	0.45	-0.112	-0.136	-0.024	0.347	0.619	"4"
"不虞"	0	0	0	1	0.228	0.269	0.053	0.45	-0.112	-0.136	-0.024	0.347	0.619	"4"
"专题"	0	0	0	1	0.228	0.269	0.053	0.45	-0.112	-0.136	-0.024	0.347	0.619	"4"
"世卫"	0	1	0	0	0.228	0.269	0.053	0.45	-0.112	0.57	-0.024	-0.26	0.966	"2"
"世新"	1	0	0	0	0.228	0.269	0.053	0.45	0.642	-0.136	-0.024	-0.26	1.062	"1"
"世界"	0	2	0	0	0.456	0.539	0.106	0.9	-0.225	1.14	-0.047	-0.519	1.931	"2"
"两回事"	0	0	0	2	0.456	0.539	0.106	0.9	-0.225	-0.272	-0.047	0.694	1.238	"4"
"两岸"	0	0	1	5	1.367	1.616	0.318	2.699	-0.674	-0.817	0.554	1.161	3.206	"4"
"严厉"	0	1	0	0	0.228	0.269	0.053	0.45	-0.112	0.57	-0.024	-0.26	0.966	"2"
"严苛"	0	0	0	2	0.456	0.539	0.106	0.9	-0.225	-0.272	-0.047	0.694	1.238	"4"
"丧"	0	0	0	1	0.228	0.269	0.053	0.45	-0.112	-0.136	-0.024	0.347	0.619	"4"
"中多"	0	0	0	1	0.228	0.269	0.053	0.45	-0.112	-0.136	-0.024	0.347	0.619	"4"
"中央政府"	0	1	0	0	0.228	0.269	0.053	0.45	-0.112	0.57	-0.024	-0.26	0.966	"2"
"为之"	0	2	0	0	0.456	0.539	0.106	0.9	-0.225	1.14	-0.047	-0.519	1.931	"2"
"为敌"	0	0	0	1	0.228	0.269	0.053	0.45	-0.112	-0.136	-0.024	0.347	0.619	"4"
"为继"	0	1	0	0	0.228	0.269	0.053	0.45	-0.112	0.57	-0.024	-0.26	0.966	"2"
"为重"	0	0	0	1	0.228	0.269	0.053	0.45	-0.112	-0.136	-0.024	0.347	0.619	"4"
"主宰"	0	0	0	1	0.228	0.269	0.053	0.45	-0.112	-0.136	-0.024	0.347	0.619	"4"
"主导权"	0	0	0	1	0.228	0.269	0.053	0.45	-0.112	-0.136	-0.024	0.347	0.619	"4"
"主张"	2	0	0	0	0.456	0.539	0.106	0.9	1.285	-0.272	-0.047	-0.519	2.123	"1"
"主权"	0	1	0	0	0.228	0.269	0.053	0.45	-0.112	0.57	-0.024	-0.26	0.966	"2"
"主流"	0	0	27	0	6.152	7.27	1.432	12.146	-3.032	-3.678	34.433	-7.007	48.15	"3"
"主轴"	0	0	1	0	0.228	0.269	0.053	0.45	-0.112	-0.136	1.275	-0.26	1.783	"3"
"举"	0	1	0	0	0.228	0.269	0.053	0.45	-0.112	0.57	-0.024	-0.26	0.966	"2"
"之下"	0	1	0	0	0.228	0.269	0.053	0.45	-0.112	0.57	-0.024	-0.26	0.966	"2"
"之际"	0	1	0	0	0.228	0.269	0.053	0.45	-0.112	0.57	-0.024	-0.26	0.966	"2"
"乐曲"	0	1	0	0	0.228	0.269	0.053	0.45	-0.112	0.57	-0.024	-0.26	0.966	"2"
"九成"	1	0	0	0	0.228	0.269	0.053	0.45	0.642	-0.136	-0.024	-0.26	1.062	"1"
"了解"	0	1	0	1	0.456	0.539	0.106	0.9	-0.225	0.332	-0.047	0.157	0.761	"2"
"争取"	1	1	1	4	1.595	1.885	0.371	3.149	-0.3	-0.4	0.499	0.407	1.606	"3"
"争取到"	0	0	0	1	0.228	0.269	0.053	0.45	-0.112	-0.136	-0.024	0.347	0.619	"4"
"争议"	0	2	0	0	0.456	0.539	0.106	0.9	-0.225	1.14	-0.047	-0.519	1.931	"2"
"争论"	1	0	0	0	0.228	0.269	0.053	0.45	0.642	-0.136	-0.024	-0.26	1.062	"1"
"事先"	1	0	0	0	0.228	0.269	0.053	0.45	0.642	-0.136	-0.024	-0.26	1.062	"1"
"五万"	0	0	0	1	0.228	0.269	0.053	0.45	-0.112	-0.136	-0.024	0.347	0.619	"4"
"交付"	0	0	1	0	0.228	0.269	0.053	0.45	-0.112	-0.136	1.275	-0.26	1.783	"3"
"交回"	0	0	0	1	0.228	0.269	0.053	0.45	-0.112	-0.136	-0.024	0.347	0.619	"4"
"交替"	0	0	0	1	0.228	0.269	0.053	0.45	-0.112	-0.136	-0.024	0.347	0.619	"4"
"亲"	0	1	0	1	0.456	0.539	0.106	0.9	-0.225	0.332	-0.047	0.157	0.761	"2"
"亲民"	0	0	0	1	0.228	0.269	0.053	0.45	-0.112	-0.136	-0.024	0.347	0.619	"4"
"亲民党"	0	0	1	0	0.228	0.269	0.053	0.45	-0.112	-0.136	1.275	-0.26	1.783	"3"
"人士"	0	3	0	0	0.684	0.808	0.159	1.35	-0.337	1.709	-0.071	-0.779	2.896	"2"
"人文"	0	0	1	0	0.228	0.269	0.053	0.45	-0.112	-0.136	1.275	-0.26	1.783	"3"
"人民币"	0	2	0	0	0.456	0.539	0.106	0.9	-0.225	1.14	-0.047	-0.519	1.931	"2"
"今日"	2	0	0	1	0.684	0.808	0.159	1.35	0.879	-0.409	-0.071	-0.24	1.599	"1"
"从政"	1	0	0	0	0.228	0.269	0.053	0.45	0.642	-0.136	-0.024	-0.26	1.062	"1"
"仓促"	0	0	0	1	0.228	0.269	0.053	0.45	-0.112	-0.136	-0.024	0.347	0.619	"4"
"他国"	0	1	0	0	0.228	0.269	0.053	0.45	-0.112	0.57	-0.024	-0.26	0.966	"2"
"代"	0	0	0	1	0.228	0.269	0.053	0.45	-0.112	-0.136	-0.024	0.347	0.619	"4"
"代表"	0	0	2	9	2.506	2.962	0.584	4.948	-1.235	-1.499	0.948	1.831	5.513	"4"
"以色列"	0	1	0	0	0.228	0.269	0.053	0.45	-0.112	0.57	-0.024	-0.26	0.966	"2"
"以色列人"	1	0	0	0	0.228	0.269	0.053	0.45	0.642	-0.136	-0.024	-0.26	1.062	"1"
"任"	0	0	0	1	0.228	0.269	0.053	0.45	-0.112	-0.136	-0.024	0.347	0.619	"4"
"份"	7	0	0	0	1.595	1.885	0.371	3.149	4.497	-0.954	-0.166	-1.817	7.434	"1"
"企图"	0	1	0	0	0.228	0.269	0.053	0.45	-0.112	0.57	-0.024	-0.26	0.966	"2"
"伊"	0	4	0	1	1.139	1.346	0.265	2.249	-0.561	1.686	-0.118	-0.591	2.956	"2"
"伊拉克人"	0	0	0	2	0.456	0.539	0.106	0.9	-0.225	-0.272	-0.047	0.694	1.238	"4"
"伊朗"	0	1	0	0	0.228	0.269	0.053	0.45	-0.112	0.57	-0.024	-0.26	0.966	"2"
"伊美"	0	1	0	0	0.228	0.269	0.053	0.45	-0.112	0.57	-0.024	-0.26	0.966	"2"
"众"	0	1	0	0	0.228	0.269	0.053	0.45	-0.112	0.57	-0.024	-0.26	0.966	"2"
"众矢之的"	0	1	0	0	0.228	0.269	0.053	0.45	-0.112	0.57	-0.024	-0.26	0.966	"2"
"众院"	0	0	0	1	0.228	0.269	0.053	0.45	-0.112	-0.136	-0.024	0.347	0.619	"4"
"优于"	0	0	0	1	0.228	0.269	0.053	0.45	-0.112	-0.136	-0.024	0.347	0.619	"4"
"优缺点"	0	0	0	1	0.228	0.269	0.053	0.45	-0.112	-0.136	-0.024	0.347	0.619	"4"
"传媒"	0	3	0	0	0.684	0.808	0.159	1.35	-0.337	1.709	-0.071	-0.779	2.896	"2"
"传话"	0	1	0	0	0.228	0.269	0.053	0.45	-0.112	0.57	-0.024	-0.26	0.966	"2"
"伤亡"	0	3	0	0	0.684	0.808	0.159	1.35	-0.337	1.709	-0.071	-0.779	2.896	"2"
"似乎"	0	1	0	1	0.456	0.539	0.106	0.9	-0.225	0.332	-0.047	0.157	0.761	"2"
"体力"	0	1	0	0	0.228	0.269	0.053	0.45	-0.112	0.57	-0.024	-0.26	0.966	"2"
"体察"	0	0	0	2	0.456	0.539	0.106	0.9	-0.225	-0.272	-0.047	0.694	1.238	"4"
"体现"	0	1	1	0	0.456	0.539	0.106	0.9	-0.225	0.332	0.986	-0.519	2.062	"3"
"佔"	0	0	0	1	0.228	0.269	0.053	0.45	-0.112	-0.136	-0.024	0.347	0.619	"4"
"佔有"	0	0	0	1	0.228	0.269	0.053	0.45	-0.112	-0.136	-0.024	0.347	0.619	"4"
"何光平"	0	1	0	0	0.228	0.269	0.053	0.45	-0.112	0.57	-0.024	-0.26	0.966	"2"
"作法"	0	0	0	1	0.228	0.269	0.053	0.45	-0.112	-0.136	-0.024	0.347	0.619	"4"
"作用"	0	0	0	1	0.228	0.269	0.053	0.45	-0.112	-0.136	-0.024	0.347	0.619	"4"
"依归"	0	0	0	7	1.595	1.885	0.371	3.149	-0.786	-0.954	-0.166	2.428	4.334	"4"
"依循"	1	0	0	0	0.228	0.269	0.053	0.45	0.642	-0.136	-0.024	-0.26	1.062	"1"
"依据"	0	0	0	2	0.456	0.539	0.106	0.9	-0.225	-0.272	-0.047	0.694	1.238	"4"
"依照"	0	0	0	1	0.228	0.269	0.053	0.45	-0.112	-0.136	-0.024	0.347	0.619	"4"
"侨领"	0	1	0	0	0.228	0.269	0.053	0.45	-0.112	0.57	-0.024	-0.26	0.966	"2"
"侵害"	0	1	0	0	0.228	0.269	0.053	0.45	-0.112	0.57	-0.024	-0.26	0.966	"2"
"侵犯"	0	1	0	0	0.228	0.269	0.053	0.45	-0.112	0.57	-0.024	-0.26	0.966	"2"
"俄罗斯"	0	2	0	0	0.456	0.539	0.106	0.9	-0.225	1.14	-0.047	-0.519	1.931	"2"
"保护局"	1	0	0	0	0.228	0.269	0.053	0.45	0.642	-0.136	-0.024	-0.26	1.062	"1"
"信任"	0	1	0	0	0.228	0.269	0.053	0.45	-0.112	0.57	-0.024	-0.26	0.966	"2"
"信心"	1	0	0	1	0.456	0.539	0.106	0.9	0.394	-0.272	-0.047	0.157	0.87	"1"
"俯顺"	1	0	0	0	0.228	0.269	0.053	0.45	0.642	-0.136	-0.024	-0.26	1.062	"1"
"倒数"	0	0	0	1	0.228	0.269	0.053	0.45	-0.112	-0.136	-0.024	0.347	0.619	"4"
"倒阁"	2	0	0	4	1.367	1.616	0.318	2.699	0.384	-0.817	-0.142	0.593	1.936	"2"
"候选人"	3	0	0	1	0.911	1.077	0.212	1.799	1.406	-0.545	-0.095	-0.408	2.454	"1"
"借口"	0	1	0	0	0.228	0.269	0.053	0.45	-0.112	0.57	-0.024	-0.26	0.966	"2"
"借由"	0	1	0	0	0.228	0.269	0.053	0.45	-0.112	0.57	-0.024	-0.26	0.966	"2"
"倾向"	0	0	1	1	0.456	0.539	0.106	0.9	-0.225	-0.272	0.986	0.157	1.64	"3"
"假如"	0	0	0	2	0.456	0.539	0.106	0.9	-0.225	-0.272	-0.047	0.694	1.238	"4"
"做"	3	0	0	2	1.139	1.346	0.265	2.249	1.089	-0.681	-0.118	-0.227	2.115	"1"
"做为"	0	0	0	1	0.228	0.269	0.053	0.45	-0.112	-0.136	-0.024	0.347	0.619	"4"
"做出"	0	0	0	2	0.456	0.539	0.106	0.9	-0.225	-0.272	-0.047	0.694	1.238	"4"
"做好"	0	0	0	2	0.456	0.539	0.106	0.9	-0.225	-0.272	-0.047	0.694	1.238	"4"
"做法"	0	0	0	1	0.228	0.269	0.053	0.45	-0.112	-0.136	-0.024	0.347	0.619	"4"
"停建"	0	0	0	5	1.139	1.346	0.265	2.249	-0.561	-0.681	-0.118	1.735	3.095	"4"
"停止"	0	1	0	1	0.456	0.539	0.106	0.9	-0.225	0.332	-0.047	0.157	0.761	"2"
"偷窃"	0	0	0	1	0.228	0.269	0.053	0.45	-0.112	-0.136	-0.024	0.347	0.619	"4"
"僵局"	0	0	0	2	0.456	0.539	0.106	0.9	-0.225	-0.272	-0.047	0.694	1.238	"4"
"充分"	1	2	1	3	1.595	1.885	0.371	3.149	-0.3	0.221	0.499	-0.216	1.236	"3"
"克拉克"	1	0	0	0	0.228	0.269	0.053	0.45	0.642	-0.136	-0.024	-0.26	1.062	"1"
"克林顿"	1	0	0	0	0.228	0.269	0.053	0.45	0.642	-0.136	-0.024	-0.26	1.062	"1"
"党"	3	0	1	5	2.051	2.423	0.477	4.049	0.472	-1.226	0.411	0.422	2.531	"2"
"党员"	0	0	0	1	0.228	0.269	0.053	0.45	-0.112	-0.136	-0.024	0.347	0.619	"4"
"党团"	0	0	0	1	0.228	0.269	0.053	0.45	-0.112	-0.136	-0.024	0.347	0.619	"4"
"党派"	0	1	0	2	0.684	0.808	0.159	1.35	-0.337	0.215	-0.071	0.372	0.995	"4"
"党部"	1	0	0	3	0.911	1.077	0.212	1.799	0.191	-0.545	-0.095	0.617	1.448	"4"
"全民"	2	0	3	2	1.595	1.885	0.371	3.149	0.303	-0.954	2.352	-0.499	4.108	"3"
"公众"	0	5	0	0	1.139	1.346	0.265	2.249	-0.561	2.849	-0.118	-1.298	4.826	"2"
"公佈"	3	0	0	2	1.139	1.346	0.265	2.249	1.089	-0.681	-0.118	-0.227	2.115	"1"
"公听会"	0	0	1	2	0.684	0.808	0.159	1.35	-0.337	-0.409	0.821	0.372	1.939	"3"
"公布"	10	0	0	1	2.506	2.962	0.584	4.948	5.483	-1.499	-0.26	-1.855	9.097	"1"
"公平"	0	0	0	2	0.456	0.539	0.106	0.9	-0.225	-0.272	-0.047	0.694	1.238	"4"
"公投"	0	0	0	5	1.139	1.346	0.265	2.249	-0.561	-0.681	-0.118	1.735	3.095	"4"
"公民"	2	0	0	2	0.911	1.077	0.212	1.799	0.648	-0.545	-0.095	0.216	1.504	"1"
"公然"	0	0	0	1	0.228	0.269	0.053	0.45	-0.112	-0.136	-0.024	0.347	0.619	"4"
"公理"	0	0	0	1	0.228	0.269	0.053	0.45	-0.112	-0.136	-0.024	0.347	0.619	"4"
"六成"	0	0	0	2	0.456	0.539	0.106	0.9	-0.225	-0.272	-0.047	0.694	1.238	"4"
"共和"	1	0	0	0	0.228	0.269	0.053	0.45	0.642	-0.136	-0.024	-0.26	1.062	"1"
"共识"	0	0	0	1	0.228	0.269	0.053	0.45	-0.112	-0.136	-0.024	0.347	0.619	"4"
"关切"	0	0	0	1	0.228	0.269	0.053	0.45	-0.112	-0.136	-0.024	0.347	0.619	"4"
"关怀"	0	0	1	0	0.228	0.269	0.053	0.45	-0.112	-0.136	1.275	-0.26	1.783	"3"
"关注"	0	5	0	0	1.139	1.346	0.265	2.249	-0.561	2.849	-0.118	-1.298	4.826	"2"
"内部"	0	1	0	0	0.228	0.269	0.053	0.45	-0.112	0.57	-0.024	-0.26	0.966	"2"
"再一次"	0	0	0	1	0.228	0.269	0.053	0.45	-0.112	-0.136	-0.024	0.347	0.619	"4"
"决定权"	0	0	0	1	0.228	0.269	0.053	0.45	-0.112	-0.136	-0.024	0.347	0.619	"4"
"决策"	0	1	0	2	0.684	0.808	0.159	1.35	-0.337	0.215	-0.071	0.372	0.995	"4"
"凋零"	0	1	0	0	0.228	0.269	0.053	0.45	-0.112	0.57	-0.024	-0.26	0.966	"2"
"凡事"	0	0	0	1	0.228	0.269	0.053	0.45	-0.112	-0.136	-0.024	0.347	0.619	"4"
"凯利"	0	1	0	0	0.228	0.269	0.053	0.45	-0.112	0.57	-0.024	-0.26	0.966	"2"
"凯尔纳"	1	0	0	0	0.228	0.269	0.053	0.45	0.642	-0.136	-0.024	-0.26	1.062	"1"
"出尔反尔"	0	1	0	0	0.228	0.269	0.053	0.45	-0.112	0.57	-0.024	-0.26	0.966	"2"
"出炉"	0	0	0	1	0.228	0.269	0.053	0.45	-0.112	-0.136	-0.024	0.347	0.619	"4"
"分析"	0	1	0	1	0.456	0.539	0.106	0.9	-0.225	0.332	-0.047	0.157	0.761	"2"
"分歧"	0	0	0	1	0.228	0.269	0.053	0.45	-0.112	-0.136	-0.024	0.347	0.619	"4"
"切入点"	0	0	1	0	0.228	0.269	0.053	0.45	-0.112	-0.136	1.275	-0.26	1.783	"3"
"刊出"	1	0	0	0	0.228	0.269	0.053	0.45	0.642	-0.136	-0.024	-0.26	1.062	"1"
"列"	0	1	0	0	0.228	0.269	0.053	0.45	-0.112	0.57	-0.024	-0.26	0.966	"2"
"刘泰英"	0	0	1	0	0.228	0.269	0.053	0.45	-0.112	-0.136	1.275	-0.26	1.783	"3"
"初选"	2	0	0	0	0.456	0.539	0.106	0.9	1.285	-0.272	-0.047	-0.519	2.123	"1"
"制"	0	0	0	1	0.228	0.269	0.053	0.45	-0.112	-0.136	-0.024	0.347	0.619	"4"
"制造"	0	1	0	2	0.684	0.808	0.159	1.35	-0.337	0.215	-0.071	0.372	0.995	"4"
"刻意"	0	0	0	1	0.228	0.269	0.053	0.45	-0.112	-0.136	-0.024	0.347	0.619	"4"
"前夕"	2	0	0	1	0.684	0.808	0.159	1.35	0.879	-0.409	-0.071	-0.24	1.599	"1"
"前提"	0	0	0	1	0.228	0.269	0.053	0.45	-0.112	-0.136	-0.024	0.347	0.619	"4"
"副首长"	0	0	0	1	0.228	0.269	0.053	0.45	-0.112	-0.136	-0.024	0.347	0.619	"4"
"割"	0	1	0	0	0.228	0.269	0.053	0.45	-0.112	0.57	-0.024	-0.26	0.966	"2"
"力度"	0	0	0	1	0.228	0.269	0.053	0.45	-0.112	-0.136	-0.024	0.347	0.619	"4"
"办事"	0	0	0	1	0.228	0.269	0.053	0.45	-0.112	-0.136	-0.024	0.347	0.619	"4"
"加大"	0	1	0	1	0.456	0.539	0.106	0.9	-0.225	0.332	-0.047	0.157	0.761	"2"
"加州"	2	0	0	0	0.456	0.539	0.106	0.9	1.285	-0.272	-0.047	-0.519	2.123	"1"
"加籐"	0	1	0	0	0.228	0.269	0.053	0.45	-0.112	0.57	-0.024	-0.26	0.966	"2"
"加纳"	0	1	0	0	0.228	0.269	0.053	0.45	-0.112	0.57	-0.024	-0.26	0.966	"2"
"加註"	0	0	0	1	0.228	0.269	0.053	0.45	-0.112	-0.136	-0.024	0.347	0.619	"4"
"务必"	0	0	0	1	0.228	0.269	0.053	0.45	-0.112	-0.136	-0.024	0.347	0.619	"4"
"劣质"	0	1	0	0	0.228	0.269	0.053	0.45	-0.112	0.57	-0.024	-0.26	0.966	"2"
"动向"	0	0	0	1	0.228	0.269	0.053	0.45	-0.112	-0.136	-0.024	0.347	0.619	"4"
"动议"	0	0	0	2	0.456	0.539	0.106	0.9	-0.225	-0.272	-0.047	0.694	1.238	"4"
"势"	0	1	0	0	0.228	0.269	0.053	0.45	-0.112	0.57	-0.024	-0.26	0.966	"2"
"包含"	0	0	1	0	0.228	0.269	0.053	0.45	-0.112	-0.136	1.275	-0.26	1.783	"3"
"北约"	0	2	0	0	0.456	0.539	0.106	0.9	-0.225	1.14	-0.047	-0.519	1.931	"2"
"匡正"	0	0	1	0	0.228	0.269	0.053	0.45	-0.112	-0.136	1.275	-0.26	1.783	"3"
"升值"	0	2	0	0	0.456	0.539	0.106	0.9	-0.225	1.14	-0.047	-0.519	1.931	"2"
"升高"	0	1	0	0	0.228	0.269	0.053	0.45	-0.112	0.57	-0.024	-0.26	0.966	"2"
"半数"	2	0	0	0	0.456	0.539	0.106	0.9	1.285	-0.272	-0.047	-0.519	2.123	"1"
"华中"	0	0	0	1	0.228	0.269	0.053	0.45	-0.112	-0.136	-0.024	0.347	0.619	"4"
"卖台"	0	0	0	1	0.228	0.269	0.053	0.45	-0.112	-0.136	-0.024	0.347	0.619	"4"
"占上风"	1	0	0	0	0.228	0.269	0.053	0.45	0.642	-0.136	-0.024	-0.26	1.062	"1"
"卫冕"	0	0	0	1	0.228	0.269	0.053	0.45	-0.112	-0.136	-0.024	0.347	0.619	"4"
"卫生部长"	0	1	0	0	0.228	0.269	0.053	0.45	-0.112	0.57	-0.024	-0.26	0.966	"2"
"历经"	0	1	0	0	0.228	0.269	0.053	0.45	-0.112	0.57	-0.024	-0.26	0.966	"2"
"压力"	1	11	0	0	2.734	3.231	0.637	5.398	-0.69	5.312	-0.284	-3.114	9.4	"2"
"原则"	0	0	0	3	0.684	0.808	0.159	1.35	-0.337	-0.409	-0.071	1.041	1.858	"4"
"参与"	0	0	0	1	0.228	0.269	0.053	0.45	-0.112	-0.136	-0.024	0.347	0.619	"4"
"参战"	1	0	0	0	0.228	0.269	0.053	0.45	0.642	-0.136	-0.024	-0.26	1.062	"1"
"参选人"	1	0	0	0	0.228	0.269	0.053	0.45	0.642	-0.136	-0.024	-0.26	1.062	"1"
"反"	0	0	1	1	0.456	0.539	0.106	0.9	-0.225	-0.272	0.986	0.157	1.64	"3"
"反华"	0	0	0	2	0.456	0.539	0.106	0.9	-0.225	-0.272	-0.047	0.694	1.238	"4"
"反对"	2	4	0	5	2.506	2.962	0.584	4.948	-0.279	0.467	-0.26	0.22	1.226	"2"
"反对党"	2	0	0	0	0.456	0.539	0.106	0.9	1.285	-0.272	-0.047	-0.519	2.123	"1"
"反应"	0	6	0	1	1.595	1.885	0.371	3.149	-0.786	2.688	-0.166	-0.989	4.629	"2"
"反弹"	0	1	0	2	0.684	0.808	0.159	1.35	-0.337	0.215	-0.071	0.372	0.995	"4"
"反旗"	0	1	0	0	0.228	0.269	0.053	0.45	-0.112	0.57	-0.024	-0.26	0.966	"2"
"反映"	1	1	0	5	1.595	1.885	0.371	3.149	-0.3	-0.4	-0.166	0.816	1.682	"4"
"反核"	0	0	0	1	0.228	0.269	0.053	0.45	-0.112	-0.136	-0.024	0.347	0.619	"4"
"反躬自省"	0	0	0	1	0.228	0.269	0.053	0.45	-0.112	-0.136	-0.024	0.347	0.619	"4"
"发动"	0	0	0	1	0.228	0.269	0.053	0.45	-0.112	-0.136	-0.024	0.347	0.619	"4"
"发现"	2	0	0	1	0.684	0.808	0.159	1.35	0.879	-0.409	-0.071	-0.24	1.599	"1"
"发表"	1	0	0	2	0.684	0.808	0.159	1.35	0.268	-0.409	-0.071	0.372	1.12	"2"
"取决"	0	0	0	2	0.456	0.539	0.106	0.9	-0.225	-0.272	-0.047	0.694	1.238	"4"
"受到"	0	4	0	0	0.911	1.077	0.212	1.799	-0.449	2.279	-0.095	-1.038	3.861	"2"
"变得"	0	1	0	0	0.228	0.269	0.053	0.45	-0.112	0.57	-0.024	-0.26	0.966	"2"
"变更"	0	0	0	2	0.456	0.539	0.106	0.9	-0.225	-0.272	-0.047	0.694	1.238	"4"
"古仔"	1	0	0	0	0.228	0.269	0.053	0.45	0.642	-0.136	-0.024	-0.26	1.062	"1"
"另一方面"	1	1	0	0	0.456	0.539	0.106	0.9	0.394	0.332	-0.047	-0.519	1.292	"4"
"另外"	0	1	0	0	0.228	0.269	0.053	0.45	-0.112	0.57	-0.024	-0.26	0.966	"2"
"只有"	0	0	0	1	0.228	0.269	0.053	0.45	-0.112	-0.136	-0.024	0.347	0.619	"4"
"台南县"	0	0	0	1	0.228	0.269	0.053	0.45	-0.112	-0.136	-0.024	0.347	0.619	"4"
"台商"	0	1	0	0	0.228	0.269	0.053	0.45	-0.112	0.57	-0.024	-0.26	0.966	"2"
"台大"	1	0	0	2	0.684	0.808	0.159	1.35	0.268	-0.409	-0.071	0.372	1.12	"2"
"台湾"	2	0	5	14	4.785	5.654	1.114	9.447	-0.952	-2.861	2.379	1.423	7.615	"2"
"台湾人"	0	0	0	3	0.684	0.808	0.159	1.35	-0.337	-0.409	-0.071	1.041	1.858	"4"
"台独"	0	0	1	3	0.911	1.077	0.212	1.799	-0.449	-0.545	0.708	0.617	2.319	"3"
"吁"	0	0	0	2	0.456	0.539	0.106	0.9	-0.225	-0.272	-0.047	0.694	1.238	"4"
"各界"	0	1	0	0	0.228	0.269	0.053	0.45	-0.112	0.57	-0.024	-0.26	0.966	"2"
"合"	0	0	0	1	0.228	0.269	0.053	0.45	-0.112	-0.136	-0.024	0.347	0.619	"4"
"合併成"	0	0	1	0	0.228	0.269	0.053	0.45	-0.112	-0.136	1.275	-0.26	1.783	"3"
"合理性"	0	0	0	1	0.228	0.269	0.053	0.45	-0.112	-0.136	-0.024	0.347	0.619	"4"
"同情"	0	0	0	1	0.228	0.269	0.053	0.45	-0.112	-0.136	-0.024	0.347	0.619	"4"
"同意"	0	0	0	1	0.228	0.269	0.053	0.45	-0.112	-0.136	-0.024	0.347	0.619	"4"
"否决"	0	1	0	0	0.228	0.269	0.053	0.45	-0.112	0.57	-0.024	-0.26	0.966	"2"
"否则"	0	0	0	2	0.456	0.539	0.106	0.9	-0.225	-0.272	-0.047	0.694	1.238	"4"
"听"	0	0	0	1	0.228	0.269	0.053	0.45	-0.112	-0.136	-0.024	0.347	0.619	"4"
"听取"	0	0	0	4	0.911	1.077	0.212	1.799	-0.449	-0.545	-0.095	1.388	2.477	"4"
"听命"	0	0	0	1	0.228	0.269	0.053	0.45	-0.112	-0.136	-0.024	0.347	0.619	"4"
"呈现出来"	0	0	1	0	0.228	0.269	0.053	0.45	-0.112	-0.136	1.275	-0.26	1.783	"3"
"周刊"	2	0	0	1	0.684	0.808	0.159	1.35	0.879	-0.409	-0.071	-0.24	1.599	"1"
"呼声"	1	0	0	0	0.228	0.269	0.053	0.45	0.642	-0.136	-0.024	-0.26	1.062	"1"
"命案"	0	1	0	0	0.228	0.269	0.053	0.45	-0.112	0.57	-0.024	-0.26	0.966	"2"
"和"	0	34	0	1	7.974	9.424	1.857	15.745	-3.93	17.962	-0.829	-7.612	30.333	"2"
"咨询"	0	0	0	1	0.228	0.269	0.053	0.45	-0.112	-0.136	-0.024	0.347	0.619	"4"
"响"	0	0	0	1	0.228	0.269	0.053	0.45	-0.112	-0.136	-0.024	0.347	0.619	"4"
"哗然"	0	5	0	0	1.139	1.346	0.265	2.249	-0.561	2.849	-0.118	-1.298	4.826	"2"
"唿吁"	0	2	1	1	0.911	1.077	0.212	1.799	-0.449	0.531	0.708	-0.408	2.096	"3"
"唿声"	0	0	0	1	0.228	0.269	0.053	0.45	-0.112	-0.136	-0.024	0.347	0.619	"4"
"商榷"	0	0	0	1	0.228	0.269	0.053	0.45	-0.112	-0.136	-0.024	0.347	0.619	"4"
"四月"	1	0	0	0	0.228	0.269	0.053	0.45	0.642	-0.136	-0.024	-0.26	1.062	"1"
"回国"	0	1	0	0	0.228	0.269	0.053	0.45	-0.112	0.57	-0.024	-0.26	0.966	"2"
"回头"	0	0	0	1	0.228	0.269	0.053	0.45	-0.112	-0.136	-0.024	0.347	0.619	"4"
"回应"	0	1	0	1	0.456	0.539	0.106	0.9	-0.225	0.332	-0.047	0.157	0.761	"2"
"回归"	0	0	0	4	0.911	1.077	0.212	1.799	-0.449	-0.545	-0.095	1.388	2.477	"4"
"回流"	0	0	0	1	0.228	0.269	0.053	0.45	-0.112	-0.136	-0.024	0.347	0.619	"4"
"回避"	0	0	0	1	0.228	0.269	0.053	0.45	-0.112	-0.136	-0.024	0.347	0.619	"4"
"回馈"	0	1	0	0	0.228	0.269	0.053	0.45	-0.112	0.57	-0.024	-0.26	0.966	"2"
"团体"	0	0	0	1	0.228	0.269	0.053	0.45	-0.112	-0.136	-0.024	0.347	0.619	"4"
"团结"	0	0	0	1	0.228	0.269	0.053	0.45	-0.112	-0.136	-0.024	0.347	0.619	"4"
"固然"	0	0	0	1	0.228	0.269	0.053	0.45	-0.112	-0.136	-0.024	0.347	0.619	"4"
"国一"	1	0	0	0	0.228	0.269	0.053	0.45	0.642	-0.136	-0.024	-0.26	1.062	"1"
"国会"	0	0	0	14	3.19	3.77	0.743	6.298	-1.572	-1.907	-0.331	4.857	8.667	"4"
"国内"	0	4	0	0	0.911	1.077	0.212	1.799	-0.449	2.279	-0.095	-1.038	3.861	"2"
"国内外"	0	1	0	0	0.228	0.269	0.053	0.45	-0.112	0.57	-0.024	-0.26	0.966	"2"
"国军"	0	0	0	2	0.456	0.539	0.106	0.9	-0.225	-0.272	-0.047	0.694	1.238	"4"
"国歌"	0	1	0	0	0.228	0.269	0.053	0.45	-0.112	0.57	-0.024	-0.26	0.966	"2"
"国民党"	1	0	1	4	1.367	1.616	0.318	2.699	-0.231	-0.817	0.554	0.593	2.195	"2"
"国经"	0	1	0	0	0.228	0.269	0.053	0.45	-0.112	0.57	-0.024	-0.26	0.966	"2"
"国统纲领"	0	0	0	1	0.228	0.269	0.053	0.45	-0.112	-0.136	-0.024	0.347	0.619	"4"
"国际"	0	5	0	0	1.139	1.346	0.265	2.249	-0.561	2.849	-0.118	-1.298	4.826	"2"
"在于"	0	0	0	1	0.228	0.269	0.053	0.45	-0.112	-0.136	-0.024	0.347	0.619	"4"
"在意"	0	0	0	1	0.228	0.269	0.053	0.45	-0.112	-0.136	-0.024	0.347	0.619	"4"
"在野"	1	0	1	5	1.595	1.885	0.371	3.149	-0.3	-0.954	0.499	0.816	2.569	"2"
"在野党"	0	0	1	6	1.595	1.885	0.371	3.149	-0.786	-0.954	0.499	1.448	3.687	"4"
"在野党团"	0	0	0	2	0.456	0.539	0.106	0.9	-0.225	-0.272	-0.047	0.694	1.238	"4"
"地方"	1	1	0	3	1.139	1.346	0.265	2.249	-0.168	-0.228	-0.118	0.391	0.905	"4"
"地步"	0	0	0	1	0.228	0.269	0.053	0.45	-0.112	-0.136	-0.024	0.347	0.619	"4"
"均"	0	1	0	0	0.228	0.269	0.053	0.45	-0.112	0.57	-0.024	-0.26	0.966	"2"
"均一"	1	0	0	0	0.228	0.269	0.053	0.45	0.642	-0.136	-0.024	-0.26	1.062	"1"
"坏"	0	0	0	1	0.228	0.269	0.053	0.45	-0.112	-0.136	-0.024	0.347	0.619	"4"
"坚持"	0	0	0	2	0.456	0.539	0.106	0.9	-0.225	-0.272	-0.047	0.694	1.238	"4"
"坦然"	0	0	0	1	0.228	0.269	0.053	0.45	-0.112	-0.136	-0.024	0.347	0.619	"4"
"垃圾袋"	0	1	0	0	0.228	0.269	0.053	0.45	-0.112	0.57	-0.024	-0.26	0.966	"2"
"垃圾费"	1	0	0	0	0.228	0.269	0.053	0.45	0.642	-0.136	-0.024	-0.26	1.062	"1"
"基层"	0	0	0	1	0.228	0.269	0.053	0.45	-0.112	-0.136	-0.024	0.347	0.619	"4"
"基本面"	0	0	0	1	0.228	0.269	0.053	0.45	-0.112	-0.136	-0.024	0.347	0.619	"4"
"基础"	0	0	0	7	1.595	1.885	0.371	3.149	-0.786	-0.954	-0.166	2.428	4.334	"4"
"基金会"	1	0	0	0	0.228	0.269	0.053	0.45	0.642	-0.136	-0.024	-0.26	1.062	"1"
"堪称"	0	0	0	1	0.228	0.269	0.053	0.45	-0.112	-0.136	-0.024	0.347	0.619	"4"
"增列"	0	0	0	2	0.456	0.539	0.106	0.9	-0.225	-0.272	-0.047	0.694	1.238	"4"
"声"	1	1	0	0	0.456	0.539	0.106	0.9	0.394	0.332	-0.047	-0.519	1.292	"4"
"声援"	0	1	0	0	0.228	0.269	0.053	0.45	-0.112	0.57	-0.024	-0.26	0.966	"2"
"声讨"	0	1	0	0	0.228	0.269	0.053	0.45	-0.112	0.57	-0.024	-0.26	0.966	"2"
"声音"	0	0	0	2	0.456	0.539	0.106	0.9	-0.225	-0.272	-0.047	0.694	1.238	"4"
"备受"	0	4	0	1	1.139	1.346	0.265	2.249	-0.561	1.686	-0.118	-0.591	2.956	"2"
"复会"	0	0	0	1	0.228	0.269	0.053	0.45	-0.112	-0.136	-0.024	0.347	0.619	"4"
"多数"	2	0	1	7	2.278	2.693	0.531	4.499	-0.227	-1.362	0.377	0.992	2.958	"2"
"大多"	1	0	1	1	0.684	0.808	0.159	1.35	0.268	-0.409	0.821	-0.24	1.738	"3"
"大学"	5	0	0	2	1.595	1.885	0.371	3.149	2.072	-0.954	-0.166	-0.499	3.691	"1"
"大法官"	0	0	0	2	0.456	0.539	0.106	0.9	-0.225	-0.272	-0.047	0.694	1.238	"4"
"大获全胜"	0	0	0	1	0.228	0.269	0.053	0.45	-0.112	-0.136	-0.024	0.347	0.619	"4"
"大跌"	0	1	0	0	0.228	0.269	0.053	0.45	-0.112	0.57	-0.024	-0.26	0.966	"2"
"大选"	3	4	0	3	2.278	2.693	0.531	4.499	0.39	0.567	-0.237	-0.575	1.769	"4"
"大都"	0	0	0	1	0.228	0.269	0.053	0.45	-0.112	-0.136	-0.024	0.347	0.619	"4"
"大马尼拉区"	1	0	0	0	0.228	0.269	0.053	0.45	0.642	-0.136	-0.024	-0.26	1.062	"1"
"失利"	0	1	0	0	0.228	0.269	0.053	0.45	-0.112	0.57	-0.024	-0.26	0.966	"2"
"头等"	0	0	0	1	0.228	0.269	0.053	0.45	-0.112	-0.136	-0.024	0.347	0.619	"4"
"奔走"	0	0	1	0	0.228	0.269	0.053	0.45	-0.112	-0.136	1.275	-0.26	1.783	"3"
"好报"	0	0	0	1	0.228	0.269	0.053	0.45	-0.112	-0.136	-0.024	0.347	0.619	"4"
"好评"	0	2	0	0	0.456	0.539	0.106	0.9	-0.225	1.14	-0.047	-0.519	1.931	"2"
"如何"	0	0	0	1	0.228	0.269	0.053	0.45	-0.112	-0.136	-0.024	0.347	0.619	"4"
"如果"	4	0	1	6	2.506	2.962	0.584	4.948	0.643	-1.499	0.346	0.436	2.924	"2"
"如果说"	0	0	0	1	0.228	0.269	0.053	0.45	-0.112	-0.136	-0.024	0.347	0.619	"4"
"如此"	0	1	0	0	0.228	0.269	0.053	0.45	-0.112	0.57	-0.024	-0.26	0.966	"2"
"始终"	0	0	0	1	0.228	0.269	0.053	0.45	-0.112	-0.136	-0.024	0.347	0.619	"4"
"委託"	1	0	0	0	0.228	0.269	0.053	0.45	0.642	-0.136	-0.024	-0.26	1.062	"1"
"媒体"	0	9	1	2	2.734	3.231	0.637	5.398	-1.347	3.146	0.319	-1.374	6.186	"2"
"嫌疑"	0	0	0	1	0.228	0.269	0.053	0.45	-0.112	-0.136	-0.024	0.347	0.619	"4"
"学术"	1	0	0	0	0.228	0.269	0.053	0.45	0.642	-0.136	-0.024	-0.26	1.062	"1"
"学界"	0	1	0	0	0.228	0.269	0.053	0.45	-0.112	0.57	-0.024	-0.26	0.966	"2"
"宋楚瑜"	0	0	0	1	0.228	0.269	0.053	0.45	-0.112	-0.136	-0.024	0.347	0.619	"4"
"完全"	1	0	1	2	0.911	1.077	0.212	1.799	0.191	-0.545	0.708	0.216	1.66	"3"
"官方"	0	1	0	0	0.228	0.269	0.053	0.45	-0.112	0.57	-0.024	-0.26	0.966	"2"
"定"	0	0	0	4	0.911	1.077	0.212	1.799	-0.449	-0.545	-0.095	1.388	2.477	"4"
"宜兰县"	0	0	0	2	0.456	0.539	0.106	0.9	-0.225	-0.272	-0.047	0.694	1.238	"4"
"实是"	0	0	0	1	0.228	0.269	0.053	0.45	-0.112	-0.136	-0.024	0.347	0.619	"4"
"实质性"	0	1	0	0	0.228	0.269	0.053	0.45	-0.112	0.57	-0.024	-0.26	0.966	"2"
"审慎"	0	0	0	1	0.228	0.269	0.053	0.45	-0.112	-0.136	-0.024	0.347	0.619	"4"
"宣传"	0	0	0	4	0.911	1.077	0.212	1.799	-0.449	-0.545	-0.095	1.388	2.477	"4"
"宣导"	0	0	0	1	0.228	0.269	0.053	0.45	-0.112	-0.136	-0.024	0.347	0.619	"4"
"宪政体"	0	0	0	1	0.228	0.269	0.053	0.45	-0.112	-0.136	-0.024	0.347	0.619	"4"
"宽赦"	0	1	0	0	0.228	0.269	0.053	0.45	-0.112	0.57	-0.024	-0.26	0.966	"2"
"对"	1	27	0	2	6.835	8.078	1.592	13.496	-2.375	12.168	-0.71	-5.285	20.538	"2"
"对话"	0	0	0	2	0.456	0.539	0.106	0.9	-0.225	-0.272	-0.047	0.694	1.238	"4"
"寻求"	0	0	0	1	0.228	0.269	0.053	0.45	-0.112	-0.136	-0.024	0.347	0.619	"4"
"导"	0	1	0	0	0.228	0.269	0.053	0.45	-0.112	0.57	-0.024	-0.26	0.966	"2"
"导向"	0	0	0	4	0.911	1.077	0.212	1.799	-0.449	-0.545	-0.095	1.388	2.477	"4"
"导引"	0	0	1	0	0.228	0.269	0.053	0.45	-0.112	-0.136	1.275	-0.26	1.783	"3"
"封锁"	0	0	0	1	0.228	0.269	0.053	0.45	-0.112	-0.136	-0.024	0.347	0.619	"4"
"尊"	0	0	0	1	0.228	0.269	0.053	0.45	-0.112	-0.136	-0.024	0.347	0.619	"4"
"尊重"	0	0	0	7	1.595	1.885	0.371	3.149	-0.786	-0.954	-0.166	2.428	4.334	"4"
"尊重国"	0	0	0	1	0.228	0.269	0.053	0.45	-0.112	-0.136	-0.024	0.347	0.619	"4"
"小姨"	1	0	0	0	0.228	0.269	0.053	0.45	0.642	-0.136	-0.024	-0.26	1.062	"1"
"小布什"	1	0	0	0	0.228	0.269	0.053	0.45	0.642	-0.136	-0.024	-0.26	1.062	"1"
"少数"	0	0	0	4	0.911	1.077	0.212	1.799	-0.449	-0.545	-0.095	1.388	2.477	"4"
"尤格夫"	1	0	0	0	0.228	0.269	0.053	0.45	0.642	-0.136	-0.024	-0.26	1.062	"1"
"尽"	0	2	0	0	0.456	0.539	0.106	0.9	-0.225	1.14	-0.047	-0.519	1.931	"2"
"尽快"	0	0	1	1	0.456	0.539	0.106	0.9	-0.225	-0.272	0.986	0.157	1.64	"3"
"尽管"	3	2	0	2	1.595	1.885	0.371	3.149	0.701	0.221	-0.166	-0.499	1.587	"1"
"屈服"	0	1	0	0	0.228	0.269	0.053	0.45	-0.112	0.57	-0.024	-0.26	0.966	"2"
"展现"	0	0	0	3	0.684	0.808	0.159	1.35	-0.337	-0.409	-0.071	1.041	1.858	"4"
"屡屡"	0	0	0	1	0.228	0.269	0.053	0.45	-0.112	-0.136	-0.024	0.347	0.619	"4"
"岛"	0	3	0	0	0.684	0.808	0.159	1.35	-0.337	1.709	-0.071	-0.779	2.896	"2"
"巨大"	0	1	0	0	0.228	0.269	0.053	0.45	-0.112	0.57	-0.024	-0.26	0.966	"2"
"差距"	1	0	0	0	0.228	0.269	0.053	0.45	0.642	-0.136	-0.024	-0.26	1.062	"1"
"巴基"	0	0	0	1	0.228	0.269	0.053	0.45	-0.112	-0.136	-0.024	0.347	0.619	"4"
"巴拉克"	0	0	0	1	0.228	0.269	0.053	0.45	-0.112	-0.136	-0.024	0.347	0.619	"4"
"市地"	0	0	0	1	0.228	0.269	0.053	0.45	-0.112	-0.136	-0.024	0.347	0.619	"4"
"市民"	2	3	0	0	1.139	1.346	0.265	2.249	0.494	0.904	-0.118	-1.298	2.814	"4"
"市长"	0	0	1	0	0.228	0.269	0.053	0.45	-0.112	-0.136	1.275	-0.26	1.783	"3"
"布"	1	0	0	0	0.228	0.269	0.053	0.45	0.642	-0.136	-0.024	-0.26	1.062	"1"
"布什"	6	0	0	5	2.506	2.962	0.584	4.948	1.656	-1.499	-0.26	0.22	3.635	"1"
"布希"	2	0	0	3	1.139	1.346	0.265	2.249	0.494	-0.681	-0.118	0.391	1.684	"2"
"布莱尔"	1	1	0	1	0.684	0.808	0.159	1.35	0.268	0.215	-0.071	-0.24	0.794	"1"
"希望"	3	1	0	11	3.418	4.039	0.796	6.748	-0.265	-1.229	-0.355	1.595	3.444	"4"
"席次"	0	0	0	1	0.228	0.269	0.053	0.45	-0.112	-0.136	-0.024	0.347	0.619	"4"
"常态"	0	0	0	1	0.228	0.269	0.053	0.45	-0.112	-0.136	-0.024	0.347	0.619	"4"
"幌子"	0	0	0	1	0.228	0.269	0.053	0.45	-0.112	-0.136	-0.024	0.347	0.619	"4"
"平衡"	0	1	0	0	0.228	0.269	0.053	0.45	-0.112	0.57	-0.024	-0.26	0.966	"2"
"并存"	0	0	0	1	0.228	0.269	0.053	0.45	-0.112	-0.136	-0.024	0.347	0.619	"4"
"广征"	0	0	0	1	0.228	0.269	0.053	0.45	-0.112	-0.136	-0.024	0.347	0.619	"4"
"广播"	1	0	0	1	0.456	0.539	0.106	0.9	0.394	-0.272	-0.047	0.157	0.87	"1"
"广泛"	0	1	0	2	0.684	0.808	0.159	1.35	-0.337	0.215	-0.071	0.372	0.995	"4"
"广纳"	0	1	0	0	0.228	0.269	0.053	0.45	-0.112	0.57	-0.024	-0.26	0.966	"2"
"应该"	2	1	0	3	1.367	1.616	0.318	2.699	0.384	-0.311	-0.142	0.253	1.09	"1"
"底线"	0	0	0	1	0.228	0.269	0.053	0.45	-0.112	-0.136	-0.024	0.347	0.619	"4"
"度料"	0	0	0	1	0.228	0.269	0.053	0.45	-0.112	-0.136	-0.024	0.347	0.619	"4"
"康莱特"	0	1	0	0	0.228	0.269	0.053	0.45	-0.112	0.57	-0.024	-0.26	0.966	"2"
"延后"	1	0	0	0	0.228	0.269	0.053	0.45	0.642	-0.136	-0.024	-0.26	1.062	"1"
"建案"	0	0	0	1	0.228	0.269	0.053	0.45	-0.112	-0.136	-0.024	0.347	0.619	"4"
"开战"	0	0	0	1	0.228	0.269	0.053	0.45	-0.112	-0.136	-0.024	0.347	0.619	"4"
"引"	0	0	1	1	0.456	0.539	0.106	0.9	-0.225	-0.272	0.986	0.157	1.64	"3"
"引发"	0	2	0	2	0.911	1.077	0.212	1.799	-0.449	0.531	-0.095	0.216	1.291	"2"
"引导"	0	0	0	2	0.456	0.539	0.106	0.9	-0.225	-0.272	-0.047	0.694	1.238	"4"
"引起"	0	8	0	0	1.823	2.154	0.424	3.599	-0.898	4.559	-0.189	-2.076	7.722	"2"
"弹劾"	0	0	0	1	0.228	0.269	0.053	0.45	-0.112	-0.136	-0.024	0.347	0.619	"4"
"强大"	1	3	0	0	0.911	1.077	0.212	1.799	0.191	1.205	-0.095	-1.038	2.529	"2"
"强姦"	0	0	0	1	0.228	0.269	0.053	0.45	-0.112	-0.136	-0.024	0.347	0.619	"4"
"强有力"	0	1	0	0	0.228	0.269	0.053	0.45	-0.112	0.57	-0.024	-0.26	0.966	"2"
"强烈"	0	4	0	1	1.139	1.346	0.265	2.249	-0.561	1.686	-0.118	-0.591	2.956	"2"
"强盗"	0	0	0	1	0.228	0.269	0.053	0.45	-0.112	-0.136	-0.024	0.347	0.619	"4"
"强调"	0	0	0	1	0.228	0.269	0.053	0.45	-0.112	-0.136	-0.024	0.347	0.619	"4"
"归向"	0	0	0	1	0.228	0.269	0.053	0.45	-0.112	-0.136	-0.024	0.347	0.619	"4"
"当中"	0	0	0	2	0.456	0.539	0.106	0.9	-0.225	-0.272	-0.047	0.694	1.238	"4"
"当作"	0	0	0	1	0.228	0.269	0.053	0.45	-0.112	-0.136	-0.024	0.347	0.619	"4"
"当前"	0	0	0	1	0.228	0.269	0.053	0.45	-0.112	-0.136	-0.024	0.347	0.619	"4"
"当前形"	0	1	0	0	0.228	0.269	0.053	0.45	-0.112	0.57	-0.024	-0.26	0.966	"2"
"当地"	0	4	0	1	1.139	1.346	0.265	2.249	-0.561	1.686	-0.118	-0.591	2.956	"2"
"当地展"	0	1	0	0	0.228	0.269	0.053	0.45	-0.112	0.57	-0.024	-0.26	0.966	"2"
"当局"	0	1	2	3	1.367	1.616	0.318	2.699	-0.674	-0.311	1.437	0.253	2.675	"3"
"当政"	0	0	0	2	0.456	0.539	0.106	0.9	-0.225	-0.272	-0.047	0.694	1.238	"4"
"当然"	1	0	0	1	0.456	0.539	0.106	0.9	0.394	-0.272	-0.047	0.157	0.87	"1"
"形成"	0	2	0	1	0.684	0.808	0.159	1.35	-0.337	0.748	-0.071	-0.24	1.396	"2"
"彰显"	0	0	3	0	0.684	0.808	0.159	1.35	-0.337	-0.409	3.826	-0.779	5.351	"3"
"影响"	0	0	1	1	0.456	0.539	0.106	0.9	-0.225	-0.272	0.986	0.157	1.64	"3"
"影响力"	0	0	0	1	0.228	0.269	0.053	0.45	-0.112	-0.136	-0.024	0.347	0.619	"4"
"影星"	1	0	0	0	0.228	0.269	0.053	0.45	0.642	-0.136	-0.024	-0.26	1.062	"1"
"影迷"	0	1	0	0	0.228	0.269	0.053	0.45	-0.112	0.57	-0.024	-0.26	0.966	"2"
"往后"	1	0	0	0	0.228	0.269	0.053	0.45	0.642	-0.136	-0.024	-0.26	1.062	"1"
"得不到"	0	0	0	1	0.228	0.269	0.053	0.45	-0.112	-0.136	-0.024	0.347	0.619	"4"
"得出"	0	1	0	0	0.228	0.269	0.053	0.45	-0.112	0.57	-0.024	-0.26	0.966	"2"
"得利"	0	0	0	1	0.228	0.269	0.053	0.45	-0.112	-0.136	-0.024	0.347	0.619	"4"
"得多"	0	1	0	0	0.228	0.269	0.053	0.45	-0.112	0.57	-0.024	-0.26	0.966	"2"
"御"	0	0	1	0	0.228	0.269	0.053	0.45	-0.112	-0.136	1.275	-0.26	1.783	"3"
"循国统纲领"	0	0	1	0	0.228	0.269	0.053	0.45	-0.112	-0.136	1.275	-0.26	1.783	"3"
"德"	0	3	0	0	0.684	0.808	0.159	1.35	-0.337	1.709	-0.071	-0.779	2.896	"2"
"德国"	0	2	0	0	0.456	0.539	0.106	0.9	-0.225	1.14	-0.047	-0.519	1.931	"2"
"必反"	0	0	0	1	0.228	0.269	0.053	0.45	-0.112	-0.136	-0.024	0.347	0.619	"4"
"忧虑"	1	0	0	0	0.228	0.269	0.053	0.45	0.642	-0.136	-0.024	-0.26	1.062	"1"
"忽视"	0	0	1	4	1.139	1.346	0.265	2.249	-0.561	-0.681	0.622	0.882	2.746	"4"
"态度"	1	0	0	3	0.911	1.077	0.212	1.799	0.191	-0.545	-0.095	0.617	1.448	"4"
"怎么办"	0	0	0	2	0.456	0.539	0.106	0.9	-0.225	-0.272	-0.047	0.694	1.238	"4"
"思想"	0	0	0	2	0.456	0.539	0.106	0.9	-0.225	-0.272	-0.047	0.694	1.238	"4"
"思潮"	0	1	0	0	0.228	0.269	0.053	0.45	-0.112	0.57	-0.024	-0.26	0.966	"2"
"急遽"	0	1	0	0	0.228	0.269	0.053	0.45	-0.112	0.57	-0.024	-0.26	0.966	"2"
"总统"	4	0	2	20	5.924	7.001	1.379	11.696	-0.583	-3.542	0.393	3.025	7.543	"2"
"总统案"	0	0	0	1	0.228	0.269	0.053	0.45	-0.112	-0.136	-0.024	0.347	0.619	"4"
"恩海"	0	0	0	1	0.228	0.269	0.053	0.45	-0.112	-0.136	-0.024	0.347	0.619	"4"
"意"	1	0	0	2	0.684	0.808	0.159	1.35	0.268	-0.409	-0.071	0.372	1.12	"2"
"意向性"	0	1	0	0	0.228	0.269	0.053	0.45	-0.112	0.57	-0.024	-0.26	0.966	"2"
"意志"	0	0	1	0	0.228	0.269	0.053	0.45	-0.112	-0.136	1.275	-0.26	1.783	"3"
"感受到"	0	1	0	0	0.228	0.269	0.053	0.45	-0.112	0.57	-0.024	-0.26	0.966	"2"
"感叹"	0	0	1	0	0.228	0.269	0.053	0.45	-0.112	-0.136	1.275	-0.26	1.783	"3"
"愿"	0	0	0	6	1.367	1.616	0.318	2.699	-0.674	-0.817	-0.142	2.082	3.715	"4"
"戈尔"	7	0	0	3	2.278	2.693	0.531	4.499	2.706	-1.362	-0.237	-0.575	4.88	"1"
"戒指"	0	1	0	0	0.228	0.269	0.053	0.45	-0.112	0.57	-0.024	-0.26	0.966	"2"
"战事"	0	1	0	0	0.228	0.269	0.053	0.45	-0.112	0.57	-0.024	-0.26	0.966	"2"
"战后"	0	1	0	0	0.228	0.269	0.053	0.45	-0.112	0.57	-0.024	-0.26	0.966	"2"
"所"	7	0	0	7	3.19	3.77	0.743	6.298	1.627	-1.907	-0.331	0.343	4.208	"2"
"扁"	0	0	1	1	0.456	0.539	0.106	0.9	-0.225	-0.272	0.986	0.157	1.64	"3"
"手段"	0	0	0	1	0.228	0.269	0.053	0.45	-0.112	-0.136	-0.024	0.347	0.619	"4"
"执政"	2	0	1	3	1.367	1.616	0.318	2.699	0.384	-0.817	0.554	0.253	2.008	"2"
"执政党"	1	0	1	1	0.684	0.808	0.159	1.35	0.268	-0.409	0.821	-0.24	1.738	"3"
"扫除"	0	0	0	1	0.228	0.269	0.053	0.45	-0.112	-0.136	-0.024	0.347	0.619	"4"
"扭转"	0	0	0	1	0.228	0.269	0.053	0.45	-0.112	-0.136	-0.024	0.347	0.619	"4"
"扶"	0	0	0	1	0.228	0.269	0.053	0.45	-0.112	-0.136	-0.024	0.347	0.619	"4"
"批"	0	1	0	0	0.228	0.269	0.053	0.45	-0.112	0.57	-0.024	-0.26	0.966	"2"
"批评"	0	5	0	0	1.139	1.346	0.265	2.249	-0.561	2.849	-0.118	-1.298	4.826	"2"
"把关"	0	0	0	1	0.228	0.269	0.053	0.45	-0.112	-0.136	-0.024	0.347	0.619	"4"
"把握"	0	0	0	2	0.456	0.539	0.106	0.9	-0.225	-0.272	-0.047	0.694	1.238	"4"
"投票"	4	0	0	1	1.139	1.346	0.265	2.249	1.958	-0.681	-0.118	-0.591	3.348	"1"
"抗议"	0	1	0	1	0.456	0.539	0.106	0.9	-0.225	0.332	-0.047	0.157	0.761	"2"
"抛"	0	0	0	1	0.228	0.269	0.053	0.45	-0.112	-0.136	-0.024	0.347	0.619	"4"
"护照"	0	0	0	1	0.228	0.269	0.053	0.45	-0.112	-0.136	-0.024	0.347	0.619	"4"
"抨击"	0	2	0	0	0.456	0.539	0.106	0.9	-0.225	1.14	-0.047	-0.519	1.931	"2"
"抱怨"	0	1	0	0	0.228	0.269	0.053	0.45	-0.112	0.57	-0.024	-0.26	0.966	"2"
"担心"	0	0	0	1	0.228	0.269	0.053	0.45	-0.112	-0.136	-0.024	0.347	0.619	"4"
"拉克"	0	1	0	0	0.228	0.269	0.053	0.45	-0.112	0.57	-0.024	-0.26	0.966	"2"
"拉姆斯菲尔德"	0	1	0	0	0.228	0.269	0.053	0.45	-0.112	0.57	-0.024	-0.26	0.966	"2"
"拖延"	0	0	0	1	0.228	0.269	0.053	0.45	-0.112	-0.136	-0.024	0.347	0.619	"4"
"拥核"	0	0	0	2	0.456	0.539	0.106	0.9	-0.225	-0.272	-0.047	0.694	1.238	"4"
"指出"	0	6	0	2	1.823	2.154	0.424	3.599	-0.898	2.199	-0.189	-0.657	3.943	"2"
"指控"	0	1	0	0	0.228	0.269	0.053	0.45	-0.112	0.57	-0.024	-0.26	0.966	"2"
"指标"	0	0	0	1	0.228	0.269	0.053	0.45	-0.112	-0.136	-0.024	0.347	0.619	"4"
"指责"	0	8	0	0	1.823	2.154	0.424	3.599	-0.898	4.559	-0.189	-2.076	7.722	"2"
"按摩"	0	1	0	0	0.228	0.269	0.053	0.45	-0.112	0.57	-0.024	-0.26	0.966	"2"
"按照"	0	0	0	1	0.228	0.269	0.053	0.45	-0.112	-0.136	-0.024	0.347	0.619	"4"
"挖空心思"	0	0	0	1	0.228	0.269	0.053	0.45	-0.112	-0.136	-0.024	0.347	0.619	"4"
"挞伐"	0	1	0	0	0.228	0.269	0.053	0.45	-0.112	0.57	-0.024	-0.26	0.966	"2"
"损失"	0	1	0	0	0.228	0.269	0.053	0.45	-0.112	0.57	-0.024	-0.26	0.966	"2"
"掀起"	0	0	0	1	0.228	0.269	0.053	0.45	-0.112	-0.136	-0.024	0.347	0.619	"4"
"掌握"	0	0	0	1	0.228	0.269	0.053	0.45	-0.112	-0.136	-0.024	0.347	0.619	"4"
"掌权"	0	2	0	0	0.456	0.539	0.106	0.9	-0.225	1.14	-0.047	-0.519	1.931	"2"
"排拒"	0	0	0	1	0.228	0.269	0.053	0.45	-0.112	-0.136	-0.024	0.347	0.619	"4"
"採行"	0	0	0	1	0.228	0.269	0.053	0.45	-0.112	-0.136	-0.024	0.347	0.619	"4"
"探询"	0	0	0	1	0.228	0.269	0.053	0.45	-0.112	-0.136	-0.024	0.347	0.619	"4"
"接受"	0	0	0	1	0.228	0.269	0.053	0.45	-0.112	-0.136	-0.024	0.347	0.619	"4"
"接连"	1	0	0	0	0.228	0.269	0.053	0.45	0.642	-0.136	-0.024	-0.26	1.062	"1"
"控制"	0	1	0	0	0.228	0.269	0.053	0.45	-0.112	0.57	-0.024	-0.26	0.966	"2"
"推动"	0	0	0	3	0.684	0.808	0.159	1.35	-0.337	-0.409	-0.071	1.041	1.858	"4"
"推荐"	0	0	0	1	0.228	0.269	0.053	0.45	-0.112	-0.136	-0.024	0.347	0.619	"4"
"推进"	0	0	0	1	0.228	0.269	0.053	0.45	-0.112	-0.136	-0.024	0.347	0.619	"4"
"提名"	3	0	0	0	0.684	0.808	0.159	1.35	1.927	-0.409	-0.071	-0.779	3.186	"1"
"提案"	0	0	0	1	0.228	0.269	0.053	0.45	-0.112	-0.136	-0.024	0.347	0.619	"4"
"握"	0	0	0	1	0.228	0.269	0.053	0.45	-0.112	-0.136	-0.024	0.347	0.619	"4"
"揣"	0	1	0	0	0.228	0.269	0.053	0.45	-0.112	0.57	-0.024	-0.26	0.966	"2"
"援澳"	0	1	0	0	0.228	0.269	0.053	0.45	-0.112	0.57	-0.024	-0.26	0.966	"2"
"搜集"	0	0	0	1	0.228	0.269	0.053	0.45	-0.112	-0.136	-0.024	0.347	0.619	"4"
"摸"	0	1	0	0	0.228	0.269	0.053	0.45	-0.112	0.57	-0.024	-0.26	0.966	"2"
"撤消"	0	1	0	0	0.228	0.269	0.053	0.45	-0.112	0.57	-0.024	-0.26	0.966	"2"
"播发"	0	0	1	0	0.228	0.269	0.053	0.45	-0.112	-0.136	1.275	-0.26	1.783	"3"
"操控"	0	0	0	1	0.228	0.269	0.053	0.45	-0.112	-0.136	-0.024	0.347	0.619	"4"
"操纵"	0	0	0	2	0.456	0.539	0.106	0.9	-0.225	-0.272	-0.047	0.694	1.238	"4"
"支"	0	1	0	0	0.228	0.269	0.053	0.45	-0.112	0.57	-0.024	-0.26	0.966	"2"
"支持"	11	4	2	16	7.519	8.886	1.751	14.845	0.956	-1.45	0.277	0.39	3.073	"2"
"支持度"	0	0	0	5	1.139	1.346	0.265	2.249	-0.561	-0.681	-0.118	1.735	3.095	"4"
"支持率"	8	1	0	7	3.645	4.308	0.849	7.198	1.805	-1.341	-0.379	-0.249	3.774	"1"
"收集"	1	0	0	4	1.139	1.346	0.265	2.249	-0.168	-0.681	-0.118	0.882	1.849	"4"
"改组"	0	0	0	1	0.228	0.269	0.053	0.45	-0.112	-0.136	-0.024	0.347	0.619	"4"
"改选"	0	0	0	6	1.367	1.616	0.318	2.699	-0.674	-0.817	-0.142	2.082	3.715	"4"
"攻势"	0	0	0	1	0.228	0.269	0.053	0.45	-0.112	-0.136	-0.024	0.347	0.619	"4"
"政争"	1	0	0	0	0.228	0.269	0.053	0.45	0.642	-0.136	-0.024	-0.26	1.062	"1"
"政党"	0	0	5	9	3.19	3.77	0.743	6.298	-1.572	-1.907	3.251	0.926	7.656	"3"
"政局"	0	0	0	2	0.456	0.539	0.106	0.9	-0.225	-0.272	-0.047	0.694	1.238	"4"
"政府"	5	12	3	20	9.113	10.77	2.122	17.994	-1.094	0.412	0.447	0.502	2.455	"1"
"政情"	0	0	0	1	0.228	0.269	0.053	0.45	-0.112	-0.136	-0.024	0.347	0.619	"4"
"政治"	2	3	0	10	3.418	4.039	0.796	6.748	-0.521	-0.405	-0.355	1.115	2.396	"4"
"政治人"	0	0	0	1	0.228	0.269	0.053	0.45	-0.112	-0.136	-0.024	0.347	0.619	"4"
"政界"	0	1	0	0	0.228	0.269	0.053	0.45	-0.112	0.57	-0.024	-0.26	0.966	"2"
"政策"	0	0	0	14	3.19	3.77	0.743	6.298	-1.572	-1.907	-0.331	4.857	8.667	"4"
"政绩"	0	0	0	1	0.228	0.269	0.053	0.45	-0.112	-0.136	-0.024	0.347	0.619	"4"
"教训"	0	0	0	1	0.228	0.269	0.053	0.45	-0.112	-0.136	-0.024	0.347	0.619	"4"
"敢于"	0	0	0	1	0.228	0.269	0.053	0.45	-0.112	-0.136	-0.024	0.347	0.619	"4"
"文康"	0	1	0	0	0.228	0.269	0.053	0.45	-0.112	0.57	-0.024	-0.26	0.966	"2"
"斯巴赫"	0	0	0	1	0.228	0.269	0.053	0.45	-0.112	-0.136	-0.024	0.347	0.619	"4"
"新"	18	0	0	19	8.43	9.963	1.963	16.645	3.304	-5.041	-0.876	0.57	9.791	"2"
"新政府"	0	0	0	1	0.228	0.269	0.053	0.45	-0.112	-0.136	-0.024	0.347	0.619	"4"
"新版"	0	0	0	1	0.228	0.269	0.053	0.45	-0.112	-0.136	-0.024	0.347	0.619	"4"
"新闻"	0	0	0	2	0.456	0.539	0.106	0.9	-0.225	-0.272	-0.047	0.694	1.238	"4"
"新闻报"	1	0	0	0	0.228	0.269	0.053	0.45	0.642	-0.136	-0.024	-0.26	1.062	"1"
"新闻网"	2	0	0	1	0.684	0.808	0.159	1.35	0.879	-0.409	-0.071	-0.24	1.599	"1"
"方向"	0	0	0	3	0.684	0.808	0.159	1.35	-0.337	-0.409	-0.071	1.041	1.858	"4"
"施"	1	0	0	1	0.456	0.539	0.106	0.9	0.394	-0.272	-0.047	0.157	0.87	"1"
"施政"	0	0	1	4	1.139	1.346	0.265	2.249	-0.561	-0.681	0.622	0.882	2.746	"4"
"施罗德"	0	1	0	0	0.228	0.269	0.053	0.45	-0.112	0.57	-0.024	-0.26	0.966	"2"
"旁听"	0	0	0	1	0.228	0.269	0.053	0.45	-0.112	-0.136	-0.024	0.347	0.619	"4"
"无不"	0	0	0	1	0.228	0.269	0.053	0.45	-0.112	-0.136	-0.024	0.347	0.619	"4"
"无效"	0	1	0	0	0.228	0.269	0.053	0.45	-0.112	0.57	-0.024	-0.26	0.966	"2"
"无止境"	0	0	0	1	0.228	0.269	0.053	0.45	-0.112	-0.136	-0.024	0.347	0.619	"4"
"无论"	0	0	0	1	0.228	0.269	0.053	0.45	-0.112	-0.136	-0.024	0.347	0.619	"4"
"无车日"	0	0	0	1	0.228	0.269	0.053	0.45	-0.112	-0.136	-0.024	0.347	0.619	"4"
"既然"	0	0	0	1	0.228	0.269	0.053	0.45	-0.112	-0.136	-0.024	0.347	0.619	"4"
"日子"	0	0	0	1	0.228	0.269	0.053	0.45	-0.112	-0.136	-0.024	0.347	0.619	"4"
"日报"	1	1	0	0	0.456	0.539	0.106	0.9	0.394	0.332	-0.047	-0.519	1.292	"4"
"日本"	0	11	0	0	2.506	2.962	0.584	4.948	-1.235	6.268	-0.26	-2.855	10.618	"2"
"日本国"	0	0	0	1	0.228	0.269	0.053	0.45	-0.112	-0.136	-0.024	0.347	0.619	"4"
"日趋"	0	0	0	2	0.456	0.539	0.106	0.9	-0.225	-0.272	-0.047	0.694	1.238	"4"
"旧"	0	0	0	2	0.456	0.539	0.106	0.9	-0.225	-0.272	-0.047	0.694	1.238	"4"
"时机"	0	0	0	3	0.684	0.808	0.159	1.35	-0.337	-0.409	-0.071	1.041	1.858	"4"
"明"	0	0	0	3	0.684	0.808	0.159	1.35	-0.337	-0.409	-0.071	1.041	1.858	"4"
"明日"	0	0	0	1	0.228	0.269	0.053	0.45	-0.112	-0.136	-0.024	0.347	0.619	"4"
"星期四"	1	0	0	1	0.456	0.539	0.106	0.9	0.394	-0.272	-0.047	0.157	0.87	"1"
"显"	1	0	0	0	0.228	0.269	0.053	0.45	0.642	-0.136	-0.024	-0.26	1.062	"1"
"显示"	58	0	1	7	15.037	17.771	3.501	29.69	28.38	-8.992	-0.891	-8.784	47.047	"1"
"显示出"	1	0	0	0	0.228	0.269	0.053	0.45	0.642	-0.136	-0.024	-0.26	1.062	"1"
"晓得"	0	0	0	1	0.228	0.269	0.053	0.45	-0.112	-0.136	-0.024	0.347	0.619	"4"
"普京"	0	2	0	0	0.456	0.539	0.106	0.9	-0.225	1.14	-0.047	-0.519	1.931	"2"
"普遍"	0	12	0	0	2.734	3.231	0.637	5.398	-1.347	6.838	-0.284	-3.114	11.583	"2"
"曝"	0	1	0	0	0.228	0.269	0.053	0.45	-0.112	0.57	-0.024	-0.26	0.966	"2"
"曼谷"	1	0	0	0	0.228	0.269	0.053	0.45	0.642	-0.136	-0.024	-0.26	1.062	"1"
"曾淳良"	0	0	1	0	0.228	0.269	0.053	0.45	-0.112	-0.136	1.275	-0.26	1.783	"3"
"最"	19	1	0	10	6.835	8.078	1.592	13.496	5.628	-3.006	-0.71	-0.868	10.212	"1"
"最为"	0	1	0	0	0.228	0.269	0.053	0.45	-0.112	0.57	-0.024	-0.26	0.966	"2"
"最近"	10	2	0	2	3.19	3.77	0.743	6.298	3.825	-0.64	-0.331	-1.768	6.564	"1"
"有利"	0	1	0	0	0.228	0.269	0.053	0.45	-0.112	0.57	-0.024	-0.26	0.966	"2"
"有时候"	0	0	0	1	0.228	0.269	0.053	0.45	-0.112	-0.136	-0.024	0.347	0.619	"4"
"有朝一日"	0	1	0	0	0.228	0.269	0.053	0.45	-0.112	0.57	-0.024	-0.26	0.966	"2"
"有线电视"	1	0	0	1	0.456	0.539	0.106	0.9	0.394	-0.272	-0.047	0.157	0.87	"1"
"服"	0	0	0	1	0.228	0.269	0.053	0.45	-0.112	-0.136	-0.024	0.347	0.619	"4"
"朝野"	0	0	1	1	0.456	0.539	0.106	0.9	-0.225	-0.272	0.986	0.157	1.64	"3"
"期勉"	0	0	0	1	0.228	0.269	0.053	0.45	-0.112	-0.136	-0.024	0.347	0.619	"4"
"期望"	1	0	0	0	0.228	0.269	0.053	0.45	0.642	-0.136	-0.024	-0.26	1.062	"1"
"未必"	0	1	0	2	0.684	0.808	0.159	1.35	-0.337	0.215	-0.071	0.372	0.995	"4"
"机关"	0	0	0	4	0.911	1.077	0.212	1.799	-0.449	-0.545	-0.095	1.388	2.477	"4"
"机制"	0	0	0	2	0.456	0.539	0.106	0.9	-0.225	-0.272	-0.047	0.694	1.238	"4"
"机构"	2	1	0	2	1.139	1.346	0.265	2.249	0.494	-0.228	-0.118	-0.227	1.067	"1"
"权益"	0	1	0	0	0.228	0.269	0.053	0.45	-0.112	0.57	-0.024	-0.26	0.966	"2"
"李洪志"	0	0	0	1	0.228	0.269	0.053	0.45	-0.112	-0.136	-0.024	0.347	0.619	"4"
"李秉宪"	0	1	0	0	0.228	0.269	0.053	0.45	-0.112	0.57	-0.024	-0.26	0.966	"2"
"条文"	2	0	0	2	0.911	1.077	0.212	1.799	0.648	-0.545	-0.095	0.216	1.504	"1"
"来得"	0	0	0	1	0.228	0.269	0.053	0.45	-0.112	-0.136	-0.024	0.347	0.619	"4"
"松绑"	0	0	0	1	0.228	0.269	0.053	0.45	-0.112	-0.136	-0.024	0.347	0.619	"4"
"极端"	0	1	0	0	0.228	0.269	0.053	0.45	-0.112	0.57	-0.024	-0.26	0.966	"2"
"枉顾"	0	0	0	1	0.228	0.269	0.053	0.45	-0.112	-0.136	-0.024	0.347	0.619	"4"
"果"	1	0	0	3	0.911	1.077	0.212	1.799	0.191	-0.545	-0.095	0.617	1.448	"4"
"查"	0	0	0	4	0.911	1.077	0.212	1.799	-0.449	-0.545	-0.095	1.388	2.477	"4"
"标举"	0	0	1	0	0.228	0.269	0.053	0.45	-0.112	-0.136	1.275	-0.26	1.783	"3"
"标桿"	0	0	0	1	0.228	0.269	0.053	0.45	-0.112	-0.136	-0.024	0.347	0.619	"4"
"标签"	0	0	0	2	0.456	0.539	0.106	0.9	-0.225	-0.272	-0.047	0.694	1.238	"4"
"样"	0	1	0	0	0.228	0.269	0.053	0.45	-0.112	0.57	-0.024	-0.26	0.966	"2"
"样本"	1	0	0	0	0.228	0.269	0.053	0.45	0.642	-0.136	-0.024	-0.26	1.062	"1"
"核四"	0	0	0	12	2.734	3.231	0.637	5.398	-1.347	-1.635	-0.284	4.163	7.429	"4"
"核四厂"	1	0	0	1	0.456	0.539	0.106	0.9	0.394	-0.272	-0.047	0.157	0.87	"1"
"核四案"	0	0	0	1	0.228	0.269	0.053	0.45	-0.112	-0.136	-0.024	0.347	0.619	"4"
"根"	1	0	0	0	0.228	0.269	0.053	0.45	0.642	-0.136	-0.024	-0.26	1.062	"1"
"根据"	6	0	0	1	1.595	1.885	0.371	3.149	3.104	-0.954	-0.166	-0.989	5.213	"1"
"格拉索"	0	1	0	0	0.228	0.269	0.053	0.45	-0.112	0.57	-0.024	-0.26	0.966	"2"
"梁"	0	1	0	0	0.228	0.269	0.053	0.45	-0.112	0.57	-0.024	-0.26	0.966	"2"
"检验"	0	0	0	3	0.684	0.808	0.159	1.35	-0.337	-0.409	-0.071	1.041	1.858	"4"
"森喜朗"	2	1	0	1	0.911	1.077	0.212	1.799	0.648	-0.152	-0.095	-0.408	1.303	"1"
"概念总"	0	0	0	1	0.228	0.269	0.053	0.45	-0.112	-0.136	-0.024	0.347	0.619	"4"
"欢迎"	0	2	0	0	0.456	0.539	0.106	0.9	-0.225	1.14	-0.047	-0.519	1.931	"2"
"欧洲"	0	3	0	0	0.684	0.808	0.159	1.35	-0.337	1.709	-0.071	-0.779	2.896	"2"
"欧美"	0	1	0	0	0.228	0.269	0.053	0.45	-0.112	0.57	-0.024	-0.26	0.966	"2"
"欺骗"	0	1	0	1	0.456	0.539	0.106	0.9	-0.225	0.332	-0.047	0.157	0.761	"2"
"正确"	0	0	0	4	0.911	1.077	0.212	1.799	-0.449	-0.545	-0.095	1.388	2.477	"4"
"正视"	0	0	0	1	0.228	0.269	0.053	0.45	-0.112	-0.136	-0.024	0.347	0.619	"4"
"此"	0	23	0	0	5.24	6.193	1.22	10.347	-2.583	13.106	-0.545	-5.969	22.203	"2"
"此行"	0	1	0	0	0.228	0.269	0.053	0.45	-0.112	0.57	-0.024	-0.26	0.966	"2"
"此起彼落"	1	0	0	0	0.228	0.269	0.053	0.45	0.642	-0.136	-0.024	-0.26	1.062	"1"
"殿"	0	0	0	1	0.228	0.269	0.053	0.45	-0.112	-0.136	-0.024	0.347	0.619	"4"
"民主"	0	0	0	10	2.278	2.693	0.531	4.499	-1.123	-1.362	-0.237	3.469	6.191	"4"
"民主党"	2	1	0	2	1.139	1.346	0.265	2.249	0.494	-0.228	-0.118	-0.227	1.067	"1"
"民众"	16	3	1	1	4.785	5.654	1.114	9.447	6.492	-0.845	-0.159	-4.191	11.687	"1"
"民利"	0	0	0	1	0.228	0.269	0.053	0.45	-0.112	-0.136	-0.024	0.347	0.619	"4"
"民心"	0	0	0	3	0.684	0.808	0.159	1.35	-0.337	-0.409	-0.071	1.041	1.858	"4"
"民意"	5	0	2	29	8.202	9.693	1.91	16.195	-0.855	-4.905	0.24	4.868	10.868	"2"
"民意代表"	0	0	0	1	0.228	0.269	0.053	0.45	-0.112	-0.136	-0.024	0.347	0.619	"4"
"民望"	1	0	0	2	0.684	0.808	0.159	1.35	0.268	-0.409	-0.071	0.372	1.12	"2"
"民气"	0	0	0	1	0.228	0.269	0.053	0.45	-0.112	-0.136	-0.024	0.347	0.619	"4"
"民生"	0	0	0	1	0.228	0.269	0.053	0.45	-0.112	-0.136	-0.024	0.347	0.619	"4"
"民营化"	0	1	0	0	0.228	0.269	0.053	0.45	-0.112	0.57	-0.024	-0.26	0.966	"2"
"民调"	4	0	0	3	1.595	1.885	0.371	3.149	1.285	-0.954	-0.166	-0.216	2.621	"1"
"民进党"	1	0	0	5	1.367	1.616	0.318	2.699	-0.231	-0.817	-0.142	1.161	2.351	"4"
"民间"	0	1	0	0	0.228	0.269	0.053	0.45	-0.112	0.57	-0.024	-0.26	0.966	"2"
"氛围"	0	0	0	1	0.228	0.269	0.053	0.45	-0.112	-0.136	-0.024	0.347	0.619	"4"
"汪淑芬"	0	0	1	0	0.228	0.269	0.053	0.45	-0.112	-0.136	1.275	-0.26	1.783	"3"
"沙龙"	0	1	0	0	0.228	0.269	0.053	0.45	-0.112	0.57	-0.024	-0.26	0.966	"2"
"沪"	0	1	0	0	0.228	0.269	0.053	0.45	-0.112	0.57	-0.024	-0.26	0.966	"2"
"法案"	0	0	0	1	0.228	0.269	0.053	0.45	-0.112	-0.136	-0.024	0.347	0.619	"4"
"法轮"	0	0	0	1	0.228	0.269	0.053	0.45	-0.112	-0.136	-0.024	0.347	0.619	"4"
"泛绿"	0	0	1	0	0.228	0.269	0.053	0.45	-0.112	-0.136	1.275	-0.26	1.783	"3"
"波兰"	2	1	0	0	0.684	0.808	0.159	1.35	0.879	0.215	-0.071	-0.779	1.944	"1"
"注意到"	0	1	0	1	0.456	0.539	0.106	0.9	-0.225	0.332	-0.047	0.157	0.761	"2"
"注重"	0	2	0	0	0.456	0.539	0.106	0.9	-0.225	1.14	-0.047	-0.519	1.931	"2"
"泰国"	1	1	0	0	0.456	0.539	0.106	0.9	0.394	0.332	-0.047	-0.519	1.292	"4"
"泰爱泰"	1	0	0	0	0.228	0.269	0.053	0.45	0.642	-0.136	-0.024	-0.26	1.062	"1"
"泰爱泰党"	1	0	0	0	0.228	0.269	0.053	0.45	0.642	-0.136	-0.024	-0.26	1.062	"1"
"洗刷"	0	0	0	1	0.228	0.269	0.053	0.45	-0.112	-0.136	-0.024	0.347	0.619	"4"
"洛普"	1	0	0	0	0.228	0.269	0.053	0.45	0.642	-0.136	-0.024	-0.26	1.062	"1"
"派兵"	0	1	0	0	0.228	0.269	0.053	0.45	-0.112	0.57	-0.024	-0.26	0.966	"2"
"流水"	0	0	0	3	0.684	0.808	0.159	1.35	-0.337	-0.409	-0.071	1.041	1.858	"4"
"测"	0	0	0	1	0.228	0.269	0.053	0.45	-0.112	-0.136	-0.024	0.347	0.619	"4"
"测评"	0	0	0	1	0.228	0.269	0.053	0.45	-0.112	-0.136	-0.024	0.347	0.619	"4"
"测试板"	0	0	0	1	0.228	0.269	0.053	0.45	-0.112	-0.136	-0.024	0.347	0.619	"4"
"测验"	0	0	0	19	4.329	5.116	1.008	8.547	-2.134	-2.588	-0.45	6.592	11.764	"4"
"海内外"	0	2	0	0	0.456	0.539	0.106	0.9	-0.225	1.14	-0.047	-0.519	1.931	"2"
"海外"	0	1	0	0	0.228	0.269	0.053	0.45	-0.112	0.57	-0.024	-0.26	0.966	"2"
"消除"	0	1	0	0	0.228	0.269	0.053	0.45	-0.112	0.57	-0.024	-0.26	0.966	"2"
"涨价"	0	0	0	1	0.228	0.269	0.053	0.45	-0.112	-0.136	-0.024	0.347	0.619	"4"
"清楚"	0	0	0	1	0.228	0.269	0.053	0.45	-0.112	-0.136	-0.024	0.347	0.619	"4"
"温哥华"	0	1	0	0	0.228	0.269	0.053	0.45	-0.112	0.57	-0.024	-0.26	0.966	"2"
"港大"	1	0	0	0	0.228	0.269	0.053	0.45	0.642	-0.136	-0.024	-0.26	1.062	"1"
"港府"	0	0	0	1	0.228	0.269	0.053	0.45	-0.112	-0.136	-0.024	0.347	0.619	"4"
"港澳台"	0	4	0	0	0.911	1.077	0.212	1.799	-0.449	2.279	-0.095	-1.038	3.861	"2"
"游"	0	0	0	1	0.228	0.269	0.053	0.45	-0.112	-0.136	-0.024	0.347	0.619	"4"
"游行"	0	1	0	0	0.228	0.269	0.053	0.45	-0.112	0.57	-0.024	-0.26	0.966	"2"
"演变成"	1	0	0	0	0.228	0.269	0.053	0.45	0.642	-0.136	-0.024	-0.26	1.062	"1"
"演说"	0	0	0	1	0.228	0.269	0.053	0.45	-0.112	-0.136	-0.024	0.347	0.619	"4"
"漠"	0	0	0	1	0.228	0.269	0.053	0.45	-0.112	-0.136	-0.024	0.347	0.619	"4"
"漠视"	0	0	0	1	0.228	0.269	0.053	0.45	-0.112	-0.136	-0.024	0.347	0.619	"4"
"潘"	0	1	0	0	0.228	0.269	0.053	0.45	-0.112	0.57	-0.024	-0.26	0.966	"2"
"澳门"	0	4	0	1	1.139	1.346	0.265	2.249	-0.561	1.686	-0.118	-0.591	2.956	"2"
"激怒"	0	0	0	1	0.228	0.269	0.053	0.45	-0.112	-0.136	-0.024	0.347	0.619	"4"
"火化"	0	1	0	0	0.228	0.269	0.053	0.45	-0.112	0.57	-0.024	-0.26	0.966	"2"
"烟草"	0	3	0	0	0.684	0.808	0.159	1.35	-0.337	1.709	-0.071	-0.779	2.896	"2"
"热点"	0	0	0	1	0.228	0.269	0.053	0.45	-0.112	-0.136	-0.024	0.347	0.619	"4"
"焦点"	0	1	0	0	0.228	0.269	0.053	0.45	-0.112	0.57	-0.024	-0.26	0.966	"2"
"然"	0	0	0	1	0.228	0.269	0.053	0.45	-0.112	-0.136	-0.024	0.347	0.619	"4"
"片"	0	2	0	0	0.456	0.539	0.106	0.9	-0.225	1.14	-0.047	-0.519	1.931	"2"
"牟利"	0	0	0	1	0.228	0.269	0.053	0.45	-0.112	-0.136	-0.024	0.347	0.619	"4"
"牢牢"	0	0	0	3	0.684	0.808	0.159	1.35	-0.337	-0.409	-0.071	1.041	1.858	"4"
"特"	0	0	0	1	0.228	0.269	0.053	0.45	-0.112	-0.136	-0.024	0.347	0.619	"4"
"特区"	2	1	0	0	0.684	0.808	0.159	1.35	0.879	0.215	-0.071	-0.779	1.944	"1"
"特首"	0	0	0	1	0.228	0.269	0.053	0.45	-0.112	-0.136	-0.024	0.347	0.619	"4"
"牺牲品"	1	0	0	0	0.228	0.269	0.053	0.45	0.642	-0.136	-0.024	-0.26	1.062	"1"
"狼狈不堪"	1	0	0	0	0.228	0.269	0.053	0.45	0.642	-0.136	-0.024	-0.26	1.062	"1"
"环保局"	1	0	0	0	0.228	0.269	0.053	0.45	0.642	-0.136	-0.024	-0.26	1.062	"1"
"现实"	0	0	0	3	0.684	0.808	0.159	1.35	-0.337	-0.409	-0.071	1.041	1.858	"4"
"现役"	0	2	0	0	0.456	0.539	0.106	0.9	-0.225	1.14	-0.047	-0.519	1.931	"2"
"现状"	0	0	0	1	0.228	0.269	0.053	0.45	-0.112	-0.136	-0.024	0.347	0.619	"4"
"理会"	1	0	0	0	0.228	0.269	0.053	0.45	0.642	-0.136	-0.024	-0.26	1.062	"1"
"理应"	0	0	2	0	0.456	0.539	0.106	0.9	-0.225	-0.272	2.551	-0.519	3.567	"3"
"理念"	0	0	0	1	0.228	0.269	0.053	0.45	-0.112	-0.136	-0.024	0.347	0.619	"4"
"理性"	0	0	0	1	0.228	0.269	0.053	0.45	-0.112	-0.136	-0.024	0.347	0.619	"4"
"瓦希德"	0	2	0	0	0.456	0.539	0.106	0.9	-0.225	1.14	-0.047	-0.519	1.931	"2"
"甚至"	0	3	0	1	0.911	1.077	0.212	1.799	-0.449	1.205	-0.095	-0.408	2.157	"2"
"男篮"	0	1	0	0	0.228	0.269	0.053	0.45	-0.112	0.57	-0.024	-0.26	0.966	"2"
"甸"	0	0	0	1	0.228	0.269	0.053	0.45	-0.112	-0.136	-0.024	0.347	0.619	"4"
"界定"	0	0	0	1	0.228	0.269	0.053	0.45	-0.112	-0.136	-0.024	0.347	0.619	"4"
"疏导"	0	1	0	0	0.228	0.269	0.053	0.45	-0.112	0.57	-0.024	-0.26	0.966	"2"
"疑问"	0	1	0	0	0.228	0.269	0.053	0.45	-0.112	0.57	-0.024	-0.26	0.966	"2"
"疾苦"	0	0	0	1	0.228	0.269	0.053	0.45	-0.112	-0.136	-0.024	0.347	0.619	"4"
"白宫"	0	1	0	1	0.456	0.539	0.106	0.9	-0.225	0.332	-0.047	0.157	0.761	"2"
"百分之二十三点二"	1	0	0	0	0.228	0.269	0.053	0.45	0.642	-0.136	-0.024	-0.26	1.062	"1"
"百分之八"	1	0	0	0	0.228	0.269	0.053	0.45	0.642	-0.136	-0.024	-0.26	1.062	"1"
"百分之八十三"	1	0	0	0	0.228	0.269	0.053	0.45	0.642	-0.136	-0.024	-0.26	1.062	"1"
"百分之六十"	1	0	0	0	0.228	0.269	0.053	0.45	0.642	-0.136	-0.024	-0.26	1.062	"1"
"百分之六十七"	1	0	0	0	0.228	0.269	0.053	0.45	0.642	-0.136	-0.024	-0.26	1.062	"1"
"百分之四十"	1	0	0	0	0.228	0.269	0.053	0.45	0.642	-0.136	-0.024	-0.26	1.062	"1"
"益"	0	0	0	1	0.228	0.269	0.053	0.45	-0.112	-0.136	-0.024	0.347	0.619	"4"
"监督"	0	1	0	4	1.139	1.346	0.265	2.249	-0.561	-0.228	-0.118	0.882	1.789	"4"
"监院"	0	0	0	1	0.228	0.269	0.053	0.45	-0.112	-0.136	-0.024	0.347	0.619	"4"
"盖"	1	0	0	0	0.228	0.269	0.053	0.45	0.642	-0.136	-0.024	-0.26	1.062	"1"
"盖洛普"	4	0	0	3	1.595	1.885	0.371	3.149	1.285	-0.954	-0.166	-0.216	2.621	"1"
"直接"	0	0	0	3	0.684	0.808	0.159	1.35	-0.337	-0.409	-0.071	1.041	1.858	"4"
"直接面"	0	0	0	1	0.228	0.269	0.053	0.45	-0.112	-0.136	-0.024	0.347	0.619	"4"
"直航"	0	0	1	0	0.228	0.269	0.053	0.45	-0.112	-0.136	1.275	-0.26	1.783	"3"
"相反"	0	0	0	1	0.228	0.269	0.053	0.45	-0.112	-0.136	-0.024	0.347	0.619	"4"
"相当"	0	1	0	1	0.456	0.539	0.106	0.9	-0.225	0.332	-0.047	0.157	0.761	"2"
"相提并论"	0	1	0	0	0.228	0.269	0.053	0.45	-0.112	0.57	-0.024	-0.26	0.966	"2"
"看法"	4	0	0	3	1.595	1.885	0.371	3.149	1.285	-0.954	-0.166	-0.216	2.621	"1"
"真正"	0	0	0	3	0.684	0.808	0.159	1.35	-0.337	-0.409	-0.071	1.041	1.858	"4"
"真的"	0	0	0	2	0.456	0.539	0.106	0.9	-0.225	-0.272	-0.047	0.694	1.238	"4"
"眼见"	0	1	0	0	0.228	0.269	0.053	0.45	-0.112	0.57	-0.024	-0.26	0.966	"2"
"眼镜"	0	1	0	0	0.228	0.269	0.053	0.45	-0.112	0.57	-0.024	-0.26	0.966	"2"
"矛头"	0	1	0	0	0.228	0.269	0.053	0.45	-0.112	0.57	-0.024	-0.26	0.966	"2"
"知"	0	0	0	1	0.228	0.269	0.053	0.45	-0.112	-0.136	-0.024	0.347	0.619	"4"
"知识界"	0	1	0	0	0.228	0.269	0.053	0.45	-0.112	0.57	-0.024	-0.26	0.966	"2"
"研究"	3	0	0	1	0.911	1.077	0.212	1.799	1.406	-0.545	-0.095	-0.408	2.454	"1"
"研究室"	1	0	0	0	0.228	0.269	0.053	0.45	0.642	-0.136	-0.024	-0.26	1.062	"1"
"研考会"	0	0	0	1	0.228	0.269	0.053	0.45	-0.112	-0.136	-0.024	0.347	0.619	"4"
"确保"	0	0	3	1	0.911	1.077	0.212	1.799	-0.449	-0.545	3.241	-0.408	4.643	"3"
"确实"	0	0	0	1	0.228	0.269	0.053	0.45	-0.112	-0.136	-0.024	0.347	0.619	"4"
"确认"	0	0	0	1	0.228	0.269	0.053	0.45	-0.112	-0.136	-0.024	0.347	0.619	"4"
"示"	1	0	1	0	0.456	0.539	0.106	0.9	0.394	-0.272	0.986	-0.519	2.171	"3"
"社会"	0	4	0	2	1.367	1.616	0.318	2.699	-0.674	1.313	-0.142	-0.355	2.484	"2"
"社情"	0	0	0	1	0.228	0.269	0.053	0.45	-0.112	-0.136	-0.024	0.347	0.619	"4"
"社论"	0	0	0	1	0.228	0.269	0.053	0.45	-0.112	-0.136	-0.024	0.347	0.619	"4"
"票"	0	0	0	1	0.228	0.269	0.053	0.45	-0.112	-0.136	-0.024	0.347	0.619	"4"
"福祉"	0	0	4	0	0.911	1.077	0.212	1.799	-0.449	-0.545	5.101	-1.038	7.133	"3"
"科胡特"	0	0	0	1	0.228	0.269	0.053	0.45	-0.112	-0.136	-0.024	0.347	0.619	"4"
"称"	0	1	0	1	0.456	0.539	0.106	0.9	-0.225	0.332	-0.047	0.157	0.761	"2"
"程序"	0	0	0	4	0.911	1.077	0.212	1.799	-0.449	-0.545	-0.095	1.388	2.477	"4"
"程度"	0	0	0	1	0.228	0.269	0.053	0.45	-0.112	-0.136	-0.024	0.347	0.619	"4"
"穆斯林"	0	0	0	1	0.228	0.269	0.053	0.45	-0.112	-0.136	-0.024	0.347	0.619	"4"
"究"	0	1	0	0	0.228	0.269	0.053	0.45	-0.112	0.57	-0.024	-0.26	0.966	"2"
"立场"	1	0	1	0	0.456	0.539	0.106	0.9	0.394	-0.272	0.986	-0.519	2.171	"3"
"立委"	0	0	2	6	1.823	2.154	0.424	3.599	-0.898	-1.09	1.196	1.054	4.238	"3"
"立法"	0	0	2	12	3.19	3.77	0.743	6.298	-1.572	-1.907	0.774	2.669	6.922	"4"
"立法委员"	0	0	0	3	0.684	0.808	0.159	1.35	-0.337	-0.409	-0.071	1.041	1.858	"4"
"立法院"	0	0	0	7	1.595	1.885	0.371	3.149	-0.786	-0.954	-0.166	2.428	4.334	"4"
"立院"	0	0	0	1	0.228	0.269	0.053	0.45	-0.112	-0.136	-0.024	0.347	0.619	"4"
"竞选"	1	0	0	0	0.228	0.269	0.053	0.45	0.642	-0.136	-0.024	-0.26	1.062	"1"
"符合"	0	0	0	5	1.139	1.346	0.265	2.249	-0.561	-0.681	-0.118	1.735	3.095	"4"
"第三波"	1	0	0	0	0.228	0.269	0.053	0.45	0.642	-0.136	-0.024	-0.26	1.062	"1"
"简直"	0	1	0	0	0.228	0.269	0.053	0.45	-0.112	0.57	-0.024	-0.26	0.966	"2"
"管道"	0	0	0	1	0.228	0.269	0.053	0.45	-0.112	-0.136	-0.024	0.347	0.619	"4"
"精确"	0	0	0	1	0.228	0.269	0.053	0.45	-0.112	-0.136	-0.024	0.347	0.619	"4"
"精英"	0	0	1	0	0.228	0.269	0.053	0.45	-0.112	-0.136	1.275	-0.26	1.783	"3"
"索"	0	2	0	0	0.456	0.539	0.106	0.9	-0.225	1.14	-0.047	-0.519	1.931	"2"
"索罗门"	0	1	0	0	0.228	0.269	0.053	0.45	-0.112	0.57	-0.024	-0.26	0.966	"2"
"紧张"	0	1	0	0	0.228	0.269	0.053	0.45	-0.112	0.57	-0.024	-0.26	0.966	"2"
"纳粹"	0	2	0	0	0.456	0.539	0.106	0.9	-0.225	1.14	-0.047	-0.519	1.931	"2"
"纷纷"	0	3	0	0	0.684	0.808	0.159	1.35	-0.337	1.709	-0.071	-0.779	2.896	"2"
"纽约市"	0	0	0	2	0.456	0.539	0.106	0.9	-0.225	-0.272	-0.047	0.694	1.238	"4"
"结"	1	0	0	1	0.456	0.539	0.106	0.9	0.394	-0.272	-0.047	0.157	0.87	"1"
"结合"	0	0	0	1	0.228	0.269	0.053	0.45	-0.112	-0.136	-0.024	0.347	0.619	"4"
"结果"	18	0	0	2	4.557	5.385	1.061	8.997	9.495	-2.725	-0.473	-3.031	15.724	"1"
"结论"	0	1	0	0	0.228	0.269	0.053	0.45	-0.112	0.57	-0.024	-0.26	0.966	"2"
"绕过"	0	1	0	0	0.228	0.269	0.053	0.45	-0.112	0.57	-0.024	-0.26	0.966	"2"
"继续"	1	0	0	0	0.228	0.269	0.053	0.45	0.642	-0.136	-0.024	-0.26	1.062	"1"
"续"	0	0	0	2	0.456	0.539	0.106	0.9	-0.225	-0.272	-0.047	0.694	1.238	"4"
"续建"	0	0	0	2	0.456	0.539	0.106	0.9	-0.225	-0.272	-0.047	0.694	1.238	"4"
"维护"	0	0	0	1	0.228	0.269	0.053	0.45	-0.112	-0.136	-0.024	0.347	0.619	"4"
"绿灯"	0	1	0	0	0.228	0.269	0.053	0.45	-0.112	0.57	-0.024	-0.26	0.966	"2"
"网"	0	0	0	1	0.228	0.269	0.053	0.45	-0.112	-0.136	-0.024	0.347	0.619	"4"
"网站"	1	0	0	0	0.228	0.269	0.053	0.45	0.642	-0.136	-0.024	-0.26	1.062	"1"
"罗德"	0	1	0	0	0.228	0.269	0.053	0.45	-0.112	0.57	-0.024	-0.26	0.966	"2"
"罢了"	0	0	0	1	0.228	0.269	0.053	0.45	-0.112	-0.136	-0.024	0.347	0.619	"4"
"罢免"	2	0	2	9	2.962	3.5	0.69	5.848	-0.394	-1.771	0.826	1.157	4.148	"2"
"罢免案"	1	0	0	3	0.911	1.077	0.212	1.799	0.191	-0.545	-0.095	0.617	1.448	"4"
"置疑"	0	0	0	1	0.228	0.269	0.053	0.45	-0.112	-0.136	-0.024	0.347	0.619	"4"
"美军"	0	2	0	0	0.456	0.539	0.106	0.9	-0.225	1.14	-0.047	-0.519	1.931	"2"
"美国"	0	24	0	1	5.696	6.731	1.326	11.246	-2.807	12.408	-0.592	-5.157	20.964	"2"
"美国人"	2	0	0	2	0.911	1.077	0.212	1.799	0.648	-0.545	-0.095	0.216	1.504	"1"
"美国会"	0	0	0	1	0.228	0.269	0.053	0.45	-0.112	-0.136	-0.024	0.347	0.619	"4"
"美国报"	0	0	0	1	0.228	0.269	0.053	0.45	-0.112	-0.136	-0.024	0.347	0.619	"4"
"翻"	1	0	0	0	0.228	0.269	0.053	0.45	0.642	-0.136	-0.024	-0.26	1.062	"1"
"翻新"	1	0	0	0	0.228	0.269	0.053	0.45	0.642	-0.136	-0.024	-0.26	1.062	"1"
"考虑"	1	1	0	3	1.139	1.346	0.265	2.249	-0.168	-0.228	-0.118	0.391	0.905	"4"
"考虑到"	0	1	0	0	0.228	0.269	0.053	0.45	-0.112	0.57	-0.024	-0.26	0.966	"2"
"考量"	0	0	0	2	0.456	0.539	0.106	0.9	-0.225	-0.272	-0.047	0.694	1.238	"4"
"聒噪"	0	0	0	1	0.228	0.269	0.053	0.45	-0.112	-0.136	-0.024	0.347	0.619	"4"
"联合"	1	0	0	3	0.911	1.077	0.212	1.799	0.191	-0.545	-0.095	0.617	1.448	"4"
"联合报"	1	0	0	0	0.228	0.269	0.053	0.45	0.642	-0.136	-0.024	-0.26	1.062	"1"
"联盟"	1	0	0	3	0.911	1.077	0.212	1.799	0.191	-0.545	-0.095	0.617	1.448	"4"
"联盟党"	0	0	0	1	0.228	0.269	0.053	0.45	-0.112	-0.136	-0.024	0.347	0.619	"4"
"胡允革"	0	1	0	0	0.228	0.269	0.053	0.45	-0.112	0.57	-0.024	-0.26	0.966	"2"
"胡志强"	0	0	1	1	0.456	0.539	0.106	0.9	-0.225	-0.272	0.986	0.157	1.64	"3"
"脉搏"	2	0	0	0	0.456	0.539	0.106	0.9	1.285	-0.272	-0.047	-0.519	2.123	"1"
"腕"	0	1	0	0	0.228	0.269	0.053	0.45	-0.112	0.57	-0.024	-0.26	0.966	"2"
"腾"	0	0	0	1	0.228	0.269	0.053	0.45	-0.112	-0.136	-0.024	0.347	0.619	"4"
"自然"	0	1	0	1	0.456	0.539	0.106	0.9	-0.225	0.332	-0.047	0.157	0.761	"2"
"自由"	0	0	0	1	0.228	0.269	0.053	0.45	-0.112	-0.136	-0.024	0.347	0.619	"4"
"自由党"	2	0	0	1	0.684	0.808	0.159	1.35	0.879	-0.409	-0.071	-0.24	1.599	"1"
"至上"	0	0	0	1	0.228	0.269	0.053	0.45	-0.112	-0.136	-0.024	0.347	0.619	"4"
"至为"	0	0	0	1	0.228	0.269	0.053	0.45	-0.112	-0.136	-0.024	0.347	0.619	"4"
"舆论"	0	3	0	1	0.911	1.077	0.212	1.799	-0.449	1.205	-0.095	-0.408	2.157	"2"
"舆论界"	0	1	0	0	0.228	0.269	0.053	0.45	-0.112	0.57	-0.024	-0.26	0.966	"2"
"般"	0	1	0	0	0.228	0.269	0.053	0.45	-0.112	0.57	-0.024	-0.26	0.966	"2"
"良好"	0	0	0	1	0.228	0.269	0.053	0.45	-0.112	-0.136	-0.024	0.347	0.619	"4"
"英国"	0	2	0	0	0.456	0.539	0.106	0.9	-0.225	1.14	-0.047	-0.519	1.931	"2"
"英国人"	3	0	0	1	0.911	1.077	0.212	1.799	1.406	-0.545	-0.095	-0.408	2.454	"1"
"英国国"	0	1	0	0	0.228	0.269	0.053	0.45	-0.112	0.57	-0.024	-0.26	0.966	"2"
"莫里"	0	0	0	1	0.228	0.269	0.053	0.45	-0.112	-0.136	-0.024	0.347	0.619	"4"
"获选为"	0	0	0	2	0.456	0.539	0.106	0.9	-0.225	-0.272	-0.047	0.694	1.238	"4"
"落实"	0	0	0	2	0.456	0.539	0.106	0.9	-0.225	-0.272	-0.047	0.694	1.238	"4"
"董建华"	1	1	0	4	1.367	1.616	0.318	2.699	-0.231	-0.311	-0.142	0.593	1.277	"4"
"蒙古"	0	2	0	0	0.456	0.539	0.106	0.9	-0.225	1.14	-0.047	-0.519	1.931	"2"
"蓝图"	0	0	0	1	0.228	0.269	0.053	0.45	-0.112	-0.136	-0.024	0.347	0.619	"4"
"蔑视"	0	0	0	1	0.228	0.269	0.053	0.45	-0.112	-0.136	-0.024	0.347	0.619	"4"
"蔡同荣"	0	0	0	1	0.228	0.269	0.053	0.45	-0.112	-0.136	-0.024	0.347	0.619	"4"
"蔡明华"	0	0	0	1	0.228	0.269	0.053	0.45	-0.112	-0.136	-0.024	0.347	0.619	"4"
"行事"	1	0	0	1	0.456	0.539	0.106	0.9	0.394	-0.272	-0.047	0.157	0.87	"1"
"行动党"	0	0	0	2	0.456	0.539	0.106	0.9	-0.225	-0.272	-0.047	0.694	1.238	"4"
"行径"	0	0	0	1	0.228	0.269	0.053	0.45	-0.112	-0.136	-0.024	0.347	0.619	"4"
"补贴"	0	0	0	1	0.228	0.269	0.053	0.45	-0.112	-0.136	-0.024	0.347	0.619	"4"
"表"	0	3	0	1	0.911	1.077	0.212	1.799	-0.449	1.205	-0.095	-0.408	2.157	"2"
"表决"	1	0	0	1	0.456	0.539	0.106	0.9	0.394	-0.272	-0.047	0.157	0.87	"1"
"表明"	1	3	0	4	1.823	2.154	0.424	3.599	-0.372	0.432	-0.189	0.282	1.275	"2"
"表现出"	0	0	0	1	0.228	0.269	0.053	0.45	-0.112	-0.136	-0.024	0.347	0.619	"4"
"表达"	1	0	1	1	0.684	0.808	0.159	1.35	0.268	-0.409	0.821	-0.24	1.738	"3"
"西方"	0	1	0	0	0.228	0.269	0.053	0.45	-0.112	0.57	-0.024	-0.26	0.966	"2"
"要不要"	0	0	0	1	0.228	0.269	0.053	0.45	-0.112	-0.136	-0.024	0.347	0.619	"4"
"要求"	0	3	0	0	0.684	0.808	0.159	1.35	-0.337	1.709	-0.071	-0.779	2.896	"2"
"观察家"	0	0	0	1	0.228	0.269	0.053	0.45	-0.112	-0.136	-0.024	0.347	0.619	"4"
"观点"	0	0	1	1	0.456	0.539	0.106	0.9	-0.225	-0.272	0.986	0.157	1.64	"3"
"视"	0	0	0	4	0.911	1.077	0.212	1.799	-0.449	-0.545	-0.095	1.388	2.477	"4"
"解决之道"	0	0	0	1	0.228	0.269	0.053	0.45	-0.112	-0.136	-0.024	0.347	0.619	"4"
"解救"	0	1	0	0	0.228	0.269	0.053	0.45	-0.112	0.57	-0.024	-0.26	0.966	"2"
"解散"	0	0	0	2	0.456	0.539	0.106	0.9	-0.225	-0.272	-0.047	0.694	1.238	"4"
"言论"	0	4	0	0	0.911	1.077	0.212	1.799	-0.449	2.279	-0.095	-1.038	3.861	"2"
"譁"	0	0	0	1	0.228	0.269	0.053	0.45	-0.112	-0.136	-0.024	0.347	0.619	"4"
"认"	0	0	0	1	0.228	0.269	0.053	0.45	-0.112	-0.136	-0.024	0.347	0.619	"4"
"认为"	1	41	0	1	9.797	11.578	2.281	19.344	-3.692	20.672	-1.018	-9.601	34.983	"2"
"认同"	1	0	1	1	0.684	0.808	0.159	1.35	0.268	-0.409	0.821	-0.24	1.738	"3"
"认定"	0	0	0	1	0.228	0.269	0.053	0.45	-0.112	-0.136	-0.024	0.347	0.619	"4"
"认知到"	0	0	0	1	0.228	0.269	0.053	0.45	-0.112	-0.136	-0.024	0.347	0.619	"4"
"认输"	0	0	0	1	0.228	0.269	0.053	0.45	-0.112	-0.136	-0.024	0.347	0.619	"4"
"讥讽"	0	1	0	0	0.228	0.269	0.053	0.45	-0.112	0.57	-0.024	-0.26	0.966	"2"
"讨论"	1	0	0	2	0.684	0.808	0.159	1.35	0.268	-0.409	-0.071	0.372	1.12	"2"
"议员"	0	4	0	0	0.911	1.077	0.212	1.799	-0.449	2.279	-0.095	-1.038	3.861	"2"
"议题"	0	0	0	2	0.456	0.539	0.106	0.9	-0.225	-0.272	-0.047	0.694	1.238	"4"
"许许多多"	0	0	0	1	0.228	0.269	0.053	0.45	-0.112	-0.136	-0.024	0.347	0.619	"4"
"论"	0	3	0	0	0.684	0.808	0.159	1.35	-0.337	1.709	-0.071	-0.779	2.896	"2"
"设法"	0	0	0	2	0.456	0.539	0.106	0.9	-0.225	-0.272	-0.047	0.694	1.238	"4"
"评"	0	1	0	0	0.228	0.269	0.053	0.45	-0.112	0.57	-0.024	-0.26	0.966	"2"
"评估"	0	0	0	1	0.228	0.269	0.053	0.45	-0.112	-0.136	-0.024	0.347	0.619	"4"
"评论家"	0	1	0	0	0.228	0.269	0.053	0.45	-0.112	0.57	-0.024	-0.26	0.966	"2"
"评说"	0	0	0	1	0.228	0.269	0.053	0.45	-0.112	-0.136	-0.024	0.347	0.619	"4"
"识"	0	0	0	1	0.228	0.269	0.053	0.45	-0.112	-0.136	-0.024	0.347	0.619	"4"
"诉求"	0	0	0	1	0.228	0.269	0.053	0.45	-0.112	-0.136	-0.024	0.347	0.619	"4"
"诉诸"	0	0	0	5	1.139	1.346	0.265	2.249	-0.561	-0.681	-0.118	1.735	3.095	"4"
"试办"	1	0	0	0	0.228	0.269	0.053	0.45	0.642	-0.136	-0.024	-0.26	1.062	"1"
"试图"	0	2	0	0	0.456	0.539	0.106	0.9	-0.225	1.14	-0.047	-0.519	1.931	"2"
"话说"	0	1	0	0	0.228	0.269	0.053	0.45	-0.112	0.57	-0.024	-0.26	0.966	"2"
"诬蔑"	0	0	0	1	0.228	0.269	0.053	0.45	-0.112	-0.136	-0.024	0.347	0.619	"4"
"误"	0	1	0	0	0.228	0.269	0.053	0.45	-0.112	0.57	-0.024	-0.26	0.966	"2"
"误会"	0	0	0	1	0.228	0.269	0.053	0.45	-0.112	-0.136	-0.024	0.347	0.619	"4"
"误导"	0	1	0	1	0.456	0.539	0.106	0.9	-0.225	0.332	-0.047	0.157	0.761	"2"
"诱"	0	1	0	0	0.228	0.269	0.053	0.45	-0.112	0.57	-0.024	-0.26	0.966	"2"
"说穿"	0	0	0	1	0.228	0.269	0.053	0.45	-0.112	-0.136	-0.024	0.347	0.619	"4"
"调"	0	1	0	3	0.911	1.077	0.212	1.799	-0.449	-0.152	-0.095	0.617	1.313	"4"
"调查"	101	2	0	3	24.15	28.541	5.624	47.685	57.43	-11.54	-2.509	-22.471	93.95	"1"
"调查组"	0	0	0	1	0.228	0.269	0.053	0.45	-0.112	-0.136	-0.024	0.347	0.619	"4"
"调查表"	0	0	0	1	0.228	0.269	0.053	0.45	-0.112	-0.136	-0.024	0.347	0.619	"4"
"谢长廷"	0	1	0	0	0.228	0.269	0.053	0.45	-0.112	0.57	-0.024	-0.26	0.966	"2"
"谴责"	0	1	0	0	0.228	0.269	0.053	0.45	-0.112	0.57	-0.024	-0.26	0.966	"2"
"贝卢斯科尼"	0	2	0	0	0.456	0.539	0.106	0.9	-0.225	1.14	-0.047	-0.519	1.931	"2"
"负责任"	0	1	0	0	0.228	0.269	0.053	0.45	-0.112	0.57	-0.024	-0.26	0.966	"2"
"责问"	0	1	0	0	0.228	0.269	0.053	0.45	-0.112	0.57	-0.024	-0.26	0.966	"2"
"败"	0	1	0	0	0.228	0.269	0.053	0.45	-0.112	0.57	-0.024	-0.26	0.966	"2"
"质疑"	0	2	0	0	0.456	0.539	0.106	0.9	-0.225	1.14	-0.047	-0.519	1.931	"2"
"贴近"	0	0	0	1	0.228	0.269	0.053	0.45	-0.112	-0.136	-0.024	0.347	0.619	"4"
"贾西亚"	1	0	0	0	0.228	0.269	0.053	0.45	0.642	-0.136	-0.024	-0.26	1.062	"1"
"赞同"	0	1	0	0	0.228	0.269	0.053	0.45	-0.112	0.57	-0.024	-0.26	0.966	"2"
"赞成"	1	1	2	0	0.911	1.077	0.212	1.799	0.191	-0.152	1.804	-1.038	3.185	"3"
"赞扬"	0	1	0	0	0.228	0.269	0.053	0.45	-0.112	0.57	-0.024	-0.26	0.966	"2"
"走下坡"	0	0	0	1	0.228	0.269	0.053	0.45	-0.112	-0.136	-0.024	0.347	0.619	"4"
"走向"	0	0	0	4	0.911	1.077	0.212	1.799	-0.449	-0.545	-0.095	1.388	2.477	"4"
"赶上"	0	0	0	1	0.228	0.269	0.053	0.45	-0.112	-0.136	-0.024	0.347	0.619	"4"
"趋向"	0	0	0	1	0.228	0.269	0.053	0.45	-0.112	-0.136	-0.024	0.347	0.619	"4"
"跟"	0	0	0	1	0.228	0.269	0.053	0.45	-0.112	-0.136	-0.024	0.347	0.619	"4"
"跳梁"	0	0	0	1	0.228	0.269	0.053	0.45	-0.112	-0.136	-0.024	0.347	0.619	"4"
"身亡"	0	2	0	0	0.456	0.539	0.106	0.9	-0.225	1.14	-0.047	-0.519	1.931	"2"
"转向"	0	1	0	0	0.228	0.269	0.053	0.45	-0.112	0.57	-0.024	-0.26	0.966	"2"
"转趋"	0	1	0	0	0.228	0.269	0.053	0.45	-0.112	0.57	-0.024	-0.26	0.966	"2"
"轮替"	0	0	0	1	0.228	0.269	0.053	0.45	-0.112	-0.136	-0.024	0.347	0.619	"4"
"辩论"	1	0	0	1	0.456	0.539	0.106	0.9	0.394	-0.272	-0.047	0.157	0.87	"1"
"过半"	0	0	0	1	0.228	0.269	0.053	0.45	-0.112	-0.136	-0.024	0.347	0.619	"4"
"过半数"	0	0	0	1	0.228	0.269	0.053	0.45	-0.112	-0.136	-0.024	0.347	0.619	"4"
"近"	0	1	0	0	0.228	0.269	0.053	0.45	-0.112	0.57	-0.024	-0.26	0.966	"2"
"近年"	0	1	0	0	0.228	0.269	0.053	0.45	-0.112	0.57	-0.024	-0.26	0.966	"2"
"近日"	0	1	0	2	0.684	0.808	0.159	1.35	-0.337	0.215	-0.071	0.372	0.995	"4"
"近期"	0	0	0	1	0.228	0.269	0.053	0.45	-0.112	-0.136	-0.024	0.347	0.619	"4"
"近来"	3	0	0	2	1.139	1.346	0.265	2.249	1.089	-0.681	-0.118	-0.227	2.115	"1"
"这样"	0	0	0	1	0.228	0.269	0.053	0.45	-0.112	-0.136	-0.024	0.347	0.619	"4"
"这般"	0	1	0	0	0.228	0.269	0.053	0.45	-0.112	0.57	-0.024	-0.26	0.966	"2"
"进行"	9	0	0	10	4.329	5.116	1.008	8.547	1.798	-2.588	-0.45	0.483	5.319	"2"
"违反"	0	0	0	2	0.456	0.539	0.106	0.9	-0.225	-0.272	-0.047	0.694	1.238	"4"
"违背"	0	0	1	0	0.228	0.269	0.053	0.45	-0.112	-0.136	1.275	-0.26	1.783	"3"
"连"	0	2	0	0	0.456	0.539	0.106	0.9	-0.225	1.14	-0.047	-0.519	1.931	"2"
"连宋"	1	0	0	0	0.228	0.269	0.053	0.45	0.642	-0.136	-0.024	-0.26	1.062	"1"
"连日"	0	1	0	0	0.228	0.269	0.053	0.45	-0.112	0.57	-0.024	-0.26	0.966	"2"
"连署"	0	0	0	2	0.456	0.539	0.106	0.9	-0.225	-0.272	-0.047	0.694	1.238	"4"
"退休"	0	3	0	0	0.684	0.808	0.159	1.35	-0.337	1.709	-0.071	-0.779	2.896	"2"
"送交"	0	0	0	1	0.228	0.269	0.053	0.45	-0.112	-0.136	-0.024	0.347	0.619	"4"
"逆"	0	0	0	1	0.228	0.269	0.053	0.45	-0.112	-0.136	-0.024	0.347	0.619	"4"
"选"	0	0	0	2	0.456	0.539	0.106	0.9	-0.225	-0.272	-0.047	0.694	1.238	"4"
"选举"	3	0	0	9	2.734	3.231	0.637	5.398	0.269	-1.635	-0.284	1.45	3.638	"2"
"选出"	0	0	0	2	0.456	0.539	0.106	0.9	-0.225	-0.272	-0.047	0.694	1.238	"4"
"选区"	0	0	0	1	0.228	0.269	0.053	0.45	-0.112	-0.136	-0.024	0.347	0.619	"4"
"选择权"	0	0	0	1	0.228	0.269	0.053	0.45	-0.112	-0.136	-0.024	0.347	0.619	"4"
"选民"	3	0	1	1	1.139	1.346	0.265	2.249	1.089	-0.681	0.622	-0.591	2.983	"1"
"透过"	0	0	0	2	0.456	0.539	0.106	0.9	-0.225	-0.272	-0.047	0.694	1.238	"4"
"途径"	0	0	0	1	0.228	0.269	0.053	0.45	-0.112	-0.136	-0.024	0.347	0.619	"4"
"逢董"	0	0	0	1	0.228	0.269	0.053	0.45	-0.112	-0.136	-0.024	0.347	0.619	"4"
"遏止"	0	0	0	1	0.228	0.269	0.053	0.45	-0.112	-0.136	-0.024	0.347	0.619	"4"
"遣送"	0	1	0	0	0.228	0.269	0.053	0.45	-0.112	0.57	-0.024	-0.26	0.966	"2"
"遥遥领先"	1	0	0	0	0.228	0.269	0.053	0.45	0.642	-0.136	-0.024	-0.26	1.062	"1"
"遭到"	0	2	0	0	0.456	0.539	0.106	0.9	-0.225	1.14	-0.047	-0.519	1.931	"2"
"邮报"	0	0	0	1	0.228	0.269	0.053	0.45	-0.112	-0.136	-0.024	0.347	0.619	"4"
"郑汉根"	1	0	0	0	0.228	0.269	0.053	0.45	0.642	-0.136	-0.024	-0.26	1.062	"1"
"郝龙斌"	0	0	0	1	0.228	0.269	0.053	0.45	-0.112	-0.136	-0.024	0.347	0.619	"4"
"酬劳"	0	1	0	0	0.228	0.269	0.053	0.45	-0.112	0.57	-0.024	-0.26	0.966	"2"
"释宪"	0	0	0	1	0.228	0.269	0.053	0.45	-0.112	-0.136	-0.024	0.347	0.619	"4"
"重振"	0	0	0	1	0.228	0.269	0.053	0.45	-0.112	-0.136	-0.024	0.347	0.619	"4"
"重整旗鼓"	0	0	0	1	0.228	0.269	0.053	0.45	-0.112	-0.136	-0.024	0.347	0.619	"4"
"重新"	0	1	0	0	0.228	0.269	0.053	0.45	-0.112	0.57	-0.024	-0.26	0.966	"2"
"重要性"	0	0	0	1	0.228	0.269	0.053	0.45	-0.112	-0.136	-0.024	0.347	0.619	"4"
"重视"	1	2	2	2	1.595	1.885	0.371	3.149	-0.3	0.221	1.306	-0.499	2.326	"3"
"重选"	0	0	0	1	0.228	0.269	0.053	0.45	-0.112	-0.136	-0.024	0.347	0.619	"4"
"针对"	0	0	0	2	0.456	0.539	0.106	0.9	-0.225	-0.272	-0.047	0.694	1.238	"4"
"钞票"	1	0	0	0	0.228	0.269	0.053	0.45	0.642	-0.136	-0.024	-0.26	1.062	"1"
"钟庭耀"	2	0	0	0	0.456	0.539	0.106	0.9	1.285	-0.272	-0.047	-0.519	2.123	"1"
"钳制"	0	0	0	1	0.228	0.269	0.053	0.45	-0.112	-0.136	-0.024	0.347	0.619	"4"
"长久"	0	1	0	0	0.228	0.269	0.053	0.45	-0.112	0.57	-0.024	-0.26	0.966	"2"
"问政"	0	0	0	1	0.228	0.269	0.053	0.45	-0.112	-0.136	-0.024	0.347	0.619	"4"
"间"	0	16	0	0	3.645	4.308	0.849	7.198	-1.797	9.117	-0.379	-4.152	15.445	"2"
"阁"	1	0	0	0	0.228	0.269	0.053	0.45	0.642	-0.136	-0.024	-0.26	1.062	"1"
"阐明"	0	0	0	1	0.228	0.269	0.053	0.45	-0.112	-0.136	-0.024	0.347	0.619	"4"
"阵地"	0	1	0	1	0.456	0.539	0.106	0.9	-0.225	0.332	-0.047	0.157	0.761	"2"
"阵营"	0	0	1	1	0.456	0.539	0.106	0.9	-0.225	-0.272	0.986	0.157	1.64	"3"
"阿伦"	0	0	0	1	0.228	0.269	0.053	0.45	-0.112	-0.136	-0.024	0.347	0.619	"4"
"附和"	0	1	0	0	0.228	0.269	0.053	0.45	-0.112	0.57	-0.024	-0.26	0.966	"2"
"陈方安生"	0	1	0	0	0.228	0.269	0.053	0.45	-0.112	0.57	-0.024	-0.26	0.966	"2"
"陈水扁"	0	1	0	4	1.139	1.346	0.265	2.249	-0.561	-0.228	-0.118	0.882	1.789	"4"
"陈雪芬"	0	0	1	0	0.228	0.269	0.053	0.45	-0.112	-0.136	1.275	-0.26	1.783	"3"
"降息"	0	1	0	0	0.228	0.269	0.053	0.45	-0.112	0.57	-0.024	-0.26	0.966	"2"
"除去"	1	0	0	0	0.228	0.269	0.053	0.45	0.642	-0.136	-0.024	-0.26	1.062	"1"
"除非"	0	0	0	1	0.228	0.269	0.053	0.45	-0.112	-0.136	-0.024	0.347	0.619	"4"
"随袋征收"	1	0	0	0	0.228	0.269	0.053	0.45	0.642	-0.136	-0.024	-0.26	1.062	"1"
"难料"	0	1	0	0	0.228	0.269	0.053	0.45	-0.112	0.57	-0.024	-0.26	0.966	"2"
"集思广益"	1	0	0	0	0.228	0.269	0.053	0.45	0.642	-0.136	-0.024	-0.26	1.062	"1"
"零用钱"	0	1	0	0	0.228	0.269	0.053	0.45	-0.112	0.57	-0.024	-0.26	0.966	"2"
"需求"	0	0	0	2	0.456	0.539	0.106	0.9	-0.225	-0.272	-0.047	0.694	1.238	"4"
"非核家"	0	0	0	1	0.228	0.269	0.053	0.45	-0.112	-0.136	-0.024	0.347	0.619	"4"
"面对"	0	1	0	4	1.139	1.346	0.265	2.249	-0.561	-0.228	-0.118	0.882	1.789	"4"
"韩国"	0	1	0	0	0.228	0.269	0.053	0.45	-0.112	0.57	-0.024	-0.26	0.966	"2"
"项"	22	0	2	8	7.291	8.616	1.698	14.395	7.387	-4.36	0.291	-1.788	13.826	"1"
"顺"	0	0	0	2	0.456	0.539	0.106	0.9	-0.225	-0.272	-0.047	0.694	1.238	"4"
"顺从"	0	1	0	1	0.456	0.539	0.106	0.9	-0.225	0.332	-0.047	0.157	0.761	"2"
"顺应"	0	0	0	6	1.367	1.616	0.318	2.699	-0.674	-0.817	-0.142	2.082	3.715	"4"
"顺服"	0	0	0	1	0.228	0.269	0.053	0.45	-0.112	-0.136	-0.024	0.347	0.619	"4"
"领先"	5	0	0	4	2.051	2.423	0.477	4.049	1.473	-1.226	-0.213	-0.206	3.118	"1"
"领导人"	1	0	0	3	0.911	1.077	0.212	1.799	0.191	-0.545	-0.095	0.617	1.448	"4"
"颇多"	0	1	0	0	0.228	0.269	0.053	0.45	-0.112	0.57	-0.024	-0.26	0.966	"2"
"风波"	0	2	0	1	0.684	0.808	0.159	1.35	-0.337	0.748	-0.071	-0.24	1.396	"2"
"香港"	0	10	0	1	2.506	2.962	0.584	4.948	-1.235	4.779	-0.26	-1.855	8.129	"2"
"验"	0	0	0	1	0.228	0.269	0.053	0.45	-0.112	-0.136	-0.024	0.347	0.619	"4"
"高举"	0	1	0	0	0.228	0.269	0.053	0.45	-0.112	0.57	-0.024	-0.26	0.966	"2"
"高官"	0	2	0	0	0.456	0.539	0.106	0.9	-0.225	1.14	-0.047	-0.519	1.931	"2"
"高尔"	2	0	0	1	0.684	0.808	0.159	1.35	0.879	-0.409	-0.071	-0.24	1.599	"1"
"高度"	0	0	0	1	0.228	0.269	0.053	0.45	-0.112	-0.136	-0.024	0.347	0.619	"4"
"高涨"	1	0	0	0	0.228	0.269	0.053	0.45	0.642	-0.136	-0.024	-0.26	1.062	"1"
"鲍威尔"	0	2	0	0	0.456	0.539	0.106	0.9	-0.225	1.14	-0.047	-0.519	1.931	"2"
"鼎盛"	0	0	0	1	0.228	0.269	0.053	0.45	-0.112	-0.136	-0.024	0.347	0.619	"4"
