"Coll_Word"	"1"	"2"	"3"	"4"	"exp_1"	"exp_2"	"exp_3"	"exp_4"	"pbin_1"	"pbin_2"	"pbin_3"	"pbin_4"	"SumAbsDev"	"LargestDev"
"10.30"	0	0	0	1	0.276	0.185	0.038	0.501	-0.14	-0.089	-0.017	0.301	0.547	"4"
"2008年"	0	0	1	0	0.276	0.185	0.038	0.501	-0.14	-0.089	1.423	-0.302	1.954	"3"
"891021"	0	0	0	1	0.276	0.185	0.038	0.501	-0.14	-0.089	-0.017	0.301	0.547	"4"
"Bouverat"	0	0	0	1	0.276	0.185	0.038	0.501	-0.14	-0.089	-0.017	0.301	0.547	"4"
"DVD"	0	0	0	1	0.276	0.185	0.038	0.501	-0.14	-0.089	-0.017	0.301	0.547	"4"
"IT"	0	0	0	1	0.276	0.185	0.038	0.501	-0.14	-0.089	-0.017	0.301	0.547	"4"
"NBC"	0	0	0	1	0.276	0.185	0.038	0.501	-0.14	-0.089	-0.017	0.301	0.547	"4"
"阿提亚"	0	0	0	1	0.276	0.185	0.038	0.501	-0.14	-0.089	-0.017	0.301	0.547	"4"
"埃弗顿队"	0	0	0	1	0.276	0.185	0.038	0.501	-0.14	-0.089	-0.017	0.301	0.547	"4"
"爱心"	0	1	0	1	0.553	0.371	0.076	1.001	-0.281	0.473	-0.033	-0.125	0.912	"2"
"安定"	0	0	0	1	0.276	0.185	0.038	0.501	-0.14	-0.089	-0.017	0.301	0.547	"4"
"安度"	1	0	0	0	0.276	0.185	0.038	0.501	0.559	-0.089	-0.017	-0.302	0.967	"1"
"安理会"	3	0	0	1	1.105	0.741	0.151	2.002	1.175	-0.356	-0.067	-0.506	2.104	"1"
"澳门"	0	0	0	1	0.276	0.185	0.038	0.501	-0.14	-0.089	-0.017	0.301	0.547	"4"
"八十四小时工"	1	0	0	0	0.276	0.185	0.038	0.501	0.559	-0.089	-0.017	-0.302	0.967	"1"
"巴"	1	0	0	6	1.934	1.298	0.264	3.504	-0.418	-0.623	-0.117	1.201	2.359	"4"
"巴方"	0	0	0	1	0.276	0.185	0.038	0.501	-0.14	-0.089	-0.017	0.301	0.547	"4"
"巴格达人"	0	0	1	0	0.276	0.185	0.038	0.501	-0.14	-0.089	1.423	-0.302	1.954	"3"
"把儿"	0	1	0	0	0.276	0.185	0.038	0.501	-0.14	0.732	-0.017	-0.302	1.191	"2"
"把握"	0	0	0	2	0.553	0.371	0.076	1.001	-0.281	-0.178	-0.033	0.601	1.093	"4"
"拜会"	1	0	0	2	0.829	0.556	0.113	1.502	0.207	-0.267	-0.05	0.3	0.824	"4"
"班亚"	0	0	0	1	0.276	0.185	0.038	0.501	-0.14	-0.089	-0.017	0.301	0.547	"4"
"办成"	0	1	0	0	0.276	0.185	0.038	0.501	-0.14	0.732	-0.017	-0.302	1.191	"2"
"帮忙"	3	0	0	0	0.829	0.556	0.113	1.502	1.676	-0.267	-0.05	-0.905	2.898	"1"
"帮助"	0	0	0	2	0.553	0.371	0.076	1.001	-0.281	-0.178	-0.033	0.601	1.093	"4"
"保佑"	0	0	0	1	0.276	0.185	0.038	0.501	-0.14	-0.089	-0.017	0.301	0.547	"4"
"抱"	0	3	0	0	0.829	0.556	0.113	1.502	-0.421	2.196	-0.05	-0.905	3.572	"2"
"抱持"	0	1	0	1	0.553	0.371	0.076	1.001	-0.281	0.473	-0.033	-0.125	0.912	"2"
"卑微"	0	0	1	0	0.276	0.185	0.038	0.501	-0.14	-0.089	1.423	-0.302	1.954	"3"
"悲观"	0	0	0	5	1.381	0.927	0.189	2.503	-0.702	-0.445	-0.084	1.503	2.734	"4"
"倍加"	0	1	0	1	0.553	0.371	0.076	1.001	-0.281	0.473	-0.033	-0.125	0.912	"2"
"本地"	0	0	0	2	0.553	0.371	0.076	1.001	-0.281	-0.178	-0.033	0.601	1.093	"4"
"比照"	1	0	0	0	0.276	0.185	0.038	0.501	0.559	-0.089	-0.017	-0.302	0.967	"1"
"笔者"	1	0	0	1	0.553	0.371	0.076	1.001	0.322	-0.178	-0.033	-0.125	0.658	"1"
"变得"	0	0	0	1	0.276	0.185	0.038	0.501	-0.14	-0.089	-0.017	0.301	0.547	"4"
"辩证法"	0	1	0	0	0.276	0.185	0.038	0.501	-0.14	0.732	-0.017	-0.302	1.191	"2"
"表达"	1	0	0	2	0.829	0.556	0.113	1.502	0.207	-0.267	-0.05	0.3	0.824	"4"
"表示"	7	3	0	25	9.669	6.488	1.322	17.521	-0.68	-1.048	-0.585	2.071	4.384	"4"
"并"	5	1	1	14	5.802	3.893	0.793	10.512	-0.341	-1.108	0.256	1.02	2.725	"2"
"播映"	1	0	0	0	0.276	0.185	0.038	0.501	0.559	-0.089	-0.017	-0.302	0.967	"1"
"不"	0	0	0	9	2.486	1.668	0.34	4.505	-1.264	-0.801	-0.151	2.705	4.921	"4"
"不安"	0	0	0	1	0.276	0.185	0.038	0.501	-0.14	-0.089	-0.017	0.301	0.547	"4"
"不错"	0	0	0	1	0.276	0.185	0.038	0.501	-0.14	-0.089	-0.017	0.301	0.547	"4"
"不佳"	0	0	0	1	0.276	0.185	0.038	0.501	-0.14	-0.089	-0.017	0.301	0.547	"4"
"不久"	0	1	0	0	0.276	0.185	0.038	0.501	-0.14	0.732	-0.017	-0.302	1.191	"2"
"不利"	0	0	0	1	0.276	0.185	0.038	0.501	-0.14	-0.089	-0.017	0.301	0.547	"4"
"不明"	0	0	0	1	0.276	0.185	0.038	0.501	-0.14	-0.089	-0.017	0.301	0.547	"4"
"不要"	2	13	0	0	4.144	2.78	0.567	7.509	-0.763	7.659	-0.251	-4.523	13.196	"2"
"布拉特"	0	0	0	1	0.276	0.185	0.038	0.501	-0.14	-0.089	-0.017	0.301	0.547	"4"
"綵头"	0	0	0	1	0.276	0.185	0.038	0.501	-0.14	-0.089	-0.017	0.301	0.547	"4"
"苍生"	0	1	0	0	0.276	0.185	0.038	0.501	-0.14	0.732	-0.017	-0.302	1.191	"2"
"柴达木盆地"	0	0	0	1	0.276	0.185	0.038	0.501	-0.14	-0.089	-0.017	0.301	0.547	"4"
"产业"	0	0	0	1	0.276	0.185	0.038	0.501	-0.14	-0.089	-0.017	0.301	0.547	"4"
"朝核"	0	0	0	1	0.276	0.185	0.038	0.501	-0.14	-0.089	-0.017	0.301	0.547	"4"
"朝鲜半岛"	0	1	0	0	0.276	0.185	0.038	0.501	-0.14	0.732	-0.017	-0.302	1.191	"2"
"陈"	0	1	0	2	0.829	0.556	0.113	1.502	-0.421	0.338	-0.05	0.3	1.109	"1"
"陈纯甄"	1	0	0	0	0.276	0.185	0.038	0.501	0.559	-0.089	-0.017	-0.302	0.967	"1"
"陈建仁"	1	0	0	0	0.276	0.185	0.038	0.501	0.559	-0.089	-0.017	-0.302	0.967	"1"
"陈孔立"	0	0	0	1	0.276	0.185	0.038	0.501	-0.14	-0.089	-0.017	0.301	0.547	"4"
"陈情"	1	0	0	0	0.276	0.185	0.038	0.501	0.559	-0.089	-0.017	-0.302	0.967	"1"
"陈泽杉"	0	1	0	0	0.276	0.185	0.038	0.501	-0.14	0.732	-0.017	-0.302	1.191	"2"
"陈总统"	0	1	0	0	0.276	0.185	0.038	0.501	-0.14	0.732	-0.017	-0.302	1.191	"2"
"成为"	0	0	1	0	0.276	0.185	0.038	0.501	-0.14	-0.089	1.423	-0.302	1.954	"3"
"成长"	0	0	0	1	0.276	0.185	0.038	0.501	-0.14	-0.089	-0.017	0.301	0.547	"4"
"程"	0	0	0	1	0.276	0.185	0.038	0.501	-0.14	-0.089	-0.017	0.301	0.547	"4"
"澄清"	1	0	0	0	0.276	0.185	0.038	0.501	0.559	-0.089	-0.017	-0.302	0.967	"1"
"迟缓"	0	0	0	1	0.276	0.185	0.038	0.501	-0.14	-0.089	-0.017	0.301	0.547	"4"
"持"	0	0	0	2	0.553	0.371	0.076	1.001	-0.281	-0.178	-0.033	0.601	1.093	"4"
"冲刺"	0	0	1	0	0.276	0.185	0.038	0.501	-0.14	-0.089	1.423	-0.302	1.954	"3"
"充满"	2	0	0	2	1.105	0.741	0.151	2.002	0.513	-0.356	-0.067	-0.163	1.099	"1"
"抽空"	1	0	0	0	0.276	0.185	0.038	0.501	0.559	-0.089	-0.017	-0.302	0.967	"1"
"筹得"	0	0	1	0	0.276	0.185	0.038	0.501	-0.14	-0.089	1.423	-0.302	1.954	"3"
"出"	0	0	1	0	0.276	0.185	0.038	0.501	-0.14	-0.089	1.423	-0.302	1.954	"3"
"出口"	0	0	0	1	0.276	0.185	0.038	0.501	-0.14	-0.089	-0.017	0.301	0.547	"4"
"出门"	0	1	0	0	0.276	0.185	0.038	0.501	-0.14	0.732	-0.017	-0.302	1.191	"2"
"出面"	0	0	0	1	0.276	0.185	0.038	0.501	-0.14	-0.089	-0.017	0.301	0.547	"4"
"出线"	0	1	2	0	0.829	0.556	0.113	1.502	-0.421	0.338	2.379	-0.905	4.043	"3"
"传达"	1	0	0	1	0.553	0.371	0.076	1.001	0.322	-0.178	-0.033	-0.125	0.658	"1"
"创造"	1	0	0	0	0.276	0.185	0.038	0.501	0.559	-0.089	-0.017	-0.302	0.967	"1"
"此"	4	3	0	5	3.315	2.224	0.453	6.007	0.363	0.41	-0.201	-0.414	1.388	"4"
"此次"	1	0	0	0	0.276	0.185	0.038	0.501	0.559	-0.089	-0.017	-0.302	0.967	"1"
"聪"	1	0	0	0	0.276	0.185	0.038	0.501	0.559	-0.089	-0.017	-0.302	0.967	"1"
"促成"	1	0	0	0	0.276	0.185	0.038	0.501	0.559	-0.089	-0.017	-0.302	0.967	"1"
"打拼"	0	1	0	0	0.276	0.185	0.038	0.501	-0.14	0.732	-0.017	-0.302	1.191	"2"
"打气"	1	0	0	0	0.276	0.185	0.038	0.501	0.559	-0.089	-0.017	-0.302	0.967	"1"
"大华"	0	0	0	1	0.276	0.185	0.038	0.501	-0.14	-0.089	-0.017	0.301	0.547	"4"
"大家"	4	15	0	1	5.525	3.707	0.756	10.012	-0.502	7.203	-0.335	-4.708	12.748	"2"
"大学院校"	0	0	0	1	0.276	0.185	0.038	0.501	-0.14	-0.089	-0.017	0.301	0.547	"4"
"大增"	0	0	1	0	0.276	0.185	0.038	0.501	-0.14	-0.089	1.423	-0.302	1.954	"3"
"带给"	0	3	0	0	0.829	0.556	0.113	1.502	-0.421	2.196	-0.05	-0.905	3.572	"2"
"带来"	1	2	0	4	1.934	1.298	0.264	3.504	-0.418	0.417	-0.117	0.3	1.252	"1"
"带薪"	0	0	1	0	0.276	0.185	0.038	0.501	-0.14	-0.089	1.423	-0.302	1.954	"3"
"担忧"	0	0	0	1	0.276	0.185	0.038	0.501	-0.14	-0.089	-0.017	0.301	0.547	"4"
"当局"	3	0	0	6	2.486	1.668	0.34	4.505	0.325	-0.801	-0.151	0.593	1.87	"2"
"当然"	1	0	0	1	0.553	0.371	0.076	1.001	0.322	-0.178	-0.033	-0.125	0.658	"1"
"党主"	0	0	0	1	0.276	0.185	0.038	0.501	-0.14	-0.089	-0.017	0.301	0.547	"4"
"到时"	1	0	0	0	0.276	0.185	0.038	0.501	0.559	-0.089	-0.017	-0.302	0.967	"1"
"到时候"	0	1	0	0	0.276	0.185	0.038	0.501	-0.14	0.732	-0.017	-0.302	1.191	"2"
"道歉"	1	0	0	0	0.276	0.185	0.038	0.501	0.559	-0.089	-0.017	-0.302	0.967	"1"
"得到"	4	1	0	10	4.144	2.78	0.567	7.509	-0.224	-0.691	-0.251	0.818	1.984	"4"
"得牌"	0	1	0	0	0.276	0.185	0.038	0.501	-0.14	0.732	-0.017	-0.302	1.191	"2"
"迪夫"	0	0	1	0	0.276	0.185	0.038	0.501	-0.14	-0.089	1.423	-0.302	1.954	"3"
"地方人"	1	0	0	0	0.276	0.185	0.038	0.501	0.559	-0.089	-0.017	-0.302	0.967	"1"
"点燃"	1	0	0	0	0.276	0.185	0.038	0.501	0.559	-0.089	-0.017	-0.302	0.967	"1"
"电盈"	0	0	0	2	0.553	0.371	0.076	1.001	-0.281	-0.178	-0.033	0.601	1.093	"4"
"电子业"	0	0	0	1	0.276	0.185	0.038	0.501	-0.14	-0.089	-0.017	0.301	0.547	"4"
"东亚"	0	0	0	1	0.276	0.185	0.038	0.501	-0.14	-0.089	-0.017	0.301	0.547	"4"
"动员令"	0	0	0	1	0.276	0.185	0.038	0.501	-0.14	-0.089	-0.017	0.301	0.547	"4"
"读者"	1	0	0	1	0.553	0.371	0.076	1.001	0.322	-0.178	-0.033	-0.125	0.658	"1"
"杜森伯格"	0	0	1	0	0.276	0.185	0.038	0.501	-0.14	-0.089	1.423	-0.302	1.954	"3"
"短期"	0	0	0	2	0.553	0.371	0.076	1.001	-0.281	-0.178	-0.033	0.601	1.093	"4"
"对"	0	0	0	15	4.144	2.78	0.567	7.509	-2.106	-1.336	-0.251	4.508	8.201	"4"
"对岸"	0	0	0	2	0.553	0.371	0.076	1.001	-0.281	-0.178	-0.033	0.601	1.093	"4"
"对话"	0	0	0	2	0.553	0.371	0.076	1.001	-0.281	-0.178	-0.033	0.601	1.093	"4"
"对于"	0	0	0	2	0.553	0.371	0.076	1.001	-0.281	-0.178	-0.033	0.601	1.093	"4"
"多"	0	3	0	0	0.829	0.556	0.113	1.502	-0.421	2.196	-0.05	-0.905	3.572	"2"
"俄罗斯"	0	0	0	3	0.829	0.556	0.113	1.502	-0.421	-0.267	-0.05	0.902	1.64	"4"
"发行额"	0	0	0	1	0.276	0.185	0.038	0.501	-0.14	-0.089	-0.017	0.301	0.547	"4"
"发挥"	0	1	0	1	0.553	0.371	0.076	1.001	-0.281	0.473	-0.033	-0.125	0.912	"2"
"发展"	0	0	0	6	1.658	1.112	0.227	3.004	-0.843	-0.534	-0.1	1.803	3.28	"4"
"法治"	1	0	0	0	0.276	0.185	0.038	0.501	0.559	-0.089	-0.017	-0.302	0.967	"1"
"烦忙"	1	0	0	0	0.276	0.185	0.038	0.501	0.559	-0.089	-0.017	-0.302	0.967	"1"
"方"	1	2	0	5	2.21	1.483	0.302	4.005	-0.516	0.344	-0.134	0.438	1.432	"1"
"防役"	1	0	0	0	0.276	0.185	0.038	0.501	0.559	-0.089	-0.017	-0.302	0.967	"1"
"房市"	0	0	0	1	0.276	0.185	0.038	0.501	-0.14	-0.089	-0.017	0.301	0.547	"4"
"放弃"	0	0	0	1	0.276	0.185	0.038	0.501	-0.14	-0.089	-0.017	0.301	0.547	"4"
"非常"	0	1	0	1	0.553	0.371	0.076	1.001	-0.281	0.473	-0.033	-0.125	0.912	"2"
"非专业"	0	0	0	1	0.276	0.185	0.038	0.501	-0.14	-0.089	-0.017	0.301	0.547	"4"
"分体"	0	1	0	0	0.276	0.185	0.038	0.501	-0.14	0.732	-0.017	-0.302	1.191	"2"
"分析师"	0	0	0	1	0.276	0.185	0.038	0.501	-0.14	-0.089	-0.017	0.301	0.547	"4"
"纷争"	0	1	0	0	0.276	0.185	0.038	0.501	-0.14	0.732	-0.017	-0.302	1.191	"2"
"粉"	0	0	0	1	0.276	0.185	0.038	0.501	-0.14	-0.089	-0.017	0.301	0.547	"4"
"封山"	1	0	0	0	0.276	0.185	0.038	0.501	0.559	-0.089	-0.017	-0.302	0.967	"1"
"佛光山"	0	0	0	1	0.276	0.185	0.038	0.501	-0.14	-0.089	-0.017	0.301	0.547	"4"
"扶轮社"	0	0	0	1	0.276	0.185	0.038	0.501	-0.14	-0.089	-0.017	0.301	0.547	"4"
"福气"	0	0	0	1	0.276	0.185	0.038	0.501	-0.14	-0.089	-0.017	0.301	0.547	"4"
"福音"	0	0	0	1	0.276	0.185	0.038	0.501	-0.14	-0.089	-0.017	0.301	0.547	"4"
"复"	1	0	0	0	0.276	0.185	0.038	0.501	0.559	-0.089	-0.017	-0.302	0.967	"1"
"复航"	1	0	0	0	0.276	0.185	0.038	0.501	0.559	-0.089	-0.017	-0.302	0.967	"1"
"复苏"	0	0	0	1	0.276	0.185	0.038	0.501	-0.14	-0.089	-0.017	0.301	0.547	"4"
"复甦"	0	0	0	1	0.276	0.185	0.038	0.501	-0.14	-0.089	-0.017	0.301	0.547	"4"
"富裕"	0	0	1	0	0.276	0.185	0.038	0.501	-0.14	-0.089	1.423	-0.302	1.954	"3"
"改善"	1	0	0	5	1.658	1.112	0.227	3.004	-0.325	-0.534	-0.1	0.959	1.918	"4"
"概"	0	0	0	1	0.276	0.185	0.038	0.501	-0.14	-0.089	-0.017	0.301	0.547	"4"
"赶快"	0	1	0	0	0.276	0.185	0.038	0.501	-0.14	0.732	-0.017	-0.302	1.191	"2"
"感到"	0	0	0	2	0.553	0.371	0.076	1.001	-0.281	-0.178	-0.033	0.601	1.093	"4"
"感恩节"	1	0	0	0	0.276	0.185	0.038	0.501	0.559	-0.089	-0.017	-0.302	0.967	"1"
"感谢"	2	0	0	0	0.553	0.371	0.076	1.001	1.117	-0.178	-0.033	-0.603	1.931	"1"
"港"	0	0	0	1	0.276	0.185	0.038	0.501	-0.14	-0.089	-0.017	0.301	0.547	"4"
"高盛"	0	0	0	1	0.276	0.185	0.038	0.501	-0.14	-0.089	-0.017	0.301	0.547	"4"
"告别赛"	0	1	0	0	0.276	0.185	0.038	0.501	-0.14	0.732	-0.017	-0.302	1.191	"2"
"戈尔"	0	0	1	0	0.276	0.185	0.038	0.501	-0.14	-0.089	1.423	-0.302	1.954	"3"
"个人电脑"	0	0	0	1	0.276	0.185	0.038	0.501	-0.14	-0.089	-0.017	0.301	0.547	"4"
"各界"	1	0	0	1	0.553	0.371	0.076	1.001	0.322	-0.178	-0.033	-0.125	0.658	"1"
"给予"	2	0	0	0	0.553	0.371	0.076	1.001	1.117	-0.178	-0.033	-0.603	1.931	"1"
"更多"	3	0	0	3	1.658	1.112	0.227	3.004	0.671	-0.534	-0.1	-0.184	1.489	"1"
"更加"	0	0	0	1	0.276	0.185	0.038	0.501	-0.14	-0.089	-0.017	0.301	0.547	"4"
"工商界"	0	1	0	1	0.553	0.371	0.076	1.001	-0.281	0.473	-0.033	-0.125	0.912	"2"
"工艺"	0	0	0	1	0.276	0.185	0.038	0.501	-0.14	-0.089	-0.017	0.301	0.547	"4"
"公平"	0	0	0	1	0.276	0.185	0.038	0.501	-0.14	-0.089	-0.017	0.301	0.547	"4"
"公众"	0	0	0	1	0.276	0.185	0.038	0.501	-0.14	-0.089	-0.017	0.301	0.547	"4"
"共筷"	0	1	0	0	0.276	0.185	0.038	0.501	-0.14	0.732	-0.017	-0.302	1.191	"2"
"共识"	0	3	0	0	0.829	0.556	0.113	1.502	-0.421	2.196	-0.05	-0.905	3.572	"2"
"共体时艰"	1	0	0	0	0.276	0.185	0.038	0.501	0.559	-0.089	-0.017	-0.302	0.967	"1"
"共同"	0	1	0	5	1.658	1.112	0.227	3.004	-0.843	-0.16	-0.1	0.959	2.062	"4"
"供求"	0	0	0	1	0.276	0.185	0.038	0.501	-0.14	-0.089	-0.017	0.301	0.547	"4"
"沟通"	1	1	0	1	0.829	0.556	0.113	1.502	0.207	0.338	-0.05	-0.302	0.897	"2"
"辜负"	0	0	0	1	0.276	0.185	0.038	0.501	-0.14	-0.089	-0.017	0.301	0.547	"4"
"谷朊"	0	0	0	1	0.276	0.185	0.038	0.501	-0.14	-0.089	-0.017	0.301	0.547	"4"
"股"	0	0	0	1	0.276	0.185	0.038	0.501	-0.14	-0.089	-0.017	0.301	0.547	"4"
"股市"	0	0	0	1	0.276	0.185	0.038	0.501	-0.14	-0.089	-0.017	0.301	0.547	"4"
"股息"	0	0	0	1	0.276	0.185	0.038	0.501	-0.14	-0.089	-0.017	0.301	0.547	"4"
"故事人"	1	0	0	0	0.276	0.185	0.038	0.501	0.559	-0.089	-0.017	-0.302	0.967	"1"
"关切"	1	0	0	1	0.553	0.371	0.076	1.001	0.322	-0.178	-0.033	-0.125	0.658	"1"
"关系"	0	0	0	4	1.105	0.741	0.151	2.002	-0.562	-0.356	-0.067	1.202	2.187	"4"
"光明"	0	0	0	2	0.553	0.371	0.076	1.001	-0.281	-0.178	-0.033	0.601	1.093	"4"
"广大"	0	0	0	1	0.276	0.185	0.038	0.501	-0.14	-0.089	-0.017	0.301	0.547	"4"
"广阔"	0	0	0	6	1.658	1.112	0.227	3.004	-0.843	-0.534	-0.1	1.803	3.28	"4"
"归途"	0	1	0	0	0.276	0.185	0.038	0.501	-0.14	0.732	-0.017	-0.302	1.191	"2"
"贵"	0	0	0	1	0.276	0.185	0.038	0.501	-0.14	-0.089	-0.017	0.301	0.547	"4"
"国邦"	0	0	0	1	0.276	0.185	0.038	0.501	-0.14	-0.089	-0.017	0.301	0.547	"4"
"国民党团"	1	0	0	0	0.276	0.185	0.038	0.501	0.559	-0.089	-0.017	-0.302	0.967	"1"
"国内外"	0	0	0	1	0.276	0.185	0.038	0.501	-0.14	-0.089	-0.017	0.301	0.547	"4"
"国女队"	1	0	0	0	0.276	0.185	0.038	0.501	0.559	-0.089	-0.017	-0.302	0.967	"1"
"国人"	0	0	0	4	1.105	0.741	0.151	2.002	-0.562	-0.356	-0.067	1.202	2.187	"4"
"国是"	0	1	0	0	0.276	0.185	0.038	0.501	-0.14	0.732	-0.017	-0.302	1.191	"2"
"过度"	0	1	0	0	0.276	0.185	0.038	0.501	-0.14	0.732	-0.017	-0.302	1.191	"2"
"还"	1	1	0	0	0.553	0.371	0.076	1.001	0.322	0.473	-0.033	-0.603	1.431	"4"
"还是"	1	0	0	0	0.276	0.185	0.038	0.501	0.559	-0.089	-0.017	-0.302	0.967	"1"
"海恩丝"	0	1	0	0	0.276	0.185	0.038	0.501	-0.14	0.732	-0.017	-0.302	1.191	"2"
"海合会"	0	0	0	1	0.276	0.185	0.038	0.501	-0.14	-0.089	-0.017	0.301	0.547	"4"
"韩方"	1	0	0	0	0.276	0.185	0.038	0.501	0.559	-0.089	-0.017	-0.302	0.967	"1"
"好"	0	0	0	1	0.276	0.185	0.038	0.501	-0.14	-0.089	-0.017	0.301	0.547	"4"
"好好"	0	1	0	0	0.276	0.185	0.038	0.501	-0.14	0.732	-0.017	-0.302	1.191	"2"
"合作"	0	0	0	3	0.829	0.556	0.113	1.502	-0.421	-0.267	-0.05	0.902	1.64	"4"
"和解"	1	0	0	2	0.829	0.556	0.113	1.502	0.207	-0.267	-0.05	0.3	0.824	"4"
"和平"	1	1	0	9	3.039	2.039	0.416	5.506	-0.829	-0.435	-0.184	1.481	2.929	"4"
"和谈"	0	0	0	1	0.276	0.185	0.038	0.501	-0.14	-0.089	-0.017	0.301	0.547	"4"
"恒"	0	0	0	1	0.276	0.185	0.038	0.501	-0.14	-0.089	-0.017	0.301	0.547	"4"
"弘茂"	1	0	0	0	0.276	0.185	0.038	0.501	0.559	-0.089	-0.017	-0.302	0.967	"1"
"宏观"	1	0	0	0	0.276	0.185	0.038	0.501	0.559	-0.089	-0.017	-0.302	0.967	"1"
"洪森"	0	0	0	1	0.276	0.185	0.038	0.501	-0.14	-0.089	-0.017	0.301	0.547	"4"
"胡锦涛"	0	0	0	1	0.276	0.185	0.038	0.501	-0.14	-0.089	-0.017	0.301	0.547	"4"
"胡志强"	0	1	0	0	0.276	0.185	0.038	0.501	-0.14	0.732	-0.017	-0.302	1.191	"2"
"互动"	0	1	0	1	0.553	0.371	0.076	1.001	-0.281	0.473	-0.033	-0.125	0.912	"2"
"华社"	0	0	0	1	0.276	0.185	0.038	0.501	-0.14	-0.089	-0.017	0.301	0.547	"4"
"化工"	0	0	0	2	0.553	0.371	0.076	1.001	-0.281	-0.178	-0.033	0.601	1.093	"4"
"唤回"	0	0	0	1	0.276	0.185	0.038	0.501	-0.14	-0.089	-0.017	0.301	0.547	"4"
"黄俊豪"	1	0	0	0	0.276	0.185	0.038	0.501	0.559	-0.089	-0.017	-0.302	0.967	"1"
"恢复"	0	2	0	8	2.763	1.854	0.378	5.006	-1.404	0.238	-0.167	1.259	3.068	"1"
"回到"	0	1	0	0	0.276	0.185	0.038	0.501	-0.14	0.732	-0.017	-0.302	1.191	"2"
"回来"	0	1	0	0	0.276	0.185	0.038	0.501	-0.14	0.732	-0.017	-0.302	1.191	"2"
"回去"	1	0	0	0	0.276	0.185	0.038	0.501	0.559	-0.089	-0.017	-0.302	0.967	"1"
"会商"	0	0	0	1	0.276	0.185	0.038	0.501	-0.14	-0.089	-0.017	0.301	0.547	"4"
"会谈"	0	0	0	1	0.276	0.185	0.038	0.501	-0.14	-0.089	-0.017	0.301	0.547	"4"
"获利"	0	0	0	1	0.276	0.185	0.038	0.501	-0.14	-0.089	-0.017	0.301	0.547	"4"
"获益"	0	0	0	1	0.276	0.185	0.038	0.501	-0.14	-0.089	-0.017	0.301	0.547	"4"
"获致"	1	0	0	0	0.276	0.185	0.038	0.501	0.559	-0.089	-0.017	-0.302	0.967	"1"
"机会"	1	1	0	1	0.829	0.556	0.113	1.502	0.207	0.338	-0.05	-0.302	0.897	"2"
"藉"	1	0	0	0	0.276	0.185	0.038	0.501	0.559	-0.089	-0.017	-0.302	0.967	"1"
"既有"	0	0	0	3	0.829	0.556	0.113	1.502	-0.421	-0.267	-0.05	0.902	1.64	"4"
"继续"	2	0	0	11	3.591	2.41	0.491	6.508	-0.587	-1.157	-0.217	1.945	3.906	"4"
"寄托"	0	0	2	0	0.553	0.371	0.076	1.001	-0.281	-0.178	2.845	-0.603	3.907	"3"
"加强"	1	1	0	12	3.868	2.595	0.529	7.008	-1.164	-0.625	-0.234	2.184	4.207	"4"
"加速"	0	0	1	0	0.276	0.185	0.038	0.501	-0.14	-0.089	1.423	-0.302	1.954	"3"
"加以"	0	0	0	1	0.276	0.185	0.038	0.501	-0.14	-0.089	-0.017	0.301	0.547	"4"
"加油"	1	0	0	0	0.276	0.185	0.038	0.501	0.559	-0.089	-0.017	-0.302	0.967	"1"
"家长"	2	1	0	0	0.829	0.556	0.113	1.502	0.729	0.338	-0.05	-0.905	2.022	"4"
"贾古玛"	0	1	0	0	0.276	0.185	0.038	0.501	-0.14	0.732	-0.017	-0.302	1.191	"2"
"价值观"	0	0	0	1	0.276	0.185	0.038	0.501	-0.14	-0.089	-0.017	0.301	0.547	"4"
"架构"	0	0	0	1	0.276	0.185	0.038	0.501	-0.14	-0.089	-0.017	0.301	0.547	"4"
"检方"	0	0	1	0	0.276	0.185	0.038	0.501	-0.14	-0.089	1.423	-0.302	1.954	"3"
"见到"	1	1	0	0	0.553	0.371	0.076	1.001	0.322	0.473	-0.033	-0.603	1.431	"4"
"建国党"	0	1	0	0	0.276	0.185	0.038	0.501	-0.14	0.732	-0.017	-0.302	1.191	"2"
"建设成"	0	0	0	1	0.276	0.185	0.038	0.501	-0.14	-0.089	-0.017	0.301	0.547	"4"
"贱卖"	0	0	0	1	0.276	0.185	0.038	0.501	-0.14	-0.089	-0.017	0.301	0.547	"4"
"渐进"	0	0	1	0	0.276	0.185	0.038	0.501	-0.14	-0.089	1.423	-0.302	1.954	"3"
"将来"	0	2	0	0	0.553	0.371	0.076	1.001	-0.281	1.464	-0.033	-0.603	2.381	"2"
"僵局"	1	0	0	0	0.276	0.185	0.038	0.501	0.559	-0.089	-0.017	-0.302	0.967	"1"
"奖牌"	1	0	0	0	0.276	0.185	0.038	0.501	0.559	-0.089	-0.017	-0.302	0.967	"1"
"交趾"	0	0	1	0	0.276	0.185	0.038	0.501	-0.14	-0.089	1.423	-0.302	1.954	"3"
"教育部"	1	1	0	0	0.553	0.371	0.076	1.001	0.322	0.473	-0.033	-0.603	1.431	"4"
"教育局"	0	1	0	0	0.276	0.185	0.038	0.501	-0.14	0.732	-0.017	-0.302	1.191	"2"
"教旨"	0	0	0	1	0.276	0.185	0.038	0.501	-0.14	-0.089	-0.017	0.301	0.547	"4"
"接下来"	1	3	0	0	1.105	0.741	0.151	2.002	-0.159	1.659	-0.067	-1.206	3.091	"2"
"捷运局"	0	0	1	0	0.276	0.185	0.038	0.501	-0.14	-0.089	1.423	-0.302	1.954	"3"
"解冻"	0	0	0	1	0.276	0.185	0.038	0.501	-0.14	-0.089	-0.017	0.301	0.547	"4"
"解决"	4	0	0	5	2.486	1.668	0.34	4.505	0.661	-0.801	-0.151	0.3	1.913	"2"
"介入"	0	0	0	1	0.276	0.185	0.038	0.501	-0.14	-0.089	-0.017	0.301	0.547	"4"
"介绍给"	0	1	0	0	0.276	0.185	0.038	0.501	-0.14	0.732	-0.017	-0.302	1.191	"2"
"届"	1	0	0	0	0.276	0.185	0.038	0.501	0.559	-0.089	-0.017	-0.302	0.967	"1"
"届时"	0	1	0	0	0.276	0.185	0.038	0.501	-0.14	0.732	-0.017	-0.302	1.191	"2"
"借"	1	3	0	2	1.658	1.112	0.227	3.004	-0.325	1.088	-0.1	-0.465	1.978	"2"
"借鉴"	0	0	0	1	0.276	0.185	0.038	0.501	-0.14	-0.089	-0.017	0.301	0.547	"4"
"借以"	0	1	0	0	0.276	0.185	0.038	0.501	-0.14	0.732	-0.017	-0.302	1.191	"2"
"借由"	0	0	0	6	1.658	1.112	0.227	3.004	-0.843	-0.534	-0.1	1.803	3.28	"4"
"借着"	0	0	0	2	0.553	0.371	0.076	1.001	-0.281	-0.178	-0.033	0.601	1.093	"4"
"借助"	0	0	0	1	0.276	0.185	0.038	0.501	-0.14	-0.089	-0.017	0.301	0.547	"4"
"今后"	0	0	0	3	0.829	0.556	0.113	1.502	-0.421	-0.267	-0.05	0.902	1.64	"4"
"今明"	0	0	0	1	0.276	0.185	0.038	0.501	-0.14	-0.089	-0.017	0.301	0.547	"4"
"金溥"	1	0	0	0	0.276	0.185	0.038	0.501	0.559	-0.089	-0.017	-0.302	0.967	"1"
"谨慎"	0	0	0	1	0.276	0.185	0.038	0.501	-0.14	-0.089	-0.017	0.301	0.547	"4"
"尽"	0	0	0	2	0.553	0.371	0.076	1.001	-0.281	-0.178	-0.033	0.601	1.093	"4"
"尽管"	0	0	0	1	0.276	0.185	0.038	0.501	-0.14	-0.089	-0.017	0.301	0.547	"4"
"尽快"	0	0	0	17	4.697	3.151	0.642	8.51	-2.387	-1.514	-0.284	5.109	9.294	"4"
"尽力"	0	1	0	0	0.276	0.185	0.038	0.501	-0.14	0.732	-0.017	-0.302	1.191	"2"
"尽速"	0	0	0	1	0.276	0.185	0.038	0.501	-0.14	-0.089	-0.017	0.301	0.547	"4"
"进程"	0	1	0	1	0.553	0.371	0.076	1.001	-0.281	0.473	-0.033	-0.125	0.912	"2"
"进党"	0	1	0	0	0.276	0.185	0.038	0.501	-0.14	0.732	-0.017	-0.302	1.191	"2"
"进一步"	1	1	0	10	3.315	2.224	0.453	6.007	-0.938	-0.497	-0.201	1.71	3.346	"4"
"晋级"	0	0	1	0	0.276	0.185	0.038	0.501	-0.14	-0.089	1.423	-0.302	1.954	"3"
"经济"	0	0	0	20	5.525	3.707	0.756	10.012	-2.808	-1.781	-0.335	6.01	10.934	"4"
"经济面"	0	0	0	1	0.276	0.185	0.038	0.501	-0.14	-0.089	-0.017	0.301	0.547	"4"
"经济学家"	0	0	0	1	0.276	0.185	0.038	0.501	-0.14	-0.089	-0.017	0.301	0.547	"4"
"经贸"	0	0	0	1	0.276	0.185	0.038	0.501	-0.14	-0.089	-0.017	0.301	0.547	"4"
"经营"	0	0	0	1	0.276	0.185	0.038	0.501	-0.14	-0.089	-0.017	0.301	0.547	"4"
"经由"	1	0	0	1	0.553	0.371	0.076	1.001	0.322	-0.178	-0.033	-0.125	0.658	"1"
"救国"	1	0	0	0	0.276	0.185	0.038	0.501	0.559	-0.089	-0.017	-0.302	0.967	"1"
"救民"	1	0	0	0	0.276	0.185	0.038	0.501	0.559	-0.089	-0.017	-0.302	0.967	"1"
"救灾"	0	1	0	0	0.276	0.185	0.038	0.501	-0.14	0.732	-0.017	-0.302	1.191	"2"
"就是"	1	4	0	2	1.934	1.298	0.264	3.504	-0.418	1.591	-0.117	-0.647	2.773	"2"
"就业"	0	0	0	3	0.829	0.556	0.113	1.502	-0.421	-0.267	-0.05	0.902	1.64	"4"
"巨大"	0	0	0	1	0.276	0.185	0.038	0.501	-0.14	-0.089	-0.017	0.301	0.547	"4"
"具"	0	0	0	1	0.276	0.185	0.038	0.501	-0.14	-0.089	-0.017	0.301	0.547	"4"
"具有"	0	0	0	3	0.829	0.556	0.113	1.502	-0.421	-0.267	-0.05	0.902	1.64	"4"
"卡佩洛"	0	1	0	0	0.276	0.185	0.038	0.501	-0.14	0.732	-0.017	-0.302	1.191	"2"
"开采权"	0	0	1	0	0.276	0.185	0.038	0.501	-0.14	-0.089	1.423	-0.302	1.954	"3"
"开端"	0	0	0	1	0.276	0.185	0.038	0.501	-0.14	-0.089	-0.017	0.301	0.547	"4"
"开发"	0	0	0	3	0.829	0.556	0.113	1.502	-0.421	-0.267	-0.05	0.902	1.64	"4"
"勘探"	0	0	0	1	0.276	0.185	0.038	0.501	-0.14	-0.089	-0.017	0.301	0.547	"4"
"看到"	5	6	0	0	3.039	2.039	0.416	5.506	0.793	2.1	-0.184	-3.317	6.394	"4"
"看好"	0	0	0	5	1.381	0.927	0.189	2.503	-0.702	-0.445	-0.084	1.503	2.734	"4"
"柯林顿"	2	0	0	0	0.553	0.371	0.076	1.001	1.117	-0.178	-0.033	-0.603	1.931	"1"
"可观"	0	0	0	1	0.276	0.185	0.038	0.501	-0.14	-0.089	-0.017	0.301	0.547	"4"
"克瓦杰"	1	0	0	0	0.276	0.185	0.038	0.501	0.559	-0.089	-0.017	-0.302	0.967	"1"
"恐怖片"	0	3	0	0	0.829	0.556	0.113	1.502	-0.421	2.196	-0.05	-0.905	3.572	"2"
"跨大西洋"	1	0	0	0	0.276	0.185	0.038	0.501	0.559	-0.089	-0.017	-0.302	0.967	"1"
"快快乐乐"	0	1	0	0	0.276	0.185	0.038	0.501	-0.14	0.732	-0.017	-0.302	1.191	"2"
"快乐"	0	0	0	1	0.276	0.185	0.038	0.501	-0.14	-0.089	-0.017	0.301	0.547	"4"
"阔别"	1	0	0	0	0.276	0.185	0.038	0.501	0.559	-0.089	-0.017	-0.302	0.967	"1"
"拉到"	0	0	0	1	0.276	0.185	0.038	0.501	-0.14	-0.089	-0.017	0.301	0.547	"4"
"来电"	1	0	0	0	0.276	0.185	0.038	0.501	0.559	-0.089	-0.017	-0.302	0.967	"1"
"来访"	0	2	0	0	0.553	0.371	0.076	1.001	-0.281	1.464	-0.033	-0.603	2.381	"2"
"劳基法"	0	0	0	1	0.276	0.185	0.038	0.501	-0.14	-0.089	-0.017	0.301	0.547	"4"
"劳委会"	0	0	0	1	0.276	0.185	0.038	0.501	-0.14	-0.089	-0.017	0.301	0.547	"4"
"老板车"	1	0	0	0	0.276	0.185	0.038	0.501	0.559	-0.089	-0.017	-0.302	0.967	"1"
"乐观"	0	0	0	7	1.934	1.298	0.264	3.504	-0.983	-0.623	-0.117	2.104	3.827	"4"
"了不起"	0	0	0	1	0.276	0.185	0.038	0.501	-0.14	-0.089	-0.017	0.301	0.547	"4"
"了解"	0	0	0	1	0.276	0.185	0.038	0.501	-0.14	-0.089	-0.017	0.301	0.547	"4"
"冷静"	0	0	0	1	0.276	0.185	0.038	0.501	-0.14	-0.089	-0.017	0.301	0.547	"4"
"李洁明"	0	1	0	0	0.276	0.185	0.038	0.501	-0.14	0.732	-0.017	-0.302	1.191	"2"
"李铁"	0	0	0	1	0.276	0.185	0.038	0.501	-0.14	-0.089	-0.017	0.301	0.547	"4"
"李长春"	0	1	0	0	0.276	0.185	0.038	0.501	-0.14	0.732	-0.017	-0.302	1.191	"2"
"立场"	4	1	0	3	2.21	1.483	0.302	4.005	0.814	-0.262	-0.134	-0.441	1.651	"1"
"利润"	0	0	0	1	0.276	0.185	0.038	0.501	-0.14	-0.089	-0.017	0.301	0.547	"4"
"连战"	0	1	0	0	0.276	0.185	0.038	0.501	-0.14	0.732	-0.017	-0.302	1.191	"2"
"联系"	0	1	0	0	0.276	0.185	0.038	0.501	-0.14	0.732	-0.017	-0.302	1.191	"2"
"良好"	0	0	0	2	0.553	0.371	0.076	1.001	-0.281	-0.178	-0.033	0.601	1.093	"4"
"两岸"	3	1	0	9	3.591	2.41	0.491	6.508	-0.304	-0.56	-0.217	0.872	1.953	"4"
"两国"	1	1	0	9	3.039	2.039	0.416	5.506	-0.829	-0.435	-0.184	1.481	2.929	"4"
"谅解"	1	0	0	0	0.276	0.185	0.038	0.501	0.559	-0.089	-0.017	-0.302	0.967	"1"
"林丰正"	0	0	0	1	0.276	0.185	0.038	0.501	-0.14	-0.089	-0.017	0.301	0.547	"4"
"领月"	1	0	0	0	0.276	0.185	0.038	0.501	0.559	-0.089	-0.017	-0.302	0.967	"1"
"令"	0	0	0	2	0.553	0.371	0.076	1.001	-0.281	-0.178	-0.033	0.601	1.093	"4"
"刘上阳"	0	0	1	0	0.276	0.185	0.038	0.501	-0.14	-0.089	1.423	-0.302	1.954	"3"
"柳智惠"	0	0	1	0	0.276	0.185	0.038	0.501	-0.14	-0.089	1.423	-0.302	1.954	"3"
"六方"	1	0	0	0	0.276	0.185	0.038	0.501	0.559	-0.089	-0.017	-0.302	0.967	"1"
"罗马队"	0	1	0	0	0.276	0.185	0.038	0.501	-0.14	0.732	-0.017	-0.302	1.191	"2"
"落地生根"	0	1	0	0	0.276	0.185	0.038	0.501	-0.14	0.732	-0.017	-0.302	1.191	"2"
"旅行业者"	0	0	1	0	0.276	0.185	0.038	0.501	-0.14	-0.089	1.423	-0.302	1.954	"3"
"履行"	0	0	0	3	0.829	0.556	0.113	1.502	-0.421	-0.267	-0.05	0.902	1.64	"4"
"马尔科夫"	1	0	0	0	0.276	0.185	0.038	0.501	0.559	-0.089	-0.017	-0.302	0.967	"1"
"马拉多"	1	0	0	0	0.276	0.185	0.038	0.501	0.559	-0.089	-0.017	-0.302	0.967	"1"
"马文"	0	1	0	0	0.276	0.185	0.038	0.501	-0.14	0.732	-0.017	-0.302	1.191	"2"
"迈进"	0	1	0	0	0.276	0.185	0.038	0.501	-0.14	0.732	-0.017	-0.302	1.191	"2"
"猫人"	1	0	0	0	0.276	0.185	0.038	0.501	0.559	-0.089	-0.017	-0.302	0.967	"1"
"没有"	0	0	0	1	0.276	0.185	0.038	0.501	-0.14	-0.089	-0.017	0.301	0.547	"4"
"玫瑰"	0	0	0	1	0.276	0.185	0.038	0.501	-0.14	-0.089	-0.017	0.301	0.547	"4"
"美"	0	0	0	1	0.276	0.185	0.038	0.501	-0.14	-0.089	-0.017	0.301	0.547	"4"
"美方"	0	1	0	1	0.553	0.371	0.076	1.001	-0.281	0.473	-0.033	-0.125	0.912	"2"
"美国人民"	1	0	0	0	0.276	0.185	0.038	0.501	0.559	-0.089	-0.017	-0.302	0.967	"1"
"美好"	0	1	0	0	0.276	0.185	0.038	0.501	-0.14	0.732	-0.017	-0.302	1.191	"2"
"们"	7	1	0	2	2.763	1.854	0.378	5.006	2.19	-0.375	-0.167	-1.265	3.997	"1"
"描绘"	0	0	1	0	0.276	0.185	0.038	0.501	-0.14	-0.089	1.423	-0.302	1.954	"3"
"渺茫"	0	0	0	1	0.276	0.185	0.038	0.501	-0.14	-0.089	-0.017	0.301	0.547	"4"
"民进党团"	0	1	0	0	0.276	0.185	0.038	0.501	-0.14	0.732	-0.017	-0.302	1.191	"2"
"民众"	1	0	0	4	1.381	0.927	0.189	2.503	-0.238	-0.445	-0.084	0.725	1.492	"4"
"明朗"	0	0	0	2	0.553	0.371	0.076	1.001	-0.281	-0.178	-0.033	0.601	1.093	"4"
"明年"	2	0	0	3	1.381	0.927	0.189	2.503	0.374	-0.445	-0.084	0.3	1.203	"2"
"摩中"	0	0	0	1	0.276	0.185	0.038	0.501	-0.14	-0.089	-0.017	0.301	0.547	"4"
"木村"	0	0	1	0	0.276	0.185	0.038	0.501	-0.14	-0.089	1.423	-0.302	1.954	"3"
"目的"	0	0	0	1	0.276	0.185	0.038	0.501	-0.14	-0.089	-0.017	0.301	0.547	"4"
"那样"	0	0	0	1	0.276	0.185	0.038	0.501	-0.14	-0.089	-0.017	0.301	0.547	"4"
"南方共"	0	0	0	1	0.276	0.185	0.038	0.501	-0.14	-0.089	-0.017	0.301	0.547	"4"
"南非人"	0	1	0	0	0.276	0.185	0.038	0.501	-0.14	0.732	-0.017	-0.302	1.191	"2"
"难关"	1	0	0	0	0.276	0.185	0.038	0.501	0.559	-0.089	-0.017	-0.302	0.967	"1"
"能"	105	5	0	8	32.6	21.872	4.458	59.07	43.622	-5.389	-1.974	-23.678	74.663	"1"
"能够"	27	0	0	4	8.564	5.746	1.171	15.518	11.124	-2.76	-0.518	-4.782	19.184	"1"
"能源"	0	0	0	2	0.553	0.371	0.076	1.001	-0.281	-0.178	-0.033	0.601	1.093	"4"
"你们"	0	4	0	0	1.105	0.741	0.151	2.002	-0.562	2.928	-0.067	-1.206	4.763	"2"
"匿名"	0	0	0	1	0.276	0.185	0.038	0.501	-0.14	-0.089	-0.017	0.301	0.547	"4"
"年报"	0	0	0	1	0.276	0.185	0.038	0.501	-0.14	-0.089	-0.017	0.301	0.547	"4"
"年底"	0	1	0	0	0.276	0.185	0.038	0.501	-0.14	0.732	-0.017	-0.302	1.191	"2"
"您"	0	0	0	1	0.276	0.185	0.038	0.501	-0.14	-0.089	-0.017	0.301	0.547	"4"
"农产业"	0	0	1	0	0.276	0.185	0.038	0.501	-0.14	-0.089	1.423	-0.302	1.954	"3"
"农协"	0	0	0	1	0.276	0.185	0.038	0.501	-0.14	-0.089	-0.017	0.301	0.547	"4"
"努力"	4	2	0	6	3.315	2.224	0.453	6.007	0.363	-0.214	-0.201	-0.214	0.992	"1"
"欧盟"	1	0	0	8	2.486	1.668	0.34	4.505	-0.617	-0.801	-0.151	1.706	3.275	"4"
"帕拉西奥"	0	1	0	0	0.276	0.185	0.038	0.501	-0.14	0.732	-0.017	-0.302	1.191	"2"
"牌"	1	0	0	0	0.276	0.185	0.038	0.501	0.559	-0.089	-0.017	-0.302	0.967	"1"
"抛砖引玉"	0	0	0	1	0.276	0.185	0.038	0.501	-0.14	-0.089	-0.017	0.301	0.547	"4"
"培养出"	0	1	0	0	0.276	0.185	0.038	0.501	-0.14	0.732	-0.017	-0.302	1.191	"2"
"培勇"	1	0	0	0	0.276	0.185	0.038	0.501	0.559	-0.089	-0.017	-0.302	0.967	"1"
"乒乓球界"	0	0	1	0	0.276	0.185	0.038	0.501	-0.14	-0.089	1.423	-0.302	1.954	"3"
"平安"	1	0	0	0	0.276	0.185	0.038	0.501	0.559	-0.089	-0.017	-0.302	0.967	"1"
"平常心"	0	1	0	0	0.276	0.185	0.038	0.501	-0.14	0.732	-0.017	-0.302	1.191	"2"
"平息"	0	0	0	1	0.276	0.185	0.038	0.501	-0.14	-0.089	-0.017	0.301	0.547	"4"
"评估"	0	0	0	1	0.276	0.185	0.038	0.501	-0.14	-0.089	-0.017	0.301	0.547	"4"
"迫切"	0	0	0	1	0.276	0.185	0.038	0.501	-0.14	-0.089	-0.017	0.301	0.547	"4"
"破案"	0	0	0	1	0.276	0.185	0.038	0.501	-0.14	-0.089	-0.017	0.301	0.547	"4"
"破冰"	0	0	0	1	0.276	0.185	0.038	0.501	-0.14	-0.089	-0.017	0.301	0.547	"4"
"朴胜俊"	1	0	0	0	0.276	0.185	0.038	0.501	0.559	-0.089	-0.017	-0.302	0.967	"1"
"期待"	0	0	0	1	0.276	0.185	0.038	0.501	-0.14	-0.089	-0.017	0.301	0.547	"4"
"期许"	1	0	0	0	0.276	0.185	0.038	0.501	0.559	-0.089	-0.017	-0.302	0.967	"1"
"旗袍"	1	0	0	0	0.276	0.185	0.038	0.501	0.559	-0.089	-0.017	-0.302	0.967	"1"
"企业"	0	0	0	2	0.553	0.371	0.076	1.001	-0.281	-0.178	-0.033	0.601	1.093	"4"
"起"	0	0	0	1	0.276	0.185	0.038	0.501	-0.14	-0.089	-0.017	0.301	0.547	"4"
"起点"	1	0	0	0	0.276	0.185	0.038	0.501	0.559	-0.089	-0.017	-0.302	0.967	"1"
"契机"	1	0	0	0	0.276	0.185	0.038	0.501	0.559	-0.089	-0.017	-0.302	0.967	"1"
"前国大代表"	0	1	0	0	0.276	0.185	0.038	0.501	-0.14	0.732	-0.017	-0.302	1.191	"2"
"潜力"	0	0	0	3	0.829	0.556	0.113	1.502	-0.421	-0.267	-0.05	0.902	1.64	"4"
"潜在"	0	0	0	1	0.276	0.185	0.038	0.501	-0.14	-0.089	-0.017	0.301	0.547	"4"
"歉意"	1	0	0	0	0.276	0.185	0.038	0.501	0.559	-0.089	-0.017	-0.302	0.967	"1"
"抢通"	0	0	1	0	0.276	0.185	0.038	0.501	-0.14	-0.089	1.423	-0.302	1.954	"3"
"侨胞"	5	0	0	1	1.658	1.112	0.227	3.004	2.129	-0.534	-0.1	-0.963	3.726	"1"
"切点"	0	0	0	1	0.276	0.185	0.038	0.501	-0.14	-0.089	-0.017	0.301	0.547	"4"
"亲民党"	0	0	0	1	0.276	0.185	0.038	0.501	-0.14	-0.089	-0.017	0.301	0.547	"4"
"勤于"	0	0	1	0	0.276	0.185	0.038	0.501	-0.14	-0.089	1.423	-0.302	1.954	"3"
"氢"	0	0	0	2	0.553	0.371	0.076	1.001	-0.281	-0.178	-0.033	0.601	1.093	"4"
"倾听"	0	1	0	0	0.276	0.185	0.038	0.501	-0.14	0.732	-0.017	-0.302	1.191	"2"
"情绪性"	0	0	1	0	0.276	0.185	0.038	0.501	-0.14	-0.089	1.423	-0.302	1.954	"3"
"请命"	0	0	0	1	0.276	0.185	0.038	0.501	-0.14	-0.089	-0.017	0.301	0.547	"4"
"请益"	0	1	0	0	0.276	0.185	0.038	0.501	-0.14	0.732	-0.017	-0.302	1.191	"2"
"邱议莹"	0	0	0	1	0.276	0.185	0.038	0.501	-0.14	-0.089	-0.017	0.301	0.547	"4"
"求才"	1	0	0	0	0.276	0.185	0.038	0.501	0.559	-0.089	-0.017	-0.302	0.967	"1"
"求生"	0	1	0	0	0.276	0.185	0.038	0.501	-0.14	0.732	-0.017	-0.302	1.191	"2"
"酋"	1	0	0	0	0.276	0.185	0.038	0.501	0.559	-0.089	-0.017	-0.302	0.967	"1"
"趋"	0	0	0	1	0.276	0.185	0.038	0.501	-0.14	-0.089	-0.017	0.301	0.547	"4"
"全球"	0	0	0	2	0.553	0.371	0.076	1.001	-0.281	-0.178	-0.033	0.601	1.093	"4"
"群众"	0	0	0	2	0.553	0.371	0.076	1.001	-0.281	-0.178	-0.033	0.601	1.093	"4"
"燃"	0	0	0	1	0.276	0.185	0.038	0.501	-0.14	-0.089	-0.017	0.301	0.547	"4"
"燃起"	0	0	1	0	0.276	0.185	0.038	0.501	-0.14	-0.089	1.423	-0.302	1.954	"3"
"热诚"	1	0	0	0	0.276	0.185	0.038	0.501	0.559	-0.089	-0.017	-0.302	0.967	"1"
"人人"	1	0	0	0	0.276	0.185	0.038	0.501	0.559	-0.089	-0.017	-0.302	0.967	"1"
"认清"	0	0	0	1	0.276	0.185	0.038	0.501	-0.14	-0.089	-0.017	0.301	0.547	"4"
"认养"	0	0	0	1	0.276	0.185	0.038	0.501	-0.14	-0.089	-0.017	0.301	0.547	"4"
"仍"	0	0	0	2	0.553	0.371	0.076	1.001	-0.281	-0.178	-0.033	0.601	1.093	"4"
"日朝"	1	0	0	0	0.276	0.185	0.038	0.501	0.559	-0.089	-0.017	-0.302	0.967	"1"
"日后"	0	0	0	1	0.276	0.185	0.038	0.501	-0.14	-0.089	-0.017	0.301	0.547	"4"
"如果说"	0	0	0	1	0.276	0.185	0.038	0.501	-0.14	-0.089	-0.017	0.301	0.547	"4"
"如期"	0	0	0	1	0.276	0.185	0.038	0.501	-0.14	-0.089	-0.017	0.301	0.547	"4"
"入电影界"	1	0	0	0	0.276	0.185	0.038	0.501	0.559	-0.089	-0.017	-0.302	0.967	"1"
"入会"	0	0	0	1	0.276	0.185	0.038	0.501	-0.14	-0.089	-0.017	0.301	0.547	"4"
"萨姆森"	1	0	0	0	0.276	0.185	0.038	0.501	0.559	-0.089	-0.017	-0.302	0.967	"1"
"塞浦路斯"	0	0	0	1	0.276	0.185	0.038	0.501	-0.14	-0.089	-0.017	0.301	0.547	"4"
"赛季"	0	1	0	0	0.276	0.185	0.038	0.501	-0.14	0.732	-0.017	-0.302	1.191	"2"
"三思"	1	0	0	0	0.276	0.185	0.038	0.501	0.559	-0.089	-0.017	-0.302	0.967	"1"
"三义"	0	0	0	1	0.276	0.185	0.038	0.501	-0.14	-0.089	-0.017	0.301	0.547	"4"
"桑连西党"	0	1	0	0	0.276	0.185	0.038	0.501	-0.14	0.732	-0.017	-0.302	1.191	"2"
"善意"	2	0	0	0	0.553	0.371	0.076	1.001	1.117	-0.178	-0.033	-0.603	1.931	"1"
"商业"	0	0	0	1	0.276	0.185	0.038	0.501	-0.14	-0.089	-0.017	0.301	0.547	"4"
"上学"	0	0	2	0	0.553	0.371	0.076	1.001	-0.281	-0.178	2.845	-0.603	3.907	"3"
"伸"	0	1	0	0	0.276	0.185	0.038	0.501	-0.14	0.732	-0.017	-0.302	1.191	"2"
"身体力行"	0	0	0	1	0.276	0.185	0.038	0.501	-0.14	-0.089	-0.017	0.301	0.547	"4"
"深层"	0	0	0	1	0.276	0.185	0.038	0.501	-0.14	-0.089	-0.017	0.301	0.547	"4"
"深切"	0	0	0	1	0.276	0.185	0.038	0.501	-0.14	-0.089	-0.017	0.301	0.547	"4"
"深知"	0	0	0	1	0.276	0.185	0.038	0.501	-0.14	-0.089	-0.017	0.301	0.547	"4"
"升格"	0	0	0	1	0.276	0.185	0.038	0.501	-0.14	-0.089	-0.017	0.301	0.547	"4"
"生还"	0	0	2	0	0.553	0.371	0.076	1.001	-0.281	-0.178	2.845	-0.603	3.907	"3"
"生命线"	1	0	0	0	0.276	0.185	0.038	0.501	0.559	-0.089	-0.017	-0.302	0.967	"1"
"生怕"	0	0	0	1	0.276	0.185	0.038	0.501	-0.14	-0.089	-0.017	0.301	0.547	"4"
"生水机"	0	0	0	1	0.276	0.185	0.038	0.501	-0.14	-0.089	-0.017	0.301	0.547	"4"
"声乐家"	0	0	1	0	0.276	0.185	0.038	0.501	-0.14	-0.089	1.423	-0.302	1.954	"3"
"失望"	0	1	0	0	0.276	0.185	0.038	0.501	-0.14	0.732	-0.017	-0.302	1.191	"2"
"十四万"	1	0	0	0	0.276	0.185	0.038	0.501	0.559	-0.089	-0.017	-0.302	0.967	"1"
"石化业"	0	0	0	1	0.276	0.185	0.038	0.501	-0.14	-0.089	-0.017	0.301	0.547	"4"
"实现"	0	0	0	1	0.276	0.185	0.038	0.501	-0.14	-0.089	-0.017	0.301	0.547	"4"
"示"	1	2	0	1	1.105	0.741	0.151	2.002	-0.159	0.799	-0.067	-0.506	1.531	"2"
"市场"	0	0	0	5	1.381	0.927	0.189	2.503	-0.702	-0.445	-0.084	1.503	2.734	"4"
"市场价"	0	0	0	1	0.276	0.185	0.038	0.501	-0.14	-0.089	-0.017	0.301	0.547	"4"
"市民"	0	0	0	2	0.553	0.371	0.076	1.001	-0.281	-0.178	-0.033	0.601	1.093	"4"
"事情"	1	0	0	0	0.276	0.185	0.038	0.501	0.559	-0.089	-0.017	-0.302	0.967	"1"
"收获"	1	0	0	0	0.276	0.185	0.038	0.501	0.559	-0.089	-0.017	-0.302	0.967	"1"
"受援"	1	0	0	0	0.276	0.185	0.038	0.501	0.559	-0.089	-0.017	-0.302	0.967	"1"
"输球"	1	0	0	0	0.276	0.185	0.038	0.501	0.559	-0.089	-0.017	-0.302	0.967	"1"
"输入法"	0	0	1	0	0.276	0.185	0.038	0.501	-0.14	-0.089	1.423	-0.302	1.954	"3"
"输运"	0	0	0	1	0.276	0.185	0.038	0.501	-0.14	-0.089	-0.017	0.301	0.547	"4"
"熟稔"	0	0	0	1	0.276	0.185	0.038	0.501	-0.14	-0.089	-0.017	0.301	0.547	"4"
"耍"	0	0	0	1	0.276	0.185	0.038	0.501	-0.14	-0.089	-0.017	0.301	0.547	"4"
"双方"	3	1	0	11	4.144	2.78	0.567	7.509	-0.431	-0.691	-0.251	1.223	2.596	"4"
"睡袋"	0	0	0	1	0.276	0.185	0.038	0.501	-0.14	-0.089	-0.017	0.301	0.547	"4"
"司"	0	0	0	2	0.553	0.371	0.076	1.001	-0.281	-0.178	-0.033	0.601	1.093	"4"
"死有余辜"	0	0	0	1	0.276	0.185	0.038	0.501	-0.14	-0.089	-0.017	0.301	0.547	"4"
"四十小时工"	0	0	0	1	0.276	0.185	0.038	0.501	-0.14	-0.089	-0.017	0.301	0.547	"4"
"松绑"	0	0	0	1	0.276	0.185	0.038	0.501	-0.14	-0.089	-0.017	0.301	0.547	"4"
"搜狐"	0	0	0	1	0.276	0.185	0.038	0.501	-0.14	-0.089	-0.017	0.301	0.547	"4"
"苏嘉法瑞"	1	0	0	0	0.276	0.185	0.038	0.501	0.559	-0.089	-0.017	-0.302	0.967	"1"
"苏帕猜"	2	0	0	0	0.553	0.371	0.076	1.001	1.117	-0.178	-0.033	-0.603	1.931	"1"
"缩水"	0	0	0	1	0.276	0.185	0.038	0.501	-0.14	-0.089	-0.017	0.301	0.547	"4"
"所以"	0	4	1	3	2.21	1.483	0.302	4.005	-1.123	1.358	0.576	-0.441	3.498	"2"
"他"	24	31	0	18	20.168	13.531	2.758	36.543	0.721	5.693	-1.221	-5.092	12.727	"2"
"他们"	7	10	0	7	6.63	4.449	0.907	12.014	0.293	2.134	-0.401	-1.501	4.329	"2"
"她"	5	14	0	2	5.802	3.893	0.793	10.512	-0.341	5.758	-0.351	-3.965	10.415	"2"
"她们"	0	1	0	0	0.276	0.185	0.038	0.501	-0.14	0.732	-0.017	-0.302	1.191	"2"
"牠们"	0	0	0	1	0.276	0.185	0.038	0.501	-0.14	-0.089	-0.017	0.301	0.547	"4"
"台海"	0	0	0	2	0.553	0.371	0.076	1.001	-0.281	-0.178	-0.033	0.601	1.093	"4"
"台铁"	0	1	0	0	0.276	0.185	0.038	0.501	-0.14	0.732	-0.017	-0.302	1.191	"2"
"台湾"	1	0	0	7	2.21	1.483	0.302	4.005	-0.516	-0.712	-0.134	1.451	2.813	"4"
"台湾海崃"	0	0	0	1	0.276	0.185	0.038	0.501	-0.14	-0.089	-0.017	0.301	0.547	"4"
"台湾人"	1	0	0	1	0.553	0.371	0.076	1.001	0.322	-0.178	-0.033	-0.125	0.658	"1"
"台湾人民"	0	0	0	1	0.276	0.185	0.038	0.501	-0.14	-0.089	-0.017	0.301	0.547	"4"
"抬棺"	1	0	0	0	0.276	0.185	0.038	0.501	0.559	-0.089	-0.017	-0.302	0.967	"1"
"态度"	0	0	0	3	0.829	0.556	0.113	1.502	-0.421	-0.267	-0.05	0.902	1.64	"4"
"谈到"	0	0	0	2	0.553	0.371	0.076	1.001	-0.281	-0.178	-0.033	0.601	1.093	"4"
"探讨"	0	0	0	1	0.276	0.185	0.038	0.501	-0.14	-0.089	-0.017	0.301	0.547	"4"
"讨"	0	0	0	1	0.276	0.185	0.038	0.501	-0.14	-0.089	-0.017	0.301	0.547	"4"
"提出来"	0	1	0	0	0.276	0.185	0.038	0.501	-0.14	0.732	-0.017	-0.302	1.191	"2"
"提昇"	0	0	0	1	0.276	0.185	0.038	0.501	-0.14	-0.089	-0.017	0.301	0.547	"4"
"替代"	0	1	0	0	0.276	0.185	0.038	0.501	-0.14	0.732	-0.017	-0.302	1.191	"2"
"天然气"	0	0	0	2	0.553	0.371	0.076	1.001	-0.281	-0.178	-0.033	0.601	1.093	"4"
"调改"	0	0	0	1	0.276	0.185	0.038	0.501	-0.14	-0.089	-0.017	0.301	0.547	"4"
"通"	0	0	0	1	0.276	0.185	0.038	0.501	-0.14	-0.089	-0.017	0.301	0.547	"4"
"通过"	3	4	0	2	2.486	1.668	0.34	4.505	0.325	1.17	-0.151	-1.049	2.695	"2"
"同胞"	0	0	0	2	0.553	0.371	0.076	1.001	-0.281	-0.178	-0.033	0.601	1.093	"4"
"同侪"	0	0	0	1	0.276	0.185	0.038	0.501	-0.14	-0.089	-0.017	0.301	0.547	"4"
"统派"	0	1	0	0	0.276	0.185	0.038	0.501	-0.14	0.732	-0.017	-0.302	1.191	"2"
"投资"	0	0	0	5	1.381	0.927	0.189	2.503	-0.702	-0.445	-0.084	1.503	2.734	"4"
"投资人"	0	0	0	2	0.553	0.371	0.076	1.001	-0.281	-0.178	-0.033	0.601	1.093	"4"
"透过"	0	0	0	4	1.105	0.741	0.151	2.002	-0.562	-0.356	-0.067	1.202	2.187	"4"
"突破"	1	0	0	0	0.276	0.185	0.038	0.501	0.559	-0.089	-0.017	-0.302	0.967	"1"
"颓丧"	0	0	1	0	0.276	0.185	0.038	0.501	-0.14	-0.089	1.423	-0.302	1.954	"3"
"退俸"	1	0	0	0	0.276	0.185	0.038	0.501	0.559	-0.089	-0.017	-0.302	0.967	"1"
"退役"	0	0	1	0	0.276	0.185	0.038	0.501	-0.14	-0.089	1.423	-0.302	1.954	"3"
"蜕变性"	0	0	0	1	0.276	0.185	0.038	0.501	-0.14	-0.089	-0.017	0.301	0.547	"4"
"妥善"	1	0	0	0	0.276	0.185	0.038	0.501	0.559	-0.089	-0.017	-0.302	0.967	"1"
"外界"	0	1	0	0	0.276	0.185	0.038	0.501	-0.14	0.732	-0.017	-0.302	1.191	"2"
"外商"	0	0	0	1	0.276	0.185	0.038	0.501	-0.14	-0.089	-0.017	0.301	0.547	"4"
"玩家"	0	0	0	1	0.276	0.185	0.038	0.501	-0.14	-0.089	-0.017	0.301	0.547	"4"
"维埃拉"	1	0	0	0	0.276	0.185	0.038	0.501	0.559	-0.089	-0.017	-0.302	0.967	"1"
"维持"	0	0	0	2	0.553	0.371	0.076	1.001	-0.281	-0.178	-0.033	0.601	1.093	"4"
"维吾尔人"	0	0	1	0	0.276	0.185	0.038	0.501	-0.14	-0.089	1.423	-0.302	1.954	"3"
"卫生院"	0	0	0	1	0.276	0.185	0.038	0.501	-0.14	-0.089	-0.017	0.301	0.547	"4"
"未来"	3	1	0	8	3.315	2.224	0.453	6.007	-0.247	-0.497	-0.201	0.71	1.655	"4"
"温暖"	0	0	0	1	0.276	0.185	0.038	0.501	-0.14	-0.089	-0.017	0.301	0.547	"4"
"温鹰"	0	0	1	0	0.276	0.185	0.038	0.501	-0.14	-0.089	1.423	-0.302	1.954	"3"
"稳定性"	0	0	0	1	0.276	0.185	0.038	0.501	-0.14	-0.089	-0.017	0.301	0.547	"4"
"我"	14	14	0	2	8.288	5.561	1.133	15.018	1.697	3.394	-0.502	-6.376	11.969	"4"
"我方"	0	0	0	1	0.276	0.185	0.038	0.501	-0.14	-0.089	-0.017	0.301	0.547	"4"
"我们"	6	19	0	5	8.288	5.561	1.133	15.018	-0.624	7.093	-0.502	-3.8	12.019	"2"
"无济于事"	0	0	0	1	0.276	0.185	0.038	0.501	-0.14	-0.089	-0.017	0.301	0.547	"4"
"吴显申"	0	0	0	1	0.276	0.185	0.038	0.501	-0.14	-0.089	-0.017	0.301	0.547	"4"
"误解"	0	1	0	0	0.276	0.185	0.038	0.501	-0.14	0.732	-0.017	-0.302	1.191	"2"
"西部"	0	0	0	1	0.276	0.185	0.038	0.501	-0.14	-0.089	-0.017	0.301	0.547	"4"
"吸引"	2	0	0	2	1.105	0.741	0.151	2.002	0.513	-0.356	-0.067	-0.163	1.099	"1"
"吸引人"	0	0	0	1	0.276	0.185	0.038	0.501	-0.14	-0.089	-0.017	0.301	0.547	"4"
"喜悦"	0	0	1	0	0.276	0.185	0.038	0.501	-0.14	-0.089	1.423	-0.302	1.954	"3"
"系"	0	1	0	0	0.276	0.185	0.038	0.501	-0.14	0.732	-0.017	-0.302	1.191	"2"
"下去"	2	0	0	1	0.829	0.556	0.113	1.502	0.729	-0.267	-0.05	-0.302	1.348	"1"
"下文"	0	1	0	0	0.276	0.185	0.038	0.501	-0.14	0.732	-0.017	-0.302	1.191	"2"
"下一代"	0	1	0	0	0.276	0.185	0.038	0.501	-0.14	0.732	-0.017	-0.302	1.191	"2"
"闲杂人等"	0	1	0	0	0.276	0.185	0.038	0.501	-0.14	0.732	-0.017	-0.302	1.191	"2"
"县政府"	0	0	1	1	0.553	0.371	0.076	1.001	-0.281	-0.178	1.13	-0.125	1.714	"3"
"现状"	0	0	0	3	0.829	0.556	0.113	1.502	-0.421	-0.267	-0.05	0.902	1.64	"4"
"线"	0	1	1	0	0.553	0.371	0.076	1.001	-0.281	0.473	1.13	-0.603	2.487	"3"
"乡亲"	1	0	0	2	0.829	0.556	0.113	1.502	0.207	-0.267	-0.05	0.3	0.824	"4"
"香港"	0	0	0	1	0.276	0.185	0.038	0.501	-0.14	-0.089	-0.017	0.301	0.547	"4"
"香港人"	0	0	0	1	0.276	0.185	0.038	0.501	-0.14	-0.089	-0.017	0.301	0.547	"4"
"享有"	0	0	0	1	0.276	0.185	0.038	0.501	-0.14	-0.089	-0.017	0.301	0.547	"4"
"响"	0	0	0	1	0.276	0.185	0.038	0.501	-0.14	-0.089	-0.017	0.301	0.547	"4"
"消费"	0	0	0	1	0.276	0.185	0.038	0.501	-0.14	-0.089	-0.017	0.301	0.547	"4"
"萧万长"	0	1	0	0	0.276	0.185	0.038	0.501	-0.14	0.732	-0.017	-0.302	1.191	"2"
"销售"	0	0	0	1	0.276	0.185	0.038	0.501	-0.14	-0.089	-0.017	0.301	0.547	"4"
"小叮当"	0	1	0	0	0.276	0.185	0.038	0.501	-0.14	0.732	-0.017	-0.302	1.191	"2"
"小罗"	0	0	0	1	0.276	0.185	0.038	0.501	-0.14	-0.089	-0.017	0.301	0.547	"4"
"小三"	0	0	0	1	0.276	0.185	0.038	0.501	-0.14	-0.089	-0.017	0.301	0.547	"4"
"小三通"	0	0	0	1	0.276	0.185	0.038	0.501	-0.14	-0.089	-0.017	0.301	0.547	"4"
"小州"	0	2	0	0	0.553	0.371	0.076	1.001	-0.281	1.464	-0.033	-0.603	2.381	"2"
"协商"	1	0	0	2	0.829	0.556	0.113	1.502	0.207	-0.267	-0.05	0.3	0.824	"4"
"协议"	0	0	1	0	0.276	0.185	0.038	0.501	-0.14	-0.089	1.423	-0.302	1.954	"3"
"协助"	2	0	0	5	1.934	1.298	0.264	3.504	0.209	-0.623	-0.117	0.643	1.592	"4"
"携手"	0	1	0	0	0.276	0.185	0.038	0.501	-0.14	0.732	-0.017	-0.302	1.191	"2"
"卸任"	1	0	0	0	0.276	0.185	0.038	0.501	0.559	-0.089	-0.017	-0.302	0.967	"1"
"心痛"	1	0	0	0	0.276	0.185	0.038	0.501	0.559	-0.089	-0.017	-0.302	0.967	"1"
"辛苦"	1	0	0	0	0.276	0.185	0.038	0.501	0.559	-0.089	-0.017	-0.302	0.967	"1"
"新到"	0	1	0	0	0.276	0.185	0.038	0.501	-0.14	0.732	-0.017	-0.302	1.191	"2"
"新华社"	0	0	0	3	0.829	0.556	0.113	1.502	-0.421	-0.267	-0.05	0.902	1.64	"4"
"新局"	0	0	0	1	0.276	0.185	0.038	0.501	-0.14	-0.089	-0.017	0.301	0.547	"4"
"新赛制"	0	1	0	0	0.276	0.185	0.038	0.501	-0.14	0.732	-0.017	-0.302	1.191	"2"
"新政府"	0	1	0	1	0.553	0.371	0.076	1.001	-0.281	0.473	-0.033	-0.125	0.912	"2"
"新中"	0	0	0	2	0.553	0.371	0.076	1.001	-0.281	-0.178	-0.033	0.601	1.093	"4"
"信贷"	0	0	0	1	0.276	0.185	0.038	0.501	-0.14	-0.089	-0.017	0.301	0.547	"4"
"信心"	0	0	0	4	1.105	0.741	0.151	2.002	-0.562	-0.356	-0.067	1.202	2.187	"4"
"星"	1	0	0	0	0.276	0.185	0.038	0.501	0.559	-0.089	-0.017	-0.302	0.967	"1"
"修法"	0	0	0	1	0.276	0.185	0.038	0.501	-0.14	-0.089	-0.017	0.301	0.547	"4"
"虚弱"	0	1	0	0	0.276	0.185	0.038	0.501	-0.14	0.732	-0.017	-0.302	1.191	"2"
"许文远"	0	1	0	0	0.276	0.185	0.038	0.501	-0.14	0.732	-0.017	-0.302	1.191	"2"
"寻求"	0	0	0	1	0.276	0.185	0.038	0.501	-0.14	-0.089	-0.017	0.301	0.547	"4"
"询价"	0	0	0	1	0.276	0.185	0.038	0.501	-0.14	-0.089	-0.017	0.301	0.547	"4"
"亚太"	0	0	0	1	0.276	0.185	0.038	0.501	-0.14	-0.089	-0.017	0.301	0.547	"4"
"亚洲"	0	0	0	1	0.276	0.185	0.038	0.501	-0.14	-0.089	-0.017	0.301	0.547	"4"
"烟消云散"	0	1	0	0	0.276	0.185	0.038	0.501	-0.14	0.732	-0.017	-0.302	1.191	"2"
"延续"	0	0	0	1	0.276	0.185	0.038	0.501	-0.14	-0.089	-0.017	0.301	0.547	"4"
"业"	0	0	0	1	0.276	0.185	0.038	0.501	-0.14	-0.089	-0.017	0.301	0.547	"4"
"业界"	0	0	0	1	0.276	0.185	0.038	0.501	-0.14	-0.089	-0.017	0.301	0.547	"4"
"业务"	0	0	0	1	0.276	0.185	0.038	0.501	-0.14	-0.089	-0.017	0.301	0.547	"4"
"业者"	2	0	0	4	1.658	1.112	0.227	3.004	0.278	-0.534	-0.1	0.462	1.374	"2"
"一睹"	1	0	0	0	0.276	0.185	0.038	0.501	0.559	-0.089	-0.017	-0.302	0.967	"1"
"一方面"	0	0	0	1	0.276	0.185	0.038	0.501	-0.14	-0.089	-0.017	0.301	0.547	"4"
"一技之长"	1	0	0	0	0.276	0.185	0.038	0.501	0.559	-0.089	-0.017	-0.302	0.967	"1"
"伊拉克国"	0	0	0	1	0.276	0.185	0.038	0.501	-0.14	-0.089	-0.017	0.301	0.547	"4"
"伊拉克人民"	1	0	0	0	0.276	0.185	0.038	0.501	0.559	-0.089	-0.017	-0.302	0.967	"1"
"遗产金"	0	0	0	1	0.276	0.185	0.038	0.501	-0.14	-0.089	-0.017	0.301	0.547	"4"
"以后"	2	0	0	0	0.553	0.371	0.076	1.001	1.117	-0.178	-0.033	-0.603	1.931	"1"
"以及"	0	0	0	1	0.276	0.185	0.038	0.501	-0.14	-0.089	-0.017	0.301	0.547	"4"
"役男"	1	0	0	0	0.276	0.185	0.038	0.501	0.559	-0.089	-0.017	-0.302	0.967	"1"
"易事"	0	0	0	1	0.276	0.185	0.038	0.501	-0.14	-0.089	-0.017	0.301	0.547	"4"
"疫苖"	0	1	0	0	0.276	0.185	0.038	0.501	-0.14	0.732	-0.017	-0.302	1.191	"2"
"因此"	4	1	0	6	3.039	2.039	0.416	5.506	0.442	-0.435	-0.184	0.3	1.361	"1"
"银柜"	0	0	0	1	0.276	0.185	0.038	0.501	-0.14	-0.089	-0.017	0.301	0.547	"4"
"引述"	0	0	0	1	0.276	0.185	0.038	0.501	-0.14	-0.089	-0.017	0.301	0.547	"4"
"英格兰队"	0	0	1	0	0.276	0.185	0.038	0.501	-0.14	-0.089	1.423	-0.302	1.954	"3"
"盈利"	0	0	0	2	0.553	0.371	0.076	1.001	-0.281	-0.178	-0.033	0.601	1.093	"4"
"影响力"	0	0	0	1	0.276	0.185	0.038	0.501	-0.14	-0.089	-0.017	0.301	0.547	"4"
"应用"	0	0	0	1	0.276	0.185	0.038	0.501	-0.14	-0.089	-0.017	0.301	0.547	"4"
"涌现出"	0	0	1	0	0.276	0.185	0.038	0.501	-0.14	-0.089	1.423	-0.302	1.954	"3"
"踊跃"	0	0	0	2	0.553	0.371	0.076	1.001	-0.281	-0.178	-0.033	0.601	1.093	"4"
"忧虑"	0	0	0	1	0.276	0.185	0.038	0.501	-0.14	-0.089	-0.017	0.301	0.547	"4"
"尤尼斯"	1	0	0	0	0.276	0.185	0.038	0.501	0.559	-0.089	-0.017	-0.302	0.967	"1"
"油国组织"	1	0	0	0	0.276	0.185	0.038	0.501	0.559	-0.089	-0.017	-0.302	0.967	"1"
"有朝一日"	0	0	1	0	0.276	0.185	0.038	0.501	-0.14	-0.089	1.423	-0.302	1.954	"3"
"有关"	2	0	0	0	0.553	0.371	0.076	1.001	1.117	-0.178	-0.033	-0.603	1.931	"1"
"有机会"	0	1	0	0	0.276	0.185	0.038	0.501	-0.14	0.732	-0.017	-0.302	1.191	"2"
"有所"	5	0	0	1	1.658	1.112	0.227	3.004	2.129	-0.534	-0.1	-0.963	3.726	"1"
"有志"	1	0	0	0	0.276	0.185	0.038	0.501	0.559	-0.089	-0.017	-0.302	0.967	"1"
"有助"	0	0	0	1	0.276	0.185	0.038	0.501	-0.14	-0.089	-0.017	0.301	0.547	"4"
"有助于"	0	1	0	0	0.276	0.185	0.038	0.501	-0.14	0.732	-0.017	-0.302	1.191	"2"
"诱因"	0	0	1	0	0.276	0.185	0.038	0.501	-0.14	-0.089	1.423	-0.302	1.954	"3"
"愚人节"	0	0	1	0	0.276	0.185	0.038	0.501	-0.14	-0.089	1.423	-0.302	1.954	"3"
"预测"	0	0	0	2	0.553	0.371	0.076	1.001	-0.281	-0.178	-0.033	0.601	1.093	"4"
"预估"	0	0	0	1	0.276	0.185	0.038	0.501	-0.14	-0.089	-0.017	0.301	0.547	"4"
"预期"	0	0	0	3	0.829	0.556	0.113	1.502	-0.421	-0.267	-0.05	0.902	1.64	"4"
"元智"	0	0	0	1	0.276	0.185	0.038	0.501	-0.14	-0.089	-0.017	0.301	0.547	"4"
"园长"	0	1	0	0	0.276	0.185	0.038	0.501	-0.14	0.732	-0.017	-0.302	1.191	"2"
"袁伟民"	0	0	1	0	0.276	0.185	0.038	0.501	-0.14	-0.089	1.423	-0.302	1.954	"3"
"原动力"	0	0	1	0	0.276	0.185	0.038	0.501	-0.14	-0.089	1.423	-0.302	1.954	"3"
"缘木求鱼"	0	0	0	1	0.276	0.185	0.038	0.501	-0.14	-0.089	-0.017	0.301	0.547	"4"
"源远流长"	0	0	0	1	0.276	0.185	0.038	0.501	-0.14	-0.089	-0.017	0.301	0.547	"4"
"远大"	0	0	0	1	0.276	0.185	0.038	0.501	-0.14	-0.089	-0.017	0.301	0.547	"4"
"越南人"	0	0	0	1	0.276	0.185	0.038	0.501	-0.14	-0.089	-0.017	0.301	0.547	"4"
"越战"	0	0	0	1	0.276	0.185	0.038	0.501	-0.14	-0.089	-0.017	0.301	0.547	"4"
"云升"	0	1	0	0	0.276	0.185	0.038	0.501	-0.14	0.732	-0.017	-0.302	1.191	"2"
"在下"	2	0	0	0	0.553	0.371	0.076	1.001	1.117	-0.178	-0.033	-0.603	1.931	"1"
"在野党"	0	0	0	2	0.553	0.371	0.076	1.001	-0.281	-0.178	-0.033	0.601	1.093	"4"
"在野党表"	1	0	0	0	0.276	0.185	0.038	0.501	0.559	-0.089	-0.017	-0.302	0.967	"1"
"赞赏"	1	0	0	0	0.276	0.185	0.038	0.501	0.559	-0.089	-0.017	-0.302	0.967	"1"
"赞助商"	0	1	0	0	0.276	0.185	0.038	0.501	-0.14	0.732	-0.017	-0.302	1.191	"2"
"早日"	0	0	0	6	1.658	1.112	0.227	3.004	-0.843	-0.534	-0.1	1.803	3.28	"4"
"增倍"	0	0	0	1	0.276	0.185	0.038	0.501	-0.14	-0.089	-0.017	0.301	0.547	"4"
"增强"	0	0	0	2	0.553	0.371	0.076	1.001	-0.281	-0.178	-0.033	0.601	1.093	"4"
"展望"	0	0	0	1	0.276	0.185	0.038	0.501	-0.14	-0.089	-0.017	0.301	0.547	"4"
"站出来"	0	1	0	0	0.276	0.185	0.038	0.501	-0.14	0.732	-0.017	-0.302	1.191	"2"
"张博雅"	0	0	0	1	0.276	0.185	0.038	0.501	-0.14	-0.089	-0.017	0.301	0.547	"4"
"张淑华"	1	0	0	0	0.276	0.185	0.038	0.501	0.559	-0.089	-0.017	-0.302	0.967	"1"
"张中伟"	1	0	0	0	0.276	0.185	0.038	0.501	0.559	-0.089	-0.017	-0.302	0.967	"1"
"招募"	1	0	0	0	0.276	0.185	0.038	0.501	0.559	-0.089	-0.017	-0.302	0.967	"1"
"找出"	1	0	0	0	0.276	0.185	0.038	0.501	0.559	-0.089	-0.017	-0.302	0.967	"1"
"找到"	1	1	0	1	0.829	0.556	0.113	1.502	0.207	0.338	-0.05	-0.302	0.897	"2"
"召唤"	0	0	0	1	0.276	0.185	0.038	0.501	-0.14	-0.089	-0.017	0.301	0.547	"4"
"赵永清"	0	1	0	0	0.276	0.185	0.038	0.501	-0.14	0.732	-0.017	-0.302	1.191	"2"
"折衷"	0	1	0	0	0.276	0.185	0.038	0.501	-0.14	0.732	-0.017	-0.302	1.191	"2"
"这样子"	0	1	0	0	0.276	0.185	0.038	0.501	-0.14	0.732	-0.017	-0.302	1.191	"2"
"珍古德"	0	0	1	0	0.276	0.185	0.038	0.501	-0.14	-0.089	1.423	-0.302	1.954	"3"
"珍惜"	0	1	0	1	0.553	0.371	0.076	1.001	-0.281	0.473	-0.033	-0.125	0.912	"2"
"真"	0	1	1	0	0.553	0.371	0.076	1.001	-0.281	0.473	1.13	-0.603	2.487	"3"
"真相"	1	0	0	0	0.276	0.185	0.038	0.501	0.559	-0.089	-0.017	-0.302	0.967	"1"
"振奋"	0	0	0	1	0.276	0.185	0.038	0.501	-0.14	-0.089	-0.017	0.301	0.547	"4"
"争取"	0	0	0	1	0.276	0.185	0.038	0.501	-0.14	-0.089	-0.017	0.301	0.547	"4"
"蒸蒸"	0	0	0	1	0.276	0.185	0.038	0.501	-0.14	-0.089	-0.017	0.301	0.547	"4"
"郑宝清"	0	0	0	1	0.276	0.185	0.038	0.501	-0.14	-0.089	-0.017	0.301	0.547	"4"
"政党"	2	0	0	4	1.658	1.112	0.227	3.004	0.278	-0.534	-0.1	0.462	1.374	"2"
"政府"	4	3	0	16	6.354	4.263	0.869	11.514	-0.707	-0.444	-0.385	1.327	2.863	"4"
"支持"	3	0	0	3	1.658	1.112	0.227	3.004	0.671	-0.534	-0.1	-0.184	1.489	"1"
"只是"	0	1	0	0	0.276	0.185	0.038	0.501	-0.14	0.732	-0.017	-0.302	1.191	"2"
"知道美"	0	0	0	1	0.276	0.185	0.038	0.501	-0.14	-0.089	-0.017	0.301	0.547	"4"
"执政"	0	0	0	1	0.276	0.185	0.038	0.501	-0.14	-0.089	-0.017	0.301	0.547	"4"
"制造商"	0	0	0	1	0.276	0.185	0.038	0.501	-0.14	-0.089	-0.017	0.301	0.547	"4"
"制造业"	0	0	0	2	0.553	0.371	0.076	1.001	-0.281	-0.178	-0.033	0.601	1.093	"4"
"致富"	0	0	1	0	0.276	0.185	0.038	0.501	-0.14	-0.089	1.423	-0.302	1.954	"3"
"中方"	1	0	0	0	0.276	0.185	0.038	0.501	0.559	-0.089	-0.017	-0.302	0.967	"1"
"中非"	0	0	0	1	0.276	0.185	0.038	0.501	-0.14	-0.089	-0.017	0.301	0.547	"4"
"中萨"	1	0	0	0	0.276	0.185	0.038	0.501	0.559	-0.089	-0.017	-0.302	0.967	"1"
"中央"	1	0	0	0	0.276	0.185	0.038	0.501	0.559	-0.089	-0.017	-0.302	0.967	"1"
"中印"	0	0	0	1	0.276	0.185	0.038	0.501	-0.14	-0.089	-0.017	0.301	0.547	"4"
"仲介业"	0	0	0	1	0.276	0.185	0.038	0.501	-0.14	-0.089	-0.017	0.301	0.547	"4"
"重播"	1	0	0	0	0.276	0.185	0.038	0.501	0.559	-0.089	-0.017	-0.302	0.967	"1"
"重返"	0	0	1	0	0.276	0.185	0.038	0.501	-0.14	-0.089	1.423	-0.302	1.954	"3"
"重开"	0	0	0	2	0.553	0.371	0.076	1.001	-0.281	-0.178	-0.033	0.601	1.093	"4"
"重申"	0	0	0	1	0.276	0.185	0.038	0.501	-0.14	-0.089	-0.017	0.301	0.547	"4"
"重视"	0	0	0	1	0.276	0.185	0.038	0.501	-0.14	-0.089	-0.017	0.301	0.547	"4"
"重塑"	0	0	1	0	0.276	0.185	0.038	0.501	-0.14	-0.089	1.423	-0.302	1.954	"3"
"重振"	0	0	0	1	0.276	0.185	0.038	0.501	-0.14	-0.089	-0.017	0.301	0.547	"4"
"周家"	1	0	0	0	0.276	0.185	0.038	0.501	0.559	-0.089	-0.017	-0.302	0.967	"1"
"周志明读者"	1	0	0	0	0.276	0.185	0.038	0.501	0.559	-0.089	-0.017	-0.302	0.967	"1"
"主观"	0	0	0	1	0.276	0.185	0.038	0.501	-0.14	-0.089	-0.017	0.301	0.547	"4"
"祝福"	0	1	0	0	0.276	0.185	0.038	0.501	-0.14	0.732	-0.017	-0.302	1.191	"2"
"祝愿"	0	0	0	1	0.276	0.185	0.038	0.501	-0.14	-0.089	-0.017	0.301	0.547	"4"
"抓住"	0	0	0	1	0.276	0.185	0.038	0.501	-0.14	-0.089	-0.017	0.301	0.547	"4"
"专利"	0	0	0	2	0.553	0.371	0.076	1.001	-0.281	-0.178	-0.033	0.601	1.093	"4"
"转达"	0	0	0	1	0.276	0.185	0.038	0.501	-0.14	-0.089	-0.017	0.301	0.547	"4"
"转型"	1	0	0	0	0.276	0.185	0.038	0.501	0.559	-0.089	-0.017	-0.302	0.967	"1"
"准备工"	0	0	0	1	0.276	0.185	0.038	0.501	-0.14	-0.089	-0.017	0.301	0.547	"4"
"准假"	1	0	0	0	0.276	0.185	0.038	0.501	0.559	-0.089	-0.017	-0.302	0.967	"1"
"酌情"	0	0	0	1	0.276	0.185	0.038	0.501	-0.14	-0.089	-0.017	0.301	0.547	"4"
"谘询"	1	0	0	0	0.276	0.185	0.038	0.501	0.559	-0.089	-0.017	-0.302	0.967	"1"
"宗亲"	1	0	0	0	0.276	0.185	0.038	0.501	0.559	-0.089	-0.017	-0.302	0.967	"1"
"总会"	1	0	0	0	0.276	0.185	0.038	0.501	0.559	-0.089	-0.017	-0.302	0.967	"1"
"足联"	0	0	1	0	0.276	0.185	0.038	0.501	-0.14	-0.089	1.423	-0.302	1.954	"3"
"祖国"	0	0	0	1	0.276	0.185	0.038	0.501	-0.14	-0.089	-0.017	0.301	0.547	"4"
"尊"	1	0	0	0	0.276	0.185	0.038	0.501	0.559	-0.089	-0.017	-0.302	0.967	"1"
"尊重"	1	0	0	1	0.553	0.371	0.076	1.001	0.322	-0.178	-0.033	-0.125	0.658	"1"
