"Coll_Word"	"1"	"2"	"3"	"exp_1"	"exp_2"	"exp_3"	"pbin_1"	"pbin_2"	"pbin_3"	"SumAbsDev"	"LargestDev"
"﹐"	1	2	0	1.463	0.543	0.994	-0.285	1.064	-0.525	1.874	"2"
"……"	1	0	0	0.488	0.181	0.331	0.312	-0.087	-0.175	0.574	"1"
"%左右"	0	1	0	0.488	0.181	0.331	-0.29	0.743	-0.175	1.208	"2"
"0.889"	1	0	0	0.488	0.181	0.331	0.312	-0.087	-0.175	0.574	"1"
"1.3520"	0	1	0	0.488	0.181	0.331	-0.29	0.743	-0.175	1.208	"2"
"1000余"	0	1	0	0.488	0.181	0.331	-0.29	0.743	-0.175	1.208	"2"
"13％"	0	1	0	0.488	0.181	0.331	-0.29	0.743	-0.175	1.208	"2"
"20世纪"	3	0	0	1.463	0.543	0.994	0.936	-0.26	-0.525	1.721	"1"
"2万3200"	1	0	0	0.488	0.181	0.331	0.312	-0.087	-0.175	0.574	"1"
"300多"	0	1	0	0.488	0.181	0.331	-0.29	0.743	-0.175	1.208	"2"
"375"	0	0	1	0.488	0.181	0.331	-0.29	-0.087	0.48	0.857	"3"
"40周年"	0	0	2	0.975	0.362	0.663	-0.581	-0.173	0.959	1.713	"3"
"6.1"	0	0	1	0.488	0.181	0.331	-0.29	-0.087	0.48	0.857	"3"
"900114"	0	0	1	0.488	0.181	0.331	-0.29	-0.087	0.48	0.857	"3"
"ARS"	1	0	0	0.488	0.181	0.331	0.312	-0.087	-0.175	0.574	"1"
"DNA"	1	0	0	0.488	0.181	0.331	0.312	-0.087	-0.175	0.574	"1"
"SARS"	4	0	0	1.951	0.724	1.326	1.248	-0.347	-0.699	2.294	"1"
"Starbucks"	1	0	0	0.488	0.181	0.331	0.312	-0.087	-0.175	0.574	"1"
"Taibei"	0	1	0	0.488	0.181	0.331	-0.29	0.743	-0.175	1.208	"2"
"ㄅㄆ"	0	1	0	0.488	0.181	0.331	-0.29	0.743	-0.175	1.208	"2"
"ㄇ"	0	1	0	0.488	0.181	0.331	-0.29	0.743	-0.175	1.208	"2"
"一些"	1	4	4	4.389	1.628	2.983	-1.633	1.204	0.462	3.299	"1"
"一反常态"	0	0	1	0.488	0.181	0.331	-0.29	-0.087	0.48	0.857	"3"
"一方面"	2	0	0	0.975	0.362	0.663	0.624	-0.173	-0.35	1.147	"1"
"一百五十二"	0	0	1	0.488	0.181	0.331	-0.29	-0.087	0.48	0.857	"3"
"一窍不通"	0	0	1	0.488	0.181	0.331	-0.29	-0.087	0.48	0.857	"3"
"一致"	0	0	1	0.488	0.181	0.331	-0.29	-0.087	0.48	0.857	"3"
"一齐"	0	0	1	0.488	0.181	0.331	-0.29	-0.087	0.48	0.857	"3"
"七百"	0	0	1	0.488	0.181	0.331	-0.29	-0.087	0.48	0.857	"3"
"上"	0	0	1	0.488	0.181	0.331	-0.29	-0.087	0.48	0.857	"3"
"上流"	1	0	0	0.488	0.181	0.331	0.312	-0.087	-0.175	0.574	"1"
"下结论"	0	0	1	0.488	0.181	0.331	-0.29	-0.087	0.48	0.857	"3"
"下降"	1	0	0	0.488	0.181	0.331	0.312	-0.087	-0.175	0.574	"1"
"下风"	1	0	0	0.488	0.181	0.331	0.312	-0.087	-0.175	0.574	"1"
"不便"	1	0	0	0.488	0.181	0.331	0.312	-0.087	-0.175	0.574	"1"
"不再"	1	0	0	0.488	0.181	0.331	0.312	-0.087	-0.175	0.574	"1"
"不啻"	1	0	0	0.488	0.181	0.331	0.312	-0.087	-0.175	0.574	"1"
"不安"	1	0	0	0.488	0.181	0.331	0.312	-0.087	-0.175	0.574	"1"
"不少"	0	0	1	0.488	0.181	0.331	-0.29	-0.087	0.48	0.857	"3"
"不已"	1	0	0	0.488	0.181	0.331	0.312	-0.087	-0.175	0.574	"1"
"不必"	1	0	0	0.488	0.181	0.331	0.312	-0.087	-0.175	0.574	"1"
"不时"	1	0	0	0.488	0.181	0.331	0.312	-0.087	-0.175	0.574	"1"
"不止于"	1	0	0	0.488	0.181	0.331	0.312	-0.087	-0.175	0.574	"1"
"不满"	0	0	3	1.463	0.543	0.994	-0.871	-0.26	1.439	2.57	"3"
"不理不睬"	1	0	0	0.488	0.181	0.331	0.312	-0.087	-0.175	0.574	"1"
"不能"	1	0	0	0.488	0.181	0.331	0.312	-0.087	-0.175	0.574	"1"
"与"	12	0	0	5.852	2.171	3.977	3.743	-1.04	-2.098	6.881	"1"
"与会"	0	0	7	3.414	1.266	2.32	-2.033	-0.607	3.357	5.997	"3"
"专业"	0	0	19	9.266	3.437	6.298	-5.519	-1.646	9.112	16.277	"3"
"专业界"	0	0	1	0.488	0.181	0.331	-0.29	-0.087	0.48	0.857	"3"
"世界"	2	0	0	0.975	0.362	0.663	0.624	-0.173	-0.35	1.147	"1"
"世纪"	2	0	0	0.975	0.362	0.663	0.624	-0.173	-0.35	1.147	"1"
"业"	1	2	1	1.951	0.724	1.326	-0.48	0.818	-0.225	1.523	"2"
"业内"	0	4	1	2.438	0.904	1.657	-1.452	2.339	-0.333	4.124	"2"
"业界"	0	0	2	0.975	0.362	0.663	-0.581	-0.173	0.959	1.713	"3"
"东德"	0	1	0	0.488	0.181	0.331	-0.29	0.743	-0.175	1.208	"2"
"严重"	3	0	0	1.463	0.543	0.994	0.936	-0.26	-0.525	1.721	"1"
"丧失"	2	0	0	0.975	0.362	0.663	0.624	-0.173	-0.35	1.147	"1"
"中国籍"	0	0	1	0.488	0.181	0.331	-0.29	-0.087	0.48	0.857	"3"
"中等"	1	0	0	0.488	0.181	0.331	0.312	-0.087	-0.175	0.574	"1"
"中药"	1	0	0	0.488	0.181	0.331	0.312	-0.087	-0.175	0.574	"1"
"临床"	1	0	0	0.488	0.181	0.331	0.312	-0.087	-0.175	0.574	"1"
"为之"	1	0	0	0.488	0.181	0.331	0.312	-0.087	-0.175	0.574	"1"
"为了"	3	0	0	1.463	0.543	0.994	0.936	-0.26	-0.525	1.721	"1"
"举杯"	0	0	1	0.488	0.181	0.331	-0.29	-0.087	0.48	0.857	"3"
"乃是"	1	0	0	0.488	0.181	0.331	0.312	-0.087	-0.175	0.574	"1"
"久久"	1	0	0	0.488	0.181	0.331	0.312	-0.087	-0.175	0.574	"1"
"之中"	1	0	0	0.488	0.181	0.331	0.312	-0.087	-0.175	0.574	"1"
"之交"	1	0	0	0.488	0.181	0.331	0.312	-0.087	-0.175	0.574	"1"
"之初"	1	0	0	0.488	0.181	0.331	0.312	-0.087	-0.175	0.574	"1"
"之间"	1	0	0	0.488	0.181	0.331	0.312	-0.087	-0.175	0.574	"1"
"乐龄"	0	0	3	1.463	0.543	0.994	-0.871	-0.26	1.439	2.57	"3"
"乔斯"	1	0	0	0.488	0.181	0.331	0.312	-0.087	-0.175	0.574	"1"
"买车"	0	0	1	0.488	0.181	0.331	-0.29	-0.087	0.48	0.857	"3"
"乱丢"	1	0	0	0.488	0.181	0.331	0.312	-0.087	-0.175	0.574	"1"
"事物"	1	0	0	0.488	0.181	0.331	0.312	-0.087	-0.175	0.574	"1"
"二十一世纪"	3	0	0	1.463	0.543	0.994	0.936	-0.26	-0.525	1.721	"1"
"五百余"	0	0	1	0.488	0.181	0.331	-0.29	-0.087	0.48	0.857	"3"
"亚太裔"	0	0	1	0.488	0.181	0.331	-0.29	-0.087	0.48	0.857	"3"
"产生"	1	0	0	0.488	0.181	0.331	0.312	-0.087	-0.175	0.574	"1"
"京团"	0	0	1	0.488	0.181	0.331	-0.29	-0.087	0.48	0.857	"3"
"亲"	0	0	2	0.975	0.362	0.663	-0.581	-0.173	0.959	1.713	"3"
"亲密"	1	0	0	0.488	0.181	0.331	0.312	-0.087	-0.175	0.574	"1"
"亲水"	1	0	0	0.488	0.181	0.331	0.312	-0.087	-0.175	0.574	"1"
"人人自危"	0	1	0	0.488	0.181	0.331	-0.29	0.743	-0.175	1.208	"2"
"人参"	0	0	2	0.975	0.362	0.663	-0.581	-0.173	0.959	1.713	"3"
"人性"	1	0	0	0.488	0.181	0.331	0.312	-0.087	-0.175	0.574	"1"
"人潮"	1	0	0	0.488	0.181	0.331	0.312	-0.087	-0.175	0.574	"1"
"人类"	5	0	0	2.438	0.904	1.657	1.559	-0.433	-0.874	2.866	"1"
"人身攻击"	0	0	1	0.488	0.181	0.331	-0.29	-0.087	0.48	0.857	"3"
"什叶派"	0	0	1	0.488	0.181	0.331	-0.29	-0.087	0.48	0.857	"3"
"仁见"	0	1	0	0.488	0.181	0.331	-0.29	0.743	-0.175	1.208	"2"
"今用"	0	0	1	0.488	0.181	0.331	-0.29	-0.087	0.48	0.857	"3"
"介"	0	1	0	0.488	0.181	0.331	-0.29	0.743	-0.175	1.208	"2"
"介绍"	0	2	2	1.951	0.724	1.326	-1.162	0.818	0.394	2.374	"1"
"从"	1	0	0	0.488	0.181	0.331	0.312	-0.087	-0.175	0.574	"1"
"从事"	0	0	1	0.488	0.181	0.331	-0.29	-0.087	0.48	0.857	"3"
"从容不迫"	1	0	0	0.488	0.181	0.331	0.312	-0.087	-0.175	0.574	"1"
"代步"	0	0	1	0.488	0.181	0.331	-0.29	-0.087	0.48	0.857	"3"
"以上"	0	0	1	0.488	0.181	0.331	-0.29	-0.087	0.48	0.857	"3"
"以前"	1	0	0	0.488	0.181	0.331	0.312	-0.087	-0.175	0.574	"1"
"以及"	0	0	9	4.389	1.628	2.983	-2.614	-0.78	4.316	7.71	"3"
"仲介"	0	1	0	0.488	0.181	0.331	-0.29	0.743	-0.175	1.208	"2"
"价结"	0	0	1	0.488	0.181	0.331	-0.29	-0.087	0.48	0.857	"3"
"仿佛"	1	0	0	0.488	0.181	0.331	0.312	-0.087	-0.175	0.574	"1"
"企业界"	0	0	2	0.975	0.362	0.663	-0.581	-0.173	0.959	1.713	"3"
"伊拉克国"	0	0	1	0.488	0.181	0.331	-0.29	-0.087	0.48	0.857	"3"
"伊斯兰教"	0	0	1	0.488	0.181	0.331	-0.29	-0.087	0.48	0.857	"3"
"会"	0	0	1	0.488	0.181	0.331	-0.29	-0.087	0.48	0.857	"3"
"会见"	0	1	2	1.463	0.543	0.994	-0.871	0.346	0.59	1.807	"1"
"会面"	0	1	0	0.488	0.181	0.331	-0.29	0.743	-0.175	1.208	"2"
"传媒"	0	0	1	0.488	0.181	0.331	-0.29	-0.087	0.48	0.857	"3"
"传媒界"	0	1	0	0.488	0.181	0.331	-0.29	0.743	-0.175	1.208	"2"
"传染"	1	0	0	0.488	0.181	0.331	0.312	-0.087	-0.175	0.574	"1"
"传染病"	2	0	0	0.975	0.362	0.663	0.624	-0.173	-0.35	1.147	"1"
"位"	0	6	13	9.266	3.437	6.298	-5.519	0.947	2.753	9.219	"1"
"低廉"	0	1	0	0.488	0.181	0.331	-0.29	0.743	-0.175	1.208	"2"
"体坛"	0	0	1	0.488	0.181	0.331	-0.29	-0.087	0.48	0.857	"3"
"体现"	1	0	0	0.488	0.181	0.331	0.312	-0.087	-0.175	0.574	"1"
"体育界"	0	0	1	0.488	0.181	0.331	-0.29	-0.087	0.48	0.857	"3"
"作出"	1	0	0	0.488	0.181	0.331	0.312	-0.087	-0.175	0.574	"1"
"佣金"	0	1	0	0.488	0.181	0.331	-0.29	0.743	-0.175	1.208	"2"
"佯装"	1	0	0	0.488	0.181	0.331	0.312	-0.087	-0.175	0.574	"1"
"使"	7	0	0	3.414	1.266	2.32	2.183	-0.607	-1.224	4.014	"1"
"使用"	2	0	0	0.975	0.362	0.663	0.624	-0.173	-0.35	1.147	"1"
"侨"	0	0	1	0.488	0.181	0.331	-0.29	-0.087	0.48	0.857	"3"
"侯塞"	0	0	1	0.488	0.181	0.331	-0.29	-0.087	0.48	0.857	"3"
"便道"	0	0	1	0.488	0.181	0.331	-0.29	-0.087	0.48	0.857	"3"
"保健"	1	0	0	0.488	0.181	0.331	0.312	-0.087	-0.175	0.574	"1"
"保守"	0	0	1	0.488	0.181	0.331	-0.29	-0.087	0.48	0.857	"3"
"保护"	1	0	0	0.488	0.181	0.331	0.312	-0.087	-0.175	0.574	"1"
"保重"	0	0	1	0.488	0.181	0.331	-0.29	-0.087	0.48	0.857	"3"
"信任"	1	0	0	0.488	0.181	0.331	0.312	-0.087	-0.175	0.574	"1"
"信心"	1	0	0	0.488	0.181	0.331	0.312	-0.087	-0.175	0.574	"1"
"修建"	0	1	0	0.488	0.181	0.331	-0.29	0.743	-0.175	1.208	"2"
"修行"	2	0	0	0.975	0.362	0.663	0.624	-0.173	-0.35	1.147	"1"
"借阅"	0	0	1	0.488	0.181	0.331	-0.29	-0.087	0.48	0.857	"3"
"值得"	1	0	0	0.488	0.181	0.331	0.312	-0.087	-0.175	0.574	"1"
"停发"	0	0	1	0.488	0.181	0.331	-0.29	-0.087	0.48	0.857	"3"
"健康"	10	0	0	4.877	1.809	3.314	3.119	-0.867	-1.749	5.735	"1"
"健身"	1	0	0	0.488	0.181	0.331	0.312	-0.087	-0.175	0.574	"1"
"偶然"	1	0	0	0.488	0.181	0.331	0.312	-0.087	-0.175	0.574	"1"
"偷渡"	0	0	1	0.488	0.181	0.331	-0.29	-0.087	0.48	0.857	"3"
"像"	1	0	0	0.488	0.181	0.331	0.312	-0.087	-0.175	0.574	"1"
"僵尸"	1	0	0	0.488	0.181	0.331	0.312	-0.087	-0.175	0.574	"1"
"允许"	1	0	0	0.488	0.181	0.331	0.312	-0.087	-0.175	0.574	"1"
"光明"	1	0	0	0.488	0.181	0.331	0.312	-0.087	-0.175	0.574	"1"
"光辉"	1	0	0	0.488	0.181	0.331	0.312	-0.087	-0.175	0.574	"1"
"克劳斯贝克"	0	1	0	0.488	0.181	0.331	-0.29	0.743	-0.175	1.208	"2"
"克服"	1	0	0	0.488	0.181	0.331	0.312	-0.087	-0.175	0.574	"1"
"克隆"	1	0	0	0.488	0.181	0.331	0.312	-0.087	-0.175	0.574	"1"
"克雅"	1	0	0	0.488	0.181	0.331	0.312	-0.087	-0.175	0.574	"1"
"免费"	0	0	1	0.488	0.181	0.331	-0.29	-0.087	0.48	0.857	"3"
"党"	0	1	9	4.877	1.809	3.314	-2.904	-0.36	3.47	6.734	"3"
"党派"	0	0	5	2.438	0.904	1.657	-1.452	-0.433	2.398	4.283	"3"
"入境"	0	0	1	0.488	0.181	0.331	-0.29	-0.087	0.48	0.857	"3"
"入教"	1	0	0	0.488	0.181	0.331	0.312	-0.087	-0.175	0.574	"1"
"全"	1	0	0	0.488	0.181	0.331	0.312	-0.087	-0.175	0.574	"1"
"全体"	0	0	1	0.488	0.181	0.331	-0.29	-0.087	0.48	0.857	"3"
"全球"	1	0	0	0.488	0.181	0.331	0.312	-0.087	-0.175	0.574	"1"
"公众"	2	0	2	1.951	0.724	1.326	0.175	-0.347	0.394	0.916	"3"
"公积金"	1	0	0	0.488	0.181	0.331	0.312	-0.087	-0.175	0.574	"1"
"公认"	0	0	1	0.488	0.181	0.331	-0.29	-0.087	0.48	0.857	"3"
"六十九亿"	0	1	0	0.488	0.181	0.331	-0.29	0.743	-0.175	1.208	"2"
"兰屿乡"	0	0	1	0.488	0.181	0.331	-0.29	-0.087	0.48	0.857	"3"
"共事"	0	1	0	0.488	0.181	0.331	-0.29	0.743	-0.175	1.208	"2"
"共同"	5	0	0	2.438	0.904	1.657	1.559	-0.433	-0.874	2.866	"1"
"共和"	0	0	1	0.488	0.181	0.331	-0.29	-0.087	0.48	0.857	"3"
"共和党"	0	1	1	0.975	0.362	0.663	-0.581	0.483	0.257	1.321	"1"
"共庆"	0	0	1	0.488	0.181	0.331	-0.29	-0.087	0.48	0.857	"3"
"关心"	2	0	0	0.975	0.362	0.663	0.624	-0.173	-0.35	1.147	"1"
"关注"	2	1	0	1.463	0.543	0.994	0.317	0.346	-0.525	1.188	"3"
"关注水"	1	0	0	0.488	0.181	0.331	0.312	-0.087	-0.175	0.574	"1"
"关爱"	2	0	0	0.975	0.362	0.663	0.624	-0.173	-0.35	1.147	"1"
"兴趣"	1	0	1	0.975	0.362	0.663	0.132	-0.173	0.257	0.562	"3"
"其实"	1	0	0	0.488	0.181	0.331	0.312	-0.087	-0.175	0.574	"1"
"具有"	1	0	0	0.488	0.181	0.331	0.312	-0.087	-0.175	0.574	"1"
"养老"	1	0	0	0.488	0.181	0.331	0.312	-0.087	-0.175	0.574	"1"
"内"	0	2	8	4.877	1.809	3.314	-2.904	0.249	2.486	5.639	"1"
"内幕"	0	0	1	0.488	0.181	0.331	-0.29	-0.087	0.48	0.857	"3"
"冒充"	1	0	0	0.488	0.181	0.331	0.312	-0.087	-0.175	0.574	"1"
"写下"	1	0	0	0.488	0.181	0.331	0.312	-0.087	-0.175	0.574	"1"
"写到"	1	0	0	0.488	0.181	0.331	0.312	-0.087	-0.175	0.574	"1"
"军方"	0	1	1	0.975	0.362	0.663	-0.581	0.483	0.257	1.321	"1"
"农业部门"	0	1	0	0.488	0.181	0.331	-0.29	0.743	-0.175	1.208	"2"
"冠状"	1	0	0	0.488	0.181	0.331	0.312	-0.087	-0.175	0.574	"1"
"冰球界"	0	0	1	0.488	0.181	0.331	-0.29	-0.087	0.48	0.857	"3"
"决策"	0	0	1	0.488	0.181	0.331	-0.29	-0.087	0.48	0.857	"3"
"冷静"	1	0	0	0.488	0.181	0.331	0.312	-0.087	-0.175	0.574	"1"
"冻结"	0	1	0	0.488	0.181	0.331	-0.29	0.743	-0.175	1.208	"2"
"凉茶"	0	0	1	0.488	0.181	0.331	-0.29	-0.087	0.48	0.857	"3"
"减少"	1	0	0	0.488	0.181	0.331	0.312	-0.087	-0.175	0.574	"1"
"几十"	1	0	0	0.488	0.181	0.331	0.312	-0.087	-0.175	0.574	"1"
"出售"	0	1	0	0.488	0.181	0.331	-0.29	0.743	-0.175	1.208	"2"
"出席"	0	0	4	1.951	0.724	1.326	-1.162	-0.347	1.918	3.427	"3"
"出版界"	0	0	1	0.488	0.181	0.331	-0.29	-0.087	0.48	0.857	"3"
"分析"	0	14	0	6.827	2.532	4.64	-4.066	10.396	-2.448	16.91	"2"
"列入"	1	0	0	0.488	0.181	0.331	0.312	-0.087	-0.175	0.574	"1"
"刘延东"	0	0	1	0.488	0.181	0.331	-0.29	-0.087	0.48	0.857	"3"
"利用"	3	0	0	1.463	0.543	0.994	0.936	-0.26	-0.525	1.721	"1"
"到场"	0	0	2	0.975	0.362	0.663	-0.581	-0.173	0.959	1.713	"3"
"制造"	2	0	0	0.975	0.362	0.663	0.624	-0.173	-0.35	1.147	"1"
"前所未有"	1	0	0	0.488	0.181	0.331	0.312	-0.087	-0.175	0.574	"1"
"前来"	0	0	1	0.488	0.181	0.331	-0.29	-0.087	0.48	0.857	"3"
"劝"	1	0	0	0.488	0.181	0.331	0.312	-0.087	-0.175	0.574	"1"
"功利"	1	0	0	0.488	0.181	0.331	0.312	-0.087	-0.175	0.574	"1"
"加入世"	0	0	1	0.488	0.181	0.331	-0.29	-0.087	0.48	0.857	"3"
"动人"	1	0	0	0.488	0.181	0.331	0.312	-0.087	-0.175	0.574	"1"
"动植物"	1	0	0	0.488	0.181	0.331	0.312	-0.087	-0.175	0.574	"1"
"动物"	2	0	0	0.975	0.362	0.663	0.624	-0.173	-0.35	1.147	"1"
"助选"	0	0	1	0.488	0.181	0.331	-0.29	-0.087	0.48	0.857	"3"
"助阵"	0	0	2	0.975	0.362	0.663	-0.581	-0.173	0.959	1.713	"3"
"化为"	1	0	0	0.488	0.181	0.331	0.312	-0.087	-0.175	0.574	"1"
"化石"	1	0	0	0.488	0.181	0.331	0.312	-0.087	-0.175	0.574	"1"
"北侧"	1	0	0	0.488	0.181	0.331	0.312	-0.087	-0.175	0.574	"1"
"升华"	1	0	0	0.488	0.181	0.331	0.312	-0.087	-0.175	0.574	"1"
"升等"	1	0	0	0.488	0.181	0.331	0.312	-0.087	-0.175	0.574	"1"
"华人"	0	1	1	0.975	0.362	0.663	-0.581	0.483	0.257	1.321	"1"
"华尔街"	0	1	0	0.488	0.181	0.331	-0.29	0.743	-0.175	1.208	"2"
"华裔"	0	0	1	0.488	0.181	0.331	-0.29	-0.087	0.48	0.857	"3"
"协会"	0	1	3	1.951	0.724	1.326	-1.162	0.26	0.961	2.383	"1"
"协助"	1	0	0	0.488	0.181	0.331	0.312	-0.087	-0.175	0.574	"1"
"博取"	1	0	0	0.488	0.181	0.331	0.312	-0.087	-0.175	0.574	"1"
"卢梭"	1	0	0	0.488	0.181	0.331	0.312	-0.087	-0.175	0.574	"1"
"印象"	1	0	0	0.488	0.181	0.331	0.312	-0.087	-0.175	0.574	"1"
"危害"	2	0	0	0.975	0.362	0.663	0.624	-0.173	-0.35	1.147	"1"
"危险群"	0	0	1	0.488	0.181	0.331	-0.29	-0.087	0.48	0.857	"3"
"历史"	4	0	0	1.951	0.724	1.326	1.248	-0.347	-0.699	2.294	"1"
"原始"	1	0	0	0.488	0.181	0.331	0.312	-0.087	-0.175	0.574	"1"
"原子"	1	0	0	0.488	0.181	0.331	0.312	-0.087	-0.175	0.574	"1"
"参与"	0	1	4	2.438	0.904	1.657	-1.452	0.2	1.353	3.005	"1"
"参加"	0	0	8	3.901	1.447	2.652	-2.324	-0.693	3.837	6.854	"3"
"参观"	0	0	1	0.488	0.181	0.331	-0.29	-0.087	0.48	0.857	"3"
"参访"	0	0	3	1.463	0.543	0.994	-0.871	-0.26	1.439	2.57	"3"
"参选"	0	0	1	0.488	0.181	0.331	-0.29	-0.087	0.48	0.857	"3"
"又"	1	0	0	0.488	0.181	0.331	0.312	-0.087	-0.175	0.574	"1"
"及"	0	3	21	11.704	4.341	7.955	-6.971	-0.461	7.26	14.692	"3"
"友好"	0	0	1	0.488	0.181	0.331	-0.29	-0.087	0.48	0.857	"3"
"双塔"	2	0	0	0.975	0.362	0.663	0.624	-0.173	-0.35	1.147	"1"
"反"	2	0	0	0.975	0.362	0.663	0.624	-0.173	-0.35	1.147	"1"
"反对"	0	0	2	0.975	0.362	0.663	-0.581	-0.173	0.959	1.713	"3"
"反对党"	0	0	1	0.488	0.181	0.331	-0.29	-0.087	0.48	0.857	"3"
"反对派"	0	0	1	0.488	0.181	0.331	-0.29	-0.087	0.48	0.857	"3"
"反感"	0	0	1	0.488	0.181	0.331	-0.29	-0.087	0.48	0.857	"3"
"反战"	1	0	3	1.951	0.724	1.326	-0.48	-0.347	0.961	1.788	"3"
"反核"	0	0	3	1.463	0.543	0.994	-0.871	-0.26	1.439	2.57	"3"
"发射"	1	0	0	0.488	0.181	0.331	0.312	-0.087	-0.175	0.574	"1"
"发展"	7	0	0	3.414	1.266	2.32	2.183	-0.607	-1.224	4.014	"1"
"发掘"	1	0	0	0.488	0.181	0.331	0.312	-0.087	-0.175	0.574	"1"
"发现"	3	0	0	1.463	0.543	0.994	0.936	-0.26	-0.525	1.721	"1"
"发病"	1	0	0	0.488	0.181	0.331	0.312	-0.087	-0.175	0.574	"1"
"发黄"	1	0	0	0.488	0.181	0.331	0.312	-0.087	-0.175	0.574	"1"
"受到"	3	0	0	1.463	0.543	0.994	0.936	-0.26	-0.525	1.721	"1"
"变"	2	0	0	0.975	0.362	0.663	0.624	-0.173	-0.35	1.147	"1"
"变异"	1	0	0	0.488	0.181	0.331	0.312	-0.087	-0.175	0.574	"1"
"变得"	1	0	0	0.488	0.181	0.331	0.312	-0.087	-0.175	0.574	"1"
"变暖"	1	0	0	0.488	0.181	0.331	0.312	-0.087	-0.175	0.574	"1"
"叠"	0	0	1	0.488	0.181	0.331	-0.29	-0.087	0.48	0.857	"3"
"口"	1	0	0	0.488	0.181	0.331	0.312	-0.087	-0.175	0.574	"1"
"口罩"	3	0	0	1.463	0.543	0.994	0.936	-0.26	-0.525	1.721	"1"
"口腹之欲"	1	0	0	0.488	0.181	0.331	0.312	-0.087	-0.175	0.574	"1"
"口述"	1	0	0	0.488	0.181	0.331	0.312	-0.087	-0.175	0.574	"1"
"另"	0	1	0	0.488	0.181	0.331	-0.29	0.743	-0.175	1.208	"2"
"可以"	3	0	0	1.463	0.543	0.994	0.936	-0.26	-0.525	1.721	"1"
"可怕"	2	0	0	0.975	0.362	0.663	0.624	-0.173	-0.35	1.147	"1"
"可贵"	1	0	0	0.488	0.181	0.331	0.312	-0.087	-0.175	0.574	"1"
"台"	0	1	7	3.901	1.447	2.652	-2.324	-0.251	2.603	5.178	"3"
"台独"	0	1	0	0.488	0.181	0.331	-0.29	0.743	-0.175	1.208	"2"
"台观"	0	0	1	0.488	0.181	0.331	-0.29	-0.087	0.48	0.857	"3"
"叶子"	1	0	0	0.488	0.181	0.331	0.312	-0.087	-0.175	0.574	"1"
"吃"	1	0	0	0.488	0.181	0.331	0.312	-0.087	-0.175	0.574	"1"
"吃素"	0	0	1	0.488	0.181	0.331	-0.29	-0.087	0.48	0.857	"3"
"吃饱"	1	0	0	0.488	0.181	0.331	0.312	-0.087	-0.175	0.574	"1"
"各界"	0	0	15	7.315	2.713	4.972	-4.357	-1.3	7.194	12.851	"3"
"吉宝置业"	0	1	0	0.488	0.181	0.331	-0.29	0.743	-0.175	1.208	"2"
"同性恋"	1	0	0	0.488	0.181	0.331	0.312	-0.087	-0.175	0.574	"1"
"同情"	0	1	0	0.488	0.181	0.331	-0.29	0.743	-0.175	1.208	"2"
"后来"	2	0	0	0.975	0.362	0.663	0.624	-0.173	-0.35	1.147	"1"
"吐痰"	1	0	0	0.488	0.181	0.331	0.312	-0.087	-0.175	0.574	"1"
"吕姓"	0	0	1	0.488	0.181	0.331	-0.29	-0.087	0.48	0.857	"3"
"听到"	1	0	0	0.488	0.181	0.331	0.312	-0.087	-0.175	0.574	"1"
"吴伯雄"	0	0	1	0.488	0.181	0.331	-0.29	-0.087	0.48	0.857	"3"
"告诉"	0	0	1	0.488	0.181	0.331	-0.29	-0.087	0.48	0.857	"3"
"呼吁"	0	1	2	1.463	0.543	0.994	-0.871	0.346	0.59	1.807	"1"
"和亲"	0	0	1	0.488	0.181	0.331	-0.29	-0.087	0.48	0.857	"3"
"和平"	1	0	0	0.488	0.181	0.331	0.312	-0.087	-0.175	0.574	"1"
"哪里"	1	0	0	0.488	0.181	0.331	0.312	-0.087	-0.175	0.574	"1"
"哲学家"	1	0	0	0.488	0.181	0.331	0.312	-0.087	-0.175	0.574	"1"
"唇枪舌剑"	0	0	1	0.488	0.181	0.331	-0.29	-0.087	0.48	0.857	"3"
"唿吁"	0	0	1	0.488	0.181	0.331	-0.29	-0.087	0.48	0.857	"3"
"商务部"	0	0	1	0.488	0.181	0.331	-0.29	-0.087	0.48	0.857	"3"
"商界"	0	0	1	0.488	0.181	0.331	-0.29	-0.087	0.48	0.857	"3"
"喜庆"	1	0	0	0.488	0.181	0.331	0.312	-0.087	-0.175	0.574	"1"
"器官"	2	0	0	0.975	0.362	0.663	0.624	-0.173	-0.35	1.147	"1"
"噪声"	1	0	0	0.488	0.181	0.331	0.312	-0.087	-0.175	0.574	"1"
"四十二"	0	0	1	0.488	0.181	0.331	-0.29	-0.087	0.48	0.857	"3"
"回教"	0	0	2	0.975	0.362	0.663	-0.581	-0.173	0.959	1.713	"3"
"回教徒"	0	0	3	1.463	0.543	0.994	-0.871	-0.26	1.439	2.57	"3"
"团体"	0	0	8	3.901	1.447	2.652	-2.324	-0.693	3.837	6.854	"3"
"团结"	0	0	1	0.488	0.181	0.331	-0.29	-0.087	0.48	0.857	"3"
"国民党"	0	0	1	0.488	0.181	0.331	-0.29	-0.087	0.48	0.857	"3"
"图谱解密"	1	0	0	0.488	0.181	0.331	0.312	-0.087	-0.175	0.574	"1"
"圣尼"	0	0	1	0.488	0.181	0.331	-0.29	-0.087	0.48	0.857	"3"
"在一起"	1	0	0	0.488	0.181	0.331	0.312	-0.087	-0.175	0.574	"1"
"在场"	0	0	2	0.975	0.362	0.663	-0.581	-0.173	0.959	1.713	"3"
"在所难免"	1	0	0	0.488	0.181	0.331	0.312	-0.087	-0.175	0.574	"1"
"在野"	0	0	1	0.488	0.181	0.331	-0.29	-0.087	0.48	0.857	"3"
"地"	7	0	0	3.414	1.266	2.32	2.183	-0.607	-1.224	4.014	"1"
"地方"	0	1	0	0.488	0.181	0.331	-0.29	0.743	-0.175	1.208	"2"
"地球"	3	0	0	1.463	0.543	0.994	0.936	-0.26	-0.525	1.721	"1"
"地球村"	1	0	0	0.488	0.181	0.331	0.312	-0.087	-0.175	0.574	"1"
"场所"	1	0	0	0.488	0.181	0.331	0.312	-0.087	-0.175	0.574	"1"
"坚定"	0	0	1	0.488	0.181	0.331	-0.29	-0.087	0.48	0.857	"3"
"垃圾桶"	1	0	0	0.488	0.181	0.331	0.312	-0.087	-0.175	0.574	"1"
"基因"	2	0	0	0.975	0.362	0.663	0.624	-0.173	-0.35	1.147	"1"
"境"	0	0	1	0.488	0.181	0.331	-0.29	-0.087	0.48	0.857	"3"
"墨迹"	0	0	1	0.488	0.181	0.331	-0.29	-0.087	0.48	0.857	"3"
"壮举"	1	0	0	0.488	0.181	0.331	0.312	-0.087	-0.175	0.574	"1"
"备受"	1	0	0	0.488	0.181	0.331	0.312	-0.087	-0.175	0.574	"1"
"外"	0	1	7	3.901	1.447	2.652	-2.324	-0.251	2.603	5.178	"3"
"外交"	0	1	1	0.975	0.362	0.663	-0.581	0.483	0.257	1.321	"1"
"外星人"	1	0	0	0.488	0.181	0.331	0.312	-0.087	-0.175	0.574	"1"
"外籍"	0	0	3	1.463	0.543	0.994	-0.871	-0.26	1.439	2.57	"3"
"多少"	1	0	0	0.488	0.181	0.331	0.312	-0.087	-0.175	0.574	"1"
"大吃一惊"	0	1	0	0.488	0.181	0.331	-0.29	0.743	-0.175	1.208	"2"
"大战"	1	0	0	0.488	0.181	0.331	0.312	-0.087	-0.175	0.574	"1"
"大气"	1	0	0	0.488	0.181	0.331	0.312	-0.087	-0.175	0.574	"1"
"大气层"	1	0	0	0.488	0.181	0.331	0.312	-0.087	-0.175	0.574	"1"
"大脑"	1	0	0	0.488	0.181	0.331	0.312	-0.087	-0.175	0.574	"1"
"大自然"	1	0	0	0.488	0.181	0.331	0.312	-0.087	-0.175	0.574	"1"
"大陆"	0	5	11	7.803	2.894	5.303	-4.647	0.83	2.415	7.892	"1"
"天圆"	1	0	0	0.488	0.181	0.331	0.312	-0.087	-0.175	0.574	"1"
"天花"	1	0	0	0.488	0.181	0.331	0.312	-0.087	-0.175	0.574	"1"
"太空"	2	0	0	0.975	0.362	0.663	0.624	-0.173	-0.35	1.147	"1"
"失去"	1	0	0	0.488	0.181	0.331	0.312	-0.087	-0.175	0.574	"1"
"失明"	0	0	2	0.975	0.362	0.663	-0.581	-0.173	0.959	1.713	"3"
"失眠"	0	0	1	0.488	0.181	0.331	-0.29	-0.087	0.48	0.857	"3"
"奇迹"	0	0	1	0.488	0.181	0.331	-0.29	-0.087	0.48	0.857	"3"
"套利"	0	0	1	0.488	0.181	0.331	-0.29	-0.087	0.48	0.857	"3"
"好莱坞"	0	1	0	0.488	0.181	0.331	-0.29	0.743	-0.175	1.208	"2"
"好评"	2	0	0	0.975	0.362	0.663	0.624	-0.173	-0.35	1.147	"1"
"如何"	1	0	0	0.488	0.181	0.331	0.312	-0.087	-0.175	0.574	"1"
"如果说"	1	0	0	0.488	0.181	0.331	0.312	-0.087	-0.175	0.574	"1"
"妇女界"	0	0	1	0.488	0.181	0.331	-0.29	-0.087	0.48	0.857	"3"
"姐妹市"	0	0	1	0.488	0.181	0.331	-0.29	-0.087	0.48	0.857	"3"
"姓名"	0	2	1	1.463	0.543	0.994	-0.871	1.064	0.154	2.089	"2"
"姿态"	1	0	0	0.488	0.181	0.331	0.312	-0.087	-0.175	0.574	"1"
"字母"	1	0	0	0.488	0.181	0.331	0.312	-0.087	-0.175	0.574	"1"
"存亡"	1	0	0	0.488	0.181	0.331	0.312	-0.087	-0.175	0.574	"1"
"学术界"	0	0	2	0.975	0.362	0.663	-0.581	-0.173	0.959	1.713	"3"
"学法"	0	1	0	0.488	0.181	0.331	-0.29	0.743	-0.175	1.208	"2"
"学生组"	0	0	1	0.488	0.181	0.331	-0.29	-0.087	0.48	0.857	"3"
"学者"	0	0	1	0.488	0.181	0.331	-0.29	-0.087	0.48	0.857	"3"
"它"	7	0	0	3.414	1.266	2.32	2.183	-0.607	-1.224	4.014	"1"
"它们"	1	0	0	0.488	0.181	0.331	0.312	-0.087	-0.175	0.574	"1"
"宇宙"	1	0	0	0.488	0.181	0.331	0.312	-0.087	-0.175	0.574	"1"
"安危"	1	0	0	0.488	0.181	0.331	0.312	-0.087	-0.175	0.574	"1"
"安心"	1	0	0	0.488	0.181	0.331	0.312	-0.087	-0.175	0.574	"1"
"完全"	1	0	0	0.488	0.181	0.331	0.312	-0.087	-0.175	0.574	"1"
"完成"	1	0	0	0.488	0.181	0.331	0.312	-0.087	-0.175	0.574	"1"
"完整"	2	0	0	0.975	0.362	0.663	0.624	-0.173	-0.35	1.147	"1"
"宏观"	1	0	0	0.488	0.181	0.331	0.312	-0.087	-0.175	0.574	"1"
"宗教"	0	0	1	0.488	0.181	0.331	-0.29	-0.087	0.48	0.857	"3"
"实验"	1	0	0	0.488	0.181	0.331	0.312	-0.087	-0.175	0.574	"1"
"宠物"	2	0	0	0.975	0.362	0.663	0.624	-0.173	-0.35	1.147	"1"
"害怕"	1	0	0	0.488	0.181	0.331	0.312	-0.087	-0.175	0.574	"1"
"容易"	1	0	0	0.488	0.181	0.331	0.312	-0.087	-0.175	0.574	"1"
"富"	1	0	0	0.488	0.181	0.331	0.312	-0.087	-0.175	0.574	"1"
"对"	34	0	0	16.581	6.15	11.269	10.604	-2.946	-5.945	19.495	"1"
"对待"	1	0	0	0.488	0.181	0.331	0.312	-0.087	-0.175	0.574	"1"
"对抗"	1	0	0	0.488	0.181	0.331	0.312	-0.087	-0.175	0.574	"1"
"对谈"	1	0	0	0.488	0.181	0.331	0.312	-0.087	-0.175	0.574	"1"
"导致"	2	0	0	0.975	0.362	0.663	0.624	-0.173	-0.35	1.147	"1"
"寿命"	1	0	0	0.488	0.181	0.331	0.312	-0.087	-0.175	0.574	"1"
"将相"	0	0	1	0.488	0.181	0.331	-0.29	-0.087	0.48	0.857	"3"
"少数"	0	0	1	0.488	0.181	0.331	-0.29	-0.087	0.48	0.857	"3"
"尖端"	1	0	0	0.488	0.181	0.331	0.312	-0.087	-0.175	0.574	"1"
"尚未"	1	0	0	0.488	0.181	0.331	0.312	-0.087	-0.175	0.574	"1"
"尽管"	1	1	1	1.463	0.543	0.994	-0.285	0.346	0.154	0.785	"2"
"层级"	0	0	1	0.488	0.181	0.331	-0.29	-0.087	0.48	0.857	"3"
"居于"	1	0	0	0.488	0.181	0.331	0.312	-0.087	-0.175	0.574	"1"
"居港权"	0	0	1	0.488	0.181	0.331	-0.29	-0.087	0.48	0.857	"3"
"展现"	1	0	0	0.488	0.181	0.331	0.312	-0.087	-0.175	0.574	"1"
"展览馆"	0	0	1	0.488	0.181	0.331	-0.29	-0.087	0.48	0.857	"3"
"峻"	1	0	0	0.488	0.181	0.331	0.312	-0.087	-0.175	0.574	"1"
"崇拜"	0	0	2	0.975	0.362	0.663	-0.581	-0.173	0.959	1.713	"3"
"巅"	1	0	0	0.488	0.181	0.331	0.312	-0.087	-0.175	0.574	"1"
"工商"	0	0	2	0.975	0.362	0.663	-0.581	-0.173	0.959	1.713	"3"
"工商界"	0	0	1	0.488	0.181	0.331	-0.29	-0.087	0.48	0.857	"3"
"工商联"	0	0	1	0.488	0.181	0.331	-0.29	-0.087	0.48	0.857	"3"
"工程界"	0	0	1	0.488	0.181	0.331	-0.29	-0.087	0.48	0.857	"3"
"左派"	0	0	1	0.488	0.181	0.331	-0.29	-0.087	0.48	0.857	"3"
"巨大"	1	0	0	0.488	0.181	0.331	0.312	-0.087	-0.175	0.574	"1"
"差异"	1	0	0	0.488	0.181	0.331	0.312	-0.087	-0.175	0.574	"1"
"已婚"	0	0	1	0.488	0.181	0.331	-0.29	-0.087	0.48	0.857	"3"
"市场"	1	15	3	9.266	3.437	6.298	-4.238	7.873	-1.091	13.202	"2"
"带"	1	0	0	0.488	0.181	0.331	0.312	-0.087	-0.175	0.574	"1"
"带来"	4	0	0	1.951	0.724	1.326	1.248	-0.347	-0.699	2.294	"1"
"席"	0	1	1	0.975	0.362	0.663	-0.581	0.483	0.257	1.321	"1"
"帮助"	2	0	0	0.975	0.362	0.663	0.624	-0.173	-0.35	1.147	"1"
"常"	2	0	0	0.975	0.362	0.663	0.624	-0.173	-0.35	1.147	"1"
"干扰"	1	0	0	0.488	0.181	0.331	0.312	-0.087	-0.175	0.574	"1"
"干细胞"	2	0	0	0.975	0.362	0.663	0.624	-0.173	-0.35	1.147	"1"
"平常心"	1	0	0	0.488	0.181	0.331	0.312	-0.087	-0.175	0.574	"1"
"平静"	1	0	0	0.488	0.181	0.331	0.312	-0.087	-0.175	0.574	"1"
"年画"	0	0	1	0.488	0.181	0.331	-0.29	-0.087	0.48	0.857	"3"
"年轻"	0	0	2	0.975	0.362	0.663	-0.581	-0.173	0.959	1.713	"3"
"广大"	0	0	1	0.488	0.181	0.331	-0.29	-0.087	0.48	0.857	"3"
"广泛"	1	0	1	0.975	0.362	0.663	0.132	-0.173	0.257	0.562	"3"
"广深港"	0	1	0	0.488	0.181	0.331	-0.29	0.743	-0.175	1.208	"2"
"应对"	1	0	0	0.488	0.181	0.331	0.312	-0.087	-0.175	0.574	"1"
"应用"	2	0	0	0.975	0.362	0.663	0.624	-0.173	-0.35	1.147	"1"
"应该"	2	0	0	0.975	0.362	0.663	0.624	-0.173	-0.35	1.147	"1"
"座谈会"	0	2	5	3.414	1.266	2.32	-2.033	0.432	1.355	3.82	"1"
"康州"	0	0	1	0.488	0.181	0.331	-0.29	-0.087	0.48	0.857	"3"
"康泰"	1	0	0	0.488	0.181	0.331	0.312	-0.087	-0.175	0.574	"1"
"延缓"	1	0	0	0.488	0.181	0.331	0.312	-0.087	-0.175	0.574	"1"
"建研会"	0	0	1	0.488	0.181	0.331	-0.29	-0.087	0.48	0.857	"3"
"建言"	1	0	0	0.488	0.181	0.331	0.312	-0.087	-0.175	0.574	"1"
"开放"	0	0	6	2.926	1.085	1.989	-1.743	-0.52	2.877	5.14	"3"
"开阔"	1	0	0	0.488	0.181	0.331	0.312	-0.087	-0.175	0.574	"1"
"异议"	0	5	0	2.438	0.904	1.657	-1.452	3.713	-0.874	6.039	"2"
"弊病"	1	0	0	0.488	0.181	0.331	0.312	-0.087	-0.175	0.574	"1"
"引发"	1	0	0	0.488	0.181	0.331	0.312	-0.087	-0.175	0.574	"1"
"引导"	3	0	0	1.463	0.543	0.994	0.936	-0.26	-0.525	1.721	"1"
"引起"	2	0	1	1.463	0.543	0.994	0.317	-0.26	0.154	0.731	"1"
"引述"	0	7	0	3.414	1.266	2.32	-2.033	5.198	-1.224	8.455	"2"
"弘扬"	1	0	0	0.488	0.181	0.331	0.312	-0.087	-0.175	0.574	"1"
"张宏堡"	0	1	0	0.488	0.181	0.331	-0.29	0.743	-0.175	1.208	"2"
"张颖"	0	0	1	0.488	0.181	0.331	-0.29	-0.087	0.48	0.857	"3"
"弱智"	0	0	1	0.488	0.181	0.331	-0.29	-0.087	0.48	0.857	"3"
"强力"	0	0	1	0.488	0.181	0.331	-0.29	-0.087	0.48	0.857	"3"
"强烈"	0	0	1	0.488	0.181	0.331	-0.29	-0.087	0.48	0.857	"3"
"归根结底"	1	0	0	0.488	0.181	0.331	0.312	-0.087	-0.175	0.574	"1"
"当"	2	0	0	0.975	0.362	0.663	0.624	-0.173	-0.35	1.147	"1"
"当下"	1	0	0	0.488	0.181	0.331	0.312	-0.087	-0.175	0.574	"1"
"当年"	1	0	0	0.488	0.181	0.331	0.312	-0.087	-0.175	0.574	"1"
"彩山"	0	0	1	0.488	0.181	0.331	-0.29	-0.087	0.48	0.857	"3"
"影响"	1	0	0	0.488	0.181	0.331	0.312	-0.087	-0.175	0.574	"1"
"往来"	0	1	0	0.488	0.181	0.331	-0.29	0.743	-0.175	1.208	"2"
"征"	1	0	0	0.488	0.181	0.331	0.312	-0.087	-0.175	0.574	"1"
"征服"	1	0	0	0.488	0.181	0.331	0.312	-0.087	-0.175	0.574	"1"
"得出"	1	0	0	0.488	0.181	0.331	0.312	-0.087	-0.175	0.574	"1"
"得多"	1	0	0	0.488	0.181	0.331	0.312	-0.087	-0.175	0.574	"1"
"心"	5	0	0	2.438	0.904	1.657	1.559	-0.433	-0.874	2.866	"1"
"心境"	1	0	0	0.488	0.181	0.331	0.312	-0.087	-0.175	0.574	"1"
"心得"	0	0	1	0.488	0.181	0.331	-0.29	-0.087	0.48	0.857	"3"
"心灵"	1	0	0	0.488	0.181	0.331	0.312	-0.087	-0.175	0.574	"1"
"心珍"	0	0	1	0.488	0.181	0.331	-0.29	-0.087	0.48	0.857	"3"
"心理"	2	0	0	0.975	0.362	0.663	0.624	-0.173	-0.35	1.147	"1"
"志愿"	0	0	4	1.951	0.724	1.326	-1.162	-0.347	1.918	3.427	"3"
"志愿军"	1	0	0	0.488	0.181	0.331	0.312	-0.087	-0.175	0.574	"1"
"忧虑"	0	0	1	0.488	0.181	0.331	-0.29	-0.087	0.48	0.857	"3"
"念"	1	0	0	0.488	0.181	0.331	0.312	-0.087	-0.175	0.574	"1"
"忽略"	0	0	1	0.488	0.181	0.331	-0.29	-0.087	0.48	0.857	"3"
"怀素"	0	0	1	0.488	0.181	0.331	-0.29	-0.087	0.48	0.857	"3"
"怎不"	0	0	1	0.488	0.181	0.331	-0.29	-0.087	0.48	0.857	"3"
"怎样"	1	0	0	0.488	0.181	0.331	0.312	-0.087	-0.175	0.574	"1"
"思想"	1	0	0	0.488	0.181	0.331	0.312	-0.087	-0.175	0.574	"1"
"急剧"	1	0	0	0.488	0.181	0.331	0.312	-0.087	-0.175	0.574	"1"
"总是"	1	0	0	0.488	0.181	0.331	0.312	-0.087	-0.175	0.574	"1"
"恐吓"	1	0	0	0.488	0.181	0.331	0.312	-0.087	-0.175	0.574	"1"
"恐惧"	1	0	0	0.488	0.181	0.331	0.312	-0.087	-0.175	0.574	"1"
"息"	1	1	1	1.463	0.543	0.994	-0.285	0.346	0.154	0.785	"2"
"患上"	0	1	0	0.488	0.181	0.331	-0.29	0.743	-0.175	1.208	"2"
"悬崖"	0	0	1	0.488	0.181	0.331	-0.29	-0.087	0.48	0.857	"3"
"惊奇"	1	0	0	0.488	0.181	0.331	0.312	-0.087	-0.175	0.574	"1"
"惋惜"	0	0	1	0.488	0.181	0.331	-0.29	-0.087	0.48	0.857	"3"
"想像"	2	0	0	0.975	0.362	0.663	0.624	-0.173	-0.35	1.147	"1"
"意志"	1	0	0	0.488	0.181	0.331	0.312	-0.087	-0.175	0.574	"1"
"意见"	0	0	2	0.975	0.362	0.663	-0.581	-0.173	0.959	1.713	"3"
"意识"	1	0	0	0.488	0.181	0.331	0.312	-0.087	-0.175	0.574	"1"
"意识到"	1	0	0	0.488	0.181	0.331	0.312	-0.087	-0.175	0.574	"1"
"感到"	2	0	0	0.975	0.362	0.663	0.624	-0.173	-0.35	1.147	"1"
"感受"	1	0	0	0.488	0.181	0.331	0.312	-0.087	-0.175	0.574	"1"
"感受到"	1	0	0	0.488	0.181	0.331	0.312	-0.087	-0.175	0.574	"1"
"感情"	2	0	0	0.975	0.362	0.663	0.624	-0.173	-0.35	1.147	"1"
"感染"	3	0	0	1.463	0.543	0.994	0.936	-0.26	-0.525	1.721	"1"
"愿望"	1	0	0	0.488	0.181	0.331	0.312	-0.087	-0.175	0.574	"1"
"慎用"	0	0	1	0.488	0.181	0.331	-0.29	-0.087	0.48	0.857	"3"
"懂得"	1	0	0	0.488	0.181	0.331	0.312	-0.087	-0.175	0.574	"1"
"成为"	5	0	0	2.438	0.904	1.657	1.559	-0.433	-0.874	2.866	"1"
"成交价"	0	0	1	0.488	0.181	0.331	-0.29	-0.087	0.48	0.857	"3"
"成功"	2	0	0	0.975	0.362	0.663	0.624	-0.173	-0.35	1.147	"1"
"成棒"	0	1	0	0.488	0.181	0.331	-0.29	0.743	-0.175	1.208	"2"
"战火"	1	0	0	0.488	0.181	0.331	0.312	-0.087	-0.175	0.574	"1"
"战胜"	1	0	0	0.488	0.181	0.331	0.312	-0.087	-0.175	0.574	"1"
"戴"	2	0	0	0.975	0.362	0.663	0.624	-0.173	-0.35	1.147	"1"
"戴安娜"	0	0	1	0.488	0.181	0.331	-0.29	-0.087	0.48	0.857	"3"
"戴秉国"	0	2	0	0.975	0.362	0.663	-0.581	1.485	-0.35	2.416	"2"
"所"	1	0	0	0.488	0.181	0.331	0.312	-0.087	-0.175	0.574	"1"
"才"	1	0	0	0.488	0.181	0.331	0.312	-0.087	-0.175	0.574	"1"
"打动"	2	0	0	0.975	0.362	0.663	0.624	-0.173	-0.35	1.147	"1"
"打赌"	1	0	0	0.488	0.181	0.331	0.312	-0.087	-0.175	0.574	"1"
"扛"	1	0	0	0.488	0.181	0.331	0.312	-0.087	-0.175	0.574	"1"
"执行员"	0	0	1	0.488	0.181	0.331	-0.29	-0.087	0.48	0.857	"3"
"批判"	0	1	0	0.488	0.181	0.331	-0.29	0.743	-0.175	1.208	"2"
"批判者"	0	0	1	0.488	0.181	0.331	-0.29	-0.087	0.48	0.857	"3"
"批评"	0	0	1	0.488	0.181	0.331	-0.29	-0.087	0.48	0.857	"3"
"批评为"	0	0	1	0.488	0.181	0.331	-0.29	-0.087	0.48	0.857	"3"
"找出"	1	0	0	0.488	0.181	0.331	0.312	-0.087	-0.175	0.574	"1"
"技术"	2	0	0	0.975	0.362	0.663	0.624	-0.173	-0.35	1.147	"1"
"抑制剂"	1	0	0	0.488	0.181	0.331	0.312	-0.087	-0.175	0.574	"1"
"抓药"	0	0	1	0.488	0.181	0.331	-0.29	-0.087	0.48	0.857	"3"
"抗生素"	1	0	0	0.488	0.181	0.331	0.312	-0.087	-0.175	0.574	"1"
"抗议"	0	1	1	0.975	0.362	0.663	-0.581	0.483	0.257	1.321	"1"
"报导"	0	1	0	0.488	0.181	0.331	-0.29	0.743	-0.175	1.208	"2"
"抨击"	0	0	1	0.488	0.181	0.331	-0.29	-0.087	0.48	0.857	"3"
"抱怨"	0	1	0	0.488	0.181	0.331	-0.29	0.743	-0.175	1.208	"2"
"担心"	5	0	0	2.438	0.904	1.657	1.559	-0.433	-0.874	2.866	"1"
"担忧"	1	0	0	0.488	0.181	0.331	0.312	-0.087	-0.175	0.574	"1"
"拉拢"	0	1	0	0.488	0.181	0.331	-0.29	0.743	-0.175	1.208	"2"
"拉锯战"	1	0	0	0.488	0.181	0.331	0.312	-0.087	-0.175	0.574	"1"
"拘留"	0	0	1	0.488	0.181	0.331	-0.29	-0.087	0.48	0.857	"3"
"拥车证"	2	0	0	0.975	0.362	0.663	0.624	-0.173	-0.35	1.147	"1"
"拦蓄"	1	0	0	0.488	0.181	0.331	0.312	-0.087	-0.175	0.574	"1"
"括"	0	0	1	0.488	0.181	0.331	-0.29	-0.087	0.48	0.857	"3"
"拼音"	0	1	0	0.488	0.181	0.331	-0.29	0.743	-0.175	1.208	"2"
"持"	0	0	1	0.488	0.181	0.331	-0.29	-0.087	0.48	0.857	"3"
"持有"	0	0	1	0.488	0.181	0.331	-0.29	-0.087	0.48	0.857	"3"
"指出"	0	13	2	7.315	2.713	4.972	-4.357	7.792	-1.088	13.237	"2"
"指战员"	1	0	0	0.488	0.181	0.331	0.312	-0.087	-0.175	0.574	"1"
"挑战"	1	0	0	0.488	0.181	0.331	0.312	-0.087	-0.175	0.574	"1"
"挡住"	1	0	0	0.488	0.181	0.331	0.312	-0.087	-0.175	0.574	"1"
"挪"	0	0	1	0.488	0.181	0.331	-0.29	-0.087	0.48	0.857	"3"
"挫折"	1	0	0	0.488	0.181	0.331	0.312	-0.087	-0.175	0.574	"1"
"捍卫"	1	0	0	0.488	0.181	0.331	0.312	-0.087	-0.175	0.574	"1"
"捐助人"	0	0	1	0.488	0.181	0.331	-0.29	-0.087	0.48	0.857	"3"
"捐款"	0	0	1	0.488	0.181	0.331	-0.29	-0.087	0.48	0.857	"3"
"损害"	1	0	0	0.488	0.181	0.331	0.312	-0.087	-0.175	0.574	"1"
"据"	0	7	1	3.901	1.447	2.652	-2.324	4.37	-0.703	7.397	"2"
"排放"	1	0	0	0.488	0.181	0.331	0.312	-0.087	-0.175	0.574	"1"
"排斥"	0	0	1	0.488	0.181	0.331	-0.29	-0.087	0.48	0.857	"3"
"探病"	1	0	0	0.488	0.181	0.331	0.312	-0.087	-0.175	0.574	"1"
"探索"	1	0	0	0.488	0.181	0.331	0.312	-0.087	-0.175	0.574	"1"
"探讨"	1	0	0	0.488	0.181	0.331	0.312	-0.087	-0.175	0.574	"1"
"探险史"	1	0	0	0.488	0.181	0.331	0.312	-0.087	-0.175	0.574	"1"
"接触"	0	2	0	0.975	0.362	0.663	-0.581	1.485	-0.35	2.416	"2"
"接近"	0	2	0	0.975	0.362	0.663	-0.581	1.485	-0.35	2.416	"2"
"掼压"	0	0	1	0.488	0.181	0.331	-0.29	-0.087	0.48	0.857	"3"
"提醒"	2	0	0	0.975	0.362	0.663	0.624	-0.173	-0.35	1.147	"1"
"提高"	3	0	0	1.463	0.543	0.994	0.936	-0.26	-0.525	1.721	"1"
"援引"	0	0	1	0.488	0.181	0.331	-0.29	-0.087	0.48	0.857	"3"
"携手"	0	1	0	0.488	0.181	0.331	-0.29	0.743	-0.175	1.208	"2"
"摄取"	1	0	0	0.488	0.181	0.331	0.312	-0.087	-0.175	0.574	"1"
"改变"	1	0	0	0.488	0.181	0.331	0.312	-0.087	-0.175	0.574	"1"
"政党"	0	1	2	1.463	0.543	0.994	-0.871	0.346	0.59	1.807	"1"
"政坛"	0	0	2	0.975	0.362	0.663	-0.581	-0.173	0.959	1.713	"3"
"政界"	0	0	4	1.951	0.724	1.326	-1.162	-0.347	1.918	3.427	"3"
"敢"	1	0	0	0.488	0.181	0.331	0.312	-0.087	-0.175	0.574	"1"
"敬"	1	0	0	0.488	0.181	0.331	0.312	-0.087	-0.175	0.574	"1"
"数百"	0	0	1	0.488	0.181	0.331	-0.29	-0.087	0.48	0.857	"3"
"敲钟"	1	0	0	0.488	0.181	0.331	0.312	-0.087	-0.175	0.574	"1"
"文化"	1	0	0	0.488	0.181	0.331	0.312	-0.087	-0.175	0.574	"1"
"文化界"	0	0	1	0.488	0.181	0.331	-0.29	-0.087	0.48	0.857	"3"
"文明"	4	0	0	1.951	0.724	1.326	1.248	-0.347	-0.699	2.294	"1"
"斗争"	2	0	0	0.975	0.362	0.663	0.624	-0.173	-0.35	1.147	"1"
"斯普拉什"	0	0	1	0.488	0.181	0.331	-0.29	-0.087	0.48	0.857	"3"
"新三党"	0	0	1	0.488	0.181	0.331	-0.29	-0.087	0.48	0.857	"3"
"新型"	1	0	0	0.488	0.181	0.331	0.312	-0.087	-0.175	0.574	"1"
"方"	0	0	2	0.975	0.362	0.663	-0.581	-0.173	0.959	1.713	"3"
"方便"	0	0	1	0.488	0.181	0.331	-0.29	-0.087	0.48	0.857	"3"
"方言"	3	0	0	1.463	0.543	0.994	0.936	-0.26	-0.525	1.721	"1"
"旅居"	0	0	1	0.488	0.181	0.331	-0.29	-0.087	0.48	0.857	"3"
"旅游业"	0	1	3	1.951	0.724	1.326	-1.162	0.26	0.961	2.383	"1"
"旋律"	1	0	0	0.488	0.181	0.331	0.312	-0.087	-0.175	0.574	"1"
"无"	0	0	5	2.438	0.904	1.657	-1.452	-0.433	2.398	4.283	"3"
"无止境"	1	0	0	0.488	0.181	0.331	0.312	-0.087	-0.175	0.574	"1"
"无论如何"	1	0	0	0.488	0.181	0.331	0.312	-0.087	-0.175	0.574	"1"
"无限"	2	0	0	0.975	0.362	0.663	0.624	-0.173	-0.35	1.147	"1"
"日常"	1	0	0	0.488	0.181	0.331	0.312	-0.087	-0.175	0.574	"1"
"日益"	1	0	0	0.488	0.181	0.331	0.312	-0.087	-0.175	0.574	"1"
"旨"	1	0	0	0.488	0.181	0.331	0.312	-0.087	-0.175	0.574	"1"
"时候"	1	0	0	0.488	0.181	0.331	0.312	-0.087	-0.175	0.574	"1"
"昌都镇"	0	0	1	0.488	0.181	0.331	-0.29	-0.087	0.48	0.857	"3"
"明报"	0	1	0	0.488	0.181	0.331	-0.29	0.743	-0.175	1.208	"2"
"晨运完"	0	0	1	0.488	0.181	0.331	-0.29	-0.087	0.48	0.857	"3"
"普遍"	2	1	0	1.463	0.543	0.994	0.317	0.346	-0.525	1.188	"3"
"景仰"	1	0	0	0.488	0.181	0.331	0.312	-0.087	-0.175	0.574	"1"
"智"	0	1	0	0.488	0.181	0.331	-0.29	0.743	-0.175	1.208	"2"
"智慧"	3	0	0	1.463	0.543	0.994	0.936	-0.26	-0.525	1.721	"1"
"智障"	0	0	1	0.488	0.181	0.331	-0.29	-0.087	0.48	0.857	"3"
"暗杀"	0	0	1	0.488	0.181	0.331	-0.29	-0.087	0.48	0.857	"3"
"暴露"	1	0	0	0.488	0.181	0.331	0.312	-0.087	-0.175	0.574	"1"
"更"	11	0	0	5.364	1.99	3.646	3.431	-0.953	-1.924	6.308	"1"
"更加"	2	0	0	0.975	0.362	0.663	0.624	-0.173	-0.35	1.147	"1"
"曾繁城"	0	0	1	0.488	0.181	0.331	-0.29	-0.087	0.48	0.857	"3"
"最"	1	0	0	0.488	0.181	0.331	0.312	-0.087	-0.175	0.574	"1"
"最终"	2	0	0	0.975	0.362	0.663	0.624	-0.173	-0.35	1.147	"1"
"月球"	1	0	0	0.488	0.181	0.331	0.312	-0.087	-0.175	0.574	"1"
"有关"	0	13	0	6.34	2.351	4.309	-3.776	9.654	-2.273	15.703	"2"
"有心"	0	0	2	0.975	0.362	0.663	-0.581	-0.173	0.959	1.713	"3"
"有意"	0	0	1	0.488	0.181	0.331	-0.29	-0.087	0.48	0.857	"3"
"有鑑于"	1	0	0	0.488	0.181	0.331	0.312	-0.087	-0.175	0.574	"1"
"朝野"	0	0	2	0.975	0.362	0.663	-0.581	-0.173	0.959	1.713	"3"
"期望"	1	0	0	0.488	0.181	0.331	0.312	-0.087	-0.175	0.574	"1"
"未来"	1	0	0	0.488	0.181	0.331	0.312	-0.087	-0.175	0.574	"1"
"机体"	1	0	0	0.488	0.181	0.331	0.312	-0.087	-0.175	0.574	"1"
"机器人"	1	0	0	0.488	0.181	0.331	0.312	-0.087	-0.175	0.574	"1"
"机能"	1	0	0	0.488	0.181	0.331	0.312	-0.087	-0.175	0.574	"1"
"权威"	0	7	0	3.414	1.266	2.32	-2.033	5.198	-1.224	8.455	"2"
"李勇"	1	0	0	0.488	0.181	0.331	0.312	-0.087	-0.175	0.574	"1"
"李宏生"	0	0	1	0.488	0.181	0.331	-0.29	-0.087	0.48	0.857	"3"
"杜撰"	1	0	0	0.488	0.181	0.331	0.312	-0.087	-0.175	0.574	"1"
"束"	1	0	0	0.488	0.181	0.331	0.312	-0.087	-0.175	0.574	"1"
"来"	0	2	4	2.926	1.085	1.989	-1.743	0.526	1.008	3.277	"1"
"杨姓"	0	0	1	0.488	0.181	0.331	-0.29	-0.087	0.48	0.857	"3"
"杰出"	0	0	2	0.975	0.362	0.663	-0.581	-0.173	0.959	1.713	"3"
"析"	1	0	0	0.488	0.181	0.331	0.312	-0.087	-0.175	0.574	"1"
"某些"	1	0	0	0.488	0.181	0.331	0.312	-0.087	-0.175	0.574	"1"
"核反应"	1	0	0	0.488	0.181	0.331	0.312	-0.087	-0.175	0.574	"1"
"根治"	1	0	0	0.488	0.181	0.331	0.312	-0.087	-0.175	0.574	"1"
"根深蒂固"	1	0	0	0.488	0.181	0.331	0.312	-0.087	-0.175	0.574	"1"
"根源"	1	0	0	0.488	0.181	0.331	0.312	-0.087	-0.175	0.574	"1"
"格子布"	1	0	0	0.488	0.181	0.331	0.312	-0.087	-0.175	0.574	"1"
"梅爱芳"	0	0	1	0.488	0.181	0.331	-0.29	-0.087	0.48	0.857	"3"
"棒球界"	0	1	0	0.488	0.181	0.331	-0.29	0.743	-0.175	1.208	"2"
"植入"	1	0	0	0.488	0.181	0.331	0.312	-0.087	-0.175	0.574	"1"
"樊如钧"	0	0	1	0.488	0.181	0.331	-0.29	-0.087	0.48	0.857	"3"
"欢心"	1	0	1	0.975	0.362	0.663	0.132	-0.173	0.257	0.562	"3"
"欢迎"	0	1	0	0.488	0.181	0.331	-0.29	0.743	-0.175	1.208	"2"
"欧佩克"	0	1	0	0.488	0.181	0.331	-0.29	0.743	-0.175	1.208	"2"
"欧美"	1	0	0	0.488	0.181	0.331	0.312	-0.087	-0.175	0.574	"1"
"正义"	2	0	1	1.463	0.543	0.994	0.317	-0.26	0.154	0.731	"1"
"正确"	1	0	0	0.488	0.181	0.331	0.312	-0.087	-0.175	0.574	"1"
"此"	0	10	1	5.364	1.99	3.646	-3.195	6.463	-1.114	10.772	"2"
"此刻"	1	0	0	0.488	0.181	0.331	0.312	-0.087	-0.175	0.574	"1"
"残害"	1	0	0	0.488	0.181	0.331	0.312	-0.087	-0.175	0.574	"1"
"残疾"	0	0	4	1.951	0.724	1.326	-1.162	-0.347	1.918	3.427	"3"
"残障"	0	0	1	0.488	0.181	0.331	-0.29	-0.087	0.48	0.857	"3"
"殿堂"	1	0	0	0.488	0.181	0.331	0.312	-0.087	-0.175	0.574	"1"
"毒品"	1	0	0	0.488	0.181	0.331	0.312	-0.087	-0.175	0.574	"1"
"比邻"	1	0	0	0.488	0.181	0.331	0.312	-0.087	-0.175	0.574	"1"
"毕生"	1	0	0	0.488	0.181	0.331	0.312	-0.087	-0.175	0.574	"1"
"毛"	1	0	0	0.488	0.181	0.331	0.312	-0.087	-0.175	0.574	"1"
"氏症"	1	0	0	0.488	0.181	0.331	0.312	-0.087	-0.175	0.574	"1"
"民主"	0	0	3	1.463	0.543	0.994	-0.871	-0.26	1.439	2.57	"3"
"民主党"	0	0	3	1.463	0.543	0.994	-0.871	-0.26	1.439	2.57	"3"
"民主党派"	0	0	1	0.488	0.181	0.331	-0.29	-0.087	0.48	0.857	"3"
"民进党"	0	1	1	0.975	0.362	0.663	-0.581	0.483	0.257	1.321	"1"
"民间"	0	0	2	0.975	0.362	0.663	-0.581	-0.173	0.959	1.713	"3"
"民阵"	1	0	0	0.488	0.181	0.331	0.312	-0.087	-0.175	0.574	"1"
"气体"	1	0	0	0.488	0.181	0.331	0.312	-0.087	-0.175	0.574	"1"
"水平"	1	0	0	0.488	0.181	0.331	0.312	-0.087	-0.175	0.574	"1"
"永恒"	2	0	0	0.975	0.362	0.663	0.624	-0.173	-0.35	1.147	"1"
"永远"	1	0	0	0.488	0.181	0.331	0.312	-0.087	-0.175	0.574	"1"
"求职"	1	0	0	0.488	0.181	0.331	0.312	-0.087	-0.175	0.574	"1"
"求证"	0	1	0	0.488	0.181	0.331	-0.29	0.743	-0.175	1.208	"2"
"污染"	1	0	0	0.488	0.181	0.331	0.312	-0.087	-0.175	0.574	"1"
"汪明荃"	0	0	1	0.488	0.181	0.331	-0.29	-0.087	0.48	0.857	"3"
"汽车业界"	1	1	0	0.975	0.362	0.663	0.132	0.483	-0.35	0.965	"2"
"沃尔夫"	0	0	1	0.488	0.181	0.331	-0.29	-0.087	0.48	0.857	"3"
"沙斯"	4	0	0	1.951	0.724	1.326	1.248	-0.347	-0.699	2.294	"1"
"沦丧"	1	0	0	0.488	0.181	0.331	0.312	-0.087	-0.175	0.574	"1"
"治疗"	1	0	0	0.488	0.181	0.331	0.312	-0.087	-0.175	0.574	"1"
"法例"	0	0	1	0.488	0.181	0.331	-0.29	-0.087	0.48	0.857	"3"
"法新社"	0	0	1	0.488	0.181	0.331	-0.29	-0.087	0.48	0.857	"3"
"法界"	0	0	1	0.488	0.181	0.331	-0.29	-0.087	0.48	0.857	"3"
"法轮"	0	0	1	0.488	0.181	0.331	-0.29	-0.087	0.48	0.857	"3"
"法轮功"	0	0	1	0.488	0.181	0.331	-0.29	-0.087	0.48	0.857	"3"
"泡澡"	2	0	0	0.975	0.362	0.663	0.624	-0.173	-0.35	1.147	"1"
"注意"	2	0	0	0.975	0.362	0.663	0.624	-0.173	-0.35	1.147	"1"
"注意到"	0	0	1	0.488	0.181	0.331	-0.29	-0.087	0.48	0.857	"3"
"活动"	5	0	0	2.438	0.904	1.657	1.559	-0.433	-0.874	2.866	"1"
"派"	0	0	4	1.951	0.724	1.326	-1.162	-0.347	1.918	3.427	"3"
"流产法"	0	1	0	0.488	0.181	0.331	-0.29	0.743	-0.175	1.208	"2"
"流失"	1	0	0	0.488	0.181	0.331	0.312	-0.087	-0.175	0.574	"1"
"流派"	0	0	1	0.488	0.181	0.331	-0.29	-0.087	0.48	0.857	"3"
"流浪"	0	0	1	0.488	0.181	0.331	-0.29	-0.087	0.48	0.857	"3"
"浩浩荡荡"	1	0	0	0.488	0.181	0.331	0.312	-0.087	-0.175	0.574	"1"
"浮现"	1	0	0	0.488	0.181	0.331	0.312	-0.087	-0.175	0.574	"1"
"海内外"	0	0	1	0.488	0.181	0.331	-0.29	-0.087	0.48	0.857	"3"
"海外"	0	2	4	2.926	1.085	1.989	-1.743	0.526	1.008	3.277	"1"
"海绵状"	1	0	0	0.488	0.181	0.331	0.312	-0.087	-0.175	0.574	"1"
"消"	0	1	0	0.488	0.181	0.331	-0.29	0.743	-0.175	1.208	"2"
"消息"	0	14	0	6.827	2.532	4.64	-4.066	10.396	-2.448	16.91	"2"
"消退"	1	0	0	0.488	0.181	0.331	0.312	-0.087	-0.175	0.574	"1"
"消除"	1	0	0	0.488	0.181	0.331	0.312	-0.087	-0.175	0.574	"1"
"涉足"	1	0	0	0.488	0.181	0.331	0.312	-0.087	-0.175	0.574	"1"
"淡化"	1	0	0	0.488	0.181	0.331	0.312	-0.087	-0.175	0.574	"1"
"深感"	0	0	1	0.488	0.181	0.331	-0.29	-0.087	0.48	0.857	"3"
"清楚"	1	0	0	0.488	0.181	0.331	0.312	-0.087	-0.175	0.574	"1"
"温室"	1	0	0	0.488	0.181	0.331	0.312	-0.087	-0.175	0.574	"1"
"温顺"	1	0	0	0.488	0.181	0.331	0.312	-0.087	-0.175	0.574	"1"
"港"	0	2	1	1.463	0.543	0.994	-0.871	1.064	0.154	2.089	"2"
"港澳"	0	0	3	1.463	0.543	0.994	-0.871	-0.26	1.439	2.57	"3"
"港股"	0	1	0	0.488	0.181	0.331	-0.29	0.743	-0.175	1.208	"2"
"游行"	0	0	2	0.975	0.362	0.663	-0.581	-0.173	0.959	1.713	"3"
"溏"	0	0	1	0.488	0.181	0.331	-0.29	-0.087	0.48	0.857	"3"
"滋扰"	0	0	1	0.488	0.181	0.331	-0.29	-0.087	0.48	0.857	"3"
"滋生"	1	0	0	0.488	0.181	0.331	0.312	-0.087	-0.175	0.574	"1"
"满足"	1	0	0	0.488	0.181	0.331	0.312	-0.087	-0.175	0.574	"1"
"演讲"	0	0	2	0.975	0.362	0.663	-0.581	-0.173	0.959	1.713	"3"
"澎湃"	1	0	0	0.488	0.181	0.331	0.312	-0.087	-0.175	0.574	"1"
"澳门"	0	1	5	2.926	1.085	1.989	-1.743	-0.154	1.76	3.657	"3"
"激进"	0	0	1	0.488	0.181	0.331	-0.29	-0.087	0.48	0.857	"3"
"火星"	1	0	0	0.488	0.181	0.331	0.312	-0.087	-0.175	0.574	"1"
"灾难"	2	0	0	0.975	0.362	0.663	0.624	-0.173	-0.35	1.147	"1"
"炼油厂"	0	0	1	0.488	0.181	0.331	-0.29	-0.087	0.48	0.857	"3"
"热心"	0	0	2	0.975	0.362	0.663	-0.581	-0.173	0.959	1.713	"3"
"热烈"	0	0	1	0.488	0.181	0.331	-0.29	-0.087	0.48	0.857	"3"
"热爱"	0	0	1	0.488	0.181	0.331	-0.29	-0.087	0.48	0.857	"3"
"焦点"	1	0	0	0.488	0.181	0.331	0.312	-0.087	-0.175	0.574	"1"
"爱"	2	0	0	0.975	0.362	0.663	0.624	-0.173	-0.35	1.147	"1"
"爱好"	0	0	1	0.488	0.181	0.331	-0.29	-0.087	0.48	0.857	"3"
"爱心"	0	0	1	0.488	0.181	0.331	-0.29	-0.087	0.48	0.857	"3"
"爱滋病"	1	0	0	0.488	0.181	0.331	0.312	-0.087	-0.175	0.574	"1"
"牙床骨"	1	0	0	0.488	0.181	0.331	0.312	-0.087	-0.175	0.574	"1"
"牛奶"	1	0	0	0.488	0.181	0.331	0.312	-0.087	-0.175	0.574	"1"
"牛脑"	1	0	0	0.488	0.181	0.331	0.312	-0.087	-0.175	0.574	"1"
"牢牢"	1	0	0	0.488	0.181	0.331	0.312	-0.087	-0.175	0.574	"1"
"物质"	3	0	0	1.463	0.543	0.994	0.936	-0.26	-0.525	1.721	"1"
"牵连"	0	0	2	0.975	0.362	0.663	-0.581	-0.173	0.959	1.713	"3"
"特定"	0	0	1	0.488	0.181	0.331	-0.29	-0.087	0.48	0.857	"3"
"特异"	0	0	1	0.488	0.181	0.331	-0.29	-0.087	0.48	0.857	"3"
"特效药"	1	0	0	0.488	0.181	0.331	0.312	-0.087	-0.175	0.574	"1"
"特殊"	1	0	0	0.488	0.181	0.331	0.312	-0.087	-0.175	0.574	"1"
"牺牲"	1	0	0	0.488	0.181	0.331	0.312	-0.087	-0.175	0.574	"1"
"狂欢"	0	0	1	0.488	0.181	0.331	-0.29	-0.087	0.48	0.857	"3"
"狂牛症"	1	0	0	0.488	0.181	0.331	0.312	-0.087	-0.175	0.574	"1"
"独立"	0	0	2	0.975	0.362	0.663	-0.581	-0.173	0.959	1.713	"3"
"猜测"	0	1	1	0.975	0.362	0.663	-0.581	0.483	0.257	1.321	"1"
"猪只"	1	0	0	0.488	0.181	0.331	0.312	-0.087	-0.175	0.574	"1"
"献策"	1	0	0	0.488	0.181	0.331	0.312	-0.087	-0.175	0.574	"1"
"猴子"	1	0	0	0.488	0.181	0.331	0.312	-0.087	-0.175	0.574	"1"
"环境"	4	0	0	1.951	0.724	1.326	1.248	-0.347	-0.699	2.294	"1"
"现在"	1	0	0	0.488	0.181	0.331	0.312	-0.087	-0.175	0.574	"1"
"珠峰"	1	0	0	0.488	0.181	0.331	0.312	-0.087	-0.175	0.574	"1"
"珠穆朗玛峰"	1	0	0	0.488	0.181	0.331	0.312	-0.087	-0.175	0.574	"1"
"理智"	1	0	0	0.488	0.181	0.331	0.312	-0.087	-0.175	0.574	"1"
"理解"	1	0	0	0.488	0.181	0.331	0.312	-0.087	-0.175	0.574	"1"
"理论"	1	0	0	0.488	0.181	0.331	0.312	-0.087	-0.175	0.574	"1"
"甚少"	1	0	0	0.488	0.181	0.331	0.312	-0.087	-0.175	0.574	"1"
"甚至"	1	0	0	0.488	0.181	0.331	0.312	-0.087	-0.175	0.574	"1"
"生命"	3	0	0	1.463	0.543	0.994	0.936	-0.26	-0.525	1.721	"1"
"生存"	1	0	0	0.488	0.181	0.331	0.312	-0.087	-0.175	0.574	"1"
"生态旅游"	0	0	1	0.488	0.181	0.331	-0.29	-0.087	0.48	0.857	"3"
"生死"	1	0	0	0.488	0.181	0.331	0.312	-0.087	-0.175	0.574	"1"
"生活"	9	0	0	4.389	1.628	2.983	2.807	-0.78	-1.574	5.161	"1"
"生物"	1	0	0	0.488	0.181	0.331	0.312	-0.087	-0.175	0.574	"1"
"生育"	1	0	0	0.488	0.181	0.331	0.312	-0.087	-0.175	0.574	"1"
"生路"	1	0	0	0.488	0.181	0.331	0.312	-0.087	-0.175	0.574	"1"
"用途"	1	0	0	0.488	0.181	0.331	0.312	-0.087	-0.175	0.574	"1"
"用餐"	1	0	0	0.488	0.181	0.331	0.312	-0.087	-0.175	0.574	"1"
"申报"	1	0	0	0.488	0.181	0.331	0.312	-0.087	-0.175	0.574	"1"
"界"	0	0	4	1.951	0.724	1.326	-1.162	-0.347	1.918	3.427	"3"
"界别"	0	1	0	0.488	0.181	0.331	-0.29	0.743	-0.175	1.208	"2"
"疑心"	1	0	0	0.488	0.181	0.331	0.312	-0.087	-0.175	0.574	"1"
"疫区"	0	0	2	0.975	0.362	0.663	-0.581	-0.173	0.959	1.713	"3"
"疾病"	4	0	0	1.951	0.724	1.326	1.248	-0.347	-0.699	2.294	"1"
"病"	2	0	0	0.975	0.362	0.663	0.624	-0.173	-0.35	1.147	"1"
"病变"	1	0	0	0.488	0.181	0.331	0.312	-0.087	-0.175	0.574	"1"
"病毒"	9	0	0	4.389	1.628	2.983	2.807	-0.78	-1.574	5.161	"1"
"症"	1	0	0	0.488	0.181	0.331	0.312	-0.087	-0.175	0.574	"1"
"瘟疫"	1	0	0	0.488	0.181	0.331	0.312	-0.087	-0.175	0.574	"1"
"登上"	2	0	0	0.975	0.362	0.663	0.624	-0.173	-0.35	1.147	"1"
"登陆"	1	0	0	0.488	0.181	0.331	0.312	-0.087	-0.175	0.574	"1"
"白领"	0	0	1	0.488	0.181	0.331	-0.29	-0.087	0.48	0.857	"3"
"百分之三十八"	0	0	1	0.488	0.181	0.331	-0.29	-0.087	0.48	0.857	"3"
"的"	2	0	0	0.975	0.362	0.663	0.624	-0.173	-0.35	1.147	"1"
"盐"	1	0	0	0.488	0.181	0.331	0.312	-0.087	-0.175	0.574	"1"
"盛夏"	1	0	0	0.488	0.181	0.331	0.312	-0.087	-0.175	0.574	"1"
"目光"	1	0	0	0.488	0.181	0.331	0.312	-0.087	-0.175	0.574	"1"
"目的"	1	0	0	0.488	0.181	0.331	0.312	-0.087	-0.175	0.574	"1"
"相似"	1	0	0	0.488	0.181	0.331	0.312	-0.087	-0.175	0.574	"1"
"相信"	3	1	0	1.951	0.724	1.326	0.531	0.26	-0.699	1.49	"3"
"相关"	0	3	3	2.926	1.085	1.989	-1.743	1.115	0.5	3.358	"1"
"相同"	1	0	0	0.488	0.181	0.331	0.312	-0.087	-0.175	0.574	"1"
"相待"	0	0	1	0.488	0.181	0.331	-0.29	-0.087	0.48	0.857	"3"
"相通"	1	0	0	0.488	0.181	0.331	0.312	-0.087	-0.175	0.574	"1"
"看出"	1	0	0	0.488	0.181	0.331	0.312	-0.087	-0.175	0.574	"1"
"看到"	3	0	0	1.463	0.543	0.994	0.936	-0.26	-0.525	1.721	"1"
"看好"	0	0	1	0.488	0.181	0.331	-0.29	-0.087	0.48	0.857	"3"
"看待"	3	0	0	1.463	0.543	0.994	0.936	-0.26	-0.525	1.721	"1"
"看法"	0	1	0	0.488	0.181	0.331	-0.29	0.743	-0.175	1.208	"2"
"真正"	1	0	0	0.488	0.181	0.331	0.312	-0.087	-0.175	0.574	"1"
"眼前"	1	0	0	0.488	0.181	0.331	0.312	-0.087	-0.175	0.574	"1"
"着"	2	0	0	0.975	0.362	0.663	0.624	-0.173	-0.35	1.147	"1"
"着名"	0	1	0	0.488	0.181	0.331	-0.29	0.743	-0.175	1.208	"2"
"知名"	0	0	5	2.438	0.904	1.657	-1.452	-0.433	2.398	4.283	"3"
"知道"	2	0	1	1.463	0.543	0.994	0.317	-0.26	0.154	0.731	"1"
"砍"	1	0	0	0.488	0.181	0.331	0.312	-0.087	-0.175	0.574	"1"
"研究"	7	0	0	3.414	1.266	2.32	2.183	-0.607	-1.224	4.014	"1"
"研究所"	1	0	0	0.488	0.181	0.331	0.312	-0.087	-0.175	0.574	"1"
"破坏性"	1	0	0	0.488	0.181	0.331	0.312	-0.087	-0.175	0.574	"1"
"示威"	0	0	2	0.975	0.362	0.663	-0.581	-0.173	0.959	1.713	"3"
"社会"	13	1	3	8.29	3.075	5.635	1.716	-0.796	-0.873	3.385	"1"
"神经"	1	0	0	0.488	0.181	0.331	0.312	-0.087	-0.175	0.574	"1"
"神经症状"	0	0	1	0.488	0.181	0.331	-0.29	-0.087	0.48	0.857	"3"
"禁止"	1	0	0	0.488	0.181	0.331	0.312	-0.087	-0.175	0.574	"1"
"福祉"	2	0	0	0.975	0.362	0.663	0.624	-0.173	-0.35	1.147	"1"
"福音"	1	0	0	0.488	0.181	0.331	0.312	-0.087	-0.175	0.574	"1"
"私利"	0	0	1	0.488	0.181	0.331	-0.29	-0.087	0.48	0.857	"3"
"秃头"	0	0	1	0.488	0.181	0.331	-0.29	-0.087	0.48	0.857	"3"
"种"	2	0	0	0.975	0.362	0.663	0.624	-0.173	-0.35	1.147	"1"
"科学"	4	0	0	1.951	0.724	1.326	1.248	-0.347	-0.699	2.294	"1"
"科学家"	2	0	0	0.975	0.362	0.663	0.624	-0.173	-0.35	1.147	"1"
"科技"	3	0	0	1.463	0.543	0.994	0.936	-0.26	-0.525	1.721	"1"
"科特迪瓦"	0	0	1	0.488	0.181	0.331	-0.29	-0.087	0.48	0.857	"3"
"积淀"	1	0	0	0.488	0.181	0.331	0.312	-0.087	-0.175	0.574	"1"
"称"	0	5	1	2.926	1.085	1.989	-1.743	3.006	-0.45	5.199	"2"
"称为"	1	0	0	0.488	0.181	0.331	0.312	-0.087	-0.175	0.574	"1"
"移植"	1	0	0	0.488	0.181	0.331	0.312	-0.087	-0.175	0.574	"1"
"程度"	1	0	0	0.488	0.181	0.331	0.312	-0.087	-0.175	0.574	"1"
"穿越"	1	0	0	0.488	0.181	0.331	0.312	-0.087	-0.175	0.574	"1"
"突破"	1	0	0	0.488	0.181	0.331	0.312	-0.087	-0.175	0.574	"1"
"立克"	0	0	1	0.488	0.181	0.331	-0.29	-0.087	0.48	0.857	"3"
"等待"	1	0	0	0.488	0.181	0.331	0.312	-0.087	-0.175	0.574	"1"
"策动"	0	1	0	0.488	0.181	0.331	-0.29	0.743	-0.175	1.208	"2"
"篇"	1	0	0	0.488	0.181	0.331	0.312	-0.087	-0.175	0.574	"1"
"篇章"	1	0	0	0.488	0.181	0.331	0.312	-0.087	-0.175	0.574	"1"
"籍"	0	0	1	0.488	0.181	0.331	-0.29	-0.087	0.48	0.857	"3"
"粤剧"	1	0	0	0.488	0.181	0.331	0.312	-0.087	-0.175	0.574	"1"
"粤港"	0	1	0	0.488	0.181	0.331	-0.29	0.743	-0.175	1.208	"2"
"精神"	1	0	0	0.488	0.181	0.331	0.312	-0.087	-0.175	0.574	"1"
"糖尿病"	1	0	0	0.488	0.181	0.331	0.312	-0.087	-0.175	0.574	"1"
"系"	1	0	0	0.488	0.181	0.331	0.312	-0.087	-0.175	0.574	"1"
"繁荣"	1	0	0	0.488	0.181	0.331	0.312	-0.087	-0.175	0.574	"1"
"纪录片"	1	0	0	0.488	0.181	0.331	0.312	-0.087	-0.175	0.574	"1"
"纪念"	1	0	0	0.488	0.181	0.331	0.312	-0.087	-0.175	0.574	"1"
"纷纷"	2	0	2	1.951	0.724	1.326	0.175	-0.347	0.394	0.916	"3"
"纷飞"	1	0	0	0.488	0.181	0.331	0.312	-0.087	-0.175	0.574	"1"
"组成"	0	0	2	0.975	0.362	0.663	-0.581	-0.173	0.959	1.713	"3"
"细胞"	1	0	0	0.488	0.181	0.331	0.312	-0.087	-0.175	0.574	"1"
"细菌"	1	0	0	0.488	0.181	0.331	0.312	-0.087	-0.175	0.574	"1"
"绍"	0	1	0	0.488	0.181	0.331	-0.29	0.743	-0.175	1.208	"2"
"经典"	1	0	0	0.488	0.181	0.331	0.312	-0.087	-0.175	0.574	"1"
"经历"	1	0	0	0.488	0.181	0.331	0.312	-0.087	-0.175	0.574	"1"
"经济界"	0	3	0	1.463	0.543	0.994	-0.871	2.228	-0.525	3.624	"2"
"结晶"	1	0	0	0.488	0.181	0.331	0.312	-0.087	-0.175	0.574	"1"
"绘"	1	0	0	0.488	0.181	0.331	0.312	-0.087	-0.175	0.574	"1"
"给"	8	0	0	3.901	1.447	2.652	2.495	-0.693	-1.399	4.587	"1"
"维文"	1	0	0	0.488	0.181	0.331	0.312	-0.087	-0.175	0.574	"1"
"编造"	1	0	0	0.488	0.181	0.331	0.312	-0.087	-0.175	0.574	"1"
"网路店"	0	0	1	0.488	0.181	0.331	-0.29	-0.087	0.48	0.857	"3"
"罗布泊"	1	0	0	0.488	0.181	0.331	0.312	-0.087	-0.175	0.574	"1"
"美国商"	0	1	0	0.488	0.181	0.331	-0.29	0.743	-0.175	1.208	"2"
"美好"	1	0	0	0.488	0.181	0.331	0.312	-0.087	-0.175	0.574	"1"
"美学"	0	0	1	0.488	0.181	0.331	-0.29	-0.087	0.48	0.857	"3"
"美容院"	0	0	1	0.488	0.181	0.331	-0.29	-0.087	0.48	0.857	"3"
"群"	0	0	1	0.488	0.181	0.331	-0.29	-0.087	0.48	0.857	"3"
"老鼠"	1	0	0	0.488	0.181	0.331	0.312	-0.087	-0.175	0.574	"1"
"联"	0	0	1	0.488	0.181	0.331	-0.29	-0.087	0.48	0.857	"3"
"联储"	1	0	0	0.488	0.181	0.331	0.312	-0.087	-0.175	0.574	"1"
"聚"	0	0	1	0.488	0.181	0.331	-0.29	-0.087	0.48	0.857	"3"
"聚焦"	1	0	0	0.488	0.181	0.331	0.312	-0.087	-0.175	0.574	"1"
"肥胖"	0	1	0	0.488	0.181	0.331	-0.29	0.743	-0.175	1.208	"2"
"肺炎"	3	0	0	1.463	0.543	0.994	0.936	-0.26	-0.525	1.721	"1"
"胃寒"	0	0	2	0.975	0.362	0.663	-0.581	-0.173	0.959	1.713	"3"
"胎"	1	0	0	0.488	0.181	0.331	0.312	-0.087	-0.175	0.574	"1"
"胚"	1	0	0	0.488	0.181	0.331	0.312	-0.087	-0.175	0.574	"1"
"胚胎"	2	0	0	0.975	0.362	0.663	0.624	-0.173	-0.35	1.147	"1"
"胶"	1	0	0	0.488	0.181	0.331	0.312	-0.087	-0.175	0.574	"1"
"能够"	6	0	0	2.926	1.085	1.989	1.871	-0.52	-1.049	3.44	"1"
"脑海"	1	0	0	0.488	0.181	0.331	0.312	-0.087	-0.175	0.574	"1"
"脑部"	2	0	0	0.975	0.362	0.663	0.624	-0.173	-0.35	1.147	"1"
"脚掌"	1	0	0	0.488	0.181	0.331	0.312	-0.087	-0.175	0.574	"1"
"脚步"	1	0	0	0.488	0.181	0.331	0.312	-0.087	-0.175	0.574	"1"
"脱"	1	0	0	0.488	0.181	0.331	0.312	-0.087	-0.175	0.574	"1"
"脾"	0	0	1	0.488	0.181	0.331	-0.29	-0.087	0.48	0.857	"3"
"腹腔"	0	1	0	0.488	0.181	0.331	-0.29	0.743	-0.175	1.208	"2"
"自然"	4	0	0	1.951	0.724	1.326	1.248	-0.347	-0.699	2.294	"1"
"自觉"	1	0	0	0.488	0.181	0.331	0.312	-0.087	-0.175	0.574	"1"
"自身"	1	0	0	0.488	0.181	0.331	0.312	-0.087	-0.175	0.574	"1"
"至极"	0	0	1	0.488	0.181	0.331	-0.29	-0.087	0.48	0.857	"3"
"致命"	1	0	0	0.488	0.181	0.331	0.312	-0.087	-0.175	0.574	"1"
"航天"	1	0	0	0.488	0.181	0.331	0.312	-0.087	-0.175	0.574	"1"
"航道局"	0	1	0	0.488	0.181	0.331	-0.29	0.743	-0.175	1.208	"2"
"良知"	1	0	0	0.488	0.181	0.331	0.312	-0.087	-0.175	0.574	"1"
"艺文"	0	0	1	0.488	0.181	0.331	-0.29	-0.087	0.48	0.857	"3"
"艺文界"	0	0	1	0.488	0.181	0.331	-0.29	-0.087	0.48	0.857	"3"
"艺术界"	0	0	1	0.488	0.181	0.331	-0.29	-0.087	0.48	0.857	"3"
"艾滋病"	1	0	0	0.488	0.181	0.331	0.312	-0.087	-0.175	0.574	"1"
"苏南成"	0	0	1	0.488	0.181	0.331	-0.29	-0.087	0.48	0.857	"3"
"若要"	0	1	0	0.488	0.181	0.331	-0.29	0.743	-0.175	1.208	"2"
"茶叶"	2	0	0	0.975	0.362	0.663	0.624	-0.173	-0.35	1.147	"1"
"茹"	1	0	0	0.488	0.181	0.331	0.312	-0.087	-0.175	0.574	"1"
"草图"	1	0	0	0.488	0.181	0.331	0.312	-0.087	-0.175	0.574	"1"
"药方"	1	0	0	0.488	0.181	0.331	0.312	-0.087	-0.175	0.574	"1"
"药材"	1	0	0	0.488	0.181	0.331	0.312	-0.087	-0.175	0.574	"1"
"莫衷一是"	0	1	0	0.488	0.181	0.331	-0.29	0.743	-0.175	1.208	"2"
"获奖者"	0	2	0	0.975	0.362	0.663	-0.581	1.485	-0.35	2.416	"2"
"著作"	1	0	0	0.488	0.181	0.331	0.312	-0.087	-0.175	0.574	"1"
"虎豹"	0	1	0	0.488	0.181	0.331	-0.29	0.743	-0.175	1.208	"2"
"虔诚"	1	0	0	0.488	0.181	0.331	0.312	-0.087	-0.175	0.574	"1"
"虚伪"	1	0	0	0.488	0.181	0.331	0.312	-0.087	-0.175	0.574	"1"
"血本性"	1	0	0	0.488	0.181	0.331	0.312	-0.087	-0.175	0.574	"1"
"行业"	0	2	0	0.975	0.362	0.663	-0.581	1.485	-0.35	2.416	"2"
"表现出"	1	0	0	0.488	0.181	0.331	0.312	-0.087	-0.175	0.574	"1"
"表示"	0	4	8	5.852	2.171	3.977	-3.485	0.803	1.742	6.03	"1"
"表达"	1	0	0	0.488	0.181	0.331	0.312	-0.087	-0.175	0.574	"1"
"被捕"	0	0	1	0.488	0.181	0.331	-0.29	-0.087	0.48	0.857	"3"
"裁示"	0	0	1	0.488	0.181	0.331	-0.29	-0.087	0.48	0.857	"3"
"要不是"	1	0	0	0.488	0.181	0.331	0.312	-0.087	-0.175	0.574	"1"
"观"	1	0	0	0.488	0.181	0.331	0.312	-0.087	-0.175	0.574	"1"
"观光"	0	0	2	0.975	0.362	0.663	-0.581	-0.173	0.959	1.713	"3"
"观察"	2	0	0	0.975	0.362	0.663	0.624	-0.173	-0.35	1.147	"1"
"观念"	1	0	0	0.488	0.181	0.331	0.312	-0.087	-0.175	0.574	"1"
"观赏"	0	0	1	0.488	0.181	0.331	-0.29	-0.087	0.48	0.857	"3"
"观鸟"	0	0	1	0.488	0.181	0.331	-0.29	-0.087	0.48	0.857	"3"
"视像"	1	0	0	0.488	0.181	0.331	0.312	-0.087	-0.175	0.574	"1"
"视线"	1	0	0	0.488	0.181	0.331	0.312	-0.087	-0.175	0.574	"1"
"视野"	2	0	0	0.975	0.362	0.663	0.624	-0.173	-0.35	1.147	"1"
"解答"	0	1	0	0.488	0.181	0.331	-0.29	0.743	-0.175	1.208	"2"
"警报"	1	0	0	0.488	0.181	0.331	0.312	-0.087	-0.175	0.574	"1"
"认为"	1	30	3	16.581	6.15	11.269	-8.352	17.946	-2.999	29.297	"2"
"认识"	2	0	0	0.975	0.362	0.663	0.624	-0.173	-0.35	1.147	"1"
"认识到"	1	0	0	0.488	0.181	0.331	0.312	-0.087	-0.175	0.574	"1"
"让"	7	0	0	3.414	1.266	2.32	2.183	-0.607	-1.224	4.014	"1"
"议论"	1	0	0	0.488	0.181	0.331	0.312	-0.087	-0.175	0.574	"1"
"讯息"	0	1	0	0.488	0.181	0.331	-0.29	0.743	-0.175	1.208	"2"
"记得"	1	0	0	0.488	0.181	0.331	0.312	-0.087	-0.175	0.574	"1"
"讲授"	0	0	1	0.488	0.181	0.331	-0.29	-0.087	0.48	0.857	"3"
"许多"	0	1	0	0.488	0.181	0.331	-0.29	0.743	-0.175	1.208	"2"
"许山野"	0	0	1	0.488	0.181	0.331	-0.29	-0.087	0.48	0.857	"3"
"访谈"	0	0	1	0.488	0.181	0.331	-0.29	-0.087	0.48	0.857	"3"
"访问团"	0	0	1	0.488	0.181	0.331	-0.29	-0.087	0.48	0.857	"3"
"证实"	0	1	1	0.975	0.362	0.663	-0.581	0.483	0.257	1.321	"1"
"证监会"	0	1	0	0.488	0.181	0.331	-0.29	0.743	-0.175	1.208	"2"
"评价"	0	1	0	0.488	0.181	0.331	-0.29	0.743	-0.175	1.208	"2"
"评论"	0	0	1	0.488	0.181	0.331	-0.29	-0.087	0.48	0.857	"3"
"诉求"	0	0	1	0.488	0.181	0.331	-0.29	-0.087	0.48	0.857	"3"
"试车"	0	1	0	0.488	0.181	0.331	-0.29	0.743	-0.175	1.208	"2"
"试飞"	1	0	0	0.488	0.181	0.331	0.312	-0.087	-0.175	0.574	"1"
"试验"	1	0	0	0.488	0.181	0.331	0.312	-0.087	-0.175	0.574	"1"
"话"	0	0	1	0.488	0.181	0.331	-0.29	-0.087	0.48	0.857	"3"
"话说"	0	3	0	1.463	0.543	0.994	-0.871	2.228	-0.525	3.624	"2"
"话音"	1	0	0	0.488	0.181	0.331	0.312	-0.087	-0.175	0.574	"1"
"诡"	0	0	1	0.488	0.181	0.331	-0.29	-0.087	0.48	0.857	"3"
"语言"	1	0	0	0.488	0.181	0.331	0.312	-0.087	-0.175	0.574	"1"
"诱骗"	1	0	0	0.488	0.181	0.331	0.312	-0.087	-0.175	0.574	"1"
"请愿"	0	0	1	0.488	0.181	0.331	-0.29	-0.087	0.48	0.857	"3"
"诸如"	1	0	0	0.488	0.181	0.331	0.312	-0.087	-0.175	0.574	"1"
"谈论"	1	0	0	0.488	0.181	0.331	0.312	-0.087	-0.175	0.574	"1"
"谭咏麟"	0	0	1	0.488	0.181	0.331	-0.29	-0.087	0.48	0.857	"3"
"负担"	1	0	0	0.488	0.181	0.331	0.312	-0.087	-0.175	0.574	"1"
"负担得起"	1	0	0	0.488	0.181	0.331	0.312	-0.087	-0.175	0.574	"1"
"负责任"	1	0	0	0.488	0.181	0.331	0.312	-0.087	-0.175	0.574	"1"
"贫铀弹"	1	0	0	0.488	0.181	0.331	0.312	-0.087	-0.175	0.574	"1"
"购买"	2	0	0	0.975	0.362	0.663	0.624	-0.173	-0.35	1.147	"1"
"购物"	2	0	0	0.975	0.362	0.663	0.624	-0.173	-0.35	1.147	"1"
"购票"	1	0	0	0.488	0.181	0.331	0.312	-0.087	-0.175	0.574	"1"
"贾庆林"	0	0	1	0.488	0.181	0.331	-0.29	-0.087	0.48	0.857	"3"
"赌注"	1	0	0	0.488	0.181	0.331	0.312	-0.087	-0.175	0.574	"1"
"赞美"	1	0	0	0.488	0.181	0.331	0.312	-0.087	-0.175	0.574	"1"
"赢取"	1	0	0	0.488	0.181	0.331	0.312	-0.087	-0.175	0.574	"1"
"走出"	2	0	0	0.975	0.362	0.663	0.624	-0.173	-0.35	1.147	"1"
"赵紫阳"	0	1	0	0.488	0.181	0.331	-0.29	0.743	-0.175	1.208	"2"
"赶着"	0	0	1	0.488	0.181	0.331	-0.29	-0.087	0.48	0.857	"3"
"起码"	1	0	0	0.488	0.181	0.331	0.312	-0.087	-0.175	0.574	"1"
"超出"	1	0	0	0.488	0.181	0.331	0.312	-0.087	-0.175	0.574	"1"
"越"	1	0	0	0.488	0.181	0.331	0.312	-0.087	-0.175	0.574	"1"
"越来越"	1	0	0	0.488	0.181	0.331	0.312	-0.087	-0.175	0.574	"1"
"趋"	1	0	0	0.488	0.181	0.331	0.312	-0.087	-0.175	0.574	"1"
"跃高"	0	1	0	0.488	0.181	0.331	-0.29	0.743	-0.175	1.208	"2"
"跌下"	0	0	1	0.488	0.181	0.331	-0.29	-0.087	0.48	0.857	"3"
"跌宕"	1	0	0	0.488	0.181	0.331	0.312	-0.087	-0.175	0.574	"1"
"身份"	0	0	2	0.975	0.362	0.663	-0.581	-0.173	0.959	1.713	"3"
"身体"	1	0	0	0.488	0.181	0.331	0.312	-0.087	-0.175	0.574	"1"
"转基因"	1	0	0	0.488	0.181	0.331	0.312	-0.087	-0.175	0.574	"1"
"转租"	0	0	1	0.488	0.181	0.331	-0.29	-0.087	0.48	0.857	"3"
"转移到"	1	0	0	0.488	0.181	0.331	0.312	-0.087	-0.175	0.574	"1"
"载人"	2	0	0	0.975	0.362	0.663	0.624	-0.173	-0.35	1.147	"1"
"输血"	1	0	0	0.488	0.181	0.331	0.312	-0.087	-0.175	0.574	"1"
"迁移"	1	0	0	0.488	0.181	0.331	0.312	-0.087	-0.175	0.574	"1"
"过去"	2	0	0	0.975	0.362	0.663	0.624	-0.173	-0.35	1.147	"1"
"过敏"	2	0	0	0.975	0.362	0.663	0.624	-0.173	-0.35	1.147	"1"
"这里"	2	0	0	0.975	0.362	0.663	0.624	-0.173	-0.35	1.147	"1"
"进军"	1	0	0	0.488	0.181	0.331	0.312	-0.087	-0.175	0.574	"1"
"进出"	2	0	1	1.463	0.543	0.994	0.317	-0.26	0.154	0.731	"1"
"进化"	1	0	0	0.488	0.181	0.331	0.312	-0.087	-0.175	0.574	"1"
"进来"	1	0	0	0.488	0.181	0.331	0.312	-0.087	-0.175	0.574	"1"
"进步"	3	0	0	1.463	0.543	0.994	0.936	-0.26	-0.525	1.721	"1"
"进步党"	0	0	1	0.488	0.181	0.331	-0.29	-0.087	0.48	0.857	"3"
"追求"	1	0	0	0.488	0.181	0.331	0.312	-0.087	-0.175	0.574	"1"
"退休"	0	0	2	0.975	0.362	0.663	-0.581	-0.173	0.959	1.713	"3"
"选择"	1	0	0	0.488	0.181	0.331	0.312	-0.087	-0.175	0.574	"1"
"透出"	1	0	0	0.488	0.181	0.331	0.312	-0.087	-0.175	0.574	"1"
"透露"	0	11	0	5.364	1.99	3.646	-3.195	8.169	-1.924	13.288	"2"
"逐渐"	1	0	0	0.488	0.181	0.331	0.312	-0.087	-0.175	0.574	"1"
"途径"	1	0	0	0.488	0.181	0.331	0.312	-0.087	-0.175	0.574	"1"
"通报"	0	0	1	0.488	0.181	0.331	-0.29	-0.087	0.48	0.857	"3"
"通晓"	0	0	1	0.488	0.181	0.331	-0.29	-0.087	0.48	0.857	"3"
"通路商"	0	0	1	0.488	0.181	0.331	-0.29	-0.087	0.48	0.857	"3"
"逛"	2	0	0	0.975	0.362	0.663	0.624	-0.173	-0.35	1.147	"1"
"造成"	2	0	0	0.975	0.362	0.663	0.624	-0.173	-0.35	1.147	"1"
"遏制"	1	0	0	0.488	0.181	0.331	0.312	-0.087	-0.175	0.574	"1"
"道德"	1	0	0	0.488	0.181	0.331	0.312	-0.087	-0.175	0.574	"1"
"道理"	1	0	0	0.488	0.181	0.331	0.312	-0.087	-0.175	0.574	"1"
"遗产"	1	0	0	0.488	0.181	0.331	0.312	-0.087	-0.175	0.574	"1"
"遣返"	0	0	1	0.488	0.181	0.331	-0.29	-0.087	0.48	0.857	"3"
"邀"	0	0	1	0.488	0.181	0.331	-0.29	-0.087	0.48	0.857	"3"
"邀请"	0	0	5	2.438	0.904	1.657	-1.452	-0.433	2.398	4.283	"3"
"邀集"	0	0	1	0.488	0.181	0.331	-0.29	-0.087	0.48	0.857	"3"
"那里"	1	0	0	0.488	0.181	0.331	0.312	-0.087	-0.175	0.574	"1"
"邦交国"	0	1	0	0.488	0.181	0.331	-0.29	0.743	-0.175	1.208	"2"
"郑端耀"	0	1	0	0.488	0.181	0.331	-0.29	0.743	-0.175	1.208	"2"
"郝柏村"	0	2	0	0.975	0.362	0.663	-0.581	1.485	-0.35	2.416	"2"
"部份"	0	0	1	0.488	0.181	0.331	-0.29	-0.087	0.48	0.857	"3"
"部分"	0	3	2	2.438	0.904	1.657	-1.452	1.354	0.271	3.077	"1"
"酒会"	0	0	1	0.488	0.181	0.331	-0.29	-0.087	0.48	0.857	"3"
"酶"	1	0	0	0.488	0.181	0.331	0.312	-0.087	-0.175	0.574	"1"
"释放"	0	1	1	0.975	0.362	0.663	-0.581	0.483	0.257	1.321	"1"
"释法"	0	0	1	0.488	0.181	0.331	-0.29	-0.087	0.48	0.857	"3"
"重要信"	1	0	0	0.488	0.181	0.331	0.312	-0.087	-0.175	0.574	"1"
"野"	1	0	0	0.488	0.181	0.331	0.312	-0.087	-0.175	0.574	"1"
"量身"	1	0	0	0.488	0.181	0.331	0.312	-0.087	-0.175	0.574	"1"
"金融界"	0	1	0	0.488	0.181	0.331	-0.29	0.743	-0.175	1.208	"2"
"铁路部"	0	0	1	0.488	0.181	0.331	-0.29	-0.087	0.48	0.857	"3"
"银杏"	1	0	0	0.488	0.181	0.331	0.312	-0.087	-0.175	0.574	"1"
"银行界"	0	0	1	0.488	0.181	0.331	-0.29	-0.087	0.48	0.857	"3"
"银行股"	0	1	0	0.488	0.181	0.331	-0.29	0.743	-0.175	1.208	"2"
"镇压"	0	0	1	0.488	0.181	0.331	-0.29	-0.087	0.48	0.857	"3"
"长久"	1	0	0	0.488	0.181	0.331	0.312	-0.087	-0.175	0.574	"1"
"长住"	0	0	1	0.488	0.181	0.331	-0.29	-0.087	0.48	0.857	"3"
"间"	0	4	0	1.951	0.724	1.326	-1.162	2.97	-0.699	4.831	"2"
"间有"	0	0	1	0.488	0.181	0.331	-0.29	-0.087	0.48	0.857	"3"
"阐释"	1	0	0	0.488	0.181	0.331	0.312	-0.087	-0.175	0.574	"1"
"阻隔"	1	0	0	0.488	0.181	0.331	0.312	-0.087	-0.175	0.574	"1"
"阿诺"	0	0	1	0.488	0.181	0.331	-0.29	-0.087	0.48	0.857	"3"
"陆"	0	0	1	0.488	0.181	0.331	-0.29	-0.087	0.48	0.857	"3"
"陈永栽"	0	1	0	0.488	0.181	0.331	-0.29	0.743	-0.175	1.208	"2"
"限度"	1	0	0	0.488	0.181	0.331	0.312	-0.087	-0.175	0.574	"1"
"院士"	1	0	0	0.488	0.181	0.331	0.312	-0.087	-0.175	0.574	"1"
"随地"	1	0	0	0.488	0.181	0.331	0.312	-0.087	-0.175	0.574	"1"
"随着"	2	0	0	0.975	0.362	0.663	0.624	-0.173	-0.35	1.147	"1"
"隔空"	0	0	1	0.488	0.181	0.331	-0.29	-0.087	0.48	0.857	"3"
"障碍"	0	0	1	0.488	0.181	0.331	-0.29	-0.087	0.48	0.857	"3"
"集会"	0	0	1	0.488	0.181	0.331	-0.29	-0.087	0.48	0.857	"3"
"需求"	1	0	0	0.488	0.181	0.331	0.312	-0.087	-0.175	0.574	"1"
"青瓦台"	0	1	0	0.488	0.181	0.331	-0.29	0.743	-0.175	1.208	"2"
"青睐"	2	0	0	0.975	0.362	0.663	0.624	-0.173	-0.35	1.147	"1"
"非"	2	0	0	0.975	0.362	0.663	0.624	-0.173	-0.35	1.147	"1"
"非典"	4	0	0	1.951	0.724	1.326	1.248	-0.347	-0.699	2.294	"1"
"非常时期"	1	0	0	0.488	0.181	0.331	0.312	-0.087	-0.175	0.574	"1"
"面临"	3	0	0	1.463	0.543	0.994	0.936	-0.26	-0.525	1.721	"1"
"面对"	2	0	0	0.975	0.362	0.663	0.624	-0.173	-0.35	1.147	"1"
"韦德"	0	0	1	0.488	0.181	0.331	-0.29	-0.087	0.48	0.857	"3"
"音乐界"	0	0	1	0.488	0.181	0.331	-0.29	-0.087	0.48	0.857	"3"
"顾客群"	0	0	1	0.488	0.181	0.331	-0.29	-0.087	0.48	0.857	"3"
"预料"	1	0	0	0.488	0.181	0.331	0.312	-0.087	-0.175	0.574	"1"
"预料到"	1	0	0	0.488	0.181	0.331	0.312	-0.087	-0.175	0.574	"1"
"预测"	1	2	1	1.951	0.724	1.326	-0.48	0.818	-0.225	1.523	"2"
"预防"	1	0	0	0.488	0.181	0.331	0.312	-0.087	-0.175	0.574	"1"
"题"	1	0	0	0.488	0.181	0.331	0.312	-0.087	-0.175	0.574	"1"
"食用"	1	0	0	0.488	0.181	0.331	0.312	-0.087	-0.175	0.574	"1"
"食肆"	0	1	0	0.488	0.181	0.331	-0.29	0.743	-0.175	1.208	"2"
"餐会"	0	0	1	0.488	0.181	0.331	-0.29	-0.087	0.48	0.857	"3"
"饮酒"	1	0	0	0.488	0.181	0.331	0.312	-0.087	-0.175	0.574	"1"
"首选地"	0	1	0	0.488	0.181	0.331	-0.29	0.743	-0.175	1.208	"2"
"香口"	1	0	0	0.488	0.181	0.331	0.312	-0.087	-0.175	0.574	"1"
"香港"	0	8	8	7.803	2.894	5.303	-4.647	2.434	0.91	7.991	"1"
"马来"	0	0	1	0.488	0.181	0.331	-0.29	-0.087	0.48	0.857	"3"
"驻华"	0	0	1	0.488	0.181	0.331	-0.29	-0.087	0.48	0.857	"3"
"驻澳"	0	0	1	0.488	0.181	0.331	-0.29	-0.087	0.48	0.857	"3"
"驾车"	1	0	0	0.488	0.181	0.331	0.312	-0.087	-0.175	0.574	"1"
"骗子"	1	0	0	0.488	0.181	0.331	0.312	-0.087	-0.175	0.574	"1"
"骨头"	1	0	0	0.488	0.181	0.331	0.312	-0.087	-0.175	0.574	"1"
"高层"	0	7	0	3.414	1.266	2.32	-2.033	5.198	-1.224	8.455	"2"
"高山"	1	0	0	0.488	0.181	0.331	0.312	-0.087	-0.175	0.574	"1"
"高消费"	0	0	1	0.488	0.181	0.331	-0.29	-0.087	0.48	0.857	"3"
"高薪"	0	0	1	0.488	0.181	0.331	-0.29	-0.087	0.48	0.857	"3"
"高龄"	0	0	1	0.488	0.181	0.331	-0.29	-0.087	0.48	0.857	"3"
"魁北克"	0	1	0	0.488	0.181	0.331	-0.29	0.743	-0.175	1.208	"2"
"鲜血"	1	0	0	0.488	0.181	0.331	0.312	-0.087	-0.175	0.574	"1"
"麦当劳"	1	0	0	0.488	0.181	0.331	0.312	-0.087	-0.175	0.574	"1"
"麻州"	0	0	1	0.488	0.181	0.331	-0.29	-0.087	0.48	0.857	"3"
"黄信介"	0	0	1	0.488	0.181	0.331	-0.29	-0.087	0.48	0.857	"3"
"黄昏"	1	0	0	0.488	0.181	0.331	0.312	-0.087	-0.175	0.574	"1"
"黄鸿年"	0	1	0	0.488	0.181	0.331	-0.29	0.743	-0.175	1.208	"2"
"黑枕"	0	1	0	0.488	0.181	0.331	-0.29	0.743	-0.175	1.208	"2"
"黑格"	1	0	0	0.488	0.181	0.331	0.312	-0.087	-0.175	0.574	"1"
"黑猩猩"	2	0	0	0.975	0.362	0.663	0.624	-0.173	-0.35	1.147	"1"
"鼓励"	2	0	0	0.975	0.362	0.663	0.624	-0.173	-0.35	1.147	"1"
"鼓掌"	0	0	1	0.488	0.181	0.331	-0.29	-0.087	0.48	0.857	"3"
"龄"	1	0	0	0.488	0.181	0.331	0.312	-0.087	-0.175	0.574	"1"
