"Coll_Word"	"1"	"2"	"3"	"4"	"exp_1"	"exp_2"	"exp_3"	"exp_4"	"pbin_1"	"pbin_2"	"pbin_3"	"pbin_4"	"SumAbsDev"	"LargestDev"
"1000"	0	1	0	0	0.231	0.357	0.043	0.369	-0.114	0.448	-0.019	-0.2	0.781	"2"
"14分"	0	0	1	0	0.231	0.357	0.043	0.369	-0.114	-0.192	1.362	-0.2	1.868	"3"
"1500"	0	1	0	0	0.231	0.357	0.043	0.369	-0.114	0.448	-0.019	-0.2	0.781	"2"
"1500多"	0	1	0	0	0.231	0.357	0.043	0.369	-0.114	0.448	-0.019	-0.2	0.781	"2"
"1800万"	0	1	0	0	0.231	0.357	0.043	0.369	-0.114	0.448	-0.019	-0.2	0.781	"2"
"20世纪"	0	0	0	2	0.462	0.713	0.087	0.738	-0.228	-0.383	-0.039	0.866	1.516	"4"
"300"	0	1	0	0	0.231	0.357	0.043	0.369	-0.114	0.448	-0.019	-0.2	0.781	"2"
"300万"	0	1	0	0	0.231	0.357	0.043	0.369	-0.114	0.448	-0.019	-0.2	0.781	"2"
"3248"	0	2	0	0	0.462	0.713	0.087	0.738	-0.228	0.896	-0.039	-0.4	1.563	"2"
"3260"	0	1	0	0	0.231	0.357	0.043	0.369	-0.114	0.448	-0.019	-0.2	0.781	"2"
"34"	0	1	0	0	0.231	0.357	0.043	0.369	-0.114	0.448	-0.019	-0.2	0.781	"2"
"3万"	0	1	0	0	0.231	0.357	0.043	0.369	-0.114	0.448	-0.019	-0.2	0.781	"2"
"43"	0	0	0	1	0.231	0.357	0.043	0.369	-0.114	-0.192	-0.019	0.433	0.758	"4"
"580"	0	1	0	0	0.231	0.357	0.043	0.369	-0.114	0.448	-0.019	-0.2	0.781	"2"
"6.3"	1	0	0	0	0.231	0.357	0.043	0.369	0.636	-0.192	-0.019	-0.2	1.047	"1"
"690万"	0	1	0	0	0.231	0.357	0.043	0.369	-0.114	0.448	-0.019	-0.2	0.781	"2"
"700万"	0	1	0	0	0.231	0.357	0.043	0.369	-0.114	0.448	-0.019	-0.2	0.781	"2"
"800"	0	1	0	0	0.231	0.357	0.043	0.369	-0.114	0.448	-0.019	-0.2	0.781	"2"
"80多"	0	1	0	0	0.231	0.357	0.043	0.369	-0.114	0.448	-0.019	-0.2	0.781	"2"
"891011"	0	1	0	0	0.231	0.357	0.043	0.369	-0.114	0.448	-0.019	-0.2	0.781	"2"
"C"	1	0	0	0	0.231	0.357	0.043	0.369	0.636	-0.192	-0.019	-0.2	1.047	"1"
"DDR"	0	0	1	0	0.231	0.357	0.043	0.369	-0.114	-0.192	1.362	-0.2	1.868	"3"
"DNA"	0	1	0	0	0.231	0.357	0.043	0.369	-0.114	0.448	-0.019	-0.2	0.781	"2"
"ICRA2003(IEEE"	0	0	1	0	0.231	0.357	0.043	0.369	-0.114	-0.192	1.362	-0.2	1.868	"3"
"RealMadrid"	1	0	0	0	0.231	0.357	0.043	0.369	0.636	-0.192	-0.019	-0.2	1.047	"1"
"Slim"	0	1	0	0	0.231	0.357	0.043	0.369	-0.114	0.448	-0.019	-0.2	0.781	"2"
"SOGO"	1	0	0	0	0.231	0.357	0.043	0.369	0.636	-0.192	-0.019	-0.2	1.047	"1"
"WHA"	1	0	0	0	0.231	0.357	0.043	0.369	0.636	-0.192	-0.019	-0.2	1.047	"1"
"一万五千"	0	1	0	0	0.231	0.357	0.043	0.369	-0.114	0.448	-0.019	-0.2	0.781	"2"
"一九七五年"	1	0	0	0	0.231	0.357	0.043	0.369	0.636	-0.192	-0.019	-0.2	1.047	"1"
"一九八九年"	1	0	0	1	0.462	0.713	0.087	0.738	0.389	-0.383	-0.039	0.221	1.032	"1"
"一九六三年"	1	0	0	0	0.231	0.357	0.043	0.369	0.636	-0.192	-0.019	-0.2	1.047	"1"
"一再"	0	1	0	0	0.231	0.357	0.043	0.369	-0.114	0.448	-0.019	-0.2	0.781	"2"
"一定"	0	0	0	2	0.462	0.713	0.087	0.738	-0.228	-0.383	-0.039	0.866	1.516	"4"
"一流"	0	0	0	1	0.231	0.357	0.043	0.369	-0.114	-0.192	-0.019	0.433	0.758	"4"
"一直"	0	0	6	1	1.618	2.496	0.304	2.582	-0.799	-1.341	7.341	-0.692	10.173	"3"
"七万二千五百"	0	1	0	0	0.231	0.357	0.043	0.369	-0.114	0.448	-0.019	-0.2	0.781	"2"
"万"	0	1	0	0	0.231	0.357	0.043	0.369	-0.114	0.448	-0.019	-0.2	0.781	"2"
"三军"	1	0	0	0	0.231	0.357	0.043	0.369	0.636	-0.192	-0.019	-0.2	1.047	"1"
"三分之二"	0	1	0	0	0.231	0.357	0.043	0.369	-0.114	0.448	-0.019	-0.2	0.781	"2"
"三十万"	0	1	0	0	0.231	0.357	0.043	0.369	-0.114	0.448	-0.019	-0.2	0.781	"2"
"三国"	1	0	0	0	0.231	0.357	0.043	0.369	0.636	-0.192	-0.019	-0.2	1.047	"1"
"三角"	0	0	0	1	0.231	0.357	0.043	0.369	-0.114	-0.192	-0.019	0.433	0.758	"4"
"上升"	0	0	0	1	0.231	0.357	0.043	0.369	-0.114	-0.192	-0.019	0.433	0.758	"4"
"上将"	0	1	0	0	0.231	0.357	0.043	0.369	-0.114	0.448	-0.019	-0.2	0.781	"2"
"上岗"	0	1	0	0	0.231	0.357	0.043	0.369	-0.114	0.448	-0.019	-0.2	0.781	"2"
"上岸"	0	1	0	0	0.231	0.357	0.043	0.369	-0.114	0.448	-0.019	-0.2	0.781	"2"
"上达"	0	0	0	1	0.231	0.357	0.043	0.369	-0.114	-0.192	-0.019	0.433	0.758	"4"
"上述"	0	1	0	0	0.231	0.357	0.043	0.369	-0.114	0.448	-0.019	-0.2	0.781	"2"
"上阵"	2	0	0	0	0.462	0.713	0.087	0.738	1.272	-0.383	-0.039	-0.4	2.094	"1"
"下"	0	1	0	0	0.231	0.357	0.043	0.369	-0.114	0.448	-0.019	-0.2	0.781	"2"
"不便"	0	1	0	0	0.231	0.357	0.043	0.369	-0.114	0.448	-0.019	-0.2	0.781	"2"
"不利"	0	0	1	0	0.231	0.357	0.043	0.369	-0.114	-0.192	1.362	-0.2	1.868	"3"
"不变"	0	0	0	1	0.231	0.357	0.043	0.369	-0.114	-0.192	-0.019	0.433	0.758	"4"
"不可"	0	1	0	2	0.693	1.07	0.13	1.106	-0.342	-0.149	-0.058	0.512	1.061	"4"
"不复存在"	0	0	0	1	0.231	0.357	0.043	0.369	-0.114	-0.192	-0.019	0.433	0.758	"4"
"不断"	0	0	1	3	0.924	1.426	0.174	1.475	-0.456	-0.766	0.788	0.838	2.848	"4"
"不明"	0	5	0	0	1.155	1.783	0.217	1.844	-0.571	2.239	-0.097	-0.999	3.906	"2"
"与会"	4	0	0	0	0.924	1.426	0.174	1.475	2.545	-0.766	-0.077	-0.799	4.187	"1"
"与会者"	1	0	0	0	0.231	0.357	0.043	0.369	0.636	-0.192	-0.019	-0.2	1.047	"1"
"专员"	0	1	0	0	0.231	0.357	0.043	0.369	-0.114	0.448	-0.019	-0.2	0.781	"2"
"且"	0	0	0	1	0.231	0.357	0.043	0.369	-0.114	-0.192	-0.019	0.433	0.758	"4"
"世博会"	1	0	0	0	0.231	0.357	0.043	0.369	0.636	-0.192	-0.019	-0.2	1.047	"1"
"世界"	0	0	3	13	3.697	5.705	0.696	5.901	-1.826	-3.064	1.521	3.428	9.839	"4"
"世界组"	1	0	0	0	0.231	0.357	0.043	0.369	0.636	-0.192	-0.019	-0.2	1.047	"1"
"世贸"	0	0	0	1	0.231	0.357	0.043	0.369	-0.114	-0.192	-0.019	0.433	0.758	"4"
"业"	0	2	0	0	0.462	0.713	0.087	0.738	-0.228	0.896	-0.039	-0.4	1.563	"2"
"东亚"	0	0	0	1	0.231	0.357	0.043	0.369	-0.114	-0.192	-0.019	0.433	0.758	"4"
"东北亚"	0	0	0	1	0.231	0.357	0.043	0.369	-0.114	-0.192	-0.019	0.433	0.758	"4"
"东南亚"	0	0	0	2	0.462	0.713	0.087	0.738	-0.228	-0.383	-0.039	0.866	1.516	"4"
"东道主"	1	0	0	0	0.231	0.357	0.043	0.369	0.636	-0.192	-0.019	-0.2	1.047	"1"
"丝绸"	0	0	0	1	0.231	0.357	0.043	0.369	-0.114	-0.192	-0.019	0.433	0.758	"4"
"个"	0	29	0	1	6.932	10.698	1.305	11.065	-3.424	11.693	-0.579	-4.728	20.424	"2"
"个人"	3	0	0	0	0.693	1.07	0.13	1.106	1.909	-0.575	-0.058	-0.6	3.142	"1"
"中"	0	1	4	26	7.164	11.054	1.348	11.434	-3.538	-4.677	1.355	6.983	16.553	"4"
"中亚"	0	0	0	1	0.231	0.357	0.043	0.369	-0.114	-0.192	-0.019	0.433	0.758	"4"
"中介"	0	0	0	1	0.231	0.357	0.043	0.369	-0.114	-0.192	-0.019	0.433	0.758	"4"
"中华民国"	4	0	0	0	0.924	1.426	0.174	1.475	2.545	-0.766	-0.077	-0.799	4.187	"1"
"中国市"	0	0	1	0	0.231	0.357	0.043	0.369	-0.114	-0.192	1.362	-0.2	1.868	"3"
"中委"	1	0	0	0	0.231	0.357	0.043	0.369	0.636	-0.192	-0.019	-0.2	1.047	"1"
"中将"	0	1	0	0	0.231	0.357	0.043	0.369	-0.114	0.448	-0.019	-0.2	0.781	"2"
"中心"	0	0	0	7	1.618	2.496	0.304	2.582	-0.799	-1.341	-0.135	3.032	5.307	"4"
"中肯"	1	0	0	0	0.231	0.357	0.043	0.369	0.636	-0.192	-0.019	-0.2	1.047	"1"
"临时"	0	0	0	1	0.231	0.357	0.043	0.369	-0.114	-0.192	-0.019	0.433	0.758	"4"
"主人"	0	2	0	0	0.462	0.713	0.087	0.738	-0.228	0.896	-0.039	-0.4	1.563	"2"
"主任秘书"	1	0	0	0	0.231	0.357	0.043	0.369	0.636	-0.192	-0.019	-0.2	1.047	"1"
"主体"	0	0	0	1	0.231	0.357	0.043	0.369	-0.114	-0.192	-0.019	0.433	0.758	"4"
"主办者"	0	1	0	0	0.231	0.357	0.043	0.369	-0.114	0.448	-0.019	-0.2	0.781	"2"
"主委"	1	0	0	0	0.231	0.357	0.043	0.369	0.636	-0.192	-0.019	-0.2	1.047	"1"
"主导"	0	0	0	4	0.924	1.426	0.174	1.475	-0.456	-0.766	-0.077	1.733	3.032	"4"
"主席"	8	0	0	0	1.849	2.853	0.348	2.951	5.09	-1.532	-0.155	-1.599	8.376	"1"
"主持人"	0	1	0	0	0.231	0.357	0.043	0.369	-0.114	0.448	-0.019	-0.2	0.781	"2"
"主权"	0	0	0	3	0.693	1.07	0.13	1.106	-0.342	-0.575	-0.058	1.3	2.275	"4"
"主流社"	0	0	0	1	0.231	0.357	0.043	0.369	-0.114	-0.192	-0.019	0.433	0.758	"4"
"主角"	1	0	0	0	0.231	0.357	0.043	0.369	0.636	-0.192	-0.019	-0.2	1.047	"1"
"丽莎"	0	1	0	0	0.231	0.357	0.043	0.369	-0.114	0.448	-0.019	-0.2	0.781	"2"
"丽莎玛"	0	1	0	0	0.231	0.357	0.043	0.369	-0.114	0.448	-0.019	-0.2	0.781	"2"
"举"	0	0	0	1	0.231	0.357	0.043	0.369	-0.114	-0.192	-0.019	0.433	0.758	"4"
"举足轻重"	0	0	0	2	0.462	0.713	0.087	0.738	-0.228	-0.383	-0.039	0.866	1.516	"4"
"义肢"	0	0	1	0	0.231	0.357	0.043	0.369	-0.114	-0.192	1.362	-0.2	1.868	"3"
"之后"	0	1	0	0	0.231	0.357	0.043	0.369	-0.114	0.448	-0.019	-0.2	0.781	"2"
"乐见"	1	0	0	0	0.231	0.357	0.043	0.369	0.636	-0.192	-0.019	-0.2	1.047	"1"
"九人小组"	0	0	0	1	0.231	0.357	0.043	0.369	-0.114	-0.192	-0.019	0.433	0.758	"4"
"乡长"	1	0	0	0	0.231	0.357	0.043	0.369	0.636	-0.192	-0.019	-0.2	1.047	"1"
"争取"	0	0	0	3	0.693	1.07	0.13	1.106	-0.342	-0.575	-0.058	1.3	2.275	"4"
"争夺战"	1	0	0	0	0.231	0.357	0.043	0.369	0.636	-0.192	-0.019	-0.2	1.047	"1"
"事务"	0	0	0	2	0.462	0.713	0.087	0.738	-0.228	-0.383	-0.039	0.866	1.516	"4"
"二十六日"	0	1	0	0	0.231	0.357	0.043	0.369	-0.114	0.448	-0.019	-0.2	0.781	"2"
"五月"	2	0	0	0	0.462	0.713	0.087	0.738	1.272	-0.383	-0.039	-0.4	2.094	"1"
"亚太"	0	0	0	1	0.231	0.357	0.043	0.369	-0.114	-0.192	-0.019	0.433	0.758	"4"
"亚洲"	0	0	0	3	0.693	1.07	0.13	1.106	-0.342	-0.575	-0.058	1.3	2.275	"4"
"些"	0	1	0	0	0.231	0.357	0.043	0.369	-0.114	0.448	-0.019	-0.2	0.781	"2"
"交保"	1	0	0	0	0.231	0.357	0.043	0.369	0.636	-0.192	-0.019	-0.2	1.047	"1"
"交臂"	0	0	0	1	0.231	0.357	0.043	0.369	-0.114	-0.192	-0.019	0.433	0.758	"4"
"享有"	0	0	0	1	0.231	0.357	0.043	0.369	-0.114	-0.192	-0.019	0.433	0.758	"4"
"亮相"	1	0	0	0	0.231	0.357	0.043	0.369	0.636	-0.192	-0.019	-0.2	1.047	"1"
"亲身"	0	1	0	0	0.231	0.357	0.043	0.369	-0.114	0.448	-0.019	-0.2	0.781	"2"
"人协"	0	0	0	1	0.231	0.357	0.043	0.369	-0.114	-0.192	-0.019	0.433	0.758	"4"
"人员"	0	4	0	0	0.924	1.426	0.174	1.475	-0.456	1.791	-0.077	-0.799	3.123	"2"
"人士"	4	2	0	0	1.386	2.14	0.261	2.213	1.545	-0.198	-0.116	-1.199	3.058	"1"
"人民代表"	1	0	0	0	0.231	0.357	0.043	0.369	0.636	-0.192	-0.019	-0.2	1.047	"1"
"人民权"	1	0	0	0	0.231	0.357	0.043	0.369	0.636	-0.192	-0.019	-0.2	1.047	"1"
"人选"	0	2	0	0	0.462	0.713	0.087	0.738	-0.228	0.896	-0.039	-0.4	1.563	"2"
"什么"	0	1	0	0	0.231	0.357	0.043	0.369	-0.114	0.448	-0.019	-0.2	0.781	"2"
"仅次于"	0	0	0	1	0.231	0.357	0.043	0.369	-0.114	-0.192	-0.019	0.433	0.758	"4"
"介入"	1	0	0	0	0.231	0.357	0.043	0.369	0.636	-0.192	-0.019	-0.2	1.047	"1"
"仍然"	0	0	0	2	0.462	0.713	0.087	0.738	-0.228	-0.383	-0.039	0.866	1.516	"4"
"他"	1	11	0	0	2.773	4.279	0.522	4.426	-0.706	4.019	-0.232	-2.398	7.355	"2"
"付钱"	1	0	0	0	0.231	0.357	0.043	0.369	0.636	-0.192	-0.019	-0.2	1.047	"1"
"代"	1	2	0	0	0.693	1.07	0.13	1.106	0.263	0.536	-0.058	-0.6	1.457	"4"
"代为"	1	0	0	0	0.231	0.357	0.043	0.369	0.636	-0.192	-0.019	-0.2	1.047	"1"
"代工"	0	0	0	1	0.231	0.357	0.043	0.369	-0.114	-0.192	-0.019	0.433	0.758	"4"
"代表"	6	0	0	0	1.386	2.14	0.261	2.213	3.817	-1.149	-0.116	-1.199	6.281	"1"
"代表团"	2	0	0	0	0.462	0.713	0.087	0.738	1.272	-0.383	-0.039	-0.4	2.094	"1"
"以"	86	8	0	0	21.722	33.52	4.089	34.67	44.57	-8.93	-1.816	-18.786	74.102	"1"
"以免"	0	1	0	0	0.231	0.357	0.043	0.369	-0.114	0.448	-0.019	-0.2	0.781	"2"
"以至"	0	0	0	1	0.231	0.357	0.043	0.369	-0.114	-0.192	-0.019	0.433	0.758	"4"
"任"	0	2	0	0	0.462	0.713	0.087	0.738	-0.228	0.896	-0.039	-0.4	1.563	"2"
"任命"	0	1	0	0	0.231	0.357	0.043	0.369	-0.114	0.448	-0.019	-0.2	0.781	"2"
"任教"	0	1	0	0	0.231	0.357	0.043	0.369	-0.114	0.448	-0.019	-0.2	0.781	"2"
"企"	0	1	0	0	0.231	0.357	0.043	0.369	-0.114	0.448	-0.019	-0.2	0.781	"2"
"企图"	0	1	0	0	0.231	0.357	0.043	0.369	-0.114	0.448	-0.019	-0.2	0.781	"2"
"伊斯兰"	0	0	0	1	0.231	0.357	0.043	0.369	-0.114	-0.192	-0.019	0.433	0.758	"4"
"优"	0	0	0	2	0.462	0.713	0.087	0.738	-0.228	-0.383	-0.039	0.866	1.516	"4"
"优势"	0	0	2	3	1.155	1.783	0.217	1.844	-0.571	-0.958	1.761	0.577	3.867	"3"
"会"	1	1	0	0	0.462	0.713	0.087	0.738	0.389	0.232	-0.039	-0.4	1.06	"4"
"会长"	1	0	0	0	0.231	0.357	0.043	0.369	0.636	-0.192	-0.019	-0.2	1.047	"1"
"传开"	0	0	0	1	0.231	0.357	0.043	0.369	-0.114	-0.192	-0.019	0.433	0.758	"4"
"传讯"	1	0	0	0	0.231	0.357	0.043	0.369	0.636	-0.192	-0.019	-0.2	1.047	"1"
"伪造"	0	1	0	0	0.231	0.357	0.043	0.369	-0.114	0.448	-0.019	-0.2	0.781	"2"
"伴随"	0	0	0	1	0.231	0.357	0.043	0.369	-0.114	-0.192	-0.019	0.433	0.758	"4"
"位居"	0	0	0	1	0.231	0.357	0.043	0.369	-0.114	-0.192	-0.019	0.433	0.758	"4"
"低"	0	1	0	0	0.231	0.357	0.043	0.369	-0.114	0.448	-0.019	-0.2	0.781	"2"
"体坛"	0	0	0	1	0.231	0.357	0.043	0.369	-0.114	-0.192	-0.019	0.433	0.758	"4"
"体现"	0	0	0	1	0.231	0.357	0.043	0.369	-0.114	-0.192	-0.019	0.433	0.758	"4"
"何"	0	1	0	0	0.231	0.357	0.043	0.369	-0.114	0.448	-0.019	-0.2	0.781	"2"
"余克礼"	0	0	0	2	0.462	0.713	0.087	0.738	-0.228	-0.383	-0.039	0.866	1.516	"4"
"作为"	0	0	0	6	1.386	2.14	0.261	2.213	-0.685	-1.149	-0.116	2.599	4.549	"4"
"作家"	2	0	0	0	0.462	0.713	0.087	0.738	1.272	-0.383	-0.039	-0.4	2.094	"1"
"作用"	0	0	0	5	1.155	1.783	0.217	1.844	-0.571	-0.958	-0.097	2.166	3.792	"4"
"依旧"	0	1	0	0	0.231	0.357	0.043	0.369	-0.114	0.448	-0.019	-0.2	0.781	"2"
"侨社"	0	0	0	2	0.462	0.713	0.087	0.738	-0.228	-0.383	-0.039	0.866	1.516	"4"
"俄方"	0	0	0	1	0.231	0.357	0.043	0.369	-0.114	-0.192	-0.019	0.433	0.758	"4"
"保守党"	0	0	0	1	0.231	0.357	0.043	0.369	-0.114	-0.192	-0.019	0.433	0.758	"4"
"保持"	0	0	4	6	2.311	3.566	0.435	3.688	-1.141	-1.915	3.216	0.925	7.197	"3"
"保有"	0	0	0	1	0.231	0.357	0.043	0.369	-0.114	-0.192	-0.019	0.433	0.758	"4"
"保留"	0	2	0	0	0.462	0.713	0.087	0.738	-0.228	0.896	-0.039	-0.4	1.563	"2"
"保障"	0	0	0	1	0.231	0.357	0.043	0.369	-0.114	-0.192	-0.019	0.433	0.758	"4"
"信息产业"	0	0	0	1	0.231	0.357	0.043	0.369	-0.114	-0.192	-0.019	0.433	0.758	"4"
"修改"	0	1	0	0	0.231	0.357	0.043	0.369	-0.114	0.448	-0.019	-0.2	0.781	"2"
"候"	1	0	0	0	0.231	0.357	0.043	0.369	0.636	-0.192	-0.019	-0.2	1.047	"1"
"候补"	1	0	0	0	0.231	0.357	0.043	0.369	0.636	-0.192	-0.019	-0.2	1.047	"1"
"候选人"	0	3	0	0	0.693	1.07	0.13	1.106	-0.342	1.343	-0.058	-0.6	2.343	"2"
"借着"	0	0	0	1	0.231	0.357	0.043	0.369	-0.114	-0.192	-0.019	0.433	0.758	"4"
"倾向于"	0	1	0	0	0.231	0.357	0.043	0.369	-0.114	0.448	-0.019	-0.2	0.781	"2"
"做为"	0	0	0	2	0.462	0.713	0.087	0.738	-0.228	-0.383	-0.039	0.866	1.516	"4"
"做法"	0	2	0	0	0.462	0.713	0.087	0.738	-0.228	0.896	-0.039	-0.4	1.563	"2"
"允予"	0	1	0	0	0.231	0.357	0.043	0.369	-0.114	0.448	-0.019	-0.2	0.781	"2"
"先生"	0	1	0	0	0.231	0.357	0.043	0.369	-0.114	0.448	-0.019	-0.2	0.781	"2"
"光环"	0	1	0	0	0.231	0.357	0.043	0.369	-0.114	0.448	-0.019	-0.2	0.781	"2"
"克林"	0	1	0	0	0.231	0.357	0.043	0.369	-0.114	0.448	-0.019	-0.2	0.781	"2"
"党"	0	0	0	2	0.462	0.713	0.087	0.738	-0.228	-0.383	-0.039	0.866	1.516	"4"
"党主席"	0	1	0	1	0.462	0.713	0.087	0.738	-0.228	0.232	-0.039	0.221	0.72	"2"
"党员"	2	0	0	0	0.462	0.713	0.087	0.738	1.272	-0.383	-0.039	-0.4	2.094	"1"
"党成员"	0	0	0	1	0.231	0.357	0.043	0.369	-0.114	-0.192	-0.019	0.433	0.758	"4"
"党派"	1	0	0	0	0.231	0.357	0.043	0.369	0.636	-0.192	-0.019	-0.2	1.047	"1"
"党章"	0	1	0	0	0.231	0.357	0.043	0.369	-0.114	0.448	-0.019	-0.2	0.781	"2"
"入围"	1	0	0	0	0.231	0.357	0.043	0.369	0.636	-0.192	-0.019	-0.2	1.047	"1"
"全国性"	0	0	0	1	0.231	0.357	0.043	0.369	-0.114	-0.192	-0.019	0.433	0.758	"4"
"全球"	0	0	2	5	1.618	2.496	0.304	2.582	-0.799	-1.341	1.464	1.16	4.764	"3"
"全球化"	0	0	0	1	0.231	0.357	0.043	0.369	-0.114	-0.192	-0.019	0.433	0.758	"4"
"八强"	1	0	0	0	0.231	0.357	0.043	0.369	0.636	-0.192	-0.019	-0.2	1.047	"1"
"公决"	0	1	0	1	0.462	0.713	0.087	0.738	-0.228	0.232	-0.039	0.221	0.72	"2"
"公务"	0	1	0	0	0.231	0.357	0.043	0.369	-0.114	0.448	-0.019	-0.2	0.781	"2"
"公务员"	0	3	0	0	0.693	1.07	0.13	1.106	-0.342	1.343	-0.058	-0.6	2.343	"2"
"公安部"	0	0	0	1	0.231	0.357	0.043	0.369	-0.114	-0.192	-0.019	0.433	0.758	"4"
"公布"	0	1	0	0	0.231	0.357	0.043	0.369	-0.114	0.448	-0.019	-0.2	0.781	"2"
"公开"	0	4	0	0	0.924	1.426	0.174	1.475	-0.456	1.791	-0.077	-0.799	3.123	"2"
"公民"	1	0	0	0	0.231	0.357	0.043	0.369	0.636	-0.192	-0.019	-0.2	1.047	"1"
"公益"	0	0	0	1	0.231	0.357	0.043	0.369	-0.114	-0.192	-0.019	0.433	0.758	"4"
"公约"	0	0	0	1	0.231	0.357	0.043	0.369	-0.114	-0.192	-0.019	0.433	0.758	"4"
"共党员"	0	1	0	0	0.231	0.357	0.043	0.369	-0.114	0.448	-0.019	-0.2	0.781	"2"
"共和党"	0	0	0	1	0.231	0.357	0.043	0.369	-0.114	-0.192	-0.019	0.433	0.758	"4"
"关键"	0	1	0	2	0.693	1.07	0.13	1.106	-0.342	-0.149	-0.058	0.512	1.061	"4"
"关键性"	0	0	0	1	0.231	0.357	0.043	0.369	-0.114	-0.192	-0.019	0.433	0.758	"4"
"兵"	0	1	0	0	0.231	0.357	0.043	0.369	-0.114	0.448	-0.019	-0.2	0.781	"2"
"其"	0	3	0	16	4.391	6.775	0.826	7.008	-2.168	-1.279	-0.367	4.499	8.313	"4"
"其他"	0	0	0	1	0.231	0.357	0.043	0.369	-0.114	-0.192	-0.019	0.433	0.758	"4"
"具"	1	1	0	6	1.849	2.853	0.348	2.951	-0.381	-0.797	-0.155	1.48	2.813	"4"
"具备"	0	0	0	1	0.231	0.357	0.043	0.369	-0.114	-0.192	-0.019	0.433	0.758	"4"
"具有"	0	0	0	8	1.849	2.853	0.348	2.951	-0.913	-1.532	-0.155	3.465	6.065	"4"
"兹巴里"	1	0	0	0	0.231	0.357	0.043	0.369	0.636	-0.192	-0.019	-0.2	1.047	"1"
"兼具"	0	0	0	2	0.462	0.713	0.087	0.738	-0.228	-0.383	-0.039	0.866	1.516	"4"
"内销版"	0	1	0	0	0.231	0.357	0.043	0.369	-0.114	0.448	-0.019	-0.2	0.781	"2"
"内阁"	0	3	0	0	0.693	1.07	0.13	1.106	-0.342	1.343	-0.058	-0.6	2.343	"2"
"军事组"	0	0	0	1	0.231	0.357	0.043	0.369	-0.114	-0.192	-0.019	0.433	0.758	"4"
"军人"	0	3	0	0	0.693	1.07	0.13	1.106	-0.342	1.343	-0.058	-0.6	2.343	"2"
"军警"	0	0	0	1	0.231	0.357	0.043	0.369	-0.114	-0.192	-0.019	0.433	0.758	"4"
"农业"	0	0	0	1	0.231	0.357	0.043	0.369	-0.114	-0.192	-0.019	0.433	0.758	"4"
"冠上"	0	1	0	0	0.231	0.357	0.043	0.369	-0.114	0.448	-0.019	-0.2	0.781	"2"
"冥钱"	0	1	0	0	0.231	0.357	0.043	0.369	-0.114	0.448	-0.019	-0.2	0.781	"2"
"冯国勤"	1	0	0	0	0.231	0.357	0.043	0.369	0.636	-0.192	-0.019	-0.2	1.047	"1"
"决赛"	1	0	0	0	0.231	0.357	0.043	0.369	0.636	-0.192	-0.019	-0.2	1.047	"1"
"决赛圈"	1	0	0	0	0.231	0.357	0.043	0.369	0.636	-0.192	-0.019	-0.2	1.047	"1"
"减少"	0	1	0	0	0.231	0.357	0.043	0.369	-0.114	0.448	-0.019	-0.2	0.781	"2"
"几内亚"	0	1	0	0	0.231	0.357	0.043	0.369	-0.114	0.448	-0.019	-0.2	0.781	"2"
"几经"	1	0	0	0	0.231	0.357	0.043	0.369	0.636	-0.192	-0.019	-0.2	1.047	"1"
"凭"	0	1	0	0	0.231	0.357	0.043	0.369	-0.114	0.448	-0.019	-0.2	0.781	"2"
"凭藉"	0	1	0	0	0.231	0.357	0.043	0.369	-0.114	0.448	-0.019	-0.2	0.781	"2"
"出任"	4	6	0	0	2.311	3.566	0.435	3.688	0.741	0.987	-0.193	-1.999	3.92	"4"
"出借"	1	0	0	0	0.231	0.357	0.043	0.369	0.636	-0.192	-0.019	-0.2	1.047	"1"
"出击"	0	0	0	1	0.231	0.357	0.043	0.369	-0.114	-0.192	-0.019	0.433	0.758	"4"
"出发点"	0	1	0	0	0.231	0.357	0.043	0.369	-0.114	0.448	-0.019	-0.2	0.781	"2"
"出场"	1	0	0	0	0.231	0.357	0.043	0.369	0.636	-0.192	-0.019	-0.2	1.047	"1"
"出席"	5	0	0	0	1.155	1.783	0.217	1.844	3.181	-0.958	-0.097	-0.999	5.235	"1"
"出示"	0	1	0	0	0.231	0.357	0.043	0.369	-0.114	0.448	-0.019	-0.2	0.781	"2"
"出线"	3	0	0	0	0.693	1.07	0.13	1.106	1.909	-0.575	-0.058	-0.6	3.142	"1"
"出马"	1	0	0	0	0.231	0.357	0.043	0.369	0.636	-0.192	-0.019	-0.2	1.047	"1"
"分子"	0	3	0	0	0.693	1.07	0.13	1.106	-0.342	1.343	-0.058	-0.6	2.343	"2"
"分工"	0	0	0	1	0.231	0.357	0.043	0.369	-0.114	-0.192	-0.019	0.433	0.758	"4"
"分榜"	0	0	1	0	0.231	0.357	0.043	0.369	-0.114	-0.192	1.362	-0.2	1.868	"3"
"分配"	0	2	0	0	0.462	0.713	0.087	0.738	-0.228	0.896	-0.039	-0.4	1.563	"2"
"刑侦"	0	0	0	1	0.231	0.357	0.043	0.369	-0.114	-0.192	-0.019	0.433	0.758	"4"
"划分"	0	1	0	0	0.231	0.357	0.043	0.369	-0.114	0.448	-0.019	-0.2	0.781	"2"
"创造"	0	4	0	0	0.924	1.426	0.174	1.475	-0.456	1.791	-0.077	-0.799	3.123	"2"
"利"	0	0	0	1	0.231	0.357	0.043	0.369	-0.114	-0.192	-0.019	0.433	0.758	"4"
"制度化"	0	0	0	1	0.231	0.357	0.043	0.369	-0.114	-0.192	-0.019	0.433	0.758	"4"
"制片"	0	1	0	0	0.231	0.357	0.043	0.369	-0.114	0.448	-0.019	-0.2	0.781	"2"
"削减"	0	3	0	0	0.693	1.07	0.13	1.106	-0.342	1.343	-0.058	-0.6	2.343	"2"
"削弱"	0	0	0	3	0.693	1.07	0.13	1.106	-0.342	-0.575	-0.058	1.3	2.275	"4"
"前去"	0	1	0	0	0.231	0.357	0.043	0.369	-0.114	0.448	-0.019	-0.2	0.781	"2"
"前店"	0	0	0	1	0.231	0.357	0.043	0.369	-0.114	-0.192	-0.019	0.433	0.758	"4"
"前往"	1	0	0	0	0.231	0.357	0.043	0.369	0.636	-0.192	-0.019	-0.2	1.047	"1"
"前途"	0	2	0	1	0.693	1.07	0.13	1.106	-0.342	0.536	-0.058	-0.16	1.096	"2"
"剥夺"	1	0	0	0	0.231	0.357	0.043	0.369	0.636	-0.192	-0.019	-0.2	1.047	"1"
"副"	1	0	0	0	0.231	0.357	0.043	0.369	0.636	-0.192	-0.019	-0.2	1.047	"1"
"副主席"	4	1	0	0	1.155	1.783	0.217	1.844	1.935	-0.381	-0.097	-0.999	3.412	"1"
"副厅级"	0	1	0	0	0.231	0.357	0.043	0.369	-0.114	0.448	-0.019	-0.2	0.781	"2"
"副外长"	1	0	0	0	0.231	0.357	0.043	0.369	0.636	-0.192	-0.019	-0.2	1.047	"1"
"副总理"	0	1	0	0	0.231	0.357	0.043	0.369	-0.114	0.448	-0.019	-0.2	0.781	"2"
"副总统"	1	1	0	0	0.462	0.713	0.087	0.738	0.389	0.232	-0.039	-0.4	1.06	"4"
"副教授"	0	1	0	0	0.231	0.357	0.043	0.369	-0.114	0.448	-0.019	-0.2	0.781	"2"
"办案"	0	1	0	0	0.231	0.357	0.043	0.369	-0.114	0.448	-0.019	-0.2	0.781	"2"
"加列戈"	0	0	0	1	0.231	0.357	0.043	0.369	-0.114	-0.192	-0.019	0.433	0.758	"4"
"加强"	0	0	0	8	1.849	2.853	0.348	2.951	-0.913	-1.532	-0.155	3.465	6.065	"4"
"加盟"	2	0	0	0	0.462	0.713	0.087	0.738	1.272	-0.383	-0.039	-0.4	2.094	"1"
"加籐"	0	1	0	0	0.231	0.357	0.043	0.369	-0.114	0.448	-0.019	-0.2	0.781	"2"
"动摇"	0	0	0	3	0.693	1.07	0.13	1.106	-0.342	-0.575	-0.058	1.3	2.275	"4"
"动机"	0	1	0	0	0.231	0.357	0.043	0.369	-0.114	0.448	-0.019	-0.2	0.781	"2"
"助理"	0	1	0	0	0.231	0.357	0.043	0.369	-0.114	0.448	-0.019	-0.2	0.781	"2"
"势必"	0	0	0	1	0.231	0.357	0.043	0.369	-0.114	-0.192	-0.019	0.433	0.758	"4"
"勒斯坦"	0	1	0	0	0.231	0.357	0.043	0.369	-0.114	0.448	-0.019	-0.2	0.781	"2"
"包括"	0	1	0	0	0.231	0.357	0.043	0.369	-0.114	0.448	-0.019	-0.2	0.781	"2"
"匪徒"	0	1	0	0	0.231	0.357	0.043	0.369	-0.114	0.448	-0.019	-0.2	0.781	"2"
"区域"	0	0	0	3	0.693	1.07	0.13	1.106	-0.342	-0.575	-0.058	1.3	2.275	"4"
"十分"	0	0	0	1	0.231	0.357	0.043	0.369	-0.114	-0.192	-0.019	0.433	0.758	"4"
"十分之一"	0	0	0	1	0.231	0.357	0.043	0.369	-0.114	-0.192	-0.019	0.433	0.758	"4"
"华埠"	0	0	0	1	0.231	0.357	0.043	0.369	-0.114	-0.192	-0.019	0.433	0.758	"4"
"华语"	0	1	0	0	0.231	0.357	0.043	0.369	-0.114	0.448	-0.019	-0.2	0.781	"2"
"协助"	0	1	0	0	0.231	0.357	0.043	0.369	-0.114	0.448	-0.019	-0.2	0.781	"2"
"协定"	0	0	1	1	0.462	0.713	0.087	0.738	-0.228	-0.383	1.07	0.221	1.902	"3"
"协议"	0	1	0	1	0.462	0.713	0.087	0.738	-0.228	0.232	-0.039	0.221	0.72	"2"
"协调"	0	1	0	0	0.231	0.357	0.043	0.369	-0.114	0.448	-0.019	-0.2	0.781	"2"
"卓着"	0	0	0	1	0.231	0.357	0.043	0.369	-0.114	-0.192	-0.019	0.433	0.758	"4"
"卖主"	0	1	0	0	0.231	0.357	0.043	0.369	-0.114	0.448	-0.019	-0.2	0.781	"2"
"南县"	0	0	0	1	0.231	0.357	0.043	0.369	-0.114	-0.192	-0.019	0.433	0.758	"4"
"占"	0	0	0	6	1.386	2.14	0.261	2.213	-0.685	-1.149	-0.116	2.599	4.549	"4"
"占据"	0	0	1	6	1.618	2.496	0.304	2.582	-0.799	-1.341	0.573	1.919	4.632	"4"
"占有"	0	0	0	3	0.693	1.07	0.13	1.106	-0.342	-0.575	-0.058	1.3	2.275	"4"
"占有率"	0	0	0	1	0.231	0.357	0.043	0.369	-0.114	-0.192	-0.019	0.433	0.758	"4"
"卡迈勒"	0	0	0	1	0.231	0.357	0.043	0.369	-0.114	-0.192	-0.019	0.433	0.758	"4"
"卫生"	2	0	0	0	0.462	0.713	0.087	0.738	1.272	-0.383	-0.039	-0.4	2.094	"1"
"卫生部长"	0	1	0	0	0.231	0.357	0.043	0.369	-0.114	0.448	-0.019	-0.2	0.781	"2"
"危及"	0	0	0	2	0.462	0.713	0.087	0.738	-0.228	-0.383	-0.039	0.866	1.516	"4"
"卸下"	0	3	0	0	0.693	1.07	0.13	1.106	-0.342	1.343	-0.058	-0.6	2.343	"2"
"卸任"	1	0	0	0	0.231	0.357	0.043	0.369	0.636	-0.192	-0.019	-0.2	1.047	"1"
"历史"	0	0	1	10	2.542	3.923	0.478	4.057	-1.255	-2.107	0.412	3.468	7.242	"4"
"厉"	0	0	1	0	0.231	0.357	0.043	0.369	-0.114	-0.192	1.362	-0.2	1.868	"3"
"压制"	0	0	1	0	0.231	0.357	0.043	0.369	-0.114	-0.192	1.362	-0.2	1.868	"3"
"压迫"	0	0	0	1	0.231	0.357	0.043	0.369	-0.114	-0.192	-0.019	0.433	0.758	"4"
"原住民"	0	5	0	1	1.386	2.14	0.261	2.213	-0.685	1.614	-0.116	-0.545	2.96	"2"
"原有"	0	1	0	0	0.231	0.357	0.043	0.369	-0.114	0.448	-0.019	-0.2	0.781	"2"
"去"	0	1	0	0	0.231	0.357	0.043	0.369	-0.114	0.448	-0.019	-0.2	0.781	"2"
"去芜存菁"	0	0	1	0	0.231	0.357	0.043	0.369	-0.114	-0.192	1.362	-0.2	1.868	"3"
"参"	1	0	0	0	0.231	0.357	0.043	0.369	0.636	-0.192	-0.019	-0.2	1.047	"1"
"参与"	9	0	0	0	2.08	3.209	0.391	3.319	5.726	-1.724	-0.174	-1.799	9.423	"1"
"参与者"	0	1	0	0	0.231	0.357	0.043	0.369	-0.114	0.448	-0.019	-0.2	0.781	"2"
"参众两院"	0	0	0	1	0.231	0.357	0.043	0.369	-0.114	-0.192	-0.019	0.433	0.758	"4"
"参加"	9	1	0	0	2.311	3.566	0.435	3.688	4.827	-1.099	-0.193	-1.999	8.118	"1"
"参赛"	1	1	0	0	0.462	0.713	0.087	0.738	0.389	0.232	-0.039	-0.4	1.06	"4"
"参选"	4	0	0	0	0.924	1.426	0.174	1.475	2.545	-0.766	-0.077	-0.799	4.187	"1"
"参院"	0	1	0	0	0.231	0.357	0.043	0.369	-0.114	0.448	-0.019	-0.2	0.781	"2"
"及其"	0	0	0	1	0.231	0.357	0.043	0.369	-0.114	-0.192	-0.019	0.433	0.758	"4"
"双重"	0	2	0	0	0.462	0.713	0.087	0.738	-0.228	0.896	-0.039	-0.4	1.563	"2"
"反观"	0	0	0	1	0.231	0.357	0.043	0.369	-0.114	-0.192	-0.019	0.433	0.758	"4"
"发声"	0	0	0	1	0.231	0.357	0.043	0.369	-0.114	-0.192	-0.019	0.433	0.758	"4"
"发展史"	0	0	0	2	0.462	0.713	0.087	0.738	-0.228	-0.383	-0.039	0.866	1.516	"4"
"发球员"	1	0	0	0	0.231	0.357	0.043	0.369	0.636	-0.192	-0.019	-0.2	1.047	"1"
"发落"	0	1	0	0	0.231	0.357	0.043	0.369	-0.114	0.448	-0.019	-0.2	0.781	"2"
"取代"	0	0	0	5	1.155	1.783	0.217	1.844	-0.571	-0.958	-0.097	2.166	3.792	"4"
"取得"	2	6	2	1	2.542	3.923	0.478	4.057	-0.288	0.796	1.096	-1.328	3.508	"4"
"受到"	0	0	1	2	0.693	1.07	0.13	1.106	-0.342	-0.575	0.903	0.512	2.332	"3"
"另一方面"	0	2	0	0	0.462	0.713	0.087	0.738	-0.228	0.896	-0.039	-0.4	1.563	"2"
"台北讯"	1	0	0	0	0.231	0.357	0.043	0.369	0.636	-0.192	-0.019	-0.2	1.047	"1"
"台湾"	3	0	1	17	4.853	7.488	0.913	7.745	-0.601	-4.022	0.217	4.328	9.168	"4"
"史氏"	0	0	0	1	0.231	0.357	0.043	0.369	-0.114	-0.192	-0.019	0.433	0.758	"4"
"史瓦济兰"	1	0	0	0	0.231	0.357	0.043	0.369	0.636	-0.192	-0.019	-0.2	1.047	"1"
"号码"	0	1	0	0	0.231	0.357	0.043	0.369	-0.114	0.448	-0.019	-0.2	0.781	"2"
"司司长"	0	1	0	0	0.231	0.357	0.043	0.369	-0.114	0.448	-0.019	-0.2	0.781	"2"
"司机"	1	0	0	0	0.231	0.357	0.043	0.369	0.636	-0.192	-0.019	-0.2	1.047	"1"
"合法"	0	3	0	0	0.693	1.07	0.13	1.106	-0.342	1.343	-0.058	-0.6	2.343	"2"
"合法性"	0	0	0	3	0.693	1.07	0.13	1.106	-0.342	-0.575	-0.058	1.3	2.275	"4"
"同党"	0	1	0	0	0.231	0.357	0.043	0.369	-0.114	0.448	-0.019	-0.2	0.781	"2"
"同等"	1	1	0	0	0.462	0.713	0.087	0.738	0.389	0.232	-0.039	-0.4	1.06	"4"
"名"	5	12	0	0	3.928	6.062	0.739	6.27	0.451	2.443	-0.328	-3.397	6.619	"4"
"名人"	0	1	0	0	0.231	0.357	0.043	0.369	-0.114	0.448	-0.019	-0.2	0.781	"2"
"名号"	0	1	0	0	0.231	0.357	0.043	0.369	-0.114	0.448	-0.019	-0.2	0.781	"2"
"名城"	0	0	0	1	0.231	0.357	0.043	0.369	-0.114	-0.192	-0.019	0.433	0.758	"4"
"名额"	0	1	0	0	0.231	0.357	0.043	0.369	-0.114	0.448	-0.019	-0.2	0.781	"2"
"后勤"	0	0	0	1	0.231	0.357	0.043	0.369	-0.114	-0.192	-0.019	0.433	0.758	"4"
"后来居上"	0	0	1	0	0.231	0.357	0.043	0.369	-0.114	-0.192	1.362	-0.2	1.868	"3"
"后裔"	0	0	0	1	0.231	0.357	0.043	0.369	-0.114	-0.192	-0.019	0.433	0.758	"4"
"后辈"	1	0	0	0	0.231	0.357	0.043	0.369	0.636	-0.192	-0.019	-0.2	1.047	"1"
"吸收"	0	0	0	1	0.231	0.357	0.043	0.369	-0.114	-0.192	-0.019	0.433	0.758	"4"
"员"	1	2	0	1	0.924	1.426	0.174	1.475	0.187	0.348	-0.077	-0.276	0.888	"2"
"周芝茂"	0	1	0	0	0.231	0.357	0.043	0.369	-0.114	0.448	-0.019	-0.2	0.781	"2"
"和州"	1	0	0	0	0.231	0.357	0.043	0.369	0.636	-0.192	-0.019	-0.2	1.047	"1"
"品牌"	0	1	0	0	0.231	0.357	0.043	0.369	-0.114	0.448	-0.019	-0.2	0.781	"2"
"哲"	0	0	0	1	0.231	0.357	0.043	0.369	-0.114	-0.192	-0.019	0.433	0.758	"4"
"唐家"	0	0	0	2	0.462	0.713	0.087	0.738	-0.228	-0.383	-0.039	0.866	1.516	"4"
"唯一"	0	0	0	3	0.693	1.07	0.13	1.106	-0.342	-0.575	-0.058	1.3	2.275	"4"
"商人"	0	1	0	0	0.231	0.357	0.043	0.369	-0.114	0.448	-0.019	-0.2	0.781	"2"
"商学院"	0	1	0	0	0.231	0.357	0.043	0.369	-0.114	0.448	-0.019	-0.2	0.781	"2"
"商贸"	0	0	0	1	0.231	0.357	0.043	0.369	-0.114	-0.192	-0.019	0.433	0.758	"4"
"善心人"	0	1	0	0	0.231	0.357	0.043	0.369	-0.114	0.448	-0.019	-0.2	0.781	"2"
"喻为"	0	0	0	1	0.231	0.357	0.043	0.369	-0.114	-0.192	-0.019	0.433	0.758	"4"
"嘉宾"	1	0	0	0	0.231	0.357	0.043	0.369	0.636	-0.192	-0.019	-0.2	1.047	"1"
"嘉米"	0	1	0	0	0.231	0.357	0.043	0.369	-0.114	0.448	-0.019	-0.2	0.781	"2"
"回巢"	0	1	0	0	0.231	0.357	0.043	0.369	-0.114	0.448	-0.019	-0.2	0.781	"2"
"回归"	0	1	0	0	0.231	0.357	0.043	0.369	-0.114	0.448	-0.019	-0.2	0.781	"2"
"回族"	0	0	0	1	0.231	0.357	0.043	0.369	-0.114	-0.192	-0.019	0.433	0.758	"4"
"回院"	1	0	0	0	0.231	0.357	0.043	0.369	0.636	-0.192	-0.019	-0.2	1.047	"1"
"团长"	1	0	0	0	0.231	0.357	0.043	0.369	0.636	-0.192	-0.019	-0.2	1.047	"1"
"园寝"	0	0	0	1	0.231	0.357	0.043	0.369	-0.114	-0.192	-0.019	0.433	0.758	"4"
"困兽"	0	1	0	0	0.231	0.357	0.043	0.369	-0.114	0.448	-0.019	-0.2	0.781	"2"
"围绕"	0	0	0	1	0.231	0.357	0.043	0.369	-0.114	-0.192	-0.019	0.433	0.758	"4"
"固然"	0	0	0	1	0.231	0.357	0.043	0.369	-0.114	-0.192	-0.019	0.433	0.758	"4"
"固网"	0	0	0	1	0.231	0.357	0.043	0.369	-0.114	-0.192	-0.019	0.433	0.758	"4"
"国安部"	0	0	0	1	0.231	0.357	0.043	0.369	-0.114	-0.192	-0.019	0.433	0.758	"4"
"国家队"	0	0	0	1	0.231	0.357	0.043	0.369	-0.114	-0.192	-0.019	0.433	0.758	"4"
"国宾"	1	0	0	0	0.231	0.357	0.043	0.369	0.636	-0.192	-0.019	-0.2	1.047	"1"
"国是"	0	0	0	1	0.231	0.357	0.043	0.369	-0.114	-0.192	-0.019	0.433	0.758	"4"
"国民党"	2	0	0	0	0.462	0.713	0.087	0.738	1.272	-0.383	-0.039	-0.4	2.094	"1"
"国籍"	0	1	0	0	0.231	0.357	0.043	0.369	-0.114	0.448	-0.019	-0.2	0.781	"2"
"国际"	0	0	2	31	7.626	11.768	1.435	12.171	-3.766	-6.32	0.373	11.09	21.549	"4"
"国际法"	0	0	0	2	0.462	0.713	0.087	0.738	-0.228	-0.383	-0.039	0.866	1.516	"4"
"在"	0	0	0	2	0.462	0.713	0.087	0.738	-0.228	-0.383	-0.039	0.866	1.516	"4"
"在世"	0	0	0	1	0.231	0.357	0.043	0.369	-0.114	-0.192	-0.019	0.433	0.758	"4"
"在野党"	1	0	0	0	0.231	0.357	0.043	0.369	0.636	-0.192	-0.019	-0.2	1.047	"1"
"地位"	2	0	0	0	0.462	0.713	0.087	0.738	1.272	-0.383	-0.039	-0.4	2.094	"1"
"地签证"	0	1	0	0	0.231	0.357	0.043	0.369	-0.114	0.448	-0.019	-0.2	0.781	"2"
"地缘"	0	0	0	1	0.231	0.357	0.043	0.369	-0.114	-0.192	-0.019	0.433	0.758	"4"
"坐稳"	0	1	0	0	0.231	0.357	0.043	0.369	-0.114	0.448	-0.019	-0.2	0.781	"2"
"坛"	0	0	0	1	0.231	0.357	0.043	0.369	-0.114	-0.192	-0.019	0.433	0.758	"4"
"坦言"	0	1	0	0	0.231	0.357	0.043	0.369	-0.114	0.448	-0.019	-0.2	0.781	"2"
"垄"	0	0	0	1	0.231	0.357	0.043	0.369	-0.114	-0.192	-0.019	0.433	0.758	"4"
"垄断"	0	0	0	3	0.693	1.07	0.13	1.106	-0.342	-0.575	-0.058	1.3	2.275	"4"
"培训"	0	3	0	0	0.693	1.07	0.13	1.106	-0.342	1.343	-0.058	-0.6	2.343	"2"
"基督教"	1	0	0	0	0.231	0.357	0.043	0.369	0.636	-0.192	-0.019	-0.2	1.047	"1"
"基础"	0	0	0	3	0.693	1.07	0.13	1.106	-0.342	-0.575	-0.058	1.3	2.275	"4"
"墓"	0	1	0	0	0.231	0.357	0.043	0.369	-0.114	0.448	-0.019	-0.2	0.781	"2"
"墓室"	0	1	0	0	0.231	0.357	0.043	0.369	-0.114	0.448	-0.019	-0.2	0.781	"2"
"墓道"	0	0	0	1	0.231	0.357	0.043	0.369	-0.114	-0.192	-0.019	0.433	0.758	"4"
"增加"	0	2	0	0	0.462	0.713	0.087	0.738	-0.228	0.896	-0.039	-0.4	1.563	"2"
"增强"	0	0	0	2	0.462	0.713	0.087	0.738	-0.228	-0.383	-0.039	0.866	1.516	"4"
"声望"	0	0	0	1	0.231	0.357	0.043	0.369	-0.114	-0.192	-0.019	0.433	0.758	"4"
"处于"	0	0	6	0	1.386	2.14	0.261	2.213	-0.685	-1.149	8.169	-1.199	11.202	"3"
"处在"	0	0	0	3	0.693	1.07	0.13	1.106	-0.342	-0.575	-0.058	1.3	2.275	"4"
"处级"	0	1	0	0	0.231	0.357	0.043	0.369	-0.114	0.448	-0.019	-0.2	0.781	"2"
"复兴"	0	0	0	1	0.231	0.357	0.043	0.369	-0.114	-0.192	-0.019	0.433	0.758	"4"
"复赛"	4	0	0	0	0.924	1.426	0.174	1.475	2.545	-0.766	-0.077	-0.799	4.187	"1"
"外交官"	0	2	0	0	0.462	0.713	0.087	0.738	-0.228	0.896	-0.039	-0.4	1.563	"2"
"外商"	0	0	0	1	0.231	0.357	0.043	0.369	-0.114	-0.192	-0.019	0.433	0.758	"4"
"外国人"	0	1	0	0	0.231	0.357	0.043	0.369	-0.114	0.448	-0.019	-0.2	0.781	"2"
"多于"	0	1	0	0	0.231	0.357	0.043	0.369	-0.114	0.448	-0.019	-0.2	0.781	"2"
"多数"	0	0	0	2	0.462	0.713	0.087	0.738	-0.228	-0.383	-0.039	0.866	1.516	"4"
"多明尼加"	1	0	0	0	0.231	0.357	0.043	0.369	0.636	-0.192	-0.019	-0.2	1.047	"1"
"多达"	0	1	0	0	0.231	0.357	0.043	0.369	-0.114	0.448	-0.019	-0.2	0.781	"2"
"大专"	0	1	0	0	0.231	0.357	0.043	0.369	-0.114	0.448	-0.019	-0.2	0.781	"2"
"大世界语"	0	1	0	0	0.231	0.357	0.043	0.369	-0.114	0.448	-0.019	-0.2	0.781	"2"
"大为"	0	0	0	1	0.231	0.357	0.043	0.369	-0.114	-0.192	-0.019	0.433	0.758	"4"
"大会"	5	0	0	0	1.155	1.783	0.217	1.844	3.181	-0.958	-0.097	-0.999	5.235	"1"
"大使"	1	0	0	0	0.231	0.357	0.043	0.369	0.636	-0.192	-0.019	-0.2	1.047	"1"
"大利亚"	0	0	0	1	0.231	0.357	0.043	0.369	-0.114	-0.192	-0.019	0.433	0.758	"4"
"大发"	0	1	0	0	0.231	0.357	0.043	0.369	-0.114	0.448	-0.019	-0.2	0.781	"2"
"大国"	0	0	0	4	0.924	1.426	0.174	1.475	-0.456	-0.766	-0.077	1.733	3.032	"4"
"大宇"	0	1	0	0	0.231	0.357	0.043	0.369	-0.114	0.448	-0.019	-0.2	0.781	"2"
"大权"	0	0	0	1	0.231	0.357	0.043	0.369	-0.114	-0.192	-0.019	0.433	0.758	"4"
"天"	0	1	0	0	0.231	0.357	0.043	0.369	-0.114	0.448	-0.019	-0.2	0.781	"2"
"天主教徒"	1	0	0	0	0.231	0.357	0.043	0.369	0.636	-0.192	-0.019	-0.2	1.047	"1"
"夫人"	0	1	0	0	0.231	0.357	0.043	0.369	-0.114	0.448	-0.019	-0.2	0.781	"2"
"失业"	0	2	0	0	0.462	0.713	0.087	0.738	-0.228	0.896	-0.039	-0.4	1.563	"2"
"失业率"	0	1	0	0	0.231	0.357	0.043	0.369	-0.114	0.448	-0.019	-0.2	0.781	"2"
"失去"	0	0	0	2	0.462	0.713	0.087	0.738	-0.228	-0.383	-0.039	0.866	1.516	"4"
"头号"	0	0	0	1	0.231	0.357	0.043	0.369	-0.114	-0.192	-0.019	0.433	0.758	"4"
"头目"	0	1	0	0	0.231	0.357	0.043	0.369	-0.114	0.448	-0.019	-0.2	0.781	"2"
"女"	1	3	0	0	0.924	1.426	0.174	1.475	0.187	0.877	-0.077	-0.799	1.94	"2"
"女子"	0	1	0	0	0.231	0.357	0.043	0.369	-0.114	0.448	-0.019	-0.2	0.781	"2"
"女子组"	0	0	1	0	0.231	0.357	0.043	0.369	-0.114	-0.192	1.362	-0.2	1.868	"3"
"女性"	0	1	0	1	0.462	0.713	0.087	0.738	-0.228	0.232	-0.039	0.221	0.72	"2"
"好心人"	0	1	0	0	0.231	0.357	0.043	0.369	-0.114	0.448	-0.019	-0.2	0.781	"2"
"妇女"	0	0	0	4	0.924	1.426	0.174	1.475	-0.456	-0.766	-0.077	1.733	3.032	"4"
"妹妹"	0	1	0	0	0.231	0.357	0.043	0.369	-0.114	0.448	-0.019	-0.2	0.781	"2"
"始终"	0	0	0	2	0.462	0.713	0.087	0.738	-0.228	-0.383	-0.039	0.866	1.516	"4"
"委任"	0	2	0	0	0.462	0.713	0.087	0.738	-0.228	0.896	-0.039	-0.4	1.563	"2"
"委会"	2	0	0	0	0.462	0.713	0.087	0.738	1.272	-0.383	-0.039	-0.4	2.094	"1"
"威盛"	0	0	1	0	0.231	0.357	0.043	0.369	-0.114	-0.192	1.362	-0.2	1.868	"3"
"威胁"	0	0	0	1	0.231	0.357	0.043	0.369	-0.114	-0.192	-0.019	0.433	0.758	"4"
"子女"	0	3	0	0	0.693	1.07	0.13	1.106	-0.342	1.343	-0.058	-0.6	2.343	"2"
"子金"	0	0	0	1	0.231	0.357	0.043	0.369	-0.114	-0.192	-0.019	0.433	0.758	"4"
"学术"	0	0	0	2	0.462	0.713	0.087	0.738	-0.228	-0.383	-0.039	0.866	1.516	"4"
"安曼"	0	1	0	0	0.231	0.357	0.043	0.369	-0.114	0.448	-0.019	-0.2	0.781	"2"
"安理"	0	0	0	1	0.231	0.357	0.043	0.369	-0.114	-0.192	-0.019	0.433	0.758	"4"
"完整"	0	0	0	1	0.231	0.357	0.043	0.369	-0.114	-0.192	-0.019	0.433	0.758	"4"
"宏力"	1	0	0	0	0.231	0.357	0.043	0.369	0.636	-0.192	-0.019	-0.2	1.047	"1"
"宗教"	1	0	0	0	0.231	0.357	0.043	0.369	0.636	-0.192	-0.019	-0.2	1.047	"1"
"官场"	0	1	0	0	0.231	0.357	0.043	0.369	-0.114	0.448	-0.019	-0.2	0.781	"2"
"官方"	1	0	0	0	0.231	0.357	0.043	0.369	0.636	-0.192	-0.019	-0.2	1.047	"1"
"定位"	0	1	0	0	0.231	0.357	0.043	0.369	-0.114	0.448	-0.019	-0.2	0.781	"2"
"宜"	0	1	0	0	0.231	0.357	0.043	0.369	-0.114	0.448	-0.019	-0.2	0.781	"2"
"宝座"	0	0	0	1	0.231	0.357	0.043	0.369	-0.114	-0.192	-0.019	0.433	0.758	"4"
"实习"	0	2	0	0	0.462	0.713	0.087	0.738	-0.228	0.896	-0.039	-0.4	1.563	"2"
"实力"	0	0	0	1	0.231	0.357	0.043	0.369	-0.114	-0.192	-0.019	0.433	0.758	"4"
"实质"	0	0	0	1	0.231	0.357	0.043	0.369	-0.114	-0.192	-0.019	0.433	0.758	"4"
"客"	1	0	0	0	0.231	0.357	0.043	0.369	0.636	-0.192	-0.019	-0.2	1.047	"1"
"宣佈"	0	1	0	0	0.231	0.357	0.043	0.369	-0.114	0.448	-0.019	-0.2	0.781	"2"
"宣读"	1	0	0	0	0.231	0.357	0.043	0.369	0.636	-0.192	-0.019	-0.2	1.047	"1"
"察"	1	0	0	0	0.231	0.357	0.043	0.369	0.636	-0.192	-0.019	-0.2	1.047	"1"
"对等"	0	0	0	1	0.231	0.357	0.043	0.369	-0.114	-0.192	-0.019	0.433	0.758	"4"
"导"	0	0	0	1	0.231	0.357	0.043	0.369	-0.114	-0.192	-0.019	0.433	0.758	"4"
"封建"	0	0	0	1	0.231	0.357	0.043	0.369	-0.114	-0.192	-0.019	0.433	0.758	"4"
"射箭"	0	0	1	0	0.231	0.357	0.043	0.369	-0.114	-0.192	1.362	-0.2	1.868	"3"
"将军"	0	1	0	0	0.231	0.357	0.043	0.369	-0.114	0.448	-0.019	-0.2	0.781	"2"
"尊严"	0	0	0	1	0.231	0.357	0.043	0.369	-0.114	-0.192	-0.019	0.433	0.758	"4"
"尊重"	0	0	0	2	0.462	0.713	0.087	0.738	-0.228	-0.383	-0.039	0.866	1.516	"4"
"小姐"	0	1	0	0	0.231	0.357	0.043	0.369	-0.114	0.448	-0.019	-0.2	0.781	"2"
"小巖城"	0	1	0	0	0.231	0.357	0.043	0.369	-0.114	0.448	-0.019	-0.2	0.781	"2"
"小生"	0	1	0	0	0.231	0.357	0.043	0.369	-0.114	0.448	-0.019	-0.2	0.781	"2"
"小组"	6	0	0	0	1.386	2.14	0.261	2.213	3.817	-1.149	-0.116	-1.199	6.281	"1"
"少数"	0	1	0	0	0.231	0.357	0.043	0.369	-0.114	0.448	-0.019	-0.2	0.781	"2"
"尚未"	0	2	0	0	0.462	0.713	0.087	0.738	-0.228	0.896	-0.039	-0.4	1.563	"2"
"尤"	0	0	0	1	0.231	0.357	0.043	0.369	-0.114	-0.192	-0.019	0.433	0.758	"4"
"就业"	0	3	0	0	0.693	1.07	0.13	1.106	-0.342	1.343	-0.058	-0.6	2.343	"2"
"就职"	1	1	0	0	0.462	0.713	0.087	0.738	0.389	0.232	-0.039	-0.4	1.06	"4"
"尸"	0	1	0	0	0.231	0.357	0.043	0.369	-0.114	0.448	-0.019	-0.2	0.781	"2"
"尸体"	0	1	0	0	0.231	0.357	0.043	0.369	-0.114	0.448	-0.019	-0.2	0.781	"2"
"尽成"	0	1	0	0	0.231	0.357	0.043	0.369	-0.114	0.448	-0.019	-0.2	0.781	"2"
"尽量"	0	1	0	0	0.231	0.357	0.043	0.369	-0.114	0.448	-0.019	-0.2	0.781	"2"
"居"	0	0	3	0	0.693	1.07	0.13	1.106	-0.342	-0.575	4.085	-0.6	5.602	"3"
"居于"	0	0	1	2	0.693	1.07	0.13	1.106	-0.342	-0.575	0.903	0.512	2.332	"3"
"居功厥伟"	0	0	0	1	0.231	0.357	0.043	0.369	-0.114	-0.192	-0.019	0.433	0.758	"4"
"居民"	1	4	0	0	1.155	1.783	0.217	1.844	-0.172	1.238	-0.097	-0.999	2.506	"2"
"居留"	1	0	0	0	0.231	0.357	0.043	0.369	0.636	-0.192	-0.019	-0.2	1.047	"1"
"居积"	0	0	1	0	0.231	0.357	0.043	0.369	-0.114	-0.192	1.362	-0.2	1.868	"3"
"屋主"	0	1	0	0	0.231	0.357	0.043	0.369	-0.114	0.448	-0.019	-0.2	0.781	"2"
"岁次"	0	0	0	1	0.231	0.357	0.043	0.369	-0.114	-0.192	-0.019	0.433	0.758	"4"
"崇高"	0	0	0	3	0.693	1.07	0.13	1.106	-0.342	-0.575	-0.058	1.3	2.275	"4"
"崛起"	0	0	0	1	0.231	0.357	0.043	0.369	-0.114	-0.192	-0.019	0.433	0.758	"4"
"巡逻"	0	1	0	0	0.231	0.357	0.043	0.369	-0.114	0.448	-0.019	-0.2	0.781	"2"
"工业"	0	3	0	0	0.693	1.07	0.13	1.106	-0.342	1.343	-0.058	-0.6	2.343	"2"
"工作"	0	4	0	0	0.924	1.426	0.174	1.475	-0.456	1.791	-0.077	-0.799	3.123	"2"
"工作日"	0	1	0	0	0.231	0.357	0.043	0.369	-0.114	0.448	-0.019	-0.2	0.781	"2"
"工资"	0	1	0	0	0.231	0.357	0.043	0.369	-0.114	0.448	-0.019	-0.2	0.781	"2"
"巧妙"	0	1	0	0	0.231	0.357	0.043	0.369	-0.114	0.448	-0.019	-0.2	0.781	"2"
"巩固"	0	0	0	5	1.155	1.783	0.217	1.844	-0.571	-0.958	-0.097	2.166	3.792	"4"
"巩固党"	0	0	0	1	0.231	0.357	0.043	0.369	-0.114	-0.192	-0.019	0.433	0.758	"4"
"巫统"	3	0	0	0	0.693	1.07	0.13	1.106	1.909	-0.575	-0.058	-0.6	3.142	"1"
"巴"	0	2	0	1	0.693	1.07	0.13	1.106	-0.342	0.536	-0.058	-0.16	1.096	"2"
"巴勒斯坦"	0	1	0	0	0.231	0.357	0.043	0.369	-0.114	0.448	-0.019	-0.2	0.781	"2"
"巴勒斯坦国"	0	1	0	0	0.231	0.357	0.043	0.369	-0.114	0.448	-0.019	-0.2	0.781	"2"
"巴拉克"	0	1	0	0	0.231	0.357	0.043	0.369	-0.114	0.448	-0.019	-0.2	0.781	"2"
"市场"	0	0	0	10	2.311	3.566	0.435	3.688	-1.141	-1.915	-0.193	4.332	7.581	"4"
"布什"	0	1	0	0	0.231	0.357	0.043	0.369	-0.114	0.448	-0.019	-0.2	0.781	"2"
"希拉莉"	0	1	0	0	0.231	0.357	0.043	0.369	-0.114	0.448	-0.019	-0.2	0.781	"2"
"带领"	1	0	0	0	0.231	0.357	0.043	0.369	0.636	-0.192	-0.019	-0.2	1.047	"1"
"席"	1	0	1	2	0.924	1.426	0.174	1.475	0.187	-0.766	0.788	0.328	2.069	"3"
"常务"	1	0	0	0	0.231	0.357	0.043	0.369	0.636	-0.192	-0.019	-0.2	1.047	"1"
"幕后"	0	1	0	0	0.231	0.357	0.043	0.369	-0.114	0.448	-0.019	-0.2	0.781	"2"
"干部"	0	2	0	0	0.462	0.713	0.087	0.738	-0.228	0.896	-0.039	-0.4	1.563	"2"
"平民"	0	1	0	0	0.231	0.357	0.043	0.369	-0.114	0.448	-0.019	-0.2	0.781	"2"
"庆隆"	1	0	0	0	0.231	0.357	0.043	0.369	0.636	-0.192	-0.019	-0.2	1.047	"1"
"库斯"	1	0	0	0	0.231	0.357	0.043	0.369	0.636	-0.192	-0.019	-0.2	1.047	"1"
"延聘"	1	0	0	0	0.231	0.357	0.043	0.369	0.636	-0.192	-0.019	-0.2	1.047	"1"
"廷"	0	0	0	1	0.231	0.357	0.043	0.369	-0.114	-0.192	-0.019	0.433	0.758	"4"
"开展"	0	0	0	1	0.231	0.357	0.043	0.369	-0.114	-0.192	-0.019	0.433	0.758	"4"
"开设"	0	1	0	0	0.231	0.357	0.043	0.369	-0.114	0.448	-0.019	-0.2	0.781	"2"
"张国荣"	0	1	0	0	0.231	0.357	0.043	0.369	-0.114	0.448	-0.019	-0.2	0.781	"2"
"张立达"	0	0	0	1	0.231	0.357	0.043	0.369	-0.114	-0.192	-0.019	0.433	0.758	"4"
"弱势"	0	0	0	1	0.231	0.357	0.043	0.369	-0.114	-0.192	-0.019	0.433	0.758	"4"
"强化"	0	0	0	1	0.231	0.357	0.043	0.369	-0.114	-0.192	-0.019	0.433	0.758	"4"
"强队"	0	0	0	1	0.231	0.357	0.043	0.369	-0.114	-0.192	-0.019	0.433	0.758	"4"
"当事人"	0	1	0	0	0.231	0.357	0.043	0.369	-0.114	0.448	-0.019	-0.2	0.781	"2"
"当权"	0	1	0	0	0.231	0.357	0.043	0.369	-0.114	0.448	-0.019	-0.2	0.781	"2"
"录取"	0	1	0	0	0.231	0.357	0.043	0.369	-0.114	0.448	-0.019	-0.2	0.781	"2"
"彭州"	0	1	0	0	0.231	0.357	0.043	0.369	-0.114	0.448	-0.019	-0.2	0.781	"2"
"彰显"	0	0	0	1	0.231	0.357	0.043	0.369	-0.114	-0.192	-0.019	0.433	0.758	"4"
"影响力"	0	0	0	1	0.231	0.357	0.043	0.369	-0.114	-0.192	-0.019	0.433	0.758	"4"
"彼得"	0	1	0	0	0.231	0.357	0.043	0.369	-0.114	0.448	-0.019	-0.2	0.781	"2"
"得到"	0	0	0	2	0.462	0.713	0.087	0.738	-0.228	-0.383	-0.039	0.866	1.516	"4"
"微软"	0	0	0	1	0.231	0.357	0.043	0.369	-0.114	-0.192	-0.019	0.433	0.758	"4"
"心目中"	0	1	0	0	0.231	0.357	0.043	0.369	-0.114	0.448	-0.019	-0.2	0.781	"2"
"忽"	0	0	0	1	0.231	0.357	0.043	0.369	-0.114	-0.192	-0.019	0.433	0.758	"4"
"思想"	0	0	0	1	0.231	0.357	0.043	0.369	-0.114	-0.192	-0.019	0.433	0.758	"4"
"急急"	1	0	0	0	0.231	0.357	0.043	0.369	0.636	-0.192	-0.019	-0.2	1.047	"1"
"总召集人"	1	0	0	0	0.231	0.357	0.043	0.369	0.636	-0.192	-0.019	-0.2	1.047	"1"
"总司令"	1	0	0	0	0.231	0.357	0.043	0.369	0.636	-0.192	-0.019	-0.2	1.047	"1"
"总理"	0	1	0	0	0.231	0.357	0.043	0.369	-0.114	0.448	-0.019	-0.2	0.781	"2"
"总监"	0	2	0	0	0.462	0.713	0.087	0.738	-0.228	0.896	-0.039	-0.4	1.563	"2"
"总经理"	1	0	0	0	0.231	0.357	0.043	0.369	0.636	-0.192	-0.019	-0.2	1.047	"1"
"总统"	12	6	0	0	4.159	6.419	0.783	6.639	3.988	-0.279	-0.348	-3.597	8.212	"1"
"恋"	0	1	0	0	0.231	0.357	0.043	0.369	-0.114	0.448	-0.019	-0.2	0.781	"2"
"恐怖"	0	1	0	0	0.231	0.357	0.043	0.369	-0.114	0.448	-0.019	-0.2	0.781	"2"
"恩盖桑"	0	1	0	0	0.231	0.357	0.043	0.369	-0.114	0.448	-0.019	-0.2	0.781	"2"
"愿"	0	5	0	0	1.155	1.783	0.217	1.844	-0.571	2.239	-0.097	-0.999	3.906	"2"
"愿意"	0	2	0	0	0.462	0.713	0.087	0.738	-0.228	0.896	-0.039	-0.4	1.563	"2"
"戈尔"	0	0	1	0	0.231	0.357	0.043	0.369	-0.114	-0.192	1.362	-0.2	1.868	"3"
"成人"	0	1	0	0	0.231	0.357	0.043	0.369	-0.114	0.448	-0.019	-0.2	0.781	"2"
"成员国"	0	0	0	1	0.231	0.357	0.043	0.369	-0.114	-0.192	-0.019	0.433	0.758	"4"
"成就"	0	0	0	1	0.231	0.357	0.043	0.369	-0.114	-0.192	-0.019	0.433	0.758	"4"
"我方"	1	0	0	0	0.231	0.357	0.043	0.369	0.636	-0.192	-0.019	-0.2	1.047	"1"
"战俘"	0	1	0	0	0.231	0.357	0.043	0.369	-0.114	0.448	-0.019	-0.2	0.781	"2"
"战后"	0	0	0	2	0.462	0.713	0.087	0.738	-0.228	-0.383	-0.039	0.866	1.516	"4"
"战地"	1	0	0	0	0.231	0.357	0.043	0.369	0.636	-0.192	-0.019	-0.2	1.047	"1"
"战略"	0	0	1	4	1.155	1.783	0.217	1.844	-0.571	-0.958	0.7	1.186	3.415	"4"
"手持"	1	0	0	0	0.231	0.357	0.043	0.369	0.636	-0.192	-0.019	-0.2	1.047	"1"
"才"	0	0	1	0	0.231	0.357	0.043	0.369	-0.114	-0.192	1.362	-0.2	1.868	"3"
"打入"	1	0	0	0	0.231	0.357	0.043	0.369	0.636	-0.192	-0.019	-0.2	1.047	"1"
"打工仔"	0	0	0	1	0.231	0.357	0.043	0.369	-0.114	-0.192	-0.019	0.433	0.758	"4"
"打成"	1	0	0	0	0.231	0.357	0.043	0.369	0.636	-0.192	-0.019	-0.2	1.047	"1"
"打赌"	0	1	0	0	0.231	0.357	0.043	0.369	-0.114	0.448	-0.019	-0.2	0.781	"2"
"打进"	1	0	0	0	0.231	0.357	0.043	0.369	0.636	-0.192	-0.019	-0.2	1.047	"1"
"执政"	0	0	0	3	0.693	1.07	0.13	1.106	-0.342	-0.575	-0.058	1.3	2.275	"4"
"执照"	0	1	0	0	0.231	0.357	0.043	0.369	-0.114	0.448	-0.019	-0.2	0.781	"2"
"执行"	0	1	0	0	0.231	0.357	0.043	0.369	-0.114	0.448	-0.019	-0.2	0.781	"2"
"扬智"	0	0	1	0	0.231	0.357	0.043	0.369	-0.114	-0.192	1.362	-0.2	1.868	"3"
"扼守"	0	0	0	1	0.231	0.357	0.043	0.369	-0.114	-0.192	-0.019	0.433	0.758	"4"
"承认"	0	0	0	3	0.693	1.07	0.13	1.106	-0.342	-0.575	-0.058	1.3	2.275	"4"
"把握住"	0	0	0	1	0.231	0.357	0.043	0.369	-0.114	-0.192	-0.019	0.433	0.758	"4"
"护照"	0	1	0	0	0.231	0.357	0.043	0.369	-0.114	0.448	-0.019	-0.2	0.781	"2"
"报考"	1	0	0	0	0.231	0.357	0.043	0.369	0.636	-0.192	-0.019	-0.2	1.047	"1"
"抵消"	0	1	0	0	0.231	0.357	0.043	0.369	-0.114	0.448	-0.019	-0.2	0.781	"2"
"担任"	0	3	0	0	0.693	1.07	0.13	1.106	-0.342	1.343	-0.058	-0.6	2.343	"2"
"拉尔省"	0	1	0	0	0.231	0.357	0.043	0.369	-0.114	0.448	-0.019	-0.2	0.781	"2"
"拒绝"	0	1	0	0	0.231	0.357	0.043	0.369	-0.114	0.448	-0.019	-0.2	0.781	"2"
"招聘"	0	1	0	0	0.231	0.357	0.043	0.369	-0.114	0.448	-0.019	-0.2	0.781	"2"
"拥有"	0	0	0	5	1.155	1.783	0.217	1.844	-0.571	-0.958	-0.097	2.166	3.792	"4"
"拿出"	0	1	0	0	0.231	0.357	0.043	0.369	-0.114	0.448	-0.019	-0.2	0.781	"2"
"持"	1	0	0	0	0.231	0.357	0.043	0.369	0.636	-0.192	-0.019	-0.2	1.047	"1"
"指导"	0	0	0	2	0.462	0.713	0.087	0.738	-0.228	-0.383	-0.039	0.866	1.516	"4"
"指明"	0	1	0	0	0.231	0.357	0.043	0.369	-0.114	0.448	-0.019	-0.2	0.781	"2"
"挑战"	0	0	0	1	0.231	0.357	0.043	0.369	-0.114	-0.192	-0.019	0.433	0.758	"4"
"挥杆"	0	1	0	0	0.231	0.357	0.043	0.369	-0.114	0.448	-0.019	-0.2	0.781	"2"
"挨打"	0	0	0	1	0.231	0.357	0.043	0.369	-0.114	-0.192	-0.019	0.433	0.758	"4"
"捐献者"	0	1	0	0	0.231	0.357	0.043	0.369	-0.114	0.448	-0.019	-0.2	0.781	"2"
"损失"	0	2	0	0	0.462	0.713	0.087	0.738	-0.228	0.896	-0.039	-0.4	1.563	"2"
"掌握"	0	1	0	0	0.231	0.357	0.043	0.369	-0.114	0.448	-0.019	-0.2	0.781	"2"
"排入"	1	0	0	0	0.231	0.357	0.043	0.369	0.636	-0.192	-0.019	-0.2	1.047	"1"
"接受"	1	0	0	0	0.231	0.357	0.043	0.369	0.636	-0.192	-0.019	-0.2	1.047	"1"
"接替"	0	1	0	0	0.231	0.357	0.043	0.369	-0.114	0.448	-0.019	-0.2	0.781	"2"
"掩饰"	0	1	0	0	0.231	0.357	0.043	0.369	-0.114	0.448	-0.019	-0.2	0.781	"2"
"提供"	0	1	0	0	0.231	0.357	0.043	0.369	-0.114	0.448	-0.019	-0.2	0.781	"2"
"提升"	0	0	0	9	2.08	3.209	0.391	3.319	-1.027	-1.724	-0.174	3.899	6.824	"4"
"提昇"	0	0	0	1	0.231	0.357	0.043	0.369	-0.114	-0.192	-0.019	0.433	0.758	"4"
"提高"	0	0	1	13	3.235	4.992	0.609	5.164	-1.598	-2.681	0.334	4.667	9.28	"4"
"搭客"	1	0	0	0	0.231	0.357	0.043	0.369	0.636	-0.192	-0.019	-0.2	1.047	"1"
"摆"	0	0	0	1	0.231	0.357	0.043	0.369	-0.114	-0.192	-0.019	0.433	0.758	"4"
"摇"	0	0	0	1	0.231	0.357	0.043	0.369	-0.114	-0.192	-0.019	0.433	0.758	"4"
"摩洛哥"	0	1	0	0	0.231	0.357	0.043	0.369	-0.114	0.448	-0.019	-0.2	0.781	"2"
"撼动"	0	0	0	1	0.231	0.357	0.043	0.369	-0.114	-0.192	-0.019	0.433	0.758	"4"
"操作系统"	0	0	0	1	0.231	0.357	0.043	0.369	-0.114	-0.192	-0.019	0.433	0.758	"4"
"操纵"	0	1	0	0	0.231	0.357	0.043	0.369	-0.114	0.448	-0.019	-0.2	0.781	"2"
"支持"	1	1	0	0	0.462	0.713	0.087	0.738	0.389	0.232	-0.039	-0.4	1.06	"4"
"支援"	0	1	0	0	0.231	0.357	0.043	0.369	-0.114	0.448	-0.019	-0.2	0.781	"2"
"支配"	0	0	0	1	0.231	0.357	0.043	0.369	-0.114	-0.192	-0.019	0.433	0.758	"4"
"改变"	0	1	0	2	0.693	1.07	0.13	1.106	-0.342	-0.149	-0.058	0.512	1.061	"4"
"放在"	0	0	0	2	0.462	0.713	0.087	0.738	-0.228	-0.383	-0.039	0.866	1.516	"4"
"政务"	0	2	0	0	0.462	0.713	0.087	0.738	-0.228	0.896	-0.039	-0.4	1.563	"2"
"政务官"	1	0	0	0	0.231	0.357	0.043	0.369	0.636	-0.192	-0.019	-0.2	1.047	"1"
"政坛"	0	1	0	0	0.231	0.357	0.043	0.369	-0.114	0.448	-0.019	-0.2	0.781	"2"
"政府机"	1	0	0	0	0.231	0.357	0.043	0.369	0.636	-0.192	-0.019	-0.2	1.047	"1"
"政治"	0	2	1	15	4.159	6.419	0.783	6.639	-2.054	-1.684	0.259	4.137	8.134	"4"
"政界"	0	1	0	0	0.231	0.357	0.043	0.369	-0.114	0.448	-0.019	-0.2	0.781	"2"
"敏感"	0	0	0	1	0.231	0.357	0.043	0.369	-0.114	-0.192	-0.019	0.433	0.758	"4"
"教义"	0	0	0	1	0.231	0.357	0.043	0.369	-0.114	-0.192	-0.019	0.433	0.758	"4"
"教宗"	1	0	0	0	0.231	0.357	0.043	0.369	0.636	-0.192	-0.019	-0.2	1.047	"1"
"教师"	0	1	0	0	0.231	0.357	0.043	0.369	-0.114	0.448	-0.019	-0.2	0.781	"2"
"教廷"	1	0	0	0	0.231	0.357	0.043	0.369	0.636	-0.192	-0.019	-0.2	1.047	"1"
"教授"	1	0	0	0	0.231	0.357	0.043	0.369	0.636	-0.192	-0.019	-0.2	1.047	"1"
"教练"	0	0	0	1	0.231	0.357	0.043	0.369	-0.114	-0.192	-0.019	0.433	0.758	"4"
"数百"	0	1	0	0	0.231	0.357	0.043	0.369	-0.114	0.448	-0.019	-0.2	0.781	"2"
"文明史"	0	0	0	1	0.231	0.357	0.043	0.369	-0.114	-0.192	-0.019	0.433	0.758	"4"
"斐然"	0	0	0	1	0.231	0.357	0.043	0.369	-0.114	-0.192	-0.019	0.433	0.758	"4"
"斗"	0	1	0	0	0.231	0.357	0.043	0.369	-0.114	0.448	-0.019	-0.2	0.781	"2"
"斯特劳"	0	0	0	1	0.231	0.357	0.043	0.369	-0.114	-0.192	-0.019	0.433	0.758	"4"
"新人"	1	0	0	0	0.231	0.357	0.043	0.369	0.636	-0.192	-0.019	-0.2	1.047	"1"
"新任"	1	0	0	0	0.231	0.357	0.043	0.369	0.636	-0.192	-0.019	-0.2	1.047	"1"
"新加"	0	0	0	1	0.231	0.357	0.043	0.369	-0.114	-0.192	-0.019	0.433	0.758	"4"
"新加坡人"	2	1	0	2	1.155	1.783	0.217	1.844	0.485	-0.381	-0.097	0.217	1.18	"1"
"新华"	0	2	0	0	0.462	0.713	0.087	0.738	-0.228	0.896	-0.039	-0.4	1.563	"2"
"新闻室"	0	1	0	0	0.231	0.357	0.043	0.369	-0.114	0.448	-0.019	-0.2	0.781	"2"
"新麒"	1	0	0	0	0.231	0.357	0.043	0.369	0.636	-0.192	-0.019	-0.2	1.047	"1"
"旁听"	1	0	0	0	0.231	0.357	0.043	0.369	0.636	-0.192	-0.019	-0.2	1.047	"1"
"旁观者"	1	0	0	0	0.231	0.357	0.043	0.369	0.636	-0.192	-0.019	-0.2	1.047	"1"
"旅游"	1	0	0	0	0.231	0.357	0.043	0.369	0.636	-0.192	-0.019	-0.2	1.047	"1"
"旅游业"	0	4	0	0	0.924	1.426	0.174	1.475	-0.456	1.791	-0.077	-0.799	3.123	"2"
"旅行"	0	1	0	0	0.231	0.357	0.043	0.369	-0.114	0.448	-0.019	-0.2	0.781	"2"
"旅行社"	0	1	0	0	0.231	0.357	0.043	0.369	-0.114	0.448	-0.019	-0.2	0.781	"2"
"无党籍"	3	0	0	0	0.693	1.07	0.13	1.106	1.909	-0.575	-0.058	-0.6	3.142	"1"
"无法"	3	3	0	0	1.386	2.14	0.261	2.213	0.852	0.436	-0.116	-1.199	2.603	"4"
"无误"	0	1	0	0	0.231	0.357	0.043	0.369	-0.114	0.448	-0.019	-0.2	0.781	"2"
"日"	3	0	0	0	0.693	1.07	0.13	1.106	1.909	-0.575	-0.058	-0.6	3.142	"1"
"日后"	0	0	0	1	0.231	0.357	0.043	0.369	-0.114	-0.192	-0.019	0.433	0.758	"4"
"日本人"	0	1	0	0	0.231	0.357	0.043	0.369	-0.114	0.448	-0.019	-0.2	0.781	"2"
"日渐"	0	0	0	1	0.231	0.357	0.043	0.369	-0.114	-0.192	-0.019	0.433	0.758	"4"
"日益"	0	0	0	1	0.231	0.357	0.043	0.369	-0.114	-0.192	-0.019	0.433	0.758	"4"
"时常"	0	0	0	2	0.462	0.713	0.087	0.738	-0.228	-0.383	-0.039	0.866	1.516	"4"
"昆虫"	0	0	0	1	0.231	0.357	0.043	0.369	-0.114	-0.192	-0.019	0.433	0.758	"4"
"明显"	0	0	0	2	0.462	0.713	0.087	0.738	-0.228	-0.383	-0.039	0.866	1.516	"4"
"易"	0	0	0	1	0.231	0.357	0.043	0.369	-0.114	-0.192	-0.019	0.433	0.758	"4"
"星卉"	0	1	0	0	0.231	0.357	0.043	0.369	-0.114	0.448	-0.019	-0.2	0.781	"2"
"是以"	8	1	0	0	2.08	3.209	0.391	3.319	4.235	-0.946	-0.174	-1.799	7.154	"1"
"显眼"	0	1	0	0	0.231	0.357	0.043	0.369	-0.114	0.448	-0.019	-0.2	0.781	"2"
"显赫"	0	0	0	1	0.231	0.357	0.043	0.369	-0.114	-0.192	-0.019	0.433	0.758	"4"
"晋级"	1	0	0	0	0.231	0.357	0.043	0.369	0.636	-0.192	-0.019	-0.2	1.047	"1"
"普查员"	0	1	0	0	0.231	0.357	0.043	0.369	-0.114	0.448	-0.019	-0.2	0.781	"2"
"普通"	1	0	0	0	0.231	0.357	0.043	0.369	0.636	-0.192	-0.019	-0.2	1.047	"1"
"暂时"	0	1	0	0	0.231	0.357	0.043	0.369	-0.114	0.448	-0.019	-0.2	0.781	"2"
"曝光"	0	1	0	0	0.231	0.357	0.043	0.369	-0.114	0.448	-0.019	-0.2	0.781	"2"
"曝露"	0	0	0	1	0.231	0.357	0.043	0.369	-0.114	-0.192	-0.019	0.433	0.758	"4"
"更加"	0	0	0	3	0.693	1.07	0.13	1.106	-0.342	-0.575	-0.058	1.3	2.275	"4"
"曼谷"	0	1	0	0	0.231	0.357	0.043	0.369	-0.114	0.448	-0.019	-0.2	0.781	"2"
"曾荫权"	0	0	0	1	0.231	0.357	0.043	0.369	-0.114	-0.192	-0.019	0.433	0.758	"4"
"最佳"	0	1	0	0	0.231	0.357	0.043	0.369	-0.114	0.448	-0.019	-0.2	0.781	"2"
"最佳男"	1	0	0	0	0.231	0.357	0.043	0.369	0.636	-0.192	-0.019	-0.2	1.047	"1"
"最惠国"	0	1	0	0	0.231	0.357	0.043	0.369	-0.114	0.448	-0.019	-0.2	0.781	"2"
"最终"	0	3	0	2	1.155	1.783	0.217	1.844	-0.571	0.61	-0.097	0.217	1.495	"2"
"最高法院"	0	1	0	0	0.231	0.357	0.043	0.369	-0.114	0.448	-0.019	-0.2	0.781	"2"
"有利"	0	0	0	2	0.462	0.713	0.087	0.738	-0.228	-0.383	-0.039	0.866	1.516	"4"
"有悖于"	0	0	0	1	0.231	0.357	0.043	0.369	-0.114	-0.192	-0.019	0.433	0.758	"4"
"朋友"	1	0	0	0	0.231	0.357	0.043	0.369	0.636	-0.192	-0.019	-0.2	1.047	"1"
"朝鲜半岛"	0	0	0	2	0.462	0.713	0.087	0.738	-0.228	-0.383	-0.039	0.866	1.516	"4"
"木匠"	1	0	0	0	0.231	0.357	0.043	0.369	0.636	-0.192	-0.019	-0.2	1.047	"1"
"本文"	0	0	0	1	0.231	0.357	0.043	0.369	-0.114	-0.192	-0.019	0.433	0.758	"4"
"本来"	0	0	0	1	0.231	0.357	0.043	0.369	-0.114	-0.192	-0.019	0.433	0.758	"4"
"权"	0	1	0	0	0.231	0.357	0.043	0.369	-0.114	0.448	-0.019	-0.2	0.781	"2"
"权力"	1	0	0	1	0.462	0.713	0.087	0.738	0.389	-0.383	-0.039	0.221	1.032	"1"
"权势"	0	0	0	3	0.693	1.07	0.13	1.106	-0.342	-0.575	-0.058	1.3	2.275	"4"
"权威性"	0	0	0	1	0.231	0.357	0.043	0.369	-0.114	-0.192	-0.019	0.433	0.758	"4"
"权益"	0	0	0	1	0.231	0.357	0.043	0.369	-0.114	-0.192	-0.019	0.433	0.758	"4"
"李企扬"	0	2	0	0	0.462	0.713	0.087	0.738	-0.228	0.896	-0.039	-0.4	1.563	"2"
"李明亮"	1	0	0	0	0.231	0.357	0.043	0.369	0.636	-0.192	-0.019	-0.2	1.047	"1"
"李正贤"	0	1	0	0	0.231	0.357	0.043	0.369	-0.114	0.448	-0.019	-0.2	0.781	"2"
"李登辉"	2	0	0	0	0.462	0.713	0.087	0.738	1.272	-0.383	-0.039	-0.4	2.094	"1"
"来"	1	1	0	0	0.462	0.713	0.087	0.738	0.389	0.232	-0.039	-0.4	1.06	"4"
"来宾"	0	1	0	0	0.231	0.357	0.043	0.369	-0.114	0.448	-0.019	-0.2	0.781	"2"
"杰出"	1	0	0	0	0.231	0.357	0.043	0.369	0.636	-0.192	-0.019	-0.2	1.047	"1"
"杰罗姆"	0	1	0	0	0.231	0.357	0.043	0.369	-0.114	0.448	-0.019	-0.2	0.781	"2"
"极"	0	0	0	1	0.231	0.357	0.043	0.369	-0.114	-0.192	-0.019	0.433	0.758	"4"
"极为"	0	0	0	1	0.231	0.357	0.043	0.369	-0.114	-0.192	-0.019	0.433	0.758	"4"
"极其"	0	1	0	0	0.231	0.357	0.043	0.369	-0.114	0.448	-0.019	-0.2	0.781	"2"
"构"	1	0	0	0	0.231	0.357	0.043	0.369	0.636	-0.192	-0.019	-0.2	1.047	"1"
"林佑威"	1	0	0	0	0.231	0.357	0.043	0.369	0.636	-0.192	-0.019	-0.2	1.047	"1"
"林文兴"	1	0	0	0	0.231	0.357	0.043	0.369	0.636	-0.192	-0.019	-0.2	1.047	"1"
"枢纽"	0	0	0	2	0.462	0.713	0.087	0.738	-0.228	-0.383	-0.039	0.866	1.516	"4"
"枪击"	0	1	0	0	0.231	0.357	0.043	0.369	-0.114	0.448	-0.019	-0.2	0.781	"2"
"枪手"	0	1	0	0	0.231	0.357	0.043	0.369	-0.114	0.448	-0.019	-0.2	0.781	"2"
"某"	0	1	0	0	0.231	0.357	0.043	0.369	-0.114	0.448	-0.019	-0.2	0.781	"2"
"查出"	0	1	0	0	0.231	0.357	0.043	0.369	-0.114	0.448	-0.019	-0.2	0.781	"2"
"查明"	0	2	0	0	0.462	0.713	0.087	0.738	-0.228	0.896	-0.039	-0.4	1.563	"2"
"查清"	0	1	0	0	0.231	0.357	0.043	0.369	-0.114	0.448	-0.019	-0.2	0.781	"2"
"柯瓦克斯"	0	1	0	0	0.231	0.357	0.043	0.369	-0.114	0.448	-0.019	-0.2	0.781	"2"
"柯索伏"	0	1	0	0	0.231	0.357	0.043	0.369	-0.114	0.448	-0.019	-0.2	0.781	"2"
"核"	0	0	0	3	0.693	1.07	0.13	1.106	-0.342	-0.575	-0.058	1.3	2.275	"4"
"核实"	0	1	0	0	0.231	0.357	0.043	0.369	-0.114	0.448	-0.019	-0.2	0.781	"2"
"核查"	0	1	0	0	0.231	0.357	0.043	0.369	-0.114	0.448	-0.019	-0.2	0.781	"2"
"核武器"	0	0	0	1	0.231	0.357	0.043	0.369	-0.114	-0.192	-0.019	0.433	0.758	"4"
"根据"	0	1	0	0	0.231	0.357	0.043	0.369	-0.114	0.448	-0.019	-0.2	0.781	"2"
"桥梁"	0	0	0	1	0.231	0.357	0.043	0.369	-0.114	-0.192	-0.019	0.433	0.758	"4"
"检方"	0	2	0	0	0.462	0.713	0.087	0.738	-0.228	0.896	-0.039	-0.4	1.563	"2"
"棘手"	0	1	0	0	0.231	0.357	0.043	0.369	-0.114	0.448	-0.019	-0.2	0.781	"2"
"横行"	0	1	0	0	0.231	0.357	0.043	0.369	-0.114	0.448	-0.019	-0.2	0.781	"2"
"正常"	0	0	0	1	0.231	0.357	0.043	0.369	-0.114	-0.192	-0.019	0.433	0.758	"4"
"正式"	1	0	0	1	0.462	0.713	0.087	0.738	0.389	-0.383	-0.039	0.221	1.032	"1"
"正选"	1	0	0	0	0.231	0.357	0.043	0.369	0.636	-0.192	-0.019	-0.2	1.047	"1"
"武装"	0	2	0	0	0.462	0.713	0.087	0.738	-0.228	0.896	-0.039	-0.4	1.563	"2"
"死者"	0	3	0	0	0.693	1.07	0.13	1.106	-0.342	1.343	-0.058	-0.6	2.343	"2"
"毋庸置疑"	0	1	0	0	0.231	0.357	0.043	0.369	-0.114	0.448	-0.019	-0.2	0.781	"2"
"母语"	0	0	0	2	0.462	0.713	0.087	0.738	-0.228	-0.383	-0.039	0.866	1.516	"4"
"比如"	0	0	0	1	0.231	0.357	0.043	0.369	-0.114	-0.192	-0.019	0.433	0.758	"4"
"比对"	0	2	0	0	0.462	0.713	0.087	0.738	-0.228	0.896	-0.039	-0.4	1.563	"2"
"民主党人"	0	1	0	0	0.231	0.357	0.043	0.369	-0.114	0.448	-0.019	-0.2	0.781	"2"
"民主进步党"	1	0	0	0	0.231	0.357	0.043	0.369	0.636	-0.192	-0.019	-0.2	1.047	"1"
"民代"	1	0	0	0	0.231	0.357	0.043	0.369	0.636	-0.192	-0.019	-0.2	1.047	"1"
"民间"	1	0	0	0	0.231	0.357	0.043	0.369	0.636	-0.192	-0.019	-0.2	1.047	"1"
"水涨船高"	0	0	0	1	0.231	0.357	0.043	0.369	-0.114	-0.192	-0.019	0.433	0.758	"4"
"求取"	0	1	0	0	0.231	0.357	0.043	0.369	-0.114	0.448	-0.019	-0.2	0.781	"2"
"求职"	0	1	0	0	0.231	0.357	0.043	0.369	-0.114	0.448	-0.019	-0.2	0.781	"2"
"汉学"	0	0	0	1	0.231	0.357	0.043	0.369	-0.114	-0.192	-0.019	0.433	0.758	"4"
"没落"	0	0	0	1	0.231	0.357	0.043	0.369	-0.114	-0.192	-0.019	0.433	0.758	"4"
"河利秀"	0	2	0	0	0.462	0.713	0.087	0.738	-0.228	0.896	-0.039	-0.4	1.563	"2"
"法人"	0	0	0	2	0.462	0.713	0.087	0.738	-0.228	-0.383	-0.039	0.866	1.516	"4"
"法兰西"	1	0	0	0	0.231	0.357	0.043	0.369	0.636	-0.192	-0.019	-0.2	1.047	"1"
"法律"	0	1	0	0	0.231	0.357	0.043	0.369	-0.114	0.448	-0.019	-0.2	0.781	"2"
"洋"	0	0	1	0	0.231	0.357	0.043	0.369	-0.114	-0.192	1.362	-0.2	1.868	"3"
"洛佩兹"	0	0	0	1	0.231	0.357	0.043	0.369	-0.114	-0.192	-0.019	0.433	0.758	"4"
"洲"	0	0	0	1	0.231	0.357	0.043	0.369	-0.114	-0.192	-0.019	0.433	0.758	"4"
"流亡"	0	0	0	1	0.231	0.357	0.043	0.369	-0.114	-0.192	-0.019	0.433	0.758	"4"
"海洋史"	0	0	0	1	0.231	0.357	0.043	0.369	-0.114	-0.192	-0.019	0.433	0.758	"4"
"消失"	0	1	1	1	0.693	1.07	0.13	1.106	-0.342	-0.149	0.903	-0.16	1.554	"3"
"涉及"	0	1	0	0	0.231	0.357	0.043	0.369	-0.114	0.448	-0.019	-0.2	0.781	"2"
"涉嫌"	1	0	0	0	0.231	0.357	0.043	0.369	0.636	-0.192	-0.019	-0.2	1.047	"1"
"涉案人"	0	1	0	0	0.231	0.357	0.043	0.369	-0.114	0.448	-0.019	-0.2	0.781	"2"
"淋漓尽致"	0	0	0	1	0.231	0.357	0.043	0.369	-0.114	-0.192	-0.019	0.433	0.758	"4"
"深感"	0	1	0	0	0.231	0.357	0.043	0.369	-0.114	0.448	-0.019	-0.2	0.781	"2"
"混血儿"	0	1	0	0	0.231	0.357	0.043	0.369	-0.114	0.448	-0.019	-0.2	0.781	"2"
"渐"	0	0	0	1	0.231	0.357	0.043	0.369	-0.114	-0.192	-0.019	0.433	0.758	"4"
"港"	1	0	0	0	0.231	0.357	0.043	0.369	0.636	-0.192	-0.019	-0.2	1.047	"1"
"港府"	0	1	0	0	0.231	0.357	0.043	0.369	-0.114	0.448	-0.019	-0.2	0.781	"2"
"演艺圈"	0	0	0	2	0.462	0.713	0.087	0.738	-0.228	-0.383	-0.039	0.866	1.516	"4"
"澳"	0	0	0	1	0.231	0.357	0.043	0.369	-0.114	-0.192	-0.019	0.433	0.758	"4"
"澳洲籍"	1	0	0	0	0.231	0.357	0.043	0.369	0.636	-0.192	-0.019	-0.2	1.047	"1"
"激怒"	0	1	0	0	0.231	0.357	0.043	0.369	-0.114	0.448	-0.019	-0.2	0.781	"2"
"火车头"	0	0	0	2	0.462	0.713	0.087	0.738	-0.228	-0.383	-0.039	0.866	1.516	"4"
"炫"	0	1	0	0	0.231	0.357	0.043	0.369	-0.114	0.448	-0.019	-0.2	0.781	"2"
"爱丽"	0	1	0	0	0.231	0.357	0.043	0.369	-0.114	0.448	-0.019	-0.2	0.781	"2"
"父母"	0	1	0	0	0.231	0.357	0.043	0.369	-0.114	0.448	-0.019	-0.2	0.781	"2"
"父辈"	0	0	0	1	0.231	0.357	0.043	0.369	-0.114	-0.192	-0.019	0.433	0.758	"4"
"牛津"	0	1	0	0	0.231	0.357	0.043	0.369	-0.114	0.448	-0.019	-0.2	0.781	"2"
"物流"	0	0	0	1	0.231	0.357	0.043	0.369	-0.114	-0.192	-0.019	0.433	0.758	"4"
"特使"	1	0	0	0	0.231	0.357	0.043	0.369	0.636	-0.192	-0.019	-0.2	1.047	"1"
"特使团"	1	0	0	0	0.231	0.357	0.043	0.369	0.636	-0.192	-0.019	-0.2	1.047	"1"
"特殊"	1	0	0	5	1.386	2.14	0.261	2.213	-0.237	-1.149	-0.116	1.547	3.049	"4"
"独"	0	0	0	1	0.231	0.357	0.043	0.369	-0.114	-0.192	-0.019	0.433	0.758	"4"
"独特"	0	0	0	3	0.693	1.07	0.13	1.106	-0.342	-0.575	-0.058	1.3	2.275	"4"
"独立"	1	0	0	2	0.693	1.07	0.13	1.106	0.263	-0.575	-0.058	0.512	1.408	"2"
"率团"	1	0	0	0	0.231	0.357	0.043	0.369	0.636	-0.192	-0.019	-0.2	1.047	"1"
"王"	0	2	0	0	0.462	0.713	0.087	0.738	-0.228	0.896	-0.039	-0.4	1.563	"2"
"王兆国"	0	0	0	1	0.231	0.357	0.043	0.369	-0.114	-0.192	-0.019	0.433	0.758	"4"
"王文洋"	1	0	0	0	0.231	0.357	0.043	0.369	0.636	-0.192	-0.019	-0.2	1.047	"1"
"王金平"	1	0	0	0	0.231	0.357	0.043	0.369	0.636	-0.192	-0.019	-0.2	1.047	"1"
"现身"	1	0	0	0	0.231	0.357	0.043	0.369	0.636	-0.192	-0.019	-0.2	1.047	"1"
"珍妮佛洛佩兹"	0	0	0	1	0.231	0.357	0.043	0.369	-0.114	-0.192	-0.019	0.433	0.758	"4"
"球员"	4	0	0	0	0.924	1.426	0.174	1.475	2.545	-0.766	-0.077	-0.799	4.187	"1"
"瓦希德"	0	0	0	2	0.462	0.713	0.087	0.738	-0.228	-0.383	-0.039	0.866	1.516	"4"
"甘巴尔"	0	0	0	1	0.231	0.357	0.043	0.369	-0.114	-0.192	-0.019	0.433	0.758	"4"
"生态"	0	0	0	2	0.462	0.713	0.087	0.738	-0.228	-0.383	-0.039	0.866	1.516	"4"
"用于"	0	1	0	0	0.231	0.357	0.043	0.369	-0.114	0.448	-0.019	-0.2	0.781	"2"
"由"	0	3	0	0	0.693	1.07	0.13	1.106	-0.342	1.343	-0.058	-0.6	2.343	"2"
"申请人"	0	1	0	0	0.231	0.357	0.043	0.369	-0.114	0.448	-0.019	-0.2	0.781	"2"
"男子"	0	2	0	0	0.462	0.713	0.087	0.738	-0.228	0.896	-0.039	-0.4	1.563	"2"
"男队"	0	0	1	2	0.693	1.07	0.13	1.106	-0.342	-0.575	0.903	0.512	2.332	"3"
"登记"	0	1	0	0	0.231	0.357	0.043	0.369	-0.114	0.448	-0.019	-0.2	0.781	"2"
"白领"	0	1	0	0	0.231	0.357	0.043	0.369	-0.114	0.448	-0.019	-0.2	0.781	"2"
"百万富翁"	0	0	0	1	0.231	0.357	0.043	0.369	-0.114	-0.192	-0.019	0.433	0.758	"4"
"皇后"	0	0	0	1	0.231	0.357	0.043	0.369	-0.114	-0.192	-0.019	0.433	0.758	"4"
"盟主"	3	0	0	0	0.693	1.07	0.13	1.106	1.909	-0.575	-0.058	-0.6	3.142	"1"
"相反"	0	0	0	1	0.231	0.357	0.043	0.369	-0.114	-0.192	-0.019	0.433	0.758	"4"
"相对"	0	1	0	1	0.462	0.713	0.087	0.738	-0.228	0.232	-0.039	0.221	0.72	"2"
"相应"	0	0	0	1	0.231	0.357	0.043	0.369	-0.114	-0.192	-0.019	0.433	0.758	"4"
"相称"	0	1	0	0	0.231	0.357	0.043	0.369	-0.114	0.448	-0.019	-0.2	0.781	"2"
"相适"	0	1	0	0	0.231	0.357	0.043	0.369	-0.114	0.448	-0.019	-0.2	0.781	"2"
"真假"	0	1	0	0	0.231	0.357	0.043	0.369	-0.114	0.448	-0.019	-0.2	0.781	"2"
"真实"	0	2	0	0	0.462	0.713	0.087	0.738	-0.228	0.896	-0.039	-0.4	1.563	"2"
"短期"	0	3	0	0	0.693	1.07	0.13	1.106	-0.342	1.343	-0.058	-0.6	2.343	"2"
"矮化"	0	1	0	0	0.231	0.357	0.043	0.369	-0.114	0.448	-0.019	-0.2	0.781	"2"
"石刻"	0	0	0	1	0.231	0.357	0.043	0.369	-0.114	-0.192	-0.019	0.433	0.758	"4"
"确定"	0	9	0	0	2.08	3.209	0.391	3.319	-1.027	4.03	-0.174	-1.799	7.03	"2"
"确立"	0	0	1	3	0.924	1.426	0.174	1.475	-0.456	-0.766	0.788	0.838	2.848	"4"
"确认"	0	7	0	0	1.618	2.496	0.304	2.582	-0.799	3.135	-0.135	-1.399	5.468	"2"
"礼耀"	0	1	0	0	0.231	0.357	0.043	0.369	-0.114	0.448	-0.019	-0.2	0.781	"2"
"社会"	0	0	0	13	3.004	4.636	0.565	4.795	-1.484	-2.49	-0.251	5.631	9.856	"4"
"社经"	0	0	0	1	0.231	0.357	0.043	0.369	-0.114	-0.192	-0.019	0.433	0.758	"4"
"祝贺"	1	0	0	0	0.231	0.357	0.043	0.369	0.636	-0.192	-0.019	-0.2	1.047	"1"
"神秘人"	0	1	0	0	0.231	0.357	0.043	0.369	-0.114	0.448	-0.019	-0.2	0.781	"2"
"福利部"	0	1	0	0	0.231	0.357	0.043	0.369	-0.114	0.448	-0.019	-0.2	0.781	"2"
"福晋"	0	0	0	1	0.231	0.357	0.043	0.369	-0.114	-0.192	-0.019	0.433	0.758	"4"
"私人"	4	0	0	0	0.924	1.426	0.174	1.475	2.545	-0.766	-0.077	-0.799	4.187	"1"
"私校"	1	0	0	0	0.231	0.357	0.043	0.369	0.636	-0.192	-0.019	-0.2	1.047	"1"
"科"	2	0	0	0	0.462	0.713	0.087	0.738	1.272	-0.383	-0.039	-0.4	2.094	"1"
"科学"	0	0	0	1	0.231	0.357	0.043	0.369	-0.114	-0.192	-0.019	0.433	0.758	"4"
"科技组"	0	1	0	0	0.231	0.357	0.043	0.369	-0.114	0.448	-0.019	-0.2	0.781	"2"
"科特迪瓦"	0	1	0	0	0.231	0.357	0.043	0.369	-0.114	0.448	-0.019	-0.2	0.781	"2"
"秘鲁"	0	1	0	0	0.231	0.357	0.043	0.369	-0.114	0.448	-0.019	-0.2	0.781	"2"
"租户"	0	1	0	0	0.231	0.357	0.043	0.369	-0.114	0.448	-0.019	-0.2	0.781	"2"
"积分"	0	0	1	0	0.231	0.357	0.043	0.369	-0.114	-0.192	1.362	-0.2	1.868	"3"
"移民"	2	0	0	0	0.462	0.713	0.087	0.738	1.272	-0.383	-0.039	-0.4	2.094	"1"
"移民局"	1	0	0	0	0.231	0.357	0.043	0.369	0.636	-0.192	-0.019	-0.2	1.047	"1"
"稳"	0	0	0	3	0.693	1.07	0.13	1.106	-0.342	-0.575	-0.058	1.3	2.275	"4"
"空出"	0	1	0	0	0.231	0.357	0.043	0.369	-0.114	0.448	-0.019	-0.2	0.781	"2"
"空缺"	0	6	0	0	1.386	2.14	0.261	2.213	-0.685	2.687	-0.116	-1.199	4.687	"2"
"空运"	0	0	0	1	0.231	0.357	0.043	0.369	-0.114	-0.192	-0.019	0.433	0.758	"4"
"空难"	0	1	0	0	0.231	0.357	0.043	0.369	-0.114	0.448	-0.019	-0.2	0.781	"2"
"突出"	0	0	0	2	0.462	0.713	0.087	0.738	-0.228	-0.383	-0.039	0.866	1.516	"4"
"突显"	0	1	0	0	0.231	0.357	0.043	0.369	-0.114	0.448	-0.019	-0.2	0.781	"2"
"窃盗"	0	1	0	0	0.231	0.357	0.043	0.369	-0.114	0.448	-0.019	-0.2	0.781	"2"
"立法委员"	2	0	0	0	0.462	0.713	0.087	0.738	1.272	-0.383	-0.039	-0.4	2.094	"1"
"立法院长"	1	0	0	0	0.231	0.357	0.043	0.369	0.636	-0.192	-0.019	-0.2	1.047	"1"
"竞争"	0	1	0	3	0.924	1.426	0.174	1.475	-0.456	-0.259	-0.077	0.838	1.63	"4"
"竞选"	0	5	0	0	1.155	1.783	0.217	1.844	-0.571	2.239	-0.097	-0.999	3.906	"2"
"童军"	3	0	0	0	0.693	1.07	0.13	1.106	1.909	-0.575	-0.058	-0.6	3.142	"1"
"符合"	0	1	0	0	0.231	0.357	0.043	0.369	-0.114	0.448	-0.019	-0.2	0.781	"2"
"第一"	9	1	0	1	2.542	3.923	0.478	4.057	4.188	-1.256	-0.212	-1.328	6.984	"1"
"第三产业"	0	0	0	1	0.231	0.357	0.043	0.369	-0.114	-0.192	-0.019	0.433	0.758	"4"
"第十五"	1	0	0	1	0.462	0.713	0.087	0.738	0.389	-0.383	-0.039	0.221	1.032	"1"
"等级"	0	1	0	0	0.231	0.357	0.043	0.369	-0.114	0.448	-0.019	-0.2	0.781	"2"
"签证"	0	2	0	0	0.462	0.713	0.087	0.738	-0.228	0.896	-0.039	-0.4	1.563	"2"
"管局"	0	0	0	1	0.231	0.357	0.043	0.369	-0.114	-0.192	-0.019	0.433	0.758	"4"
"系统"	0	0	0	1	0.231	0.357	0.043	0.369	-0.114	-0.192	-0.019	0.433	0.758	"4"
"素来"	0	0	0	1	0.231	0.357	0.043	0.369	-0.114	-0.192	-0.019	0.433	0.758	"4"
"红十字会"	0	1	0	0	0.231	0.357	0.043	0.369	-0.114	0.448	-0.019	-0.2	0.781	"2"
"纽国"	0	1	0	0	0.231	0.357	0.043	0.369	-0.114	0.448	-0.019	-0.2	0.781	"2"
"线人"	0	2	0	0	0.462	0.713	0.087	0.738	-0.228	0.896	-0.039	-0.4	1.563	"2"
"组稿"	0	2	0	0	0.462	0.713	0.087	0.738	-0.228	0.896	-0.039	-0.4	1.563	"2"
"绅士"	0	0	0	1	0.231	0.357	0.043	0.369	-0.114	-0.192	-0.019	0.433	0.758	"4"
"绅衿指"	0	0	0	1	0.231	0.357	0.043	0.369	-0.114	-0.192	-0.019	0.433	0.758	"4"
"织"	0	0	0	1	0.231	0.357	0.043	0.369	-0.114	-0.192	-0.019	0.433	0.758	"4"
"经建会"	1	0	0	0	0.231	0.357	0.043	0.369	0.636	-0.192	-0.019	-0.2	1.047	"1"
"经理"	0	1	0	0	0.231	0.357	0.043	0.369	-0.114	0.448	-0.019	-0.2	0.781	"2"
"结婚"	1	0	0	0	0.231	0.357	0.043	0.369	0.636	-0.192	-0.019	-0.2	1.047	"1"
"绝对"	0	1	0	0	0.231	0.357	0.043	0.369	-0.114	0.448	-0.019	-0.2	0.781	"2"
"统一战"	0	0	0	1	0.231	0.357	0.043	0.369	-0.114	-0.192	-0.019	0.433	0.758	"4"
"统治"	0	0	1	2	0.693	1.07	0.13	1.106	-0.342	-0.575	0.903	0.512	2.332	"3"
"统筹"	0	1	0	0	0.231	0.357	0.043	0.369	-0.114	0.448	-0.019	-0.2	0.781	"2"
"继续"	0	2	0	0	0.462	0.713	0.087	0.738	-0.228	0.896	-0.039	-0.4	1.563	"2"
"维尔"	0	0	0	1	0.231	0.357	0.043	0.369	-0.114	-0.192	-0.019	0.433	0.758	"4"
"维护"	0	0	0	4	0.924	1.426	0.174	1.475	-0.456	-0.766	-0.077	1.733	3.032	"4"
"维持"	0	0	0	1	0.231	0.357	0.043	0.369	-0.114	-0.192	-0.019	0.433	0.758	"4"
"绿卡"	1	0	0	0	0.231	0.357	0.043	0.369	0.636	-0.192	-0.019	-0.2	1.047	"1"
"网景"	0	0	0	1	0.231	0.357	0.043	0.369	-0.114	-0.192	-0.019	0.433	0.758	"4"
"罗炜雄"	0	1	0	0	0.231	0.357	0.043	0.369	-0.114	0.448	-0.019	-0.2	0.781	"2"
"置于"	0	0	0	1	0.231	0.357	0.043	0.369	-0.114	-0.192	-0.019	0.433	0.758	"4"
"署理"	1	0	0	0	0.231	0.357	0.043	0.369	0.636	-0.192	-0.019	-0.2	1.047	"1"
"罹难者"	0	1	0	0	0.231	0.357	0.043	0.369	-0.114	0.448	-0.019	-0.2	0.781	"2"
"美术史"	0	0	0	1	0.231	0.357	0.043	0.369	-0.114	-0.192	-0.019	0.433	0.758	"4"
"翻版"	0	1	0	0	0.231	0.357	0.043	0.369	-0.114	0.448	-0.019	-0.2	0.781	"2"
"老大"	0	0	0	1	0.231	0.357	0.043	0.369	-0.114	-0.192	-0.019	0.433	0.758	"4"
"者"	0	7	0	0	1.618	2.496	0.304	2.582	-0.799	3.135	-0.135	-1.399	5.468	"2"
"耶路撒冷"	0	3	0	0	0.693	1.07	0.13	1.106	-0.342	1.343	-0.058	-0.6	2.343	"2"
"职业展"	0	1	0	0	0.231	0.357	0.043	0.369	-0.114	0.448	-0.019	-0.2	0.781	"2"
"职位"	0	5	0	0	1.155	1.783	0.217	1.844	-0.571	2.239	-0.097	-0.999	3.906	"2"
"职务"	0	1	0	0	0.231	0.357	0.043	0.369	-0.114	0.448	-0.019	-0.2	0.781	"2"
"联储局"	0	0	0	1	0.231	0.357	0.043	0.369	-0.114	-0.192	-0.019	0.433	0.758	"4"
"联合国"	0	1	0	6	1.618	2.496	0.304	2.582	-0.799	-0.652	-0.135	1.919	3.505	"4"
"联席会"	2	0	0	0	0.462	0.713	0.087	0.738	1.272	-0.383	-0.039	-0.4	2.094	"1"
"联网"	0	1	0	0	0.231	0.357	0.043	0.369	-0.114	0.448	-0.019	-0.2	0.781	"2"
"联邦"	0	0	0	3	0.693	1.07	0.13	1.106	-0.342	-0.575	-0.058	1.3	2.275	"4"
"聘用"	0	1	0	0	0.231	0.357	0.043	0.369	-0.114	0.448	-0.019	-0.2	0.781	"2"
"自愿"	0	1	0	0	0.231	0.357	0.043	0.369	-0.114	0.448	-0.019	-0.2	0.781	"2"
"自民党"	0	1	0	0	0.231	0.357	0.043	0.369	-0.114	0.448	-0.019	-0.2	0.781	"2"
"自治"	0	0	0	2	0.462	0.713	0.087	0.738	-0.228	-0.383	-0.039	0.866	1.516	"4"
"自由党"	0	0	0	1	0.231	0.357	0.043	0.369	-0.114	-0.192	-0.019	0.433	0.758	"4"
"自由球员"	1	0	0	0	0.231	0.357	0.043	0.369	0.636	-0.192	-0.019	-0.2	1.047	"1"
"自由舞"	0	0	1	0	0.231	0.357	0.043	0.369	-0.114	-0.192	1.362	-0.2	1.868	"3"
"自觉"	0	0	0	1	0.231	0.357	0.043	0.369	-0.114	-0.192	-0.019	0.433	0.758	"4"
"自身"	0	0	0	2	0.462	0.713	0.087	0.738	-0.228	-0.383	-0.039	0.866	1.516	"4"
"舒马赫"	0	0	1	0	0.231	0.357	0.043	0.369	-0.114	-0.192	1.362	-0.2	1.868	"3"
"舞台"	0	0	0	2	0.462	0.713	0.087	0.738	-0.228	-0.383	-0.039	0.866	1.516	"4"
"舞蹈家"	0	1	0	0	0.231	0.357	0.043	0.369	-0.114	0.448	-0.019	-0.2	0.781	"2"
"航空"	0	0	0	2	0.462	0.713	0.087	0.738	-0.228	-0.383	-0.039	0.866	1.516	"4"
"航空业"	0	0	0	1	0.231	0.357	0.043	0.369	-0.114	-0.192	-0.019	0.433	0.758	"4"
"航运"	0	0	0	1	0.231	0.357	0.043	0.369	-0.114	-0.192	-0.019	0.433	0.758	"4"
"艺人"	0	1	0	0	0.231	0.357	0.043	0.369	-0.114	0.448	-0.019	-0.2	0.781	"2"
"艺坛"	0	0	0	1	0.231	0.357	0.043	0.369	-0.114	-0.192	-0.019	0.433	0.758	"4"
"艾斯特拉达"	0	2	0	0	0.462	0.713	0.087	0.738	-0.228	0.896	-0.039	-0.4	1.563	"2"
"节省"	0	1	0	0	0.231	0.357	0.043	0.369	-0.114	0.448	-0.019	-0.2	0.781	"2"
"芭堤雅"	0	1	0	0	0.231	0.357	0.043	0.369	-0.114	0.448	-0.019	-0.2	0.781	"2"
"苏炳坤"	1	0	0	0	0.231	0.357	0.043	0.369	0.636	-0.192	-0.019	-0.2	1.047	"1"
"若望保禄"	1	0	0	0	0.231	0.357	0.043	0.369	0.636	-0.192	-0.019	-0.2	1.047	"1"
"荣誉"	1	1	0	0	0.462	0.713	0.087	0.738	0.389	0.232	-0.039	-0.4	1.06	"4"
"莅临"	1	0	0	0	0.231	0.357	0.043	0.369	0.636	-0.192	-0.019	-0.2	1.047	"1"
"莉"	0	1	0	0	0.231	0.357	0.043	0.369	-0.114	0.448	-0.019	-0.2	0.781	"2"
"获准"	2	0	0	0	0.462	0.713	0.087	0.738	1.272	-0.383	-0.039	-0.4	2.094	"1"
"获得"	0	0	0	1	0.231	0.357	0.043	0.369	-0.114	-0.192	-0.019	0.433	0.758	"4"
"萧万长"	1	0	0	0	0.231	0.357	0.043	0.369	0.636	-0.192	-0.019	-0.2	1.047	"1"
"萧美琴"	2	0	0	0	0.462	0.713	0.087	0.738	1.272	-0.383	-0.039	-0.4	2.094	"1"
"萨克森州"	1	0	0	0	0.231	0.357	0.043	0.369	0.636	-0.192	-0.019	-0.2	1.047	"1"
"葡萄牙队"	1	0	0	0	0.231	0.357	0.043	0.369	0.636	-0.192	-0.019	-0.2	1.047	"1"
"董"	0	1	0	1	0.462	0.713	0.087	0.738	-0.228	0.232	-0.039	0.221	0.72	"2"
"董事"	2	0	0	0	0.462	0.713	0.087	0.738	1.272	-0.383	-0.039	-0.4	2.094	"1"
"蒋介石"	0	0	0	2	0.462	0.713	0.087	0.738	-0.228	-0.383	-0.039	0.866	1.516	"4"
"蒙藏族"	0	2	0	0	0.462	0.713	0.087	0.738	-0.228	0.896	-0.039	-0.4	1.563	"2"
"薪金"	0	1	0	0	0.231	0.357	0.043	0.369	-0.114	0.448	-0.019	-0.2	0.781	"2"
"藉"	0	0	0	1	0.231	0.357	0.043	0.369	-0.114	-0.192	-0.019	0.433	0.758	"4"
"虔诚"	1	0	0	0	0.231	0.357	0.043	0.369	0.636	-0.192	-0.019	-0.2	1.047	"1"
"行"	0	1	0	0	0.231	0.357	0.043	0.369	-0.114	0.448	-0.019	-0.2	0.781	"2"
"行业"	0	1	0	0	0.231	0.357	0.043	0.369	-0.114	0.448	-0.019	-0.2	0.781	"2"
"行动党"	0	0	0	1	0.231	0.357	0.043	0.369	-0.114	-0.192	-0.019	0.433	0.758	"4"
"行政院体"	1	0	0	0	0.231	0.357	0.043	0.369	0.636	-0.192	-0.019	-0.2	1.047	"1"
"行政院长"	1	1	0	0	0.462	0.713	0.087	0.738	0.389	0.232	-0.039	-0.4	1.06	"4"
"行星"	0	0	0	1	0.231	0.357	0.043	0.369	-0.114	-0.192	-0.019	0.433	0.758	"4"
"行长"	0	0	0	2	0.462	0.713	0.087	0.738	-0.228	-0.383	-0.039	0.866	1.516	"4"
"衡量"	0	0	0	1	0.231	0.357	0.043	0.369	-0.114	-0.192	-0.019	0.433	0.758	"4"
"衰弱"	0	1	0	0	0.231	0.357	0.043	0.369	-0.114	0.448	-0.019	-0.2	0.781	"2"
"被动"	0	0	0	1	0.231	0.357	0.043	0.369	-0.114	-0.192	-0.019	0.433	0.758	"4"
"被告"	1	2	0	0	0.693	1.07	0.13	1.106	0.263	0.536	-0.058	-0.6	1.457	"4"
"袭击"	0	3	0	0	0.693	1.07	0.13	1.106	-0.342	1.343	-0.058	-0.6	2.343	"2"
"袭击者"	0	1	0	0	0.231	0.357	0.043	0.369	-0.114	0.448	-0.019	-0.2	0.781	"2"
"装"	1	0	0	0	0.231	0.357	0.043	0.369	0.636	-0.192	-0.019	-0.2	1.047	"1"
"西撒哈拉"	0	1	0	1	0.462	0.713	0.087	0.738	-0.228	0.232	-0.039	0.221	0.72	"2"
"西部大开发"	0	0	0	1	0.231	0.357	0.043	0.369	-0.114	-0.192	-0.019	0.433	0.758	"4"
"观"	2	0	0	0	0.462	0.713	0.087	0.738	1.272	-0.383	-0.039	-0.4	2.094	"1"
"观察员"	10	0	0	0	2.311	3.566	0.435	3.688	6.362	-1.915	-0.193	-1.999	10.469	"1"
"视为"	0	0	0	1	0.231	0.357	0.043	0.369	-0.114	-0.192	-0.019	0.433	0.758	"4"
"角色"	0	0	0	1	0.231	0.357	0.043	0.369	-0.114	-0.192	-0.019	0.433	0.758	"4"
"角逐"	3	0	0	0	0.693	1.07	0.13	1.106	1.909	-0.575	-0.058	-0.6	3.142	"1"
"解释"	0	1	0	0	0.231	0.357	0.043	0.369	-0.114	0.448	-0.019	-0.2	0.781	"2"
"誓词"	1	0	0	0	0.231	0.357	0.043	0.369	0.636	-0.192	-0.019	-0.2	1.047	"1"
"警察"	0	2	0	0	0.462	0.713	0.087	0.738	-0.228	0.896	-0.039	-0.4	1.563	"2"
"警方"	0	5	0	0	1.155	1.783	0.217	1.844	-0.571	2.239	-0.097	-0.999	3.906	"2"
"警长"	0	1	0	0	0.231	0.357	0.043	0.369	-0.114	0.448	-0.019	-0.2	0.781	"2"
"计分"	0	1	0	0	0.231	0.357	0.043	0.369	-0.114	0.448	-0.019	-0.2	0.781	"2"
"计画"	0	1	0	0	0.231	0.357	0.043	0.369	-0.114	0.448	-0.019	-0.2	0.781	"2"
"认可"	0	1	0	0	0.231	0.357	0.043	0.369	-0.114	0.448	-0.019	-0.2	0.781	"2"
"认同"	0	1	0	1	0.462	0.713	0.087	0.738	-0.228	0.232	-0.039	0.221	0.72	"2"
"认定"	0	2	0	0	0.462	0.713	0.087	0.738	-0.228	0.896	-0.039	-0.4	1.563	"2"
"认尸"	0	2	0	0	0.462	0.713	0.087	0.738	-0.228	0.896	-0.039	-0.4	1.563	"2"
"认证"	0	1	0	0	0.231	0.357	0.043	0.369	-0.114	0.448	-0.019	-0.2	0.781	"2"
"认识"	0	0	0	4	0.924	1.426	0.174	1.475	-0.456	-0.766	-0.077	1.733	3.032	"4"
"讨论会"	0	0	0	1	0.231	0.357	0.043	0.369	-0.114	-0.192	-0.019	0.433	0.758	"4"
"议员"	0	5	0	0	1.155	1.783	0.217	1.844	-0.571	2.239	-0.097	-0.999	3.906	"2"
"议长"	0	1	0	0	0.231	0.357	0.043	0.369	-0.114	0.448	-0.019	-0.2	0.781	"2"
"许义雄"	1	0	0	0	0.231	0.357	0.043	0.369	0.636	-0.192	-0.019	-0.2	1.047	"1"
"许文"	0	1	0	0	0.231	0.357	0.043	0.369	-0.114	0.448	-0.019	-0.2	0.781	"2"
"设"	0	1	0	0	0.231	0.357	0.043	0.369	-0.114	0.448	-0.019	-0.2	0.781	"2"
"设立"	0	2	0	0	0.462	0.713	0.087	0.738	-0.228	0.896	-0.039	-0.4	1.563	"2"
"访"	4	0	0	0	0.924	1.426	0.174	1.475	2.545	-0.766	-0.077	-0.799	4.187	"1"
"访问"	7	1	0	1	2.08	3.209	0.391	3.319	3.093	-0.946	-0.174	-1.002	5.215	"1"
"证"	1	3	0	0	0.924	1.426	0.174	1.475	0.187	0.877	-0.077	-0.799	1.94	"2"
"证人"	0	1	0	0	0.231	0.357	0.043	0.369	-0.114	0.448	-0.019	-0.2	0.781	"2"
"证婚人"	1	0	0	0	0.231	0.357	0.043	0.369	0.636	-0.192	-0.019	-0.2	1.047	"1"
"证实"	0	1	0	0	0.231	0.357	0.043	0.369	-0.114	0.448	-0.019	-0.2	0.781	"2"
"证明"	0	3	0	1	0.924	1.426	0.174	1.475	-0.456	0.877	-0.077	-0.276	1.686	"2"
"评定"	0	0	0	1	0.231	0.357	0.043	0.369	-0.114	-0.192	-0.019	0.433	0.758	"4"
"评审"	0	0	0	2	0.462	0.713	0.087	0.738	-0.228	-0.383	-0.039	0.866	1.516	"4"
"识破"	0	1	0	0	0.231	0.357	0.043	0.369	-0.114	0.448	-0.019	-0.2	0.781	"2"
"试图"	0	1	0	0	0.231	0.357	0.043	0.369	-0.114	0.448	-0.019	-0.2	0.781	"2"
"详"	0	1	0	0	0.231	0.357	0.043	0.369	-0.114	0.448	-0.019	-0.2	0.781	"2"
"语文"	0	0	0	1	0.231	0.357	0.043	0.369	-0.114	-0.192	-0.019	0.433	0.758	"4"
"请辞"	0	1	0	0	0.231	0.357	0.043	0.369	-0.114	0.448	-0.019	-0.2	0.781	"2"
"课室"	0	1	0	0	0.231	0.357	0.043	0.369	-0.114	0.448	-0.019	-0.2	0.781	"2"
"谈判"	0	2	0	2	0.924	1.426	0.174	1.475	-0.456	0.348	-0.077	0.328	1.209	"1"
"谋求"	0	0	1	0	0.231	0.357	0.043	0.369	-0.114	-0.192	1.362	-0.2	1.868	"3"
"谢长廷"	0	0	0	1	0.231	0.357	0.043	0.369	-0.114	-0.192	-0.019	0.433	0.758	"4"
"象征"	0	1	0	0	0.231	0.357	0.043	0.369	-0.114	0.448	-0.019	-0.2	0.781	"2"
"贝卡尔特"	0	0	1	0	0.231	0.357	0.043	0.369	-0.114	-0.192	1.362	-0.2	1.868	"3"
"财务"	0	1	0	0	0.231	0.357	0.043	0.369	-0.114	0.448	-0.019	-0.2	0.781	"2"
"贸"	0	0	0	1	0.231	0.357	0.043	0.369	-0.114	-0.192	-0.019	0.433	0.758	"4"
"贸易"	0	0	1	2	0.693	1.07	0.13	1.106	-0.342	-0.575	0.903	0.512	2.332	"3"
"资料"	0	2	0	0	0.462	0.713	0.087	0.738	-0.228	0.896	-0.039	-0.4	1.563	"2"
"资格"	2	1	0	0	0.693	1.07	0.13	1.106	0.868	-0.149	-0.058	-0.6	1.675	"1"
"赋予"	0	0	0	1	0.231	0.357	0.043	0.369	-0.114	-0.192	-0.019	0.433	0.758	"4"
"赚"	0	0	0	1	0.231	0.357	0.043	0.369	-0.114	-0.192	-0.019	0.433	0.758	"4"
"赴"	1	0	0	0	0.231	0.357	0.043	0.369	0.636	-0.192	-0.019	-0.2	1.047	"1"
"超级"	0	0	0	1	0.231	0.357	0.043	0.369	-0.114	-0.192	-0.019	0.433	0.758	"4"
"越来越"	0	0	0	2	0.462	0.713	0.087	0.738	-0.228	-0.383	-0.039	0.866	1.516	"4"
"足"	0	0	0	1	0.231	0.357	0.043	0.369	-0.114	-0.192	-0.019	0.433	0.758	"4"
"足以"	0	1	0	0	0.231	0.357	0.043	0.369	-0.114	0.448	-0.019	-0.2	0.781	"2"
"足坛"	0	0	0	2	0.462	0.713	0.087	0.738	-0.228	-0.383	-0.039	0.866	1.516	"4"
"足够"	0	1	0	0	0.231	0.357	0.043	0.369	-0.114	0.448	-0.019	-0.2	0.781	"2"
"跟踪"	0	1	0	0	0.231	0.357	0.043	0.369	-0.114	0.448	-0.019	-0.2	0.781	"2"
"身份"	0	9	0	1	2.311	3.566	0.435	3.688	-1.141	3.199	-0.193	-1.163	5.696	"2"
"身份证"	0	1	0	0	0.231	0.357	0.043	0.369	-0.114	0.448	-0.019	-0.2	0.781	"2"
"辞"	0	1	0	0	0.231	0.357	0.043	0.369	-0.114	0.448	-0.019	-0.2	0.781	"2"
"辞去"	0	4	0	0	0.924	1.426	0.174	1.475	-0.456	1.791	-0.077	-0.799	3.123	"2"
"辨别"	0	2	0	0	0.462	0.713	0.087	0.738	-0.228	0.896	-0.039	-0.4	1.563	"2"
"辩方"	0	1	0	0	0.231	0.357	0.043	0.369	-0.114	0.448	-0.019	-0.2	0.781	"2"
"辩称"	0	1	0	0	0.231	0.357	0.043	0.369	-0.114	0.448	-0.019	-0.2	0.781	"2"
"边界"	0	1	0	0	0.231	0.357	0.043	0.369	-0.114	0.448	-0.019	-0.2	0.781	"2"
"迁往"	0	1	0	0	0.231	0.357	0.043	0.369	-0.114	0.448	-0.019	-0.2	0.781	"2"
"过活"	1	0	0	0	0.231	0.357	0.043	0.369	0.636	-0.192	-0.019	-0.2	1.047	"1"
"近年"	0	0	0	2	0.462	0.713	0.087	0.738	-0.228	-0.383	-0.039	0.866	1.516	"4"
"还有"	0	0	0	1	0.231	0.357	0.043	0.369	-0.114	-0.192	-0.019	0.433	0.758	"4"
"进一步"	0	0	0	3	0.693	1.07	0.13	1.106	-0.342	-0.575	-0.058	1.3	2.275	"4"
"进入"	3	0	0	0	0.693	1.07	0.13	1.106	1.909	-0.575	-0.058	-0.6	3.142	"1"
"连任"	0	3	0	0	0.693	1.07	0.13	1.106	-0.342	1.343	-0.058	-0.6	2.343	"2"
"述职"	2	0	0	0	0.462	0.713	0.087	0.738	1.272	-0.383	-0.039	-0.4	2.094	"1"
"迷彩"	1	0	0	0	0.231	0.357	0.043	0.369	0.636	-0.192	-0.019	-0.2	1.047	"1"
"送殡"	1	0	0	0	0.231	0.357	0.043	0.369	0.636	-0.192	-0.019	-0.2	1.047	"1"
"适合"	0	1	0	0	0.231	0.357	0.043	0.369	-0.114	0.448	-0.019	-0.2	0.781	"2"
"选中"	1	0	0	0	0.231	0.357	0.043	0.369	0.636	-0.192	-0.019	-0.2	1.047	"1"
"选拔"	0	2	0	0	0.462	0.713	0.087	0.738	-0.228	0.896	-0.039	-0.4	1.563	"2"
"选秀"	1	0	0	0	0.231	0.357	0.043	0.369	0.636	-0.192	-0.019	-0.2	1.047	"1"
"透"	0	2	0	0	0.462	0.713	0.087	0.738	-0.228	0.896	-0.039	-0.4	1.563	"2"
"透露"	1	7	0	0	1.849	2.853	0.348	2.951	-0.381	2.394	-0.155	-1.599	4.529	"2"
"逐步"	0	0	0	1	0.231	0.357	0.043	0.369	-0.114	-0.192	-0.019	0.433	0.758	"4"
"逐渐"	0	0	0	2	0.462	0.713	0.087	0.738	-0.228	-0.383	-0.039	0.866	1.516	"4"
"递上"	0	1	0	0	0.231	0.357	0.043	0.369	-0.114	0.448	-0.019	-0.2	0.781	"2"
"通用语"	0	0	0	1	0.231	0.357	0.043	0.369	-0.114	-0.192	-0.019	0.433	0.758	"4"
"通行者"	0	1	0	0	0.231	0.357	0.043	0.369	-0.114	0.448	-0.019	-0.2	0.781	"2"
"造访"	0	1	0	0	0.231	0.357	0.043	0.369	-0.114	0.448	-0.019	-0.2	0.781	"2"
"遗孀"	1	0	0	0	0.231	0.357	0.043	0.369	0.636	-0.192	-0.019	-0.2	1.047	"1"
"遭"	0	1	0	0	0.231	0.357	0.043	0.369	-0.114	0.448	-0.019	-0.2	0.781	"2"
"遭到"	0	1	0	0	0.231	0.357	0.043	0.369	-0.114	0.448	-0.019	-0.2	0.781	"2"
"遵守"	0	0	0	1	0.231	0.357	0.043	0.369	-0.114	-0.192	-0.019	0.433	0.758	"4"
"邀请"	2	0	0	0	0.462	0.713	0.087	0.738	1.272	-0.383	-0.039	-0.4	2.094	"1"
"邓小"	0	0	0	1	0.231	0.357	0.043	0.369	-0.114	-0.192	-0.019	0.433	0.758	"4"
"邦交国"	1	0	0	0	0.231	0.357	0.043	0.369	0.636	-0.192	-0.019	-0.2	1.047	"1"
"邮寄"	0	1	0	0	0.231	0.357	0.043	0.369	-0.114	0.448	-0.019	-0.2	0.781	"2"
"邮局"	0	1	0	0	0.231	0.357	0.043	0.369	-0.114	0.448	-0.019	-0.2	0.781	"2"
"邹世"	0	1	0	0	0.231	0.357	0.043	0.369	-0.114	0.448	-0.019	-0.2	0.781	"2"
"部长"	0	5	0	0	1.155	1.783	0.217	1.844	-0.571	2.239	-0.097	-0.999	3.906	"2"
"里海"	0	0	0	1	0.231	0.357	0.043	0.369	-0.114	-0.192	-0.019	0.433	0.758	"4"
"重"	0	0	0	1	0.231	0.357	0.043	0.369	-0.114	-0.192	-0.019	0.433	0.758	"4"
"重建"	0	0	0	1	0.231	0.357	0.043	0.369	-0.114	-0.192	-0.019	0.433	0.758	"4"
"重要"	0	2	2	17	4.853	7.488	0.913	7.745	-2.397	-2.134	0.635	4.328	9.494	"4"
"重视"	0	0	0	1	0.231	0.357	0.043	0.369	-0.114	-0.192	-0.019	0.433	0.758	"4"
"重返"	1	0	0	0	0.231	0.357	0.043	0.369	0.636	-0.192	-0.019	-0.2	1.047	"1"
"重量级"	1	0	0	0	0.231	0.357	0.043	0.369	0.636	-0.192	-0.019	-0.2	1.047	"1"
"釐清"	0	1	0	0	0.231	0.357	0.043	0.369	-0.114	0.448	-0.019	-0.2	0.781	"2"
"金正日"	0	0	0	1	0.231	0.357	0.043	0.369	-0.114	-0.192	-0.019	0.433	0.758	"4"
"金永南"	0	0	0	1	0.231	0.357	0.043	0.369	-0.114	-0.192	-0.019	0.433	0.758	"4"
"金球奖"	1	0	0	0	0.231	0.357	0.043	0.369	0.636	-0.192	-0.019	-0.2	1.047	"1"
"金融"	0	0	0	3	0.693	1.07	0.13	1.106	-0.342	-0.575	-0.058	1.3	2.275	"4"
"鉴定"	0	2	0	0	0.462	0.713	0.087	0.738	-0.228	0.896	-0.039	-0.4	1.563	"2"
"银监"	0	0	0	1	0.231	0.357	0.043	0.369	-0.114	-0.192	-0.019	0.433	0.758	"4"
"锁定"	1	0	0	0	0.231	0.357	0.043	0.369	0.636	-0.192	-0.019	-0.2	1.047	"1"
"错失"	0	0	0	1	0.231	0.357	0.043	0.369	-0.114	-0.192	-0.019	0.433	0.758	"4"
"长"	2	3	0	0	1.155	1.783	0.217	1.844	0.485	0.61	-0.097	-0.999	2.191	"4"
"长实"	0	0	0	1	0.231	0.357	0.043	0.369	-0.114	-0.192	-0.019	0.433	0.758	"4"
"门户"	0	0	0	1	0.231	0.357	0.043	0.369	-0.114	-0.192	-0.019	0.433	0.758	"4"
"闭路电视"	0	1	0	0	0.231	0.357	0.043	0.369	-0.114	0.448	-0.019	-0.2	0.781	"2"
"阁揆"	1	0	0	0	0.231	0.357	0.043	0.369	0.636	-0.192	-0.019	-0.2	1.047	"1"
"阶层"	0	0	0	1	0.231	0.357	0.043	0.369	-0.114	-0.192	-0.019	0.433	0.758	"4"
"阿嫂"	0	0	0	1	0.231	0.357	0.043	0.369	-0.114	-0.192	-0.019	0.433	0.758	"4"
"阿德"	0	1	0	0	0.231	0.357	0.043	0.369	-0.114	0.448	-0.019	-0.2	0.781	"2"
"阿拉伯"	0	0	0	1	0.231	0.357	0.043	0.369	-0.114	-0.192	-0.019	0.433	0.758	"4"
"阿拉法特"	0	2	0	2	0.924	1.426	0.174	1.475	-0.456	0.348	-0.077	0.328	1.209	"1"
"阿盟"	1	0	0	0	0.231	0.357	0.043	0.369	0.636	-0.192	-0.019	-0.2	1.047	"1"
"阿贤"	0	1	0	0	0.231	0.357	0.043	0.369	-0.114	0.448	-0.019	-0.2	0.781	"2"
"附加赛"	1	0	0	0	0.231	0.357	0.043	0.369	0.636	-0.192	-0.019	-0.2	1.047	"1"
"际"	0	0	0	1	0.231	0.357	0.043	0.369	-0.114	-0.192	-0.019	0.433	0.758	"4"
"陈豪"	0	1	0	0	0.231	0.357	0.043	0.369	-0.114	0.448	-0.019	-0.2	0.781	"2"
"降低"	0	0	0	1	0.231	0.357	0.043	0.369	-0.114	-0.192	-0.019	0.433	0.758	"4"
"院长"	0	1	0	0	0.231	0.357	0.043	0.369	-0.114	0.448	-0.019	-0.2	0.781	"2"
"陪同"	1	0	0	0	0.231	0.357	0.043	0.369	0.636	-0.192	-0.019	-0.2	1.047	"1"
"陶"	0	1	0	0	0.231	0.357	0.043	0.369	-0.114	0.448	-0.019	-0.2	0.781	"2"
"随同"	1	0	0	0	0.231	0.357	0.043	0.369	0.636	-0.192	-0.019	-0.2	1.047	"1"
"随着"	0	0	0	3	0.693	1.07	0.13	1.106	-0.342	-0.575	-0.058	1.3	2.275	"4"
"隔离者"	0	3	0	0	0.693	1.07	0.13	1.106	-0.342	1.343	-0.058	-0.6	2.343	"2"
"难民"	0	2	0	0	0.462	0.713	0.087	0.738	-0.228	0.896	-0.039	-0.4	1.563	"2"
"雅兴"	0	2	0	0	0.462	0.713	0.087	0.738	-0.228	0.896	-0.039	-0.4	1.563	"2"
"雅国"	0	1	0	0	0.231	0.357	0.043	0.369	-0.114	0.448	-0.019	-0.2	0.781	"2"
"雅罗育"	1	0	0	0	0.231	0.357	0.043	0.369	0.636	-0.192	-0.019	-0.2	1.047	"1"
"需求"	0	1	0	0	0.231	0.357	0.043	0.369	-0.114	0.448	-0.019	-0.2	0.781	"2"
"露"	0	2	0	0	0.462	0.713	0.087	0.738	-0.228	0.896	-0.039	-0.4	1.563	"2"
"霸"	0	0	0	1	0.231	0.357	0.043	0.369	-0.114	-0.192	-0.019	0.433	0.758	"4"
"霸主"	0	0	1	3	0.924	1.426	0.174	1.475	-0.456	-0.766	0.788	0.838	2.848	"4"
"非"	0	3	0	0	0.693	1.07	0.13	1.106	-0.342	1.343	-0.058	-0.6	2.343	"2"
"非同小可"	0	1	0	0	0.231	0.357	0.043	0.369	-0.114	0.448	-0.019	-0.2	0.781	"2"
"非婚生子女"	0	1	0	0	0.231	0.357	0.043	0.369	-0.114	0.448	-0.019	-0.2	0.781	"2"
"面子"	0	1	0	0	0.231	0.357	0.043	0.369	-0.114	0.448	-0.019	-0.2	0.781	"2"
"革除"	0	1	0	0	0.231	0.357	0.043	0.369	-0.114	0.448	-0.019	-0.2	0.781	"2"
"韩国人"	0	0	0	2	0.462	0.713	0.087	0.738	-0.228	-0.383	-0.039	0.866	1.516	"4"
"音像业"	0	0	0	1	0.231	0.357	0.043	0.369	-0.114	-0.192	-0.019	0.433	0.758	"4"
"顾问"	1	1	0	0	0.462	0.713	0.087	0.738	0.389	0.232	-0.039	-0.4	1.06	"4"
"预备士官"	0	1	0	0	0.231	0.357	0.043	0.369	-0.114	0.448	-0.019	-0.2	0.781	"2"
"预料"	0	1	0	0	0.231	0.357	0.043	0.369	-0.114	0.448	-0.019	-0.2	0.781	"2"
"预留"	0	1	0	0	0.231	0.357	0.043	0.369	-0.114	0.448	-0.019	-0.2	0.781	"2"
"领"	0	0	0	2	0.462	0.713	0.087	0.738	-0.228	-0.383	-0.039	0.866	1.516	"4"
"领先"	0	0	19	1	4.622	7.132	0.87	7.377	-2.282	-3.83	24.586	-2.894	33.592	"3"
"领土"	0	1	0	0	0.231	0.357	0.043	0.369	-0.114	0.448	-0.019	-0.2	0.781	"2"
"领域"	0	0	0	3	0.693	1.07	0.13	1.106	-0.342	-0.575	-0.058	1.3	2.275	"4"
"领导"	0	3	0	8	2.542	3.923	0.478	4.057	-1.255	-0.39	-0.212	1.762	3.619	"4"
"领略"	1	0	0	0	0.231	0.357	0.043	0.369	0.636	-0.192	-0.019	-0.2	1.047	"1"
"领袖"	1	1	0	0	0.462	0.713	0.087	0.738	0.389	0.232	-0.039	-0.4	1.06	"4"
"题"	0	2	0	0	0.462	0.713	0.087	0.738	-0.228	0.896	-0.039	-0.4	1.563	"2"
"餐饮业"	0	1	0	0	0.231	0.357	0.043	0.369	-0.114	0.448	-0.019	-0.2	0.781	"2"
"饶颖奇"	0	1	0	0	0.231	0.357	0.043	0.369	-0.114	0.448	-0.019	-0.2	0.781	"2"
"首席"	0	1	0	0	0.231	0.357	0.043	0.369	-0.114	0.448	-0.019	-0.2	0.781	"2"
"首度"	2	0	0	0	0.462	0.713	0.087	0.738	1.272	-0.383	-0.039	-0.4	2.094	"1"
"首相"	0	3	0	0	0.693	1.07	0.13	1.106	-0.342	1.343	-0.058	-0.6	2.343	"2"
"首长"	3	1	0	0	0.924	1.426	0.174	1.475	1.389	-0.259	-0.077	-0.799	2.524	"1"
"香港人"	0	1	0	0	0.231	0.357	0.043	0.369	-0.114	0.448	-0.019	-0.2	0.781	"2"
"马哈迪"	1	1	0	0	0.462	0.713	0.087	0.738	0.389	0.232	-0.039	-0.4	1.06	"4"
"马来人"	0	0	0	1	0.231	0.357	0.043	0.369	-0.114	-0.192	-0.019	0.433	0.758	"4"
"马来话"	0	1	0	0	0.231	0.357	0.043	0.369	-0.114	0.448	-0.019	-0.2	0.781	"2"
"驻美"	0	0	0	1	0.231	0.357	0.043	0.369	-0.114	-0.192	-0.019	0.433	0.758	"4"
"驾驶"	0	1	0	0	0.231	0.357	0.043	0.369	-0.114	0.448	-0.019	-0.2	0.781	"2"
"验尸"	0	1	0	0	0.231	0.357	0.043	0.369	-0.114	0.448	-0.019	-0.2	0.781	"2"
"验明"	0	1	0	0	0.231	0.357	0.043	0.369	-0.114	0.448	-0.019	-0.2	0.781	"2"
"高"	0	1	0	0	0.231	0.357	0.043	0.369	-0.114	0.448	-0.019	-0.2	0.781	"2"
"高昇"	0	1	0	0	0.231	0.357	0.043	0.369	-0.114	0.448	-0.019	-0.2	0.781	"2"
"高科技"	0	0	0	1	0.231	0.357	0.043	0.369	-0.114	-0.192	-0.019	0.433	0.758	"4"
"高级"	0	1	0	0	0.231	0.357	0.043	0.369	-0.114	0.448	-0.019	-0.2	0.781	"2"
"高薪"	0	1	0	0	0.231	0.357	0.043	0.369	-0.114	0.448	-0.019	-0.2	0.781	"2"
"高行健"	0	2	0	0	0.462	0.713	0.087	0.738	-0.228	0.896	-0.039	-0.4	1.563	"2"
"魏家福"	0	0	0	1	0.231	0.357	0.043	0.369	-0.114	-0.192	-0.019	0.433	0.758	"4"
"黄"	1	0	0	0	0.231	0.357	0.043	0.369	0.636	-0.192	-0.019	-0.2	1.047	"1"
"黄汉铅"	1	0	0	0	0.231	0.357	0.043	0.369	0.636	-0.192	-0.019	-0.2	1.047	"1"
"龙头"	0	0	0	1	0.231	0.357	0.043	0.369	-0.114	-0.192	-0.019	0.433	0.758	"4"
