"Coll_Word"	"1"	"2"	"3"	"4"	"exp_1"	"exp_2"	"exp_3"	"exp_4"	"pbin_1"	"pbin_2"	"pbin_3"	"pbin_4"	"SumAbsDev"	"LargestDev"
"--"	1	18	0	0	1.309	7.874	0.692	9.125	-0.208	5.824	-0.306	-5.4	11.738	"2"
"?"	0	0	0	1	0.069	0.414	0.036	0.48	-0.031	-0.232	-0.016	0.319	0.598	"4"
"."	0	5	0	0	0.345	2.072	0.182	2.401	-0.155	1.913	-0.081	-1.421	3.57	"2"
"︵"	1	6	0	0	0.482	2.901	0.255	3.362	0.405	1.641	-0.113	-1.989	4.148	"4"
"︶"	1	6	0	0	0.482	2.901	0.255	3.362	0.405	1.641	-0.113	-1.989	4.148	"4"
"﹃"	1	0	0	0	0.069	0.414	0.036	0.48	1.162	-0.232	-0.016	-0.284	1.694	"1"
"﹄"	1	0	0	0	0.069	0.414	0.036	0.48	1.162	-0.232	-0.016	-0.284	1.694	"1"
"123"	0	0	0	1	0.069	0.414	0.036	0.48	-0.031	-0.232	-0.016	0.319	0.598	"4"
"4万5000"	0	0	0	1	0.069	0.414	0.036	0.48	-0.031	-0.232	-0.016	0.319	0.598	"4"
"5%"	0	0	0	4	0.276	1.658	0.146	1.921	-0.124	-0.93	-0.064	1.274	2.392	"4"
"50多万"	0	0	0	1	0.069	0.414	0.036	0.48	-0.031	-0.232	-0.016	0.319	0.598	"4"
"891004"	1	0	0	1	0.138	0.829	0.073	0.96	0.876	-0.465	-0.032	0.137	1.51	"1"
"891008"	0	0	1	0	0.069	0.414	0.036	0.48	-0.031	-0.232	1.438	-0.284	1.985	"3"
"891011"	0	1	0	0	0.069	0.414	0.036	0.48	-0.031	0.383	-0.016	-0.284	0.714	"2"
"891019"	0	0	0	1	0.069	0.414	0.036	0.48	-0.031	-0.232	-0.016	0.319	0.598	"4"
"891020"	0	0	0	1	0.069	0.414	0.036	0.48	-0.031	-0.232	-0.016	0.319	0.598	"4"
"891021"	0	1	0	0	0.069	0.414	0.036	0.48	-0.031	0.383	-0.016	-0.284	0.714	"2"
"891027"	0	1	0	0	0.069	0.414	0.036	0.48	-0.031	0.383	-0.016	-0.284	0.714	"2"
"891106"	0	0	0	1	0.069	0.414	0.036	0.48	-0.031	-0.232	-0.016	0.319	0.598	"4"
"891110"	0	0	0	1	0.069	0.414	0.036	0.48	-0.031	-0.232	-0.016	0.319	0.598	"4"
"891206"	0	0	0	1	0.069	0.414	0.036	0.48	-0.031	-0.232	-0.016	0.319	0.598	"4"
"NPD"	0	0	0	1	0.069	0.414	0.036	0.48	-0.031	-0.232	-0.016	0.319	0.598	"4"
"ＯＯＯ"	0	0	1	0	0.069	0.414	0.036	0.48	-0.031	-0.232	1.438	-0.284	1.985	"3"
"Peru"	0	0	0	1	0.069	0.414	0.036	0.48	-0.031	-0.232	-0.016	0.319	0.598	"4"
"Posible"	0	0	0	1	0.069	0.414	0.036	0.48	-0.031	-0.232	-0.016	0.319	0.598	"4"
"Ricardo"	0	0	0	1	0.069	0.414	0.036	0.48	-0.031	-0.232	-0.016	0.319	0.598	"4"
"一併"	0	1	0	0	0.069	0.414	0.036	0.48	-0.031	0.383	-0.016	-0.284	0.714	"2"
"一定"	0	1	0	0	0.069	0.414	0.036	0.48	-0.031	0.383	-0.016	-0.284	0.714	"2"
"一己之私"	0	0	0	1	0.069	0.414	0.036	0.48	-0.031	-0.232	-0.016	0.319	0.598	"4"
"一早"	0	1	0	0	0.069	0.414	0.036	0.48	-0.031	0.383	-0.016	-0.284	0.714	"2"
"一百"	0	0	0	1	0.069	0.414	0.036	0.48	-0.031	-0.232	-0.016	0.319	0.598	"4"
"一致"	0	4	0	3	0.482	2.901	0.255	3.362	-0.217	0.497	-0.113	-0.265	1.092	"2"
"一视同仁"	0	0	0	1	0.069	0.414	0.036	0.48	-0.031	-0.232	-0.016	0.319	0.598	"4"
"三党"	0	4	1	0	0.345	2.072	0.182	2.401	-0.155	1.006	0.771	-1.421	3.353	"4"
"三十分"	0	4	0	0	0.276	1.658	0.146	1.921	-0.124	1.53	-0.064	-1.137	2.855	"2"
"三十日"	0	1	0	0	0.069	0.414	0.036	0.48	-0.031	0.383	-0.016	-0.284	0.714	"2"
"三月"	0	0	3	0	0.207	1.243	0.109	1.441	-0.093	-0.697	4.315	-0.853	5.958	"3"
"上午"	0	12	0	0	0.827	4.973	0.437	5.763	-0.372	4.591	-0.193	-3.41	8.566	"2"
"下"	0	1	0	0	0.069	0.414	0.036	0.48	-0.031	0.383	-0.016	-0.284	0.714	"2"
"下午"	0	10	0	0	0.689	4.144	0.364	4.802	-0.31	3.826	-0.161	-2.842	7.139	"2"
"不"	0	1	0	18	1.309	7.874	0.692	9.125	-0.589	-3.256	-0.306	4.718	8.869	"4"
"不一"	0	2	0	0	0.138	0.829	0.073	0.96	-0.062	0.765	-0.032	-0.568	1.427	"2"
"不再"	0	0	0	1	0.069	0.414	0.036	0.48	-0.031	-0.232	-0.016	0.319	0.598	"4"
"不同"	0	0	1	6	0.482	2.901	0.255	3.362	-0.217	-1.627	0.64	1.296	3.78	"2"
"不必"	0	0	0	1	0.069	0.414	0.036	0.48	-0.031	-0.232	-0.016	0.319	0.598	"4"
"不能"	0	0	1	2	0.207	1.243	0.109	1.441	-0.093	-0.697	0.977	0.328	2.095	"3"
"不要"	1	0	0	3	0.276	1.658	0.146	1.921	0.605	-0.93	-0.064	0.547	2.146	"2"
"不论"	0	0	0	3	0.207	1.243	0.109	1.441	-0.093	-0.697	-0.048	0.956	1.794	"4"
"与"	0	0	1	5	0.413	2.486	0.219	2.881	-0.186	-1.394	0.7	1.037	3.317	"2"
"与时俱进"	0	0	0	1	0.069	0.414	0.036	0.48	-0.031	-0.232	-0.016	0.319	0.598	"4"
"专才"	0	0	0	1	0.069	0.414	0.036	0.48	-0.031	-0.232	-0.016	0.319	0.598	"4"
"专机"	0	0	0	1	0.069	0.414	0.036	0.48	-0.031	-0.232	-0.016	0.319	0.598	"4"
"且"	0	0	0	1	0.069	0.414	0.036	0.48	-0.031	-0.232	-0.016	0.319	0.598	"4"
"业界"	1	0	0	0	0.069	0.414	0.036	0.48	1.162	-0.232	-0.016	-0.284	1.694	"1"
"两岸"	0	0	0	3	0.207	1.243	0.109	1.441	-0.093	-0.697	-0.048	0.956	1.794	"4"
"严正"	0	1	0	0	0.069	0.414	0.036	0.48	-0.031	0.383	-0.016	-0.284	0.714	"2"
"严苛"	0	1	0	0	0.069	0.414	0.036	0.48	-0.031	0.383	-0.016	-0.284	0.714	"2"
"个人"	1	1	0	10	0.827	4.973	0.437	5.763	0.24	-1.811	-0.193	1.862	4.106	"4"
"中共"	0	0	0	2	0.138	0.829	0.073	0.96	-0.062	-0.465	-0.032	0.637	1.196	"4"
"中午"	0	2	0	0	0.138	0.829	0.073	0.96	-0.062	0.765	-0.032	-0.568	1.427	"2"
"中国"	0	12	0	0	0.827	4.973	0.437	5.763	-0.372	4.591	-0.193	-3.41	8.566	"2"
"中央"	0	6	0	6	0.827	4.973	0.437	5.763	-0.372	0.428	-0.193	0.253	1.246	"2"
"中央委员"	0	0	0	1	0.069	0.414	0.036	0.48	-0.031	-0.232	-0.016	0.319	0.598	"4"
"中立"	0	0	0	1	0.069	0.414	0.036	0.48	-0.031	-0.232	-0.016	0.319	0.598	"4"
"中选"	0	0	0	1	0.069	0.414	0.036	0.48	-0.031	-0.232	-0.016	0.319	0.598	"4"
"中道"	0	0	0	2	0.138	0.829	0.073	0.96	-0.062	-0.465	-0.032	0.637	1.196	"4"
"中间"	0	0	0	1	0.069	0.414	0.036	0.48	-0.031	-0.232	-0.016	0.319	0.598	"4"
"临时"	0	1	0	0	0.069	0.414	0.036	0.48	-0.031	0.383	-0.016	-0.284	0.714	"2"
"临时会"	0	1	0	0	0.069	0.414	0.036	0.48	-0.031	0.383	-0.016	-0.284	0.714	"2"
"为重"	1	0	0	0	0.069	0.414	0.036	0.48	1.162	-0.232	-0.016	-0.284	1.694	"1"
"主"	0	1	0	2	0.207	1.243	0.109	1.441	-0.093	-0.203	-0.048	0.328	0.672	"4"
"主义"	0	0	0	1	0.069	0.414	0.036	0.48	-0.031	-0.232	-0.016	0.319	0.598	"4"
"主任"	0	2	0	1	0.207	1.243	0.109	1.441	-0.093	0.428	-0.048	-0.276	0.845	"2"
"主动"	1	1	0	0	0.138	0.829	0.073	0.96	0.876	0.182	-0.032	-0.568	1.658	"1"
"主委"	0	1	0	0	0.069	0.414	0.036	0.48	-0.031	0.383	-0.016	-0.284	0.714	"2"
"主导"	0	2	0	1	0.207	1.243	0.109	1.441	-0.093	0.428	-0.048	-0.276	0.845	"2"
"主张"	0	3	0	4	0.482	2.901	0.255	3.362	-0.217	0.214	-0.113	0.34	0.884	"4"
"主持"	0	0	0	1	0.069	0.414	0.036	0.48	-0.031	-0.232	-0.016	0.319	0.598	"4"
"主流"	0	0	0	2	0.138	0.829	0.073	0.96	-0.062	-0.465	-0.032	0.637	1.196	"4"
"主要"	0	0	0	9	0.62	3.73	0.328	4.322	-0.279	-2.092	-0.145	2.867	5.383	"4"
"举行"	0	7	0	0	0.482	2.901	0.255	3.362	-0.217	2.678	-0.113	-1.989	4.997	"2"
"之"	0	0	0	4	0.276	1.658	0.146	1.921	-0.124	-0.93	-0.064	1.274	2.392	"4"
"之上"	0	0	0	2	0.138	0.829	0.073	0.96	-0.062	-0.465	-0.032	0.637	1.196	"4"
"之后"	0	0	2	0	0.138	0.829	0.073	0.96	-0.062	-0.465	2.877	-0.568	3.972	"3"
"之间"	0	0	0	2	0.138	0.829	0.073	0.96	-0.062	-0.465	-0.032	0.637	1.196	"4"
"九十年度"	0	2	0	0	0.138	0.829	0.073	0.96	-0.062	0.765	-0.032	-0.568	1.427	"2"
"九时"	0	4	0	0	0.276	1.658	0.146	1.921	-0.124	1.53	-0.064	-1.137	2.855	"2"
"九楼"	0	1	0	0	0.069	0.414	0.036	0.48	-0.031	0.383	-0.016	-0.284	0.714	"2"
"书记"	0	1	0	0	0.069	0.414	0.036	0.48	-0.031	0.383	-0.016	-0.284	0.714	"2"
"书记长"	0	10	0	0	0.689	4.144	0.364	4.802	-0.31	3.826	-0.161	-2.842	7.139	"2"
"争"	0	0	0	3	0.207	1.243	0.109	1.441	-0.093	-0.697	-0.048	0.956	1.794	"4"
"争吵"	0	0	0	1	0.069	0.414	0.036	0.48	-0.031	-0.232	-0.016	0.319	0.598	"4"
"争夺"	0	0	0	1	0.069	0.414	0.036	0.48	-0.031	-0.232	-0.016	0.319	0.598	"4"
"争议"	3	0	0	1	0.276	1.658	0.146	1.921	2.906	-0.93	-0.064	-0.465	4.365	"1"
"事宜"	1	1	0	0	0.138	0.829	0.073	0.96	0.876	0.182	-0.032	-0.568	1.658	"1"
"二○○○年"	0	0	1	0	0.069	0.414	0.036	0.48	-0.031	-0.232	1.438	-0.284	1.985	"3"
"二○○四年"	0	0	1	0	0.069	0.414	0.036	0.48	-0.031	-0.232	1.438	-0.284	1.985	"3"
"二十万"	0	0	0	1	0.069	0.414	0.036	0.48	-0.031	-0.232	-0.016	0.319	0.598	"4"
"二十五"	0	1	0	0	0.069	0.414	0.036	0.48	-0.031	0.383	-0.016	-0.284	0.714	"2"
"二十八"	0	1	0	0	0.069	0.414	0.036	0.48	-0.031	0.383	-0.016	-0.284	0.714	"2"
"二十八日电"	1	0	0	0	0.069	0.414	0.036	0.48	1.162	-0.232	-0.016	-0.284	1.694	"1"
"二十日"	0	0	2	0	0.138	0.829	0.073	0.96	-0.062	-0.465	2.877	-0.568	3.972	"3"
"互信"	0	0	0	1	0.069	0.414	0.036	0.48	-0.031	-0.232	-0.016	0.319	0.598	"4"
"互动"	1	0	0	2	0.207	1.243	0.109	1.441	0.715	-0.697	-0.048	0.328	1.788	"1"
"互相"	0	0	0	2	0.138	0.829	0.073	0.96	-0.062	-0.465	-0.032	0.637	1.196	"4"
"五十"	0	0	0	1	0.069	0.414	0.036	0.48	-0.031	-0.232	-0.016	0.319	0.598	"4"
"五月"	0	0	2	0	0.138	0.829	0.073	0.96	-0.062	-0.465	2.877	-0.568	3.972	"3"
"交付"	1	0	0	0	0.069	0.414	0.036	0.48	1.162	-0.232	-0.016	-0.284	1.694	"1"
"交往"	1	0	0	3	0.276	1.658	0.146	1.921	0.605	-0.93	-0.064	0.547	2.146	"2"
"交换"	0	0	0	2	0.138	0.829	0.073	0.96	-0.062	-0.465	-0.032	0.637	1.196	"4"
"交接"	0	1	0	0	0.069	0.414	0.036	0.48	-0.031	0.383	-0.016	-0.284	0.714	"2"
"交流"	0	0	0	3	0.207	1.243	0.109	1.441	-0.093	-0.697	-0.048	0.956	1.794	"4"
"产生"	1	0	0	0	0.069	0.414	0.036	0.48	1.162	-0.232	-0.016	-0.284	1.694	"1"
"京"	0	0	0	1	0.069	0.414	0.036	0.48	-0.031	-0.232	-0.016	0.319	0.598	"4"
"亲"	1	4	0	2	0.482	2.901	0.255	3.362	0.405	0.497	-0.113	-0.585	1.6	"4"
"亲民"	1	4	0	1	0.413	2.486	0.219	2.881	0.458	0.7	-0.097	-0.889	2.144	"4"
"亲民党"	1	22	1	4	1.93	11.603	1.021	13.447	-0.381	4.151	-0.138	-3.706	8.376	"2"
"人团"	0	0	0	1	0.069	0.414	0.036	0.48	-0.031	-0.232	-0.016	0.319	0.598	"4"
"人士"	5	1	0	16	1.516	9.117	0.802	10.565	1.818	-3.893	-0.355	1.774	7.84	"2"
"人民"	0	0	0	1	0.069	0.414	0.036	0.48	-0.031	-0.232	-0.016	0.319	0.598	"4"
"人物"	0	0	0	1	0.069	0.414	0.036	0.48	-0.031	-0.232	-0.016	0.319	0.598	"4"
"人黄义交"	0	1	0	0	0.069	0.414	0.036	0.48	-0.031	0.383	-0.016	-0.284	0.714	"2"
"仅管"	0	0	1	0	0.069	0.414	0.036	0.48	-0.031	-0.232	1.438	-0.284	1.985	"3"
"今"	0	3	0	0	0.207	1.243	0.109	1.441	-0.093	1.148	-0.048	-0.853	2.142	"2"
"今天"	1	23	0	0	1.654	9.945	0.875	11.526	-0.301	7.639	-0.387	-6.821	15.148	"2"
"今晚"	0	2	0	0	0.138	0.829	0.073	0.96	-0.062	0.765	-0.032	-0.568	1.427	"2"
"介入"	0	1	0	0	0.069	0.414	0.036	0.48	-0.031	0.383	-0.016	-0.284	0.714	"2"
"从"	0	0	0	1	0.069	0.414	0.036	0.48	-0.031	-0.232	-0.016	0.319	0.598	"4"
"代替"	0	0	0	1	0.069	0.414	0.036	0.48	-0.031	-0.232	-0.016	0.319	0.598	"4"
"代表"	0	3	1	16	1.378	8.288	0.729	9.605	-0.62	-1.937	0.281	2.45	5.288	"4"
"以及"	0	0	0	3	0.207	1.243	0.109	1.441	-0.093	-0.697	-0.048	0.956	1.794	"4"
"以和为贵"	1	0	0	0	0.069	0.414	0.036	0.48	1.162	-0.232	-0.016	-0.284	1.694	"1"
"仲介"	0	0	0	1	0.069	0.414	0.036	0.48	-0.031	-0.232	-0.016	0.319	0.598	"4"
"任何"	0	0	0	10	0.689	4.144	0.364	4.802	-0.31	-2.324	-0.161	3.185	5.98	"4"
"伊斯兰"	0	0	0	1	0.069	0.414	0.036	0.48	-0.031	-0.232	-0.016	0.319	0.598	"4"
"众议"	0	0	0	1	0.069	0.414	0.036	0.48	-0.031	-0.232	-0.016	0.319	0.598	"4"
"众议员"	0	0	0	2	0.138	0.829	0.073	0.96	-0.062	-0.465	-0.032	0.637	1.196	"4"
"众院"	0	0	0	1	0.069	0.414	0.036	0.48	-0.031	-0.232	-0.016	0.319	0.598	"4"
"会"	0	1	0	0	0.069	0.414	0.036	0.48	-0.031	0.383	-0.016	-0.284	0.714	"2"
"会勘"	0	1	0	0	0.069	0.414	0.036	0.48	-0.031	0.383	-0.016	-0.284	0.714	"2"
"会晤"	1	1	0	0	0.138	0.829	0.073	0.96	0.876	0.182	-0.032	-0.568	1.658	"1"
"会期"	0	3	0	0	0.207	1.243	0.109	1.441	-0.093	1.148	-0.048	-0.853	2.142	"2"
"会议"	0	19	0	4	1.585	9.531	0.838	11.046	-0.713	4.188	-0.371	-2.629	7.901	"2"
"会议室"	0	5	0	0	0.345	2.072	0.182	2.401	-0.155	1.913	-0.081	-1.421	3.57	"2"
"会谈"	0	0	0	2	0.138	0.829	0.073	0.96	-0.062	-0.465	-0.032	0.637	1.196	"4"
"会面"	0	1	0	0	0.069	0.414	0.036	0.48	-0.031	0.383	-0.016	-0.284	0.714	"2"
"传出"	0	1	0	0	0.069	0.414	0.036	0.48	-0.031	0.383	-0.016	-0.284	0.714	"2"
"伤害"	0	0	0	1	0.069	0.414	0.036	0.48	-0.031	-0.232	-0.016	0.319	0.598	"4"
"体制"	0	0	0	2	0.138	0.829	0.073	0.96	-0.062	-0.465	-0.032	0.637	1.196	"4"
"体育界"	0	0	0	1	0.069	0.414	0.036	0.48	-0.031	-0.232	-0.016	0.319	0.598	"4"
"体认"	1	0	0	0	0.069	0.414	0.036	0.48	1.162	-0.232	-0.016	-0.284	1.694	"1"
"何"	0	0	0	1	0.069	0.414	0.036	0.48	-0.031	-0.232	-0.016	0.319	0.598	"4"
"何时"	0	2	0	0	0.138	0.829	0.073	0.96	-0.062	0.765	-0.032	-0.568	1.427	"2"
"何智辉"	0	7	0	0	0.482	2.901	0.255	3.362	-0.217	2.678	-0.113	-1.989	4.997	"2"
"佛林特"	0	0	0	1	0.069	0.414	0.036	0.48	-0.031	-0.232	-0.016	0.319	0.598	"4"
"併"	0	1	0	0	0.069	0.414	0.036	0.48	-0.031	0.383	-0.016	-0.284	0.714	"2"
"併案"	0	1	0	0	0.069	0.414	0.036	0.48	-0.031	0.383	-0.016	-0.284	0.714	"2"
"依"	1	1	0	0	0.138	0.829	0.073	0.96	0.876	0.182	-0.032	-0.568	1.658	"1"
"依归"	0	0	0	1	0.069	0.414	0.036	0.48	-0.031	-0.232	-0.016	0.319	0.598	"4"
"侦防"	0	0	0	1	0.069	0.414	0.036	0.48	-0.031	-0.232	-0.016	0.319	0.598	"4"
"侨胞"	0	0	0	1	0.069	0.414	0.036	0.48	-0.031	-0.232	-0.016	0.319	0.598	"4"
"促进会"	0	0	0	1	0.069	0.414	0.036	0.48	-0.031	-0.232	-0.016	0.319	0.598	"4"
"俄共"	0	0	0	1	0.069	0.414	0.036	0.48	-0.031	-0.232	-0.016	0.319	0.598	"4"
"保守"	0	0	0	2	0.138	0.829	0.073	0.96	-0.062	-0.465	-0.032	0.637	1.196	"4"
"信奉"	0	0	0	1	0.069	0.414	0.036	0.48	-0.031	-0.232	-0.016	0.319	0.598	"4"
"修正"	0	3	0	0	0.207	1.243	0.109	1.441	-0.093	1.148	-0.048	-0.853	2.142	"2"
"修正案"	1	3	0	0	0.276	1.658	0.146	1.921	0.605	0.707	-0.064	-1.137	2.513	"4"
"修法"	0	3	0	0	0.207	1.243	0.109	1.441	-0.093	1.148	-0.048	-0.853	2.142	"2"
"倒阁"	1	3	0	2	0.413	2.486	0.219	2.881	0.458	0.314	-0.097	-0.419	1.288	"1"
"候选人"	0	0	0	11	0.758	4.558	0.401	5.283	-0.341	-2.556	-0.177	3.504	6.578	"4"
"借"	1	0	0	0	0.069	0.414	0.036	0.48	1.162	-0.232	-0.016	-0.284	1.694	"1"
"倾轧"	0	1	0	0	0.069	0.414	0.036	0.48	-0.031	0.383	-0.016	-0.284	0.714	"2"
"做出"	0	3	0	1	0.276	1.658	0.146	1.921	-0.124	0.707	-0.064	-0.465	1.36	"2"
"做成"	0	1	0	0	0.069	0.414	0.036	0.48	-0.031	0.383	-0.016	-0.284	0.714	"2"
"停建"	0	1	0	0	0.069	0.414	0.036	0.48	-0.031	0.383	-0.016	-0.284	0.714	"2"
"停止"	0	0	0	1	0.069	0.414	0.036	0.48	-0.031	-0.232	-0.016	0.319	0.598	"4"
"僵局"	0	0	0	1	0.069	0.414	0.036	0.48	-0.031	-0.232	-0.016	0.319	0.598	"4"
"僵持"	0	2	0	0	0.138	0.829	0.073	0.96	-0.062	0.765	-0.032	-0.568	1.427	"2"
"先"	0	1	0	0	0.069	0.414	0.036	0.48	-0.031	0.383	-0.016	-0.284	0.714	"2"
"党"	2	10	1	22	2.412	14.504	1.276	16.809	-0.25	-1.082	-0.198	1.252	2.782	"4"
"党主席"	2	2	0	0	0.276	1.658	0.146	1.921	1.586	0.26	-0.064	-1.137	3.047	"1"
"党党团"	0	1	0	0	0.069	0.414	0.036	0.48	-0.031	0.383	-0.016	-0.284	0.714	"2"
"党员"	0	1	0	1	0.138	0.829	0.073	0.96	-0.062	0.182	-0.032	0.137	0.413	"2"
"党团"	0	43	0	2	3.101	18.648	1.64	21.611	-1.395	13.906	-0.726	-9.841	25.868	"2"
"党派"	0	0	0	5	0.345	2.072	0.182	2.401	-0.155	-1.162	-0.081	1.593	2.991	"4"
"党籍"	0	2	0	0	0.138	0.829	0.073	0.96	-0.062	0.765	-0.032	-0.568	1.427	"2"
"党纲"	0	0	0	2	0.138	0.829	0.073	0.96	-0.062	-0.465	-0.032	0.637	1.196	"4"
"党职"	0	0	0	1	0.069	0.414	0.036	0.48	-0.031	-0.232	-0.016	0.319	0.598	"4"
"党部"	0	1	0	0	0.069	0.414	0.036	0.48	-0.031	0.383	-0.016	-0.284	0.714	"2"
"党魁"	1	0	0	0	0.069	0.414	0.036	0.48	1.162	-0.232	-0.016	-0.284	1.694	"1"
"全力"	0	2	0	2	0.276	1.658	0.146	1.921	-0.124	0.26	-0.064	0.182	0.63	"2"
"全力以赴"	0	1	0	0	0.069	0.414	0.036	0.48	-0.031	0.383	-0.016	-0.284	0.714	"2"
"全国"	0	0	0	7	0.482	2.901	0.255	3.362	-0.217	-1.627	-0.113	2.23	4.187	"4"
"全民"	0	0	0	4	0.276	1.658	0.146	1.921	-0.124	-0.93	-0.064	1.274	2.392	"4"
"公投"	1	0	0	0	0.069	0.414	0.036	0.48	1.162	-0.232	-0.016	-0.284	1.694	"1"
"公投法"	0	1	0	0	0.069	0.414	0.036	0.48	-0.031	0.383	-0.016	-0.284	0.714	"2"
"公祭"	1	0	0	0	0.069	0.414	0.036	0.48	1.162	-0.232	-0.016	-0.284	1.694	"1"
"六法"	0	1	0	0	0.069	0.414	0.036	0.48	-0.031	0.383	-0.016	-0.284	0.714	"2"
"共产"	0	0	0	1	0.069	0.414	0.036	0.48	-0.031	-0.232	-0.016	0.319	0.598	"4"
"共产主义"	0	0	0	1	0.069	0.414	0.036	0.48	-0.031	-0.232	-0.016	0.319	0.598	"4"
"共产党"	0	0	0	2	0.138	0.829	0.073	0.96	-0.062	-0.465	-0.032	0.637	1.196	"4"
"共同"	0	0	0	12	0.827	4.973	0.437	5.763	-0.372	-2.789	-0.193	3.822	7.176	"4"
"共有"	0	0	0	1	0.069	0.414	0.036	0.48	-0.031	-0.232	-0.016	0.319	0.598	"4"
"共识"	1	6	0	4	0.758	4.558	0.401	5.283	0.264	0.554	-0.177	-0.494	1.489	"2"
"共赴"	0	1	0	0	0.069	0.414	0.036	0.48	-0.031	0.383	-0.016	-0.284	0.714	"2"
"关心"	0	1	0	0	0.069	0.414	0.036	0.48	-0.031	0.383	-0.016	-0.284	0.714	"2"
"其他"	0	0	1	18	1.309	7.874	0.692	9.125	-0.589	-4.416	0.296	4.718	10.019	"4"
"其它"	0	0	0	1	0.069	0.414	0.036	0.48	-0.031	-0.232	-0.016	0.319	0.598	"4"
"兼任"	0	1	0	0	0.069	0.414	0.036	0.48	-0.031	0.383	-0.016	-0.284	0.714	"2"
"内外"	0	0	0	1	0.069	0.414	0.036	0.48	-0.031	-0.232	-0.016	0.319	0.598	"4"
"内部"	0	1	0	3	0.276	1.658	0.146	1.921	-0.124	-0.346	-0.064	0.547	1.081	"4"
"内阁"	0	0	0	5	0.345	2.072	0.182	2.401	-0.155	-1.162	-0.081	1.593	2.991	"4"
"军公教"	0	1	0	0	0.069	0.414	0.036	0.48	-0.031	0.383	-0.016	-0.284	0.714	"2"
"农渔会"	0	1	0	0	0.069	0.414	0.036	0.48	-0.031	0.383	-0.016	-0.284	0.714	"2"
"农渔会法"	0	1	0	0	0.069	0.414	0.036	0.48	-0.031	0.383	-0.016	-0.284	0.714	"2"
"决"	1	0	0	0	0.069	0.414	0.036	0.48	1.162	-0.232	-0.016	-0.284	1.694	"1"
"决定"	1	5	0	0	0.413	2.486	0.219	2.881	0.458	1.319	-0.097	-1.705	3.579	"4"
"决策"	0	2	0	0	0.138	0.829	0.073	0.96	-0.062	0.765	-0.032	-0.568	1.427	"2"
"决议"	0	7	0	0	0.482	2.901	0.255	3.362	-0.217	2.678	-0.113	-1.989	4.997	"2"
"况且"	1	0	0	0	0.069	0.414	0.036	0.48	1.162	-0.232	-0.016	-0.284	1.694	"1"
"凝聚"	1	1	0	0	0.138	0.829	0.073	0.96	0.876	0.182	-0.032	-0.568	1.658	"1"
"几经"	0	0	1	0	0.069	0.414	0.036	0.48	-0.031	-0.232	1.438	-0.284	1.985	"3"
"出席"	0	0	0	1	0.069	0.414	0.036	0.48	-0.031	-0.232	-0.016	0.319	0.598	"4"
"分"	0	0	0	10	0.689	4.144	0.364	4.802	-0.31	-2.324	-0.161	3.185	5.98	"4"
"分不开"	0	0	0	1	0.069	0.414	0.036	0.48	-0.031	-0.232	-0.016	0.319	0.598	"4"
"分区"	0	1	0	0	0.069	0.414	0.036	0.48	-0.031	0.383	-0.016	-0.284	0.714	"2"
"分开"	1	0	0	0	0.069	0.414	0.036	0.48	1.162	-0.232	-0.016	-0.284	1.694	"1"
"分歧"	1	1	0	2	0.276	1.658	0.146	1.921	0.605	-0.346	-0.064	0.182	1.197	"1"
"分组"	0	1	0	0	0.069	0.414	0.036	0.48	-0.031	0.383	-0.016	-0.284	0.714	"2"
"分裂"	0	0	0	1	0.069	0.414	0.036	0.48	-0.031	-0.232	-0.016	0.319	0.598	"4"
"分配"	0	0	0	4	0.276	1.658	0.146	1.921	-0.124	-0.93	-0.064	1.274	2.392	"4"
"刘泰英"	0	1	0	2	0.207	1.243	0.109	1.441	-0.093	-0.203	-0.048	0.328	0.672	"4"
"则"	0	5	0	1	0.413	2.486	0.219	2.881	-0.186	1.319	-0.097	-0.889	2.491	"2"
"创立"	1	0	0	0	0.069	0.414	0.036	0.48	1.162	-0.232	-0.016	-0.284	1.694	"1"
"初选"	0	1	0	0	0.069	0.414	0.036	0.48	-0.031	0.383	-0.016	-0.284	0.714	"2"
"删"	0	2	0	0	0.138	0.829	0.073	0.96	-0.062	0.765	-0.032	-0.568	1.427	"2"
"利益"	0	0	0	11	0.758	4.558	0.401	5.283	-0.341	-2.556	-0.177	3.504	6.578	"4"
"制度"	0	0	0	1	0.069	0.414	0.036	0.48	-0.031	-0.232	-0.016	0.319	0.598	"4"
"制度化"	0	0	0	1	0.069	0.414	0.036	0.48	-0.031	-0.232	-0.016	0.319	0.598	"4"
"制法"	0	1	0	0	0.069	0.414	0.036	0.48	-0.031	0.383	-0.016	-0.284	0.714	"2"
"前提"	0	0	0	1	0.069	0.414	0.036	0.48	-0.031	-0.232	-0.016	0.319	0.598	"4"
"副"	0	1	0	0	0.069	0.414	0.036	0.48	-0.031	0.383	-0.016	-0.284	0.714	"2"
"副主委"	0	1	0	0	0.069	0.414	0.036	0.48	-0.031	0.383	-0.016	-0.284	0.714	"2"
"副召集人"	0	2	0	0	0.138	0.829	0.073	0.96	-0.062	0.765	-0.032	-0.568	1.427	"2"
"副总"	0	2	0	0	0.138	0.829	0.073	0.96	-0.062	0.765	-0.032	-0.568	1.427	"2"
"副首长"	0	0	0	1	0.069	0.414	0.036	0.48	-0.031	-0.232	-0.016	0.319	0.598	"4"
"力邀"	0	2	0	0	0.138	0.829	0.073	0.96	-0.062	0.765	-0.032	-0.568	1.427	"2"
"力量"	0	1	0	3	0.276	1.658	0.146	1.921	-0.124	-0.346	-0.064	0.547	1.081	"4"
"办公室"	0	6	0	0	0.413	2.486	0.219	2.881	-0.186	2.296	-0.097	-1.705	4.284	"2"
"加上"	0	0	0	1	0.069	0.414	0.036	0.48	-0.031	-0.232	-0.016	0.319	0.598	"4"
"加入"	0	2	0	0	0.138	0.829	0.073	0.96	-0.062	0.765	-0.032	-0.568	1.427	"2"
"加盟"	0	0	0	1	0.069	0.414	0.036	0.48	-0.031	-0.232	-0.016	0.319	0.598	"4"
"加速"	0	2	0	0	0.138	0.829	0.073	0.96	-0.062	0.765	-0.032	-0.568	1.427	"2"
"加重"	0	0	0	2	0.138	0.829	0.073	0.96	-0.062	-0.465	-0.032	0.637	1.196	"4"
"务实"	0	1	0	1	0.138	0.829	0.073	0.96	-0.062	0.182	-0.032	0.137	0.413	"2"
"动员"	0	1	0	0	0.069	0.414	0.036	0.48	-0.031	0.383	-0.016	-0.284	0.714	"2"
"劳委会"	0	1	0	0	0.069	0.414	0.036	0.48	-0.031	0.383	-0.016	-0.284	0.714	"2"
"劳工"	1	1	0	0	0.138	0.829	0.073	0.96	0.876	0.182	-0.032	-0.568	1.658	"1"
"劳资"	1	2	0	0	0.207	1.243	0.109	1.441	0.715	0.428	-0.048	-0.853	2.044	"4"
"势在必行"	0	0	0	1	0.069	0.414	0.036	0.48	-0.031	-0.232	-0.016	0.319	0.598	"4"
"包容"	0	0	0	1	0.069	0.414	0.036	0.48	-0.031	-0.232	-0.016	0.319	0.598	"4"
"化解"	0	0	0	1	0.069	0.414	0.036	0.48	-0.031	-0.232	-0.016	0.319	0.598	"4"
"十一时"	0	4	0	0	0.276	1.658	0.146	1.921	-0.124	1.53	-0.064	-1.137	2.855	"2"
"十七日电"	0	2	0	0	0.138	0.829	0.073	0.96	-0.062	0.765	-0.032	-0.568	1.427	"2"
"十九日电"	0	2	0	0	0.138	0.829	0.073	0.96	-0.062	0.765	-0.032	-0.568	1.427	"2"
"十二日"	0	1	0	0	0.069	0.414	0.036	0.48	-0.031	0.383	-0.016	-0.284	0.714	"2"
"十二时"	0	4	0	0	0.276	1.658	0.146	1.921	-0.124	1.53	-0.064	-1.137	2.855	"2"
"十五时"	0	1	0	0	0.069	0.414	0.036	0.48	-0.031	0.383	-0.016	-0.284	0.714	"2"
"十八日"	0	0	3	0	0.207	1.243	0.109	1.441	-0.093	-0.697	4.315	-0.853	5.958	"3"
"十八日电"	0	0	0	1	0.069	0.414	0.036	0.48	-0.031	-0.232	-0.016	0.319	0.598	"4"
"十六日电"	0	1	0	0	0.069	0.414	0.036	0.48	-0.031	0.383	-0.016	-0.284	0.714	"2"
"十分"	0	2	0	1	0.207	1.243	0.109	1.441	-0.093	0.428	-0.048	-0.276	0.845	"2"
"十四时"	0	1	0	0	0.069	0.414	0.036	0.48	-0.031	0.383	-0.016	-0.284	0.714	"2"
"十多"	0	0	0	1	0.069	0.414	0.036	0.48	-0.031	-0.232	-0.016	0.319	0.598	"4"
"十时"	0	3	0	0	0.207	1.243	0.109	1.441	-0.093	1.148	-0.048	-0.853	2.142	"2"
"升格"	0	0	0	1	0.069	0.414	0.036	0.48	-0.031	-0.232	-0.016	0.319	0.598	"4"
"华人"	0	0	0	1	0.069	0.414	0.036	0.48	-0.031	-0.232	-0.016	0.319	0.598	"4"
"协商"	6	14	0	6	1.792	10.774	0.948	12.486	2.13	0.856	-0.419	-2.086	5.491	"1"
"协商会"	0	0	0	1	0.069	0.414	0.036	0.48	-0.031	-0.232	-0.016	0.319	0.598	"4"
"协商出"	0	1	0	0	0.069	0.414	0.036	0.48	-0.031	0.383	-0.016	-0.284	0.714	"2"
"协调"	0	1	0	1	0.138	0.829	0.073	0.96	-0.062	0.182	-0.032	0.137	0.413	"2"
"卓荣泰"	0	1	0	0	0.069	0.414	0.036	0.48	-0.031	0.383	-0.016	-0.284	0.714	"2"
"单一"	0	0	0	1	0.069	0.414	0.036	0.48	-0.031	-0.232	-0.016	0.319	0.598	"4"
"印度"	0	0	0	1	0.069	0.414	0.036	0.48	-0.031	-0.232	-0.016	0.319	0.598	"4"
"历经"	0	0	1	0	0.069	0.414	0.036	0.48	-0.031	-0.232	1.438	-0.284	1.985	"3"
"厉害"	0	0	0	1	0.069	0.414	0.036	0.48	-0.031	-0.232	-0.016	0.319	0.598	"4"
"原则"	0	0	0	1	0.069	0.414	0.036	0.48	-0.031	-0.232	-0.016	0.319	0.598	"4"
"原属"	0	0	0	1	0.069	0.414	0.036	0.48	-0.031	-0.232	-0.016	0.319	0.598	"4"
"县党部"	0	0	0	1	0.069	0.414	0.036	0.48	-0.031	-0.232	-0.016	0.319	0.598	"4"
"县市长"	0	1	1	1	0.207	1.243	0.109	1.441	-0.093	-0.203	0.977	-0.276	1.549	"3"
"参"	0	0	0	2	0.138	0.829	0.073	0.96	-0.062	-0.465	-0.032	0.637	1.196	"4"
"参与"	1	0	0	2	0.207	1.243	0.109	1.441	0.715	-0.697	-0.048	0.328	1.788	"1"
"参加"	0	0	0	4	0.276	1.658	0.146	1.921	-0.124	-0.93	-0.064	1.274	2.392	"4"
"参政"	0	0	0	1	0.069	0.414	0.036	0.48	-0.031	-0.232	-0.016	0.319	0.598	"4"
"参选"	0	0	0	4	0.276	1.658	0.146	1.921	-0.124	-0.93	-0.064	1.274	2.392	"4"
"参选人"	0	0	0	1	0.069	0.414	0.036	0.48	-0.031	-0.232	-0.016	0.319	0.598	"4"
"友好"	1	0	0	4	0.345	2.072	0.182	2.401	0.523	-1.162	-0.081	0.786	2.552	"2"
"双十国庆"	0	0	0	1	0.069	0.414	0.036	0.48	-0.031	-0.232	-0.016	0.319	0.598	"4"
"反对"	0	1	0	4	0.345	2.072	0.182	2.401	-0.155	-0.505	-0.081	0.786	1.527	"4"
"反对党"	0	0	0	1	0.069	0.414	0.036	0.48	-0.031	-0.232	-0.016	0.319	0.598	"4"
"反对党人"	0	0	0	1	0.069	0.414	0.036	0.48	-0.031	-0.232	-0.016	0.319	0.598	"4"
"反对派"	0	0	0	6	0.413	2.486	0.219	2.881	-0.186	-1.394	-0.097	1.911	3.588	"4"
"反弹"	0	0	0	1	0.069	0.414	0.036	0.48	-0.031	-0.232	-0.016	0.319	0.598	"4"
"发动"	0	1	0	0	0.069	0.414	0.036	0.48	-0.031	0.383	-0.016	-0.284	0.714	"2"
"发给"	0	0	0	1	0.069	0.414	0.036	0.48	-0.031	-0.232	-0.016	0.319	0.598	"4"
"发言人"	0	7	0	0	0.482	2.901	0.255	3.362	-0.217	2.678	-0.113	-1.989	4.997	"2"
"取向"	0	0	0	1	0.069	0.414	0.036	0.48	-0.031	-0.232	-0.016	0.319	0.598	"4"
"取缔"	0	0	0	1	0.069	0.414	0.036	0.48	-0.031	-0.232	-0.016	0.319	0.598	"4"
"变动性"	0	0	0	1	0.069	0.414	0.036	0.48	-0.031	-0.232	-0.016	0.319	0.598	"4"
"变更"	0	0	0	1	0.069	0.414	0.036	0.48	-0.031	-0.232	-0.016	0.319	0.598	"4"
"古斯茂"	0	0	0	1	0.069	0.414	0.036	0.48	-0.031	-0.232	-0.016	0.319	0.598	"4"
"召"	0	0	0	1	0.069	0.414	0.036	0.48	-0.031	-0.232	-0.016	0.319	0.598	"4"
"召开"	0	3	0	0	0.207	1.243	0.109	1.441	-0.093	1.148	-0.048	-0.853	2.142	"2"
"召集"	0	2	0	0	0.138	0.829	0.073	0.96	-0.062	0.765	-0.032	-0.568	1.427	"2"
"召集人"	1	5	0	1	0.482	2.901	0.255	3.362	0.405	0.955	-0.113	-1.116	2.589	"4"
"可能性"	0	1	0	3	0.276	1.658	0.146	1.921	-0.124	-0.346	-0.064	0.547	1.081	"4"
"台北市"	0	1	0	0	0.069	0.414	0.036	0.48	-0.031	0.383	-0.016	-0.284	0.714	"2"
"台商"	0	0	0	2	0.138	0.829	0.073	0.96	-0.062	-0.465	-0.032	0.637	1.196	"4"
"台湾"	2	0	2	13	1.172	7.045	0.62	8.164	0.483	-3.951	0.9	1.781	7.115	"2"
"台湾人"	0	0	1	0	0.069	0.414	0.036	0.48	-0.031	-0.232	1.438	-0.284	1.985	"3"
"台面"	1	0	0	1	0.138	0.829	0.073	0.96	0.876	-0.465	-0.032	0.137	1.51	"1"
"右"	0	0	0	3	0.207	1.243	0.109	1.441	-0.093	-0.697	-0.048	0.956	1.794	"4"
"右派"	0	0	0	1	0.069	0.414	0.036	0.48	-0.031	-0.232	-0.016	0.319	0.598	"4"
"右翼"	0	0	0	1	0.069	0.414	0.036	0.48	-0.031	-0.232	-0.016	0.319	0.598	"4"
"号召"	0	1	0	1	0.138	0.829	0.073	0.96	-0.062	0.182	-0.032	0.137	0.413	"2"
"吁"	0	0	0	3	0.207	1.243	0.109	1.441	-0.093	-0.697	-0.048	0.956	1.794	"4"
"各"	7	12	0	65	5.789	34.809	3.062	40.341	0.446	-7.159	-1.354	7.455	16.414	"4"
"各界"	0	1	1	6	0.551	3.315	0.292	3.842	-0.248	-1.036	0.59	0.92	2.794	"2"
"合"	0	0	0	2	0.138	0.829	0.073	0.96	-0.062	-0.465	-0.032	0.637	1.196	"4"
"合作"	1	0	1	18	1.378	8.288	0.729	9.605	-0.226	-4.648	0.281	3.981	9.136	"2"
"合作社"	0	0	0	1	0.069	0.414	0.036	0.48	-0.031	-0.232	-0.016	0.319	0.598	"4"
"合纵"	0	1	0	0	0.069	0.414	0.036	0.48	-0.031	0.383	-0.016	-0.284	0.714	"2"
"同一"	0	0	0	1	0.069	0.414	0.036	0.48	-0.031	-0.232	-0.016	0.319	0.598	"4"
"同意"	0	2	0	2	0.276	1.658	0.146	1.921	-0.124	0.26	-0.064	0.182	0.63	"2"
"同舟共济"	0	0	0	2	0.138	0.829	0.073	0.96	-0.062	-0.465	-0.032	0.637	1.196	"4"
"名单"	0	0	0	4	0.276	1.658	0.146	1.921	-0.124	-0.93	-0.064	1.274	2.392	"4"
"名额"	0	0	0	3	0.207	1.243	0.109	1.441	-0.093	-0.697	-0.048	0.956	1.794	"4"
"后"	0	0	0	1	0.069	0.414	0.036	0.48	-0.031	-0.232	-0.016	0.319	0.598	"4"
"后延"	0	1	0	0	0.069	0.414	0.036	0.48	-0.031	0.383	-0.016	-0.284	0.714	"2"
"否"	0	0	0	1	0.069	0.414	0.036	0.48	-0.031	-0.232	-0.016	0.319	0.598	"4"
"启用"	0	0	0	1	0.069	0.414	0.036	0.48	-0.031	-0.232	-0.016	0.319	0.598	"4"
"吴乃仁"	0	1	0	1	0.138	0.829	0.073	0.96	-0.062	0.182	-0.032	0.137	0.413	"2"
"吴瑞国"	0	1	0	0	0.069	0.414	0.036	0.48	-0.031	0.383	-0.016	-0.284	0.714	"2"
"吵"	0	0	0	1	0.069	0.414	0.036	0.48	-0.031	-0.232	-0.016	0.319	0.598	"4"
"员"	0	1	0	0	0.069	0.414	0.036	0.48	-0.031	0.383	-0.016	-0.284	0.714	"2"
"周伯伦"	0	4	0	0	0.276	1.658	0.146	1.921	-0.124	1.53	-0.064	-1.137	2.855	"2"
"和"	0	0	0	3	0.207	1.243	0.109	1.441	-0.093	-0.697	-0.048	0.956	1.794	"4"
"和解"	0	0	0	8	0.551	3.315	0.292	3.842	-0.248	-1.859	-0.129	2.548	4.784	"4"
"和谐"	2	0	0	0	0.138	0.829	0.073	0.96	2.323	-0.465	-0.032	-0.568	3.388	"1"
"响彻云霄"	0	0	0	1	0.069	0.414	0.036	0.48	-0.031	-0.232	-0.016	0.319	0.598	"4"
"唐飞"	1	5	0	0	0.413	2.486	0.219	2.881	0.458	1.319	-0.097	-1.705	3.579	"4"
"唯"	0	0	0	2	0.138	0.829	0.073	0.96	-0.062	-0.465	-0.032	0.637	1.196	"4"
"唯有"	0	0	1	0	0.069	0.414	0.036	0.48	-0.031	-0.232	1.438	-0.284	1.985	"3"
"唱双簧"	0	1	0	0	0.069	0.414	0.036	0.48	-0.031	0.383	-0.016	-0.284	0.714	"2"
"唿吁"	4	2	0	5	0.758	4.558	0.401	5.283	2.299	-0.996	-0.177	-0.257	3.729	"1"
"商"	0	1	0	0	0.069	0.414	0.036	0.48	-0.031	0.383	-0.016	-0.284	0.714	"2"
"商请"	0	1	0	0	0.069	0.414	0.036	0.48	-0.031	0.383	-0.016	-0.284	0.714	"2"
"商量"	0	1	0	0	0.069	0.414	0.036	0.48	-0.031	0.383	-0.016	-0.284	0.714	"2"
"善意"	0	0	0	1	0.069	0.414	0.036	0.48	-0.031	-0.232	-0.016	0.319	0.598	"4"
"喊"	0	0	0	1	0.069	0.414	0.036	0.48	-0.031	-0.232	-0.016	0.319	0.598	"4"
"回归"	0	0	0	3	0.207	1.243	0.109	1.441	-0.093	-0.697	-0.048	0.956	1.794	"4"
"因"	0	1	0	1	0.138	0.829	0.073	0.96	-0.062	0.182	-0.032	0.137	0.413	"2"
"因应"	1	3	0	0	0.276	1.658	0.146	1.921	0.605	0.707	-0.064	-1.137	2.513	"4"
"团"	0	2	0	0	0.138	0.829	0.073	0.96	-0.062	0.765	-0.032	-0.568	1.427	"2"
"团体"	0	0	0	5	0.345	2.072	0.182	2.401	-0.155	-1.162	-0.081	1.593	2.991	"4"
"团结"	0	0	0	4	0.276	1.658	0.146	1.921	-0.124	-0.93	-0.064	1.274	2.392	"4"
"团结一致"	0	0	0	1	0.069	0.414	0.036	0.48	-0.031	-0.232	-0.016	0.319	0.598	"4"
"团长"	0	0	0	1	0.069	0.414	0.036	0.48	-0.031	-0.232	-0.016	0.319	0.598	"4"
"困局"	0	0	0	1	0.069	0.414	0.036	0.48	-0.031	-0.232	-0.016	0.319	0.598	"4"
"国亲"	0	0	0	1	0.069	0.414	0.036	0.48	-0.031	-0.232	-0.016	0.319	0.598	"4"
"国会"	0	0	0	15	1.034	6.216	0.547	7.204	-0.465	-3.486	-0.242	4.778	8.971	"4"
"国内"	0	0	0	7	0.482	2.901	0.255	3.362	-0.217	-1.627	-0.113	2.23	4.187	"4"
"国家杜马"	0	1	0	0	0.069	0.414	0.036	0.48	-0.031	0.383	-0.016	-0.284	0.714	"2"
"国民"	2	1	0	1	0.276	1.658	0.146	1.921	1.586	-0.346	-0.064	-0.465	2.461	"1"
"国民党"	0	42	4	4	3.446	20.72	1.822	24.012	-1.55	9.138	0.964	-8.944	20.596	"2"
"国民党团"	0	2	0	1	0.207	1.243	0.109	1.441	-0.093	0.428	-0.048	-0.276	0.845	"2"
"国民党籍"	1	1	0	0	0.138	0.829	0.073	0.96	0.876	0.182	-0.032	-0.568	1.658	"1"
"圆桌"	0	0	0	1	0.069	0.414	0.036	0.48	-0.031	-0.232	-0.016	0.319	0.598	"4"
"圆桌会议"	0	3	0	1	0.276	1.658	0.146	1.921	-0.124	0.707	-0.064	-0.465	1.36	"2"
"在于"	0	0	0	1	0.069	0.414	0.036	0.48	-0.031	-0.232	-0.016	0.319	0.598	"4"
"在野"	1	14	0	2	1.172	7.045	0.62	8.164	-0.173	3.158	-0.274	-2.708	6.313	"2"
"在野党"	0	4	0	1	0.345	2.072	0.182	2.401	-0.155	1.006	-0.081	-0.671	1.913	"2"
"地域"	0	0	0	1	0.069	0.414	0.036	0.48	-0.031	-0.232	-0.016	0.319	0.598	"4"
"坐下来"	0	0	0	1	0.069	0.414	0.036	0.48	-0.031	-0.232	-0.016	0.319	0.598	"4"
"坚定"	0	1	0	0	0.069	0.414	0.036	0.48	-0.031	0.383	-0.016	-0.284	0.714	"2"
"坚持"	1	0	0	2	0.207	1.243	0.109	1.441	0.715	-0.697	-0.048	0.328	1.788	"1"
"基于"	0	0	1	3	0.276	1.658	0.146	1.921	-0.124	-0.93	0.86	0.547	2.461	"2"
"塔帕"	0	0	0	3	0.207	1.243	0.109	1.441	-0.093	-0.697	-0.048	0.956	1.794	"4"
"塞尔维亚"	0	0	0	1	0.069	0.414	0.036	0.48	-0.031	-0.232	-0.016	0.319	0.598	"4"
"声望"	0	0	0	1	0.069	0.414	0.036	0.48	-0.031	-0.232	-0.016	0.319	0.598	"4"
"处理"	0	3	0	0	0.207	1.243	0.109	1.441	-0.093	1.148	-0.048	-0.853	2.142	"2"
"备受"	1	0	0	0	0.069	0.414	0.036	0.48	1.162	-0.232	-0.016	-0.284	1.694	"1"
"复议案"	0	2	0	0	0.138	0.829	0.073	0.96	-0.062	0.765	-0.032	-0.568	1.427	"2"
"外侨"	0	0	0	1	0.069	0.414	0.036	0.48	-0.031	-0.232	-0.016	0.319	0.598	"4"
"多数"	0	0	0	4	0.276	1.658	0.146	1.921	-0.124	-0.93	-0.064	1.274	2.392	"4"
"多数党"	0	0	0	1	0.069	0.414	0.036	0.48	-0.031	-0.232	-0.016	0.319	0.598	"4"
"大专院校"	0	0	0	1	0.069	0.414	0.036	0.48	-0.031	-0.232	-0.016	0.319	0.598	"4"
"大会"	0	3	0	0	0.207	1.243	0.109	1.441	-0.093	1.148	-0.048	-0.853	2.142	"2"
"大声"	1	0	0	0	0.069	0.414	0.036	0.48	1.162	-0.232	-0.016	-0.284	1.694	"1"
"大法"	0	0	0	1	0.069	0.414	0.036	0.48	-0.031	-0.232	-0.016	0.319	0.598	"4"
"大法官"	1	0	0	0	0.069	0.414	0.036	0.48	1.162	-0.232	-0.016	-0.284	1.694	"1"
"大选"	0	0	3	6	0.62	3.73	0.328	4.322	-0.279	-2.092	2.463	0.664	5.498	"3"
"大门"	0	2	0	0	0.138	0.829	0.073	0.96	-0.062	0.765	-0.032	-0.568	1.427	"2"
"夫斯基"	0	0	0	1	0.069	0.414	0.036	0.48	-0.031	-0.232	-0.016	0.319	0.598	"4"
"奉"	0	0	0	1	0.069	0.414	0.036	0.48	-0.031	-0.232	-0.016	0.319	0.598	"4"
"奥巴桑乔"	0	0	0	1	0.069	0.414	0.036	0.48	-0.031	-0.232	-0.016	0.319	0.598	"4"
"奥莱霍"	0	0	0	1	0.069	0.414	0.036	0.48	-0.031	-0.232	-0.016	0.319	0.598	"4"
"好好"	0	1	0	1	0.138	0.829	0.073	0.96	-0.062	0.182	-0.032	0.137	0.413	"2"
"如此"	0	0	0	1	0.069	0.414	0.036	0.48	-0.031	-0.232	-0.016	0.319	0.598	"4"
"委员"	0	0	0	1	0.069	0.414	0.036	0.48	-0.031	-0.232	-0.016	0.319	0.598	"4"
"字眼"	0	1	0	0	0.069	0.414	0.036	0.48	-0.031	0.383	-0.016	-0.284	0.714	"2"
"孙大千"	0	1	0	1	0.138	0.829	0.073	0.96	-0.062	0.182	-0.032	0.137	0.413	"2"
"学者"	2	0	0	0	0.138	0.829	0.073	0.96	2.323	-0.465	-0.032	-0.568	3.388	"1"
"宋楚瑜"	1	2	0	3	0.413	2.486	0.219	2.881	0.458	-0.289	-0.097	0.209	1.053	"1"
"官僚"	0	0	0	1	0.069	0.414	0.036	0.48	-0.031	-0.232	-0.016	0.319	0.598	"4"
"定期"	0	0	0	1	0.069	0.414	0.036	0.48	-0.031	-0.232	-0.016	0.319	0.598	"4"
"定调"	0	0	1	0	0.069	0.414	0.036	0.48	-0.031	-0.232	1.438	-0.284	1.985	"3"
"审查"	1	3	0	0	0.276	1.658	0.146	1.921	0.605	0.707	-0.064	-1.137	2.513	"4"
"审视"	0	0	0	1	0.069	0.414	0.036	0.48	-0.031	-0.232	-0.016	0.319	0.598	"4"
"审议"	0	1	0	0	0.069	0.414	0.036	0.48	-0.031	0.383	-0.016	-0.284	0.714	"2"
"宣佈"	0	3	0	0	0.207	1.243	0.109	1.441	-0.093	1.148	-0.048	-0.853	2.142	"2"
"宪政"	0	1	1	1	0.207	1.243	0.109	1.441	-0.093	-0.203	0.977	-0.276	1.549	"3"
"宪法"	0	0	0	4	0.276	1.658	0.146	1.921	-0.124	-0.93	-0.064	1.274	2.392	"4"
"宪法法"	0	0	0	1	0.069	0.414	0.036	0.48	-0.031	-0.232	-0.016	0.319	0.598	"4"
"密集"	1	0	0	0	0.069	0.414	0.036	0.48	1.162	-0.232	-0.016	-0.284	1.694	"1"
"对于"	1	5	1	4	0.758	4.558	0.401	5.283	0.264	0.295	0.475	-0.494	1.528	"4"
"对待"	0	0	0	1	0.069	0.414	0.036	0.48	-0.031	-0.232	-0.016	0.319	0.598	"4"
"对抗"	0	0	0	1	0.069	0.414	0.036	0.48	-0.031	-0.232	-0.016	0.319	0.598	"4"
"对立"	1	0	0	3	0.276	1.658	0.146	1.921	0.605	-0.93	-0.064	0.547	2.146	"2"
"寻求"	0	2	0	3	0.345	2.072	0.182	2.401	-0.155	-0.182	-0.081	0.334	0.752	"4"
"导火线"	0	1	0	0	0.069	0.414	0.036	0.48	-0.031	0.383	-0.016	-0.284	0.714	"2"
"封禁"	0	0	0	1	0.069	0.414	0.036	0.48	-0.031	-0.232	-0.016	0.319	0.598	"4"
"封闭式"	0	0	0	2	0.138	0.829	0.073	0.96	-0.062	-0.465	-0.032	0.637	1.196	"4"
"尊严"	0	0	0	3	0.207	1.243	0.109	1.441	-0.093	-0.697	-0.048	0.956	1.794	"4"
"尊重"	2	0	0	6	0.551	3.315	0.292	3.842	0.997	-1.859	-0.129	0.92	3.905	"2"
"小"	0	0	0	1	0.069	0.414	0.036	0.48	-0.031	-0.232	-0.016	0.319	0.598	"4"
"小组"	0	0	0	3	0.207	1.243	0.109	1.441	-0.093	-0.697	-0.048	0.956	1.794	"4"
"少"	0	0	0	1	0.069	0.414	0.036	0.48	-0.031	-0.232	-0.016	0.319	0.598	"4"
"少数"	0	1	0	2	0.207	1.243	0.109	1.441	-0.093	-0.203	-0.048	0.328	0.672	"4"
"尖锐"	0	0	0	1	0.069	0.414	0.036	0.48	-0.031	-0.232	-0.016	0.319	0.598	"4"
"尚未"	0	2	0	0	0.138	0.829	0.073	0.96	-0.062	0.765	-0.032	-0.568	1.427	"2"
"就职"	0	0	0	1	0.069	0.414	0.036	0.48	-0.031	-0.232	-0.016	0.319	0.598	"4"
"尼泊尔"	0	0	0	1	0.069	0.414	0.036	0.48	-0.031	-0.232	-0.016	0.319	0.598	"4"
"尽速"	1	1	0	3	0.345	2.072	0.182	2.401	0.523	-0.505	-0.081	0.334	1.443	"1"
"届"	0	0	0	1	0.069	0.414	0.036	0.48	-0.031	-0.232	-0.016	0.319	0.598	"4"
"展现"	0	0	0	2	0.138	0.829	0.073	0.96	-0.062	-0.465	-0.032	0.637	1.196	"4"
"属下"	0	0	0	1	0.069	0.414	0.036	0.48	-0.031	-0.232	-0.016	0.319	0.598	"4"
"属于"	0	1	0	1	0.138	0.829	0.073	0.96	-0.062	0.182	-0.032	0.137	0.413	"2"
"属性"	0	0	0	1	0.069	0.414	0.036	0.48	-0.031	-0.232	-0.016	0.319	0.598	"4"
"岁入"	0	1	0	0	0.069	0.414	0.036	0.48	-0.031	0.383	-0.016	-0.284	0.714	"2"
"工会"	0	0	0	1	0.069	0.414	0.036	0.48	-0.031	-0.232	-0.016	0.319	0.598	"4"
"工商"	0	0	0	4	0.276	1.658	0.146	1.921	-0.124	-0.93	-0.064	1.274	2.392	"4"
"工商联"	0	0	0	2	0.138	0.829	0.073	0.96	-0.062	-0.465	-0.032	0.637	1.196	"4"
"工时案"	3	4	0	1	0.551	3.315	0.292	3.842	1.851	0.357	-0.129	-1.35	3.687	"1"
"左倾"	0	0	0	1	0.069	0.414	0.036	0.48	-0.031	-0.232	-0.016	0.319	0.598	"4"
"左派"	0	0	0	1	0.069	0.414	0.036	0.48	-0.031	-0.232	-0.016	0.319	0.598	"4"
"巴新"	0	0	0	2	0.138	0.829	0.073	0.96	-0.062	-0.465	-0.032	0.637	1.196	"4"
"巴纳吉"	0	0	0	1	0.069	0.414	0.036	0.48	-0.031	-0.232	-0.016	0.319	0.598	"4"
"市府"	0	1	0	0	0.069	0.414	0.036	0.48	-0.031	0.383	-0.016	-0.284	0.714	"2"
"市议会"	0	2	0	1	0.207	1.243	0.109	1.441	-0.093	0.428	-0.048	-0.276	0.845	"2"
"布隆迪"	0	0	0	1	0.069	0.414	0.036	0.48	-0.031	-0.232	-0.016	0.319	0.598	"4"
"师出有名"	0	1	0	0	0.069	0.414	0.036	0.48	-0.031	0.383	-0.016	-0.284	0.714	"2"
"希望"	0	0	0	8	0.551	3.315	0.292	3.842	-0.248	-1.859	-0.129	2.548	4.784	"4"
"席"	0	0	0	6	0.413	2.486	0.219	2.881	-0.186	-1.394	-0.097	1.911	3.588	"4"
"席位"	0	0	0	1	0.069	0.414	0.036	0.48	-0.031	-0.232	-0.016	0.319	0.598	"4"
"席次"	0	0	0	3	0.207	1.243	0.109	1.441	-0.093	-0.697	-0.048	0.956	1.794	"4"
"常态"	0	0	1	0	0.069	0.414	0.036	0.48	-0.031	-0.232	1.438	-0.284	1.985	"3"
"幕僚"	0	1	0	0	0.069	0.414	0.036	0.48	-0.031	0.383	-0.016	-0.284	0.714	"2"
"干"	0	1	0	0	0.069	0.414	0.036	0.48	-0.031	0.383	-0.016	-0.284	0.714	"2"
"干事长"	0	7	0	1	0.551	3.315	0.292	3.842	-0.248	1.971	-0.129	-1.35	3.698	"2"
"干部"	1	6	0	1	0.551	3.315	0.292	3.842	0.361	1.227	-0.129	-1.35	3.067	"4"
"平常"	0	0	0	1	0.069	0.414	0.036	0.48	-0.031	-0.232	-0.016	0.319	0.598	"4"
"年底"	0	1	0	1	0.138	0.829	0.073	0.96	-0.062	0.182	-0.032	0.137	0.413	"2"
"庆红"	0	0	0	1	0.069	0.414	0.036	0.48	-0.031	-0.232	-0.016	0.319	0.598	"4"
"应"	0	0	0	5	0.345	2.072	0.182	2.401	-0.155	-1.162	-0.081	1.593	2.991	"4"
"应否"	1	0	0	0	0.069	0.414	0.036	0.48	1.162	-0.232	-0.016	-0.284	1.694	"1"
"应该"	0	2	0	7	0.62	3.73	0.328	4.322	-0.279	-0.687	-0.145	1.143	2.254	"4"
"府"	0	2	0	2	0.276	1.658	0.146	1.921	-0.124	0.26	-0.064	0.182	0.63	"2"
"建交案"	0	0	0	1	0.069	0.414	0.036	0.48	-0.031	-0.232	-0.016	0.319	0.598	"4"
"建港"	0	0	0	1	0.069	0.414	0.036	0.48	-0.031	-0.232	-0.016	0.319	0.598	"4"
"建言"	0	1	0	0	0.069	0.414	0.036	0.48	-0.031	0.383	-0.016	-0.284	0.714	"2"
"建议"	0	2	0	1	0.207	1.243	0.109	1.441	-0.093	0.428	-0.048	-0.276	0.845	"2"
"开"	0	1	0	0	0.069	0.414	0.036	0.48	-0.031	0.383	-0.016	-0.284	0.714	"2"
"开会"	0	1	0	0	0.069	0.414	0.036	0.48	-0.031	0.383	-0.016	-0.284	0.714	"2"
"开除"	0	1	0	0	0.069	0.414	0.036	0.48	-0.031	0.383	-0.016	-0.284	0.714	"2"
"弃武"	0	0	0	1	0.069	0.414	0.036	0.48	-0.031	-0.232	-0.016	0.319	0.598	"4"
"弔唁"	1	0	0	0	0.069	0.414	0.036	0.48	1.162	-0.232	-0.016	-0.284	1.694	"1"
"张"	0	3	0	1	0.276	1.658	0.146	1.921	-0.124	0.707	-0.064	-0.465	1.36	"2"
"张世良"	0	1	0	0	0.069	0.414	0.036	0.48	-0.031	0.383	-0.016	-0.284	0.714	"2"
"张俊雄"	0	11	0	4	1.034	6.216	0.547	7.204	-0.465	1.896	-0.242	-1.099	3.702	"2"
"张富美"	0	0	0	1	0.069	0.414	0.036	0.48	-0.031	-0.232	-0.016	0.319	0.598	"4"
"张温鹰"	0	0	0	1	0.069	0.414	0.036	0.48	-0.031	-0.232	-0.016	0.319	0.598	"4"
"强权"	0	0	0	1	0.069	0.414	0.036	0.48	-0.031	-0.232	-0.016	0.319	0.598	"4"
"强烈"	0	0	0	2	0.138	0.829	0.073	0.96	-0.062	-0.465	-0.032	0.637	1.196	"4"
"强调"	1	2	0	10	0.896	5.387	0.474	6.243	0.218	-1.329	-0.21	1.47	3.227	"4"
"当初"	0	1	0	0	0.069	0.414	0.036	0.48	-0.031	0.383	-0.016	-0.284	0.714	"2"
"当成"	0	0	0	1	0.069	0.414	0.036	0.48	-0.031	-0.232	-0.016	0.319	0.598	"4"
"当选"	0	0	1	3	0.276	1.658	0.146	1.921	-0.124	-0.93	0.86	0.547	2.461	"2"
"形成"	0	0	0	1	0.069	0.414	0.036	0.48	-0.031	-0.232	-0.016	0.319	0.598	"4"
"彭绍瑾"	0	2	0	0	0.138	0.829	0.073	0.96	-0.062	0.765	-0.032	-0.568	1.427	"2"
"待"	0	1	0	1	0.138	0.829	0.073	0.96	-0.062	0.182	-0.032	0.137	0.413	"2"
"徇私"	0	0	0	1	0.069	0.414	0.036	0.48	-0.031	-0.232	-0.016	0.319	0.598	"4"
"得票"	0	0	0	4	0.276	1.658	0.146	1.921	-0.124	-0.93	-0.064	1.274	2.392	"4"
"得票数"	0	0	0	1	0.069	0.414	0.036	0.48	-0.031	-0.232	-0.016	0.319	0.598	"4"
"得票率"	0	0	0	2	0.138	0.829	0.073	0.96	-0.062	-0.465	-0.032	0.637	1.196	"4"
"德国"	0	0	0	1	0.069	0.414	0.036	0.48	-0.031	-0.232	-0.016	0.319	0.598	"4"
"必定"	0	0	0	1	0.069	0.414	0.036	0.48	-0.031	-0.232	-0.016	0.319	0.598	"4"
"必须"	0	0	0	1	0.069	0.414	0.036	0.48	-0.031	-0.232	-0.016	0.319	0.598	"4"
"忧心"	1	0	0	0	0.069	0.414	0.036	0.48	1.162	-0.232	-0.016	-0.284	1.694	"1"
"态度"	0	2	0	1	0.207	1.243	0.109	1.441	-0.093	0.428	-0.048	-0.276	0.845	"2"
"性质"	0	0	0	1	0.069	0.414	0.036	0.48	-0.031	-0.232	-0.016	0.319	0.598	"4"
"怨"	0	0	0	1	0.069	0.414	0.036	0.48	-0.031	-0.232	-0.016	0.319	0.598	"4"
"总"	1	2	0	0	0.207	1.243	0.109	1.441	0.715	0.428	-0.048	-0.853	2.044	"4"
"总召"	0	1	0	0	0.069	0.414	0.036	0.48	-0.031	0.383	-0.016	-0.284	0.714	"2"
"总召许添财"	0	1	0	0	0.069	0.414	0.036	0.48	-0.031	0.383	-0.016	-0.284	0.714	"2"
"总召集人"	0	10	0	0	0.689	4.144	0.364	4.802	-0.31	3.826	-0.161	-2.842	7.139	"2"
"总统"	1	3	6	14	1.654	9.945	0.875	11.526	-0.301	-2.636	3.748	0.678	7.363	"3"
"总统府"	0	0	0	1	0.069	0.414	0.036	0.48	-0.031	-0.232	-0.016	0.319	0.598	"4"
"总统案"	0	2	0	0	0.138	0.829	0.073	0.96	-0.062	0.765	-0.032	-0.568	1.427	"2"
"总预算"	3	1	0	0	0.276	1.658	0.146	1.921	2.906	-0.346	-0.064	-1.137	4.453	"1"
"总预算案"	0	4	0	0	0.276	1.658	0.146	1.921	-0.124	1.53	-0.064	-1.137	2.855	"2"
"恋爱"	0	1	0	0	0.069	0.414	0.036	0.48	-0.031	0.383	-0.016	-0.284	0.714	"2"
"恐"	1	0	0	0	0.069	0.414	0.036	0.48	1.162	-0.232	-0.016	-0.284	1.694	"1"
"恳请"	0	0	1	0	0.069	0.414	0.036	0.48	-0.031	-0.232	1.438	-0.284	1.985	"3"
"恶斗"	0	0	0	3	0.207	1.243	0.109	1.441	-0.093	-0.697	-0.048	0.956	1.794	"4"
"情绪性"	0	1	0	0	0.069	0.414	0.036	0.48	-0.031	0.383	-0.016	-0.284	0.714	"2"
"愈趋"	0	0	1	0	0.069	0.414	0.036	0.48	-0.031	-0.232	1.438	-0.284	1.985	"3"
"意愿"	0	0	0	1	0.069	0.414	0.036	0.48	-0.031	-0.232	-0.016	0.319	0.598	"4"
"意旨"	1	0	0	0	0.069	0.414	0.036	0.48	1.162	-0.232	-0.016	-0.284	1.694	"1"
"意见"	2	5	1	9	1.172	7.045	0.62	8.164	0.483	-0.646	0.33	0.362	1.821	"2"
"感谢"	0	1	0	0	0.069	0.414	0.036	0.48	-0.031	0.383	-0.016	-0.284	0.714	"2"
"愿同"	0	0	0	1	0.069	0.414	0.036	0.48	-0.031	-0.232	-0.016	0.319	0.598	"4"
"愿意"	0	3	0	0	0.207	1.243	0.109	1.441	-0.093	1.148	-0.048	-0.853	2.142	"2"
"戈尔"	0	0	0	1	0.069	0.414	0.036	0.48	-0.031	-0.232	-0.016	0.319	0.598	"4"
"成员"	0	3	0	3	0.413	2.486	0.219	2.881	-0.186	0.314	-0.097	0.209	0.806	"2"
"成见"	1	0	0	0	0.069	0.414	0.036	0.48	1.162	-0.232	-0.016	-0.284	1.694	"1"
"或"	0	1	0	10	0.758	4.558	0.401	5.283	-0.341	-1.613	-0.177	2.393	4.524	"4"
"或是"	0	0	1	1	0.138	0.829	0.073	0.96	-0.062	-0.465	1.145	0.137	1.809	"3"
"战线"	0	0	0	1	0.069	0.414	0.036	0.48	-0.031	-0.232	-0.016	0.319	0.598	"4"
"所属"	0	1	0	0	0.069	0.414	0.036	0.48	-0.031	0.383	-0.016	-0.284	0.714	"2"
"所有"	0	0	0	3	0.207	1.243	0.109	1.441	-0.093	-0.697	-0.048	0.956	1.794	"4"
"扁宋"	0	0	0	1	0.069	0.414	0.036	0.48	-0.031	-0.232	-0.016	0.319	0.598	"4"
"扁连"	0	0	0	1	0.069	0.414	0.036	0.48	-0.031	-0.232	-0.016	0.319	0.598	"4"
"才"	0	0	0	2	0.138	0.829	0.073	0.96	-0.062	-0.465	-0.032	0.637	1.196	"4"
"打下"	0	1	0	0	0.069	0.414	0.036	0.48	-0.031	0.383	-0.016	-0.284	0.714	"2"
"打拼"	0	0	0	1	0.069	0.414	0.036	0.48	-0.031	-0.232	-0.016	0.319	0.598	"4"
"打破"	0	0	0	1	0.069	0.414	0.036	0.48	-0.031	-0.232	-0.016	0.319	0.598	"4"
"打造"	0	0	0	2	0.138	0.829	0.073	0.96	-0.062	-0.465	-0.032	0.637	1.196	"4"
"执"	0	0	0	1	0.069	0.414	0.036	0.48	-0.031	-0.232	-0.016	0.319	0.598	"4"
"执政"	0	0	1	11	0.827	4.973	0.437	5.763	-0.372	-2.789	0.444	2.677	6.282	"2"
"执政党"	0	1	0	0	0.069	0.414	0.036	0.48	-0.031	0.383	-0.016	-0.284	0.714	"2"
"执行长"	0	1	0	0	0.069	0.414	0.036	0.48	-0.031	0.383	-0.016	-0.284	0.714	"2"
"扫除"	0	0	0	2	0.138	0.829	0.073	0.96	-0.062	-0.465	-0.032	0.637	1.196	"4"
"批判"	0	1	0	0	0.069	0.414	0.036	0.48	-0.031	0.383	-0.016	-0.284	0.714	"2"
"批评"	0	1	0	0	0.069	0.414	0.036	0.48	-0.031	0.383	-0.016	-0.284	0.714	"2"
"投下"	0	2	0	0	0.138	0.829	0.073	0.96	-0.062	0.765	-0.032	-0.568	1.427	"2"
"投票"	0	1	0	2	0.207	1.243	0.109	1.441	-0.093	-0.203	-0.048	0.328	0.672	"4"
"抗争"	1	0	0	0	0.069	0.414	0.036	0.48	1.162	-0.232	-0.016	-0.284	1.694	"1"
"抛开"	0	0	0	1	0.069	0.414	0.036	0.48	-0.031	-0.232	-0.016	0.319	0.598	"4"
"护卫"	0	1	0	0	0.069	0.414	0.036	0.48	-0.031	0.383	-0.016	-0.284	0.714	"2"
"护航"	0	1	0	0	0.069	0.414	0.036	0.48	-0.031	0.383	-0.016	-0.284	0.714	"2"
"抵访"	0	0	0	1	0.069	0.414	0.036	0.48	-0.031	-0.232	-0.016	0.319	0.598	"4"
"拜会"	2	6	0	1	0.62	3.73	0.328	4.322	0.907	0.935	-0.145	-1.589	3.576	"4"
"拜访"	0	0	0	1	0.069	0.414	0.036	0.48	-0.031	-0.232	-0.016	0.319	0.598	"4"
"拥护"	0	0	0	1	0.069	0.414	0.036	0.48	-0.031	-0.232	-0.016	0.319	0.598	"4"
"括"	0	0	0	1	0.069	0.414	0.036	0.48	-0.031	-0.232	-0.016	0.319	0.598	"4"
"持续"	0	0	0	1	0.069	0.414	0.036	0.48	-0.031	-0.232	-0.016	0.319	0.598	"4"
"指出"	0	7	0	0	0.482	2.901	0.255	3.362	-0.217	2.678	-0.113	-1.989	4.997	"2"
"捐弃"	1	0	0	0	0.069	0.414	0.036	0.48	1.162	-0.232	-0.016	-0.284	1.694	"1"
"捞取"	0	0	0	1	0.069	0.414	0.036	0.48	-0.031	-0.232	-0.016	0.319	0.598	"4"
"换"	0	0	0	1	0.069	0.414	0.036	0.48	-0.031	-0.232	-0.016	0.319	0.598	"4"
"换人"	0	1	0	0	0.069	0.414	0.036	0.48	-0.031	0.383	-0.016	-0.284	0.714	"2"
"授权"	0	0	0	1	0.069	0.414	0.036	0.48	-0.031	-0.232	-0.016	0.319	0.598	"4"
"授权给"	0	2	0	0	0.138	0.829	0.073	0.96	-0.062	0.765	-0.032	-0.568	1.427	"2"
"排斥"	0	0	0	1	0.069	0.414	0.036	0.48	-0.031	-0.232	-0.016	0.319	0.598	"4"
"排除"	0	2	0	5	0.482	2.901	0.255	3.362	-0.217	-0.41	-0.113	0.709	1.449	"4"
"探求"	1	0	0	0	0.069	0.414	0.036	0.48	1.162	-0.232	-0.016	-0.284	1.694	"1"
"接任"	0	1	0	0	0.069	0.414	0.036	0.48	-0.031	0.383	-0.016	-0.284	0.714	"2"
"接纳"	0	0	0	1	0.069	0.414	0.036	0.48	-0.031	-0.232	-0.016	0.319	0.598	"4"
"推"	0	1	0	0	0.069	0.414	0.036	0.48	-0.031	0.383	-0.016	-0.284	0.714	"2"
"推动"	0	4	2	5	0.758	4.558	0.401	5.283	-0.341	-0.307	1.231	-0.257	2.136	"3"
"推展"	0	0	0	1	0.069	0.414	0.036	0.48	-0.031	-0.232	-0.016	0.319	0.598	"4"
"推派"	0	0	0	1	0.069	0.414	0.036	0.48	-0.031	-0.232	-0.016	0.319	0.598	"4"
"推荐"	0	0	0	1	0.069	0.414	0.036	0.48	-0.031	-0.232	-0.016	0.319	0.598	"4"
"推选"	0	0	0	1	0.069	0.414	0.036	0.48	-0.031	-0.232	-0.016	0.319	0.598	"4"
"提"	1	2	0	0	0.207	1.243	0.109	1.441	0.715	0.428	-0.048	-0.853	2.044	"4"
"提出"	0	12	0	6	1.24	7.459	0.656	8.644	-0.558	1.562	-0.29	-0.807	3.217	"2"
"提名"	0	0	0	3	0.207	1.243	0.109	1.441	-0.093	-0.697	-0.048	0.956	1.794	"4"
"提案"	0	3	0	0	0.207	1.243	0.109	1.441	-0.093	1.148	-0.048	-0.853	2.142	"2"
"撤回"	0	1	0	0	0.069	0.414	0.036	0.48	-0.031	0.383	-0.016	-0.284	0.714	"2"
"撤签"	0	1	0	0	0.069	0.414	0.036	0.48	-0.031	0.383	-0.016	-0.284	0.714	"2"
"支持"	3	10	0	17	2.067	12.432	1.093	14.407	0.466	-0.622	-0.484	0.653	2.225	"4"
"支持群"	0	0	0	1	0.069	0.414	0.036	0.48	-0.031	-0.232	-0.016	0.319	0.598	"4"
"支持者"	0	0	0	1	0.069	0.414	0.036	0.48	-0.031	-0.232	-0.016	0.319	0.598	"4"
"支援"	0	1	0	0	0.069	0.414	0.036	0.48	-0.031	0.383	-0.016	-0.284	0.714	"2"
"改选"	0	0	0	1	0.069	0.414	0.036	0.48	-0.031	-0.232	-0.016	0.319	0.598	"4"
"改革派"	1	0	0	0	0.069	0.414	0.036	0.48	1.162	-0.232	-0.016	-0.284	1.694	"1"
"攻防战"	0	1	0	0	0.069	0.414	0.036	0.48	-0.031	0.383	-0.016	-0.284	0.714	"2"
"放下"	0	0	0	1	0.069	0.414	0.036	0.48	-0.031	-0.232	-0.016	0.319	0.598	"4"
"政"	1	0	1	2	0.276	1.658	0.146	1.921	0.605	-0.93	0.86	0.182	2.577	"2"
"政党"	2	2	1	31	2.481	14.918	1.312	17.289	-0.264	-5.832	-0.207	5.654	11.957	"2"
"政协"	0	0	0	1	0.069	0.414	0.036	0.48	-0.031	-0.232	-0.016	0.319	0.598	"4"
"政团"	0	0	0	1	0.069	0.414	0.036	0.48	-0.031	-0.232	-0.016	0.319	0.598	"4"
"政坛"	0	0	0	1	0.069	0.414	0.036	0.48	-0.031	-0.232	-0.016	0.319	0.598	"4"
"政府官"	0	0	0	1	0.069	0.414	0.036	0.48	-0.031	-0.232	-0.016	0.319	0.598	"4"
"政权"	0	0	2	0	0.138	0.829	0.073	0.96	-0.062	-0.465	2.877	-0.568	3.972	"3"
"政治"	2	0	2	26	2.067	12.432	1.093	14.407	-0.182	-6.972	0.524	4.92	12.598	"2"
"政治家"	0	0	0	4	0.276	1.658	0.146	1.921	-0.124	-0.93	-0.064	1.274	2.392	"4"
"政界"	1	0	0	1	0.138	0.829	0.073	0.96	0.876	-0.465	-0.032	0.137	1.51	"1"
"政策会"	0	1	0	0	0.069	0.414	0.036	0.48	-0.031	0.383	-0.016	-0.284	0.714	"2"
"政策性"	0	1	0	0	0.069	0.414	0.036	0.48	-0.031	0.383	-0.016	-0.284	0.714	"2"
"政经"	0	0	0	1	0.069	0.414	0.036	0.48	-0.031	-0.232	-0.016	0.319	0.598	"4"
"政见"	0	0	0	1	0.069	0.414	0.036	0.48	-0.031	-0.232	-0.016	0.319	0.598	"4"
"政院"	0	2	0	0	0.138	0.829	0.073	0.96	-0.062	0.765	-0.032	-0.568	1.427	"2"
"敌对"	0	0	0	1	0.069	0.414	0.036	0.48	-0.031	-0.232	-0.016	0.319	0.598	"4"
"敦促"	0	0	0	1	0.069	0.414	0.036	0.48	-0.031	-0.232	-0.016	0.319	0.598	"4"
"敲定"	0	2	0	0	0.138	0.829	0.073	0.96	-0.062	0.765	-0.032	-0.568	1.427	"2"
"整合"	0	1	0	2	0.207	1.243	0.109	1.441	-0.093	-0.203	-0.048	0.328	0.672	"4"
"整合出"	0	1	0	0	0.069	0.414	0.036	0.48	-0.031	0.383	-0.016	-0.284	0.714	"2"
"文宣组"	0	0	0	1	0.069	0.414	0.036	0.48	-0.031	-0.232	-0.016	0.319	0.598	"4"
"斗争"	0	0	0	3	0.207	1.243	0.109	1.441	-0.093	-0.697	-0.048	0.956	1.794	"4"
"新任"	0	2	0	0	0.138	0.829	0.073	0.96	-0.062	0.765	-0.032	-0.568	1.427	"2"
"新党"	1	30	0	1	2.205	13.261	1.166	15.368	-0.465	9.227	-0.516	-7.609	17.817	"2"
"新政府"	1	0	1	0	0.138	0.829	0.073	0.96	0.876	-0.465	1.145	-0.568	3.054	"3"
"新潮流系"	0	1	0	0	0.069	0.414	0.036	0.48	-0.031	0.383	-0.016	-0.284	0.714	"2"
"方"	1	0	0	2	0.207	1.243	0.109	1.441	0.715	-0.697	-0.048	0.328	1.788	"1"
"施政"	0	0	0	2	0.138	0.829	0.073	0.96	-0.062	-0.465	-0.032	0.637	1.196	"4"
"施明德"	0	1	0	0	0.069	0.414	0.036	0.48	-0.031	0.383	-0.016	-0.284	0.714	"2"
"族群"	0	1	0	2	0.207	1.243	0.109	1.441	-0.093	-0.203	-0.048	0.328	0.672	"4"
"旗帜"	1	0	0	0	0.069	0.414	0.036	0.48	1.162	-0.232	-0.016	-0.284	1.694	"1"
"无"	0	0	0	10	0.689	4.144	0.364	4.802	-0.31	-2.324	-0.161	3.185	5.98	"4"
"无产"	0	0	0	1	0.069	0.414	0.036	0.48	-0.031	-0.232	-0.016	0.319	0.598	"4"
"无党籍"	0	0	0	1	0.069	0.414	0.036	0.48	-0.031	-0.232	-0.016	0.319	0.598	"4"
"无关"	0	0	0	1	0.069	0.414	0.036	0.48	-0.031	-0.232	-0.016	0.319	0.598	"4"
"无意"	0	1	0	0	0.069	0.414	0.036	0.48	-0.031	0.383	-0.016	-0.284	0.714	"2"
"无谓"	0	0	0	1	0.069	0.414	0.036	0.48	-0.031	-0.232	-0.016	0.319	0.598	"4"
"早"	0	2	0	0	0.138	0.829	0.073	0.96	-0.062	0.765	-0.032	-0.568	1.427	"2"
"时程"	0	1	0	0	0.069	0.414	0.036	0.48	-0.031	0.383	-0.016	-0.284	0.714	"2"
"昇高"	1	0	0	0	0.069	0.414	0.036	0.48	1.162	-0.232	-0.016	-0.284	1.694	"1"
"明天"	0	7	0	0	0.482	2.901	0.255	3.362	-0.217	2.678	-0.113	-1.989	4.997	"2"
"明朗"	0	0	0	1	0.069	0.414	0.036	0.48	-0.031	-0.232	-0.016	0.319	0.598	"4"
"昨天"	0	0	0	1	0.069	0.414	0.036	0.48	-0.031	-0.232	-0.016	0.319	0.598	"4"
"是否"	0	1	0	0	0.069	0.414	0.036	0.48	-0.031	0.383	-0.016	-0.284	0.714	"2"
"是是"	0	0	0	1	0.069	0.414	0.036	0.48	-0.031	-0.232	-0.016	0.319	0.598	"4"
"显示出"	0	0	0	1	0.069	0.414	0.036	0.48	-0.031	-0.232	-0.016	0.319	0.598	"4"
"显耀"	0	1	0	2	0.207	1.243	0.109	1.441	-0.093	-0.203	-0.048	0.328	0.672	"4"
"智"	0	1	0	0	0.069	0.414	0.036	0.48	-0.031	0.383	-0.016	-0.284	0.714	"2"
"暂缓"	0	1	0	0	0.069	0.414	0.036	0.48	-0.031	0.383	-0.016	-0.284	0.714	"2"
"更替"	0	0	0	1	0.069	0.414	0.036	0.48	-0.031	-0.232	-0.016	0.319	0.598	"4"
"更迭"	0	0	0	1	0.069	0.414	0.036	0.48	-0.031	-0.232	-0.016	0.319	0.598	"4"
"替代"	0	0	0	1	0.069	0.414	0.036	0.48	-0.031	-0.232	-0.016	0.319	0.598	"4"
"最后"	0	2	0	0	0.138	0.829	0.073	0.96	-0.062	0.765	-0.032	-0.568	1.427	"2"
"最多"	0	0	0	2	0.138	0.829	0.073	0.96	-0.062	-0.465	-0.032	0.637	1.196	"4"
"有为"	0	0	0	1	0.069	0.414	0.036	0.48	-0.031	-0.232	-0.016	0.319	0.598	"4"
"有利"	0	0	0	1	0.069	0.414	0.036	0.48	-0.031	-0.232	-0.016	0.319	0.598	"4"
"有别于"	0	0	0	1	0.069	0.414	0.036	0.48	-0.031	-0.232	-0.016	0.319	0.598	"4"
"有意"	0	0	0	1	0.069	0.414	0.036	0.48	-0.031	-0.232	-0.016	0.319	0.598	"4"
"有所"	0	0	0	1	0.069	0.414	0.036	0.48	-0.031	-0.232	-0.016	0.319	0.598	"4"
"朝"	0	1	0	0	0.069	0.414	0.036	0.48	-0.031	0.383	-0.016	-0.284	0.714	"2"
"朝野"	33	2	1	1	2.55	15.333	1.349	17.769	33.637	-6.042	-0.216	-8.969	48.864	"1"
"期待"	0	0	1	3	0.276	1.658	0.146	1.921	-0.124	-0.93	0.86	0.547	2.461	"2"
"期盼"	0	0	0	1	0.069	0.414	0.036	0.48	-0.031	-0.232	-0.016	0.319	0.598	"4"
"期许"	0	0	0	1	0.069	0.414	0.036	0.48	-0.031	-0.232	-0.016	0.319	0.598	"4"
"本位"	0	1	0	0	0.069	0.414	0.036	0.48	-0.031	0.383	-0.016	-0.284	0.714	"2"
"机制"	0	1	0	7	0.551	3.315	0.292	3.842	-0.248	-1.036	-0.129	1.563	2.976	"4"
"权"	0	0	1	0	0.069	0.414	0.036	0.48	-0.031	-0.232	1.438	-0.284	1.985	"3"
"权益"	0	0	0	1	0.069	0.414	0.036	0.48	-0.031	-0.232	-0.016	0.319	0.598	"4"
"权限"	0	1	0	0	0.069	0.414	0.036	0.48	-0.031	0.383	-0.016	-0.284	0.714	"2"
"李卡多.马塞纳洛"	0	0	0	1	0.069	0.414	0.036	0.48	-0.031	-0.232	-0.016	0.319	0.598	"4"
"李庆安"	0	5	0	1	0.413	2.486	0.219	2.881	-0.186	1.319	-0.097	-0.889	2.491	"2"
"李文忠"	0	1	0	0	0.069	0.414	0.036	0.48	-0.031	0.383	-0.016	-0.284	0.714	"2"
"李永萍"	0	1	0	0	0.069	0.414	0.036	0.48	-0.031	0.383	-0.016	-0.284	0.714	"2"
"李远哲"	0	0	0	1	0.069	0.414	0.036	0.48	-0.031	-0.232	-0.016	0.319	0.598	"4"
"来自"	0	0	0	1	0.069	0.414	0.036	0.48	-0.031	-0.232	-0.016	0.319	0.598	"4"
"杨淑闵"	0	1	0	1	0.138	0.829	0.073	0.96	-0.062	0.182	-0.032	0.137	0.413	"2"
"松动"	0	1	0	0	0.069	0.414	0.036	0.48	-0.031	0.383	-0.016	-0.284	0.714	"2"
"极"	0	0	0	3	0.207	1.243	0.109	1.441	-0.093	-0.697	-0.048	0.956	1.794	"4"
"林丰正"	0	2	0	1	0.207	1.243	0.109	1.441	-0.093	0.428	-0.048	-0.276	0.845	"2"
"林沂锋"	1	0	0	0	0.069	0.414	0.036	0.48	1.162	-0.232	-0.016	-0.284	1.694	"1"
"某"	0	0	0	2	0.138	0.829	0.073	0.96	-0.062	-0.465	-0.032	0.637	1.196	"4"
"某些"	0	0	0	1	0.069	0.414	0.036	0.48	-0.031	-0.232	-0.016	0.319	0.598	"4"
"查禁"	0	0	0	1	0.069	0.414	0.036	0.48	-0.031	-0.232	-0.016	0.319	0.598	"4"
"柬埔寨"	0	0	0	1	0.069	0.414	0.036	0.48	-0.031	-0.232	-0.016	0.319	0.598	"4"
"柯景昇"	0	0	0	1	0.069	0.414	0.036	0.48	-0.031	-0.232	-0.016	0.319	0.598	"4"
"标志"	0	0	0	1	0.069	0.414	0.036	0.48	-0.031	-0.232	-0.016	0.319	0.598	"4"
"栏"	0	0	0	1	0.069	0.414	0.036	0.48	-0.031	-0.232	-0.016	0.319	0.598	"4"
"核四"	1	11	0	0	0.827	4.973	0.437	5.763	0.24	3.337	-0.193	-3.41	7.18	"4"
"核四案"	1	1	0	0	0.138	0.829	0.073	0.96	0.876	0.182	-0.032	-0.568	1.658	"1"
"案"	1	4	0	0	0.345	2.072	0.182	2.401	0.523	1.006	-0.081	-1.421	3.031	"4"
"桎梏"	0	0	0	2	0.138	0.829	0.073	0.96	-0.062	-0.465	-0.032	0.637	1.196	"4"
"模煳"	0	0	0	1	0.069	0.414	0.036	0.48	-0.031	-0.232	-0.016	0.319	0.598	"4"
"横柴入灶"	0	0	0	1	0.069	0.414	0.036	0.48	-0.031	-0.232	-0.016	0.319	0.598	"4"
"歉意"	0	1	1	0	0.138	0.829	0.073	0.96	-0.062	0.182	1.145	-0.568	1.957	"3"
"此刻"	0	1	0	0	0.069	0.414	0.036	0.48	-0.031	0.383	-0.016	-0.284	0.714	"2"
"步调"	0	1	0	0	0.069	0.414	0.036	0.48	-0.031	0.383	-0.016	-0.284	0.714	"2"
"武装"	0	0	0	3	0.207	1.243	0.109	1.441	-0.093	-0.697	-0.048	0.956	1.794	"4"
"歧见"	0	0	0	1	0.069	0.414	0.036	0.48	-0.031	-0.232	-0.016	0.319	0.598	"4"
"比例"	0	0	0	3	0.207	1.243	0.109	1.441	-0.093	-0.697	-0.048	0.956	1.794	"4"
"民"	0	3	0	4	0.482	2.901	0.255	3.362	-0.217	0.214	-0.113	0.34	0.884	"4"
"民主"	0	0	4	9	0.896	5.387	0.474	6.243	-0.403	-3.021	3.014	0.98	7.418	"2"
"民主党"	0	0	0	6	0.413	2.486	0.219	2.881	-0.186	-1.394	-0.097	1.911	3.588	"4"
"民主党派"	0	0	0	1	0.069	0.414	0.036	0.48	-0.031	-0.232	-0.016	0.319	0.598	"4"
"民主化"	0	0	0	1	0.069	0.414	0.036	0.48	-0.031	-0.232	-0.016	0.319	0.598	"4"
"民主国家"	0	0	0	1	0.069	0.414	0.036	0.48	-0.031	-0.232	-0.016	0.319	0.598	"4"
"民主进步党"	0	1	0	4	0.345	2.072	0.182	2.401	-0.155	-0.505	-0.081	0.786	1.527	"4"
"民主进步党团"	0	1	0	0	0.069	0.414	0.036	0.48	-0.031	0.383	-0.016	-0.284	0.714	"2"
"民众"	0	0	0	3	0.207	1.243	0.109	1.441	-0.093	-0.697	-0.048	0.956	1.794	"4"
"民党"	0	7	0	1	0.551	3.315	0.292	3.842	-0.248	1.971	-0.129	-1.35	3.698	"2"
"民心"	0	0	0	1	0.069	0.414	0.036	0.48	-0.031	-0.232	-0.016	0.319	0.598	"4"
"民意"	1	4	0	4	0.62	3.73	0.328	4.322	0.324	0.257	-0.145	-0.261	0.987	"1"
"民进"	0	1	0	1	0.138	0.829	0.073	0.96	-0.062	0.182	-0.032	0.137	0.413	"2"
"民进党"	0	32	0	3	2.412	14.504	1.276	16.809	-1.085	9.096	-0.564	-6.191	16.936	"2"
"民进党团"	0	2	0	0	0.138	0.829	0.073	0.96	-0.062	0.765	-0.032	-0.568	1.427	"2"
"民进党版"	0	1	0	0	0.069	0.414	0.036	0.48	-0.031	0.383	-0.016	-0.284	0.714	"2"
"民进党籍"	0	0	0	1	0.069	0.414	0.036	0.48	-0.031	-0.232	-0.016	0.319	0.598	"4"
"民间"	0	0	0	1	0.069	0.414	0.036	0.48	-0.031	-0.232	-0.016	0.319	0.598	"4"
"气氛"	1	0	0	0	0.069	0.414	0.036	0.48	1.162	-0.232	-0.016	-0.284	1.694	"1"
"永续"	0	0	0	1	0.069	0.414	0.036	0.48	-0.031	-0.232	-0.016	0.319	0.598	"4"
"汇整"	0	1	0	0	0.069	0.414	0.036	0.48	-0.031	0.383	-0.016	-0.284	0.714	"2"
"沈沦"	0	0	0	1	0.069	0.414	0.036	0.48	-0.031	-0.232	-0.016	0.319	0.598	"4"
"沟通"	0	3	0	3	0.413	2.486	0.219	2.881	-0.186	0.314	-0.097	0.209	0.806	"2"
"没有"	0	0	0	1	0.069	0.414	0.036	0.48	-0.031	-0.232	-0.016	0.319	0.598	"4"
"法案"	0	1	0	0	0.069	0.414	0.036	0.48	-0.031	0.383	-0.016	-0.284	0.714	"2"
"法院"	0	4	0	0	0.276	1.658	0.146	1.921	-0.124	1.53	-0.064	-1.137	2.855	"2"
"泰"	0	0	0	1	0.069	0.414	0.036	0.48	-0.031	-0.232	-0.016	0.319	0.598	"4"
"泰劳"	0	0	0	1	0.069	0.414	0.036	0.48	-0.031	-0.232	-0.016	0.319	0.598	"4"
"泰国"	0	0	0	5	0.345	2.072	0.182	2.401	-0.155	-1.162	-0.081	1.593	2.991	"4"
"洪玉钦"	0	1	0	0	0.069	0.414	0.036	0.48	-0.031	0.383	-0.016	-0.284	0.714	"2"
"派"	0	0	0	3	0.207	1.243	0.109	1.441	-0.093	-0.697	-0.048	0.956	1.794	"4"
"派到"	0	0	0	1	0.069	0.414	0.036	0.48	-0.031	-0.232	-0.016	0.319	0.598	"4"
"派民主党"	0	0	0	2	0.138	0.829	0.073	0.96	-0.062	-0.465	-0.032	0.637	1.196	"4"
"派系"	0	1	0	1	0.138	0.829	0.073	0.96	-0.062	0.182	-0.032	0.137	0.413	"2"
"涉"	0	0	0	1	0.069	0.414	0.036	0.48	-0.031	-0.232	-0.016	0.319	0.598	"4"
"涵盖"	1	0	0	1	0.138	0.829	0.073	0.96	0.876	-0.465	-0.032	0.137	1.51	"1"
"淑"	0	1	0	0	0.069	0.414	0.036	0.48	-0.031	0.383	-0.016	-0.284	0.714	"2"
"淑枝"	0	0	0	1	0.069	0.414	0.036	0.48	-0.031	-0.232	-0.016	0.319	0.598	"4"
"清廉"	0	1	0	0	0.069	0.414	0.036	0.48	-0.031	0.383	-0.016	-0.284	0.714	"2"
"渗透"	0	0	0	1	0.069	0.414	0.036	0.48	-0.031	-0.232	-0.016	0.319	0.598	"4"
"游月霞"	0	1	0	0	0.069	0.414	0.036	0.48	-0.031	0.383	-0.016	-0.284	0.714	"2"
"游盈隆"	0	0	0	1	0.069	0.414	0.036	0.48	-0.031	-0.232	-0.016	0.319	0.598	"4"
"湾"	0	0	2	1	0.207	1.243	0.109	1.441	-0.093	-0.697	2.41	-0.276	3.476	"3"
"满期"	0	1	0	0	0.069	0.414	0.036	0.48	-0.031	0.383	-0.016	-0.284	0.714	"2"
"激化"	0	0	0	1	0.069	0.414	0.036	0.48	-0.031	-0.232	-0.016	0.319	0.598	"4"
"点名"	0	1	0	0	0.069	0.414	0.036	0.48	-0.031	0.383	-0.016	-0.284	0.714	"2"
"版本"	0	4	0	0	0.276	1.658	0.146	1.921	-0.124	1.53	-0.064	-1.137	2.855	"2"
"牵扯到"	0	0	0	1	0.069	0.414	0.036	0.48	-0.031	-0.232	-0.016	0.319	0.598	"4"
"特定"	0	0	0	1	0.069	0.414	0.036	0.48	-0.031	-0.232	-0.016	0.319	0.598	"4"
"独漏"	0	1	0	0	0.069	0.414	0.036	0.48	-0.031	0.383	-0.016	-0.284	0.714	"2"
"独立"	1	0	0	2	0.207	1.243	0.109	1.441	0.715	-0.697	-0.048	0.328	1.788	"1"
"率"	0	1	0	0	0.069	0.414	0.036	0.48	-0.031	0.383	-0.016	-0.284	0.714	"2"
"率领"	0	1	0	0	0.069	0.414	0.036	0.48	-0.031	0.383	-0.016	-0.284	0.714	"2"
"王光宇"	0	1	0	0	0.069	0.414	0.036	0.48	-0.031	0.383	-0.016	-0.284	0.714	"2"
"王金平"	0	1	0	0	0.069	0.414	0.036	0.48	-0.031	0.383	-0.016	-0.284	0.714	"2"
"现势"	0	0	0	1	0.069	0.414	0.036	0.48	-0.031	-0.232	-0.016	0.319	0.598	"4"
"现实"	0	0	0	1	0.069	0.414	0.036	0.48	-0.031	-0.232	-0.016	0.319	0.598	"4"
"现有"	0	0	0	1	0.069	0.414	0.036	0.48	-0.031	-0.232	-0.016	0.319	0.598	"4"
"理事"	0	0	0	1	0.069	0.414	0.036	0.48	-0.031	-0.232	-0.016	0.319	0.598	"4"
"理念"	0	1	0	3	0.276	1.658	0.146	1.921	-0.124	-0.346	-0.064	0.547	1.081	"4"
"理性"	1	1	0	1	0.207	1.243	0.109	1.441	0.715	-0.203	-0.048	-0.276	1.242	"1"
"用人"	0	0	0	2	0.138	0.829	0.073	0.96	-0.062	-0.465	-0.032	0.637	1.196	"4"
"申"	0	0	0	1	0.069	0.414	0.036	0.48	-0.031	-0.232	-0.016	0.319	0.598	"4"
"界别"	0	0	0	1	0.069	0.414	0.036	0.48	-0.031	-0.232	-0.016	0.319	0.598	"4"
"界线"	0	0	0	1	0.069	0.414	0.036	0.48	-0.031	-0.232	-0.016	0.319	0.598	"4"
"登记为"	0	0	0	1	0.069	0.414	0.036	0.48	-0.031	-0.232	-0.016	0.319	0.598	"4"
"白热化"	0	1	0	0	0.069	0.414	0.036	0.48	-0.031	0.383	-0.016	-0.284	0.714	"2"
"监事"	0	1	0	0	0.069	0.414	0.036	0.48	-0.031	0.383	-0.016	-0.284	0.714	"2"
"监察"	0	0	0	1	0.069	0.414	0.036	0.48	-0.031	-0.232	-0.016	0.319	0.598	"4"
"监察院"	0	1	0	0	0.069	0.414	0.036	0.48	-0.031	0.383	-0.016	-0.284	0.714	"2"
"相左"	0	0	0	1	0.069	0.414	0.036	0.48	-0.031	-0.232	-0.016	0.319	0.598	"4"
"省籍"	0	0	0	1	0.069	0.414	0.036	0.48	-0.031	-0.232	-0.016	0.319	0.598	"4"
"看待"	0	0	0	1	0.069	0.414	0.036	0.48	-0.031	-0.232	-0.016	0.319	0.598	"4"
"看法"	0	3	0	1	0.276	1.658	0.146	1.921	-0.124	0.707	-0.064	-0.465	1.36	"2"
"眼光"	0	0	1	0	0.069	0.414	0.036	0.48	-0.031	-0.232	1.438	-0.284	1.985	"3"
"督促"	0	1	0	0	0.069	0.414	0.036	0.48	-0.031	0.383	-0.016	-0.284	0.714	"2"
"研商"	1	0	0	0	0.069	0.414	0.036	0.48	1.162	-0.232	-0.016	-0.284	1.694	"1"
"破坏"	0	0	0	1	0.069	0.414	0.036	0.48	-0.031	-0.232	-0.016	0.319	0.598	"4"
"确认"	0	2	0	0	0.138	0.829	0.073	0.96	-0.062	0.765	-0.032	-0.568	1.427	"2"
"福祉"	0	0	0	1	0.069	0.414	0.036	0.48	-0.031	-0.232	-0.016	0.319	0.598	"4"
"私"	0	0	0	1	0.069	0.414	0.036	0.48	-0.031	-0.232	-0.016	0.319	0.598	"4"
"私下"	0	1	0	0	0.069	0.414	0.036	0.48	-0.031	0.383	-0.016	-0.284	0.714	"2"
"种族"	0	0	0	1	0.069	0.414	0.036	0.48	-0.031	-0.232	-0.016	0.319	0.598	"4"
"科"	0	0	0	1	0.069	0.414	0.036	0.48	-0.031	-0.232	-0.016	0.319	0.598	"4"
"秘书长"	0	4	0	1	0.345	2.072	0.182	2.401	-0.155	1.006	-0.081	-0.671	1.913	"2"
"积极"	0	0	0	1	0.069	0.414	0.036	0.48	-0.031	-0.232	-0.016	0.319	0.598	"4"
"程序"	0	4	0	0	0.276	1.658	0.146	1.921	-0.124	1.53	-0.064	-1.137	2.855	"2"
"空前"	1	0	0	0	0.069	0.414	0.036	0.48	1.162	-0.232	-0.016	-0.284	1.694	"1"
"立"	0	5	0	2	0.482	2.901	0.255	3.362	-0.217	0.955	-0.113	-0.585	1.87	"2"
"立场"	1	4	0	3	0.551	3.315	0.292	3.842	0.361	0.357	-0.129	-0.39	1.237	"4"
"立委"	2	16	1	7	1.792	10.774	0.948	12.486	0.265	1.51	0.208	-1.627	3.61	"4"
"立法"	1	4	1	3	0.62	3.73	0.328	4.322	0.324	0.257	0.547	-0.531	1.659	"3"
"立法会"	0	0	0	1	0.069	0.414	0.036	0.48	-0.031	-0.232	-0.016	0.319	0.598	"4"
"立法委员"	0	2	0	1	0.207	1.243	0.109	1.441	-0.093	0.428	-0.048	-0.276	0.845	"2"
"立法院"	8	75	0	2	5.858	35.224	3.098	40.821	0.636	18.48	-1.371	-20.662	41.149	"4"
"立法院党"	0	1	0	0	0.069	0.414	0.036	0.48	-0.031	0.383	-0.016	-0.284	0.714	"2"
"立法院长"	0	2	0	0	0.138	0.829	0.073	0.96	-0.062	0.765	-0.032	-0.568	1.427	"2"
"立院"	0	28	0	1	1.998	12.017	1.057	13.927	-0.899	9.472	-0.468	-6.798	17.637	"2"
"竞争"	0	0	0	5	0.345	2.072	0.182	2.401	-0.155	-1.162	-0.081	1.593	2.991	"4"
"竞选"	0	0	0	6	0.413	2.486	0.219	2.881	-0.186	-1.394	-0.097	1.911	3.588	"4"
"第五"	0	1	0	0	0.069	0.414	0.036	0.48	-0.031	0.383	-0.016	-0.284	0.714	"2"
"第八"	0	1	0	0	0.069	0.414	0.036	0.48	-0.031	0.383	-0.016	-0.284	0.714	"2"
"策"	1	2	0	0	0.207	1.243	0.109	1.441	0.715	0.428	-0.048	-0.853	2.044	"4"
"策略"	0	0	0	3	0.207	1.243	0.109	1.441	-0.093	-0.697	-0.048	0.956	1.794	"4"
"筹组"	0	0	0	1	0.069	0.414	0.036	0.48	-0.031	-0.232	-0.016	0.319	0.598	"4"
"简报"	0	1	0	0	0.069	0.414	0.036	0.48	-0.031	0.383	-0.016	-0.284	0.714	"2"
"简钖"	0	1	0	0	0.069	0.414	0.036	0.48	-0.031	0.383	-0.016	-0.284	0.714	"2"
"紧张"	1	0	0	0	0.069	0.414	0.036	0.48	1.162	-0.232	-0.016	-0.284	1.694	"1"
"约束"	0	0	0	2	0.138	0.829	0.073	0.96	-0.062	-0.465	-0.032	0.637	1.196	"4"
"纷争"	0	0	0	1	0.069	0.414	0.036	0.48	-0.031	-0.232	-0.016	0.319	0.598	"4"
"组"	0	0	0	1	0.069	0.414	0.036	0.48	-0.031	-0.232	-0.016	0.319	0.598	"4"
"组团"	0	2	0	1	0.207	1.243	0.109	1.441	-0.093	0.428	-0.048	-0.276	0.845	"2"
"组建"	0	0	0	1	0.069	0.414	0.036	0.48	-0.031	-0.232	-0.016	0.319	0.598	"4"
"组成"	0	0	0	7	0.482	2.901	0.255	3.362	-0.217	-1.627	-0.113	2.23	4.187	"4"
"组织法"	0	1	0	0	0.069	0.414	0.036	0.48	-0.031	0.383	-0.016	-0.284	0.714	"2"
"组阁"	0	0	0	3	0.207	1.243	0.109	1.441	-0.093	-0.697	-0.048	0.956	1.794	"4"
"绍"	0	1	0	0	0.069	0.414	0.036	0.48	-0.031	0.383	-0.016	-0.284	0.714	"2"
"经历"	0	0	2	0	0.138	0.829	0.073	0.96	-0.062	-0.465	2.877	-0.568	3.972	"3"
"经由"	0	0	0	1	0.069	0.414	0.036	0.48	-0.031	-0.232	-0.016	0.319	0.598	"4"
"经过"	0	1	0	0	0.069	0.414	0.036	0.48	-0.031	0.383	-0.016	-0.284	0.714	"2"
"结合"	1	0	0	1	0.138	0.829	0.073	0.96	0.876	-0.465	-0.032	0.137	1.51	"1"
"结成"	0	0	0	1	0.069	0.414	0.036	0.48	-0.031	-0.232	-0.016	0.319	0.598	"4"
"结盟"	0	1	0	0	0.069	0.414	0.036	0.48	-0.031	0.383	-0.016	-0.284	0.714	"2"
"结论"	0	3	0	1	0.276	1.658	0.146	1.921	-0.124	0.707	-0.064	-0.465	1.36	"2"
"绝对"	0	1	0	2	0.207	1.243	0.109	1.441	-0.093	-0.203	-0.048	0.328	0.672	"4"
"统一"	0	0	0	2	0.138	0.829	0.073	0.96	-0.062	-0.465	-0.032	0.637	1.196	"4"
"续建"	0	1	0	0	0.069	0.414	0.036	0.48	-0.031	0.383	-0.016	-0.284	0.714	"2"
"绿党"	0	0	0	1	0.069	0.414	0.036	0.48	-0.031	-0.232	-0.016	0.319	0.598	"4"
"缔造"	0	0	0	1	0.069	0.414	0.036	0.48	-0.031	-0.232	-0.016	0.319	0.598	"4"
"编制"	0	0	0	1	0.069	0.414	0.036	0.48	-0.031	-0.232	-0.016	0.319	0.598	"4"
"编着"	0	0	0	1	0.069	0.414	0.036	0.48	-0.031	-0.232	-0.016	0.319	0.598	"4"
"罢免"	1	4	0	1	0.413	2.486	0.219	2.881	0.458	0.7	-0.097	-0.889	2.144	"4"
"罢免案"	0	13	0	0	0.896	5.387	0.474	6.243	-0.403	4.974	-0.21	-3.695	9.282	"2"
"置之不顾"	0	0	0	1	0.069	0.414	0.036	0.48	-0.031	-0.232	-0.016	0.319	0.598	"4"
"美加华蒂"	0	0	0	2	0.138	0.829	0.073	0.96	-0.062	-0.465	-0.032	0.637	1.196	"4"
"羞辱"	0	2	0	0	0.138	0.829	0.073	0.96	-0.062	0.765	-0.032	-0.568	1.427	"2"
"翁金珠"	0	1	0	0	0.069	0.414	0.036	0.48	-0.031	0.383	-0.016	-0.284	0.714	"2"
"考量"	0	0	0	4	0.276	1.658	0.146	1.921	-0.124	-0.93	-0.064	1.274	2.392	"4"
"考验"	0	1	0	0	0.069	0.414	0.036	0.48	-0.031	0.383	-0.016	-0.284	0.714	"2"
"而已"	0	0	0	1	0.069	0.414	0.036	0.48	-0.031	-0.232	-0.016	0.319	0.598	"4"
"职权"	0	1	0	0	0.069	0.414	0.036	0.48	-0.031	0.383	-0.016	-0.284	0.714	"2"
"联"	0	0	0	8	0.551	3.315	0.292	3.842	-0.248	-1.859	-0.129	2.548	4.784	"4"
"联合"	0	0	0	11	0.758	4.558	0.401	5.283	-0.341	-2.556	-0.177	3.504	6.578	"4"
"联盟"	1	9	0	10	1.378	8.288	0.729	9.605	-0.226	0.34	-0.322	0.286	1.174	"2"
"联系"	0	0	0	1	0.069	0.414	0.036	0.48	-0.031	-0.232	-0.016	0.319	0.598	"4"
"联袂"	0	1	0	0	0.069	0.414	0.036	0.48	-0.031	0.383	-0.016	-0.284	0.714	"2"
"背景"	0	0	0	4	0.276	1.658	0.146	1.921	-0.124	-0.93	-0.064	1.274	2.392	"4"
"胞"	0	0	0	1	0.069	0.414	0.036	0.48	-0.031	-0.232	-0.016	0.319	0.598	"4"
"胡志强"	0	1	0	0	0.069	0.414	0.036	0.48	-0.031	0.383	-0.016	-0.284	0.714	"2"
"能够"	0	0	0	8	0.551	3.315	0.292	3.842	-0.248	-1.859	-0.129	2.548	4.784	"4"
"自"	0	0	0	1	0.069	0.414	0.036	0.48	-0.031	-0.232	-0.016	0.319	0.598	"4"
"自我"	0	0	0	1	0.069	0.414	0.036	0.48	-0.031	-0.232	-0.016	0.319	0.598	"4"
"自有"	1	0	0	0	0.069	0.414	0.036	0.48	1.162	-0.232	-0.016	-0.284	1.694	"1"
"自民"	0	0	0	1	0.069	0.414	0.036	0.48	-0.031	-0.232	-0.016	0.319	0.598	"4"
"自民党"	0	0	0	1	0.069	0.414	0.036	0.48	-0.031	-0.232	-0.016	0.319	0.598	"4"
"至于"	0	1	0	1	0.138	0.829	0.073	0.96	-0.062	0.182	-0.032	0.137	0.413	"2"
"舍弃"	0	0	0	1	0.069	0.414	0.036	0.48	-0.031	-0.232	-0.016	0.319	0.598	"4"
"色彩"	0	0	0	2	0.138	0.829	0.073	0.96	-0.062	-0.465	-0.032	0.637	1.196	"4"
"苗栗县"	0	1	0	0	0.069	0.414	0.036	0.48	-0.031	0.383	-0.016	-0.284	0.714	"2"
"若"	0	0	0	2	0.138	0.829	0.073	0.96	-0.062	-0.465	-0.032	0.637	1.196	"4"
"若是"	0	0	0	1	0.069	0.414	0.036	0.48	-0.031	-0.232	-0.016	0.319	0.598	"4"
"荒废"	0	0	0	1	0.069	0.414	0.036	0.48	-0.031	-0.232	-0.016	0.319	0.598	"4"
"获胜"	0	0	0	1	0.069	0.414	0.036	0.48	-0.031	-0.232	-0.016	0.319	0.598	"4"
"营利"	0	0	0	1	0.069	0.414	0.036	0.48	-0.031	-0.232	-0.016	0.319	0.598	"4"
"营造"	0	0	0	1	0.069	0.414	0.036	0.48	-0.031	-0.232	-0.016	0.319	0.598	"4"
"萧万长"	0	0	0	1	0.069	0.414	0.036	0.48	-0.031	-0.232	-0.016	0.319	0.598	"4"
"萧新煌"	0	0	0	1	0.069	0.414	0.036	0.48	-0.031	-0.232	-0.016	0.319	0.598	"4"
"萧美琴"	1	1	0	0	0.138	0.829	0.073	0.96	0.876	0.182	-0.032	-0.568	1.658	"1"
"萧裕正"	0	1	0	0	0.069	0.414	0.036	0.48	-0.031	0.383	-0.016	-0.284	0.714	"2"
"落实"	0	0	0	1	0.069	0.414	0.036	0.48	-0.031	-0.232	-0.016	0.319	0.598	"4"
"落败"	0	0	0	1	0.069	0.414	0.036	0.48	-0.031	-0.232	-0.016	0.319	0.598	"4"
"蔡明宪"	0	0	0	1	0.069	0.414	0.036	0.48	-0.031	-0.232	-0.016	0.319	0.598	"4"
"融合"	0	1	0	0	0.069	0.414	0.036	0.48	-0.031	0.383	-0.016	-0.284	0.714	"2"
"行事"	0	1	0	0	0.069	0.414	0.036	0.48	-0.031	0.383	-0.016	-0.284	0.714	"2"
"行动党"	0	0	0	1	0.069	0.414	0.036	0.48	-0.031	-0.232	-0.016	0.319	0.598	"4"
"行政院"	0	11	0	0	0.758	4.558	0.401	5.283	-0.341	4.208	-0.177	-3.126	7.852	"2"
"行政院版"	0	1	0	0	0.069	0.414	0.036	0.48	-0.031	0.383	-0.016	-0.284	0.714	"2"
"行政院长"	0	3	0	0	0.207	1.243	0.109	1.441	-0.093	1.148	-0.048	-0.853	2.142	"2"
"补选"	0	0	0	1	0.069	0.414	0.036	0.48	-0.031	-0.232	-0.016	0.319	0.598	"4"
"表"	1	1	0	0	0.138	0.829	0.073	0.96	0.876	0.182	-0.032	-0.568	1.658	"1"
"表决"	0	2	0	0	0.138	0.829	0.073	0.96	-0.062	0.765	-0.032	-0.568	1.427	"2"
"表态"	1	0	0	1	0.138	0.829	0.073	0.96	0.876	-0.465	-0.032	0.137	1.51	"1"
"表示"	2	18	0	0	1.378	8.288	0.729	9.605	0.392	5.04	-0.322	-5.684	11.438	"4"
"表达"	0	3	0	1	0.276	1.658	0.146	1.921	-0.124	0.707	-0.064	-0.465	1.36	"2"
"要点"	0	1	0	0	0.069	0.414	0.036	0.48	-0.031	0.383	-0.016	-0.284	0.714	"2"
"角力"	1	0	0	0	0.069	0.414	0.036	0.48	1.162	-0.232	-0.016	-0.284	1.694	"1"
"角逐"	0	0	0	1	0.069	0.414	0.036	0.48	-0.031	-0.232	-0.016	0.319	0.598	"4"
"解散"	1	0	0	0	0.069	0.414	0.036	0.48	1.162	-0.232	-0.016	-0.284	1.694	"1"
"解禁"	0	0	0	1	0.069	0.414	0.036	0.48	-0.031	-0.232	-0.016	0.319	0.598	"4"
"解释文"	1	0	0	0	0.069	0.414	0.036	0.48	1.162	-0.232	-0.016	-0.284	1.694	"1"
"言论"	0	0	0	2	0.138	0.829	0.073	0.96	-0.062	-0.465	-0.032	0.637	1.196	"4"
"认养"	0	1	0	0	0.069	0.414	0.036	0.48	-0.031	0.383	-0.016	-0.284	0.714	"2"
"认同"	0	0	0	1	0.069	0.414	0.036	0.48	-0.031	-0.232	-0.016	0.319	0.598	"4"
"认知"	0	0	0	1	0.069	0.414	0.036	0.48	-0.031	-0.232	-0.016	0.319	0.598	"4"
"认识"	0	1	0	0	0.069	0.414	0.036	0.48	-0.031	0.383	-0.016	-0.284	0.714	"2"
"讨论"	0	6	0	0	0.413	2.486	0.219	2.881	-0.186	2.296	-0.097	-1.705	4.284	"2"
"议"	0	1	0	0	0.069	0.414	0.036	0.48	-0.031	0.383	-0.016	-0.284	0.714	"2"
"议事"	0	0	0	1	0.069	0.414	0.036	0.48	-0.031	-0.232	-0.016	0.319	0.598	"4"
"议会"	0	2	0	9	0.758	4.558	0.401	5.283	-0.341	-0.996	-0.177	1.616	3.13	"4"
"议决"	0	2	0	0	0.138	0.829	0.073	0.96	-0.062	0.765	-0.032	-0.568	1.427	"2"
"议员"	0	3	0	9	0.827	4.973	0.437	5.763	-0.372	-0.708	-0.193	1.254	2.527	"4"
"议席"	0	0	0	1	0.069	0.414	0.036	0.48	-0.031	-0.232	-0.016	0.319	0.598	"4"
"议政"	0	0	0	1	0.069	0.414	0.036	0.48	-0.031	-0.232	-0.016	0.319	0.598	"4"
"议程"	0	1	0	0	0.069	0.414	0.036	0.48	-0.031	0.383	-0.016	-0.284	0.714	"2"
"议长"	0	0	0	1	0.069	0.414	0.036	0.48	-0.031	-0.232	-0.016	0.319	0.598	"4"
"议题"	0	3	0	6	0.62	3.73	0.328	4.322	-0.279	-0.35	-0.145	0.664	1.438	"4"
"记者会"	0	11	0	0	0.758	4.558	0.401	5.283	-0.341	4.208	-0.177	-3.126	7.852	"2"
"记述"	0	0	0	1	0.069	0.414	0.036	0.48	-0.031	-0.232	-0.016	0.319	0.598	"4"
"许"	0	1	0	0	0.069	0.414	0.036	0.48	-0.031	0.383	-0.016	-0.284	0.714	"2"
"许添财"	0	7	0	0	0.482	2.901	0.255	3.362	-0.217	2.678	-0.113	-1.989	4.997	"2"
"许诺"	0	0	0	1	0.069	0.414	0.036	0.48	-0.031	-0.232	-0.016	0.319	0.598	"4"
"论"	0	0	0	1	0.069	0.414	0.036	0.48	-0.031	-0.232	-0.016	0.319	0.598	"4"
"访华团"	0	0	0	2	0.138	0.829	0.073	0.96	-0.062	-0.465	-0.032	0.637	1.196	"4"
"评价"	0	0	0	1	0.069	0.414	0.036	0.48	-0.031	-0.232	-0.016	0.319	0.598	"4"
"诚意"	1	0	0	0	0.069	0.414	0.036	0.48	1.162	-0.232	-0.016	-0.284	1.694	"1"
"话题"	0	0	0	1	0.069	0.414	0.036	0.48	-0.031	-0.232	-0.016	0.319	0.598	"4"
"该"	1	0	0	0	0.069	0.414	0.036	0.48	1.162	-0.232	-0.016	-0.284	1.694	"1"
"说明"	0	1	0	0	0.069	0.414	0.036	0.48	-0.031	0.383	-0.016	-0.284	0.714	"2"
"说服"	0	1	0	0	0.069	0.414	0.036	0.48	-0.031	0.383	-0.016	-0.284	0.714	"2"
"调"	0	1	0	0	0.069	0.414	0.036	0.48	-0.031	0.383	-0.016	-0.284	0.714	"2"
"调整"	0	0	0	1	0.069	0.414	0.036	0.48	-0.031	-0.232	-0.016	0.319	0.598	"4"
"调薪案"	0	2	0	0	0.138	0.829	0.073	0.96	-0.062	0.765	-0.032	-0.568	1.427	"2"
"调适"	0	0	1	0	0.069	0.414	0.036	0.48	-0.031	-0.232	1.438	-0.284	1.985	"3"
"谅解"	0	1	0	0	0.069	0.414	0.036	0.48	-0.031	0.383	-0.016	-0.284	0.714	"2"
"谈"	0	0	0	1	0.069	0.414	0.036	0.48	-0.031	-0.232	-0.016	0.319	0.598	"4"
"谈论"	0	0	0	1	0.069	0.414	0.036	0.48	-0.031	-0.232	-0.016	0.319	0.598	"4"
"谢启大"	0	1	0	0	0.069	0.414	0.036	0.48	-0.031	0.383	-0.016	-0.284	0.714	"2"
"谢长廷"	0	4	0	2	0.413	2.486	0.219	2.881	-0.186	0.7	-0.097	-0.419	1.402	"2"
"负责人"	0	0	0	5	0.345	2.072	0.182	2.401	-0.155	-1.162	-0.081	1.593	2.991	"4"
"财经"	0	2	0	0	0.138	0.829	0.073	0.96	-0.062	0.765	-0.032	-0.568	1.427	"2"
"败给"	0	0	0	1	0.069	0.414	0.036	0.48	-0.031	-0.232	-0.016	0.319	0.598	"4"
"败选"	0	0	0	1	0.069	0.414	0.036	0.48	-0.031	-0.232	-0.016	0.319	0.598	"4"
"质疑"	0	2	0	0	0.138	0.829	0.073	0.96	-0.062	0.765	-0.032	-0.568	1.427	"2"
"贿选"	0	0	0	3	0.207	1.243	0.109	1.441	-0.093	-0.697	-0.048	0.956	1.794	"4"
"资本主义"	0	0	0	1	0.069	0.414	0.036	0.48	-0.031	-0.232	-0.016	0.319	0.598	"4"
"赖士葆"	0	9	0	0	0.62	3.73	0.328	4.322	-0.279	3.443	-0.145	-2.558	6.425	"2"
"赞成"	0	0	0	2	0.138	0.829	0.073	0.96	-0.062	-0.465	-0.032	0.637	1.196	"4"
"赢得"	0	0	0	3	0.207	1.243	0.109	1.441	-0.093	-0.697	-0.048	0.956	1.794	"4"
"走向"	0	0	0	1	0.069	0.414	0.036	0.48	-0.031	-0.232	-0.016	0.319	0.598	"4"
"起"	0	0	0	1	0.069	0.414	0.036	0.48	-0.031	-0.232	-0.016	0.319	0.598	"4"
"起见"	1	0	0	0	0.069	0.414	0.036	0.48	1.162	-0.232	-0.016	-0.284	1.694	"1"
"超出"	0	0	0	1	0.069	0.414	0.036	0.48	-0.031	-0.232	-0.016	0.319	0.598	"4"
"超脱"	0	0	0	2	0.138	0.829	0.073	0.96	-0.062	-0.465	-0.032	0.637	1.196	"4"
"超越"	0	0	0	4	0.276	1.658	0.146	1.921	-0.124	-0.93	-0.064	1.274	2.392	"4"
"跨"	0	0	0	7	0.482	2.901	0.255	3.362	-0.217	-1.627	-0.113	2.23	4.187	"4"
"跨越"	0	0	0	1	0.069	0.414	0.036	0.48	-0.031	-0.232	-0.016	0.319	0.598	"4"
"路易斯"	0	0	0	1	0.069	0.414	0.036	0.48	-0.031	-0.232	-0.016	0.319	0.598	"4"
"跳脱"	0	1	0	0	0.069	0.414	0.036	0.48	-0.031	0.383	-0.016	-0.284	0.714	"2"
"践踏"	0	0	0	1	0.069	0.414	0.036	0.48	-0.031	-0.232	-0.016	0.319	0.598	"4"
"身兼"	0	0	0	1	0.069	0.414	0.036	0.48	-0.031	-0.232	-0.016	0.319	0.598	"4"
"转型成"	0	0	1	0	0.069	0.414	0.036	0.48	-0.031	-0.232	1.438	-0.284	1.985	"3"
"转述"	0	1	0	0	0.069	0.414	0.036	0.48	-0.031	0.383	-0.016	-0.284	0.714	"2"
"轮替"	0	0	25	0	1.723	10.36	0.911	12.006	-0.775	-5.81	35.958	-7.105	49.648	"3"
"辅以"	0	0	0	1	0.069	0.414	0.036	0.48	-0.031	-0.232	-0.016	0.319	0.598	"4"
"辞"	0	0	0	1	0.069	0.414	0.036	0.48	-0.031	-0.232	-0.016	0.319	0.598	"4"
"辩论"	1	2	0	1	0.276	1.658	0.146	1.921	0.605	0.26	-0.064	-0.465	1.394	"1"
"达成"	0	1	0	0	0.069	0.414	0.036	0.48	-0.031	0.383	-0.016	-0.284	0.714	"2"
"过半"	0	0	1	1	0.138	0.829	0.073	0.96	-0.062	-0.465	1.145	0.137	1.809	"3"
"迈开"	0	0	0	1	0.069	0.414	0.036	0.48	-0.031	-0.232	-0.016	0.319	0.598	"4"
"运作"	2	3	0	3	0.551	3.315	0.292	3.842	0.997	-0.251	-0.129	-0.39	1.767	"1"
"近来"	0	0	0	1	0.069	0.414	0.036	0.48	-0.031	-0.232	-0.016	0.319	0.598	"4"
"进"	0	0	0	1	0.069	0.414	0.036	0.48	-0.031	-0.232	-0.016	0.319	0.598	"4"
"进步党"	0	2	0	0	0.138	0.829	0.073	0.96	-0.062	0.765	-0.032	-0.568	1.427	"2"
"违宪"	0	1	0	0	0.069	0.414	0.036	0.48	-0.031	0.383	-0.016	-0.284	0.714	"2"
"连任"	0	0	0	1	0.069	0.414	0.036	0.48	-0.031	-0.232	-0.016	0.319	0.598	"4"
"连战"	2	0	1	2	0.345	2.072	0.182	2.401	1.384	-1.162	0.771	-0.27	3.587	"1"
"连横"	0	1	0	0	0.069	0.414	0.036	0.48	-0.031	0.383	-0.016	-0.284	0.714	"2"
"连署"	0	4	0	0	0.276	1.658	0.146	1.921	-0.124	1.53	-0.064	-1.137	2.855	"2"
"连锁"	0	0	0	1	0.069	0.414	0.036	0.48	-0.031	-0.232	-0.016	0.319	0.598	"4"
"追求"	0	0	0	1	0.069	0.414	0.036	0.48	-0.031	-0.232	-0.016	0.319	0.598	"4"
"退出"	0	1	0	2	0.207	1.243	0.109	1.441	-0.093	-0.203	-0.048	0.328	0.672	"4"
"送出"	0	1	0	0	0.069	0.414	0.036	0.48	-0.031	0.383	-0.016	-0.284	0.714	"2"
"送请"	0	1	0	0	0.069	0.414	0.036	0.48	-0.031	0.383	-0.016	-0.284	0.714	"2"
"选"	0	0	0	2	0.138	0.829	0.073	0.96	-0.062	-0.465	-0.032	0.637	1.196	"4"
"选中"	0	0	0	2	0.138	0.829	0.073	0.96	-0.062	-0.465	-0.032	0.637	1.196	"4"
"选举"	1	0	2	15	1.24	7.459	0.656	8.644	-0.19	-4.183	0.859	2.642	7.874	"2"
"选举区"	0	0	0	1	0.069	0.414	0.036	0.48	-0.031	-0.232	-0.016	0.319	0.598	"4"
"选出"	0	0	0	1	0.069	0.414	0.036	0.48	-0.031	-0.232	-0.016	0.319	0.598	"4"
"选情日"	0	1	0	0	0.069	0.414	0.036	0.48	-0.031	0.383	-0.016	-0.284	0.714	"2"
"选战"	0	0	0	1	0.069	0.414	0.036	0.48	-0.031	-0.232	-0.016	0.319	0.598	"4"
"选民"	0	0	0	5	0.345	2.072	0.182	2.401	-0.155	-1.162	-0.081	1.593	2.991	"4"
"选票"	0	0	1	1	0.138	0.829	0.073	0.96	-0.062	-0.465	1.145	0.137	1.809	"3"
"选罢法"	0	0	0	1	0.069	0.414	0.036	0.48	-0.031	-0.232	-0.016	0.319	0.598	"4"
"透过"	0	1	0	2	0.207	1.243	0.109	1.441	-0.093	-0.203	-0.048	0.328	0.672	"4"
"造福"	0	0	0	1	0.069	0.414	0.036	0.48	-0.031	-0.232	-0.016	0.319	0.598	"4"
"週"	0	1	0	0	0.069	0.414	0.036	0.48	-0.031	0.383	-0.016	-0.284	0.714	"2"
"週二"	0	1	0	0	0.069	0.414	0.036	0.48	-0.031	0.383	-0.016	-0.284	0.714	"2"
"逼人"	0	0	0	1	0.069	0.414	0.036	0.48	-0.031	-0.232	-0.016	0.319	0.598	"4"
"遭殃"	0	0	0	1	0.069	0.414	0.036	0.48	-0.031	-0.232	-0.016	0.319	0.598	"4"
"避免"	1	0	0	3	0.276	1.658	0.146	1.921	0.605	-0.93	-0.064	0.547	2.146	"2"
"邀请"	0	2	0	1	0.207	1.243	0.109	1.441	-0.093	0.428	-0.048	-0.276	0.845	"2"
"邀集"	0	1	0	2	0.207	1.243	0.109	1.441	-0.093	-0.203	-0.048	0.328	0.672	"4"
"邓振中"	0	1	0	0	0.069	0.414	0.036	0.48	-0.031	0.383	-0.016	-0.284	0.714	"2"
"郑永"	0	1	0	0	0.069	0.414	0.036	0.48	-0.031	0.383	-0.016	-0.284	0.714	"2"
"郑永金"	0	2	0	0	0.138	0.829	0.073	0.96	-0.062	0.765	-0.032	-0.568	1.427	"2"
"郝龙斌"	0	2	0	0	0.138	0.829	0.073	0.96	-0.062	0.765	-0.032	-0.568	1.427	"2"
"部会"	0	1	0	0	0.069	0.414	0.036	0.48	-0.031	0.383	-0.016	-0.284	0.714	"2"
"配合"	0	2	0	0	0.138	0.829	0.073	0.96	-0.062	0.765	-0.032	-0.568	1.427	"2"
"重整"	0	0	0	1	0.069	0.414	0.036	0.48	-0.031	-0.232	-0.016	0.319	0.598	"4"
"重申"	0	0	0	1	0.069	0.414	0.036	0.48	-0.031	-0.232	-0.016	0.319	0.598	"4"
"重组"	0	0	0	3	0.207	1.243	0.109	1.441	-0.093	-0.697	-0.048	0.956	1.794	"4"
"野"	0	3	0	0	0.207	1.243	0.109	1.441	-0.093	1.148	-0.048	-0.853	2.142	"2"
"针对"	0	1	0	1	0.138	0.829	0.073	0.96	-0.062	0.182	-0.032	0.137	0.413	"2"
"钟"	0	1	0	0	0.069	0.414	0.036	0.48	-0.031	0.383	-0.016	-0.284	0.714	"2"
"钟绍"	0	2	0	0	0.138	0.829	0.073	0.96	-0.062	0.765	-0.032	-0.568	1.427	"2"
"钟荣吉"	0	2	0	0	0.138	0.829	0.073	0.96	-0.062	0.765	-0.032	-0.568	1.427	"2"
"铢"	0	0	0	1	0.069	0.414	0.036	0.48	-0.031	-0.232	-0.016	0.319	0.598	"4"
"长"	0	2	0	0	0.138	0.829	0.073	0.96	-0.062	0.765	-0.032	-0.568	1.427	"2"
"长交接"	0	1	0	0	0.069	0.414	0.036	0.48	-0.031	0.383	-0.016	-0.284	0.714	"2"
"长胜不败"	0	0	0	1	0.069	0.414	0.036	0.48	-0.031	-0.232	-0.016	0.319	0.598	"4"
"长郑"	0	0	0	1	0.069	0.414	0.036	0.48	-0.031	-0.232	-0.016	0.319	0.598	"4"
"长钟绍"	0	1	0	0	0.069	0.414	0.036	0.48	-0.031	0.383	-0.016	-0.284	0.714	"2"
"间"	2	0	0	6	0.551	3.315	0.292	3.842	0.997	-1.859	-0.129	0.92	3.905	"2"
"阁员"	0	0	0	1	0.069	0.414	0.036	0.48	-0.031	-0.232	-0.016	0.319	0.598	"4"
"阁揆"	0	1	0	0	0.069	0.414	0.036	0.48	-0.031	0.383	-0.016	-0.284	0.714	"2"
"阵线"	0	0	0	1	0.069	0.414	0.036	0.48	-0.031	-0.232	-0.016	0.319	0.598	"4"
"阵营"	0	0	0	1	0.069	0.414	0.036	0.48	-0.031	-0.232	-0.016	0.319	0.598	"4"
"阶层"	0	0	0	1	0.069	0.414	0.036	0.48	-0.031	-0.232	-0.016	0.319	0.598	"4"
"阶级"	0	0	0	1	0.069	0.414	0.036	0.48	-0.031	-0.232	-0.016	0.319	0.598	"4"
"阻断"	1	0	0	0	0.069	0.414	0.036	0.48	1.162	-0.232	-0.016	-0.284	1.694	"1"
"陈"	0	1	1	3	0.345	2.072	0.182	2.401	-0.155	-0.505	0.771	0.334	1.765	"3"
"陈其迈"	0	1	0	0	0.069	0.414	0.036	0.48	-0.031	0.383	-0.016	-0.284	0.714	"2"
"陈总"	0	1	0	1	0.138	0.829	0.073	0.96	-0.062	0.182	-0.032	0.137	0.413	"2"
"陈总统"	0	1	0	0	0.069	0.414	0.036	0.48	-0.031	0.383	-0.016	-0.284	0.714	"2"
"陈振盛"	0	2	0	0	0.138	0.829	0.073	0.96	-0.062	0.765	-0.032	-0.568	1.427	"2"
"陈文宪"	0	1	0	0	0.069	0.414	0.036	0.48	-0.031	0.383	-0.016	-0.284	0.714	"2"
"陈水扁"	1	1	0	2	0.276	1.658	0.146	1.921	0.605	-0.346	-0.064	0.182	1.197	"1"
"陈菊"	0	2	0	0	0.138	0.829	0.073	0.96	-0.062	0.765	-0.032	-0.568	1.427	"2"
"陈菊座"	0	1	0	0	0.069	0.414	0.036	0.48	-0.031	0.383	-0.016	-0.284	0.714	"2"
"限于"	0	0	0	1	0.069	0.414	0.036	0.48	-0.031	-0.232	-0.016	0.319	0.598	"4"
"院"	2	6	0	1	0.62	3.73	0.328	4.322	0.907	0.935	-0.145	-1.589	3.576	"4"
"院会"	0	1	0	0	0.069	0.414	0.036	0.48	-0.031	0.383	-0.016	-0.284	0.714	"2"
"院党"	0	1	0	0	0.069	0.414	0.036	0.48	-0.031	0.383	-0.016	-0.284	0.714	"2"
"院长"	0	2	0	0	0.138	0.829	0.073	0.96	-0.062	0.765	-0.032	-0.568	1.427	"2"
"随便"	0	1	0	0	0.069	0.414	0.036	0.48	-0.031	0.383	-0.016	-0.284	0.714	"2"
"隶属"	0	0	0	1	0.069	0.414	0.036	0.48	-0.031	-0.232	-0.016	0.319	0.598	"4"
"雅"	0	1	0	0	0.069	0.414	0.036	0.48	-0.031	0.383	-0.016	-0.284	0.714	"2"
"集"	0	1	0	1	0.138	0.829	0.073	0.96	-0.062	0.182	-0.032	0.137	0.413	"2"
"集会"	0	0	0	2	0.138	0.829	0.073	0.96	-0.062	-0.465	-0.032	0.637	1.196	"4"
"需要"	0	0	0	1	0.069	0.414	0.036	0.48	-0.031	-0.232	-0.016	0.319	0.598	"4"
"非"	0	1	0	3	0.276	1.658	0.146	1.921	-0.124	-0.346	-0.064	0.547	1.081	"4"
"须要"	0	1	0	0	0.069	0.414	0.036	0.48	-0.031	0.383	-0.016	-0.284	0.714	"2"
"顾及"	1	0	0	0	0.069	0.414	0.036	0.48	1.162	-0.232	-0.016	-0.284	1.694	"1"
"预算"	0	7	0	0	0.482	2.901	0.255	3.362	-0.217	2.678	-0.113	-1.989	4.997	"2"
"预算法"	0	1	0	0	0.069	0.414	0.036	0.48	-0.031	0.383	-0.016	-0.284	0.714	"2"
"领导"	0	0	0	2	0.138	0.829	0.073	0.96	-0.062	-0.465	-0.032	0.637	1.196	"4"
"领导人"	0	1	0	7	0.551	3.315	0.292	3.842	-0.248	-1.036	-0.129	1.563	2.976	"4"
"领袖"	0	1	0	9	0.689	4.144	0.364	4.802	-0.31	-1.417	-0.161	2.113	4.001	"4"
"风尘仆仆"	0	1	0	0	0.069	0.414	0.036	0.48	-0.031	0.383	-0.016	-0.284	0.714	"2"
"首"	0	0	1	1	0.138	0.829	0.073	0.96	-0.062	-0.465	1.145	0.137	1.809	"3"
"首度"	0	0	2	0	0.138	0.829	0.073	0.96	-0.062	-0.465	2.877	-0.568	3.972	"3"
"首航"	0	0	1	0	0.069	0.414	0.036	0.48	-0.031	-0.232	1.438	-0.284	1.985	"3"
"马克思"	0	0	0	1	0.069	0.414	0.036	0.48	-0.031	-0.232	-0.016	0.319	0.598	"4"
"马列主义"	0	0	0	1	0.069	0.414	0.036	0.48	-0.031	-0.232	-0.016	0.319	0.598	"4"
"驻港"	0	0	0	1	0.069	0.414	0.036	0.48	-0.031	-0.232	-0.016	0.319	0.598	"4"
"高层"	0	0	0	1	0.069	0.414	0.036	0.48	-0.031	-0.232	-0.016	0.319	0.598	"4"
"高昂"	0	0	0	1	0.069	0.414	0.036	0.48	-0.031	-0.232	-0.016	0.319	0.598	"4"
"魁北克"	0	0	0	1	0.069	0.414	0.036	0.48	-0.031	-0.232	-0.016	0.319	0.598	"4"
"魁独"	0	0	0	1	0.069	0.414	0.036	0.48	-0.031	-0.232	-0.016	0.319	0.598	"4"
"鲜明"	0	0	0	1	0.069	0.414	0.036	0.48	-0.031	-0.232	-0.016	0.319	0.598	"4"
"黄义"	0	1	0	0	0.069	0.414	0.036	0.48	-0.031	0.383	-0.016	-0.284	0.714	"2"
"黑人"	0	1	0	0	0.069	0.414	0.036	0.48	-0.031	0.383	-0.016	-0.284	0.714	"2"
"黑金"	0	0	0	2	0.138	0.829	0.073	0.96	-0.062	-0.465	-0.032	0.637	1.196	"4"
"龙"	0	0	0	1	0.069	0.414	0.036	0.48	-0.031	-0.232	-0.016	0.319	0.598	"4"
