"Coll_Word"	"1"	"2"	"3"	"4"	"exp_1"	"exp_2"	"exp_3"	"exp_4"	"pbin_1"	"pbin_2"	"pbin_3"	"pbin_4"	"SumAbsDev"	"LargestDev"
"－"	0	0	1	0	0.078	0.441	0.246	0.235	-0.035	-0.252	0.609	-0.116	1.012	"3"
"－－"	0	0	0	2	0.157	0.882	0.492	0.469	-0.071	-0.505	-0.245	1.259	2.08	"4"
"："	0	2	4	4	0.785	4.408	2.46	2.347	-0.355	-0.958	0.668	0.722	2.703	"2"
"！"	0	0	0	2	0.157	0.882	0.492	0.469	-0.071	-0.505	-0.245	1.259	2.08	"4"
"【"	0	0	1	0	0.078	0.441	0.246	0.235	-0.035	-0.252	0.609	-0.116	1.012	"3"
"】"	0	0	1	0	0.078	0.441	0.246	0.235	-0.035	-0.252	0.609	-0.116	1.012	"3"
"◇"	0	0	1	0	0.078	0.441	0.246	0.235	-0.035	-0.252	0.609	-0.116	1.012	"3"
"1.6"	0	0	0	2	0.157	0.882	0.492	0.469	-0.071	-0.505	-0.245	1.259	2.08	"4"
"10"	0	0	1	3	0.314	1.763	0.984	0.939	-0.142	-1.01	0.17	1.37	2.692	"4"
"100"	0	3	0	0	0.235	1.323	0.738	0.704	-0.106	1.067	-0.368	-0.349	1.89	"2"
"1000"	0	3	0	0	0.235	1.323	0.738	0.704	-0.106	1.067	-0.368	-0.349	1.89	"2"
"1000万"	0	2	0	0	0.157	0.882	0.492	0.469	-0.071	0.711	-0.245	-0.232	1.259	"2"
"100万"	0	5	0	1	0.471	2.645	1.476	1.408	-0.213	1.199	-0.736	-0.244	2.392	"2"
"110万"	0	1	0	0	0.078	0.441	0.246	0.235	-0.035	0.356	-0.123	-0.116	0.63	"2"
"11万5000"	0	1	0	0	0.078	0.441	0.246	0.235	-0.035	0.356	-0.123	-0.116	0.63	"2"
"1200"	0	2	0	0	0.157	0.882	0.492	0.469	-0.071	0.711	-0.245	-0.232	1.259	"2"
"1300"	1	0	0	0	0.078	0.441	0.246	0.235	1.105	-0.252	-0.123	-0.116	1.596	"1"
"131"	0	0	0	1	0.078	0.441	0.246	0.235	-0.035	-0.252	-0.123	0.629	1.039	"4"
"137,000"	0	1	0	0	0.078	0.441	0.246	0.235	-0.035	0.356	-0.123	-0.116	0.63	"2"
"13日"	0	0	0	1	0.078	0.441	0.246	0.235	-0.035	-0.252	-0.123	0.629	1.039	"4"
"1400"	0	1	0	0	0.078	0.441	0.246	0.235	-0.035	0.356	-0.123	-0.116	0.63	"2"
"14000"	0	1	0	0	0.078	0.441	0.246	0.235	-0.035	0.356	-0.123	-0.116	0.63	"2"
"1400万"	0	1	0	0	0.078	0.441	0.246	0.235	-0.035	0.356	-0.123	-0.116	0.63	"2"
"1500"	0	1	0	0	0.078	0.441	0.246	0.235	-0.035	0.356	-0.123	-0.116	0.63	"2"
"1550万"	0	1	0	0	0.078	0.441	0.246	0.235	-0.035	0.356	-0.123	-0.116	0.63	"2"
"15万"	0	1	0	0	0.078	0.441	0.246	0.235	-0.035	0.356	-0.123	-0.116	0.63	"2"
"17万"	0	2	0	0	0.157	0.882	0.492	0.469	-0.071	0.711	-0.245	-0.232	1.259	"2"
"18"	0	0	0	1	0.078	0.441	0.246	0.235	-0.035	-0.252	-0.123	0.629	1.039	"4"
"1万"	0	6	0	0	0.471	2.645	1.476	1.408	-0.213	2.134	-0.736	-0.697	3.78	"2"
"1万3754"	0	1	0	0	0.078	0.441	0.246	0.235	-0.035	0.356	-0.123	-0.116	0.63	"2"
"1万5000"	0	2	0	1	0.235	1.323	0.738	0.704	-0.106	0.385	-0.368	0.258	1.117	"2"
"1级赛"	0	1	0	0	0.078	0.441	0.246	0.235	-0.035	0.356	-0.123	-0.116	0.63	"2"
"20"	0	0	0	1	0.078	0.441	0.246	0.235	-0.035	-0.252	-0.123	0.629	1.039	"4"
"200"	0	3	0	0	0.235	1.323	0.738	0.704	-0.106	1.067	-0.368	-0.349	1.89	"2"
"2000"	0	3	0	1	0.314	1.763	0.984	0.939	-0.142	0.639	-0.49	0.182	1.453	"2"
"200万"	0	1	0	0	0.078	0.441	0.246	0.235	-0.035	0.356	-0.123	-0.116	0.63	"2"
"20万"	0	1	0	0	0.078	0.441	0.246	0.235	-0.035	0.356	-0.123	-0.116	0.63	"2"
"21500"	0	1	0	0	0.078	0.441	0.246	0.235	-0.035	0.356	-0.123	-0.116	0.63	"2"
"2380"	0	1	0	0	0.078	0.441	0.246	0.235	-0.035	0.356	-0.123	-0.116	0.63	"2"
"240万"	0	1	0	0	0.078	0.441	0.246	0.235	-0.035	0.356	-0.123	-0.116	0.63	"2"
"2430"	0	1	0	0	0.078	0.441	0.246	0.235	-0.035	0.356	-0.123	-0.116	0.63	"2"
"246"	0	1	0	0	0.078	0.441	0.246	0.235	-0.035	0.356	-0.123	-0.116	0.63	"2"
"24秒"	0	2	0	0	0.157	0.882	0.492	0.469	-0.071	0.711	-0.245	-0.232	1.259	"2"
"2500"	0	1	0	0	0.078	0.441	0.246	0.235	-0.035	0.356	-0.123	-0.116	0.63	"2"
"250万"	0	1	0	0	0.078	0.441	0.246	0.235	-0.035	0.356	-0.123	-0.116	0.63	"2"
"25万"	0	2	0	1	0.235	1.323	0.738	0.704	-0.106	0.385	-0.368	0.258	1.117	"2"
"260万"	0	1	0	0	0.078	0.441	0.246	0.235	-0.035	0.356	-0.123	-0.116	0.63	"2"
"280万"	0	1	0	0	0.078	0.441	0.246	0.235	-0.035	0.356	-0.123	-0.116	0.63	"2"
"2万"	0	4	0	0	0.314	1.763	0.984	0.939	-0.142	1.423	-0.49	-0.465	2.52	"2"
"2万376"	0	1	0	0	0.078	0.441	0.246	0.235	-0.035	0.356	-0.123	-0.116	0.63	"2"
"2小时"	0	1	0	0	0.078	0.441	0.246	0.235	-0.035	0.356	-0.123	-0.116	0.63	"2"
"300"	0	4	0	0	0.314	1.763	0.984	0.939	-0.142	1.423	-0.49	-0.465	2.52	"2"
"3000"	0	3	0	0	0.235	1.323	0.738	0.704	-0.106	1.067	-0.368	-0.349	1.89	"2"
"300万"	0	2	0	0	0.157	0.882	0.492	0.469	-0.071	0.711	-0.245	-0.232	1.259	"2"
"32万5000"	0	1	0	0	0.078	0.441	0.246	0.235	-0.035	0.356	-0.123	-0.116	0.63	"2"
"34.1"	0	1	0	0	0.078	0.441	0.246	0.235	-0.035	0.356	-0.123	-0.116	0.63	"2"
"34万4千"	0	1	0	0	0.078	0.441	0.246	0.235	-0.035	0.356	-0.123	-0.116	0.63	"2"
"39万"	0	1	0	0	0.078	0.441	0.246	0.235	-0.035	0.356	-0.123	-0.116	0.63	"2"
"3万"	0	2	0	0	0.157	0.882	0.492	0.469	-0.071	0.711	-0.245	-0.232	1.259	"2"
"3小时"	0	1	0	0	0.078	0.441	0.246	0.235	-0.035	0.356	-0.123	-0.116	0.63	"2"
"400"	0	0	0	1	0.078	0.441	0.246	0.235	-0.035	-0.252	-0.123	0.629	1.039	"4"
"4000"	0	2	0	0	0.157	0.882	0.492	0.469	-0.071	0.711	-0.245	-0.232	1.259	"2"
"40万"	0	2	0	0	0.157	0.882	0.492	0.469	-0.071	0.711	-0.245	-0.232	1.259	"2"
"45"	0	1	0	0	0.078	0.441	0.246	0.235	-0.035	0.356	-0.123	-0.116	0.63	"2"
"4万"	0	1	0	0	0.078	0.441	0.246	0.235	-0.035	0.356	-0.123	-0.116	0.63	"2"
"500"	0	3	0	0	0.235	1.323	0.738	0.704	-0.106	1.067	-0.368	-0.349	1.89	"2"
"5000"	0	5	0	1	0.471	2.645	1.476	1.408	-0.213	1.199	-0.736	-0.244	2.392	"2"
"500万"	0	2	0	0	0.157	0.882	0.492	0.469	-0.071	0.711	-0.245	-0.232	1.259	"2"
"50万"	0	1	0	0	0.078	0.441	0.246	0.235	-0.035	0.356	-0.123	-0.116	0.63	"2"
"53"	0	1	0	0	0.078	0.441	0.246	0.235	-0.035	0.356	-0.123	-0.116	0.63	"2"
"57分"	0	1	0	0	0.078	0.441	0.246	0.235	-0.035	0.356	-0.123	-0.116	0.63	"2"
"5万"	0	4	0	0	0.314	1.763	0.984	0.939	-0.142	1.423	-0.49	-0.465	2.52	"2"
"5万5000"	0	1	0	0	0.078	0.441	0.246	0.235	-0.035	0.356	-0.123	-0.116	0.63	"2"
"5千"	0	1	0	0	0.078	0.441	0.246	0.235	-0.035	0.356	-0.123	-0.116	0.63	"2"
"600"	0	1	0	0	0.078	0.441	0.246	0.235	-0.035	0.356	-0.123	-0.116	0.63	"2"
"6000"	0	1	0	0	0.078	0.441	0.246	0.235	-0.035	0.356	-0.123	-0.116	0.63	"2"
"606"	0	0	0	1	0.078	0.441	0.246	0.235	-0.035	-0.252	-0.123	0.629	1.039	"4"
"7000"	0	1	0	0	0.078	0.441	0.246	0.235	-0.035	0.356	-0.123	-0.116	0.63	"2"
"7500"	0	1	0	0	0.078	0.441	0.246	0.235	-0.035	0.356	-0.123	-0.116	0.63	"2"
"7万"	0	2	0	0	0.157	0.882	0.492	0.469	-0.071	0.711	-0.245	-0.232	1.259	"2"
"7万多"	0	1	0	0	0.078	0.441	0.246	0.235	-0.035	0.356	-0.123	-0.116	0.63	"2"
"7月"	0	0	0	1	0.078	0.441	0.246	0.235	-0.035	-0.252	-0.123	0.629	1.039	"4"
"8"	0	0	1	0	0.078	0.441	0.246	0.235	-0.035	-0.252	0.609	-0.116	1.012	"3"
"800"	0	1	0	0	0.078	0.441	0.246	0.235	-0.035	0.356	-0.123	-0.116	0.63	"2"
"8000"	0	0	0	1	0.078	0.441	0.246	0.235	-0.035	-0.252	-0.123	0.629	1.039	"4"
"850"	0	1	0	0	0.078	0.441	0.246	0.235	-0.035	0.356	-0.123	-0.116	0.63	"2"
"891019"	0	1	0	0	0.078	0.441	0.246	0.235	-0.035	0.356	-0.123	-0.116	0.63	"2"
"891214"	0	0	0	1	0.078	0.441	0.246	0.235	-0.035	-0.252	-0.123	0.629	1.039	"4"
"891219"	0	1	0	0	0.078	0.441	0.246	0.235	-0.035	0.356	-0.123	-0.116	0.63	"2"
"891222"	0	1	0	0	0.078	0.441	0.246	0.235	-0.035	0.356	-0.123	-0.116	0.63	"2"
"891229"	0	0	1	1	0.157	0.882	0.492	0.469	-0.071	-0.505	0.365	0.383	1.324	"2"
"9"	0	0	2	0	0.157	0.882	0.492	0.469	-0.071	-0.505	1.218	-0.232	2.026	"3"
"900109"	0	1	0	0	0.078	0.441	0.246	0.235	-0.035	0.356	-0.123	-0.116	0.63	"2"
"900116"	0	1	0	0	0.078	0.441	0.246	0.235	-0.035	0.356	-0.123	-0.116	0.63	"2"
"900117"	0	0	0	1	0.078	0.441	0.246	0.235	-0.035	-0.252	-0.123	0.629	1.039	"4"
"900万"	0	1	0	0	0.078	0.441	0.246	0.235	-0.035	0.356	-0.123	-0.116	0.63	"2"
"bonus"	0	0	0	1	0.078	0.441	0.246	0.235	-0.035	-0.252	-0.123	0.629	1.039	"4"
"CCTV-MTV"	0	0	1	0	0.078	0.441	0.246	0.235	-0.035	-0.252	0.609	-0.116	1.012	"3"
"Clippers"	0	0	1	0	0.078	0.441	0.246	0.235	-0.035	-0.252	0.609	-0.116	1.012	"3"
"Discovery"	0	1	0	0	0.078	0.441	0.246	0.235	-0.035	0.356	-0.123	-0.116	0.63	"2"
"DVD"	0	0	0	1	0.078	0.441	0.246	0.235	-0.035	-0.252	-0.123	0.629	1.039	"4"
"GX"	0	1	0	0	0.078	0.441	0.246	0.235	-0.035	0.356	-0.123	-0.116	0.63	"2"
"K"	0	0	0	1	0.078	0.441	0.246	0.235	-0.035	-0.252	-0.123	0.629	1.039	"4"
"NBA"	0	0	1	0	0.078	0.441	0.246	0.235	-0.035	-0.252	0.609	-0.116	1.012	"3"
"Sabaru"	0	0	0	1	0.078	0.441	0.246	0.235	-0.035	-0.252	-0.123	0.629	1.039	"4"
"salary"	0	0	0	1	0.078	0.441	0.246	0.235	-0.035	-0.252	-0.123	0.629	1.039	"4"
"Suzuki"	0	0	0	1	0.078	0.441	0.246	0.235	-0.035	-0.252	-0.123	0.629	1.039	"4"
"T恤"	0	0	0	1	0.078	0.441	0.246	0.235	-0.035	-0.252	-0.123	0.629	1.039	"4"
"ubaruImpreza"	0	0	0	1	0.078	0.441	0.246	0.235	-0.035	-0.252	-0.123	0.629	1.039	"4"
"WalterDuranty"	0	0	0	1	0.078	0.441	0.246	0.235	-0.035	-0.252	-0.123	0.629	1.039	"4"
"一万"	0	1	0	2	0.235	1.323	0.738	0.704	-0.106	-0.23	-0.368	0.856	1.56	"4"
"一併"	0	0	1	0	0.078	0.441	0.246	0.235	-0.035	-0.252	0.609	-0.116	1.012	"3"
"一共"	0	1	0	1	0.157	0.882	0.492	0.469	-0.071	0.163	-0.245	0.383	0.862	"4"
"一半"	0	2	0	0	0.157	0.882	0.492	0.469	-0.071	0.711	-0.245	-0.232	1.259	"2"
"一口气"	0	1	1	0	0.157	0.882	0.492	0.469	-0.071	0.163	0.365	-0.232	0.831	"3"
"一头"	0	0	0	1	0.078	0.441	0.246	0.235	-0.035	-0.252	-0.123	0.629	1.039	"4"
"一定"	0	1	0	0	0.078	0.441	0.246	0.235	-0.035	0.356	-0.123	-0.116	0.63	"2"
"一月份"	1	0	0	0	0.078	0.441	0.246	0.235	1.105	-0.252	-0.123	-0.116	1.596	"1"
"一百"	0	2	5	0	0.549	3.086	1.722	1.643	-0.248	-0.476	1.922	-0.813	3.459	"3"
"一百一十三"	1	0	0	0	0.078	0.441	0.246	0.235	1.105	-0.252	-0.123	-0.116	1.596	"1"
"一百一十三万"	0	1	0	0	0.078	0.441	0.246	0.235	-0.035	0.356	-0.123	-0.116	0.63	"2"
"一百万"	0	4	0	0	0.314	1.763	0.984	0.939	-0.142	1.423	-0.49	-0.465	2.52	"2"
"一百二十八万"	0	1	0	0	0.078	0.441	0.246	0.235	-0.035	0.356	-0.123	-0.116	0.63	"2"
"一百五十"	0	0	0	1	0.078	0.441	0.246	0.235	-0.035	-0.252	-0.123	0.629	1.039	"4"
"一百零二亿"	1	0	0	0	0.078	0.441	0.246	0.235	1.105	-0.252	-0.123	-0.116	1.596	"1"
"一般"	0	0	0	1	0.078	0.441	0.246	0.235	-0.035	-0.252	-0.123	0.629	1.039	"4"
"七万"	0	3	0	0	0.235	1.323	0.738	0.704	-0.106	1.067	-0.368	-0.349	1.89	"2"
"七十三亿"	2	0	0	0	0.157	0.882	0.492	0.469	2.211	-0.505	-0.245	-0.232	3.193	"1"
"万"	0	7	0	0	0.549	3.086	1.722	1.643	-0.248	2.49	-0.858	-0.813	4.409	"2"
"万零七百五十"	0	1	0	0	0.078	0.441	0.246	0.235	-0.035	0.356	-0.123	-0.116	0.63	"2"
"三亿"	0	1	0	0	0.078	0.441	0.246	0.235	-0.035	0.356	-0.123	-0.116	0.63	"2"
"三十"	0	0	0	1	0.078	0.441	0.246	0.235	-0.035	-0.252	-0.123	0.629	1.039	"4"
"三十万"	0	5	0	0	0.392	2.204	1.23	1.174	-0.177	1.779	-0.613	-0.581	3.15	"2"
"三百万"	0	3	0	0	0.235	1.323	0.738	0.704	-0.106	1.067	-0.368	-0.349	1.89	"2"
"三百八十四万六千"	0	1	0	0	0.078	0.441	0.246	0.235	-0.035	0.356	-0.123	-0.116	0.63	"2"
"三等奖"	0	1	0	0	0.078	0.441	0.246	0.235	-0.035	0.356	-0.123	-0.116	0.63	"2"
"上"	0	1	0	0	0.078	0.441	0.246	0.235	-0.035	0.356	-0.123	-0.116	0.63	"2"
"下"	0	4	0	0	0.314	1.763	0.984	0.939	-0.142	1.423	-0.49	-0.465	2.52	"2"
"不变"	0	0	0	1	0.078	0.441	0.246	0.235	-0.035	-0.252	-0.123	0.629	1.039	"4"
"不少"	0	1	0	0	0.078	0.441	0.246	0.235	-0.035	0.356	-0.123	-0.116	0.63	"2"
"不等"	0	1	0	0	0.078	0.441	0.246	0.235	-0.035	0.356	-0.123	-0.116	0.63	"2"
"业余"	0	0	1	0	0.078	0.441	0.246	0.235	-0.035	-0.252	0.609	-0.116	1.012	"3"
"业绩"	1	0	0	0	0.078	0.441	0.246	0.235	1.105	-0.252	-0.123	-0.116	1.596	"1"
"东海岸"	0	1	0	0	0.078	0.441	0.246	0.235	-0.035	0.356	-0.123	-0.116	0.63	"2"
"两"	0	0	14	0	1.098	6.172	3.443	3.286	-0.497	-3.535	8.528	-1.627	14.187	"3"
"两万"	0	1	0	0	0.078	0.441	0.246	0.235	-0.035	0.356	-0.123	-0.116	0.63	"2"
"两百九十五万"	0	1	0	0	0.078	0.441	0.246	0.235	-0.035	0.356	-0.123	-0.116	0.63	"2"
"个"	0	5	45	3	4.158	23.365	13.035	12.441	-1.881	-7.381	19.42	-3.243	31.925	"3"
"个别"	0	1	0	0	0.078	0.441	0.246	0.235	-0.035	0.356	-0.123	-0.116	0.63	"2"
"中国人"	0	0	1	0	0.078	0.441	0.246	0.235	-0.035	-0.252	0.609	-0.116	1.012	"3"
"中奖"	0	7	0	0	0.549	3.086	1.722	1.643	-0.248	2.49	-0.858	-0.813	4.409	"2"
"中奖率"	0	1	3	0	0.314	1.763	0.984	0.939	-0.142	-0.391	1.314	-0.465	2.312	"3"
"中小型"	0	0	1	0	0.078	0.441	0.246	0.235	-0.035	-0.252	0.609	-0.116	1.012	"3"
"中小学"	0	0	0	1	0.078	0.441	0.246	0.235	-0.035	-0.252	-0.123	0.629	1.039	"4"
"中广"	2	0	0	0	0.157	0.882	0.492	0.469	2.211	-0.505	-0.245	-0.232	3.193	"1"
"中油"	0	0	0	3	0.235	1.323	0.738	0.704	-0.106	-0.757	-0.368	1.888	3.119	"4"
"中秋节"	1	0	0	0	0.078	0.441	0.246	0.235	1.105	-0.252	-0.123	-0.116	1.596	"1"
"中第"	0	0	1	0	0.078	0.441	0.246	0.235	-0.035	-0.252	0.609	-0.116	1.012	"3"
"中银"	0	0	0	1	0.078	0.441	0.246	0.235	-0.035	-0.252	-0.123	0.629	1.039	"4"
"丰"	0	0	0	1	0.078	0.441	0.246	0.235	-0.035	-0.252	-0.123	0.629	1.039	"4"
"丰厚"	0	4	0	0	0.314	1.763	0.984	0.939	-0.142	1.423	-0.49	-0.465	2.52	"2"
"丰富"	0	0	0	18	1.412	7.935	4.427	4.225	-0.639	-4.544	-2.207	11.329	18.719	"4"
"为了"	0	0	1	0	0.078	0.441	0.246	0.235	-0.035	-0.252	0.609	-0.116	1.012	"3"
"为数"	0	1	0	0	0.078	0.441	0.246	0.235	-0.035	0.356	-0.123	-0.116	0.63	"2"
"主"	0	0	1	0	0.078	0.441	0.246	0.235	-0.035	-0.252	0.609	-0.116	1.012	"3"
"主办"	0	0	1	0	0.078	0.441	0.246	0.235	-0.035	-0.252	0.609	-0.116	1.012	"3"
"主将"	0	1	0	0	0.078	0.441	0.246	0.235	-0.035	0.356	-0.123	-0.116	0.63	"2"
"主要"	0	0	1	0	0.078	0.441	0.246	0.235	-0.035	-0.252	0.609	-0.116	1.012	"3"
"主角"	0	0	6	0	0.471	2.645	1.476	1.408	-0.213	-1.515	3.655	-0.697	6.08	"3"
"举报"	0	1	0	1	0.157	0.882	0.492	0.469	-0.071	0.163	-0.245	0.383	0.862	"4"
"之外"	0	1	0	2	0.235	1.323	0.738	0.704	-0.106	-0.23	-0.368	0.856	1.56	"4"
"乌克兰"	0	2	0	1	0.235	1.323	0.738	0.704	-0.106	0.385	-0.368	0.258	1.117	"2"
"乐透"	0	1	0	0	0.078	0.441	0.246	0.235	-0.035	0.356	-0.123	-0.116	0.63	"2"
"乐龄"	0	0	4	0	0.314	1.763	0.984	0.939	-0.142	-1.01	2.437	-0.465	4.054	"3"
"乒总"	0	1	0	0	0.078	0.441	0.246	0.235	-0.035	0.356	-0.123	-0.116	0.63	"2"
"乒联"	0	1	0	0	0.078	0.441	0.246	0.235	-0.035	0.356	-0.123	-0.116	0.63	"2"
"乔普拉"	0	1	0	0	0.078	0.441	0.246	0.235	-0.035	0.356	-0.123	-0.116	0.63	"2"
"乙"	0	0	0	1	0.078	0.441	0.246	0.235	-0.035	-0.252	-0.123	0.629	1.039	"4"
"九"	0	0	2	0	0.157	0.882	0.492	0.469	-0.071	-0.505	1.218	-0.232	2.026	"3"
"九十二万"	0	1	0	0	0.078	0.441	0.246	0.235	-0.035	0.356	-0.123	-0.116	0.63	"2"
"九十年度"	0	2	0	0	0.157	0.882	0.492	0.469	-0.071	0.711	-0.245	-0.232	1.259	"2"
"九千零六十五万"	0	1	0	0	0.078	0.441	0.246	0.235	-0.035	0.356	-0.123	-0.116	0.63	"2"
"书局"	0	0	0	1	0.078	0.441	0.246	0.235	-0.035	-0.252	-0.123	0.629	1.039	"4"
"乱象"	0	0	0	1	0.078	0.441	0.246	0.235	-0.035	-0.252	-0.123	0.629	1.039	"4"
"争"	0	0	0	1	0.078	0.441	0.246	0.235	-0.035	-0.252	-0.123	0.629	1.039	"4"
"争夺"	0	2	0	0	0.157	0.882	0.492	0.469	-0.071	0.711	-0.245	-0.232	1.259	"2"
"二○○一年"	0	1	0	0	0.078	0.441	0.246	0.235	-0.035	0.356	-0.123	-0.116	0.63	"2"
"二万"	0	1	0	0	0.078	0.441	0.246	0.235	-0.035	0.356	-0.123	-0.116	0.63	"2"
"二亿二千多万"	0	0	0	1	0.078	0.441	0.246	0.235	-0.035	-0.252	-0.123	0.629	1.039	"4"
"二分局"	0	0	0	1	0.078	0.441	0.246	0.235	-0.035	-0.252	-0.123	0.629	1.039	"4"
"二十"	0	2	0	0	0.157	0.882	0.492	0.469	-0.071	0.711	-0.245	-0.232	1.259	"2"
"二十万"	0	2	0	0	0.157	0.882	0.492	0.469	-0.071	0.711	-0.245	-0.232	1.259	"2"
"二十二万四千"	0	1	0	0	0.078	0.441	0.246	0.235	-0.035	0.356	-0.123	-0.116	0.63	"2"
"二十二万四千三百五十六"	0	1	0	0	0.078	0.441	0.246	0.235	-0.035	0.356	-0.123	-0.116	0.63	"2"
"二十五万"	0	1	0	1	0.157	0.882	0.492	0.469	-0.071	0.163	-0.245	0.383	0.862	"4"
"二千五百万"	0	1	0	0	0.078	0.441	0.246	0.235	-0.035	0.356	-0.123	-0.116	0.63	"2"
"二奖"	0	0	0	1	0.078	0.441	0.246	0.235	-0.035	-0.252	-0.123	0.629	1.039	"4"
"二月"	2	0	0	0	0.157	0.882	0.492	0.469	2.211	-0.505	-0.245	-0.232	3.193	"1"
"二百"	0	1	4	0	0.392	2.204	1.23	1.174	-0.177	-0.568	1.833	-0.581	3.159	"3"
"二百九十二"	0	1	0	0	0.078	0.441	0.246	0.235	-0.035	0.356	-0.123	-0.116	0.63	"2"
"二等奖"	0	1	0	0	0.078	0.441	0.246	0.235	-0.035	0.356	-0.123	-0.116	0.63	"2"
"二组"	0	3	0	0	0.235	1.323	0.738	0.704	-0.106	1.067	-0.368	-0.349	1.89	"2"
"互动"	0	0	1	0	0.078	0.441	0.246	0.235	-0.035	-0.252	0.609	-0.116	1.012	"3"
"五"	0	1	1	0	0.157	0.882	0.492	0.469	-0.071	0.163	0.365	-0.232	0.831	"3"
"五万"	0	4	0	1	0.392	2.204	1.23	1.174	-0.177	0.913	-0.613	-0.177	1.88	"2"
"五亿"	0	1	0	1	0.157	0.882	0.492	0.469	-0.071	0.163	-0.245	0.383	0.862	"4"
"五十万"	0	1	0	0	0.078	0.441	0.246	0.235	-0.035	0.356	-0.123	-0.116	0.63	"2"
"五千"	0	2	0	0	0.157	0.882	0.492	0.469	-0.071	0.711	-0.245	-0.232	1.259	"2"
"五千一百五十余"	0	1	0	0	0.078	0.441	0.246	0.235	-0.035	0.356	-0.123	-0.116	0.63	"2"
"五星级"	0	1	0	0	0.078	0.441	0.246	0.235	-0.035	0.356	-0.123	-0.116	0.63	"2"
"井浚泓"	0	1	0	0	0.078	0.441	0.246	0.235	-0.035	0.356	-0.123	-0.116	0.63	"2"
"亚军"	0	5	0	0	0.392	2.204	1.23	1.174	-0.177	1.779	-0.613	-0.581	3.15	"2"
"亚巡赛"	0	1	0	0	0.078	0.441	0.246	0.235	-0.035	0.356	-0.123	-0.116	0.63	"2"
"亚米茄"	0	1	0	0	0.078	0.441	0.246	0.235	-0.035	0.356	-0.123	-0.116	0.63	"2"
"交易所"	0	1	0	0	0.078	0.441	0.246	0.235	-0.035	0.356	-0.123	-0.116	0.63	"2"
"享用"	0	0	0	1	0.078	0.441	0.246	0.235	-0.035	-0.252	-0.123	0.629	1.039	"4"
"人中"	0	2	0	0	0.157	0.882	0.492	0.469	-0.071	0.711	-0.245	-0.232	1.259	"2"
"人士奖"	0	0	3	0	0.235	1.323	0.738	0.704	-0.106	-0.757	1.827	-0.349	3.039	"3"
"人头"	0	0	0	1	0.078	0.441	0.246	0.235	-0.035	-0.252	-0.123	0.629	1.039	"4"
"人奖"	0	0	1	0	0.078	0.441	0.246	0.235	-0.035	-0.252	0.609	-0.116	1.012	"3"
"人民币"	0	1	0	0	0.078	0.441	0.246	0.235	-0.035	0.356	-0.123	-0.116	0.63	"2"
"人物"	0	0	1	0	0.078	0.441	0.246	0.235	-0.035	-0.252	0.609	-0.116	1.012	"3"
"人选"	0	0	1	0	0.078	0.441	0.246	0.235	-0.035	-0.252	0.609	-0.116	1.012	"3"
"仁心"	0	0	0	1	0.078	0.441	0.246	0.235	-0.035	-0.252	-0.123	0.629	1.039	"4"
"今后"	0	0	1	0	0.078	0.441	0.246	0.235	-0.035	-0.252	0.609	-0.116	1.012	"3"
"今年"	0	0	6	0	0.471	2.645	1.476	1.408	-0.213	-1.515	3.655	-0.697	6.08	"3"
"仟元"	0	0	0	1	0.078	0.441	0.246	0.235	-0.035	-0.252	-0.123	0.629	1.039	"4"
"以"	0	0	1	0	0.078	0.441	0.246	0.235	-0.035	-0.252	0.609	-0.116	1.012	"3"
"以下"	0	0	1	1	0.157	0.882	0.492	0.469	-0.071	-0.505	0.365	0.383	1.324	"2"
"以致"	0	0	1	0	0.078	0.441	0.246	0.235	-0.035	-0.252	0.609	-0.116	1.012	"3"
"仪式"	0	0	2	0	0.157	0.882	0.492	0.469	-0.071	-0.505	1.218	-0.232	2.026	"3"
"价值"	0	2	0	3	0.392	2.204	1.23	1.174	-0.177	-0.215	-0.613	1.055	2.06	"4"
"任何"	0	1	0	0	0.078	0.441	0.246	0.235	-0.035	0.356	-0.123	-0.116	0.63	"2"
"份"	0	3	3	4	0.785	4.408	2.46	2.347	-0.355	-0.544	0.335	0.722	1.956	"4"
"企业家"	0	0	1	0	0.078	0.441	0.246	0.235	-0.035	-0.252	0.609	-0.116	1.012	"3"
"伍兹"	0	1	0	0	0.078	0.441	0.246	0.235	-0.035	0.356	-0.123	-0.116	0.63	"2"
"休假"	2	0	0	2	0.314	1.763	0.984	0.939	1.479	-1.01	-0.49	0.627	3.606	"1"
"优异"	0	0	1	0	0.078	0.441	0.246	0.235	-0.035	-0.252	0.609	-0.116	1.012	"3"
"优秀"	0	0	4	0	0.314	1.763	0.984	0.939	-0.142	-1.01	2.437	-0.465	4.054	"3"
"优秀者"	1	0	0	0	0.078	0.441	0.246	0.235	1.105	-0.252	-0.123	-0.116	1.596	"1"
"优等"	0	1	0	1	0.157	0.882	0.492	0.469	-0.071	0.163	-0.245	0.383	0.862	"4"
"优胜"	0	1	1	0	0.157	0.882	0.492	0.469	-0.071	0.163	0.365	-0.232	0.831	"3"
"伟"	0	1	0	0	0.078	0.441	0.246	0.235	-0.035	0.356	-0.123	-0.116	0.63	"2"
"伪变造"	0	1	0	0	0.078	0.441	0.246	0.235	-0.035	0.356	-0.123	-0.116	0.63	"2"
"估计"	0	1	0	0	0.078	0.441	0.246	0.235	-0.035	0.356	-0.123	-0.116	0.63	"2"
"低调"	0	1	0	0	0.078	0.441	0.246	0.235	-0.035	0.356	-0.123	-0.116	0.63	"2"
"佐治帕尔菲"	0	0	1	0	0.078	0.441	0.246	0.235	-0.035	-0.252	0.609	-0.116	1.012	"3"
"体坛"	0	0	0	1	0.078	0.441	0.246	0.235	-0.035	-0.252	-0.123	0.629	1.039	"4"
"作为"	0	0	0	2	0.157	0.882	0.492	0.469	-0.071	-0.505	-0.245	1.259	2.08	"4"
"作品"	0	0	3	0	0.235	1.323	0.738	0.704	-0.106	-0.757	1.827	-0.349	3.039	"3"
"佳丽"	0	0	1	0	0.078	0.441	0.246	0.235	-0.035	-0.252	0.609	-0.116	1.012	"3"
"佳作"	0	0	0	1	0.078	0.441	0.246	0.235	-0.035	-0.252	-0.123	0.629	1.039	"4"
"佳宁"	0	0	0	1	0.078	0.441	0.246	0.235	-0.035	-0.252	-0.123	0.629	1.039	"4"
"供"	0	0	0	1	0.078	0.441	0.246	0.235	-0.035	-0.252	-0.123	0.629	1.039	"4"
"依次"	0	0	1	0	0.078	0.441	0.246	0.235	-0.035	-0.252	0.609	-0.116	1.012	"3"
"侦破"	0	0	0	1	0.078	0.441	0.246	0.235	-0.035	-0.252	-0.123	0.629	1.039	"4"
"保三"	0	0	0	1	0.078	0.441	0.246	0.235	-0.035	-0.252	-0.123	0.629	1.039	"4"
"保育"	0	1	0	1	0.157	0.882	0.492	0.469	-0.071	0.163	-0.245	0.383	0.862	"4"
"保龄球"	0	2	0	0	0.157	0.882	0.492	0.469	-0.071	0.711	-0.245	-0.232	1.259	"2"
"保龄球赛"	0	2	0	0	0.157	0.882	0.492	0.469	-0.071	0.711	-0.245	-0.232	1.259	"2"
"俩"	0	0	1	0	0.078	0.441	0.246	0.235	-0.035	-0.252	0.609	-0.116	1.012	"3"
"修威特"	0	1	0	0	0.078	0.441	0.246	0.235	-0.035	0.356	-0.123	-0.116	0.63	"2"
"修法"	2	0	0	0	0.157	0.882	0.492	0.469	2.211	-0.505	-0.245	-0.232	3.193	"1"
"倍"	0	1	1	0	0.157	0.882	0.492	0.469	-0.071	0.163	0.365	-0.232	0.831	"3"
"做为"	0	2	0	0	0.157	0.882	0.492	0.469	-0.071	0.711	-0.245	-0.232	1.259	"2"
"做工"	0	0	0	2	0.157	0.882	0.492	0.469	-0.071	-0.505	-0.245	1.259	2.08	"4"
"储蓄"	0	1	0	1	0.157	0.882	0.492	0.469	-0.071	0.163	-0.245	0.383	0.862	"4"
"儿童奖"	0	0	1	0	0.078	0.441	0.246	0.235	-0.035	-0.252	0.609	-0.116	1.012	"3"
"元"	4	100	4	21	10.121	56.869	31.728	30.282	-1.64	14.003	-10.677	-1.518	27.838	"2"
"元月份"	1	0	0	0	0.078	0.441	0.246	0.235	1.105	-0.252	-0.123	-0.116	1.596	"1"
"克拉"	0	1	0	0	0.078	0.441	0.246	0.235	-0.035	0.356	-0.123	-0.116	0.63	"2"
"克郎"	0	1	0	0	0.078	0.441	0.246	0.235	-0.035	0.356	-0.123	-0.116	0.63	"2"
"免费"	0	0	1	2	0.235	1.323	0.738	0.704	-0.106	-0.757	0.243	0.856	1.962	"4"
"入围"	0	1	3	0	0.314	1.763	0.984	0.939	-0.142	-0.391	1.314	-0.465	2.312	"3"
"入场"	0	0	0	1	0.078	0.441	0.246	0.235	-0.035	-0.252	-0.123	0.629	1.039	"4"
"入洞"	0	1	0	0	0.078	0.441	0.246	0.235	-0.035	0.356	-0.123	-0.116	0.63	"2"
"入选"	0	1	0	0	0.078	0.441	0.246	0.235	-0.035	0.356	-0.123	-0.116	0.63	"2"
"全"	0	0	0	1	0.078	0.441	0.246	0.235	-0.035	-0.252	-0.123	0.629	1.039	"4"
"全数"	0	1	0	0	0.078	0.441	0.246	0.235	-0.035	0.356	-0.123	-0.116	0.63	"2"
"全职"	0	1	0	0	0.078	0.441	0.246	0.235	-0.035	0.356	-0.123	-0.116	0.63	"2"
"全能"	0	1	0	0	0.078	0.441	0.246	0.235	-0.035	0.356	-0.123	-0.116	0.63	"2"
"全部"	0	3	0	0	0.235	1.323	0.738	0.704	-0.106	1.067	-0.368	-0.349	1.89	"2"
"八万"	0	1	0	0	0.078	0.441	0.246	0.235	-0.035	0.356	-0.123	-0.116	0.63	"2"
"八亿四千万"	0	1	0	0	0.078	0.441	0.246	0.235	-0.035	0.356	-0.123	-0.116	0.63	"2"
"八千"	0	1	0	0	0.078	0.441	0.246	0.235	-0.035	0.356	-0.123	-0.116	0.63	"2"
"八百"	0	1	0	0	0.078	0.441	0.246	0.235	-0.035	0.356	-0.123	-0.116	0.63	"2"
"公众"	0	0	0	1	0.078	0.441	0.246	0.235	-0.035	-0.252	-0.123	0.629	1.039	"4"
"公会"	0	0	1	0	0.078	0.441	0.246	0.235	-0.035	-0.252	0.609	-0.116	1.012	"3"
"公务员"	2	0	0	5	0.549	3.086	1.722	1.643	1.004	-1.767	-0.858	2.013	5.642	"4"
"公开赛"	0	9	0	0	0.706	3.968	2.214	2.113	-0.319	3.201	-1.103	-1.046	5.669	"2"
"公所"	0	1	0	0	0.078	0.441	0.246	0.235	-0.035	0.356	-0.123	-0.116	0.63	"2"
"公教"	3	0	0	0	0.235	1.323	0.738	0.704	3.316	-0.757	-0.368	-0.349	4.79	"1"
"公文"	0	0	0	1	0.078	0.441	0.246	0.235	-0.035	-0.252	-0.123	0.629	1.039	"4"
"公益"	0	3	0	0	0.235	1.323	0.738	0.704	-0.106	1.067	-0.368	-0.349	1.89	"2"
"公职人员"	1	0	0	0	0.078	0.441	0.246	0.235	1.105	-0.252	-0.123	-0.116	1.596	"1"
"六"	0	0	1	0	0.078	0.441	0.246	0.235	-0.035	-0.252	0.609	-0.116	1.012	"3"
"六万"	0	1	0	0	0.078	0.441	0.246	0.235	-0.035	0.356	-0.123	-0.116	0.63	"2"
"六十"	0	1	0	0	0.078	0.441	0.246	0.235	-0.035	0.356	-0.123	-0.116	0.63	"2"
"六十四万"	0	1	0	0	0.078	0.441	0.246	0.235	-0.035	0.356	-0.123	-0.116	0.63	"2"
"六千六百万"	0	1	0	0	0.078	0.441	0.246	0.235	-0.035	0.356	-0.123	-0.116	0.63	"2"
"六洞共"	0	1	0	0	0.078	0.441	0.246	0.235	-0.035	0.356	-0.123	-0.116	0.63	"2"
"六百万"	0	1	0	0	0.078	0.441	0.246	0.235	-0.035	0.356	-0.123	-0.116	0.63	"2"
"共"	0	2	2	0	0.314	1.763	0.984	0.939	-0.142	0.226	0.594	-0.465	1.427	"3"
"共享"	0	1	0	0	0.078	0.441	0.246	0.235	-0.035	0.356	-0.123	-0.116	0.63	"2"
"共分"	0	0	1	0	0.078	0.441	0.246	0.235	-0.035	-0.252	0.609	-0.116	1.012	"3"
"共有"	0	0	1	0	0.078	0.441	0.246	0.235	-0.035	-0.252	0.609	-0.116	1.012	"3"
"共渡"	1	0	0	0	0.078	0.441	0.246	0.235	1.105	-0.252	-0.123	-0.116	1.596	"1"
"共计"	0	1	0	0	0.078	0.441	0.246	0.235	-0.035	0.356	-0.123	-0.116	0.63	"2"
"共评出"	0	0	1	0	0.078	0.441	0.246	0.235	-0.035	-0.252	0.609	-0.116	1.012	"3"
"其中"	0	1	2	0	0.235	1.323	0.738	0.704	-0.106	-0.23	0.819	-0.349	1.504	"3"
"其他"	0	0	3	0	0.235	1.323	0.738	0.704	-0.106	-0.757	1.827	-0.349	3.039	"3"
"其余"	0	1	0	0	0.078	0.441	0.246	0.235	-0.035	0.356	-0.123	-0.116	0.63	"2"
"其它"	0	0	1	0	0.078	0.441	0.246	0.235	-0.035	-0.252	0.609	-0.116	1.012	"3"
"具"	0	0	2	0	0.157	0.882	0.492	0.469	-0.071	-0.505	1.218	-0.232	2.026	"3"
"典礼"	0	0	2	0	0.157	0.882	0.492	0.469	-0.071	-0.505	1.218	-0.232	2.026	"3"
"写下"	0	1	0	0	0.078	0.441	0.246	0.235	-0.035	0.356	-0.123	-0.116	0.63	"2"
"写真"	0	0	2	0	0.157	0.882	0.492	0.469	-0.071	-0.505	1.218	-0.232	2.026	"3"
"军"	0	1	0	0	0.078	0.441	0.246	0.235	-0.035	0.356	-0.123	-0.116	0.63	"2"
"农运会"	0	0	1	0	0.078	0.441	0.246	0.235	-0.035	-0.252	0.609	-0.116	1.012	"3"
"冠"	0	1	0	0	0.078	0.441	0.246	0.235	-0.035	0.356	-0.123	-0.116	0.63	"2"
"冠亚军"	0	2	0	0	0.157	0.882	0.492	0.469	-0.071	0.711	-0.245	-0.232	1.259	"2"
"冠军"	0	24	2	1	2.118	11.903	6.641	6.338	-0.958	5.787	-1.637	-2.17	10.552	"2"
"冠军盃"	0	1	0	0	0.078	0.441	0.246	0.235	-0.035	0.356	-0.123	-0.116	0.63	"2"
"冯德伦"	0	0	1	0	0.078	0.441	0.246	0.235	-0.035	-0.252	0.609	-0.116	1.012	"3"
"冲"	0	0	0	1	0.078	0.441	0.246	0.235	-0.035	-0.252	-0.123	0.629	1.039	"4"
"准"	1	0	0	0	0.078	0.441	0.246	0.235	1.105	-0.252	-0.123	-0.116	1.596	"1"
"准备"	0	0	0	1	0.078	0.441	0.246	0.235	-0.035	-0.252	-0.123	0.629	1.039	"4"
"凡"	0	0	0	2	0.157	0.882	0.492	0.469	-0.071	-0.505	-0.245	1.259	2.08	"4"
"凭"	0	1	0	0	0.078	0.441	0.246	0.235	-0.035	0.356	-0.123	-0.116	0.63	"2"
"出品"	0	1	0	0	0.078	0.441	0.246	0.235	-0.035	0.356	-0.123	-0.116	0.63	"2"
"出国"	1	1	0	1	0.235	1.323	0.738	0.704	0.663	-0.23	-0.368	0.258	1.519	"1"
"分"	0	1	0	0	0.078	0.441	0.246	0.235	-0.035	0.356	-0.123	-0.116	0.63	"2"
"分享"	0	1	0	0	0.078	0.441	0.246	0.235	-0.035	0.356	-0.123	-0.116	0.63	"2"
"分别"	0	2	2	0	0.314	1.763	0.984	0.939	-0.142	0.226	0.594	-0.465	1.427	"3"
"分发"	0	2	0	1	0.235	1.323	0.738	0.704	-0.106	0.385	-0.368	0.258	1.117	"2"
"分局"	0	1	0	0	0.078	0.441	0.246	0.235	-0.035	0.356	-0.123	-0.116	0.63	"2"
"分组"	0	2	0	0	0.157	0.882	0.492	0.469	-0.071	0.711	-0.245	-0.232	1.259	"2"
"分配"	0	0	0	1	0.078	0.441	0.246	0.235	-0.035	-0.252	-0.123	0.629	1.039	"4"
"列为"	0	1	0	0	0.078	0.441	0.246	0.235	-0.035	0.356	-0.123	-0.116	0.63	"2"
"列入"	0	0	0	1	0.078	0.441	0.246	0.235	-0.035	-0.252	-0.123	0.629	1.039	"4"
"刘德华"	0	1	0	0	0.078	0.441	0.246	0.235	-0.035	0.356	-0.123	-0.116	0.63	"2"
"则"	1	7	0	3	0.863	4.849	2.705	2.582	0.227	0.801	-1.349	0.304	2.681	"3"
"创始人奖"	0	1	0	0	0.078	0.441	0.246	0.235	-0.035	0.356	-0.123	-0.116	0.63	"2"
"删除"	0	1	0	0	0.078	0.441	0.246	0.235	-0.035	0.356	-0.123	-0.116	0.63	"2"
"刮刮乐"	0	1	0	0	0.078	0.441	0.246	0.235	-0.035	0.356	-0.123	-0.116	0.63	"2"
"到底"	0	1	0	0	0.078	0.441	0.246	0.235	-0.035	0.356	-0.123	-0.116	0.63	"2"
"制年"	0	0	0	1	0.078	0.441	0.246	0.235	-0.035	-0.252	-0.123	0.629	1.039	"4"
"制片界"	0	0	1	0	0.078	0.441	0.246	0.235	-0.035	-0.252	0.609	-0.116	1.012	"3"
"剥夺"	0	1	0	0	0.078	0.441	0.246	0.235	-0.035	0.356	-0.123	-0.116	0.63	"2"
"剧情"	0	0	1	0	0.078	0.441	0.246	0.235	-0.035	-0.252	0.609	-0.116	1.012	"3"
"剧情类"	0	0	2	0	0.157	0.882	0.492	0.469	-0.071	-0.505	1.218	-0.232	2.026	"3"
"剩"	1	0	0	0	0.078	0.441	0.246	0.235	1.105	-0.252	-0.123	-0.116	1.596	"1"
"办法"	0	3	0	1	0.314	1.763	0.984	0.939	-0.142	0.639	-0.49	0.182	1.453	"2"
"加发"	1	0	0	0	0.078	0.441	0.246	0.235	1.105	-0.252	-0.123	-0.116	1.596	"1"
"加盟"	0	0	0	1	0.078	0.441	0.246	0.235	-0.035	-0.252	-0.123	0.629	1.039	"4"
"助兴"	0	0	0	1	0.078	0.441	0.246	0.235	-0.035	-0.252	-0.123	0.629	1.039	"4"
"勇于"	0	0	1	0	0.078	0.441	0.246	0.235	-0.035	-0.252	0.609	-0.116	1.012	"3"
"包商"	1	0	0	0	0.078	0.441	0.246	0.235	1.105	-0.252	-0.123	-0.116	1.596	"1"
"包括"	0	2	5	10	1.334	7.494	4.181	3.991	-0.603	-2.297	0.387	2.729	6.016	"4"
"匈牙利"	0	0	1	0	0.078	0.441	0.246	0.235	-0.035	-0.252	0.609	-0.116	1.012	"3"
"化妆"	0	0	0	1	0.078	0.441	0.246	0.235	-0.035	-0.252	-0.123	0.629	1.039	"4"
"化工厂"	1	0	0	0	0.078	0.441	0.246	0.235	1.105	-0.252	-0.123	-0.116	1.596	"1"
"医药品"	1	0	0	0	0.078	0.441	0.246	0.235	1.105	-0.252	-0.123	-0.116	1.596	"1"
"十"	0	4	0	1	0.392	2.204	1.23	1.174	-0.177	0.913	-0.613	-0.177	1.88	"2"
"十一"	0	0	1	0	0.078	0.441	0.246	0.235	-0.035	-0.252	0.609	-0.116	1.012	"3"
"十七万"	0	1	0	0	0.078	0.441	0.246	0.235	-0.035	0.356	-0.123	-0.116	0.63	"2"
"十万"	0	3	0	1	0.314	1.763	0.984	0.939	-0.142	0.639	-0.49	0.182	1.453	"2"
"十二亿"	0	1	0	0	0.078	0.441	0.246	0.235	-0.035	0.356	-0.123	-0.116	0.63	"2"
"十五"	0	0	1	0	0.078	0.441	0.246	0.235	-0.035	-0.252	0.609	-0.116	1.012	"3"
"十五万"	0	1	0	0	0.078	0.441	0.246	0.235	-0.035	0.356	-0.123	-0.116	0.63	"2"
"十八亿"	0	1	0	0	0.078	0.441	0.246	0.235	-0.035	0.356	-0.123	-0.116	0.63	"2"
"十六万七千六百五十九"	0	1	0	0	0.078	0.441	0.246	0.235	-0.035	0.356	-0.123	-0.116	0.63	"2"
"十分"	0	1	0	0	0.078	0.441	0.246	0.235	-0.035	0.356	-0.123	-0.116	0.63	"2"
"千"	0	1	0	0	0.078	0.441	0.246	0.235	-0.035	0.356	-0.123	-0.116	0.63	"2"
"千万"	0	1	0	1	0.157	0.882	0.492	0.469	-0.071	0.163	-0.245	0.383	0.862	"4"
"升等"	0	0	0	1	0.078	0.441	0.246	0.235	-0.035	-0.252	-0.123	0.629	1.039	"4"
"华夏"	0	0	0	1	0.078	0.441	0.246	0.235	-0.035	-0.252	-0.123	0.629	1.039	"4"
"卓越"	0	0	0	1	0.078	0.441	0.246	0.235	-0.035	-0.252	-0.123	0.629	1.039	"4"
"单"	0	1	0	0	0.078	0.441	0.246	0.235	-0.035	0.356	-0.123	-0.116	0.63	"2"
"单打"	0	2	0	0	0.157	0.882	0.492	0.469	-0.071	0.711	-0.245	-0.232	1.259	"2"
"单项"	0	1	0	0	0.078	0.441	0.246	0.235	-0.035	0.356	-0.123	-0.116	0.63	"2"
"单项奖"	0	0	1	0	0.078	0.441	0.246	0.235	-0.035	-0.252	0.609	-0.116	1.012	"3"
"博克"	0	0	1	0	0.078	0.441	0.246	0.235	-0.035	-0.252	0.609	-0.116	1.012	"3"
"博彩"	0	2	0	0	0.157	0.882	0.492	0.469	-0.071	0.711	-0.245	-0.232	1.259	"2"
"博饼"	0	0	0	1	0.078	0.441	0.246	0.235	-0.035	-0.252	-0.123	0.629	1.039	"4"
"占据"	0	0	1	0	0.078	0.441	0.246	0.235	-0.035	-0.252	0.609	-0.116	1.012	"3"
"卡"	0	0	0	1	0.078	0.441	0.246	0.235	-0.035	-0.252	-0.123	0.629	1.039	"4"
"卡琳"	0	1	0	0	0.078	0.441	0.246	0.235	-0.035	0.356	-0.123	-0.116	0.63	"2"
"卧虎藏龙"	0	1	0	0	0.078	0.441	0.246	0.235	-0.035	0.356	-0.123	-0.116	0.63	"2"
"即"	0	0	0	3	0.235	1.323	0.738	0.704	-0.106	-0.757	-0.368	1.888	3.119	"4"
"即时"	0	0	0	1	0.078	0.441	0.246	0.235	-0.035	-0.252	-0.123	0.629	1.039	"4"
"厂商"	1	1	0	0	0.157	0.882	0.492	0.469	0.822	0.163	-0.245	-0.232	1.462	"1"
"压岁钱"	0	1	0	0	0.078	0.441	0.246	0.235	-0.035	0.356	-0.123	-0.116	0.63	"2"
"原"	0	0	0	2	0.157	0.882	0.492	0.469	-0.071	-0.505	-0.245	1.259	2.08	"4"
"县市"	2	0	0	0	0.157	0.882	0.492	0.469	2.211	-0.505	-0.245	-0.232	3.193	"1"
"县府"	3	0	0	3	0.471	2.645	1.476	1.408	2.094	-1.515	-0.736	0.835	5.18	"1"
"县政府"	0	1	0	0	0.078	0.441	0.246	0.235	-0.035	0.356	-0.123	-0.116	0.63	"2"
"参加"	0	0	1	10	0.863	4.849	2.705	2.582	-0.39	-2.777	-0.687	5.357	9.211	"4"
"参加者"	0	1	0	0	0.078	0.441	0.246	0.235	-0.035	0.356	-0.123	-0.116	0.63	"2"
"参赛者"	0	2	0	0	0.157	0.882	0.492	0.469	-0.071	0.711	-0.245	-0.232	1.259	"2"
"参选"	0	0	1	0	0.078	0.441	0.246	0.235	-0.035	-0.252	0.609	-0.116	1.012	"3"
"及"	7	10	0	7	1.883	10.58	5.903	5.634	2.718	-0.31	-2.942	0.487	6.457	"3"
"友谊"	0	0	1	0	0.078	0.441	0.246	0.235	-0.035	-0.252	0.609	-0.116	1.012	"3"
"双"	0	0	1	1	0.157	0.882	0.492	0.469	-0.071	-0.505	0.365	0.383	1.324	"2"
"双双"	0	0	1	0	0.078	0.441	0.246	0.235	-0.035	-0.252	0.609	-0.116	1.012	"3"
"发"	3	4	0	2	0.706	3.968	2.214	2.113	1.548	0.21	-1.103	-0.192	3.053	"1"
"发予"	0	0	0	1	0.078	0.441	0.246	0.235	-0.035	-0.252	-0.123	0.629	1.039	"4"
"发出"	0	0	0	1	0.078	0.441	0.246	0.235	-0.035	-0.252	-0.123	0.629	1.039	"4"
"发奖"	0	1	0	0	0.078	0.441	0.246	0.235	-0.035	0.356	-0.123	-0.116	0.63	"2"
"发放"	11	1	0	6	1.412	7.935	4.427	4.225	7.883	-3.363	-2.207	0.635	14.088	"1"
"发明奖"	0	2	0	0	0.157	0.882	0.492	0.469	-0.071	0.711	-0.245	-0.232	1.259	"2"
"发给"	0	2	0	1	0.235	1.323	0.738	0.704	-0.106	0.385	-0.368	0.258	1.117	"2"
"发起"	0	1	0	0	0.078	0.441	0.246	0.235	-0.035	0.356	-0.123	-0.116	0.63	"2"
"取"	0	1	0	0	0.078	0.441	0.246	0.235	-0.035	0.356	-0.123	-0.116	0.63	"2"
"取消"	0	1	5	1	0.549	3.086	1.722	1.643	-0.248	-0.953	1.922	-0.315	3.438	"3"
"受"	0	0	5	0	0.392	2.204	1.23	1.174	-0.177	-1.262	3.046	-0.581	5.066	"3"
"口味奖"	0	0	1	0	0.078	0.441	0.246	0.235	-0.035	-0.252	0.609	-0.116	1.012	"3"
"古巴体"	0	0	1	0	0.078	0.441	0.246	0.235	-0.035	-0.252	0.609	-0.116	1.012	"3"
"只是"	0	0	0	1	0.078	0.441	0.246	0.235	-0.035	-0.252	-0.123	0.629	1.039	"4"
"可"	4	23	2	7	2.824	15.87	8.854	8.451	0.506	1.879	-2.512	-0.436	5.333	"3"
"可观"	0	1	0	0	0.078	0.441	0.246	0.235	-0.035	0.356	-0.123	-0.116	0.63	"2"
"台币"	0	2	0	0	0.157	0.882	0.492	0.469	-0.071	0.711	-0.245	-0.232	1.259	"2"
"台汽"	0	0	0	1	0.078	0.441	0.246	0.235	-0.035	-0.252	-0.123	0.629	1.039	"4"
"台湾队"	0	0	2	0	0.157	0.882	0.492	0.469	-0.071	-0.505	1.218	-0.232	2.026	"3"
"台视"	1	0	0	0	0.078	0.441	0.246	0.235	1.105	-0.252	-0.123	-0.116	1.596	"1"
"叶"	0	1	0	0	0.078	0.441	0.246	0.235	-0.035	0.356	-0.123	-0.116	0.63	"2"
"叶伟志"	0	4	0	0	0.314	1.763	0.984	0.939	-0.142	1.423	-0.49	-0.465	2.52	"2"
"号码"	0	8	0	0	0.628	3.527	1.968	1.878	-0.284	2.846	-0.981	-0.93	5.041	"2"
"司"	0	1	0	0	0.078	0.441	0.246	0.235	-0.035	0.356	-0.123	-0.116	0.63	"2"
"各"	0	2	7	3	0.941	5.29	2.951	2.817	-0.426	-1.318	1.886	0.251	3.881	"3"
"合理"	1	0	0	0	0.078	0.441	0.246	0.235	1.105	-0.252	-0.123	-0.116	1.596	"1"
"吉"	0	1	0	0	0.078	0.441	0.246	0.235	-0.035	0.356	-0.123	-0.116	0.63	"2"
"同居"	0	2	0	0	0.157	0.882	0.492	0.469	-0.071	0.711	-0.245	-0.232	1.259	"2"
"名单"	0	0	4	0	0.314	1.763	0.984	0.939	-0.142	-1.01	2.437	-0.465	4.054	"3"
"名将"	0	2	0	0	0.157	0.882	0.492	0.469	-0.071	0.711	-0.245	-0.232	1.259	"2"
"名次"	0	2	0	0	0.157	0.882	0.492	0.469	-0.071	0.711	-0.245	-0.232	1.259	"2"
"名表"	0	0	0	3	0.235	1.323	0.738	0.704	-0.106	-0.757	-0.368	1.888	3.119	"4"
"吴彦祖"	0	0	1	0	0.078	0.441	0.246	0.235	-0.035	-0.252	0.609	-0.116	1.012	"3"
"吸引力"	0	1	0	0	0.078	0.441	0.246	0.235	-0.035	0.356	-0.123	-0.116	0.63	"2"
"员"	0	0	0	1	0.078	0.441	0.246	0.235	-0.035	-0.252	-0.123	0.629	1.039	"4"
"员工"	7	0	1	1	0.706	3.968	2.214	2.113	6.243	-2.272	-0.508	-0.47	9.493	"1"
"员警"	0	0	0	1	0.078	0.441	0.246	0.235	-0.035	-0.252	-0.123	0.629	1.039	"4"
"周"	0	4	1	2	0.549	3.086	1.722	1.643	-0.248	0.429	-0.342	0.287	1.306	"2"
"周日"	0	1	0	0	0.078	0.441	0.246	0.235	-0.035	0.356	-0.123	-0.116	0.63	"2"
"和平奖"	0	0	1	0	0.078	0.441	0.246	0.235	-0.035	-0.252	0.609	-0.116	1.012	"3"
"唱片"	2	2	0	0	0.314	1.763	0.984	0.939	1.479	0.226	-0.49	-0.465	2.66	"1"
"唿吁"	0	0	0	1	0.078	0.441	0.246	0.235	-0.035	-0.252	-0.123	0.629	1.039	"4"
"囊中"	0	1	0	0	0.078	0.441	0.246	0.235	-0.035	0.356	-0.123	-0.116	0.63	"2"
"囊括"	0	0	1	0	0.078	0.441	0.246	0.235	-0.035	-0.252	0.609	-0.116	1.012	"3"
"四"	0	1	2	0	0.235	1.323	0.738	0.704	-0.106	-0.23	0.819	-0.349	1.504	"3"
"四.五"	1	0	0	0	0.078	0.441	0.246	0.235	1.105	-0.252	-0.123	-0.116	1.596	"1"
"四分局"	0	0	0	1	0.078	0.441	0.246	0.235	-0.035	-0.252	-0.123	0.629	1.039	"4"
"四十一万五千"	0	1	0	0	0.078	0.441	0.246	0.235	-0.035	0.356	-0.123	-0.116	0.63	"2"
"四十万"	0	2	0	0	0.157	0.882	0.492	0.469	-0.071	0.711	-0.245	-0.232	1.259	"2"
"四千六百"	0	1	0	0	0.078	0.441	0.246	0.235	-0.035	0.356	-0.123	-0.116	0.63	"2"
"四百多"	0	0	0	1	0.078	0.441	0.246	0.235	-0.035	-0.252	-0.123	0.629	1.039	"4"
"回馈"	0	0	0	1	0.078	0.441	0.246	0.235	-0.035	-0.252	-0.123	0.629	1.039	"4"
"固定"	1	0	0	0	0.078	0.441	0.246	0.235	1.105	-0.252	-0.123	-0.116	1.596	"1"
"国中组"	0	1	0	0	0.078	0.441	0.246	0.235	-0.035	0.356	-0.123	-0.116	0.63	"2"
"国乔"	1	0	0	0	0.078	0.441	0.246	0.235	1.105	-0.252	-0.123	-0.116	1.596	"1"
"国光"	0	1	0	0	0.078	0.441	0.246	0.235	-0.035	0.356	-0.123	-0.116	0.63	"2"
"国光奖"	0	0	0	1	0.078	0.441	0.246	0.235	-0.035	-0.252	-0.123	0.629	1.039	"4"
"国家级"	0	1	0	0	0.078	0.441	0.246	0.235	-0.035	0.356	-0.123	-0.116	0.63	"2"
"国通"	0	1	0	0	0.078	0.441	0.246	0.235	-0.035	0.356	-0.123	-0.116	0.63	"2"
"国际性"	0	0	0	1	0.078	0.441	0.246	0.235	-0.035	-0.252	-0.123	0.629	1.039	"4"
"国际羽联"	0	1	0	0	0.078	0.441	0.246	0.235	-0.035	0.356	-0.123	-0.116	0.63	"2"
"圆"	0	1	0	0	0.078	0.441	0.246	0.235	-0.035	0.356	-0.123	-0.116	0.63	"2"
"在下"	0	0	0	1	0.078	0.441	0.246	0.235	-0.035	-0.252	-0.123	0.629	1.039	"4"
"增列"	0	0	0	1	0.078	0.441	0.246	0.235	-0.035	-0.252	-0.123	0.629	1.039	"4"
"增加"	0	0	2	0	0.157	0.882	0.492	0.469	-0.071	-0.505	1.218	-0.232	2.026	"3"
"声望"	0	0	1	0	0.078	0.441	0.246	0.235	-0.035	-0.252	0.609	-0.116	1.012	"3"
"备"	0	0	0	1	0.078	0.441	0.246	0.235	-0.035	-0.252	-0.123	0.629	1.039	"4"
"复"	0	0	1	0	0.078	0.441	0.246	0.235	-0.035	-0.252	0.609	-0.116	1.012	"3"
"夏日"	0	0	0	1	0.078	0.441	0.246	0.235	-0.035	-0.252	-0.123	0.629	1.039	"4"
"外"	1	3	0	1	0.392	2.204	1.23	1.174	0.474	0.409	-0.613	-0.177	1.673	"3"
"外援"	0	0	1	0	0.078	0.441	0.246	0.235	-0.035	-0.252	0.609	-0.116	1.012	"3"
"外观"	0	1	0	0	0.078	0.441	0.246	0.235	-0.035	0.356	-0.123	-0.116	0.63	"2"
"多"	0	1	5	1	0.549	3.086	1.722	1.643	-0.248	-0.953	1.922	-0.315	3.438	"3"
"多多"	0	2	0	0	0.157	0.882	0.492	0.469	-0.071	0.711	-0.245	-0.232	1.259	"2"
"多宝"	0	1	0	0	0.078	0.441	0.246	0.235	-0.035	0.356	-0.123	-0.116	0.63	"2"
"多达"	0	1	0	0	0.078	0.441	0.246	0.235	-0.035	0.356	-0.123	-0.116	0.63	"2"
"大一"	0	0	1	1	0.157	0.882	0.492	0.469	-0.071	-0.505	0.365	0.383	1.324	"2"
"大专院"	0	1	0	0	0.078	0.441	0.246	0.235	-0.035	0.356	-0.123	-0.116	0.63	"2"
"大众"	0	0	0	1	0.078	0.441	0.246	0.235	-0.035	-0.252	-0.123	0.629	1.039	"4"
"大信"	0	1	0	0	0.078	0.441	0.246	0.235	-0.035	0.356	-0.123	-0.116	0.63	"2"
"大关"	0	1	0	0	0.078	0.441	0.246	0.235	-0.035	0.356	-0.123	-0.116	0.63	"2"
"大卫杜夫"	0	4	0	0	0.314	1.763	0.984	0.939	-0.142	1.423	-0.49	-0.465	2.52	"2"
"大型石"	1	0	0	0	0.078	0.441	0.246	0.235	1.105	-0.252	-0.123	-0.116	1.596	"1"
"大大"	0	0	0	1	0.078	0.441	0.246	0.235	-0.035	-0.252	-0.123	0.629	1.039	"4"
"大奖"	0	0	2	1	0.235	1.323	0.738	0.704	-0.106	-0.757	0.819	0.258	1.94	"3"
"大奖赛"	0	2	0	0	0.157	0.882	0.492	0.469	-0.071	0.711	-0.245	-0.232	1.259	"2"
"大小"	0	0	1	0	0.078	0.441	0.246	0.235	-0.035	-0.252	0.609	-0.116	1.012	"3"
"大幅"	2	1	0	1	0.314	1.763	0.984	0.939	1.479	-0.391	-0.49	0.182	2.542	"1"
"大抽"	0	0	0	1	0.078	0.441	0.246	0.235	-0.035	-0.252	-0.123	0.629	1.039	"4"
"大派"	0	0	0	1	0.078	0.441	0.246	0.235	-0.035	-0.252	-0.123	0.629	1.039	"4"
"大致"	0	0	0	1	0.078	0.441	0.246	0.235	-0.035	-0.252	-0.123	0.629	1.039	"4"
"大赛"	0	1	0	0	0.078	0.441	0.246	0.235	-0.035	0.356	-0.123	-0.116	0.63	"2"
"大赢家"	0	0	1	0	0.078	0.441	0.246	0.235	-0.035	-0.252	0.609	-0.116	1.012	"3"
"天"	0	0	1	0	0.078	0.441	0.246	0.235	-0.035	-0.252	0.609	-0.116	1.012	"3"
"天幕"	0	1	0	0	0.078	0.441	0.246	0.235	-0.035	0.356	-0.123	-0.116	0.63	"2"
"天王"	0	0	1	0	0.078	0.441	0.246	0.235	-0.035	-0.252	0.609	-0.116	1.012	"3"
"太阳队"	0	0	1	0	0.078	0.441	0.246	0.235	-0.035	-0.252	0.609	-0.116	1.012	"3"
"夫妻"	0	1	0	0	0.078	0.441	0.246	0.235	-0.035	0.356	-0.123	-0.116	0.63	"2"
"失之"	0	0	1	0	0.078	0.441	0.246	0.235	-0.035	-0.252	0.609	-0.116	1.012	"3"
"失真"	0	0	1	0	0.078	0.441	0.246	0.235	-0.035	-0.252	0.609	-0.116	1.012	"3"
"失败"	0	0	0	1	0.078	0.441	0.246	0.235	-0.035	-0.252	-0.123	0.629	1.039	"4"
"头奖"	0	1	0	1	0.157	0.882	0.492	0.469	-0.071	0.163	-0.245	0.383	0.862	"4"
"夺得"	0	4	0	0	0.314	1.763	0.984	0.939	-0.142	1.423	-0.49	-0.465	2.52	"2"
"夺标"	0	4	0	0	0.314	1.763	0.984	0.939	-0.142	1.423	-0.49	-0.465	2.52	"2"
"奇特"	0	0	1	0	0.078	0.441	0.246	0.235	-0.035	-0.252	0.609	-0.116	1.012	"3"
"奖"	0	3	16	2	1.648	9.258	5.165	4.93	-0.745	-2.399	6.008	-1.005	10.157	"3"
"奖励"	0	1	1	9	0.863	4.849	2.705	2.582	-0.39	-1.792	-0.687	4.13	6.999	"4"
"奖励金"	0	3	0	0	0.235	1.323	0.738	0.704	-0.106	1.067	-0.368	-0.349	1.89	"2"
"奖品"	0	3	0	14	1.334	7.494	4.181	3.991	-0.603	-1.656	-2.084	6.301	10.644	"4"
"奖学金"	0	0	0	1	0.078	0.441	0.246	0.235	-0.035	-0.252	-0.123	0.629	1.039	"4"
"奖杯"	0	4	0	0	0.314	1.763	0.984	0.939	-0.142	1.423	-0.49	-0.465	2.52	"2"
"奖牌"	0	1	0	2	0.235	1.323	0.738	0.704	-0.106	-0.23	-0.368	0.856	1.56	"4"
"奖状"	0	1	1	0	0.157	0.882	0.492	0.469	-0.071	0.163	0.365	-0.232	0.831	"3"
"奖盃"	0	2	2	0	0.314	1.763	0.984	0.939	-0.142	0.226	0.594	-0.465	1.427	"3"
"奖章"	0	4	0	1	0.392	2.204	1.23	1.174	-0.177	0.913	-0.613	-0.177	1.88	"2"
"奖金"	11	31	1	7	3.923	22.042	12.298	11.737	2.836	2.088	-4.892	-1.135	10.951	"3"
"奖项"	0	1	12	0	1.02	5.731	3.197	3.052	-0.461	-2.231	6.308	-1.511	10.511	"3"
"套"	0	0	0	1	0.078	0.441	0.246	0.235	-0.035	-0.252	-0.123	0.629	1.039	"4"
"套装"	0	0	0	1	0.078	0.441	0.246	0.235	-0.035	-0.252	-0.123	0.629	1.039	"4"
"奥斯卡"	0	0	2	0	0.157	0.882	0.492	0.469	-0.071	-0.505	1.218	-0.232	2.026	"3"
"女"	0	0	5	0	0.392	2.204	1.23	1.174	-0.177	-1.262	3.046	-0.581	5.066	"3"
"女排"	0	1	0	0	0.078	0.441	0.246	0.235	-0.035	0.356	-0.123	-0.116	0.63	"2"
"好"	0	0	0	1	0.078	0.441	0.246	0.235	-0.035	-0.252	-0.123	0.629	1.039	"4"
"好了"	0	1	0	0	0.078	0.441	0.246	0.235	-0.035	0.356	-0.123	-0.116	0.63	"2"
"好多"	0	0	0	1	0.078	0.441	0.246	0.235	-0.035	-0.252	-0.123	0.629	1.039	"4"
"好好"	0	1	0	0	0.078	0.441	0.246	0.235	-0.035	0.356	-0.123	-0.116	0.63	"2"
"如下"	0	0	3	0	0.235	1.323	0.738	0.704	-0.106	-0.757	1.827	-0.349	3.039	"3"
"委"	0	0	1	0	0.078	0.441	0.246	0.235	-0.035	-0.252	0.609	-0.116	1.012	"3"
"姚明"	0	1	0	0	0.078	0.441	0.246	0.235	-0.035	0.356	-0.123	-0.116	0.63	"2"
"姿"	0	0	1	0	0.078	0.441	0.246	0.235	-0.035	-0.252	0.609	-0.116	1.012	"3"
"媒"	0	0	1	0	0.078	0.441	0.246	0.235	-0.035	-0.252	0.609	-0.116	1.012	"3"
"孙燕"	0	0	1	0	0.078	0.441	0.246	0.235	-0.035	-0.252	0.609	-0.116	1.012	"3"
"季军"	0	2	0	0	0.157	0.882	0.492	0.469	-0.071	0.711	-0.245	-0.232	1.259	"2"
"学员"	0	1	0	0	0.078	0.441	0.246	0.235	-0.035	0.356	-0.123	-0.116	0.63	"2"
"学奖"	0	0	1	0	0.078	0.441	0.246	0.235	-0.035	-0.252	0.609	-0.116	1.012	"3"
"学术"	0	0	0	1	0.078	0.441	0.246	0.235	-0.035	-0.252	-0.123	0.629	1.039	"4"
"安井"	0	2	0	0	0.157	0.882	0.492	0.469	-0.071	0.711	-0.245	-0.232	1.259	"2"
"定为"	0	1	0	0	0.078	0.441	0.246	0.235	-0.035	0.356	-0.123	-0.116	0.63	"2"
"实力"	0	0	1	0	0.078	0.441	0.246	0.235	-0.035	-0.252	0.609	-0.116	1.012	"3"
"宣佈"	0	0	2	0	0.157	0.882	0.492	0.469	-0.071	-0.505	1.218	-0.232	2.026	"3"
"家具"	0	0	0	1	0.078	0.441	0.246	0.235	-0.035	-0.252	-0.123	0.629	1.039	"4"
"宾客"	0	0	0	1	0.078	0.441	0.246	0.235	-0.035	-0.252	-0.123	0.629	1.039	"4"
"宾斯尼亚"	0	0	1	0	0.078	0.441	0.246	0.235	-0.035	-0.252	0.609	-0.116	1.012	"3"
"密歇根"	0	1	0	0	0.078	0.441	0.246	0.235	-0.035	0.356	-0.123	-0.116	0.63	"2"
"富"	0	0	0	1	0.078	0.441	0.246	0.235	-0.035	-0.252	-0.123	0.629	1.039	"4"
"富士"	0	0	0	1	0.078	0.441	0.246	0.235	-0.035	-0.252	-0.123	0.629	1.039	"4"
"对像"	0	0	1	0	0.078	0.441	0.246	0.235	-0.035	-0.252	0.609	-0.116	1.012	"3"
"对奖"	0	1	0	0	0.078	0.441	0.246	0.235	-0.035	0.356	-0.123	-0.116	0.63	"2"
"导因"	0	0	0	1	0.078	0.441	0.246	0.235	-0.035	-0.252	-0.123	0.629	1.039	"4"
"导演"	0	0	2	0	0.157	0.882	0.492	0.469	-0.071	-0.505	1.218	-0.232	2.026	"3"
"将要"	0	1	0	0	0.078	0.441	0.246	0.235	-0.035	0.356	-0.123	-0.116	0.63	"2"
"小姐"	0	0	2	0	0.157	0.882	0.492	0.469	-0.071	-0.505	1.218	-0.232	2.026	"3"
"居"	0	3	0	0	0.235	1.323	0.738	0.704	-0.106	1.067	-0.368	-0.349	1.89	"2"
"届"	0	1	6	0	0.549	3.086	1.722	1.643	-0.248	-0.953	2.913	-0.813	4.927	"3"
"届时"	0	0	2	0	0.157	0.882	0.492	0.469	-0.071	-0.505	1.218	-0.232	2.026	"3"
"展"	0	0	1	0	0.078	0.441	0.246	0.235	-0.035	-0.252	0.609	-0.116	1.012	"3"
"属于"	0	0	2	0	0.157	0.882	0.492	0.469	-0.071	-0.505	1.218	-0.232	2.026	"3"
"山地车"	0	0	0	1	0.078	0.441	0.246	0.235	-0.035	-0.252	-0.123	0.629	1.039	"4"
"巡回赛"	0	8	0	0	0.628	3.527	1.968	1.878	-0.284	2.846	-0.981	-0.93	5.041	"2"
"工"	1	0	0	1	0.157	0.882	0.492	0.469	0.822	-0.505	-0.245	0.383	1.955	"1"
"工作"	0	0	0	3	0.235	1.323	0.738	0.704	-0.106	-0.757	-0.368	1.888	3.119	"4"
"工程款"	3	0	0	0	0.235	1.323	0.738	0.704	3.316	-0.757	-0.368	-0.349	4.79	"1"
"工资"	0	0	0	6	0.471	2.645	1.476	1.408	-0.213	-1.515	-0.736	3.776	6.24	"4"
"巨额"	0	0	0	2	0.157	0.882	0.492	0.469	-0.071	-0.505	-0.245	1.259	2.08	"4"
"差强人意"	1	0	0	0	0.078	0.441	0.246	0.235	1.105	-0.252	-0.123	-0.116	1.596	"1"
"巴灿"	0	1	0	0	0.078	0.441	0.246	0.235	-0.035	0.356	-0.123	-0.116	0.63	"2"
"币"	0	3	0	0	0.235	1.323	0.738	0.704	-0.106	1.067	-0.368	-0.349	1.89	"2"
"布鲁金"	0	0	1	0	0.078	0.441	0.246	0.235	-0.035	-0.252	0.609	-0.116	1.012	"3"
"常年"	0	0	0	1	0.078	0.441	0.246	0.235	-0.035	-0.252	-0.123	0.629	1.039	"4"
"帽子"	0	0	0	1	0.078	0.441	0.246	0.235	-0.035	-0.252	-0.123	0.629	1.039	"4"
"幕"	0	0	1	0	0.078	0.441	0.246	0.235	-0.035	-0.252	0.609	-0.116	1.012	"3"
"平均"	0	0	0	2	0.157	0.882	0.492	0.469	-0.071	-0.505	-0.245	1.259	2.08	"4"
"年关"	2	0	0	0	0.157	0.882	0.492	0.469	2.211	-0.505	-0.245	-0.232	3.193	"1"
"年头"	0	0	1	0	0.078	0.441	0.246	0.235	-0.035	-0.252	0.609	-0.116	1.012	"3"
"年度"	0	2	1	1	0.314	1.763	0.984	0.939	-0.142	0.226	0.17	0.182	0.72	"2"
"年终"	40	0	0	0	3.138	17.634	9.838	9.39	44.215	-10.099	-4.904	-4.648	63.866	"1"
"年终奖"	1	0	0	0	0.078	0.441	0.246	0.235	1.105	-0.252	-0.123	-0.116	1.596	"1"
"年节"	1	0	0	0	0.078	0.441	0.246	0.235	1.105	-0.252	-0.123	-0.116	1.596	"1"
"幸运"	0	1	1	6	0.628	3.527	1.968	1.878	-0.284	-1.156	-0.423	2.524	4.387	"4"
"幸运儿"	0	1	0	0	0.078	0.441	0.246	0.235	-0.035	0.356	-0.123	-0.116	0.63	"2"
"幸运奖"	0	6	0	0	0.471	2.645	1.476	1.408	-0.213	2.134	-0.736	-0.697	3.78	"2"
"广东歌"	0	1	0	0	0.078	0.441	0.246	0.235	-0.035	0.356	-0.123	-0.116	0.63	"2"
"广播"	0	0	1	1	0.157	0.882	0.492	0.469	-0.071	-0.505	0.365	0.383	1.324	"2"
"庆功宴"	0	2	0	0	0.157	0.882	0.492	0.469	-0.071	0.711	-0.245	-0.232	1.259	"2"
"应付"	0	0	0	1	0.078	0.441	0.246	0.235	-0.035	-0.252	-0.123	0.629	1.039	"4"
"座"	0	1	1	0	0.157	0.882	0.492	0.469	-0.071	0.163	0.365	-0.232	0.831	"3"
"康城"	0	0	1	0	0.078	0.441	0.246	0.235	-0.035	-0.252	0.609	-0.116	1.012	"3"
"廖正井"	0	1	0	0	0.078	0.441	0.246	0.235	-0.035	0.356	-0.123	-0.116	0.63	"2"
"延至"	0	1	0	0	0.078	0.441	0.246	0.235	-0.035	0.356	-0.123	-0.116	0.63	"2"
"建筑界"	0	0	1	0	0.078	0.441	0.246	0.235	-0.035	-0.252	0.609	-0.116	1.012	"3"
"开赛"	0	1	0	0	0.078	0.441	0.246	0.235	-0.035	0.356	-0.123	-0.116	0.63	"2"
"开销"	1	0	0	1	0.157	0.882	0.492	0.469	0.822	-0.505	-0.245	0.383	1.955	"1"
"张"	0	0	1	1	0.157	0.882	0.492	0.469	-0.071	-0.505	0.365	0.383	1.324	"2"
"张德培"	0	1	0	0	0.078	0.441	0.246	0.235	-0.035	0.356	-0.123	-0.116	0.63	"2"
"张志勇"	0	1	0	0	0.078	0.441	0.246	0.235	-0.035	0.356	-0.123	-0.116	0.63	"2"
"张曼玉"	0	0	2	0	0.157	0.882	0.492	0.469	-0.071	-0.505	1.218	-0.232	2.026	"3"
"张泽鹏"	0	1	0	0	0.078	0.441	0.246	0.235	-0.035	0.356	-0.123	-0.116	0.63	"2"
"当做"	0	1	0	0	0.078	0.441	0.246	0.235	-0.035	0.356	-0.123	-0.116	0.63	"2"
"当场"	0	0	0	1	0.078	0.441	0.246	0.235	-0.035	-0.252	-0.123	0.629	1.039	"4"
"当选"	0	0	1	0	0.078	0.441	0.246	0.235	-0.035	-0.252	0.609	-0.116	1.012	"3"
"彩"	0	0	0	1	0.078	0.441	0.246	0.235	-0.035	-0.252	-0.123	0.629	1.039	"4"
"彩券"	0	4	2	0	0.471	2.645	1.476	1.408	-0.213	0.619	0.341	-0.697	1.87	"4"
"彩票"	0	2	0	0	0.157	0.882	0.492	0.469	-0.071	0.711	-0.245	-0.232	1.259	"2"
"影展"	0	0	2	0	0.157	0.882	0.492	0.469	-0.071	-0.505	1.218	-0.232	2.026	"3"
"影星"	0	0	2	0	0.157	0.882	0.492	0.469	-0.071	-0.505	1.218	-0.232	2.026	"3"
"影片"	0	0	3	0	0.235	1.323	0.738	0.704	-0.106	-0.757	1.827	-0.349	3.039	"3"
"往年"	1	0	0	0	0.078	0.441	0.246	0.235	1.105	-0.252	-0.123	-0.116	1.596	"1"
"征求"	0	0	0	1	0.078	0.441	0.246	0.235	-0.035	-0.252	-0.123	0.629	1.039	"4"
"待"	0	0	0	1	0.078	0.441	0.246	0.235	-0.035	-0.252	-0.123	0.629	1.039	"4"
"得"	2	11	7	3	1.804	10.139	5.657	5.399	0.261	0.36	0.482	-0.753	1.856	"4"
"得主"	0	3	3	0	0.471	2.645	1.476	1.408	-0.213	0.268	0.788	-0.697	1.966	"3"
"得了"	0	0	0	1	0.078	0.441	0.246	0.235	-0.035	-0.252	-0.123	0.629	1.039	"4"
"得到"	0	8	1	1	0.785	4.408	2.46	2.347	-0.355	1.622	-0.596	-0.553	3.126	"2"
"得奖"	0	2	2	0	0.314	1.763	0.984	0.939	-0.142	0.226	0.594	-0.465	1.427	"3"
"得奖者"	0	0	0	1	0.078	0.441	0.246	0.235	-0.035	-0.252	-0.123	0.629	1.039	"4"
"志"	0	0	1	0	0.078	0.441	0.246	0.235	-0.035	-0.252	0.609	-0.116	1.012	"3"
"忙着"	0	0	1	0	0.078	0.441	0.246	0.235	-0.035	-0.252	0.609	-0.116	1.012	"3"
"总"	0	1	0	0	0.078	0.441	0.246	0.235	-0.035	0.356	-0.123	-0.116	0.63	"2"
"总值"	0	1	0	5	0.471	2.645	1.476	1.408	-0.213	-0.757	-0.736	2.463	4.169	"4"
"总冠军赛"	0	0	1	0	0.078	0.441	0.246	0.235	-0.035	-0.252	0.609	-0.116	1.012	"3"
"总奖金"	0	1	0	0	0.078	0.441	0.246	0.235	-0.035	0.356	-0.123	-0.116	0.63	"2"
"总得"	0	1	0	0	0.078	0.441	0.246	0.235	-0.035	0.356	-0.123	-0.116	0.63	"2"
"总数"	0	2	0	0	0.157	0.882	0.492	0.469	-0.071	0.711	-0.245	-0.232	1.259	"2"
"总队"	0	0	0	1	0.078	0.441	0.246	0.235	-0.035	-0.252	-0.123	0.629	1.039	"4"
"总额"	0	3	0	1	0.314	1.763	0.984	0.939	-0.142	0.639	-0.49	0.182	1.453	"2"
"恢"	0	0	1	0	0.078	0.441	0.246	0.235	-0.035	-0.252	0.609	-0.116	1.012	"3"
"恢复"	0	0	4	0	0.314	1.763	0.984	0.939	-0.142	-1.01	2.437	-0.465	4.054	"3"
"恶性"	0	0	1	0	0.078	0.441	0.246	0.235	-0.035	-0.252	0.609	-0.116	1.012	"3"
"悉尼奥运会"	0	1	0	1	0.157	0.882	0.492	0.469	-0.071	0.163	-0.245	0.383	0.862	"4"
"悬赏"	0	1	0	0	0.078	0.441	0.246	0.235	-0.035	0.356	-0.123	-0.116	0.63	"2"
"惊人"	0	1	0	0	0.078	0.441	0.246	0.235	-0.035	0.356	-0.123	-0.116	0.63	"2"
"意义"	0	0	1	0	0.078	0.441	0.246	0.235	-0.035	-0.252	0.609	-0.116	1.012	"3"
"成为"	0	0	3	0	0.235	1.323	0.738	0.704	-0.106	-0.757	1.827	-0.349	3.039	"3"
"或是"	0	0	1	0	0.078	0.441	0.246	0.235	-0.035	-0.252	0.609	-0.116	1.012	"3"
"或许"	0	1	0	0	0.078	0.441	0.246	0.235	-0.035	0.356	-0.123	-0.116	0.63	"2"
"战平"	0	1	0	0	0.078	0.441	0.246	0.235	-0.035	0.356	-0.123	-0.116	0.63	"2"
"战绩"	0	1	0	0	0.078	0.441	0.246	0.235	-0.035	0.356	-0.123	-0.116	0.63	"2"
"截止"	0	1	1	0	0.157	0.882	0.492	0.469	-0.071	0.163	0.365	-0.232	0.831	"3"
"截止日"	0	0	0	2	0.157	0.882	0.492	0.469	-0.071	-0.505	-0.245	1.259	2.08	"4"
"所得"	0	1	0	0	0.078	0.441	0.246	0.235	-0.035	0.356	-0.123	-0.116	0.63	"2"
"所有"	1	0	0	4	0.392	2.204	1.23	1.174	0.474	-1.262	-0.613	1.909	4.258	"4"
"手"	0	2	1	0	0.235	1.323	0.738	0.704	-0.106	0.385	0.243	-0.349	1.083	"2"
"才能"	0	0	0	1	0.078	0.441	0.246	0.235	-0.035	-0.252	-0.123	0.629	1.039	"4"
"打破"	0	0	1	0	0.078	0.441	0.246	0.235	-0.035	-0.252	0.609	-0.116	1.012	"3"
"扣"	0	0	0	1	0.078	0.441	0.246	0.235	-0.035	-0.252	-0.123	0.629	1.039	"4"
"扣除"	0	1	0	0	0.078	0.441	0.246	0.235	-0.035	0.356	-0.123	-0.116	0.63	"2"
"扬威"	0	1	0	0	0.078	0.441	0.246	0.235	-0.035	0.356	-0.123	-0.116	0.63	"2"
"技术科"	0	0	1	0	0.078	0.441	0.246	0.235	-0.035	-0.252	0.609	-0.116	1.012	"3"
"投注站"	0	1	0	0	0.078	0.441	0.246	0.235	-0.035	0.356	-0.123	-0.116	0.63	"2"
"抢镜头"	0	1	0	0	0.078	0.441	0.246	0.235	-0.035	0.356	-0.123	-0.116	0.63	"2"
"报名"	0	0	0	1	0.078	0.441	0.246	0.235	-0.035	-0.252	-0.123	0.629	1.039	"4"
"披索"	0	1	0	0	0.078	0.441	0.246	0.235	-0.035	0.356	-0.123	-0.116	0.63	"2"
"抵"	0	0	0	1	0.078	0.441	0.246	0.235	-0.035	-0.252	-0.123	0.629	1.039	"4"
"抽奖"	0	3	0	18	1.648	9.258	5.165	4.93	-0.745	-2.399	-2.575	8.533	14.252	"4"
"担心"	1	0	0	0	0.078	0.441	0.246	0.235	1.105	-0.252	-0.123	-0.116	1.596	"1"
"担忧"	1	0	0	0	0.078	0.441	0.246	0.235	1.105	-0.252	-0.123	-0.116	1.596	"1"
"拉佩蒂"	0	1	0	0	0.078	0.441	0.246	0.235	-0.035	0.356	-0.123	-0.116	0.63	"2"
"拉斯维加斯"	0	1	0	0	0.078	0.441	0.246	0.235	-0.035	0.356	-0.123	-0.116	0.63	"2"
"拚命"	0	0	0	1	0.078	0.441	0.246	0.235	-0.035	-0.252	-0.123	0.629	1.039	"4"
"拨出"	0	0	0	1	0.078	0.441	0.246	0.235	-0.035	-0.252	-0.123	0.629	1.039	"4"
"拳击"	0	1	0	0	0.078	0.441	0.246	0.235	-0.035	0.356	-0.123	-0.116	0.63	"2"
"拼"	0	1	0	0	0.078	0.441	0.246	0.235	-0.035	0.356	-0.123	-0.116	0.63	"2"
"拿"	0	1	0	1	0.157	0.882	0.492	0.469	-0.071	0.163	-0.245	0.383	0.862	"4"
"拿下"	0	2	3	0	0.392	2.204	1.23	1.174	-0.177	-0.215	1.003	-0.581	1.976	"3"
"拿不到"	0	0	0	2	0.157	0.882	0.492	0.469	-0.071	-0.505	-0.245	1.259	2.08	"4"
"拿出"	0	0	1	0	0.078	0.441	0.246	0.235	-0.035	-0.252	0.609	-0.116	1.012	"3"
"拿到"	3	2	0	0	0.392	2.204	1.23	1.174	2.369	-0.215	-0.613	-0.581	3.778	"1"
"挂钩"	0	0	0	3	0.235	1.323	0.738	0.704	-0.106	-0.757	-0.368	1.888	3.119	"4"
"按"	0	3	0	0	0.235	1.323	0.738	0.704	-0.106	1.067	-0.368	-0.349	1.89	"2"
"挑战"	0	1	0	0	0.078	0.441	0.246	0.235	-0.035	0.356	-0.123	-0.116	0.63	"2"
"挑战赛"	0	1	0	0	0.078	0.441	0.246	0.235	-0.035	0.356	-0.123	-0.116	0.63	"2"
"挑选"	0	0	1	0	0.078	0.441	0.246	0.235	-0.035	-0.252	0.609	-0.116	1.012	"3"
"挤下"	0	1	0	0	0.078	0.441	0.246	0.235	-0.035	0.356	-0.123	-0.116	0.63	"2"
"捐助"	0	0	1	0	0.078	0.441	0.246	0.235	-0.035	-0.252	0.609	-0.116	1.012	"3"
"捐给"	0	0	1	1	0.157	0.882	0.492	0.469	-0.071	-0.505	0.365	0.383	1.324	"2"
"换成"	0	1	0	0	0.078	0.441	0.246	0.235	-0.035	0.356	-0.123	-0.116	0.63	"2"
"捧"	0	0	1	0	0.078	0.441	0.246	0.235	-0.035	-0.252	0.609	-0.116	1.012	"3"
"捷运"	0	0	0	2	0.157	0.882	0.492	0.469	-0.071	-0.505	-0.245	1.259	2.08	"4"
"授予"	0	0	1	0	0.078	0.441	0.246	0.235	-0.035	-0.252	0.609	-0.116	1.012	"3"
"排名"	1	6	1	0	0.628	3.527	1.968	1.878	0.319	1.096	-0.423	-0.93	2.768	"2"
"排名榜"	0	5	0	0	0.392	2.204	1.23	1.174	-0.177	1.779	-0.613	-0.581	3.15	"2"
"排行榜"	0	2	0	0	0.157	0.882	0.492	0.469	-0.071	0.711	-0.245	-0.232	1.259	"2"
"接下"	0	0	1	0	0.078	0.441	0.246	0.235	-0.035	-0.252	0.609	-0.116	1.012	"3"
"接过"	0	1	1	0	0.157	0.882	0.492	0.469	-0.071	0.163	0.365	-0.232	0.831	"3"
"提供"	0	0	0	2	0.157	0.882	0.492	0.469	-0.071	-0.505	-0.245	1.259	2.08	"4"
"提供给"	0	0	0	1	0.078	0.441	0.246	0.235	-0.035	-0.252	-0.123	0.629	1.039	"4"
"提列"	1	0	0	0	0.078	0.441	0.246	0.235	1.105	-0.252	-0.123	-0.116	1.596	"1"
"提取"	0	1	0	0	0.078	0.441	0.246	0.235	-0.035	0.356	-0.123	-0.116	0.63	"2"
"提名"	0	0	1	0	0.078	0.441	0.246	0.235	-0.035	-0.252	0.609	-0.116	1.012	"3"
"提拨"	1	0	0	0	0.078	0.441	0.246	0.235	1.105	-0.252	-0.123	-0.116	1.596	"1"
"提早"	0	0	1	0	0.078	0.441	0.246	0.235	-0.035	-0.252	0.609	-0.116	1.012	"3"
"提高"	0	3	0	1	0.314	1.763	0.984	0.939	-0.142	0.639	-0.49	0.182	1.453	"2"
"提高到"	0	1	0	0	0.078	0.441	0.246	0.235	-0.035	0.356	-0.123	-0.116	0.63	"2"
"插曲"	0	0	1	0	0.078	0.441	0.246	0.235	-0.035	-0.252	0.609	-0.116	1.012	"3"
"揭晓"	0	0	1	0	0.078	0.441	0.246	0.235	-0.035	-0.252	0.609	-0.116	1.012	"3"
"搭"	0	1	0	0	0.078	0.441	0.246	0.235	-0.035	0.356	-0.123	-0.116	0.63	"2"
"摄影"	0	0	1	0	0.078	0.441	0.246	0.235	-0.035	-0.252	0.609	-0.116	1.012	"3"
"摸彩"	0	0	0	3	0.235	1.323	0.738	0.704	-0.106	-0.757	-0.368	1.888	3.119	"4"
"撞球"	0	1	0	0	0.078	0.441	0.246	0.235	-0.035	0.356	-0.123	-0.116	0.63	"2"
"播放机"	0	0	0	1	0.078	0.441	0.246	0.235	-0.035	-0.252	-0.123	0.629	1.039	"4"
"支"	0	0	0	1	0.078	0.441	0.246	0.235	-0.035	-0.252	-0.123	0.629	1.039	"4"
"支付"	0	2	0	3	0.392	2.204	1.23	1.174	-0.177	-0.215	-0.613	1.055	2.06	"4"
"支出"	2	0	0	0	0.157	0.882	0.492	0.469	2.211	-0.505	-0.245	-0.232	3.193	"1"
"支应"	0	1	0	0	0.078	0.441	0.246	0.235	-0.035	0.356	-0.123	-0.116	0.63	"2"
"收入"	0	4	0	1	0.392	2.204	1.23	1.174	-0.177	0.913	-0.613	-0.177	1.88	"2"
"收回"	0	0	0	1	0.078	0.441	0.246	0.235	-0.035	-0.252	-0.123	0.629	1.039	"4"
"收注"	0	0	0	1	0.078	0.441	0.246	0.235	-0.035	-0.252	-0.123	0.629	1.039	"4"
"收益"	0	0	1	0	0.078	0.441	0.246	0.235	-0.035	-0.252	0.609	-0.116	1.012	"3"
"收益型"	1	0	0	0	0.078	0.441	0.246	0.235	1.105	-0.252	-0.123	-0.116	1.596	"1"
"收视"	0	0	0	2	0.157	0.882	0.492	0.469	-0.071	-0.505	-0.245	1.259	2.08	"4"
"教师"	0	1	0	1	0.157	0.882	0.492	0.469	-0.071	0.163	-0.245	0.383	0.862	"4"
"教练"	0	2	3	0	0.392	2.204	1.23	1.174	-0.177	-0.215	1.003	-0.581	1.976	"3"
"数"	0	2	0	0	0.157	0.882	0.492	0.469	-0.071	0.711	-0.245	-0.232	1.259	"2"
"数位"	0	0	0	2	0.157	0.882	0.492	0.469	-0.071	-0.505	-0.245	1.259	2.08	"4"
"数十万"	0	0	0	1	0.078	0.441	0.246	0.235	-0.035	-0.252	-0.123	0.629	1.039	"4"
"数码"	0	0	1	1	0.157	0.882	0.492	0.469	-0.071	-0.505	0.365	0.383	1.324	"2"
"整"	0	0	1	0	0.078	0.441	0.246	0.235	-0.035	-0.252	0.609	-0.116	1.012	"3"
"整体"	0	0	1	0	0.078	0.441	0.246	0.235	-0.035	-0.252	0.609	-0.116	1.012	"3"
"文化奖"	0	0	0	1	0.078	0.441	0.246	0.235	-0.035	-0.252	-0.123	0.629	1.039	"4"
"文学"	0	0	2	1	0.235	1.323	0.738	0.704	-0.106	-0.757	0.819	0.258	1.94	"3"
"文学奖"	0	0	2	0	0.157	0.882	0.492	0.469	-0.071	-0.505	1.218	-0.232	2.026	"3"
"文艺类"	0	0	1	0	0.078	0.441	0.246	0.235	-0.035	-0.252	0.609	-0.116	1.012	"3"
"斯哈肯"	0	1	0	0	0.078	0.441	0.246	0.235	-0.035	0.356	-0.123	-0.116	0.63	"2"
"斯图加"	0	1	0	0	0.078	0.441	0.246	0.235	-0.035	0.356	-0.123	-0.116	0.63	"2"
"新元"	0	2	0	0	0.157	0.882	0.492	0.469	-0.071	0.711	-0.245	-0.232	1.259	"2"
"新台"	0	3	0	0	0.235	1.323	0.738	0.704	-0.106	1.067	-0.368	-0.349	1.89	"2"
"新台币"	1	11	1	1	1.098	6.172	3.443	3.286	-0.156	2.022	-0.971	-0.903	4.052	"2"
"新巴"	0	1	0	0	0.078	0.441	0.246	0.235	-0.035	0.356	-0.123	-0.116	0.63	"2"
"新生"	0	0	2	0	0.157	0.882	0.492	0.469	-0.071	-0.505	1.218	-0.232	2.026	"3"
"新联赛"	0	1	0	0	0.078	0.441	0.246	0.235	-0.035	0.356	-0.123	-0.116	0.63	"2"
"新闻局"	0	0	1	0	0.078	0.441	0.246	0.235	-0.035	-0.252	0.609	-0.116	1.012	"3"
"旅客"	0	0	0	2	0.157	0.882	0.492	0.469	-0.071	-0.505	-0.245	1.259	2.08	"4"
"无论"	0	1	1	1	0.235	1.323	0.738	0.704	-0.106	-0.23	0.243	0.258	0.837	"4"
"日元"	0	3	0	0	0.235	1.323	0.738	0.704	-0.106	1.067	-0.368	-0.349	1.89	"2"
"日月潭"	0	0	0	1	0.078	0.441	0.246	0.235	-0.035	-0.252	-0.123	0.629	1.039	"4"
"旨"	0	0	0	1	0.078	0.441	0.246	0.235	-0.035	-0.252	-0.123	0.629	1.039	"4"
"星期一"	0	0	0	1	0.078	0.441	0.246	0.235	-0.035	-0.252	-0.123	0.629	1.039	"4"
"星期天"	0	0	1	0	0.078	0.441	0.246	0.235	-0.035	-0.252	0.609	-0.116	1.012	"3"
"春节"	3	0	0	2	0.392	2.204	1.23	1.174	2.369	-1.262	-0.613	0.475	4.719	"1"
"晋级"	0	1	0	0	0.078	0.441	0.246	0.235	-0.035	0.356	-0.123	-0.116	0.63	"2"
"晚会"	0	0	0	1	0.078	0.441	0.246	0.235	-0.035	-0.252	-0.123	0.629	1.039	"4"
"普威"	0	0	0	1	0.078	0.441	0.246	0.235	-0.035	-0.252	-0.123	0.629	1.039	"4"
"景气"	2	0	0	0	0.157	0.882	0.492	0.469	2.211	-0.505	-0.245	-0.232	3.193	"1"
"暂居"	0	1	0	0	0.078	0.441	0.246	0.235	-0.035	0.356	-0.123	-0.116	0.63	"2"
"暨"	0	0	1	0	0.078	0.441	0.246	0.235	-0.035	-0.252	0.609	-0.116	1.012	"3"
"曾经"	0	0	0	1	0.078	0.441	0.246	0.235	-0.035	-0.252	-0.123	0.629	1.039	"4"
"最"	0	0	20	1	1.648	9.258	5.165	4.93	-0.745	-5.302	10.977	-1.568	18.592	"3"
"最佳"	0	0	28	0	2.197	12.344	6.887	6.573	-0.994	-7.069	17.056	-3.253	28.372	"3"
"最多"	0	1	1	1	0.235	1.323	0.738	0.704	-0.106	-0.23	0.243	0.258	0.837	"4"
"月"	10	1	0	4	1.177	6.613	3.689	3.521	7.737	-2.679	-1.839	0.316	12.571	"1"
"月份"	0	1	0	1	0.157	0.882	0.492	0.469	-0.071	0.163	-0.245	0.383	0.862	"4"
"月薪"	1	0	0	0	0.078	0.441	0.246	0.235	1.105	-0.252	-0.123	-0.116	1.596	"1"
"月薪水"	0	0	0	1	0.078	0.441	0.246	0.235	-0.035	-0.252	-0.123	0.629	1.039	"4"
"月饼"	0	0	0	4	0.314	1.763	0.984	0.939	-0.142	-1.01	-0.49	2.518	4.16	"4"
"有史以来"	0	1	0	0	0.078	0.441	0.246	0.235	-0.035	0.356	-0.123	-0.116	0.63	"2"
"有得"	0	0	1	0	0.078	0.441	0.246	0.235	-0.035	-0.252	0.609	-0.116	1.012	"3"
"有意"	0	0	0	1	0.078	0.441	0.246	0.235	-0.035	-0.252	-0.123	0.629	1.039	"4"
"有机"	0	0	0	1	0.078	0.441	0.246	0.235	-0.035	-0.252	-0.123	0.629	1.039	"4"
"有目共睹"	0	0	1	0	0.078	0.441	0.246	0.235	-0.035	-0.252	0.609	-0.116	1.012	"3"
"有着落"	1	0	0	1	0.157	0.882	0.492	0.469	0.822	-0.505	-0.245	0.383	1.955	"1"
"有罪"	0	1	0	0	0.078	0.441	0.246	0.235	-0.035	0.356	-0.123	-0.116	0.63	"2"
"有鑑于"	0	0	1	0	0.078	0.441	0.246	0.235	-0.035	-0.252	0.609	-0.116	1.012	"3"
"期"	0	0	0	1	0.078	0.441	0.246	0.235	-0.035	-0.252	-0.123	0.629	1.039	"4"
"末"	0	4	0	0	0.314	1.763	0.984	0.939	-0.142	1.423	-0.49	-0.465	2.52	"2"
"本地"	0	0	1	0	0.078	0.441	0.246	0.235	-0.035	-0.252	0.609	-0.116	1.012	"3"
"本次"	0	3	0	0	0.235	1.323	0.738	0.704	-0.106	1.067	-0.368	-0.349	1.89	"2"
"机"	0	1	0	0	0.078	0.441	0.246	0.235	-0.035	0.356	-0.123	-0.116	0.63	"2"
"机会"	0	1	0	5	0.471	2.645	1.476	1.408	-0.213	-0.757	-0.736	2.463	4.169	"4"
"权威"	0	0	2	0	0.157	0.882	0.492	0.469	-0.071	-0.505	1.218	-0.232	2.026	"3"
"杆"	0	2	0	0	0.157	0.882	0.492	0.469	-0.071	0.711	-0.245	-0.232	1.259	"2"
"李博仁"	0	0	0	1	0.078	0.441	0.246	0.235	-0.035	-0.252	-0.123	0.629	1.039	"4"
"李安"	0	0	1	0	0.078	0.441	0.246	0.235	-0.035	-0.252	0.609	-0.116	1.012	"3"
"李文汉"	0	1	0	0	0.078	0.441	0.246	0.235	-0.035	0.356	-0.123	-0.116	0.63	"2"
"李氏"	0	0	0	1	0.078	0.441	0.246	0.235	-0.035	-0.252	-0.123	0.629	1.039	"4"
"李迪文"	0	0	1	0	0.078	0.441	0.246	0.235	-0.035	-0.252	0.609	-0.116	1.012	"3"
"村里长"	7	0	0	0	0.549	3.086	1.722	1.643	7.738	-1.767	-0.858	-0.813	11.176	"1"
"村长"	1	0	0	0	0.078	0.441	0.246	0.235	1.105	-0.252	-0.123	-0.116	1.596	"1"
"杜兰蒂"	0	0	0	2	0.157	0.882	0.492	0.469	-0.071	-0.505	-0.245	1.259	2.08	"4"
"来自"	0	0	3	0	0.235	1.323	0.738	0.704	-0.106	-0.757	1.827	-0.349	3.039	"3"
"杨青矗"	0	0	1	0	0.078	0.441	0.246	0.235	-0.035	-0.252	0.609	-0.116	1.012	"3"
"杯赛"	0	1	0	0	0.078	0.441	0.246	0.235	-0.035	0.356	-0.123	-0.116	0.63	"2"
"杰出"	0	0	2	1	0.235	1.323	0.738	0.704	-0.106	-0.757	0.819	0.258	1.94	"3"
"极了"	0	0	1	0	0.078	0.441	0.246	0.235	-0.035	-0.252	0.609	-0.116	1.012	"3"
"林憬屏"	0	1	0	0	0.078	0.441	0.246	0.235	-0.035	0.356	-0.123	-0.116	0.63	"2"
"枚"	0	1	0	0	0.078	0.441	0.246	0.235	-0.035	0.356	-0.123	-0.116	0.63	"2"
"柏林"	0	0	1	0	0.078	0.441	0.246	0.235	-0.035	-0.252	0.609	-0.116	1.012	"3"
"查缉"	0	0	0	3	0.235	1.323	0.738	0.704	-0.106	-0.757	-0.368	1.888	3.119	"4"
"标"	1	0	0	1	0.157	0.882	0.492	0.469	0.822	-0.505	-0.245	0.383	1.955	"1"
"标兵奖"	0	0	1	0	0.078	0.441	0.246	0.235	-0.035	-0.252	0.609	-0.116	1.012	"3"
"核发"	0	0	0	2	0.157	0.882	0.492	0.469	-0.071	-0.505	-0.245	1.259	2.08	"4"
"格拉"	0	0	1	0	0.078	0.441	0.246	0.235	-0.035	-0.252	0.609	-0.116	1.012	"3"
"案件"	0	0	1	0	0.078	0.441	0.246	0.235	-0.035	-0.252	0.609	-0.116	1.012	"3"
"桌球赛"	0	1	0	0	0.078	0.441	0.246	0.235	-0.035	0.356	-0.123	-0.116	0.63	"2"
"桎梏"	0	0	1	0	0.078	0.441	0.246	0.235	-0.035	-0.252	0.609	-0.116	1.012	"3"
"桿"	0	3	0	0	0.235	1.323	0.738	0.704	-0.106	1.067	-0.368	-0.349	1.89	"2"
"桿弟"	0	0	0	1	0.078	0.441	0.246	0.235	-0.035	-0.252	-0.123	0.629	1.039	"4"
"梁朝伟"	0	0	1	0	0.078	0.441	0.246	0.235	-0.035	-0.252	0.609	-0.116	1.012	"3"
"梅瑞迪斯"	0	0	1	0	0.078	0.441	0.246	0.235	-0.035	-0.252	0.609	-0.116	1.012	"3"
"检"	0	0	0	1	0.078	0.441	0.246	0.235	-0.035	-0.252	-0.123	0.629	1.039	"4"
"检举"	0	1	0	5	0.471	2.645	1.476	1.408	-0.213	-0.757	-0.736	2.463	4.169	"4"
"检方"	0	0	0	1	0.078	0.441	0.246	0.235	-0.035	-0.252	-0.123	0.629	1.039	"4"
"棋手"	0	2	0	0	0.157	0.882	0.492	0.469	-0.071	0.711	-0.245	-0.232	1.259	"2"
"榜"	0	1	0	0	0.078	0.441	0.246	0.235	-0.035	0.356	-0.123	-0.116	0.63	"2"
"榜首"	0	2	0	0	0.157	0.882	0.492	0.469	-0.071	0.711	-0.245	-0.232	1.259	"2"
"槟城"	0	1	0	0	0.078	0.441	0.246	0.235	-0.035	0.356	-0.123	-0.116	0.63	"2"
"樊志勇"	0	1	0	0	0.078	0.441	0.246	0.235	-0.035	0.356	-0.123	-0.116	0.63	"2"
"次数"	0	0	1	0	0.078	0.441	0.246	0.235	-0.035	-0.252	0.609	-0.116	1.012	"3"
"欢迎"	0	0	1	1	0.157	0.882	0.492	0.469	-0.071	-0.505	0.365	0.383	1.324	"2"
"欢迎女"	0	0	1	0	0.078	0.441	0.246	0.235	-0.035	-0.252	0.609	-0.116	1.012	"3"
"欣赏"	0	0	1	0	0.078	0.441	0.246	0.235	-0.035	-0.252	0.609	-0.116	1.012	"3"
"欧元"	0	3	0	1	0.314	1.763	0.984	0.939	-0.142	0.639	-0.49	0.182	1.453	"2"
"欧克福"	0	0	1	0	0.078	0.441	0.246	0.235	-0.035	-0.252	0.609	-0.116	1.012	"3"
"欧巡赛"	0	1	0	0	0.078	0.441	0.246	0.235	-0.035	0.356	-0.123	-0.116	0.63	"2"
"欲"	0	0	0	1	0.078	0.441	0.246	0.235	-0.035	-0.252	-0.123	0.629	1.039	"4"
"歌唱"	0	1	0	0	0.078	0.441	0.246	0.235	-0.035	0.356	-0.123	-0.116	0.63	"2"
"歌手"	0	0	1	0	0.078	0.441	0.246	0.235	-0.035	-0.252	0.609	-0.116	1.012	"3"
"正好"	0	0	0	1	0.078	0.441	0.246	0.235	-0.035	-0.252	-0.123	0.629	1.039	"4"
"此"	0	0	2	0	0.157	0.882	0.492	0.469	-0.071	-0.505	1.218	-0.232	2.026	"3"
"此外"	0	0	0	2	0.157	0.882	0.492	0.469	-0.071	-0.505	-0.245	1.259	2.08	"4"
"此次"	0	1	0	0	0.078	0.441	0.246	0.235	-0.035	0.356	-0.123	-0.116	0.63	"2"
"死士"	0	2	0	0	0.157	0.882	0.492	0.469	-0.071	0.711	-0.245	-0.232	1.259	"2"
"残疾人"	0	0	1	0	0.078	0.441	0.246	0.235	-0.035	-0.252	0.609	-0.116	1.012	"3"
"残酷"	0	1	0	0	0.078	0.441	0.246	0.235	-0.035	0.356	-0.123	-0.116	0.63	"2"
"毋宁"	0	0	1	0	0.078	0.441	0.246	0.235	-0.035	-0.252	0.609	-0.116	1.012	"3"
"每"	0	0	5	0	0.392	2.204	1.23	1.174	-0.177	-1.262	3.046	-0.581	5.066	"3"
"比"	0	2	0	0	0.157	0.882	0.492	0.469	-0.071	0.711	-0.245	-0.232	1.259	"2"
"比华尔"	0	0	0	2	0.157	0.882	0.492	0.469	-0.071	-0.505	-0.245	1.259	2.08	"4"
"比数"	0	3	0	0	0.235	1.323	0.738	0.704	-0.106	1.067	-0.368	-0.349	1.89	"2"
"比照"	0	0	0	1	0.078	0.441	0.246	0.235	-0.035	-0.252	-0.123	0.629	1.039	"4"
"比赛"	0	23	6	4	2.589	14.548	8.116	7.747	-1.171	2.578	-0.579	-1.071	5.399	"2"
"比赛完"	0	0	0	1	0.078	0.441	0.246	0.235	-0.035	-0.252	-0.123	0.629	1.039	"4"
"求职"	0	0	0	1	0.078	0.441	0.246	0.235	-0.035	-0.252	-0.123	0.629	1.039	"4"
"江蕙"	0	1	0	0	0.078	0.441	0.246	0.235	-0.035	0.356	-0.123	-0.116	0.63	"2"
"汽车"	0	0	0	1	0.078	0.441	0.246	0.235	-0.035	-0.252	-0.123	0.629	1.039	"4"
"沈痛"	0	1	0	0	0.078	0.441	0.246	0.235	-0.035	0.356	-0.123	-0.116	0.63	"2"
"没"	0	3	0	0	0.235	1.323	0.738	0.704	-0.106	1.067	-0.368	-0.349	1.89	"2"
"沦为"	0	0	1	0	0.078	0.441	0.246	0.235	-0.035	-0.252	0.609	-0.116	1.012	"3"
"油品"	0	0	0	1	0.078	0.441	0.246	0.235	-0.035	-0.252	-0.123	0.629	1.039	"4"
"法兰西"	0	0	1	0	0.078	0.441	0.246	0.235	-0.035	-0.252	0.609	-0.116	1.012	"3"
"法郎"	0	1	0	0	0.078	0.441	0.246	0.235	-0.035	0.356	-0.123	-0.116	0.63	"2"
"泡沫化"	0	0	0	1	0.078	0.441	0.246	0.235	-0.035	-0.252	-0.123	0.629	1.039	"4"
"洞"	0	1	0	0	0.078	0.441	0.246	0.235	-0.035	0.356	-0.123	-0.116	0.63	"2"
"津贴"	1	0	0	0	0.078	0.441	0.246	0.235	1.105	-0.252	-0.123	-0.116	1.596	"1"
"活动"	0	2	0	3	0.392	2.204	1.23	1.174	-0.177	-0.215	-0.613	1.055	2.06	"4"
"测中"	0	2	0	0	0.157	0.882	0.492	0.469	-0.071	0.711	-0.245	-0.232	1.259	"2"
"浮动"	0	0	0	1	0.078	0.441	0.246	0.235	-0.035	-0.252	-0.123	0.629	1.039	"4"
"海内外"	0	0	1	0	0.078	0.441	0.246	0.235	-0.035	-0.252	0.609	-0.116	1.012	"3"
"海珊"	0	1	0	0	0.078	0.441	0.246	0.235	-0.035	0.356	-0.123	-0.116	0.63	"2"
"添购"	0	0	0	1	0.078	0.441	0.246	0.235	-0.035	-0.252	-0.123	0.629	1.039	"4"
"清闲"	1	0	0	0	0.078	0.441	0.246	0.235	1.105	-0.252	-0.123	-0.116	1.596	"1"
"港元"	0	1	0	1	0.157	0.882	0.492	0.469	-0.071	0.163	-0.245	0.383	0.862	"4"
"港星"	0	0	1	0	0.078	0.441	0.246	0.235	-0.035	-0.252	0.609	-0.116	1.012	"3"
"游戏"	0	3	0	5	0.628	3.527	1.968	1.878	-0.284	-0.302	-0.981	1.68	3.247	"4"
"漏列"	1	0	0	0	0.078	0.441	0.246	0.235	1.105	-0.252	-0.123	-0.116	1.596	"1"
"演员"	0	0	1	0	0.078	0.441	0.246	0.235	-0.035	-0.252	0.609	-0.116	1.012	"3"
"演员奖"	0	0	1	0	0.078	0.441	0.246	0.235	-0.035	-0.252	0.609	-0.116	1.012	"3"
"演唱"	0	0	1	0	0.078	0.441	0.246	0.235	-0.035	-0.252	0.609	-0.116	1.012	"3"
"演技"	0	0	2	0	0.157	0.882	0.492	0.469	-0.071	-0.505	1.218	-0.232	2.026	"3"
"澳"	0	0	0	1	0.078	0.441	0.246	0.235	-0.035	-0.252	-0.123	0.629	1.039	"4"
"灯笼"	0	1	0	1	0.157	0.882	0.492	0.469	-0.071	0.163	-0.245	0.383	0.862	"4"
"烫金"	0	0	0	1	0.078	0.441	0.246	0.235	-0.035	-0.252	-0.123	0.629	1.039	"4"
"热心"	0	1	0	0	0.078	0.441	0.246	0.235	-0.035	0.356	-0.123	-0.116	0.63	"2"
"热门"	0	0	1	0	0.078	0.441	0.246	0.235	-0.035	-0.252	0.609	-0.116	1.012	"3"
"照发"	0	1	0	0	0.078	0.441	0.246	0.235	-0.035	0.356	-0.123	-0.116	0.63	"2"
"爱心"	0	1	0	0	0.078	0.441	0.246	0.235	-0.035	0.356	-0.123	-0.116	0.63	"2"
"牛"	0	0	0	1	0.078	0.441	0.246	0.235	-0.035	-0.252	-0.123	0.629	1.039	"4"
"牧民"	0	1	0	0	0.078	0.441	0.246	0.235	-0.035	0.356	-0.123	-0.116	0.63	"2"
"特别奖"	0	1	2	0	0.235	1.323	0.738	0.704	-0.106	-0.23	0.819	-0.349	1.504	"3"
"特奖"	0	4	0	0	0.314	1.763	0.984	0.939	-0.142	1.423	-0.49	-0.465	2.52	"2"
"独"	0	0	1	1	0.157	0.882	0.492	0.469	-0.071	-0.505	0.365	0.383	1.324	"2"
"独得"	0	0	1	0	0.078	0.441	0.246	0.235	-0.035	-0.252	0.609	-0.116	1.012	"3"
"独揽"	0	0	1	0	0.078	0.441	0.246	0.235	-0.035	-0.252	0.609	-0.116	1.012	"3"
"独立创"	0	1	0	0	0.078	0.441	0.246	0.235	-0.035	0.356	-0.123	-0.116	0.63	"2"
"王令麟"	1	0	0	0	0.078	0.441	0.246	0.235	1.105	-0.252	-0.123	-0.116	1.596	"1"
"环保局"	0	0	0	2	0.157	0.882	0.492	0.469	-0.071	-0.505	-0.245	1.259	2.08	"4"
"现场"	0	0	0	2	0.157	0.882	0.492	0.469	-0.071	-0.505	-0.245	1.259	2.08	"4"
"现行"	0	2	1	0	0.235	1.323	0.738	0.704	-0.106	0.385	0.243	-0.349	1.083	"2"
"现金"	0	3	0	6	0.706	3.968	2.214	2.113	-0.319	-0.417	-1.103	2.143	3.982	"4"
"现金奖"	0	0	0	1	0.078	0.441	0.246	0.235	-0.035	-0.252	-0.123	0.629	1.039	"4"
"珮"	0	1	0	0	0.078	0.441	0.246	0.235	-0.035	0.356	-0.123	-0.116	0.63	"2"
"球员"	0	4	1	1	0.471	2.645	1.476	1.408	-0.213	0.619	-0.265	-0.244	1.341	"2"
"球员奖"	0	0	1	0	0.078	0.441	0.246	0.235	-0.035	-0.252	0.609	-0.116	1.012	"3"
"球季"	0	4	0	0	0.314	1.763	0.984	0.939	-0.142	1.423	-0.49	-0.465	2.52	"2"
"球赛"	0	0	1	0	0.078	0.441	0.246	0.235	-0.035	-0.252	0.609	-0.116	1.012	"3"
"瑞典"	0	2	1	0	0.235	1.323	0.738	0.704	-0.106	0.385	0.243	-0.349	1.083	"2"
"瑞士"	0	1	1	0	0.157	0.882	0.492	0.469	-0.071	0.163	0.365	-0.232	0.831	"3"
"瓜分"	0	1	0	0	0.078	0.441	0.246	0.235	-0.035	0.356	-0.123	-0.116	0.63	"2"
"瓶"	0	2	0	0	0.157	0.882	0.492	0.469	-0.071	0.711	-0.245	-0.232	1.259	"2"
"生堂"	0	0	0	2	0.157	0.882	0.492	0.469	-0.071	-0.505	-0.245	1.259	2.08	"4"
"用来"	0	1	0	2	0.235	1.323	0.738	0.704	-0.106	-0.23	-0.368	0.856	1.56	"4"
"由"	0	0	5	0	0.392	2.204	1.23	1.174	-0.177	-1.262	3.046	-0.581	5.066	"3"
"甲等"	0	1	0	1	0.157	0.882	0.492	0.469	-0.071	0.163	-0.245	0.383	0.862	"4"
"申请"	0	0	1	0	0.078	0.441	0.246	0.235	-0.035	-0.252	0.609	-0.116	1.012	"3"
"电台"	1	0	0	0	0.078	0.441	0.246	0.235	1.105	-0.252	-0.123	-0.116	1.596	"1"
"电影"	0	0	6	1	0.549	3.086	1.722	1.643	-0.248	-1.767	2.913	-0.315	5.243	"3"
"电影院"	0	1	0	0	0.078	0.441	0.246	0.235	-0.035	0.356	-0.123	-0.116	0.63	"2"
"电视"	0	0	6	0	0.471	2.645	1.476	1.408	-0.213	-1.515	3.655	-0.697	6.08	"3"
"电视机"	0	0	0	1	0.078	0.441	0.246	0.235	-0.035	-0.252	-0.123	0.629	1.039	"4"
"电视版"	0	0	0	1	0.078	0.441	0.246	0.235	-0.035	-0.252	-0.123	0.629	1.039	"4"
"电邮"	0	0	1	0	0.078	0.441	0.246	0.235	-0.035	-0.252	0.609	-0.116	1.012	"3"
"男"	0	0	4	0	0.314	1.763	0.984	0.939	-0.142	-1.01	2.437	-0.465	4.054	"3"
"男单"	0	2	0	0	0.157	0.882	0.492	0.469	-0.071	0.711	-0.245	-0.232	1.259	"2"
"男女"	0	2	2	0	0.314	1.763	0.984	0.939	-0.142	0.226	0.594	-0.465	1.427	"3"
"登革热"	0	0	0	1	0.078	0.441	0.246	0.235	-0.035	-0.252	-0.123	0.629	1.039	"4"
"白蛇"	0	1	0	0	0.078	0.441	0.246	0.235	-0.035	0.356	-0.123	-0.116	0.63	"2"
"百万"	0	9	0	1	0.785	4.408	2.46	2.347	-0.355	2.421	-1.226	-0.553	4.555	"2"
"百余"	0	1	0	0	0.078	0.441	0.246	0.235	-0.035	0.356	-0.123	-0.116	0.63	"2"
"百分之二十"	0	0	0	1	0.078	0.441	0.246	0.235	-0.035	-0.252	-0.123	0.629	1.039	"4"
"的确"	0	0	1	0	0.078	0.441	0.246	0.235	-0.035	-0.252	0.609	-0.116	1.012	"3"
"盈余"	0	1	0	0	0.078	0.441	0.246	0.235	-0.035	0.356	-0.123	-0.116	0.63	"2"
"益康宝"	0	0	0	1	0.078	0.441	0.246	0.235	-0.035	-0.252	-0.123	0.629	1.039	"4"
"盗油"	0	0	0	2	0.157	0.882	0.492	0.469	-0.071	-0.505	-0.245	1.259	2.08	"4"
"盛事"	0	0	1	0	0.078	0.441	0.246	0.235	-0.035	-0.252	0.609	-0.116	1.012	"3"
"盟主"	0	1	0	0	0.078	0.441	0.246	0.235	-0.035	0.356	-0.123	-0.116	0.63	"2"
"直销人"	0	0	0	1	0.078	0.441	0.246	0.235	-0.035	-0.252	-0.123	0.629	1.039	"4"
"相同"	1	4	0	0	0.392	2.204	1.23	1.174	0.474	0.913	-0.613	-0.581	2.581	"2"
"相差"	0	1	0	0	0.078	0.441	0.246	0.235	-0.035	0.356	-0.123	-0.116	0.63	"2"
"相机"	0	0	1	2	0.235	1.323	0.738	0.704	-0.106	-0.757	0.243	0.856	1.962	"4"
"真爱"	0	0	1	0	0.078	0.441	0.246	0.235	-0.035	-0.252	0.609	-0.116	1.012	"3"
"着作"	0	0	0	1	0.078	0.441	0.246	0.235	-0.035	-0.252	-0.123	0.629	1.039	"4"
"短兵相接"	0	1	0	0	0.078	0.441	0.246	0.235	-0.035	0.356	-0.123	-0.116	0.63	"2"
"短片"	0	0	1	0	0.078	0.441	0.246	0.235	-0.035	-0.252	0.609	-0.116	1.012	"3"
"短途"	0	1	0	0	0.078	0.441	0.246	0.235	-0.035	0.356	-0.123	-0.116	0.63	"2"
"矶崎"	0	0	1	0	0.078	0.441	0.246	0.235	-0.035	-0.252	0.609	-0.116	1.012	"3"
"研"	0	0	0	1	0.078	0.441	0.246	0.235	-0.035	-0.252	-0.123	0.629	1.039	"4"
"研拟"	0	1	0	0	0.078	0.441	0.246	0.235	-0.035	0.356	-0.123	-0.116	0.63	"2"
"破案"	0	0	0	5	0.392	2.204	1.23	1.174	-0.177	-1.262	-0.613	3.147	5.199	"4"
"确实"	0	0	0	1	0.078	0.441	0.246	0.235	-0.035	-0.252	-0.123	0.629	1.039	"4"
"碗"	0	1	0	0	0.078	0.441	0.246	0.235	-0.035	0.356	-0.123	-0.116	0.63	"2"
"礼券"	0	2	0	1	0.235	1.323	0.738	0.704	-0.106	0.385	-0.368	0.258	1.117	"2"
"礼包"	0	0	0	1	0.078	0.441	0.246	0.235	-0.035	-0.252	-0.123	0.629	1.039	"4"
"礼篮"	0	0	0	1	0.078	0.441	0.246	0.235	-0.035	-0.252	-0.123	0.629	1.039	"4"
"神恩"	0	0	0	1	0.078	0.441	0.246	0.235	-0.035	-0.252	-0.123	0.629	1.039	"4"
"票选"	0	0	1	0	0.078	0.441	0.246	0.235	-0.035	-0.252	0.609	-0.116	1.012	"3"
"福利"	1	0	0	1	0.157	0.882	0.492	0.469	0.822	-0.505	-0.245	0.383	1.955	"1"
"福斯"	0	1	0	0	0.078	0.441	0.246	0.235	-0.035	0.356	-0.123	-0.116	0.63	"2"
"秀美"	0	0	1	0	0.078	0.441	0.246	0.235	-0.035	-0.252	0.609	-0.116	1.012	"3"
"种类"	0	0	0	1	0.078	0.441	0.246	0.235	-0.035	-0.252	-0.123	0.629	1.039	"4"
"稍微"	1	0	0	0	0.078	0.441	0.246	0.235	1.105	-0.252	-0.123	-0.116	1.596	"1"
"稳"	1	1	0	0	0.157	0.882	0.492	0.469	0.822	0.163	-0.245	-0.232	1.462	"1"
"立即奖"	0	2	0	0	0.157	0.882	0.492	0.469	-0.071	0.711	-0.245	-0.232	1.259	"2"
"站"	0	2	0	0	0.157	0.882	0.492	0.469	-0.071	0.711	-0.245	-0.232	1.259	"2"
"站上"	0	1	0	0	0.078	0.441	0.246	0.235	-0.035	0.356	-0.123	-0.116	0.63	"2"
"竞争"	0	0	1	0	0.078	0.441	0.246	0.235	-0.035	-0.252	0.609	-0.116	1.012	"3"
"竞赛"	0	2	1	0	0.235	1.323	0.738	0.704	-0.106	0.385	0.243	-0.349	1.083	"2"
"章"	0	0	0	1	0.078	0.441	0.246	0.235	-0.035	-0.252	-0.123	0.629	1.039	"4"
"端午"	1	0	0	0	0.078	0.441	0.246	0.235	1.105	-0.252	-0.123	-0.116	1.596	"1"
"笔"	1	2	1	3	0.549	3.086	1.722	1.643	0.361	-0.476	-0.342	0.672	1.851	"4"
"第"	0	4	0	0	0.314	1.763	0.984	0.939	-0.142	1.423	-0.49	-0.465	2.52	"2"
"第2"	0	1	1	0	0.157	0.882	0.492	0.469	-0.071	0.163	0.365	-0.232	0.831	"3"
"第一"	0	2	1	0	0.235	1.323	0.738	0.704	-0.106	0.385	0.243	-0.349	1.083	"2"
"第二"	0	3	0	0	0.235	1.323	0.738	0.704	-0.106	1.067	-0.368	-0.349	1.89	"2"
"第八"	0	0	0	1	0.078	0.441	0.246	0.235	-0.035	-0.252	-0.123	0.629	1.039	"4"
"第六十五"	0	1	0	0	0.078	0.441	0.246	0.235	-0.035	0.356	-0.123	-0.116	0.63	"2"
"第十六"	0	1	0	0	0.078	0.441	0.246	0.235	-0.035	0.356	-0.123	-0.116	0.63	"2"
"第四"	0	0	1	0	0.078	0.441	0.246	0.235	-0.035	-0.252	0.609	-0.116	1.012	"3"
"等"	0	2	14	2	1.412	7.935	4.427	4.225	-0.639	-2.502	5.494	-0.771	9.406	"3"
"等待"	0	0	0	3	0.235	1.323	0.738	0.704	-0.106	-0.757	-0.368	1.888	3.119	"4"
"等级"	0	1	0	0	0.078	0.441	0.246	0.235	-0.035	0.356	-0.123	-0.116	0.63	"2"
"筹委会"	0	0	1	0	0.078	0.441	0.246	0.235	-0.035	-0.252	0.609	-0.116	1.012	"3"
"筹措"	1	0	0	0	0.078	0.441	0.246	0.235	1.105	-0.252	-0.123	-0.116	1.596	"1"
"筹款"	0	1	0	0	0.078	0.441	0.246	0.235	-0.035	0.356	-0.123	-0.116	0.63	"2"
"简单"	0	0	1	0	0.078	0.441	0.246	0.235	-0.035	-0.252	0.609	-0.116	1.012	"3"
"简直"	0	0	1	0	0.078	0.441	0.246	0.235	-0.035	-0.252	0.609	-0.116	1.012	"3"
"算"	1	0	0	0	0.078	0.441	0.246	0.235	1.105	-0.252	-0.123	-0.116	1.596	"1"
"管理处"	0	0	0	1	0.078	0.441	0.246	0.235	-0.035	-0.252	-0.123	0.629	1.039	"4"
"管线"	0	0	0	1	0.078	0.441	0.246	0.235	-0.035	-0.252	-0.123	0.629	1.039	"4"
"类"	0	0	1	0	0.078	0.441	0.246	0.235	-0.035	-0.252	0.609	-0.116	1.012	"3"
"类别"	0	0	1	0	0.078	0.441	0.246	0.235	-0.035	-0.252	0.609	-0.116	1.012	"3"
"精神奖"	0	0	1	0	0.078	0.441	0.246	0.235	-0.035	-0.252	0.609	-0.116	1.012	"3"
"精美"	0	0	0	1	0.078	0.441	0.246	0.235	-0.035	-0.252	-0.123	0.629	1.039	"4"
"精致"	0	0	0	1	0.078	0.441	0.246	0.235	-0.035	-0.252	-0.123	0.629	1.039	"4"
"精英赛"	0	1	0	0	0.078	0.441	0.246	0.235	-0.035	0.356	-0.123	-0.116	0.63	"2"
"系列"	0	0	1	0	0.078	0.441	0.246	0.235	-0.035	-0.252	0.609	-0.116	1.012	"3"
"索"	0	2	0	0	0.157	0.882	0.492	0.469	-0.071	0.711	-0.245	-0.232	1.259	"2"
"累积"	0	13	0	0	1.02	5.731	3.197	3.052	-0.461	4.624	-1.594	-1.511	8.19	"2"
"累积到"	0	2	0	0	0.157	0.882	0.492	0.469	-0.071	0.711	-0.245	-0.232	1.259	"2"
"繁多"	0	0	0	1	0.078	0.441	0.246	0.235	-0.035	-0.252	-0.123	0.629	1.039	"4"
"红利"	1	0	0	0	0.078	0.441	0.246	0.235	1.105	-0.252	-0.123	-0.116	1.596	"1"
"红包"	0	0	0	2	0.157	0.882	0.492	0.469	-0.071	-0.505	-0.245	1.259	2.08	"4"
"红山"	0	1	0	0	0.078	0.441	0.246	0.235	-0.035	0.356	-0.123	-0.116	0.63	"2"
"红酒"	0	0	0	1	0.078	0.441	0.246	0.235	-0.035	-0.252	-0.123	0.629	1.039	"4"
"约"	2	13	0	0	1.177	6.613	3.689	3.521	0.48	3.059	-1.839	-1.743	7.121	"2"
"纪录"	0	3	0	0	0.235	1.323	0.738	0.704	-0.106	1.067	-0.368	-0.349	1.89	"2"
"纪念馆"	0	0	1	1	0.157	0.882	0.492	0.469	-0.071	-0.505	0.365	0.383	1.324	"2"
"纯子"	0	1	0	0	0.078	0.441	0.246	0.235	-0.035	0.356	-0.123	-0.116	0.63	"2"
"纯洁"	0	0	1	0	0.078	0.441	0.246	0.235	-0.035	-0.252	0.609	-0.116	1.012	"3"
"组"	0	9	0	0	0.706	3.968	2.214	2.113	-0.319	3.201	-1.103	-1.046	5.669	"2"
"组合"	0	0	2	0	0.157	0.882	0.492	0.469	-0.071	-0.505	1.218	-0.232	2.026	"3"
"经典赛"	0	1	0	0	0.078	0.441	0.246	0.235	-0.035	0.356	-0.123	-0.116	0.63	"2"
"给"	0	6	5	4	1.177	6.613	3.689	3.521	-0.532	-0.318	0.523	0.316	1.689	"1"
"绩"	0	0	0	2	0.157	0.882	0.492	0.469	-0.071	-0.505	-0.245	1.259	2.08	"4"
"绩优"	0	1	1	0	0.157	0.882	0.492	0.469	-0.071	0.163	0.365	-0.232	0.831	"3"
"绩效"	2	0	0	1	0.235	1.323	0.738	0.704	1.757	-0.757	-0.368	0.258	3.14	"1"
"绵羊"	0	0	0	1	0.078	0.441	0.246	0.235	-0.035	-0.252	-0.123	0.629	1.039	"4"
"综艺"	0	0	1	0	0.078	0.441	0.246	0.235	-0.035	-0.252	0.609	-0.116	1.012	"3"
"缉私"	0	0	0	1	0.078	0.441	0.246	0.235	-0.035	-0.252	-0.123	0.629	1.039	"4"
"编列"	1	2	0	1	0.314	1.763	0.984	0.939	0.555	0.226	-0.49	0.182	1.453	"1"
"编辑部"	0	0	0	1	0.078	0.441	0.246	0.235	-0.035	-0.252	-0.123	0.629	1.039	"4"
"缩水"	2	0	0	3	0.392	2.204	1.23	1.174	1.28	-1.262	-0.613	1.055	4.21	"1"
"网球赛"	0	1	0	0	0.078	0.441	0.246	0.235	-0.035	0.356	-0.123	-0.116	0.63	"2"
"罚款"	0	0	0	1	0.078	0.441	0.246	0.235	-0.035	-0.252	-0.123	0.629	1.039	"4"
"罚锾"	0	1	0	0	0.078	0.441	0.246	0.235	-0.035	0.356	-0.123	-0.116	0.63	"2"
"美"	0	1	0	0	0.078	0.441	0.246	0.235	-0.035	0.356	-0.123	-0.116	0.63	"2"
"美元"	0	45	0	0	3.531	19.838	11.068	10.564	-1.597	16.007	-5.517	-5.229	28.35	"2"
"美意"	0	1	0	0	0.078	0.441	0.246	0.235	-0.035	0.356	-0.123	-0.116	0.63	"2"
"美术"	0	0	2	0	0.157	0.882	0.492	0.469	-0.071	-0.505	1.218	-0.232	2.026	"3"
"美罗"	0	1	0	0	0.078	0.441	0.246	0.235	-0.035	0.356	-0.123	-0.116	0.63	"2"
"美金"	0	1	0	0	0.078	0.441	0.246	0.235	-0.035	0.356	-0.123	-0.116	0.63	"2"
"美音乐奖"	0	0	1	0	0.078	0.441	0.246	0.235	-0.035	-0.252	0.609	-0.116	1.012	"3"
"翻译机"	0	1	0	0	0.078	0.441	0.246	0.235	-0.035	0.356	-0.123	-0.116	0.63	"2"
"老虎"	0	2	0	0	0.157	0.882	0.492	0.469	-0.071	0.711	-0.245	-0.232	1.259	"2"
"考"	0	0	0	1	0.078	0.441	0.246	0.235	-0.035	-0.252	-0.123	0.629	1.039	"4"
"考惩"	0	0	0	1	0.078	0.441	0.246	0.235	-0.035	-0.252	-0.123	0.629	1.039	"4"
"考成"	1	0	0	0	0.078	0.441	0.246	0.235	1.105	-0.252	-0.123	-0.116	1.596	"1"
"考核"	2	0	0	1	0.235	1.323	0.738	0.704	1.757	-0.757	-0.368	0.258	3.14	"1"
"考绩"	4	0	0	5	0.706	3.968	2.214	2.113	2.461	-2.272	-1.103	1.42	7.256	"1"
"考量"	0	0	1	0	0.078	0.441	0.246	0.235	-0.035	-0.252	0.609	-0.116	1.012	"3"
"耶诞节"	0	0	1	0	0.078	0.441	0.246	0.235	-0.035	-0.252	0.609	-0.116	1.012	"3"
"职业"	0	5	0	0	0.392	2.204	1.23	1.174	-0.177	1.779	-0.613	-0.581	3.15	"2"
"职总"	0	0	0	1	0.078	0.441	0.246	0.235	-0.035	-0.252	-0.123	0.629	1.039	"4"
"肉联厂"	0	0	0	1	0.078	0.441	0.246	0.235	-0.035	-0.252	-0.123	0.629	1.039	"4"
"肯定"	0	0	4	0	0.314	1.763	0.984	0.939	-0.142	-1.01	2.437	-0.465	4.054	"3"
"背水一战"	0	1	0	0	0.078	0.441	0.246	0.235	-0.035	0.356	-0.123	-0.116	0.63	"2"
"胜出"	0	0	1	0	0.078	0.441	0.246	0.235	-0.035	-0.252	0.609	-0.116	1.012	"3"
"胜负"	0	1	0	0	0.078	0.441	0.246	0.235	-0.035	0.356	-0.123	-0.116	0.63	"2"
"胡姬杯"	0	1	0	0	0.078	0.441	0.246	0.235	-0.035	0.356	-0.123	-0.116	0.63	"2"
"能"	0	0	1	0	0.078	0.441	0.246	0.235	-0.035	-0.252	0.609	-0.116	1.012	"3"
"脚尖"	0	1	0	0	0.078	0.441	0.246	0.235	-0.035	0.356	-0.123	-0.116	0.63	"2"
"臂"	0	0	1	0	0.078	0.441	0.246	0.235	-0.035	-0.252	0.609	-0.116	1.012	"3"
"自行车"	0	0	0	1	0.078	0.441	0.246	0.235	-0.035	-0.252	-0.123	0.629	1.039	"4"
"自豪"	0	0	0	1	0.078	0.441	0.246	0.235	-0.035	-0.252	-0.123	0.629	1.039	"4"
"自选"	0	1	0	0	0.078	0.441	0.246	0.235	-0.035	0.356	-0.123	-0.116	0.63	"2"
"至于"	1	1	0	1	0.235	1.323	0.738	0.704	0.663	-0.23	-0.368	0.258	1.519	"1"
"至此"	0	0	0	1	0.078	0.441	0.246	0.235	-0.035	-0.252	-0.123	0.629	1.039	"4"
"致赠"	0	0	0	1	0.078	0.441	0.246	0.235	-0.035	-0.252	-0.123	0.629	1.039	"4"
"色子"	0	0	0	1	0.078	0.441	0.246	0.235	-0.035	-0.252	-0.123	0.629	1.039	"4"
"艺术"	0	0	3	0	0.235	1.323	0.738	0.704	-0.106	-0.757	1.827	-0.349	3.039	"3"
"艺术家"	0	0	2	0	0.157	0.882	0.492	0.469	-0.071	-0.505	1.218	-0.232	2.026	"3"
"艺术界"	0	0	1	0	0.078	0.441	0.246	0.235	-0.035	-0.252	0.609	-0.116	1.012	"3"
"艾美奖主"	0	0	1	0	0.078	0.441	0.246	0.235	-0.035	-0.252	0.609	-0.116	1.012	"3"
"节"	1	2	0	0	0.235	1.323	0.738	0.704	0.663	0.385	-0.368	-0.349	1.765	"1"
"节目"	0	2	2	2	0.471	2.645	1.476	1.408	-0.213	-0.337	0.341	0.367	1.258	"4"
"节目主"	0	0	1	0	0.078	0.441	0.246	0.235	-0.035	-0.252	0.609	-0.116	1.012	"3"
"节目奖"	0	1	0	0	0.078	0.441	0.246	0.235	-0.035	0.356	-0.123	-0.116	0.63	"2"
"英国人"	0	0	0	1	0.078	0.441	0.246	0.235	-0.035	-0.252	-0.123	0.629	1.039	"4"
"英镑"	0	7	0	1	0.628	3.527	1.968	1.878	-0.284	1.799	-0.981	-0.391	3.455	"2"
"范迪"	0	0	2	0	0.157	0.882	0.492	0.469	-0.071	-0.505	1.218	-0.232	2.026	"3"
"荣获"	0	0	5	1	0.471	2.645	1.476	1.408	-0.213	-1.515	2.367	-0.244	4.339	"3"
"荣誉"	0	0	1	1	0.157	0.882	0.492	0.469	-0.071	-0.505	0.365	0.383	1.324	"2"
"荣誉奖"	0	0	1	0	0.078	0.441	0.246	0.235	-0.035	-0.252	0.609	-0.116	1.012	"3"
"获"	0	17	3	1	1.648	9.258	5.165	4.93	-0.745	3.201	-0.692	-1.568	6.206	"2"
"获奖"	0	2	0	1	0.235	1.323	0.738	0.704	-0.106	0.385	-0.368	0.258	1.117	"2"
"获得"	0	35	5	2	3.295	18.516	10.33	9.859	-1.49	6.716	-1.458	-2.903	12.567	"2"
"获胜者"	0	0	0	1	0.078	0.441	0.246	0.235	-0.035	-0.252	-0.123	0.629	1.039	"4"
"获赠"	0	0	0	1	0.078	0.441	0.246	0.235	-0.035	-0.252	-0.123	0.629	1.039	"4"
"获颁"	0	4	1	0	0.392	2.204	1.23	1.174	-0.177	0.913	-0.193	-0.581	1.864	"2"
"萝勃兹"	0	0	1	0	0.078	0.441	0.246	0.235	-0.035	-0.252	0.609	-0.116	1.012	"3"
"萧日青"	1	0	0	0	0.078	0.441	0.246	0.235	1.105	-0.252	-0.123	-0.116	1.596	"1"
"萨基"	0	0	0	1	0.078	0.441	0.246	0.235	-0.035	-0.252	-0.123	0.629	1.039	"4"
"落入"	0	1	0	0	0.078	0.441	0.246	0.235	-0.035	0.356	-0.123	-0.116	0.63	"2"
"落花生"	0	1	0	0	0.078	0.441	0.246	0.235	-0.035	0.356	-0.123	-0.116	0.63	"2"
"落袋"	1	0	0	0	0.078	0.441	0.246	0.235	1.105	-0.252	-0.123	-0.116	1.596	"1"
"董事部"	0	0	3	0	0.235	1.323	0.738	0.704	-0.106	-0.757	1.827	-0.349	3.039	"3"
"薪"	1	0	0	0	0.078	0.441	0.246	0.235	1.105	-0.252	-0.123	-0.116	1.596	"1"
"薪水"	3	0	0	3	0.471	2.645	1.476	1.408	2.094	-1.515	-0.736	0.835	5.18	"1"
"薪津"	1	0	0	0	0.078	0.441	0.246	0.235	1.105	-0.252	-0.123	-0.116	1.596	"1"
"薪资"	4	0	0	1	0.392	2.204	1.23	1.174	3.751	-1.262	-0.613	-0.177	5.803	"1"
"薪金"	0	0	0	1	0.078	0.441	0.246	0.235	-0.035	-0.252	-0.123	0.629	1.039	"4"
"虚拟"	0	0	1	0	0.078	0.441	0.246	0.235	-0.035	-0.252	0.609	-0.116	1.012	"3"
"蛮"	0	0	1	0	0.078	0.441	0.246	0.235	-0.035	-0.252	0.609	-0.116	1.012	"3"
"蝉联"	0	1	0	0	0.078	0.441	0.246	0.235	-0.035	0.356	-0.123	-0.116	0.63	"2"
"行"	0	0	0	1	0.078	0.441	0.246	0.235	-0.035	-0.252	-0.123	0.629	1.039	"4"
"行动电话"	0	0	0	1	0.078	0.441	0.246	0.235	-0.035	-0.252	-0.123	0.629	1.039	"4"
"衡量"	0	0	0	1	0.078	0.441	0.246	0.235	-0.035	-0.252	-0.123	0.629	1.039	"4"
"补助款"	2	0	0	0	0.157	0.882	0.492	0.469	2.211	-0.505	-0.245	-0.232	3.193	"1"
"补助金"	0	1	0	0	0.078	0.441	0.246	0.235	-0.035	0.356	-0.123	-0.116	0.63	"2"
"表彰"	0	0	1	0	0.078	0.441	0.246	0.235	-0.035	-0.252	0.609	-0.116	1.012	"3"
"表扬"	0	0	2	1	0.235	1.323	0.738	0.704	-0.106	-0.757	0.819	0.258	1.94	"3"
"表达"	0	0	1	0	0.078	0.441	0.246	0.235	-0.035	-0.252	0.609	-0.116	1.012	"3"
"裁员"	1	0	0	0	0.078	0.441	0.246	0.235	1.105	-0.252	-0.123	-0.116	1.596	"1"
"裕理"	0	1	0	0	0.078	0.441	0.246	0.235	-0.035	0.356	-0.123	-0.116	0.63	"2"
"要求体"	0	0	0	1	0.078	0.441	0.246	0.235	-0.035	-0.252	-0.123	0.629	1.039	"4"
"观众"	0	0	4	2	0.471	2.645	1.476	1.408	-0.213	-1.515	1.45	0.367	3.545	"2"
"角逐"	0	1	5	0	0.471	2.645	1.476	1.408	-0.213	-0.757	2.367	-0.697	4.034	"3"
"詹得拉华蒂"	0	1	0	0	0.078	0.441	0.246	0.235	-0.035	0.356	-0.123	-0.116	0.63	"2"
"警察局"	0	1	0	0	0.078	0.441	0.246	0.235	-0.035	0.356	-0.123	-0.116	0.63	"2"
"计入"	0	1	0	0	0.078	0.441	0.246	0.235	-0.035	0.356	-0.123	-0.116	0.63	"2"
"订购"	0	0	0	1	0.078	0.441	0.246	0.235	-0.035	-0.252	-0.123	0.629	1.039	"4"
"讲座"	0	0	0	2	0.157	0.882	0.492	0.469	-0.071	-0.505	-0.245	1.259	2.08	"4"
"许忠"	0	1	0	0	0.078	0.441	0.246	0.235	-0.035	0.356	-0.123	-0.116	0.63	"2"
"许财利"	0	0	0	1	0.078	0.441	0.246	0.235	-0.035	-0.252	-0.123	0.629	1.039	"4"
"设"	0	3	1	0	0.314	1.763	0.984	0.939	-0.142	0.639	0.17	-0.465	1.416	"2"
"设有"	0	1	0	0	0.078	0.441	0.246	0.235	-0.035	0.356	-0.123	-0.116	0.63	"2"
"设立"	0	0	0	1	0.078	0.441	0.246	0.235	-0.035	-0.252	-0.123	0.629	1.039	"4"
"设置"	0	0	2	0	0.157	0.882	0.492	0.469	-0.071	-0.505	1.218	-0.232	2.026	"3"
"设计"	0	0	3	0	0.235	1.323	0.738	0.704	-0.106	-0.757	1.827	-0.349	3.039	"3"
"证书"	0	1	1	0	0.157	0.882	0.492	0.469	-0.071	0.163	0.365	-0.232	0.831	"3"
"评估"	0	0	1	0	0.078	0.441	0.246	0.235	-0.035	-0.252	0.609	-0.116	1.012	"3"
"评审"	0	0	2	0	0.157	0.882	0.492	0.469	-0.071	-0.505	1.218	-0.232	2.026	"3"
"评论"	0	0	1	0	0.078	0.441	0.246	0.235	-0.035	-0.252	0.609	-0.116	1.012	"3"
"评选"	0	0	4	0	0.314	1.763	0.984	0.939	-0.142	-1.01	2.437	-0.465	4.054	"3"
"诈领"	0	1	0	0	0.078	0.441	0.246	0.235	-0.035	0.356	-0.123	-0.116	0.63	"2"
"试行"	0	0	0	1	0.078	0.441	0.246	0.235	-0.035	-0.252	-0.123	0.629	1.039	"4"
"诗人"	0	0	1	0	0.078	0.441	0.246	0.235	-0.035	-0.252	0.609	-0.116	1.012	"3"
"该"	0	0	4	0	0.314	1.763	0.984	0.939	-0.142	-1.01	2.437	-0.465	4.054	"3"
"诱人"	0	0	0	1	0.078	0.441	0.246	0.235	-0.035	-0.252	-0.123	0.629	1.039	"4"
"说话"	0	0	0	1	0.078	0.441	0.246	0.235	-0.035	-0.252	-0.123	0.629	1.039	"4"
"诵读"	0	0	1	0	0.078	0.441	0.246	0.235	-0.035	-0.252	0.609	-0.116	1.012	"3"
"诸葛"	0	1	0	0	0.078	0.441	0.246	0.235	-0.035	0.356	-0.123	-0.116	0.63	"2"
"诺贝尔"	0	0	1	0	0.078	0.441	0.246	0.235	-0.035	-0.252	0.609	-0.116	1.012	"3"
"读者"	0	0	0	2	0.157	0.882	0.492	0.469	-0.071	-0.505	-0.245	1.259	2.08	"4"
"财务"	0	1	0	0	0.078	0.441	0.246	0.235	-0.035	0.356	-0.123	-0.116	0.63	"2"
"财源"	1	0	0	0	0.078	0.441	0.246	0.235	1.105	-0.252	-0.123	-0.116	1.596	"1"
"购屋"	2	0	0	0	0.157	0.882	0.492	0.469	2.211	-0.505	-0.245	-0.232	3.193	"1"
"购物"	0	0	0	3	0.235	1.323	0.738	0.704	-0.106	-0.757	-0.368	1.888	3.119	"4"
"费"	0	0	0	1	0.078	0.441	0.246	0.235	-0.035	-0.252	-0.123	0.629	1.039	"4"
"费用"	0	3	0	0	0.235	1.323	0.738	0.704	-0.106	1.067	-0.368	-0.349	1.89	"2"
"资遣"	1	0	0	0	0.078	0.441	0.246	0.235	1.105	-0.252	-0.123	-0.116	1.596	"1"
"赚取"	0	0	0	1	0.078	0.441	0.246	0.235	-0.035	-0.252	-0.123	0.629	1.039	"4"
"赛"	0	0	1	0	0.078	0.441	0.246	0.235	-0.035	-0.252	0.609	-0.116	1.012	"3"
"赛事"	0	2	0	0	0.157	0.882	0.492	0.469	-0.071	0.711	-0.245	-0.232	1.259	"2"
"赛会"	0	1	0	0	0.078	0.441	0.246	0.235	-0.035	0.356	-0.123	-0.116	0.63	"2"
"赛程"	0	1	0	0	0.078	0.441	0.246	0.235	-0.035	0.356	-0.123	-0.116	0.63	"2"
"赞助"	0	1	3	3	0.549	3.086	1.722	1.643	-0.248	-0.953	0.629	0.672	2.502	"2"
"赞助商"	0	1	0	0	0.078	0.441	0.246	0.235	-0.035	0.356	-0.123	-0.116	0.63	"2"
"赠送"	0	0	0	1	0.078	0.441	0.246	0.235	-0.035	-0.252	-0.123	0.629	1.039	"4"
"赢"	0	7	1	2	0.785	4.408	2.46	2.347	-0.355	1.037	-0.596	-0.243	2.231	"2"
"赢取"	0	4	0	18	1.726	9.699	5.411	5.164	-0.781	-1.981	-2.697	7.901	13.36	"4"
"赢奖"	0	0	0	1	0.078	0.441	0.246	0.235	-0.035	-0.252	-0.123	0.629	1.039	"4"
"赢家"	0	0	1	0	0.078	0.441	0.246	0.235	-0.035	-0.252	0.609	-0.116	1.012	"3"
"赢得"	0	17	1	0	1.412	7.935	4.427	4.225	-0.639	5.026	-1.37	-2.091	9.126	"2"
"赶"	0	0	0	1	0.078	0.441	0.246	0.235	-0.035	-0.252	-0.123	0.629	1.039	"4"
"赶工"	0	0	0	2	0.157	0.882	0.492	0.469	-0.071	-0.505	-0.245	1.259	2.08	"4"
"趁机"	0	2	0	0	0.157	0.882	0.492	0.469	-0.071	0.711	-0.245	-0.232	1.259	"2"
"超"	0	0	0	2	0.157	0.882	0.492	0.469	-0.071	-0.505	-0.245	1.259	2.08	"4"
"超前"	1	0	0	0	0.078	0.441	0.246	0.235	1.105	-0.252	-0.123	-0.116	1.596	"1"
"超过"	0	1	0	0	0.078	0.441	0.246	0.235	-0.035	0.356	-0.123	-0.116	0.63	"2"
"跑"	0	1	0	0	0.078	0.441	0.246	0.235	-0.035	0.356	-0.123	-0.116	0.63	"2"
"跳票"	0	0	0	1	0.078	0.441	0.246	0.235	-0.035	-0.252	-0.123	0.629	1.039	"4"
"踮"	0	1	0	0	0.078	0.441	0.246	0.235	-0.035	0.356	-0.123	-0.116	0.63	"2"
"身子"	0	0	0	1	0.078	0.441	0.246	0.235	-0.035	-0.252	-0.123	0.629	1.039	"4"
"转轮盘"	0	0	0	2	0.157	0.882	0.492	0.469	-0.071	-0.505	-0.245	1.259	2.08	"4"
"载客量"	0	1	0	0	0.078	0.441	0.246	0.235	-0.035	0.356	-0.123	-0.116	0.63	"2"
"载重量"	0	0	1	0	0.078	0.441	0.246	0.235	-0.035	-0.252	0.609	-0.116	1.012	"3"
"辆"	0	0	1	3	0.314	1.763	0.984	0.939	-0.142	-1.01	0.17	1.37	2.692	"4"
"辩士"	0	0	2	0	0.157	0.882	0.492	0.469	-0.071	-0.505	1.218	-0.232	2.026	"3"
"达"	0	1	0	0	0.078	0.441	0.246	0.235	-0.035	0.356	-0.123	-0.116	0.63	"2"
"迄"	0	1	0	0	0.078	0.441	0.246	0.235	-0.035	0.356	-0.123	-0.116	0.63	"2"
"迄今"	0	1	0	0	0.078	0.441	0.246	0.235	-0.035	0.356	-0.123	-0.116	0.63	"2"
"过"	0	0	2	0	0.157	0.882	0.492	0.469	-0.071	-0.505	1.218	-0.232	2.026	"3"
"过年"	4	0	0	1	0.392	2.204	1.23	1.174	3.751	-1.262	-0.613	-0.177	5.803	"1"
"运动员"	0	3	0	1	0.314	1.763	0.984	0.939	-0.142	0.639	-0.49	0.182	1.453	"2"
"运动员奖"	0	0	1	0	0.078	0.441	0.246	0.235	-0.035	-0.252	0.609	-0.116	1.012	"3"
"还可以"	1	0	0	0	0.078	0.441	0.246	0.235	1.105	-0.252	-0.123	-0.116	1.596	"1"
"这"	0	3	26	3	2.511	14.107	7.87	7.512	-1.135	-4.637	10.584	-1.416	17.772	"3"
"这些"	0	0	0	1	0.078	0.441	0.246	0.235	-0.035	-0.252	-0.123	0.629	1.039	"4"
"这样"	0	0	1	0	0.078	0.441	0.246	0.235	-0.035	-0.252	0.609	-0.116	1.012	"3"
"远亲"	0	1	0	0	0.078	0.441	0.246	0.235	-0.035	0.356	-0.123	-0.116	0.63	"2"
"违反"	0	0	0	1	0.078	0.441	0.246	0.235	-0.035	-0.252	-0.123	0.629	1.039	"4"
"追授"	0	1	0	0	0.078	0.441	0.246	0.235	-0.035	0.356	-0.123	-0.116	0.63	"2"
"追缉"	0	1	0	0	0.078	0.441	0.246	0.235	-0.035	0.356	-0.123	-0.116	0.63	"2"
"退休"	0	0	0	1	0.078	0.441	0.246	0.235	-0.035	-0.252	-0.123	0.629	1.039	"4"
"退休金"	1	0	0	0	0.078	0.441	0.246	0.235	1.105	-0.252	-0.123	-0.116	1.596	"1"
"退职"	1	0	0	0	0.078	0.441	0.246	0.235	1.105	-0.252	-0.123	-0.116	1.596	"1"
"送"	0	0	0	2	0.157	0.882	0.492	0.469	-0.071	-0.505	-0.245	1.259	2.08	"4"
"送出"	0	0	0	3	0.235	1.323	0.738	0.704	-0.106	-0.757	-0.368	1.888	3.119	"4"
"送出去"	0	0	0	1	0.078	0.441	0.246	0.235	-0.035	-0.252	-0.123	0.629	1.039	"4"
"选出"	0	1	1	1	0.235	1.323	0.738	0.704	-0.106	-0.23	0.243	0.258	0.837	"4"
"选手"	0	20	0	0	1.569	8.817	4.919	4.695	-0.71	7.114	-2.452	-2.324	12.6	"2"
"透"	0	1	0	0	0.078	0.441	0.246	0.235	-0.035	0.356	-0.123	-0.116	0.63	"2"
"通报"	0	0	0	2	0.157	0.882	0.492	0.469	-0.071	-0.505	-0.245	1.259	2.08	"4"
"通知"	0	0	1	0	0.078	0.441	0.246	0.235	-0.035	-0.252	0.609	-0.116	1.012	"3"
"逢"	0	0	0	1	0.078	0.441	0.246	0.235	-0.035	-0.252	-0.123	0.629	1.039	"4"
"週刊"	0	0	0	1	0.078	0.441	0.246	0.235	-0.035	-0.252	-0.123	0.629	1.039	"4"
"遇"	0	0	0	1	0.078	0.441	0.246	0.235	-0.035	-0.252	-0.123	0.629	1.039	"4"
"遥遥领先"	0	1	0	0	0.078	0.441	0.246	0.235	-0.035	0.356	-0.123	-0.116	0.63	"2"
"邀请赛"	0	2	0	0	0.157	0.882	0.492	0.469	-0.071	0.711	-0.245	-0.232	1.259	"2"
"郑秀文"	0	0	1	0	0.078	0.441	0.246	0.235	-0.035	-0.252	0.609	-0.116	1.012	"3"
"配对赛"	0	1	0	0	0.078	0.441	0.246	0.235	-0.035	0.356	-0.123	-0.116	0.63	"2"
"配置"	1	0	0	0	0.078	0.441	0.246	0.235	1.105	-0.252	-0.123	-0.116	1.596	"1"
"配额制"	0	0	0	1	0.078	0.441	0.246	0.235	-0.035	-0.252	-0.123	0.629	1.039	"4"
"酬劳金"	1	0	0	0	0.078	0.441	0.246	0.235	1.105	-0.252	-0.123	-0.116	1.596	"1"
"酬谢"	0	0	0	1	0.078	0.441	0.246	0.235	-0.035	-0.252	-0.123	0.629	1.039	"4"
"酷"	0	1	0	0	0.078	0.441	0.246	0.235	-0.035	0.356	-0.123	-0.116	0.63	"2"
"重建工"	0	0	0	1	0.078	0.441	0.246	0.235	-0.035	-0.252	-0.123	0.629	1.039	"4"
"重要"	0	0	1	0	0.078	0.441	0.246	0.235	-0.035	-0.252	0.609	-0.116	1.012	"3"
"重重"	0	0	1	0	0.078	0.441	0.246	0.235	-0.035	-0.252	0.609	-0.116	1.012	"3"
"重金"	0	0	0	1	0.078	0.441	0.246	0.235	-0.035	-0.252	-0.123	0.629	1.039	"4"
"金曲奖"	0	0	1	0	0.078	0.441	0.246	0.235	-0.035	-0.252	0.609	-0.116	1.012	"3"
"金牌"	0	2	0	0	0.157	0.882	0.492	0.469	-0.071	0.711	-0.245	-0.232	1.259	"2"
"金狮奖"	0	0	1	0	0.078	0.441	0.246	0.235	-0.035	-0.252	0.609	-0.116	1.012	"3"
"金钟奖"	0	0	1	0	0.078	0.441	0.246	0.235	-0.035	-0.252	0.609	-0.116	1.012	"3"
"金银"	0	1	0	0	0.078	0.441	0.246	0.235	-0.035	0.356	-0.123	-0.116	0.63	"2"
"金镶钻胸坠"	0	0	0	1	0.078	0.441	0.246	0.235	-0.035	-0.252	-0.123	0.629	1.039	"4"
"金马奖"	0	0	2	0	0.157	0.882	0.492	0.469	-0.071	-0.505	1.218	-0.232	2.026	"3"
"金鹰奖"	0	0	2	0	0.157	0.882	0.492	0.469	-0.071	-0.505	1.218	-0.232	2.026	"3"
"金鹿"	0	0	1	0	0.078	0.441	0.246	0.235	-0.035	-0.252	0.609	-0.116	1.012	"3"
"鎗火"	0	0	1	0	0.078	0.441	0.246	0.235	-0.035	-0.252	0.609	-0.116	1.012	"3"
"钻石"	0	0	0	4	0.314	1.763	0.984	0.939	-0.142	-1.01	-0.49	2.518	4.16	"4"
"铜牌"	0	2	0	0	0.157	0.882	0.492	0.469	-0.071	0.711	-0.245	-0.232	1.259	"2"
"银奖"	0	0	1	0	0.078	0.441	0.246	0.235	-0.035	-0.252	0.609	-0.116	1.012	"3"
"银牌"	0	2	0	0	0.157	0.882	0.492	0.469	-0.071	0.711	-0.245	-0.232	1.259	"2"
"销管"	0	1	0	0	0.078	0.441	0.246	0.235	-0.035	0.356	-0.123	-0.116	0.63	"2"
"错过"	0	0	0	1	0.078	0.441	0.246	0.235	-0.035	-0.252	-0.123	0.629	1.039	"4"
"锦标"	0	1	0	0	0.078	0.441	0.246	0.235	-0.035	0.356	-0.123	-0.116	0.63	"2"
"闭幕"	0	1	0	0	0.078	0.441	0.246	0.235	-0.035	0.356	-0.123	-0.116	0.63	"2"
"问答"	0	1	0	0	0.078	0.441	0.246	0.235	-0.035	0.356	-0.123	-0.116	0.63	"2"
"闯关"	0	0	0	1	0.078	0.441	0.246	0.235	-0.035	-0.252	-0.123	0.629	1.039	"4"
"闹剧"	0	0	1	0	0.078	0.441	0.246	0.235	-0.035	-0.252	0.609	-0.116	1.012	"3"
"阮洪森"	0	1	0	0	0.078	0.441	0.246	0.235	-0.035	0.356	-0.123	-0.116	0.63	"2"
"阿末"	0	0	2	0	0.157	0.882	0.492	0.469	-0.071	-0.505	1.218	-0.232	2.026	"3"
"阿申纳"	0	1	0	0	0.078	0.441	0.246	0.235	-0.035	0.356	-0.123	-0.116	0.63	"2"
"陆续"	0	0	1	0	0.078	0.441	0.246	0.235	-0.035	-0.252	0.609	-0.116	1.012	"3"
"陈玉萍"	0	0	1	0	0.078	0.441	0.246	0.235	-0.035	-0.252	0.609	-0.116	1.012	"3"
"除了"	0	2	1	0	0.235	1.323	0.738	0.704	-0.106	0.385	0.243	-0.349	1.083	"2"
"除此之外"	0	1	0	0	0.078	0.441	0.246	0.235	-0.035	0.356	-0.123	-0.116	0.63	"2"
"隔天"	0	0	0	1	0.078	0.441	0.246	0.235	-0.035	-0.252	-0.123	0.629	1.039	"4"
"雨伞"	0	0	0	1	0.078	0.441	0.246	0.235	-0.035	-0.252	-0.123	0.629	1.039	"4"
"零"	0	1	0	0	0.078	0.441	0.246	0.235	-0.035	0.356	-0.123	-0.116	0.63	"2"
"震灾"	1	0	0	0	0.078	0.441	0.246	0.235	1.105	-0.252	-0.123	-0.116	1.596	"1"
"静"	0	1	0	0	0.078	0.441	0.246	0.235	-0.035	0.356	-0.123	-0.116	0.63	"2"
"非常"	0	0	1	2	0.235	1.323	0.738	0.704	-0.106	-0.757	0.243	0.856	1.962	"4"
"韩元"	0	5	0	0	0.392	2.204	1.23	1.174	-0.177	1.779	-0.613	-0.581	3.15	"2"
"音乐"	0	0	1	0	0.078	0.441	0.246	0.235	-0.035	-0.252	0.609	-0.116	1.012	"3"
"顶"	0	0	0	1	0.078	0.441	0.246	0.235	-0.035	-0.252	-0.123	0.629	1.039	"4"
"项"	0	4	5	2	0.863	4.849	2.705	2.582	-0.39	-0.375	0.966	-0.298	2.029	"3"
"顺序"	0	0	1	0	0.078	0.441	0.246	0.235	-0.035	-0.252	0.609	-0.116	1.012	"3"
"顾客"	0	0	0	3	0.235	1.323	0.738	0.704	-0.106	-0.757	-0.368	1.888	3.119	"4"
"颁"	0	1	1	0	0.157	0.882	0.492	0.469	-0.071	0.163	0.365	-0.232	0.831	"3"
"颁发"	0	6	11	10	2.118	11.903	6.641	6.338	-0.958	-1.799	1.324	1.096	5.177	"2"
"颁奖"	0	0	6	0	0.471	2.645	1.476	1.408	-0.213	-1.515	3.655	-0.697	6.08	"3"
"颁奖人"	0	0	2	0	0.157	0.882	0.492	0.469	-0.071	-0.505	1.218	-0.232	2.026	"3"
"颁给"	0	0	1	0	0.078	0.441	0.246	0.235	-0.035	-0.252	0.609	-0.116	1.012	"3"
"颁赠"	0	1	1	0	0.157	0.882	0.492	0.469	-0.071	0.163	0.365	-0.232	0.831	"3"
"预算"	1	2	0	3	0.471	2.645	1.476	1.408	0.412	-0.337	-0.736	0.835	2.32	"4"
"领"	0	1	3	1	0.392	2.204	1.23	1.174	-0.177	-0.568	1.003	-0.177	1.925	"3"
"领到"	2	0	1	0	0.235	1.323	0.738	0.704	1.757	-0.757	0.243	-0.349	3.106	"1"
"领取"	1	3	0	4	0.628	3.527	1.968	1.878	0.319	-0.302	-0.981	1.028	2.63	"4"
"领域"	0	1	1	1	0.235	1.323	0.738	0.704	-0.106	-0.23	0.243	0.258	0.837	"4"
"频道"	0	1	0	0	0.078	0.441	0.246	0.235	-0.035	0.356	-0.123	-0.116	0.63	"2"
"额"	0	1	0	1	0.157	0.882	0.492	0.469	-0.071	0.163	-0.245	0.383	0.862	"4"
"额外"	0	2	0	2	0.314	1.763	0.984	0.939	-0.142	0.226	-0.49	0.627	1.485	"4"
"额度"	0	1	0	2	0.235	1.323	0.738	0.704	-0.106	-0.23	-0.368	0.856	1.56	"4"
"风光"	0	0	2	0	0.157	0.882	0.492	0.469	-0.071	-0.505	1.218	-0.232	2.026	"3"
"餐券"	0	0	0	2	0.157	0.882	0.492	0.469	-0.071	-0.505	-0.245	1.259	2.08	"4"
"馆"	0	0	1	0	0.078	0.441	0.246	0.235	-0.035	-0.252	0.609	-0.116	1.012	"3"
"首"	0	1	2	4	0.549	3.086	1.722	1.643	-0.248	-0.953	0.264	1.242	2.707	"4"
"首位"	0	2	0	0	0.157	0.882	0.492	0.469	-0.071	0.711	-0.245	-0.232	1.259	"2"
"首奖"	0	3	1	2	0.471	2.645	1.476	1.408	-0.213	0.268	-0.265	0.367	1.113	"4"
"首戴森"	0	1	0	0	0.078	0.441	0.246	0.235	-0.035	0.356	-0.123	-0.116	0.63	"2"
"马克"	0	1	0	0	0.078	0.441	0.246	0.235	-0.035	0.356	-0.123	-0.116	0.63	"2"
"马国"	0	1	0	0	0.078	0.441	0.246	0.235	-0.035	0.356	-0.123	-0.116	0.63	"2"
"高"	0	21	4	1	2.04	11.462	6.395	6.103	-0.923	3.833	-0.705	-2.068	7.529	"2"
"高中组"	0	1	0	0	0.078	0.441	0.246	0.235	-0.035	0.356	-0.123	-0.116	0.63	"2"
"高低"	0	1	0	0	0.078	0.441	0.246	0.235	-0.035	0.356	-0.123	-0.116	0.63	"2"
"高尔夫球"	0	2	1	0	0.235	1.323	0.738	0.704	-0.106	0.385	0.243	-0.349	1.083	"2"
"高尔夫球赛"	0	1	0	0	0.078	0.441	0.246	0.235	-0.035	0.356	-0.123	-0.116	0.63	"2"
"高手"	0	1	0	0	0.078	0.441	0.246	0.235	-0.035	0.356	-0.123	-0.116	0.63	"2"
"高球"	0	2	0	0	0.157	0.882	0.492	0.469	-0.071	0.711	-0.245	-0.232	1.259	"2"
"高达"	0	6	0	0	0.471	2.645	1.476	1.408	-0.213	2.134	-0.736	-0.697	3.78	"2"
"高额"	0	2	0	2	0.314	1.763	0.984	0.939	-0.142	0.226	-0.49	0.627	1.485	"4"
"鬼灵精"	0	0	1	0	0.078	0.441	0.246	0.235	-0.035	-0.252	0.609	-0.116	1.012	"3"
"黑面琵鹭"	0	1	0	0	0.078	0.441	0.246	0.235	-0.035	0.356	-0.123	-0.116	0.63	"2"
"鼓励"	0	3	2	5	0.785	4.408	2.46	2.347	-0.355	-0.544	-0.269	1.211	2.379	"4"
"鼓励性"	0	1	0	0	0.078	0.441	0.246	0.235	-0.035	0.356	-0.123	-0.116	0.63	"2"
