"Coll_Word"	"1"	"2"	"3"	"4"	"exp_1"	"exp_2"	"exp_3"	"exp_4"	"pbin_1"	"pbin_2"	"pbin_3"	"pbin_4"	"SumAbsDev"	"LargestDev"
"－－"	0	0	0	2	0.566	0.161	0.244	1.029	-0.289	-0.073	-0.113	0.577	1.052	"4"
"“"	1	0	0	26	7.642	2.175	3.292	13.891	-2.835	-0.985	-1.525	6.37	11.715	"4"
"”"	0	0	1	24	7.076	2.014	3.049	12.862	-3.613	-0.912	-0.761	5.825	11.111	"4"
"10多"	0	0	0	1	0.283	0.081	0.122	0.514	-0.145	-0.036	-0.056	0.289	0.526	"4"
"11.3"	0	0	1	0	0.283	0.081	0.122	0.514	-0.145	-0.036	0.914	-0.314	1.409	"3"
"124"	0	1	0	0	0.283	0.081	0.122	0.514	-0.145	1.094	-0.056	-0.314	1.609	"2"
"1339"	0	0	0	1	0.283	0.081	0.122	0.514	-0.145	-0.036	-0.056	0.289	0.526	"4"
"1400"	0	0	0	1	0.283	0.081	0.122	0.514	-0.145	-0.036	-0.056	0.289	0.526	"4"
"2001年"	0	0	0	3	0.849	0.242	0.366	1.543	-0.434	-0.109	-0.169	0.866	1.578	"4"
"2004年"	0	0	0	2	0.566	0.161	0.244	1.029	-0.289	-0.073	-0.113	0.577	1.052	"4"
"2005年"	0	0	0	3	0.849	0.242	0.366	1.543	-0.434	-0.109	-0.169	0.866	1.578	"4"
"2007年"	0	0	0	1	0.283	0.081	0.122	0.514	-0.145	-0.036	-0.056	0.289	0.526	"4"
"2008年"	0	0	0	1	0.283	0.081	0.122	0.514	-0.145	-0.036	-0.056	0.289	0.526	"4"
"2010年"	0	0	0	1	0.283	0.081	0.122	0.514	-0.145	-0.036	-0.056	0.289	0.526	"4"
"240万"	0	0	0	1	0.283	0.081	0.122	0.514	-0.145	-0.036	-0.056	0.289	0.526	"4"
"2亿"	0	0	1	0	0.283	0.081	0.122	0.514	-0.145	-0.036	0.914	-0.314	1.409	"3"
"3000万"	0	0	1	0	0.283	0.081	0.122	0.514	-0.145	-0.036	0.914	-0.314	1.409	"3"
"400多"	0	0	1	0	0.283	0.081	0.122	0.514	-0.145	-0.036	0.914	-0.314	1.409	"3"
"44.29"	0	0	0	1	0.283	0.081	0.122	0.514	-0.145	-0.036	-0.056	0.289	0.526	"4"
"48亿"	0	0	0	1	0.283	0.081	0.122	0.514	-0.145	-0.036	-0.056	0.289	0.526	"4"
"4亿"	0	0	0	1	0.283	0.081	0.122	0.514	-0.145	-0.036	-0.056	0.289	0.526	"4"
"5.18"	0	0	1	0	0.283	0.081	0.122	0.514	-0.145	-0.036	0.914	-0.314	1.409	"3"
"500万"	0	0	1	0	0.283	0.081	0.122	0.514	-0.145	-0.036	0.914	-0.314	1.409	"3"
"540万"	0	0	1	0	0.283	0.081	0.122	0.514	-0.145	-0.036	0.914	-0.314	1.409	"3"
"566"	0	0	0	1	0.283	0.081	0.122	0.514	-0.145	-0.036	-0.056	0.289	0.526	"4"
"5年"	0	0	1	0	0.283	0.081	0.122	0.514	-0.145	-0.036	0.914	-0.314	1.409	"3"
"78026"	0	0	1	0	0.283	0.081	0.122	0.514	-0.145	-0.036	0.914	-0.314	1.409	"3"
"8"	0	2	1	0	0.849	0.242	0.366	1.543	-0.434	1.735	0.491	-0.941	3.601	"2"
"891114"	0	0	0	1	0.283	0.081	0.122	0.514	-0.145	-0.036	-0.056	0.289	0.526	"4"
"EMBA"	0	0	0	1	0.283	0.081	0.122	0.514	-0.145	-0.036	-0.056	0.289	0.526	"4"
"Esmart"	0	0	0	2	0.566	0.161	0.244	1.029	-0.289	-0.073	-0.113	0.577	1.052	"4"
"ontactless"	0	0	0	1	0.283	0.081	0.122	0.514	-0.145	-0.036	-0.056	0.289	0.526	"4"
"programme"	0	0	1	0	0.283	0.081	0.122	0.514	-0.145	-0.036	0.914	-0.314	1.409	"3"
"TOP"	0	0	0	1	0.283	0.081	0.122	0.514	-0.145	-0.036	-0.056	0.289	0.526	"4"
"WAP"	0	0	0	1	0.283	0.081	0.122	0.514	-0.145	-0.036	-0.056	0.289	0.526	"4"
"ww.firstindependent.com.sg"	0	0	0	1	0.283	0.081	0.122	0.514	-0.145	-0.036	-0.056	0.289	0.526	"4"
"一些"	0	0	2	0	0.566	0.161	0.244	1.029	-0.289	-0.073	1.828	-0.628	2.818	"3"
"一体"	0	0	1	1	0.566	0.161	0.244	1.029	-0.289	-0.073	0.64	-0.134	1.136	"3"
"一切"	1	0	0	1	0.566	0.161	0.244	1.029	0.313	-0.073	-0.113	-0.134	0.633	"1"
"一年"	0	0	0	1	0.283	0.081	0.122	0.514	-0.145	-0.036	-0.056	0.289	0.526	"4"
"一手"	1	0	0	0	0.283	0.081	0.122	0.514	0.548	-0.036	-0.056	-0.314	0.954	"1"
"一般"	0	0	0	1	0.283	0.081	0.122	0.514	-0.145	-0.036	-0.056	0.289	0.526	"4"
"一部分"	0	1	0	0	0.283	0.081	0.122	0.514	-0.145	1.094	-0.056	-0.314	1.609	"2"
"三位一体"	0	0	0	1	0.283	0.081	0.122	0.514	-0.145	-0.036	-0.056	0.289	0.526	"4"
"上市"	0	0	0	3	0.849	0.242	0.366	1.543	-0.434	-0.109	-0.169	0.866	1.578	"4"
"上海市"	0	0	1	1	0.566	0.161	0.244	1.029	-0.289	-0.073	0.64	-0.134	1.136	"3"
"上等"	0	1	0	0	0.283	0.081	0.122	0.514	-0.145	1.094	-0.056	-0.314	1.609	"2"
"下"	0	0	0	6	1.698	0.483	0.732	3.087	-0.867	-0.219	-0.339	1.732	3.157	"4"
"下移"	1	0	0	0	0.283	0.081	0.122	0.514	0.548	-0.036	-0.056	-0.314	0.954	"1"
"不懈"	2	0	0	0	0.566	0.161	0.244	1.029	1.096	-0.073	-0.113	-0.628	1.91	"1"
"专家组"	0	0	0	3	0.849	0.242	0.366	1.543	-0.434	-0.109	-0.169	0.866	1.578	"4"
"专递"	0	0	0	1	0.283	0.081	0.122	0.514	-0.145	-0.036	-0.056	0.289	0.526	"4"
"专项"	1	0	0	0	0.283	0.081	0.122	0.514	0.548	-0.036	-0.056	-0.314	0.954	"1"
"世纪"	1	0	0	0	0.283	0.081	0.122	0.514	0.548	-0.036	-0.056	-0.314	0.954	"1"
"东道主"	0	1	0	0	0.283	0.081	0.122	0.514	-0.145	1.094	-0.056	-0.314	1.609	"2"
"两基"	0	0	0	1	0.283	0.081	0.122	0.514	-0.145	-0.036	-0.056	0.289	0.526	"4"
"严格"	0	0	0	1	0.283	0.081	0.122	0.514	-0.145	-0.036	-0.056	0.289	0.526	"4"
"个"	0	13	9	0	6.227	1.772	2.683	11.318	-3.179	8.828	3.179	-6.903	22.089	"2"
"个人化"	0	0	0	1	0.283	0.081	0.122	0.514	-0.145	-0.036	-0.056	0.289	0.526	"4"
"个性化"	0	0	0	1	0.283	0.081	0.122	0.514	-0.145	-0.036	-0.056	0.289	0.526	"4"
"中东"	0	0	0	4	1.132	0.322	0.488	2.058	-0.578	-0.146	-0.226	1.155	2.105	"4"
"中国"	2	0	1	2	1.415	0.403	0.61	2.572	0.36	-0.182	0.321	-0.325	1.188	"1"
"中小型"	0	0	0	1	0.283	0.081	0.122	0.514	-0.145	-0.036	-0.056	0.289	0.526	"4"
"中心"	0	0	1	1	0.566	0.161	0.244	1.029	-0.289	-0.073	0.64	-0.134	1.136	"3"
"中期"	0	0	0	1	0.283	0.081	0.122	0.514	-0.145	-0.036	-0.056	0.289	0.526	"4"
"中石化"	0	0	1	0	0.283	0.081	0.122	0.514	-0.145	-0.036	0.914	-0.314	1.409	"3"
"中资"	0	0	0	1	0.283	0.081	0.122	0.514	-0.145	-0.036	-0.056	0.289	0.526	"4"
"临界"	0	0	1	0	0.283	0.081	0.122	0.514	-0.145	-0.036	0.914	-0.314	1.409	"3"
"主义"	1	0	0	0	0.283	0.081	0.122	0.514	0.548	-0.036	-0.056	-0.314	0.954	"1"
"主动"	1	0	0	0	0.283	0.081	0.122	0.514	0.548	-0.036	-0.056	-0.314	0.954	"1"
"主打"	0	1	0	0	0.283	0.081	0.122	0.514	-0.145	1.094	-0.056	-0.314	1.609	"2"
"主要"	0	1	0	7	2.264	0.644	0.976	4.116	-1.156	0.31	-0.452	1.377	3.295	"4"
"主计"	0	0	0	1	0.283	0.081	0.122	0.514	-0.145	-0.036	-0.056	0.289	0.526	"4"
"举步维艰"	0	0	0	1	0.283	0.081	0.122	0.514	-0.145	-0.036	-0.056	0.289	0.526	"4"
"义务教育"	1	0	0	0	0.283	0.081	0.122	0.514	0.548	-0.036	-0.056	-0.314	0.954	"1"
"义警"	0	0	0	1	0.283	0.081	0.122	0.514	-0.145	-0.036	-0.056	0.289	0.526	"4"
"乏善可陈"	0	0	0	1	0.283	0.081	0.122	0.514	-0.145	-0.036	-0.056	0.289	0.526	"4"
"乒乓球界"	0	0	0	1	0.283	0.081	0.122	0.514	-0.145	-0.036	-0.056	0.289	0.526	"4"
"乡镇"	1	0	0	1	0.566	0.161	0.244	1.029	0.313	-0.073	-0.113	-0.134	0.633	"1"
"了事"	0	0	0	1	0.283	0.081	0.122	0.514	-0.145	-0.036	-0.056	0.289	0.526	"4"
"争光"	0	0	0	1	0.283	0.081	0.122	0.514	-0.145	-0.036	-0.056	0.289	0.526	"4"
"争夺"	0	1	0	0	0.283	0.081	0.122	0.514	-0.145	1.094	-0.056	-0.314	1.609	"2"
"争议"	0	0	0	1	0.283	0.081	0.122	0.514	-0.145	-0.036	-0.056	0.289	0.526	"4"
"事业"	0	0	0	3	0.849	0.242	0.366	1.543	-0.434	-0.109	-0.169	0.866	1.578	"4"
"事业性"	0	0	0	1	0.283	0.081	0.122	0.514	-0.145	-0.036	-0.056	0.289	0.526	"4"
"事业部"	0	0	0	1	0.283	0.081	0.122	0.514	-0.145	-0.036	-0.056	0.289	0.526	"4"
"事故"	0	0	0	1	0.283	0.081	0.122	0.514	-0.145	-0.036	-0.056	0.289	0.526	"4"
"五"	0	0	0	2	0.566	0.161	0.244	1.029	-0.289	-0.073	-0.113	0.577	1.052	"4"
"交流"	0	0	1	0	0.283	0.081	0.122	0.514	-0.145	-0.036	0.914	-0.314	1.409	"3"
"交通"	0	0	0	1	0.283	0.081	0.122	0.514	-0.145	-0.036	-0.056	0.289	0.526	"4"
"产业"	0	0	2	0	0.566	0.161	0.244	1.029	-0.289	-0.073	1.828	-0.628	2.818	"3"
"产物"	0	0	0	1	0.283	0.081	0.122	0.514	-0.145	-0.036	-0.056	0.289	0.526	"4"
"京剧"	0	0	0	1	0.283	0.081	0.122	0.514	-0.145	-0.036	-0.056	0.289	0.526	"4"
"人事"	1	0	0	0	0.283	0.081	0.122	0.514	0.548	-0.036	-0.056	-0.314	0.954	"1"
"人口"	0	0	1	0	0.283	0.081	0.122	0.514	-0.145	-0.036	0.914	-0.314	1.409	"3"
"人员"	1	0	0	13	3.963	1.128	1.707	7.202	-1.208	-0.511	-0.791	2.888	5.398	"4"
"人大"	2	0	0	0	0.566	0.161	0.244	1.029	1.096	-0.073	-0.113	-0.628	1.91	"1"
"人居"	0	0	0	1	0.283	0.081	0.122	0.514	-0.145	-0.036	-0.056	0.289	0.526	"4"
"人才"	0	0	0	1	0.283	0.081	0.122	0.514	-0.145	-0.036	-0.056	0.289	0.526	"4"
"人民币"	0	0	2	0	0.566	0.161	0.244	1.029	-0.289	-0.073	1.828	-0.628	2.818	"3"
"人道"	0	0	0	1	0.283	0.081	0.122	0.514	-0.145	-0.036	-0.056	0.289	0.526	"4"
"亿"	0	0	3	1	1.132	0.322	0.488	2.058	-0.578	-0.146	2.181	-0.536	3.441	"3"
"亿兆"	0	0	0	1	0.283	0.081	0.122	0.514	-0.145	-0.036	-0.056	0.289	0.526	"4"
"今后"	1	0	1	0	0.566	0.161	0.244	1.029	0.313	-0.073	0.64	-0.628	1.654	"3"
"介绍"	1	0	0	4	1.415	0.403	0.61	2.572	-0.249	-0.182	-0.282	0.686	1.399	"4"
"仍然"	1	0	0	0	0.283	0.081	0.122	0.514	0.548	-0.036	-0.056	-0.314	0.954	"1"
"从事"	0	0	0	5	1.415	0.403	0.61	2.572	-0.723	-0.182	-0.282	1.443	2.63	"4"
"付款"	0	0	0	1	0.283	0.081	0.122	0.514	-0.145	-0.036	-0.056	0.289	0.526	"4"
"付诸"	0	0	1	1	0.566	0.161	0.244	1.029	-0.289	-0.073	0.64	-0.134	1.136	"3"
"以上"	0	1	1	0	0.566	0.161	0.244	1.029	-0.289	0.811	0.64	-0.628	2.368	"2"
"以外"	0	0	1	0	0.283	0.081	0.122	0.514	-0.145	-0.036	0.914	-0.314	1.409	"3"
"任免"	1	0	0	0	0.283	0.081	0.122	0.514	0.548	-0.036	-0.056	-0.314	0.954	"1"
"任务"	2	0	0	1	0.849	0.242	0.366	1.543	0.71	-0.109	-0.169	-0.32	1.308	"1"
"任期"	0	0	0	1	0.283	0.081	0.122	0.514	-0.145	-0.036	-0.056	0.289	0.526	"4"
"伊"	0	0	0	1	0.283	0.081	0.122	0.514	-0.145	-0.036	-0.056	0.289	0.526	"4"
"休假"	0	0	0	1	0.283	0.081	0.122	0.514	-0.145	-0.036	-0.056	0.289	0.526	"4"
"休闲"	0	0	0	1	0.283	0.081	0.122	0.514	-0.145	-0.036	-0.056	0.289	0.526	"4"
"优先"	0	0	3	0	0.849	0.242	0.366	1.543	-0.434	-0.109	2.742	-0.941	4.226	"3"
"优劣"	0	0	0	1	0.283	0.081	0.122	0.514	-0.145	-0.036	-0.056	0.289	0.526	"4"
"优势"	0	2	0	0	0.566	0.161	0.244	1.029	-0.289	2.188	-0.113	-0.628	3.218	"2"
"优异"	1	0	0	0	0.283	0.081	0.122	0.514	0.548	-0.036	-0.056	-0.314	0.954	"1"
"伙伴"	0	0	0	1	0.283	0.081	0.122	0.514	-0.145	-0.036	-0.056	0.289	0.526	"4"
"伟大"	1	0	0	0	0.283	0.081	0.122	0.514	0.548	-0.036	-0.056	-0.314	0.954	"1"
"传染性"	1	0	0	0	0.283	0.081	0.122	0.514	0.548	-0.036	-0.056	-0.314	0.954	"1"
"传染源"	1	0	0	0	0.283	0.081	0.122	0.514	0.548	-0.036	-0.056	-0.314	0.954	"1"
"传染病"	2	0	0	0	0.566	0.161	0.244	1.029	1.096	-0.073	-0.113	-0.628	1.91	"1"
"传统"	0	1	0	0	0.283	0.081	0.122	0.514	-0.145	1.094	-0.056	-0.314	1.609	"2"
"佐级"	0	0	0	2	0.566	0.161	0.244	1.029	-0.289	-0.073	-0.113	0.577	1.052	"4"
"体会"	0	0	0	1	0.283	0.081	0.122	0.514	-0.145	-0.036	-0.056	0.289	0.526	"4"
"体制"	1	0	0	0	0.283	0.081	0.122	0.514	0.548	-0.036	-0.056	-0.314	0.954	"1"
"体操"	0	1	0	0	0.283	0.081	0.122	0.514	-0.145	1.094	-0.056	-0.314	1.609	"2"
"体育"	0	2	0	0	0.566	0.161	0.244	1.029	-0.289	2.188	-0.113	-0.628	3.218	"2"
"作为"	1	0	0	2	0.849	0.242	0.366	1.543	0.2	-0.109	-0.169	0.283	0.761	"4"
"作出"	0	0	0	1	0.283	0.081	0.122	0.514	-0.145	-0.036	-0.056	0.289	0.526	"4"
"作风"	2	0	0	0	0.566	0.161	0.244	1.029	1.096	-0.073	-0.113	-0.628	1.91	"1"
"使馆"	2	0	0	0	0.566	0.161	0.244	1.029	1.096	-0.073	-0.113	-0.628	1.91	"1"
"供水"	0	0	0	1	0.283	0.081	0.122	0.514	-0.145	-0.036	-0.056	0.289	0.526	"4"
"供求"	0	0	2	0	0.566	0.161	0.244	1.029	-0.289	-0.073	1.828	-0.628	2.818	"3"
"依托"	0	1	0	0	0.283	0.081	0.122	0.514	-0.145	1.094	-0.056	-0.314	1.609	"2"
"依据"	0	0	0	3	0.849	0.242	0.366	1.543	-0.434	-0.109	-0.169	0.866	1.578	"4"
"依然"	0	0	0	2	0.566	0.161	0.244	1.029	-0.289	-0.073	-0.113	0.577	1.052	"4"
"侦破"	1	0	0	0	0.283	0.081	0.122	0.514	0.548	-0.036	-0.056	-0.314	0.954	"1"
"侨"	1	0	0	0	0.283	0.081	0.122	0.514	0.548	-0.036	-0.056	-0.314	0.954	"1"
"侨联"	1	0	0	0	0.283	0.081	0.122	0.514	0.548	-0.036	-0.056	-0.314	0.954	"1"
"侯信杰"	0	0	0	1	0.283	0.081	0.122	0.514	-0.145	-0.036	-0.056	0.289	0.526	"4"
"促进"	1	0	0	0	0.283	0.081	0.122	0.514	0.548	-0.036	-0.056	-0.314	0.954	"1"
"促销"	0	0	0	1	0.283	0.081	0.122	0.514	-0.145	-0.036	-0.056	0.289	0.526	"4"
"保卫"	0	0	0	1	0.283	0.081	0.122	0.514	-0.145	-0.036	-0.056	0.289	0.526	"4"
"保护"	4	0	1	3	2.264	0.644	0.976	4.116	0.784	-0.292	0.189	-0.479	1.744	"1"
"保护区"	1	0	0	0	0.283	0.081	0.122	0.514	0.548	-0.036	-0.056	-0.314	0.954	"1"
"保洁"	0	0	0	1	0.283	0.081	0.122	0.514	-0.145	-0.036	-0.056	0.289	0.526	"4"
"保证"	0	0	0	1	0.283	0.081	0.122	0.514	-0.145	-0.036	-0.056	0.289	0.526	"4"
"保障"	1	0	0	1	0.566	0.161	0.244	1.029	0.313	-0.073	-0.113	-0.134	0.633	"1"
"信息化"	1	0	0	0	0.283	0.081	0.122	0.514	0.548	-0.036	-0.056	-0.314	0.954	"1"
"信贷"	0	0	1	0	0.283	0.081	0.122	0.514	-0.145	-0.036	0.914	-0.314	1.409	"3"
"修复"	0	0	0	1	0.283	0.081	0.122	0.514	-0.145	-0.036	-0.056	0.289	0.526	"4"
"修建"	0	0	0	1	0.283	0.081	0.122	0.514	-0.145	-0.036	-0.056	0.289	0.526	"4"
"修订"	1	0	0	1	0.566	0.161	0.244	1.029	0.313	-0.073	-0.113	-0.134	0.633	"1"
"倒置"	0	0	0	1	0.283	0.081	0.122	0.514	-0.145	-0.036	-0.056	0.289	0.526	"4"
"候车室"	0	0	0	1	0.283	0.081	0.122	0.514	-0.145	-0.036	-0.056	0.289	0.526	"4"
"做"	5	0	0	4	2.547	0.725	1.097	4.63	1.1	-0.328	-0.508	-0.333	2.269	"1"
"做到"	2	0	0	0	0.566	0.161	0.244	1.029	1.096	-0.073	-0.113	-0.628	1.91	"1"
"做好"	9	0	0	0	2.547	0.725	1.097	4.63	4.933	-0.328	-0.508	-2.824	8.593	"1"
"停建"	0	0	0	1	0.283	0.081	0.122	0.514	-0.145	-0.036	-0.056	0.289	0.526	"4"
"健儿"	0	1	0	0	0.283	0.081	0.122	0.514	-0.145	1.094	-0.056	-0.314	1.609	"2"
"元入学"	0	0	0	1	0.283	0.081	0.122	0.514	-0.145	-0.036	-0.056	0.289	0.526	"4"
"充分"	1	0	0	0	0.283	0.081	0.122	0.514	0.548	-0.036	-0.056	-0.314	0.954	"1"
"光荣"	0	0	0	1	0.283	0.081	0.122	0.514	-0.145	-0.036	-0.056	0.289	0.526	"4"
"克服"	1	0	0	0	0.283	0.081	0.122	0.514	0.548	-0.036	-0.056	-0.314	0.954	"1"
"党"	1	0	0	1	0.566	0.161	0.244	1.029	0.313	-0.073	-0.113	-0.134	0.633	"1"
"党委"	4	0	0	0	1.132	0.322	0.488	2.058	2.193	-0.146	-0.226	-1.255	3.82	"1"
"党营"	0	0	0	1	0.283	0.081	0.122	0.514	-0.145	-0.036	-0.056	0.289	0.526	"4"
"党风"	1	0	0	0	0.283	0.081	0.122	0.514	0.548	-0.036	-0.056	-0.314	0.954	"1"
"入学"	0	0	0	1	0.283	0.081	0.122	0.514	-0.145	-0.036	-0.056	0.289	0.526	"4"
"入手"	1	0	0	0	0.283	0.081	0.122	0.514	0.548	-0.036	-0.056	-0.314	0.954	"1"
"全国"	7	0	0	1	2.264	0.644	0.976	4.116	3.058	-0.292	-0.452	-1.534	5.336	"1"
"全国人口"	1	0	0	0	0.283	0.081	0.122	0.514	0.548	-0.036	-0.056	-0.314	0.954	"1"
"全省"	1	0	0	0	0.283	0.081	0.122	0.514	0.548	-0.036	-0.056	-0.314	0.954	"1"
"全能赛"	0	1	0	0	0.283	0.081	0.122	0.514	-0.145	1.094	-0.056	-0.314	1.609	"2"
"全部"	0	0	1	0	0.283	0.081	0.122	0.514	-0.145	-0.036	0.914	-0.314	1.409	"3"
"全面"	4	0	0	0	1.132	0.322	0.488	2.058	2.193	-0.146	-0.226	-1.255	3.82	"1"
"公关"	0	0	0	2	0.566	0.161	0.244	1.029	-0.289	-0.073	-0.113	0.577	1.052	"4"
"公用"	0	0	1	0	0.283	0.081	0.122	0.514	-0.145	-0.036	0.914	-0.314	1.409	"3"
"公益"	0	0	0	1	0.283	0.081	0.122	0.514	-0.145	-0.036	-0.056	0.289	0.526	"4"
"公示制"	0	0	1	0	0.283	0.081	0.122	0.514	-0.145	-0.036	0.914	-0.314	1.409	"3"
"公积金"	0	0	0	1	0.283	0.081	0.122	0.514	-0.145	-0.036	-0.056	0.289	0.526	"4"
"公营"	0	0	0	1	0.283	0.081	0.122	0.514	-0.145	-0.036	-0.056	0.289	0.526	"4"
"公证"	0	0	1	0	0.283	0.081	0.122	0.514	-0.145	-0.036	0.914	-0.314	1.409	"3"
"共"	0	0	2	0	0.566	0.161	0.244	1.029	-0.289	-0.073	1.828	-0.628	2.818	"3"
"关于"	3	0	0	0	0.849	0.242	0.366	1.543	1.644	-0.109	-0.169	-0.941	2.863	"1"
"关心"	1	0	0	0	0.283	0.081	0.122	0.514	0.548	-0.036	-0.056	-0.314	0.954	"1"
"关爱"	0	0	0	1	0.283	0.081	0.122	0.514	-0.145	-0.036	-0.056	0.289	0.526	"4"
"兴奋剂"	0	0	0	1	0.283	0.081	0.122	0.514	-0.145	-0.036	-0.056	0.289	0.526	"4"
"兴建"	0	0	0	1	0.283	0.081	0.122	0.514	-0.145	-0.036	-0.056	0.289	0.526	"4"
"兴边"	1	0	0	0	0.283	0.081	0.122	0.514	0.548	-0.036	-0.056	-0.314	0.954	"1"
"其"	0	0	0	2	0.566	0.161	0.244	1.029	-0.289	-0.073	-0.113	0.577	1.052	"4"
"其中"	0	0	0	1	0.283	0.081	0.122	0.514	-0.145	-0.036	-0.056	0.289	0.526	"4"
"具"	0	0	0	1	0.283	0.081	0.122	0.514	-0.145	-0.036	-0.056	0.289	0.526	"4"
"具体"	1	0	0	5	1.698	0.483	0.732	3.087	-0.34	-0.219	-0.339	0.908	1.806	"4"
"典"	0	0	0	1	0.283	0.081	0.122	0.514	-0.145	-0.036	-0.056	0.289	0.526	"4"
"典型"	1	0	0	0	0.283	0.081	0.122	0.514	0.548	-0.036	-0.056	-0.314	0.954	"1"
"养猪"	0	0	0	1	0.283	0.081	0.122	0.514	-0.145	-0.036	-0.056	0.289	0.526	"4"
"内"	0	0	0	1	0.283	0.081	0.122	0.514	-0.145	-0.036	-0.056	0.289	0.526	"4"
"内容"	0	0	0	1	0.283	0.081	0.122	0.514	-0.145	-0.036	-0.056	0.289	0.526	"4"
"再就业"	0	0	1	0	0.283	0.081	0.122	0.514	-0.145	-0.036	0.914	-0.314	1.409	"3"
"再接再厉"	1	0	0	0	0.283	0.081	0.122	0.514	0.548	-0.036	-0.056	-0.314	0.954	"1"
"农"	0	1	0	0	0.283	0.081	0.122	0.514	-0.145	1.094	-0.056	-0.314	1.609	"2"
"农业"	0	1	0	0	0.283	0.081	0.122	0.514	-0.145	1.094	-0.056	-0.314	1.609	"2"
"农村"	3	0	0	0	0.849	0.242	0.366	1.543	1.644	-0.109	-0.169	-0.941	2.863	"1"
"农运会"	0	3	0	0	0.849	0.242	0.366	1.543	-0.434	3.282	-0.169	-0.941	4.826	"2"
"冬季"	0	1	0	0	0.283	0.081	0.122	0.514	-0.145	1.094	-0.056	-0.314	1.609	"2"
"冰"	0	1	0	0	0.283	0.081	0.122	0.514	-0.145	1.094	-0.056	-0.314	1.609	"2"
"冰山场"	0	1	0	0	0.283	0.081	0.122	0.514	-0.145	1.094	-0.056	-0.314	1.609	"2"
"冰舞"	0	1	0	0	0.283	0.081	0.122	0.514	-0.145	1.094	-0.056	-0.314	1.609	"2"
"决"	0	0	0	1	0.283	0.081	0.122	0.514	-0.145	-0.036	-0.056	0.289	0.526	"4"
"准备"	1	0	0	4	1.415	0.403	0.61	2.572	-0.249	-0.182	-0.282	0.686	1.399	"4"
"减灾"	0	0	0	2	0.566	0.161	0.244	1.029	-0.289	-0.073	-0.113	0.577	1.052	"4"
"减税"	0	0	0	2	0.566	0.161	0.244	1.029	-0.289	-0.073	-0.113	0.577	1.052	"4"
"出发点"	1	0	0	0	0.283	0.081	0.122	0.514	0.548	-0.036	-0.056	-0.314	0.954	"1"
"出售"	0	0	0	1	0.283	0.081	0.122	0.514	-0.145	-0.036	-0.056	0.289	0.526	"4"
"出色"	0	0	0	1	0.283	0.081	0.122	0.514	-0.145	-0.036	-0.056	0.289	0.526	"4"
"出让"	0	0	1	0	0.283	0.081	0.122	0.514	-0.145	-0.036	0.914	-0.314	1.409	"3"
"击剑"	0	1	0	0	0.283	0.081	0.122	0.514	-0.145	1.094	-0.056	-0.314	1.609	"2"
"分为"	0	0	0	1	0.283	0.081	0.122	0.514	-0.145	-0.036	-0.056	0.289	0.526	"4"
"分发"	0	0	0	1	0.283	0.081	0.122	0.514	-0.145	-0.036	-0.056	0.289	0.526	"4"
"分寸"	0	0	0	1	0.283	0.081	0.122	0.514	-0.145	-0.036	-0.056	0.289	0.526	"4"
"分期"	0	0	1	1	0.566	0.161	0.244	1.029	-0.289	-0.073	0.64	-0.134	1.136	"3"
"分离"	0	0	0	1	0.283	0.081	0.122	0.514	-0.145	-0.036	-0.056	0.289	0.526	"4"
"分配"	1	0	0	0	0.283	0.081	0.122	0.514	0.548	-0.036	-0.056	-0.314	0.954	"1"
"切实"	1	0	0	0	0.283	0.081	0.122	0.514	0.548	-0.036	-0.056	-0.314	0.954	"1"
"划"	0	0	0	1	0.283	0.081	0.122	0.514	-0.145	-0.036	-0.056	0.289	0.526	"4"
"列为"	0	2	0	0	0.566	0.161	0.244	1.029	-0.289	2.188	-0.113	-0.628	3.218	"2"
"列入"	0	1	1	0	0.566	0.161	0.244	1.029	-0.289	0.811	0.64	-0.628	2.368	"2"
"刘淇"	1	0	0	0	0.283	0.081	0.122	0.514	0.548	-0.036	-0.056	-0.314	0.954	"1"
"创业家"	0	0	0	1	0.283	0.081	0.122	0.514	-0.145	-0.036	-0.056	0.289	0.526	"4"
"创建"	1	0	0	0	0.283	0.081	0.122	0.514	0.548	-0.036	-0.056	-0.314	0.954	"1"
"创新"	1	1	0	0	0.566	0.161	0.244	1.029	0.313	0.811	-0.113	-0.628	1.865	"2"
"利比"	0	0	0	1	0.283	0.081	0.122	0.514	-0.145	-0.036	-0.056	0.289	0.526	"4"
"制定"	1	0	0	3	1.132	0.322	0.488	2.058	-0.167	-0.146	-0.226	0.476	1.015	"4"
"制订"	0	0	0	3	0.849	0.242	0.366	1.543	-0.434	-0.109	-0.169	0.866	1.578	"4"
"前期"	1	0	0	1	0.566	0.161	0.244	1.029	0.313	-0.073	-0.113	-0.134	0.633	"1"
"前途"	0	2	0	0	0.566	0.161	0.244	1.029	-0.289	2.188	-0.113	-0.628	3.218	"2"
"副主任"	0	0	2	0	0.566	0.161	0.244	1.029	-0.289	-0.073	1.828	-0.628	2.818	"3"
"副厅级"	1	0	0	0	0.283	0.081	0.122	0.514	0.548	-0.036	-0.056	-0.314	0.954	"1"
"力度"	1	0	0	0	0.283	0.081	0.122	0.514	0.548	-0.036	-0.056	-0.314	0.954	"1"
"办公"	1	0	0	0	0.283	0.081	0.122	0.514	0.548	-0.036	-0.056	-0.314	0.954	"1"
"加大"	2	0	0	0	0.566	0.161	0.244	1.029	1.096	-0.073	-0.113	-0.628	1.91	"1"
"加强"	6	0	0	1	1.981	0.564	0.854	3.601	2.564	-0.255	-0.395	-1.271	4.485	"1"
"加深"	0	0	0	1	0.283	0.081	0.122	0.514	-0.145	-0.036	-0.056	0.289	0.526	"4"
"加纳"	1	0	0	0	0.283	0.081	0.122	0.514	0.548	-0.036	-0.056	-0.314	0.954	"1"
"加薪"	0	0	0	1	0.283	0.081	0.122	0.514	-0.145	-0.036	-0.056	0.289	0.526	"4"
"务工"	1	0	0	0	0.283	0.081	0.122	0.514	0.548	-0.036	-0.056	-0.314	0.954	"1"
"动员"	1	0	0	0	0.283	0.081	0.122	0.514	0.548	-0.036	-0.056	-0.314	0.954	"1"
"努"	0	0	0	1	0.283	0.081	0.122	0.514	-0.145	-0.036	-0.056	0.289	0.526	"4"
"努力"	5	0	1	0	1.698	0.483	0.732	3.087	2.079	-0.219	0.266	-1.883	4.447	"1"
"劳教"	0	0	0	1	0.283	0.081	0.122	0.514	-0.145	-0.036	-0.056	0.289	0.526	"4"
"劳资"	0	0	0	1	0.283	0.081	0.122	0.514	-0.145	-0.036	-0.056	0.289	0.526	"4"
"勘察"	0	0	0	2	0.566	0.161	0.244	1.029	-0.289	-0.073	-0.113	0.577	1.052	"4"
"勘探"	0	0	1	0	0.283	0.081	0.122	0.514	-0.145	-0.036	0.914	-0.314	1.409	"3"
"勘测"	0	0	0	1	0.283	0.081	0.122	0.514	-0.145	-0.036	-0.056	0.289	0.526	"4"
"募"	0	0	0	1	0.283	0.081	0.122	0.514	-0.145	-0.036	-0.056	0.289	0.526	"4"
"募集"	0	0	0	1	0.283	0.081	0.122	0.514	-0.145	-0.036	-0.056	0.289	0.526	"4"
"包括"	0	1	1	0	0.566	0.161	0.244	1.029	-0.289	0.811	0.64	-0.628	2.368	"2"
"化"	0	0	3	0	0.849	0.242	0.366	1.543	-0.434	-0.109	2.742	-0.941	4.226	"3"
"北京"	3	0	0	1	1.132	0.322	0.488	2.058	1.146	-0.146	-0.226	-0.536	2.054	"1"
"北京市"	1	0	0	1	0.566	0.161	0.244	1.029	0.313	-0.073	-0.113	-0.134	0.633	"1"
"北大"	1	0	0	0	0.283	0.081	0.122	0.514	0.548	-0.036	-0.056	-0.314	0.954	"1"
"医务"	0	0	0	1	0.283	0.081	0.122	0.514	-0.145	-0.036	-0.056	0.289	0.526	"4"
"医疗"	3	0	0	0	0.849	0.242	0.366	1.543	1.644	-0.109	-0.169	-0.941	2.863	"1"
"医药"	0	0	0	1	0.283	0.081	0.122	0.514	-0.145	-0.036	-0.056	0.289	0.526	"4"
"十五"	0	0	0	3	0.849	0.242	0.366	1.543	-0.434	-0.109	-0.169	0.866	1.578	"4"
"十分"	1	0	0	4	1.415	0.403	0.61	2.572	-0.249	-0.182	-0.282	0.686	1.399	"4"
"升阳"	0	0	0	2	0.566	0.161	0.244	1.029	-0.289	-0.073	-0.113	0.577	1.052	"4"
"协同"	0	0	0	1	0.283	0.081	0.122	0.514	-0.145	-0.036	-0.056	0.289	0.526	"4"
"协议"	0	0	1	0	0.283	0.081	0.122	0.514	-0.145	-0.036	0.914	-0.314	1.409	"3"
"协调"	1	0	0	1	0.566	0.161	0.244	1.029	0.313	-0.073	-0.113	-0.134	0.633	"1"
"单一"	0	1	0	0	0.283	0.081	0.122	0.514	-0.145	1.094	-0.056	-0.314	1.609	"2"
"单人"	0	1	0	0	0.283	0.081	0.122	0.514	-0.145	1.094	-0.056	-0.314	1.609	"2"
"单位"	0	0	0	3	0.849	0.242	0.366	1.543	-0.434	-0.109	-0.169	0.866	1.578	"4"
"单纯"	0	0	0	1	0.283	0.081	0.122	0.514	-0.145	-0.036	-0.056	0.289	0.526	"4"
"博克"	0	1	0	0	0.283	0.081	0.122	0.514	-0.145	1.094	-0.056	-0.314	1.609	"2"
"占艾"	0	0	0	1	0.283	0.081	0.122	0.514	-0.145	-0.036	-0.056	0.289	0.526	"4"
"卫星"	0	0	0	1	0.283	0.081	0.122	0.514	-0.145	-0.036	-0.056	0.289	0.526	"4"
"卫生"	2	0	0	1	0.849	0.242	0.366	1.543	0.71	-0.109	-0.169	-0.32	1.308	"1"
"原址"	0	0	0	1	0.283	0.081	0.122	0.514	-0.145	-0.036	-0.056	0.289	0.526	"4"
"原有"	0	0	0	1	0.283	0.081	0.122	0.514	-0.145	-0.036	-0.056	0.289	0.526	"4"
"原本"	0	0	0	1	0.283	0.081	0.122	0.514	-0.145	-0.036	-0.056	0.289	0.526	"4"
"参与"	2	0	0	7	2.547	0.725	1.097	4.63	-0.294	-0.328	-0.508	0.979	2.109	"4"
"参赛"	0	2	0	0	0.566	0.161	0.244	1.029	-0.289	2.188	-0.113	-0.628	3.218	"2"
"及其"	0	0	0	1	0.283	0.081	0.122	0.514	-0.145	-0.036	-0.056	0.289	0.526	"4"
"及早"	0	0	0	1	0.283	0.081	0.122	0.514	-0.145	-0.036	-0.056	0.289	0.526	"4"
"及时"	1	0	0	0	0.283	0.081	0.122	0.514	0.548	-0.036	-0.056	-0.314	0.954	"1"
"双优"	1	0	0	0	0.283	0.081	0.122	0.514	0.548	-0.036	-0.056	-0.314	0.954	"1"
"反对"	0	0	0	3	0.849	0.242	0.366	1.543	-0.434	-0.109	-0.169	0.866	1.578	"4"
"发射"	0	0	0	1	0.283	0.081	0.122	0.514	-0.145	-0.036	-0.056	0.289	0.526	"4"
"发展"	2	0	8	1	3.113	0.886	1.341	5.659	-0.446	-0.401	5.243	-2.349	8.439	"3"
"发展权"	0	0	1	0	0.283	0.081	0.122	0.514	-0.145	-0.036	0.914	-0.314	1.409	"3"
"发掘"	0	0	0	1	0.283	0.081	0.122	0.514	-0.145	-0.036	-0.056	0.289	0.526	"4"
"发掘出"	0	0	0	1	0.283	0.081	0.122	0.514	-0.145	-0.036	-0.056	0.289	0.526	"4"
"发放"	0	0	0	1	0.283	0.081	0.122	0.514	-0.145	-0.036	-0.056	0.289	0.526	"4"
"发电机组"	0	0	0	1	0.283	0.081	0.122	0.514	-0.145	-0.036	-0.056	0.289	0.526	"4"
"发菜"	2	0	0	0	0.566	0.161	0.244	1.029	1.096	-0.073	-0.113	-0.628	1.91	"1"
"取得"	3	0	0	2	1.415	0.403	0.61	2.572	0.85	-0.182	-0.282	-0.325	1.639	"1"
"取消"	0	0	0	1	0.283	0.081	0.122	0.514	-0.145	-0.036	-0.056	0.289	0.526	"4"
"受雇"	0	0	0	1	0.283	0.081	0.122	0.514	-0.145	-0.036	-0.056	0.289	0.526	"4"
"可否"	0	0	0	1	0.283	0.081	0.122	0.514	-0.145	-0.036	-0.056	0.289	0.526	"4"
"可燃性"	0	0	0	1	0.283	0.081	0.122	0.514	-0.145	-0.036	-0.056	0.289	0.526	"4"
"可行"	0	0	0	2	0.566	0.161	0.244	1.029	-0.289	-0.073	-0.113	0.577	1.052	"4"
"各"	11	0	1	4	4.529	1.289	1.951	8.231	3.038	-0.584	-0.395	-1.527	5.544	"1"
"合"	0	0	1	0	0.283	0.081	0.122	0.514	-0.145	-0.036	0.914	-0.314	1.409	"3"
"合作"	0	0	3	2	1.415	0.403	0.61	2.572	-0.723	-0.182	1.825	-0.325	3.055	"3"
"合同"	0	0	2	0	0.566	0.161	0.244	1.029	-0.289	-0.073	1.828	-0.628	2.818	"3"
"合并"	0	0	0	1	0.283	0.081	0.122	0.514	-0.145	-0.036	-0.056	0.289	0.526	"4"
"吉兰丹"	0	0	0	1	0.283	0.081	0.122	0.514	-0.145	-0.036	-0.056	0.289	0.526	"4"
"吉知马"	0	0	0	1	0.283	0.081	0.122	0.514	-0.145	-0.036	-0.056	0.289	0.526	"4"
"同俄"	0	0	0	1	0.283	0.081	0.122	0.514	-0.145	-0.036	-0.056	0.289	0.526	"4"
"同志"	2	0	0	0	0.566	0.161	0.244	1.029	1.096	-0.073	-0.113	-0.628	1.91	"1"
"同额"	0	0	1	0	0.283	0.081	0.122	0.514	-0.145	-0.036	0.914	-0.314	1.409	"3"
"名列"	0	1	0	0	0.283	0.081	0.122	0.514	-0.145	1.094	-0.056	-0.314	1.609	"2"
"名堂"	0	0	0	1	0.283	0.081	0.122	0.514	-0.145	-0.036	-0.056	0.289	0.526	"4"
"后勤"	1	0	0	0	0.283	0.081	0.122	0.514	0.548	-0.036	-0.056	-0.314	0.954	"1"
"向前"	0	0	0	1	0.283	0.081	0.122	0.514	-0.145	-0.036	-0.056	0.289	0.526	"4"
"含量"	0	0	1	0	0.283	0.081	0.122	0.514	-0.145	-0.036	0.914	-0.314	1.409	"3"
"听取"	3	0	0	0	0.849	0.242	0.366	1.543	1.644	-0.109	-0.169	-0.941	2.863	"1"
"启动"	0	0	2	0	0.566	0.161	0.244	1.029	-0.289	-0.073	1.828	-0.628	2.818	"3"
"吴建飞"	0	0	0	1	0.283	0.081	0.122	0.514	-0.145	-0.036	-0.056	0.289	0.526	"4"
"呈献"	0	1	0	0	0.283	0.081	0.122	0.514	-0.145	1.094	-0.056	-0.314	1.609	"2"
"告一段落"	0	0	0	1	0.283	0.081	0.122	0.514	-0.145	-0.036	-0.056	0.289	0.526	"4"
"告吹"	0	0	0	1	0.283	0.081	0.122	0.514	-0.145	-0.036	-0.056	0.289	0.526	"4"
"员级"	0	0	0	1	0.283	0.081	0.122	0.514	-0.145	-0.036	-0.056	0.289	0.526	"4"
"周密"	0	0	0	1	0.283	0.081	0.122	0.514	-0.145	-0.036	-0.056	0.289	0.526	"4"
"周末"	0	2	0	0	0.566	0.161	0.244	1.029	-0.289	2.188	-0.113	-0.628	3.218	"2"
"和平"	0	0	0	6	1.698	0.483	0.732	3.087	-0.867	-0.219	-0.339	1.732	3.157	"4"
"和平区"	1	0	0	0	0.283	0.081	0.122	0.514	0.548	-0.036	-0.056	-0.314	0.954	"1"
"咬紧"	0	0	0	1	0.283	0.081	0.122	0.514	-0.145	-0.036	-0.056	0.289	0.526	"4"
"品格"	0	0	0	1	0.283	0.081	0.122	0.514	-0.145	-0.036	-0.056	0.289	0.526	"4"
"唐家璇"	0	0	0	1	0.283	0.081	0.122	0.514	-0.145	-0.036	-0.056	0.289	0.526	"4"
"售"	0	0	0	1	0.283	0.081	0.122	0.514	-0.145	-0.036	-0.056	0.289	0.526	"4"
"售股"	0	0	0	4	1.132	0.322	0.488	2.058	-0.578	-0.146	-0.226	1.155	2.105	"4"
"善后"	0	0	0	1	0.283	0.081	0.122	0.514	-0.145	-0.036	-0.056	0.289	0.526	"4"
"四十二"	0	0	0	1	0.283	0.081	0.122	0.514	-0.145	-0.036	-0.056	0.289	0.526	"4"
"四有"	1	0	0	0	0.283	0.081	0.122	0.514	0.548	-0.036	-0.056	-0.314	0.954	"1"
"回扣"	0	0	0	1	0.283	0.081	0.122	0.514	-0.145	-0.036	-0.056	0.289	0.526	"4"
"回教党"	0	0	0	1	0.283	0.081	0.122	0.514	-0.145	-0.036	-0.056	0.289	0.526	"4"
"因应"	0	0	0	1	0.283	0.081	0.122	0.514	-0.145	-0.036	-0.056	0.289	0.526	"4"
"团体"	0	0	0	1	0.283	0.081	0.122	0.514	-0.145	-0.036	-0.056	0.289	0.526	"4"
"园区"	0	0	1	0	0.283	0.081	0.122	0.514	-0.145	-0.036	0.914	-0.314	1.409	"3"
"困难"	2	0	0	0	0.566	0.161	0.244	1.029	1.096	-0.073	-0.113	-0.628	1.91	"1"
"围绕"	0	0	0	1	0.283	0.081	0.122	0.514	-0.145	-0.036	-0.056	0.289	0.526	"4"
"国中"	0	0	0	1	0.283	0.081	0.122	0.514	-0.145	-0.036	-0.056	0.289	0.526	"4"
"国务院"	5	0	0	0	1.415	0.403	0.61	2.572	2.741	-0.182	-0.282	-1.569	4.774	"1"
"国土"	1	0	0	0	0.283	0.081	0.122	0.514	0.548	-0.036	-0.056	-0.314	0.954	"1"
"国营"	0	0	0	2	0.566	0.161	0.244	1.029	-0.289	-0.073	-0.113	0.577	1.052	"4"
"国资"	1	0	0	0	0.283	0.081	0.122	0.514	0.548	-0.036	-0.056	-0.314	0.954	"1"
"地段"	0	0	1	0	0.283	0.081	0.122	0.514	-0.145	-0.036	0.914	-0.314	1.409	"3"
"地皮"	0	0	0	1	0.283	0.081	0.122	0.514	-0.145	-0.036	-0.056	0.289	0.526	"4"
"地质"	1	0	0	0	0.283	0.081	0.122	0.514	0.548	-0.036	-0.056	-0.314	0.954	"1"
"场所"	1	0	0	0	0.283	0.081	0.122	0.514	0.548	-0.036	-0.056	-0.314	0.954	"1"
"场馆"	0	0	0	1	0.283	0.081	0.122	0.514	-0.145	-0.036	-0.056	0.289	0.526	"4"
"坚持"	2	0	0	1	0.849	0.242	0.366	1.543	0.71	-0.109	-0.169	-0.32	1.308	"1"
"坠毁"	0	0	0	1	0.283	0.081	0.122	0.514	-0.145	-0.036	-0.056	0.289	0.526	"4"
"垃圾邮件"	0	0	0	1	0.283	0.081	0.122	0.514	-0.145	-0.036	-0.056	0.289	0.526	"4"
"城乡"	1	0	0	0	0.283	0.081	0.122	0.514	0.548	-0.036	-0.056	-0.314	0.954	"1"
"培"	1	0	0	0	0.283	0.081	0.122	0.514	0.548	-0.036	-0.056	-0.314	0.954	"1"
"培养"	0	0	0	1	0.283	0.081	0.122	0.514	-0.145	-0.036	-0.056	0.289	0.526	"4"
"培训"	0	0	0	3	0.849	0.242	0.366	1.543	-0.434	-0.109	-0.169	0.866	1.578	"4"
"基层"	3	0	0	0	0.849	0.242	0.366	1.543	1.644	-0.109	-0.169	-0.941	2.863	"1"
"基本"	1	0	0	2	0.849	0.242	0.366	1.543	0.2	-0.109	-0.169	0.283	0.761	"4"
"基础"	1	1	2	0	1.132	0.322	0.488	2.058	-0.167	0.545	1.123	-1.255	3.09	"4"
"基金"	0	0	1	1	0.566	0.161	0.244	1.029	-0.289	-0.073	0.64	-0.134	1.136	"3"
"增强"	0	0	0	1	0.283	0.081	0.122	0.514	-0.145	-0.036	-0.056	0.289	0.526	"4"
"士兵"	0	0	0	2	0.566	0.161	0.244	1.029	-0.289	-0.073	-0.113	0.577	1.052	"4"
"士级"	0	0	0	1	0.283	0.081	0.122	0.514	-0.145	-0.036	-0.056	0.289	0.526	"4"
"壳牌"	0	0	1	0	0.283	0.081	0.122	0.514	-0.145	-0.036	0.914	-0.314	1.409	"3"
"处理"	0	0	0	1	0.283	0.081	0.122	0.514	-0.145	-0.036	-0.056	0.289	0.526	"4"
"备"	0	0	0	2	0.566	0.161	0.244	1.029	-0.289	-0.073	-0.113	0.577	1.052	"4"
"复杂性"	1	0	0	0	0.283	0.081	0.122	0.514	0.548	-0.036	-0.056	-0.314	0.954	"1"
"外商"	0	0	3	0	0.849	0.242	0.366	1.543	-0.434	-0.109	2.742	-0.941	4.226	"3"
"外资"	0	0	4	0	1.132	0.322	0.488	2.058	-0.578	-0.146	3.655	-1.255	5.634	"3"
"多元"	0	0	0	1	0.283	0.081	0.122	0.514	-0.145	-0.036	-0.056	0.289	0.526	"4"
"多样化"	0	0	0	1	0.283	0.081	0.122	0.514	-0.145	-0.036	-0.056	0.289	0.526	"4"
"多采"	0	0	0	1	0.283	0.081	0.122	0.514	-0.145	-0.036	-0.056	0.289	0.526	"4"
"大型"	0	0	2	0	0.566	0.161	0.244	1.029	-0.289	-0.073	1.828	-0.628	2.818	"3"
"大姚震区"	1	0	0	0	0.283	0.081	0.122	0.514	0.548	-0.036	-0.056	-0.314	0.954	"1"
"大要案"	1	0	0	0	0.283	0.081	0.122	0.514	0.548	-0.036	-0.056	-0.314	0.954	"1"
"大规模"	0	0	0	2	0.566	0.161	0.244	1.029	-0.289	-0.073	-0.113	0.577	1.052	"4"
"大连市"	0	0	1	0	0.283	0.081	0.122	0.514	-0.145	-0.036	0.914	-0.314	1.409	"3"
"大量"	0	0	0	1	0.283	0.081	0.122	0.514	-0.145	-0.036	-0.056	0.289	0.526	"4"
"天然气"	0	0	1	1	0.566	0.161	0.244	1.029	-0.289	-0.073	0.64	-0.134	1.136	"3"
"太空"	0	0	0	1	0.283	0.081	0.122	0.514	-0.145	-0.036	-0.056	0.289	0.526	"4"
"太空人"	0	0	0	1	0.283	0.081	0.122	0.514	-0.145	-0.036	-0.056	0.289	0.526	"4"
"失败"	0	0	0	1	0.283	0.081	0.122	0.514	-0.145	-0.036	-0.056	0.289	0.526	"4"
"头条"	0	0	0	1	0.283	0.081	0.122	0.514	-0.145	-0.036	-0.056	0.289	0.526	"4"
"奋斗"	1	0	0	0	0.283	0.081	0.122	0.514	0.548	-0.036	-0.056	-0.314	0.954	"1"
"奖励"	0	0	0	2	0.566	0.161	0.244	1.029	-0.289	-0.073	-0.113	0.577	1.052	"4"
"奖励金"	0	0	0	1	0.283	0.081	0.122	0.514	-0.145	-0.036	-0.056	0.289	0.526	"4"
"奥"	0	0	0	1	0.283	0.081	0.122	0.514	-0.145	-0.036	-0.056	0.289	0.526	"4"
"奥委会"	0	0	0	4	1.132	0.322	0.488	2.058	-0.578	-0.146	-0.226	1.155	2.105	"4"
"奥斯汀"	1	0	0	0	0.283	0.081	0.122	0.514	0.548	-0.036	-0.056	-0.314	0.954	"1"
"奥林匹克"	0	1	0	1	0.566	0.161	0.244	1.029	-0.289	0.811	-0.113	-0.134	1.347	"2"
"奥组委"	0	0	0	1	0.283	0.081	0.122	0.514	-0.145	-0.036	-0.056	0.289	0.526	"4"
"奥运"	0	2	0	0	0.566	0.161	0.244	1.029	-0.289	2.188	-0.113	-0.628	3.218	"2"
"奥运会"	0	3	0	3	1.698	0.483	0.732	3.087	-0.867	2.062	-0.339	-0.202	3.47	"2"
"奥运会场"	0	0	0	1	0.283	0.081	0.122	0.514	-0.145	-0.036	-0.056	0.289	0.526	"4"
"奥运史"	0	2	0	0	0.566	0.161	0.244	1.029	-0.289	2.188	-0.113	-0.628	3.218	"2"
"女团"	0	1	0	0	0.283	0.081	0.122	0.514	-0.145	1.094	-0.056	-0.314	1.609	"2"
"女子"	0	3	0	0	0.849	0.242	0.366	1.543	-0.434	3.282	-0.169	-0.941	4.826	"2"
"女性"	0	0	0	1	0.283	0.081	0.122	0.514	-0.145	-0.036	-0.056	0.289	0.526	"4"
"她俩"	0	1	0	0	0.283	0.081	0.122	0.514	-0.145	1.094	-0.056	-0.314	1.609	"2"
"如期"	0	0	0	1	0.283	0.081	0.122	0.514	-0.145	-0.036	-0.056	0.289	0.526	"4"
"委"	2	0	0	0	0.566	0.161	0.244	1.029	1.096	-0.073	-0.113	-0.628	1.91	"1"
"委员会"	0	0	1	1	0.566	0.161	0.244	1.029	-0.289	-0.073	0.64	-0.134	1.136	"3"
"威慑力"	0	0	0	1	0.283	0.081	0.122	0.514	-0.145	-0.036	-0.056	0.289	0.526	"4"
"娱乐"	0	0	0	1	0.283	0.081	0.122	0.514	-0.145	-0.036	-0.056	0.289	0.526	"4"
"孙爱明"	0	0	0	1	0.283	0.081	0.122	0.514	-0.145	-0.036	-0.056	0.289	0.526	"4"
"学校"	0	0	0	2	0.566	0.161	0.244	1.029	-0.289	-0.073	-0.113	0.577	1.052	"4"
"学科"	0	0	1	0	0.283	0.081	0.122	0.514	-0.145	-0.036	0.914	-0.314	1.409	"3"
"宁夏"	0	1	0	0	0.283	0.081	0.122	0.514	-0.145	1.094	-0.056	-0.314	1.609	"2"
"安全"	0	0	0	2	0.566	0.161	0.244	1.029	-0.289	-0.073	-0.113	0.577	1.052	"4"
"安排"	0	0	1	0	0.283	0.081	0.122	0.514	-0.145	-0.036	0.914	-0.314	1.409	"3"
"安置"	2	0	0	0	0.566	0.161	0.244	1.029	1.096	-0.073	-0.113	-0.628	1.91	"1"
"安装"	0	0	0	2	0.566	0.161	0.244	1.029	-0.289	-0.073	-0.113	0.577	1.052	"4"
"完成"	0	0	2	5	1.981	0.564	0.854	3.601	-1.012	-0.255	0.685	0.6	2.552	"1"
"定"	0	0	0	1	0.283	0.081	0.122	0.514	-0.145	-0.036	-0.056	0.289	0.526	"4"
"定下"	0	0	0	1	0.283	0.081	0.122	0.514	-0.145	-0.036	-0.056	0.289	0.526	"4"
"定案"	0	0	0	1	0.283	0.081	0.122	0.514	-0.145	-0.036	-0.056	0.289	0.526	"4"
"实"	1	0	0	0	0.283	0.081	0.122	0.514	0.548	-0.036	-0.056	-0.314	0.954	"1"
"实实"	1	0	0	0	0.283	0.081	0.122	0.514	0.548	-0.036	-0.056	-0.314	0.954	"1"
"实效性"	1	0	0	0	0.283	0.081	0.122	0.514	0.548	-0.036	-0.056	-0.314	0.954	"1"
"实施"	0	0	5	10	4.246	1.208	1.829	7.717	-2.168	-0.547	1.55	0.747	5.012	"1"
"实无"	0	0	0	1	0.283	0.081	0.122	0.514	-0.145	-0.036	-0.056	0.289	0.526	"4"
"实现"	0	0	0	4	1.132	0.322	0.488	2.058	-0.578	-0.146	-0.226	1.155	2.105	"4"
"实行"	0	0	0	1	0.283	0.081	0.122	0.514	-0.145	-0.036	-0.056	0.289	0.526	"4"
"实际"	1	0	0	0	0.283	0.081	0.122	0.514	0.548	-0.036	-0.056	-0.314	0.954	"1"
"实验室"	1	0	0	0	0.283	0.081	0.122	0.514	0.548	-0.036	-0.056	-0.314	0.954	"1"
"审批"	0	0	0	1	0.283	0.081	0.122	0.514	-0.145	-0.036	-0.056	0.289	0.526	"4"
"宣传"	4	0	0	0	1.132	0.322	0.488	2.058	2.193	-0.146	-0.226	-1.255	3.82	"1"
"家庭"	0	0	0	1	0.283	0.081	0.122	0.514	-0.145	-0.036	-0.056	0.289	0.526	"4"
"家庭组"	0	1	0	0	0.283	0.081	0.122	0.514	-0.145	1.094	-0.056	-0.314	1.609	"2"
"富力达"	0	0	0	1	0.283	0.081	0.122	0.514	-0.145	-0.036	-0.056	0.289	0.526	"4"
"对象"	0	0	0	1	0.283	0.081	0.122	0.514	-0.145	-0.036	-0.056	0.289	0.526	"4"
"导"	1	0	0	0	0.283	0.081	0.122	0.514	0.548	-0.036	-0.056	-0.314	0.954	"1"
"导弹"	0	0	0	1	0.283	0.081	0.122	0.514	-0.145	-0.036	-0.056	0.289	0.526	"4"
"射击"	0	2	0	0	0.566	0.161	0.244	1.029	-0.289	2.188	-0.113	-0.628	3.218	"2"
"小三通"	0	0	0	1	0.283	0.081	0.122	0.514	-0.145	-0.036	-0.056	0.289	0.526	"4"
"小白"	1	0	0	0	0.283	0.081	0.122	0.514	0.548	-0.036	-0.056	-0.314	0.954	"1"
"小组"	1	0	0	0	0.283	0.081	0.122	0.514	0.548	-0.036	-0.056	-0.314	0.954	"1"
"就业"	2	0	0	1	0.849	0.242	0.366	1.543	0.71	-0.109	-0.169	-0.32	1.308	"1"
"就是"	1	0	0	2	0.849	0.242	0.366	1.543	0.2	-0.109	-0.169	0.283	0.761	"4"
"就绪"	1	0	0	1	0.566	0.161	0.244	1.029	0.313	-0.073	-0.113	-0.134	0.633	"1"
"尽速"	0	0	0	1	0.283	0.081	0.122	0.514	-0.145	-0.036	-0.056	0.289	0.526	"4"
"居留"	0	0	0	1	0.283	0.081	0.122	0.514	-0.145	-0.036	-0.056	0.289	0.526	"4"
"屈膝"	0	0	0	1	0.283	0.081	0.122	0.514	-0.145	-0.036	-0.056	0.289	0.526	"4"
"展"	0	0	0	2	0.566	0.161	0.244	1.029	-0.289	-0.073	-0.113	0.577	1.052	"4"
"展开"	3	0	0	2	1.415	0.403	0.61	2.572	0.85	-0.182	-0.282	-0.325	1.639	"1"
"展示"	0	1	0	0	0.283	0.081	0.122	0.514	-0.145	1.094	-0.056	-0.314	1.609	"2"
"山海关"	0	0	0	1	0.283	0.081	0.122	0.514	-0.145	-0.036	-0.056	0.289	0.526	"4"
"岗检"	1	0	0	0	0.283	0.081	0.122	0.514	0.548	-0.036	-0.056	-0.314	0.954	"1"
"峨山公"	0	0	1	0	0.283	0.081	0.122	0.514	-0.145	-0.036	0.914	-0.314	1.409	"3"
"工作"	14	0	0	1	4.246	1.208	1.829	7.717	6.631	-0.547	-0.847	-3.479	11.504	"1"
"工作力"	1	0	0	0	0.283	0.081	0.122	0.514	0.548	-0.036	-0.056	-0.314	0.954	"1"
"工时"	0	0	0	1	0.283	0.081	0.122	0.514	-0.145	-0.036	-0.056	0.289	0.526	"4"
"工时案"	0	0	0	1	0.283	0.081	0.122	0.514	-0.145	-0.036	-0.056	0.289	0.526	"4"
"工期"	0	0	0	1	0.283	0.081	0.122	0.514	-0.145	-0.036	-0.056	0.289	0.526	"4"
"工程"	0	0	5	0	1.415	0.403	0.61	2.572	-0.723	-0.182	4.569	-1.569	7.043	"3"
"工资"	0	0	0	1	0.283	0.081	0.122	0.514	-0.145	-0.036	-0.056	0.289	0.526	"4"
"巨蟒"	0	0	0	1	0.283	0.081	0.122	0.514	-0.145	-0.036	-0.056	0.289	0.526	"4"
"市公所"	0	0	0	1	0.283	0.081	0.122	0.514	-0.145	-0.036	-0.056	0.289	0.526	"4"
"市镇会"	0	0	0	1	0.283	0.081	0.122	0.514	-0.145	-0.036	-0.056	0.289	0.526	"4"
"布什"	0	0	0	1	0.283	0.081	0.122	0.514	-0.145	-0.036	-0.056	0.289	0.526	"4"
"布莱恩特"	0	0	0	1	0.283	0.081	0.122	0.514	-0.145	-0.036	-0.056	0.289	0.526	"4"
"师傅"	0	0	0	1	0.283	0.081	0.122	0.514	-0.145	-0.036	-0.056	0.289	0.526	"4"
"带回"	0	0	0	1	0.283	0.081	0.122	0.514	-0.145	-0.036	-0.056	0.289	0.526	"4"
"帮助"	1	0	0	0	0.283	0.081	0.122	0.514	0.548	-0.036	-0.056	-0.314	0.954	"1"
"干部"	9	0	0	0	2.547	0.725	1.097	4.63	4.933	-0.328	-0.508	-2.824	8.593	"1"
"年代"	0	0	1	0	0.283	0.081	0.122	0.514	-0.145	-0.036	0.914	-0.314	1.409	"3"
"年底"	0	0	0	1	0.283	0.081	0.122	0.514	-0.145	-0.036	-0.056	0.289	0.526	"4"
"并购"	0	0	0	1	0.283	0.081	0.122	0.514	-0.145	-0.036	-0.056	0.289	0.526	"4"
"广大"	0	0	0	2	0.566	0.161	0.244	1.029	-0.289	-0.073	-0.113	0.577	1.052	"4"
"庐山真面目"	0	0	0	1	0.283	0.081	0.122	0.514	-0.145	-0.036	-0.056	0.289	0.526	"4"
"库区"	0	0	0	1	0.283	0.081	0.122	0.514	-0.145	-0.036	-0.056	0.289	0.526	"4"
"应急"	0	0	0	1	0.283	0.081	0.122	0.514	-0.145	-0.036	-0.056	0.289	0.526	"4"
"应用"	0	0	0	1	0.283	0.081	0.122	0.514	-0.145	-0.036	-0.056	0.289	0.526	"4"
"废弃物"	0	0	0	2	0.566	0.161	0.244	1.029	-0.289	-0.073	-0.113	0.577	1.052	"4"
"废除"	0	0	0	1	0.283	0.081	0.122	0.514	-0.145	-0.036	-0.056	0.289	0.526	"4"
"座谈会"	0	0	0	1	0.283	0.081	0.122	0.514	-0.145	-0.036	-0.056	0.289	0.526	"4"
"廉政"	3	0	0	0	0.849	0.242	0.366	1.543	1.644	-0.109	-0.169	-0.941	2.863	"1"
"廉洁"	1	0	0	0	0.283	0.081	0.122	0.514	0.548	-0.036	-0.056	-0.314	0.954	"1"
"延续性"	0	0	0	1	0.283	0.081	0.122	0.514	-0.145	-0.036	-0.056	0.289	0.526	"4"
"延长"	0	0	0	2	0.566	0.161	0.244	1.029	-0.289	-0.073	-0.113	0.577	1.052	"4"
"延长至"	0	0	0	1	0.283	0.081	0.122	0.514	-0.145	-0.036	-0.056	0.289	0.526	"4"
"建"	0	0	1	0	0.283	0.081	0.122	0.514	-0.145	-0.036	0.914	-0.314	1.409	"3"
"建屋局"	0	0	0	1	0.283	0.081	0.122	0.514	-0.145	-0.036	-0.056	0.289	0.526	"4"
"建成"	0	0	0	1	0.283	0.081	0.122	0.514	-0.145	-0.036	-0.056	0.289	0.526	"4"
"建议"	0	0	0	1	0.283	0.081	0.122	0.514	-0.145	-0.036	-0.056	0.289	0.526	"4"
"建设"	12	0	14	4	8.491	2.417	3.658	15.434	0.946	-1.094	5.467	-4.812	12.319	"3"
"开办"	0	0	0	2	0.566	0.161	0.244	1.029	-0.289	-0.073	-0.113	0.577	1.052	"4"
"开发"	0	0	3	2	1.415	0.403	0.61	2.572	-0.723	-0.182	1.825	-0.325	3.055	"3"
"开发区"	0	0	1	0	0.283	0.081	0.122	0.514	-0.145	-0.036	0.914	-0.314	1.409	"3"
"开展"	10	0	0	0	2.83	0.806	1.219	5.145	5.481	-0.365	-0.565	-3.138	9.549	"1"
"开放"	1	0	0	0	0.283	0.081	0.122	0.514	0.548	-0.036	-0.056	-0.314	0.954	"1"
"开火"	0	0	0	1	0.283	0.081	0.122	0.514	-0.145	-0.036	-0.056	0.289	0.526	"4"
"开罗"	0	0	0	1	0.283	0.081	0.122	0.514	-0.145	-0.036	-0.056	0.289	0.526	"4"
"引导"	0	0	0	1	0.283	0.081	0.122	0.514	-0.145	-0.036	-0.056	0.289	0.526	"4"
"张博雅"	0	0	0	1	0.283	0.081	0.122	0.514	-0.145	-0.036	-0.056	0.289	0.526	"4"
"当前"	2	0	0	0	0.566	0.161	0.244	1.029	1.096	-0.073	-0.113	-0.628	1.91	"1"
"当成"	0	0	0	1	0.283	0.081	0.122	0.514	-0.145	-0.036	-0.056	0.289	0.526	"4"
"形势"	0	0	0	1	0.283	0.081	0.122	0.514	-0.145	-0.036	-0.056	0.289	0.526	"4"
"影响"	1	0	0	0	0.283	0.081	0.122	0.514	0.548	-0.036	-0.056	-0.314	0.954	"1"
"影碟"	0	0	0	1	0.283	0.081	0.122	0.514	-0.145	-0.036	-0.056	0.289	0.526	"4"
"得到加"	1	0	0	0	0.283	0.081	0.122	0.514	0.548	-0.036	-0.056	-0.314	0.954	"1"
"微软"	0	0	0	1	0.283	0.081	0.122	0.514	-0.145	-0.036	-0.056	0.289	0.526	"4"
"志愿"	1	0	0	2	0.849	0.242	0.366	1.543	0.2	-0.109	-0.169	0.283	0.761	"4"
"忘我"	0	0	0	1	0.283	0.081	0.122	0.514	-0.145	-0.036	-0.056	0.289	0.526	"4"
"忙"	0	0	0	1	0.283	0.081	0.122	0.514	-0.145	-0.036	-0.056	0.289	0.526	"4"
"思想"	6	0	0	0	1.698	0.483	0.732	3.087	3.289	-0.219	-0.339	-1.883	5.73	"1"
"总书记"	1	0	0	0	0.283	0.081	0.122	0.514	0.548	-0.036	-0.056	-0.314	0.954	"1"
"总体"	2	0	0	1	0.849	0.242	0.366	1.543	0.71	-0.109	-0.169	-0.32	1.308	"1"
"总共"	0	1	0	0	0.283	0.081	0.122	0.514	-0.145	1.094	-0.056	-0.314	1.609	"2"
"总投资"	0	0	2	0	0.566	0.161	0.244	1.029	-0.289	-0.073	1.828	-0.628	2.818	"3"
"总结"	0	0	0	1	0.283	0.081	0.122	0.514	-0.145	-0.036	-0.056	0.289	0.526	"4"
"总领馆"	0	0	0	1	0.283	0.081	0.122	0.514	-0.145	-0.036	-0.056	0.289	0.526	"4"
"总额"	0	0	1	0	0.283	0.081	0.122	0.514	-0.145	-0.036	0.914	-0.314	1.409	"3"
"恢复"	1	0	0	1	0.566	0.161	0.244	1.029	0.313	-0.073	-0.113	-0.134	0.633	"1"
"意向"	0	0	1	0	0.283	0.081	0.122	0.514	-0.145	-0.036	0.914	-0.314	1.409	"3"
"慢跑"	0	1	0	0	0.283	0.081	0.122	0.514	-0.145	1.094	-0.056	-0.314	1.609	"2"
"成"	1	0	0	0	0.283	0.081	0.122	0.514	0.548	-0.036	-0.056	-0.314	0.954	"1"
"成全"	0	0	0	1	0.283	0.081	0.122	0.514	-0.145	-0.036	-0.056	0.289	0.526	"4"
"成功"	0	0	0	4	1.132	0.322	0.488	2.058	-0.578	-0.146	-0.226	1.155	2.105	"4"
"成双"	0	0	0	1	0.283	0.081	0.122	0.514	-0.145	-0.036	-0.056	0.289	0.526	"4"
"成效"	1	0	0	0	0.283	0.081	0.122	0.514	0.548	-0.036	-0.056	-0.314	0.954	"1"
"成熟"	0	0	0	1	0.283	0.081	0.122	0.514	-0.145	-0.036	-0.056	0.289	0.526	"4"
"成绩"	0	1	0	0	0.283	0.081	0.122	0.514	-0.145	1.094	-0.056	-0.314	1.609	"2"
"我国"	1	0	1	1	0.849	0.242	0.366	1.543	0.2	-0.109	0.491	-0.32	1.12	"3"
"战后"	1	0	0	2	0.849	0.242	0.366	1.543	0.2	-0.109	-0.169	0.283	0.761	"4"
"战线"	1	0	0	0	0.283	0.081	0.122	0.514	0.548	-0.036	-0.056	-0.314	0.954	"1"
"戴相龙"	1	0	0	0	0.283	0.081	0.122	0.514	0.548	-0.036	-0.056	-0.314	0.954	"1"
"房地产"	0	0	1	0	0.283	0.081	0.122	0.514	-0.145	-0.036	0.914	-0.314	1.409	"3"
"所有"	0	1	0	0	0.283	0.081	0.122	0.514	-0.145	1.094	-0.056	-0.314	1.609	"2"
"手术"	0	0	0	1	0.283	0.081	0.122	0.514	-0.145	-0.036	-0.056	0.289	0.526	"4"
"扎"	2	0	0	0	0.566	0.161	0.244	1.029	1.096	-0.073	-0.113	-0.628	1.91	"1"
"扎实"	1	0	0	0	0.283	0.081	0.122	0.514	0.548	-0.036	-0.056	-0.314	0.954	"1"
"扎扎实实"	1	0	0	0	0.283	0.081	0.122	0.514	0.548	-0.036	-0.056	-0.314	0.954	"1"
"执行"	0	0	0	10	2.83	0.806	1.219	5.145	-1.445	-0.365	-0.565	2.886	5.261	"4"
"扩大"	0	0	0	1	0.283	0.081	0.122	0.514	-0.145	-0.036	-0.056	0.289	0.526	"4"
"扫雷"	0	0	0	3	0.849	0.242	0.366	1.543	-0.434	-0.109	-0.169	0.866	1.578	"4"
"扶"	1	0	0	0	0.283	0.081	0.122	0.514	0.548	-0.036	-0.056	-0.314	0.954	"1"
"批"	0	0	1	0	0.283	0.081	0.122	0.514	-0.145	-0.036	0.914	-0.314	1.409	"3"
"批准"	0	0	1	1	0.566	0.161	0.244	1.029	-0.289	-0.073	0.64	-0.134	1.136	"3"
"承担"	1	0	0	3	1.132	0.322	0.488	2.058	-0.167	-0.146	-0.226	0.476	1.015	"4"
"技术"	0	0	2	2	1.132	0.322	0.488	2.058	-0.578	-0.146	1.123	-0.177	2.024	"3"
"技术人员"	1	0	0	0	0.283	0.081	0.122	0.514	0.548	-0.036	-0.056	-0.314	0.954	"1"
"把"	4	0	0	1	1.415	0.403	0.61	2.572	1.605	-0.182	-0.282	-0.77	2.839	"1"
"抓"	7	0	0	0	1.981	0.564	0.854	3.601	3.837	-0.255	-0.395	-2.196	6.683	"1"
"抓好"	1	0	0	0	0.283	0.081	0.122	0.514	0.548	-0.036	-0.056	-0.314	0.954	"1"
"抓紧"	1	0	0	0	0.283	0.081	0.122	0.514	0.548	-0.036	-0.056	-0.314	0.954	"1"
"投"	0	0	1	0	0.283	0.081	0.122	0.514	-0.145	-0.036	0.914	-0.314	1.409	"3"
"投产"	0	0	1	0	0.283	0.081	0.122	0.514	-0.145	-0.036	0.914	-0.314	1.409	"3"
"投入"	0	0	2	1	0.849	0.242	0.366	1.543	-0.434	-0.109	1.387	-0.32	2.25	"3"
"投性"	0	0	1	0	0.283	0.081	0.122	0.514	-0.145	-0.036	0.914	-0.314	1.409	"3"
"投资"	0	0	9	2	3.113	0.886	1.341	5.659	-1.59	-0.401	6.585	-1.58	10.156	"3"
"抗"	0	0	0	1	0.283	0.081	0.122	0.514	-0.145	-0.036	-0.056	0.289	0.526	"4"
"抗击"	1	0	0	0	0.283	0.081	0.122	0.514	0.548	-0.036	-0.056	-0.314	0.954	"1"
"抛出"	1	0	0	0	0.283	0.081	0.122	0.514	0.548	-0.036	-0.056	-0.314	0.954	"1"
"抢救"	0	0	0	2	0.566	0.161	0.244	1.029	-0.289	-0.073	-0.113	0.577	1.052	"4"
"抢险"	0	0	0	2	0.566	0.161	0.244	1.029	-0.289	-0.073	-0.113	0.577	1.052	"4"
"报告"	3	0	0	1	1.132	0.322	0.488	2.058	1.146	-0.146	-0.226	-0.536	2.054	"1"
"抽查"	0	0	0	1	0.283	0.081	0.122	0.514	-0.145	-0.036	-0.056	0.289	0.526	"4"
"拉雷"	0	0	0	1	0.283	0.081	0.122	0.514	-0.145	-0.036	-0.056	0.289	0.526	"4"
"拍片"	0	0	0	1	0.283	0.081	0.122	0.514	-0.145	-0.036	-0.056	0.289	0.526	"4"
"拔河"	0	1	0	0	0.283	0.081	0.122	0.514	-0.145	1.094	-0.056	-0.314	1.609	"2"
"招"	0	0	0	1	0.283	0.081	0.122	0.514	-0.145	-0.036	-0.056	0.289	0.526	"4"
"招收"	0	0	0	1	0.283	0.081	0.122	0.514	-0.145	-0.036	-0.056	0.289	0.526	"4"
"招标"	0	0	0	1	0.283	0.081	0.122	0.514	-0.145	-0.036	-0.056	0.289	0.526	"4"
"招聘"	0	0	0	1	0.283	0.081	0.122	0.514	-0.145	-0.036	-0.056	0.289	0.526	"4"
"拟"	0	0	0	1	0.283	0.081	0.122	0.514	-0.145	-0.036	-0.056	0.289	0.526	"4"
"拟定"	0	0	0	1	0.283	0.081	0.122	0.514	-0.145	-0.036	-0.056	0.289	0.526	"4"
"拨款"	0	1	1	0	0.566	0.161	0.244	1.029	-0.289	0.811	0.64	-0.628	2.368	"2"
"拨给"	0	0	0	1	0.283	0.081	0.122	0.514	-0.145	-0.036	-0.056	0.289	0.526	"4"
"指导"	4	0	0	0	1.132	0.322	0.488	2.058	2.193	-0.146	-0.226	-1.255	3.82	"1"
"指引"	1	0	0	0	0.283	0.081	0.122	0.514	0.548	-0.036	-0.056	-0.314	0.954	"1"
"指挥部"	0	0	0	1	0.283	0.081	0.122	0.514	-0.145	-0.036	-0.056	0.289	0.526	"4"
"指示"	1	0	0	0	0.283	0.081	0.122	0.514	0.548	-0.036	-0.056	-0.314	0.954	"1"
"按"	0	0	0	1	0.283	0.081	0.122	0.514	-0.145	-0.036	-0.056	0.289	0.526	"4"
"按摩椅"	0	0	0	1	0.283	0.081	0.122	0.514	-0.145	-0.036	-0.056	0.289	0.526	"4"
"按时"	0	0	0	1	0.283	0.081	0.122	0.514	-0.145	-0.036	-0.056	0.289	0.526	"4"
"按照"	0	0	0	3	0.849	0.242	0.366	1.543	-0.434	-0.109	-0.169	0.866	1.578	"4"
"挖掘"	1	1	0	0	0.566	0.161	0.244	1.029	0.313	0.811	-0.113	-0.628	1.865	"2"
"振兴"	1	0	0	2	0.849	0.242	0.366	1.543	0.2	-0.109	-0.169	0.283	0.761	"4"
"捍卫"	0	0	0	1	0.283	0.081	0.122	0.514	-0.145	-0.036	-0.056	0.289	0.526	"4"
"授权"	0	0	0	1	0.283	0.081	0.122	0.514	-0.145	-0.036	-0.056	0.289	0.526	"4"
"採"	0	0	0	1	0.283	0.081	0.122	0.514	-0.145	-0.036	-0.056	0.289	0.526	"4"
"探雷"	0	0	0	1	0.283	0.081	0.122	0.514	-0.145	-0.036	-0.056	0.289	0.526	"4"
"接受"	0	0	0	2	0.566	0.161	0.244	1.029	-0.289	-0.073	-0.113	0.577	1.052	"4"
"接待"	2	0	0	0	0.566	0.161	0.244	1.029	1.096	-0.073	-0.113	-0.628	1.91	"1"
"接纳"	0	1	0	0	0.283	0.081	0.122	0.514	-0.145	1.094	-0.056	-0.314	1.609	"2"
"接过"	1	0	0	0	0.283	0.081	0.122	0.514	0.548	-0.036	-0.056	-0.314	0.954	"1"
"控制"	1	0	1	0	0.566	0.161	0.244	1.029	0.313	-0.073	0.64	-0.628	1.654	"3"
"控股"	0	0	0	1	0.283	0.081	0.122	0.514	-0.145	-0.036	-0.056	0.289	0.526	"4"
"推"	0	0	0	1	0.283	0.081	0.122	0.514	-0.145	-0.036	-0.056	0.289	0.526	"4"
"推介"	0	0	0	2	0.566	0.161	0.244	1.029	-0.289	-0.073	-0.113	0.577	1.052	"4"
"推出"	0	1	0	7	2.264	0.644	0.976	4.116	-1.156	0.31	-0.452	1.377	3.295	"4"
"推动"	0	0	0	7	1.981	0.564	0.854	3.601	-1.012	-0.255	-0.395	2.021	3.683	"4"
"推广"	1	0	0	2	0.849	0.242	0.366	1.543	0.2	-0.109	-0.169	0.283	0.761	"4"
"推行"	0	0	0	1	0.283	0.081	0.122	0.514	-0.145	-0.036	-0.056	0.289	0.526	"4"
"推进"	4	0	1	0	1.415	0.403	0.61	2.572	1.605	-0.182	0.321	-1.569	3.677	"1"
"推迟"	0	0	1	0	0.283	0.081	0.122	0.514	-0.145	-0.036	0.914	-0.314	1.409	"3"
"提交"	0	0	0	1	0.283	0.081	0.122	0.514	-0.145	-0.036	-0.056	0.289	0.526	"4"
"提出"	0	0	0	7	1.981	0.564	0.854	3.601	-1.012	-0.255	-0.395	2.021	3.683	"4"
"提前"	0	0	0	2	0.566	0.161	0.244	1.029	-0.289	-0.073	-0.113	0.577	1.052	"4"
"提高"	3	0	0	0	0.849	0.242	0.366	1.543	1.644	-0.109	-0.169	-0.941	2.863	"1"
"提高到"	1	0	0	0	0.283	0.081	0.122	0.514	0.548	-0.036	-0.056	-0.314	0.954	"1"
"援助"	0	0	0	6	1.698	0.483	0.732	3.087	-0.867	-0.219	-0.339	1.732	3.157	"4"
"搜集"	1	0	0	0	0.283	0.081	0.122	0.514	0.548	-0.036	-0.056	-0.314	0.954	"1"
"搞好"	2	0	0	0	0.566	0.161	0.244	1.029	1.096	-0.073	-0.113	-0.628	1.91	"1"
"摔跤"	0	1	0	0	0.283	0.081	0.122	0.514	-0.145	1.094	-0.056	-0.314	1.609	"2"
"撤"	0	0	0	1	0.283	0.081	0.122	0.514	-0.145	-0.036	-0.056	0.289	0.526	"4"
"擅"	0	0	0	1	0.283	0.081	0.122	0.514	-0.145	-0.036	-0.056	0.289	0.526	"4"
"支援"	1	0	0	0	0.283	0.081	0.122	0.514	0.548	-0.036	-0.056	-0.314	0.954	"1"
"支线"	0	0	1	0	0.283	0.081	0.122	0.514	-0.145	-0.036	0.914	-0.314	1.409	"3"
"支给"	0	0	0	1	0.283	0.081	0.122	0.514	-0.145	-0.036	-0.056	0.289	0.526	"4"
"收支"	0	0	1	0	0.283	0.081	0.122	0.514	-0.145	-0.036	0.914	-0.314	1.409	"3"
"收购"	0	0	0	3	0.849	0.242	0.366	1.543	-0.434	-0.109	-0.169	0.866	1.578	"4"
"收费"	0	0	0	2	0.566	0.161	0.244	1.029	-0.289	-0.073	-0.113	0.577	1.052	"4"
"收费站"	0	0	0	1	0.283	0.081	0.122	0.514	-0.145	-0.036	-0.056	0.289	0.526	"4"
"改善"	0	0	0	2	0.566	0.161	0.244	1.029	-0.289	-0.073	-0.113	0.577	1.052	"4"
"改建"	0	0	0	1	0.283	0.081	0.122	0.514	-0.145	-0.036	-0.056	0.289	0.526	"4"
"改行"	0	0	0	1	0.283	0.081	0.122	0.514	-0.145	-0.036	-0.056	0.289	0.526	"4"
"改进"	1	0	0	0	0.283	0.081	0.122	0.514	0.548	-0.036	-0.056	-0.314	0.954	"1"
"改造"	0	0	0	1	0.283	0.081	0.122	0.514	-0.145	-0.036	-0.056	0.289	0.526	"4"
"改革"	7	0	0	1	2.264	0.644	0.976	4.116	3.058	-0.292	-0.452	-1.534	5.336	"1"
"攻坚"	0	0	0	1	0.283	0.081	0.122	0.514	-0.145	-0.036	-0.056	0.289	0.526	"4"
"放弃"	0	0	0	1	0.283	0.081	0.122	0.514	-0.145	-0.036	-0.056	0.289	0.526	"4"
"政府"	0	0	0	2	0.566	0.161	0.244	1.029	-0.289	-0.073	-0.113	0.577	1.052	"4"
"政府性"	0	0	0	1	0.283	0.081	0.122	0.514	-0.145	-0.036	-0.056	0.289	0.526	"4"
"政治"	3	0	0	1	1.132	0.322	0.488	2.058	1.146	-0.146	-0.226	-0.536	2.054	"1"
"效率"	1	0	0	0	0.283	0.081	0.122	0.514	0.548	-0.036	-0.056	-0.314	0.954	"1"
"效益"	0	0	1	0	0.283	0.081	0.122	0.514	-0.145	-0.036	0.914	-0.314	1.409	"3"
"救助"	1	0	0	0	0.283	0.081	0.122	0.514	0.548	-0.036	-0.056	-0.314	0.954	"1"
"救援"	1	0	0	0	0.283	0.081	0.122	0.514	0.548	-0.036	-0.056	-0.314	0.954	"1"
"救援队"	1	0	0	0	0.283	0.081	0.122	0.514	0.548	-0.036	-0.056	-0.314	0.954	"1"
"救治"	1	0	0	0	0.283	0.081	0.122	0.514	0.548	-0.036	-0.056	-0.314	0.954	"1"
"救灾"	0	0	0	2	0.566	0.161	0.244	1.029	-0.289	-0.073	-0.113	0.577	1.052	"4"
"教学"	0	0	0	2	0.566	0.161	0.244	1.029	-0.289	-0.073	-0.113	0.577	1.052	"4"
"教改"	0	0	0	1	0.283	0.081	0.122	0.514	-0.145	-0.036	-0.056	0.289	0.526	"4"
"教育"	3	0	0	2	1.415	0.403	0.61	2.572	0.85	-0.182	-0.282	-0.325	1.639	"1"
"教育局"	0	0	0	2	0.566	0.161	0.244	1.029	-0.289	-0.073	-0.113	0.577	1.052	"4"
"教育部"	0	0	0	1	0.283	0.081	0.122	0.514	-0.145	-0.036	-0.056	0.289	0.526	"4"
"数创"	0	0	1	0	0.283	0.081	0.122	0.514	-0.145	-0.036	0.914	-0.314	1.409	"3"
"数码港"	0	0	0	1	0.283	0.081	0.122	0.514	-0.145	-0.036	-0.056	0.289	0.526	"4"
"敲定"	0	0	0	2	0.566	0.161	0.244	1.029	-0.289	-0.073	-0.113	0.577	1.052	"4"
"整"	0	0	0	1	0.283	0.081	0.122	0.514	-0.145	-0.036	-0.056	0.289	0.526	"4"
"整合"	0	0	0	1	0.283	0.081	0.122	0.514	-0.145	-0.036	-0.056	0.289	0.526	"4"
"整改"	0	0	0	1	0.283	0.081	0.122	0.514	-0.145	-0.036	-0.056	0.289	0.526	"4"
"整理"	1	1	0	0	0.566	0.161	0.244	1.029	0.313	0.811	-0.113	-0.628	1.865	"2"
"敷衍"	0	0	0	1	0.283	0.081	0.122	0.514	-0.145	-0.036	-0.056	0.289	0.526	"4"
"文物"	1	0	0	1	0.566	0.161	0.244	1.029	0.313	-0.073	-0.113	-0.134	0.633	"1"
"斯皮斯"	0	0	0	1	0.283	0.081	0.122	0.514	-0.145	-0.036	-0.056	0.289	0.526	"4"
"新公园"	0	0	1	0	0.283	0.081	0.122	0.514	-0.145	-0.036	0.914	-0.314	1.409	"3"
"新创"	0	0	1	0	0.283	0.081	0.122	0.514	-0.145	-0.036	0.914	-0.314	1.409	"3"
"新制"	0	0	0	1	0.283	0.081	0.122	0.514	-0.145	-0.036	-0.056	0.289	0.526	"4"
"新工处"	0	0	0	1	0.283	0.081	0.122	0.514	-0.145	-0.036	-0.056	0.289	0.526	"4"
"新批"	0	0	2	0	0.566	0.161	0.244	1.029	-0.289	-0.073	1.828	-0.628	2.818	"3"
"方案"	1	0	0	1	0.566	0.161	0.244	1.029	0.313	-0.073	-0.113	-0.134	0.633	"1"
"方针"	2	0	0	0	0.566	0.161	0.244	1.029	1.096	-0.073	-0.113	-0.628	1.91	"1"
"施工"	0	0	1	1	0.566	0.161	0.244	1.029	-0.289	-0.073	0.64	-0.134	1.136	"3"
"施袭"	0	0	0	1	0.283	0.081	0.122	0.514	-0.145	-0.036	-0.056	0.289	0.526	"4"
"旅游"	0	1	1	0	0.566	0.161	0.244	1.029	-0.289	0.811	0.64	-0.628	2.368	"2"
"旗移交"	0	0	0	1	0.283	0.081	0.122	0.514	-0.145	-0.036	-0.056	0.289	0.526	"4"
"无私"	0	0	0	1	0.283	0.081	0.122	0.514	-0.145	-0.036	-0.056	0.289	0.526	"4"
"无量"	0	1	0	0	0.283	0.081	0.122	0.514	-0.145	1.094	-0.056	-0.314	1.609	"2"
"旱"	0	0	0	1	0.283	0.081	0.122	0.514	-0.145	-0.036	-0.056	0.289	0.526	"4"
"明年"	0	0	0	1	0.283	0.081	0.122	0.514	-0.145	-0.036	-0.056	0.289	0.526	"4"
"明确"	1	0	0	2	0.849	0.242	0.366	1.543	0.2	-0.109	-0.169	0.283	0.761	"4"
"春季"	1	0	0	0	0.283	0.081	0.122	0.514	0.548	-0.036	-0.056	-0.314	0.954	"1"
"春耕"	0	0	0	1	0.283	0.081	0.122	0.514	-0.145	-0.036	-0.056	0.289	0.526	"4"
"春蕾"	0	0	0	1	0.283	0.081	0.122	0.514	-0.145	-0.036	-0.056	0.289	0.526	"4"
"春运"	2	0	0	2	1.132	0.322	0.488	2.058	0.497	-0.146	-0.226	-0.177	1.046	"1"
"显著"	1	0	0	0	0.283	0.081	0.122	0.514	0.548	-0.036	-0.056	-0.314	0.954	"1"
"晋升为"	1	0	0	0	0.283	0.081	0.122	0.514	0.548	-0.036	-0.056	-0.314	0.954	"1"
"晋陞"	0	0	0	2	0.566	0.161	0.244	1.029	-0.289	-0.073	-0.113	0.577	1.052	"4"
"普查"	1	0	0	0	0.283	0.081	0.122	0.514	0.548	-0.036	-0.056	-0.314	0.954	"1"
"更加"	1	0	0	0	0.283	0.081	0.122	0.514	0.548	-0.036	-0.056	-0.314	0.954	"1"
"替代"	0	0	0	4	1.132	0.322	0.488	2.058	-0.578	-0.146	-0.226	1.155	2.105	"4"
"有关"	0	0	0	2	0.566	0.161	0.244	1.029	-0.289	-0.073	-0.113	0.577	1.052	"4"
"有力"	1	0	0	0	0.283	0.081	0.122	0.514	0.548	-0.036	-0.056	-0.314	0.954	"1"
"有成"	0	0	0	1	0.283	0.081	0.122	0.514	-0.145	-0.036	-0.056	0.289	0.526	"4"
"有效药"	1	0	0	0	0.283	0.081	0.122	0.514	0.548	-0.036	-0.056	-0.314	0.954	"1"
"有教"	0	0	0	1	0.283	0.081	0.122	0.514	-0.145	-0.036	-0.056	0.289	0.526	"4"
"有望"	0	1	0	1	0.566	0.161	0.244	1.029	-0.289	0.811	-0.113	-0.134	1.347	"2"
"有条不紊"	0	0	0	1	0.283	0.081	0.122	0.514	-0.145	-0.036	-0.056	0.289	0.526	"4"
"有限公司"	0	0	1	0	0.283	0.081	0.122	0.514	-0.145	-0.036	0.914	-0.314	1.409	"3"
"服务"	0	0	0	2	0.566	0.161	0.244	1.029	-0.289	-0.073	-0.113	0.577	1.052	"4"
"服务车"	0	0	0	1	0.283	0.081	0.122	0.514	-0.145	-0.036	-0.056	0.289	0.526	"4"
"朝鲜"	0	0	0	1	0.283	0.081	0.122	0.514	-0.145	-0.036	-0.056	0.289	0.526	"4"
"期"	0	0	1	0	0.283	0.081	0.122	0.514	-0.145	-0.036	0.914	-0.314	1.409	"3"
"未来"	0	0	0	1	0.283	0.081	0.122	0.514	-0.145	-0.036	-0.056	0.289	0.526	"4"
"本地"	0	0	0	1	0.283	0.081	0.122	0.514	-0.145	-0.036	-0.056	0.289	0.526	"4"
"本田"	0	0	1	0	0.283	0.081	0.122	0.514	-0.145	-0.036	0.914	-0.314	1.409	"3"
"机关"	2	0	0	2	1.132	0.322	0.488	2.058	0.497	-0.146	-0.226	-0.177	1.046	"1"
"机构"	1	0	0	4	1.415	0.403	0.61	2.572	-0.249	-0.182	-0.282	0.686	1.399	"4"
"机电"	0	0	1	0	0.283	0.081	0.122	0.514	-0.145	-0.036	0.914	-0.314	1.409	"3"
"杀伤性"	0	0	0	1	0.283	0.081	0.122	0.514	-0.145	-0.036	-0.056	0.289	0.526	"4"
"杂交"	0	0	0	1	0.283	0.081	0.122	0.514	-0.145	-0.036	-0.056	0.289	0.526	"4"
"李子彬"	0	0	1	0	0.283	0.081	0.122	0.514	-0.145	-0.036	0.914	-0.314	1.409	"3"
"李少红"	0	0	0	1	0.283	0.081	0.122	0.514	-0.145	-0.036	-0.056	0.289	0.526	"4"
"束缚"	1	0	0	0	0.283	0.081	0.122	0.514	0.548	-0.036	-0.056	-0.314	0.954	"1"
"来访"	1	0	0	0	0.283	0.081	0.122	0.514	0.548	-0.036	-0.056	-0.314	0.954	"1"
"杰出"	0	0	0	1	0.283	0.081	0.122	0.514	-0.145	-0.036	-0.056	0.289	0.526	"4"
"松懈"	0	0	0	1	0.283	0.081	0.122	0.514	-0.145	-0.036	-0.056	0.289	0.526	"4"
"构想"	0	0	0	1	0.283	0.081	0.122	0.514	-0.145	-0.036	-0.056	0.289	0.526	"4"
"林业"	0	0	0	1	0.283	0.081	0.122	0.514	-0.145	-0.036	-0.056	0.289	0.526	"4"
"林信义"	0	0	0	1	0.283	0.081	0.122	0.514	-0.145	-0.036	-0.056	0.289	0.526	"4"
"林惠官"	0	0	0	1	0.283	0.081	0.122	0.514	-0.145	-0.036	-0.056	0.289	0.526	"4"
"林惠玲"	0	0	0	1	0.283	0.081	0.122	0.514	-0.145	-0.036	-0.056	0.289	0.526	"4"
"枚"	0	1	0	0	0.283	0.081	0.122	0.514	-0.145	1.094	-0.056	-0.314	1.609	"2"
"架构"	0	0	0	1	0.283	0.081	0.122	0.514	-0.145	-0.036	-0.056	0.289	0.526	"4"
"柔道"	0	2	0	0	0.566	0.161	0.244	1.029	-0.289	2.188	-0.113	-0.628	3.218	"2"
"查"	0	0	0	1	0.283	0.081	0.122	0.514	-0.145	-0.036	-0.056	0.289	0.526	"4"
"查办"	1	0	0	0	0.283	0.081	0.122	0.514	0.548	-0.036	-0.056	-0.314	0.954	"1"
"查处"	1	0	0	0	0.283	0.081	0.122	0.514	0.548	-0.036	-0.056	-0.314	0.954	"1"
"标"	0	1	1	0	0.566	0.161	0.244	1.029	-0.289	0.811	0.64	-0.628	2.368	"2"
"标准"	0	0	0	1	0.283	0.081	0.122	0.514	-0.145	-0.036	-0.056	0.289	0.526	"4"
"核"	0	0	0	1	0.283	0.081	0.122	0.514	-0.145	-0.036	-0.056	0.289	0.526	"4"
"核四"	0	0	0	3	0.849	0.242	0.366	1.543	-0.434	-0.109	-0.169	0.866	1.578	"4"
"核四案"	0	0	0	1	0.283	0.081	0.122	0.514	-0.145	-0.036	-0.056	0.289	0.526	"4"
"核定"	0	0	0	1	0.283	0.081	0.122	0.514	-0.145	-0.036	-0.056	0.289	0.526	"4"
"核心"	0	0	0	1	0.283	0.081	0.122	0.514	-0.145	-0.036	-0.056	0.289	0.526	"4"
"核电站"	1	0	0	0	0.283	0.081	0.122	0.514	0.548	-0.036	-0.056	-0.314	0.954	"1"
"根据"	0	0	0	4	1.132	0.322	0.488	2.058	-0.578	-0.146	-0.226	1.155	2.105	"4"
"根本"	1	0	0	0	0.283	0.081	0.122	0.514	0.548	-0.036	-0.056	-0.314	0.954	"1"
"桂冠"	0	1	0	0	0.283	0.081	0.122	0.514	-0.145	1.094	-0.056	-0.314	1.609	"2"
"检查"	1	0	0	1	0.566	0.161	0.244	1.029	0.313	-0.073	-0.113	-0.134	0.633	"1"
"检测"	1	0	0	0	0.283	0.081	0.122	0.514	0.548	-0.036	-0.056	-0.314	0.954	"1"
"检讨"	0	0	0	1	0.283	0.081	0.122	0.514	-0.145	-0.036	-0.056	0.289	0.526	"4"
"榨菜"	0	0	0	2	0.566	0.161	0.244	1.029	-0.289	-0.073	-0.113	0.577	1.052	"4"
"正义"	0	0	0	1	0.283	0.081	0.122	0.514	-0.145	-0.036	-0.056	0.289	0.526	"4"
"正在"	1	0	0	2	0.849	0.242	0.366	1.543	0.2	-0.109	-0.169	0.283	0.761	"4"
"正式"	0	3	0	0	0.849	0.242	0.366	1.543	-0.434	3.282	-0.169	-0.941	4.826	"2"
"步"	2	0	0	0	0.566	0.161	0.244	1.029	1.096	-0.073	-0.113	-0.628	1.91	"1"
"步入"	0	0	0	1	0.283	0.081	0.122	0.514	-0.145	-0.036	-0.056	0.289	0.526	"4"
"步骤"	0	0	0	1	0.283	0.081	0.122	0.514	-0.145	-0.036	-0.056	0.289	0.526	"4"
"武器"	0	0	0	1	0.283	0.081	0.122	0.514	-0.145	-0.036	-0.056	0.289	0.526	"4"
"武装部"	1	0	0	0	0.283	0.081	0.122	0.514	0.548	-0.036	-0.056	-0.314	0.954	"1"
"殉职"	0	0	0	1	0.283	0.081	0.122	0.514	-0.145	-0.036	-0.056	0.289	0.526	"4"
"残疾人"	0	0	0	3	0.849	0.242	0.366	1.543	-0.434	-0.109	-0.169	0.866	1.578	"4"
"段性"	1	0	0	0	0.283	0.081	0.122	0.514	0.548	-0.036	-0.056	-0.314	0.954	"1"
"段落"	0	0	0	1	0.283	0.081	0.122	0.514	-0.145	-0.036	-0.056	0.289	0.526	"4"
"毁于一旦"	0	1	0	0	0.283	0.081	0.122	0.514	-0.145	1.094	-0.056	-0.314	1.609	"2"
"比赛"	0	9	0	0	2.547	0.725	1.097	4.63	-1.301	9.845	-0.508	-2.824	14.478	"2"
"毕业生"	2	0	0	1	0.849	0.242	0.366	1.543	0.71	-0.109	-0.169	-0.32	1.308	"1"
"毫不"	3	0	0	1	1.132	0.322	0.488	2.058	1.146	-0.146	-0.226	-0.536	2.054	"1"
"民工"	1	0	0	1	0.566	0.161	0.244	1.029	0.313	-0.073	-0.113	-0.134	0.633	"1"
"民盟"	2	0	0	0	0.566	0.161	0.244	1.029	1.096	-0.073	-0.113	-0.628	1.91	"1"
"民营"	0	0	0	1	0.283	0.081	0.122	0.514	-0.145	-0.036	-0.056	0.289	0.526	"4"
"民营化"	0	0	0	1	0.283	0.081	0.122	0.514	-0.145	-0.036	-0.056	0.289	0.526	"4"
"民警"	0	0	0	1	0.283	0.081	0.122	0.514	-0.145	-0.036	-0.056	0.289	0.526	"4"
"民阵"	0	0	0	2	0.566	0.161	0.244	1.029	-0.289	-0.073	-0.113	0.577	1.052	"4"
"水稻"	0	0	0	1	0.283	0.081	0.122	0.514	-0.145	-0.036	-0.056	0.289	0.526	"4"
"汇"	1	0	0	0	0.283	0.081	0.122	0.514	0.548	-0.036	-0.056	-0.314	0.954	"1"
"汇报"	2	0	0	0	0.566	0.161	0.244	1.029	1.096	-0.073	-0.113	-0.628	1.91	"1"
"江苏省"	1	0	0	0	0.283	0.081	0.122	0.514	0.548	-0.036	-0.056	-0.314	0.954	"1"
"污染源"	0	0	1	0	0.283	0.081	0.122	0.514	-0.145	-0.036	0.914	-0.314	1.409	"3"
"汽车厂"	0	0	0	2	0.566	0.161	0.244	1.029	-0.289	-0.073	-0.113	0.577	1.052	"4"
"沙拉比"	0	0	0	1	0.283	0.081	0.122	0.514	-0.145	-0.036	-0.056	0.289	0.526	"4"
"河北省文"	0	0	0	1	0.283	0.081	0.122	0.514	-0.145	-0.036	-0.056	0.289	0.526	"4"
"治"	0	0	0	1	0.283	0.081	0.122	0.514	-0.145	-0.036	-0.056	0.289	0.526	"4"
"治安"	0	0	0	2	0.566	0.161	0.244	1.029	-0.289	-0.073	-0.113	0.577	1.052	"4"
"治理"	0	0	0	1	0.283	0.081	0.122	0.514	-0.145	-0.036	-0.056	0.289	0.526	"4"
"治疗"	0	0	0	2	0.566	0.161	0.244	1.029	-0.289	-0.073	-0.113	0.577	1.052	"4"
"法兰"	0	0	0	1	0.283	0.081	0.122	0.514	-0.145	-0.036	-0.056	0.289	0.526	"4"
"法制"	0	0	0	1	0.283	0.081	0.122	0.514	-0.145	-0.036	-0.056	0.289	0.526	"4"
"法制化"	0	0	0	1	0.283	0.081	0.122	0.514	-0.145	-0.036	-0.056	0.289	0.526	"4"
"洛阳市"	1	0	0	0	0.283	0.081	0.122	0.514	0.548	-0.036	-0.056	-0.314	0.954	"1"
"洽谈会"	0	0	1	1	0.566	0.161	0.244	1.029	-0.289	-0.073	0.64	-0.134	1.136	"3"
"派出所"	0	0	0	1	0.283	0.081	0.122	0.514	-0.145	-0.036	-0.056	0.289	0.526	"4"
"海关"	0	0	0	2	0.566	0.161	0.244	1.029	-0.289	-0.073	-0.113	0.577	1.052	"4"
"海军"	0	0	0	1	0.283	0.081	0.122	0.514	-0.145	-0.036	-0.056	0.289	0.526	"4"
"海外军"	0	0	1	0	0.283	0.081	0.122	0.514	-0.145	-0.036	0.914	-0.314	1.409	"3"
"消毒"	1	0	0	0	0.283	0.081	0.122	0.514	0.548	-0.036	-0.056	-0.314	0.954	"1"
"消防"	0	0	0	2	0.566	0.161	0.244	1.029	-0.289	-0.073	-0.113	0.577	1.052	"4"
"涉及"	0	0	1	1	0.566	0.161	0.244	1.029	-0.289	-0.073	0.64	-0.134	1.136	"3"
"涉及面"	1	0	0	0	0.283	0.081	0.122	0.514	0.548	-0.036	-0.056	-0.314	0.954	"1"
"深入"	2	0	0	0	0.566	0.161	0.244	1.029	1.096	-0.073	-0.113	-0.628	1.91	"1"
"深化"	2	0	0	0	0.566	0.161	0.244	1.029	1.096	-0.073	-0.113	-0.628	1.91	"1"
"深闺"	0	1	0	0	0.283	0.081	0.122	0.514	-0.145	1.094	-0.056	-0.314	1.609	"2"
"混合型"	0	0	0	1	0.283	0.081	0.122	0.514	-0.145	-0.036	-0.056	0.289	0.526	"4"
"清剿"	0	0	0	1	0.283	0.081	0.122	0.514	-0.145	-0.036	-0.056	0.289	0.526	"4"
"清洁"	0	0	0	1	0.283	0.081	0.122	0.514	-0.145	-0.036	-0.056	0.289	0.526	"4"
"清理"	2	0	0	0	0.566	0.161	0.244	1.029	1.096	-0.073	-0.113	-0.628	1.91	"1"
"清除"	0	0	0	1	0.283	0.081	0.122	0.514	-0.145	-0.036	-0.056	0.289	0.526	"4"
"温家宝"	1	0	0	0	0.283	0.081	0.122	0.514	0.548	-0.036	-0.056	-0.314	0.954	"1"
"港务"	0	0	0	1	0.283	0.081	0.122	0.514	-0.145	-0.036	-0.056	0.289	0.526	"4"
"港澳台"	1	0	0	0	0.283	0.081	0.122	0.514	0.548	-0.036	-0.056	-0.314	0.954	"1"
"游泳"	0	2	1	0	0.849	0.242	0.366	1.543	-0.434	1.735	0.491	-0.941	3.601	"2"
"滑雪"	0	2	0	0	0.566	0.161	0.244	1.029	-0.289	2.188	-0.113	-0.628	3.218	"2"
"漏报"	0	0	0	1	0.283	0.081	0.122	0.514	-0.145	-0.036	-0.056	0.289	0.526	"4"
"演艺圈"	0	0	0	1	0.283	0.081	0.122	0.514	-0.145	-0.036	-0.056	0.289	0.526	"4"
"火灾"	1	0	0	0	0.283	0.081	0.122	0.514	0.548	-0.036	-0.056	-0.314	0.954	"1"
"灾区"	0	0	0	2	0.566	0.161	0.244	1.029	-0.289	-0.073	-0.113	0.577	1.052	"4"
"灾害"	2	0	0	0	0.566	0.161	0.244	1.029	1.096	-0.073	-0.113	-0.628	1.91	"1"
"灾民"	0	0	0	1	0.283	0.081	0.122	0.514	-0.145	-0.036	-0.056	0.289	0.526	"4"
"煤代油"	0	0	1	0	0.283	0.081	0.122	0.514	-0.145	-0.036	0.914	-0.314	1.409	"3"
"版本"	0	0	0	1	0.283	0.081	0.122	0.514	-0.145	-0.036	-0.056	0.289	0.526	"4"
"牵涉到"	0	0	0	1	0.283	0.081	0.122	0.514	-0.145	-0.036	-0.056	0.289	0.526	"4"
"特困户"	0	0	0	1	0.283	0.081	0.122	0.514	-0.145	-0.036	-0.056	0.289	0.526	"4"
"特快"	0	0	0	1	0.283	0.081	0.122	0.514	-0.145	-0.036	-0.056	0.289	0.526	"4"
"特色"	1	1	0	0	0.566	0.161	0.244	1.029	0.313	0.811	-0.113	-0.628	1.865	"2"
"特色社"	1	0	0	0	0.283	0.081	0.122	0.514	0.548	-0.036	-0.056	-0.314	0.954	"1"
"特邀"	1	0	0	0	0.283	0.081	0.122	0.514	0.548	-0.036	-0.056	-0.314	0.954	"1"
"狠"	3	0	0	0	0.849	0.242	0.366	1.543	1.644	-0.109	-0.169	-0.941	2.863	"1"
"独资"	0	0	1	0	0.283	0.081	0.122	0.514	-0.145	-0.036	0.914	-0.314	1.409	"3"
"玉山"	0	0	0	1	0.283	0.081	0.122	0.514	-0.145	-0.036	-0.056	0.289	0.526	"4"
"王春清"	0	0	0	1	0.283	0.081	0.122	0.514	-0.145	-0.036	-0.056	0.289	0.526	"4"
"环保"	0	0	3	0	0.849	0.242	0.366	1.543	-0.434	-0.109	2.742	-0.941	4.226	"3"
"现代化"	2	0	0	2	1.132	0.322	0.488	2.058	0.497	-0.146	-0.226	-0.177	1.046	"1"
"班丹"	0	0	0	1	0.283	0.081	0.122	0.514	-0.145	-0.036	-0.056	0.289	0.526	"4"
"理事长"	0	0	0	1	0.283	0.081	0.122	0.514	-0.145	-0.036	-0.056	0.289	0.526	"4"
"瑞克"	0	0	0	1	0.283	0.081	0.122	0.514	-0.145	-0.036	-0.056	0.289	0.526	"4"
"生活"	2	0	0	1	0.849	0.242	0.366	1.543	0.71	-0.109	-0.169	-0.32	1.308	"1"
"生物工程"	0	0	1	0	0.283	0.081	0.122	0.514	-0.145	-0.036	0.914	-0.314	1.409	"3"
"生育"	0	0	0	2	0.566	0.161	0.244	1.029	-0.289	-0.073	-0.113	0.577	1.052	"4"
"用于"	0	0	1	0	0.283	0.081	0.122	0.514	-0.145	-0.036	0.914	-0.314	1.409	"3"
"用地"	0	0	1	0	0.283	0.081	0.122	0.514	-0.145	-0.036	0.914	-0.314	1.409	"3"
"田径"	0	3	0	0	0.849	0.242	0.366	1.543	-0.434	3.282	-0.169	-0.941	4.826	"2"
"申办"	0	0	0	1	0.283	0.081	0.122	0.514	-0.145	-0.036	-0.056	0.289	0.526	"4"
"电书"	0	0	0	2	0.566	0.161	0.244	1.029	-0.289	-0.073	-0.113	0.577	1.052	"4"
"电信"	0	0	0	1	0.283	0.081	0.122	0.514	-0.145	-0.036	-0.056	0.289	0.526	"4"
"电力"	0	0	1	1	0.566	0.161	0.244	1.029	-0.289	-0.073	0.64	-0.134	1.136	"3"
"电站"	0	0	1	0	0.283	0.081	0.122	0.514	-0.145	-0.036	0.914	-0.314	1.409	"3"
"男子"	0	1	0	0	0.283	0.081	0.122	0.514	-0.145	1.094	-0.056	-0.314	1.609	"2"
"男子组"	0	1	0	0	0.283	0.081	0.122	0.514	-0.145	1.094	-0.056	-0.314	1.609	"2"
"疫"	1	0	0	1	0.566	0.161	0.244	1.029	0.313	-0.073	-0.113	-0.134	0.633	"1"
"瘦身"	0	0	0	1	0.283	0.081	0.122	0.514	-0.145	-0.036	-0.056	0.289	0.526	"4"
"监察员"	1	0	0	0	0.283	0.081	0.122	0.514	0.548	-0.036	-0.056	-0.314	0.954	"1"
"监察部"	1	0	0	0	0.283	0.081	0.122	0.514	0.548	-0.036	-0.056	-0.314	0.954	"1"
"监测"	2	0	0	0	0.566	0.161	0.244	1.029	1.096	-0.073	-0.113	-0.628	1.91	"1"
"监管"	1	0	0	0	0.283	0.081	0.122	0.514	0.548	-0.036	-0.056	-0.314	0.954	"1"
"监造"	0	0	0	2	0.566	0.161	0.244	1.029	-0.289	-0.073	-0.113	0.577	1.052	"4"
"盗版"	0	0	0	1	0.283	0.081	0.122	0.514	-0.145	-0.036	-0.056	0.289	0.526	"4"
"目的"	0	0	0	1	0.283	0.081	0.122	0.514	-0.145	-0.036	-0.056	0.289	0.526	"4"
"相关"	0	0	0	2	0.566	0.161	0.244	1.029	-0.289	-0.073	-0.113	0.577	1.052	"4"
"相当"	1	0	0	2	0.849	0.242	0.366	1.543	0.2	-0.109	-0.169	0.283	0.761	"4"
"眼花缭乱"	0	1	0	0	0.283	0.081	0.122	0.514	-0.145	1.094	-0.056	-0.314	1.609	"2"
"着手"	0	0	1	1	0.566	0.161	0.244	1.029	-0.289	-0.073	0.64	-0.134	1.136	"3"
"督促"	1	0	0	0	0.283	0.081	0.122	0.514	0.548	-0.036	-0.056	-0.314	0.954	"1"
"督察"	1	0	0	0	0.283	0.081	0.122	0.514	0.548	-0.036	-0.056	-0.314	0.954	"1"
"短期"	0	0	0	1	0.283	0.081	0.122	0.514	-0.145	-0.036	-0.056	0.289	0.526	"4"
"研"	0	0	0	1	0.283	0.081	0.122	0.514	-0.145	-0.036	-0.056	0.289	0.526	"4"
"研制"	0	0	0	1	0.283	0.081	0.122	0.514	-0.145	-0.036	-0.056	0.289	0.526	"4"
"研拟"	0	0	0	2	0.566	0.161	0.244	1.029	-0.289	-0.073	-0.113	0.577	1.052	"4"
"研究"	0	0	1	8	2.547	0.725	1.097	4.63	-1.301	-0.328	-0.156	1.62	3.405	"4"
"研考会"	0	0	0	1	0.283	0.081	0.122	0.514	-0.145	-0.036	-0.056	0.289	0.526	"4"
"破土"	0	0	1	0	0.283	0.081	0.122	0.514	-0.145	-0.036	0.914	-0.314	1.409	"3"
"硅"	0	0	0	1	0.283	0.081	0.122	0.514	-0.145	-0.036	-0.056	0.289	0.526	"4"
"确保"	2	0	0	1	0.849	0.242	0.366	1.543	0.71	-0.109	-0.169	-0.32	1.308	"1"
"确定"	0	0	0	2	0.566	0.161	0.244	1.029	-0.289	-0.073	-0.113	0.577	1.052	"4"
"示范"	0	0	0	1	0.283	0.081	0.122	0.514	-0.145	-0.036	-0.056	0.289	0.526	"4"
"示范区"	0	0	0	1	0.283	0.081	0.122	0.514	-0.145	-0.036	-0.056	0.289	0.526	"4"
"社会主义"	1	0	0	0	0.283	0.081	0.122	0.514	0.548	-0.036	-0.056	-0.314	0.954	"1"
"社区"	2	0	0	0	0.566	0.161	0.244	1.029	1.096	-0.073	-0.113	-0.628	1.91	"1"
"祖"	1	0	0	0	0.283	0.081	0.122	0.514	0.548	-0.036	-0.056	-0.314	0.954	"1"
"私营"	0	0	0	1	0.283	0.081	0.122	0.514	-0.145	-0.036	-0.056	0.289	0.526	"4"
"秋千"	0	1	0	0	0.283	0.081	0.122	0.514	-0.145	1.094	-0.056	-0.314	1.609	"2"
"种植地"	0	0	0	2	0.566	0.161	0.244	1.029	-0.289	-0.073	-0.113	0.577	1.052	"4"
"科技"	0	0	0	2	0.566	0.161	0.244	1.029	-0.289	-0.073	-0.113	0.577	1.052	"4"
"科拉多"	0	0	0	1	0.283	0.081	0.122	0.514	-0.145	-0.036	-0.056	0.289	0.526	"4"
"科普"	3	0	0	0	0.849	0.242	0.366	1.543	1.644	-0.109	-0.169	-0.941	2.863	"1"
"科研"	0	0	0	4	1.132	0.322	0.488	2.058	-0.578	-0.146	-0.226	1.155	2.105	"4"
"科考"	0	0	0	1	0.283	0.081	0.122	0.514	-0.145	-0.036	-0.056	0.289	0.526	"4"
"秩序"	0	0	0	2	0.566	0.161	0.244	1.029	-0.289	-0.073	-0.113	0.577	1.052	"4"
"积极"	1	0	0	0	0.283	0.081	0.122	0.514	0.548	-0.036	-0.056	-0.314	0.954	"1"
"移民"	0	0	0	1	0.283	0.081	0.122	0.514	-0.145	-0.036	-0.056	0.289	0.526	"4"
"税费"	1	0	0	0	0.283	0.081	0.122	0.514	0.548	-0.036	-0.056	-0.314	0.954	"1"
"稳定"	0	0	0	1	0.283	0.081	0.122	0.514	-0.145	-0.036	-0.056	0.289	0.526	"4"
"稻"	0	0	0	1	0.283	0.081	0.122	0.514	-0.145	-0.036	-0.056	0.289	0.526	"4"
"稿样"	0	0	0	1	0.283	0.081	0.122	0.514	-0.145	-0.036	-0.056	0.289	0.526	"4"
"立交桥"	0	0	0	1	0.283	0.081	0.122	0.514	-0.145	-0.036	-0.056	0.289	0.526	"4"
"竞"	0	0	1	0	0.283	0.081	0.122	0.514	-0.145	-0.036	0.914	-0.314	1.409	"3"
"竞速"	0	1	0	0	0.283	0.081	0.122	0.514	-0.145	1.094	-0.056	-0.314	1.609	"2"
"笔试部"	1	0	0	0	0.283	0.081	0.122	0.514	0.548	-0.036	-0.056	-0.314	0.954	"1"
"第1"	0	0	0	1	0.283	0.081	0.122	0.514	-0.145	-0.036	-0.056	0.289	0.526	"4"
"第十"	0	0	0	2	0.566	0.161	0.244	1.029	-0.289	-0.073	-0.113	0.577	1.052	"4"
"等"	0	4	4	0	2.264	0.644	0.976	4.116	-1.156	2.646	1.987	-2.51	8.299	"2"
"策划"	0	0	0	1	0.283	0.081	0.122	0.514	-0.145	-0.036	-0.056	0.289	0.526	"4"
"筹"	0	0	0	1	0.283	0.081	0.122	0.514	-0.145	-0.036	-0.056	0.289	0.526	"4"
"筹办"	0	0	1	0	0.283	0.081	0.122	0.514	-0.145	-0.036	0.914	-0.314	1.409	"3"
"筹备"	0	0	0	4	1.132	0.322	0.488	2.058	-0.578	-0.146	-0.226	1.155	2.105	"4"
"简便"	1	0	0	0	0.283	0.081	0.122	0.514	0.548	-0.036	-0.056	-0.314	0.954	"1"
"管理"	5	0	0	2	1.981	0.564	0.854	3.601	1.651	-0.255	-0.395	-0.691	2.992	"1"
"管理系"	0	0	0	1	0.283	0.081	0.122	0.514	-0.145	-0.036	-0.056	0.289	0.526	"4"
"管考"	0	0	0	1	0.283	0.081	0.122	0.514	-0.145	-0.036	-0.056	0.289	0.526	"4"
"管辖"	0	0	0	1	0.283	0.081	0.122	0.514	-0.145	-0.036	-0.056	0.289	0.526	"4"
"米"	0	1	0	0	0.283	0.081	0.122	0.514	-0.145	1.094	-0.056	-0.314	1.609	"2"
"类"	0	1	0	2	0.849	0.242	0.366	1.543	-0.434	0.652	-0.169	0.283	1.538	"2"
"系统"	1	0	0	1	0.566	0.161	0.244	1.029	0.313	-0.073	-0.113	-0.134	0.633	"1"
"紧"	1	0	0	0	0.283	0.081	0.122	0.514	0.548	-0.036	-0.056	-0.314	0.954	"1"
"紧张"	1	0	0	0	0.283	0.081	0.122	0.514	0.548	-0.036	-0.056	-0.314	0.954	"1"
"紧急"	0	0	0	1	0.283	0.081	0.122	0.514	-0.145	-0.036	-0.056	0.289	0.526	"4"
"繁荣"	0	0	0	1	0.283	0.081	0.122	0.514	-0.145	-0.036	-0.056	0.289	0.526	"4"
"繁重"	1	0	0	0	0.283	0.081	0.122	0.514	0.548	-0.036	-0.056	-0.314	0.954	"1"
"纪委"	1	0	0	0	0.283	0.081	0.122	0.514	0.548	-0.036	-0.056	-0.314	0.954	"1"
"纪录"	0	0	1	0	0.283	0.081	0.122	0.514	-0.145	-0.036	0.914	-0.314	1.409	"3"
"纲要"	0	0	0	1	0.283	0.081	0.122	0.514	-0.145	-0.036	-0.056	0.289	0.526	"4"
"纳入"	1	0	0	0	0.283	0.081	0.122	0.514	0.548	-0.036	-0.056	-0.314	0.954	"1"
"纾困"	0	0	0	1	0.283	0.081	0.122	0.514	-0.145	-0.036	-0.056	0.289	0.526	"4"
"组屋"	0	0	0	2	0.566	0.161	0.244	1.029	-0.289	-0.073	-0.113	0.577	1.052	"4"
"组建"	2	0	0	1	0.849	0.242	0.366	1.543	0.71	-0.109	-0.169	-0.32	1.308	"1"
"组成部分"	1	0	0	0	0.283	0.081	0.122	0.514	0.548	-0.036	-0.056	-0.314	0.954	"1"
"组织"	2	0	0	3	1.415	0.403	0.61	2.572	0.36	-0.182	-0.282	0.278	1.102	"1"
"细"	1	0	0	0	0.283	0.081	0.122	0.514	0.548	-0.036	-0.056	-0.314	0.954	"1"
"细致"	1	0	0	0	0.283	0.081	0.122	0.514	0.548	-0.036	-0.056	-0.314	0.954	"1"
"经常"	0	0	1	0	0.283	0.081	0.122	0.514	-0.145	-0.036	0.914	-0.314	1.409	"3"
"经济体制"	1	0	0	0	0.283	0.081	0.122	0.514	0.548	-0.036	-0.056	-0.314	0.954	"1"
"经济部"	0	0	0	2	0.566	0.161	0.244	1.029	-0.289	-0.073	-0.113	0.577	1.052	"4"
"经理"	0	0	0	2	0.566	0.161	0.244	1.029	-0.289	-0.073	-0.113	0.577	1.052	"4"
"经营"	0	0	2	0	0.566	0.161	0.244	1.029	-0.289	-0.073	1.828	-0.628	2.818	"3"
"经验"	2	0	0	0	0.566	0.161	0.244	1.029	1.096	-0.073	-0.113	-0.628	1.91	"1"
"结合起来"	1	0	0	0	0.283	0.081	0.122	0.514	0.548	-0.036	-0.056	-0.314	0.954	"1"
"给予"	1	0	0	1	0.566	0.161	0.244	1.029	0.313	-0.073	-0.113	-0.134	0.633	"1"
"统一"	1	0	0	0	0.283	0.081	0.122	0.514	0.548	-0.036	-0.056	-0.314	0.954	"1"
"统战"	1	0	0	0	0.283	0.081	0.122	0.514	0.548	-0.036	-0.056	-0.314	0.954	"1"
"续建"	0	0	0	1	0.283	0.081	0.122	0.514	-0.145	-0.036	-0.056	0.289	0.526	"4"
"维"	0	0	0	4	1.132	0.322	0.488	2.058	-0.578	-0.146	-0.226	1.155	2.105	"4"
"维修"	0	0	0	1	0.283	0.081	0.122	0.514	-0.145	-0.036	-0.056	0.289	0.526	"4"
"绿色食品"	0	1	0	0	0.283	0.081	0.122	0.514	-0.145	1.094	-0.056	-0.314	1.609	"2"
"编撰"	0	0	0	1	0.283	0.081	0.122	0.514	-0.145	-0.036	-0.056	0.289	0.526	"4"
"缺"	0	0	0	1	0.283	0.081	0.122	0.514	-0.145	-0.036	-0.056	0.289	0.526	"4"
"缺电"	0	0	0	1	0.283	0.081	0.122	0.514	-0.145	-0.036	-0.056	0.289	0.526	"4"
"网际"	0	0	1	0	0.283	0.081	0.122	0.514	-0.145	-0.036	0.914	-0.314	1.409	"3"
"罢工"	0	0	0	1	0.283	0.081	0.122	0.514	-0.145	-0.036	-0.056	0.289	0.526	"4"
"美元"	0	0	5	1	1.698	0.483	0.732	3.087	-0.867	-0.219	3.838	-1.016	5.94	"3"
"美军"	0	0	0	2	0.566	0.161	0.244	1.029	-0.289	-0.073	-0.113	0.577	1.052	"4"
"羚羊"	1	0	0	0	0.283	0.081	0.122	0.514	0.548	-0.036	-0.056	-0.314	0.954	"1"
"群众"	4	0	0	1	1.415	0.403	0.61	2.572	1.605	-0.182	-0.282	-0.77	2.839	"1"
"群众性"	0	0	0	1	0.283	0.081	0.122	0.514	-0.145	-0.036	-0.056	0.289	0.526	"4"
"翻新"	0	0	0	2	0.566	0.161	0.244	1.029	-0.289	-0.073	-0.113	0.577	1.052	"4"
"考古"	0	0	0	1	0.283	0.081	0.122	0.514	-0.145	-0.036	-0.056	0.289	0.526	"4"
"考察"	0	0	0	2	0.566	0.161	0.244	1.029	-0.289	-0.073	-0.113	0.577	1.052	"4"
"考核"	1	0	0	0	0.283	0.081	0.122	0.514	0.548	-0.036	-0.056	-0.314	0.954	"1"
"考虑"	1	0	0	0	0.283	0.081	0.122	0.514	0.548	-0.036	-0.056	-0.314	0.954	"1"
"考证"	1	0	0	0	0.283	0.081	0.122	0.514	0.548	-0.036	-0.056	-0.314	0.954	"1"
"职工"	2	0	0	0	0.566	0.161	0.244	1.029	1.096	-0.073	-0.113	-0.628	1.91	"1"
"职能"	1	0	0	0	0.283	0.081	0.122	0.514	0.548	-0.036	-0.056	-0.314	0.954	"1"
"职责"	1	0	0	1	0.566	0.161	0.244	1.029	0.313	-0.073	-0.113	-0.134	0.633	"1"
"联体"	0	0	3	0	0.849	0.242	0.366	1.543	-0.434	-0.109	2.742	-0.941	4.226	"3"
"联合"	1	0	0	0	0.283	0.081	0.122	0.514	0.548	-0.036	-0.056	-0.314	0.954	"1"
"联治"	0	0	0	1	0.283	0.081	0.122	0.514	-0.145	-0.036	-0.056	0.289	0.526	"4"
"聘为"	0	0	0	1	0.283	0.081	0.122	0.514	-0.145	-0.036	-0.056	0.289	0.526	"4"
"聘任"	0	0	0	1	0.283	0.081	0.122	0.514	-0.145	-0.036	-0.056	0.289	0.526	"4"
"股东"	0	0	0	1	0.283	0.081	0.122	0.514	-0.145	-0.036	-0.056	0.289	0.526	"4"
"股份"	0	0	1	0	0.283	0.081	0.122	0.514	-0.145	-0.036	0.914	-0.314	1.409	"3"
"育"	1	0	0	0	0.283	0.081	0.122	0.514	0.548	-0.036	-0.056	-0.314	0.954	"1"
"育种"	0	0	0	1	0.283	0.081	0.122	0.514	-0.145	-0.036	-0.056	0.289	0.526	"4"
"肺炎"	6	0	0	0	1.698	0.483	0.732	3.087	3.289	-0.219	-0.339	-1.883	5.73	"1"
"腐败"	1	0	0	3	1.132	0.322	0.488	2.058	-0.167	-0.146	-0.226	0.476	1.015	"4"
"自动化"	0	0	0	1	0.283	0.081	0.122	0.514	-0.145	-0.036	-0.056	0.289	0.526	"4"
"自由派"	0	0	0	1	0.283	0.081	0.122	0.514	-0.145	-0.036	-0.056	0.289	0.526	"4"
"舞狮"	0	1	0	0	0.283	0.081	0.122	0.514	-0.145	1.094	-0.056	-0.314	1.609	"2"
"舞龙"	0	1	0	0	0.283	0.081	0.122	0.514	-0.145	1.094	-0.056	-0.314	1.609	"2"
"航天"	0	0	0	1	0.283	0.081	0.122	0.514	-0.145	-0.036	-0.056	0.289	0.526	"4"
"航空界"	0	0	1	0	0.283	0.081	0.122	0.514	-0.145	-0.036	0.914	-0.314	1.409	"3"
"艰巨"	0	0	0	5	1.415	0.403	0.61	2.572	-0.723	-0.182	-0.282	1.443	2.63	"4"
"艰巨性"	1	0	0	0	0.283	0.081	0.122	0.514	0.548	-0.036	-0.056	-0.314	0.954	"1"
"艰苦"	1	0	0	0	0.283	0.081	0.122	0.514	0.548	-0.036	-0.056	-0.314	0.954	"1"
"艾滋病"	0	1	0	0	0.283	0.081	0.122	0.514	-0.145	1.094	-0.056	-0.314	1.609	"2"
"英特尔"	0	0	0	1	0.283	0.081	0.122	0.514	-0.145	-0.036	-0.056	0.289	0.526	"4"
"范例"	0	1	0	0	0.283	0.081	0.122	0.514	-0.145	1.094	-0.056	-0.314	1.609	"2"
"草拟"	0	0	0	1	0.283	0.081	0.122	0.514	-0.145	-0.036	-0.056	0.289	0.526	"4"
"草案"	0	0	0	1	0.283	0.081	0.122	0.514	-0.145	-0.036	-0.056	0.289	0.526	"4"
"草皮"	0	0	0	1	0.283	0.081	0.122	0.514	-0.145	-0.036	-0.056	0.289	0.526	"4"
"获得"	0	2	0	0	0.566	0.161	0.244	1.029	-0.289	2.188	-0.113	-0.628	3.218	"2"
"获知"	0	0	0	1	0.283	0.081	0.122	0.514	-0.145	-0.036	-0.056	0.289	0.526	"4"
"获选"	0	0	0	1	0.283	0.081	0.122	0.514	-0.145	-0.036	-0.056	0.289	0.526	"4"
"落实"	2	0	0	6	2.264	0.644	0.976	4.116	-0.226	-0.292	-0.452	0.784	1.754	"4"
"落脚点"	1	0	0	0	0.283	0.081	0.122	0.514	0.548	-0.036	-0.056	-0.314	0.954	"1"
"蒙皮"	0	0	0	1	0.283	0.081	0.122	0.514	-0.145	-0.036	-0.056	0.289	0.526	"4"
"薪酬"	0	0	0	1	0.283	0.081	0.122	0.514	-0.145	-0.036	-0.056	0.289	0.526	"4"
"蚬壳"	0	0	0	1	0.283	0.081	0.122	0.514	-0.145	-0.036	-0.056	0.289	0.526	"4"
"蜀国"	0	0	0	1	0.283	0.081	0.122	0.514	-0.145	-0.036	-0.056	0.289	0.526	"4"
"行"	0	0	0	1	0.283	0.081	0.122	0.514	-0.145	-0.036	-0.056	0.289	0.526	"4"
"行动"	1	0	0	2	0.849	0.242	0.366	1.543	0.2	-0.109	-0.169	0.283	0.761	"4"
"行政"	1	0	0	1	0.566	0.161	0.244	1.029	0.313	-0.073	-0.113	-0.134	0.633	"1"
"补习"	0	0	0	1	0.283	0.081	0.122	0.514	-0.145	-0.036	-0.056	0.289	0.526	"4"
"表彰"	1	0	0	0	0.283	0.081	0.122	0.514	0.548	-0.036	-0.056	-0.314	0.954	"1"
"表演"	0	6	0	0	1.698	0.483	0.732	3.087	-0.867	6.564	-0.339	-1.883	9.653	"2"
"装备"	0	0	0	1	0.283	0.081	0.122	0.514	-0.145	-0.036	-0.056	0.289	0.526	"4"
"裕华园"	0	0	0	1	0.283	0.081	0.122	0.514	-0.145	-0.036	-0.056	0.289	0.526	"4"
"裨益"	0	0	0	1	0.283	0.081	0.122	0.514	-0.145	-0.036	-0.056	0.289	0.526	"4"
"西北铁"	0	0	1	0	0.283	0.081	0.122	0.514	-0.145	-0.036	0.914	-0.314	1.409	"3"
"西藏"	2	0	0	0	0.566	0.161	0.244	1.029	1.096	-0.073	-0.113	-0.628	1.91	"1"
"西部"	0	0	2	0	0.566	0.161	0.244	1.029	-0.289	-0.073	1.828	-0.628	2.818	"3"
"要"	14	0	0	1	4.246	1.208	1.829	7.717	6.631	-0.547	-0.847	-3.479	11.504	"1"
"覆盖"	1	0	0	0	0.283	0.081	0.122	0.514	0.548	-0.036	-0.056	-0.314	0.954	"1"
"规划"	3	0	2	1	1.698	0.483	0.732	3.087	0.648	-0.219	0.796	-1.016	2.679	"4"
"规定"	0	0	0	2	0.566	0.161	0.244	1.029	-0.289	-0.073	-0.113	0.577	1.052	"4"
"规范"	1	0	0	0	0.283	0.081	0.122	0.514	0.548	-0.036	-0.056	-0.314	0.954	"1"
"解决"	0	0	0	7	1.981	0.564	0.854	3.601	-1.012	-0.255	-0.395	2.021	3.683	"4"
"解囊"	0	0	0	1	0.283	0.081	0.122	0.514	-0.145	-0.036	-0.056	0.289	0.526	"4"
"解振华"	0	0	0	1	0.283	0.081	0.122	0.514	-0.145	-0.036	-0.056	0.289	0.526	"4"
"触铃"	0	1	0	0	0.283	0.081	0.122	0.514	-0.145	1.094	-0.056	-0.314	1.609	"2"
"警察"	0	0	0	2	0.566	0.161	0.244	1.029	-0.289	-0.073	-0.113	0.577	1.052	"4"
"警岗"	0	0	0	1	0.283	0.081	0.122	0.514	-0.145	-0.036	-0.056	0.289	0.526	"4"
"计划"	0	0	0	15	4.246	1.208	1.829	7.717	-2.168	-0.547	-0.847	4.33	7.892	"4"
"计画"	0	0	0	2	0.566	0.161	0.244	1.029	-0.289	-0.073	-0.113	0.577	1.052	"4"
"认定"	1	0	0	0	0.283	0.081	0.122	0.514	0.548	-0.036	-0.056	-0.314	0.954	"1"
"认真"	4	0	0	0	1.132	0.322	0.488	2.058	2.193	-0.146	-0.226	-1.255	3.82	"1"
"认识"	1	0	0	0	0.283	0.081	0.122	0.514	0.548	-0.036	-0.056	-0.314	0.954	"1"
"认购"	0	0	0	2	0.566	0.161	0.244	1.029	-0.289	-0.073	-0.113	0.577	1.052	"4"
"训练"	0	0	1	3	1.132	0.322	0.488	2.058	-0.578	-0.146	0.392	0.476	1.592	"1"
"许可"	0	0	0	2	0.566	0.161	0.244	1.029	-0.289	-0.073	-0.113	0.577	1.052	"4"
"许恩佩"	0	0	0	2	0.566	0.161	0.244	1.029	-0.289	-0.073	-0.113	0.577	1.052	"4"
"设"	0	1	0	0	0.283	0.081	0.122	0.514	-0.145	1.094	-0.056	-0.314	1.609	"2"
"设厂"	0	0	0	1	0.283	0.081	0.122	0.514	-0.145	-0.036	-0.056	0.289	0.526	"4"
"设施"	0	0	1	0	0.283	0.081	0.122	0.514	-0.145	-0.036	0.914	-0.314	1.409	"3"
"设立"	0	0	0	1	0.283	0.081	0.122	0.514	-0.145	-0.036	-0.056	0.289	0.526	"4"
"设计"	0	0	0	2	0.566	0.161	0.244	1.029	-0.289	-0.073	-0.113	0.577	1.052	"4"
"试点"	1	0	0	0	0.283	0.081	0.122	0.514	0.548	-0.036	-0.056	-0.314	0.954	"1"
"该"	0	2	1	5	2.264	0.644	0.976	4.116	-1.156	0.882	0.189	0.403	2.63	"1"
"详尽"	0	0	0	1	0.283	0.081	0.122	0.514	-0.145	-0.036	-0.056	0.289	0.526	"4"
"详情"	0	0	0	1	0.283	0.081	0.122	0.514	-0.145	-0.036	-0.056	0.289	0.526	"4"
"详细"	0	0	0	1	0.283	0.081	0.122	0.514	-0.145	-0.036	-0.056	0.289	0.526	"4"
"调整"	0	0	0	4	1.132	0.322	0.488	2.058	-0.578	-0.146	-0.226	1.155	2.105	"4"
"调解"	0	0	0	1	0.283	0.081	0.122	0.514	-0.145	-0.036	-0.056	0.289	0.526	"4"
"谈判"	0	0	0	1	0.283	0.081	0.122	0.514	-0.145	-0.036	-0.056	0.289	0.526	"4"
"负责"	1	0	0	1	0.566	0.161	0.244	1.029	0.313	-0.073	-0.113	-0.134	0.633	"1"
"贡献"	0	0	0	1	0.283	0.081	0.122	0.514	-0.145	-0.036	-0.056	0.289	0.526	"4"
"财务"	0	0	0	1	0.283	0.081	0.122	0.514	-0.145	-0.036	-0.056	0.289	0.526	"4"
"责任制"	1	0	0	0	0.283	0.081	0.122	0.514	0.548	-0.036	-0.056	-0.314	0.954	"1"
"货运"	0	0	0	1	0.283	0.081	0.122	0.514	-0.145	-0.036	-0.056	0.289	0.526	"4"
"贫"	1	0	0	0	0.283	0.081	0.122	0.514	0.548	-0.036	-0.056	-0.314	0.954	"1"
"购置"	0	0	1	0	0.283	0.081	0.122	0.514	-0.145	-0.036	0.914	-0.314	1.409	"3"
"贯彻"	1	0	0	1	0.566	0.161	0.244	1.029	0.313	-0.073	-0.113	-0.134	0.633	"1"
"贵州"	0	1	0	0	0.283	0.081	0.122	0.514	-0.145	1.094	-0.056	-0.314	1.609	"2"
"贵州省"	1	0	0	1	0.566	0.161	0.244	1.029	0.313	-0.073	-0.113	-0.134	0.633	"1"
"贷款"	0	0	2	2	1.132	0.322	0.488	2.058	-0.578	-0.146	1.123	-0.177	2.024	"3"
"贻误"	1	0	0	0	0.283	0.081	0.122	0.514	0.548	-0.036	-0.056	-0.314	0.954	"1"
"资"	0	0	1	0	0.283	0.081	0.122	0.514	-0.145	-0.036	0.914	-0.314	1.409	"3"
"资助"	0	0	1	1	0.566	0.161	0.244	1.029	-0.289	-0.073	0.64	-0.134	1.136	"3"
"资本"	0	0	1	0	0.283	0.081	0.122	0.514	-0.145	-0.036	0.914	-0.314	1.409	"3"
"资讯"	0	0	0	2	0.566	0.161	0.244	1.029	-0.289	-0.073	-0.113	0.577	1.052	"4"
"资费"	0	0	0	2	0.566	0.161	0.244	1.029	-0.289	-0.073	-0.113	0.577	1.052	"4"
"资金"	0	0	3	0	0.849	0.242	0.366	1.543	-0.434	-0.109	2.742	-0.941	4.226	"3"
"赵自强"	0	0	1	0	0.283	0.081	0.122	0.514	-0.145	-0.036	0.914	-0.314	1.409	"3"
"超亚"	0	0	1	0	0.283	0.081	0.122	0.514	-0.145	-0.036	0.914	-0.314	1.409	"3"
"超额"	0	0	0	1	0.283	0.081	0.122	0.514	-0.145	-0.036	-0.056	0.289	0.526	"4"
"超高产超"	0	0	0	1	0.283	0.081	0.122	0.514	-0.145	-0.036	-0.056	0.289	0.526	"4"
"距离赛"	0	1	0	0	0.283	0.081	0.122	0.514	-0.145	1.094	-0.056	-0.314	1.609	"2"
"跨国"	0	0	0	1	0.283	0.081	0.122	0.514	-0.145	-0.036	-0.056	0.289	0.526	"4"
"路"	0	0	0	1	0.283	0.081	0.122	0.514	-0.145	-0.036	-0.056	0.289	0.526	"4"
"路线图"	0	0	0	5	1.415	0.403	0.61	2.572	-0.723	-0.182	-0.282	1.443	2.63	"4"
"跳水"	0	1	0	0	0.283	0.081	0.122	0.514	-0.145	1.094	-0.056	-0.314	1.609	"2"
"轨道"	0	0	0	2	0.566	0.161	0.244	1.029	-0.289	-0.073	-0.113	0.577	1.052	"4"
"转业"	1	0	0	0	0.283	0.081	0.122	0.514	0.548	-0.036	-0.056	-0.314	0.954	"1"
"转亏为盈"	0	0	0	1	0.283	0.081	0.122	0.514	-0.145	-0.036	-0.056	0.289	0.526	"4"
"转交"	0	0	0	1	0.283	0.081	0.122	0.514	-0.145	-0.036	-0.056	0.289	0.526	"4"
"转移到"	0	0	0	1	0.283	0.081	0.122	0.514	-0.145	-0.036	-0.056	0.289	0.526	"4"
"输配"	0	0	1	0	0.283	0.081	0.122	0.514	-0.145	-0.036	0.914	-0.314	1.409	"3"
"边远"	1	0	0	0	0.283	0.081	0.122	0.514	0.548	-0.036	-0.056	-0.314	0.954	"1"
"达成"	0	0	0	3	0.849	0.242	0.366	1.543	-0.434	-0.109	-0.169	0.866	1.578	"4"
"达瓦孜"	0	1	0	0	0.283	0.081	0.122	0.514	-0.145	1.094	-0.056	-0.314	1.609	"2"
"迅速"	0	0	1	0	0.283	0.081	0.122	0.514	-0.145	-0.036	0.914	-0.314	1.409	"3"
"过渡"	0	0	0	1	0.283	0.081	0.122	0.514	-0.145	-0.036	-0.056	0.289	0.526	"4"
"过渡性"	0	0	0	1	0.283	0.081	0.122	0.514	-0.145	-0.036	-0.056	0.289	0.526	"4"
"运会"	0	1	0	0	0.283	0.081	0.122	0.514	-0.145	1.094	-0.056	-0.314	1.609	"2"
"运动"	0	4	0	0	1.132	0.322	0.488	2.058	-0.578	4.376	-0.226	-1.255	6.435	"2"
"运动会"	0	2	0	0	0.566	0.161	0.244	1.029	-0.289	2.188	-0.113	-0.628	3.218	"2"
"运动员"	0	3	0	0	0.849	0.242	0.366	1.543	-0.434	3.282	-0.169	-0.941	4.826	"2"
"运用"	0	0	1	0	0.283	0.081	0.122	0.514	-0.145	-0.036	0.914	-0.314	1.409	"3"
"还林"	0	0	0	1	0.283	0.081	0.122	0.514	-0.145	-0.036	-0.056	0.289	0.526	"4"
"这些"	0	1	3	0	1.132	0.322	0.488	2.058	-0.578	0.545	2.181	-1.255	4.559	"3"
"进一步"	3	0	0	1	1.132	0.322	0.488	2.058	1.146	-0.146	-0.226	-0.536	2.054	"1"
"进展"	2	0	1	2	1.415	0.403	0.61	2.572	0.36	-0.182	0.321	-0.325	1.188	"1"
"进度"	1	0	0	1	0.566	0.161	0.244	1.029	0.313	-0.073	-0.113	-0.134	0.633	"1"
"进藏"	1	0	0	0	0.283	0.081	0.122	0.514	0.548	-0.036	-0.056	-0.314	0.954	"1"
"进行"	5	0	0	6	3.113	0.886	1.341	5.659	0.758	-0.401	-0.621	0.268	2.048	"1"
"连结"	0	0	1	0	0.283	0.081	0.122	0.514	-0.145	-0.036	0.914	-0.314	1.409	"3"
"迟"	0	0	0	1	0.283	0.081	0.122	0.514	-0.145	-0.036	-0.056	0.289	0.526	"4"
"迪纳塔莱"	0	0	0	1	0.283	0.081	0.122	0.514	-0.145	-0.036	-0.056	0.289	0.526	"4"
"退耕"	0	0	0	1	0.283	0.081	0.122	0.514	-0.145	-0.036	-0.056	0.289	0.526	"4"
"适宜性"	0	0	0	1	0.283	0.081	0.122	0.514	-0.145	-0.036	-0.056	0.289	0.526	"4"
"适当"	0	0	0	1	0.283	0.081	0.122	0.514	-0.145	-0.036	-0.056	0.289	0.526	"4"
"逃亡"	0	0	0	1	0.283	0.081	0.122	0.514	-0.145	-0.036	-0.056	0.289	0.526	"4"
"选手"	0	3	0	0	0.849	0.242	0.366	1.543	-0.434	3.282	-0.169	-0.941	4.826	"2"
"选拔"	1	0	0	0	0.283	0.081	0.122	0.514	0.548	-0.036	-0.056	-0.314	0.954	"1"
"通产省"	0	0	0	1	0.283	0.081	0.122	0.514	-0.145	-0.036	-0.056	0.289	0.526	"4"
"通信"	0	0	1	0	0.283	0.081	0.122	0.514	-0.145	-0.036	0.914	-0.314	1.409	"3"
"通州区"	0	0	0	1	0.283	0.081	0.122	0.514	-0.145	-0.036	-0.056	0.289	0.526	"4"
"通报"	1	0	0	0	0.283	0.081	0.122	0.514	0.548	-0.036	-0.056	-0.314	0.954	"1"
"通过"	0	0	0	1	0.283	0.081	0.122	0.514	-0.145	-0.036	-0.056	0.289	0.526	"4"
"遇难"	0	0	0	1	0.283	0.081	0.122	0.514	-0.145	-0.036	-0.056	0.289	0.526	"4"
"遇难者"	0	0	0	1	0.283	0.081	0.122	0.514	-0.145	-0.036	-0.056	0.289	0.526	"4"
"道关怀"	0	0	0	1	0.283	0.081	0.122	0.514	-0.145	-0.036	-0.056	0.289	0.526	"4"
"遗体"	1	0	0	0	0.283	0.081	0.122	0.514	0.548	-0.036	-0.056	-0.314	0.954	"1"
"遗骸"	0	0	0	1	0.283	0.081	0.122	0.514	-0.145	-0.036	-0.056	0.289	0.526	"4"
"遣送"	0	0	0	1	0.283	0.081	0.122	0.514	-0.145	-0.036	-0.056	0.289	0.526	"4"
"遥感"	0	0	0	1	0.283	0.081	0.122	0.514	-0.145	-0.036	-0.056	0.289	0.526	"4"
"邓小平"	1	0	0	0	0.283	0.081	0.122	0.514	0.548	-0.036	-0.056	-0.314	0.954	"1"
"那里"	0	0	0	1	0.283	0.081	0.122	0.514	-0.145	-0.036	-0.056	0.289	0.526	"4"
"郑州市"	0	0	0	1	0.283	0.081	0.122	0.514	-0.145	-0.036	-0.056	0.289	0.526	"4"
"部署"	4	0	0	0	1.132	0.322	0.488	2.058	2.193	-0.146	-0.226	-1.255	3.82	"1"
"部门"	2	0	0	0	0.566	0.161	0.244	1.029	1.096	-0.073	-0.113	-0.628	1.91	"1"
"部队"	0	0	0	7	1.981	0.564	0.854	3.601	-1.012	-0.255	-0.395	2.021	3.683	"4"
"郭姓"	0	0	0	1	0.283	0.081	0.122	0.514	-0.145	-0.036	-0.056	0.289	0.526	"4"
"配备"	0	0	0	1	0.283	0.081	0.122	0.514	-0.145	-0.036	-0.056	0.289	0.526	"4"
"采集"	1	0	0	0	0.283	0.081	0.122	0.514	0.548	-0.036	-0.056	-0.314	0.954	"1"
"释出"	0	0	0	1	0.283	0.081	0.122	0.514	-0.145	-0.036	-0.056	0.289	0.526	"4"
"里亚"	0	0	0	1	0.283	0.081	0.122	0.514	-0.145	-0.036	-0.056	0.289	0.526	"4"
"重"	0	0	0	1	0.283	0.081	0.122	0.514	-0.145	-0.036	-0.056	0.289	0.526	"4"
"重大"	1	0	1	2	1.132	0.322	0.488	2.058	-0.167	-0.146	0.392	-0.177	0.882	"3"
"重建"	0	0	0	8	2.264	0.644	0.976	4.116	-1.156	-0.292	-0.452	2.309	4.209	"4"
"重心"	1	0	0	0	0.283	0.081	0.122	0.514	0.548	-0.036	-0.056	-0.314	0.954	"1"
"重提"	0	0	0	1	0.283	0.081	0.122	0.514	-0.145	-0.036	-0.056	0.289	0.526	"4"
"重点"	3	0	4	0	1.981	0.564	0.854	3.601	0.502	-0.255	2.244	-2.196	5.197	"3"
"重要"	5	0	0	1	1.698	0.483	0.732	3.087	2.079	-0.219	-0.339	-1.016	3.653	"1"
"重视"	0	0	0	1	0.283	0.081	0.122	0.514	-0.145	-0.036	-0.056	0.289	0.526	"4"
"重金"	0	0	0	1	0.283	0.081	0.122	0.514	-0.145	-0.036	-0.056	0.289	0.526	"4"
"金刚山"	0	0	1	0	0.283	0.081	0.122	0.514	-0.145	-0.036	0.914	-0.314	1.409	"3"
"金桥"	1	0	0	0	0.283	0.081	0.122	0.514	0.548	-0.036	-0.056	-0.314	0.954	"1"
"金牌"	0	4	0	0	1.132	0.322	0.488	2.058	-0.578	4.376	-0.226	-1.255	6.435	"2"
"钱粮"	0	0	0	1	0.283	0.081	0.122	0.514	-0.145	-0.036	-0.056	0.289	0.526	"4"
"铅球"	0	1	0	0	0.283	0.081	0.122	0.514	-0.145	1.094	-0.056	-0.314	1.609	"2"
"铜牌"	0	1	0	0	0.283	0.081	0.122	0.514	-0.145	1.094	-0.056	-0.314	1.609	"2"
"银牌"	0	1	0	0	0.283	0.081	0.122	0.514	-0.145	1.094	-0.056	-0.314	1.609	"2"
"链"	0	0	1	0	0.283	0.081	0.122	0.514	-0.145	-0.036	0.914	-0.314	1.409	"3"
"锦标"	0	0	0	1	0.283	0.081	0.122	0.514	-0.145	-0.036	-0.056	0.289	0.526	"4"
"锻"	1	0	0	0	0.283	0.081	0.122	0.514	0.548	-0.036	-0.056	-0.314	0.954	"1"
"长时"	0	0	0	1	0.283	0.081	0.122	0.514	-0.145	-0.036	-0.056	0.289	0.526	"4"
"长程"	0	0	0	1	0.283	0.081	0.122	0.514	-0.145	-0.036	-0.056	0.289	0.526	"4"
"闽"	0	0	0	1	0.283	0.081	0.122	0.514	-0.145	-0.036	-0.056	0.289	0.526	"4"
"阅卷"	1	0	0	0	0.283	0.081	0.122	0.514	0.548	-0.036	-0.056	-0.314	0.954	"1"
"防止"	1	0	0	0	0.283	0.081	0.122	0.514	0.548	-0.036	-0.056	-0.314	0.954	"1"
"防治"	18	0	0	1	5.378	1.53	2.317	9.775	8.723	-0.693	-1.073	-4.637	15.126	"1"
"防治非"	0	0	0	1	0.283	0.081	0.122	0.514	-0.145	-0.036	-0.056	0.289	0.526	"4"
"防火"	1	0	0	0	0.283	0.081	0.122	0.514	0.548	-0.036	-0.056	-0.314	0.954	"1"
"阵地"	0	0	0	1	0.283	0.081	0.122	0.514	-0.145	-0.036	-0.056	0.289	0.526	"4"
"阶"	1	0	0	0	0.283	0.081	0.122	0.514	0.548	-0.036	-0.056	-0.314	0.954	"1"
"阶段"	0	0	0	3	0.849	0.242	0.366	1.543	-0.434	-0.109	-0.169	0.866	1.578	"4"
"阶段性"	0	0	0	1	0.283	0.081	0.122	0.514	-0.145	-0.036	-0.056	0.289	0.526	"4"
"阿富汗"	0	0	0	2	0.566	0.161	0.244	1.029	-0.289	-0.073	-0.113	0.577	1.052	"4"
"阿迪力"	0	1	0	0	0.283	0.081	0.122	0.514	-0.145	1.094	-0.056	-0.314	1.609	"2"
"附属"	0	0	0	1	0.283	0.081	0.122	0.514	-0.145	-0.036	-0.056	0.289	0.526	"4"
"陆资"	0	0	0	1	0.283	0.081	0.122	0.514	-0.145	-0.036	-0.056	0.289	0.526	"4"
"陈倖嫚"	0	0	0	1	0.283	0.081	0.122	0.514	-0.145	-0.036	-0.056	0.289	0.526	"4"
"陈勇"	2	0	0	0	0.566	0.161	0.244	1.029	1.096	-0.073	-0.113	-0.628	1.91	"1"
"陶钵"	0	0	0	1	0.283	0.081	0.122	0.514	-0.145	-0.036	-0.056	0.289	0.526	"4"
"雅典"	0	0	0	4	1.132	0.322	0.488	2.058	-0.578	-0.146	-0.226	1.155	2.105	"4"
"集中"	0	1	0	0	0.283	0.081	0.122	0.514	-0.145	1.094	-0.056	-0.314	1.609	"2"
"集合"	0	0	0	1	0.283	0.081	0.122	0.514	-0.145	-0.036	-0.056	0.289	0.526	"4"
"雇主"	0	0	0	2	0.566	0.161	0.244	1.029	-0.289	-0.073	-0.113	0.577	1.052	"4"
"雇员"	0	0	0	1	0.283	0.081	0.122	0.514	-0.145	-0.036	-0.056	0.289	0.526	"4"
"雕塑家"	0	0	0	1	0.283	0.081	0.122	0.514	-0.145	-0.036	-0.056	0.289	0.526	"4"
"青少年"	2	0	0	0	0.566	0.161	0.244	1.029	1.096	-0.073	-0.113	-0.628	1.91	"1"
"青浦"	0	0	0	1	0.283	0.081	0.122	0.514	-0.145	-0.036	-0.056	0.289	0.526	"4"
"非典"	13	0	0	0	3.68	1.047	1.585	6.688	7.126	-0.474	-0.734	-4.079	12.413	"1"
"非典型"	4	0	0	0	1.132	0.322	0.488	2.058	2.193	-0.146	-0.226	-1.255	3.82	"1"
"面临"	0	0	1	0	0.283	0.081	0.122	0.514	-0.145	-0.036	0.914	-0.314	1.409	"3"
"项"	6	1	0	24	8.774	2.497	3.78	15.948	-0.736	-0.561	-1.751	2.562	5.61	"4"
"项目"	0	4	8	0	3.397	0.967	1.463	6.174	-1.734	1.91	4.815	-3.765	12.224	"3"
"顺利"	3	0	0	2	1.415	0.403	0.61	2.572	0.85	-0.182	-0.282	-0.325	1.639	"1"
"预定"	0	0	0	1	0.283	0.081	0.122	0.514	-0.145	-0.036	-0.056	0.289	0.526	"4"
"预案"	0	0	0	1	0.283	0.081	0.122	0.514	-0.145	-0.036	-0.056	0.289	0.526	"4"
"预警"	0	0	0	1	0.283	0.081	0.122	0.514	-0.145	-0.036	-0.056	0.289	0.526	"4"
"预防"	6	0	0	2	2.264	0.644	0.976	4.116	2.082	-0.292	-0.452	-0.898	3.724	"1"
"颅骨"	0	0	0	1	0.283	0.081	0.122	0.514	-0.145	-0.036	-0.056	0.289	0.526	"4"
"领导"	4	0	0	0	1.132	0.322	0.488	2.058	2.193	-0.146	-0.226	-1.255	3.82	"1"
"领馆"	0	0	0	1	0.283	0.081	0.122	0.514	-0.145	-0.036	-0.056	0.289	0.526	"4"
"风神"	0	0	1	0	0.283	0.081	0.122	0.514	-0.145	-0.036	0.914	-0.314	1.409	"3"
"风险投资"	0	0	2	0	0.566	0.161	0.244	1.029	-0.289	-0.073	1.828	-0.628	2.818	"3"
"飞船"	0	0	0	1	0.283	0.081	0.122	0.514	-0.145	-0.036	-0.056	0.289	0.526	"4"
"飞行"	0	0	0	1	0.283	0.081	0.122	0.514	-0.145	-0.036	-0.056	0.289	0.526	"4"
"飞跃性"	0	0	1	0	0.283	0.081	0.122	0.514	-0.145	-0.036	0.914	-0.314	1.409	"3"
"饱满"	0	0	0	1	0.283	0.081	0.122	0.514	-0.145	-0.036	-0.056	0.289	0.526	"4"
"首要"	0	0	0	1	0.283	0.081	0.122	0.514	-0.145	-0.036	-0.056	0.289	0.526	"4"
"验收"	0	0	1	1	0.566	0.161	0.244	1.029	-0.289	-0.073	0.64	-0.134	1.136	"3"
"高俊良"	1	0	0	0	0.283	0.081	0.122	0.514	0.548	-0.036	-0.056	-0.314	0.954	"1"
"高度"	1	0	0	2	0.849	0.242	0.366	1.543	0.2	-0.109	-0.169	0.283	0.761	"4"
"高脚"	0	1	0	0	0.283	0.081	0.122	0.514	-0.145	1.094	-0.056	-0.314	1.609	"2"
"魔法"	0	0	1	0	0.283	0.081	0.122	0.514	-0.145	-0.036	0.914	-0.314	1.409	"3"
"鲍威尔"	0	0	0	1	0.283	0.081	0.122	0.514	-0.145	-0.036	-0.056	0.289	0.526	"4"
"鸣金"	0	1	0	0	0.283	0.081	0.122	0.514	-0.145	1.094	-0.056	-0.314	1.609	"2"
"麦克欧文"	0	0	0	1	0.283	0.081	0.122	0.514	-0.145	-0.036	-0.056	0.289	0.526	"4"
"黎南部"	0	0	0	1	0.283	0.081	0.122	0.514	-0.145	-0.036	-0.056	0.289	0.526	"4"
"黎运栋"	0	0	0	1	0.283	0.081	0.122	0.514	-0.145	-0.036	-0.056	0.289	0.526	"4"
"鼓励"	0	0	0	1	0.283	0.081	0.122	0.514	-0.145	-0.036	-0.056	0.289	0.526	"4"
"龙舟"	0	1	0	0	0.283	0.081	0.122	0.514	-0.145	1.094	-0.056	-0.314	1.609	"2"
