"Coll_Word"	"1"	"2"	"3"	"4"	"5"	"exp_1"	"exp_2"	"exp_3"	"exp_4"	"exp_5"	"pbin_1"	"pbin_2"	"pbin_3"	"pbin_4"	"pbin_5"	"SumAbsDev"	"LargestDev"
"【"	0	0	0	1	0	0.106	0.158	0.062	0.317	0.357	-0.048	-0.075	-0.028	0.499	-0.192	0.842	"4"
"】"	0	0	0	2	0	0.211	0.316	0.124	0.634	0.715	-0.097	-0.149	-0.056	0.998	-0.384	1.684	"4"
"1483"	0	1	0	0	0	0.106	0.158	0.062	0.317	0.357	-0.048	0.801	-0.028	-0.166	-0.192	1.235	"2"
"3万"	0	0	0	0	1	0.106	0.158	0.062	0.317	0.357	-0.048	-0.075	-0.028	-0.166	0.447	0.764	"5"
"45"	0	0	0	1	0	0.106	0.158	0.062	0.317	0.357	-0.048	-0.075	-0.028	0.499	-0.192	0.842	"4"
"4月"	0	1	0	0	1	0.211	0.316	0.124	0.634	0.715	-0.097	0.536	-0.056	-0.331	0.231	1.251	"2"
"891125"	0	0	0	1	0	0.106	0.158	0.062	0.317	0.357	-0.048	-0.075	-0.028	0.499	-0.192	0.842	"4"
"9000104"	0	0	0	1	0	0.106	0.158	0.062	0.317	0.357	-0.048	-0.075	-0.028	0.499	-0.192	0.842	"4"
"900109"	0	0	0	1	0	0.106	0.158	0.062	0.317	0.357	-0.048	-0.075	-0.028	0.499	-0.192	0.842	"4"
"95"	0	0	0	1	0	0.106	0.158	0.062	0.317	0.357	-0.048	-0.075	-0.028	0.499	-0.192	0.842	"4"
"ABM"	0	0	0	0	1	0.106	0.158	0.062	0.317	0.357	-0.048	-0.075	-0.028	-0.166	0.447	0.764	"5"
"Alessi"	0	0	0	0	1	0.106	0.158	0.062	0.317	0.357	-0.048	-0.075	-0.028	-0.166	0.447	0.764	"5"
"CD"	0	0	0	1	0	0.106	0.158	0.062	0.317	0.357	-0.048	-0.075	-0.028	0.499	-0.192	0.842	"4"
"DSC-P"	0	0	0	1	0	0.106	0.158	0.062	0.317	0.357	-0.048	-0.075	-0.028	0.499	-0.192	0.842	"4"
"DVD"	0	0	0	1	0	0.106	0.158	0.062	0.317	0.357	-0.048	-0.075	-0.028	0.499	-0.192	0.842	"4"
"FreshAroma"	0	0	0	0	1	0.106	0.158	0.062	0.317	0.357	-0.048	-0.075	-0.028	-0.166	0.447	0.764	"5"
"Linux"	0	0	0	0	1	0.106	0.158	0.062	0.317	0.357	-0.048	-0.075	-0.028	-0.166	0.447	0.764	"5"
"MP3"	0	0	0	1	0	0.106	0.158	0.062	0.317	0.357	-0.048	-0.075	-0.028	0.499	-0.192	0.842	"4"
"OK"	0	0	0	2	0	0.211	0.316	0.124	0.634	0.715	-0.097	-0.149	-0.056	0.998	-0.384	1.684	"4"
"WAP"	0	0	0	0	1	0.106	0.158	0.062	0.317	0.357	-0.048	-0.075	-0.028	-0.166	0.447	0.764	"5"
"一体"	0	0	0	2	0	0.211	0.316	0.124	0.634	0.715	-0.097	-0.149	-0.056	0.998	-0.384	1.684	"4"
"一如"	1	0	0	0	1	0.211	0.316	0.124	0.634	0.715	0.699	-0.149	-0.056	-0.331	0.231	1.466	"1"
"一定"	0	0	1	0	3	0.423	0.632	0.248	1.268	1.43	-0.194	-0.299	0.646	-0.662	0.874	2.675	"5"
"一般"	0	0	0	1	0	0.106	0.158	0.062	0.317	0.357	-0.048	-0.075	-0.028	0.499	-0.192	0.842	"4"
"一般来说"	0	0	0	1	0	0.106	0.158	0.062	0.317	0.357	-0.048	-0.075	-0.028	0.499	-0.192	0.842	"4"
"三国"	1	0	0	0	0	0.106	0.158	0.062	0.317	0.357	0.976	-0.075	-0.028	-0.166	-0.192	1.437	"1"
"三季度"	0	0	0	0	1	0.106	0.158	0.062	0.317	0.357	-0.048	-0.075	-0.028	-0.166	0.447	0.764	"5"
"上半年"	1	0	0	0	0	0.106	0.158	0.062	0.317	0.357	0.976	-0.075	-0.028	-0.166	-0.192	1.437	"1"
"上网"	0	0	0	1	0	0.106	0.158	0.062	0.317	0.357	-0.048	-0.075	-0.028	0.499	-0.192	0.842	"4"
"不一定"	0	0	0	1	0	0.106	0.158	0.062	0.317	0.357	-0.048	-0.075	-0.028	0.499	-0.192	0.842	"4"
"不可"	0	0	0	0	3	0.317	0.474	0.186	0.951	1.072	-0.145	-0.224	-0.083	-0.497	1.34	2.289	"5"
"不同"	0	0	0	2	0	0.211	0.316	0.124	0.634	0.715	-0.097	-0.149	-0.056	0.998	-0.384	1.684	"4"
"不彰"	0	0	0	0	2	0.211	0.316	0.124	0.634	0.715	-0.097	-0.149	-0.056	-0.331	0.893	1.526	"5"
"不用"	0	0	0	1	0	0.106	0.158	0.062	0.317	0.357	-0.048	-0.075	-0.028	0.499	-0.192	0.842	"4"
"且"	0	0	0	2	0	0.211	0.316	0.124	0.634	0.715	-0.097	-0.149	-0.056	0.998	-0.384	1.684	"4"
"世博"	0	0	0	0	1	0.106	0.158	0.062	0.317	0.357	-0.048	-0.075	-0.028	-0.166	0.447	0.764	"5"
"业务"	0	0	0	3	0	0.317	0.474	0.186	0.951	1.072	-0.145	-0.224	-0.083	1.497	-0.576	2.525	"4"
"丧失"	0	0	0	0	1	0.106	0.158	0.062	0.317	0.357	-0.048	-0.075	-0.028	-0.166	0.447	0.764	"5"
"个人电脑"	0	1	0	0	0	0.106	0.158	0.062	0.317	0.357	-0.048	0.801	-0.028	-0.166	-0.192	1.235	"2"
"中"	16	25	3	3	27	7.817	11.693	4.587	23.45	26.454	2.391	3.965	-0.495	-8.397	0.309	15.557	"4"
"中东"	4	3	1	0	1	0.951	1.422	0.558	2.852	3.217	1.995	0.8	0.359	-1.49	-0.95	5.594	"1"
"中东欧"	0	0	0	0	1	0.106	0.158	0.062	0.317	0.357	-0.048	-0.075	-0.028	-0.166	0.447	0.764	"5"
"中介"	0	0	0	1	0	0.106	0.158	0.062	0.317	0.357	-0.048	-0.075	-0.028	0.499	-0.192	0.842	"4"
"中俄"	0	1	0	0	0	0.106	0.158	0.062	0.317	0.357	-0.048	0.801	-0.028	-0.166	-0.192	1.235	"2"
"中将"	0	0	0	1	0	0.106	0.158	0.062	0.317	0.357	-0.048	-0.075	-0.028	0.499	-0.192	0.842	"4"
"中常会"	0	0	0	0	1	0.106	0.158	0.062	0.317	0.357	-0.048	-0.075	-0.028	-0.166	0.447	0.764	"5"
"中方"	0	0	1	0	0	0.106	0.158	0.062	0.317	0.357	-0.048	-0.075	1.208	-0.166	-0.192	1.689	"3"
"中枢"	0	0	0	1	0	0.106	0.158	0.062	0.317	0.357	-0.048	-0.075	-0.028	0.499	-0.192	0.842	"4"
"中柬"	1	0	0	0	0	0.106	0.158	0.062	0.317	0.357	0.976	-0.075	-0.028	-0.166	-0.192	1.437	"1"
"丰富"	0	0	0	1	0	0.106	0.158	0.062	0.317	0.357	-0.048	-0.075	-0.028	0.499	-0.192	0.842	"4"
"丰胸"	0	0	0	1	0	0.106	0.158	0.062	0.317	0.357	-0.048	-0.075	-0.028	0.499	-0.192	0.842	"4"
"临朐"	0	0	1	0	0	0.106	0.158	0.062	0.317	0.357	-0.048	-0.075	1.208	-0.166	-0.192	1.689	"3"
"主力军"	0	0	0	0	3	0.317	0.474	0.186	0.951	1.072	-0.145	-0.224	-0.083	-0.497	1.34	2.289	"5"
"主导"	0	6	0	0	0	0.634	0.948	0.372	1.901	2.145	-0.291	4.808	-0.167	-0.993	-1.153	7.412	"2"
"主要"	0	0	0	1	1	0.211	0.316	0.124	0.634	0.715	-0.097	-0.149	-0.056	0.273	0.231	0.806	"4"
"举足轻重"	0	1	0	1	0	0.211	0.316	0.124	0.634	0.715	-0.097	0.536	-0.056	0.273	-0.384	1.346	"2"
"乃是"	0	0	0	0	1	0.106	0.158	0.062	0.317	0.357	-0.048	-0.075	-0.028	-0.166	0.447	0.764	"5"
"之交"	0	1	0	0	0	0.106	0.158	0.062	0.317	0.357	-0.048	0.801	-0.028	-0.166	-0.192	1.235	"2"
"之外"	0	0	0	1	0	0.106	0.158	0.062	0.317	0.357	-0.048	-0.075	-0.028	0.499	-0.192	0.842	"4"
"乙级队"	0	0	0	0	1	0.106	0.158	0.062	0.317	0.357	-0.048	-0.075	-0.028	-0.166	0.447	0.764	"5"
"了"	16	7	19	2	32	8.028	12.009	4.711	24.084	27.169	2.272	-1.146	6.859	-9.766	0.824	20.867	"4"
"争取"	0	0	0	0	1	0.106	0.158	0.062	0.317	0.357	-0.048	-0.075	-0.028	-0.166	0.447	0.764	"5"
"事务"	2	1	0	0	2	0.528	0.79	0.31	1.584	1.787	1.047	0.239	-0.139	-0.828	0.232	2.485	"1"
"互敬"	0	0	0	0	1	0.106	0.158	0.062	0.317	0.357	-0.048	-0.075	-0.028	-0.166	0.447	0.764	"5"
"互联网"	0	0	0	1	0	0.106	0.158	0.062	0.317	0.357	-0.048	-0.075	-0.028	0.499	-0.192	0.842	"4"
"互谅"	0	0	0	0	1	0.106	0.158	0.062	0.317	0.357	-0.048	-0.075	-0.028	-0.166	0.447	0.764	"5"
"亚科武当"	1	0	0	0	0	0.106	0.158	0.062	0.317	0.357	0.976	-0.075	-0.028	-0.166	-0.192	1.437	"1"
"交流"	0	0	1	0	1	0.211	0.316	0.124	0.634	0.715	-0.097	-0.149	0.92	-0.331	0.231	1.728	"3"
"产品"	0	0	0	7	0	0.739	1.106	0.434	2.218	2.502	-0.339	-0.523	-0.195	3.494	-1.345	5.896	"4"
"产生"	0	0	0	1	13	1.479	2.212	0.868	4.436	5.005	-0.679	-1.046	-0.389	-1.442	4.837	8.393	"5"
"享受"	0	0	0	1	0	0.106	0.158	0.062	0.317	0.357	-0.048	-0.075	-0.028	0.499	-0.192	0.842	"4"
"人体"	0	0	0	4	0	0.423	0.632	0.248	1.268	1.43	-0.194	-0.299	-0.111	1.996	-0.768	3.368	"4"
"人心"	0	0	0	0	1	0.106	0.158	0.062	0.317	0.357	-0.048	-0.075	-0.028	-0.166	0.447	0.764	"5"
"人类"	0	0	0	2	0	0.211	0.316	0.124	0.634	0.715	-0.097	-0.149	-0.056	0.998	-0.384	1.684	"4"
"什么"	0	0	0	0	1	0.106	0.158	0.062	0.317	0.357	-0.048	-0.075	-0.028	-0.166	0.447	0.764	"5"
"什么样"	1	2	0	0	0	0.317	0.474	0.186	0.951	1.072	0.546	1.174	-0.083	-0.497	-0.576	2.876	"2"
"今日"	0	0	0	0	2	0.211	0.316	0.124	0.634	0.715	-0.097	-0.149	-0.056	-0.331	0.893	1.526	"5"
"介面"	0	0	0	1	0	0.106	0.158	0.062	0.317	0.357	-0.048	-0.075	-0.028	0.499	-0.192	0.842	"4"
"从而"	0	0	0	0	2	0.211	0.316	0.124	0.634	0.715	-0.097	-0.149	-0.056	-0.331	0.893	1.526	"5"
"代表"	0	0	0	1	0	0.106	0.158	0.062	0.317	0.357	-0.048	-0.075	-0.028	0.499	-0.192	0.842	"4"
"代谢"	0	0	0	3	0	0.317	0.474	0.186	0.951	1.072	-0.145	-0.224	-0.083	1.497	-0.576	2.525	"4"
"以及"	0	0	0	1	0	0.106	0.158	0.062	0.317	0.357	-0.048	-0.075	-0.028	0.499	-0.192	0.842	"4"
"以至"	0	0	0	1	0	0.106	0.158	0.062	0.317	0.357	-0.048	-0.075	-0.028	0.499	-0.192	0.842	"4"
"伊"	1	1	1	0	2	0.528	0.79	0.31	1.584	1.787	0.369	0.239	0.563	-0.828	0.232	2.231	"4"
"伊万诺夫"	0	1	0	0	1	0.211	0.316	0.124	0.634	0.715	-0.097	0.536	-0.056	-0.331	0.231	1.251	"2"
"伊拉克"	5	20	0	0	5	3.169	4.74	1.859	9.507	10.725	0.688	9.255	-0.834	-4.965	-1.719	17.461	"2"
"伊拉克人"	1	2	0	0	0	0.317	0.474	0.186	0.951	1.072	0.546	1.174	-0.083	-0.497	-0.576	2.876	"2"
"优化"	0	0	0	0	1	0.106	0.158	0.062	0.317	0.357	-0.048	-0.075	-0.028	-0.166	0.447	0.764	"5"
"优良"	0	0	0	1	0	0.106	0.158	0.062	0.317	0.357	-0.048	-0.075	-0.028	0.499	-0.192	0.842	"4"
"伟大"	0	3	0	0	0	0.317	0.474	0.186	0.951	1.072	-0.145	2.404	-0.083	-0.497	-0.576	3.705	"2"
"传导"	0	0	0	2	0	0.211	0.316	0.124	0.634	0.715	-0.097	-0.149	-0.056	0.998	-0.384	1.684	"4"
"传递"	0	0	1	0	0	0.106	0.158	0.062	0.317	0.357	-0.048	-0.075	1.208	-0.166	-0.192	1.689	"3"
"估量"	0	0	0	0	1	0.106	0.158	0.062	0.317	0.357	-0.048	-0.075	-0.028	-0.166	0.447	0.764	"5"
"伺服机"	0	0	0	1	0	0.106	0.158	0.062	0.317	0.357	-0.048	-0.075	-0.028	0.499	-0.192	0.842	"4"
"低"	0	0	0	1	0	0.106	0.158	0.062	0.317	0.357	-0.048	-0.075	-0.028	0.499	-0.192	0.842	"4"
"体"	0	0	0	2	0	0.211	0.316	0.124	0.634	0.715	-0.097	-0.149	-0.056	0.998	-0.384	1.684	"4"
"体总"	0	0	0	0	1	0.106	0.158	0.062	0.317	0.357	-0.048	-0.075	-0.028	-0.166	0.447	0.764	"5"
"体温"	0	0	0	1	0	0.106	0.158	0.062	0.317	0.357	-0.048	-0.075	-0.028	0.499	-0.192	0.842	"4"
"体现"	0	0	0	1	2	0.317	0.474	0.186	0.951	1.072	-0.145	-0.224	-0.083	0.167	0.535	1.154	"5"
"体积"	0	0	0	0	1	0.106	0.158	0.062	0.317	0.357	-0.048	-0.075	-0.028	-0.166	0.447	0.764	"5"
"体系"	0	0	0	2	0	0.211	0.316	0.124	0.634	0.715	-0.097	-0.149	-0.056	0.998	-0.384	1.684	"4"
"何在"	0	0	0	0	1	0.106	0.158	0.062	0.317	0.357	-0.048	-0.075	-0.028	-0.166	0.447	0.764	"5"
"何首乌"	0	0	0	0	1	0.106	0.158	0.062	0.317	0.357	-0.048	-0.075	-0.028	-0.166	0.447	0.764	"5"
"作"	0	1	0	0	0	0.106	0.158	0.062	0.317	0.357	-0.048	0.801	-0.028	-0.166	-0.192	1.235	"2"
"作用"	0	5	0	1	9	1.584	2.37	0.93	4.753	5.362	-0.727	1.128	-0.417	-1.582	1.317	5.171	"4"
"使"	0	0	0	3	2	0.528	0.79	0.31	1.584	1.787	-0.242	-0.373	-0.139	0.73	0.232	1.716	"4"
"使用"	0	0	0	4	1	0.528	0.79	0.31	1.584	1.787	-0.242	-0.373	-0.139	1.424	-0.383	2.561	"4"
"使用者"	0	0	0	4	0	0.423	0.632	0.248	1.268	1.43	-0.194	-0.299	-0.111	1.996	-0.768	3.368	"4"
"供奉"	0	0	0	1	0	0.106	0.158	0.062	0.317	0.357	-0.048	-0.075	-0.028	0.499	-0.192	0.842	"4"
"依次"	0	0	0	1	0	0.106	0.158	0.062	0.317	0.357	-0.048	-0.075	-0.028	0.499	-0.192	0.842	"4"
"依照"	0	0	0	1	0	0.106	0.158	0.062	0.317	0.357	-0.048	-0.075	-0.028	0.499	-0.192	0.842	"4"
"依靠"	0	0	0	0	2	0.211	0.316	0.124	0.634	0.715	-0.097	-0.149	-0.056	-0.331	0.893	1.526	"5"
"侦察"	0	0	0	0	1	0.106	0.158	0.062	0.317	0.357	-0.048	-0.075	-0.028	-0.166	0.447	0.764	"5"
"便有"	0	0	0	1	0	0.106	0.158	0.062	0.317	0.357	-0.048	-0.075	-0.028	0.499	-0.192	0.842	"4"
"促进"	1	1	6	3	3	1.479	2.212	0.868	4.436	5.005	-0.255	-0.486	3.958	-0.515	-0.691	5.905	"3"
"俄"	1	0	0	0	2	0.317	0.474	0.186	0.951	1.072	0.546	-0.224	-0.083	-0.497	0.535	1.885	"1"
"俄德"	0	0	0	0	2	0.211	0.316	0.124	0.634	0.715	-0.097	-0.149	-0.056	-0.331	0.893	1.526	"5"
"俄罗斯"	0	0	0	0	1	0.106	0.158	0.062	0.317	0.357	-0.048	-0.075	-0.028	-0.166	0.447	0.764	"5"
"俗称"	0	0	0	1	0	0.106	0.158	0.062	0.317	0.357	-0.048	-0.075	-0.028	0.499	-0.192	0.842	"4"
"保"	0	0	0	1	0	0.106	0.158	0.062	0.317	0.357	-0.048	-0.075	-0.028	0.499	-0.192	0.842	"4"
"保健"	0	0	0	2	0	0.211	0.316	0.124	0.634	0.715	-0.097	-0.149	-0.056	0.998	-0.384	1.684	"4"
"保健汤"	0	0	0	0	1	0.106	0.158	0.062	0.317	0.357	-0.048	-0.075	-0.028	-0.166	0.447	0.764	"5"
"保安"	0	0	0	1	0	0.106	0.158	0.062	0.317	0.357	-0.048	-0.075	-0.028	0.499	-0.192	0.842	"4"
"保护"	0	0	1	0	5	0.634	0.948	0.372	1.901	2.145	-0.291	-0.448	0.496	-0.993	1.609	3.837	"5"
"保护区"	0	0	0	0	1	0.106	0.158	0.062	0.317	0.357	-0.048	-0.075	-0.028	-0.166	0.447	0.764	"5"
"保暖"	0	0	0	1	0	0.106	0.158	0.062	0.317	0.357	-0.048	-0.075	-0.028	0.499	-0.192	0.842	"4"
"保有"	0	0	0	1	0	0.106	0.158	0.062	0.317	0.357	-0.048	-0.075	-0.028	0.499	-0.192	0.842	"4"
"信息"	0	0	0	1	1	0.211	0.316	0.124	0.634	0.715	-0.097	-0.149	-0.056	0.273	0.231	0.806	"4"
"借鉴"	1	0	0	1	0	0.211	0.316	0.124	0.634	0.715	0.699	-0.149	-0.056	0.273	-0.384	1.561	"1"
"值"	0	0	0	1	0	0.106	0.158	0.062	0.317	0.357	-0.048	-0.075	-0.028	0.499	-0.192	0.842	"4"
"健"	0	0	0	2	1	0.317	0.474	0.186	0.951	1.072	-0.145	-0.224	-0.083	0.624	-0.15	1.226	"4"
"健脾"	0	0	0	0	2	0.211	0.316	0.124	0.634	0.715	-0.097	-0.149	-0.056	-0.331	0.893	1.526	"5"
"充"	0	0	0	0	3	0.317	0.474	0.186	0.951	1.072	-0.145	-0.224	-0.083	-0.497	1.34	2.289	"5"
"充作"	1	0	0	0	0	0.106	0.158	0.062	0.317	0.357	0.976	-0.075	-0.028	-0.166	-0.192	1.437	"1"
"充分"	0	11	0	0	7	1.901	2.844	1.116	5.704	6.435	-0.873	4.786	-0.5	-2.979	0.321	9.459	"2"
"先导"	0	0	1	0	0	0.106	0.158	0.062	0.317	0.357	-0.048	-0.075	1.208	-0.166	-0.192	1.689	"3"
"先进"	0	0	0	2	0	0.211	0.316	0.124	0.634	0.715	-0.097	-0.149	-0.056	0.998	-0.384	1.684	"4"
"先进性"	0	0	0	0	1	0.106	0.158	0.062	0.317	0.357	-0.048	-0.075	-0.028	-0.166	0.447	0.764	"5"
"先锋"	0	0	0	0	5	0.528	0.79	0.31	1.584	1.787	-0.242	-0.373	-0.139	-0.828	2.234	3.816	"5"
"光催化剂"	0	0	0	0	1	0.106	0.158	0.062	0.317	0.357	-0.048	-0.075	-0.028	-0.166	0.447	0.764	"5"
"免疫"	0	0	0	5	0	0.528	0.79	0.31	1.584	1.787	-0.242	-0.373	-0.139	2.495	-0.961	4.21	"4"
"党员"	0	1	0	0	3	0.423	0.632	0.248	1.268	1.43	-0.194	0.303	-0.111	-0.662	0.874	2.144	"5"
"党委"	1	0	0	0	0	0.106	0.158	0.062	0.317	0.357	0.976	-0.075	-0.028	-0.166	-0.192	1.437	"1"
"入口"	0	0	0	1	0	0.106	0.158	0.062	0.317	0.357	-0.048	-0.075	-0.028	0.499	-0.192	0.842	"4"
"入学率"	1	0	0	0	0	0.106	0.158	0.062	0.317	0.357	0.976	-0.075	-0.028	-0.166	-0.192	1.437	"1"
"全新"	0	0	0	1	0	0.106	0.158	0.062	0.317	0.357	-0.048	-0.075	-0.028	0.499	-0.192	0.842	"4"
"全身"	0	0	0	1	0	0.106	0.158	0.062	0.317	0.357	-0.048	-0.075	-0.028	0.499	-0.192	0.842	"4"
"共产党员"	0	0	0	0	2	0.211	0.316	0.124	0.634	0.715	-0.097	-0.149	-0.056	-0.331	0.893	1.526	"5"
"关键"	0	1	2	1	5	0.951	1.422	0.558	2.852	3.217	-0.436	-0.243	0.985	-0.776	0.734	3.174	"3"
"关键性"	0	0	0	0	2	0.211	0.316	0.124	0.634	0.715	-0.097	-0.149	-0.056	-0.331	0.893	1.526	"5"
"其"	1	0	1	2	7	1.162	1.738	0.682	3.486	3.932	-0.172	-0.822	0.296	-0.567	1.251	3.108	"5"
"具"	0	0	0	0	3	0.317	0.474	0.186	0.951	1.072	-0.145	-0.224	-0.083	-0.497	1.34	2.289	"5"
"具备"	0	0	0	1	0	0.106	0.158	0.062	0.317	0.357	-0.048	-0.075	-0.028	0.499	-0.192	0.842	"4"
"具有"	0	0	0	26	2	2.958	4.424	1.735	8.873	10.01	-1.358	-2.091	-0.778	10.715	-3.253	18.195	"4"
"典疫"	0	0	0	0	1	0.106	0.158	0.062	0.317	0.357	-0.048	-0.075	-0.028	-0.166	0.447	0.764	"5"
"养生"	0	0	0	1	1	0.211	0.316	0.124	0.634	0.715	-0.097	-0.149	-0.056	0.273	0.231	0.806	"4"
"兼有"	0	0	0	0	1	0.106	0.158	0.062	0.317	0.357	-0.048	-0.075	-0.028	-0.166	0.447	0.764	"5"
"内分泌"	0	0	0	1	0	0.106	0.158	0.062	0.317	0.357	-0.048	-0.075	-0.028	0.499	-0.192	0.842	"4"
"内因"	0	0	0	0	1	0.106	0.158	0.062	0.317	0.357	-0.048	-0.075	-0.028	-0.166	0.447	0.764	"5"
"内在"	0	0	0	0	1	0.106	0.158	0.062	0.317	0.357	-0.048	-0.075	-0.028	-0.166	0.447	0.764	"5"
"内置"	0	0	0	1	0	0.106	0.158	0.062	0.317	0.357	-0.048	-0.075	-0.028	0.499	-0.192	0.842	"4"
"内需"	0	1	0	0	1	0.211	0.316	0.124	0.634	0.715	-0.097	0.536	-0.056	-0.331	0.231	1.251	"2"
"再生"	0	0	0	1	0	0.106	0.158	0.062	0.317	0.357	-0.048	-0.075	-0.028	0.499	-0.192	0.842	"4"
"军心"	0	0	0	0	1	0.106	0.158	0.062	0.317	0.357	-0.048	-0.075	-0.028	-0.166	0.447	0.764	"5"
"军费开"	0	0	1	0	0	0.106	0.158	0.062	0.317	0.357	-0.048	-0.075	1.208	-0.166	-0.192	1.689	"3"
"冰川"	0	0	0	1	0	0.106	0.158	0.062	0.317	0.357	-0.048	-0.075	-0.028	0.499	-0.192	0.842	"4"
"决定性"	0	0	0	0	1	0.106	0.158	0.062	0.317	0.357	-0.048	-0.075	-0.028	-0.166	0.447	0.764	"5"
"冷战"	0	0	0	0	1	0.106	0.158	0.062	0.317	0.357	-0.048	-0.075	-0.028	-0.166	0.447	0.764	"5"
"净化"	0	0	0	1	1	0.211	0.316	0.124	0.634	0.715	-0.097	-0.149	-0.056	0.273	0.231	0.806	"4"
"凉血"	0	0	0	1	0	0.106	0.158	0.062	0.317	0.357	-0.048	-0.075	-0.028	0.499	-0.192	0.842	"4"
"减肥"	0	0	0	0	1	0.106	0.158	0.062	0.317	0.357	-0.048	-0.075	-0.028	-0.166	0.447	0.764	"5"
"减肥药"	0	0	0	1	0	0.106	0.158	0.062	0.317	0.357	-0.048	-0.075	-0.028	0.499	-0.192	0.842	"4"
"凝集"	0	0	0	1	0	0.106	0.158	0.062	0.317	0.357	-0.048	-0.075	-0.028	0.499	-0.192	0.842	"4"
"分化"	0	0	0	0	1	0.106	0.158	0.062	0.317	0.357	-0.048	-0.075	-0.028	-0.166	0.447	0.764	"5"
"分工"	0	0	0	1	0	0.106	0.158	0.062	0.317	0.357	-0.048	-0.075	-0.028	0.499	-0.192	0.842	"4"
"分洪"	0	0	0	0	1	0.106	0.158	0.062	0.317	0.357	-0.048	-0.075	-0.028	-0.166	0.447	0.764	"5"
"切实"	0	2	0	0	3	0.528	0.79	0.31	1.584	1.787	-0.242	0.745	-0.139	-0.828	0.607	2.561	"4"
"刑警"	0	0	0	0	1	0.106	0.158	0.062	0.317	0.357	-0.048	-0.075	-0.028	-0.166	0.447	0.764	"5"
"创面"	0	0	0	0	1	0.106	0.158	0.062	0.317	0.357	-0.048	-0.075	-0.028	-0.166	0.447	0.764	"5"
"利咽"	0	0	0	1	0	0.106	0.158	0.062	0.317	0.357	-0.048	-0.075	-0.028	0.499	-0.192	0.842	"4"
"利用"	0	0	0	1	0	0.106	0.158	0.062	0.317	0.357	-0.048	-0.075	-0.028	0.499	-0.192	0.842	"4"
"利雅得"	0	1	0	0	0	0.106	0.158	0.062	0.317	0.357	-0.048	0.801	-0.028	-0.166	-0.192	1.235	"2"
"制动"	0	0	0	1	0	0.106	0.158	0.062	0.317	0.357	-0.048	-0.075	-0.028	0.499	-0.192	0.842	"4"
"制衡"	0	0	0	0	2	0.211	0.316	0.124	0.634	0.715	-0.097	-0.149	-0.056	-0.331	0.893	1.526	"5"
"刺激"	1	0	0	1	0	0.211	0.316	0.124	0.634	0.715	0.699	-0.149	-0.056	0.273	-0.384	1.561	"1"
"削弱"	0	0	0	0	1	0.106	0.158	0.062	0.317	0.357	-0.048	-0.075	-0.028	-0.166	0.447	0.764	"5"
"剧烈"	0	0	0	1	0	0.106	0.158	0.062	0.317	0.357	-0.048	-0.075	-0.028	0.499	-0.192	0.842	"4"
"副"	0	0	0	0	2	0.211	0.316	0.124	0.634	0.715	-0.097	-0.149	-0.056	-0.331	0.893	1.526	"5"
"力"	0	0	0	0	1	0.106	0.158	0.062	0.317	0.357	-0.048	-0.075	-0.028	-0.166	0.447	0.764	"5"
"功能"	0	0	0	8	1	0.951	1.422	0.558	2.852	3.217	-0.436	-0.672	-0.25	3.182	-0.95	5.49	"4"
"加上"	0	0	0	1	0	0.106	0.158	0.062	0.317	0.357	-0.048	-0.075	-0.028	0.499	-0.192	0.842	"4"
"加强"	1	0	1	1	11	1.479	2.212	0.868	4.436	5.005	-0.255	-1.046	0.228	-1.442	2.868	5.839	"5"
"助"	0	0	0	0	2	0.211	0.316	0.124	0.634	0.715	-0.097	-0.149	-0.056	-0.331	0.893	1.526	"5"
"努力"	0	0	0	0	1	0.106	0.158	0.062	0.317	0.357	-0.048	-0.075	-0.028	-0.166	0.447	0.764	"5"
"勃起"	0	0	0	1	0	0.106	0.158	0.062	0.317	0.357	-0.048	-0.075	-0.028	0.499	-0.192	0.842	"4"
"化"	0	0	0	2	1	0.317	0.474	0.186	0.951	1.072	-0.145	-0.224	-0.083	0.624	-0.15	1.226	"4"
"北约"	0	2	0	0	0	0.211	0.316	0.124	0.634	0.715	-0.097	1.603	-0.056	-0.331	-0.384	2.471	"2"
"区划"	0	0	0	0	2	0.211	0.316	0.124	0.634	0.715	-0.097	-0.149	-0.056	-0.331	0.893	1.526	"5"
"区域"	0	0	0	1	0	0.106	0.158	0.062	0.317	0.357	-0.048	-0.075	-0.028	0.499	-0.192	0.842	"4"
"十分"	0	0	0	0	2	0.211	0.316	0.124	0.634	0.715	-0.097	-0.149	-0.056	-0.331	0.893	1.526	"5"
"半脑"	0	0	0	2	0	0.211	0.316	0.124	0.634	0.715	-0.097	-0.149	-0.056	0.998	-0.384	1.684	"4"
"协调"	1	2	1	1	1	0.634	0.948	0.372	1.901	2.145	0.311	0.615	0.496	-0.415	-0.515	2.352	"2"
"单一"	0	0	0	1	0	0.106	0.158	0.062	0.317	0.357	-0.048	-0.075	-0.028	0.499	-0.192	0.842	"4"
"南欧"	0	0	0	0	1	0.106	0.158	0.062	0.317	0.357	-0.048	-0.075	-0.028	-0.166	0.447	0.764	"5"
"卡拉"	0	0	0	2	0	0.211	0.316	0.124	0.634	0.715	-0.097	-0.149	-0.056	0.998	-0.384	1.684	"4"
"危"	0	0	0	1	0	0.106	0.158	0.062	0.317	0.357	-0.048	-0.075	-0.028	0.499	-0.192	0.842	"4"
"压力"	0	0	0	1	0	0.106	0.158	0.062	0.317	0.357	-0.048	-0.075	-0.028	0.499	-0.192	0.842	"4"
"去向"	0	0	0	0	1	0.106	0.158	0.062	0.317	0.357	-0.048	-0.075	-0.028	-0.166	0.447	0.764	"5"
"县卫生局"	0	1	0	0	0	0.106	0.158	0.062	0.317	0.357	-0.048	0.801	-0.028	-0.166	-0.192	1.235	"2"
"县域"	0	0	0	0	1	0.106	0.158	0.062	0.317	0.357	-0.048	-0.075	-0.028	-0.166	0.447	0.764	"5"
"双"	0	0	0	1	0	0.106	0.158	0.062	0.317	0.357	-0.048	-0.075	-0.028	0.499	-0.192	0.842	"4"
"双重"	0	0	0	2	0	0.211	0.316	0.124	0.634	0.715	-0.097	-0.149	-0.056	0.998	-0.384	1.684	"4"
"反射"	0	0	0	2	0	0.211	0.316	0.124	0.634	0.715	-0.097	-0.149	-0.056	0.998	-0.384	1.684	"4"
"发"	0	0	1	1	5	0.739	1.106	0.434	2.218	2.502	-0.339	-0.523	0.442	-0.53	1.216	3.05	"5"
"发作"	0	0	0	1	1	0.211	0.316	0.124	0.634	0.715	-0.097	-0.149	-0.056	0.273	0.231	0.806	"4"
"发展"	0	1	0	1	0	0.211	0.316	0.124	0.634	0.715	-0.097	0.536	-0.056	0.273	-0.384	1.346	"2"
"发挥"	49	69	0	1	25	15.211	22.753	8.925	45.632	51.478	13.385	18.68	-4.002	-22.002	-6.026	64.095	"4"
"发挥党"	0	0	0	0	1	0.106	0.158	0.062	0.317	0.357	-0.048	-0.075	-0.028	-0.166	0.447	0.764	"5"
"发挥出"	0	0	0	0	2	0.211	0.316	0.124	0.634	0.715	-0.097	-0.149	-0.056	-0.331	0.893	1.526	"5"
"发挥市"	0	0	0	0	2	0.211	0.316	0.124	0.634	0.715	-0.097	-0.149	-0.056	-0.331	0.893	1.526	"5"
"发炎"	0	0	0	1	0	0.106	0.158	0.062	0.317	0.357	-0.048	-0.075	-0.028	0.499	-0.192	0.842	"4"
"受损"	0	0	0	1	0	0.106	0.158	0.062	0.317	0.357	-0.048	-0.075	-0.028	0.499	-0.192	0.842	"4"
"变色"	0	0	0	0	1	0.106	0.158	0.062	0.317	0.357	-0.048	-0.075	-0.028	-0.166	0.447	0.764	"5"
"口罩"	0	0	0	2	0	0.211	0.316	0.124	0.634	0.715	-0.097	-0.149	-0.056	0.998	-0.384	1.684	"4"
"口香糖"	0	0	0	1	0	0.106	0.158	0.062	0.317	0.357	-0.048	-0.075	-0.028	0.499	-0.192	0.842	"4"
"古道"	0	0	0	0	1	0.106	0.158	0.062	0.317	0.357	-0.048	-0.075	-0.028	-0.166	0.447	0.764	"5"
"可"	0	0	0	8	2	1.056	1.58	0.62	3.169	3.575	-0.485	-0.747	-0.278	2.626	-0.61	4.746	"4"
"可以"	0	0	0	7	0	0.739	1.106	0.434	2.218	2.502	-0.339	-0.523	-0.195	3.494	-1.345	5.896	"4"
"可靠"	0	0	0	1	0	0.106	0.158	0.062	0.317	0.357	-0.048	-0.075	-0.028	0.499	-0.192	0.842	"4"
"台"	0	0	0	1	0	0.106	0.158	0.062	0.317	0.357	-0.048	-0.075	-0.028	0.499	-0.192	0.842	"4"
"台海"	1	0	0	0	0	0.106	0.158	0.062	0.317	0.357	0.976	-0.075	-0.028	-0.166	-0.192	1.437	"1"
"史实"	1	0	0	0	0	0.106	0.158	0.062	0.317	0.357	0.976	-0.075	-0.028	-0.166	-0.192	1.437	"1"
"叶绿素"	0	0	0	2	0	0.211	0.316	0.124	0.634	0.715	-0.097	-0.149	-0.056	0.998	-0.384	1.684	"4"
"司法部"	1	0	0	0	0	0.106	0.158	0.062	0.317	0.357	0.976	-0.075	-0.028	-0.166	-0.192	1.437	"1"
"各国"	0	0	0	0	1	0.106	0.158	0.062	0.317	0.357	-0.048	-0.075	-0.028	-0.166	0.447	0.764	"5"
"合"	1	2	0	0	1	0.423	0.632	0.248	1.268	1.43	0.443	0.92	-0.111	-0.662	-0.26	2.396	"2"
"合成"	1	0	0	0	0	0.106	0.158	0.062	0.317	0.357	0.976	-0.075	-0.028	-0.166	-0.192	1.437	"1"
"合理"	0	0	0	1	0	0.106	0.158	0.062	0.317	0.357	-0.048	-0.075	-0.028	0.499	-0.192	0.842	"4"
"合理化"	0	0	0	0	1	0.106	0.158	0.062	0.317	0.357	-0.048	-0.075	-0.028	-0.166	0.447	0.764	"5"
"含有"	0	1	0	1	0	0.211	0.316	0.124	0.634	0.715	-0.097	0.536	-0.056	0.273	-0.384	1.346	"2"
"含量"	0	0	0	1	0	0.106	0.158	0.062	0.317	0.357	-0.048	-0.075	-0.028	0.499	-0.192	0.842	"4"
"启发"	0	0	0	0	3	0.317	0.474	0.186	0.951	1.072	-0.145	-0.224	-0.083	-0.497	1.34	2.289	"5"
"吸热"	0	0	0	0	1	0.106	0.158	0.062	0.317	0.357	-0.048	-0.075	-0.028	-0.166	0.447	0.764	"5"
"和平"	1	0	1	0	0	0.211	0.316	0.124	0.634	0.715	0.699	-0.149	0.92	-0.331	-0.384	2.483	"3"
"和服"	0	0	0	0	1	0.106	0.158	0.062	0.317	0.357	-0.048	-0.075	-0.028	-0.166	0.447	0.764	"5"
"响"	0	0	0	0	1	0.106	0.158	0.062	0.317	0.357	-0.048	-0.075	-0.028	-0.166	0.447	0.764	"5"
"哪些"	0	0	0	1	0	0.106	0.158	0.062	0.317	0.357	-0.048	-0.075	-0.028	0.499	-0.192	0.842	"4"
"商务"	0	0	0	1	0	0.106	0.158	0.062	0.317	0.357	-0.048	-0.075	-0.028	0.499	-0.192	0.842	"4"
"商贩"	0	0	1	0	0	0.106	0.158	0.062	0.317	0.357	-0.048	-0.075	1.208	-0.166	-0.192	1.689	"3"
"器"	0	0	0	1	0	0.106	0.158	0.062	0.317	0.357	-0.048	-0.075	-0.028	0.499	-0.192	0.842	"4"
"因素"	0	0	0	0	3	0.317	0.474	0.186	0.951	1.072	-0.145	-0.224	-0.083	-0.497	1.34	2.289	"5"
"国界"	0	0	0	0	1	0.106	0.158	0.062	0.317	0.357	-0.048	-0.075	-0.028	-0.166	0.447	0.764	"5"
"国际组"	0	0	0	0	1	0.106	0.158	0.062	0.317	0.357	-0.048	-0.075	-0.028	-0.166	0.447	0.764	"5"
"图"	0	0	0	1	0	0.106	0.158	0.062	0.317	0.357	-0.048	-0.075	-0.028	0.499	-0.192	0.842	"4"
"图像"	0	1	0	0	0	0.106	0.158	0.062	0.317	0.357	-0.048	0.801	-0.028	-0.166	-0.192	1.235	"2"
"在于"	0	0	0	0	1	0.106	0.158	0.062	0.317	0.357	-0.048	-0.075	-0.028	-0.166	0.447	0.764	"5"
"在线交"	0	0	0	2	0	0.211	0.316	0.124	0.634	0.715	-0.097	-0.149	-0.056	0.998	-0.384	1.684	"4"
"地位"	0	1	0	0	4	0.528	0.79	0.31	1.584	1.787	-0.242	0.239	-0.139	-0.828	1.234	2.682	"5"
"地图"	0	0	0	1	0	0.106	0.158	0.062	0.317	0.357	-0.048	-0.075	-0.028	0.499	-0.192	0.842	"4"
"地大物博"	1	0	0	0	0	0.106	0.158	0.062	0.317	0.357	0.976	-0.075	-0.028	-0.166	-0.192	1.437	"1"
"地心吸力"	0	0	0	0	1	0.106	0.158	0.062	0.317	0.357	-0.048	-0.075	-0.028	-0.166	0.447	0.764	"5"
"地方官员"	0	0	0	0	1	0.106	0.158	0.062	0.317	0.357	-0.048	-0.075	-0.028	-0.166	0.447	0.764	"5"
"地球"	0	0	0	0	1	0.106	0.158	0.062	0.317	0.357	-0.048	-0.075	-0.028	-0.166	0.447	0.764	"5"
"城市"	0	0	0	7	0	0.739	1.106	0.434	2.218	2.502	-0.339	-0.523	-0.195	3.494	-1.345	5.896	"4"
"基"	0	0	0	0	1	0.106	0.158	0.062	0.317	0.357	-0.048	-0.075	-0.028	-0.166	0.447	0.764	"5"
"基因"	2	0	0	1	0	0.317	0.474	0.186	0.951	1.072	1.507	-0.224	-0.083	0.167	-0.576	2.557	"1"
"基层"	0	0	0	0	2	0.211	0.316	0.124	0.634	0.715	-0.097	-0.149	-0.056	-0.331	0.893	1.526	"5"
"基本"	0	0	0	1	0	0.106	0.158	0.062	0.317	0.357	-0.048	-0.075	-0.028	0.499	-0.192	0.842	"4"
"基础性"	0	0	0	0	2	0.211	0.316	0.124	0.634	0.715	-0.097	-0.149	-0.056	-0.331	0.893	1.526	"5"
"堡垒"	0	0	0	0	1	0.106	0.158	0.062	0.317	0.357	-0.048	-0.075	-0.028	-0.166	0.447	0.764	"5"
"增"	0	0	0	4	0	0.423	0.632	0.248	1.268	1.43	-0.194	-0.299	-0.111	1.996	-0.768	3.368	"4"
"增强"	1	0	0	2	3	0.634	0.948	0.372	1.901	2.145	0.311	-0.448	-0.167	0.211	0.434	1.571	"2"
"增殖"	0	0	0	2	0	0.211	0.316	0.124	0.634	0.715	-0.097	-0.149	-0.056	0.998	-0.384	1.684	"4"
"备"	0	0	0	0	1	0.106	0.158	0.062	0.317	0.357	-0.048	-0.075	-0.028	-0.166	0.447	0.764	"5"
"备忘录"	0	0	0	1	0	0.106	0.158	0.062	0.317	0.357	-0.048	-0.075	-0.028	0.499	-0.192	0.842	"4"
"复印"	0	0	0	1	0	0.106	0.158	0.062	0.317	0.357	-0.048	-0.075	-0.028	0.499	-0.192	0.842	"4"
"复杂"	0	0	0	1	0	0.106	0.158	0.062	0.317	0.357	-0.048	-0.075	-0.028	0.499	-0.192	0.842	"4"
"多"	0	0	0	4	1	0.528	0.79	0.31	1.584	1.787	-0.242	-0.373	-0.139	1.424	-0.383	2.561	"4"
"多功能"	0	0	0	1	0	0.106	0.158	0.062	0.317	0.357	-0.048	-0.075	-0.028	0.499	-0.192	0.842	"4"
"大"	5	2	4	0	8	2.007	3.002	1.178	6.021	6.792	1.364	-0.394	1.568	-3.145	0.443	6.914	"4"
"大业"	1	0	0	0	0	0.106	0.158	0.062	0.317	0.357	0.976	-0.075	-0.028	-0.166	-0.192	1.437	"1"
"大力"	0	0	0	0	1	0.106	0.158	0.062	0.317	0.357	-0.048	-0.075	-0.028	-0.166	0.447	0.764	"5"
"大哥"	0	0	0	0	1	0.106	0.158	0.062	0.317	0.357	-0.048	-0.075	-0.028	-0.166	0.447	0.764	"5"
"大小"	0	0	0	1	0	0.106	0.158	0.062	0.317	0.357	-0.048	-0.075	-0.028	0.499	-0.192	0.842	"4"
"大气"	0	0	0	0	1	0.106	0.158	0.062	0.317	0.357	-0.048	-0.075	-0.028	-0.166	0.447	0.764	"5"
"大脑"	0	0	0	1	0	0.106	0.158	0.062	0.317	0.357	-0.048	-0.075	-0.028	0.499	-0.192	0.842	"4"
"大蒜"	0	0	0	2	0	0.211	0.316	0.124	0.634	0.715	-0.097	-0.149	-0.056	0.998	-0.384	1.684	"4"
"天然"	0	0	0	1	0	0.106	0.158	0.062	0.317	0.357	-0.048	-0.075	-0.028	0.499	-0.192	0.842	"4"
"太多"	0	0	0	3	0	0.317	0.474	0.186	0.951	1.072	-0.145	-0.224	-0.083	1.497	-0.576	2.525	"4"
"失去"	0	0	0	0	2	0.211	0.316	0.124	0.634	0.715	-0.097	-0.149	-0.056	-0.331	0.893	1.526	"5"
"奇摩"	0	0	0	0	2	0.211	0.316	0.124	0.634	0.715	-0.097	-0.149	-0.056	-0.331	0.893	1.526	"5"
"奥罕尼"	0	1	0	0	0	0.106	0.158	0.062	0.317	0.357	-0.048	0.801	-0.028	-0.166	-0.192	1.235	"2"
"威慑"	0	0	1	0	0	0.106	0.158	0.062	0.317	0.357	-0.048	-0.075	1.208	-0.166	-0.192	1.689	"3"
"威胁到"	0	0	0	0	1	0.106	0.158	0.062	0.317	0.357	-0.048	-0.075	-0.028	-0.166	0.447	0.764	"5"
"娱乐"	0	0	0	2	1	0.317	0.474	0.186	0.951	1.072	-0.145	-0.224	-0.083	0.624	-0.15	1.226	"4"
"媲美"	0	0	0	1	0	0.106	0.158	0.062	0.317	0.357	-0.048	-0.075	-0.028	0.499	-0.192	0.842	"4"
"它"	0	0	0	5	0	0.528	0.79	0.31	1.584	1.787	-0.242	-0.373	-0.139	2.495	-0.961	4.21	"4"
"安南"	3	1	0	0	0	0.423	0.632	0.248	1.268	1.43	2.362	0.303	-0.111	-0.662	-0.768	4.206	"1"
"安抚"	0	0	1	0	0	0.106	0.158	0.062	0.317	0.357	-0.048	-0.075	1.208	-0.166	-0.192	1.689	"3"
"安民"	0	1	0	0	0	0.106	0.158	0.062	0.317	0.357	-0.048	0.801	-0.028	-0.166	-0.192	1.235	"2"
"安理会"	1	1	0	0	0	0.211	0.316	0.124	0.634	0.715	0.699	0.536	-0.056	-0.331	-0.384	2.006	"1"
"完全"	0	0	0	1	0	0.106	0.158	0.062	0.317	0.357	-0.048	-0.075	-0.028	0.499	-0.192	0.842	"4"
"完善"	0	0	0	2	0	0.211	0.316	0.124	0.634	0.715	-0.097	-0.149	-0.056	0.998	-0.384	1.684	"4"
"完备"	0	0	0	1	0	0.106	0.158	0.062	0.317	0.357	-0.048	-0.075	-0.028	0.499	-0.192	0.842	"4"
"完整"	0	0	0	1	0	0.106	0.158	0.062	0.317	0.357	-0.048	-0.075	-0.028	0.499	-0.192	0.842	"4"
"宏观"	0	0	0	0	2	0.211	0.316	0.124	0.634	0.715	-0.097	-0.149	-0.056	-0.331	0.893	1.526	"5"
"定"	0	0	0	0	1	0.106	0.158	0.062	0.317	0.357	-0.048	-0.075	-0.028	-0.166	0.447	0.764	"5"
"定位"	0	0	0	0	1	0.106	0.158	0.062	0.317	0.357	-0.048	-0.075	-0.028	-0.166	0.447	0.764	"5"
"定心丸"	0	0	0	0	1	0.106	0.158	0.062	0.317	0.357	-0.048	-0.075	-0.028	-0.166	0.447	0.764	"5"
"宜家"	0	0	0	0	1	0.106	0.158	0.062	0.317	0.357	-0.048	-0.075	-0.028	-0.166	0.447	0.764	"5"
"实践"	0	0	1	0	0	0.106	0.158	0.062	0.317	0.357	-0.048	-0.075	1.208	-0.166	-0.192	1.689	"3"
"实验"	0	0	0	2	1	0.317	0.474	0.186	0.951	1.072	-0.145	-0.224	-0.083	0.624	-0.15	1.226	"4"
"审查制"	0	0	0	0	1	0.106	0.158	0.062	0.317	0.357	-0.048	-0.075	-0.028	-0.166	0.447	0.764	"5"
"客户"	0	0	0	1	0	0.106	0.158	0.062	0.317	0.357	-0.048	-0.075	-0.028	0.499	-0.192	0.842	"4"
"宣传"	0	0	0	1	0	0.106	0.158	0.062	0.317	0.357	-0.048	-0.075	-0.028	0.499	-0.192	0.842	"4"
"宣武"	0	0	0	0	1	0.106	0.158	0.062	0.317	0.357	-0.048	-0.075	-0.028	-0.166	0.447	0.764	"5"
"宣讲"	0	0	0	0	1	0.106	0.158	0.062	0.317	0.357	-0.048	-0.075	-0.028	-0.166	0.447	0.764	"5"
"室内"	0	0	0	1	0	0.106	0.158	0.062	0.317	0.357	-0.048	-0.075	-0.028	0.499	-0.192	0.842	"4"
"家居"	0	0	0	1	0	0.106	0.158	0.062	0.317	0.357	-0.048	-0.075	-0.028	0.499	-0.192	0.842	"4"
"家电"	0	0	0	1	0	0.106	0.158	0.062	0.317	0.357	-0.048	-0.075	-0.028	0.499	-0.192	0.842	"4"
"富士通"	0	0	0	1	0	0.106	0.158	0.062	0.317	0.357	-0.048	-0.075	-0.028	0.499	-0.192	0.842	"4"
"导"	0	1	0	0	0	0.106	0.158	0.062	0.317	0.357	-0.048	0.801	-0.028	-0.166	-0.192	1.235	"2"
"导引"	0	0	0	0	1	0.106	0.158	0.062	0.317	0.357	-0.048	-0.075	-0.028	-0.166	0.447	0.764	"5"
"导致"	0	0	0	1	1	0.211	0.316	0.124	0.634	0.715	-0.097	-0.149	-0.056	0.273	0.231	0.806	"4"
"小型"	0	0	0	1	0	0.106	0.158	0.062	0.317	0.357	-0.048	-0.075	-0.028	0.499	-0.192	0.842	"4"
"小城镇"	0	0	0	0	1	0.106	0.158	0.062	0.317	0.357	-0.048	-0.075	-0.028	-0.166	0.447	0.764	"5"
"尤其"	1	0	0	0	2	0.317	0.474	0.186	0.951	1.072	0.546	-0.224	-0.083	-0.497	0.535	1.885	"1"
"局限性"	0	0	0	0	1	0.106	0.158	0.062	0.317	0.357	-0.048	-0.075	-0.028	-0.166	0.447	0.764	"5"
"屏幕"	0	0	0	1	0	0.106	0.158	0.062	0.317	0.357	-0.048	-0.075	-0.028	0.499	-0.192	0.842	"4"
"展示"	0	0	0	0	1	0.106	0.158	0.062	0.317	0.357	-0.048	-0.075	-0.028	-0.166	0.447	0.764	"5"
"山梨糖醇"	0	0	0	0	1	0.106	0.158	0.062	0.317	0.357	-0.048	-0.075	-0.028	-0.166	0.447	0.764	"5"
"峰村"	1	0	0	0	0	0.106	0.158	0.062	0.317	0.357	0.976	-0.075	-0.028	-0.166	-0.192	1.437	"1"
"工人"	0	0	0	0	3	0.317	0.474	0.186	0.951	1.072	-0.145	-0.224	-0.083	-0.497	1.34	2.289	"5"
"工会"	0	0	0	0	3	0.317	0.474	0.186	0.951	1.072	-0.145	-0.224	-0.083	-0.497	1.34	2.289	"5"
"工具"	0	0	0	1	0	0.106	0.158	0.062	0.317	0.357	-0.048	-0.075	-0.028	0.499	-0.192	0.842	"4"
"工农业"	0	0	0	0	1	0.106	0.158	0.062	0.317	0.357	-0.048	-0.075	-0.028	-0.166	0.447	0.764	"5"
"工委"	0	0	0	0	1	0.106	0.158	0.062	0.317	0.357	-0.048	-0.075	-0.028	-0.166	0.447	0.764	"5"
"左"	0	0	0	1	0	0.106	0.158	0.062	0.317	0.357	-0.048	-0.075	-0.028	0.499	-0.192	0.842	"4"
"巨大"	1	0	1	0	0	0.211	0.316	0.124	0.634	0.715	0.699	-0.149	0.92	-0.331	-0.384	2.483	"3"
"市场价"	0	0	0	0	1	0.106	0.158	0.062	0.317	0.357	-0.048	-0.075	-0.028	-0.166	0.447	0.764	"5"
"市场力量"	0	0	0	0	1	0.106	0.158	0.062	0.317	0.357	-0.048	-0.075	-0.028	-0.166	0.447	0.764	"5"
"布局"	0	0	0	1	0	0.106	0.158	0.062	0.317	0.357	-0.048	-0.075	-0.028	0.499	-0.192	0.842	"4"
"帕拉西奥"	0	1	0	0	0	0.106	0.158	0.062	0.317	0.357	-0.048	0.801	-0.028	-0.166	-0.192	1.235	"2"
"带动"	0	0	0	1	2	0.317	0.474	0.186	0.951	1.072	-0.145	-0.224	-0.083	0.167	0.535	1.154	"5"
"带头"	0	0	1	0	3	0.423	0.632	0.248	1.268	1.43	-0.194	-0.299	0.646	-0.662	0.874	2.675	"5"
"干扰"	0	0	0	1	0	0.106	0.158	0.062	0.317	0.357	-0.048	-0.075	-0.028	0.499	-0.192	0.842	"4"
"平方米"	0	0	0	0	1	0.106	0.158	0.062	0.317	0.357	-0.048	-0.075	-0.028	-0.166	0.447	0.764	"5"
"平衡人"	0	0	0	1	0	0.106	0.158	0.062	0.317	0.357	-0.048	-0.075	-0.028	0.499	-0.192	0.842	"4"
"幸存者"	0	0	1	0	0	0.106	0.158	0.062	0.317	0.357	-0.048	-0.075	1.208	-0.166	-0.192	1.689	"3"
"幼教"	0	0	0	0	1	0.106	0.158	0.062	0.317	0.357	-0.048	-0.075	-0.028	-0.166	0.447	0.764	"5"
"广大"	1	0	0	0	2	0.317	0.474	0.186	0.951	1.072	0.546	-0.224	-0.083	-0.497	0.535	1.885	"1"
"广泛"	0	0	0	0	1	0.106	0.158	0.062	0.317	0.357	-0.048	-0.075	-0.028	-0.166	0.447	0.764	"5"
"应"	1	15	0	1	3	2.113	3.16	1.24	6.338	7.15	-0.443	8.177	-0.556	-2.298	-1.415	12.889	"2"
"应用"	0	0	0	2	0	0.211	0.316	0.124	0.634	0.715	-0.097	-0.149	-0.056	0.998	-0.384	1.684	"4"
"延伸"	0	0	0	1	0	0.106	0.158	0.062	0.317	0.357	-0.048	-0.075	-0.028	0.499	-0.192	0.842	"4"
"延缓"	0	0	0	1	0	0.106	0.158	0.062	0.317	0.357	-0.048	-0.075	-0.028	0.499	-0.192	0.842	"4"
"建中"	0	1	0	0	0	0.106	0.158	0.062	0.317	0.357	-0.048	0.801	-0.028	-0.166	-0.192	1.235	"2"
"建成"	0	0	0	2	0	0.211	0.316	0.124	0.634	0.715	-0.097	-0.149	-0.056	0.998	-0.384	1.684	"4"
"建立"	0	0	0	0	1	0.106	0.158	0.062	0.317	0.357	-0.048	-0.075	-0.028	-0.166	0.447	0.764	"5"
"建设性"	2	0	0	0	1	0.317	0.474	0.186	0.951	1.072	1.507	-0.224	-0.083	-0.497	-0.15	2.461	"1"
"开关"	0	0	0	2	0	0.211	0.316	0.124	0.634	0.715	-0.097	-0.149	-0.056	0.998	-0.384	1.684	"4"
"开展"	0	0	1	0	0	0.106	0.158	0.062	0.317	0.357	-0.048	-0.075	1.208	-0.166	-0.192	1.689	"3"
"异常"	0	0	0	1	0	0.106	0.158	0.062	0.317	0.357	-0.048	-0.075	-0.028	0.499	-0.192	0.842	"4"
"弄清楚"	0	0	0	0	2	0.211	0.316	0.124	0.634	0.715	-0.097	-0.149	-0.056	-0.331	0.893	1.526	"5"
"引导"	0	1	0	0	2	0.317	0.474	0.186	0.951	1.072	-0.145	0.395	-0.083	-0.497	0.535	1.655	"5"
"弗勒尔"	0	0	0	0	1	0.106	0.158	0.062	0.317	0.357	-0.048	-0.075	-0.028	-0.166	0.447	0.764	"5"
"弗拉蒂尼"	1	0	0	0	0	0.106	0.158	0.062	0.317	0.357	0.976	-0.075	-0.028	-0.166	-0.192	1.437	"1"
"张颖"	0	0	0	1	0	0.106	0.158	0.062	0.317	0.357	-0.048	-0.075	-0.028	0.499	-0.192	0.842	"4"
"弹性"	0	0	0	1	0	0.106	0.158	0.062	0.317	0.357	-0.048	-0.075	-0.028	0.499	-0.192	0.842	"4"
"弹道"	0	0	1	0	0	0.106	0.158	0.062	0.317	0.357	-0.048	-0.075	1.208	-0.166	-0.192	1.689	"3"
"强"	0	0	0	7	0	0.739	1.106	0.434	2.218	2.502	-0.339	-0.523	-0.195	3.494	-1.345	5.896	"4"
"强化"	0	0	0	3	2	0.528	0.79	0.31	1.584	1.787	-0.242	-0.373	-0.139	0.73	0.232	1.716	"4"
"强大"	0	0	0	1	0	0.106	0.158	0.062	0.317	0.357	-0.048	-0.075	-0.028	0.499	-0.192	0.842	"4"
"强调"	0	0	0	0	1	0.106	0.158	0.062	0.317	0.357	-0.048	-0.075	-0.028	-0.166	0.447	0.764	"5"
"形成"	0	0	1	0	1	0.211	0.316	0.124	0.634	0.715	-0.097	-0.149	0.92	-0.331	0.231	1.728	"3"
"彩色"	0	0	0	3	0	0.317	0.474	0.186	0.951	1.072	-0.145	-0.224	-0.083	1.497	-0.576	2.525	"4"
"影像"	0	0	0	2	0	0.211	0.316	0.124	0.634	0.715	-0.097	-0.149	-0.056	0.998	-0.384	1.684	"4"
"影碟"	0	0	0	1	0	0.106	0.158	0.062	0.317	0.357	-0.048	-0.075	-0.028	0.499	-0.192	0.842	"4"
"得以"	0	0	0	0	1	0.106	0.158	0.062	0.317	0.357	-0.048	-0.075	-0.028	-0.166	0.447	0.764	"5"
"得到"	0	0	0	2	1	0.317	0.474	0.186	0.951	1.072	-0.145	-0.224	-0.083	0.624	-0.15	1.226	"4"
"循环"	0	0	0	2	0	0.211	0.316	0.124	0.634	0.715	-0.097	-0.149	-0.056	0.998	-0.384	1.684	"4"
"心律"	0	0	0	1	0	0.106	0.158	0.062	0.317	0.357	-0.048	-0.075	-0.028	0.499	-0.192	0.842	"4"
"心理"	0	0	0	0	1	0.106	0.158	0.062	0.317	0.357	-0.048	-0.075	-0.028	-0.166	0.447	0.764	"5"
"心脏"	0	0	0	2	0	0.211	0.316	0.124	0.634	0.715	-0.097	-0.149	-0.056	0.998	-0.384	1.684	"4"
"心血管"	0	0	0	1	0	0.106	0.158	0.062	0.317	0.357	-0.048	-0.075	-0.028	0.499	-0.192	0.842	"4"
"必然"	0	0	0	0	1	0.106	0.158	0.062	0.317	0.357	-0.048	-0.075	-0.028	-0.166	0.447	0.764	"5"
"快讯"	0	1	0	0	0	0.106	0.158	0.062	0.317	0.357	-0.048	0.801	-0.028	-0.166	-0.192	1.235	"2"
"快速"	0	0	0	2	0	0.211	0.316	0.124	0.634	0.715	-0.097	-0.149	-0.056	0.998	-0.384	1.684	"4"
"忽视"	0	0	0	0	1	0.106	0.158	0.062	0.317	0.357	-0.048	-0.075	-0.028	-0.166	0.447	0.764	"5"
"性"	0	1	0	3	0	0.423	0.632	0.248	1.268	1.43	-0.194	0.303	-0.111	1.013	-0.768	2.389	"4"
"性能"	0	0	0	1	0	0.106	0.158	0.062	0.317	0.357	-0.048	-0.075	-0.028	0.499	-0.192	0.842	"4"
"怪力乱神"	0	0	0	1	0	0.106	0.158	0.062	0.317	0.357	-0.048	-0.075	-0.028	0.499	-0.192	0.842	"4"
"总体"	0	0	0	1	0	0.106	0.158	0.062	0.317	0.357	-0.048	-0.075	-0.028	0.499	-0.192	0.842	"4"
"总参"	0	0	1	0	0	0.106	0.158	0.062	0.317	0.357	-0.048	-0.075	1.208	-0.166	-0.192	1.689	"3"
"恆光"	0	0	0	0	1	0.106	0.158	0.062	0.317	0.357	-0.048	-0.075	-0.028	-0.166	0.447	0.764	"5"
"恐龙"	0	0	0	1	0	0.106	0.158	0.062	0.317	0.357	-0.048	-0.075	-0.028	0.499	-0.192	0.842	"4"
"恢复"	0	0	0	1	3	0.423	0.632	0.248	1.268	1.43	-0.194	-0.299	-0.111	-0.206	0.874	1.684	"5"
"恶化"	0	0	0	0	1	0.106	0.158	0.062	0.317	0.357	-0.048	-0.075	-0.028	-0.166	0.447	0.764	"5"
"患者"	0	0	0	0	1	0.106	0.158	0.062	0.317	0.357	-0.048	-0.075	-0.028	-0.166	0.447	0.764	"5"
"患者体"	1	0	0	0	0	0.106	0.158	0.062	0.317	0.357	0.976	-0.075	-0.028	-0.166	-0.192	1.437	"1"
"情商"	0	0	0	0	2	0.211	0.316	0.124	0.634	0.715	-0.097	-0.149	-0.056	-0.331	0.893	1.526	"5"
"惠尔"	0	0	0	0	1	0.106	0.158	0.062	0.317	0.357	-0.048	-0.075	-0.028	-0.166	0.447	0.764	"5"
"想想"	0	0	1	0	0	0.106	0.158	0.062	0.317	0.357	-0.048	-0.075	1.208	-0.166	-0.192	1.689	"3"
"愿"	1	0	0	0	0	0.106	0.158	0.062	0.317	0.357	0.976	-0.075	-0.028	-0.166	-0.192	1.437	"1"
"战后"	2	10	0	0	2	1.479	2.212	0.868	4.436	5.005	0.353	5.281	-0.389	-2.317	-1.122	9.462	"2"
"战线"	0	0	0	0	1	0.106	0.158	0.062	0.317	0.357	-0.048	-0.075	-0.028	-0.166	0.447	0.764	"5"
"房地产市"	0	0	0	0	1	0.106	0.158	0.062	0.317	0.357	-0.048	-0.075	-0.028	-0.166	0.447	0.764	"5"
"所谓"	0	0	0	1	0	0.106	0.158	0.062	0.317	0.357	-0.048	-0.075	-0.028	0.499	-0.192	0.842	"4"
"手机"	0	0	0	2	0	0.211	0.316	0.124	0.634	0.715	-0.097	-0.149	-0.056	0.998	-0.384	1.684	"4"
"打印"	0	0	0	4	0	0.423	0.632	0.248	1.268	1.43	-0.194	-0.299	-0.111	1.996	-0.768	3.368	"4"
"扫瞄"	0	0	0	1	0	0.106	0.158	0.062	0.317	0.357	-0.048	-0.075	-0.028	0.499	-0.192	0.842	"4"
"把关"	1	0	0	0	0	0.106	0.158	0.062	0.317	0.357	0.976	-0.075	-0.028	-0.166	-0.192	1.437	"1"
"抑制"	0	0	0	3	0	0.317	0.474	0.186	0.951	1.072	-0.145	-0.224	-0.083	1.497	-0.576	2.525	"4"
"抗"	0	0	0	2	0	0.211	0.316	0.124	0.634	0.715	-0.097	-0.149	-0.056	0.998	-0.384	1.684	"4"
"抗体库"	0	1	0	0	0	0.106	0.158	0.062	0.317	0.357	-0.048	0.801	-0.028	-0.166	-0.192	1.235	"2"
"抗生素"	0	0	0	0	1	0.106	0.158	0.062	0.317	0.357	-0.048	-0.075	-0.028	-0.166	0.447	0.764	"5"
"抗菌"	0	0	0	1	0	0.106	0.158	0.062	0.317	0.357	-0.048	-0.075	-0.028	0.499	-0.192	0.842	"4"
"护"	0	0	0	0	1	0.106	0.158	0.062	0.317	0.357	-0.048	-0.075	-0.028	-0.166	0.447	0.764	"5"
"护卫舰"	0	0	0	1	0	0.106	0.158	0.062	0.317	0.357	-0.048	-0.075	-0.028	0.499	-0.192	0.842	"4"
"拉伯"	0	1	0	0	0	0.106	0.158	0.062	0.317	0.357	-0.048	0.801	-0.028	-0.166	-0.192	1.235	"2"
"拉克"	1	0	0	0	1	0.211	0.316	0.124	0.634	0.715	0.699	-0.149	-0.056	-0.331	0.231	1.466	"1"
"拉动"	0	0	0	0	1	0.106	0.158	0.062	0.317	0.357	-0.048	-0.075	-0.028	-0.166	0.447	0.764	"5"
"拉胡德"	1	1	0	0	0	0.211	0.316	0.124	0.634	0.715	0.699	0.536	-0.056	-0.331	-0.384	2.006	"1"
"拉长"	0	0	0	1	0	0.106	0.158	0.062	0.317	0.357	-0.048	-0.075	-0.028	0.499	-0.192	0.842	"4"
"拍摄"	0	0	0	2	0	0.211	0.316	0.124	0.634	0.715	-0.097	-0.149	-0.056	0.998	-0.384	1.684	"4"
"拨乱反正"	0	0	0	0	1	0.106	0.158	0.062	0.317	0.357	-0.048	-0.075	-0.028	-0.166	0.447	0.764	"5"
"持久"	0	1	0	0	0	0.106	0.158	0.062	0.317	0.357	-0.048	0.801	-0.028	-0.166	-0.192	1.235	"2"
"指导"	1	0	0	0	4	0.528	0.79	0.31	1.584	1.787	0.369	-0.373	-0.139	-0.828	1.234	2.943	"5"
"指挥"	0	1	0	1	0	0.211	0.316	0.124	0.634	0.715	-0.097	0.536	-0.056	0.273	-0.384	1.346	"2"
"按"	0	0	0	1	0	0.106	0.158	0.062	0.317	0.357	-0.048	-0.075	-0.028	0.499	-0.192	0.842	"4"
"挥"	0	0	0	0	5	0.528	0.79	0.31	1.584	1.787	-0.242	-0.373	-0.139	-0.828	2.234	3.816	"5"
"排水"	0	0	0	1	0	0.106	0.158	0.062	0.317	0.357	-0.048	-0.075	-0.028	0.499	-0.192	0.842	"4"
"控制"	0	1	0	0	0	0.106	0.158	0.062	0.317	0.357	-0.048	0.801	-0.028	-0.166	-0.192	1.235	"2"
"推"	0	0	0	1	0	0.106	0.158	0.062	0.317	0.357	-0.048	-0.075	-0.028	0.499	-0.192	0.842	"4"
"推动"	1	3	6	0	5	1.584	2.37	0.93	4.753	5.362	-0.285	0.366	3.759	-2.483	-0.268	7.161	"3"
"推理"	0	0	0	1	0	0.106	0.158	0.062	0.317	0.357	-0.048	-0.075	-0.028	0.499	-0.192	0.842	"4"
"推荐"	0	0	0	1	0	0.106	0.158	0.062	0.317	0.357	-0.048	-0.075	-0.028	0.499	-0.192	0.842	"4"
"推进"	0	3	2	0	1	0.634	0.948	0.372	1.901	2.145	-0.291	1.266	1.312	-0.993	-0.515	4.377	"3"
"掺"	0	0	0	1	0	0.106	0.158	0.062	0.317	0.357	-0.048	-0.075	-0.028	0.499	-0.192	0.842	"4"
"提供"	0	0	0	6	0	0.634	0.948	0.372	1.901	2.145	-0.291	-0.448	-0.167	2.995	-1.153	5.054	"4"
"提高"	0	0	0	1	0	0.106	0.158	0.062	0.317	0.357	-0.048	-0.075	-0.028	0.499	-0.192	0.842	"4"
"携带具"	0	0	0	1	0	0.106	0.158	0.062	0.317	0.357	-0.048	-0.075	-0.028	0.499	-0.192	0.842	"4"
"操作"	0	0	0	2	2	0.423	0.632	0.248	1.268	1.43	-0.194	-0.299	-0.111	0.422	0.347	1.373	"4"
"支援"	0	0	0	1	0	0.106	0.158	0.062	0.317	0.357	-0.048	-0.075	-0.028	0.499	-0.192	0.842	"4"
"支撑"	0	1	0	0	0	0.106	0.158	0.062	0.317	0.357	-0.048	0.801	-0.028	-0.166	-0.192	1.235	"2"
"支柱产业"	0	0	0	0	1	0.106	0.158	0.062	0.317	0.357	-0.048	-0.075	-0.028	-0.166	0.447	0.764	"5"
"改善"	0	0	0	3	0	0.317	0.474	0.186	0.951	1.072	-0.145	-0.224	-0.083	1.497	-0.576	2.525	"4"
"改造成"	0	0	0	0	1	0.106	0.158	0.062	0.317	0.357	-0.048	-0.075	-0.028	-0.166	0.447	0.764	"5"
"攻坚战"	0	0	0	0	1	0.106	0.158	0.062	0.317	0.357	-0.048	-0.075	-0.028	-0.166	0.447	0.764	"5"
"政协"	0	0	0	0	1	0.106	0.158	0.062	0.317	0.357	-0.048	-0.075	-0.028	-0.166	0.447	0.764	"5"
"效果"	0	0	0	5	1	0.634	0.948	0.372	1.901	2.145	-0.291	-0.448	-0.167	1.85	-0.515	3.271	"4"
"敌方"	0	0	0	0	2	0.211	0.316	0.124	0.634	0.715	-0.097	-0.149	-0.056	-0.331	0.893	1.526	"5"
"救助"	0	0	0	1	0	0.106	0.158	0.062	0.317	0.357	-0.048	-0.075	-0.028	0.499	-0.192	0.842	"4"
"救护"	0	1	0	0	0	0.106	0.158	0.062	0.317	0.357	-0.048	0.801	-0.028	-0.166	-0.192	1.235	"2"
"救护车"	0	1	0	0	0	0.106	0.158	0.062	0.317	0.357	-0.048	0.801	-0.028	-0.166	-0.192	1.235	"2"
"救灾"	0	1	0	0	0	0.106	0.158	0.062	0.317	0.357	-0.048	0.801	-0.028	-0.166	-0.192	1.235	"2"
"教学"	0	0	0	0	1	0.106	0.158	0.062	0.317	0.357	-0.048	-0.075	-0.028	-0.166	0.447	0.764	"5"
"教科文组织"	0	1	0	0	0	0.106	0.158	0.062	0.317	0.357	-0.048	0.801	-0.028	-0.166	-0.192	1.235	"2"
"教育"	0	0	0	1	1	0.211	0.316	0.124	0.634	0.715	-0.097	-0.149	-0.056	0.273	0.231	0.806	"4"
"数码"	0	0	0	1	0	0.106	0.158	0.062	0.317	0.357	-0.048	-0.075	-0.028	0.499	-0.192	0.842	"4"
"整体"	0	0	0	0	2	0.211	0.316	0.124	0.634	0.715	-0.097	-0.149	-0.056	-0.331	0.893	1.526	"5"
"整合"	0	0	0	1	0	0.106	0.158	0.062	0.317	0.357	-0.048	-0.075	-0.028	0.499	-0.192	0.842	"4"
"新力"	0	0	0	1	0	0.106	0.158	0.062	0.317	0.357	-0.048	-0.075	-0.028	0.499	-0.192	0.842	"4"
"新型"	0	0	0	1	0	0.106	0.158	0.062	0.317	0.357	-0.048	-0.075	-0.028	0.499	-0.192	0.842	"4"
"新增"	0	0	0	1	1	0.211	0.316	0.124	0.634	0.715	-0.097	-0.149	-0.056	0.273	0.231	0.806	"4"
"新日"	0	0	0	0	1	0.106	0.158	0.062	0.317	0.357	-0.048	-0.075	-0.028	-0.166	0.447	0.764	"5"
"新陈代谢"	0	0	0	2	0	0.211	0.316	0.124	0.634	0.715	-0.097	-0.149	-0.056	0.998	-0.384	1.684	"4"
"新鲜"	0	0	0	0	2	0.211	0.316	0.124	0.634	0.715	-0.097	-0.149	-0.056	-0.331	0.893	1.526	"5"
"方面"	5	4	0	1	12	2.324	3.476	1.364	6.972	7.865	1.124	0.331	-0.611	-2.592	1.257	5.915	"4"
"施罗德"	1	2	0	0	0	0.317	0.474	0.186	0.951	1.072	0.546	1.174	-0.083	-0.497	-0.576	2.876	"2"
"旅游区"	0	0	0	0	1	0.106	0.158	0.062	0.317	0.357	-0.048	-0.075	-0.028	-0.166	0.447	0.764	"5"
"无疑"	0	0	0	1	0	0.106	0.158	0.062	0.317	0.357	-0.048	-0.075	-0.028	0.499	-0.192	0.842	"4"
"无远弗届"	0	0	0	1	0	0.106	0.158	0.062	0.317	0.357	-0.048	-0.075	-0.028	0.499	-0.192	0.842	"4"
"日方"	0	1	0	0	0	0.106	0.158	0.062	0.317	0.357	-0.048	0.801	-0.028	-0.166	-0.192	1.235	"2"
"日渐"	0	0	0	0	1	0.106	0.158	0.062	0.317	0.357	-0.048	-0.075	-0.028	-0.166	0.447	0.764	"5"
"日用品"	0	0	0	1	0	0.106	0.158	0.062	0.317	0.357	-0.048	-0.075	-0.028	0.499	-0.192	0.842	"4"
"日益"	0	0	0	0	1	0.106	0.158	0.062	0.317	0.357	-0.048	-0.075	-0.028	-0.166	0.447	0.764	"5"
"日程表"	0	0	0	1	0	0.106	0.158	0.062	0.317	0.357	-0.048	-0.075	-0.028	0.499	-0.192	0.842	"4"
"旱情"	0	0	2	0	0	0.211	0.316	0.124	0.634	0.715	-0.097	-0.149	2.415	-0.331	-0.384	3.376	"3"
"时势"	0	0	0	0	1	0.106	0.158	0.062	0.317	0.357	-0.048	-0.075	-0.028	-0.166	0.447	0.764	"5"
"时段"	0	0	0	1	0	0.106	0.158	0.062	0.317	0.357	-0.048	-0.075	-0.028	0.499	-0.192	0.842	"4"
"昆交会"	0	0	0	0	1	0.106	0.158	0.062	0.317	0.357	-0.048	-0.075	-0.028	-0.166	0.447	0.764	"5"
"明显"	0	0	0	0	3	0.317	0.474	0.186	0.951	1.072	-0.145	-0.224	-0.083	-0.497	1.34	2.289	"5"
"明示"	0	0	0	1	0	0.106	0.158	0.062	0.317	0.357	-0.048	-0.075	-0.028	0.499	-0.192	0.842	"4"
"易"	0	0	0	2	0	0.211	0.316	0.124	0.634	0.715	-0.097	-0.149	-0.056	0.998	-0.384	1.684	"4"
"是否"	0	0	0	1	0	0.106	0.158	0.062	0.317	0.357	-0.048	-0.075	-0.028	0.499	-0.192	0.842	"4"
"显现"	0	0	0	0	3	0.317	0.474	0.186	0.951	1.072	-0.145	-0.224	-0.083	-0.497	1.34	2.289	"5"
"显著"	1	0	0	0	1	0.211	0.316	0.124	0.634	0.715	0.699	-0.149	-0.056	-0.331	0.231	1.466	"1"
"智慧"	0	0	0	2	0	0.211	0.316	0.124	0.634	0.715	-0.097	-0.149	-0.056	0.998	-0.384	1.684	"4"
"更"	6	3	2	0	6	1.796	2.686	1.054	5.387	6.077	2.213	0.286	0.546	-2.814	-0.227	6.086	"4"
"更何况"	0	0	0	0	1	0.106	0.158	0.062	0.317	0.357	-0.048	-0.075	-0.028	-0.166	0.447	0.764	"5"
"更加"	2	2	0	0	1	0.528	0.79	0.31	1.584	1.787	1.047	0.745	-0.139	-0.828	-0.383	3.142	"1"
"曾志朗"	0	0	0	1	0	0.106	0.158	0.062	0.317	0.357	-0.048	-0.075	-0.028	0.499	-0.192	0.842	"4"
"替代"	0	0	0	0	2	0.211	0.316	0.124	0.634	0.715	-0.097	-0.149	-0.056	-0.331	0.893	1.526	"5"
"最佳"	0	0	0	0	1	0.106	0.158	0.062	0.317	0.357	-0.048	-0.075	-0.028	-0.166	0.447	0.764	"5"
"最多"	0	0	0	1	0	0.106	0.158	0.062	0.317	0.357	-0.048	-0.075	-0.028	0.499	-0.192	0.842	"4"
"有"	0	0	0	0	4	0.423	0.632	0.248	1.268	1.43	-0.194	-0.299	-0.111	-0.662	1.787	3.053	"5"
"有助"	0	0	0	1	0	0.106	0.158	0.062	0.317	0.357	-0.048	-0.075	-0.028	0.499	-0.192	0.842	"4"
"有待"	0	1	0	0	2	0.317	0.474	0.186	0.951	1.072	-0.145	0.395	-0.083	-0.497	0.535	1.655	"5"
"有效"	1	2	0	1	1	0.528	0.79	0.31	1.584	1.787	0.369	0.745	-0.139	-0.306	-0.383	1.942	"2"
"有的"	0	1	0	1	1	0.317	0.474	0.186	0.951	1.072	-0.145	0.395	-0.083	0.167	-0.15	0.94	"2"
"有趣"	0	0	0	0	1	0.106	0.158	0.062	0.317	0.357	-0.048	-0.075	-0.028	-0.166	0.447	0.764	"5"
"有限"	0	0	0	0	2	0.211	0.316	0.124	0.634	0.715	-0.097	-0.149	-0.056	-0.331	0.893	1.526	"5"
"服"	0	0	0	1	0	0.106	0.158	0.062	0.317	0.357	-0.048	-0.075	-0.028	0.499	-0.192	0.842	"4"
"服务"	0	0	0	6	0	0.634	0.948	0.372	1.901	2.145	-0.291	-0.448	-0.167	2.995	-1.153	5.054	"4"
"朗利"	0	0	0	0	1	0.106	0.158	0.062	0.317	0.357	-0.048	-0.075	-0.028	-0.166	0.447	0.764	"5"
"朱利安尼"	0	0	1	0	0	0.106	0.158	0.062	0.317	0.357	-0.048	-0.075	1.208	-0.166	-0.192	1.689	"3"
"机"	0	0	0	2	0	0.211	0.316	0.124	0.634	0.715	-0.097	-0.149	-0.056	0.998	-0.384	1.684	"4"
"机体"	0	0	0	0	1	0.106	0.158	0.062	0.317	0.357	-0.048	-0.075	-0.028	-0.166	0.447	0.764	"5"
"机制"	0	1	1	0	3	0.528	0.79	0.31	1.584	1.787	-0.242	0.239	0.563	-0.828	0.607	2.479	"4"
"杀菌"	0	0	0	1	0	0.106	0.158	0.062	0.317	0.357	-0.048	-0.075	-0.028	0.499	-0.192	0.842	"4"
"李永乐"	0	0	1	0	0	0.106	0.158	0.062	0.317	0.357	-0.048	-0.075	1.208	-0.166	-0.192	1.689	"3"
"李瑞环"	0	0	0	0	2	0.211	0.316	0.124	0.634	0.715	-0.097	-0.149	-0.056	-0.331	0.893	1.526	"5"
"材"	0	0	0	1	0	0.106	0.158	0.062	0.317	0.357	-0.048	-0.075	-0.028	0.499	-0.192	0.842	"4"
"材料"	0	0	0	1	0	0.106	0.158	0.062	0.317	0.357	-0.048	-0.075	-0.028	0.499	-0.192	0.842	"4"
"材质"	0	0	0	1	0	0.106	0.158	0.062	0.317	0.357	-0.048	-0.075	-0.028	0.499	-0.192	0.842	"4"
"松香油"	0	0	0	1	0	0.106	0.158	0.062	0.317	0.357	-0.048	-0.075	-0.028	0.499	-0.192	0.842	"4"
"极"	0	1	0	0	1	0.211	0.316	0.124	0.634	0.715	-0.097	0.536	-0.056	-0.331	0.231	1.251	"2"
"构筑"	0	0	0	0	1	0.106	0.158	0.062	0.317	0.357	-0.048	-0.075	-0.028	-0.166	0.447	0.764	"5"
"枢纽"	0	0	0	1	0	0.106	0.158	0.062	0.317	0.357	-0.048	-0.075	-0.028	0.499	-0.192	0.842	"4"
"查生"	0	0	0	1	0	0.106	0.158	0.062	0.317	0.357	-0.048	-0.075	-0.028	0.499	-0.192	0.842	"4"
"查询"	0	0	0	1	0	0.106	0.158	0.062	0.317	0.357	-0.048	-0.075	-0.028	0.499	-0.192	0.842	"4"
"核心"	2	1	0	0	8	1.162	1.738	0.682	3.486	3.932	0.486	-0.335	-0.306	-1.821	1.851	4.799	"5"
"核酸"	0	0	0	0	2	0.211	0.316	0.124	0.634	0.715	-0.097	-0.149	-0.056	-0.331	0.893	1.526	"5"
"桥梁"	0	0	0	0	1	0.106	0.158	0.062	0.317	0.357	-0.048	-0.075	-0.028	-0.166	0.447	0.764	"5"
"桥樑"	0	0	0	0	1	0.106	0.158	0.062	0.317	0.357	-0.048	-0.075	-0.028	-0.166	0.447	0.764	"5"
"检视"	0	0	0	1	0	0.106	0.158	0.062	0.317	0.357	-0.048	-0.075	-0.028	0.499	-0.192	0.842	"4"
"森林"	0	0	0	1	0	0.106	0.158	0.062	0.317	0.357	-0.048	-0.075	-0.028	0.499	-0.192	0.842	"4"
"模"	0	0	0	0	1	0.106	0.158	0.062	0.317	0.357	-0.048	-0.075	-0.028	-0.166	0.447	0.764	"5"
"模范"	0	0	0	0	5	0.528	0.79	0.31	1.584	1.787	-0.242	-0.373	-0.139	-0.828	2.234	3.816	"5"
"欧盟"	2	1	0	0	3	0.634	0.948	0.372	1.901	2.145	0.901	0.191	-0.167	-0.993	0.434	2.686	"4"
"正常"	0	0	0	1	1	0.211	0.316	0.124	0.634	0.715	-0.097	-0.149	-0.056	0.273	0.231	0.806	"4"
"正面"	0	0	0	1	0	0.106	0.158	0.062	0.317	0.357	-0.048	-0.075	-0.028	0.499	-0.192	0.842	"4"
"段正坤"	1	0	0	0	0	0.106	0.158	0.062	0.317	0.357	0.976	-0.075	-0.028	-0.166	-0.192	1.437	"1"
"比例尺"	0	0	0	0	1	0.106	0.158	0.062	0.317	0.357	-0.048	-0.075	-0.028	-0.166	0.447	0.764	"5"
"比如"	0	0	0	1	0	0.106	0.158	0.062	0.317	0.357	-0.048	-0.075	-0.028	0.499	-0.192	0.842	"4"
"比费"	0	0	1	0	0	0.106	0.158	0.062	0.317	0.357	-0.048	-0.075	1.208	-0.166	-0.192	1.689	"3"
"民政组"	1	0	0	0	0	0.106	0.158	0.062	0.317	0.357	0.976	-0.075	-0.028	-0.166	-0.192	1.437	"1"
"气压"	0	0	0	0	1	0.106	0.158	0.062	0.317	0.357	-0.048	-0.075	-0.028	-0.166	0.447	0.764	"5"
"气管"	0	0	0	1	0	0.106	0.158	0.062	0.317	0.357	-0.048	-0.075	-0.028	0.499	-0.192	0.842	"4"
"气血"	0	0	0	1	0	0.106	0.158	0.062	0.317	0.357	-0.048	-0.075	-0.028	0.499	-0.192	0.842	"4"
"氧化"	0	0	0	1	0	0.106	0.158	0.062	0.317	0.357	-0.048	-0.075	-0.028	0.499	-0.192	0.842	"4"
"氧化钛"	0	0	0	0	1	0.106	0.158	0.062	0.317	0.357	-0.048	-0.075	-0.028	-0.166	0.447	0.764	"5"
"氨"	0	0	0	1	0	0.106	0.158	0.062	0.317	0.357	-0.048	-0.075	-0.028	0.499	-0.192	0.842	"4"
"水果"	0	0	0	1	0	0.106	0.158	0.062	0.317	0.357	-0.048	-0.075	-0.028	0.499	-0.192	0.842	"4"
"水源"	0	0	0	0	1	0.106	0.158	0.062	0.317	0.357	-0.048	-0.075	-0.028	-0.166	0.447	0.764	"5"
"沙特阿"	0	1	0	0	0	0.106	0.158	0.062	0.317	0.357	-0.048	0.801	-0.028	-0.166	-0.192	1.235	"2"
"沟通"	2	0	0	0	0	0.211	0.316	0.124	0.634	0.715	1.952	-0.149	-0.056	-0.331	-0.384	2.872	"1"
"治疗"	0	0	0	1	2	0.317	0.474	0.186	0.951	1.072	-0.145	-0.224	-0.083	0.167	0.535	1.154	"5"
"沿管"	0	0	0	0	1	0.106	0.158	0.062	0.317	0.357	-0.048	-0.075	-0.028	-0.166	0.447	0.764	"5"
"法德"	1	0	0	0	0	0.106	0.158	0.062	0.317	0.357	0.976	-0.075	-0.028	-0.166	-0.192	1.437	"1"
"法方"	1	0	0	0	0	0.106	0.158	0.062	0.317	0.357	0.976	-0.075	-0.028	-0.166	-0.192	1.437	"1"
"法治"	0	1	0	0	0	0.106	0.158	0.062	0.317	0.357	-0.048	0.801	-0.028	-0.166	-0.192	1.235	"2"
"波兰"	2	1	0	0	1	0.423	0.632	0.248	1.268	1.43	1.237	0.303	-0.111	-0.662	-0.26	2.573	"1"
"波黑所"	1	0	0	0	0	0.106	0.158	0.062	0.317	0.357	0.976	-0.075	-0.028	-0.166	-0.192	1.437	"1"
"注重"	0	0	0	1	0	0.106	0.158	0.062	0.317	0.357	-0.048	-0.075	-0.028	0.499	-0.192	0.842	"4"
"洗手液"	0	0	0	1	0	0.106	0.158	0.062	0.317	0.357	-0.048	-0.075	-0.028	0.499	-0.192	0.842	"4"
"活力"	0	0	0	0	1	0.106	0.158	0.062	0.317	0.357	-0.048	-0.075	-0.028	-0.166	0.447	0.764	"5"
"流感"	0	0	0	1	0	0.106	0.158	0.062	0.317	0.357	-0.048	-0.075	-0.028	0.499	-0.192	0.842	"4"
"测量器"	0	0	0	0	1	0.106	0.158	0.062	0.317	0.357	-0.048	-0.075	-0.028	-0.166	0.447	0.764	"5"
"浏览"	0	0	0	1	0	0.106	0.158	0.062	0.317	0.357	-0.048	-0.075	-0.028	0.499	-0.192	0.842	"4"
"浪"	0	0	0	2	0	0.211	0.316	0.124	0.634	0.715	-0.097	-0.149	-0.056	0.998	-0.384	1.684	"4"
"海域"	0	0	0	0	1	0.106	0.158	0.062	0.317	0.357	-0.048	-0.075	-0.028	-0.166	0.447	0.764	"5"
"海洋"	0	0	0	0	1	0.106	0.158	0.062	0.317	0.357	-0.048	-0.075	-0.028	-0.166	0.447	0.764	"5"
"海狮"	0	1	0	0	0	0.106	0.158	0.062	0.317	0.357	-0.048	0.801	-0.028	-0.166	-0.192	1.235	"2"
"消化"	0	0	0	2	1	0.317	0.474	0.186	0.951	1.072	-0.145	-0.224	-0.083	0.624	-0.15	1.226	"4"
"消毒"	0	0	0	2	0	0.211	0.316	0.124	0.634	0.715	-0.097	-0.149	-0.056	0.998	-0.384	1.684	"4"
"消遣"	0	0	0	0	1	0.106	0.158	0.062	0.317	0.357	-0.048	-0.075	-0.028	-0.166	0.447	0.764	"5"
"涉及到"	0	0	0	1	0	0.106	0.158	0.062	0.317	0.357	-0.048	-0.075	-0.028	0.499	-0.192	0.842	"4"
"润肺"	0	0	0	0	2	0.211	0.316	0.124	0.634	0.715	-0.097	-0.149	-0.056	-0.331	0.893	1.526	"5"
"涵养"	0	0	0	0	1	0.106	0.158	0.062	0.317	0.357	-0.048	-0.075	-0.028	-0.166	0.447	0.764	"5"
"深化"	0	0	0	1	0	0.106	0.158	0.062	0.317	0.357	-0.048	-0.075	-0.028	0.499	-0.192	0.842	"4"
"添加"	0	0	0	0	1	0.106	0.158	0.062	0.317	0.357	-0.048	-0.075	-0.028	-0.166	0.447	0.764	"5"
"清洁"	0	0	0	0	2	0.211	0.316	0.124	0.634	0.715	-0.097	-0.149	-0.056	-0.331	0.893	1.526	"5"
"清算"	0	0	0	1	0	0.106	0.158	0.062	0.317	0.357	-0.048	-0.075	-0.028	0.499	-0.192	0.842	"4"
"清血"	0	0	0	1	0	0.106	0.158	0.062	0.317	0.357	-0.048	-0.075	-0.028	0.499	-0.192	0.842	"4"
"溶解"	0	0	0	1	0	0.106	0.158	0.062	0.317	0.357	-0.048	-0.075	-0.028	0.499	-0.192	0.842	"4"
"滋润"	0	0	0	0	1	0.106	0.158	0.062	0.317	0.357	-0.048	-0.075	-0.028	-0.166	0.447	0.764	"5"
"演化"	0	0	0	1	0	0.106	0.158	0.062	0.317	0.357	-0.048	-0.075	-0.028	0.499	-0.192	0.842	"4"
"潜在"	1	0	0	0	0	0.106	0.158	0.062	0.317	0.357	0.976	-0.075	-0.028	-0.166	-0.192	1.437	"1"
"潜水衣"	0	0	0	0	1	0.106	0.158	0.062	0.317	0.357	-0.048	-0.075	-0.028	-0.166	0.447	0.764	"5"
"潜能力"	0	0	0	1	0	0.106	0.158	0.062	0.317	0.357	-0.048	-0.075	-0.028	0.499	-0.192	0.842	"4"
"激"	0	0	0	0	1	0.106	0.158	0.062	0.317	0.357	-0.048	-0.075	-0.028	-0.166	0.447	0.764	"5"
"激励"	0	0	1	0	1	0.211	0.316	0.124	0.634	0.715	-0.097	-0.149	0.92	-0.331	0.231	1.728	"3"
"激活"	0	0	0	1	0	0.106	0.158	0.062	0.317	0.357	-0.048	-0.075	-0.028	0.499	-0.192	0.842	"4"
"激素"	1	0	0	0	0	0.106	0.158	0.062	0.317	0.357	0.976	-0.075	-0.028	-0.166	-0.192	1.437	"1"
"火山灰"	0	0	0	0	1	0.106	0.158	0.062	0.317	0.357	-0.048	-0.075	-0.028	-0.166	0.447	0.764	"5"
"灭绝"	0	0	0	1	0	0.106	0.158	0.062	0.317	0.357	-0.048	-0.075	-0.028	0.499	-0.192	0.842	"4"
"灾害防救"	0	0	0	1	0	0.106	0.158	0.062	0.317	0.357	-0.048	-0.075	-0.028	0.499	-0.192	0.842	"4"
"炭"	1	0	0	0	0	0.106	0.158	0.062	0.317	0.357	0.976	-0.075	-0.028	-0.166	-0.192	1.437	"1"
"然而"	0	1	0	1	0	0.211	0.316	0.124	0.634	0.715	-0.097	0.536	-0.056	0.273	-0.384	1.346	"2"
"爱普生"	0	0	0	0	1	0.106	0.158	0.062	0.317	0.357	-0.048	-0.075	-0.028	-0.166	0.447	0.764	"5"
"版块"	0	1	0	0	0	0.106	0.158	0.062	0.317	0.357	-0.048	0.801	-0.028	-0.166	-0.192	1.235	"2"
"物件"	0	0	0	1	0	0.106	0.158	0.062	0.317	0.357	-0.048	-0.075	-0.028	0.499	-0.192	0.842	"4"
"牵制"	0	0	0	0	1	0.106	0.158	0.062	0.317	0.357	-0.048	-0.075	-0.028	-0.166	0.447	0.764	"5"
"特异"	0	0	0	3	0	0.317	0.474	0.186	0.951	1.072	-0.145	-0.224	-0.083	1.497	-0.576	2.525	"4"
"特效"	0	0	1	0	0	0.106	0.158	0.062	0.317	0.357	-0.048	-0.075	1.208	-0.166	-0.192	1.689	"3"
"特派员"	0	0	1	0	0	0.106	0.158	0.062	0.317	0.357	-0.048	-0.075	1.208	-0.166	-0.192	1.689	"3"
"特点"	0	0	0	1	0	0.106	0.158	0.062	0.317	0.357	-0.048	-0.075	-0.028	0.499	-0.192	0.842	"4"
"状态"	0	0	0	0	1	0.106	0.158	0.062	0.317	0.357	-0.048	-0.075	-0.028	-0.166	0.447	0.764	"5"
"独特"	0	1	0	1	2	0.423	0.632	0.248	1.268	1.43	-0.194	0.303	-0.111	-0.206	0.347	1.161	"5"
"王在希"	0	0	1	0	0	0.106	0.158	0.062	0.317	0.357	-0.048	-0.075	1.208	-0.166	-0.192	1.689	"3"
"王治郅"	0	0	0	0	1	0.106	0.158	0.062	0.317	0.357	-0.048	-0.075	-0.028	-0.166	0.447	0.764	"5"
"环境"	0	0	0	1	0	0.106	0.158	0.062	0.317	0.357	-0.048	-0.075	-0.028	0.499	-0.192	0.842	"4"
"球星"	0	0	0	0	2	0.211	0.316	0.124	0.634	0.715	-0.097	-0.149	-0.056	-0.331	0.893	1.526	"5"
"理事国"	0	1	0	0	0	0.106	0.158	0.062	0.317	0.357	-0.048	0.801	-0.028	-0.166	-0.192	1.235	"2"
"理应"	0	2	0	0	0	0.211	0.316	0.124	0.634	0.715	-0.097	1.603	-0.056	-0.331	-0.384	2.471	"2"
"理财"	0	0	0	1	0	0.106	0.158	0.062	0.317	0.357	-0.048	-0.075	-0.028	0.499	-0.192	0.842	"4"
"生"	0	0	0	1	0	0.106	0.158	0.062	0.317	0.357	-0.048	-0.075	-0.028	0.499	-0.192	0.842	"4"
"生产力"	1	0	0	1	1	0.317	0.474	0.186	0.951	1.072	0.546	-0.224	-0.083	0.167	-0.15	1.17	"1"
"生力军"	0	0	0	0	1	0.106	0.158	0.062	0.317	0.357	-0.048	-0.075	-0.028	-0.166	0.447	0.764	"5"
"生态"	0	0	0	0	4	0.423	0.632	0.248	1.268	1.43	-0.194	-0.299	-0.111	-0.662	1.787	3.053	"5"
"生态环境"	0	0	0	0	2	0.211	0.316	0.124	0.634	0.715	-0.097	-0.149	-0.056	-0.331	0.893	1.526	"5"
"生殖"	0	0	0	1	0	0.106	0.158	0.062	0.317	0.357	-0.048	-0.075	-0.028	0.499	-0.192	0.842	"4"
"生活"	0	0	0	0	2	0.211	0.316	0.124	0.634	0.715	-0.097	-0.149	-0.056	-0.331	0.893	1.526	"5"
"田鸡"	0	0	0	0	1	0.106	0.158	0.062	0.317	0.357	-0.048	-0.075	-0.028	-0.166	0.447	0.764	"5"
"由此可见"	0	0	0	0	1	0.106	0.158	0.062	0.317	0.357	-0.048	-0.075	-0.028	-0.166	0.447	0.764	"5"
"甲壳虫"	0	0	0	1	0	0.106	0.158	0.062	0.317	0.357	-0.048	-0.075	-0.028	0.499	-0.192	0.842	"4"
"甲级队"	0	0	0	0	1	0.106	0.158	0.062	0.317	0.357	-0.048	-0.075	-0.028	-0.166	0.447	0.764	"5"
"电化"	0	1	0	0	0	0.106	0.158	0.062	0.317	0.357	-0.048	0.801	-0.028	-0.166	-0.192	1.235	"2"
"电子"	0	0	0	5	0	0.528	0.79	0.31	1.584	1.787	-0.242	-0.373	-0.139	2.495	-0.961	4.21	"4"
"电子科"	0	0	0	1	0	0.106	0.158	0.062	0.317	0.357	-0.048	-0.075	-0.028	0.499	-0.192	0.842	"4"
"电子表"	0	0	0	1	0	0.106	0.158	0.062	0.317	0.357	-0.048	-0.075	-0.028	0.499	-0.192	0.842	"4"
"电池"	0	0	0	1	0	0.106	0.158	0.062	0.317	0.357	-0.048	-0.075	-0.028	0.499	-0.192	0.842	"4"
"电磁波"	0	0	0	1	0	0.106	0.158	0.062	0.317	0.357	-0.048	-0.075	-0.028	0.499	-0.192	0.842	"4"
"电脑"	0	0	0	4	0	0.423	0.632	0.248	1.268	1.43	-0.194	-0.299	-0.111	1.996	-0.768	3.368	"4"
"电话"	0	0	0	0	1	0.106	0.158	0.062	0.317	0.357	-0.048	-0.075	-0.028	-0.166	0.447	0.764	"5"
"男性"	0	0	0	1	0	0.106	0.158	0.062	0.317	0.357	-0.048	-0.075	-0.028	0.499	-0.192	0.842	"4"
"畜牧"	0	0	0	0	1	0.106	0.158	0.062	0.317	0.357	-0.048	-0.075	-0.028	-0.166	0.447	0.764	"5"
"疗效"	0	0	0	0	1	0.106	0.158	0.062	0.317	0.357	-0.048	-0.075	-0.028	-0.166	0.447	0.764	"5"
"疗法"	0	0	0	1	0	0.106	0.158	0.062	0.317	0.357	-0.048	-0.075	-0.028	0.499	-0.192	0.842	"4"
"疽"	1	0	0	0	0	0.106	0.158	0.062	0.317	0.357	0.976	-0.075	-0.028	-0.166	-0.192	1.437	"1"
"疾病"	0	0	0	2	1	0.317	0.474	0.186	0.951	1.072	-0.145	-0.224	-0.083	0.624	-0.15	1.226	"4"
"病患"	0	0	0	1	0	0.106	0.158	0.062	0.317	0.357	-0.048	-0.075	-0.028	0.499	-0.192	0.842	"4"
"病症"	0	0	0	1	0	0.106	0.158	0.062	0.317	0.357	-0.048	-0.075	-0.028	0.499	-0.192	0.842	"4"
"皮层"	0	0	0	1	0	0.106	0.158	0.062	0.317	0.357	-0.048	-0.075	-0.028	0.499	-0.192	0.842	"4"
"皮肤"	0	0	0	1	0	0.106	0.158	0.062	0.317	0.357	-0.048	-0.075	-0.028	0.499	-0.192	0.842	"4"
"益"	0	0	0	0	1	0.106	0.158	0.062	0.317	0.357	-0.048	-0.075	-0.028	-0.166	0.447	0.764	"5"
"益宝多"	0	0	0	1	0	0.106	0.158	0.062	0.317	0.357	-0.048	-0.075	-0.028	0.499	-0.192	0.842	"4"
"监督"	1	1	1	1	2	0.634	0.948	0.372	1.901	2.145	0.311	0.191	0.496	-0.415	-0.199	1.612	"3"
"相互"	0	0	0	0	3	0.317	0.474	0.186	0.951	1.072	-0.145	-0.224	-0.083	-0.497	1.34	2.289	"5"
"相同"	0	0	0	0	1	0.106	0.158	0.062	0.317	0.357	-0.048	-0.075	-0.028	-0.166	0.447	0.764	"5"
"相当"	0	0	0	0	1	0.106	0.158	0.062	0.317	0.357	-0.048	-0.075	-0.028	-0.166	0.447	0.764	"5"
"相成相辅"	0	0	0	0	1	0.106	0.158	0.062	0.317	0.357	-0.048	-0.075	-0.028	-0.166	0.447	0.764	"5"
"相机"	0	0	0	1	0	0.106	0.158	0.062	0.317	0.357	-0.048	-0.075	-0.028	0.499	-0.192	0.842	"4"
"相辅相成"	0	1	0	0	0	0.106	0.158	0.062	0.317	0.357	-0.048	0.801	-0.028	-0.166	-0.192	1.235	"2"
"省府"	0	0	0	1	0	0.106	0.158	0.062	0.317	0.357	-0.048	-0.075	-0.028	0.499	-0.192	0.842	"4"
"省政府"	1	0	0	0	0	0.106	0.158	0.062	0.317	0.357	0.976	-0.075	-0.028	-0.166	-0.192	1.437	"1"
"真正"	0	1	0	0	1	0.211	0.316	0.124	0.634	0.715	-0.097	0.536	-0.056	-0.331	0.231	1.251	"2"
"眼镜"	0	0	0	0	1	0.106	0.158	0.062	0.317	0.357	-0.048	-0.075	-0.028	-0.166	0.447	0.764	"5"
"着"	2	0	1	0	7	1.056	1.58	0.62	3.169	3.575	0.544	-0.747	0.325	-1.655	1.532	4.803	"4"
"睾丸"	0	0	0	1	0	0.106	0.158	0.062	0.317	0.357	-0.048	-0.075	-0.028	0.499	-0.192	0.842	"4"
"石榴"	0	0	0	0	2	0.211	0.316	0.124	0.634	0.715	-0.097	-0.149	-0.056	-0.331	0.893	1.526	"5"
"研究"	0	0	1	4	0	0.528	0.79	0.31	1.584	1.787	-0.242	-0.373	0.563	1.424	-0.961	3.563	"4"
"破坏"	0	0	0	1	2	0.317	0.474	0.186	0.951	1.072	-0.145	-0.224	-0.083	0.167	0.535	1.154	"5"
"磁波"	0	0	0	1	0	0.106	0.158	0.062	0.317	0.357	-0.048	-0.075	-0.028	0.499	-0.192	0.842	"4"
"示范"	1	0	2	1	0	0.423	0.632	0.248	1.268	1.43	0.443	-0.299	1.674	-0.206	-0.768	3.39	"3"
"社会主义法"	0	1	0	0	0	0.106	0.158	0.062	0.317	0.357	-0.048	0.801	-0.028	-0.166	-0.192	1.235	"2"
"社区"	0	0	0	0	2	0.211	0.316	0.124	0.634	0.715	-0.097	-0.149	-0.056	-0.331	0.893	1.526	"5"
"祖卢埃塔"	0	0	0	0	1	0.106	0.158	0.062	0.317	0.357	-0.048	-0.075	-0.028	-0.166	0.447	0.764	"5"
"祛湿"	0	0	0	0	1	0.106	0.158	0.062	0.317	0.357	-0.048	-0.075	-0.028	-0.166	0.447	0.764	"5"
"神奇"	0	0	0	1	0	0.106	0.158	0.062	0.317	0.357	-0.048	-0.075	-0.028	0.499	-0.192	0.842	"4"
"神明"	0	0	0	1	0	0.106	0.158	0.062	0.317	0.357	-0.048	-0.075	-0.028	0.499	-0.192	0.842	"4"
"神经"	0	0	0	2	0	0.211	0.316	0.124	0.634	0.715	-0.097	-0.149	-0.056	0.998	-0.384	1.684	"4"
"神经系"	0	0	0	2	0	0.211	0.316	0.124	0.634	0.715	-0.097	-0.149	-0.056	0.998	-0.384	1.684	"4"
"离不开"	0	0	0	0	1	0.106	0.158	0.062	0.317	0.357	-0.048	-0.075	-0.028	-0.166	0.447	0.764	"5"
"种"	0	0	0	10	0	1.056	1.58	0.62	3.169	3.575	-0.485	-0.747	-0.278	4.991	-1.921	8.422	"4"
"科技界"	0	1	0	0	0	0.106	0.158	0.062	0.317	0.357	-0.048	0.801	-0.028	-0.166	-0.192	1.235	"2"
"积极"	7	5	2	0	6	2.113	3.16	1.24	6.338	7.15	2.486	0.702	0.451	-3.31	-0.41	7.359	"4"
"积级"	0	0	1	0	0	0.106	0.158	0.062	0.317	0.357	-0.048	-0.075	1.208	-0.166	-0.192	1.689	"3"
"称"	0	0	0	1	0	0.106	0.158	0.062	0.317	0.357	-0.048	-0.075	-0.028	0.499	-0.192	0.842	"4"
"称为"	0	0	0	1	0	0.106	0.158	0.062	0.317	0.357	-0.048	-0.075	-0.028	0.499	-0.192	0.842	"4"
"稳定"	0	1	0	2	0	0.317	0.474	0.186	0.951	1.072	-0.145	0.395	-0.083	0.624	-0.576	1.823	"4"
"稽查"	0	1	0	0	0	0.106	0.158	0.062	0.317	0.357	-0.048	0.801	-0.028	-0.166	-0.192	1.235	"2"
"究"	0	0	0	1	0	0.106	0.158	0.062	0.317	0.357	-0.048	-0.075	-0.028	0.499	-0.192	0.842	"4"
"突出"	0	0	0	0	1	0.106	0.158	0.062	0.317	0.357	-0.048	-0.075	-0.028	-0.166	0.447	0.764	"5"
"笔记"	0	0	0	1	0	0.106	0.158	0.062	0.317	0.357	-0.048	-0.075	-0.028	0.499	-0.192	0.842	"4"
"等"	0	0	0	15	1	1.69	2.528	0.992	5.07	5.72	-0.776	-1.195	-0.445	6.435	-2.078	10.929	"4"
"简易"	0	0	0	1	0	0.106	0.158	0.062	0.317	0.357	-0.048	-0.075	-0.028	0.499	-0.192	0.842	"4"
"管理"	0	0	0	1	1	0.211	0.316	0.124	0.634	0.715	-0.097	-0.149	-0.056	0.273	0.231	0.806	"4"
"管考"	0	0	0	0	1	0.106	0.158	0.062	0.317	0.357	-0.048	-0.075	-0.028	-0.166	0.447	0.764	"5"
"类似"	0	0	0	1	0	0.106	0.158	0.062	0.317	0.357	-0.048	-0.075	-0.028	0.499	-0.192	0.842	"4"
"精油"	0	0	0	1	0	0.106	0.158	0.062	0.317	0.357	-0.048	-0.075	-0.028	0.499	-0.192	0.842	"4"
"精神文明"	0	0	0	0	1	0.106	0.158	0.062	0.317	0.357	-0.048	-0.075	-0.028	-0.166	0.447	0.764	"5"
"精简"	0	0	0	0	1	0.106	0.158	0.062	0.317	0.357	-0.048	-0.075	-0.028	-0.166	0.447	0.764	"5"
"系统"	0	0	0	8	2	1.056	1.58	0.62	3.169	3.575	-0.485	-0.747	-0.278	2.626	-0.61	4.746	"4"
"素"	0	1	0	1	0	0.211	0.316	0.124	0.634	0.715	-0.097	0.536	-0.056	0.273	-0.384	1.346	"2"
"繁荣"	0	1	0	0	0	0.106	0.158	0.062	0.317	0.357	-0.048	0.801	-0.028	-0.166	-0.192	1.235	"2"
"红外线"	0	0	0	0	1	0.106	0.158	0.062	0.317	0.357	-0.048	-0.075	-0.028	-0.166	0.447	0.764	"5"
"红日牌"	0	0	0	1	0	0.106	0.158	0.062	0.317	0.357	-0.048	-0.075	-0.028	0.499	-0.192	0.842	"4"
"纤"	0	0	0	1	0	0.106	0.158	0.062	0.317	0.357	-0.048	-0.075	-0.028	0.499	-0.192	0.842	"4"
"纤体"	0	0	0	1	0	0.106	0.158	0.062	0.317	0.357	-0.048	-0.075	-0.028	0.499	-0.192	0.842	"4"
"约束"	0	0	0	0	1	0.106	0.158	0.062	0.317	0.357	-0.048	-0.075	-0.028	-0.166	0.447	0.764	"5"
"纽"	0	0	0	1	0	0.106	0.158	0.062	0.317	0.357	-0.048	-0.075	-0.028	0.499	-0.192	0.842	"4"
"纽带"	0	0	0	0	1	0.106	0.158	0.062	0.317	0.357	-0.048	-0.075	-0.028	-0.166	0.447	0.764	"5"
"线上"	0	0	0	1	0	0.106	0.158	0.062	0.317	0.357	-0.048	-0.075	-0.028	0.499	-0.192	0.842	"4"
"细胞"	0	0	0	4	0	0.423	0.632	0.248	1.268	1.43	-0.194	-0.299	-0.111	1.996	-0.768	3.368	"4"
"细菌"	0	0	0	1	0	0.106	0.158	0.062	0.317	0.357	-0.048	-0.075	-0.028	0.499	-0.192	0.842	"4"
"结发"	0	0	0	0	1	0.106	0.158	0.062	0.317	0.357	-0.048	-0.075	-0.028	-0.166	0.447	0.764	"5"
"结合"	0	0	0	2	0	0.211	0.316	0.124	0.634	0.715	-0.097	-0.149	-0.056	0.998	-0.384	1.684	"4"
"结合起来"	0	0	0	0	1	0.106	0.158	0.062	0.317	0.357	-0.048	-0.075	-0.028	-0.166	0.447	0.764	"5"
"结构"	0	0	0	2	1	0.317	0.474	0.186	0.951	1.072	-0.145	-0.224	-0.083	0.624	-0.15	1.226	"4"
"统"	0	0	0	1	0	0.106	0.158	0.062	0.317	0.357	-0.048	-0.075	-0.028	0.499	-0.192	0.842	"4"
"统一"	2	1	0	0	0	0.317	0.474	0.186	0.951	1.072	1.507	0.395	-0.083	-0.497	-0.576	3.058	"1"
"维和"	1	0	0	0	0	0.106	0.158	0.062	0.317	0.357	0.976	-0.075	-0.028	-0.166	-0.192	1.437	"1"
"维护"	1	2	0	0	4	0.739	1.106	0.434	2.218	2.502	0.266	0.514	-0.195	-1.159	0.673	2.807	"4"
"维持"	0	0	0	1	1	0.211	0.316	0.124	0.634	0.715	-0.097	-0.149	-0.056	0.273	0.231	0.806	"4"
"维生"	0	0	0	0	1	0.106	0.158	0.062	0.317	0.357	-0.048	-0.075	-0.028	-0.166	0.447	0.764	"5"
"绿藻"	0	0	0	1	0	0.106	0.158	0.062	0.317	0.357	-0.048	-0.075	-0.028	0.499	-0.192	0.842	"4"
"缓解"	0	0	1	0	3	0.423	0.632	0.248	1.268	1.43	-0.194	-0.299	0.646	-0.662	0.874	2.675	"5"
"编制"	0	0	0	0	1	0.106	0.158	0.062	0.317	0.357	-0.048	-0.075	-0.028	-0.166	0.447	0.764	"5"
"缩短"	0	0	0	0	2	0.211	0.316	0.124	0.634	0.715	-0.097	-0.149	-0.056	-0.331	0.893	1.526	"5"
"网"	0	0	0	1	0	0.106	0.158	0.062	0.317	0.357	-0.048	-0.075	-0.028	0.499	-0.192	0.842	"4"
"网站"	0	0	0	2	0	0.211	0.316	0.124	0.634	0.715	-0.097	-0.149	-0.056	0.998	-0.384	1.684	"4"
"网络"	0	0	0	6	0	0.634	0.948	0.372	1.901	2.145	-0.291	-0.448	-0.167	2.995	-1.153	5.054	"4"
"网路"	0	0	0	1	0	0.106	0.158	0.062	0.317	0.357	-0.048	-0.075	-0.028	0.499	-0.192	0.842	"4"
"网页"	0	0	0	2	0	0.211	0.316	0.124	0.634	0.715	-0.097	-0.149	-0.056	0.998	-0.384	1.684	"4"
"美英"	0	0	0	0	2	0.211	0.316	0.124	0.634	0.715	-0.097	-0.149	-0.056	-0.331	0.893	1.526	"5"
"翔实"	0	0	0	1	0	0.106	0.158	0.062	0.317	0.357	-0.048	-0.075	-0.028	0.499	-0.192	0.842	"4"
"老化"	0	0	0	1	0	0.106	0.158	0.062	0.317	0.357	-0.048	-0.075	-0.028	0.499	-0.192	0.842	"4"
"老区"	0	0	1	0	0	0.106	0.158	0.062	0.317	0.357	-0.048	-0.075	1.208	-0.166	-0.192	1.689	"3"
"老年"	0	0	0	1	0	0.106	0.158	0.062	0.317	0.357	-0.048	-0.075	-0.028	0.499	-0.192	0.842	"4"
"老牌"	0	1	0	0	0	0.106	0.158	0.062	0.317	0.357	-0.048	0.801	-0.028	-0.166	-0.192	1.235	"2"
"而且"	0	0	0	1	0	0.106	0.158	0.062	0.317	0.357	-0.048	-0.075	-0.028	0.499	-0.192	0.842	"4"
"职工权"	0	0	0	0	1	0.106	0.158	0.062	0.317	0.357	-0.048	-0.075	-0.028	-0.166	0.447	0.764	"5"
"职能"	0	1	0	0	0	0.106	0.158	0.062	0.317	0.357	-0.048	0.801	-0.028	-0.166	-0.192	1.235	"2"
"联合国"	9	19	0	0	13	4.331	6.478	2.541	12.993	14.657	1.602	5.382	-1.139	-6.786	-0.446	15.355	"4"
"联想"	1	0	0	0	0	0.106	0.158	0.062	0.317	0.357	0.976	-0.075	-0.028	-0.166	-0.192	1.437	"1"
"联网"	0	0	0	1	0	0.106	0.158	0.062	0.317	0.357	-0.048	-0.075	-0.028	0.499	-0.192	0.842	"4"
"聚合物"	0	0	0	0	1	0.106	0.158	0.062	0.317	0.357	-0.048	-0.075	-0.028	-0.166	0.447	0.764	"5"
"聚拢"	0	0	0	0	1	0.106	0.158	0.062	0.317	0.357	-0.048	-0.075	-0.028	-0.166	0.447	0.764	"5"
"肌肉"	0	0	0	1	0	0.106	0.158	0.062	0.317	0.357	-0.048	-0.075	-0.028	0.499	-0.192	0.842	"4"
"肝"	0	0	0	2	0	0.211	0.316	0.124	0.634	0.715	-0.097	-0.149	-0.056	0.998	-0.384	1.684	"4"
"肝脏"	0	0	0	1	0	0.106	0.158	0.062	0.317	0.357	-0.048	-0.075	-0.028	0.499	-0.192	0.842	"4"
"肠"	0	0	0	1	0	0.106	0.158	0.062	0.317	0.357	-0.048	-0.075	-0.028	0.499	-0.192	0.842	"4"
"肠胃"	0	0	0	1	0	0.106	0.158	0.062	0.317	0.357	-0.048	-0.075	-0.028	0.499	-0.192	0.842	"4"
"股本"	0	0	0	0	1	0.106	0.158	0.062	0.317	0.357	-0.048	-0.075	-0.028	-0.166	0.447	0.764	"5"
"肤"	0	0	0	0	1	0.106	0.158	0.062	0.317	0.357	-0.048	-0.075	-0.028	-0.166	0.447	0.764	"5"
"肩负起"	0	1	0	0	0	0.106	0.158	0.062	0.317	0.357	-0.048	0.801	-0.028	-0.166	-0.192	1.235	"2"
"肺"	0	0	0	1	0	0.106	0.158	0.062	0.317	0.357	-0.048	-0.075	-0.028	0.499	-0.192	0.842	"4"
"肺活量"	0	0	0	1	0	0.106	0.158	0.062	0.317	0.357	-0.048	-0.075	-0.028	0.499	-0.192	0.842	"4"
"肾脏"	0	0	0	1	0	0.106	0.158	0.062	0.317	0.357	-0.048	-0.075	-0.028	0.499	-0.192	0.842	"4"
"胃溃疡"	0	0	0	1	0	0.106	0.158	0.062	0.317	0.357	-0.048	-0.075	-0.028	0.499	-0.192	0.842	"4"
"胆固醇"	0	0	0	1	0	0.106	0.158	0.062	0.317	0.357	-0.048	-0.075	-0.028	0.499	-0.192	0.842	"4"
"胜选"	0	0	0	0	2	0.211	0.316	0.124	0.634	0.715	-0.097	-0.149	-0.056	-0.331	0.893	1.526	"5"
"胡萝卜"	0	0	0	1	0	0.106	0.158	0.062	0.317	0.357	-0.048	-0.075	-0.028	0.499	-0.192	0.842	"4"
"胶原蛋白"	0	0	0	1	0	0.106	0.158	0.062	0.317	0.357	-0.048	-0.075	-0.028	0.499	-0.192	0.842	"4"
"能"	0	0	0	1	0	0.106	0.158	0.062	0.317	0.357	-0.048	-0.075	-0.028	0.499	-0.192	0.842	"4"
"脏腑"	0	0	0	1	0	0.106	0.158	0.062	0.317	0.357	-0.048	-0.075	-0.028	0.499	-0.192	0.842	"4"
"脑"	0	0	0	3	0	0.317	0.474	0.186	0.951	1.072	-0.145	-0.224	-0.083	1.497	-0.576	2.525	"4"
"脑血管病"	0	0	0	0	1	0.106	0.158	0.062	0.317	0.357	-0.048	-0.075	-0.028	-0.166	0.447	0.764	"5"
"脑部"	0	0	0	2	0	0.211	0.316	0.124	0.634	0.715	-0.097	-0.149	-0.056	0.998	-0.384	1.684	"4"
"脚"	0	0	0	1	0	0.106	0.158	0.062	0.317	0.357	-0.048	-0.075	-0.028	0.499	-0.192	0.842	"4"
"腐蚀"	0	0	0	0	1	0.106	0.158	0.062	0.317	0.357	-0.048	-0.075	-0.028	-0.166	0.447	0.764	"5"
"腿型"	0	0	0	1	0	0.106	0.158	0.062	0.317	0.357	-0.048	-0.075	-0.028	0.499	-0.192	0.842	"4"
"膨胀"	0	0	0	0	1	0.106	0.158	0.062	0.317	0.357	-0.048	-0.075	-0.028	-0.166	0.447	0.764	"5"
"自利"	0	0	0	0	1	0.106	0.158	0.062	0.317	0.357	-0.048	-0.075	-0.028	-0.166	0.447	0.764	"5"
"自古"	0	0	0	1	0	0.106	0.158	0.062	0.317	0.357	-0.048	-0.075	-0.028	0.499	-0.192	0.842	"4"
"自律"	0	0	0	0	1	0.106	0.158	0.062	0.317	0.357	-0.048	-0.075	-0.028	-0.166	0.447	0.764	"5"
"自我"	0	0	0	2	0	0.211	0.316	0.124	0.634	0.715	-0.097	-0.149	-0.056	0.998	-0.384	1.684	"4"
"自然"	0	0	0	1	0	0.106	0.158	0.062	0.317	0.357	-0.048	-0.075	-0.028	0.499	-0.192	0.842	"4"
"自身"	0	0	0	1	0	0.106	0.158	0.062	0.317	0.357	-0.048	-0.075	-0.028	0.499	-0.192	0.842	"4"
"至关"	0	0	2	0	1	0.317	0.474	0.186	0.951	1.072	-0.145	-0.224	1.957	-0.497	-0.15	2.973	"3"
"舍甫琴科"	0	0	0	0	1	0.106	0.158	0.062	0.317	0.357	-0.048	-0.075	-0.028	-0.166	0.447	0.764	"5"
"舞台"	0	1	0	0	0	0.106	0.158	0.062	0.317	0.357	-0.048	0.801	-0.028	-0.166	-0.192	1.235	"2"
"良好"	1	0	1	0	1	0.317	0.474	0.186	0.951	1.072	0.546	-0.224	0.758	-0.497	-0.15	2.175	"3"
"色"	0	0	0	1	0	0.106	0.158	0.062	0.317	0.357	-0.048	-0.075	-0.028	0.499	-0.192	0.842	"4"
"芭蕾舞"	0	0	0	0	1	0.106	0.158	0.062	0.317	0.357	-0.048	-0.075	-0.028	-0.166	0.447	0.764	"5"
"茶楼"	0	0	0	0	1	0.106	0.158	0.062	0.317	0.357	-0.048	-0.075	-0.028	-0.166	0.447	0.764	"5"
"草莓"	0	0	0	2	0	0.211	0.316	0.124	0.634	0.715	-0.097	-0.149	-0.056	0.998	-0.384	1.684	"4"
"药物"	0	0	0	3	0	0.317	0.474	0.186	0.951	1.072	-0.145	-0.224	-0.083	1.497	-0.576	2.525	"4"
"药皂"	0	0	0	1	0	0.106	0.158	0.062	0.317	0.357	-0.048	-0.075	-0.028	0.499	-0.192	0.842	"4"
"莫斯科"	0	0	0	0	1	0.106	0.158	0.062	0.317	0.357	-0.048	-0.075	-0.028	-0.166	0.447	0.764	"5"
"莲花"	0	0	0	0	1	0.106	0.158	0.062	0.317	0.357	-0.048	-0.075	-0.028	-0.166	0.447	0.764	"5"
"萤幕"	0	0	0	1	0	0.106	0.158	0.062	0.317	0.357	-0.048	-0.075	-0.028	0.499	-0.192	0.842	"4"
"营养"	0	0	0	1	0	0.106	0.158	0.062	0.317	0.357	-0.048	-0.075	-0.028	0.499	-0.192	0.842	"4"
"蒸发"	0	0	0	0	1	0.106	0.158	0.062	0.317	0.357	-0.048	-0.075	-0.028	-0.166	0.447	0.764	"5"
"蒸汽"	0	0	0	0	1	0.106	0.158	0.062	0.317	0.357	-0.048	-0.075	-0.028	-0.166	0.447	0.764	"5"
"蓝藻"	0	0	0	1	0	0.106	0.158	0.062	0.317	0.357	-0.048	-0.075	-0.028	0.499	-0.192	0.842	"4"
"虚报"	0	0	0	1	0	0.106	0.158	0.062	0.317	0.357	-0.048	-0.075	-0.028	0.499	-0.192	0.842	"4"
"蛀牙"	0	0	0	0	1	0.106	0.158	0.062	0.317	0.357	-0.048	-0.075	-0.028	-0.166	0.447	0.764	"5"
"蛇类"	0	0	0	0	1	0.106	0.158	0.062	0.317	0.357	-0.048	-0.075	-0.028	-0.166	0.447	0.764	"5"
"蛋白"	0	0	0	0	2	0.211	0.316	0.124	0.634	0.715	-0.097	-0.149	-0.056	-0.331	0.893	1.526	"5"
"蛋白质"	0	0	0	4	0	0.423	0.632	0.248	1.268	1.43	-0.194	-0.299	-0.111	1.996	-0.768	3.368	"4"
"血小板"	0	0	0	1	0	0.106	0.158	0.062	0.317	0.357	-0.048	-0.075	-0.028	0.499	-0.192	0.842	"4"
"血液"	0	0	0	2	0	0.211	0.316	0.124	0.634	0.715	-0.097	-0.149	-0.056	0.998	-0.384	1.684	"4"
"血管"	0	0	0	1	0	0.106	0.158	0.062	0.317	0.357	-0.048	-0.075	-0.028	0.499	-0.192	0.842	"4"
"行车"	0	0	0	1	0	0.106	0.158	0.062	0.317	0.357	-0.048	-0.075	-0.028	0.499	-0.192	0.842	"4"
"补充"	0	0	1	0	0	0.106	0.158	0.062	0.317	0.357	-0.048	-0.075	1.208	-0.166	-0.192	1.689	"3"
"补血"	0	0	0	1	0	0.106	0.158	0.062	0.317	0.357	-0.048	-0.075	-0.028	0.499	-0.192	0.842	"4"
"表率"	0	1	0	0	3	0.423	0.632	0.248	1.268	1.43	-0.194	0.303	-0.111	-0.662	0.874	2.144	"5"
"衰老"	0	0	0	1	0	0.106	0.158	0.062	0.317	0.357	-0.048	-0.075	-0.028	0.499	-0.192	0.842	"4"
"衰退"	0	0	0	3	0	0.317	0.474	0.186	0.951	1.072	-0.145	-0.224	-0.083	1.497	-0.576	2.525	"4"
"装置"	0	0	0	1	0	0.106	0.158	0.062	0.317	0.357	-0.048	-0.075	-0.028	0.499	-0.192	0.842	"4"
"要"	0	0	0	0	1	0.106	0.158	0.062	0.317	0.357	-0.048	-0.075	-0.028	-0.166	0.447	0.764	"5"
"规"	0	0	0	0	1	0.106	0.158	0.062	0.317	0.357	-0.048	-0.075	-0.028	-0.166	0.447	0.764	"5"
"规格"	0	0	0	1	0	0.106	0.158	0.062	0.317	0.357	-0.048	-0.075	-0.028	0.499	-0.192	0.842	"4"
"视障"	0	0	0	1	0	0.106	0.158	0.062	0.317	0.357	-0.048	-0.075	-0.028	0.499	-0.192	0.842	"4"
"角色"	0	0	0	0	1	0.106	0.158	0.062	0.317	0.357	-0.048	-0.075	-0.028	-0.166	0.447	0.764	"5"
"解毒"	0	0	0	1	0	0.106	0.158	0.062	0.317	0.357	-0.048	-0.075	-0.028	0.499	-0.192	0.842	"4"
"警惕"	0	0	0	0	1	0.106	0.158	0.062	0.317	0.357	-0.048	-0.075	-0.028	-0.166	0.447	0.764	"5"
"计算"	0	0	0	1	0	0.106	0.158	0.062	0.317	0.357	-0.048	-0.075	-0.028	0.499	-0.192	0.842	"4"
"订货会"	0	0	0	0	1	0.106	0.158	0.062	0.317	0.357	-0.048	-0.075	-0.028	-0.166	0.447	0.764	"5"
"认知"	0	0	0	1	0	0.106	0.158	0.062	0.317	0.357	-0.048	-0.075	-0.028	0.499	-0.192	0.842	"4"
"认识"	0	0	0	0	2	0.211	0.316	0.124	0.634	0.715	-0.097	-0.149	-0.056	-0.331	0.893	1.526	"5"
"许舒博"	0	0	0	0	1	0.106	0.158	0.062	0.317	0.357	-0.048	-0.075	-0.028	-0.166	0.447	0.764	"5"
"设备"	0	0	0	1	0	0.106	0.158	0.062	0.317	0.357	-0.048	-0.075	-0.028	0.499	-0.192	0.842	"4"
"设施"	0	0	0	2	0	0.211	0.316	0.124	0.634	0.715	-0.097	-0.149	-0.056	0.998	-0.384	1.684	"4"
"设计"	0	0	0	3	0	0.317	0.474	0.186	0.951	1.072	-0.145	-0.224	-0.083	1.497	-0.576	2.525	"4"
"评价"	2	0	0	0	2	0.423	0.632	0.248	1.268	1.43	1.237	-0.299	-0.111	-0.662	0.347	2.656	"1"
"试用"	0	0	0	1	0	0.106	0.158	0.062	0.317	0.357	-0.048	-0.075	-0.028	0.499	-0.192	0.842	"4"
"语言"	0	0	0	2	0	0.211	0.316	0.124	0.634	0.715	-0.097	-0.149	-0.056	0.998	-0.384	1.684	"4"
"调控"	0	0	0	0	2	0.211	0.316	0.124	0.634	0.715	-0.097	-0.149	-0.056	-0.331	0.893	1.526	"5"
"调整"	0	0	0	4	0	0.423	0.632	0.248	1.268	1.43	-0.194	-0.299	-0.111	1.996	-0.768	3.368	"4"
"调节"	0	0	0	0	2	0.211	0.316	0.124	0.634	0.715	-0.097	-0.149	-0.056	-0.331	0.893	1.526	"5"
"负面"	0	0	0	0	2	0.211	0.316	0.124	0.634	0.715	-0.097	-0.149	-0.056	-0.331	0.893	1.526	"5"
"质量"	0	0	0	1	0	0.106	0.158	0.062	0.317	0.357	-0.048	-0.075	-0.028	0.499	-0.192	0.842	"4"
"贯穿"	0	0	0	0	1	0.106	0.158	0.062	0.317	0.357	-0.048	-0.075	-0.028	-0.166	0.447	0.764	"5"
"贺国强"	0	1	0	0	0	0.106	0.158	0.062	0.317	0.357	-0.048	0.801	-0.028	-0.166	-0.192	1.235	"2"
"赛道"	0	0	1	0	0	0.106	0.158	0.062	0.317	0.357	-0.048	-0.075	1.208	-0.166	-0.192	1.689	"3"
"起"	0	0	0	0	22	2.324	3.476	1.364	6.972	7.865	-1.067	-1.643	-0.611	-3.641	9.828	16.79	"5"
"起不了"	0	0	0	0	2	0.211	0.316	0.124	0.634	0.715	-0.097	-0.149	-0.056	-0.331	0.893	1.526	"5"
"起到"	0	0	33	0	1	3.591	5.372	2.107	10.774	12.155	-1.648	-2.54	38.351	-5.627	-5.233	53.399	"3"
"起着"	0	0	0	0	1	0.106	0.158	0.062	0.317	0.357	-0.048	-0.075	-0.028	-0.166	0.447	0.764	"5"
"超级"	0	0	0	1	0	0.106	0.158	0.062	0.317	0.357	-0.048	-0.075	-0.028	0.499	-0.192	0.842	"4"
"越来越"	2	0	0	1	2	0.528	0.79	0.31	1.584	1.787	1.047	-0.373	-0.139	-0.306	0.232	2.097	"1"
"距离"	0	0	0	0	2	0.211	0.316	0.124	0.634	0.715	-0.097	-0.149	-0.056	-0.331	0.893	1.526	"5"
"身体"	0	0	0	5	0	0.528	0.79	0.31	1.584	1.787	-0.242	-0.373	-0.139	2.495	-0.961	4.21	"4"
"躯体"	0	0	0	1	0	0.106	0.158	0.062	0.317	0.357	-0.048	-0.075	-0.028	0.499	-0.192	0.842	"4"
"转向"	0	0	0	1	0	0.106	0.158	0.062	0.317	0.357	-0.048	-0.075	-0.028	0.499	-0.192	0.842	"4"
"转换"	0	0	0	1	0	0.106	0.158	0.062	0.317	0.357	-0.048	-0.075	-0.028	0.499	-0.192	0.842	"4"
"软体"	0	0	0	0	1	0.106	0.158	0.062	0.317	0.357	-0.048	-0.075	-0.028	-0.166	0.447	0.764	"5"
"软硬体"	0	0	0	1	0	0.106	0.158	0.062	0.317	0.357	-0.048	-0.075	-0.028	0.499	-0.192	0.842	"4"
"轴心"	1	0	0	0	1	0.211	0.316	0.124	0.634	0.715	0.699	-0.149	-0.056	-0.331	0.231	1.466	"1"
"辅助"	0	0	0	0	1	0.106	0.158	0.062	0.317	0.357	-0.048	-0.075	-0.028	-0.166	0.447	0.764	"5"
"辐射"	1	0	0	0	1	0.211	0.316	0.124	0.634	0.715	0.699	-0.149	-0.056	-0.331	0.231	1.466	"1"
"辞典"	0	0	0	1	0	0.106	0.158	0.062	0.317	0.357	-0.048	-0.075	-0.028	0.499	-0.192	0.842	"4"
"辨认"	0	0	0	1	0	0.106	0.158	0.062	0.317	0.357	-0.048	-0.075	-0.028	0.499	-0.192	0.842	"4"
"达到"	0	0	0	1	0	0.106	0.158	0.062	0.317	0.357	-0.048	-0.075	-0.028	0.499	-0.192	0.842	"4"
"过"	0	0	0	2	0	0.211	0.316	0.124	0.634	0.715	-0.097	-0.149	-0.056	0.998	-0.384	1.684	"4"
"过度"	0	0	0	0	1	0.106	0.158	0.062	0.317	0.357	-0.048	-0.075	-0.028	-0.166	0.447	0.764	"5"
"过滤"	0	0	0	1	0	0.106	0.158	0.062	0.317	0.357	-0.048	-0.075	-0.028	0.499	-0.192	0.842	"4"
"过程"	3	3	0	0	2	0.845	1.264	0.496	2.535	2.86	1.357	0.924	-0.222	-1.324	-0.387	4.214	"1"
"运作"	0	0	0	1	2	0.317	0.474	0.186	0.951	1.072	-0.145	-0.224	-0.083	0.167	0.535	1.154	"5"
"运输"	0	0	0	1	0	0.106	0.158	0.062	0.317	0.357	-0.048	-0.075	-0.028	0.499	-0.192	0.842	"4"
"进一步"	0	3	0	0	6	0.951	1.422	0.558	2.852	3.217	-0.436	0.8	-0.25	-1.49	1.227	4.203	"4"
"进程"	2	6	2	1	1	1.268	1.896	0.744	3.803	4.29	0.436	2.218	0.775	-1.169	-1.42	6.018	"2"
"远红外"	0	0	0	1	0	0.106	0.158	0.062	0.317	0.357	-0.048	-0.075	-0.028	0.499	-0.192	0.842	"4"
"远红外线"	0	0	0	1	0	0.106	0.158	0.062	0.317	0.357	-0.048	-0.075	-0.028	0.499	-0.192	0.842	"4"
"远远"	0	0	0	1	0	0.106	0.158	0.062	0.317	0.357	-0.048	-0.075	-0.028	0.499	-0.192	0.842	"4"
"连拍"	0	0	0	1	0	0.106	0.158	0.062	0.317	0.357	-0.048	-0.075	-0.028	0.499	-0.192	0.842	"4"
"连接"	0	0	0	1	0	0.106	0.158	0.062	0.317	0.357	-0.048	-0.075	-0.028	0.499	-0.192	0.842	"4"
"连结"	0	0	0	1	0	0.106	0.158	0.062	0.317	0.357	-0.048	-0.075	-0.028	0.499	-0.192	0.842	"4"
"透视"	0	0	0	1	0	0.106	0.158	0.062	0.317	0.357	-0.048	-0.075	-0.028	0.499	-0.192	0.842	"4"
"逐步"	0	0	0	0	1	0.106	0.158	0.062	0.317	0.357	-0.048	-0.075	-0.028	-0.166	0.447	0.764	"5"
"逐渐"	0	0	0	3	1	0.423	0.632	0.248	1.268	1.43	-0.194	-0.299	-0.111	1.013	-0.26	1.877	"4"
"通讯"	0	0	0	2	1	0.317	0.474	0.186	0.951	1.072	-0.145	-0.224	-0.083	0.624	-0.15	1.226	"4"
"造"	0	0	0	0	1	0.106	0.158	0.062	0.317	0.357	-0.048	-0.075	-0.028	-0.166	0.447	0.764	"5"
"逼真"	0	0	0	1	0	0.106	0.158	0.062	0.317	0.357	-0.048	-0.075	-0.028	0.499	-0.192	0.842	"4"
"部份"	0	0	0	0	1	0.106	0.158	0.062	0.317	0.357	-0.048	-0.075	-0.028	-0.166	0.447	0.764	"5"
"部位"	0	0	0	1	0	0.106	0.158	0.062	0.317	0.357	-0.048	-0.075	-0.028	0.499	-0.192	0.842	"4"
"配置"	0	0	0	0	7	0.739	1.106	0.434	2.218	2.502	-0.339	-0.523	-0.195	-1.159	3.127	5.343	"5"
"酵素"	0	0	0	1	0	0.106	0.158	0.062	0.317	0.357	-0.048	-0.075	-0.028	0.499	-0.192	0.842	"4"
"酶"	1	0	0	0	0	0.106	0.158	0.062	0.317	0.357	0.976	-0.075	-0.028	-0.166	-0.192	1.437	"1"
"醇有"	0	0	0	0	1	0.106	0.158	0.062	0.317	0.357	-0.048	-0.075	-0.028	-0.166	0.447	0.764	"5"
"重"	0	1	0	0	0	0.106	0.158	0.062	0.317	0.357	-0.048	0.801	-0.028	-0.166	-0.192	1.235	"2"
"重大"	0	1	1	0	1	0.317	0.474	0.186	0.951	1.072	-0.145	0.395	0.758	-0.497	-0.15	1.945	"3"
"重建"	3	14	0	0	4	2.218	3.318	1.302	6.655	7.507	0.414	6.637	-0.584	-3.476	-1.09	12.201	"2"
"重要"	15	15	7	2	23	6.549	9.797	3.843	19.647	22.164	2.776	1.249	1.054	-7.621	0.338	13.038	"4"
"重视"	0	1	1	0	4	0.634	0.948	0.372	1.901	2.145	-0.291	0.191	0.496	-0.993	0.901	2.872	"4"
"金银花"	0	0	0	1	0	0.106	0.158	0.062	0.317	0.357	-0.048	-0.075	-0.028	0.499	-0.192	0.842	"4"
"针灸"	0	0	0	2	0	0.211	0.316	0.124	0.634	0.715	-0.097	-0.149	-0.056	0.998	-0.384	1.684	"4"
"钙"	0	0	0	1	0	0.106	0.158	0.062	0.317	0.357	-0.048	-0.075	-0.028	0.499	-0.192	0.842	"4"
"钙质"	0	0	0	1	0	0.106	0.158	0.062	0.317	0.357	-0.048	-0.075	-0.028	0.499	-0.192	0.842	"4"
"链"	0	0	0	0	1	0.106	0.158	0.062	0.317	0.357	-0.048	-0.075	-0.028	-0.166	0.447	0.764	"5"
"闽菜"	0	0	0	0	2	0.211	0.316	0.124	0.634	0.715	-0.097	-0.149	-0.056	-0.331	0.893	1.526	"5"
"阅读"	0	0	0	1	0	0.106	0.158	0.062	0.317	0.357	-0.048	-0.075	-0.028	0.499	-0.192	0.842	"4"
"防患"	0	0	0	0	1	0.106	0.158	0.062	0.317	0.357	-0.048	-0.075	-0.028	-0.166	0.447	0.764	"5"
"防止"	0	0	0	1	2	0.317	0.474	0.186	0.951	1.072	-0.145	-0.224	-0.083	0.167	0.535	1.154	"5"
"防水"	0	0	0	1	0	0.106	0.158	0.062	0.317	0.357	-0.048	-0.075	-0.028	0.499	-0.192	0.842	"4"
"防沙"	0	0	0	1	0	0.106	0.158	0.062	0.317	0.357	-0.048	-0.075	-0.028	0.499	-0.192	0.842	"4"
"防洪"	0	1	0	0	1	0.211	0.316	0.124	0.634	0.715	-0.097	0.536	-0.056	-0.331	0.231	1.251	"2"
"阳痿"	0	0	0	1	0	0.106	0.158	0.062	0.317	0.357	-0.048	-0.075	-0.028	0.499	-0.192	0.842	"4"
"阶级"	0	0	0	0	3	0.317	0.474	0.186	0.951	1.072	-0.145	-0.224	-0.083	-0.497	1.34	2.289	"5"
"阻吓"	0	0	0	0	1	0.106	0.158	0.062	0.317	0.357	-0.048	-0.075	-0.028	-0.166	0.447	0.764	"5"
"阻碍"	0	0	0	0	1	0.106	0.158	0.062	0.317	0.357	-0.048	-0.075	-0.028	-0.166	0.447	0.764	"5"
"阻隔"	0	0	0	1	0	0.106	0.158	0.062	0.317	0.357	-0.048	-0.075	-0.028	0.499	-0.192	0.842	"4"
"阿盟"	0	0	0	0	2	0.211	0.316	0.124	0.634	0.715	-0.097	-0.149	-0.056	-0.331	0.893	1.526	"5"
"附加"	0	0	0	1	0	0.106	0.158	0.062	0.317	0.357	-0.048	-0.075	-0.028	0.499	-0.192	0.842	"4"
"陈德良"	0	1	0	0	0	0.106	0.158	0.062	0.317	0.357	-0.048	0.801	-0.028	-0.166	-0.192	1.235	"2"
"陈至立"	0	1	0	0	0	0.106	0.158	0.062	0.317	0.357	-0.048	0.801	-0.028	-0.166	-0.192	1.235	"2"
"降低"	0	0	0	0	1	0.106	0.158	0.062	0.317	0.357	-0.048	-0.075	-0.028	-0.166	0.447	0.764	"5"
"降温"	0	0	0	0	1	0.106	0.158	0.062	0.317	0.357	-0.048	-0.075	-0.028	-0.166	0.447	0.764	"5"
"降血"	0	0	0	0	1	0.106	0.158	0.062	0.317	0.357	-0.048	-0.075	-0.028	-0.166	0.447	0.764	"5"
"院方"	0	0	0	1	0	0.106	0.158	0.062	0.317	0.357	-0.048	-0.075	-0.028	0.499	-0.192	0.842	"4"
"除"	0	0	0	1	0	0.106	0.158	0.062	0.317	0.357	-0.048	-0.075	-0.028	0.499	-0.192	0.842	"4"
"随时"	0	0	0	1	0	0.106	0.158	0.062	0.317	0.357	-0.048	-0.075	-0.028	0.499	-0.192	0.842	"4"
"随着"	0	0	0	0	1	0.106	0.158	0.062	0.317	0.357	-0.048	-0.075	-0.028	-0.166	0.447	0.764	"5"
"隔空捉药"	0	0	0	1	0	0.106	0.158	0.062	0.317	0.357	-0.048	-0.075	-0.028	0.499	-0.192	0.842	"4"
"障碍"	0	0	0	2	0	0.211	0.316	0.124	0.634	0.715	-0.097	-0.149	-0.056	0.998	-0.384	1.684	"4"
"难以"	1	1	0	0	1	0.317	0.474	0.186	0.951	1.072	0.546	0.395	-0.083	-0.497	-0.15	1.671	"1"
"集散"	0	0	0	1	0	0.106	0.158	0.062	0.317	0.357	-0.048	-0.075	-0.028	0.499	-0.192	0.842	"4"
"零售商场"	0	0	0	0	1	0.106	0.158	0.062	0.317	0.357	-0.048	-0.075	-0.028	-0.166	0.447	0.764	"5"
"震慑"	0	0	0	0	1	0.106	0.158	0.062	0.317	0.357	-0.048	-0.075	-0.028	-0.166	0.447	0.764	"5"
"震聋发聩"	0	0	0	0	1	0.106	0.158	0.062	0.317	0.357	-0.048	-0.075	-0.028	-0.166	0.447	0.764	"5"
"静态"	0	0	0	1	0	0.106	0.158	0.062	0.317	0.357	-0.048	-0.075	-0.028	0.499	-0.192	0.842	"4"
"非专业"	0	0	0	1	0	0.106	0.158	0.062	0.317	0.357	-0.048	-0.075	-0.028	0.499	-0.192	0.842	"4"
"非常"	0	0	1	0	1	0.211	0.316	0.124	0.634	0.715	-0.097	-0.149	0.92	-0.331	0.231	1.728	"3"
"面"	0	0	0	0	1	0.106	0.158	0.062	0.317	0.357	-0.048	-0.075	-0.028	-0.166	0.447	0.764	"5"
"面料"	0	0	0	1	0	0.106	0.158	0.062	0.317	0.357	-0.048	-0.075	-0.028	0.499	-0.192	0.842	"4"
"音响"	0	0	0	1	0	0.106	0.158	0.062	0.317	0.357	-0.048	-0.075	-0.028	0.499	-0.192	0.842	"4"
"项"	0	0	0	0	1	0.106	0.158	0.062	0.317	0.357	-0.048	-0.075	-0.028	-0.166	0.447	0.764	"5"
"预见"	0	0	0	1	0	0.106	0.158	0.062	0.317	0.357	-0.048	-0.075	-0.028	0.499	-0.192	0.842	"4"
"预警"	0	0	0	0	1	0.106	0.158	0.062	0.317	0.357	-0.048	-0.075	-0.028	-0.166	0.447	0.764	"5"
"预防"	0	1	1	0	0	0.211	0.316	0.124	0.634	0.715	-0.097	0.536	0.92	-0.331	-0.384	2.268	"3"
"领导"	2	3	0	0	3	0.845	1.264	0.496	2.535	2.86	0.691	0.924	-0.222	-1.324	0.229	3.39	"4"
"频宽"	0	0	0	1	0	0.106	0.158	0.062	0.317	0.357	-0.048	-0.075	-0.028	0.499	-0.192	0.842	"4"
"额外"	0	0	0	1	0	0.106	0.158	0.062	0.317	0.357	-0.048	-0.075	-0.028	0.499	-0.192	0.842	"4"
"香熏"	0	0	0	1	0	0.106	0.158	0.062	0.317	0.357	-0.048	-0.075	-0.028	0.499	-0.192	0.842	"4"
"马吉德"	0	0	0	0	1	0.106	0.158	0.062	0.317	0.357	-0.048	-0.075	-0.028	-0.166	0.447	0.764	"5"
"骨干"	0	0	0	0	1	0.106	0.158	0.062	0.317	0.357	-0.048	-0.075	-0.028	-0.166	0.447	0.764	"5"
"骨骼"	0	0	0	3	0	0.317	0.474	0.186	0.951	1.072	-0.145	-0.224	-0.083	1.497	-0.576	2.525	"4"
"鲁迪"	0	0	0	0	1	0.106	0.158	0.062	0.317	0.357	-0.048	-0.075	-0.028	-0.166	0.447	0.764	"5"
"鲍威尔"	0	2	0	0	0	0.211	0.316	0.124	0.634	0.715	-0.097	1.603	-0.056	-0.331	-0.384	2.471	"2"
"黎南部"	1	0	0	0	0	0.106	0.158	0.062	0.317	0.357	0.976	-0.075	-0.028	-0.166	-0.192	1.437	"1"
"鼎盛"	0	0	0	1	0	0.106	0.158	0.062	0.317	0.357	-0.048	-0.075	-0.028	0.499	-0.192	0.842	"4"
"鼓励人"	0	0	0	0	1	0.106	0.158	0.062	0.317	0.357	-0.048	-0.075	-0.028	-0.166	0.447	0.764	"5"
"鼓舞"	0	0	0	0	1	0.106	0.158	0.062	0.317	0.357	-0.048	-0.075	-0.028	-0.166	0.447	0.764	"5"
"齐全"	0	0	0	2	0	0.211	0.316	0.124	0.634	0.715	-0.097	-0.149	-0.056	0.998	-0.384	1.684	"4"
