"Coll_Word"	"1"	"2"	"3"	"4"	"exp_1"	"exp_2"	"exp_3"	"exp_4"	"pbin_1"	"pbin_2"	"pbin_3"	"pbin_4"	"SumAbsDev"	"LargestDev"
"--"	9	25	0	8	4.752	33.43	1.277	2.541	1.372	-2.625	-0.563	2.479	7.039	"2"
"."	3	5	0	0	0.905	6.368	0.243	0.484	1.281	-0.674	-0.107	-0.217	2.279	"1"
"」"	8	13	0	0	2.376	16.715	0.639	1.27	2.855	-1.32	-0.282	-0.569	5.026	"1"
"■"	2	0	0	0	0.226	1.592	0.061	0.121	1.893	-1.381	-0.027	-0.054	3.355	"1"
"123"	0	1	0	0	0.113	0.796	0.03	0.06	-0.052	0.099	-0.013	-0.027	0.191	"2"
"151周年"	0	1	0	0	0.113	0.796	0.03	0.06	-0.052	0.099	-0.013	-0.027	0.191	"2"
"18日"	0	1	0	0	0.113	0.796	0.03	0.06	-0.052	0.099	-0.013	-0.027	0.191	"2"
"1954年"	0	1	0	0	0.113	0.796	0.03	0.06	-0.052	0.099	-0.013	-0.027	0.191	"2"
"1955年"	0	1	0	0	0.113	0.796	0.03	0.06	-0.052	0.099	-0.013	-0.027	0.191	"2"
"20周年"	0	1	0	0	0.113	0.796	0.03	0.06	-0.052	0.099	-0.013	-0.027	0.191	"2"
"53"	0	1	0	0	0.113	0.796	0.03	0.06	-0.052	0.099	-0.013	-0.027	0.191	"2"
"6时"	0	2	0	0	0.226	1.592	0.061	0.121	-0.104	0.198	-0.027	-0.054	0.383	"2"
"7时"	0	1	0	0	0.113	0.796	0.03	0.06	-0.052	0.099	-0.013	-0.027	0.191	"2"
"891001"	0	1	0	0	0.113	0.796	0.03	0.06	-0.052	0.099	-0.013	-0.027	0.191	"2"
"891226"	0	1	0	0	0.113	0.796	0.03	0.06	-0.052	0.099	-0.013	-0.027	0.191	"2"
"8时"	0	1	0	0	0.113	0.796	0.03	0.06	-0.052	0.099	-0.013	-0.027	0.191	"2"
"900104"	0	1	0	0	0.113	0.796	0.03	0.06	-0.052	0.099	-0.013	-0.027	0.191	"2"
"900118"	0	1	0	0	0.113	0.796	0.03	0.06	-0.052	0.099	-0.013	-0.027	0.191	"2"
"9时"	1	0	0	0	0.113	0.796	0.03	0.06	0.946	-0.69	-0.013	-0.027	1.676	"1"
"DevelopmentAgency"	0	1	0	0	0.113	0.796	0.03	0.06	-0.052	0.099	-0.013	-0.027	0.191	"2"
"GSP"	0	1	0	0	0.113	0.796	0.03	0.06	-0.052	0.099	-0.013	-0.027	0.191	"2"
"HERISHAWARD"	1	0	0	0	0.113	0.796	0.03	0.06	0.946	-0.69	-0.013	-0.027	1.676	"1"
"m.net"	1	0	0	0	0.113	0.796	0.03	0.06	0.946	-0.69	-0.013	-0.027	1.676	"1"
"Singapore"	0	1	0	0	0.113	0.796	0.03	0.06	-0.052	0.099	-0.013	-0.027	0.191	"2"
"一拜"	0	1	0	0	0.113	0.796	0.03	0.06	-0.052	0.099	-0.013	-0.027	0.191	"2"
"一日"	0	2	0	0	0.226	1.592	0.061	0.121	-0.104	0.198	-0.027	-0.054	0.383	"2"
"一月"	0	2	0	0	0.226	1.592	0.061	0.121	-0.104	0.198	-0.027	-0.054	0.383	"2"
"一楼"	0	1	0	0	0.113	0.796	0.03	0.06	-0.052	0.099	-0.013	-0.027	0.191	"2"
"一汽"	0	0	2	0	0.226	1.592	0.061	0.121	-0.104	-1.381	3.034	-0.054	4.573	"3"
"一百多"	0	0	0	1	0.113	0.796	0.03	0.06	-0.052	-0.69	-0.013	1.218	1.973	"4"
"丁车"	1	0	0	0	0.113	0.796	0.03	0.06	0.946	-0.69	-0.013	-0.027	1.676	"1"
"七时"	2	2	0	0	0.453	3.184	0.122	0.242	1.182	-0.728	-0.054	-0.108	2.072	"1"
"三军"	0	1	0	0	0.113	0.796	0.03	0.06	-0.052	0.099	-0.013	-0.027	0.191	"2"
"三十六"	0	1	0	0	0.113	0.796	0.03	0.06	-0.052	0.099	-0.013	-0.027	0.191	"2"
"三十分"	4	14	0	1	2.15	15.123	0.578	1.149	0.795	-0.464	-0.255	-0.168	1.682	"1"
"三十日电"	0	1	0	0	0.113	0.796	0.03	0.06	-0.052	0.099	-0.013	-0.027	0.191	"2"
"三月"	1	1	0	0	0.226	1.592	0.061	0.121	0.671	-0.436	-0.027	-0.054	1.188	"1"
"三村"	0	2	0	0	0.226	1.592	0.061	0.121	-0.104	0.198	-0.027	-0.054	0.383	"2"
"三楼"	0	3	0	0	0.339	2.388	0.091	0.181	-0.156	0.297	-0.04	-0.081	0.574	"2"
"三皈"	0	1	0	0	0.113	0.796	0.03	0.06	-0.052	0.099	-0.013	-0.027	0.191	"2"
"三藏"	0	1	0	0	0.113	0.796	0.03	0.06	-0.052	0.099	-0.013	-0.027	0.191	"2"
"上"	4	67	6	8	9.617	67.655	2.585	5.142	-1.523	-0.325	1.344	0.847	4.039	"1"
"上午"	1	20	2	0	2.602	18.307	0.699	1.391	-0.605	0.552	0.813	-0.623	2.593	"3"
"上校"	0	1	0	0	0.113	0.796	0.03	0.06	-0.052	0.099	-0.013	-0.027	0.191	"2"
"上相"	0	1	0	0	0.113	0.796	0.03	0.06	-0.052	0.099	-0.013	-0.027	0.191	"2"
"上空"	0	2	0	0	0.226	1.592	0.061	0.121	-0.104	0.198	-0.027	-0.054	0.383	"2"
"上述"	0	1	0	0	0.113	0.796	0.03	0.06	-0.052	0.099	-0.013	-0.027	0.191	"2"
"下午"	3	14	1	0	2.037	14.327	0.547	1.089	0.477	-0.287	0.37	-0.488	1.622	"4"
"与会"	0	1	0	0	0.113	0.796	0.03	0.06	-0.052	0.099	-0.013	-0.027	0.191	"2"
"专程"	0	0	1	0	0.113	0.796	0.03	0.06	-0.052	-0.69	1.517	-0.027	2.286	"3"
"世盟"	0	1	0	0	0.113	0.796	0.03	0.06	-0.052	0.099	-0.013	-0.027	0.191	"2"
"世贸"	0	2	0	0	0.226	1.592	0.061	0.121	-0.104	0.198	-0.027	-0.054	0.383	"2"
"业"	0	1	0	0	0.113	0.796	0.03	0.06	-0.052	0.099	-0.013	-0.027	0.191	"2"
"东正教"	0	1	0	0	0.113	0.796	0.03	0.06	-0.052	0.099	-0.013	-0.027	0.191	"2"
"东港镇"	0	1	0	0	0.113	0.796	0.03	0.06	-0.052	0.099	-0.013	-0.027	0.191	"2"
"东门"	0	1	0	0	0.113	0.796	0.03	0.06	-0.052	0.099	-0.013	-0.027	0.191	"2"
"两百多"	0	1	0	0	0.113	0.796	0.03	0.06	-0.052	0.099	-0.013	-0.027	0.191	"2"
"两週年"	0	1	0	0	0.113	0.796	0.03	0.06	-0.052	0.099	-0.013	-0.027	0.191	"2"
"丧户"	0	1	0	0	0.113	0.796	0.03	0.06	-0.052	0.099	-0.013	-0.027	0.191	"2"
"个人秀"	0	1	0	0	0.113	0.796	0.03	0.06	-0.052	0.099	-0.013	-0.027	0.191	"2"
"中下游"	0	1	0	0	0.113	0.796	0.03	0.06	-0.052	0.099	-0.013	-0.027	0.191	"2"
"中俄"	0	1	0	0	0.113	0.796	0.03	0.06	-0.052	0.099	-0.013	-0.027	0.191	"2"
"中兴"	0	1	0	0	0.113	0.796	0.03	0.06	-0.052	0.099	-0.013	-0.027	0.191	"2"
"中午"	0	1	0	0	0.113	0.796	0.03	0.06	-0.052	0.099	-0.013	-0.027	0.191	"2"
"中华"	0	2	0	0	0.226	1.592	0.061	0.121	-0.104	0.198	-0.027	-0.054	0.383	"2"
"中华民国"	0	6	0	1	0.792	5.572	0.213	0.423	-0.365	0.248	-0.094	0.451	1.158	"4"
"中央委员"	0	0	0	1	0.113	0.796	0.03	0.06	-0.052	-0.69	-0.013	1.218	1.973	"4"
"中央社"	1	7	0	0	0.905	6.368	0.243	0.484	0.209	0.309	-0.107	-0.217	0.842	"2"
"中山"	0	1	0	0	0.113	0.796	0.03	0.06	-0.052	0.099	-0.013	-0.027	0.191	"2"
"中庭"	1	1	0	0	0.226	1.592	0.061	0.121	0.671	-0.436	-0.027	-0.054	1.188	"1"
"中心"	3	16	0	1	2.263	15.919	0.608	1.21	0.4	0.213	-0.268	-0.183	1.064	"1"
"中枢"	0	1	0	0	0.113	0.796	0.03	0.06	-0.052	0.099	-0.013	-0.027	0.191	"2"
"中正堂"	1	0	0	0	0.113	0.796	0.03	0.06	0.946	-0.69	-0.013	-0.027	1.676	"1"
"中油"	0	1	0	0	0.113	0.796	0.03	0.06	-0.052	0.099	-0.013	-0.027	0.191	"2"
"中秋"	0	1	0	0	0.113	0.796	0.03	0.06	-0.052	0.099	-0.013	-0.027	0.191	"2"
"中科院"	0	1	0	0	0.113	0.796	0.03	0.06	-0.052	0.099	-0.013	-0.027	0.191	"2"
"中纺"	0	1	0	0	0.113	0.796	0.03	0.06	-0.052	0.099	-0.013	-0.027	0.191	"2"
"主办"	0	2	0	0	0.226	1.592	0.061	0.121	-0.104	0.198	-0.027	-0.054	0.383	"2"
"主意"	0	1	0	0	0.113	0.796	0.03	0.06	-0.052	0.099	-0.013	-0.027	0.191	"2"
"主持"	4	46	0	2	5.884	41.389	1.581	3.146	-0.545	1.141	-0.697	-0.416	2.799	"2"
"主持人"	4	1	0	0	0.566	3.98	0.152	0.302	3.128	-2.139	-0.067	-0.136	5.47	"1"
"举"	2	5	0	0	0.792	5.572	0.213	0.423	0.737	-0.362	-0.094	-0.19	1.383	"1"
"举办"	3	10	0	0	1.471	10.347	0.395	0.786	0.756	-0.29	-0.174	-0.352	1.572	"1"
"举行"	13	120	9	11	17.311	121.78	4.653	9.256	-0.781	-0.407	1.346	0.492	3.026	"3"
"义消"	0	1	0	0	0.113	0.796	0.03	0.06	-0.052	0.099	-0.013	-0.027	0.191	"2"
"乌兹别克"	0	1	0	0	0.113	0.796	0.03	0.06	-0.052	0.099	-0.013	-0.027	0.191	"2"
"九一一"	0	1	0	0	0.113	0.796	0.03	0.06	-0.052	0.099	-0.013	-0.027	0.191	"2"
"九十"	0	2	0	0	0.226	1.592	0.061	0.121	-0.104	0.198	-0.027	-0.054	0.383	"2"
"九十一年"	0	1	0	0	0.113	0.796	0.03	0.06	-0.052	0.099	-0.013	-0.027	0.191	"2"
"九十年"	0	2	0	0	0.226	1.592	0.061	0.121	-0.104	0.198	-0.027	-0.054	0.383	"2"
"九族"	0	3	0	0	0.339	2.388	0.091	0.181	-0.156	0.297	-0.04	-0.081	0.574	"2"
"九时"	2	8	0	1	1.245	8.755	0.335	0.665	0.446	-0.402	-0.148	0.304	1.3	"1"
"乱丢"	0	1	0	0	0.113	0.796	0.03	0.06	-0.052	0.099	-0.013	-0.027	0.191	"2"
"二十五"	0	1	0	0	0.113	0.796	0.03	0.06	-0.052	0.099	-0.013	-0.027	0.191	"2"
"二战"	0	1	0	0	0.113	0.796	0.03	0.06	-0.052	0.099	-0.013	-0.027	0.191	"2"
"二日"	1	1	0	0	0.226	1.592	0.061	0.121	0.671	-0.436	-0.027	-0.054	1.188	"1"
"二林镇"	0	1	0	0	0.113	0.796	0.03	0.06	-0.052	0.099	-0.013	-0.027	0.191	"2"
"二楼"	0	2	0	0	0.226	1.592	0.061	0.121	-0.104	0.198	-0.027	-0.054	0.383	"2"
"二段"	0	1	0	0	0.113	0.796	0.03	0.06	-0.052	0.099	-0.013	-0.027	0.191	"2"
"于"	0	1	0	0	0.113	0.796	0.03	0.06	-0.052	0.099	-0.013	-0.027	0.191	"2"
"云南省"	0	1	0	0	0.113	0.796	0.03	0.06	-0.052	0.099	-0.013	-0.027	0.191	"2"
"互赠"	0	1	0	0	0.113	0.796	0.03	0.06	-0.052	0.099	-0.013	-0.027	0.191	"2"
"五二○"	0	1	0	0	0.113	0.796	0.03	0.06	-0.052	0.099	-0.013	-0.027	0.191	"2"
"五戒"	0	1	0	0	0.113	0.796	0.03	0.06	-0.052	0.099	-0.013	-0.027	0.191	"2"
"五日"	1	1	0	0	0.226	1.592	0.061	0.121	0.671	-0.436	-0.027	-0.054	1.188	"1"
"五星红旗"	0	1	0	0	0.113	0.796	0.03	0.06	-0.052	0.099	-0.013	-0.027	0.191	"2"
"五月"	1	0	0	0	0.113	0.796	0.03	0.06	0.946	-0.69	-0.013	-0.027	1.676	"1"
"五朝清"	0	1	0	0	0.113	0.796	0.03	0.06	-0.052	0.099	-0.013	-0.027	0.191	"2"
"交"	0	1	0	0	0.113	0.796	0.03	0.06	-0.052	0.099	-0.013	-0.027	0.191	"2"
"交接"	0	0	0	31	3.508	24.674	0.943	1.875	-1.617	-21.398	-0.416	37.766	61.197	"4"
"交车"	0	1	0	0	0.113	0.796	0.03	0.06	-0.052	0.099	-0.013	-0.027	0.191	"2"
"交通部长"	0	2	0	0	0.226	1.592	0.061	0.121	-0.104	0.198	-0.027	-0.054	0.383	"2"
"京"	0	2	0	0	0.226	1.592	0.061	0.121	-0.104	0.198	-0.027	-0.054	0.383	"2"
"京举"	0	1	0	0	0.113	0.796	0.03	0.06	-0.052	0.099	-0.013	-0.027	0.191	"2"
"亮"	0	2	0	0	0.226	1.592	0.061	0.121	-0.104	0.198	-0.027	-0.054	0.383	"2"
"亲临"	0	2	0	0	0.226	1.592	0.061	0.121	-0.104	0.198	-0.027	-0.054	0.383	"2"
"亲到"	0	1	0	0	0.113	0.796	0.03	0.06	-0.052	0.099	-0.013	-0.027	0.191	"2"
"亲自"	0	2	0	0	0.226	1.592	0.061	0.121	-0.104	0.198	-0.027	-0.054	0.383	"2"
"人参"	0	1	0	1	0.226	1.592	0.061	0.121	-0.104	-0.436	-0.027	0.931	1.498	"4"
"今后党"	0	1	0	0	0.113	0.796	0.03	0.06	-0.052	0.099	-0.013	-0.027	0.191	"2"
"今天"	5	47	2	2	6.336	44.573	1.703	3.388	-0.419	0.572	0.292	-0.477	1.76	"2"
"今日"	1	1	0	0	0.226	1.592	0.061	0.121	0.671	-0.436	-0.027	-0.054	1.188	"1"
"今晚"	0	1	0	0	0.113	0.796	0.03	0.06	-0.052	0.099	-0.013	-0.027	0.191	"2"
"代表"	0	7	0	2	1.018	7.164	0.274	0.544	-0.469	-0.24	-0.121	1.003	1.833	"4"
"代表团"	0	2	0	0	0.226	1.592	0.061	0.121	-0.104	0.198	-0.027	-0.054	0.383	"2"
"代表队"	0	2	0	0	0.226	1.592	0.061	0.121	-0.104	0.198	-0.027	-0.054	0.383	"2"
"仪式"	0	16	0	2	2.037	14.327	0.547	1.089	-0.939	0.589	-0.241	0.526	2.295	"1"
"仪队"	0	1	0	0	0.113	0.796	0.03	0.06	-0.052	0.099	-0.013	-0.027	0.191	"2"
"任"	0	1	0	0	0.113	0.796	0.03	0.06	-0.052	0.099	-0.013	-0.027	0.191	"2"
"任命"	0	3	0	0	0.339	2.388	0.091	0.181	-0.156	0.297	-0.04	-0.081	0.574	"2"
"伍德琛"	0	2	0	0	0.226	1.592	0.061	0.121	-0.104	0.198	-0.027	-0.054	0.383	"2"
"优良"	2	1	0	0	0.339	2.388	0.091	0.181	1.45	-0.967	-0.04	-0.081	2.538	"1"
"会"	0	1	0	0	0.113	0.796	0.03	0.06	-0.052	0.099	-0.013	-0.027	0.191	"2"
"会堂"	0	1	0	0	0.113	0.796	0.03	0.06	-0.052	0.099	-0.013	-0.027	0.191	"2"
"会徽"	0	2	0	0	0.226	1.592	0.061	0.121	-0.104	0.198	-0.027	-0.054	0.383	"2"
"会所"	0	1	0	0	0.113	0.796	0.03	0.06	-0.052	0.099	-0.013	-0.027	0.191	"2"
"会见"	0	3	2	0	0.566	3.98	0.152	0.302	-0.261	-0.567	2.061	-0.136	3.025	"3"
"会议室"	0	1	0	0	0.113	0.796	0.03	0.06	-0.052	0.099	-0.013	-0.027	0.191	"2"
"会谈"	0	2	0	1	0.339	2.388	0.091	0.181	-0.156	-0.305	-0.04	0.768	1.269	"4"
"会长"	0	1	0	1	0.226	1.592	0.061	0.121	-0.104	-0.436	-0.027	0.931	1.498	"4"
"会馆"	0	2	0	0	0.226	1.592	0.061	0.121	-0.104	0.198	-0.027	-0.054	0.383	"2"
"传授"	0	1	0	0	0.113	0.796	0.03	0.06	-0.052	0.099	-0.013	-0.027	0.191	"2"
"传灯"	0	1	0	0	0.113	0.796	0.03	0.06	-0.052	0.099	-0.013	-0.027	0.191	"2"
"传统"	0	5	0	0	0.566	3.98	0.152	0.302	-0.261	0.496	-0.067	-0.136	0.96	"2"
"传贤楼"	0	1	0	0	0.113	0.796	0.03	0.06	-0.052	0.099	-0.013	-0.027	0.191	"2"
"伴侣"	0	2	0	0	0.226	1.592	0.061	0.121	-0.104	0.198	-0.027	-0.054	0.383	"2"
"低调"	0	0	1	0	0.113	0.796	0.03	0.06	-0.052	-0.69	1.517	-0.027	2.286	"3"
"体委"	0	1	0	0	0.113	0.796	0.03	0.06	-0.052	0.099	-0.013	-0.027	0.191	"2"
"体育场"	0	1	0	0	0.113	0.796	0.03	0.06	-0.052	0.099	-0.013	-0.027	0.191	"2"
"体育馆"	0	1	0	0	0.113	0.796	0.03	0.06	-0.052	0.099	-0.013	-0.027	0.191	"2"
"余政宪"	0	1	0	0	0.113	0.796	0.03	0.06	-0.052	0.099	-0.013	-0.027	0.191	"2"
"佛陀"	0	2	0	0	0.226	1.592	0.061	0.121	-0.104	0.198	-0.027	-0.054	0.383	"2"
"作文"	1	0	0	0	0.113	0.796	0.03	0.06	0.946	-0.69	-0.013	-0.027	1.676	"1"
"佳节"	0	1	0	0	0.113	0.796	0.03	0.06	-0.052	0.099	-0.013	-0.027	0.191	"2"
"供佛"	0	1	0	0	0.113	0.796	0.03	0.06	-0.052	0.099	-0.013	-0.027	0.191	"2"
"侨胞"	0	1	0	0	0.113	0.796	0.03	0.06	-0.052	0.099	-0.013	-0.027	0.191	"2"
"促进奖"	1	0	0	0	0.113	0.796	0.03	0.06	0.946	-0.69	-0.013	-0.027	1.676	"1"
"信众"	0	3	0	0	0.339	2.388	0.091	0.181	-0.156	0.297	-0.04	-0.081	0.574	"2"
"信徒"	0	2	0	0	0.226	1.592	0.061	0.121	-0.104	0.198	-0.027	-0.054	0.383	"2"
"停柩"	0	1	0	0	0.113	0.796	0.03	0.06	-0.052	0.099	-0.013	-0.027	0.191	"2"
"停车场"	0	1	0	0	0.113	0.796	0.03	0.06	-0.052	0.099	-0.013	-0.027	0.191	"2"
"傍晚"	0	3	0	0	0.339	2.388	0.091	0.181	-0.156	0.297	-0.04	-0.081	0.574	"2"
"儿"	0	1	0	0	0.113	0.796	0.03	0.06	-0.052	0.099	-0.013	-0.027	0.191	"2"
"元旦"	0	8	0	0	0.905	6.368	0.243	0.484	-0.417	0.793	-0.107	-0.217	1.534	"2"
"元首"	0	1	1	0	0.226	1.592	0.061	0.121	-0.104	-0.436	1.223	-0.054	1.817	"3"
"入藏"	0	1	0	0	0.113	0.796	0.03	0.06	-0.052	0.099	-0.013	-0.027	0.191	"2"
"入门票"	1	0	0	0	0.113	0.796	0.03	0.06	0.946	-0.69	-0.013	-0.027	1.676	"1"
"全力"	0	1	0	0	0.113	0.796	0.03	0.06	-0.052	0.099	-0.013	-0.027	0.191	"2"
"全国人"	0	1	0	0	0.113	0.796	0.03	0.06	-0.052	0.099	-0.013	-0.027	0.191	"2"
"八"	0	1	0	0	0.113	0.796	0.03	0.06	-0.052	0.099	-0.013	-0.027	0.191	"2"
"八十九"	2	0	0	0	0.226	1.592	0.061	0.121	1.893	-1.381	-0.027	-0.054	3.355	"1"
"八十九年"	0	1	0	0	0.113	0.796	0.03	0.06	-0.052	0.099	-0.013	-0.027	0.191	"2"
"八十九年电"	0	1	0	0	0.113	0.796	0.03	0.06	-0.052	0.099	-0.013	-0.027	0.191	"2"
"八家将"	0	1	0	0	0.113	0.796	0.03	0.06	-0.052	0.099	-0.013	-0.027	0.191	"2"
"八时"	1	4	0	0	0.566	3.98	0.152	0.302	0.345	0.137	-0.067	-0.136	0.685	"1"
"公使"	0	1	0	0	0.113	0.796	0.03	0.06	-0.052	0.099	-0.013	-0.027	0.191	"2"
"公务"	0	1	0	0	0.113	0.796	0.03	0.06	-0.052	0.099	-0.013	-0.027	0.191	"2"
"公务人"	0	1	0	0	0.113	0.796	0.03	0.06	-0.052	0.099	-0.013	-0.027	0.191	"2"
"公务人员"	0	1	0	0	0.113	0.796	0.03	0.06	-0.052	0.099	-0.013	-0.027	0.191	"2"
"公厕"	1	0	0	0	0.113	0.796	0.03	0.06	0.946	-0.69	-0.013	-0.027	1.676	"1"
"公园"	0	4	0	0	0.453	3.184	0.122	0.242	-0.209	0.396	-0.054	-0.108	0.767	"2"
"公益"	0	1	0	0	0.113	0.796	0.03	0.06	-0.052	0.099	-0.013	-0.027	0.191	"2"
"公祭"	0	2	0	0	0.226	1.592	0.061	0.121	-0.104	0.198	-0.027	-0.054	0.383	"2"
"公约"	0	0	1	0	0.113	0.796	0.03	0.06	-0.052	-0.69	1.517	-0.027	2.286	"3"
"公车"	0	1	0	0	0.113	0.796	0.03	0.06	-0.052	0.099	-0.013	-0.027	0.191	"2"
"六十九"	0	1	0	0	0.113	0.796	0.03	0.06	-0.052	0.099	-0.013	-0.027	0.191	"2"
"六日"	0	2	0	0	0.226	1.592	0.061	0.121	-0.104	0.198	-0.027	-0.054	0.383	"2"
"六时"	0	2	0	0	0.226	1.592	0.061	0.121	-0.104	0.198	-0.027	-0.054	0.383	"2"
"共和国日"	0	1	0	0	0.113	0.796	0.03	0.06	-0.052	0.099	-0.013	-0.027	0.191	"2"
"关怀"	1	0	0	0	0.113	0.796	0.03	0.06	0.946	-0.69	-0.013	-0.027	1.676	"1"
"典礼"	1	9	0	0	1.131	7.959	0.304	0.605	-0.164	0.439	-0.134	-0.271	1.008	"2"
"养护"	0	1	0	0	0.113	0.796	0.03	0.06	-0.052	0.099	-0.013	-0.027	0.191	"2"
"内政部长"	0	2	0	0	0.226	1.592	0.061	0.121	-0.104	0.198	-0.027	-0.054	0.383	"2"
"再见"	0	1	0	0	0.113	0.796	0.03	0.06	-0.052	0.099	-0.013	-0.027	0.191	"2"
"军校"	0	1	0	0	0.113	0.796	0.03	0.06	-0.052	0.099	-0.013	-0.027	0.191	"2"
"农委会"	1	0	0	0	0.113	0.796	0.03	0.06	0.946	-0.69	-0.013	-0.027	1.676	"1"
"农科院"	0	1	0	0	0.113	0.796	0.03	0.06	-0.052	0.099	-0.013	-0.027	0.191	"2"
"冥婚"	0	1	0	0	0.113	0.796	0.03	0.06	-0.052	0.099	-0.013	-0.027	0.191	"2"
"准将"	0	3	0	1	0.453	3.184	0.122	0.242	-0.209	-0.223	-0.054	0.656	1.142	"4"
"准时"	0	1	0	0	0.113	0.796	0.03	0.06	-0.052	0.099	-0.013	-0.027	0.191	"2"
"凤工程"	0	1	0	0	0.113	0.796	0.03	0.06	-0.052	0.099	-0.013	-0.027	0.191	"2"
"凯"	0	1	0	0	0.113	0.796	0.03	0.06	-0.052	0.099	-0.013	-0.027	0.191	"2"
"出发"	0	1	0	0	0.113	0.796	0.03	0.06	-0.052	0.099	-0.013	-0.027	0.191	"2"
"出席"	6	32	3	1	4.752	33.43	1.277	2.541	0.471	-0.457	0.869	-0.57	2.367	"3"
"出征"	0	2	0	0	0.226	1.592	0.061	0.121	-0.104	0.198	-0.027	-0.054	0.383	"2"
"出气"	0	1	0	0	0.113	0.796	0.03	0.06	-0.052	0.099	-0.013	-0.027	0.191	"2"
"出访"	0	1	0	0	0.113	0.796	0.03	0.06	-0.052	0.099	-0.013	-0.027	0.191	"2"
"函"	0	1	0	0	0.113	0.796	0.03	0.06	-0.052	0.099	-0.013	-0.027	0.191	"2"
"分区"	0	1	0	0	0.113	0.796	0.03	0.06	-0.052	0.099	-0.013	-0.027	0.191	"2"
"分队"	0	1	0	0	0.113	0.796	0.03	0.06	-0.052	0.099	-0.013	-0.027	0.191	"2"
"刘建中"	0	1	0	0	0.113	0.796	0.03	0.06	-0.052	0.099	-0.013	-0.027	0.191	"2"
"刘淇"	0	1	0	0	0.113	0.796	0.03	0.06	-0.052	0.099	-0.013	-0.027	0.191	"2"
"创举"	0	1	0	0	0.113	0.796	0.03	0.06	-0.052	0.099	-0.013	-0.027	0.191	"2"
"创会"	0	1	0	0	0.113	0.796	0.03	0.06	-0.052	0.099	-0.013	-0.027	0.191	"2"
"创作奖"	1	0	0	0	0.113	0.796	0.03	0.06	0.946	-0.69	-0.013	-0.027	1.676	"1"
"到场"	0	1	0	0	0.113	0.796	0.03	0.06	-0.052	0.099	-0.013	-0.027	0.191	"2"
"到时"	0	1	0	0	0.113	0.796	0.03	0.06	-0.052	0.099	-0.013	-0.027	0.191	"2"
"前"	0	2	0	0	0.226	1.592	0.061	0.121	-0.104	0.198	-0.027	-0.054	0.383	"2"
"前去"	0	1	0	0	0.113	0.796	0.03	0.06	-0.052	0.099	-0.013	-0.027	0.191	"2"
"前往"	0	2	0	0	0.226	1.592	0.061	0.121	-0.104	0.198	-0.027	-0.054	0.383	"2"
"前来"	0	1	0	0	0.113	0.796	0.03	0.06	-0.052	0.099	-0.013	-0.027	0.191	"2"
"前述"	0	1	0	0	0.113	0.796	0.03	0.06	-0.052	0.099	-0.013	-0.027	0.191	"2"
"剪綵"	0	1	0	0	0.113	0.796	0.03	0.06	-0.052	0.099	-0.013	-0.027	0.191	"2"
"副处长"	0	1	0	0	0.113	0.796	0.03	0.06	-0.052	0.099	-0.013	-0.027	0.191	"2"
"副委员"	0	1	0	0	0.113	0.796	0.03	0.06	-0.052	0.099	-0.013	-0.027	0.191	"2"
"副市长"	0	1	0	0	0.113	0.796	0.03	0.06	-0.052	0.099	-0.013	-0.027	0.191	"2"
"副总理"	0	4	0	0	0.453	3.184	0.122	0.242	-0.209	0.396	-0.054	-0.108	0.767	"2"
"副总统"	1	1	0	0	0.226	1.592	0.061	0.121	0.671	-0.436	-0.027	-0.054	1.188	"1"
"副教授"	0	2	0	0	0.226	1.592	0.061	0.121	-0.104	0.198	-0.027	-0.054	0.383	"2"
"副省长"	0	1	0	0	0.113	0.796	0.03	0.06	-0.052	0.099	-0.013	-0.027	0.191	"2"
"副部长"	0	2	0	0	0.226	1.592	0.061	0.121	-0.104	0.198	-0.027	-0.054	0.383	"2"
"劝募"	0	1	0	0	0.113	0.796	0.03	0.06	-0.052	0.099	-0.013	-0.027	0.191	"2"
"办事处"	0	3	0	0	0.339	2.388	0.091	0.181	-0.156	0.297	-0.04	-0.081	0.574	"2"
"办公"	0	1	0	0	0.113	0.796	0.03	0.06	-0.052	0.099	-0.013	-0.027	0.191	"2"
"加冕"	0	1	0	0	0.113	0.796	0.03	0.06	-0.052	0.099	-0.013	-0.027	0.191	"2"
"动土"	0	10	0	0	1.131	7.959	0.304	0.605	-0.521	0.991	-0.134	-0.271	1.917	"2"
"动工"	0	3	0	0	0.339	2.388	0.091	0.181	-0.156	0.297	-0.04	-0.081	0.574	"2"
"勋章"	0	1	0	0	0.113	0.796	0.03	0.06	-0.052	0.099	-0.013	-0.027	0.191	"2"
"北市"	0	3	0	0	0.339	2.388	0.091	0.181	-0.156	0.297	-0.04	-0.081	0.574	"2"
"北市国"	1	0	0	0	0.113	0.796	0.03	0.06	0.946	-0.69	-0.013	-0.027	1.676	"1"
"北海市"	0	1	0	0	0.113	0.796	0.03	0.06	-0.052	0.099	-0.013	-0.027	0.191	"2"
"区公所"	0	1	0	0	0.113	0.796	0.03	0.06	-0.052	0.099	-0.013	-0.027	0.191	"2"
"医学"	0	2	0	0	0.226	1.592	0.061	0.121	-0.104	0.198	-0.027	-0.054	0.383	"2"
"医疗队"	0	2	0	0	0.226	1.592	0.061	0.121	-0.104	0.198	-0.027	-0.054	0.383	"2"
"十一.三"	0	1	0	0	0.113	0.796	0.03	0.06	-0.052	0.099	-0.013	-0.027	0.191	"2"
"十一时"	1	2	0	1	0.453	3.184	0.122	0.242	0.419	-0.728	-0.054	0.656	1.857	"2"
"十一月"	0	1	0	0	0.113	0.796	0.03	0.06	-0.052	0.099	-0.013	-0.027	0.191	"2"
"十九"	1	0	0	0	0.113	0.796	0.03	0.06	0.946	-0.69	-0.013	-0.027	1.676	"1"
"十九时"	0	1	0	0	0.113	0.796	0.03	0.06	-0.052	0.099	-0.013	-0.027	0.191	"2"
"十二月"	1	1	0	0	0.226	1.592	0.061	0.121	0.671	-0.436	-0.027	-0.054	1.188	"1"
"十二楼"	1	0	0	0	0.113	0.796	0.03	0.06	0.946	-0.69	-0.013	-0.027	1.676	"1"
"十五时"	0	2	0	0	0.226	1.592	0.061	0.121	-0.104	0.198	-0.027	-0.054	0.383	"2"
"十八"	1	0	0	0	0.113	0.796	0.03	0.06	0.946	-0.69	-0.013	-0.027	1.676	"1"
"十八年"	0	1	0	0	0.113	0.796	0.03	0.06	-0.052	0.099	-0.013	-0.027	0.191	"2"
"十八日"	0	1	0	0	0.113	0.796	0.03	0.06	-0.052	0.099	-0.013	-0.027	0.191	"2"
"十日"	1	0	0	0	0.113	0.796	0.03	0.06	0.946	-0.69	-0.013	-0.027	1.676	"1"
"十时"	2	13	0	1	1.81	12.735	0.487	0.968	0.256	0.235	-0.215	0.2	0.906	"1"
"升"	0	5	0	0	0.566	3.98	0.152	0.302	-0.261	0.496	-0.067	-0.136	0.96	"2"
"升旗"	0	16	0	0	1.81	12.735	0.487	0.968	-0.834	1.586	-0.215	-0.434	3.069	"2"
"升职"	0	1	0	0	0.113	0.796	0.03	0.06	-0.052	0.099	-0.013	-0.027	0.191	"2"
"华影"	0	2	0	0	0.226	1.592	0.061	0.121	-0.104	0.198	-0.027	-0.054	0.383	"2"
"华纳威秀"	0	1	0	0	0.113	0.796	0.03	0.06	-0.052	0.099	-0.013	-0.027	0.191	"2"
"华航"	0	2	0	0	0.226	1.592	0.061	0.121	-0.104	0.198	-0.027	-0.054	0.383	"2"
"协定"	0	1	2	0	0.339	2.388	0.091	0.181	-0.156	-0.967	2.566	-0.081	3.77	"3"
"协议"	0	1	2	0	0.339	2.388	0.091	0.181	-0.156	-0.967	2.566	-0.081	3.77	"3"
"协议书"	0	2	0	0	0.226	1.592	0.061	0.121	-0.104	0.198	-0.027	-0.054	0.383	"2"
"协调"	0	3	0	0	0.339	2.388	0.091	0.181	-0.156	0.297	-0.04	-0.081	0.574	"2"
"南京东路"	1	0	0	0	0.113	0.796	0.03	0.06	0.946	-0.69	-0.013	-0.027	1.676	"1"
"南北"	0	1	0	0	0.113	0.796	0.03	0.06	-0.052	0.099	-0.013	-0.027	0.191	"2"
"南回"	0	1	0	0	0.113	0.796	0.03	0.06	-0.052	0.099	-0.013	-0.027	0.191	"2"
"南投县"	0	1	0	0	0.113	0.796	0.03	0.06	-0.052	0.099	-0.013	-0.027	0.191	"2"
"南阳"	0	1	0	0	0.113	0.796	0.03	0.06	-0.052	0.099	-0.013	-0.027	0.191	"2"
"博物馆"	0	1	0	0	0.113	0.796	0.03	0.06	-0.052	0.099	-0.013	-0.027	0.191	"2"
"卡尔"	1	0	0	0	0.113	0.796	0.03	0.06	0.946	-0.69	-0.013	-0.027	1.676	"1"
"卡西亚诺夫"	0	1	0	0	0.113	0.796	0.03	0.06	-0.052	0.099	-0.013	-0.027	0.191	"2"
"卫星电视"	1	0	0	0	0.113	0.796	0.03	0.06	0.946	-0.69	-0.013	-0.027	1.676	"1"
"卫队"	0	1	0	0	0.113	0.796	0.03	0.06	-0.052	0.099	-0.013	-0.027	0.191	"2"
"印刷品"	0	1	0	0	0.113	0.796	0.03	0.06	-0.052	0.099	-0.013	-0.027	0.191	"2"
"印度教"	0	1	0	0	0.113	0.796	0.03	0.06	-0.052	0.099	-0.013	-0.027	0.191	"2"
"卸任"	0	1	0	2	0.339	2.388	0.091	0.181	-0.156	-0.967	-0.04	1.977	3.14	"4"
"厂房"	0	1	0	0	0.113	0.796	0.03	0.06	-0.052	0.099	-0.013	-0.027	0.191	"2"
"厄"	0	0	0	1	0.113	0.796	0.03	0.06	-0.052	-0.69	-0.013	1.218	1.973	"4"
"压轴"	0	1	0	0	0.113	0.796	0.03	0.06	-0.052	0.099	-0.013	-0.027	0.191	"2"
"厚铧"	0	0	0	1	0.113	0.796	0.03	0.06	-0.052	-0.69	-0.013	1.218	1.973	"4"
"原住民"	0	1	0	0	0.113	0.796	0.03	0.06	-0.052	0.099	-0.013	-0.027	0.191	"2"
"原订"	0	1	0	0	0.113	0.796	0.03	0.06	-0.052	0.099	-0.013	-0.027	0.191	"2"
"县长"	0	1	0	1	0.226	1.592	0.061	0.121	-0.104	-0.436	-0.027	0.931	1.498	"4"
"参加"	2	41	0	3	5.205	36.613	1.399	2.783	-1.024	1.151	-0.617	0.274	3.066	"2"
"友邦"	0	1	0	0	0.113	0.796	0.03	0.06	-0.052	0.099	-0.013	-0.027	0.191	"2"
"双十国庆"	0	1	0	0	0.113	0.796	0.03	0.06	-0.052	0.099	-0.013	-0.027	0.191	"2"
"发"	0	2	0	0	0.226	1.592	0.061	0.121	-0.104	0.198	-0.027	-0.054	0.383	"2"
"发刊"	0	1	0	0	0.113	0.796	0.03	0.06	-0.052	0.099	-0.013	-0.027	0.191	"2"
"发展局"	0	1	0	0	0.113	0.796	0.03	0.06	-0.052	0.099	-0.013	-0.027	0.191	"2"
"发展部"	0	1	0	0	0.113	0.796	0.03	0.06	-0.052	0.099	-0.013	-0.027	0.191	"2"
"发布"	0	5	0	0	0.566	3.98	0.152	0.302	-0.261	0.496	-0.067	-0.136	0.96	"2"
"发行"	0	1	0	0	0.113	0.796	0.03	0.06	-0.052	0.099	-0.013	-0.027	0.191	"2"
"发表"	2	12	0	1	1.697	11.939	0.456	0.907	0.285	0.199	-0.201	0.216	0.901	"1"
"受"	1	2	0	0	0.339	2.388	0.091	0.181	0.519	-0.305	-0.04	-0.081	0.945	"1"
"受虐"	0	1	0	0	0.113	0.796	0.03	0.06	-0.052	0.099	-0.013	-0.027	0.191	"2"
"古亭国"	1	0	0	0	0.113	0.796	0.03	0.06	0.946	-0.69	-0.013	-0.027	1.676	"1"
"古礼"	0	1	0	0	0.113	0.796	0.03	0.06	-0.052	0.099	-0.013	-0.027	0.191	"2"
"古铁"	0	2	0	1	0.339	2.388	0.091	0.181	-0.156	-0.305	-0.04	0.768	1.269	"4"
"台"	1	2	0	0	0.339	2.388	0.091	0.181	0.519	-0.305	-0.04	-0.081	0.945	"1"
"台中"	0	1	0	0	0.113	0.796	0.03	0.06	-0.052	0.099	-0.013	-0.027	0.191	"2"
"台北"	2	9	0	1	1.358	9.551	0.365	0.726	0.397	-0.341	-0.161	0.278	1.177	"1"
"台北市"	1	3	0	0	0.453	3.184	0.122	0.242	0.419	-0.223	-0.054	-0.108	0.804	"1"
"台南县"	1	0	0	0	0.113	0.796	0.03	0.06	0.946	-0.69	-0.013	-0.027	1.676	"1"
"台南市"	0	1	0	0	0.113	0.796	0.03	0.06	-0.052	0.099	-0.013	-0.027	0.191	"2"
"台商"	0	2	0	0	0.226	1.592	0.061	0.121	-0.104	0.198	-0.027	-0.054	0.383	"2"
"台大"	0	1	0	1	0.226	1.592	0.061	0.121	-0.104	-0.436	-0.027	0.931	1.498	"4"
"台湾省"	0	1	0	0	0.113	0.796	0.03	0.06	-0.052	0.099	-0.013	-0.027	0.191	"2"
"史国"	0	1	0	0	0.113	0.796	0.03	0.06	-0.052	0.099	-0.013	-0.027	0.191	"2"
"叶菊兰"	0	2	0	0	0.226	1.592	0.061	0.121	-0.104	0.198	-0.027	-0.054	0.383	"2"
"司令"	0	1	0	0	0.113	0.796	0.03	0.06	-0.052	0.099	-0.013	-0.027	0.191	"2"
"司法年"	0	1	0	0	0.113	0.796	0.03	0.06	-0.052	0.099	-0.013	-0.027	0.191	"2"
"司空见惯"	0	1	0	0	0.113	0.796	0.03	0.06	-0.052	0.099	-0.013	-0.027	0.191	"2"
"吁"	0	1	0	0	0.113	0.796	0.03	0.06	-0.052	0.099	-0.013	-0.027	0.191	"2"
"吁请"	0	1	0	0	0.113	0.796	0.03	0.06	-0.052	0.099	-0.013	-0.027	0.191	"2"
"合作"	0	2	2	0	0.453	3.184	0.122	0.242	-0.209	-0.728	2.274	-0.108	3.319	"3"
"合同"	0	1	0	0	0.113	0.796	0.03	0.06	-0.052	0.099	-0.013	-0.027	0.191	"2"
"合浦县"	0	1	0	0	0.113	0.796	0.03	0.06	-0.052	0.099	-0.013	-0.027	0.191	"2"
"同志"	0	2	0	0	0.226	1.592	0.061	0.121	-0.104	0.198	-0.027	-0.054	0.383	"2"
"名将"	0	1	0	0	0.113	0.796	0.03	0.06	-0.052	0.099	-0.013	-0.027	0.191	"2"
"后"	2	21	3	1	3.055	21.491	0.821	1.633	-0.401	-0.316	1.321	-0.294	2.332	"3"
"后综"	0	1	0	0	0.113	0.796	0.03	0.06	-0.052	0.099	-0.013	-0.027	0.191	"2"
"吕祖"	0	2	0	0	0.226	1.592	0.061	0.121	-0.104	0.198	-0.027	-0.054	0.383	"2"
"吕秀莲"	1	0	0	0	0.113	0.796	0.03	0.06	0.946	-0.69	-0.013	-0.027	1.676	"1"
"启动"	0	3	0	0	0.339	2.388	0.091	0.181	-0.156	0.297	-0.04	-0.081	0.574	"2"
"启用"	0	9	0	0	1.018	7.164	0.274	0.544	-0.469	0.892	-0.121	-0.244	1.726	"2"
"启航"	0	1	0	0	0.113	0.796	0.03	0.06	-0.052	0.099	-0.013	-0.027	0.191	"2"
"吴如兴"	0	1	0	0	0.113	0.796	0.03	0.06	-0.052	0.099	-0.013	-0.027	0.191	"2"
"吴素柔"	1	0	0	0	0.113	0.796	0.03	0.06	0.946	-0.69	-0.013	-0.027	1.676	"1"
"告别"	0	1	0	0	0.113	0.796	0.03	0.06	-0.052	0.099	-0.013	-0.027	0.191	"2"
"呼"	0	1	0	0	0.113	0.796	0.03	0.06	-0.052	0.099	-0.013	-0.027	0.191	"2"
"命名"	0	1	0	0	0.113	0.796	0.03	0.06	-0.052	0.099	-0.013	-0.027	0.191	"2"
"和平奖"	1	0	0	0	0.113	0.796	0.03	0.06	0.946	-0.69	-0.013	-0.027	1.676	"1"
"哀"	0	1	0	0	0.113	0.796	0.03	0.06	-0.052	0.099	-0.013	-0.027	0.191	"2"
"哀伤"	0	1	0	0	0.113	0.796	0.03	0.06	-0.052	0.099	-0.013	-0.027	0.191	"2"
"哀凄"	0	1	0	0	0.113	0.796	0.03	0.06	-0.052	0.099	-0.013	-0.027	0.191	"2"
"哀悼"	0	1	0	0	0.113	0.796	0.03	0.06	-0.052	0.099	-0.013	-0.027	0.191	"2"
"哈塔米"	0	1	0	0	0.113	0.796	0.03	0.06	-0.052	0.099	-0.013	-0.027	0.191	"2"
"哈维"	0	1	0	0	0.113	0.796	0.03	0.06	-0.052	0.099	-0.013	-0.027	0.191	"2"
"唐家璇"	0	1	0	0	0.113	0.796	0.03	0.06	-0.052	0.099	-0.013	-0.027	0.191	"2"
"唱"	0	1	0	0	0.113	0.796	0.03	0.06	-0.052	0.099	-0.013	-0.027	0.191	"2"
"唿吁"	0	1	0	0	0.113	0.796	0.03	0.06	-0.052	0.099	-0.013	-0.027	0.191	"2"
"商业类"	1	0	0	0	0.113	0.796	0.03	0.06	0.946	-0.69	-0.013	-0.027	1.676	"1"
"商店"	0	1	0	0	0.113	0.796	0.03	0.06	-0.052	0.099	-0.013	-0.027	0.191	"2"
"嘉义市"	0	2	0	0	0.226	1.592	0.061	0.121	-0.104	0.198	-0.027	-0.054	0.383	"2"
"嘉奖"	0	1	0	0	0.113	0.796	0.03	0.06	-0.052	0.099	-0.013	-0.027	0.191	"2"
"嘉宾"	1	3	0	0	0.453	3.184	0.122	0.242	0.419	-0.223	-0.054	-0.108	0.804	"1"
"器械网"	0	1	0	0	0.113	0.796	0.03	0.06	-0.052	0.099	-0.013	-0.027	0.191	"2"
"四楼"	0	0	0	1	0.113	0.796	0.03	0.06	-0.052	-0.69	-0.013	1.218	1.973	"4"
"四面佛"	0	1	0	0	0.113	0.796	0.03	0.06	-0.052	0.099	-0.013	-0.027	0.191	"2"
"团拜"	0	2	0	0	0.226	1.592	0.061	0.121	-0.104	0.198	-0.027	-0.054	0.383	"2"
"园区"	0	1	0	0	0.113	0.796	0.03	0.06	-0.052	0.099	-0.013	-0.027	0.191	"2"
"园游会"	0	1	0	0	0.113	0.796	0.03	0.06	-0.052	0.099	-0.013	-0.027	0.191	"2"
"国光"	0	2	0	0	0.226	1.592	0.061	0.121	-0.104	0.198	-0.027	-0.054	0.383	"2"
"国军"	0	3	0	0	0.339	2.388	0.091	0.181	-0.156	0.297	-0.04	-0.081	0.574	"2"
"国务"	0	1	0	0	0.113	0.796	0.03	0.06	-0.052	0.099	-0.013	-0.027	0.191	"2"
"国小"	0	3	0	0	0.339	2.388	0.091	0.181	-0.156	0.297	-0.04	-0.081	0.574	"2"
"国庆"	0	6	0	0	0.679	4.776	0.182	0.363	-0.313	0.595	-0.08	-0.163	1.151	"2"
"国旗"	0	7	0	0	0.792	5.572	0.213	0.423	-0.365	0.694	-0.094	-0.19	1.343	"2"
"国歌"	0	1	0	1	0.226	1.592	0.061	0.121	-0.104	-0.436	-0.027	0.931	1.498	"4"
"国民党籍"	0	2	0	0	0.226	1.592	0.061	0.121	-0.104	0.198	-0.027	-0.054	0.383	"2"
"国父"	0	6	0	0	0.679	4.776	0.182	0.363	-0.313	0.595	-0.08	-0.163	1.151	"2"
"国立"	0	1	0	1	0.226	1.592	0.061	0.121	-0.104	-0.436	-0.027	0.931	1.498	"4"
"国际台"	0	1	0	0	0.113	0.796	0.03	0.06	-0.052	0.099	-0.013	-0.027	0.191	"2"
"国际级"	0	1	0	0	0.113	0.796	0.03	0.06	-0.052	0.099	-0.013	-0.027	0.191	"2"
"圆山"	0	1	0	0	0.113	0.796	0.03	0.06	-0.052	0.099	-0.013	-0.027	0.191	"2"
"圆满"	0	3	0	0	0.339	2.388	0.091	0.181	-0.156	0.297	-0.04	-0.081	0.574	"2"
"圣"	0	1	0	0	0.113	0.796	0.03	0.06	-0.052	0.099	-0.013	-0.027	0.191	"2"
"圣火"	0	2	0	0	0.226	1.592	0.061	0.121	-0.104	0.198	-0.027	-0.054	0.383	"2"
"圣诞"	0	1	0	0	0.113	0.796	0.03	0.06	-0.052	0.099	-0.013	-0.027	0.191	"2"
"在场"	0	1	0	0	0.113	0.796	0.03	0.06	-0.052	0.099	-0.013	-0.027	0.191	"2"
"地下"	0	1	0	0	0.113	0.796	0.03	0.06	-0.052	0.099	-0.013	-0.027	0.191	"2"
"地主国"	1	0	0	0	0.113	0.796	0.03	0.06	0.946	-0.69	-0.013	-0.027	1.676	"1"
"场面"	0	2	0	0	0.226	1.592	0.061	0.121	-0.104	0.198	-0.027	-0.054	0.383	"2"
"坐落"	0	1	0	0	0.113	0.796	0.03	0.06	-0.052	0.099	-0.013	-0.027	0.191	"2"
"城隍庙"	0	1	0	0	0.113	0.796	0.03	0.06	-0.052	0.099	-0.013	-0.027	0.191	"2"
"基利昂"	0	1	0	0	0.113	0.796	0.03	0.06	-0.052	0.099	-0.013	-0.027	0.191	"2"
"基金会"	1	1	0	0	0.226	1.592	0.061	0.121	0.671	-0.436	-0.027	-0.054	1.188	"1"
"基隆市"	0	1	0	0	0.113	0.796	0.03	0.06	-0.052	0.099	-0.013	-0.027	0.191	"2"
"堂"	0	0	0	1	0.113	0.796	0.03	0.06	-0.052	-0.69	-0.013	1.218	1.973	"4"
"增添"	0	1	0	0	0.113	0.796	0.03	0.06	-0.052	0.099	-0.013	-0.027	0.191	"2"
"士官"	0	1	0	0	0.113	0.796	0.03	0.06	-0.052	0.099	-0.013	-0.027	0.191	"2"
"声声"	0	1	0	0	0.113	0.796	0.03	0.06	-0.052	0.099	-0.013	-0.027	0.191	"2"
"备忘录"	0	1	0	0	0.113	0.796	0.03	0.06	-0.052	0.099	-0.013	-0.027	0.191	"2"
"外"	0	2	0	0	0.226	1.592	0.061	0.121	-0.104	0.198	-0.027	-0.054	0.383	"2"
"外事"	0	1	0	0	0.113	0.796	0.03	0.06	-0.052	0.099	-0.013	-0.027	0.191	"2"
"外交部"	0	2	0	0	0.226	1.592	0.061	0.121	-0.104	0.198	-0.027	-0.054	0.383	"2"
"外交部长"	0	1	0	0	0.113	0.796	0.03	0.06	-0.052	0.099	-0.013	-0.027	0.191	"2"
"大会"	1	4	0	1	0.679	4.776	0.182	0.363	0.289	-0.45	-0.08	0.505	1.324	"4"
"大会堂"	0	3	0	0	0.339	2.388	0.091	0.181	-0.156	0.297	-0.04	-0.081	0.574	"2"
"大使"	0	4	1	2	0.792	5.572	0.213	0.423	-0.365	-0.809	0.711	1.203	3.088	"4"
"大使馆"	1	4	0	0	0.566	3.98	0.152	0.302	0.345	0.137	-0.067	-0.136	0.685	"1"
"大副"	0	1	0	0	0.113	0.796	0.03	0.06	-0.052	0.099	-0.013	-0.027	0.191	"2"
"大厦"	0	2	0	0	0.226	1.592	0.061	0.121	-0.104	0.198	-0.027	-0.054	0.383	"2"
"大回"	0	1	0	0	0.113	0.796	0.03	0.06	-0.052	0.099	-0.013	-0.027	0.191	"2"
"大学"	1	2	0	0	0.339	2.388	0.091	0.181	0.519	-0.305	-0.04	-0.081	0.945	"1"
"大楼"	1	6	0	0	0.792	5.572	0.213	0.423	0.245	0.248	-0.094	-0.19	0.777	"2"
"大甲"	0	1	0	0	0.113	0.796	0.03	0.06	-0.052	0.099	-0.013	-0.027	0.191	"2"
"大礼堂"	1	0	0	0	0.113	0.796	0.03	0.06	0.946	-0.69	-0.013	-0.027	1.676	"1"
"大联盟"	1	0	0	0	0.113	0.796	0.03	0.06	0.946	-0.69	-0.013	-0.027	1.676	"1"
"大运村"	0	1	0	0	0.113	0.796	0.03	0.06	-0.052	0.099	-0.013	-0.027	0.191	"2"
"大道"	1	1	0	0	0.226	1.592	0.061	0.121	0.671	-0.436	-0.027	-0.054	1.188	"1"
"大邱"	0	1	0	0	0.113	0.796	0.03	0.06	-0.052	0.099	-0.013	-0.027	0.191	"2"
"天坛"	0	1	0	0	0.113	0.796	0.03	0.06	-0.052	0.099	-0.013	-0.027	0.191	"2"
"天安门"	0	1	0	0	0.113	0.796	0.03	0.06	-0.052	0.099	-0.013	-0.027	0.191	"2"
"太极门"	0	1	0	0	0.113	0.796	0.03	0.06	-0.052	0.099	-0.013	-0.027	0.191	"2"
"夫人"	0	2	0	0	0.226	1.592	0.061	0.121	-0.104	0.198	-0.027	-0.054	0.383	"2"
"头前溪"	0	1	0	0	0.113	0.796	0.03	0.06	-0.052	0.099	-0.013	-0.027	0.191	"2"
"奖"	1	4	0	0	0.566	3.98	0.152	0.302	0.345	0.137	-0.067	-0.136	0.685	"1"
"奖助学金"	1	2	0	0	0.339	2.388	0.091	0.181	0.519	-0.305	-0.04	-0.081	0.945	"1"
"奖励"	1	0	0	0	0.113	0.796	0.03	0.06	0.946	-0.69	-0.013	-0.027	1.676	"1"
"奖章"	1	0	0	0	0.113	0.796	0.03	0.06	0.946	-0.69	-0.013	-0.027	1.676	"1"
"奖者"	1	0	0	0	0.113	0.796	0.03	0.06	0.946	-0.69	-0.013	-0.027	1.676	"1"
"奖项"	1	0	0	0	0.113	0.796	0.03	0.06	0.946	-0.69	-0.013	-0.027	1.676	"1"
"奠基"	0	3	0	1	0.453	3.184	0.122	0.242	-0.209	-0.223	-0.054	0.656	1.142	"4"
"奥斯卡"	3	1	0	0	0.453	3.184	0.122	0.242	2.276	-1.541	-0.054	-0.108	3.979	"1"
"奥运"	0	5	0	0	0.566	3.98	0.152	0.302	-0.261	0.496	-0.067	-0.136	0.96	"2"
"奥运会"	0	1	0	0	0.113	0.796	0.03	0.06	-0.052	0.099	-0.013	-0.027	0.191	"2"
"妈祖"	0	2	0	0	0.226	1.592	0.061	0.121	-0.104	0.198	-0.027	-0.054	0.383	"2"
"妙趣"	0	1	0	0	0.113	0.796	0.03	0.06	-0.052	0.099	-0.013	-0.027	0.191	"2"
"妥当"	0	1	0	0	0.113	0.796	0.03	0.06	-0.052	0.099	-0.013	-0.027	0.191	"2"
"姆巴"	0	0	0	1	0.113	0.796	0.03	0.06	-0.052	-0.69	-0.013	1.218	1.973	"4"
"姊妹俩"	1	0	0	0	0.113	0.796	0.03	0.06	0.946	-0.69	-0.013	-0.027	1.676	"1"
"始发"	0	2	0	0	0.226	1.592	0.061	0.121	-0.104	0.198	-0.027	-0.054	0.383	"2"
"委任"	0	1	0	0	0.113	0.796	0.03	0.06	-0.052	0.099	-0.013	-0.027	0.191	"2"
"姚照东"	0	1	0	0	0.113	0.796	0.03	0.06	-0.052	0.099	-0.013	-0.027	0.191	"2"
"婚丧"	0	2	0	0	0.226	1.592	0.061	0.121	-0.104	0.198	-0.027	-0.054	0.383	"2"
"婚姻"	0	2	0	0	0.226	1.592	0.061	0.121	-0.104	0.198	-0.027	-0.054	0.383	"2"
"婚礼"	0	2	0	0	0.226	1.592	0.061	0.121	-0.104	0.198	-0.027	-0.054	0.383	"2"
"婴儿"	0	1	0	0	0.113	0.796	0.03	0.06	-0.052	0.099	-0.013	-0.027	0.191	"2"
"嫁娶"	0	2	0	0	0.226	1.592	0.061	0.121	-0.104	0.198	-0.027	-0.054	0.383	"2"
"字"	0	2	0	0	0.226	1.592	0.061	0.121	-0.104	0.198	-0.027	-0.054	0.383	"2"
"孙俊"	0	1	0	0	0.113	0.796	0.03	0.06	-0.052	0.099	-0.013	-0.027	0.191	"2"
"孙玉玺"	0	1	0	0	0.113	0.796	0.03	0.06	-0.052	0.099	-0.013	-0.027	0.191	"2"
"孟迪斯"	0	1	0	0	0.113	0.796	0.03	0.06	-0.052	0.099	-0.013	-0.027	0.191	"2"
"学位"	0	2	0	0	0.226	1.592	0.061	0.121	-0.104	0.198	-0.027	-0.054	0.383	"2"
"学员"	0	1	0	0	0.113	0.796	0.03	0.06	-0.052	0.099	-0.013	-0.027	0.191	"2"
"学院"	0	3	0	0	0.339	2.388	0.091	0.181	-0.156	0.297	-0.04	-0.081	0.574	"2"
"宁"	0	1	0	0	0.113	0.796	0.03	0.06	-0.052	0.099	-0.013	-0.027	0.191	"2"
"宁夏"	0	1	0	0	0.113	0.796	0.03	0.06	-0.052	0.099	-0.013	-0.027	0.191	"2"
"宁赋魁"	0	0	0	1	0.113	0.796	0.03	0.06	-0.052	-0.69	-0.013	1.218	1.973	"4"
"安排"	0	6	0	0	0.679	4.776	0.182	0.363	-0.313	0.595	-0.08	-0.163	1.151	"2"
"安曼"	0	0	0	1	0.113	0.796	0.03	0.06	-0.052	-0.69	-0.013	1.218	1.973	"4"
"完工"	0	3	0	0	0.339	2.388	0.091	0.181	-0.156	0.297	-0.04	-0.081	0.574	"2"
"完毕"	0	2	0	0	0.226	1.592	0.061	0.121	-0.104	0.198	-0.027	-0.054	0.383	"2"
"宏茂桥"	0	1	0	0	0.113	0.796	0.03	0.06	-0.052	0.099	-0.013	-0.027	0.191	"2"
"宗教"	0	7	0	0	0.792	5.572	0.213	0.423	-0.365	0.694	-0.094	-0.19	1.343	"2"
"官邸"	0	1	0	0	0.113	0.796	0.03	0.06	-0.052	0.099	-0.013	-0.027	0.191	"2"
"定于"	0	1	0	0	0.113	0.796	0.03	0.06	-0.052	0.099	-0.013	-0.027	0.191	"2"
"宝顶"	0	2	0	0	0.226	1.592	0.061	0.121	-0.104	0.198	-0.027	-0.054	0.383	"2"
"实况"	0	2	0	0	0.226	1.592	0.061	0.121	-0.104	0.198	-0.027	-0.054	0.383	"2"
"宣传部"	1	0	0	0	0.113	0.796	0.03	0.06	0.946	-0.69	-0.013	-0.027	1.676	"1"
"宣布"	0	5	1	0	0.679	4.776	0.182	0.363	-0.313	0.19	0.772	-0.163	1.438	"3"
"宣示"	0	1	0	0	0.113	0.796	0.03	0.06	-0.052	0.099	-0.013	-0.027	0.191	"2"
"宣誓"	0	6	0	0	0.679	4.776	0.182	0.363	-0.313	0.595	-0.08	-0.163	1.151	"2"
"宪兵"	0	1	0	0	0.113	0.796	0.03	0.06	-0.052	0.099	-0.013	-0.027	0.191	"2"
"宪章"	0	0	1	0	0.113	0.796	0.03	0.06	-0.052	-0.69	1.517	-0.027	2.286	"3"
"家商"	0	1	0	0	0.113	0.796	0.03	0.06	-0.052	0.099	-0.013	-0.027	0.191	"2"
"寇克道格拉斯"	1	0	0	0	0.113	0.796	0.03	0.06	0.946	-0.69	-0.013	-0.027	1.676	"1"
"察队"	0	1	0	0	0.113	0.796	0.03	0.06	-0.052	0.099	-0.013	-0.027	0.191	"2"
"寿"	0	1	0	0	0.113	0.796	0.03	0.06	-0.052	0.099	-0.013	-0.027	0.191	"2"
"封"	0	1	0	0	0.113	0.796	0.03	0.06	-0.052	0.099	-0.013	-0.027	0.191	"2"
"将军"	0	1	0	0	0.113	0.796	0.03	0.06	-0.052	0.099	-0.013	-0.027	0.191	"2"
"将官"	0	1	0	0	0.113	0.796	0.03	0.06	-0.052	0.099	-0.013	-0.027	0.191	"2"
"小布希"	0	2	0	0	0.226	1.592	0.061	0.121	-0.104	0.198	-0.027	-0.054	0.383	"2"
"小米"	0	2	0	0	0.226	1.592	0.061	0.121	-0.104	0.198	-0.027	-0.054	0.383	"2"
"尚穆根"	0	1	0	0	0.113	0.796	0.03	0.06	-0.052	0.099	-0.013	-0.027	0.191	"2"
"就职"	0	23	0	1	2.716	19.103	0.73	1.452	-1.252	1.524	-0.322	-0.245	3.343	"2"
"尼国"	0	1	0	0	0.113	0.796	0.03	0.06	-0.052	0.099	-0.013	-0.027	0.191	"2"
"尼日尔"	0	2	0	0	0.226	1.592	0.061	0.121	-0.104	0.198	-0.027	-0.054	0.383	"2"
"局长"	0	0	0	1	0.113	0.796	0.03	0.06	-0.052	-0.69	-0.013	1.218	1.973	"4"
"居"	0	1	0	0	0.113	0.796	0.03	0.06	-0.052	0.099	-0.013	-0.027	0.191	"2"
"届"	5	5	0	0	1.131	7.959	0.304	0.605	2.544	-1.449	-0.134	-0.271	4.398	"1"
"届时"	1	2	0	0	0.339	2.388	0.091	0.181	0.519	-0.305	-0.04	-0.081	0.945	"1"
"展"	0	1	0	0	0.113	0.796	0.03	0.06	-0.052	0.099	-0.013	-0.027	0.191	"2"
"展延"	0	1	0	0	0.113	0.796	0.03	0.06	-0.052	0.099	-0.013	-0.027	0.191	"2"
"展开"	0	1	0	0	0.113	0.796	0.03	0.06	-0.052	0.099	-0.013	-0.027	0.191	"2"
"展览"	0	1	0	0	0.113	0.796	0.03	0.06	-0.052	0.099	-0.013	-0.027	0.191	"2"
"展览会"	0	2	0	0	0.226	1.592	0.061	0.121	-0.104	0.198	-0.027	-0.054	0.383	"2"
"山东省"	0	1	0	0	0.113	0.796	0.03	0.06	-0.052	0.099	-0.013	-0.027	0.191	"2"
"崔永干"	0	1	0	0	0.113	0.796	0.03	0.06	-0.052	0.099	-0.013	-0.027	0.191	"2"
"巡守"	0	1	0	0	0.113	0.796	0.03	0.06	-0.052	0.099	-0.013	-0.027	0.191	"2"
"工"	1	1	0	0	0.226	1.592	0.061	0.121	0.671	-0.436	-0.027	-0.054	1.188	"1"
"工业区"	0	1	0	0	0.113	0.796	0.03	0.06	-0.052	0.099	-0.013	-0.027	0.191	"2"
"工业局"	0	1	0	0	0.113	0.796	0.03	0.06	-0.052	0.099	-0.013	-0.027	0.191	"2"
"工程"	0	5	0	0	0.566	3.98	0.152	0.302	-0.261	0.496	-0.067	-0.136	0.96	"2"
"市府"	1	0	0	0	0.113	0.796	0.03	0.06	0.946	-0.69	-0.013	-0.027	1.676	"1"
"市政"	1	0	0	0	0.113	0.796	0.03	0.06	0.946	-0.69	-0.013	-0.027	1.676	"1"
"市长"	1	3	0	0	0.453	3.184	0.122	0.242	0.419	-0.223	-0.054	-0.108	0.804	"1"
"布希"	0	3	0	0	0.339	2.388	0.091	0.181	-0.156	0.297	-0.04	-0.081	0.574	"2"
"布拉格"	0	1	0	0	0.113	0.796	0.03	0.06	-0.052	0.099	-0.013	-0.027	0.191	"2"
"布拉特"	1	0	0	0	0.113	0.796	0.03	0.06	0.946	-0.69	-0.013	-0.027	1.676	"1"
"布莱尔"	0	2	0	0	0.226	1.592	0.061	0.121	-0.104	0.198	-0.027	-0.054	0.383	"2"
"希拉克"	0	1	0	0	0.113	0.796	0.03	0.06	-0.052	0.099	-0.013	-0.027	0.191	"2"
"帕塔塞"	0	1	0	0	0.113	0.796	0.03	0.06	-0.052	0.099	-0.013	-0.027	0.191	"2"
"帕尼亚瓜"	0	1	0	0	0.113	0.796	0.03	0.06	-0.052	0.099	-0.013	-0.027	0.191	"2"
"帛国"	0	1	0	0	0.113	0.796	0.03	0.06	-0.052	0.099	-0.013	-0.027	0.191	"2"
"帝国大厦"	0	1	0	0	0.113	0.796	0.03	0.06	-0.052	0.099	-0.013	-0.027	0.191	"2"
"席"	1	2	0	0	0.339	2.388	0.091	0.181	0.519	-0.305	-0.04	-0.081	0.945	"1"
"幕"	0	3	0	0	0.339	2.388	0.091	0.181	-0.156	0.297	-0.04	-0.081	0.574	"2"
"干流迎"	0	1	0	0	0.113	0.796	0.03	0.06	-0.052	0.099	-0.013	-0.027	0.191	"2"
"年"	0	1	0	0	0.113	0.796	0.03	0.06	-0.052	0.099	-0.013	-0.027	0.191	"2"
"并合"	0	0	0	1	0.113	0.796	0.03	0.06	-0.052	-0.69	-0.013	1.218	1.973	"4"
"幸运大"	0	1	0	0	0.113	0.796	0.03	0.06	-0.052	0.099	-0.013	-0.027	0.191	"2"
"广东省"	0	1	0	0	0.113	0.796	0.03	0.06	-0.052	0.099	-0.013	-0.027	0.191	"2"
"广场"	0	12	0	0	1.358	9.551	0.365	0.726	-0.626	1.189	-0.161	-0.325	2.301	"2"
"广州市"	0	0	1	0	0.113	0.796	0.03	0.06	-0.052	-0.69	1.517	-0.027	2.286	"3"
"庄严"	0	2	0	0	0.226	1.592	0.061	0.121	-0.104	0.198	-0.027	-0.054	0.383	"2"
"庄重"	0	1	0	0	0.113	0.796	0.03	0.06	-0.052	0.099	-0.013	-0.027	0.191	"2"
"庆"	0	1	0	0	0.113	0.796	0.03	0.06	-0.052	0.099	-0.013	-0.027	0.191	"2"
"庆典"	0	3	0	0	0.339	2.388	0.091	0.181	-0.156	0.297	-0.04	-0.081	0.574	"2"
"庆生"	0	1	0	0	0.113	0.796	0.03	0.06	-0.052	0.099	-0.013	-0.027	0.191	"2"
"庆生会"	0	1	0	0	0.113	0.796	0.03	0.06	-0.052	0.099	-0.013	-0.027	0.191	"2"
"庆祝"	0	7	0	0	0.792	5.572	0.213	0.423	-0.365	0.694	-0.094	-0.19	1.343	"2"
"庆祝会"	0	1	0	0	0.113	0.796	0.03	0.06	-0.052	0.099	-0.013	-0.027	0.191	"2"
"序幕"	1	0	0	0	0.113	0.796	0.03	0.06	0.946	-0.69	-0.013	-0.027	1.676	"1"
"应用力学"	0	1	0	0	0.113	0.796	0.03	0.06	-0.052	0.099	-0.013	-0.027	0.191	"2"
"应邀"	0	4	0	1	0.566	3.98	0.152	0.302	-0.261	0.137	-0.067	0.572	1.037	"4"
"庙宇"	0	1	0	0	0.113	0.796	0.03	0.06	-0.052	0.099	-0.013	-0.027	0.191	"2"
"废墟"	0	1	0	0	0.113	0.796	0.03	0.06	-0.052	0.099	-0.013	-0.027	0.191	"2"
"廖永来"	0	3	0	0	0.339	2.388	0.091	0.181	-0.156	0.297	-0.04	-0.081	0.574	"2"
"建国"	0	1	0	0	0.113	0.796	0.03	0.06	-0.052	0.099	-0.013	-0.027	0.191	"2"
"建国党"	0	0	0	1	0.113	0.796	0.03	0.06	-0.052	-0.69	-0.013	1.218	1.973	"4"
"建置"	0	1	0	0	0.113	0.796	0.03	0.06	-0.052	0.099	-0.013	-0.027	0.191	"2"
"建醮"	0	1	0	0	0.113	0.796	0.03	0.06	-0.052	0.099	-0.013	-0.027	0.191	"2"
"开业"	0	4	0	0	0.453	3.184	0.122	0.242	-0.209	0.396	-0.054	-0.108	0.767	"2"
"开光"	0	2	0	0	0.226	1.592	0.061	0.121	-0.104	0.198	-0.027	-0.054	0.383	"2"
"开园"	0	1	0	0	0.113	0.796	0.03	0.06	-0.052	0.099	-0.013	-0.027	0.191	"2"
"开国"	0	1	0	0	0.113	0.796	0.03	0.06	-0.052	0.099	-0.013	-0.027	0.191	"2"
"开学"	0	1	0	0	0.113	0.796	0.03	0.06	-0.052	0.099	-0.013	-0.027	0.191	"2"
"开展"	1	1	0	0	0.226	1.592	0.061	0.121	0.671	-0.436	-0.027	-0.054	1.188	"1"
"开工"	0	5	0	0	0.566	3.98	0.152	0.302	-0.261	0.496	-0.067	-0.136	0.96	"2"
"开幕"	2	32	0	0	3.847	27.062	1.034	2.057	-0.613	1.702	-0.456	-0.921	3.692	"2"
"开幕式"	1	0	0	0	0.113	0.796	0.03	0.06	0.946	-0.69	-0.013	-0.027	1.676	"1"
"开幕礼"	0	1	0	0	0.113	0.796	0.03	0.06	-0.052	0.099	-0.013	-0.027	0.191	"2"
"开张"	0	1	0	0	0.113	0.796	0.03	0.06	-0.052	0.099	-0.013	-0.027	0.191	"2"
"开揭"	0	1	0	0	0.113	0.796	0.03	0.06	-0.052	0.099	-0.013	-0.027	0.191	"2"
"开村"	0	1	0	0	0.113	0.796	0.03	0.06	-0.052	0.099	-0.013	-0.027	0.191	"2"
"开训"	0	1	0	0	0.113	0.796	0.03	0.06	-0.052	0.099	-0.013	-0.027	0.191	"2"
"开赛"	0	1	0	0	0.113	0.796	0.03	0.06	-0.052	0.099	-0.013	-0.027	0.191	"2"
"开通"	0	1	0	0	0.113	0.796	0.03	0.06	-0.052	0.099	-0.013	-0.027	0.191	"2"
"开镜"	0	1	0	0	0.113	0.796	0.03	0.06	-0.052	0.099	-0.013	-0.027	0.191	"2"
"开馆"	0	1	0	0	0.113	0.796	0.03	0.06	-0.052	0.099	-0.013	-0.027	0.191	"2"
"开香"	0	1	0	0	0.113	0.796	0.03	0.06	-0.052	0.099	-0.013	-0.027	0.191	"2"
"式挥旗"	0	1	0	0	0.113	0.796	0.03	0.06	-0.052	0.099	-0.013	-0.027	0.191	"2"
"引爆"	0	1	0	0	0.113	0.796	0.03	0.06	-0.052	0.099	-0.013	-0.027	0.191	"2"
"弗伊"	0	1	0	0	0.113	0.796	0.03	0.06	-0.052	0.099	-0.013	-0.027	0.191	"2"
"张云翘"	0	1	0	0	0.113	0.796	0.03	0.06	-0.052	0.099	-0.013	-0.027	0.191	"2"
"张俊雄"	0	1	0	3	0.453	3.184	0.122	0.242	-0.209	-1.541	-0.054	3.073	4.877	"4"
"张博雅"	1	1	0	0	0.226	1.592	0.061	0.121	0.671	-0.436	-0.027	-0.054	1.188	"1"
"张学良"	0	2	0	0	0.226	1.592	0.061	0.121	-0.104	0.198	-0.027	-0.054	0.383	"2"
"张宏喜"	0	0	0	1	0.113	0.796	0.03	0.06	-0.052	-0.69	-0.013	1.218	1.973	"4"
"张富美"	0	1	0	0	0.113	0.796	0.03	0.06	-0.052	0.099	-0.013	-0.027	0.191	"2"
"张德培"	0	1	0	0	0.113	0.796	0.03	0.06	-0.052	0.099	-0.013	-0.027	0.191	"2"
"张志贤"	0	2	0	0	0.226	1.592	0.061	0.121	-0.104	0.198	-0.027	-0.054	0.383	"2"
"张松光"	0	1	0	0	0.113	0.796	0.03	0.06	-0.052	0.099	-0.013	-0.027	0.191	"2"
"张灿鍙"	0	0	0	1	0.113	0.796	0.03	0.06	-0.052	-0.69	-0.013	1.218	1.973	"4"
"张老师"	0	1	0	0	0.113	0.796	0.03	0.06	-0.052	0.099	-0.013	-0.027	0.191	"2"
"张茅"	0	1	0	0	0.113	0.796	0.03	0.06	-0.052	0.099	-0.013	-0.027	0.191	"2"
"当天"	0	3	1	1	0.566	3.98	0.152	0.302	-0.261	-0.567	0.844	0.572	2.244	"3"
"当晚"	0	1	0	0	0.113	0.796	0.03	0.06	-0.052	0.099	-0.013	-0.027	0.191	"2"
"彩带"	0	3	0	0	0.339	2.388	0.091	0.181	-0.156	0.297	-0.04	-0.081	0.574	"2"
"彭明敏"	0	0	0	2	0.226	1.592	0.061	0.121	-0.104	-1.381	-0.027	2.437	3.949	"4"
"彰"	0	1	0	0	0.113	0.796	0.03	0.06	-0.052	0.099	-0.013	-0.027	0.191	"2"
"影城"	0	1	0	0	0.113	0.796	0.03	0.06	-0.052	0.099	-0.013	-0.027	0.191	"2"
"影展"	1	0	0	0	0.113	0.796	0.03	0.06	0.946	-0.69	-0.013	-0.027	1.676	"1"
"影片"	1	0	0	0	0.113	0.796	0.03	0.06	0.946	-0.69	-0.013	-0.027	1.676	"1"
"往例"	0	1	0	0	0.113	0.796	0.03	0.06	-0.052	0.099	-0.013	-0.027	0.191	"2"
"待"	0	1	0	0	0.113	0.796	0.03	0.06	-0.052	0.099	-0.013	-0.027	0.191	"2"
"徐光普"	0	1	0	0	0.113	0.796	0.03	0.06	-0.052	0.099	-0.013	-0.027	0.191	"2"
"得奖人"	1	0	0	0	0.113	0.796	0.03	0.06	0.946	-0.69	-0.013	-0.027	1.676	"1"
"得月园"	0	1	0	0	0.113	0.796	0.03	0.06	-0.052	0.099	-0.013	-0.027	0.191	"2"
"德明"	0	1	0	0	0.113	0.796	0.03	0.06	-0.052	0.099	-0.013	-0.027	0.191	"2"
"忏悔"	0	1	0	0	0.113	0.796	0.03	0.06	-0.052	0.099	-0.013	-0.027	0.191	"2"
"志工"	1	0	0	0	0.113	0.796	0.03	0.06	0.946	-0.69	-0.013	-0.027	1.676	"1"
"忠利"	0	1	0	0	0.113	0.796	0.03	0.06	-0.052	0.099	-0.013	-0.027	0.191	"2"
"总冠军"	1	0	0	0	0.113	0.796	0.03	0.06	0.946	-0.69	-0.013	-0.027	1.676	"1"
"总投资"	0	0	1	0	0.113	0.796	0.03	0.06	-0.052	-0.69	1.517	-0.027	2.286	"3"
"总理"	0	7	1	0	0.905	6.368	0.243	0.484	-0.417	0.309	0.66	-0.217	1.603	"3"
"总督"	0	2	0	0	0.226	1.592	0.061	0.121	-0.104	0.198	-0.027	-0.054	0.383	"2"
"总算"	0	1	0	0	0.113	0.796	0.03	0.06	-0.052	0.099	-0.013	-0.027	0.191	"2"
"总统"	1	27	2	2	3.621	25.47	0.973	1.936	-0.963	0.47	0.595	0.233	2.261	"1"
"总统府"	0	6	0	1	0.792	5.572	0.213	0.423	-0.365	0.248	-0.094	0.451	1.158	"4"
"总裁"	0	3	1	0	0.453	3.184	0.122	0.242	-0.209	-0.223	0.935	-0.108	1.475	"3"
"总部"	0	3	1	0	0.453	3.184	0.122	0.242	-0.209	-0.223	0.935	-0.108	1.475	"3"
"总领事"	0	1	0	0	0.113	0.796	0.03	0.06	-0.052	0.099	-0.013	-0.027	0.191	"2"
"恩达伊泽耶"	0	0	0	1	0.113	0.796	0.03	0.06	-0.052	-0.69	-0.013	1.218	1.973	"4"
"恰巧"	0	0	1	0	0.113	0.796	0.03	0.06	-0.052	-0.69	1.517	-0.027	2.286	"3"
"悼"	0	1	0	0	0.113	0.796	0.03	0.06	-0.052	0.099	-0.013	-0.027	0.191	"2"
"悼念"	0	2	0	0	0.226	1.592	0.061	0.121	-0.104	0.198	-0.027	-0.054	0.383	"2"
"感恩节"	0	1	0	0	0.113	0.796	0.03	0.06	-0.052	0.099	-0.013	-0.027	0.191	"2"
"感谢"	0	4	0	0	0.453	3.184	0.122	0.242	-0.209	0.396	-0.054	-0.108	0.767	"2"
"戏台"	0	1	0	0	0.113	0.796	0.03	0.06	-0.052	0.099	-0.013	-0.027	0.191	"2"
"成人"	0	2	0	0	0.226	1.592	0.061	0.121	-0.104	0.198	-0.027	-0.054	0.383	"2"
"成人节"	0	1	0	0	0.113	0.796	0.03	0.06	-0.052	0.099	-0.013	-0.027	0.191	"2"
"成立"	0	10	1	0	1.245	8.755	0.335	0.665	-0.574	0.508	0.541	-0.298	1.921	"1"
"战殁"	0	1	0	0	0.113	0.796	0.03	0.06	-0.052	0.099	-0.013	-0.027	0.191	"2"
"扩建"	0	1	0	0	0.113	0.796	0.03	0.06	-0.052	0.099	-0.013	-0.027	0.191	"2"
"扬"	0	1	0	0	0.113	0.796	0.03	0.06	-0.052	0.099	-0.013	-0.027	0.191	"2"
"找回"	0	1	0	0	0.113	0.796	0.03	0.06	-0.052	0.099	-0.013	-0.027	0.191	"2"
"投入"	0	1	0	0	0.113	0.796	0.03	0.06	-0.052	0.099	-0.013	-0.027	0.191	"2"
"抬骨"	0	1	0	0	0.113	0.796	0.03	0.06	-0.052	0.099	-0.013	-0.027	0.191	"2"
"抽奖"	0	1	0	0	0.113	0.796	0.03	0.06	-0.052	0.099	-0.013	-0.027	0.191	"2"
"抽签"	0	2	0	0	0.226	1.592	0.061	0.121	-0.104	0.198	-0.027	-0.054	0.383	"2"
"担任"	2	0	0	1	0.339	2.388	0.091	0.181	1.45	-2.071	-0.04	0.768	4.329	"2"
"担纲"	1	0	0	0	0.113	0.796	0.03	0.06	0.946	-0.69	-0.013	-0.027	1.676	"1"
"拉宾"	0	2	0	0	0.226	1.592	0.061	0.121	-0.104	0.198	-0.027	-0.054	0.383	"2"
"拉法兰"	0	1	0	0	0.113	0.796	0.03	0.06	-0.052	0.099	-0.013	-0.027	0.191	"2"
"拜"	1	0	0	0	0.113	0.796	0.03	0.06	0.946	-0.69	-0.013	-0.027	1.676	"1"
"挂牌"	0	2	0	0	0.226	1.592	0.061	0.121	-0.104	0.198	-0.027	-0.054	0.383	"2"
"指南"	0	1	0	0	0.113	0.796	0.03	0.06	-0.052	0.099	-0.013	-0.027	0.191	"2"
"指挥权"	0	1	0	0	0.113	0.796	0.03	0.06	-0.052	0.099	-0.013	-0.027	0.191	"2"
"按时"	0	1	0	0	0.113	0.796	0.03	0.06	-0.052	0.099	-0.013	-0.027	0.191	"2"
"挥旗"	0	2	0	0	0.226	1.592	0.061	0.121	-0.104	0.198	-0.027	-0.054	0.383	"2"
"捐"	0	1	0	0	0.113	0.796	0.03	0.06	-0.052	0.099	-0.013	-0.027	0.191	"2"
"捐建"	0	0	0	1	0.113	0.796	0.03	0.06	-0.052	-0.69	-0.013	1.218	1.973	"4"
"捐款"	0	3	0	0	0.339	2.388	0.091	0.181	-0.156	0.297	-0.04	-0.081	0.574	"2"
"捐赠"	0	9	0	1	1.131	7.959	0.304	0.605	-0.521	0.439	-0.134	0.333	1.427	"1"
"捷克"	0	2	0	0	0.226	1.592	0.061	0.121	-0.104	0.198	-0.027	-0.054	0.383	"2"
"捷运"	0	2	0	0	0.226	1.592	0.061	0.121	-0.104	0.198	-0.027	-0.054	0.383	"2"
"授予"	0	3	0	0	0.339	2.388	0.091	0.181	-0.156	0.297	-0.04	-0.081	0.574	"2"
"授勋"	0	1	0	0	0.113	0.796	0.03	0.06	-0.052	0.099	-0.013	-0.027	0.191	"2"
"授旗"	0	2	0	0	0.226	1.592	0.061	0.121	-0.104	0.198	-0.027	-0.054	0.383	"2"
"授证"	0	2	0	0	0.226	1.592	0.061	0.121	-0.104	0.198	-0.027	-0.054	0.383	"2"
"授阶"	0	3	0	0	0.339	2.388	0.091	0.181	-0.156	0.297	-0.04	-0.081	0.574	"2"
"接"	0	1	0	0	0.113	0.796	0.03	0.06	-0.052	0.099	-0.013	-0.027	0.191	"2"
"接任"	0	0	0	1	0.113	0.796	0.03	0.06	-0.052	-0.69	-0.013	1.218	1.973	"4"
"接力"	2	0	0	0	0.226	1.592	0.061	0.121	1.893	-1.381	-0.027	-0.054	3.355	"1"
"接受"	0	1	0	0	0.113	0.796	0.03	0.06	-0.052	0.099	-0.013	-0.027	0.191	"2"
"接收"	0	1	0	0	0.113	0.796	0.03	0.06	-0.052	0.099	-0.013	-0.027	0.191	"2"
"接管"	0	1	0	0	0.113	0.796	0.03	0.06	-0.052	0.099	-0.013	-0.027	0.191	"2"
"接见"	0	1	0	0	0.113	0.796	0.03	0.06	-0.052	0.099	-0.013	-0.027	0.191	"2"
"接过"	0	0	0	1	0.113	0.796	0.03	0.06	-0.052	-0.69	-0.013	1.218	1.973	"4"
"推介"	0	6	0	0	0.679	4.776	0.182	0.363	-0.313	0.595	-0.08	-0.163	1.151	"2"
"推展"	0	1	0	0	0.113	0.796	0.03	0.06	-0.052	0.099	-0.013	-0.027	0.191	"2"
"推荐"	1	0	0	0	0.113	0.796	0.03	0.06	0.946	-0.69	-0.013	-0.027	1.676	"1"
"揭"	0	3	0	0	0.339	2.388	0.091	0.181	-0.156	0.297	-0.04	-0.081	0.574	"2"
"揭幕"	0	8	0	0	0.905	6.368	0.243	0.484	-0.417	0.793	-0.107	-0.217	1.534	"2"
"揭晓"	0	1	0	0	0.113	0.796	0.03	0.06	-0.052	0.099	-0.013	-0.027	0.191	"2"
"揭橥"	0	1	0	0	0.113	0.796	0.03	0.06	-0.052	0.099	-0.013	-0.027	0.191	"2"
"揭牌"	0	5	0	0	0.566	3.98	0.152	0.302	-0.261	0.496	-0.067	-0.136	0.96	"2"
"摄影"	1	0	0	0	0.113	0.796	0.03	0.06	0.946	-0.69	-0.013	-0.027	1.676	"1"
"擢升"	0	2	0	0	0.226	1.592	0.061	0.121	-0.104	0.198	-0.027	-0.054	0.383	"2"
"支票"	1	4	0	0	0.566	3.98	0.152	0.302	0.345	0.137	-0.067	-0.136	0.685	"1"
"收割"	0	1	0	0	0.113	0.796	0.03	0.06	-0.052	0.099	-0.013	-0.027	0.191	"2"
"改建"	0	1	0	0	0.113	0.796	0.03	0.06	-0.052	0.099	-0.013	-0.027	0.191	"2"
"改革出"	0	1	0	0	0.113	0.796	0.03	0.06	-0.052	0.099	-0.013	-0.027	0.191	"2"
"放枪"	0	1	0	0	0.113	0.796	0.03	0.06	-0.052	0.099	-0.013	-0.027	0.191	"2"
"政务"	0	4	0	0	0.453	3.184	0.122	0.242	-0.209	0.396	-0.054	-0.108	0.767	"2"
"政协"	0	2	0	0	0.226	1.592	0.061	0.121	-0.104	0.198	-0.027	-0.054	0.383	"2"
"效用"	0	1	0	0	0.113	0.796	0.03	0.06	-0.052	0.099	-0.013	-0.027	0.191	"2"
"救国团"	0	1	0	0	0.113	0.796	0.03	0.06	-0.052	0.099	-0.013	-0.027	0.191	"2"
"教"	0	1	0	0	0.113	0.796	0.03	0.06	-0.052	0.099	-0.013	-0.027	0.191	"2"
"教堂"	0	1	0	0	0.113	0.796	0.03	0.06	-0.052	0.099	-0.013	-0.027	0.191	"2"
"教育部"	0	2	0	0	0.226	1.592	0.061	0.121	-0.104	0.198	-0.027	-0.054	0.383	"2"
"教育部长"	0	2	0	0	0.226	1.592	0.061	0.121	-0.104	0.198	-0.027	-0.054	0.383	"2"
"敦南店"	1	0	0	0	0.113	0.796	0.03	0.06	0.946	-0.69	-0.013	-0.027	1.676	"1"
"敦睦"	0	1	0	0	0.113	0.796	0.03	0.06	-0.052	0.099	-0.013	-0.027	0.191	"2"
"敬"	0	1	0	0	0.113	0.796	0.03	0.06	-0.052	0.099	-0.013	-0.027	0.191	"2"
"敬礼"	0	2	0	0	0.226	1.592	0.061	0.121	-0.104	0.198	-0.027	-0.054	0.383	"2"
"敲定"	1	0	0	0	0.113	0.796	0.03	0.06	0.946	-0.69	-0.013	-0.027	1.676	"1"
"整"	0	2	0	0	0.226	1.592	0.061	0.121	-0.104	0.198	-0.027	-0.054	0.383	"2"
"文件"	0	0	1	0	0.113	0.796	0.03	0.06	-0.052	-0.69	1.517	-0.027	2.286	"3"
"文化观光部"	0	1	0	0	0.113	0.796	0.03	0.06	-0.052	0.099	-0.013	-0.027	0.191	"2"
"文化馆"	0	1	0	0	0.113	0.796	0.03	0.06	-0.052	0.099	-0.013	-0.027	0.191	"2"
"文学奖"	1	0	0	0	0.113	0.796	0.03	0.06	0.946	-0.69	-0.013	-0.027	1.676	"1"
"文山区"	0	1	0	0	0.113	0.796	0.03	0.06	-0.052	0.099	-0.013	-0.027	0.191	"2"
"文教"	0	1	0	0	0.113	0.796	0.03	0.06	-0.052	0.099	-0.013	-0.027	0.191	"2"
"文物馆"	0	3	0	0	0.339	2.388	0.091	0.181	-0.156	0.297	-0.04	-0.081	0.574	"2"
"文艺"	0	1	0	0	0.113	0.796	0.03	0.06	-0.052	0.099	-0.013	-0.027	0.191	"2"
"料罗港"	0	1	0	0	0.113	0.796	0.03	0.06	-0.052	0.099	-0.013	-0.027	0.191	"2"
"斯德哥尔摩"	1	0	0	0	0.113	0.796	0.03	0.06	0.946	-0.69	-0.013	-0.027	1.676	"1"
"新人"	0	1	0	0	0.113	0.796	0.03	0.06	-0.052	0.099	-0.013	-0.027	0.191	"2"
"新公园"	0	1	0	0	0.113	0.796	0.03	0.06	-0.052	0.099	-0.013	-0.027	0.191	"2"
"新卸任"	0	0	0	1	0.113	0.796	0.03	0.06	-0.052	-0.69	-0.013	1.218	1.973	"4"
"新娘"	0	1	0	0	0.113	0.796	0.03	0.06	-0.052	0.099	-0.013	-0.027	0.191	"2"
"新建"	0	3	0	0	0.339	2.388	0.091	0.181	-0.156	0.297	-0.04	-0.081	0.574	"2"
"新旧"	0	0	0	1	0.113	0.796	0.03	0.06	-0.052	-0.69	-0.013	1.218	1.973	"4"
"新春"	0	1	0	0	0.113	0.796	0.03	0.06	-0.052	0.099	-0.013	-0.027	0.191	"2"
"新生"	0	1	0	0	0.113	0.796	0.03	0.06	-0.052	0.099	-0.013	-0.027	0.191	"2"
"新生南路"	0	1	0	0	0.113	0.796	0.03	0.06	-0.052	0.099	-0.013	-0.027	0.191	"2"
"新竹"	0	1	0	1	0.226	1.592	0.061	0.121	-0.104	-0.436	-0.027	0.931	1.498	"4"
"新美"	0	1	0	0	0.113	0.796	0.03	0.06	-0.052	0.099	-0.013	-0.027	0.191	"2"
"新西兰"	0	2	0	0	0.226	1.592	0.061	0.121	-0.104	0.198	-0.027	-0.054	0.383	"2"
"新郎"	0	1	0	0	0.113	0.796	0.03	0.06	-0.052	0.099	-0.013	-0.027	0.191	"2"
"新闻奖"	1	0	0	0	0.113	0.796	0.03	0.06	0.946	-0.69	-0.013	-0.027	1.676	"1"
"新闻局"	3	0	0	0	0.339	2.388	0.091	0.181	2.839	-2.071	-0.04	-0.081	5.031	"1"
"方"	0	1	0	0	0.113	0.796	0.03	0.06	-0.052	0.099	-0.013	-0.027	0.191	"2"
"旗"	0	1	0	0	0.113	0.796	0.03	0.06	-0.052	0.099	-0.013	-0.027	0.191	"2"
"早上"	0	1	0	0	0.113	0.796	0.03	0.06	-0.052	0.099	-0.013	-0.027	0.191	"2"
"时"	1	14	0	1	1.81	12.735	0.487	0.968	-0.351	0.472	-0.215	0.2	1.238	"2"
"昇灯扬幡"	0	1	0	0	0.113	0.796	0.03	0.06	-0.052	0.099	-0.013	-0.027	0.191	"2"
"明天"	0	2	0	0	0.226	1.592	0.061	0.121	-0.104	0.198	-0.027	-0.054	0.383	"2"
"明媚"	0	1	0	0	0.113	0.796	0.03	0.06	-0.052	0.099	-0.013	-0.027	0.191	"2"
"明斯"	0	0	0	1	0.113	0.796	0.03	0.06	-0.052	-0.69	-0.013	1.218	1.973	"4"
"明星"	1	0	0	0	0.113	0.796	0.03	0.06	0.946	-0.69	-0.013	-0.027	1.676	"1"
"昏倒"	0	1	0	0	0.113	0.796	0.03	0.06	-0.052	0.099	-0.013	-0.027	0.191	"2"
"星光"	1	0	0	0	0.113	0.796	0.03	0.06	0.946	-0.69	-0.013	-0.027	1.676	"1"
"星期六"	0	1	0	0	0.113	0.796	0.03	0.06	-0.052	0.099	-0.013	-0.027	0.191	"2"
"星期天"	0	1	0	0	0.113	0.796	0.03	0.06	-0.052	0.099	-0.013	-0.027	0.191	"2"
"昨天"	0	13	0	0	1.471	10.347	0.395	0.786	-0.678	1.289	-0.174	-0.352	2.493	"2"
"昨日"	0	1	0	0	0.113	0.796	0.03	0.06	-0.052	0.099	-0.013	-0.027	0.191	"2"
"昨晚"	0	1	0	0	0.113	0.796	0.03	0.06	-0.052	0.099	-0.013	-0.027	0.191	"2"
"晋任"	0	2	0	0	0.226	1.592	0.061	0.121	-0.104	0.198	-0.027	-0.054	0.383	"2"
"晋陞"	0	2	0	0	0.226	1.592	0.061	0.121	-0.104	0.198	-0.027	-0.054	0.383	"2"
"晕倒"	1	0	0	0	0.113	0.796	0.03	0.06	0.946	-0.69	-0.013	-0.027	1.676	"1"
"晚"	0	2	0	0	0.226	1.592	0.061	0.121	-0.104	0.198	-0.027	-0.054	0.383	"2"
"晚上"	2	2	0	0	0.453	3.184	0.122	0.242	1.182	-0.728	-0.054	-0.108	2.072	"1"
"晚会"	1	2	0	0	0.339	2.388	0.091	0.181	0.519	-0.305	-0.04	-0.081	0.945	"1"
"晚宴"	0	1	0	0	0.113	0.796	0.03	0.06	-0.052	0.099	-0.013	-0.027	0.191	"2"
"晚间"	0	1	0	0	0.113	0.796	0.03	0.06	-0.052	0.099	-0.013	-0.027	0.191	"2"
"晶华"	0	1	0	0	0.113	0.796	0.03	0.06	-0.052	0.099	-0.013	-0.027	0.191	"2"
"智利队"	0	0	1	0	0.113	0.796	0.03	0.06	-0.052	-0.69	1.517	-0.027	2.286	"3"
"暂订"	1	0	0	0	0.113	0.796	0.03	0.06	0.946	-0.69	-0.013	-0.027	1.676	"1"
"暨"	4	8	0	0	1.358	9.551	0.365	0.726	1.415	-0.665	-0.161	-0.325	2.566	"1"
"暨南"	0	0	2	0	0.226	1.592	0.061	0.121	-0.104	-1.381	3.034	-0.054	4.573	"3"
"暨结业"	0	1	0	0	0.113	0.796	0.03	0.06	-0.052	0.099	-0.013	-0.027	0.191	"2"
"曙光"	0	2	0	0	0.226	1.592	0.061	0.121	-0.104	0.198	-0.027	-0.054	0.383	"2"
"曲张"	0	1	0	0	0.113	0.796	0.03	0.06	-0.052	0.099	-0.013	-0.027	0.191	"2"
"曾培炎"	0	1	0	0	0.113	0.796	0.03	0.06	-0.052	0.099	-0.013	-0.027	0.191	"2"
"曾士生"	0	2	0	0	0.226	1.592	0.061	0.121	-0.104	0.198	-0.027	-0.054	0.383	"2"
"曾志朗"	0	1	0	0	0.113	0.796	0.03	0.06	-0.052	0.099	-0.013	-0.027	0.191	"2"
"最佳"	0	1	0	0	0.113	0.796	0.03	0.06	-0.052	0.099	-0.013	-0.027	0.191	"2"
"服务队"	0	1	0	0	0.113	0.796	0.03	0.06	-0.052	0.099	-0.013	-0.027	0.191	"2"
"期勉"	0	1	0	0	0.113	0.796	0.03	0.06	-0.052	0.099	-0.013	-0.027	0.191	"2"
"朱琦"	0	0	1	0	0.113	0.796	0.03	0.06	-0.052	-0.69	1.517	-0.027	2.286	"3"
"李光耀"	0	1	0	0	0.113	0.796	0.03	0.06	-0.052	0.099	-0.013	-0.027	0.191	"2"
"李国"	0	1	0	0	0.113	0.796	0.03	0.06	-0.052	0.099	-0.013	-0.027	0.191	"2"
"李文"	0	1	0	0	0.113	0.796	0.03	0.06	-0.052	0.099	-0.013	-0.027	0.191	"2"
"李文献"	1	0	0	0	0.113	0.796	0.03	0.06	0.946	-0.69	-0.013	-0.027	1.676	"1"
"李登"	0	1	0	0	0.113	0.796	0.03	0.06	-0.052	0.099	-0.013	-0.027	0.191	"2"
"来来"	0	1	0	0	0.113	0.796	0.03	0.06	-0.052	0.099	-0.013	-0.027	0.191	"2"
"杨德智授证"	0	1	0	0	0.113	0.796	0.03	0.06	-0.052	0.099	-0.013	-0.027	0.191	"2"
"杨荣文"	0	2	0	0	0.226	1.592	0.061	0.121	-0.104	0.198	-0.027	-0.054	0.383	"2"
"杨衍银"	0	1	0	0	0.113	0.796	0.03	0.06	-0.052	0.099	-0.013	-0.027	0.191	"2"
"松仁路"	0	1	0	0	0.113	0.796	0.03	0.06	-0.052	0.099	-0.013	-0.027	0.191	"2"
"极限"	0	1	0	0	0.113	0.796	0.03	0.06	-0.052	0.099	-0.013	-0.027	0.191	"2"
"林懋荣"	0	1	0	0	0.113	0.796	0.03	0.06	-0.052	0.099	-0.013	-0.027	0.191	"2"
"查尔斯"	0	0	0	1	0.113	0.796	0.03	0.06	-0.052	-0.69	-0.013	1.218	1.973	"4"
"柯达"	0	1	0	0	0.113	0.796	0.03	0.06	-0.052	0.099	-0.013	-0.027	0.191	"2"
"树苗"	0	0	0	1	0.113	0.796	0.03	0.06	-0.052	-0.69	-0.013	1.218	1.973	"4"
"校友"	0	1	0	0	0.113	0.796	0.03	0.06	-0.052	0.099	-0.013	-0.027	0.191	"2"
"校友会馆"	0	0	0	1	0.113	0.796	0.03	0.06	-0.052	-0.69	-0.013	1.218	1.973	"4"
"校园"	1	0	0	0	0.113	0.796	0.03	0.06	0.946	-0.69	-0.013	-0.027	1.676	"1"
"校庆"	0	1	0	0	0.113	0.796	0.03	0.06	-0.052	0.099	-0.013	-0.027	0.191	"2"
"校舍"	0	3	0	0	0.339	2.388	0.091	0.181	-0.156	0.297	-0.04	-0.081	0.574	"2"
"校长"	0	5	0	0	0.566	3.98	0.152	0.302	-0.261	0.496	-0.067	-0.136	0.96	"2"
"校阅"	0	1	0	0	0.113	0.796	0.03	0.06	-0.052	0.099	-0.013	-0.027	0.191	"2"
"桂冠奖"	1	0	0	0	0.113	0.796	0.03	0.06	0.946	-0.69	-0.013	-0.027	1.676	"1"
"桌球"	0	1	0	0	0.113	0.796	0.03	0.06	-0.052	0.099	-0.013	-0.027	0.191	"2"
"梅西亚"	0	1	0	0	0.113	0.796	0.03	0.06	-0.052	0.099	-0.013	-0.027	0.191	"2"
"梓"	0	1	0	0	0.113	0.796	0.03	0.06	-0.052	0.099	-0.013	-0.027	0.191	"2"
"检阅"	0	1	0	0	0.113	0.796	0.03	0.06	-0.052	0.099	-0.013	-0.027	0.191	"2"
"植棉"	0	0	0	1	0.113	0.796	0.03	0.06	-0.052	-0.69	-0.013	1.218	1.973	"4"
"樟"	0	1	0	0	0.113	0.796	0.03	0.06	-0.052	0.099	-0.013	-0.027	0.191	"2"
"模范生"	1	0	0	0	0.113	0.796	0.03	0.06	0.946	-0.69	-0.013	-0.027	1.676	"1"
"横生"	0	1	0	0	0.113	0.796	0.03	0.06	-0.052	0.099	-0.013	-0.027	0.191	"2"
"欢"	0	1	0	0	0.113	0.796	0.03	0.06	-0.052	0.099	-0.013	-0.027	0.191	"2"
"欢迎"	0	17	0	0	1.923	13.531	0.517	1.028	-0.887	1.685	-0.228	-0.461	3.261	"2"
"欢送"	0	1	0	0	0.113	0.796	0.03	0.06	-0.052	0.099	-0.013	-0.027	0.191	"2"
"歌舞"	0	1	0	0	0.113	0.796	0.03	0.06	-0.052	0.099	-0.013	-0.027	0.191	"2"
"正式"	1	5	0	0	0.679	4.776	0.182	0.363	0.289	0.19	-0.08	-0.163	0.722	"1"
"殡仪"	0	1	0	0	0.113	0.796	0.03	0.06	-0.052	0.099	-0.013	-0.027	0.191	"2"
"殡仪馆"	0	3	0	0	0.339	2.388	0.091	0.181	-0.156	0.297	-0.04	-0.081	0.574	"2"
"每"	0	1	0	0	0.113	0.796	0.03	0.06	-0.052	0.099	-0.013	-0.027	0.191	"2"
"毕"	0	1	0	0	0.113	0.796	0.03	0.06	-0.052	0.099	-0.013	-0.027	0.191	"2"
"毕业"	0	2	0	0	0.226	1.592	0.061	0.121	-0.104	0.198	-0.027	-0.054	0.383	"2"
"毛磊"	0	0	1	0	0.113	0.796	0.03	0.06	-0.052	-0.69	1.517	-0.027	2.286	"3"
"毛里塔尼亚"	0	0	0	1	0.113	0.796	0.03	0.06	-0.052	-0.69	-0.013	1.218	1.973	"4"
"民俗"	0	1	0	0	0.113	0.796	0.03	0.06	-0.052	0.099	-0.013	-0.027	0.191	"2"
"民国"	0	1	0	0	0.113	0.796	0.03	0.06	-0.052	0.099	-0.013	-0.027	0.191	"2"
"民政部"	0	1	0	0	0.113	0.796	0.03	0.06	-0.052	0.099	-0.013	-0.027	0.191	"2"
"民防"	0	1	0	0	0.113	0.796	0.03	0.06	-0.052	0.099	-0.013	-0.027	0.191	"2"
"民防战"	0	1	0	0	0.113	0.796	0.03	0.06	-0.052	0.099	-0.013	-0.027	0.191	"2"
"水灯"	0	1	0	0	0.113	0.796	0.03	0.06	-0.052	0.099	-0.013	-0.027	0.191	"2"
"永乐宫"	0	1	0	0	0.113	0.796	0.03	0.06	-0.052	0.099	-0.013	-0.027	0.191	"2"
"汉城"	0	3	0	0	0.339	2.388	0.091	0.181	-0.156	0.297	-0.04	-0.081	0.574	"2"
"汉族"	0	1	0	0	0.113	0.796	0.03	0.06	-0.052	0.099	-0.013	-0.027	0.191	"2"
"江岸"	1	0	0	0	0.113	0.796	0.03	0.06	0.946	-0.69	-0.013	-0.027	1.676	"1"
"江泽民"	0	3	0	0	0.339	2.388	0.091	0.181	-0.156	0.297	-0.04	-0.081	0.574	"2"
"池塘"	0	1	0	0	0.113	0.796	0.03	0.06	-0.052	0.099	-0.013	-0.027	0.191	"2"
"汤普森"	0	1	0	0	0.113	0.796	0.03	0.06	-0.052	0.099	-0.013	-0.027	0.191	"2"
"河内"	1	0	0	0	0.113	0.796	0.03	0.06	0.946	-0.69	-0.013	-0.027	1.676	"1"
"河川"	0	1	0	0	0.113	0.796	0.03	0.06	-0.052	0.099	-0.013	-0.027	0.191	"2"
"法事"	0	1	0	0	0.113	0.796	0.03	0.06	-0.052	0.099	-0.013	-0.027	0.191	"2"
"法师"	0	1	0	0	0.113	0.796	0.03	0.06	-0.052	0.099	-0.013	-0.027	0.191	"2"
"法新社"	0	2	0	0	0.226	1.592	0.061	0.121	-0.104	0.198	-0.027	-0.054	0.383	"2"
"法自"	0	1	0	0	0.113	0.796	0.03	0.06	-0.052	0.099	-0.013	-0.027	0.191	"2"
"法自行车赛"	0	2	0	0	0.226	1.592	0.061	0.121	-0.104	0.198	-0.027	-0.054	0.383	"2"
"注册官"	0	1	0	0	0.113	0.796	0.03	0.06	-0.052	0.099	-0.013	-0.027	0.191	"2"
"泰宾馆"	1	0	0	0	0.113	0.796	0.03	0.06	0.946	-0.69	-0.013	-0.027	1.676	"1"
"泽慧"	0	0	1	0	0.113	0.796	0.03	0.06	-0.052	-0.69	1.517	-0.027	2.286	"3"
"津"	0	0	1	0	0.113	0.796	0.03	0.06	-0.052	-0.69	1.517	-0.027	2.286	"3"
"洪茂诚"	0	1	0	0	0.113	0.796	0.03	0.06	-0.052	0.099	-0.013	-0.027	0.191	"2"
"活动中心"	0	1	0	1	0.226	1.592	0.061	0.121	-0.104	-0.436	-0.027	0.931	1.498	"4"
"流经"	0	1	0	0	0.113	0.796	0.03	0.06	-0.052	0.099	-0.013	-0.027	0.191	"2"
"海上"	0	1	0	0	0.113	0.796	0.03	0.06	-0.052	0.099	-0.013	-0.027	0.191	"2"
"海崃"	0	1	0	0	0.113	0.796	0.03	0.06	-0.052	0.099	-0.013	-0.027	0.191	"2"
"涂"	0	0	0	1	0.113	0.796	0.03	0.06	-0.052	-0.69	-0.013	1.218	1.973	"4"
"消防局"	0	2	0	0	0.226	1.592	0.061	0.121	-0.104	0.198	-0.027	-0.054	0.383	"2"
"淡水"	1	1	0	0	0.226	1.592	0.061	0.121	0.671	-0.436	-0.027	-0.054	1.188	"1"
"淡江"	1	1	0	0	0.226	1.592	0.061	0.121	0.671	-0.436	-0.027	-0.054	1.188	"1"
"深圳"	0	1	0	0	0.113	0.796	0.03	0.06	-0.052	0.099	-0.013	-0.027	0.191	"2"
"清丽"	0	1	0	0	0.113	0.796	0.03	0.06	-0.052	0.099	-0.013	-0.027	0.191	"2"
"清寒"	1	0	0	0	0.113	0.796	0.03	0.06	0.946	-0.69	-0.013	-0.027	1.676	"1"
"清晨"	0	1	0	0	0.113	0.796	0.03	0.06	-0.052	0.099	-0.013	-0.027	0.191	"2"
"渊源"	0	1	0	0	0.113	0.796	0.03	0.06	-0.052	0.099	-0.013	-0.027	0.191	"2"
"温家宝"	0	4	0	0	0.453	3.184	0.122	0.242	-0.209	0.396	-0.054	-0.108	0.767	"2"
"温馨"	0	1	0	0	0.113	0.796	0.03	0.06	-0.052	0.099	-0.013	-0.027	0.191	"2"
"温鹰"	0	1	0	0	0.113	0.796	0.03	0.06	-0.052	0.099	-0.013	-0.027	0.191	"2"
"游行"	0	1	0	0	0.113	0.796	0.03	0.06	-0.052	0.099	-0.013	-0.027	0.191	"2"
"游龙"	0	3	0	0	0.339	2.388	0.091	0.181	-0.156	0.297	-0.04	-0.081	0.574	"2"
"滨海"	0	1	0	0	0.113	0.796	0.03	0.06	-0.052	0.099	-0.013	-0.027	0.191	"2"
"演奏"	1	0	0	0	0.113	0.796	0.03	0.06	0.946	-0.69	-0.013	-0.027	1.676	"1"
"演讲"	0	1	0	0	0.113	0.796	0.03	0.06	-0.052	0.099	-0.013	-0.027	0.191	"2"
"演讲会"	0	2	0	0	0.226	1.592	0.061	0.121	-0.104	0.198	-0.027	-0.054	0.383	"2"
"演说"	0	1	0	0	0.113	0.796	0.03	0.06	-0.052	0.099	-0.013	-0.027	0.191	"2"
"澳门"	0	1	0	2	0.339	2.388	0.091	0.181	-0.156	-0.967	-0.04	1.977	3.14	"4"
"火炬"	0	2	0	0	0.226	1.592	0.061	0.121	-0.104	0.198	-0.027	-0.054	0.383	"2"
"火焰"	0	1	0	0	0.113	0.796	0.03	0.06	-0.052	0.099	-0.013	-0.027	0.191	"2"
"火种"	0	1	0	0	0.113	0.796	0.03	0.06	-0.052	0.099	-0.013	-0.027	0.191	"2"
"火车站"	0	1	0	0	0.113	0.796	0.03	0.06	-0.052	0.099	-0.013	-0.027	0.191	"2"
"火鸡"	0	1	0	0	0.113	0.796	0.03	0.06	-0.052	0.099	-0.013	-0.027	0.191	"2"
"灯"	0	2	0	0	0.226	1.592	0.061	0.121	-0.104	0.198	-0.027	-0.054	0.383	"2"
"灯会"	0	1	0	0	0.113	0.796	0.03	0.06	-0.052	0.099	-0.013	-0.027	0.191	"2"
"灯篙"	0	1	0	0	0.113	0.796	0.03	0.06	-0.052	0.099	-0.013	-0.027	0.191	"2"
"灵堂"	0	1	0	0	0.113	0.796	0.03	0.06	-0.052	0.099	-0.013	-0.027	0.191	"2"
"点灯"	0	4	0	0	0.453	3.184	0.122	0.242	-0.209	0.396	-0.054	-0.108	0.767	"2"
"点燃"	0	1	0	0	0.113	0.796	0.03	0.06	-0.052	0.099	-0.013	-0.027	0.191	"2"
"热烈"	0	2	0	0	0.226	1.592	0.061	0.121	-0.104	0.198	-0.027	-0.054	0.383	"2"
"热闹"	0	1	0	0	0.113	0.796	0.03	0.06	-0.052	0.099	-0.013	-0.027	0.191	"2"
"照样"	0	1	0	0	0.113	0.796	0.03	0.06	-0.052	0.099	-0.013	-0.027	0.191	"2"
"牌"	0	1	0	0	0.113	0.796	0.03	0.06	-0.052	0.099	-0.013	-0.027	0.191	"2"
"牛车水"	0	2	0	0	0.226	1.592	0.061	0.121	-0.104	0.198	-0.027	-0.054	0.383	"2"
"物品"	0	1	0	1	0.226	1.592	0.061	0.121	-0.104	-0.436	-0.027	0.931	1.498	"4"
"物流"	0	1	0	0	0.113	0.796	0.03	0.06	-0.052	0.099	-0.013	-0.027	0.191	"2"
"物资"	0	0	0	2	0.226	1.592	0.061	0.121	-0.104	-1.381	-0.027	2.437	3.949	"4"
"特刊"	0	1	0	0	0.113	0.796	0.03	0.06	-0.052	0.099	-0.013	-0.027	0.191	"2"
"特别"	0	1	0	0	0.113	0.796	0.03	0.06	-0.052	0.099	-0.013	-0.027	0.191	"2"
"特区"	0	1	0	1	0.226	1.592	0.061	0.121	-0.104	-0.436	-0.027	0.931	1.498	"4"
"特展"	0	1	0	0	0.113	0.796	0.03	0.06	-0.052	0.099	-0.013	-0.027	0.191	"2"
"特有"	0	1	0	0	0.113	0.796	0.03	0.06	-0.052	0.099	-0.013	-0.027	0.191	"2"
"犹太教堂"	0	1	0	0	0.113	0.796	0.03	0.06	-0.052	0.099	-0.013	-0.027	0.191	"2"
"献礼"	0	1	0	0	0.113	0.796	0.03	0.06	-0.052	0.099	-0.013	-0.027	0.191	"2"
"献花"	0	2	0	0	0.226	1.592	0.061	0.121	-0.104	0.198	-0.027	-0.054	0.383	"2"
"玄奘"	0	2	0	0	0.226	1.592	0.061	0.121	-0.104	0.198	-0.027	-0.054	0.383	"2"
"玉皇大帝"	0	1	0	0	0.113	0.796	0.03	0.06	-0.052	0.099	-0.013	-0.027	0.191	"2"
"王兆国"	0	1	0	0	0.113	0.796	0.03	0.06	-0.052	0.099	-0.013	-0.027	0.191	"2"
"王子"	0	1	0	1	0.226	1.592	0.061	0.121	-0.104	-0.436	-0.027	0.931	1.498	"4"
"王宫"	0	1	0	0	0.113	0.796	0.03	0.06	-0.052	0.099	-0.013	-0.027	0.191	"2"
"王毅"	0	1	0	0	0.113	0.796	0.03	0.06	-0.052	0.099	-0.013	-0.027	0.191	"2"
"王陇德"	0	1	0	0	0.113	0.796	0.03	0.06	-0.052	0.099	-0.013	-0.027	0.191	"2"
"环亚"	0	0	0	1	0.113	0.796	0.03	0.06	-0.052	-0.69	-0.013	1.218	1.973	"4"
"环保奖"	1	0	0	0	0.113	0.796	0.03	0.06	0.946	-0.69	-0.013	-0.027	1.676	"1"
"现场"	0	2	0	0	0.226	1.592	0.061	0.121	-0.104	0.198	-0.027	-0.054	0.383	"2"
"球衣"	0	1	0	0	0.113	0.796	0.03	0.06	-0.052	0.099	-0.013	-0.027	0.191	"2"
"理事会"	0	1	0	0	0.113	0.796	0.03	0.06	-0.052	0.099	-0.013	-0.027	0.191	"2"
"理事长"	0	0	0	1	0.113	0.796	0.03	0.06	-0.052	-0.69	-0.013	1.218	1.973	"4"
"理工学院"	0	1	0	0	0.113	0.796	0.03	0.06	-0.052	0.099	-0.013	-0.027	0.191	"2"
"理监事"	0	0	0	1	0.113	0.796	0.03	0.06	-0.052	-0.69	-0.013	1.218	1.973	"4"
"琥碧戈柏"	1	0	0	0	0.113	0.796	0.03	0.06	0.946	-0.69	-0.013	-0.027	1.676	"1"
"璧画"	0	1	0	0	0.113	0.796	0.03	0.06	-0.052	0.099	-0.013	-0.027	0.191	"2"
"甄选"	1	0	0	0	0.113	0.796	0.03	0.06	0.946	-0.69	-0.013	-0.027	1.676	"1"
"甜甜"	1	0	0	0	0.113	0.796	0.03	0.06	0.946	-0.69	-0.013	-0.027	1.676	"1"
"田弘"	0	1	0	0	0.113	0.796	0.03	0.06	-0.052	0.099	-0.013	-0.027	0.191	"2"
"由"	3	21	1	2	3.055	21.491	0.821	1.633	-0.198	-0.316	0.247	0.308	1.069	"2"
"电影"	0	2	0	0	0.226	1.592	0.061	0.121	-0.104	0.198	-0.027	-0.054	0.383	"2"
"电视"	1	1	0	0	0.226	1.592	0.061	0.121	0.671	-0.436	-0.027	-0.054	1.188	"1"
"男篮"	0	4	1	0	0.566	3.98	0.152	0.302	-0.261	0.137	0.844	-0.136	1.378	"3"
"留念"	0	0	0	1	0.113	0.796	0.03	0.06	-0.052	-0.69	-0.013	1.218	1.973	"4"
"番"	0	1	0	0	0.113	0.796	0.03	0.06	-0.052	0.099	-0.013	-0.027	0.191	"2"
"病倒"	0	1	0	0	0.113	0.796	0.03	0.06	-0.052	0.099	-0.013	-0.027	0.191	"2"
"登场"	4	0	0	0	0.453	3.184	0.122	0.242	3.785	-2.761	-0.054	-0.108	6.708	"1"
"登舰"	0	1	0	0	0.113	0.796	0.03	0.06	-0.052	0.099	-0.013	-0.027	0.191	"2"
"白宫"	0	3	1	0	0.453	3.184	0.122	0.242	-0.209	-0.223	0.935	-0.108	1.475	"3"
"百万"	0	1	0	0	0.113	0.796	0.03	0.06	-0.052	0.099	-0.013	-0.027	0.191	"2"
"百年"	0	1	0	0	0.113	0.796	0.03	0.06	-0.052	0.099	-0.013	-0.027	0.191	"2"
"监交"	0	0	0	1	0.113	0.796	0.03	0.06	-0.052	-0.69	-0.013	1.218	1.973	"4"
"盗墓"	0	1	0	0	0.113	0.796	0.03	0.06	-0.052	0.099	-0.013	-0.027	0.191	"2"
"盛会"	0	1	0	0	0.113	0.796	0.03	0.06	-0.052	0.099	-0.013	-0.027	0.191	"2"
"盛大"	0	3	0	0	0.339	2.388	0.091	0.181	-0.156	0.297	-0.04	-0.081	0.574	"2"
"直升机"	0	1	0	1	0.226	1.592	0.061	0.121	-0.104	-0.436	-0.027	0.931	1.498	"4"
"真个"	0	1	0	0	0.113	0.796	0.03	0.06	-0.052	0.099	-0.013	-0.027	0.191	"2"
"眼花撩乱"	1	0	0	0	0.113	0.796	0.03	0.06	0.946	-0.69	-0.013	-0.027	1.676	"1"
"着名"	0	1	0	0	0.113	0.796	0.03	0.06	-0.052	0.099	-0.013	-0.027	0.191	"2"
"知音"	1	0	0	0	0.113	0.796	0.03	0.06	0.946	-0.69	-0.013	-0.027	1.676	"1"
"石锳"	1	0	0	0	0.113	0.796	0.03	0.06	0.946	-0.69	-0.013	-0.027	1.676	"1"
"码头"	0	1	0	0	0.113	0.796	0.03	0.06	-0.052	0.099	-0.013	-0.027	0.191	"2"
"研究班"	0	1	0	0	0.113	0.796	0.03	0.06	-0.052	0.099	-0.013	-0.027	0.191	"2"
"破天荒"	0	1	0	0	0.113	0.796	0.03	0.06	-0.052	0.099	-0.013	-0.027	0.191	"2"
"碑"	0	2	0	0	0.226	1.592	0.061	0.121	-0.104	0.198	-0.027	-0.054	0.383	"2"
"示"	0	3	0	0	0.339	2.388	0.091	0.181	-0.156	0.297	-0.04	-0.081	0.574	"2"
"示范市"	0	1	0	0	0.113	0.796	0.03	0.06	-0.052	0.099	-0.013	-0.027	0.191	"2"
"礼"	1	0	0	0	0.113	0.796	0.03	0.06	0.946	-0.69	-0.013	-0.027	1.676	"1"
"礼堂"	1	1	0	0	0.226	1.592	0.061	0.121	0.671	-0.436	-0.027	-0.054	1.188	"1"
"礼宾"	0	1	0	0	0.113	0.796	0.03	0.06	-0.052	0.099	-0.013	-0.027	0.191	"2"
"礼拜"	0	1	0	0	0.113	0.796	0.03	0.06	-0.052	0.099	-0.013	-0.027	0.191	"2"
"礼炮"	0	0	0	1	0.113	0.796	0.03	0.06	-0.052	-0.69	-0.013	1.218	1.973	"4"
"社团"	0	1	0	0	0.113	0.796	0.03	0.06	-0.052	0.099	-0.013	-0.027	0.191	"2"
"社科院"	0	1	0	0	0.113	0.796	0.03	0.06	-0.052	0.099	-0.013	-0.027	0.191	"2"
"祈年殿"	0	1	0	0	0.113	0.796	0.03	0.06	-0.052	0.099	-0.013	-0.027	0.191	"2"
"祈福"	0	2	0	0	0.226	1.592	0.061	0.121	-0.104	0.198	-0.027	-0.054	0.383	"2"
"祝圣"	0	1	0	0	0.113	0.796	0.03	0.06	-0.052	0.099	-0.013	-0.027	0.191	"2"
"祝福"	0	2	0	0	0.226	1.592	0.061	0.121	-0.104	0.198	-0.027	-0.054	0.383	"2"
"祝词"	0	1	0	0	0.113	0.796	0.03	0.06	-0.052	0.099	-0.013	-0.027	0.191	"2"
"神"	1	0	0	0	0.113	0.796	0.03	0.06	0.946	-0.69	-0.013	-0.027	1.676	"1"
"祭"	0	3	0	0	0.339	2.388	0.091	0.181	-0.156	0.297	-0.04	-0.081	0.574	"2"
"祭典"	0	2	0	0	0.226	1.592	0.061	0.121	-0.104	0.198	-0.027	-0.054	0.383	"2"
"禁忌"	0	1	0	0	0.113	0.796	0.03	0.06	-0.052	0.099	-0.013	-0.027	0.191	"2"
"福克斯"	0	1	0	0	0.113	0.796	0.03	0.06	-0.052	0.099	-0.013	-0.027	0.191	"2"
"离队"	0	1	0	0	0.113	0.796	0.03	0.06	-0.052	0.099	-0.013	-0.027	0.191	"2"
"秋"	0	1	0	0	0.113	0.796	0.03	0.06	-0.052	0.099	-0.013	-0.027	0.191	"2"
"秋叶"	0	1	0	0	0.113	0.796	0.03	0.06	-0.052	0.099	-0.013	-0.027	0.191	"2"
"秋季"	0	1	0	0	0.113	0.796	0.03	0.06	-0.052	0.099	-0.013	-0.027	0.191	"2"
"科"	0	1	0	0	0.113	0.796	0.03	0.06	-0.052	0.099	-0.013	-0.027	0.191	"2"
"科学宫"	0	1	0	0	0.113	0.796	0.03	0.06	-0.052	0.099	-0.013	-0.027	0.191	"2"
"科特迪瓦"	0	0	0	1	0.113	0.796	0.03	0.06	-0.052	-0.69	-0.013	1.218	1.973	"4"
"称赞"	0	1	0	1	0.226	1.592	0.061	0.121	-0.104	-0.436	-0.027	0.931	1.498	"4"
"空军"	0	0	0	1	0.113	0.796	0.03	0.06	-0.052	-0.69	-0.013	1.218	1.973	"4"
"空军军"	0	1	0	0	0.113	0.796	0.03	0.06	-0.052	0.099	-0.013	-0.027	0.191	"2"
"空难"	0	1	0	0	0.113	0.796	0.03	0.06	-0.052	0.099	-0.013	-0.027	0.191	"2"
"窗口"	0	1	0	0	0.113	0.796	0.03	0.06	-0.052	0.099	-0.013	-0.027	0.191	"2"
"立法院长"	0	1	0	0	0.113	0.796	0.03	0.06	-0.052	0.099	-0.013	-0.027	0.191	"2"
"竖"	0	1	0	0	0.113	0.796	0.03	0.06	-0.052	0.099	-0.013	-0.027	0.191	"2"
"竞赛"	1	1	0	0	0.226	1.592	0.061	0.121	0.671	-0.436	-0.027	-0.054	1.188	"1"
"竣"	0	1	0	0	0.113	0.796	0.03	0.06	-0.052	0.099	-0.013	-0.027	0.191	"2"
"竣工"	0	2	0	0	0.226	1.592	0.061	0.121	-0.104	0.198	-0.027	-0.054	0.383	"2"
"童春庆"	0	1	0	0	0.113	0.796	0.03	0.06	-0.052	0.099	-0.013	-0.027	0.191	"2"
"竺延风"	0	0	1	0	0.113	0.796	0.03	0.06	-0.052	-0.69	1.517	-0.027	2.286	"3"
"笑佛"	0	1	0	0	0.113	0.796	0.03	0.06	-0.052	0.099	-0.013	-0.027	0.191	"2"
"笑言"	0	1	0	0	0.113	0.796	0.03	0.06	-0.052	0.099	-0.013	-0.027	0.191	"2"
"笑话"	1	0	0	0	0.113	0.796	0.03	0.06	0.946	-0.69	-0.013	-0.027	1.676	"1"
"符喜泉"	0	1	0	0	0.113	0.796	0.03	0.06	-0.052	0.099	-0.013	-0.027	0.191	"2"
"第29"	0	1	0	0	0.113	0.796	0.03	0.06	-0.052	0.099	-0.013	-0.027	0.191	"2"
"第三十一"	0	1	0	0	0.113	0.796	0.03	0.06	-0.052	0.099	-0.013	-0.027	0.191	"2"
"第三十七"	0	1	0	0	0.113	0.796	0.03	0.06	-0.052	0.099	-0.013	-0.027	0.191	"2"
"筹备"	0	1	0	0	0.113	0.796	0.03	0.06	-0.052	0.099	-0.013	-0.027	0.191	"2"
"签"	0	3	0	0	0.339	2.388	0.091	0.181	-0.156	0.297	-0.04	-0.081	0.574	"2"
"签字"	0	1	20	4	2.829	19.899	0.76	1.512	-1.304	-15.263	25.678	1.213	43.458	"3"
"签约"	0	6	0	0	0.679	4.776	0.182	0.363	-0.313	0.595	-0.08	-0.163	1.151	"2"
"签署"	0	8	1	0	1.018	7.164	0.274	0.544	-0.469	0.373	0.615	-0.244	1.701	"3"
"简单"	0	2	0	1	0.339	2.388	0.091	0.181	-0.156	-0.305	-0.04	0.768	1.269	"4"
"简短"	0	0	0	1	0.113	0.796	0.03	0.06	-0.052	-0.69	-0.013	1.218	1.973	"4"
"管理课"	0	1	0	0	0.113	0.796	0.03	0.06	-0.052	0.099	-0.013	-0.027	0.191	"2"
"粤企"	0	0	1	0	0.113	0.796	0.03	0.06	-0.052	-0.69	1.517	-0.027	2.286	"3"
"约旦"	0	0	1	3	0.453	3.184	0.122	0.242	-0.209	-2.761	0.935	3.073	6.978	"4"
"级人"	0	1	0	0	0.113	0.796	0.03	0.06	-0.052	0.099	-0.013	-0.027	0.191	"2"
"纪念"	0	13	0	0	1.471	10.347	0.395	0.786	-0.678	1.289	-0.174	-0.352	2.493	"2"
"纪念日"	1	0	0	0	0.113	0.796	0.03	0.06	0.946	-0.69	-0.013	-0.027	1.676	"1"
"纪念碑"	0	1	0	0	0.113	0.796	0.03	0.06	-0.052	0.099	-0.013	-0.027	0.191	"2"
"纪念馆"	0	6	0	0	0.679	4.776	0.182	0.363	-0.313	0.595	-0.08	-0.163	1.151	"2"
"纯一"	0	1	0	0	0.113	0.796	0.03	0.06	-0.052	0.099	-0.013	-0.027	0.191	"2"
"纯正"	0	1	0	0	0.113	0.796	0.03	0.06	-0.052	0.099	-0.013	-0.027	0.191	"2"
"纳丹"	0	1	0	0	0.113	0.796	0.03	0.06	-0.052	0.099	-0.013	-0.027	0.191	"2"
"纳杰夫"	0	0	0	1	0.113	0.796	0.03	0.06	-0.052	-0.69	-0.013	1.218	1.973	"4"
"组委"	0	2	0	0	0.226	1.592	0.061	0.121	-0.104	0.198	-0.027	-0.054	0.383	"2"
"组委会"	0	3	0	0	0.339	2.388	0.091	0.181	-0.156	0.297	-0.04	-0.081	0.574	"2"
"终身"	1	0	0	0	0.113	0.796	0.03	0.06	0.946	-0.69	-0.013	-0.027	1.676	"1"
"经济部"	0	1	0	1	0.226	1.592	0.061	0.121	-0.104	-0.436	-0.027	0.931	1.498	"4"
"结业"	0	3	0	0	0.339	2.388	0.091	0.181	-0.156	0.297	-0.04	-0.081	0.574	"2"
"结婚"	0	4	0	0	0.453	3.184	0.122	0.242	-0.209	0.396	-0.054	-0.108	0.767	"2"
"结束"	0	3	1	0	0.453	3.184	0.122	0.242	-0.209	-0.223	0.935	-0.108	1.475	"3"
"结训"	0	3	0	0	0.339	2.388	0.091	0.181	-0.156	0.297	-0.04	-0.081	0.574	"2"
"网站"	1	2	0	0	0.339	2.388	0.091	0.181	0.519	-0.305	-0.04	-0.081	0.945	"1"
"罗格"	0	1	0	0	0.113	0.796	0.03	0.06	-0.052	0.099	-0.013	-0.027	0.191	"2"
"署"	0	1	0	0	0.113	0.796	0.03	0.06	-0.052	0.099	-0.013	-0.027	0.191	"2"
"罹难者"	0	3	0	0	0.339	2.388	0.091	0.181	-0.156	0.297	-0.04	-0.081	0.574	"2"
"美加华蒂"	0	1	0	0	0.113	0.796	0.03	0.06	-0.052	0.099	-0.013	-0.027	0.191	"2"
"美音乐奖"	1	0	0	0	0.113	0.796	0.03	0.06	0.946	-0.69	-0.013	-0.027	1.676	"1"
"群英"	0	1	0	0	0.113	0.796	0.03	0.06	-0.052	0.099	-0.013	-0.027	0.191	"2"
"羽毛球队"	0	1	0	0	0.113	0.796	0.03	0.06	-0.052	0.099	-0.013	-0.027	0.191	"2"
"老"	0	1	0	0	0.113	0.796	0.03	0.06	-0.052	0.099	-0.013	-0.027	0.191	"2"
"老兵"	0	1	0	0	0.113	0.796	0.03	0.06	-0.052	0.099	-0.013	-0.027	0.191	"2"
"考核"	1	0	0	0	0.113	0.796	0.03	0.06	0.946	-0.69	-0.013	-0.027	1.676	"1"
"考试院"	0	2	0	0	0.226	1.592	0.061	0.121	-0.104	0.198	-0.027	-0.054	0.383	"2"
"者年"	0	1	0	0	0.113	0.796	0.03	0.06	-0.052	0.099	-0.013	-0.027	0.191	"2"
"耿村"	0	1	0	0	0.113	0.796	0.03	0.06	-0.052	0.099	-0.013	-0.027	0.191	"2"
"联合"	0	2	0	0	0.226	1.592	0.061	0.121	-0.104	0.198	-0.027	-0.054	0.383	"2"
"联合会"	0	1	0	0	0.113	0.796	0.03	0.06	-0.052	0.099	-0.013	-0.027	0.191	"2"
"联合会日"	0	1	0	0	0.113	0.796	0.03	0.06	-0.052	0.099	-0.013	-0.027	0.191	"2"
"联谊会"	0	0	0	2	0.226	1.592	0.061	0.121	-0.104	-1.381	-0.027	2.437	3.949	"4"
"聘僱"	0	1	0	0	0.113	0.796	0.03	0.06	-0.052	0.099	-0.013	-0.027	0.191	"2"
"聚集"	0	1	0	0	0.113	0.796	0.03	0.06	-0.052	0.099	-0.013	-0.027	0.191	"2"
"肃穆"	0	1	0	0	0.113	0.796	0.03	0.06	-0.052	0.099	-0.013	-0.027	0.191	"2"
"背向"	0	1	0	0	0.113	0.796	0.03	0.06	-0.052	0.099	-0.013	-0.027	0.191	"2"
"胡锦涛"	0	4	0	0	0.453	3.184	0.122	0.242	-0.209	0.396	-0.054	-0.108	0.767	"2"
"能仁"	0	1	0	0	0.113	0.796	0.03	0.06	-0.052	0.099	-0.013	-0.027	0.191	"2"
"脆弱"	0	1	0	0	0.113	0.796	0.03	0.06	-0.052	0.099	-0.013	-0.027	0.191	"2"
"膜拜"	0	1	0	0	0.113	0.796	0.03	0.06	-0.052	0.099	-0.013	-0.027	0.191	"2"
"自白"	0	1	0	0	0.113	0.796	0.03	0.06	-0.052	0.099	-0.013	-0.027	0.191	"2"
"致词"	0	12	0	0	1.358	9.551	0.365	0.726	-0.626	1.189	-0.161	-0.325	2.301	"2"
"致辞"	0	2	0	0	0.226	1.592	0.061	0.121	-0.104	0.198	-0.027	-0.054	0.383	"2"
"舍利"	0	1	0	0	0.113	0.796	0.03	0.06	-0.052	0.099	-0.013	-0.027	0.191	"2"
"节目"	0	3	0	0	0.339	2.388	0.091	0.181	-0.156	0.297	-0.04	-0.081	0.574	"2"
"芮妮"	1	0	0	0	0.113	0.796	0.03	0.06	0.946	-0.69	-0.013	-0.027	1.676	"1"
"花园"	0	3	0	0	0.339	2.388	0.091	0.181	-0.156	0.297	-0.04	-0.081	0.574	"2"
"花旗"	0	1	0	0	0.113	0.796	0.03	0.06	-0.052	0.099	-0.013	-0.027	0.191	"2"
"苏丹"	0	1	0	0	0.113	0.796	0.03	0.06	-0.052	0.099	-0.013	-0.027	0.191	"2"
"若是"	0	1	0	0	0.113	0.796	0.03	0.06	-0.052	0.099	-0.013	-0.027	0.191	"2"
"若非"	0	1	0	0	0.113	0.796	0.03	0.06	-0.052	0.099	-0.013	-0.027	0.191	"2"
"英姿"	0	1	0	0	0.113	0.796	0.03	0.06	-0.052	0.099	-0.013	-0.027	0.191	"2"
"茂"	0	1	0	0	0.113	0.796	0.03	0.06	-0.052	0.099	-0.013	-0.027	0.191	"2"
"荣誉"	1	1	0	0	0.226	1.592	0.061	0.121	0.671	-0.436	-0.027	-0.054	1.188	"1"
"药房"	0	1	0	0	0.113	0.796	0.03	0.06	-0.052	0.099	-0.013	-0.027	0.191	"2"
"莅临"	0	1	0	0	0.113	0.796	0.03	0.06	-0.052	0.099	-0.013	-0.027	0.191	"2"
"获奖"	1	0	0	0	0.113	0.796	0.03	0.06	0.946	-0.69	-0.013	-0.027	1.676	"1"
"获悉"	0	1	0	0	0.113	0.796	0.03	0.06	-0.052	0.099	-0.013	-0.027	0.191	"2"
"获选"	1	0	0	0	0.113	0.796	0.03	0.06	0.946	-0.69	-0.013	-0.027	1.676	"1"
"萧万长"	0	3	0	0	0.339	2.388	0.091	0.181	-0.156	0.297	-0.04	-0.081	0.574	"2"
"落发"	0	1	0	0	0.113	0.796	0.03	0.06	-0.052	0.099	-0.013	-0.027	0.191	"2"
"落幕"	0	1	0	0	0.113	0.796	0.03	0.06	-0.052	0.099	-0.013	-0.027	0.191	"2"
"落成"	0	9	0	0	1.018	7.164	0.274	0.544	-0.469	0.892	-0.121	-0.244	1.726	"2"
"葡"	0	1	0	0	0.113	0.796	0.03	0.06	-0.052	0.099	-0.013	-0.027	0.191	"2"
"董事长"	0	1	0	0	0.113	0.796	0.03	0.06	-0.052	0.099	-0.013	-0.027	0.191	"2"
"葬仪"	0	1	0	0	0.113	0.796	0.03	0.06	-0.052	0.099	-0.013	-0.027	0.191	"2"
"葬礼"	0	1	0	0	0.113	0.796	0.03	0.06	-0.052	0.099	-0.013	-0.027	0.191	"2"
"虔诚"	0	1	0	0	0.113	0.796	0.03	0.06	-0.052	0.099	-0.013	-0.027	0.191	"2"
"行"	1	7	0	1	1.018	7.164	0.274	0.544	-0.137	-0.24	-0.121	0.367	0.865	"4"
"行政院长"	0	0	0	2	0.226	1.592	0.061	0.121	-0.104	-1.381	-0.027	2.437	3.949	"4"
"表"	0	2	0	0	0.226	1.592	0.061	0.121	-0.104	0.198	-0.027	-0.054	0.383	"2"
"表彰"	0	1	0	0	0.113	0.796	0.03	0.06	-0.052	0.099	-0.013	-0.027	0.191	"2"
"表扬"	0	3	0	0	0.339	2.388	0.091	0.181	-0.156	0.297	-0.04	-0.081	0.574	"2"
"表演"	2	3	0	0	0.566	3.98	0.152	0.302	0.994	-0.567	-0.067	-0.136	1.764	"1"
"衬托"	0	1	0	0	0.113	0.796	0.03	0.06	-0.052	0.099	-0.013	-0.027	0.191	"2"
"西华"	0	1	0	0	0.113	0.796	0.03	0.06	-0.052	0.099	-0.013	-0.027	0.191	"2"
"西哈努克"	0	1	0	0	0.113	0.796	0.03	0.06	-0.052	0.099	-0.013	-0.027	0.191	"2"
"见报"	0	1	0	0	0.113	0.796	0.03	0.06	-0.052	0.099	-0.013	-0.027	0.191	"2"
"见证"	0	2	0	0	0.226	1.592	0.061	0.121	-0.104	0.198	-0.027	-0.054	0.383	"2"
"观光局"	0	1	0	0	0.113	0.796	0.03	0.06	-0.052	0.099	-0.013	-0.027	0.191	"2"
"观看"	0	2	0	0	0.226	1.592	0.061	0.121	-0.104	0.198	-0.027	-0.054	0.383	"2"
"观礼"	0	0	0	1	0.113	0.796	0.03	0.06	-0.052	-0.69	-0.013	1.218	1.973	"4"
"观音像"	0	1	0	0	0.113	0.796	0.03	0.06	-0.052	0.099	-0.013	-0.027	0.191	"2"
"视"	0	1	0	0	0.113	0.796	0.03	0.06	-0.052	0.099	-0.013	-0.027	0.191	"2"
"视察"	0	2	0	0	0.226	1.592	0.061	0.121	-0.104	0.198	-0.027	-0.054	0.383	"2"
"詹道存"	0	1	0	0	0.113	0.796	0.03	0.06	-0.052	0.099	-0.013	-0.027	0.191	"2"
"计画"	0	1	0	0	0.113	0.796	0.03	0.06	-0.052	0.099	-0.013	-0.027	0.191	"2"
"订"	1	0	0	0	0.113	0.796	0.03	0.06	0.946	-0.69	-0.013	-0.027	1.676	"1"
"议程"	0	1	0	0	0.113	0.796	0.03	0.06	-0.052	0.099	-0.013	-0.027	0.191	"2"
"记者会"	0	1	0	0	0.113	0.796	0.03	0.06	-0.052	0.099	-0.013	-0.027	0.191	"2"
"讲话"	0	10	0	1	1.245	8.755	0.335	0.665	-0.574	0.508	-0.148	0.304	1.534	"1"
"许敖敖"	0	1	0	0	0.113	0.796	0.03	0.06	-0.052	0.099	-0.013	-0.027	0.191	"2"
"许雅静"	0	1	0	0	0.113	0.796	0.03	0.06	-0.052	0.099	-0.013	-0.027	0.191	"2"
"论坛"	1	3	0	0	0.453	3.184	0.122	0.242	0.419	-0.223	-0.054	-0.108	0.804	"1"
"访"	1	2	0	0	0.339	2.388	0.091	0.181	0.519	-0.305	-0.04	-0.081	0.945	"1"
"访华"	0	3	0	0	0.339	2.388	0.091	0.181	-0.156	0.297	-0.04	-0.081	0.574	"2"
"证书"	0	1	0	1	0.226	1.592	0.061	0.121	-0.104	-0.436	-0.027	0.931	1.498	"4"
"评述"	0	1	0	0	0.113	0.796	0.03	0.06	-0.052	0.099	-0.013	-0.027	0.191	"2"
"评鑑"	1	0	0	0	0.113	0.796	0.03	0.06	0.946	-0.69	-0.013	-0.027	1.676	"1"
"诅咒"	0	1	0	0	0.113	0.796	0.03	0.06	-0.052	0.099	-0.013	-0.027	0.191	"2"
"诚品"	1	0	0	0	0.113	0.796	0.03	0.06	0.946	-0.69	-0.013	-0.027	1.676	"1"
"诵经"	0	1	0	0	0.113	0.796	0.03	0.06	-0.052	0.099	-0.013	-0.027	0.191	"2"
"请王"	0	1	0	0	0.113	0.796	0.03	0.06	-0.052	0.099	-0.013	-0.027	0.191	"2"
"诺曼"	0	2	0	0	0.226	1.592	0.061	0.121	-0.104	0.198	-0.027	-0.054	0.383	"2"
"诺贝尔"	1	0	0	0	0.113	0.796	0.03	0.06	0.946	-0.69	-0.013	-0.027	1.676	"1"
"谢印生"	0	1	0	0	0.113	0.796	0.03	0.06	-0.052	0.099	-0.013	-0.027	0.191	"2"
"象征"	1	3	0	0	0.453	3.184	0.122	0.242	0.419	-0.223	-0.054	-0.108	0.804	"1"
"贩毒"	0	1	0	0	0.113	0.796	0.03	0.06	-0.052	0.099	-0.013	-0.027	0.191	"2"
"贵宾"	1	1	0	0	0.226	1.592	0.061	0.121	0.671	-0.436	-0.027	-0.054	1.188	"1"
"贵州"	0	1	0	0	0.113	0.796	0.03	0.06	-0.052	0.099	-0.013	-0.027	0.191	"2"
"贸协"	0	0	1	0	0.113	0.796	0.03	0.06	-0.052	-0.69	1.517	-0.027	2.286	"3"
"贸工"	0	1	0	0	0.113	0.796	0.03	0.06	-0.052	0.099	-0.013	-0.027	0.191	"2"
"贸易商"	0	1	0	0	0.113	0.796	0.03	0.06	-0.052	0.099	-0.013	-0.027	0.191	"2"
"贾古玛"	0	1	0	0	0.113	0.796	0.03	0.06	-0.052	0.099	-0.013	-0.027	0.191	"2"
"资局大礼"	0	0	0	1	0.113	0.796	0.03	0.06	-0.052	-0.69	-0.013	1.218	1.973	"4"
"资讯月"	1	0	0	0	0.113	0.796	0.03	0.06	0.946	-0.69	-0.013	-0.027	1.676	"1"
"赛马场"	0	2	0	0	0.226	1.592	0.061	0.121	-0.104	0.198	-0.027	-0.054	0.383	"2"
"赞助"	0	1	0	0	0.113	0.796	0.03	0.06	-0.052	0.099	-0.013	-0.027	0.191	"2"
"赞扬"	0	0	0	1	0.113	0.796	0.03	0.06	-0.052	-0.69	-0.013	1.218	1.973	"4"
"赠"	0	2	0	0	0.226	1.592	0.061	0.121	-0.104	0.198	-0.027	-0.054	0.383	"2"
"赠书"	0	1	0	0	0.113	0.796	0.03	0.06	-0.052	0.099	-0.013	-0.027	0.191	"2"
"赠卡"	0	1	0	0	0.113	0.796	0.03	0.06	-0.052	0.099	-0.013	-0.027	0.191	"2"
"赠礼"	0	1	0	0	0.113	0.796	0.03	0.06	-0.052	0.099	-0.013	-0.027	0.191	"2"
"赠送"	0	2	0	0	0.226	1.592	0.061	0.121	-0.104	0.198	-0.027	-0.054	0.383	"2"
"赵宝珍"	0	1	0	1	0.226	1.592	0.061	0.121	-0.104	-0.436	-0.027	0.931	1.498	"4"
"起跑"	0	1	0	0	0.113	0.796	0.03	0.06	-0.052	0.099	-0.013	-0.027	0.191	"2"
"起驾"	0	1	0	0	0.113	0.796	0.03	0.06	-0.052	0.099	-0.013	-0.027	0.191	"2"
"跨世纪"	0	1	0	0	0.113	0.796	0.03	0.06	-0.052	0.099	-0.013	-0.027	0.191	"2"
"路跑"	0	1	0	0	0.113	0.796	0.03	0.06	-0.052	0.099	-0.013	-0.027	0.191	"2"
"践踏"	0	1	0	0	0.113	0.796	0.03	0.06	-0.052	0.099	-0.013	-0.027	0.191	"2"
"车赛"	0	1	0	0	0.113	0.796	0.03	0.06	-0.052	0.099	-0.013	-0.027	0.191	"2"
"转交"	0	1	0	0	0.113	0.796	0.03	0.06	-0.052	0.099	-0.013	-0.027	0.191	"2"
"辞旧"	0	1	0	0	0.113	0.796	0.03	0.06	-0.052	0.099	-0.013	-0.027	0.191	"2"
"达曼"	0	1	0	0	0.113	0.796	0.03	0.06	-0.052	0.099	-0.013	-0.027	0.191	"2"
"过渡"	0	0	0	1	0.113	0.796	0.03	0.06	-0.052	-0.69	-0.013	1.218	1.973	"4"
"迎"	0	1	1	0	0.226	1.592	0.061	0.121	-0.104	-0.436	1.223	-0.054	1.817	"3"
"迎接"	0	3	0	0	0.339	2.388	0.091	0.181	-0.156	0.297	-0.04	-0.081	0.574	"2"
"迎新"	0	1	0	0	0.113	0.796	0.03	0.06	-0.052	0.099	-0.013	-0.027	0.191	"2"
"迎新年"	0	1	0	0	0.113	0.796	0.03	0.06	-0.052	0.099	-0.013	-0.027	0.191	"2"
"运动"	0	1	0	0	0.113	0.796	0.03	0.06	-0.052	0.099	-0.013	-0.027	0.191	"2"
"运动会"	0	3	0	0	0.339	2.388	0.091	0.181	-0.156	0.297	-0.04	-0.081	0.574	"2"
"运动员村"	0	2	0	0	0.226	1.592	0.061	0.121	-0.104	0.198	-0.027	-0.054	0.383	"2"
"这里"	0	1	0	1	0.226	1.592	0.061	0.121	-0.104	-0.436	-0.027	0.931	1.498	"4"
"进入"	0	1	0	0	0.113	0.796	0.03	0.06	-0.052	0.099	-0.013	-0.027	0.191	"2"
"进行到"	0	1	0	0	0.113	0.796	0.03	0.06	-0.052	0.099	-0.013	-0.027	0.191	"2"
"进香"	0	1	0	0	0.113	0.796	0.03	0.06	-0.052	0.099	-0.013	-0.027	0.191	"2"
"连战"	0	2	0	0	0.226	1.592	0.061	0.121	-0.104	0.198	-0.027	-0.054	0.383	"2"
"连接"	0	1	0	0	0.113	0.796	0.03	0.06	-0.052	0.099	-0.013	-0.027	0.191	"2"
"连续"	0	1	0	0	0.113	0.796	0.03	0.06	-0.052	0.099	-0.013	-0.027	0.191	"2"
"连袂"	2	0	0	0	0.226	1.592	0.061	0.121	1.893	-1.381	-0.027	-0.054	3.355	"1"
"迷信"	0	1	0	0	0.113	0.796	0.03	0.06	-0.052	0.099	-0.013	-0.027	0.191	"2"
"追悼"	0	6	0	0	0.679	4.776	0.182	0.363	-0.313	0.595	-0.08	-0.163	1.151	"2"
"退役"	0	2	0	0	0.226	1.592	0.061	0.121	-0.104	0.198	-0.027	-0.054	0.383	"2"
"送别"	0	1	0	0	0.113	0.796	0.03	0.06	-0.052	0.099	-0.013	-0.027	0.191	"2"
"送行"	0	1	0	0	0.113	0.796	0.03	0.06	-0.052	0.099	-0.013	-0.027	0.191	"2"
"选区"	1	1	0	0	0.226	1.592	0.061	0.121	0.671	-0.436	-0.027	-0.054	1.188	"1"
"选拔"	1	0	0	0	0.113	0.796	0.03	0.06	0.946	-0.69	-0.013	-0.027	1.676	"1"
"透过"	0	1	0	0	0.113	0.796	0.03	0.06	-0.052	0.099	-0.013	-0.027	0.191	"2"
"递"	0	1	0	0	0.113	0.796	0.03	0.06	-0.052	0.099	-0.013	-0.027	0.191	"2"
"递交"	0	1	0	0	0.113	0.796	0.03	0.06	-0.052	0.099	-0.013	-0.027	0.191	"2"
"通"	0	1	0	0	0.113	0.796	0.03	0.06	-0.052	0.099	-0.013	-0.027	0.191	"2"
"通州区"	0	2	0	0	0.226	1.592	0.061	0.121	-0.104	0.198	-0.027	-0.054	0.383	"2"
"通水"	0	1	0	0	0.113	0.796	0.03	0.06	-0.052	0.099	-0.013	-0.027	0.191	"2"
"通航"	0	1	0	0	0.113	0.796	0.03	0.06	-0.052	0.099	-0.013	-0.027	0.191	"2"
"通讯员"	1	0	0	0	0.113	0.796	0.03	0.06	0.946	-0.69	-0.013	-0.027	1.676	"1"
"通车"	0	7	0	0	0.792	5.572	0.213	0.423	-0.365	0.694	-0.094	-0.19	1.343	"2"
"遗体"	0	1	0	0	0.113	0.796	0.03	0.06	-0.052	0.099	-0.013	-0.027	0.191	"2"
"遗址"	0	1	0	0	0.113	0.796	0.03	0.06	-0.052	0.099	-0.013	-0.027	0.191	"2"
"遗物"	0	1	0	0	0.113	0.796	0.03	0.06	-0.052	0.099	-0.013	-0.027	0.191	"2"
"邀请"	0	3	0	0	0.339	2.388	0.091	0.181	-0.156	0.297	-0.04	-0.081	0.574	"2"
"邓小平"	0	1	0	0	0.113	0.796	0.03	0.06	-0.052	0.099	-0.013	-0.027	0.191	"2"
"邮票"	0	1	0	0	0.113	0.796	0.03	0.06	-0.052	0.099	-0.013	-0.027	0.191	"2"
"邻"	0	1	0	0	0.113	0.796	0.03	0.06	-0.052	0.099	-0.013	-0.027	0.191	"2"
"郎"	0	1	0	0	0.113	0.796	0.03	0.06	-0.052	0.099	-0.013	-0.027	0.191	"2"
"郑梦宪"	0	1	0	0	0.113	0.796	0.03	0.06	-0.052	0.099	-0.013	-0.027	0.191	"2"
"郑玉妹"	0	1	0	0	0.113	0.796	0.03	0.06	-0.052	0.099	-0.013	-0.027	0.191	"2"
"郝雪卿"	0	1	0	0	0.113	0.796	0.03	0.06	-0.052	0.099	-0.013	-0.027	0.191	"2"
"部长"	2	9	0	0	1.245	8.755	0.335	0.665	0.446	0.219	-0.148	-0.298	1.111	"1"
"酬神"	0	1	0	0	0.113	0.796	0.03	0.06	-0.052	0.099	-0.013	-0.027	0.191	"2"
"醮"	0	1	0	0	0.113	0.796	0.03	0.06	-0.052	0.099	-0.013	-0.027	0.191	"2"
"采集"	0	2	0	0	0.226	1.592	0.061	0.121	-0.104	0.198	-0.027	-0.054	0.383	"2"
"里昂"	0	1	0	0	0.113	0.796	0.03	0.06	-0.052	0.099	-0.013	-0.027	0.191	"2"
"里海"	0	1	0	0	0.113	0.796	0.03	0.06	-0.052	0.099	-0.013	-0.027	0.191	"2"
"重庆北路"	0	1	0	0	0.113	0.796	0.03	0.06	-0.052	0.099	-0.013	-0.027	0.191	"2"
"重建"	0	3	0	0	0.339	2.388	0.091	0.181	-0.156	0.297	-0.04	-0.081	0.574	"2"
"重组"	0	0	1	0	0.113	0.796	0.03	0.06	-0.052	-0.69	1.517	-0.027	2.286	"3"
"重要"	0	1	0	0	0.113	0.796	0.03	0.06	-0.052	0.099	-0.013	-0.027	0.191	"2"
"金像奖"	2	2	0	0	0.453	3.184	0.122	0.242	1.182	-0.728	-0.054	-0.108	2.072	"1"
"金刚山"	0	1	0	0	0.113	0.796	0.03	0.06	-0.052	0.099	-0.013	-0.027	0.191	"2"
"金大"	0	1	0	0	0.113	0.796	0.03	0.06	-0.052	0.099	-0.013	-0.027	0.191	"2"
"金球奖"	0	1	0	0	0.113	0.796	0.03	0.06	-0.052	0.099	-0.013	-0.027	0.191	"2"
"金身"	0	1	0	0	0.113	0.796	0.03	0.06	-0.052	0.099	-0.013	-0.027	0.191	"2"
"金钟奖"	1	1	0	0	0.226	1.592	0.061	0.121	0.671	-0.436	-0.027	-0.054	1.188	"1"
"金钻奖"	1	0	0	0	0.113	0.796	0.03	0.06	0.946	-0.69	-0.013	-0.027	1.676	"1"
"金门县"	0	1	0	0	0.113	0.796	0.03	0.06	-0.052	0.099	-0.013	-0.027	0.191	"2"
"金门县府"	0	1	0	0	0.113	0.796	0.03	0.06	-0.052	0.099	-0.013	-0.027	0.191	"2"
"金马"	0	1	0	0	0.113	0.796	0.03	0.06	-0.052	0.099	-0.013	-0.027	0.191	"2"
"金马奖"	3	2	0	0	0.566	3.98	0.152	0.302	1.916	-1.214	-0.067	-0.136	3.333	"1"
"金马奖颁"	0	1	0	0	0.113	0.796	0.03	0.06	-0.052	0.099	-0.013	-0.027	0.191	"2"
"金驼奖"	1	0	0	0	0.113	0.796	0.03	0.06	0.946	-0.69	-0.013	-0.027	1.676	"1"
"金鹰"	3	0	0	0	0.339	2.388	0.091	0.181	2.839	-2.071	-0.04	-0.081	5.031	"1"
"金鹰奖"	1	0	0	0	0.113	0.796	0.03	0.06	0.946	-0.69	-0.013	-0.027	1.676	"1"
"钱其琛"	0	1	0	0	0.113	0.796	0.03	0.06	-0.052	0.099	-0.013	-0.027	0.191	"2"
"铁环"	0	1	0	0	0.113	0.796	0.03	0.06	-0.052	0.099	-0.013	-0.027	0.191	"2"
"铁路"	0	6	0	0	0.679	4.776	0.182	0.363	-0.313	0.595	-0.08	-0.163	1.151	"2"
"铜像"	0	2	0	0	0.226	1.592	0.061	0.121	-0.104	0.198	-0.027	-0.054	0.383	"2"
"铺张"	0	1	0	0	0.113	0.796	0.03	0.06	-0.052	0.099	-0.013	-0.027	0.191	"2"
"锦标赛年"	1	0	0	0	0.113	0.796	0.03	0.06	0.946	-0.69	-0.013	-0.027	1.676	"1"
"镇海"	0	1	0	0	0.113	0.796	0.03	0.06	-0.052	0.099	-0.013	-0.027	0.191	"2"
"长"	1	4	0	0	0.566	3.98	0.152	0.302	0.345	0.137	-0.067	-0.136	0.685	"1"
"长老"	0	1	0	0	0.113	0.796	0.03	0.06	-0.052	0.099	-0.013	-0.027	0.191	"2"
"闭幕"	1	9	0	0	1.131	7.959	0.304	0.605	-0.164	0.439	-0.134	-0.271	1.008	"2"
"闭幕式"	1	0	0	0	0.113	0.796	0.03	0.06	0.946	-0.69	-0.013	-0.027	1.676	"1"
"问候"	0	1	0	0	0.113	0.796	0.03	0.06	-0.052	0.099	-0.013	-0.027	0.191	"2"
"阁揆"	0	1	0	1	0.226	1.592	0.061	0.121	-0.104	-0.436	-0.027	0.931	1.498	"4"
"阅兵"	0	4	0	0	0.453	3.184	0.122	0.242	-0.209	0.396	-0.054	-0.108	0.767	"2"
"阮名泰"	0	1	0	0	0.113	0.796	0.03	0.06	-0.052	0.099	-0.013	-0.027	0.191	"2"
"阿罗约"	0	1	0	0	0.113	0.796	0.03	0.06	-0.052	0.099	-0.013	-0.027	0.191	"2"
"陆军"	0	1	0	0	0.113	0.796	0.03	0.06	-0.052	0.099	-0.013	-0.027	0.191	"2"
"陈"	0	2	0	0	0.226	1.592	0.061	0.121	-0.104	0.198	-0.027	-0.054	0.383	"2"
"陈庆炎"	0	1	0	0	0.113	0.796	0.03	0.06	-0.052	0.099	-0.013	-0.027	0.191	"2"
"陈总"	0	1	0	0	0.113	0.796	0.03	0.06	-0.052	0.099	-0.013	-0.027	0.191	"2"
"陈水扁"	0	3	0	0	0.339	2.388	0.091	0.181	-0.156	0.297	-0.04	-0.081	0.574	"2"
"降旗"	0	1	0	0	0.113	0.796	0.03	0.06	-0.052	0.099	-0.013	-0.027	0.191	"2"
"院落"	0	1	0	0	0.113	0.796	0.03	0.06	-0.052	0.099	-0.013	-0.027	0.191	"2"
"院长"	0	1	0	0	0.113	0.796	0.03	0.06	-0.052	0.099	-0.013	-0.027	0.191	"2"
"除"	0	1	0	0	0.113	0.796	0.03	0.06	-0.052	0.099	-0.013	-0.027	0.191	"2"
"除了"	0	3	0	0	0.339	2.388	0.091	0.181	-0.156	0.297	-0.04	-0.081	0.574	"2"
"除夕"	0	1	0	0	0.113	0.796	0.03	0.06	-0.052	0.099	-0.013	-0.027	0.191	"2"
"除此之外"	0	1	0	0	0.113	0.796	0.03	0.06	-0.052	0.099	-0.013	-0.027	0.191	"2"
"陪同"	0	1	0	0	0.113	0.796	0.03	0.06	-0.052	0.099	-0.013	-0.027	0.191	"2"
"陶壁"	0	2	0	0	0.226	1.592	0.061	0.121	-0.104	0.198	-0.027	-0.054	0.383	"2"
"陶艺节"	0	1	0	0	0.113	0.796	0.03	0.06	-0.052	0.099	-0.013	-0.027	0.191	"2"
"隆重"	1	10	0	0	1.245	8.755	0.335	0.665	-0.193	0.508	-0.148	-0.298	1.147	"2"
"随后"	0	4	0	1	0.566	3.98	0.152	0.302	-0.261	0.137	-0.067	0.572	1.037	"4"
"雅兴"	0	1	0	0	0.113	0.796	0.03	0.06	-0.052	0.099	-0.013	-0.027	0.191	"2"
"雅温"	0	2	0	0	0.226	1.592	0.061	0.121	-0.104	0.198	-0.027	-0.054	0.383	"2"
"集邮"	0	1	0	0	0.113	0.796	0.03	0.06	-0.052	0.099	-0.013	-0.027	0.191	"2"
"集集"	0	1	0	0	0.113	0.796	0.03	0.06	-0.052	0.099	-0.013	-0.027	0.191	"2"
"集集线"	0	1	0	0	0.113	0.796	0.03	0.06	-0.052	0.099	-0.013	-0.027	0.191	"2"
"雪梨"	0	1	0	0	0.113	0.796	0.03	0.06	-0.052	0.099	-0.013	-0.027	0.191	"2"
"雷斯"	0	2	0	0	0.226	1.592	0.061	0.121	-0.104	0.198	-0.027	-0.054	0.383	"2"
"霍英东"	0	1	0	0	0.113	0.796	0.03	0.06	-0.052	0.099	-0.013	-0.027	0.191	"2"
"露"	0	1	0	0	0.113	0.796	0.03	0.06	-0.052	0.099	-0.013	-0.027	0.191	"2"
"面包片"	0	1	0	0	0.113	0.796	0.03	0.06	-0.052	0.099	-0.013	-0.027	0.191	"2"
"鞠鹏"	0	1	0	0	0.113	0.796	0.03	0.06	-0.052	0.099	-0.013	-0.027	0.191	"2"
"音乐厅"	0	1	0	0	0.113	0.796	0.03	0.06	-0.052	0.099	-0.013	-0.027	0.191	"2"
"顶骨"	0	1	0	0	0.113	0.796	0.03	0.06	-0.052	0.099	-0.013	-0.027	0.191	"2"
"项"	0	11	0	0	1.245	8.755	0.335	0.665	-0.574	1.09	-0.148	-0.298	2.11	"2"
"项目"	0	1	0	1	0.226	1.592	0.061	0.121	-0.104	-0.436	-0.027	0.931	1.498	"4"
"项鍊"	0	1	0	0	0.113	0.796	0.03	0.06	-0.052	0.099	-0.013	-0.027	0.191	"2"
"颁"	0	5	0	0	0.566	3.98	0.152	0.302	-0.261	0.496	-0.067	-0.136	0.96	"2"
"颁发"	3	2	0	0	0.566	3.98	0.152	0.302	1.916	-1.214	-0.067	-0.136	3.333	"1"
"颁奖"	53	3	0	0	6.336	44.573	1.703	3.388	45.868	-32.432	-0.751	-1.518	80.569	"1"
"颁奖人"	1	0	0	0	0.113	0.796	0.03	0.06	0.946	-0.69	-0.013	-0.027	1.676	"1"
"颁奖表"	0	1	0	0	0.113	0.796	0.03	0.06	-0.052	0.099	-0.013	-0.027	0.191	"2"
"颁授"	0	2	0	0	0.226	1.592	0.061	0.121	-0.104	0.198	-0.027	-0.054	0.383	"2"
"颁证授牌"	0	1	0	0	0.113	0.796	0.03	0.06	-0.052	0.099	-0.013	-0.027	0.191	"2"
"预定"	0	1	0	0	0.113	0.796	0.03	0.06	-0.052	0.099	-0.013	-0.027	0.191	"2"
"预览"	0	1	0	0	0.113	0.796	0.03	0.06	-0.052	0.099	-0.013	-0.027	0.191	"2"
"预计"	0	2	0	0	0.226	1.592	0.061	0.121	-0.104	0.198	-0.027	-0.054	0.383	"2"
"风俗"	0	1	0	0	0.113	0.796	0.03	0.06	-0.052	0.099	-0.013	-0.027	0.191	"2"
"飒爽"	0	1	0	0	0.113	0.796	0.03	0.06	-0.052	0.099	-0.013	-0.027	0.191	"2"
"飘扬"	0	1	0	0	0.113	0.796	0.03	0.06	-0.052	0.099	-0.013	-0.027	0.191	"2"
"飞越"	0	1	0	0	0.113	0.796	0.03	0.06	-0.052	0.099	-0.013	-0.027	0.191	"2"
"餐会"	0	2	0	0	0.226	1.592	0.061	0.121	-0.104	0.198	-0.027	-0.054	0.383	"2"
"饭店"	0	4	0	1	0.566	3.98	0.152	0.302	-0.261	0.137	-0.067	0.572	1.037	"4"
"馆"	0	2	0	0	0.226	1.592	0.061	0.121	-0.104	0.198	-0.027	-0.054	0.383	"2"
"馆长"	0	1	0	0	0.113	0.796	0.03	0.06	-0.052	0.099	-0.013	-0.027	0.191	"2"
"首航"	0	3	0	0	0.339	2.388	0.091	0.181	-0.156	0.297	-0.04	-0.081	0.574	"2"
"马凯"	0	1	0	0	0.113	0.796	0.03	0.06	-0.052	0.099	-0.013	-0.027	0.191	"2"
"马英九"	1	7	0	0	0.905	6.368	0.243	0.484	0.209	0.309	-0.107	-0.217	0.842	"2"
"驻华"	0	3	1	0	0.453	3.184	0.122	0.242	-0.209	-0.223	0.935	-0.108	1.475	"3"
"驻卫警"	0	1	0	0	0.113	0.796	0.03	0.06	-0.052	0.099	-0.013	-0.027	0.191	"2"
"驻科"	0	1	0	0	0.113	0.796	0.03	0.06	-0.052	0.099	-0.013	-0.027	0.191	"2"
"驾"	0	1	0	0	0.113	0.796	0.03	0.06	-0.052	0.099	-0.013	-0.027	0.191	"2"
"高潮"	1	1	0	0	0.226	1.592	0.061	0.121	0.671	-0.436	-0.027	-0.054	1.188	"1"
"高阶"	0	1	0	0	0.113	0.796	0.03	0.06	-0.052	0.099	-0.013	-0.027	0.191	"2"
"高雄"	1	0	0	0	0.113	0.796	0.03	0.06	0.946	-0.69	-0.013	-0.027	1.676	"1"
"高雄市"	0	1	0	0	0.113	0.796	0.03	0.06	-0.052	0.099	-0.013	-0.027	0.191	"2"
"黄小"	0	1	0	0	0.113	0.796	0.03	0.06	-0.052	0.099	-0.013	-0.027	0.191	"2"
"黄柳菁"	0	1	0	0	0.113	0.796	0.03	0.06	-0.052	0.099	-0.013	-0.027	0.191	"2"
"黄根成"	0	1	0	0	0.113	0.796	0.03	0.06	-0.052	0.099	-0.013	-0.027	0.191	"2"
"黄自强"	0	1	0	0	0.113	0.796	0.03	0.06	-0.052	0.099	-0.013	-0.027	0.191	"2"
"默哀"	0	1	0	0	0.113	0.796	0.03	0.06	-0.052	0.099	-0.013	-0.027	0.191	"2"
"鼓乐"	0	1	0	0	0.113	0.796	0.03	0.06	-0.052	0.099	-0.013	-0.027	0.191	"2"
"齐亚"	1	1	0	0	0.226	1.592	0.061	0.121	0.671	-0.436	-0.027	-0.054	1.188	"1"
"齐雅娜"	0	1	0	0	0.113	0.796	0.03	0.06	-0.052	0.099	-0.013	-0.027	0.191	"2"
"龙"	0	1	0	0	0.113	0.796	0.03	0.06	-0.052	0.099	-0.013	-0.027	0.191	"2"
"龙冈恳亲"	0	0	0	1	0.113	0.796	0.03	0.06	-0.052	-0.69	-0.013	1.218	1.973	"4"
