"Coll_Word"	"1"	"2"	"3"	"4"	"exp_1"	"exp_2"	"exp_3"	"exp_4"	"pbin_1"	"pbin_2"	"pbin_3"	"pbin_4"	"SumAbsDev"	"LargestDev"
"--"	10	0	0	21	3.613	4.599	2.585	20.203	2.698	-2.162	-1.172	0.334	6.366	"1"
"."	0	0	0	2	0.233	0.297	0.167	1.303	-0.108	-0.139	-0.076	0.372	0.695	"4"
"]"	0	0	0	1	0.117	0.148	0.083	0.652	-0.054	-0.07	-0.038	0.186	0.348	"4"
"〈"	0	0	0	2	0.233	0.297	0.167	1.303	-0.108	-0.139	-0.076	0.372	0.695	"4"
"」"	6	0	0	8	1.632	2.077	1.167	9.124	2.486	-0.976	-0.529	-0.451	4.442	"1"
"11时"	0	0	0	1	0.117	0.148	0.083	0.652	-0.054	-0.07	-0.038	0.186	0.348	"4"
"12时"	0	0	0	1	0.117	0.148	0.083	0.652	-0.054	-0.07	-0.038	0.186	0.348	"4"
"136周年"	0	0	0	1	0.117	0.148	0.083	0.652	-0.054	-0.07	-0.038	0.186	0.348	"4"
"17亿"	0	1	0	0	0.117	0.148	0.083	0.652	-0.054	0.829	-0.038	-0.458	1.379	"2"
"18日"	0	0	1	0	0.117	0.148	0.083	0.652	-0.054	-0.07	1.079	-0.458	1.661	"3"
"2003年区"	0	1	0	0	0.117	0.148	0.083	0.652	-0.054	0.829	-0.038	-0.458	1.379	"2"
"2008"	0	0	0	1	0.117	0.148	0.083	0.652	-0.054	-0.07	-0.038	0.186	0.348	"4"
"2008年"	0	0	0	1	0.117	0.148	0.083	0.652	-0.054	-0.07	-0.038	0.186	0.348	"4"
"201"	0	0	0	1	0.117	0.148	0.083	0.652	-0.054	-0.07	-0.038	0.186	0.348	"4"
"4时"	0	0	0	1	0.117	0.148	0.083	0.652	-0.054	-0.07	-0.038	0.186	0.348	"4"
"6周年"	0	0	0	1	0.117	0.148	0.083	0.652	-0.054	-0.07	-0.038	0.186	0.348	"4"
"7时"	0	1	0	0	0.117	0.148	0.083	0.652	-0.054	0.829	-0.038	-0.458	1.379	"2"
"891025"	1	0	0	0	0.117	0.148	0.083	0.652	0.934	-0.07	-0.038	-0.458	1.5	"1"
"891227"	0	0	0	1	0.117	0.148	0.083	0.652	-0.054	-0.07	-0.038	0.186	0.348	"4"
"891229"	0	0	0	1	0.117	0.148	0.083	0.652	-0.054	-0.07	-0.038	0.186	0.348	"4"
"900123"	1	0	0	0	0.117	0.148	0.083	0.652	0.934	-0.07	-0.038	-0.458	1.5	"1"
"APEC"	0	1	0	0	0.117	0.148	0.083	0.652	-0.054	0.829	-0.038	-0.458	1.379	"2"
"DUARTEFRUTOS"	0	0	0	1	0.117	0.148	0.083	0.652	-0.054	-0.07	-0.038	0.186	0.348	"4"
"GSP"	0	0	0	1	0.117	0.148	0.083	0.652	-0.054	-0.07	-0.038	0.186	0.348	"4"
"ICANOR"	0	0	0	1	0.117	0.148	0.083	0.652	-0.054	-0.07	-0.038	0.186	0.348	"4"
"Mclub"	0	0	1	0	0.117	0.148	0.083	0.652	-0.054	-0.07	1.079	-0.458	1.661	"3"
"MTV"	1	0	0	0	0.117	0.148	0.083	0.652	0.934	-0.07	-0.038	-0.458	1.5	"1"
"MUCH"	1	0	0	0	0.117	0.148	0.083	0.652	0.934	-0.07	-0.038	-0.458	1.5	"1"
"www.look100.com"	0	0	0	1	0.117	0.148	0.083	0.652	-0.054	-0.07	-0.038	0.186	0.348	"4"
"一同"	0	0	0	2	0.233	0.297	0.167	1.303	-0.108	-0.139	-0.076	0.372	0.695	"4"
"一大早"	0	0	0	1	0.117	0.148	0.083	0.652	-0.054	-0.07	-0.038	0.186	0.348	"4"
"一月"	0	0	0	1	0.117	0.148	0.083	0.652	-0.054	-0.07	-0.038	0.186	0.348	"4"
"一百多"	0	0	0	1	0.117	0.148	0.083	0.652	-0.054	-0.07	-0.038	0.186	0.348	"4"
"一级"	0	0	0	1	0.117	0.148	0.083	0.652	-0.054	-0.07	-0.038	0.186	0.348	"4"
"一般"	0	1	0	0	0.117	0.148	0.083	0.652	-0.054	0.829	-0.038	-0.458	1.379	"2"
"一行"	0	0	1	1	0.233	0.297	0.167	1.303	-0.108	-0.139	0.796	-0.24	1.283	"3"
"七十一年"	0	0	0	1	0.117	0.148	0.083	0.652	-0.054	-0.07	-0.038	0.186	0.348	"4"
"万人"	0	0	0	1	0.117	0.148	0.083	0.652	-0.054	-0.07	-0.038	0.186	0.348	"4"
"万华"	0	0	0	1	0.117	0.148	0.083	0.652	-0.054	-0.07	-0.038	0.186	0.348	"4"
"万通"	1	0	0	0	0.117	0.148	0.083	0.652	0.934	-0.07	-0.038	-0.458	1.5	"1"
"三九二"	0	0	0	2	0.233	0.297	0.167	1.303	-0.108	-0.139	-0.076	0.372	0.695	"4"
"三军"	0	0	0	3	0.35	0.445	0.25	1.955	-0.161	-0.209	-0.113	0.558	1.041	"4"
"三十分"	0	0	0	7	0.816	1.039	0.584	4.562	-0.377	-0.488	-0.265	1.302	2.432	"4"
"三十日"	0	0	0	1	0.117	0.148	0.083	0.652	-0.054	-0.07	-0.038	0.186	0.348	"4"
"三十日电"	0	0	0	1	0.117	0.148	0.083	0.652	-0.054	-0.07	-0.038	0.186	0.348	"4"
"三时"	0	0	0	1	0.117	0.148	0.083	0.652	-0.054	-0.07	-0.038	0.186	0.348	"4"
"三月"	1	0	0	0	0.117	0.148	0.083	0.652	0.934	-0.07	-0.038	-0.458	1.5	"1"
"三村"	0	0	0	1	0.117	0.148	0.083	0.652	-0.054	-0.07	-0.038	0.186	0.348	"4"
"三楼"	1	0	0	0	0.117	0.148	0.083	0.652	0.934	-0.07	-0.038	-0.458	1.5	"1"
"三百多"	0	0	0	1	0.117	0.148	0.083	0.652	-0.054	-0.07	-0.038	0.186	0.348	"4"
"三藏"	0	0	0	1	0.117	0.148	0.083	0.652	-0.054	-0.07	-0.038	0.186	0.348	"4"
"上"	5	25	0	40	8.158	10.385	5.837	45.62	-0.794	4.894	-2.647	-0.997	9.332	"2"
"上午"	1	1	0	20	2.564	3.264	1.835	14.338	-0.593	-0.85	-0.832	2.195	4.47	"4"
"上述"	1	0	0	3	0.466	0.593	0.334	2.607	0.408	-0.279	-0.151	0.247	1.085	"1"
"下午"	0	1	3	15	2.214	2.819	1.584	12.382	-1.022	-0.691	0.683	0.814	3.21	"1"
"下水"	0	0	0	2	0.233	0.297	0.167	1.303	-0.108	-0.139	-0.076	0.372	0.695	"4"
"不会"	0	1	0	0	0.117	0.148	0.083	0.652	-0.054	0.829	-0.038	-0.458	1.379	"2"
"不克"	1	0	0	0	0.117	0.148	0.083	0.652	0.934	-0.07	-0.038	-0.458	1.5	"1"
"与"	0	6	0	0	0.699	0.89	0.5	3.91	-0.323	4.972	-0.227	-2.748	8.27	"2"
"与会"	1	0	0	0	0.117	0.148	0.083	0.652	0.934	-0.07	-0.038	-0.458	1.5	"1"
"专炉"	0	1	0	0	0.117	0.148	0.083	0.652	-0.054	0.829	-0.038	-0.458	1.379	"2"
"专程"	0	0	0	1	0.117	0.148	0.083	0.652	-0.054	-0.07	-0.038	0.186	0.348	"4"
"专题"	0	1	1	0	0.233	0.297	0.167	1.303	-0.108	0.561	0.796	-0.916	2.381	"4"
"世盟"	0	0	0	1	0.117	0.148	0.083	0.652	-0.054	-0.07	-0.038	0.186	0.348	"4"
"东京都"	1	0	0	0	0.117	0.148	0.083	0.652	0.934	-0.07	-0.038	-0.458	1.5	"1"
"东元"	1	0	0	0	0.117	0.148	0.083	0.652	0.934	-0.07	-0.038	-0.458	1.5	"1"
"东西"	0	0	0	1	0.117	0.148	0.083	0.652	-0.054	-0.07	-0.038	0.186	0.348	"4"
"东道主"	0	0	0	1	0.117	0.148	0.083	0.652	-0.054	-0.07	-0.038	0.186	0.348	"4"
"中午"	0	0	0	2	0.233	0.297	0.167	1.303	-0.108	-0.139	-0.076	0.372	0.695	"4"
"中华"	2	0	0	2	0.466	0.593	0.334	2.607	1.159	-0.279	-0.151	-0.363	1.952	"1"
"中华民国"	1	0	0	4	0.583	0.742	0.417	3.259	0.336	-0.349	-0.189	0.365	1.239	"4"
"中县"	0	0	0	1	0.117	0.148	0.083	0.652	-0.054	-0.07	-0.038	0.186	0.348	"4"
"中四"	0	1	0	0	0.117	0.148	0.083	0.652	-0.054	0.829	-0.038	-0.458	1.379	"2"
"中央社"	1	0	0	3	0.466	0.593	0.334	2.607	0.408	-0.279	-0.151	0.247	1.085	"1"
"中寮"	0	0	0	1	0.117	0.148	0.083	0.652	-0.054	-0.07	-0.038	0.186	0.348	"4"
"中山"	0	2	0	4	0.699	0.89	0.5	3.91	-0.323	0.658	-0.227	0.187	1.395	"2"
"中庭"	1	0	0	1	0.233	0.297	0.167	1.303	0.659	-0.139	-0.076	-0.24	1.114	"1"
"中心"	4	0	3	8	1.748	2.225	1.251	9.776	1.055	-1.046	0.906	-0.619	3.626	"1"
"中枢"	0	0	0	1	0.117	0.148	0.083	0.652	-0.054	-0.07	-0.038	0.186	0.348	"4"
"中正机场"	0	0	0	1	0.117	0.148	0.083	0.652	-0.054	-0.07	-0.038	0.186	0.348	"4"
"中泰"	1	0	0	0	0.117	0.148	0.083	0.652	0.934	-0.07	-0.038	-0.458	1.5	"1"
"中菲"	0	1	0	0	0.117	0.148	0.083	0.652	-0.054	0.829	-0.038	-0.458	1.379	"2"
"丰"	0	0	0	1	0.117	0.148	0.083	0.652	-0.054	-0.07	-0.038	0.186	0.348	"4"
"主委"	0	0	0	3	0.35	0.445	0.25	1.955	-0.161	-0.209	-0.113	0.558	1.041	"4"
"主持"	3	1	39	15	6.76	8.605	4.837	37.799	-1.087	-3	27.8	-8.927	40.814	"3"
"主持人"	1	0	0	1	0.233	0.297	0.167	1.303	0.659	-0.139	-0.076	-0.24	1.114	"1"
"主持人员"	0	0	0	1	0.117	0.148	0.083	0.652	-0.054	-0.07	-0.038	0.186	0.348	"4"
"举"	1	1	0	2	0.466	0.593	0.334	2.607	0.408	0.324	-0.151	-0.363	1.246	"1"
"举世闻名"	0	1	0	0	0.117	0.148	0.083	0.652	-0.054	0.829	-0.038	-0.458	1.379	"2"
"举办"	0	0	0	10	1.165	1.484	0.834	6.517	-0.538	-0.697	-0.378	1.859	3.472	"4"
"举行"	13	10	2	106	15.267	19.435	10.924	85.374	-0.488	-2.017	-3.033	4.245	9.783	"4"
"义消"	1	0	0	0	0.117	0.148	0.083	0.652	0.934	-0.07	-0.038	-0.458	1.5	"1"
"之前"	0	0	0	3	0.35	0.445	0.25	1.955	-0.161	-0.209	-0.113	0.558	1.041	"4"
"之后"	0	1	0	4	0.583	0.742	0.417	3.259	-0.269	0.258	-0.189	0.365	1.081	"4"
"乐声"	0	0	0	1	0.117	0.148	0.083	0.652	-0.054	-0.07	-0.038	0.186	0.348	"4"
"乐队"	0	0	0	1	0.117	0.148	0.083	0.652	-0.054	-0.07	-0.038	0.186	0.348	"4"
"九十"	1	0	0	0	0.117	0.148	0.083	0.652	0.934	-0.07	-0.038	-0.458	1.5	"1"
"九十年"	0	0	0	1	0.117	0.148	0.083	0.652	-0.054	-0.07	-0.038	0.186	0.348	"4"
"九时"	0	0	0	2	0.233	0.297	0.167	1.303	-0.108	-0.139	-0.076	0.372	0.695	"4"
"书展"	0	0	1	0	0.117	0.148	0.083	0.652	-0.054	-0.07	1.079	-0.458	1.661	"3"
"书法"	0	0	0	1	0.117	0.148	0.083	0.652	-0.054	-0.07	-0.038	0.186	0.348	"4"
"予"	0	1	0	0	0.117	0.148	0.083	0.652	-0.054	0.829	-0.038	-0.458	1.379	"2"
"争相"	0	0	0	1	0.117	0.148	0.083	0.652	-0.054	-0.07	-0.038	0.186	0.348	"4"
"二十一"	2	0	0	0	0.233	0.297	0.167	1.303	1.867	-0.139	-0.076	-0.916	2.998	"1"
"二十二"	0	0	0	2	0.233	0.297	0.167	1.303	-0.108	-0.139	-0.076	0.372	0.695	"4"
"二十八日"	0	0	0	1	0.117	0.148	0.083	0.652	-0.054	-0.07	-0.038	0.186	0.348	"4"
"二十日"	0	0	0	1	0.117	0.148	0.083	0.652	-0.054	-0.07	-0.038	0.186	0.348	"4"
"二日"	2	0	0	1	0.35	0.445	0.25	1.955	1.425	-0.209	-0.113	-0.554	2.301	"1"
"二时"	0	0	0	1	0.117	0.148	0.083	0.652	-0.054	-0.07	-0.038	0.186	0.348	"4"
"二百多"	1	0	0	0	0.117	0.148	0.083	0.652	0.934	-0.07	-0.038	-0.458	1.5	"1"
"五十分"	1	0	0	0	0.117	0.148	0.083	0.652	0.934	-0.07	-0.038	-0.458	1.5	"1"
"五楼"	0	0	0	1	0.117	0.148	0.083	0.652	-0.054	-0.07	-0.038	0.186	0.348	"4"
"亚足联"	0	1	0	0	0.117	0.148	0.083	0.652	-0.054	0.829	-0.038	-0.458	1.379	"2"
"交"	0	0	1	1	0.233	0.297	0.167	1.303	-0.108	-0.139	0.796	-0.24	1.283	"3"
"交往"	0	1	0	0	0.117	0.148	0.083	0.652	-0.054	0.829	-0.038	-0.458	1.379	"2"
"交接"	0	1	0	12	1.515	1.929	1.084	8.472	-0.7	-0.393	-0.492	1.517	3.102	"4"
"交机"	0	0	0	1	0.117	0.148	0.083	0.652	-0.054	-0.07	-0.038	0.186	0.348	"4"
"亲自"	0	0	0	2	0.233	0.297	0.167	1.303	-0.108	-0.139	-0.076	0.372	0.695	"4"
"人事处"	0	0	0	1	0.117	0.148	0.083	0.652	-0.054	-0.07	-0.038	0.186	0.348	"4"
"人协"	0	0	0	1	0.117	0.148	0.083	0.652	-0.054	-0.07	-0.038	0.186	0.348	"4"
"人参"	0	0	0	1	0.117	0.148	0.083	0.652	-0.054	-0.07	-0.038	0.186	0.348	"4"
"人才"	0	2	0	0	0.233	0.297	0.167	1.303	-0.108	1.657	-0.076	-0.916	2.757	"2"
"今后党"	0	0	0	1	0.117	0.148	0.083	0.652	-0.054	-0.07	-0.038	0.186	0.348	"4"
"今天"	3	2	3	38	5.361	6.825	3.836	29.979	-0.698	-1.602	-0.338	2.123	4.761	"4"
"今日"	1	1	0	1	0.35	0.445	0.25	1.955	0.508	0.418	-0.113	-0.554	1.593	"4"
"今晚"	2	0	0	3	0.583	0.742	0.417	3.259	0.971	-0.349	-0.189	-0.245	1.754	"1"
"介寿堂"	0	0	0	1	0.117	0.148	0.083	0.652	-0.054	-0.07	-0.038	0.186	0.348	"4"
"代"	0	0	0	1	0.117	0.148	0.083	0.652	-0.054	-0.07	-0.038	0.186	0.348	"4"
"代表"	1	1	0	9	1.282	1.632	0.917	7.169	-0.203	-0.302	-0.416	0.692	1.613	"4"
"代表团"	0	1	0	0	0.117	0.148	0.083	0.652	-0.054	0.829	-0.038	-0.458	1.379	"2"
"以往"	0	1	0	0	0.117	0.148	0.083	0.652	-0.054	0.829	-0.038	-0.458	1.379	"2"
"仪"	0	0	0	1	0.117	0.148	0.083	0.652	-0.054	-0.07	-0.038	0.186	0.348	"4"
"仪仗队"	0	0	0	1	0.117	0.148	0.083	0.652	-0.054	-0.07	-0.038	0.186	0.348	"4"
"仪式"	1	1	0	20	2.564	3.264	1.835	14.338	-0.593	-0.85	-0.832	2.195	4.47	"4"
"仪队"	0	0	0	1	0.117	0.148	0.083	0.652	-0.054	-0.07	-0.038	0.186	0.348	"4"
"任职"	0	0	0	1	0.117	0.148	0.083	0.652	-0.054	-0.07	-0.038	0.186	0.348	"4"
"伊利埃斯库"	0	0	0	1	0.117	0.148	0.083	0.652	-0.054	-0.07	-0.038	0.186	0.348	"4"
"休假"	0	1	0	0	0.117	0.148	0.083	0.652	-0.054	0.829	-0.038	-0.458	1.379	"2"
"休战"	0	1	0	0	0.117	0.148	0.083	0.652	-0.054	0.829	-0.038	-0.458	1.379	"2"
"优良"	1	0	0	1	0.233	0.297	0.167	1.303	0.659	-0.139	-0.076	-0.24	1.114	"1"
"会合"	1	0	0	0	0.117	0.148	0.083	0.652	0.934	-0.07	-0.038	-0.458	1.5	"1"
"会商"	1	0	0	0	0.117	0.148	0.083	0.652	0.934	-0.07	-0.038	-0.458	1.5	"1"
"会场"	0	0	0	1	0.117	0.148	0.083	0.652	-0.054	-0.07	-0.038	0.186	0.348	"4"
"会徽"	0	0	0	1	0.117	0.148	0.083	0.652	-0.054	-0.07	-0.038	0.186	0.348	"4"
"会所"	1	0	0	1	0.233	0.297	0.167	1.303	0.659	-0.139	-0.076	-0.24	1.114	"1"
"会见"	0	1	0	3	0.466	0.593	0.334	2.607	-0.215	0.324	-0.151	0.247	0.937	"2"
"会议"	0	1	0	0	0.117	0.148	0.083	0.652	-0.054	0.829	-0.038	-0.458	1.379	"2"
"会议室"	2	0	0	2	0.466	0.593	0.334	2.607	1.159	-0.279	-0.151	-0.363	1.952	"1"
"会谈"	0	0	0	1	0.117	0.148	0.083	0.652	-0.054	-0.07	-0.038	0.186	0.348	"4"
"会长"	0	0	0	2	0.233	0.297	0.167	1.303	-0.108	-0.139	-0.076	0.372	0.695	"4"
"会馆"	0	0	0	1	0.117	0.148	0.083	0.652	-0.054	-0.07	-0.038	0.186	0.348	"4"
"传统"	0	2	0	3	0.583	0.742	0.417	3.259	-0.269	0.791	-0.189	-0.245	1.494	"2"
"低调"	0	1	0	2	0.35	0.445	0.25	1.955	-0.161	0.418	-0.113	0.142	0.834	"2"
"体制"	0	1	0	0	0.117	0.148	0.083	0.652	-0.054	0.829	-0.038	-0.458	1.379	"2"
"体系"	0	2	0	0	0.233	0.297	0.167	1.303	-0.108	1.657	-0.076	-0.916	2.757	"2"
"体育奖"	1	0	0	0	0.117	0.148	0.083	0.652	0.934	-0.07	-0.038	-0.458	1.5	"1"
"体育馆"	1	0	0	1	0.233	0.297	0.167	1.303	0.659	-0.139	-0.076	-0.24	1.114	"1"
"佛教"	0	0	0	3	0.35	0.445	0.25	1.955	-0.161	-0.209	-0.113	0.558	1.041	"4"
"佛门"	0	0	0	1	0.117	0.148	0.083	0.652	-0.054	-0.07	-0.038	0.186	0.348	"4"
"依"	0	2	0	0	0.233	0.297	0.167	1.303	-0.108	1.657	-0.076	-0.916	2.757	"2"
"依据"	0	1	0	0	0.117	0.148	0.083	0.652	-0.054	0.829	-0.038	-0.458	1.379	"2"
"依照"	0	3	0	0	0.35	0.445	0.25	1.955	-0.161	2.486	-0.113	-1.374	4.134	"2"
"侨团"	0	0	0	1	0.117	0.148	0.083	0.652	-0.054	-0.07	-0.038	0.186	0.348	"4"
"侨胞"	0	0	0	1	0.117	0.148	0.083	0.652	-0.054	-0.07	-0.038	0.186	0.348	"4"
"俊义"	0	0	0	1	0.117	0.148	0.083	0.652	-0.054	-0.07	-0.038	0.186	0.348	"4"
"信任案"	0	1	0	0	0.117	0.148	0.083	0.652	-0.054	0.829	-0.038	-0.458	1.379	"2"
"修正案"	0	2	0	0	0.233	0.297	0.167	1.303	-0.108	1.657	-0.076	-0.916	2.757	"2"
"俱乐部"	0	1	4	2	0.816	1.039	0.584	4.562	-0.377	-0.142	2.861	-1.264	4.644	"3"
"债务"	0	1	0	0	0.117	0.148	0.083	0.652	-0.054	0.829	-0.038	-0.458	1.379	"2"
"停火"	0	1	0	0	0.117	0.148	0.083	0.652	-0.054	0.829	-0.038	-0.458	1.379	"2"
"傅"	0	0	0	1	0.117	0.148	0.083	0.652	-0.054	-0.07	-0.038	0.186	0.348	"4"
"傍晚"	0	0	1	1	0.233	0.297	0.167	1.303	-0.108	-0.139	0.796	-0.24	1.283	"3"
"元旦"	0	0	0	7	0.816	1.039	0.584	4.562	-0.377	-0.488	-0.265	1.302	2.432	"4"
"元首"	0	0	0	1	0.117	0.148	0.083	0.652	-0.054	-0.07	-0.038	0.186	0.348	"4"
"兄弟"	0	0	0	1	0.117	0.148	0.083	0.652	-0.054	-0.07	-0.038	0.186	0.348	"4"
"先锋"	0	0	0	1	0.117	0.148	0.083	0.652	-0.054	-0.07	-0.038	0.186	0.348	"4"
"党主席"	0	0	0	1	0.117	0.148	0.083	0.652	-0.054	-0.07	-0.038	0.186	0.348	"4"
"入围"	1	0	0	1	0.233	0.297	0.167	1.303	0.659	-0.139	-0.076	-0.24	1.114	"1"
"入盟"	0	2	0	0	0.233	0.297	0.167	1.303	-0.108	1.657	-0.076	-0.916	2.757	"2"
"全程"	0	0	0	1	0.117	0.148	0.083	0.652	-0.054	-0.07	-0.038	0.186	0.348	"4"
"八十九"	3	0	0	2	0.583	0.742	0.417	3.259	1.88	-0.349	-0.189	-0.634	3.052	"1"
"八十九学年"	1	0	0	0	0.117	0.148	0.083	0.652	0.934	-0.07	-0.038	-0.458	1.5	"1"
"八十九年"	0	0	0	1	0.117	0.148	0.083	0.652	-0.054	-0.07	-0.038	0.186	0.348	"4"
"八十九年度"	0	0	0	1	0.117	0.148	0.083	0.652	-0.054	-0.07	-0.038	0.186	0.348	"4"
"八时"	0	0	0	4	0.466	0.593	0.334	2.607	-0.215	-0.279	-0.151	0.744	1.389	"4"
"公会"	0	0	1	1	0.233	0.297	0.167	1.303	-0.108	-0.139	0.796	-0.24	1.283	"3"
"公使"	0	0	0	1	0.117	0.148	0.083	0.652	-0.054	-0.07	-0.038	0.186	0.348	"4"
"公务"	0	0	0	1	0.117	0.148	0.083	0.652	-0.054	-0.07	-0.038	0.186	0.348	"4"
"公务人"	0	0	0	1	0.117	0.148	0.083	0.652	-0.054	-0.07	-0.038	0.186	0.348	"4"
"公务人员"	0	0	0	1	0.117	0.148	0.083	0.652	-0.054	-0.07	-0.038	0.186	0.348	"4"
"公厕"	1	0	0	0	0.117	0.148	0.083	0.652	0.934	-0.07	-0.038	-0.458	1.5	"1"
"公园"	0	0	0	3	0.35	0.445	0.25	1.955	-0.161	-0.209	-0.113	0.558	1.041	"4"
"公墓"	0	0	0	1	0.117	0.148	0.083	0.652	-0.054	-0.07	-0.038	0.186	0.348	"4"
"公安厅"	0	0	0	1	0.117	0.148	0.083	0.652	-0.054	-0.07	-0.038	0.186	0.348	"4"
"公平会"	0	0	0	1	0.117	0.148	0.083	0.652	-0.054	-0.07	-0.038	0.186	0.348	"4"
"公祭"	0	0	0	1	0.117	0.148	0.083	0.652	-0.054	-0.07	-0.038	0.186	0.348	"4"
"公约"	0	1	0	0	0.117	0.148	0.083	0.652	-0.054	0.829	-0.038	-0.458	1.379	"2"
"公署"	0	0	0	1	0.117	0.148	0.083	0.652	-0.054	-0.07	-0.038	0.186	0.348	"4"
"公路"	0	0	0	3	0.35	0.445	0.25	1.955	-0.161	-0.209	-0.113	0.558	1.041	"4"
"公车"	0	0	0	2	0.233	0.297	0.167	1.303	-0.108	-0.139	-0.076	0.372	0.695	"4"
"六十年"	0	0	0	2	0.233	0.297	0.167	1.303	-0.108	-0.139	-0.076	0.372	0.695	"4"
"六日电"	1	0	0	0	0.117	0.148	0.083	0.652	0.934	-0.07	-0.038	-0.458	1.5	"1"
"六时"	1	0	0	2	0.35	0.445	0.25	1.955	0.508	-0.209	-0.113	0.142	0.972	"1"
"兴农牛"	1	0	0	0	0.117	0.148	0.083	0.652	0.934	-0.07	-0.038	-0.458	1.5	"1"
"具体"	0	1	0	0	0.117	0.148	0.083	0.652	-0.054	0.829	-0.038	-0.458	1.379	"2"
"典礼"	0	0	2	8	1.165	1.484	0.834	6.517	-0.538	-0.697	0.698	0.576	2.509	"3"
"内政部"	1	0	0	1	0.233	0.297	0.167	1.303	0.659	-0.139	-0.076	-0.24	1.114	"1"
"内政部长"	0	0	1	2	0.35	0.445	0.25	1.955	-0.161	-0.209	0.638	0.142	1.15	"3"
"内海"	0	0	1	0	0.117	0.148	0.083	0.652	-0.054	-0.07	1.079	-0.458	1.661	"3"
"再嫁"	0	1	0	0	0.117	0.148	0.083	0.652	-0.054	0.829	-0.038	-0.458	1.379	"2"
"写作"	1	0	0	1	0.233	0.297	0.167	1.303	0.659	-0.139	-0.076	-0.24	1.114	"1"
"军乐队"	0	0	0	1	0.117	0.148	0.083	0.652	-0.054	-0.07	-0.038	0.186	0.348	"4"
"军营"	0	0	0	1	0.117	0.148	0.083	0.652	-0.054	-0.07	-0.038	0.186	0.348	"4"
"农委会"	0	0	1	0	0.117	0.148	0.083	0.652	-0.054	-0.07	1.079	-0.458	1.661	"3"
"准"	0	1	0	0	0.117	0.148	0.083	0.652	-0.054	0.829	-0.038	-0.458	1.379	"2"
"准将"	0	0	1	3	0.466	0.593	0.334	2.607	-0.215	-0.279	0.531	0.247	1.272	"3"
"凭弔"	0	0	0	1	0.117	0.148	0.083	0.652	-0.054	-0.07	-0.038	0.186	0.348	"4"
"出席"	6	8	2	35	5.944	7.566	4.253	33.237	0.256	0.308	-0.719	0.443	1.726	"3"
"出征"	0	0	0	1	0.117	0.148	0.083	0.652	-0.054	-0.07	-0.038	0.186	0.348	"4"
"出访"	0	1	0	1	0.233	0.297	0.167	1.303	-0.108	0.561	-0.076	-0.24	0.985	"2"
"分发"	0	0	2	0	0.233	0.297	0.167	1.303	-0.108	-0.139	2.158	-0.916	3.321	"3"
"刘海燕"	0	0	0	1	0.117	0.148	0.083	0.652	-0.054	-0.07	-0.038	0.186	0.348	"4"
"到场"	2	0	1	0	0.35	0.445	0.25	1.955	1.425	-0.209	0.638	-1.374	3.646	"1"
"到时"	0	0	0	1	0.117	0.148	0.083	0.652	-0.054	-0.07	-0.038	0.186	0.348	"4"
"到访"	0	0	0	1	0.117	0.148	0.083	0.652	-0.054	-0.07	-0.038	0.186	0.348	"4"
"制度"	0	1	0	0	0.117	0.148	0.083	0.652	-0.054	0.829	-0.038	-0.458	1.379	"2"
"前"	0	0	0	1	0.117	0.148	0.083	0.652	-0.054	-0.07	-0.038	0.186	0.348	"4"
"前往"	0	0	0	4	0.466	0.593	0.334	2.607	-0.215	-0.279	-0.151	0.744	1.389	"4"
"前议长"	0	0	0	1	0.117	0.148	0.083	0.652	-0.054	-0.07	-0.038	0.186	0.348	"4"
"剑潭"	1	0	0	1	0.233	0.297	0.167	1.303	0.659	-0.139	-0.076	-0.24	1.114	"1"
"剪彩"	0	1	0	0	0.117	0.148	0.083	0.652	-0.054	0.829	-0.038	-0.458	1.379	"2"
"剪綵"	0	0	0	1	0.117	0.148	0.083	0.652	-0.054	-0.07	-0.038	0.186	0.348	"4"
"副局长"	0	1	0	0	0.117	0.148	0.083	0.652	-0.054	0.829	-0.038	-0.458	1.379	"2"
"副市长"	0	0	0	2	0.233	0.297	0.167	1.303	-0.108	-0.139	-0.076	0.372	0.695	"4"
"副总"	0	0	0	1	0.117	0.148	0.083	0.652	-0.054	-0.07	-0.038	0.186	0.348	"4"
"副总理"	0	0	3	1	0.466	0.593	0.334	2.607	-0.215	-0.279	2.663	-0.904	4.061	"3"
"副总统"	0	0	0	4	0.466	0.593	0.334	2.607	-0.215	-0.279	-0.151	0.744	1.389	"4"
"副省长"	0	1	0	1	0.233	0.297	0.167	1.303	-0.108	0.561	-0.076	-0.24	0.985	"2"
"副部长"	0	1	0	1	0.233	0.297	0.167	1.303	-0.108	0.561	-0.076	-0.24	0.985	"2"
"办事"	0	1	0	0	0.117	0.148	0.083	0.652	-0.054	0.829	-0.038	-0.458	1.379	"2"
"加蓬"	0	0	0	2	0.233	0.297	0.167	1.303	-0.108	-0.139	-0.076	0.372	0.695	"4"
"动土"	0	0	0	2	0.233	0.297	0.167	1.303	-0.108	-0.139	-0.076	0.372	0.695	"4"
"动工"	0	0	0	1	0.117	0.148	0.083	0.652	-0.054	-0.07	-0.038	0.186	0.348	"4"
"助兴"	0	0	0	1	0.117	0.148	0.083	0.652	-0.054	-0.07	-0.038	0.186	0.348	"4"
"努乔马"	0	0	0	2	0.233	0.297	0.167	1.303	-0.108	-0.139	-0.076	0.372	0.695	"4"
"劲"	1	0	0	0	0.117	0.148	0.083	0.652	0.934	-0.07	-0.038	-0.458	1.5	"1"
"勋章"	0	0	0	1	0.117	0.148	0.083	0.652	-0.054	-0.07	-0.038	0.186	0.348	"4"
"勤务"	0	0	0	1	0.117	0.148	0.083	0.652	-0.054	-0.07	-0.038	0.186	0.348	"4"
"化禁"	0	1	0	0	0.117	0.148	0.083	0.652	-0.054	0.829	-0.038	-0.458	1.379	"2"
"北京人"	0	0	0	1	0.117	0.148	0.083	0.652	-0.054	-0.07	-0.038	0.186	0.348	"4"
"北体"	0	0	0	1	0.117	0.148	0.083	0.652	-0.054	-0.07	-0.038	0.186	0.348	"4"
"北市"	0	0	0	1	0.117	0.148	0.083	0.652	-0.054	-0.07	-0.038	0.186	0.348	"4"
"北市立"	1	0	0	0	0.117	0.148	0.083	0.652	0.934	-0.07	-0.038	-0.458	1.5	"1"
"北端"	0	0	0	1	0.117	0.148	0.083	0.652	-0.054	-0.07	-0.038	0.186	0.348	"4"
"医学"	1	0	0	1	0.233	0.297	0.167	1.303	0.659	-0.139	-0.076	-0.24	1.114	"1"
"十一"	1	0	0	0	0.117	0.148	0.083	0.652	0.934	-0.07	-0.038	-0.458	1.5	"1"
"十一时"	1	1	0	1	0.35	0.445	0.25	1.955	0.508	0.418	-0.113	-0.554	1.593	"4"
"十九时"	1	0	0	1	0.233	0.297	0.167	1.303	0.659	-0.139	-0.076	-0.24	1.114	"1"
"十二月"	2	0	0	1	0.35	0.445	0.25	1.955	1.425	-0.209	-0.113	-0.554	2.301	"1"
"十二楼"	1	0	0	0	0.117	0.148	0.083	0.652	0.934	-0.07	-0.038	-0.458	1.5	"1"
"十五时"	0	0	0	3	0.35	0.445	0.25	1.955	-0.161	-0.209	-0.113	0.558	1.041	"4"
"十数"	0	1	0	0	0.117	0.148	0.083	0.652	-0.054	0.829	-0.038	-0.458	1.379	"2"
"十时"	0	0	0	5	0.583	0.742	0.417	3.259	-0.269	-0.349	-0.189	0.93	1.737	"4"
"升"	0	0	0	5	0.583	0.742	0.417	3.259	-0.269	-0.349	-0.189	0.93	1.737	"4"
"升旗"	0	0	0	21	2.447	3.116	1.751	13.686	-1.13	-1.465	-0.794	3.905	7.294	"4"
"华灯"	0	0	0	1	0.117	0.148	0.083	0.652	-0.054	-0.07	-0.038	0.186	0.348	"4"
"华裔"	1	0	0	0	0.117	0.148	0.083	0.652	0.934	-0.07	-0.038	-0.458	1.5	"1"
"华西街"	0	0	0	1	0.117	0.148	0.083	0.652	-0.054	-0.07	-0.038	0.186	0.348	"4"
"协定"	0	1	0	0	0.117	0.148	0.083	0.652	-0.054	0.829	-0.038	-0.458	1.379	"2"
"协议"	0	2	0	2	0.466	0.593	0.334	2.607	-0.215	0.969	-0.151	-0.363	1.698	"2"
"协调"	0	0	1	0	0.117	0.148	0.083	0.652	-0.054	-0.07	1.079	-0.458	1.661	"3"
"卓越奖"	1	0	0	0	0.117	0.148	0.083	0.652	0.934	-0.07	-0.038	-0.458	1.5	"1"
"南振中"	1	0	0	0	0.117	0.148	0.083	0.652	0.934	-0.07	-0.038	-0.458	1.5	"1"
"博物馆"	0	0	0	1	0.117	0.148	0.083	0.652	-0.054	-0.07	-0.038	0.186	0.348	"4"
"博雅"	0	0	0	1	0.117	0.148	0.083	0.652	-0.054	-0.07	-0.038	0.186	0.348	"4"
"卡比拉"	0	1	0	0	0.117	0.148	0.083	0.652	-0.054	0.829	-0.038	-0.458	1.379	"2"
"卢武铉"	0	1	0	1	0.233	0.297	0.167	1.303	-0.108	0.561	-0.076	-0.24	0.985	"2"
"卧虎藏龙"	1	0	0	0	0.117	0.148	0.083	0.652	0.934	-0.07	-0.038	-0.458	1.5	"1"
"卫城"	0	1	0	0	0.117	0.148	0.083	0.652	-0.054	0.829	-0.038	-0.458	1.379	"2"
"卫队"	0	0	0	1	0.117	0.148	0.083	0.652	-0.054	-0.07	-0.038	0.186	0.348	"4"
"印度教"	0	0	0	1	0.117	0.148	0.083	0.652	-0.054	-0.07	-0.038	0.186	0.348	"4"
"卸任"	0	0	0	2	0.233	0.297	0.167	1.303	-0.108	-0.139	-0.076	0.372	0.695	"4"
"厂房"	0	1	0	0	0.117	0.148	0.083	0.652	-0.054	0.829	-0.038	-0.458	1.379	"2"
"厄"	0	0	0	2	0.233	0.297	0.167	1.303	-0.108	-0.139	-0.076	0.372	0.695	"4"
"历史性"	0	1	0	0	0.117	0.148	0.083	0.652	-0.054	0.829	-0.038	-0.458	1.379	"2"
"原住民"	0	2	0	2	0.466	0.593	0.334	2.607	-0.215	0.969	-0.151	-0.363	1.698	"2"
"原订"	0	0	0	1	0.117	0.148	0.083	0.652	-0.054	-0.07	-0.038	0.186	0.348	"4"
"县政府"	0	0	0	1	0.117	0.148	0.083	0.652	-0.054	-0.07	-0.038	0.186	0.348	"4"
"县长"	0	0	0	2	0.233	0.297	0.167	1.303	-0.108	-0.139	-0.076	0.372	0.695	"4"
"参"	0	0	0	1	0.117	0.148	0.083	0.652	-0.054	-0.07	-0.038	0.186	0.348	"4"
"参加"	5	0	0	42	5.478	6.973	3.919	30.63	-0.278	-3.278	-1.777	3.814	9.147	"4"
"参谋长"	0	0	0	1	0.117	0.148	0.083	0.652	-0.054	-0.07	-0.038	0.186	0.348	"4"
"友邦"	0	0	0	1	0.117	0.148	0.083	0.652	-0.054	-0.07	-0.038	0.186	0.348	"4"
"双十"	0	0	0	1	0.117	0.148	0.083	0.652	-0.054	-0.07	-0.038	0.186	0.348	"4"
"双十国庆"	0	0	0	2	0.233	0.297	0.167	1.303	-0.108	-0.139	-0.076	0.372	0.695	"4"
"双鲤"	0	0	0	1	0.117	0.148	0.083	0.652	-0.054	-0.07	-0.038	0.186	0.348	"4"
"发"	0	0	0	2	0.233	0.297	0.167	1.303	-0.108	-0.139	-0.076	0.372	0.695	"4"
"发刊"	0	0	0	1	0.117	0.148	0.083	0.652	-0.054	-0.07	-0.038	0.186	0.348	"4"
"发布"	0	0	0	1	0.117	0.148	0.083	0.652	-0.054	-0.07	-0.038	0.186	0.348	"4"
"发明者"	0	2	0	0	0.233	0.297	0.167	1.303	-0.108	1.657	-0.076	-0.916	2.757	"2"
"发电厂"	0	0	0	1	0.117	0.148	0.083	0.652	-0.054	-0.07	-0.038	0.186	0.348	"4"
"发行"	0	0	0	1	0.117	0.148	0.083	0.652	-0.054	-0.07	-0.038	0.186	0.348	"4"
"发表"	0	0	0	11	1.282	1.632	0.917	7.169	-0.592	-0.767	-0.416	2.045	3.82	"4"
"发车"	0	0	0	1	0.117	0.148	0.083	0.652	-0.054	-0.07	-0.038	0.186	0.348	"4"
"受"	0	0	5	1	0.699	0.89	0.5	3.91	-0.323	-0.418	4.648	-1.661	7.05	"3"
"受封"	0	0	0	2	0.233	0.297	0.167	1.303	-0.108	-0.139	-0.076	0.372	0.695	"4"
"受洗"	0	0	0	1	0.117	0.148	0.083	0.652	-0.054	-0.07	-0.038	0.186	0.348	"4"
"口"	0	0	0	2	0.233	0.297	0.167	1.303	-0.108	-0.139	-0.076	0.372	0.695	"4"
"古装"	0	0	0	1	0.117	0.148	0.083	0.652	-0.054	-0.07	-0.038	0.186	0.348	"4"
"台"	2	0	0	5	0.816	1.039	0.584	4.562	0.717	-0.488	-0.265	0.271	1.741	"1"
"台北"	4	0	0	6	1.165	1.484	0.834	6.517	1.664	-0.697	-0.378	-0.317	3.056	"1"
"台北县"	0	0	0	3	0.35	0.445	0.25	1.955	-0.161	-0.209	-0.113	0.558	1.041	"4"
"台北市"	1	0	0	6	0.816	1.039	0.584	4.562	0.237	-0.488	-0.265	0.626	1.616	"4"
"台南县"	0	0	0	1	0.117	0.148	0.083	0.652	-0.054	-0.07	-0.038	0.186	0.348	"4"
"台南市"	0	0	0	1	0.117	0.148	0.083	0.652	-0.054	-0.07	-0.038	0.186	0.348	"4"
"台商"	1	0	0	0	0.117	0.148	0.083	0.652	0.934	-0.07	-0.038	-0.458	1.5	"1"
"台港"	0	1	0	0	0.117	0.148	0.083	0.652	-0.054	0.829	-0.038	-0.458	1.379	"2"
"台铁"	0	0	0	1	0.117	0.148	0.083	0.652	-0.054	-0.07	-0.038	0.186	0.348	"4"
"史卓克"	0	0	0	2	0.233	0.297	0.167	1.303	-0.108	-0.139	-0.076	0.372	0.695	"4"
"叶菊兰"	0	0	0	1	0.117	0.148	0.083	0.652	-0.054	-0.07	-0.038	0.186	0.348	"4"
"吁请"	0	0	1	0	0.117	0.148	0.083	0.652	-0.054	-0.07	1.079	-0.458	1.661	"3"
"各界"	0	0	0	1	0.117	0.148	0.083	0.652	-0.054	-0.07	-0.038	0.186	0.348	"4"
"合作"	0	2	0	0	0.233	0.297	0.167	1.303	-0.108	1.657	-0.076	-0.916	2.757	"2"
"合同"	0	1	0	0	0.117	0.148	0.083	0.652	-0.054	0.829	-0.038	-0.458	1.379	"2"
"合并"	0	1	0	0	0.117	0.148	0.083	0.652	-0.054	0.829	-0.038	-0.458	1.379	"2"
"吉祥物"	1	0	0	0	0.117	0.148	0.083	0.652	0.934	-0.07	-0.038	-0.458	1.5	"1"
"同济"	0	0	0	1	0.117	0.148	0.083	0.652	-0.054	-0.07	-0.038	0.186	0.348	"4"
"名将"	0	1	0	0	0.117	0.148	0.083	0.652	-0.054	0.829	-0.038	-0.458	1.379	"2"
"名流"	0	0	0	1	0.117	0.148	0.083	0.652	-0.054	-0.07	-0.038	0.186	0.348	"4"
"后"	2	4	2	21	3.38	4.302	2.418	18.9	-0.485	-0.248	-0.252	0.567	1.552	"4"
"后勤部"	0	0	0	1	0.117	0.148	0.083	0.652	-0.054	-0.07	-0.038	0.186	0.348	"4"
"吕秀莲"	0	0	0	1	0.117	0.148	0.083	0.652	-0.054	-0.07	-0.038	0.186	0.348	"4"
"启"	0	1	1	0	0.233	0.297	0.167	1.303	-0.108	0.561	0.796	-0.916	2.381	"4"
"启动"	0	0	0	6	0.699	0.89	0.5	3.91	-0.323	-0.418	-0.227	1.116	2.084	"4"
"启播"	0	0	1	0	0.117	0.148	0.083	0.652	-0.054	-0.07	1.079	-0.458	1.661	"3"
"启用"	0	0	0	12	1.399	1.78	1.001	7.82	-0.646	-0.837	-0.454	2.231	4.168	"4"
"吴乃仁"	0	0	0	1	0.117	0.148	0.083	0.652	-0.054	-0.07	-0.038	0.186	0.348	"4"
"吴伯雄"	0	0	0	1	0.117	0.148	0.083	0.652	-0.054	-0.07	-0.038	0.186	0.348	"4"
"吴素柔"	0	0	0	1	0.117	0.148	0.083	0.652	-0.054	-0.07	-0.038	0.186	0.348	"4"
"吴邦国"	0	0	0	1	0.117	0.148	0.083	0.652	-0.054	-0.07	-0.038	0.186	0.348	"4"
"告别"	0	6	0	0	0.699	0.89	0.5	3.91	-0.323	4.972	-0.227	-2.748	8.27	"2"
"周"	0	0	1	0	0.117	0.148	0.083	0.652	-0.054	-0.07	1.079	-0.458	1.661	"3"
"周年"	0	0	0	1	0.117	0.148	0.083	0.652	-0.054	-0.07	-0.038	0.186	0.348	"4"
"周报"	0	0	0	1	0.117	0.148	0.083	0.652	-0.054	-0.07	-0.038	0.186	0.348	"4"
"周瑛琦"	1	0	0	1	0.233	0.297	0.167	1.303	0.659	-0.139	-0.076	-0.24	1.114	"1"
"命名"	1	0	0	1	0.233	0.297	0.167	1.303	0.659	-0.139	-0.076	-0.24	1.114	"1"
"哈基姆"	0	0	0	1	0.117	0.148	0.083	0.652	-0.054	-0.07	-0.038	0.186	0.348	"4"
"哈达姆"	0	0	0	1	0.117	0.148	0.083	0.652	-0.054	-0.07	-0.038	0.186	0.348	"4"
"售书"	0	0	0	1	0.117	0.148	0.083	0.652	-0.054	-0.07	-0.038	0.186	0.348	"4"
"唿吁"	0	0	0	1	0.117	0.148	0.083	0.652	-0.054	-0.07	-0.038	0.186	0.348	"4"
"商店"	0	0	0	1	0.117	0.148	0.083	0.652	-0.054	-0.07	-0.038	0.186	0.348	"4"
"善雄"	0	0	1	0	0.117	0.148	0.083	0.652	-0.054	-0.07	1.079	-0.458	1.661	"3"
"嘉宾"	2	0	0	1	0.35	0.445	0.25	1.955	1.425	-0.209	-0.113	-0.554	2.301	"1"
"嘉许"	0	1	0	0	0.117	0.148	0.083	0.652	-0.054	0.829	-0.038	-0.458	1.379	"2"
"四时"	0	0	0	1	0.117	0.148	0.083	0.652	-0.054	-0.07	-0.038	0.186	0.348	"4"
"回归"	0	0	0	2	0.233	0.297	0.167	1.303	-0.108	-0.139	-0.076	0.372	0.695	"4"
"回教社"	0	0	1	0	0.117	0.148	0.083	0.652	-0.054	-0.07	1.079	-0.458	1.661	"3"
"团"	0	0	0	1	0.117	0.148	0.083	0.652	-0.054	-0.07	-0.038	0.186	0.348	"4"
"团拜"	0	0	0	1	0.117	0.148	0.083	0.652	-0.054	-0.07	-0.038	0.186	0.348	"4"
"园"	0	0	0	2	0.233	0.297	0.167	1.303	-0.108	-0.139	-0.076	0.372	0.695	"4"
"园区"	0	0	0	2	0.233	0.297	0.167	1.303	-0.108	-0.139	-0.076	0.372	0.695	"4"
"国中"	0	0	0	2	0.233	0.297	0.167	1.303	-0.108	-0.139	-0.076	0.372	0.695	"4"
"国务"	0	1	0	0	0.117	0.148	0.083	0.652	-0.054	0.829	-0.038	-0.458	1.379	"2"
"国宾"	0	0	0	1	0.117	0.148	0.083	0.652	-0.054	-0.07	-0.038	0.186	0.348	"4"
"国庆"	0	0	0	7	0.816	1.039	0.584	4.562	-0.377	-0.488	-0.265	1.302	2.432	"4"
"国庆日"	0	1	0	2	0.35	0.445	0.25	1.955	-0.161	0.418	-0.113	0.142	0.834	"2"
"国旗"	0	0	0	10	1.165	1.484	0.834	6.517	-0.538	-0.697	-0.378	1.859	3.472	"4"
"国父"	1	0	0	4	0.583	0.742	0.417	3.259	0.336	-0.349	-0.189	0.365	1.239	"4"
"国立"	0	0	0	1	0.117	0.148	0.083	0.652	-0.054	-0.07	-0.038	0.186	0.348	"4"
"国葬"	0	0	0	1	0.117	0.148	0.083	0.652	-0.054	-0.07	-0.038	0.186	0.348	"4"
"国际"	0	13	0	0	1.515	1.929	1.084	8.472	-0.7	10.773	-0.492	-5.955	17.92	"2"
"国际组"	0	0	0	1	0.117	0.148	0.083	0.652	-0.054	-0.07	-0.038	0.186	0.348	"4"
"国首脑"	0	1	0	0	0.117	0.148	0.083	0.652	-0.054	0.829	-0.038	-0.458	1.379	"2"
"图书"	0	0	0	1	0.117	0.148	0.083	0.652	-0.054	-0.07	-0.038	0.186	0.348	"4"
"图书馆"	0	0	1	0	0.117	0.148	0.083	0.652	-0.054	-0.07	1.079	-0.458	1.661	"3"
"圣"	0	0	1	1	0.233	0.297	0.167	1.303	-0.108	-0.139	0.796	-0.24	1.283	"3"
"圣火"	0	2	0	0	0.233	0.297	0.167	1.303	-0.108	1.657	-0.076	-0.916	2.757	"2"
"圣火点"	0	1	0	0	0.117	0.148	0.083	0.652	-0.054	0.829	-0.038	-0.458	1.379	"2"
"圣辉"	0	0	0	1	0.117	0.148	0.083	0.652	-0.054	-0.07	-0.038	0.186	0.348	"4"
"在场"	0	0	0	1	0.117	0.148	0.083	0.652	-0.054	-0.07	-0.038	0.186	0.348	"4"
"圭"	0	0	0	1	0.117	0.148	0.083	0.652	-0.054	-0.07	-0.038	0.186	0.348	"4"
"坊"	0	0	0	1	0.117	0.148	0.083	0.652	-0.054	-0.07	-0.038	0.186	0.348	"4"
"坚持"	0	1	0	0	0.117	0.148	0.083	0.652	-0.054	0.829	-0.038	-0.458	1.379	"2"
"型态"	1	0	0	0	0.117	0.148	0.083	0.652	0.934	-0.07	-0.038	-0.458	1.5	"1"
"埃利斯"	0	0	0	1	0.117	0.148	0.083	0.652	-0.054	-0.07	-0.038	0.186	0.348	"4"
"埃厄"	0	1	0	0	0.117	0.148	0.083	0.652	-0.054	0.829	-0.038	-0.458	1.379	"2"
"埃弗顿"	0	0	0	1	0.117	0.148	0.083	0.652	-0.054	-0.07	-0.038	0.186	0.348	"4"
"城会"	0	0	0	1	0.117	0.148	0.083	0.652	-0.054	-0.07	-0.038	0.186	0.348	"4"
"基什内尔"	0	0	0	1	0.117	0.148	0.083	0.652	-0.054	-0.07	-0.038	0.186	0.348	"4"
"基督教"	0	0	0	1	0.117	0.148	0.083	0.652	-0.054	-0.07	-0.038	0.186	0.348	"4"
"基金会"	0	0	0	2	0.233	0.297	0.167	1.303	-0.108	-0.139	-0.076	0.372	0.695	"4"
"士官"	0	0	0	1	0.117	0.148	0.083	0.652	-0.054	-0.07	-0.038	0.186	0.348	"4"
"士林社"	0	0	0	1	0.117	0.148	0.083	0.652	-0.054	-0.07	-0.038	0.186	0.348	"4"
"声明"	0	1	0	0	0.117	0.148	0.083	0.652	-0.054	0.829	-0.038	-0.458	1.379	"2"
"处理"	0	1	0	0	0.117	0.148	0.083	0.652	-0.054	0.829	-0.038	-0.458	1.379	"2"
"复试班"	0	0	0	1	0.117	0.148	0.083	0.652	-0.054	-0.07	-0.038	0.186	0.348	"4"
"夏宫"	0	2	0	0	0.233	0.297	0.167	1.303	-0.108	1.657	-0.076	-0.916	2.757	"2"
"外交使节"	0	0	0	1	0.117	0.148	0.083	0.652	-0.054	-0.07	-0.038	0.186	0.348	"4"
"外交部"	0	2	0	1	0.35	0.445	0.25	1.955	-0.161	1.225	-0.113	-0.554	2.053	"2"
"外传"	0	0	0	1	0.117	0.148	0.083	0.652	-0.054	-0.07	-0.038	0.186	0.348	"4"
"多哥"	0	0	0	2	0.233	0.297	0.167	1.303	-0.108	-0.139	-0.076	0.372	0.695	"4"
"多斯桑托斯"	0	0	0	1	0.117	0.148	0.083	0.652	-0.054	-0.07	-0.038	0.186	0.348	"4"
"多明尼加"	0	0	0	2	0.233	0.297	0.167	1.303	-0.108	-0.139	-0.076	0.372	0.695	"4"
"大会"	0	1	1	5	0.816	1.039	0.584	4.562	-0.377	-0.142	0.341	0.271	1.131	"1"
"大会堂"	0	0	1	2	0.35	0.445	0.25	1.955	-0.161	-0.209	0.638	0.142	1.15	"3"
"大使"	0	0	0	9	1.049	1.335	0.751	5.865	-0.484	-0.628	-0.34	1.674	3.126	"4"
"大使馆"	0	0	0	3	0.35	0.445	0.25	1.955	-0.161	-0.209	-0.113	0.558	1.041	"4"
"大厦"	0	0	0	1	0.117	0.148	0.083	0.652	-0.054	-0.07	-0.038	0.186	0.348	"4"
"大奖"	2	0	0	0	0.233	0.297	0.167	1.303	1.867	-0.139	-0.076	-0.916	2.998	"1"
"大学"	0	0	0	2	0.233	0.297	0.167	1.303	-0.108	-0.139	-0.076	0.372	0.695	"4"
"大巴窑集"	0	0	1	0	0.117	0.148	0.083	0.652	-0.054	-0.07	1.079	-0.458	1.661	"3"
"大桥"	0	0	0	2	0.233	0.297	0.167	1.303	-0.108	-0.139	-0.076	0.372	0.695	"4"
"大楼"	0	0	0	3	0.35	0.445	0.25	1.955	-0.161	-0.209	-0.113	0.558	1.041	"4"
"大法会"	0	0	0	1	0.117	0.148	0.083	0.652	-0.054	-0.07	-0.038	0.186	0.348	"4"
"大礼堂"	0	0	0	2	0.233	0.297	0.167	1.303	-0.108	-0.139	-0.076	0.372	0.695	"4"
"大运会"	0	0	0	1	0.117	0.148	0.083	0.652	-0.054	-0.07	-0.038	0.186	0.348	"4"
"大道"	1	0	0	0	0.117	0.148	0.083	0.652	0.934	-0.07	-0.038	-0.458	1.5	"1"
"大邱"	0	0	0	1	0.117	0.148	0.083	0.652	-0.054	-0.07	-0.038	0.186	0.348	"4"
"大陆队"	0	2	0	0	0.233	0.297	0.167	1.303	-0.108	1.657	-0.076	-0.916	2.757	"2"
"大鹏"	0	0	0	1	0.117	0.148	0.083	0.652	-0.054	-0.07	-0.038	0.186	0.348	"4"
"天安门"	0	0	0	3	0.35	0.445	0.25	1.955	-0.161	-0.209	-0.113	0.558	1.041	"4"
"头等"	0	0	0	1	0.117	0.148	0.083	0.652	-0.054	-0.07	-0.038	0.186	0.348	"4"
"奏"	0	0	0	2	0.233	0.297	0.167	1.303	-0.108	-0.139	-0.076	0.372	0.695	"4"
"奖"	0	0	0	3	0.35	0.445	0.25	1.955	-0.161	-0.209	-0.113	0.558	1.041	"4"
"奖励"	1	0	0	0	0.117	0.148	0.083	0.652	0.934	-0.07	-0.038	-0.458	1.5	"1"
"奖励金"	1	0	0	0	0.117	0.148	0.083	0.652	0.934	-0.07	-0.038	-0.458	1.5	"1"
"奖学金"	1	0	0	2	0.35	0.445	0.25	1.955	0.508	-0.209	-0.113	0.142	0.972	"1"
"奖状"	0	0	0	1	0.117	0.148	0.083	0.652	-0.054	-0.07	-0.038	0.186	0.348	"4"
"奖项"	2	0	0	0	0.233	0.297	0.167	1.303	1.867	-0.139	-0.076	-0.916	2.998	"1"
"奠基"	0	0	0	3	0.35	0.445	0.25	1.955	-0.161	-0.209	-0.113	0.558	1.041	"4"
"奥"	0	0	0	1	0.117	0.148	0.083	0.652	-0.054	-0.07	-0.038	0.186	0.348	"4"
"奥会"	1	0	0	0	0.117	0.148	0.083	0.652	0.934	-0.07	-0.038	-0.458	1.5	"1"
"奥斯卡"	1	0	0	0	0.117	0.148	0.083	0.652	0.934	-0.07	-0.038	-0.458	1.5	"1"
"奥斯陆"	1	0	0	0	0.117	0.148	0.083	0.652	0.934	-0.07	-0.038	-0.458	1.5	"1"
"奥林匹克"	0	1	0	0	0.117	0.148	0.083	0.652	-0.054	0.829	-0.038	-0.458	1.379	"2"
"奥运会"	0	0	0	3	0.35	0.445	0.25	1.955	-0.161	-0.209	-0.113	0.558	1.041	"4"
"女士"	0	0	0	2	0.233	0.297	0.167	1.303	-0.108	-0.139	-0.076	0.372	0.695	"4"
"女足"	0	0	0	1	0.117	0.148	0.083	0.652	-0.054	-0.07	-0.038	0.186	0.348	"4"
"姆祖"	0	0	0	2	0.233	0.297	0.167	1.303	-0.108	-0.139	-0.076	0.372	0.695	"4"
"委会"	0	0	0	1	0.117	0.148	0.083	0.652	-0.054	-0.07	-0.038	0.186	0.348	"4"
"姚照东"	0	0	2	1	0.35	0.445	0.25	1.955	-0.161	-0.209	1.706	-0.554	2.63	"3"
"威风"	0	0	0	1	0.117	0.148	0.083	0.652	-0.054	-0.07	-0.038	0.186	0.348	"4"
"娉"	0	0	0	1	0.117	0.148	0.083	0.652	-0.054	-0.07	-0.038	0.186	0.348	"4"
"婚"	0	1	0	0	0.117	0.148	0.083	0.652	-0.054	0.829	-0.038	-0.458	1.379	"2"
"婚姻"	0	1	0	0	0.117	0.148	0.083	0.652	-0.054	0.829	-0.038	-0.458	1.379	"2"
"婚礼"	0	3	0	0	0.35	0.445	0.25	1.955	-0.161	2.486	-0.113	-1.374	4.134	"2"
"媒"	0	0	1	0	0.117	0.148	0.083	0.652	-0.054	-0.07	1.079	-0.458	1.661	"3"
"嫁"	0	2	0	0	0.233	0.297	0.167	1.303	-0.108	1.657	-0.076	-0.916	2.757	"2"
"孔子"	0	1	0	0	0.117	0.148	0.083	0.652	-0.054	0.829	-0.038	-0.458	1.379	"2"
"孕"	0	0	1	0	0.117	0.148	0.083	0.652	-0.054	-0.07	1.079	-0.458	1.661	"3"
"字"	0	0	0	1	0.117	0.148	0.083	0.652	-0.054	-0.07	-0.038	0.186	0.348	"4"
"孙华山"	0	1	0	0	0.117	0.148	0.083	0.652	-0.054	0.829	-0.038	-0.458	1.379	"2"
"孟晓驷"	0	1	0	0	0.117	0.148	0.083	0.652	-0.054	0.829	-0.038	-0.458	1.379	"2"
"学年"	0	0	0	1	0.117	0.148	0.083	0.652	-0.054	-0.07	-0.038	0.186	0.348	"4"
"学术"	0	0	0	1	0.117	0.148	0.083	0.652	-0.054	-0.07	-0.038	0.186	0.348	"4"
"学院"	0	0	0	3	0.35	0.445	0.25	1.955	-0.161	-0.209	-0.113	0.558	1.041	"4"
"宁夏"	0	0	0	1	0.117	0.148	0.083	0.652	-0.054	-0.07	-0.038	0.186	0.348	"4"
"安哥拉"	0	0	0	1	0.117	0.148	0.083	0.652	-0.054	-0.07	-0.038	0.186	0.348	"4"
"安德森"	0	0	1	0	0.117	0.148	0.083	0.652	-0.054	-0.07	1.079	-0.458	1.661	"3"
"安排"	0	2	0	1	0.35	0.445	0.25	1.955	-0.161	1.225	-0.113	-0.554	2.053	"2"
"完工"	0	0	0	1	0.117	0.148	0.083	0.652	-0.054	-0.07	-0.038	0.186	0.348	"4"
"宗教"	0	0	1	5	0.699	0.89	0.5	3.91	-0.323	-0.418	0.39	0.492	1.623	"4"
"官手"	0	1	0	0	0.117	0.148	0.083	0.652	-0.054	0.829	-0.038	-0.458	1.379	"2"
"官邸"	0	0	0	1	0.117	0.148	0.083	0.652	-0.054	-0.07	-0.038	0.186	0.348	"4"
"定于"	1	0	0	0	0.117	0.148	0.083	0.652	0.934	-0.07	-0.038	-0.458	1.5	"1"
"宝"	0	0	0	1	0.117	0.148	0.083	0.652	-0.054	-0.07	-0.038	0.186	0.348	"4"
"实况"	1	0	0	0	0.117	0.148	0.083	0.652	0.934	-0.07	-0.038	-0.458	1.5	"1"
"宣"	0	1	1	0	0.233	0.297	0.167	1.303	-0.108	0.561	0.796	-0.916	2.381	"4"
"宣传部"	1	0	0	0	0.117	0.148	0.083	0.652	0.934	-0.07	-0.038	-0.458	1.5	"1"
"宣圣"	0	0	0	2	0.233	0.297	0.167	1.303	-0.108	-0.139	-0.076	0.372	0.695	"4"
"宣布"	2	1	0	4	0.816	1.039	0.584	4.562	0.717	-0.142	-0.265	-0.334	1.458	"1"
"宣示"	0	0	0	3	0.35	0.445	0.25	1.955	-0.161	-0.209	-0.113	0.558	1.041	"4"
"宣誓"	0	0	0	6	0.699	0.89	0.5	3.91	-0.323	-0.418	-0.227	1.116	2.084	"4"
"宣读"	0	0	1	1	0.233	0.297	0.167	1.303	-0.108	-0.139	0.796	-0.24	1.283	"3"
"宪政"	0	2	0	0	0.233	0.297	0.167	1.303	-0.108	1.657	-0.076	-0.916	2.757	"2"
"宫"	0	0	0	1	0.117	0.148	0.083	0.652	-0.054	-0.07	-0.038	0.186	0.348	"4"
"宴会"	0	1	0	0	0.117	0.148	0.083	0.652	-0.054	0.829	-0.038	-0.458	1.379	"2"
"宴席"	0	1	0	0	0.117	0.148	0.083	0.652	-0.054	0.829	-0.038	-0.458	1.379	"2"
"宾客"	0	0	0	1	0.117	0.148	0.083	0.652	-0.054	-0.07	-0.038	0.186	0.348	"4"
"宾馆"	1	0	0	0	0.117	0.148	0.083	0.652	0.934	-0.07	-0.038	-0.458	1.5	"1"
"寡妇"	0	1	0	0	0.117	0.148	0.083	0.652	-0.054	0.829	-0.038	-0.458	1.379	"2"
"对外"	0	1	0	0	0.117	0.148	0.083	0.652	-0.054	0.829	-0.038	-0.458	1.379	"2"
"封"	0	0	0	1	0.117	0.148	0.083	0.652	-0.054	-0.07	-0.038	0.186	0.348	"4"
"封顶"	0	0	0	1	0.117	0.148	0.083	0.652	-0.054	-0.07	-0.038	0.186	0.348	"4"
"将官"	0	0	0	1	0.117	0.148	0.083	0.652	-0.054	-0.07	-0.038	0.186	0.348	"4"
"少将"	0	0	0	2	0.233	0.297	0.167	1.303	-0.108	-0.139	-0.076	0.372	0.695	"4"
"就位"	0	0	0	1	0.117	0.148	0.083	0.652	-0.054	-0.07	-0.038	0.186	0.348	"4"
"就绪"	0	0	0	1	0.117	0.148	0.083	0.652	-0.054	-0.07	-0.038	0.186	0.348	"4"
"就职"	0	0	0	17	1.981	2.522	1.418	11.079	-0.915	-1.186	-0.643	3.161	5.905	"4"
"局4"	0	0	0	1	0.117	0.148	0.083	0.652	-0.054	-0.07	-0.038	0.186	0.348	"4"
"局长"	0	1	0	2	0.35	0.445	0.25	1.955	-0.161	0.418	-0.113	0.142	0.834	"2"
"居委会"	0	0	0	1	0.117	0.148	0.083	0.652	-0.054	-0.07	-0.038	0.186	0.348	"4"
"届"	5	0	0	9	1.632	2.077	1.167	9.124	1.76	-0.976	-0.529	-0.243	3.508	"1"
"届时"	0	1	0	2	0.35	0.445	0.25	1.955	-0.161	0.418	-0.113	0.142	0.834	"2"
"展览会"	0	0	1	1	0.233	0.297	0.167	1.303	-0.108	-0.139	0.796	-0.24	1.283	"3"
"山乡"	0	0	0	1	0.117	0.148	0.083	0.652	-0.054	-0.07	-0.038	0.186	0.348	"4"
"峰田"	0	0	0	2	0.233	0.297	0.167	1.303	-0.108	-0.139	-0.076	0.372	0.695	"4"
"崔永干"	0	0	0	1	0.117	0.148	0.083	0.652	-0.054	-0.07	-0.038	0.186	0.348	"4"
"工业区"	0	0	0	1	0.117	0.148	0.083	0.652	-0.054	-0.07	-0.038	0.186	0.348	"4"
"工程"	1	0	0	2	0.35	0.445	0.25	1.955	0.508	-0.209	-0.113	0.142	0.972	"1"
"工程院"	0	1	0	0	0.117	0.148	0.083	0.652	-0.054	0.829	-0.038	-0.458	1.379	"2"
"巫"	0	0	0	1	0.117	0.148	0.083	0.652	-0.054	-0.07	-0.038	0.186	0.348	"4"
"巴拿马"	0	0	0	1	0.117	0.148	0.083	0.652	-0.054	-0.07	-0.038	0.186	0.348	"4"
"市公所"	0	0	0	1	0.117	0.148	0.083	0.652	-0.054	-0.07	-0.038	0.186	0.348	"4"
"市府"	1	0	0	0	0.117	0.148	0.083	0.652	0.934	-0.07	-0.038	-0.458	1.5	"1"
"市政"	1	0	0	0	0.117	0.148	0.083	0.652	0.934	-0.07	-0.038	-0.458	1.5	"1"
"市长"	1	2	0	2	0.583	0.742	0.417	3.259	0.336	0.791	-0.189	-0.634	1.95	"2"
"布希"	0	0	0	1	0.117	0.148	0.083	0.652	-0.054	-0.07	-0.038	0.186	0.348	"4"
"布拉格"	2	1	0	0	0.35	0.445	0.25	1.955	1.425	0.418	-0.113	-1.374	3.33	"1"
"布达"	0	0	0	1	0.117	0.148	0.083	0.652	-0.054	-0.07	-0.038	0.186	0.348	"4"
"布达拉宫"	0	0	0	1	0.117	0.148	0.083	0.652	-0.054	-0.07	-0.038	0.186	0.348	"4"
"布雷默"	0	0	0	1	0.117	0.148	0.083	0.652	-0.054	-0.07	-0.038	0.186	0.348	"4"
"师大附中"	0	0	0	1	0.117	0.148	0.083	0.652	-0.054	-0.07	-0.038	0.186	0.348	"4"
"希腊"	0	1	0	0	0.117	0.148	0.083	0.652	-0.054	0.829	-0.038	-0.458	1.379	"2"
"希腊文版"	0	0	0	1	0.117	0.148	0.083	0.652	-0.054	-0.07	-0.038	0.186	0.348	"4"
"帕塔塞"	0	0	0	1	0.117	0.148	0.083	0.652	-0.054	-0.07	-0.038	0.186	0.348	"4"
"席"	0	0	0	1	0.117	0.148	0.083	0.652	-0.054	-0.07	-0.038	0.186	0.348	"4"
"幕"	0	1	0	1	0.233	0.297	0.167	1.303	-0.108	0.561	-0.076	-0.24	0.985	"2"
"年度"	0	0	0	1	0.117	0.148	0.083	0.652	-0.054	-0.07	-0.038	0.186	0.348	"4"
"年终"	0	0	0	1	0.117	0.148	0.083	0.652	-0.054	-0.07	-0.038	0.186	0.348	"4"
"并"	0	4	0	0	0.466	0.593	0.334	2.607	-0.215	3.315	-0.151	-1.832	5.513	"2"
"广东省"	0	0	0	1	0.117	0.148	0.083	0.652	-0.054	-0.07	-0.038	0.186	0.348	"4"
"广场"	0	0	2	12	1.632	2.077	1.167	9.124	-0.753	-0.976	0.484	1.066	3.279	"4"
"广州市"	0	2	0	0	0.233	0.297	0.167	1.303	-0.108	1.657	-0.076	-0.916	2.757	"2"
"庄严"	0	0	0	4	0.466	0.593	0.334	2.607	-0.215	-0.279	-0.151	0.744	1.389	"4"
"庄芳荣"	0	0	1	0	0.117	0.148	0.083	0.652	-0.054	-0.07	1.079	-0.458	1.661	"3"
"庆"	0	0	0	1	0.117	0.148	0.083	0.652	-0.054	-0.07	-0.038	0.186	0.348	"4"
"庆典"	0	0	0	2	0.233	0.297	0.167	1.303	-0.108	-0.139	-0.076	0.372	0.695	"4"
"庆祝"	0	0	0	7	0.816	1.039	0.584	4.562	-0.377	-0.488	-0.265	1.302	2.432	"4"
"应邀"	1	0	1	1	0.35	0.445	0.25	1.955	0.508	-0.209	0.638	-0.554	1.909	"3"
"庙"	0	0	0	1	0.117	0.148	0.083	0.652	-0.054	-0.07	-0.038	0.186	0.348	"4"
"度"	1	0	0	0	0.117	0.148	0.083	0.652	0.934	-0.07	-0.038	-0.458	1.5	"1"
"座谈会"	1	0	0	0	0.117	0.148	0.083	0.652	0.934	-0.07	-0.038	-0.458	1.5	"1"
"康佳号"	0	1	0	0	0.117	0.148	0.083	0.652	-0.054	0.829	-0.038	-0.458	1.379	"2"
"延后"	0	0	0	1	0.117	0.148	0.083	0.652	-0.054	-0.07	-0.038	0.186	0.348	"4"
"建军"	0	0	0	1	0.117	0.148	0.083	0.652	-0.054	-0.07	-0.038	0.186	0.348	"4"
"建立"	0	1	0	0	0.117	0.148	0.083	0.652	-0.054	0.829	-0.038	-0.458	1.379	"2"
"建立起"	0	1	0	0	0.117	0.148	0.083	0.652	-0.054	0.829	-0.038	-0.458	1.379	"2"
"开"	0	0	0	1	0.117	0.148	0.083	0.652	-0.054	-0.07	-0.038	0.186	0.348	"4"
"开关"	0	0	0	1	0.117	0.148	0.083	0.652	-0.054	-0.07	-0.038	0.186	0.348	"4"
"开场"	0	1	0	0	0.117	0.148	0.083	0.652	-0.054	0.829	-0.038	-0.458	1.379	"2"
"开城"	0	0	0	1	0.117	0.148	0.083	0.652	-0.054	-0.07	-0.038	0.186	0.348	"4"
"开学"	0	1	0	0	0.117	0.148	0.083	0.652	-0.054	0.829	-0.038	-0.458	1.379	"2"
"开展"	0	1	1	0	0.233	0.297	0.167	1.303	-0.108	0.561	0.796	-0.916	2.381	"4"
"开工"	0	0	0	4	0.466	0.593	0.334	2.607	-0.215	-0.279	-0.151	0.744	1.389	"4"
"开幕"	0	0	17	26	5.011	6.379	3.586	28.023	-2.314	-2.999	7.64	-0.51	13.463	"3"
"开幕式"	0	1	0	3	0.466	0.593	0.334	2.607	-0.215	0.324	-0.151	0.247	0.937	"2"
"开拍"	0	0	0	1	0.117	0.148	0.083	0.652	-0.054	-0.07	-0.038	0.186	0.348	"4"
"开班"	0	2	0	0	0.233	0.297	0.167	1.303	-0.108	1.657	-0.076	-0.916	2.757	"2"
"开球"	0	0	1	0	0.117	0.148	0.083	0.652	-0.054	-0.07	1.079	-0.458	1.661	"3"
"开训"	0	0	0	2	0.233	0.297	0.167	1.303	-0.108	-0.139	-0.076	0.372	0.695	"4"
"开赛"	0	0	1	0	0.117	0.148	0.083	0.652	-0.054	-0.07	1.079	-0.458	1.661	"3"
"开通"	0	0	0	1	0.117	0.148	0.083	0.652	-0.054	-0.07	-0.038	0.186	0.348	"4"
"开馆"	0	0	0	2	0.233	0.297	0.167	1.303	-0.108	-0.139	-0.076	0.372	0.695	"4"
"开馆仪"	0	1	0	0	0.117	0.148	0.083	0.652	-0.054	0.829	-0.038	-0.458	1.379	"2"
"张"	0	0	0	1	0.117	0.148	0.083	0.652	-0.054	-0.07	-0.038	0.186	0.348	"4"
"张业"	0	0	0	1	0.117	0.148	0.083	0.652	-0.054	-0.07	-0.038	0.186	0.348	"4"
"张俊雄"	2	0	0	1	0.35	0.445	0.25	1.955	1.425	-0.209	-0.113	-0.554	2.301	"1"
"张博雅"	0	0	0	2	0.233	0.297	0.167	1.303	-0.108	-0.139	-0.076	0.372	0.695	"4"
"张广宁"	0	1	0	0	0.117	0.148	0.083	0.652	-0.054	0.829	-0.038	-0.458	1.379	"2"
"张志贤"	0	0	1	0	0.117	0.148	0.083	0.652	-0.054	-0.07	1.079	-0.458	1.661	"3"
"张温鹰"	0	0	0	1	0.117	0.148	0.083	0.652	-0.054	-0.07	-0.038	0.186	0.348	"4"
"张灿鍙"	0	0	0	1	0.117	0.148	0.083	0.652	-0.054	-0.07	-0.038	0.186	0.348	"4"
"张飙"	0	0	0	1	0.117	0.148	0.083	0.652	-0.054	-0.07	-0.038	0.186	0.348	"4"
"当事"	0	1	0	0	0.117	0.148	0.083	0.652	-0.054	0.829	-0.038	-0.458	1.379	"2"
"当天"	3	0	0	4	0.816	1.039	0.584	4.562	1.414	-0.488	-0.265	-0.334	2.501	"1"
"当红"	0	1	0	0	0.117	0.148	0.083	0.652	-0.054	0.829	-0.038	-0.458	1.379	"2"
"当选人"	0	0	0	1	0.117	0.148	0.083	0.652	-0.054	-0.07	-0.038	0.186	0.348	"4"
"录影带"	1	0	0	0	0.117	0.148	0.083	0.652	0.934	-0.07	-0.038	-0.458	1.5	"1"
"彭明敏"	0	0	0	1	0.117	0.148	0.083	0.652	-0.054	-0.07	-0.038	0.186	0.348	"4"
"彭淮南"	0	0	0	1	0.117	0.148	0.083	0.652	-0.054	-0.07	-0.038	0.186	0.348	"4"
"影展"	0	0	0	1	0.117	0.148	0.083	0.652	-0.054	-0.07	-0.038	0.186	0.348	"4"
"往年"	0	1	0	3	0.466	0.593	0.334	2.607	-0.215	0.324	-0.151	0.247	0.937	"2"
"得奖"	0	0	0	1	0.117	0.148	0.083	0.652	-0.054	-0.07	-0.038	0.186	0.348	"4"
"德梅洛"	0	0	0	1	0.117	0.148	0.083	0.652	-0.054	-0.07	-0.038	0.186	0.348	"4"
"德贝内西亚"	0	0	0	1	0.117	0.148	0.083	0.652	-0.054	-0.07	-0.038	0.186	0.348	"4"
"心肺复甦术"	0	0	0	1	0.117	0.148	0.083	0.652	-0.054	-0.07	-0.038	0.186	0.348	"4"
"忠利"	0	0	0	1	0.117	0.148	0.083	0.652	-0.054	-0.07	-0.038	0.186	0.348	"4"
"总会"	0	0	0	1	0.117	0.148	0.083	0.652	-0.054	-0.07	-0.038	0.186	0.348	"4"
"总理"	0	0	0	5	0.583	0.742	0.417	3.259	-0.269	-0.349	-0.189	0.93	1.737	"4"
"总统"	1	2	4	27	3.962	5.044	2.835	22.158	-1.091	-0.992	0.503	1.26	3.846	"4"
"总统府"	0	1	0	18	2.214	2.819	1.584	12.382	-1.022	-0.691	-0.718	2.486	4.917	"4"
"总领事"	0	0	0	1	0.117	0.148	0.083	0.652	-0.054	-0.07	-0.038	0.186	0.348	"4"
"总领馆"	0	0	0	1	0.117	0.148	0.083	0.652	-0.054	-0.07	-0.038	0.186	0.348	"4"
"恤"	0	0	0	1	0.117	0.148	0.083	0.652	-0.054	-0.07	-0.038	0.186	0.348	"4"
"悼念"	0	0	0	2	0.233	0.297	0.167	1.303	-0.108	-0.139	-0.076	0.372	0.695	"4"
"感动"	0	0	0	1	0.117	0.148	0.083	0.652	-0.054	-0.07	-0.038	0.186	0.348	"4"
"感受"	0	0	0	1	0.117	0.148	0.083	0.652	-0.054	-0.07	-0.038	0.186	0.348	"4"
"感谢"	0	0	0	2	0.233	0.297	0.167	1.303	-0.108	-0.139	-0.076	0.372	0.695	"4"
"慈善"	0	1	1	0	0.233	0.297	0.167	1.303	-0.108	0.561	0.796	-0.916	2.381	"4"
"戏院"	0	2	0	1	0.35	0.445	0.25	1.955	-0.161	1.225	-0.113	-0.554	2.053	"2"
"成人"	0	5	0	1	0.699	0.89	0.5	3.91	-0.323	3.423	-0.227	-1.661	5.634	"2"
"成均馆"	0	0	0	1	0.117	0.148	0.083	0.652	-0.054	-0.07	-0.038	0.186	0.348	"4"
"成就奖"	1	0	0	0	0.117	0.148	0.083	0.652	0.934	-0.07	-0.038	-0.458	1.5	"1"
"成果展"	0	0	0	1	0.117	0.148	0.083	0.652	-0.054	-0.07	-0.038	0.186	0.348	"4"
"成立"	0	0	2	6	0.932	1.187	0.667	5.214	-0.431	-0.558	0.857	0.365	2.211	"3"
"成败"	0	0	1	0	0.117	0.148	0.083	0.652	-0.054	-0.07	1.079	-0.458	1.661	"3"
"成龙"	1	0	0	0	0.117	0.148	0.083	0.652	0.934	-0.07	-0.038	-0.458	1.5	"1"
"手印"	0	1	0	1	0.233	0.297	0.167	1.303	-0.108	0.561	-0.076	-0.24	0.985	"2"
"手持"	0	0	0	1	0.117	0.148	0.083	0.652	-0.054	-0.07	-0.038	0.186	0.348	"4"
"才朗"	0	0	0	1	0.117	0.148	0.083	0.652	-0.054	-0.07	-0.038	0.186	0.348	"4"
"打破"	0	1	0	0	0.117	0.148	0.083	0.652	-0.054	0.829	-0.038	-0.458	1.379	"2"
"扩充"	0	1	0	0	0.117	0.148	0.083	0.652	-0.054	0.829	-0.038	-0.458	1.379	"2"
"扶轮社"	0	0	0	1	0.117	0.148	0.083	0.652	-0.054	-0.07	-0.038	0.186	0.348	"4"
"批发"	0	1	0	0	0.117	0.148	0.083	0.652	-0.054	0.829	-0.038	-0.458	1.379	"2"
"技改"	0	0	0	1	0.117	0.148	0.083	0.652	-0.054	-0.07	-0.038	0.186	0.348	"4"
"护照"	0	1	0	0	0.117	0.148	0.083	0.652	-0.054	0.829	-0.038	-0.458	1.379	"2"
"护理"	1	0	0	0	0.117	0.148	0.083	0.652	0.934	-0.07	-0.038	-0.458	1.5	"1"
"报章"	0	0	0	1	0.117	0.148	0.083	0.652	-0.054	-0.07	-0.038	0.186	0.348	"4"
"抽签"	0	1	0	2	0.35	0.445	0.25	1.955	-0.161	0.418	-0.113	0.142	0.834	"2"
"担任"	2	0	0	1	0.35	0.445	0.25	1.955	1.425	-0.209	-0.113	-0.554	2.301	"1"
"拈香"	0	0	0	1	0.117	0.148	0.083	0.652	-0.054	-0.07	-0.038	0.186	0.348	"4"
"拍卖"	0	0	0	1	0.117	0.148	0.083	0.652	-0.054	-0.07	-0.038	0.186	0.348	"4"
"拴线"	0	0	0	2	0.233	0.297	0.167	1.303	-0.108	-0.139	-0.076	0.372	0.695	"4"
"挂牌"	0	0	0	3	0.35	0.445	0.25	1.955	-0.161	-0.209	-0.113	0.558	1.041	"4"
"按照"	0	5	0	0	0.583	0.742	0.417	3.259	-0.269	4.143	-0.189	-2.29	6.891	"2"
"挥挥手"	0	1	0	0	0.117	0.148	0.083	0.652	-0.054	0.829	-0.038	-0.458	1.379	"2"
"挥旗"	0	0	2	0	0.233	0.297	0.167	1.303	-0.108	-0.139	2.158	-0.916	3.321	"3"
"振起"	0	0	0	1	0.117	0.148	0.083	0.652	-0.054	-0.07	-0.038	0.186	0.348	"4"
"捐助"	0	0	1	3	0.466	0.593	0.334	2.607	-0.215	-0.279	0.531	0.247	1.272	"3"
"捐赠"	0	0	0	10	1.165	1.484	0.834	6.517	-0.538	-0.697	-0.378	1.859	3.472	"4"
"换文"	0	1	0	0	0.117	0.148	0.083	0.652	-0.054	0.829	-0.038	-0.458	1.379	"2"
"捷运"	0	2	0	2	0.466	0.593	0.334	2.607	-0.215	0.969	-0.151	-0.363	1.698	"2"
"授予"	1	0	0	2	0.35	0.445	0.25	1.955	0.508	-0.209	-0.113	0.142	0.972	"1"
"授信"	0	1	0	0	0.117	0.148	0.083	0.652	-0.054	0.829	-0.038	-0.458	1.379	"2"
"授勋"	0	0	0	1	0.117	0.148	0.083	0.652	-0.054	-0.07	-0.038	0.186	0.348	"4"
"授证"	0	0	0	1	0.117	0.148	0.083	0.652	-0.054	-0.07	-0.038	0.186	0.348	"4"
"授阶"	0	0	0	1	0.117	0.148	0.083	0.652	-0.054	-0.07	-0.038	0.186	0.348	"4"
"排名赛"	0	0	0	1	0.117	0.148	0.083	0.652	-0.054	-0.07	-0.038	0.186	0.348	"4"
"排湾族"	0	1	0	0	0.117	0.148	0.083	0.652	-0.054	0.829	-0.038	-0.458	1.379	"2"
"接"	0	1	0	0	0.117	0.148	0.083	0.652	-0.054	0.829	-0.038	-0.458	1.379	"2"
"接受"	0	1	1	0	0.233	0.297	0.167	1.303	-0.108	0.561	0.796	-0.916	2.381	"4"
"接管"	0	0	0	1	0.117	0.148	0.083	0.652	-0.054	-0.07	-0.038	0.186	0.348	"4"
"接轨"	0	1	0	0	0.117	0.148	0.083	0.652	-0.054	0.829	-0.038	-0.458	1.379	"2"
"接过"	0	0	0	1	0.117	0.148	0.083	0.652	-0.054	-0.07	-0.038	0.186	0.348	"4"
"推介"	0	1	3	0	0.466	0.593	0.334	2.607	-0.215	0.324	2.663	-1.832	5.034	"3"
"推展"	0	1	0	1	0.233	0.297	0.167	1.303	-0.108	0.561	-0.076	-0.24	0.985	"2"
"措如"	0	0	0	1	0.117	0.148	0.083	0.652	-0.054	-0.07	-0.038	0.186	0.348	"4"
"揭幕"	0	0	0	3	0.35	0.445	0.25	1.955	-0.161	-0.209	-0.113	0.558	1.041	"4"
"揭开"	0	0	0	1	0.117	0.148	0.083	0.652	-0.054	-0.07	-0.038	0.186	0.348	"4"
"揭牌"	0	0	3	0	0.35	0.445	0.25	1.955	-0.161	-0.209	3.237	-1.374	4.981	"3"
"揭碑"	0	0	0	1	0.117	0.148	0.083	0.652	-0.054	-0.07	-0.038	0.186	0.348	"4"
"援建"	0	0	0	1	0.117	0.148	0.083	0.652	-0.054	-0.07	-0.038	0.186	0.348	"4"
"携家带眷"	0	0	0	1	0.117	0.148	0.083	0.652	-0.054	-0.07	-0.038	0.186	0.348	"4"
"摆上"	0	1	0	0	0.117	0.148	0.083	0.652	-0.054	0.829	-0.038	-0.458	1.379	"2"
"摩托车"	0	1	0	0	0.117	0.148	0.083	0.652	-0.054	0.829	-0.038	-0.458	1.379	"2"
"播"	0	0	0	1	0.117	0.148	0.083	0.652	-0.054	-0.07	-0.038	0.186	0.348	"4"
"播出"	1	0	0	0	0.117	0.148	0.083	0.652	0.934	-0.07	-0.038	-0.458	1.5	"1"
"播放"	0	1	0	0	0.117	0.148	0.083	0.652	-0.054	0.829	-0.038	-0.458	1.379	"2"
"操枪"	0	0	0	1	0.117	0.148	0.083	0.652	-0.054	-0.07	-0.038	0.186	0.348	"4"
"收集"	0	0	1	0	0.117	0.148	0.083	0.652	-0.054	-0.07	1.079	-0.458	1.661	"3"
"改名"	0	0	1	0	0.117	0.148	0.083	0.652	-0.054	-0.07	1.079	-0.458	1.661	"3"
"改建"	0	0	0	1	0.117	0.148	0.083	0.652	-0.054	-0.07	-0.038	0.186	0.348	"4"
"改造"	0	0	0	2	0.233	0.297	0.167	1.303	-0.108	-0.139	-0.076	0.372	0.695	"4"
"放榜"	0	0	0	1	0.117	0.148	0.083	0.652	-0.054	-0.07	-0.038	0.186	0.348	"4"
"政"	1	0	0	0	0.117	0.148	0.083	0.652	0.934	-0.07	-0.038	-0.458	1.5	"1"
"政务"	0	1	2	1	0.466	0.593	0.334	2.607	-0.215	0.324	1.429	-0.904	2.872	"3"
"政要"	0	0	0	1	0.117	0.148	0.083	0.652	-0.054	-0.07	-0.038	0.186	0.348	"4"
"救国团"	0	0	1	0	0.117	0.148	0.083	0.652	-0.054	-0.07	1.079	-0.458	1.661	"3"
"教堂"	0	0	0	1	0.117	0.148	0.083	0.652	-0.054	-0.07	-0.038	0.186	0.348	"4"
"教廷"	0	0	0	1	0.117	0.148	0.083	0.652	-0.054	-0.07	-0.038	0.186	0.348	"4"
"教育部"	0	0	1	4	0.583	0.742	0.417	3.259	-0.269	-0.349	0.452	0.365	1.435	"3"
"敬天"	0	0	0	1	0.117	0.148	0.083	0.652	-0.054	-0.07	-0.038	0.186	0.348	"4"
"数以万计"	0	0	0	1	0.117	0.148	0.083	0.652	-0.054	-0.07	-0.038	0.186	0.348	"4"
"数百"	0	0	0	1	0.117	0.148	0.083	0.652	-0.054	-0.07	-0.038	0.186	0.348	"4"
"整"	0	0	0	2	0.233	0.297	0.167	1.303	-0.108	-0.139	-0.076	0.372	0.695	"4"
"整修"	0	0	0	1	0.117	0.148	0.083	0.652	-0.054	-0.07	-0.038	0.186	0.348	"4"
"文件"	0	1	0	0	0.117	0.148	0.083	0.652	-0.054	0.829	-0.038	-0.458	1.379	"2"
"文化节"	0	1	0	0	0.117	0.148	0.083	0.652	-0.054	0.829	-0.038	-0.458	1.379	"2"
"文化部"	0	1	0	0	0.117	0.148	0.083	0.652	-0.054	0.829	-0.038	-0.458	1.379	"2"
"文学奖"	2	0	0	0	0.233	0.297	0.167	1.303	1.867	-0.139	-0.076	-0.916	2.998	"1"
"文山区"	0	0	0	1	0.117	0.148	0.083	0.652	-0.054	-0.07	-0.038	0.186	0.348	"4"
"文雅"	0	0	0	1	0.117	0.148	0.083	0.652	-0.054	-0.07	-0.038	0.186	0.348	"4"
"斡旋"	0	1	0	0	0.117	0.148	0.083	0.652	-0.054	0.829	-0.038	-0.458	1.379	"2"
"斯德哥尔摩"	2	0	0	0	0.233	0.297	0.167	1.303	1.867	-0.139	-0.076	-0.916	2.998	"1"
"新"	0	0	0	1	0.117	0.148	0.083	0.652	-0.054	-0.07	-0.038	0.186	0.348	"4"
"新任"	1	0	0	3	0.466	0.593	0.334	2.607	0.408	-0.279	-0.151	0.247	1.085	"1"
"新厂"	0	0	0	1	0.117	0.148	0.083	0.652	-0.054	-0.07	-0.038	0.186	0.348	"4"
"新年"	0	0	0	1	0.117	0.148	0.083	0.652	-0.054	-0.07	-0.038	0.186	0.348	"4"
"新店市"	0	0	0	1	0.117	0.148	0.083	0.652	-0.054	-0.07	-0.038	0.186	0.348	"4"
"新捷运"	0	0	1	0	0.117	0.148	0.083	0.652	-0.054	-0.07	1.079	-0.458	1.661	"3"
"新标志"	0	0	0	1	0.117	0.148	0.083	0.652	-0.054	-0.07	-0.038	0.186	0.348	"4"
"新美"	0	0	0	2	0.233	0.297	0.167	1.303	-0.108	-0.139	-0.076	0.372	0.695	"4"
"新达城"	0	0	1	0	0.117	0.148	0.083	0.652	-0.054	-0.07	1.079	-0.458	1.661	"3"
"新郎"	0	1	0	0	0.117	0.148	0.083	0.652	-0.054	0.829	-0.038	-0.458	1.379	"2"
"方式"	0	1	0	0	0.117	0.148	0.083	0.652	-0.054	0.829	-0.038	-0.458	1.379	"2"
"旁容"	0	0	0	1	0.117	0.148	0.083	0.652	-0.054	-0.07	-0.038	0.186	0.348	"4"
"旗"	0	0	0	4	0.466	0.593	0.334	2.607	-0.215	-0.279	-0.151	0.744	1.389	"4"
"无间"	0	0	0	1	0.117	0.148	0.083	0.652	-0.054	-0.07	-0.038	0.186	0.348	"4"
"既有"	0	1	0	0	0.117	0.148	0.083	0.652	-0.054	0.829	-0.038	-0.458	1.379	"2"
"日月光"	0	0	0	1	0.117	0.148	0.083	0.652	-0.054	-0.07	-0.038	0.186	0.348	"4"
"早上"	0	0	0	1	0.117	0.148	0.083	0.652	-0.054	-0.07	-0.038	0.186	0.348	"4"
"时"	4	0	2	8	1.632	2.077	1.167	9.124	1.15	-0.976	0.484	-0.451	3.061	"1"
"明天"	0	0	0	4	0.466	0.593	0.334	2.607	-0.215	-0.279	-0.151	0.744	1.389	"4"
"明志"	0	0	0	1	0.117	0.148	0.083	0.652	-0.054	-0.07	-0.038	0.186	0.348	"4"
"明晚"	0	0	1	0	0.117	0.148	0.083	0.652	-0.054	-0.07	1.079	-0.458	1.661	"3"
"明格斯市"	0	0	0	1	0.117	0.148	0.083	0.652	-0.054	-0.07	-0.038	0.186	0.348	"4"
"明治"	0	1	0	0	0.117	0.148	0.083	0.652	-0.054	0.829	-0.038	-0.458	1.379	"2"
"易通卡"	0	0	1	0	0.117	0.148	0.083	0.652	-0.054	-0.07	1.079	-0.458	1.661	"3"
"星光"	1	0	0	1	0.233	0.297	0.167	1.303	0.659	-0.139	-0.076	-0.24	1.114	"1"
"星期六"	0	0	0	1	0.117	0.148	0.083	0.652	-0.054	-0.07	-0.038	0.186	0.348	"4"
"春季"	0	0	0	1	0.117	0.148	0.083	0.652	-0.054	-0.07	-0.038	0.186	0.348	"4"
"春安"	0	0	0	1	0.117	0.148	0.083	0.652	-0.054	-0.07	-0.038	0.186	0.348	"4"
"昨天"	0	2	4	9	1.748	2.225	1.251	9.776	-0.807	-0.214	1.505	-0.366	2.892	"3"
"昨日"	1	0	0	1	0.233	0.297	0.167	1.303	0.659	-0.139	-0.076	-0.24	1.114	"1"
"显目"	0	1	0	0	0.117	0.148	0.083	0.652	-0.054	0.829	-0.038	-0.458	1.379	"2"
"晋任"	0	0	0	1	0.117	0.148	0.083	0.652	-0.054	-0.07	-0.038	0.186	0.348	"4"
"晋庙"	0	0	0	1	0.117	0.148	0.083	0.652	-0.054	-0.07	-0.038	0.186	0.348	"4"
"晓明"	0	0	0	1	0.117	0.148	0.083	0.652	-0.054	-0.07	-0.038	0.186	0.348	"4"
"晚上"	0	0	0	1	0.117	0.148	0.083	0.652	-0.054	-0.07	-0.038	0.186	0.348	"4"
"晚会"	2	0	1	0	0.35	0.445	0.25	1.955	1.425	-0.209	0.638	-1.374	3.646	"1"
"晚宴"	0	0	0	2	0.233	0.297	0.167	1.303	-0.108	-0.139	-0.076	0.372	0.695	"4"
"晚间"	1	0	0	2	0.35	0.445	0.25	1.955	0.508	-0.209	-0.113	0.142	0.972	"1"
"晤"	0	0	0	1	0.117	0.148	0.083	0.652	-0.054	-0.07	-0.038	0.186	0.348	"4"
"晤谈"	0	0	0	1	0.117	0.148	0.083	0.652	-0.054	-0.07	-0.038	0.186	0.348	"4"
"智慧型"	0	0	0	1	0.117	0.148	0.083	0.652	-0.054	-0.07	-0.038	0.186	0.348	"4"
"暨"	5	0	0	8	1.515	1.929	1.084	8.472	1.909	-0.907	-0.492	-0.306	3.614	"1"
"暴增"	0	0	0	1	0.117	0.148	0.083	0.652	-0.054	-0.07	-0.038	0.186	0.348	"4"
"曹刚川"	0	0	0	1	0.117	0.148	0.083	0.652	-0.054	-0.07	-0.038	0.186	0.348	"4"
"曹氏"	0	0	0	1	0.117	0.148	0.083	0.652	-0.054	-0.07	-0.038	0.186	0.348	"4"
"曼"	0	1	0	0	0.117	0.148	0.083	0.652	-0.054	0.829	-0.038	-0.458	1.379	"2"
"曼彻斯特"	0	0	0	1	0.117	0.148	0.083	0.652	-0.054	-0.07	-0.038	0.186	0.348	"4"
"曾士生"	0	0	1	0	0.117	0.148	0.083	0.652	-0.054	-0.07	1.079	-0.458	1.661	"3"
"曾志朗"	0	0	0	2	0.233	0.297	0.167	1.303	-0.108	-0.139	-0.076	0.372	0.695	"4"
"最佳"	0	0	0	1	0.117	0.148	0.083	0.652	-0.054	-0.07	-0.038	0.186	0.348	"4"
"最高潮"	0	0	0	1	0.117	0.148	0.083	0.652	-0.054	-0.07	-0.038	0.186	0.348	"4"
"期待"	0	1	0	0	0.117	0.148	0.083	0.652	-0.054	0.829	-0.038	-0.458	1.379	"2"
"木球"	0	0	0	1	0.117	0.148	0.083	0.652	-0.054	-0.07	-0.038	0.186	0.348	"4"
"未婚"	0	0	1	0	0.117	0.148	0.083	0.652	-0.054	-0.07	1.079	-0.458	1.661	"3"
"本"	0	0	0	1	0.117	0.148	0.083	0.652	-0.054	-0.07	-0.038	0.186	0.348	"4"
"朱(金"	0	0	0	1	0.117	0.148	0.083	0.652	-0.054	-0.07	-0.038	0.186	0.348	"4"
"朴昌培"	0	1	0	0	0.117	0.148	0.083	0.652	-0.054	0.829	-0.038	-0.458	1.379	"2"
"机师"	0	1	0	0	0.117	0.148	0.083	0.652	-0.054	0.829	-0.038	-0.458	1.379	"2"
"李光耀"	0	0	0	1	0.117	0.148	0.083	0.652	-0.054	-0.07	-0.038	0.186	0.348	"4"
"李学仁"	0	0	1	0	0.117	0.148	0.083	0.652	-0.054	-0.07	1.079	-0.458	1.661	"3"
"李安"	1	0	0	0	0.117	0.148	0.083	0.652	0.934	-0.07	-0.038	-0.458	1.5	"1"
"李庆元"	0	1	0	0	0.117	0.148	0.083	0.652	-0.054	0.829	-0.038	-0.458	1.379	"2"
"李显龙"	0	0	3	1	0.466	0.593	0.334	2.607	-0.215	-0.279	2.663	-0.904	4.061	"3"
"李永波"	0	1	0	0	0.117	0.148	0.083	0.652	-0.054	0.829	-0.038	-0.458	1.379	"2"
"李淑仪"	0	0	0	1	0.117	0.148	0.083	0.652	-0.054	-0.07	-0.038	0.186	0.348	"4"
"李衍泽"	0	0	0	1	0.117	0.148	0.083	0.652	-0.054	-0.07	-0.038	0.186	0.348	"4"
"李达昌"	0	1	0	0	0.117	0.148	0.083	0.652	-0.054	0.829	-0.038	-0.458	1.379	"2"
"李远哲"	1	0	0	0	0.117	0.148	0.083	0.652	0.934	-0.07	-0.038	-0.458	1.5	"1"
"杜华德"	0	0	0	1	0.117	0.148	0.083	0.652	-0.054	-0.07	-0.038	0.186	0.348	"4"
"条约"	0	2	0	0	0.233	0.297	0.167	1.303	-0.108	1.657	-0.076	-0.916	2.757	"2"
"来宾"	0	0	0	2	0.233	0.297	0.167	1.303	-0.108	-0.139	-0.076	0.372	0.695	"4"
"来来"	1	0	0	1	0.233	0.297	0.167	1.303	0.659	-0.139	-0.076	-0.24	1.114	"1"
"杨荣文"	0	0	0	1	0.117	0.148	0.083	0.652	-0.054	-0.07	-0.038	0.186	0.348	"4"
"杨衍银"	0	0	0	1	0.117	0.148	0.083	0.652	-0.054	-0.07	-0.038	0.186	0.348	"4"
"杰出"	0	0	0	1	0.117	0.148	0.083	0.652	-0.054	-0.07	-0.038	0.186	0.348	"4"
"林信义"	0	0	0	1	0.117	0.148	0.083	0.652	-0.054	-0.07	-0.038	0.186	0.348	"4"
"林光华"	0	0	0	2	0.233	0.297	0.167	1.303	-0.108	-0.139	-0.076	0.372	0.695	"4"
"林永法"	0	0	0	1	0.117	0.148	0.083	0.652	-0.054	-0.07	-0.038	0.186	0.348	"4"
"查尔斯"	0	0	0	1	0.117	0.148	0.083	0.652	-0.054	-0.07	-0.038	0.186	0.348	"4"
"柬"	0	0	0	1	0.117	0.148	0.083	0.652	-0.054	-0.07	-0.038	0.186	0.348	"4"
"栗喉蜂虎"	0	0	0	1	0.117	0.148	0.083	0.652	-0.054	-0.07	-0.038	0.186	0.348	"4"
"校名"	0	0	1	0	0.117	0.148	0.083	0.652	-0.054	-0.07	1.079	-0.458	1.661	"3"
"校园"	0	0	0	1	0.117	0.148	0.083	0.652	-0.054	-0.07	-0.038	0.186	0.348	"4"
"校长"	0	0	1	2	0.35	0.445	0.25	1.955	-0.161	-0.209	0.638	0.142	1.15	"3"
"根成"	0	0	2	0	0.233	0.297	0.167	1.303	-0.108	-0.139	2.158	-0.916	3.321	"3"
"根据"	0	2	0	0	0.233	0.297	0.167	1.303	-0.108	1.657	-0.076	-0.916	2.757	"2"
"桂林路"	0	0	0	1	0.117	0.148	0.083	0.652	-0.054	-0.07	-0.038	0.186	0.348	"4"
"桃"	0	0	0	1	0.117	0.148	0.083	0.652	-0.054	-0.07	-0.038	0.186	0.348	"4"
"桃园"	0	0	0	1	0.117	0.148	0.083	0.652	-0.054	-0.07	-0.038	0.186	0.348	"4"
"框框"	0	1	0	0	0.117	0.148	0.083	0.652	-0.054	0.829	-0.038	-0.458	1.379	"2"
"梅花"	0	2	0	0	0.233	0.297	0.167	1.303	-0.108	1.657	-0.076	-0.916	2.757	"2"
"检方"	0	1	0	0	0.117	0.148	0.083	0.652	-0.054	0.829	-0.038	-0.458	1.379	"2"
"检阅"	0	0	0	5	0.583	0.742	0.417	3.259	-0.269	-0.349	-0.189	0.93	1.737	"4"
"棋院"	0	0	0	1	0.117	0.148	0.083	0.652	-0.054	-0.07	-0.038	0.186	0.348	"4"
"棒球场"	0	0	0	1	0.117	0.148	0.083	0.652	-0.054	-0.07	-0.038	0.186	0.348	"4"
"森朱"	0	1	0	0	0.117	0.148	0.083	0.652	-0.054	0.829	-0.038	-0.458	1.379	"2"
"楷模"	2	0	0	0	0.233	0.297	0.167	1.303	1.867	-0.139	-0.076	-0.916	2.998	"1"
"槟"	0	0	0	1	0.117	0.148	0.083	0.652	-0.054	-0.07	-0.038	0.186	0.348	"4"
"欢"	0	0	0	1	0.117	0.148	0.083	0.652	-0.054	-0.07	-0.038	0.186	0.348	"4"
"欢庆"	0	0	0	1	0.117	0.148	0.083	0.652	-0.054	-0.07	-0.038	0.186	0.348	"4"
"欢迎"	0	0	2	17	2.214	2.819	1.584	12.382	-1.022	-1.325	0.32	1.755	4.422	"4"
"欢送"	0	0	0	4	0.466	0.593	0.334	2.607	-0.215	-0.279	-0.151	0.744	1.389	"4"
"歌剧院"	0	0	0	1	0.117	0.148	0.083	0.652	-0.054	-0.07	-0.038	0.186	0.348	"4"
"歌热舞"	1	0	0	0	0.117	0.148	0.083	0.652	0.934	-0.07	-0.038	-0.458	1.5	"1"
"正式"	1	1	2	5	1.049	1.335	0.751	5.865	-0.144	-0.218	0.771	-0.412	1.545	"3"
"正门"	0	0	0	1	0.117	0.148	0.083	0.652	-0.054	-0.07	-0.038	0.186	0.348	"4"
"殡仪馆"	0	0	0	1	0.117	0.148	0.083	0.652	-0.054	-0.07	-0.038	0.186	0.348	"4"
"段"	0	0	0	1	0.117	0.148	0.083	0.652	-0.054	-0.07	-0.038	0.186	0.348	"4"
"比绍"	0	1	0	1	0.233	0.297	0.167	1.303	-0.108	0.561	-0.076	-0.24	0.985	"2"
"比赛"	0	0	0	1	0.117	0.148	0.083	0.652	-0.054	-0.07	-0.038	0.186	0.348	"4"
"毕业"	0	1	0	0	0.117	0.148	0.083	0.652	-0.054	0.829	-0.038	-0.458	1.379	"2"
"毕业班"	0	1	0	0	0.117	0.148	0.083	0.652	-0.054	0.829	-0.038	-0.458	1.379	"2"
"民国"	0	0	0	4	0.466	0.593	0.334	2.607	-0.215	-0.279	-0.151	0.744	1.389	"4"
"民政局"	0	1	0	0	0.117	0.148	0.083	0.652	-0.054	0.829	-0.038	-0.458	1.379	"2"
"民航局"	0	0	0	1	0.117	0.148	0.083	0.652	-0.054	-0.07	-0.038	0.186	0.348	"4"
"永远"	0	1	0	0	0.117	0.148	0.083	0.652	-0.054	0.829	-0.038	-0.458	1.379	"2"
"汉城"	0	0	0	1	0.117	0.148	0.083	0.652	-0.054	-0.07	-0.038	0.186	0.348	"4"
"汉翔"	0	0	0	1	0.117	0.148	0.083	0.652	-0.054	-0.07	-0.038	0.186	0.348	"4"
"江泽民"	0	0	1	1	0.233	0.297	0.167	1.303	-0.108	-0.139	0.796	-0.24	1.283	"3"
"汽车拉力赛"	0	0	0	2	0.233	0.297	0.167	1.303	-0.108	-0.139	-0.076	0.372	0.695	"4"
"河内"	0	0	0	1	0.117	0.148	0.083	0.652	-0.054	-0.07	-0.038	0.186	0.348	"4"
"治丧"	0	0	0	1	0.117	0.148	0.083	0.652	-0.054	-0.07	-0.038	0.186	0.348	"4"
"法伊兹"	0	0	0	1	0.117	0.148	0.083	0.652	-0.054	-0.07	-0.038	0.186	0.348	"4"
"法会"	0	0	1	0	0.117	0.148	0.083	0.652	-0.054	-0.07	1.079	-0.458	1.661	"3"
"法师"	0	0	1	3	0.466	0.593	0.334	2.607	-0.215	-0.279	0.531	0.247	1.272	"3"
"注册"	0	1	0	0	0.117	0.148	0.083	0.652	-0.054	0.829	-0.038	-0.458	1.379	"2"
"泰"	0	0	0	1	0.117	0.148	0.083	0.652	-0.054	-0.07	-0.038	0.186	0.348	"4"
"洛休科夫"	0	0	0	1	0.117	0.148	0.083	0.652	-0.054	-0.07	-0.038	0.186	0.348	"4"
"洛桑"	0	0	0	2	0.233	0.297	0.167	1.303	-0.108	-0.139	-0.076	0.372	0.695	"4"
"津"	0	1	0	0	0.117	0.148	0.083	0.652	-0.054	0.829	-0.038	-0.458	1.379	"2"
"洪世芸"	0	0	0	1	0.117	0.148	0.083	0.652	-0.054	-0.07	-0.038	0.186	0.348	"4"
"洪茂诚"	0	0	1	0	0.117	0.148	0.083	0.652	-0.054	-0.07	1.079	-0.458	1.661	"3"
"活动"	0	0	0	1	0.117	0.148	0.083	0.652	-0.054	-0.07	-0.038	0.186	0.348	"4"
"活动中心"	2	0	0	1	0.35	0.445	0.25	1.955	1.425	-0.209	-0.113	-0.554	2.301	"1"
"海底段"	0	0	0	1	0.117	0.148	0.083	0.652	-0.054	-0.07	-0.038	0.186	0.348	"4"
"涂"	0	0	0	1	0.117	0.148	0.083	0.652	-0.054	-0.07	-0.038	0.186	0.348	"4"
"消防"	1	0	0	0	0.117	0.148	0.083	0.652	0.934	-0.07	-0.038	-0.458	1.5	"1"
"消防局"	0	0	0	1	0.117	0.148	0.083	0.652	-0.054	-0.07	-0.038	0.186	0.348	"4"
"淡马锡"	0	0	0	1	0.117	0.148	0.083	0.652	-0.054	-0.07	-0.038	0.186	0.348	"4"
"清晨"	0	0	0	1	0.117	0.148	0.083	0.652	-0.054	-0.07	-0.038	0.186	0.348	"4"
"清江"	0	0	0	1	0.117	0.148	0.083	0.652	-0.054	-0.07	-0.038	0.186	0.348	"4"
"渔民"	0	1	0	1	0.233	0.297	0.167	1.303	-0.108	0.561	-0.076	-0.24	0.985	"2"
"温哥华市"	0	0	0	1	0.117	0.148	0.083	0.652	-0.054	-0.07	-0.038	0.186	0.348	"4"
"温家宝"	0	0	0	1	0.117	0.148	0.083	0.652	-0.054	-0.07	-0.038	0.186	0.348	"4"
"温馨"	0	0	0	1	0.117	0.148	0.083	0.652	-0.054	-0.07	-0.038	0.186	0.348	"4"
"湿地"	0	0	0	1	0.117	0.148	0.083	0.652	-0.054	-0.07	-0.038	0.186	0.348	"4"
"溼地"	0	0	0	1	0.117	0.148	0.083	0.652	-0.054	-0.07	-0.038	0.186	0.348	"4"
"演奏"	1	0	0	0	0.117	0.148	0.083	0.652	0.934	-0.07	-0.038	-0.458	1.5	"1"
"演讲"	1	0	0	0	0.117	0.148	0.083	0.652	0.934	-0.07	-0.038	-0.458	1.5	"1"
"演说"	0	0	0	1	0.117	0.148	0.083	0.652	-0.054	-0.07	-0.038	0.186	0.348	"4"
"澳门部"	0	0	0	1	0.117	0.148	0.083	0.652	-0.054	-0.07	-0.038	0.186	0.348	"4"
"火炬"	0	1	0	0	0.117	0.148	0.083	0.652	-0.054	0.829	-0.038	-0.458	1.379	"2"
"火种"	0	1	0	0	0.117	0.148	0.083	0.652	-0.054	0.829	-0.038	-0.458	1.379	"2"
"灾民"	0	0	0	2	0.233	0.297	0.167	1.303	-0.108	-0.139	-0.076	0.372	0.695	"4"
"点火"	0	2	0	0	0.233	0.297	0.167	1.303	-0.108	1.657	-0.076	-0.916	2.757	"2"
"点灯"	0	0	1	1	0.233	0.297	0.167	1.303	-0.108	-0.139	0.796	-0.24	1.283	"3"
"点燃"	0	1	0	0	0.117	0.148	0.083	0.652	-0.054	0.829	-0.038	-0.458	1.379	"2"
"热络"	0	0	0	1	0.117	0.148	0.083	0.652	-0.054	-0.07	-0.038	0.186	0.348	"4"
"热闹"	0	0	0	1	0.117	0.148	0.083	0.652	-0.054	-0.07	-0.038	0.186	0.348	"4"
"焚香"	0	0	0	1	0.117	0.148	0.083	0.652	-0.054	-0.07	-0.038	0.186	0.348	"4"
"熟悉"	0	1	0	0	0.117	0.148	0.083	0.652	-0.054	0.829	-0.038	-0.458	1.379	"2"
"燃"	0	1	0	0	0.117	0.148	0.083	0.652	-0.054	0.829	-0.038	-0.458	1.379	"2"
"爱心站"	0	0	0	1	0.117	0.148	0.083	0.652	-0.054	-0.07	-0.038	0.186	0.348	"4"
"物资"	0	0	0	2	0.233	0.297	0.167	1.303	-0.108	-0.139	-0.076	0.372	0.695	"4"
"特使"	0	0	0	2	0.233	0.297	0.167	1.303	-0.108	-0.139	-0.076	0.372	0.695	"4"
"特有"	0	1	0	1	0.233	0.297	0.167	1.303	-0.108	0.561	-0.076	-0.24	0.985	"2"
"特等"	0	0	0	1	0.117	0.148	0.083	0.652	-0.054	-0.07	-0.038	0.186	0.348	"4"
"献劳模"	0	0	0	1	0.117	0.148	0.083	0.652	-0.054	-0.07	-0.038	0.186	0.348	"4"
"献礼"	0	0	0	1	0.117	0.148	0.083	0.652	-0.054	-0.07	-0.038	0.186	0.348	"4"
"献花"	0	0	0	1	0.117	0.148	0.083	0.652	-0.054	-0.07	-0.038	0.186	0.348	"4"
"玄奘"	0	0	0	2	0.233	0.297	0.167	1.303	-0.108	-0.139	-0.076	0.372	0.695	"4"
"王云翔"	0	0	0	1	0.117	0.148	0.083	0.652	-0.054	-0.07	-0.038	0.186	0.348	"4"
"王后"	0	0	1	0	0.117	0.148	0.083	0.652	-0.054	-0.07	1.079	-0.458	1.661	"3"
"王子"	0	0	0	2	0.233	0.297	0.167	1.303	-0.108	-0.139	-0.076	0.372	0.695	"4"
"王宫"	0	0	0	1	0.117	0.148	0.083	0.652	-0.054	-0.07	-0.038	0.186	0.348	"4"
"王岩"	0	0	0	1	0.117	0.148	0.083	0.652	-0.054	-0.07	-0.038	0.186	0.348	"4"
"王思海"	0	0	0	1	0.117	0.148	0.083	0.652	-0.054	-0.07	-0.038	0.186	0.348	"4"
"王鼎昌"	0	0	1	0	0.117	0.148	0.083	0.652	-0.054	-0.07	1.079	-0.458	1.661	"3"
"环亚"	1	0	0	0	0.117	0.148	0.083	0.652	0.934	-0.07	-0.038	-0.458	1.5	"1"
"环保署"	0	0	0	1	0.117	0.148	0.083	0.652	-0.054	-0.07	-0.038	0.186	0.348	"4"
"现场"	0	1	0	3	0.466	0.593	0.334	2.607	-0.215	0.324	-0.151	0.247	0.937	"2"
"理事长"	0	0	0	1	0.117	0.148	0.083	0.652	-0.054	-0.07	-0.038	0.186	0.348	"4"
"理会"	0	0	1	0	0.117	0.148	0.083	0.652	-0.054	-0.07	1.079	-0.458	1.661	"3"
"璀璨"	0	0	0	2	0.233	0.297	0.167	1.303	-0.108	-0.139	-0.076	0.372	0.695	"4"
"瓦杰帕伊"	0	0	0	1	0.117	0.148	0.083	0.652	-0.054	-0.07	-0.038	0.186	0.348	"4"
"生产线"	0	0	0	1	0.117	0.148	0.083	0.652	-0.054	-0.07	-0.038	0.186	0.348	"4"
"生日"	0	0	0	1	0.117	0.148	0.083	0.652	-0.054	-0.07	-0.038	0.186	0.348	"4"
"由"	2	1	10	26	4.545	5.786	3.252	25.417	-0.819	-1.828	2.968	0.305	5.92	"3"
"电影"	0	0	0	1	0.117	0.148	0.083	0.652	-0.054	-0.07	-0.038	0.186	0.348	"4"
"电视"	3	0	0	0	0.35	0.445	0.25	1.955	2.801	-0.209	-0.113	-1.374	4.497	"1"
"画展"	0	0	0	1	0.117	0.148	0.083	0.652	-0.054	-0.07	-0.038	0.186	0.348	"4"
"畜产"	0	0	1	0	0.117	0.148	0.083	0.652	-0.054	-0.07	1.079	-0.458	1.661	"3"
"登场"	2	0	0	1	0.35	0.445	0.25	1.955	1.425	-0.209	-0.113	-0.554	2.301	"1"
"皮雷斯"	0	0	0	1	0.117	0.148	0.083	0.652	-0.054	-0.07	-0.038	0.186	0.348	"4"
"益通"	0	0	0	1	0.117	0.148	0.083	0.652	-0.054	-0.07	-0.038	0.186	0.348	"4"
"监交"	0	0	0	2	0.233	0.297	0.167	1.303	-0.108	-0.139	-0.076	0.372	0.695	"4"
"监誓"	0	0	1	1	0.233	0.297	0.167	1.303	-0.108	-0.139	0.796	-0.24	1.283	"3"
"盖"	0	0	0	1	0.117	0.148	0.083	0.652	-0.054	-0.07	-0.038	0.186	0.348	"4"
"盖顶"	0	0	0	1	0.117	0.148	0.083	0.652	-0.054	-0.07	-0.038	0.186	0.348	"4"
"盛会"	0	0	0	1	0.117	0.148	0.083	0.652	-0.054	-0.07	-0.038	0.186	0.348	"4"
"盛典"	1	0	0	0	0.117	0.148	0.083	0.652	0.934	-0.07	-0.038	-0.458	1.5	"1"
"盛大"	0	0	0	4	0.466	0.593	0.334	2.607	-0.215	-0.279	-0.151	0.744	1.389	"4"
"直属"	0	0	0	1	0.117	0.148	0.083	0.652	-0.054	-0.07	-0.038	0.186	0.348	"4"
"直播"	0	1	0	0	0.117	0.148	0.083	0.652	-0.054	0.829	-0.038	-0.458	1.379	"2"
"睡衣"	1	0	0	0	0.117	0.148	0.083	0.652	0.934	-0.07	-0.038	-0.458	1.5	"1"
"瞩目"	0	0	0	1	0.117	0.148	0.083	0.652	-0.054	-0.07	-0.038	0.186	0.348	"4"
"矿业"	0	0	0	1	0.117	0.148	0.083	0.652	-0.054	-0.07	-0.038	0.186	0.348	"4"
"研习"	0	0	0	1	0.117	0.148	0.083	0.652	-0.054	-0.07	-0.038	0.186	0.348	"4"
"研究班"	0	1	0	0	0.117	0.148	0.083	0.652	-0.054	0.829	-0.038	-0.458	1.379	"2"
"研讨会"	0	1	1	1	0.35	0.445	0.25	1.955	-0.161	0.418	0.638	-0.554	1.771	"3"
"破土"	0	0	0	2	0.233	0.297	0.167	1.303	-0.108	-0.139	-0.076	0.372	0.695	"4"
"碑"	0	0	0	1	0.117	0.148	0.083	0.652	-0.054	-0.07	-0.038	0.186	0.348	"4"
"碑揭"	0	0	0	1	0.117	0.148	0.083	0.652	-0.054	-0.07	-0.038	0.186	0.348	"4"
"示"	0	0	0	1	0.117	0.148	0.083	0.652	-0.054	-0.07	-0.038	0.186	0.348	"4"
"示范"	0	1	0	1	0.233	0.297	0.167	1.303	-0.108	0.561	-0.076	-0.24	0.985	"2"
"礼"	0	1	0	3	0.466	0.593	0.334	2.607	-0.215	0.324	-0.151	0.247	0.937	"2"
"礼堂"	1	0	0	1	0.233	0.297	0.167	1.303	0.659	-0.139	-0.076	-0.24	1.114	"1"
"礼成"	0	0	0	1	0.117	0.148	0.083	0.652	-0.054	-0.07	-0.038	0.186	0.348	"4"
"礼拜"	0	0	0	1	0.117	0.148	0.083	0.652	-0.054	-0.07	-0.038	0.186	0.348	"4"
"礼物箱"	0	0	2	0	0.233	0.297	0.167	1.303	-0.108	-0.139	2.158	-0.916	3.321	"3"
"社教"	1	0	0	0	0.117	0.148	0.083	0.652	0.934	-0.07	-0.038	-0.458	1.5	"1"
"社理会"	0	0	1	0	0.117	0.148	0.083	0.652	-0.054	-0.07	1.079	-0.458	1.661	"3"
"祈"	0	0	0	1	0.117	0.148	0.083	0.652	-0.054	-0.07	-0.038	0.186	0.348	"4"
"祈求"	0	1	0	0	0.117	0.148	0.083	0.652	-0.054	0.829	-0.038	-0.458	1.379	"2"
"祈福"	0	0	0	4	0.466	0.593	0.334	2.607	-0.215	-0.279	-0.151	0.744	1.389	"4"
"祖"	0	0	0	3	0.35	0.445	0.25	1.955	-0.161	-0.209	-0.113	0.558	1.041	"4"
"祝祷"	0	0	0	1	0.117	0.148	0.083	0.652	-0.054	-0.07	-0.038	0.186	0.348	"4"
"祝福"	0	0	0	2	0.233	0.297	0.167	1.303	-0.108	-0.139	-0.076	0.372	0.695	"4"
"祝词"	0	0	0	1	0.117	0.148	0.083	0.652	-0.054	-0.07	-0.038	0.186	0.348	"4"
"祝贺"	0	0	0	1	0.117	0.148	0.083	0.652	-0.054	-0.07	-0.038	0.186	0.348	"4"
"神宫"	0	1	0	0	0.117	0.148	0.083	0.652	-0.054	0.829	-0.038	-0.458	1.379	"2"
"祥"	0	0	0	1	0.117	0.148	0.083	0.652	-0.054	-0.07	-0.038	0.186	0.348	"4"
"票选"	0	0	0	1	0.117	0.148	0.083	0.652	-0.054	-0.07	-0.038	0.186	0.348	"4"
"祭"	0	0	0	1	0.117	0.148	0.083	0.652	-0.054	-0.07	-0.038	0.186	0.348	"4"
"祭孔"	0	1	0	0	0.117	0.148	0.083	0.652	-0.054	0.829	-0.038	-0.458	1.379	"2"
"祭山"	0	1	0	1	0.233	0.297	0.167	1.303	-0.108	0.561	-0.076	-0.24	0.985	"2"
"祭拜"	0	0	0	1	0.117	0.148	0.083	0.652	-0.054	-0.07	-0.038	0.186	0.348	"4"
"祭祀"	0	0	0	1	0.117	0.148	0.083	0.652	-0.054	-0.07	-0.038	0.186	0.348	"4"
"祭祖"	0	0	0	2	0.233	0.297	0.167	1.303	-0.108	-0.139	-0.076	0.372	0.695	"4"
"祷告"	0	0	0	1	0.117	0.148	0.083	0.652	-0.054	-0.07	-0.038	0.186	0.348	"4"
"福"	0	0	0	2	0.233	0.297	0.167	1.303	-0.108	-0.139	-0.076	0.372	0.695	"4"
"离任"	0	0	0	1	0.117	0.148	0.083	0.652	-0.054	-0.07	-0.038	0.186	0.348	"4"
"离队"	0	1	0	0	0.117	0.148	0.083	0.652	-0.054	0.829	-0.038	-0.458	1.379	"2"
"秋叶"	0	0	0	1	0.117	0.148	0.083	0.652	-0.054	-0.07	-0.038	0.186	0.348	"4"
"科伦坡举"	0	1	0	0	0.117	0.148	0.083	0.652	-0.054	0.829	-0.038	-0.458	1.379	"2"
"科技奖"	2	0	0	0	0.233	0.297	0.167	1.303	1.867	-0.139	-0.076	-0.916	2.998	"1"
"称赞"	0	0	0	1	0.117	0.148	0.083	0.652	-0.054	-0.07	-0.038	0.186	0.348	"4"
"移交"	0	0	0	3	0.35	0.445	0.25	1.955	-0.161	-0.209	-0.113	0.558	1.041	"4"
"稳懋"	0	0	0	1	0.117	0.148	0.083	0.652	-0.054	-0.07	-0.038	0.186	0.348	"4"
"穆西河"	0	0	0	1	0.117	0.148	0.083	0.652	-0.054	-0.07	-0.038	0.186	0.348	"4"
"空难"	0	1	0	2	0.35	0.445	0.25	1.955	-0.161	0.418	-0.113	0.142	0.834	"2"
"穿"	1	0	0	0	0.117	0.148	0.083	0.652	0.934	-0.07	-0.038	-0.458	1.5	"1"
"突破"	0	1	0	0	0.117	0.148	0.083	0.652	-0.054	0.829	-0.038	-0.458	1.379	"2"
"立体"	0	0	0	1	0.117	0.148	0.083	0.652	-0.054	-0.07	-0.038	0.186	0.348	"4"
"立法"	0	1	0	0	0.117	0.148	0.083	0.652	-0.054	0.829	-0.038	-0.458	1.379	"2"
"立院"	0	1	0	0	0.117	0.148	0.083	0.652	-0.054	0.829	-0.038	-0.458	1.379	"2"
"竞技"	2	0	0	0	0.233	0.297	0.167	1.303	1.867	-0.139	-0.076	-0.916	2.998	"1"
"竞赛"	1	0	0	1	0.233	0.297	0.167	1.303	0.659	-0.139	-0.076	-0.24	1.114	"1"
"竣工"	0	0	1	3	0.466	0.593	0.334	2.607	-0.215	-0.279	0.531	0.247	1.272	"3"
"竺延风"	0	0	0	1	0.117	0.148	0.083	0.652	-0.054	-0.07	-0.038	0.186	0.348	"4"
"符合"	0	2	0	0	0.233	0.297	0.167	1.303	-0.108	1.657	-0.076	-0.916	2.757	"2"
"符喜泉"	0	0	1	0	0.117	0.148	0.083	0.652	-0.054	-0.07	1.079	-0.458	1.661	"3"
"第110"	0	0	0	1	0.117	0.148	0.083	0.652	-0.054	-0.07	-0.038	0.186	0.348	"4"
"第三十一"	0	0	0	1	0.117	0.148	0.083	0.652	-0.054	-0.07	-0.038	0.186	0.348	"4"
"第三十七"	0	0	0	4	0.466	0.593	0.334	2.607	-0.215	-0.279	-0.151	0.744	1.389	"4"
"第二十一"	0	0	0	1	0.117	0.148	0.083	0.652	-0.054	-0.07	-0.038	0.186	0.348	"4"
"第五十八"	1	0	0	0	0.117	0.148	0.083	0.652	0.934	-0.07	-0.038	-0.458	1.5	"1"
"等候"	0	0	0	1	0.117	0.148	0.083	0.652	-0.054	-0.07	-0.038	0.186	0.348	"4"
"筹备"	0	0	0	1	0.117	0.148	0.083	0.652	-0.054	-0.07	-0.038	0.186	0.348	"4"
"筹款"	0	1	0	0	0.117	0.148	0.083	0.652	-0.054	0.829	-0.038	-0.458	1.379	"2"
"签"	0	0	0	2	0.233	0.297	0.167	1.303	-0.108	-0.139	-0.076	0.372	0.695	"4"
"签发"	0	0	0	1	0.117	0.148	0.083	0.652	-0.054	-0.07	-0.038	0.186	0.348	"4"
"签名"	0	1	0	2	0.35	0.445	0.25	1.955	-0.161	0.418	-0.113	0.142	0.834	"2"
"签字"	0	21	0	0	2.447	3.116	1.751	13.686	-1.13	17.402	-0.794	-9.619	28.945	"2"
"签约"	0	11	0	1	1.399	1.78	1.001	7.82	-0.646	8.1	-0.454	-4.126	13.326	"2"
"签署"	0	2	0	10	1.399	1.78	1.001	7.82	-0.646	0.26	-0.454	0.812	2.172	"4"
"简单"	1	0	0	2	0.35	0.445	0.25	1.955	0.508	-0.209	-0.113	0.142	0.972	"1"
"简王圭容"	0	0	0	1	0.117	0.148	0.083	0.652	-0.054	-0.07	-0.038	0.186	0.348	"4"
"简短"	0	0	0	2	0.233	0.297	0.167	1.303	-0.108	-0.139	-0.076	0.372	0.695	"4"
"篆刻"	0	0	0	1	0.117	0.148	0.083	0.652	-0.054	-0.07	-0.038	0.186	0.348	"4"
"粤剧节"	0	0	0	1	0.117	0.148	0.083	0.652	-0.054	-0.07	-0.038	0.186	0.348	"4"
"精神"	0	1	0	0	0.117	0.148	0.083	0.652	-0.054	0.829	-0.038	-0.458	1.379	"2"
"糕"	0	1	0	0	0.117	0.148	0.083	0.652	-0.054	0.829	-0.038	-0.458	1.379	"2"
"索姆"	0	0	0	1	0.117	0.148	0.083	0.652	-0.054	-0.07	-0.038	0.186	0.348	"4"
"綵"	0	0	0	1	0.117	0.148	0.083	0.652	-0.054	-0.07	-0.038	0.186	0.348	"4"
"纪"	1	0	0	0	0.117	0.148	0.083	0.652	0.934	-0.07	-0.038	-0.458	1.5	"1"
"纪念"	0	0	0	8	0.932	1.187	0.667	5.214	-0.431	-0.558	-0.303	1.488	2.78	"4"
"纪念歌"	0	0	0	1	0.117	0.148	0.083	0.652	-0.054	-0.07	-0.038	0.186	0.348	"4"
"纪念碑"	0	0	0	1	0.117	0.148	0.083	0.652	-0.054	-0.07	-0.038	0.186	0.348	"4"
"纪念馆"	0	0	0	3	0.35	0.445	0.25	1.955	-0.161	-0.209	-0.113	0.558	1.041	"4"
"纳丹"	0	0	1	0	0.117	0.148	0.083	0.652	-0.054	-0.07	1.079	-0.458	1.661	"3"
"纳比"	0	0	0	1	0.117	0.148	0.083	0.652	-0.054	-0.07	-0.038	0.186	0.348	"4"
"纽约州"	0	0	0	1	0.117	0.148	0.083	0.652	-0.054	-0.07	-0.038	0.186	0.348	"4"
"组委"	0	0	0	1	0.117	0.148	0.083	0.652	-0.054	-0.07	-0.038	0.186	0.348	"4"
"组委会"	0	0	0	1	0.117	0.148	0.083	0.652	-0.054	-0.07	-0.038	0.186	0.348	"4"
"终极"	0	0	0	2	0.233	0.297	0.167	1.303	-0.108	-0.139	-0.076	0.372	0.695	"4"
"经济奖"	1	0	0	0	0.117	0.148	0.083	0.652	0.934	-0.07	-0.038	-0.458	1.5	"1"
"经济部长"	0	0	0	1	0.117	0.148	0.083	0.652	-0.054	-0.07	-0.038	0.186	0.348	"4"
"结业"	0	0	0	4	0.466	0.593	0.334	2.607	-0.215	-0.279	-0.151	0.744	1.389	"4"
"结婚"	0	4	0	0	0.466	0.593	0.334	2.607	-0.215	3.315	-0.151	-1.832	5.513	"2"
"结束"	0	1	1	5	0.816	1.039	0.584	4.562	-0.377	-0.142	0.341	0.271	1.131	"1"
"绝版"	0	0	0	1	0.117	0.148	0.083	0.652	-0.054	-0.07	-0.038	0.186	0.348	"4"
"绩优"	1	0	0	0	0.117	0.148	0.083	0.652	0.934	-0.07	-0.038	-0.458	1.5	"1"
"维持"	0	1	0	0	0.117	0.148	0.083	0.652	-0.054	0.829	-0.038	-0.458	1.379	"2"
"维文"	0	0	0	1	0.117	0.148	0.083	0.652	-0.054	-0.07	-0.038	0.186	0.348	"4"
"绿化"	0	0	1	1	0.233	0.297	0.167	1.303	-0.108	-0.139	0.796	-0.24	1.283	"3"
"编列"	0	0	0	1	0.117	0.148	0.083	0.652	-0.054	-0.07	-0.038	0.186	0.348	"4"
"罗格"	0	0	0	1	0.117	0.148	0.083	0.652	-0.054	-0.07	-0.038	0.186	0.348	"4"
"置于"	0	1	0	0	0.117	0.148	0.083	0.652	-0.054	0.829	-0.038	-0.458	1.379	"2"
"署"	2	0	0	0	0.233	0.297	0.167	1.303	1.867	-0.139	-0.076	-0.916	2.998	"1"
"罹难者"	0	0	0	3	0.35	0.445	0.25	1.955	-0.161	-0.209	-0.113	0.558	1.041	"4"
"群岛"	0	0	0	1	0.117	0.148	0.083	0.652	-0.054	-0.07	-0.038	0.186	0.348	"4"
"羽毛球队"	0	2	0	0	0.233	0.297	0.167	1.303	-0.108	1.657	-0.076	-0.916	2.757	"2"
"翻新"	0	0	1	0	0.117	0.148	0.083	0.652	-0.054	-0.07	1.079	-0.458	1.661	"3"
"老挝"	0	0	0	1	0.117	0.148	0.083	0.652	-0.054	-0.07	-0.038	0.186	0.348	"4"
"考场"	0	0	0	1	0.117	0.148	0.083	0.652	-0.054	-0.07	-0.038	0.186	0.348	"4"
"考试院长"	0	0	0	1	0.117	0.148	0.083	0.652	-0.054	-0.07	-0.038	0.186	0.348	"4"
"考选部"	0	0	0	1	0.117	0.148	0.083	0.652	-0.054	-0.07	-0.038	0.186	0.348	"4"
"职总"	0	0	0	1	0.117	0.148	0.083	0.652	-0.054	-0.07	-0.038	0.186	0.348	"4"
"职棒"	1	0	0	0	0.117	0.148	0.083	0.652	0.934	-0.07	-0.038	-0.458	1.5	"1"
"联合"	0	0	0	1	0.117	0.148	0.083	0.652	-0.054	-0.07	-0.038	0.186	0.348	"4"
"联合会"	0	0	0	2	0.233	0.297	0.167	1.303	-0.108	-0.139	-0.076	0.372	0.695	"4"
"联合会日"	1	0	0	0	0.117	0.148	0.083	0.652	0.934	-0.07	-0.038	-0.458	1.5	"1"
"聚焦"	0	0	0	1	0.117	0.148	0.083	0.652	-0.054	-0.07	-0.038	0.186	0.348	"4"
"肃穆"	0	0	0	1	0.117	0.148	0.083	0.652	-0.054	-0.07	-0.038	0.186	0.348	"4"
"育"	0	0	0	1	0.117	0.148	0.083	0.652	-0.054	-0.07	-0.038	0.186	0.348	"4"
"胡国兴"	0	1	0	0	0.117	0.148	0.083	0.652	-0.054	0.829	-0.038	-0.458	1.379	"2"
"胡志强"	0	0	0	1	0.117	0.148	0.083	0.652	-0.054	-0.07	-0.038	0.186	0.348	"4"
"胡锦涛"	0	0	1	3	0.466	0.593	0.334	2.607	-0.215	-0.279	0.531	0.247	1.272	"3"
"臧明华"	0	0	0	1	0.117	0.148	0.083	0.652	-0.054	-0.07	-0.038	0.186	0.348	"4"
"自由日"	0	0	0	1	0.117	0.148	0.083	0.652	-0.054	-0.07	-0.038	0.186	0.348	"4"
"致词"	2	0	1	4	0.816	1.039	0.584	4.562	0.717	-0.488	0.341	-0.334	1.88	"1"
"致赠"	0	0	0	1	0.117	0.148	0.083	0.652	-0.054	-0.07	-0.038	0.186	0.348	"4"
"致辞"	0	0	0	2	0.233	0.297	0.167	1.303	-0.108	-0.139	-0.076	0.372	0.695	"4"
"舍利"	0	0	0	1	0.117	0.148	0.083	0.652	-0.054	-0.07	-0.038	0.186	0.348	"4"
"航展"	0	1	0	0	0.117	0.148	0.083	0.652	-0.054	0.829	-0.038	-0.458	1.379	"2"
"航路"	0	0	0	1	0.117	0.148	0.083	0.652	-0.054	-0.07	-0.038	0.186	0.348	"4"
"艺术节"	0	1	0	0	0.117	0.148	0.083	0.652	-0.054	0.829	-0.038	-0.458	1.379	"2"
"节庆"	0	0	0	1	0.117	0.148	0.083	0.652	-0.054	-0.07	-0.038	0.186	0.348	"4"
"节目"	1	0	0	0	0.117	0.148	0.083	0.652	0.934	-0.07	-0.038	-0.458	1.5	"1"
"花园"	0	0	0	1	0.117	0.148	0.083	0.652	-0.054	-0.07	-0.038	0.186	0.348	"4"
"英年"	0	1	0	0	0.117	0.148	0.083	0.652	-0.054	0.829	-0.038	-0.458	1.379	"2"
"茶会"	0	0	0	1	0.117	0.148	0.083	0.652	-0.054	-0.07	-0.038	0.186	0.348	"4"
"莅临"	0	0	1	1	0.233	0.297	0.167	1.303	-0.108	-0.139	0.796	-0.24	1.283	"3"
"获奖"	0	0	0	2	0.233	0.297	0.167	1.303	-0.108	-0.139	-0.076	0.372	0.695	"4"
"菅直人"	0	1	0	0	0.117	0.148	0.083	0.652	-0.054	0.829	-0.038	-0.458	1.379	"2"
"菊池宽奖"	1	0	0	0	0.117	0.148	0.083	0.652	0.934	-0.07	-0.038	-0.458	1.5	"1"
"营业"	0	1	0	0	0.117	0.148	0.083	0.652	-0.054	0.829	-0.038	-0.458	1.379	"2"
"萧万长"	0	0	0	1	0.117	0.148	0.083	0.652	-0.054	-0.07	-0.038	0.186	0.348	"4"
"萧靖俞"	1	0	0	0	0.117	0.148	0.083	0.652	0.934	-0.07	-0.038	-0.458	1.5	"1"
"萨尔瓦多"	0	0	0	2	0.233	0.297	0.167	1.303	-0.108	-0.139	-0.076	0.372	0.695	"4"
"萨满"	0	0	0	1	0.117	0.148	0.083	0.652	-0.054	-0.07	-0.038	0.186	0.348	"4"
"落成"	0	0	0	6	0.699	0.89	0.5	3.91	-0.323	-0.418	-0.227	1.116	2.084	"4"
"葛莱美"	1	0	0	0	0.117	0.148	0.083	0.652	0.934	-0.07	-0.038	-0.458	1.5	"1"
"董事会"	0	0	0	2	0.233	0.297	0.167	1.303	-0.108	-0.139	-0.076	0.372	0.695	"4"
"董事长"	0	0	0	1	0.117	0.148	0.083	0.652	-0.054	-0.07	-0.038	0.186	0.348	"4"
"董赵洪"	0	0	0	1	0.117	0.148	0.083	0.652	-0.054	-0.07	-0.038	0.186	0.348	"4"
"葬礼"	0	0	0	1	0.117	0.148	0.083	0.652	-0.054	-0.07	-0.038	0.186	0.348	"4"
"蓝智民"	0	0	0	1	0.117	0.148	0.083	0.652	-0.054	-0.07	-0.038	0.186	0.348	"4"
"蔡仁坚"	0	0	0	1	0.117	0.148	0.083	0.652	-0.054	-0.07	-0.038	0.186	0.348	"4"
"虔敬"	0	0	0	1	0.117	0.148	0.083	0.652	-0.054	-0.07	-0.038	0.186	0.348	"4"
"行"	0	2	1	3	0.699	0.89	0.5	3.91	-0.323	0.658	0.39	-0.457	1.828	"2"
"行动党"	0	0	1	0	0.117	0.148	0.083	0.652	-0.054	-0.07	1.079	-0.458	1.661	"3"
"行政"	0	1	0	0	0.117	0.148	0.083	0.652	-0.054	0.829	-0.038	-0.458	1.379	"2"
"行政局"	0	0	0	1	0.117	0.148	0.083	0.652	-0.054	-0.07	-0.038	0.186	0.348	"4"
"行政院长"	1	0	0	1	0.233	0.297	0.167	1.303	0.659	-0.139	-0.076	-0.24	1.114	"1"
"行程"	0	1	0	0	0.117	0.148	0.083	0.652	-0.054	0.829	-0.038	-0.458	1.379	"2"
"表"	0	0	0	2	0.233	0.297	0.167	1.303	-0.108	-0.139	-0.076	0.372	0.695	"4"
"表哥"	0	0	0	1	0.117	0.148	0.083	0.652	-0.054	-0.07	-0.038	0.186	0.348	"4"
"表扬"	0	0	0	2	0.233	0.297	0.167	1.303	-0.108	-0.139	-0.076	0.372	0.695	"4"
"表演"	1	0	0	2	0.35	0.445	0.25	1.955	0.508	-0.209	-0.113	0.142	0.972	"1"
"表达"	0	1	0	0	0.117	0.148	0.083	0.652	-0.054	0.829	-0.038	-0.458	1.379	"2"
"袁伟民"	0	0	0	1	0.117	0.148	0.083	0.652	-0.054	-0.07	-0.038	0.186	0.348	"4"
"裁判员"	0	0	0	1	0.117	0.148	0.083	0.652	-0.054	-0.07	-0.038	0.186	0.348	"4"
"西华"	1	0	0	0	0.117	0.148	0.083	0.652	0.934	-0.07	-0.038	-0.458	1.5	"1"
"西哈努克"	0	0	0	1	0.117	0.148	0.083	0.652	-0.054	-0.07	-0.038	0.186	0.348	"4"
"见真章"	0	1	0	0	0.117	0.148	0.083	0.652	-0.054	0.829	-0.038	-0.458	1.379	"2"
"观看"	2	0	0	2	0.466	0.593	0.334	2.607	1.159	-0.279	-0.151	-0.363	1.952	"1"
"观礼"	0	0	0	2	0.233	0.297	0.167	1.303	-0.108	-0.139	-0.076	0.372	0.695	"4"
"观赏"	0	0	0	1	0.117	0.148	0.083	0.652	-0.054	-0.07	-0.038	0.186	0.348	"4"
"言谈"	0	1	0	0	0.117	0.148	0.083	0.652	-0.054	0.829	-0.038	-0.458	1.379	"2"
"詹道存"	0	0	0	1	0.117	0.148	0.083	0.652	-0.054	-0.07	-0.038	0.186	0.348	"4"
"计划"	0	0	1	0	0.117	0.148	0.083	0.652	-0.054	-0.07	1.079	-0.458	1.661	"3"
"订"	0	1	0	3	0.466	0.593	0.334	2.607	-0.215	0.324	-0.151	0.247	0.937	"2"
"议"	0	0	0	1	0.117	0.148	0.083	0.652	-0.054	-0.07	-0.038	0.186	0.348	"4"
"讯创"	0	0	0	1	0.117	0.148	0.083	0.652	-0.054	-0.07	-0.038	0.186	0.348	"4"
"记者室"	0	0	0	1	0.117	0.148	0.083	0.652	-0.054	-0.07	-0.038	0.186	0.348	"4"
"讲话"	0	0	0	7	0.816	1.039	0.584	4.562	-0.377	-0.488	-0.265	1.302	2.432	"4"
"许安进"	0	0	0	1	0.117	0.148	0.083	0.652	-0.054	-0.07	-0.038	0.186	0.348	"4"
"许水德"	0	0	0	1	0.117	0.148	0.083	0.652	-0.054	-0.07	-0.038	0.186	0.348	"4"
"许通美"	0	0	0	1	0.117	0.148	0.083	0.652	-0.054	-0.07	-0.038	0.186	0.348	"4"
"访"	0	0	2	1	0.35	0.445	0.25	1.955	-0.161	-0.209	1.706	-0.554	2.63	"3"
"访华"	0	0	0	1	0.117	0.148	0.083	0.652	-0.054	-0.07	-0.038	0.186	0.348	"4"
"证严"	0	0	1	0	0.117	0.148	0.083	0.652	-0.054	-0.07	1.079	-0.458	1.661	"3"
"证书"	0	1	0	0	0.117	0.148	0.083	0.652	-0.054	0.829	-0.038	-0.458	1.379	"2"
"评审"	0	1	0	0	0.117	0.148	0.083	0.652	-0.054	0.829	-0.038	-0.458	1.379	"2"
"评论"	0	0	0	2	0.233	0.297	0.167	1.303	-0.108	-0.139	-0.076	0.372	0.695	"4"
"评鑑"	1	0	0	0	0.117	0.148	0.083	0.652	0.934	-0.07	-0.038	-0.458	1.5	"1"
"试灯"	0	0	0	2	0.233	0.297	0.167	1.303	-0.108	-0.139	-0.076	0.372	0.695	"4"
"诗丽吉"	0	0	1	0	0.117	0.148	0.083	0.652	-0.054	-0.07	1.079	-0.458	1.661	"3"
"诗丽吉王后"	0	0	1	0	0.117	0.148	0.083	0.652	-0.054	-0.07	1.079	-0.458	1.661	"3"
"诚"	0	0	0	1	0.117	0.148	0.083	0.652	-0.054	-0.07	-0.038	0.186	0.348	"4"
"话别"	0	0	0	1	0.117	0.148	0.083	0.652	-0.054	-0.07	-0.038	0.186	0.348	"4"
"语境"	0	1	0	0	0.117	0.148	0.083	0.652	-0.054	0.829	-0.038	-0.458	1.379	"2"
"诵经"	0	0	0	1	0.117	0.148	0.083	0.652	-0.054	-0.07	-0.038	0.186	0.348	"4"
"谋求"	0	1	0	0	0.117	0.148	0.083	0.652	-0.054	0.829	-0.038	-0.458	1.379	"2"
"谢长廷"	0	1	0	1	0.233	0.297	0.167	1.303	-0.108	0.561	-0.076	-0.24	0.985	"2"
"象山"	0	0	0	1	0.117	0.148	0.083	0.652	-0.054	-0.07	-0.038	0.186	0.348	"4"
"象征"	0	0	0	1	0.117	0.148	0.083	0.652	-0.054	-0.07	-0.038	0.186	0.348	"4"
"豪迪"	0	1	0	0	0.117	0.148	0.083	0.652	-0.054	0.829	-0.038	-0.458	1.379	"2"
"贸发局"	0	0	0	1	0.117	0.148	0.083	0.652	-0.054	-0.07	-0.038	0.186	0.348	"4"
"贸工"	0	0	0	1	0.117	0.148	0.083	0.652	-0.054	-0.07	-0.038	0.186	0.348	"4"
"资讯月"	0	0	0	1	0.117	0.148	0.083	0.652	-0.054	-0.07	-0.038	0.186	0.348	"4"
"赛会"	0	0	1	0	0.117	0.148	0.083	0.652	-0.054	-0.07	1.079	-0.458	1.661	"3"
"赞扬"	0	1	0	2	0.35	0.445	0.25	1.955	-0.161	0.418	-0.113	0.142	0.834	"2"
"赠"	0	0	0	1	0.117	0.148	0.083	0.652	-0.054	-0.07	-0.038	0.186	0.348	"4"
"赠车"	0	0	0	1	0.117	0.148	0.083	0.652	-0.054	-0.07	-0.038	0.186	0.348	"4"
"赠送"	0	0	0	6	0.699	0.89	0.5	3.91	-0.323	-0.418	-0.227	1.116	2.084	"4"
"起码"	0	1	0	0	0.117	0.148	0.083	0.652	-0.054	0.829	-0.038	-0.458	1.379	"2"
"起跑"	0	0	0	1	0.117	0.148	0.083	0.652	-0.054	-0.07	-0.038	0.186	0.348	"4"
"趋前"	0	1	0	0	0.117	0.148	0.083	0.652	-0.054	0.829	-0.038	-0.458	1.379	"2"
"足球场"	0	0	0	1	0.117	0.148	0.083	0.652	-0.054	-0.07	-0.038	0.186	0.348	"4"
"跨年"	0	0	0	1	0.117	0.148	0.083	0.652	-0.054	-0.07	-0.038	0.186	0.348	"4"
"路网"	0	0	0	1	0.117	0.148	0.083	0.652	-0.054	-0.07	-0.038	0.186	0.348	"4"
"路跑"	0	0	0	2	0.233	0.297	0.167	1.303	-0.108	-0.139	-0.076	0.372	0.695	"4"
"跳伞"	0	0	0	2	0.233	0.297	0.167	1.303	-0.108	-0.139	-0.076	0.372	0.695	"4"
"身处"	0	1	0	0	0.117	0.148	0.083	0.652	-0.054	0.829	-0.038	-0.458	1.379	"2"
"身着"	0	0	0	1	0.117	0.148	0.083	0.652	-0.054	-0.07	-0.038	0.186	0.348	"4"
"轨"	0	1	0	0	0.117	0.148	0.083	0.652	-0.054	0.829	-0.038	-0.458	1.379	"2"
"转播"	1	0	0	0	0.117	0.148	0.083	0.652	0.934	-0.07	-0.038	-0.458	1.5	"1"
"载歌载舞"	0	0	0	1	0.117	0.148	0.083	0.652	-0.054	-0.07	-0.038	0.186	0.348	"4"
"达卡"	0	0	0	1	0.117	0.148	0.083	0.652	-0.054	-0.07	-0.038	0.186	0.348	"4"
"达曼"	0	0	1	0	0.117	0.148	0.083	0.652	-0.054	-0.07	1.079	-0.458	1.661	"3"
"过去"	0	2	0	0	0.233	0.297	0.167	1.303	-0.108	1.657	-0.076	-0.916	2.757	"2"
"过境"	0	0	0	2	0.233	0.297	0.167	1.303	-0.108	-0.139	-0.076	0.372	0.695	"4"
"过渡"	0	1	0	1	0.233	0.297	0.167	1.303	-0.108	0.561	-0.076	-0.24	0.985	"2"
"迎"	0	0	0	1	0.117	0.148	0.083	0.652	-0.054	-0.07	-0.038	0.186	0.348	"4"
"迎宾"	0	1	0	0	0.117	0.148	0.083	0.652	-0.054	0.829	-0.038	-0.458	1.379	"2"
"迎接"	0	0	0	1	0.117	0.148	0.083	0.652	-0.054	-0.07	-0.038	0.186	0.348	"4"
"迎新"	0	0	0	1	0.117	0.148	0.083	0.652	-0.054	-0.07	-0.038	0.186	0.348	"4"
"运行"	0	1	0	0	0.117	0.148	0.083	0.652	-0.054	0.829	-0.038	-0.458	1.379	"2"
"这里"	0	0	0	1	0.117	0.148	0.083	0.652	-0.054	-0.07	-0.038	0.186	0.348	"4"
"追思"	0	0	0	1	0.117	0.148	0.083	0.652	-0.054	-0.07	-0.038	0.186	0.348	"4"
"追悼"	0	0	0	3	0.35	0.445	0.25	1.955	-0.161	-0.209	-0.113	0.558	1.041	"4"
"送行"	0	0	0	1	0.117	0.148	0.083	0.652	-0.054	-0.07	-0.038	0.186	0.348	"4"
"送迎"	0	0	0	1	0.117	0.148	0.083	0.652	-0.054	-0.07	-0.038	0.186	0.348	"4"
"选区"	0	0	2	0	0.233	0.297	0.167	1.303	-0.108	-0.139	2.158	-0.916	3.321	"3"
"透着"	0	0	0	1	0.117	0.148	0.083	0.652	-0.054	-0.07	-0.038	0.186	0.348	"4"
"逐步"	0	1	0	0	0.117	0.148	0.083	0.652	-0.054	0.829	-0.038	-0.458	1.379	"2"
"递"	0	1	0	0	0.117	0.148	0.083	0.652	-0.054	0.829	-0.038	-0.458	1.379	"2"
"通"	0	1	0	0	0.117	0.148	0.083	0.652	-0.054	0.829	-0.038	-0.458	1.379	"2"
"通车"	0	0	0	5	0.583	0.742	0.417	3.259	-0.269	-0.349	-0.189	0.93	1.737	"4"
"造船"	0	1	0	0	0.117	0.148	0.083	0.652	-0.054	0.829	-0.038	-0.458	1.379	"2"
"週年"	0	0	0	4	0.466	0.593	0.334	2.607	-0.215	-0.279	-0.151	0.744	1.389	"4"
"週年庆祝"	0	0	0	1	0.117	0.148	0.083	0.652	-0.054	-0.07	-0.038	0.186	0.348	"4"
"遂"	0	0	0	1	0.117	0.148	0.083	0.652	-0.054	-0.07	-0.038	0.186	0.348	"4"
"遇难"	0	1	0	0	0.117	0.148	0.083	0.652	-0.054	0.829	-0.038	-0.458	1.379	"2"
"遗体"	0	1	0	0	0.117	0.148	0.083	0.652	-0.054	0.829	-0.038	-0.458	1.379	"2"
"遣返"	0	1	0	0	0.117	0.148	0.083	0.652	-0.054	0.829	-0.038	-0.458	1.379	"2"
"遵守"	0	1	0	0	0.117	0.148	0.083	0.652	-0.054	0.829	-0.038	-0.458	1.379	"2"
"避讳"	0	1	0	0	0.117	0.148	0.083	0.652	-0.054	0.829	-0.038	-0.458	1.379	"2"
"邀"	1	0	3	1	0.583	0.742	0.417	3.259	0.336	-0.349	2.293	-1.275	4.253	"3"
"邀请"	0	0	0	1	0.117	0.148	0.083	0.652	-0.054	-0.07	-0.038	0.186	0.348	"4"
"邀请函"	0	0	0	1	0.117	0.148	0.083	0.652	-0.054	-0.07	-0.038	0.186	0.348	"4"
"邀请赛"	0	0	0	1	0.117	0.148	0.083	0.652	-0.054	-0.07	-0.038	0.186	0.348	"4"
"邮品"	1	0	0	0	0.117	0.148	0.083	0.652	0.934	-0.07	-0.038	-0.458	1.5	"1"
"邻里"	0	0	1	0	0.117	0.148	0.083	0.652	-0.054	-0.07	1.079	-0.458	1.661	"3"
"郑"	1	0	0	0	0.117	0.148	0.083	0.652	0.934	-0.07	-0.038	-0.458	1.5	"1"
"郑梦宪"	0	0	0	1	0.117	0.148	0.083	0.652	-0.054	-0.07	-0.038	0.186	0.348	"4"
"郑龙水"	0	0	0	1	0.117	0.148	0.083	0.652	-0.054	-0.07	-0.038	0.186	0.348	"4"
"部落"	0	0	0	1	0.117	0.148	0.083	0.652	-0.054	-0.07	-0.038	0.186	0.348	"4"
"部长"	1	1	5	7	1.632	2.077	1.167	9.124	-0.299	-0.44	2.372	-0.745	3.856	"3"
"酷爱"	0	1	0	0	0.117	0.148	0.083	0.652	-0.054	0.829	-0.038	-0.458	1.379	"2"
"采访"	0	1	0	0	0.117	0.148	0.083	0.652	-0.054	0.829	-0.038	-0.458	1.379	"2"
"采集"	0	1	0	0	0.117	0.148	0.083	0.652	-0.054	0.829	-0.038	-0.458	1.379	"2"
"金刚山"	0	0	0	2	0.233	0.297	0.167	1.303	-0.108	-0.139	-0.076	0.372	0.695	"4"
"金季春"	0	0	0	1	0.117	0.148	0.083	0.652	-0.054	-0.07	-0.038	0.186	0.348	"4"
"金政秀"	0	1	0	0	0.117	0.148	0.083	0.652	-0.054	0.829	-0.038	-0.458	1.379	"2"
"金曲"	1	0	0	0	0.117	0.148	0.083	0.652	0.934	-0.07	-0.038	-0.458	1.5	"1"
"金曲奖"	1	1	0	0	0.233	0.297	0.167	1.303	0.659	0.561	-0.076	-0.916	2.212	"4"
"金球奖"	1	0	0	0	0.117	0.148	0.083	0.652	0.934	-0.07	-0.038	-0.458	1.5	"1"
"金质奖"	1	0	0	0	0.117	0.148	0.083	0.652	0.934	-0.07	-0.038	-0.458	1.5	"1"
"金钟奖"	4	0	0	0	0.466	0.593	0.334	2.607	3.734	-0.279	-0.151	-1.832	5.996	"1"
"金马奖"	2	0	0	3	0.583	0.742	0.417	3.259	0.971	-0.349	-0.189	-0.245	1.754	"1"
"金马奖颁"	0	0	0	1	0.117	0.148	0.083	0.652	-0.054	-0.07	-0.038	0.186	0.348	"4"
"钮承泽主"	1	0	0	1	0.233	0.297	0.167	1.303	0.659	-0.139	-0.076	-0.24	1.114	"1"
"钱其琛"	0	0	0	1	0.117	0.148	0.083	0.652	-0.054	-0.07	-0.038	0.186	0.348	"4"
"铁路"	0	0	0	1	0.117	0.148	0.083	0.652	-0.054	-0.07	-0.038	0.186	0.348	"4"
"银行业"	0	1	0	0	0.117	0.148	0.083	0.652	-0.054	0.829	-0.038	-0.458	1.379	"2"
"销单"	0	1	0	0	0.117	0.148	0.083	0.652	-0.054	0.829	-0.038	-0.458	1.379	"2"
"锦标赛"	0	0	0	2	0.233	0.297	0.167	1.303	-0.108	-0.139	-0.076	0.372	0.695	"4"
"长"	1	0	0	3	0.466	0.593	0.334	2.607	0.408	-0.279	-0.151	0.247	1.085	"1"
"长发"	0	1	0	0	0.117	0.148	0.083	0.652	-0.054	0.829	-0.038	-0.458	1.379	"2"
"长林"	0	0	0	1	0.117	0.148	0.083	0.652	-0.054	-0.07	-0.038	0.186	0.348	"4"
"长老"	0	0	0	1	0.117	0.148	0.083	0.652	-0.054	-0.07	-0.038	0.186	0.348	"4"
"闪亮"	1	0	0	0	0.117	0.148	0.083	0.652	0.934	-0.07	-0.038	-0.458	1.5	"1"
"闭幕"	2	0	2	5	1.049	1.335	0.751	5.865	0.548	-0.628	0.771	-0.412	2.359	"3"
"阅兵"	0	0	0	2	0.233	0.297	0.167	1.303	-0.108	-0.139	-0.076	0.372	0.695	"4"
"防备包"	0	0	2	0	0.233	0.297	0.167	1.303	-0.108	-0.139	2.158	-0.916	3.321	"3"
"阿卜杜拉"	0	0	0	1	0.117	0.148	0.083	0.652	-0.054	-0.07	-0.038	0.186	0.348	"4"
"阿卡耶夫"	0	0	0	1	0.117	0.148	0.083	0.652	-0.054	-0.07	-0.038	0.186	0.348	"4"
"阿妹"	1	0	0	0	0.117	0.148	0.083	0.652	0.934	-0.07	-0.038	-0.458	1.5	"1"
"阿尔韦亚尔"	0	1	0	0	0.117	0.148	0.083	0.652	-0.054	0.829	-0.038	-0.458	1.379	"2"
"阿罗约"	0	0	0	1	0.117	0.148	0.083	0.652	-0.054	-0.07	-0.038	0.186	0.348	"4"
"阿费沃尔基"	0	0	0	1	0.117	0.148	0.083	0.652	-0.054	-0.07	-0.038	0.186	0.348	"4"
"阿都拉"	1	0	0	0	0.117	0.148	0.083	0.652	0.934	-0.07	-0.038	-0.458	1.5	"1"
"阿马托"	0	0	0	1	0.117	0.148	0.083	0.652	-0.054	-0.07	-0.038	0.186	0.348	"4"
"际"	0	1	0	0	0.117	0.148	0.083	0.652	-0.054	0.829	-0.038	-0.458	1.379	"2"
"陆"	0	1	0	0	0.117	0.148	0.083	0.652	-0.054	0.829	-0.038	-0.458	1.379	"2"
"陆军"	0	0	0	1	0.117	0.148	0.083	0.652	-0.054	-0.07	-0.038	0.186	0.348	"4"
"陆委会"	1	0	0	0	0.117	0.148	0.083	0.652	0.934	-0.07	-0.038	-0.458	1.5	"1"
"陈"	0	0	0	4	0.466	0.593	0.334	2.607	-0.215	-0.279	-0.151	0.744	1.389	"4"
"陈建年"	0	0	0	2	0.233	0.297	0.167	1.303	-0.108	-0.139	-0.076	0.372	0.695	"4"
"陈水扁"	0	0	0	2	0.233	0.297	0.167	1.303	-0.108	-0.139	-0.076	0.372	0.695	"4"
"降旗"	0	0	0	3	0.35	0.445	0.25	1.955	-0.161	-0.209	-0.113	0.558	1.041	"4"
"院"	0	1	0	0	0.117	0.148	0.083	0.652	-0.054	0.829	-0.038	-0.458	1.379	"2"
"院庆"	0	0	0	1	0.117	0.148	0.083	0.652	-0.054	-0.07	-0.038	0.186	0.348	"4"
"院落"	0	0	0	1	0.117	0.148	0.083	0.652	-0.054	-0.07	-0.038	0.186	0.348	"4"
"除了"	1	0	0	1	0.233	0.297	0.167	1.303	0.659	-0.139	-0.076	-0.24	1.114	"1"
"除此之外"	0	0	0	1	0.117	0.148	0.083	0.652	-0.054	-0.07	-0.038	0.186	0.348	"4"
"陪同"	0	1	0	3	0.466	0.593	0.334	2.607	-0.215	0.324	-0.151	0.247	0.937	"2"
"陶瓷"	0	0	0	1	0.117	0.148	0.083	0.652	-0.054	-0.07	-0.038	0.186	0.348	"4"
"隆"	0	0	0	2	0.233	0.297	0.167	1.303	-0.108	-0.139	-0.076	0.372	0.695	"4"
"隆重"	1	0	0	13	1.632	2.077	1.167	9.124	-0.299	-0.976	-0.529	1.675	3.479	"4"
"随后"	0	0	1	0	0.117	0.148	0.083	0.652	-0.054	-0.07	1.079	-0.458	1.661	"3"
"难怪"	0	1	0	0	0.117	0.148	0.083	0.652	-0.054	0.829	-0.038	-0.458	1.379	"2"
"雀屏中选"	0	0	0	1	0.117	0.148	0.083	0.652	-0.054	-0.07	-0.038	0.186	0.348	"4"
"雅典"	0	4	0	2	0.699	0.89	0.5	3.91	-0.323	2.248	-0.227	-0.937	3.735	"2"
"集邮"	1	0	0	0	0.117	0.148	0.083	0.652	0.934	-0.07	-0.038	-0.458	1.5	"1"
"雕塑"	0	0	0	1	0.117	0.148	0.083	0.652	-0.054	-0.07	-0.038	0.186	0.348	"4"
"雷诺"	0	1	0	0	0.117	0.148	0.083	0.652	-0.054	0.829	-0.038	-0.458	1.379	"2"
"雷达"	0	0	0	2	0.233	0.297	0.167	1.303	-0.108	-0.139	-0.076	0.372	0.695	"4"
"青"	1	0	0	0	0.117	0.148	0.083	0.652	0.934	-0.07	-0.038	-0.458	1.5	"1"
"青少年组"	1	0	0	0	0.117	0.148	0.083	0.652	0.934	-0.07	-0.038	-0.458	1.5	"1"
"青年"	1	0	0	1	0.233	0.297	0.167	1.303	0.659	-0.139	-0.076	-0.24	1.114	"1"
"静思"	0	0	0	1	0.117	0.148	0.083	0.652	-0.054	-0.07	-0.038	0.186	0.348	"4"
"鞠鹏"	0	0	0	1	0.117	0.148	0.083	0.652	-0.054	-0.07	-0.038	0.186	0.348	"4"
"韦枢"	1	0	0	0	0.117	0.148	0.083	0.652	0.934	-0.07	-0.038	-0.458	1.5	"1"
"音乐"	2	0	0	0	0.233	0.297	0.167	1.303	1.867	-0.139	-0.076	-0.916	2.998	"1"
"顶骨"	0	0	0	1	0.117	0.148	0.083	0.652	-0.054	-0.07	-0.038	0.186	0.348	"4"
"项"	0	1	4	7	1.399	1.78	1.001	7.82	-0.646	-0.347	1.858	-0.385	3.236	"3"
"项目"	0	1	0	1	0.233	0.297	0.167	1.303	-0.108	0.561	-0.076	-0.24	0.985	"2"
"颁"	0	0	0	2	0.233	0.297	0.167	1.303	-0.108	-0.139	-0.076	0.372	0.695	"4"
"颁发"	1	0	0	3	0.466	0.593	0.334	2.607	0.408	-0.279	-0.151	0.247	1.085	"1"
"颁奖"	50	1	0	2	6.177	7.863	4.42	34.541	42.464	-2.686	-2.004	-20.585	67.739	"1"
"颁授"	0	0	0	1	0.117	0.148	0.083	0.652	-0.054	-0.07	-0.038	0.186	0.348	"4"
"颁赠"	0	0	1	0	0.117	0.148	0.083	0.652	-0.054	-0.07	1.079	-0.458	1.661	"3"
"预选"	0	1	0	0	0.117	0.148	0.083	0.652	-0.054	0.829	-0.038	-0.458	1.379	"2"
"领"	1	0	0	0	0.117	0.148	0.083	0.652	0.934	-0.07	-0.038	-0.458	1.5	"1"
"风骚"	1	0	0	0	0.117	0.148	0.083	0.652	0.934	-0.07	-0.038	-0.458	1.5	"1"
"飘扬"	0	0	0	1	0.117	0.148	0.083	0.652	-0.054	-0.07	-0.038	0.186	0.348	"4"
"飞到"	0	0	0	1	0.117	0.148	0.083	0.652	-0.054	-0.07	-0.038	0.186	0.348	"4"
"飞航"	0	0	0	1	0.117	0.148	0.083	0.652	-0.054	-0.07	-0.038	0.186	0.348	"4"
"饭店"	3	0	0	2	0.583	0.742	0.417	3.259	1.88	-0.349	-0.189	-0.634	3.052	"1"
"馆"	0	1	1	1	0.35	0.445	0.25	1.955	-0.161	0.418	0.638	-0.554	1.771	"3"
"馆长"	0	0	1	0	0.117	0.148	0.083	0.652	-0.054	-0.07	1.079	-0.458	1.661	"3"
"首"	0	0	0	1	0.117	0.148	0.083	0.652	-0.054	-0.07	-0.038	0.186	0.348	"4"
"首先"	0	0	0	1	0.117	0.148	0.083	0.652	-0.054	-0.07	-0.038	0.186	0.348	"4"
"首度"	1	0	0	0	0.117	0.148	0.083	0.652	0.934	-0.07	-0.038	-0.458	1.5	"1"
"首日"	0	0	1	0	0.117	0.148	0.083	0.652	-0.054	-0.07	1.079	-0.458	1.661	"3"
"首映"	0	0	0	1	0.117	0.148	0.083	0.652	-0.054	-0.07	-0.038	0.186	0.348	"4"
"香"	0	0	0	1	0.117	0.148	0.083	0.652	-0.054	-0.07	-0.038	0.186	0.348	"4"
"马拉威"	0	0	0	1	0.117	0.148	0.083	0.652	-0.054	-0.07	-0.038	0.186	0.348	"4"
"马来族"	0	0	1	0	0.117	0.148	0.083	0.652	-0.054	-0.07	1.079	-0.458	1.661	"3"
"马英九"	1	0	2	2	0.583	0.742	0.417	3.259	0.336	-0.349	1.232	-0.634	2.551	"3"
"驻"	0	0	0	2	0.233	0.297	0.167	1.303	-0.108	-0.139	-0.076	0.372	0.695	"4"
"高克"	0	0	0	1	0.117	0.148	0.083	0.652	-0.054	-0.07	-0.038	0.186	0.348	"4"
"高尔夫"	0	1	0	0	0.117	0.148	0.083	0.652	-0.054	0.829	-0.038	-0.458	1.379	"2"
"高尔夫球"	0	1	0	0	0.117	0.148	0.083	0.652	-0.054	0.829	-0.038	-0.458	1.379	"2"
"高松市"	0	1	0	0	0.117	0.148	0.083	0.652	-0.054	0.829	-0.038	-0.458	1.379	"2"
"高潮"	0	0	0	1	0.117	0.148	0.083	0.652	-0.054	-0.07	-0.038	0.186	0.348	"4"
"高雄"	0	0	0	1	0.117	0.148	0.083	0.652	-0.054	-0.07	-0.038	0.186	0.348	"4"
"高雄县"	0	0	0	1	0.117	0.148	0.083	0.652	-0.054	-0.07	-0.038	0.186	0.348	"4"
"高雄市"	0	0	0	2	0.233	0.297	0.167	1.303	-0.108	-0.139	-0.076	0.372	0.695	"4"
"鲁凯族"	0	1	0	0	0.117	0.148	0.083	0.652	-0.054	0.829	-0.038	-0.458	1.379	"2"
"鲤"	0	0	0	1	0.117	0.148	0.083	0.652	-0.054	-0.07	-0.038	0.186	0.348	"4"
"鸡尾酒会"	0	0	0	1	0.117	0.148	0.083	0.652	-0.054	-0.07	-0.038	0.186	0.348	"4"
"麦寮"	0	0	0	1	0.117	0.148	0.083	0.652	-0.054	-0.07	-0.038	0.186	0.348	"4"
"黄显荣"	1	0	0	0	0.117	0.148	0.083	0.652	0.934	-0.07	-0.038	-0.458	1.5	"1"
"黄根"	0	0	1	0	0.117	0.148	0.083	0.652	-0.054	-0.07	1.079	-0.458	1.661	"3"
"黄根成"	0	0	0	1	0.117	0.148	0.083	0.652	-0.054	-0.07	-0.038	0.186	0.348	"4"
"默哀"	0	0	0	2	0.233	0.297	0.167	1.303	-0.108	-0.139	-0.076	0.372	0.695	"4"
"龙光宝塔"	0	0	0	1	0.117	0.148	0.083	0.652	-0.054	-0.07	-0.038	0.186	0.348	"4"
