"Coll_Word"	"1"	"2"	"exp_1"	"exp_2"	"pbin_1"	"pbin_2"	"SumAbsDev"	"LargestDev"
"?"	1	0	0.117	0.883	0.931	-0.931	1.862	"1_&_2"
"「"	0	2	0.234	1.766	-0.108	0.108	0.216	"1_&_2"
"1996年"	0	1	0.117	0.883	-0.054	0.054	0.108	"1_&_2"
"1万多"	1	0	0.117	0.883	0.931	-0.931	1.862	"1_&_2"
"2001年"	0	1	0.117	0.883	-0.054	0.054	0.108	"1_&_2"
"2010年"	0	1	0.117	0.883	-0.054	0.054	0.108	"1_&_2"
"⒍"	0	1	0.117	0.883	-0.054	0.054	0.108	"1_&_2"
"6月"	0	2	0.234	1.766	-0.108	0.108	0.216	"1_&_2"
"891008"	0	1	0.117	0.883	-0.054	0.054	0.108	"1_&_2"
"９"	0	1	0.117	0.883	-0.054	0.054	0.108	"1_&_2"
"900128"	0	1	0.117	0.883	-0.054	0.054	0.108	"1_&_2"
"AroozooLane"	0	1	0.117	0.883	-0.054	0.054	0.108	"1_&_2"
"Catherine"	0	1	0.117	0.883	-0.054	0.054	0.108	"1_&_2"
"http"	0	1	0.117	0.883	-0.054	0.054	0.108	"1_&_2"
"Railtrack"	0	1	0.117	0.883	-0.054	0.054	0.108	"1_&_2"
"WTO"	0	1	0.117	0.883	-0.054	0.054	0.108	"1_&_2"
"一意孤行"	0	1	0.117	0.883	-0.054	0.054	0.108	"1_&_2"
"一旦"	0	1	0.117	0.883	-0.054	0.054	0.108	"1_&_2"
"一直"	0	3	0.351	2.649	-0.162	0.162	0.324	"1_&_2"
"一般"	1	0	0.117	0.883	0.931	-0.931	1.862	"1_&_2"
"一面倒"	0	2	0.234	1.766	-0.108	0.108	0.216	"1_&_2"
"七日电"	0	1	0.117	0.883	-0.054	0.054	0.108	"1_&_2"
"万全"	0	1	0.117	0.883	-0.054	0.054	0.108	"1_&_2"
"三寸不烂之舌"	0	1	0.117	0.883	-0.054	0.054	0.108	"1_&_2"
"三通"	1	1	0.234	1.766	0.656	-0.656	1.312	"1_&_2"
"上半年"	0	1	0.117	0.883	-0.054	0.054	0.108	"1_&_2"
"上市公司"	0	1	0.117	0.883	-0.054	0.054	0.108	"1_&_2"
"上市公司业"	0	1	0.117	0.883	-0.054	0.054	0.108	"1_&_2"
"上扬"	0	1	0.117	0.883	-0.054	0.054	0.108	"1_&_2"
"上报"	0	1	0.117	0.883	-0.054	0.054	0.108	"1_&_2"
"上海"	0	2	0.234	1.766	-0.108	0.108	0.216	"1_&_2"
"上访"	0	1	0.117	0.883	-0.054	0.054	0.108	"1_&_2"
"上述"	0	1	0.117	0.883	-0.054	0.054	0.108	"1_&_2"
"下"	75	7	9.607	72.393	60.635	-60.635	121.27	"1_&_2"
"下列"	0	1	0.117	0.883	-0.054	0.054	0.108	"1_&_2"
"下去"	1	2	0.351	2.649	0.506	-0.506	1.012	"1_&_2"
"下挫"	0	1	0.117	0.883	-0.054	0.054	0.108	"1_&_2"
"下来"	0	2	0.234	1.766	-0.108	0.108	0.216	"1_&_2"
"下滑"	0	2	0.234	1.766	-0.108	0.108	0.216	"1_&_2"
"不一"	0	1	0.117	0.883	-0.054	0.054	0.108	"1_&_2"
"不亚于"	0	1	0.117	0.883	-0.054	0.054	0.108	"1_&_2"
"不佳"	0	1	0.117	0.883	-0.054	0.054	0.108	"1_&_2"
"不利"	3	0	0.351	2.649	2.794	-2.794	5.588	"1_&_2"
"不同"	2	4	0.703	5.297	0.825	-0.825	1.65	"1_&_2"
"不如"	0	1	0.117	0.883	-0.054	0.054	0.108	"1_&_2"
"不妙"	0	2	0.234	1.766	-0.108	0.108	0.216	"1_&_2"
"不尽相同"	0	1	0.117	0.883	-0.054	0.054	0.108	"1_&_2"
"不得不"	0	1	0.117	0.883	-0.054	0.054	0.108	"1_&_2"
"不断"	0	1	0.117	0.883	-0.054	0.054	0.108	"1_&_2"
"不明"	0	1	0.117	0.883	-0.054	0.054	0.108	"1_&_2"
"不景气"	0	1	0.117	0.883	-0.054	0.054	0.108	"1_&_2"
"不至于"	0	1	0.117	0.883	-0.054	0.054	0.108	"1_&_2"
"不行"	0	1	0.117	0.883	-0.054	0.054	0.108	"1_&_2"
"不要"	0	1	0.117	0.883	-0.054	0.054	0.108	"1_&_2"
"不详"	0	2	0.234	1.766	-0.108	0.108	0.216	"1_&_2"
"不错"	0	1	0.117	0.883	-0.054	0.054	0.108	"1_&_2"
"世界"	0	4	0.469	3.531	-0.216	0.216	0.432	"1_&_2"
"东"	0	1	0.117	0.883	-0.054	0.054	0.108	"1_&_2"
"东新"	0	1	0.117	0.883	-0.054	0.054	0.108	"1_&_2"
"东欧"	0	1	0.117	0.883	-0.054	0.054	0.108	"1_&_2"
"两岸"	0	6	0.703	5.297	-0.325	0.325	0.65	"1_&_2"
"严"	0	2	0.234	1.766	-0.108	0.108	0.216	"1_&_2"
"严密"	0	1	0.117	0.883	-0.054	0.054	0.108	"1_&_2"
"严峻"	1	4	0.586	4.414	0.334	-0.334	0.668	"1_&_2"
"严重"	2	14	1.875	14.125	0.241	-0.241	0.482	"1_&_2"
"中"	0	1	0.117	0.883	-0.054	0.054	0.108	"1_&_2"
"中东"	0	7	0.82	6.18	-0.379	0.379	0.758	"1_&_2"
"中华白"	0	1	0.117	0.883	-0.054	0.054	0.108	"1_&_2"
"中国队"	0	1	0.117	0.883	-0.054	0.054	0.108	"1_&_2"
"中心处"	0	1	0.117	0.883	-0.054	0.054	0.108	"1_&_2"
"丹麦人士"	0	1	0.117	0.883	-0.054	0.054	0.108	"1_&_2"
"主委"	0	1	0.117	0.883	-0.054	0.054	0.108	"1_&_2"
"主要"	0	1	0.117	0.883	-0.054	0.054	0.108	"1_&_2"
"主观"	0	1	0.117	0.883	-0.054	0.054	0.108	"1_&_2"
"之下"	0	3	0.351	2.649	-0.162	0.162	0.324	"1_&_2"
"乎"	0	1	0.117	0.883	-0.054	0.054	0.108	"1_&_2"
"乐观"	1	1	0.234	1.766	0.656	-0.656	1.312	"1_&_2"
"九十年度"	0	2	0.234	1.766	-0.108	0.108	0.216	"1_&_2"
"书面"	0	1	0.117	0.883	-0.054	0.054	0.108	"1_&_2"
"了解"	0	8	0.937	7.063	-0.433	0.433	0.866	"1_&_2"
"了解到"	0	1	0.117	0.883	-0.054	0.054	0.108	"1_&_2"
"予以"	0	1	0.117	0.883	-0.054	0.054	0.108	"1_&_2"
"亏损"	0	1	0.117	0.883	-0.054	0.054	0.108	"1_&_2"
"井然有序"	0	1	0.117	0.883	-0.054	0.054	0.108	"1_&_2"
"亚历"	0	1	0.117	0.883	-0.054	0.054	0.108	"1_&_2"
"亚太"	0	1	0.117	0.883	-0.054	0.054	0.108	"1_&_2"
"亢奋"	0	1	0.117	0.883	-0.054	0.054	0.108	"1_&_2"
"交往"	0	1	0.117	0.883	-0.054	0.054	0.108	"1_&_2"
"交换"	0	3	0.351	2.649	-0.162	0.162	0.324	"1_&_2"
"交易"	0	1	0.117	0.883	-0.054	0.054	0.108	"1_&_2"
"交通部"	0	1	0.117	0.883	-0.054	0.054	0.108	"1_&_2"
"交通队"	0	1	0.117	0.883	-0.054	0.054	0.108	"1_&_2"
"亦"	0	1	0.117	0.883	-0.054	0.054	0.108	"1_&_2"
"产业"	0	1	0.117	0.883	-0.054	0.054	0.108	"1_&_2"
"人手"	0	1	0.117	0.883	-0.054	0.054	0.108	"1_&_2"
"人种"	0	1	0.117	0.883	-0.054	0.054	0.108	"1_&_2"
"今后"	0	1	0.117	0.883	-0.054	0.054	0.108	"1_&_2"
"今年"	0	5	0.586	4.414	-0.271	0.271	0.542	"1_&_2"
"介绍"	0	6	0.703	5.297	-0.325	0.325	0.65	"1_&_2"
"仍"	0	4	0.469	3.531	-0.216	0.216	0.432	"1_&_2"
"仍然"	0	2	0.234	1.766	-0.108	0.108	0.216	"1_&_2"
"以"	0	2	0.234	1.766	-0.108	0.108	0.216	"1_&_2"
"以及"	0	3	0.351	2.649	-0.162	0.162	0.324	"1_&_2"
"以来"	0	1	0.117	0.883	-0.054	0.054	0.108	"1_&_2"
"以色列"	0	1	0.117	0.883	-0.054	0.054	0.108	"1_&_2"
"价量"	0	1	0.117	0.883	-0.054	0.054	0.108	"1_&_2"
"任何"	2	2	0.469	3.531	1.155	-1.155	2.31	"1_&_2"
"伊拉克"	0	20	2.343	17.657	-1.082	1.082	2.164	"1_&_2"
"伊里"	0	1	0.117	0.883	-0.054	0.054	0.108	"1_&_2"
"休克"	0	1	0.117	0.883	-0.054	0.054	0.108	"1_&_2"
"传染性"	0	1	0.117	0.883	-0.054	0.054	0.108	"1_&_2"
"伤亡"	0	2	0.234	1.766	-0.108	0.108	0.216	"1_&_2"
"伦理"	0	1	0.117	0.883	-0.054	0.054	0.108	"1_&_2"
"估"	0	1	0.117	0.883	-0.054	0.054	0.108	"1_&_2"
"估算"	0	1	0.117	0.883	-0.054	0.054	0.108	"1_&_2"
"体"	0	1	0.117	0.883	-0.054	0.054	0.108	"1_&_2"
"何"	1	0	0.117	0.883	0.931	-0.931	1.862	"1_&_2"
"何等"	0	1	0.117	0.883	-0.054	0.054	0.108	"1_&_2"
"作业"	0	1	0.117	0.883	-0.054	0.054	0.108	"1_&_2"
"作好"	0	2	0.234	1.766	-0.108	0.108	0.216	"1_&_2"
"使"	0	4	0.469	3.531	-0.216	0.216	0.432	"1_&_2"
"使得"	0	2	0.234	1.766	-0.108	0.108	0.216	"1_&_2"
"使用"	0	2	0.234	1.766	-0.108	0.108	0.216	"1_&_2"
"例外"	0	1	0.117	0.883	-0.054	0.054	0.108	"1_&_2"
"供"	0	1	0.117	0.883	-0.054	0.054	0.108	"1_&_2"
"供应"	0	1	0.117	0.883	-0.054	0.054	0.108	"1_&_2"
"供求"	0	1	0.117	0.883	-0.054	0.054	0.108	"1_&_2"
"供给"	0	1	0.117	0.883	-0.054	0.054	0.108	"1_&_2"
"供需"	0	3	0.351	2.649	-0.162	0.162	0.324	"1_&_2"
"依然"	2	2	0.469	3.531	1.155	-1.155	2.31	"1_&_2"
"俄"	0	1	0.117	0.883	-0.054	0.054	0.108	"1_&_2"
"保户"	0	2	0.234	1.766	-0.108	0.108	0.216	"1_&_2"
"保持"	0	9	1.054	7.946	-0.487	0.487	0.974	"1_&_2"
"信用卡"	0	1	0.117	0.883	-0.054	0.054	0.108	"1_&_2"
"信用部"	0	1	0.117	0.883	-0.054	0.054	0.108	"1_&_2"
"修订"	0	1	0.117	0.883	-0.054	0.054	0.108	"1_&_2"
"俯首"	1	0	0.117	0.883	0.931	-0.931	1.862	"1_&_2"
"俱备"	1	0	0.117	0.883	0.931	-0.931	1.862	"1_&_2"
"倍加"	0	1	0.117	0.883	-0.054	0.054	0.108	"1_&_2"
"值班"	0	1	0.117	0.883	-0.054	0.054	0.108	"1_&_2"
"偏低"	0	1	0.117	0.883	-0.054	0.054	0.108	"1_&_2"
"停业"	0	1	0.117	0.883	-0.054	0.054	0.108	"1_&_2"
"停顿"	0	1	0.117	0.883	-0.054	0.054	0.108	"1_&_2"
"健康"	0	4	0.469	3.531	-0.216	0.216	0.432	"1_&_2"
"傻子"	0	1	0.117	0.883	-0.054	0.054	0.108	"1_&_2"
"僵持"	0	1	0.117	0.883	-0.054	0.054	0.108	"1_&_2"
"儿童"	0	1	0.117	0.883	-0.054	0.054	0.108	"1_&_2"
"允许"	0	2	0.234	1.766	-0.108	0.108	0.216	"1_&_2"
"党"	0	1	0.117	0.883	-0.054	0.054	0.108	"1_&_2"
"入"	0	2	0.234	1.766	-0.108	0.108	0.216	"1_&_2"
"全"	0	1	0.117	0.883	-0.054	0.054	0.108	"1_&_2"
"全方位"	0	1	0.117	0.883	-0.054	0.054	0.108	"1_&_2"
"全省"	0	1	0.117	0.883	-0.054	0.054	0.108	"1_&_2"
"八十九年度"	0	1	0.117	0.883	-0.054	0.054	0.108	"1_&_2"
"公布"	0	1	0.117	0.883	-0.054	0.054	0.108	"1_&_2"
"公诸于世"	0	1	0.117	0.883	-0.054	0.054	0.108	"1_&_2"
"共同"	0	2	0.234	1.766	-0.108	0.108	0.216	"1_&_2"
"共餐"	0	1	0.117	0.883	-0.054	0.054	0.108	"1_&_2"
"关切"	0	2	0.234	1.766	-0.108	0.108	0.216	"1_&_2"
"关厂"	0	1	0.117	0.883	-0.054	0.054	0.108	"1_&_2"
"关心"	0	1	0.117	0.883	-0.054	0.054	0.108	"1_&_2"
"关注"	0	3	0.351	2.649	-0.162	0.162	0.324	"1_&_2"
"关渡师"	0	1	0.117	0.883	-0.054	0.054	0.108	"1_&_2"
"关系"	0	4	0.469	3.531	-0.216	0.216	0.432	"1_&_2"
"兵法"	0	1	0.117	0.883	-0.054	0.054	0.108	"1_&_2"
"具体"	0	2	0.234	1.766	-0.108	0.108	0.216	"1_&_2"
"典型"	1	1	0.234	1.766	0.656	-0.656	1.312	"1_&_2"
"典型肺"	0	1	0.117	0.883	-0.054	0.054	0.108	"1_&_2"
"兼任"	0	1	0.117	0.883	-0.054	0.054	0.108	"1_&_2"
"内闹"	0	1	0.117	0.883	-0.054	0.054	0.108	"1_&_2"
"再度"	0	1	0.117	0.883	-0.054	0.054	0.108	"1_&_2"
"军队"	0	1	0.117	0.883	-0.054	0.054	0.108	"1_&_2"
"农会"	0	1	0.117	0.883	-0.054	0.054	0.108	"1_&_2"
"农村"	0	1	0.117	0.883	-0.054	0.054	0.108	"1_&_2"
"农渔会"	0	1	0.117	0.883	-0.054	0.054	0.108	"1_&_2"
"冬虫"	1	0	0.117	0.883	0.931	-0.931	1.862	"1_&_2"
"冲击"	0	1	0.117	0.883	-0.054	0.054	0.108	"1_&_2"
"准备"	0	1	0.117	0.883	-0.054	0.054	0.108	"1_&_2"
"出"	0	1	0.117	0.883	-0.054	0.054	0.108	"1_&_2"
"出入境"	0	1	0.117	0.883	-0.054	0.054	0.108	"1_&_2"
"出发点"	0	1	0.117	0.883	-0.054	0.054	0.108	"1_&_2"
"出口"	0	1	0.117	0.883	-0.054	0.054	0.108	"1_&_2"
"出游"	0	1	0.117	0.883	-0.054	0.054	0.108	"1_&_2"
"出现"	1	15	1.875	14.125	-0.371	0.371	0.742	"1_&_2"
"出货"	0	1	0.117	0.883	-0.054	0.054	0.108	"1_&_2"
"分佈"	0	1	0.117	0.883	-0.054	0.054	0.108	"1_&_2"
"分割"	0	1	0.117	0.883	-0.054	0.054	0.108	"1_&_2"
"分布"	0	1	0.117	0.883	-0.054	0.054	0.108	"1_&_2"
"分析"	0	5	0.586	4.414	-0.271	0.271	0.542	"1_&_2"
"分治"	0	1	0.117	0.883	-0.054	0.054	0.108	"1_&_2"
"分离"	0	1	0.117	0.883	-0.054	0.054	0.108	"1_&_2"
"分类"	1	1	0.234	1.766	0.656	-0.656	1.312	"1_&_2"
"分组"	0	1	0.117	0.883	-0.054	0.054	0.108	"1_&_2"
"分裂"	0	1	0.117	0.883	-0.054	0.054	0.108	"1_&_2"
"分配"	0	1	0.117	0.883	-0.054	0.054	0.108	"1_&_2"
"刘家"	1	0	0.117	0.883	0.931	-0.931	1.862	"1_&_2"
"初选"	0	1	0.117	0.883	-0.054	0.054	0.108	"1_&_2"
"判"	0	1	0.117	0.883	-0.054	0.054	0.108	"1_&_2"
"判断"	0	1	0.117	0.883	-0.054	0.054	0.108	"1_&_2"
"利"	0	1	0.117	0.883	-0.054	0.054	0.108	"1_&_2"
"利于"	0	1	0.117	0.883	-0.054	0.054	0.108	"1_&_2"
"利雅得"	0	1	0.117	0.883	-0.054	0.054	0.108	"1_&_2"
"到时"	0	2	0.234	1.766	-0.108	0.108	0.216	"1_&_2"
"制定"	0	2	0.234	1.766	-0.108	0.108	0.216	"1_&_2"
"制造"	0	1	0.117	0.883	-0.054	0.054	0.108	"1_&_2"
"制造业"	0	2	0.234	1.766	-0.108	0.108	0.216	"1_&_2"
"前"	0	2	0.234	1.766	-0.108	0.108	0.216	"1_&_2"
"前所未有"	0	1	0.117	0.883	-0.054	0.054	0.108	"1_&_2"
"割据"	0	1	0.117	0.883	-0.054	0.054	0.108	"1_&_2"
"加上"	0	2	0.234	1.766	-0.108	0.108	0.216	"1_&_2"
"加剧"	0	2	0.234	1.766	-0.108	0.108	0.216	"1_&_2"
"加强"	0	3	0.351	2.649	-0.162	0.162	0.324	"1_&_2"
"加快"	0	2	0.234	1.766	-0.108	0.108	0.216	"1_&_2"
"加班"	0	1	0.117	0.883	-0.054	0.054	0.108	"1_&_2"
"动荡"	0	1	0.117	0.883	-0.054	0.054	0.108	"1_&_2"
"劲"	0	1	0.117	0.883	-0.054	0.054	0.108	"1_&_2"
"劳资"	0	1	0.117	0.883	-0.054	0.054	0.108	"1_&_2"
"势必"	0	1	0.117	0.883	-0.054	0.054	0.108	"1_&_2"
"匆忙"	0	1	0.117	0.883	-0.054	0.054	0.108	"1_&_2"
"化"	0	1	0.117	0.883	-0.054	0.054	0.108	"1_&_2"
"北部"	0	2	0.234	1.766	-0.108	0.108	0.216	"1_&_2"
"区分"	0	1	0.117	0.883	-0.054	0.054	0.108	"1_&_2"
"区域"	0	2	0.234	1.766	-0.108	0.108	0.216	"1_&_2"
"十分"	0	1	0.117	0.883	-0.054	0.054	0.108	"1_&_2"
"十字韧"	0	1	0.117	0.883	-0.054	0.054	0.108	"1_&_2"
"升级"	0	1	0.117	0.883	-0.054	0.054	0.108	"1_&_2"
"升高"	0	2	0.234	1.766	-0.108	0.108	0.216	"1_&_2"
"半"	0	1	0.117	0.883	-0.054	0.054	0.108	"1_&_2"
"协调"	0	1	0.117	0.883	-0.054	0.054	0.108	"1_&_2"
"单方面"	1	0	0.117	0.883	0.931	-0.931	1.862	"1_&_2"
"南"	0	1	0.117	0.883	-0.054	0.054	0.108	"1_&_2"
"南北"	0	1	0.117	0.883	-0.054	0.054	0.108	"1_&_2"
"南斯拉夫"	0	1	0.117	0.883	-0.054	0.054	0.108	"1_&_2"
"危急"	0	1	0.117	0.883	-0.054	0.054	0.108	"1_&_2"
"危难"	0	1	0.117	0.883	-0.054	0.054	0.108	"1_&_2"
"去除"	0	1	0.117	0.883	-0.054	0.054	0.108	"1_&_2"
"县府"	0	1	0.117	0.883	-0.054	0.054	0.108	"1_&_2"
"参加者"	0	2	0.234	1.766	-0.108	0.108	0.216	"1_&_2"
"参院"	0	1	0.117	0.883	-0.054	0.054	0.108	"1_&_2"
"及"	0	2	0.234	1.766	-0.108	0.108	0.216	"1_&_2"
"双方"	0	1	0.117	0.883	-0.054	0.054	0.108	"1_&_2"
"双赢"	0	1	0.117	0.883	-0.054	0.054	0.108	"1_&_2"
"反"	0	1	0.117	0.883	-0.054	0.054	0.108	"1_&_2"
"反之"	0	1	0.117	0.883	-0.054	0.054	0.108	"1_&_2"
"反击"	1	0	0.117	0.883	0.931	-0.931	1.862	"1_&_2"
"反恐"	0	1	0.117	0.883	-0.054	0.054	0.108	"1_&_2"
"反映"	0	5	0.586	4.414	-0.271	0.271	0.542	"1_&_2"
"发展"	0	19	2.226	16.774	-1.028	1.028	2.056	"1_&_2"
"发球"	0	1	0.117	0.883	-0.054	0.054	0.108	"1_&_2"
"发生"	0	7	0.82	6.18	-0.379	0.379	0.758	"1_&_2"
"发电"	1	0	0.117	0.883	0.931	-0.931	1.862	"1_&_2"
"发病"	0	2	0.234	1.766	-0.108	0.108	0.216	"1_&_2"
"发芽"	0	1	0.117	0.883	-0.054	0.054	0.108	"1_&_2"
"发难"	1	0	0.117	0.883	0.931	-0.931	1.862	"1_&_2"
"发高烧"	0	1	0.117	0.883	-0.054	0.054	0.108	"1_&_2"
"取胜"	0	1	0.117	0.883	-0.054	0.054	0.108	"1_&_2"
"受到"	0	1	0.117	0.883	-0.054	0.054	0.108	"1_&_2"
"受到控"	0	1	0.117	0.883	-0.054	0.054	0.108	"1_&_2"
"受损"	0	1	0.117	0.883	-0.054	0.054	0.108	"1_&_2"
"变化"	1	6	0.82	6.18	0.235	-0.235	0.47	"1_&_2"
"变革"	0	1	0.117	0.883	-0.054	0.054	0.108	"1_&_2"
"叙"	0	1	0.117	0.883	-0.054	0.054	0.108	"1_&_2"
"叙利亚"	0	1	0.117	0.883	-0.054	0.054	0.108	"1_&_2"
"古物"	0	1	0.117	0.883	-0.054	0.054	0.108	"1_&_2"
"召开"	0	1	0.117	0.883	-0.054	0.054	0.108	"1_&_2"
"可期"	0	1	0.117	0.883	-0.054	0.054	0.108	"1_&_2"
"可疑"	0	1	0.117	0.883	-0.054	0.054	0.108	"1_&_2"
"可能"	1	1	0.234	1.766	0.656	-0.656	1.312	"1_&_2"
"台海"	0	2	0.234	1.766	-0.108	0.108	0.216	"1_&_2"
"台湾"	0	1	0.117	0.883	-0.054	0.054	0.108	"1_&_2"
"台股"	0	1	0.117	0.883	-0.054	0.054	0.108	"1_&_2"
"合作"	0	1	0.117	0.883	-0.054	0.054	0.108	"1_&_2"
"同期"	0	1	0.117	0.883	-0.054	0.054	0.108	"1_&_2"
"后市"	0	1	0.117	0.883	-0.054	0.054	0.108	"1_&_2"
"后期"	0	1	0.117	0.883	-0.054	0.054	0.108	"1_&_2"
"后续"	0	1	0.117	0.883	-0.054	0.054	0.108	"1_&_2"
"吸食"	0	1	0.117	0.883	-0.054	0.054	0.108	"1_&_2"
"呈"	0	2	0.234	1.766	-0.108	0.108	0.216	"1_&_2"
"呈现"	0	2	0.234	1.766	-0.108	0.108	0.216	"1_&_2"
"呈现出"	0	1	0.117	0.883	-0.054	0.054	0.108	"1_&_2"
"周边国"	0	1	0.117	0.883	-0.054	0.054	0.108	"1_&_2"
"周阳山"	0	1	0.117	0.883	-0.054	0.054	0.108	"1_&_2"
"呼吁"	0	1	0.117	0.883	-0.054	0.054	0.108	"1_&_2"
"哄"	0	1	0.117	0.883	-0.054	0.054	0.108	"1_&_2"
"哈尔滨"	0	2	0.234	1.766	-0.108	0.108	0.216	"1_&_2"
"唯有"	0	1	0.117	0.883	-0.054	0.054	0.108	"1_&_2"
"唿吁"	0	2	0.234	1.766	-0.108	0.108	0.216	"1_&_2"
"善"	0	1	0.117	0.883	-0.054	0.054	0.108	"1_&_2"
"喜人"	0	1	0.117	0.883	-0.054	0.054	0.108	"1_&_2"
"回到"	0	1	0.117	0.883	-0.054	0.054	0.108	"1_&_2"
"因"	0	1	0.117	0.883	-0.054	0.054	0.108	"1_&_2"
"因素"	0	2	0.234	1.766	-0.108	0.108	0.216	"1_&_2"
"因而"	0	1	0.117	0.883	-0.054	0.054	0.108	"1_&_2"
"团结"	0	1	0.117	0.883	-0.054	0.054	0.108	"1_&_2"
"困窘"	1	1	0.234	1.766	0.656	-0.656	1.312	"1_&_2"
"困难"	0	4	0.469	3.531	-0.216	0.216	0.432	"1_&_2"
"国内"	0	6	0.703	5.297	-0.325	0.325	0.65	"1_&_2"
"国务卿"	0	1	0.117	0.883	-0.054	0.054	0.108	"1_&_2"
"国防"	0	1	0.117	0.883	-0.054	0.054	0.108	"1_&_2"
"国际"	0	10	1.172	8.828	-0.541	0.541	1.082	"1_&_2"
"土石"	0	1	0.117	0.883	-0.054	0.054	0.108	"1_&_2"
"在任"	1	0	0.117	0.883	0.931	-0.931	1.862	"1_&_2"
"在先"	1	0	0.117	0.883	0.931	-0.931	1.862	"1_&_2"
"在野党"	0	1	0.117	0.883	-0.054	0.054	0.108	"1_&_2"
"地区"	0	4	0.469	3.531	-0.216	0.216	0.432	"1_&_2"
"地铁线"	0	1	0.117	0.883	-0.054	0.054	0.108	"1_&_2"
"坍落"	0	1	0.117	0.883	-0.054	0.054	0.108	"1_&_2"
"坏"	1	1	0.234	1.766	0.656	-0.656	1.312	"1_&_2"
"坚定"	0	1	0.117	0.883	-0.054	0.054	0.108	"1_&_2"
"埃斯特拉达"	0	1	0.117	0.883	-0.054	0.054	0.108	"1_&_2"
"基本"	0	1	0.117	0.883	-0.054	0.054	0.108	"1_&_2"
"基金"	0	1	0.117	0.883	-0.054	0.054	0.108	"1_&_2"
"塞拉利昂"	0	1	0.117	0.883	-0.054	0.054	0.108	"1_&_2"
"塞车"	0	2	0.234	1.766	-0.108	0.108	0.216	"1_&_2"
"填写"	0	1	0.117	0.883	-0.054	0.054	0.108	"1_&_2"
"境内"	0	1	0.117	0.883	-0.054	0.054	0.108	"1_&_2"
"增产"	0	1	0.117	0.883	-0.054	0.054	0.108	"1_&_2"
"增压"	0	1	0.117	0.883	-0.054	0.054	0.108	"1_&_2"
"增多"	0	1	0.117	0.883	-0.054	0.054	0.108	"1_&_2"
"增强"	0	1	0.117	0.883	-0.054	0.054	0.108	"1_&_2"
"增收"	0	1	0.117	0.883	-0.054	0.054	0.108	"1_&_2"
"增长"	0	10	1.172	8.828	-0.541	0.541	1.082	"1_&_2"
"壁"	0	1	0.117	0.883	-0.054	0.054	0.108	"1_&_2"
"处"	0	1	0.117	0.883	-0.054	0.054	0.108	"1_&_2"
"处于"	0	8	0.937	7.063	-0.433	0.433	0.866	"1_&_2"
"备受"	0	1	0.117	0.883	-0.054	0.054	0.108	"1_&_2"
"备战"	0	1	0.117	0.883	-0.054	0.054	0.108	"1_&_2"
"复原"	0	1	0.117	0.883	-0.054	0.054	0.108	"1_&_2"
"复杂"	0	1	0.117	0.883	-0.054	0.054	0.108	"1_&_2"
"夏天"	0	1	0.117	0.883	-0.054	0.054	0.108	"1_&_2"
"夏姆钖"	0	1	0.117	0.883	-0.054	0.054	0.108	"1_&_2"
"外"	0	1	0.117	0.883	-0.054	0.054	0.108	"1_&_2"
"外交"	0	2	0.234	1.766	-0.108	0.108	0.216	"1_&_2"
"外汇"	0	1	0.117	0.883	-0.054	0.054	0.108	"1_&_2"
"外汇局"	0	1	0.117	0.883	-0.054	0.054	0.108	"1_&_2"
"外贸"	0	3	0.351	2.649	-0.162	0.162	0.324	"1_&_2"
"外长"	0	1	0.117	0.883	-0.054	0.054	0.108	"1_&_2"
"多头"	0	1	0.117	0.883	-0.054	0.054	0.108	"1_&_2"
"多层次"	0	1	0.117	0.883	-0.054	0.054	0.108	"1_&_2"
"大"	0	3	0.351	2.649	-0.162	0.162	0.324	"1_&_2"
"大于"	0	1	0.117	0.883	-0.054	0.054	0.108	"1_&_2"
"大体"	0	1	0.117	0.883	-0.054	0.054	0.108	"1_&_2"
"大出"	0	1	0.117	0.883	-0.054	0.054	0.108	"1_&_2"
"大包大揽"	0	1	0.117	0.883	-0.054	0.054	0.108	"1_&_2"
"大变"	0	1	0.117	0.883	-0.054	0.054	0.108	"1_&_2"
"大好"	0	3	0.351	2.649	-0.162	0.162	0.324	"1_&_2"
"大总统"	0	1	0.117	0.883	-0.054	0.054	0.108	"1_&_2"
"大案要案"	0	1	0.117	0.883	-0.054	0.054	0.108	"1_&_2"
"大胜"	0	1	0.117	0.883	-0.054	0.054	0.108	"1_&_2"
"大选"	0	2	0.234	1.766	-0.108	0.108	0.216	"1_&_2"
"大陆"	0	2	0.234	1.766	-0.108	0.108	0.216	"1_&_2"
"天津市"	0	1	0.117	0.883	-0.054	0.054	0.108	"1_&_2"
"天王"	0	1	0.117	0.883	-0.054	0.054	0.108	"1_&_2"
"太空船"	0	1	0.117	0.883	-0.054	0.054	0.108	"1_&_2"
"央行"	0	1	0.117	0.883	-0.054	0.054	0.108	"1_&_2"
"失"	1	0	0.117	0.883	0.931	-0.931	1.862	"1_&_2"
"失业"	0	4	0.469	3.531	-0.216	0.216	0.432	"1_&_2"
"失业率"	0	2	0.234	1.766	-0.108	0.108	0.216	"1_&_2"
"失控"	0	3	0.351	2.649	-0.162	0.162	0.324	"1_&_2"
"失踪"	1	0	0.117	0.883	0.931	-0.931	1.862	"1_&_2"
"奥利"	1	0	0.117	0.883	0.931	-0.931	1.862	"1_&_2"
"奥尔布赖特"	0	1	0.117	0.883	-0.054	0.054	0.108	"1_&_2"
"好"	0	5	0.586	4.414	-0.271	0.271	0.542	"1_&_2"
"好转"	0	7	0.82	6.18	-0.379	0.379	0.758	"1_&_2"
"如下"	0	1	0.117	0.883	-0.054	0.054	0.108	"1_&_2"
"如何"	0	3	0.351	2.649	-0.162	0.162	0.324	"1_&_2"
"如常"	0	1	0.117	0.883	-0.054	0.054	0.108	"1_&_2"
"如此"	0	2	0.234	1.766	-0.108	0.108	0.216	"1_&_2"
"始料未及"	0	1	0.117	0.883	-0.054	0.054	0.108	"1_&_2"
"始终"	0	1	0.117	0.883	-0.054	0.054	0.108	"1_&_2"
"娱乐场所"	0	1	0.117	0.883	-0.054	0.054	0.108	"1_&_2"
"嫁娶"	0	1	0.117	0.883	-0.054	0.054	0.108	"1_&_2"
"存在"	0	1	0.117	0.883	-0.054	0.054	0.108	"1_&_2"
"孙子"	0	1	0.117	0.883	-0.054	0.054	0.108	"1_&_2"
"季度"	0	2	0.234	1.766	-0.108	0.108	0.216	"1_&_2"
"孤立"	1	0	0.117	0.883	0.931	-0.931	1.862	"1_&_2"
"安全"	0	6	0.703	5.297	-0.325	0.325	0.65	"1_&_2"
"安全性"	0	1	0.117	0.883	-0.054	0.054	0.108	"1_&_2"
"安排"	0	2	0.234	1.766	-0.108	0.108	0.216	"1_&_2"
"安查亚"	0	1	0.117	0.883	-0.054	0.054	0.108	"1_&_2"
"宋楚瑜"	0	1	0.117	0.883	-0.054	0.054	0.108	"1_&_2"
"完全"	0	1	0.117	0.883	-0.054	0.054	0.108	"1_&_2"
"定"	0	3	0.351	2.649	-0.162	0.162	0.324	"1_&_2"
"实"	0	1	0.117	0.883	-0.054	0.054	0.108	"1_&_2"
"实事求是"	0	1	0.117	0.883	-0.054	0.054	0.108	"1_&_2"
"实现"	0	2	0.234	1.766	-0.108	0.108	0.216	"1_&_2"
"实际"	0	8	0.937	7.063	-0.433	0.433	0.866	"1_&_2"
"客流"	0	1	0.117	0.883	-0.054	0.054	0.108	"1_&_2"
"客观"	0	1	0.117	0.883	-0.054	0.054	0.108	"1_&_2"
"容许"	0	1	0.117	0.883	-0.054	0.054	0.108	"1_&_2"
"宽"	0	1	0.117	0.883	-0.054	0.054	0.108	"1_&_2"
"宽慰"	0	1	0.117	0.883	-0.054	0.054	0.108	"1_&_2"
"密切"	0	3	0.351	2.649	-0.162	0.162	0.324	"1_&_2"
"对"	0	8	0.937	7.063	-0.433	0.433	0.866	"1_&_2"
"对于"	0	1	0.117	0.883	-0.054	0.054	0.108	"1_&_2"
"对外"	0	1	0.117	0.883	-0.054	0.054	0.108	"1_&_2"
"对抗"	0	1	0.117	0.883	-0.054	0.054	0.108	"1_&_2"
"对抗炎"	0	1	0.117	0.883	-0.054	0.054	0.108	"1_&_2"
"对比"	0	1	0.117	0.883	-0.054	0.054	0.108	"1_&_2"
"寻机"	0	1	0.117	0.883	-0.054	0.054	0.108	"1_&_2"
"寻求"	0	1	0.117	0.883	-0.054	0.054	0.108	"1_&_2"
"导致"	0	1	0.117	0.883	-0.054	0.054	0.108	"1_&_2"
"尉健行"	0	2	0.234	1.766	-0.108	0.108	0.216	"1_&_2"
"尊严"	0	1	0.117	0.883	-0.054	0.054	0.108	"1_&_2"
"小组委"	0	1	0.117	0.883	-0.054	0.054	0.108	"1_&_2"
"少年组"	0	1	0.117	0.883	-0.054	0.054	0.108	"1_&_2"
"尚"	0	2	0.234	1.766	-0.108	0.108	0.216	"1_&_2"
"尚未"	0	3	0.351	2.649	-0.162	0.162	0.324	"1_&_2"
"就"	0	6	0.703	5.297	-0.325	0.325	0.65	"1_&_2"
"就业"	0	3	0.351	2.649	-0.162	0.162	0.324	"1_&_2"
"就算"	1	0	0.117	0.883	0.931	-0.931	1.862	"1_&_2"
"尼罗河病"	0	1	0.117	0.883	-0.054	0.054	0.108	"1_&_2"
"层出不穷"	0	1	0.117	0.883	-0.054	0.054	0.108	"1_&_2"
"居高不下"	1	0	0.117	0.883	0.931	-0.931	1.862	"1_&_2"
"展望"	1	0	0.117	0.883	0.931	-0.931	1.862	"1_&_2"
"山坡地"	0	1	0.117	0.883	-0.054	0.054	0.108	"1_&_2"
"峰会"	0	1	0.117	0.883	-0.054	0.054	0.108	"1_&_2"
"崩盘"	1	0	0.117	0.883	0.931	-0.931	1.862	"1_&_2"
"崭露"	0	1	0.117	0.883	-0.054	0.054	0.108	"1_&_2"
"巅峰"	0	1	0.117	0.883	-0.054	0.054	0.108	"1_&_2"
"巡视"	0	1	0.117	0.883	-0.054	0.054	0.108	"1_&_2"
"工作"	0	2	0.234	1.766	-0.108	0.108	0.216	"1_&_2"
"工时"	0	1	0.117	0.883	-0.054	0.054	0.108	"1_&_2"
"左右"	0	1	0.117	0.883	-0.054	0.054	0.108	"1_&_2"
"巩固"	0	2	0.234	1.766	-0.108	0.108	0.216	"1_&_2"
"巴"	0	1	0.117	0.883	-0.054	0.054	0.108	"1_&_2"
"巴勒斯坦"	0	2	0.234	1.766	-0.108	0.108	0.216	"1_&_2"
"巴沙尔"	0	1	0.117	0.883	-0.054	0.054	0.108	"1_&_2"
"市场"	0	1	0.117	0.883	-0.054	0.054	0.108	"1_&_2"
"布隆迪"	0	1	0.117	0.883	-0.054	0.054	0.108	"1_&_2"
"带领歌"	1	0	0.117	0.883	0.931	-0.931	1.862	"1_&_2"
"干扰"	0	1	0.117	0.883	-0.054	0.054	0.108	"1_&_2"
"干线货"	0	1	0.117	0.883	-0.054	0.054	0.108	"1_&_2"
"平托"	0	1	0.117	0.883	-0.054	0.054	0.108	"1_&_2"
"平衡"	0	3	0.351	2.649	-0.162	0.162	0.324	"1_&_2"
"年度"	0	1	0.117	0.883	-0.054	0.054	0.108	"1_&_2"
"庇护"	1	0	0.117	0.883	0.931	-0.931	1.862	"1_&_2"
"应运而生"	1	0	0.117	0.883	0.931	-0.931	1.862	"1_&_2"
"康复"	1	0	0.117	0.883	0.931	-0.931	1.862	"1_&_2"
"康斯坦丁内斯堡"	0	1	0.117	0.883	-0.054	0.054	0.108	"1_&_2"
"建档"	0	1	0.117	0.883	-0.054	0.054	0.108	"1_&_2"
"建设部"	0	1	0.117	0.883	-0.054	0.054	0.108	"1_&_2"
"开会"	0	1	0.117	0.883	-0.054	0.054	0.108	"1_&_2"
"开场"	0	1	0.117	0.883	-0.054	0.054	0.108	"1_&_2"
"开拓"	0	1	0.117	0.883	-0.054	0.054	0.108	"1_&_2"
"开放"	0	3	0.351	2.649	-0.162	0.162	0.324	"1_&_2"
"弃尸"	1	0	0.117	0.883	0.931	-0.931	1.862	"1_&_2"
"引起"	0	2	0.234	1.766	-0.108	0.108	0.216	"1_&_2"
"张俊雄"	0	1	0.117	0.883	-0.054	0.054	0.108	"1_&_2"
"张江"	0	1	0.117	0.883	-0.054	0.054	0.108	"1_&_2"
"强"	0	5	0.586	4.414	-0.271	0.271	0.542	"1_&_2"
"强劲"	0	5	0.586	4.414	-0.271	0.271	0.542	"1_&_2"
"当前"	1	3	0.469	3.531	0.406	-0.406	0.812	"1_&_2"
"当地"	0	3	0.351	2.649	-0.162	0.162	0.324	"1_&_2"
"当时"	0	2	0.234	1.766	-0.108	0.108	0.216	"1_&_2"
"形势"	0	3	0.351	2.649	-0.162	0.162	0.324	"1_&_2"
"形容"	0	1	0.117	0.883	-0.054	0.054	0.108	"1_&_2"
"形成"	0	1	0.117	0.883	-0.054	0.054	0.108	"1_&_2"
"彭淮南"	0	1	0.117	0.883	-0.054	0.054	0.108	"1_&_2"
"影响"	0	2	0.234	1.766	-0.108	0.108	0.216	"1_&_2"
"待命"	0	1	0.117	0.883	-0.054	0.054	0.108	"1_&_2"
"待岗"	0	2	0.234	1.766	-0.108	0.108	0.216	"1_&_2"
"很"	0	2	0.234	1.766	-0.108	0.108	0.216	"1_&_2"
"得到"	0	1	0.117	0.883	-0.054	0.054	0.108	"1_&_2"
"得多"	0	1	0.117	0.883	-0.054	0.054	0.108	"1_&_2"
"得知"	0	1	0.117	0.883	-0.054	0.054	0.108	"1_&_2"
"得票"	0	1	0.117	0.883	-0.054	0.054	0.108	"1_&_2"
"微型车"	0	1	0.117	0.883	-0.054	0.054	0.108	"1_&_2"
"必然"	0	1	0.117	0.883	-0.054	0.054	0.108	"1_&_2"
"必要性"	0	1	0.117	0.883	-0.054	0.054	0.108	"1_&_2"
"必须"	0	1	0.117	0.883	-0.054	0.054	0.108	"1_&_2"
"忧虑"	0	1	0.117	0.883	-0.054	0.054	0.108	"1_&_2"
"快"	0	2	0.234	1.766	-0.108	0.108	0.216	"1_&_2"
"快乐丸"	0	1	0.117	0.883	-0.054	0.054	0.108	"1_&_2"
"快速"	0	1	0.117	0.883	-0.054	0.054	0.108	"1_&_2"
"怠惰"	0	1	0.117	0.883	-0.054	0.054	0.108	"1_&_2"
"急"	0	1	0.117	0.883	-0.054	0.054	0.108	"1_&_2"
"总"	0	1	0.117	0.883	-0.054	0.054	0.108	"1_&_2"
"总体"	0	1	0.117	0.883	-0.054	0.054	0.108	"1_&_2"
"总结"	0	1	0.117	0.883	-0.054	0.054	0.108	"1_&_2"
"总预算"	0	1	0.117	0.883	-0.054	0.054	0.108	"1_&_2"
"恐慌"	0	1	0.117	0.883	-0.054	0.054	0.108	"1_&_2"
"恢复"	0	2	0.234	1.766	-0.108	0.108	0.216	"1_&_2"
"恶化"	0	7	0.82	6.18	-0.379	0.379	0.758	"1_&_2"
"情势"	0	1	0.117	0.883	-0.054	0.054	0.108	"1_&_2"
"情绪"	0	1	0.117	0.883	-0.054	0.054	0.108	"1_&_2"
"惯性"	0	1	0.117	0.883	-0.054	0.054	0.108	"1_&_2"
"想像"	0	1	0.117	0.883	-0.054	0.054	0.108	"1_&_2"
"惶然"	0	1	0.117	0.883	-0.054	0.054	0.108	"1_&_2"
"意犹未尽"	1	0	0.117	0.883	0.931	-0.931	1.862	"1_&_2"
"意见"	0	3	0.351	2.649	-0.162	0.162	0.324	"1_&_2"
"感染"	0	2	0.234	1.766	-0.108	0.108	0.216	"1_&_2"
"戈尔"	1	1	0.234	1.766	0.656	-0.656	1.312	"1_&_2"
"成立第"	1	0	0.117	0.883	0.931	-0.931	1.862	"1_&_2"
"我国"	0	1	0.117	0.883	-0.054	0.054	0.108	"1_&_2"
"戒备"	0	2	0.234	1.766	-0.108	0.108	0.216	"1_&_2"
"战争"	0	2	0.234	1.766	-0.108	0.108	0.216	"1_&_2"
"战后"	0	1	0.117	0.883	-0.054	0.054	0.108	"1_&_2"
"战术"	0	2	0.234	1.766	-0.108	0.108	0.216	"1_&_2"
"战略"	0	1	0.117	0.883	-0.054	0.054	0.108	"1_&_2"
"户数"	0	1	0.117	0.883	-0.054	0.054	0.108	"1_&_2"
"手术"	0	1	0.117	0.883	-0.054	0.054	0.108	"1_&_2"
"打"	0	2	0.234	1.766	-0.108	0.108	0.216	"1_&_2"
"打假"	0	1	0.117	0.883	-0.054	0.054	0.108	"1_&_2"
"打出"	0	1	0.117	0.883	-0.054	0.054	0.108	"1_&_2"
"打广告"	0	1	0.117	0.883	-0.054	0.054	0.108	"1_&_2"
"打开"	0	2	0.234	1.766	-0.108	0.108	0.216	"1_&_2"
"打破"	0	1	0.117	0.883	-0.054	0.054	0.108	"1_&_2"
"打赢"	0	1	0.117	0.883	-0.054	0.054	0.108	"1_&_2"
"执行"	1	6	0.82	6.18	0.235	-0.235	0.47	"1_&_2"
"扩大"	0	1	0.117	0.883	-0.054	0.054	0.108	"1_&_2"
"扩散"	0	1	0.117	0.883	-0.054	0.054	0.108	"1_&_2"
"扭曲"	0	1	0.117	0.883	-0.054	0.054	0.108	"1_&_2"
"扭转"	0	2	0.234	1.766	-0.108	0.108	0.216	"1_&_2"
"扮演"	0	1	0.117	0.883	-0.054	0.054	0.108	"1_&_2"
"扳回"	1	0	0.117	0.883	0.931	-0.931	1.862	"1_&_2"
"抑制"	0	1	0.117	0.883	-0.054	0.054	0.108	"1_&_2"
"投诉"	0	1	0.117	0.883	-0.054	0.054	0.108	"1_&_2"
"投资人"	0	3	0.351	2.649	-0.162	0.162	0.324	"1_&_2"
"抢"	0	2	0.234	1.766	-0.108	0.108	0.216	"1_&_2"
"抢险"	0	1	0.117	0.883	-0.054	0.054	0.108	"1_&_2"
"报仇"	0	1	0.117	0.883	-0.054	0.054	0.108	"1_&_2"
"报到"	0	1	0.117	0.883	-0.054	0.054	0.108	"1_&_2"
"报告"	0	8	0.937	7.063	-0.433	0.433	0.866	"1_&_2"
"担心"	0	1	0.117	0.883	-0.054	0.054	0.108	"1_&_2"
"担忧"	0	1	0.117	0.883	-0.054	0.054	0.108	"1_&_2"
"拉惹勒"	0	1	0.117	0.883	-0.054	0.054	0.108	"1_&_2"
"拍片"	0	1	0.117	0.883	-0.054	0.054	0.108	"1_&_2"
"持"	0	2	0.234	1.766	-0.108	0.108	0.216	"1_&_2"
"持有人"	1	0	0.117	0.883	0.931	-0.931	1.862	"1_&_2"
"持续"	1	4	0.586	4.414	0.334	-0.334	0.668	"1_&_2"
"按"	0	1	0.117	0.883	-0.054	0.054	0.108	"1_&_2"
"挑战者"	0	1	0.117	0.883	-0.054	0.054	0.108	"1_&_2"
"授权"	1	0	0.117	0.883	0.931	-0.931	1.862	"1_&_2"
"掌控"	0	1	0.117	0.883	-0.054	0.054	0.108	"1_&_2"
"掌握"	0	1	0.117	0.883	-0.054	0.054	0.108	"1_&_2"
"排定"	0	1	0.117	0.883	-0.054	0.054	0.108	"1_&_2"
"接收"	0	1	0.117	0.883	-0.054	0.054	0.108	"1_&_2"
"控制"	0	5	0.586	4.414	-0.271	0.271	0.542	"1_&_2"
"控制塔"	0	1	0.117	0.883	-0.054	0.054	0.108	"1_&_2"
"推拿院"	1	0	0.117	0.883	0.931	-0.931	1.862	"1_&_2"
"提振"	0	1	0.117	0.883	-0.054	0.054	0.108	"1_&_2"
"提早"	0	1	0.117	0.883	-0.054	0.054	0.108	"1_&_2"
"握"	0	1	0.117	0.883	-0.054	0.054	0.108	"1_&_2"
"摆出"	0	1	0.117	0.883	-0.054	0.054	0.108	"1_&_2"
"摆脱"	0	1	0.117	0.883	-0.054	0.054	0.108	"1_&_2"
"摇头丸"	0	1	0.117	0.883	-0.054	0.054	0.108	"1_&_2"
"擅长"	0	1	0.117	0.883	-0.054	0.054	0.108	"1_&_2"
"攀升"	0	1	0.117	0.883	-0.054	0.054	0.108	"1_&_2"
"收支"	0	1	0.117	0.883	-0.054	0.054	0.108	"1_&_2"
"改变"	1	6	0.82	6.18	0.235	-0.235	0.47	"1_&_2"
"改善"	0	6	0.703	5.297	-0.325	0.325	0.65	"1_&_2"
"改观"	0	2	0.234	1.766	-0.108	0.108	0.216	"1_&_2"
"政"	0	1	0.117	0.883	-0.054	0.054	0.108	"1_&_2"
"政治"	0	4	0.469	3.531	-0.216	0.216	0.432	"1_&_2"
"政经"	0	5	0.586	4.414	-0.271	0.271	0.542	"1_&_2"
"敌对"	0	1	0.117	0.883	-0.054	0.054	0.108	"1_&_2"
"整体"	0	3	0.351	2.649	-0.162	0.162	0.324	"1_&_2"
"斋藤"	1	0	0.117	0.883	0.931	-0.931	1.862	"1_&_2"
"斗志"	0	1	0.117	0.883	-0.054	0.054	0.108	"1_&_2"
"斯坦"	0	1	0.117	0.883	-0.054	0.054	0.108	"1_&_2"
"新"	1	10	1.289	9.711	-0.204	0.204	0.408	"1_&_2"
"新政"	0	1	0.117	0.883	-0.054	0.054	0.108	"1_&_2"
"新政府"	0	1	0.117	0.883	-0.054	0.054	0.108	"1_&_2"
"方"	0	1	0.117	0.883	-0.054	0.054	0.108	"1_&_2"
"方向"	0	1	0.117	0.883	-0.054	0.054	0.108	"1_&_2"
"施以"	0	1	0.117	0.883	-0.054	0.054	0.108	"1_&_2"
"施行"	1	1	0.234	1.766	0.656	-0.656	1.312	"1_&_2"
"旅游业"	0	1	0.117	0.883	-0.054	0.054	0.108	"1_&_2"
"无"	0	2	0.234	1.766	-0.108	0.108	0.216	"1_&_2"
"无关"	0	1	0.117	0.883	-0.054	0.054	0.108	"1_&_2"
"无援"	1	0	0.117	0.883	0.931	-0.931	1.862	"1_&_2"
"无政府"	0	2	0.234	1.766	-0.108	0.108	0.216	"1_&_2"
"无望"	0	1	0.117	0.883	-0.054	0.054	0.108	"1_&_2"
"无知"	0	1	0.117	0.883	-0.054	0.054	0.108	"1_&_2"
"无聊"	0	1	0.117	0.883	-0.054	0.054	0.108	"1_&_2"
"无虞"	1	0	0.117	0.883	0.931	-0.931	1.862	"1_&_2"
"无论"	0	2	0.234	1.766	-0.108	0.108	0.216	"1_&_2"
"既有"	0	1	0.117	0.883	-0.054	0.054	0.108	"1_&_2"
"日渐"	0	1	0.117	0.883	-0.054	0.054	0.108	"1_&_2"
"日益"	1	4	0.586	4.414	0.334	-0.334	0.668	"1_&_2"
"日趋"	0	1	0.117	0.883	-0.054	0.054	0.108	"1_&_2"
"早"	0	1	0.117	0.883	-0.054	0.054	0.108	"1_&_2"
"明"	0	1	0.117	0.883	-0.054	0.054	0.108	"1_&_2"
"明了"	0	1	0.117	0.883	-0.054	0.054	0.108	"1_&_2"
"明显"	0	2	0.234	1.766	-0.108	0.108	0.216	"1_&_2"
"明朗"	1	1	0.234	1.766	0.656	-0.656	1.312	"1_&_2"
"明朗化"	0	1	0.117	0.883	-0.054	0.054	0.108	"1_&_2"
"明知"	0	1	0.117	0.883	-0.054	0.054	0.108	"1_&_2"
"是否"	0	1	0.117	0.883	-0.054	0.054	0.108	"1_&_2"
"显"	0	1	0.117	0.883	-0.054	0.054	0.108	"1_&_2"
"显然"	0	1	0.117	0.883	-0.054	0.054	0.108	"1_&_2"
"显示"	0	1	0.117	0.883	-0.054	0.054	0.108	"1_&_2"
"显而易见"	0	1	0.117	0.883	-0.054	0.054	0.108	"1_&_2"
"晚发"	0	1	0.117	0.883	-0.054	0.054	0.108	"1_&_2"
"普京"	0	1	0.117	0.883	-0.054	0.054	0.108	"1_&_2"
"普选"	0	1	0.117	0.883	-0.054	0.054	0.108	"1_&_2"
"景气"	0	1	0.117	0.883	-0.054	0.054	0.108	"1_&_2"
"更为"	1	0	0.117	0.883	0.931	-0.931	1.862	"1_&_2"
"更加"	0	1	0.117	0.883	-0.054	0.054	0.108	"1_&_2"
"最佳"	0	1	0.117	0.883	-0.054	0.054	0.108	"1_&_2"
"最好"	0	1	0.117	0.883	-0.054	0.054	0.108	"1_&_2"
"最终"	0	1	0.117	0.883	-0.054	0.054	0.108	"1_&_2"
"最近"	0	1	0.117	0.883	-0.054	0.054	0.108	"1_&_2"
"有关"	1	6	0.82	6.18	0.235	-0.235	0.47	"1_&_2"
"有利"	0	1	0.117	0.883	-0.054	0.054	0.108	"1_&_2"
"有利于"	0	2	0.234	1.766	-0.108	0.108	0.216	"1_&_2"
"有助于"	0	1	0.117	0.883	-0.054	0.054	0.108	"1_&_2"
"有如"	0	1	0.117	0.883	-0.054	0.054	0.108	"1_&_2"
"有所"	0	1	0.117	0.883	-0.054	0.054	0.108	"1_&_2"
"有效"	0	1	0.117	0.883	-0.054	0.054	0.108	"1_&_2"
"有望"	0	1	0.117	0.883	-0.054	0.054	0.108	"1_&_2"
"有机会"	0	1	0.117	0.883	-0.054	0.054	0.108	"1_&_2"
"有线电视"	0	1	0.117	0.883	-0.054	0.054	0.108	"1_&_2"
"有色"	0	1	0.117	0.883	-0.054	0.054	0.108	"1_&_2"
"有鑑于"	0	1	0.117	0.883	-0.054	0.054	0.108	"1_&_2"
"朗"	0	1	0.117	0.883	-0.054	0.054	0.108	"1_&_2"
"朝"	0	1	0.117	0.883	-0.054	0.054	0.108	"1_&_2"
"朝鲜半岛"	0	3	0.351	2.649	-0.162	0.162	0.324	"1_&_2"
"未"	0	1	0.117	0.883	-0.054	0.054	0.108	"1_&_2"
"未来"	0	1	0.117	0.883	-0.054	0.054	0.108	"1_&_2"
"朱邦造"	0	1	0.117	0.883	-0.054	0.054	0.108	"1_&_2"
"李传卿"	0	1	0.117	0.883	-0.054	0.054	0.108	"1_&_2"
"李永波"	0	1	0.117	0.883	-0.054	0.054	0.108	"1_&_2"
"李进勇"	0	1	0.117	0.883	-0.054	0.054	0.108	"1_&_2"
"杨宝山"	0	1	0.117	0.883	-0.054	0.054	0.108	"1_&_2"
"极"	0	1	0.117	0.883	-0.054	0.054	0.108	"1_&_2"
"极其"	0	1	0.117	0.883	-0.054	0.054	0.108	"1_&_2"
"果"	0	1	0.117	0.883	-0.054	0.054	0.108	"1_&_2"
"某些"	0	1	0.117	0.883	-0.054	0.054	0.108	"1_&_2"
"染"	0	1	0.117	0.883	-0.054	0.054	0.108	"1_&_2"
"查验"	1	0	0.117	0.883	0.931	-0.931	1.862	"1_&_2"
"样"	0	1	0.117	0.883	-0.054	0.054	0.108	"1_&_2"
"核实"	0	1	0.117	0.883	-0.054	0.054	0.108	"1_&_2"
"根"	0	1	0.117	0.883	-0.054	0.054	0.108	"1_&_2"
"根据"	1	3	0.469	3.531	0.406	-0.406	0.812	"1_&_2"
"桑市"	0	1	0.117	0.883	-0.054	0.054	0.108	"1_&_2"
"检查"	0	5	0.586	4.414	-0.271	0.271	0.542	"1_&_2"
"检查组"	0	2	0.234	1.766	-0.108	0.108	0.216	"1_&_2"
"棋"	0	1	0.117	0.883	-0.054	0.054	0.108	"1_&_2"
"欧布莱特"	0	1	0.117	0.883	-0.054	0.054	0.108	"1_&_2"
"款物"	0	1	0.117	0.883	-0.054	0.054	0.108	"1_&_2"
"歇业"	0	1	0.117	0.883	-0.054	0.054	0.108	"1_&_2"
"正常"	3	2	0.586	4.414	1.873	-1.873	3.746	"1_&_2"
"正常化"	0	2	0.234	1.766	-0.108	0.108	0.216	"1_&_2"
"歧视"	0	1	0.117	0.883	-0.054	0.054	0.108	"1_&_2"
"比赛"	0	1	0.117	0.883	-0.054	0.054	0.108	"1_&_2"
"比较"	0	1	0.117	0.883	-0.054	0.054	0.108	"1_&_2"
"比里亚"	0	1	0.117	0.883	-0.054	0.054	0.108	"1_&_2"
"毕竟"	0	1	0.117	0.883	-0.054	0.054	0.108	"1_&_2"
"毫无"	1	1	0.234	1.766	0.656	-0.656	1.312	"1_&_2"
"民众"	1	1	0.234	1.766	0.656	-0.656	1.312	"1_&_2"
"民宅"	0	1	0.117	0.883	-0.054	0.054	0.108	"1_&_2"
"水北调"	0	1	0.117	0.883	-0.054	0.054	0.108	"1_&_2"
"水平"	0	1	0.117	0.883	-0.054	0.054	0.108	"1_&_2"
"求"	0	1	0.117	0.883	-0.054	0.054	0.108	"1_&_2"
"求过于供"	1	0	0.117	0.883	0.931	-0.931	1.862	"1_&_2"
"汇市"	0	1	0.117	0.883	-0.054	0.054	0.108	"1_&_2"
"汇报"	0	4	0.469	3.531	-0.216	0.216	0.432	"1_&_2"
"汛排涝"	0	1	0.117	0.883	-0.054	0.054	0.108	"1_&_2"
"江泽民"	0	1	0.117	0.883	-0.054	0.054	0.108	"1_&_2"
"污染"	0	1	0.117	0.883	-0.054	0.054	0.108	"1_&_2"
"沙斯"	0	7	0.82	6.18	-0.379	0.379	0.758	"1_&_2"
"没有"	1	2	0.351	2.649	0.506	-0.506	1.012	"1_&_2"
"治军"	0	1	0.117	0.883	-0.054	0.054	0.108	"1_&_2"
"沿线"	0	1	0.117	0.883	-0.054	0.054	0.108	"1_&_2"
"波兰"	0	1	0.117	0.883	-0.054	0.054	0.108	"1_&_2"
"注意"	0	1	0.117	0.883	-0.054	0.054	0.108	"1_&_2"
"浪潮"	0	1	0.117	0.883	-0.054	0.054	0.108	"1_&_2"
"浪类"	0	1	0.117	0.883	-0.054	0.054	0.108	"1_&_2"
"浮浮沉沉"	0	1	0.117	0.883	-0.054	0.054	0.108	"1_&_2"
"海合会"	0	1	0.117	0.883	-0.054	0.054	0.108	"1_&_2"
"海线"	0	1	0.117	0.883	-0.054	0.054	0.108	"1_&_2"
"消极"	0	1	0.117	0.883	-0.054	0.054	0.108	"1_&_2"
"消除"	0	1	0.117	0.883	-0.054	0.054	0.108	"1_&_2"
"深圳港"	1	0	0.117	0.883	0.931	-0.931	1.862	"1_&_2"
"深表"	0	1	0.117	0.883	-0.054	0.054	0.108	"1_&_2"
"混乱"	0	3	0.351	2.649	-0.162	0.162	0.324	"1_&_2"
"清楚"	0	1	0.117	0.883	-0.054	0.054	0.108	"1_&_2"
"渐进"	0	1	0.117	0.883	-0.054	0.054	0.108	"1_&_2"
"满意"	0	1	0.117	0.883	-0.054	0.054	0.108	"1_&_2"
"演变"	0	2	0.234	1.766	-0.108	0.108	0.216	"1_&_2"
"演变成"	0	1	0.117	0.883	-0.054	0.054	0.108	"1_&_2"
"演进"	0	2	0.234	1.766	-0.108	0.108	0.216	"1_&_2"
"激烈"	0	1	0.117	0.883	-0.054	0.054	0.108	"1_&_2"
"火候"	0	1	0.117	0.883	-0.054	0.054	0.108	"1_&_2"
"灾祸"	1	0	0.117	0.883	0.931	-0.931	1.862	"1_&_2"
"炎"	0	1	0.117	0.883	-0.054	0.054	0.108	"1_&_2"
"烦恼"	0	1	0.117	0.883	-0.054	0.054	0.108	"1_&_2"
"热电"	0	1	0.117	0.883	-0.054	0.054	0.108	"1_&_2"
"烹饪"	0	1	0.117	0.883	-0.054	0.054	0.108	"1_&_2"
"煤矿"	0	1	0.117	0.883	-0.054	0.054	0.108	"1_&_2"
"片面"	0	1	0.117	0.883	-0.054	0.054	0.108	"1_&_2"
"物料"	0	1	0.117	0.883	-0.054	0.054	0.108	"1_&_2"
"特情"	1	0	0.117	0.883	0.931	-0.931	1.862	"1_&_2"
"特点"	0	2	0.234	1.766	-0.108	0.108	0.216	"1_&_2"
"狂放"	0	1	0.117	0.883	-0.054	0.054	0.108	"1_&_2"
"猖獗"	0	1	0.117	0.883	-0.054	0.054	0.108	"1_&_2"
"王国博"	0	1	0.117	0.883	-0.054	0.054	0.108	"1_&_2"
"王金平"	0	1	0.117	0.883	-0.054	0.054	0.108	"1_&_2"
"现"	0	1	0.117	0.883	-0.054	0.054	0.108	"1_&_2"
"现在"	0	1	0.117	0.883	-0.054	0.054	0.108	"1_&_2"
"现成"	1	0	0.117	0.883	0.931	-0.931	1.862	"1_&_2"
"现象"	0	2	0.234	1.766	-0.108	0.108	0.216	"1_&_2"
"球员"	0	1	0.117	0.883	-0.054	0.054	0.108	"1_&_2"
"瓦尔德内尔"	0	1	0.117	0.883	-0.054	0.054	0.108	"1_&_2"
"生产"	0	1	0.117	0.883	-0.054	0.054	0.108	"1_&_2"
"生机"	0	1	0.117	0.883	-0.054	0.054	0.108	"1_&_2"
"用尽"	0	1	0.117	0.883	-0.054	0.054	0.108	"1_&_2"
"由于"	0	2	0.234	1.766	-0.108	0.108	0.216	"1_&_2"
"申奥"	0	1	0.117	0.883	-0.054	0.054	0.108	"1_&_2"
"申报"	0	1	0.117	0.883	-0.054	0.054	0.108	"1_&_2"
"电源"	0	1	0.117	0.883	-0.054	0.054	0.108	"1_&_2"
"疑似"	0	1	0.117	0.883	-0.054	0.054	0.108	"1_&_2"
"疫情"	1	5	0.703	5.297	0.279	-0.279	0.558	"1_&_2"
"疲弱"	1	1	0.234	1.766	0.656	-0.656	1.312	"1_&_2"
"疼惜"	0	1	0.117	0.883	-0.054	0.054	0.108	"1_&_2"
"病故"	0	1	0.117	0.883	-0.054	0.054	0.108	"1_&_2"
"病猪"	0	1	0.117	0.883	-0.054	0.054	0.108	"1_&_2"
"白领"	0	1	0.117	0.883	-0.054	0.054	0.108	"1_&_2"
"百万"	0	1	0.117	0.883	-0.054	0.054	0.108	"1_&_2"
"百分之二十五"	0	1	0.117	0.883	-0.054	0.054	0.108	"1_&_2"
"监察"	0	1	0.117	0.883	-0.054	0.054	0.108	"1_&_2"
"监测"	0	2	0.234	1.766	-0.108	0.108	0.216	"1_&_2"
"盗刷"	0	1	0.117	0.883	-0.054	0.054	0.108	"1_&_2"
"盗版"	0	1	0.117	0.883	-0.054	0.054	0.108	"1_&_2"
"盛"	0	1	0.117	0.883	-0.054	0.054	0.108	"1_&_2"
"目前"	3	26	3.398	25.602	-0.257	0.257	0.514	"1_&_2"
"相同"	0	2	0.234	1.766	-0.108	0.108	0.216	"1_&_2"
"相当"	0	3	0.351	2.649	-0.162	0.162	0.324	"1_&_2"
"相比"	0	1	0.117	0.883	-0.054	0.054	0.108	"1_&_2"
"看"	0	10	1.172	8.828	-0.541	0.541	1.082	"1_&_2"
"看好"	0	2	0.234	1.766	-0.108	0.108	0.216	"1_&_2"
"看来"	0	2	0.234	1.766	-0.108	0.108	0.216	"1_&_2"
"看看"	0	1	0.117	0.883	-0.054	0.054	0.108	"1_&_2"
"真实"	0	1	0.117	0.883	-0.054	0.054	0.108	"1_&_2"
"真空"	0	1	0.117	0.883	-0.054	0.054	0.108	"1_&_2"
"眼光"	0	1	0.117	0.883	-0.054	0.054	0.108	"1_&_2"
"眼前"	0	1	0.117	0.883	-0.054	0.054	0.108	"1_&_2"
"着急"	0	1	0.117	0.883	-0.054	0.054	0.108	"1_&_2"
"瞒"	0	1	0.117	0.883	-0.054	0.054	0.108	"1_&_2"
"瞩目"	0	1	0.117	0.883	-0.054	0.054	0.108	"1_&_2"
"知会"	1	0	0.117	0.883	0.931	-0.931	1.862	"1_&_2"
"矿区"	0	1	0.117	0.883	-0.054	0.054	0.108	"1_&_2"
"确实"	0	1	0.117	0.883	-0.054	0.054	0.108	"1_&_2"
"磋商"	0	1	0.117	0.883	-0.054	0.054	0.108	"1_&_2"
"礼宾"	0	1	0.117	0.883	-0.054	0.054	0.108	"1_&_2"
"神功"	0	1	0.117	0.883	-0.054	0.054	0.108	"1_&_2"
"祭祀"	0	1	0.117	0.883	-0.054	0.054	0.108	"1_&_2"
"离职"	0	1	0.117	0.883	-0.054	0.054	0.108	"1_&_2"
"私营企业纳"	0	1	0.117	0.883	-0.054	0.054	0.108	"1_&_2"
"种"	12	12	2.812	21.188	5.336	-5.336	10.672	"1_&_2"
"科什图尼察"	0	1	0.117	0.883	-0.054	0.054	0.108	"1_&_2"
"科特迪瓦"	0	1	0.117	0.883	-0.054	0.054	0.108	"1_&_2"
"科鲁尼"	1	0	0.117	0.883	0.931	-0.931	1.862	"1_&_2"
"积极"	0	1	0.117	0.883	-0.054	0.054	0.108	"1_&_2"
"积重难返"	0	1	0.117	0.883	-0.054	0.054	0.108	"1_&_2"
"税收"	0	1	0.117	0.883	-0.054	0.054	0.108	"1_&_2"
"稳"	0	5	0.586	4.414	-0.271	0.271	0.542	"1_&_2"
"稳定"	1	13	1.64	12.36	-0.302	0.302	0.604	"1_&_2"
"穆巴拉克"	0	1	0.117	0.883	-0.054	0.054	0.108	"1_&_2"
"突发"	1	2	0.351	2.649	0.506	-0.506	1.012	"1_&_2"
"立法会"	0	1	0.117	0.883	-0.054	0.054	0.108	"1_&_2"
"立足"	0	1	0.117	0.883	-0.054	0.054	0.108	"1_&_2"
"竞争"	0	2	0.234	1.766	-0.108	0.108	0.216	"1_&_2"
"竞技"	0	1	0.117	0.883	-0.054	0.054	0.108	"1_&_2"
"符"	0	1	0.117	0.883	-0.054	0.054	0.108	"1_&_2"
"第三季"	0	1	0.117	0.883	-0.054	0.054	0.108	"1_&_2"
"第十"	0	1	0.117	0.883	-0.054	0.054	0.108	"1_&_2"
"答"	0	3	0.351	2.649	-0.162	0.162	0.324	"1_&_2"
"类似"	0	3	0.351	2.649	-0.162	0.162	0.324	"1_&_2"
"糖价"	0	1	0.117	0.883	-0.054	0.054	0.108	"1_&_2"
"糟"	0	4	0.469	3.531	-0.216	0.216	0.432	"1_&_2"
"糟糕"	0	2	0.234	1.766	-0.108	0.108	0.216	"1_&_2"
"系"	0	1	0.117	0.883	-0.054	0.054	0.108	"1_&_2"
"紊乱"	0	1	0.117	0.883	-0.054	0.054	0.108	"1_&_2"
"索拉纳"	0	1	0.117	0.883	-0.054	0.054	0.108	"1_&_2"
"紧"	0	2	0.234	1.766	-0.108	0.108	0.216	"1_&_2"
"紧俏"	0	1	0.117	0.883	-0.054	0.054	0.108	"1_&_2"
"紧张"	0	9	1.054	7.946	-0.487	0.487	0.974	"1_&_2"
"紧急"	2	5	0.82	6.18	0.713	-0.713	1.426	"1_&_2"
"紧绷"	0	1	0.117	0.883	-0.054	0.054	0.108	"1_&_2"
"紧缩"	0	1	0.117	0.883	-0.054	0.054	0.108	"1_&_2"
"紧跟"	0	1	0.117	0.883	-0.054	0.054	0.108	"1_&_2"
"紧迫"	0	1	0.117	0.883	-0.054	0.054	0.108	"1_&_2"
"累计"	0	1	0.117	0.883	-0.054	0.054	0.108	"1_&_2"
"纯粹"	0	1	0.117	0.883	-0.054	0.054	0.108	"1_&_2"
"纳税"	0	1	0.117	0.883	-0.054	0.054	0.108	"1_&_2"
"纷"	0	2	0.234	1.766	-0.108	0.108	0.216	"1_&_2"
"组织性"	0	1	0.117	0.883	-0.054	0.054	0.108	"1_&_2"
"细则"	0	1	0.117	0.883	-0.054	0.054	0.108	"1_&_2"
"经建会"	0	1	0.117	0.883	-0.054	0.054	0.108	"1_&_2"
"经济"	0	10	1.172	8.828	-0.541	0.541	1.082	"1_&_2"
"经济全球化"	0	1	0.117	0.883	-0.054	0.054	0.108	"1_&_2"
"经费"	0	1	0.117	0.883	-0.054	0.054	0.108	"1_&_2"
"结合"	0	2	0.234	1.766	-0.108	0.108	0.216	"1_&_2"
"绝"	0	1	0.117	0.883	-0.054	0.054	0.108	"1_&_2"
"绝密"	1	0	0.117	0.883	0.931	-0.931	1.862	"1_&_2"
"绝对"	0	2	0.234	1.766	-0.108	0.108	0.216	"1_&_2"
"绝食"	0	1	0.117	0.883	-0.054	0.054	0.108	"1_&_2"
"继续"	0	5	0.586	4.414	-0.271	0.271	0.542	"1_&_2"
"维"	0	1	0.117	0.883	-0.054	0.054	0.108	"1_&_2"
"维持"	0	3	0.351	2.649	-0.162	0.162	0.324	"1_&_2"
"绿色奥运"	0	1	0.117	0.883	-0.054	0.054	0.108	"1_&_2"
"缅甸"	0	1	0.117	0.883	-0.054	0.054	0.108	"1_&_2"
"缓解"	0	1	0.117	0.883	-0.054	0.054	0.108	"1_&_2"
"缔约国"	0	1	0.117	0.883	-0.054	0.054	0.108	"1_&_2"
"网路"	0	2	0.234	1.766	-0.108	0.108	0.216	"1_&_2"
"翻天覆地"	0	1	0.117	0.883	-0.054	0.054	0.108	"1_&_2"
"考场"	0	2	0.234	1.766	-0.108	0.108	0.216	"1_&_2"
"考察"	0	1	0.117	0.883	-0.054	0.054	0.108	"1_&_2"
"考虑到"	0	1	0.117	0.883	-0.054	0.054	0.108	"1_&_2"
"耳中风"	0	2	0.234	1.766	-0.108	0.108	0.216	"1_&_2"
"联合国"	0	4	0.469	3.531	-0.216	0.216	0.432	"1_&_2"
"聚焦"	0	1	0.117	0.883	-0.054	0.054	0.108	"1_&_2"
"聚落"	0	1	0.117	0.883	-0.054	0.054	0.108	"1_&_2"
"肇事"	0	1	0.117	0.883	-0.054	0.054	0.108	"1_&_2"
"股市"	0	3	0.351	2.649	-0.162	0.162	0.324	"1_&_2"
"肺炎"	3	4	0.82	6.18	1.408	-1.408	2.816	"1_&_2"
"背景"	0	1	0.117	0.883	-0.054	0.054	0.108	"1_&_2"
"自圆其说法"	0	1	0.117	0.883	-0.054	0.054	0.108	"1_&_2"
"自身"	2	0	0.234	1.766	1.862	-1.862	3.724	"1_&_2"
"航油"	1	0	0.117	0.883	0.931	-0.931	1.862	"1_&_2"
"航行"	0	1	0.117	0.883	-0.054	0.054	0.108	"1_&_2"
"良"	0	1	0.117	0.883	-0.054	0.054	0.108	"1_&_2"
"良好"	0	4	0.469	3.531	-0.216	0.216	0.432	"1_&_2"
"艰难"	0	1	0.117	0.883	-0.054	0.054	0.108	"1_&_2"
"节"	0	1	0.117	0.883	-0.054	0.054	0.108	"1_&_2"
"芬兰队"	0	2	0.234	1.766	-0.108	0.108	0.216	"1_&_2"
"花莲"	0	1	0.117	0.883	-0.054	0.054	0.108	"1_&_2"
"苏贞昌"	0	1	0.117	0.883	-0.054	0.054	0.108	"1_&_2"
"范玮琪"	0	1	0.117	0.883	-0.054	0.054	0.108	"1_&_2"
"荡然无存"	0	1	0.117	0.883	-0.054	0.054	0.108	"1_&_2"
"莲"	0	1	0.117	0.883	-0.054	0.054	0.108	"1_&_2"
"营运"	0	1	0.117	0.883	-0.054	0.054	0.108	"1_&_2"
"萧万长"	2	0	0.234	1.766	1.862	-1.862	3.724	"1_&_2"
"落后"	1	1	0.234	1.766	0.656	-0.656	1.312	"1_&_2"
"落实"	0	2	0.234	1.766	-0.108	0.108	0.216	"1_&_2"
"落败"	0	1	0.117	0.883	-0.054	0.054	0.108	"1_&_2"
"落选"	0	1	0.117	0.883	-0.054	0.054	0.108	"1_&_2"
"蔓延"	2	2	0.469	3.531	1.155	-1.155	2.31	"1_&_2"
"藏学"	0	1	0.117	0.883	-0.054	0.054	0.108	"1_&_2"
"行会"	0	1	0.117	0.883	-0.054	0.054	0.108	"1_&_2"
"行情"	0	1	0.117	0.883	-0.054	0.054	0.108	"1_&_2"
"行房"	1	0	0.117	0.883	0.931	-0.931	1.862	"1_&_2"
"行政院"	0	3	0.351	2.649	-0.162	0.162	0.324	"1_&_2"
"表明"	0	3	0.351	2.649	-0.162	0.162	0.324	"1_&_2"
"表现出"	0	1	0.117	0.883	-0.054	0.054	0.108	"1_&_2"
"表现出色"	0	1	0.117	0.883	-0.054	0.054	0.108	"1_&_2"
"表示"	0	2	0.234	1.766	-0.108	0.108	0.216	"1_&_2"
"衰退"	0	1	0.117	0.883	-0.054	0.054	0.108	"1_&_2"
"被俘"	1	0	0.117	0.883	0.931	-0.931	1.862	"1_&_2"
"西海岸"	0	2	0.234	1.766	-0.108	0.108	0.216	"1_&_2"
"西非"	0	1	0.117	0.883	-0.054	0.054	0.108	"1_&_2"
"见"	0	1	0.117	0.883	-0.054	0.054	0.108	"1_&_2"
"观"	0	1	0.117	0.883	-0.054	0.054	0.108	"1_&_2"
"观察"	0	1	0.117	0.883	-0.054	0.054	0.108	"1_&_2"
"视"	0	2	0.234	1.766	-0.108	0.108	0.216	"1_&_2"
"警戒"	0	1	0.117	0.883	-0.054	0.054	0.108	"1_&_2"
"警觉"	0	1	0.117	0.883	-0.054	0.054	0.108	"1_&_2"
"计画"	0	1	0.117	0.883	-0.054	0.054	0.108	"1_&_2"
"讨论"	0	2	0.234	1.766	-0.108	0.108	0.216	"1_&_2"
"议题"	0	2	0.234	1.766	-0.108	0.108	0.216	"1_&_2"
"许诺"	1	0	0.117	0.883	0.931	-0.931	1.862	"1_&_2"
"论"	0	1	0.117	0.883	-0.054	0.054	0.108	"1_&_2"
"评估"	0	1	0.117	0.883	-0.054	0.054	0.108	"1_&_2"
"诈骗"	0	2	0.234	1.766	-0.108	0.108	0.216	"1_&_2"
"诉诸"	1	0	0.117	0.883	0.931	-0.931	1.862	"1_&_2"
"译"	0	1	0.117	0.883	-0.054	0.054	0.108	"1_&_2"
"试图"	0	1	0.117	0.883	-0.054	0.054	0.108	"1_&_2"
"诚泰"	0	1	0.117	0.883	-0.054	0.054	0.108	"1_&_2"
"询问"	0	2	0.234	1.766	-0.108	0.108	0.216	"1_&_2"
"详细"	0	2	0.234	1.766	-0.108	0.108	0.216	"1_&_2"
"误"	0	1	0.117	0.883	-0.054	0.054	0.108	"1_&_2"
"请求国"	1	0	0.117	0.883	0.931	-0.931	1.862	"1_&_2"
"谈何容易"	1	0	0.117	0.883	0.931	-0.931	1.862	"1_&_2"
"谈到"	0	1	0.117	0.883	-0.054	0.054	0.108	"1_&_2"
"象棋赛"	0	1	0.117	0.883	-0.054	0.054	0.108	"1_&_2"
"贝尔格莱德"	0	1	0.117	0.883	-0.054	0.054	0.108	"1_&_2"
"财委会"	0	1	0.117	0.883	-0.054	0.054	0.108	"1_&_2"
"财政"	1	1	0.234	1.766	0.656	-0.656	1.312	"1_&_2"
"财政部"	1	0	0.117	0.883	0.931	-0.931	1.862	"1_&_2"
"财气"	0	1	0.117	0.883	-0.054	0.054	0.108	"1_&_2"
"财经"	0	3	0.351	2.649	-0.162	0.162	0.324	"1_&_2"
"贪图"	1	0	0.117	0.883	0.931	-0.931	1.862	"1_&_2"
"贪污"	0	2	0.234	1.766	-0.108	0.108	0.216	"1_&_2"
"贮藏"	0	1	0.117	0.883	-0.054	0.054	0.108	"1_&_2"
"走下坡"	0	1	0.117	0.883	-0.054	0.054	0.108	"1_&_2"
"走势"	0	1	0.117	0.883	-0.054	0.054	0.108	"1_&_2"
"走向"	0	1	0.117	0.883	-0.054	0.054	0.108	"1_&_2"
"赶紧"	0	1	0.117	0.883	-0.054	0.054	0.108	"1_&_2"
"超贷"	0	1	0.117	0.883	-0.054	0.054	0.108	"1_&_2"
"超越"	0	1	0.117	0.883	-0.054	0.054	0.108	"1_&_2"
"越来越"	0	3	0.351	2.649	-0.162	0.162	0.324	"1_&_2"
"足以"	0	1	0.117	0.883	-0.054	0.054	0.108	"1_&_2"
"跟上"	0	1	0.117	0.883	-0.054	0.054	0.108	"1_&_2"
"踊跃"	0	1	0.117	0.883	-0.054	0.054	0.108	"1_&_2"
"身体"	0	1	0.117	0.883	-0.054	0.054	0.108	"1_&_2"
"车臣"	0	1	0.117	0.883	-0.054	0.054	0.108	"1_&_2"
"转出"	0	1	0.117	0.883	-0.054	0.054	0.108	"1_&_2"
"转化"	0	1	0.117	0.883	-0.054	0.054	0.108	"1_&_2"
"转折"	0	1	0.117	0.883	-0.054	0.054	0.108	"1_&_2"
"载人"	0	3	0.351	2.649	-0.162	0.162	0.324	"1_&_2"
"较"	0	2	0.234	1.766	-0.108	0.108	0.216	"1_&_2"
"较为"	0	1	0.117	0.883	-0.054	0.054	0.108	"1_&_2"
"辞职"	0	1	0.117	0.883	-0.054	0.054	0.108	"1_&_2"
"边"	0	1	0.117	0.883	-0.054	0.054	0.108	"1_&_2"
"达到"	1	0	0.117	0.883	0.931	-0.931	1.862	"1_&_2"
"迅速"	0	1	0.117	0.883	-0.054	0.054	0.108	"1_&_2"
"过剩"	0	1	0.117	0.883	-0.054	0.054	0.108	"1_&_2"
"过半"	0	1	0.117	0.883	-0.054	0.054	0.108	"1_&_2"
"迎亲"	0	1	0.117	0.883	-0.054	0.054	0.108	"1_&_2"
"运作"	0	1	0.117	0.883	-0.054	0.054	0.108	"1_&_2"
"运用"	0	1	0.117	0.883	-0.054	0.054	0.108	"1_&_2"
"运行"	0	1	0.117	0.883	-0.054	0.054	0.108	"1_&_2"
"这样"	0	6	0.703	5.297	-0.325	0.325	0.65	"1_&_2"
"这般"	0	1	0.117	0.883	-0.054	0.054	0.108	"1_&_2"
"进一步"	0	3	0.351	2.649	-0.162	0.162	0.324	"1_&_2"
"进入"	0	2	0.234	1.766	-0.108	0.108	0.216	"1_&_2"
"进出口"	0	1	0.117	0.883	-0.054	0.054	0.108	"1_&_2"
"进展"	0	2	0.234	1.766	-0.108	0.108	0.216	"1_&_2"
"进程"	0	1	0.117	0.883	-0.054	0.054	0.108	"1_&_2"
"违法"	0	1	0.117	0.883	-0.054	0.054	0.108	"1_&_2"
"违章"	0	1	0.117	0.883	-0.054	0.054	0.108	"1_&_2"
"违规"	0	1	0.117	0.883	-0.054	0.054	0.108	"1_&_2"
"连"	0	1	0.117	0.883	-0.054	0.054	0.108	"1_&_2"
"连战"	0	2	0.234	1.766	-0.108	0.108	0.216	"1_&_2"
"追平"	1	0	0.117	0.883	0.931	-0.931	1.862	"1_&_2"
"送医"	0	1	0.117	0.883	-0.054	0.054	0.108	"1_&_2"
"适应"	0	2	0.234	1.766	-0.108	0.108	0.216	"1_&_2"
"适当"	0	1	0.117	0.883	-0.054	0.054	0.108	"1_&_2"
"逆转"	0	1	0.117	0.883	-0.054	0.054	0.108	"1_&_2"
"选战"	0	1	0.117	0.883	-0.054	0.054	0.108	"1_&_2"
"逐"	0	1	0.117	0.883	-0.054	0.054	0.108	"1_&_2"
"逐季"	0	1	0.117	0.883	-0.054	0.054	0.108	"1_&_2"
"逐渐"	0	2	0.234	1.766	-0.108	0.108	0.216	"1_&_2"
"途径"	0	1	0.117	0.883	-0.054	0.054	0.108	"1_&_2"
"通关"	0	1	0.117	0.883	-0.054	0.054	0.108	"1_&_2"
"通常"	0	1	0.117	0.883	-0.054	0.054	0.108	"1_&_2"
"通报"	0	2	0.234	1.766	-0.108	0.108	0.216	"1_&_2"
"通风"	0	1	0.117	0.883	-0.054	0.054	0.108	"1_&_2"
"造成"	0	4	0.469	3.531	-0.216	0.216	0.432	"1_&_2"
"逾放比率"	0	1	0.117	0.883	-0.054	0.054	0.108	"1_&_2"
"遇到"	0	3	0.351	2.649	-0.162	0.162	0.324	"1_&_2"
"遏阻"	0	1	0.117	0.883	-0.054	0.054	0.108	"1_&_2"
"道德"	0	1	0.117	0.883	-0.054	0.054	0.108	"1_&_2"
"避免"	0	1	0.117	0.883	-0.054	0.054	0.108	"1_&_2"
"避用"	0	1	0.117	0.883	-0.054	0.054	0.108	"1_&_2"
"邓肯"	0	1	0.117	0.883	-0.054	0.054	0.108	"1_&_2"
"邦泰雅"	0	1	0.117	0.883	-0.054	0.054	0.108	"1_&_2"
"邦联"	0	1	0.117	0.883	-0.054	0.054	0.108	"1_&_2"
"采取"	0	1	0.117	0.883	-0.054	0.054	0.108	"1_&_2"
"里亚"	0	1	0.117	0.883	-0.054	0.054	0.108	"1_&_2"
"重大"	0	1	0.117	0.883	-0.054	0.054	0.108	"1_&_2"
"重建"	0	1	0.117	0.883	-0.054	0.054	0.108	"1_&_2"
"重覆"	0	2	0.234	1.766	-0.108	0.108	0.216	"1_&_2"
"重钢"	1	0	0.117	0.883	0.931	-0.931	1.862	"1_&_2"
"量入为出"	1	0	0.117	0.883	0.931	-0.931	1.862	"1_&_2"
"金融"	0	1	0.117	0.883	-0.054	0.054	0.108	"1_&_2"
"鉴于"	0	2	0.234	1.766	-0.108	0.108	0.216	"1_&_2"
"针"	0	1	0.117	0.883	-0.054	0.054	0.108	"1_&_2"
"针对"	0	4	0.469	3.531	-0.216	0.216	0.432	"1_&_2"
"销售"	0	1	0.117	0.883	-0.054	0.054	0.108	"1_&_2"
"销售量"	0	1	0.117	0.883	-0.054	0.054	0.108	"1_&_2"
"长久"	0	1	0.117	0.883	-0.054	0.054	0.108	"1_&_2"
"长官"	0	1	0.117	0.883	-0.054	0.054	0.108	"1_&_2"
"长期"	0	2	0.234	1.766	-0.108	0.108	0.216	"1_&_2"
"闪光灯"	0	1	0.117	0.883	-0.054	0.054	0.108	"1_&_2"
"闪现"	0	1	0.117	0.883	-0.054	0.054	0.108	"1_&_2"
"问题"	0	3	0.351	2.649	-0.162	0.162	0.324	"1_&_2"
"队"	0	1	0.117	0.883	-0.054	0.054	0.108	"1_&_2"
"队名"	0	1	0.117	0.883	-0.054	0.054	0.108	"1_&_2"
"队员"	0	2	0.234	1.766	-0.108	0.108	0.216	"1_&_2"
"防"	0	1	0.117	0.883	-0.054	0.054	0.108	"1_&_2"
"防备"	0	1	0.117	0.883	-0.054	0.054	0.108	"1_&_2"
"防治"	0	2	0.234	1.766	-0.108	0.108	0.216	"1_&_2"
"阻止"	0	1	0.117	0.883	-0.054	0.054	0.108	"1_&_2"
"阻碍"	0	2	0.234	1.766	-0.108	0.108	0.216	"1_&_2"
"阿"	0	2	0.234	1.766	-0.108	0.108	0.216	"1_&_2"
"阿富汗"	0	1	0.117	0.883	-0.054	0.054	0.108	"1_&_2"
"阿拉伯"	0	1	0.117	0.883	-0.054	0.054	0.108	"1_&_2"
"阿申纳"	0	1	0.117	0.883	-0.054	0.054	0.108	"1_&_2"
"际"	0	1	0.117	0.883	-0.054	0.054	0.108	"1_&_2"
"陈俊硕"	0	1	0.117	0.883	-0.054	0.054	0.108	"1_&_2"
"陈明通"	0	1	0.117	0.883	-0.054	0.054	0.108	"1_&_2"
"院方"	0	1	0.117	0.883	-0.054	0.054	0.108	"1_&_2"
"险"	0	1	0.117	0.883	-0.054	0.054	0.108	"1_&_2"
"险峻"	0	1	0.117	0.883	-0.054	0.054	0.108	"1_&_2"
"陷入"	0	1	0.117	0.883	-0.054	0.054	0.108	"1_&_2"
"随时"	1	1	0.234	1.766	0.656	-0.656	1.312	"1_&_2"
"随着"	0	1	0.117	0.883	-0.054	0.054	0.108	"1_&_2"
"难免"	0	1	0.117	0.883	-0.054	0.054	0.108	"1_&_2"
"集体"	0	1	0.117	0.883	-0.054	0.054	0.108	"1_&_2"
"集训"	0	3	0.351	2.649	-0.162	0.162	0.324	"1_&_2"
"雪上加霜"	0	1	0.117	0.883	-0.054	0.054	0.108	"1_&_2"
"零售业"	0	1	0.117	0.883	-0.054	0.054	0.108	"1_&_2"
"需不需要"	0	1	0.117	0.883	-0.054	0.054	0.108	"1_&_2"
"需要"	0	1	0.117	0.883	-0.054	0.054	0.108	"1_&_2"
"静观"	0	1	0.117	0.883	-0.054	0.054	0.108	"1_&_2"
"非典型"	2	3	0.586	4.414	0.967	-0.967	1.934	"1_&_2"
"非常"	0	1	0.117	0.883	-0.054	0.054	0.108	"1_&_2"
"非法"	0	1	0.117	0.883	-0.054	0.054	0.108	"1_&_2"
"面临"	0	2	0.234	1.766	-0.108	0.108	0.216	"1_&_2"
"面对"	0	3	0.351	2.649	-0.162	0.162	0.324	"1_&_2"
"韩国队"	0	1	0.117	0.883	-0.054	0.054	0.108	"1_&_2"
"须要"	0	1	0.117	0.883	-0.054	0.054	0.108	"1_&_2"
"预先"	1	0	0.117	0.883	0.931	-0.931	1.862	"1_&_2"
"预定"	0	1	0.117	0.883	-0.054	0.054	0.108	"1_&_2"
"预期"	0	1	0.117	0.883	-0.054	0.054	0.108	"1_&_2"
"预案"	0	2	0.234	1.766	-0.108	0.108	0.216	"1_&_2"
"预计"	0	1	0.117	0.883	-0.054	0.054	0.108	"1_&_2"
"领先"	3	3	0.703	5.297	1.612	-1.612	3.224	"1_&_2"
"领土"	0	1	0.117	0.883	-0.054	0.054	0.108	"1_&_2"
"领域"	0	1	0.117	0.883	-0.054	0.054	0.108	"1_&_2"
"领导人"	0	1	0.117	0.883	-0.054	0.054	0.108	"1_&_2"
"领袖"	0	1	0.117	0.883	-0.054	0.054	0.108	"1_&_2"
"风云"	0	1	0.117	0.883	-0.054	0.054	0.108	"1_&_2"
"风水"	0	1	0.117	0.883	-0.054	0.054	0.108	"1_&_2"
"飞行"	0	1	0.117	0.883	-0.054	0.054	0.108	"1_&_2"
"首脑"	0	1	0.117	0.883	-0.054	0.054	0.108	"1_&_2"
"首都"	0	1	0.117	0.883	-0.054	0.054	0.108	"1_&_2"
"马丹"	0	1	0.117	0.883	-0.054	0.054	0.108	"1_&_2"
"马其顿"	0	1	0.117	0.883	-0.054	0.054	0.108	"1_&_2"
"马刺队"	0	1	0.117	0.883	-0.054	0.054	0.108	"1_&_2"
"马斯登"	0	1	0.117	0.883	-0.054	0.054	0.108	"1_&_2"
"驾车"	0	3	0.351	2.649	-0.162	0.162	0.324	"1_&_2"
"驾驶人"	0	1	0.117	0.883	-0.054	0.054	0.108	"1_&_2"
"高中职"	0	1	0.117	0.883	-0.054	0.054	0.108	"1_&_2"
"高尔"	0	1	0.117	0.883	-0.054	0.054	0.108	"1_&_2"
"高度"	0	1	0.117	0.883	-0.054	0.054	0.108	"1_&_2"
"高技术"	0	1	0.117	0.883	-0.054	0.054	0.108	"1_&_2"
"鲍威尔"	0	2	0.234	1.766	-0.108	0.108	0.216	"1_&_2"
"鲍彻"	0	1	0.117	0.883	-0.054	0.054	0.108	"1_&_2"
"黯淡"	1	0	0.117	0.883	0.931	-0.931	1.862	"1_&_2"
"鼠疫"	0	1	0.117	0.883	-0.054	0.054	0.108	"1_&_2"
"齐扬"	0	1	0.117	0.883	-0.054	0.054	0.108	"1_&_2"
