"Coll_Word"	"1"	"2"	"3"	"exp_1"	"exp_2"	"exp_3"	"pbin_1"	"pbin_2"	"pbin_3"	"SumAbsDev"	"LargestDev"
"!"	0	0	1	0.69	0.031	0.279	-0.509	-0.014	0.555	1.078	"3"
"?"	0	0	1	0.69	0.031	0.279	-0.509	-0.014	0.555	1.078	"3"
"……"	0	0	3	2.07	0.093	0.836	-1.526	-0.041	1.664	3.231	"3"
"《"	0	2	2	2.76	0.125	1.115	-2.035	2.253	0.507	4.795	"2"
"》"	0	1	2	2.07	0.093	0.836	-1.526	1.043	0.722	3.291	"1"
"─"	0	0	2	1.38	0.062	0.558	-1.018	-0.027	1.11	2.155	"3"
"■"	1	0	0	0.69	0.031	0.279	0.161	-0.014	-0.142	0.317	"1"
"1"	8	0	0	5.521	0.249	2.23	1.289	-0.11	-1.135	2.534	"1"
"1.7"	1	0	1	1.38	0.062	0.558	-0.281	-0.027	0.319	0.627	"3"
"100"	3	0	0	2.07	0.093	0.836	0.483	-0.041	-0.426	0.95	"1"
"1000"	1	0	0	0.69	0.031	0.279	0.161	-0.014	-0.142	0.317	"1"
"100多"	0	0	1	0.69	0.031	0.279	-0.509	-0.014	0.555	1.078	"3"
"1190"	1	0	0	0.69	0.031	0.279	0.161	-0.014	-0.142	0.317	"1"
"1200"	1	0	0	0.69	0.031	0.279	0.161	-0.014	-0.142	0.317	"1"
"12万"	1	0	0	0.69	0.031	0.279	0.161	-0.014	-0.142	0.317	"1"
"13万多"	1	0	0	0.69	0.031	0.279	0.161	-0.014	-0.142	0.317	"1"
"13日"	3	0	0	2.07	0.093	0.836	0.483	-0.041	-0.426	0.95	"1"
"14.5"	1	0	0	0.69	0.031	0.279	0.161	-0.014	-0.142	0.317	"1"
"1400"	1	0	0	0.69	0.031	0.279	0.161	-0.014	-0.142	0.317	"1"
"150"	1	0	0	0.69	0.031	0.279	0.161	-0.014	-0.142	0.317	"1"
"15万"	0	0	1	0.69	0.031	0.279	-0.509	-0.014	0.555	1.078	"3"
"16日"	0	0	1	0.69	0.031	0.279	-0.509	-0.014	0.555	1.078	"3"
"1900"	1	0	0	0.69	0.031	0.279	0.161	-0.014	-0.142	0.317	"1"
"1976年"	0	0	1	0.69	0.031	0.279	-0.509	-0.014	0.555	1.078	"3"
"1983年"	0	0	1	0.69	0.031	0.279	-0.509	-0.014	0.555	1.078	"3"
"1992年"	0	0	1	0.69	0.031	0.279	-0.509	-0.014	0.555	1.078	"3"
"1994年"	1	0	2	2.07	0.093	0.836	-0.641	-0.041	0.722	1.404	"3"
"1人"	1	0	0	0.69	0.031	0.279	0.161	-0.014	-0.142	0.317	"1"
"2"	4	0	0	2.76	0.125	1.115	0.644	-0.055	-0.568	1.267	"1"
"20％"	0	0	1	0.69	0.031	0.279	-0.509	-0.014	0.555	1.078	"3"
"200"	1	0	0	0.69	0.031	0.279	0.161	-0.014	-0.142	0.317	"1"
"2000"	1	0	0	0.69	0.031	0.279	0.161	-0.014	-0.142	0.317	"1"
"2000多"	1	0	0	0.69	0.031	0.279	0.161	-0.014	-0.142	0.317	"1"
"21日"	1	0	0	0.69	0.031	0.279	0.161	-0.014	-0.142	0.317	"1"
"2300"	2	0	0	1.38	0.062	0.558	0.322	-0.027	-0.284	0.633	"1"
"27日"	2	0	0	1.38	0.062	0.558	0.322	-0.027	-0.284	0.633	"1"
"3"	8	0	2	6.901	0.312	2.788	0.448	-0.137	-0.355	0.94	"1"
"3000"	4	0	0	2.76	0.125	1.115	0.644	-0.055	-0.568	1.267	"1"
"30万"	0	0	1	0.69	0.031	0.279	-0.509	-0.014	0.555	1.078	"3"
"30多"	1	0	0	0.69	0.031	0.279	0.161	-0.014	-0.142	0.317	"1"
"3700"	1	0	0	0.69	0.031	0.279	0.161	-0.014	-0.142	0.317	"1"
"38"	2	0	0	1.38	0.062	0.558	0.322	-0.027	-0.284	0.633	"1"
"380"	1	0	0	0.69	0.031	0.279	0.161	-0.014	-0.142	0.317	"1"
"3万7000"	1	0	0	0.69	0.031	0.279	0.161	-0.014	-0.142	0.317	"1"
"3日晚"	1	0	0	0.69	0.031	0.279	0.161	-0.014	-0.142	0.317	"1"
"4"	7	0	0	4.831	0.218	1.951	1.128	-0.096	-0.993	2.217	"1"
"400"	1	0	0	0.69	0.031	0.279	0.161	-0.014	-0.142	0.317	"1"
"4000多"	1	0	0	0.69	0.031	0.279	0.161	-0.014	-0.142	0.317	"1"
"43"	1	0	1	1.38	0.062	0.558	-0.281	-0.027	0.319	0.627	"3"
"450"	2	0	0	1.38	0.062	0.558	0.322	-0.027	-0.284	0.633	"1"
"4600"	1	0	0	0.69	0.031	0.279	0.161	-0.014	-0.142	0.317	"1"
"4日"	2	0	0	1.38	0.062	0.558	0.322	-0.027	-0.284	0.633	"1"
"5"	5	0	0	3.45	0.156	1.394	0.805	-0.069	-0.71	1.584	"1"
"50"	1	0	0	0.69	0.031	0.279	0.161	-0.014	-0.142	0.317	"1"
"500"	1	0	0	0.69	0.031	0.279	0.161	-0.014	-0.142	0.317	"1"
"5000"	3	0	0	2.07	0.093	0.836	0.483	-0.041	-0.426	0.95	"1"
"50多"	0	0	1	0.69	0.031	0.279	-0.509	-0.014	0.555	1.078	"3"
"53"	1	0	0	0.69	0.031	0.279	0.161	-0.014	-0.142	0.317	"1"
"55"	1	0	0	0.69	0.031	0.279	0.161	-0.014	-0.142	0.317	"1"
"56"	2	0	0	1.38	0.062	0.558	0.322	-0.027	-0.284	0.633	"1"
"5万"	1	0	0	0.69	0.031	0.279	0.161	-0.014	-0.142	0.317	"1"
"6"	7	0	0	4.831	0.218	1.951	1.128	-0.096	-0.993	2.217	"1"
"600万"	0	0	1	0.69	0.031	0.279	-0.509	-0.014	0.555	1.078	"3"
"62"	2	0	0	1.38	0.062	0.558	0.322	-0.027	-0.284	0.633	"1"
"670"	1	0	0	0.69	0.031	0.279	0.161	-0.014	-0.142	0.317	"1"
"6日"	1	0	0	0.69	0.031	0.279	0.161	-0.014	-0.142	0.317	"1"
"7"	2	0	0	1.38	0.062	0.558	0.322	-0.027	-0.284	0.633	"1"
"700"	2	0	0	1.38	0.062	0.558	0.322	-0.027	-0.284	0.633	"1"
"781"	1	0	0	0.69	0.031	0.279	0.161	-0.014	-0.142	0.317	"1"
"7日"	1	0	0	0.69	0.031	0.279	0.161	-0.014	-0.142	0.317	"1"
"8"	3	0	0	2.07	0.093	0.836	0.483	-0.041	-0.426	0.95	"1"
"82"	1	0	0	0.69	0.031	0.279	0.161	-0.014	-0.142	0.317	"1"
"891012"	1	0	0	0.69	0.031	0.279	0.161	-0.014	-0.142	0.317	"1"
"8日"	0	0	2	1.38	0.062	0.558	-1.018	-0.027	1.11	2.155	"3"
"900118"	0	0	1	0.69	0.031	0.279	-0.509	-0.014	0.555	1.078	"3"
"900119"	0	0	1	0.69	0.031	0.279	-0.509	-0.014	0.555	1.078	"3"
"J"	0	0	1	0.69	0.031	0.279	-0.509	-0.014	0.555	1.078	"3"
"NTV"	1	0	0	0.69	0.031	0.279	0.161	-0.014	-0.142	0.317	"1"
"Terminator"	0	0	1	0.69	0.031	0.279	-0.509	-0.014	0.555	1.078	"3"
"一两百"	1	0	0	0.69	0.031	0.279	0.161	-0.014	-0.142	0.317	"1"
"一九八九年"	1	0	0	0.69	0.031	0.279	0.161	-0.014	-0.142	0.317	"1"
"一些"	2	0	2	2.76	0.125	1.115	-0.437	-0.055	0.507	0.999	"3"
"一刻"	0	0	1	0.69	0.031	0.279	-0.509	-0.014	0.555	1.078	"3"
"一千五百"	1	0	0	0.69	0.031	0.279	0.161	-0.014	-0.142	0.317	"1"
"一同"	1	0	0	0.69	0.031	0.279	0.161	-0.014	-0.142	0.317	"1"
"一百多万"	1	0	0	0.69	0.031	0.279	0.161	-0.014	-0.142	0.317	"1"
"一般"	0	0	1	0.69	0.031	0.279	-0.509	-0.014	0.555	1.078	"3"
"一起"	0	0	1	0.69	0.031	0.279	-0.509	-0.014	0.555	1.078	"3"
"七十九"	1	0	0	0.69	0.031	0.279	0.161	-0.014	-0.142	0.317	"1"
"三军"	1	0	0	0.69	0.031	0.279	0.161	-0.014	-0.142	0.317	"1"
"三千多"	1	0	0	0.69	0.031	0.279	0.161	-0.014	-0.142	0.317	"1"
"三百八十二"	1	0	0	0.69	0.031	0.279	0.161	-0.014	-0.142	0.317	"1"
"上岸"	1	0	0	0.69	0.031	0.279	0.161	-0.014	-0.142	0.317	"1"
"上校"	1	0	1	1.38	0.062	0.558	-0.281	-0.027	0.319	0.627	"3"
"上端"	0	0	1	0.69	0.031	0.279	-0.509	-0.014	0.555	1.078	"3"
"下山"	0	0	1	0.69	0.031	0.279	-0.509	-0.014	0.555	1.078	"3"
"下来"	1	0	0	0.69	0.031	0.279	0.161	-0.014	-0.142	0.317	"1"
"下级"	0	0	3	2.07	0.093	0.836	-1.526	-0.041	1.664	3.231	"3"
"不下"	1	0	0	0.69	0.031	0.279	0.161	-0.014	-0.142	0.317	"1"
"不懈努力"	0	0	1	0.69	0.031	0.279	-0.509	-0.014	0.555	1.078	"3"
"不明"	2	0	0	1.38	0.062	0.558	0.322	-0.027	-0.284	0.633	"1"
"不治"	2	0	0	1.38	0.062	0.558	0.322	-0.027	-0.284	0.633	"1"
"不测"	1	0	0	0.69	0.031	0.279	0.161	-0.014	-0.142	0.317	"1"
"不满"	1	0	2	2.07	0.093	0.836	-0.641	-0.041	0.722	1.404	"3"
"不详"	1	0	0	0.69	0.031	0.279	0.161	-0.014	-0.142	0.317	"1"
"专人"	0	0	1	0.69	0.031	0.279	-0.509	-0.014	0.555	1.078	"3"
"专程"	0	0	1	0.69	0.031	0.279	-0.509	-0.014	0.555	1.078	"3"
"两"	31	0	0	21.393	0.966	8.642	4.994	-0.426	-4.4	9.82	"1"
"两伊"	1	0	0	0.69	0.031	0.279	0.161	-0.014	-0.142	0.317	"1"
"严寒"	0	0	1	0.69	0.031	0.279	-0.509	-0.014	0.555	1.078	"3"
"严防"	1	0	0	0.69	0.031	0.279	0.161	-0.014	-0.142	0.317	"1"
"丧"	1	0	0	0.69	0.031	0.279	0.161	-0.014	-0.142	0.317	"1"
"丧生"	18	0	0	12.421	0.561	5.018	2.9	-0.247	-2.555	5.702	"1"
"中世纪"	0	0	1	0.69	0.031	0.279	-0.509	-0.014	0.555	1.078	"3"
"中医院"	0	0	1	0.69	0.031	0.279	-0.509	-0.014	0.555	1.078	"3"
"中学"	0	0	1	0.69	0.031	0.279	-0.509	-0.014	0.555	1.078	"3"
"中弹"	2	0	0	1.38	0.062	0.558	0.322	-0.027	-0.284	0.633	"1"
"中校"	0	0	1	0.69	0.031	0.279	-0.509	-0.014	0.555	1.078	"3"
"丹"	0	0	1	0.69	0.031	0.279	-0.509	-0.014	0.555	1.078	"3"
"丹瑞"	0	0	1	0.69	0.031	0.279	-0.509	-0.014	0.555	1.078	"3"
"为首"	0	0	1	0.69	0.031	0.279	-0.509	-0.014	0.555	1.078	"3"
"主动"	0	0	2	1.38	0.062	0.558	-1.018	-0.027	1.11	2.155	"3"
"主嫌"	1	0	0	0.69	0.031	0.279	0.161	-0.014	-0.142	0.317	"1"
"乃"	0	0	2	1.38	0.062	0.558	-1.018	-0.027	1.11	2.155	"3"
"义务"	0	0	1	0.69	0.031	0.279	-0.509	-0.014	0.555	1.078	"3"
"义国维"	2	0	0	1.38	0.062	0.558	0.322	-0.027	-0.284	0.633	"1"
"义大利"	3	0	0	2.07	0.093	0.836	0.483	-0.041	-0.426	0.95	"1"
"乌克兰"	2	0	0	1.38	0.062	0.558	0.322	-0.027	-0.284	0.633	"1"
"乘"	1	0	0	0.69	0.031	0.279	0.161	-0.014	-0.142	0.317	"1"
"乘船"	1	0	0	0.69	0.031	0.279	0.161	-0.014	-0.142	0.317	"1"
"九百"	1	0	0	0.69	0.031	0.279	0.161	-0.014	-0.142	0.317	"1"
"乡"	0	1	0	0.69	0.031	0.279	-0.509	1.507	-0.142	2.158	"2"
"书写"	0	0	1	0.69	0.031	0.279	-0.509	-0.014	0.555	1.078	"3"
"事件"	11	0	0	7.591	0.343	3.066	1.772	-0.151	-1.561	3.484	"1"
"事例"	1	0	0	0.69	0.031	0.279	0.161	-0.014	-0.142	0.317	"1"
"事务"	0	1	0	0.69	0.031	0.279	-0.509	1.507	-0.142	2.158	"2"
"事务部"	0	1	0	0.69	0.031	0.279	-0.509	1.507	-0.142	2.158	"2"
"五十"	2	0	0	1.38	0.062	0.558	0.322	-0.027	-0.284	0.633	"1"
"五十五万"	0	0	1	0.69	0.031	0.279	-0.509	-0.014	0.555	1.078	"3"
"亚"	1	0	0	0.69	0.031	0.279	0.161	-0.014	-0.142	0.317	"1"
"亚患"	1	0	0	0.69	0.031	0.279	0.161	-0.014	-0.142	0.317	"1"
"亚齐"	2	0	0	1.38	0.062	0.558	0.322	-0.027	-0.284	0.633	"1"
"亚齐人"	0	0	1	0.69	0.031	0.279	-0.509	-0.014	0.555	1.078	"3"
"亡"	2	0	0	1.38	0.062	0.558	0.322	-0.027	-0.284	0.633	"1"
"交战"	1	0	0	0.69	0.031	0.279	0.161	-0.014	-0.142	0.317	"1"
"交火"	3	0	0	2.07	0.093	0.836	0.483	-0.041	-0.426	0.95	"1"
"交还"	1	0	0	0.69	0.031	0.279	0.161	-0.014	-0.142	0.317	"1"
"产"	0	0	1	0.69	0.031	0.279	-0.509	-0.014	0.555	1.078	"3"
"亲"	0	0	1	0.69	0.031	0.279	-0.509	-0.014	0.555	1.078	"3"
"亲人"	0	0	1	0.69	0.031	0.279	-0.509	-0.014	0.555	1.078	"3"
"亲属"	0	0	1	0.69	0.031	0.279	-0.509	-0.014	0.555	1.078	"3"
"人墙"	0	0	1	0.69	0.031	0.279	-0.509	-0.014	0.555	1.078	"3"
"人数"	2	0	0	1.38	0.062	0.558	0.322	-0.027	-0.284	0.633	"1"
"人权"	0	0	1	0.69	0.031	0.279	-0.509	-0.014	0.555	1.078	"3"
"人武部"	0	0	1	0.69	0.031	0.279	-0.509	-0.014	0.555	1.078	"3"
"人民"	1	0	3	2.76	0.125	1.115	-1.039	-0.055	1.164	2.258	"3"
"人生"	0	0	1	0.69	0.031	0.279	-0.509	-0.014	0.555	1.078	"3"
"什叶派"	1	0	0	0.69	0.031	0.279	0.161	-0.014	-0.142	0.317	"1"
"仅有"	0	0	1	0.69	0.031	0.279	-0.509	-0.014	0.555	1.078	"3"
"今朝"	0	0	1	0.69	0.031	0.279	-0.509	-0.014	0.555	1.078	"3"
"介入"	0	0	1	0.69	0.031	0.279	-0.509	-0.014	0.555	1.078	"3"
"以南"	1	0	0	0.69	0.031	0.279	0.161	-0.014	-0.142	0.317	"1"
"以色列"	32	0	0	22.083	0.997	8.921	5.155	-0.44	-4.542	10.137	"1"
"们"	1	0	10	7.591	0.343	3.066	-4.19	-0.151	4.633	8.974	"3"
"仰光"	0	0	1	0.69	0.031	0.279	-0.509	-0.014	0.555	1.078	"3"
"任务"	6	0	1	4.831	0.218	1.951	0.51	-0.096	-0.425	1.031	"1"
"企图"	1	0	0	0.69	0.031	0.279	0.161	-0.014	-0.142	0.317	"1"
"伊"	7	0	0	4.831	0.218	1.951	1.128	-0.096	-0.993	2.217	"1"
"伊军"	6	0	0	4.14	0.187	1.673	0.967	-0.082	-0.852	1.901	"1"
"伊境"	1	0	0	0.69	0.031	0.279	0.161	-0.014	-0.142	0.317	"1"
"伊拉克"	49	0	2	35.194	1.589	14.217	5.767	-0.701	-4.913	11.381	"1"
"伊朗"	1	0	0	0.69	0.031	0.279	0.161	-0.014	-0.142	0.317	"1"
"伍"	1	2	0	2.07	0.093	0.836	-0.641	2.545	-0.426	3.612	"2"
"伏"	1	0	0	0.69	0.031	0.279	0.161	-0.014	-0.142	0.317	"1"
"伏击"	1	0	0	0.69	0.031	0.279	0.161	-0.014	-0.142	0.317	"1"
"休假"	2	0	0	1.38	0.062	0.558	0.322	-0.027	-0.284	0.633	"1"
"众多"	0	1	1	1.38	0.062	0.558	-1.018	1.212	0.319	2.549	"2"
"优抚"	1	1	0	1.38	0.062	0.558	-0.281	1.212	-0.284	1.777	"2"
"优秀"	0	1	2	2.07	0.093	0.836	-1.526	1.043	0.722	3.291	"1"
"伙食"	0	0	1	0.69	0.031	0.279	-0.509	-0.014	0.555	1.078	"3"
"传言"	0	0	1	0.69	0.031	0.279	-0.509	-0.014	0.555	1.078	"3"
"伤"	4	0	0	2.76	0.125	1.115	0.644	-0.055	-0.568	1.267	"1"
"伤亡"	7	0	0	4.831	0.218	1.951	1.128	-0.096	-0.993	2.217	"1"
"伤势"	1	0	0	0.69	0.031	0.279	0.161	-0.014	-0.142	0.317	"1"
"伤害"	2	0	0	1.38	0.062	0.558	0.322	-0.027	-0.284	0.633	"1"
"伤残"	2	1	0	2.07	0.093	0.836	-0.173	1.043	-0.426	1.642	"2"
"伪装"	0	0	1	0.69	0.031	0.279	-0.509	-0.014	0.555	1.078	"3"
"伴侣"	0	0	1	0.69	0.031	0.279	-0.509	-0.014	0.555	1.078	"3"
"伸手"	0	0	1	0.69	0.031	0.279	-0.509	-0.014	0.555	1.078	"3"
"位"	0	1	3	2.76	0.125	1.115	-2.035	0.925	1.164	4.124	"1"
"住"	0	0	1	0.69	0.031	0.279	-0.509	-0.014	0.555	1.078	"3"
"体检"	0	0	1	0.69	0.031	0.279	-0.509	-0.014	0.555	1.078	"3"
"作战"	2	0	3	3.45	0.156	1.394	-0.753	-0.069	0.866	1.688	"3"
"使馆"	2	0	0	1.38	0.062	0.558	0.322	-0.027	-0.284	0.633	"1"
"侄女"	1	0	0	0.69	0.031	0.279	0.161	-0.014	-0.142	0.317	"1"
"供养"	1	0	0	0.69	0.031	0.279	0.161	-0.014	-0.142	0.317	"1"
"依据国"	0	0	1	0.69	0.031	0.279	-0.509	-0.014	0.555	1.078	"3"
"侦察连"	0	0	1	0.69	0.031	0.279	-0.509	-0.014	0.555	1.078	"3"
"侦破"	1	0	0	0.69	0.031	0.279	0.161	-0.014	-0.142	0.317	"1"
"便于"	1	0	0	0.69	0.031	0.279	0.161	-0.014	-0.142	0.317	"1"
"俄军"	2	0	0	1.38	0.062	0.558	0.322	-0.027	-0.284	0.633	"1"
"俘虏"	2	0	0	1.38	0.062	0.558	0.322	-0.027	-0.284	0.633	"1"
"保护"	0	0	2	1.38	0.062	0.558	-1.018	-0.027	1.11	2.155	"3"
"保龄球赛"	0	0	1	0.69	0.031	0.279	-0.509	-0.014	0.555	1.078	"3"
"借重"	0	0	1	0.69	0.031	0.279	-0.509	-0.014	0.555	1.078	"3"
"倡议"	0	0	1	0.69	0.031	0.279	-0.509	-0.014	0.555	1.078	"3"
"值勤"	1	0	0	0.69	0.031	0.279	0.161	-0.014	-0.142	0.317	"1"
"假冒"	1	0	0	0.69	0.031	0.279	0.161	-0.014	-0.142	0.317	"1"
"做为"	0	0	1	0.69	0.031	0.279	-0.509	-0.014	0.555	1.078	"3"
"停止"	0	0	1	0.69	0.031	0.279	-0.509	-0.014	0.555	1.078	"3"
"停火"	1	0	0	0.69	0.031	0.279	0.161	-0.014	-0.142	0.317	"1"
"健"	1	0	0	0.69	0.031	0.279	0.161	-0.014	-0.142	0.317	"1"
"健康"	1	0	0	0.69	0.031	0.279	0.161	-0.014	-0.142	0.317	"1"
"允许"	1	0	0	0.69	0.031	0.279	0.161	-0.014	-0.142	0.317	"1"
"元兇"	1	0	0	0.69	0.031	0.279	0.161	-0.014	-0.142	0.317	"1"
"充实"	0	1	0	0.69	0.031	0.279	-0.509	1.507	-0.142	2.158	"2"
"光"	0	0	1	0.69	0.031	0.279	-0.509	-0.014	0.555	1.078	"3"
"克尔加"	0	0	1	0.69	0.031	0.279	-0.509	-0.014	0.555	1.078	"3"
"克里特"	1	0	0	0.69	0.031	0.279	0.161	-0.014	-0.142	0.317	"1"
"免"	0	0	1	0.69	0.031	0.279	-0.509	-0.014	0.555	1.078	"3"
"党员"	0	0	1	0.69	0.031	0.279	-0.509	-0.014	0.555	1.078	"3"
"入伍"	0	0	1	0.69	0.031	0.279	-0.509	-0.014	0.555	1.078	"3"
"入侵"	0	0	1	0.69	0.031	0.279	-0.509	-0.014	0.555	1.078	"3"
"全无"	0	0	1	0.69	0.031	0.279	-0.509	-0.014	0.555	1.078	"3"
"全民健保"	0	0	1	0.69	0.031	0.279	-0.509	-0.014	0.555	1.078	"3"
"八二三"	0	2	0	1.38	0.062	0.558	-1.018	3.013	-0.284	4.315	"2"
"八十六"	1	0	0	0.69	0.031	0.279	0.161	-0.014	-0.142	0.317	"1"
"公务员"	0	0	2	1.38	0.062	0.558	-1.018	-0.027	1.11	2.155	"3"
"公民"	0	0	2	1.38	0.062	0.558	-1.018	-0.027	1.11	2.155	"3"
"公约组"	1	0	0	0.69	0.031	0.279	0.161	-0.014	-0.142	0.317	"1"
"六千"	1	0	0	0.69	0.031	0.279	0.161	-0.014	-0.142	0.317	"1"
"共产主义"	0	0	1	0.69	0.031	0.279	-0.509	-0.014	0.555	1.078	"3"
"共和"	1	0	0	0.69	0.031	0.279	0.161	-0.014	-0.142	0.317	"1"
"共和国"	0	0	1	0.69	0.031	0.279	-0.509	-0.014	0.555	1.078	"3"
"共有"	2	0	0	1.38	0.062	0.558	0.322	-0.027	-0.284	0.633	"1"
"关塔那摩"	1	0	0	0.69	0.031	0.279	0.161	-0.014	-0.142	0.317	"1"
"兵"	4	0	0	2.76	0.125	1.115	0.644	-0.055	-0.568	1.267	"1"
"兵变"	1	0	3	2.76	0.125	1.115	-1.039	-0.055	1.164	2.258	"3"
"兵役"	0	0	1	0.69	0.031	0.279	-0.509	-0.014	0.555	1.078	"3"
"其中"	6	0	0	4.14	0.187	1.673	0.967	-0.082	-0.852	1.901	"1"
"具"	3	0	0	2.07	0.093	0.836	0.483	-0.041	-0.426	0.95	"1"
"内战"	0	0	1	0.69	0.031	0.279	-0.509	-0.014	0.555	1.078	"3"
"冈萨雷斯"	1	0	0	0.69	0.031	0.279	0.161	-0.014	-0.142	0.317	"1"
"冒"	0	0	1	0.69	0.031	0.279	-0.509	-0.014	0.555	1.078	"3"
"军"	17	0	4	14.492	0.654	5.854	0.763	-0.289	-0.581	1.633	"1"
"军事"	10	0	1	7.591	0.343	3.066	0.998	-0.151	-0.841	1.99	"1"
"军人"	0	2	13	10.351	0.467	4.182	-7.631	1.108	5.451	14.19	"1"
"军协"	0	0	1	0.69	0.031	0.279	-0.509	-0.014	0.555	1.078	"3"
"军嫂"	0	1	0	0.69	0.031	0.279	-0.509	1.507	-0.142	2.158	"2"
"军官"	1	0	12	8.971	0.405	3.624	-5.137	-0.179	5.672	10.988	"3"
"军政府"	0	0	1	0.69	0.031	0.279	-0.509	-0.014	0.555	1.078	"3"
"军方"	7	0	1	5.521	0.249	2.23	0.627	-0.11	-0.523	1.26	"1"
"军服"	1	0	1	1.38	0.062	0.558	-0.281	-0.027	0.319	0.627	"3"
"军校"	0	0	2	1.38	0.062	0.558	-1.018	-0.027	1.11	2.155	"3"
"军火库"	1	0	0	0.69	0.031	0.279	0.161	-0.014	-0.142	0.317	"1"
"军眷"	1	0	0	0.69	0.031	0.279	0.161	-0.014	-0.142	0.317	"1"
"军舰"	1	0	0	0.69	0.031	0.279	0.161	-0.014	-0.142	0.317	"1"
"军营"	1	0	0	0.69	0.031	0.279	0.161	-0.014	-0.142	0.317	"1"
"军车"	5	0	0	3.45	0.156	1.394	0.805	-0.069	-0.71	1.584	"1"
"军队"	4	0	3	4.831	0.218	1.951	-0.425	-0.096	0.515	1.036	"3"
"军饷"	0	0	1	0.69	0.031	0.279	-0.509	-0.014	0.555	1.078	"3"
"农场"	0	0	2	1.38	0.062	0.558	-1.018	-0.027	1.11	2.155	"3"
"冬天"	2	0	0	1.38	0.062	0.558	0.322	-0.027	-0.284	0.633	"1"
"冬季"	0	0	1	0.69	0.031	0.279	-0.509	-0.014	0.555	1.078	"3"
"冲"	1	0	0	0.69	0.031	0.279	0.161	-0.014	-0.142	0.317	"1"
"冲突"	4	0	0	2.76	0.125	1.115	0.644	-0.055	-0.568	1.267	"1"
"冲锋枪"	1	0	0	0.69	0.031	0.279	0.161	-0.014	-0.142	0.317	"1"
"冲锋陷阵"	0	0	1	0.69	0.031	0.279	-0.509	-0.014	0.555	1.078	"3"
"冻结"	0	0	1	0.69	0.031	0.279	-0.509	-0.014	0.555	1.078	"3"
"凌晨"	1	0	2	2.07	0.093	0.836	-0.641	-0.041	0.722	1.404	"3"
"凌迟"	1	0	0	0.69	0.031	0.279	0.161	-0.014	-0.142	0.317	"1"
"凝重"	0	1	0	0.69	0.031	0.279	-0.509	1.507	-0.142	2.158	"2"
"几百"	1	0	0	0.69	0.031	0.279	0.161	-0.014	-0.142	0.317	"1"
"凶"	1	0	0	0.69	0.031	0.279	0.161	-0.014	-0.142	0.317	"1"
"出动"	1	0	0	0.69	0.031	0.279	0.161	-0.014	-0.142	0.317	"1"
"出生入死"	0	0	1	0.69	0.031	0.279	-0.509	-0.014	0.555	1.078	"3"
"出身"	0	0	1	0.69	0.031	0.279	-0.509	-0.014	0.555	1.078	"3"
"击中"	2	0	0	1.38	0.062	0.558	0.322	-0.027	-0.284	0.633	"1"
"击毙"	2	0	0	1.38	0.062	0.558	0.322	-0.027	-0.284	0.633	"1"
"刀剑"	1	0	0	0.69	0.031	0.279	0.161	-0.014	-0.142	0.317	"1"
"分会"	0	1	0	0.69	0.031	0.279	-0.509	1.507	-0.142	2.158	"2"
"切特"	0	0	2	1.38	0.062	0.558	-1.018	-0.027	1.11	2.155	"3"
"列"	1	0	0	0.69	0.031	0.279	0.161	-0.014	-0.142	0.317	"1"
"初级"	0	0	2	1.38	0.062	0.558	-1.018	-0.027	1.11	2.155	"3"
"利比"	1	0	0	0.69	0.031	0.279	0.161	-0.014	-0.142	0.317	"1"
"利比里亚"	3	0	0	2.07	0.093	0.836	0.483	-0.041	-0.426	0.95	"1"
"利用假"	1	0	0	0.69	0.031	0.279	0.161	-0.014	-0.142	0.317	"1"
"到处"	0	0	1	0.69	0.031	0.279	-0.509	-0.014	0.555	1.078	"3"
"到头来"	1	0	0	0.69	0.031	0.279	0.161	-0.014	-0.142	0.317	"1"
"制导"	1	0	0	0.69	0.031	0.279	0.161	-0.014	-0.142	0.317	"1"
"前"	4	1	2	4.831	0.218	1.951	-0.425	0.702	0.205	1.332	"2"
"前往"	2	0	0	1.38	0.062	0.558	0.322	-0.027	-0.284	0.633	"1"
"前科"	1	0	0	0.69	0.031	0.279	0.161	-0.014	-0.142	0.317	"1"
"前移"	0	0	1	0.69	0.031	0.279	-0.509	-0.014	0.555	1.078	"3"
"前线"	1	0	3	2.76	0.125	1.115	-1.039	-0.055	1.164	2.258	"3"
"加萨"	1	0	0	0.69	0.031	0.279	0.161	-0.014	-0.142	0.317	"1"
"加萨走廊"	1	0	0	0.69	0.031	0.279	0.161	-0.014	-0.142	0.317	"1"
"务"	1	0	0	0.69	0.031	0.279	0.161	-0.014	-0.142	0.317	"1"
"努瓦克"	0	0	2	1.38	0.062	0.558	-1.018	-0.027	1.11	2.155	"3"
"勇敢"	0	0	1	0.69	0.031	0.279	-0.509	-0.014	0.555	1.078	"3"
"勒令"	1	0	0	0.69	0.031	0.279	0.161	-0.014	-0.142	0.317	"1"
"勤"	0	0	1	0.69	0.031	0.279	-0.509	-0.014	0.555	1.078	"3"
"匈牙利"	1	0	0	0.69	0.031	0.279	0.161	-0.014	-0.142	0.317	"1"
"北约"	6	0	0	4.14	0.187	1.673	0.967	-0.082	-0.852	1.901	"1"
"北部"	5	0	1	4.14	0.187	1.673	0.399	-0.082	-0.331	0.812	"1"
"医务"	0	0	1	0.69	0.031	0.279	-0.509	-0.014	0.555	1.078	"3"
"医学"	1	0	1	1.38	0.062	0.558	-0.281	-0.027	0.319	0.627	"3"
"十一"	2	0	0	1.38	0.062	0.558	0.322	-0.027	-0.284	0.633	"1"
"华"	0	0	1	0.69	0.031	0.279	-0.509	-0.014	0.555	1.078	"3"
"华裔"	1	1	0	1.38	0.062	0.558	-0.281	1.212	-0.284	1.777	"2"
"协会"	0	3	7	6.901	0.312	2.788	-5.088	2.512	2.166	9.766	"1"
"协助"	1	0	0	0.69	0.031	0.279	0.161	-0.014	-0.142	0.317	"1"
"协同"	1	0	0	0.69	0.031	0.279	0.161	-0.014	-0.142	0.317	"1"
"单身"	0	0	1	0.69	0.031	0.279	-0.509	-0.014	0.555	1.078	"3"
"南斯拉夫"	2	0	0	1.38	0.062	0.558	0.322	-0.027	-0.284	0.633	"1"
"南部"	6	0	0	4.14	0.187	1.673	0.967	-0.082	-0.852	1.901	"1"
"占领"	1	0	1	1.38	0.062	0.558	-0.281	-0.027	0.319	0.627	"3"
"占领军"	1	0	0	0.69	0.031	0.279	0.161	-0.014	-0.142	0.317	"1"
"卢旺达"	1	0	0	0.69	0.031	0.279	0.161	-0.014	-0.142	0.317	"1"
"卫队"	1	0	0	0.69	0.031	0.279	0.161	-0.014	-0.142	0.317	"1"
"印"	1	0	0	0.69	0.031	0.279	0.161	-0.014	-0.142	0.317	"1"
"印军"	1	0	0	0.69	0.031	0.279	0.161	-0.014	-0.142	0.317	"1"
"印尼"	2	0	1	2.07	0.093	0.836	-0.173	-0.041	0.204	0.418	"3"
"印巴"	0	0	1	0.69	0.031	0.279	-0.509	-0.014	0.555	1.078	"3"
"印度"	0	0	1	0.69	0.031	0.279	-0.509	-0.014	0.555	1.078	"3"
"危地马拉籍"	1	0	0	0.69	0.031	0.279	0.161	-0.014	-0.142	0.317	"1"
"危害"	0	0	1	0.69	0.031	0.279	-0.509	-0.014	0.555	1.078	"3"
"危险"	2	0	0	1.38	0.062	0.558	0.322	-0.027	-0.284	0.633	"1"
"厌倦"	0	0	1	0.69	0.031	0.279	-0.509	-0.014	0.555	1.078	"3"
"参与"	1	0	0	0.69	0.031	0.279	0.161	-0.014	-0.142	0.317	"1"
"参军"	1	0	0	0.69	0.031	0.279	0.161	-0.014	-0.142	0.317	"1"
"参加"	1	0	0	0.69	0.031	0.279	0.161	-0.014	-0.142	0.317	"1"
"参战"	3	0	0	2.07	0.093	0.836	0.483	-0.041	-0.426	0.95	"1"
"参政"	0	0	2	1.38	0.062	0.558	-1.018	-0.027	1.11	2.155	"3"
"参观"	0	0	1	0.69	0.031	0.279	-0.509	-0.014	0.555	1.078	"3"
"又"	1	0	0	0.69	0.031	0.279	0.161	-0.014	-0.142	0.317	"1"
"及其"	4	0	1	3.45	0.156	1.394	0.294	-0.069	-0.242	0.605	"1"
"反对"	0	0	2	1.38	0.062	0.558	-1.018	-0.027	1.11	2.155	"3"
"反对派"	0	0	1	0.69	0.031	0.279	-0.509	-0.014	0.555	1.078	"3"
"发动"	2	0	5	4.831	0.218	1.951	-1.48	-0.096	1.68	3.256	"3"
"发射"	3	0	0	2.07	0.093	0.836	0.483	-0.041	-0.426	0.95	"1"
"发生"	4	0	0	2.76	0.125	1.115	0.644	-0.055	-0.568	1.267	"1"
"受"	3	0	0	2.07	0.093	0.836	0.483	-0.041	-0.426	0.95	"1"
"受伤"	28	0	1	20.012	0.903	8.084	3.525	-0.399	-3.029	6.953	"1"
"受袭"	1	0	0	0.69	0.031	0.279	0.161	-0.014	-0.142	0.317	"1"
"变为"	0	0	1	0.69	0.031	0.279	-0.509	-0.014	0.555	1.078	"3"
"变节"	1	0	0	0.69	0.031	0.279	0.161	-0.014	-0.142	0.317	"1"
"叙利亚"	2	0	0	1.38	0.062	0.558	0.322	-0.027	-0.284	0.633	"1"
"叛乱"	0	0	2	1.38	0.062	0.558	-1.018	-0.027	1.11	2.155	"3"
"叛军"	0	0	1	0.69	0.031	0.279	-0.509	-0.014	0.555	1.078	"3"
"古"	0	0	1	0.69	0.031	0.279	-0.509	-0.014	0.555	1.078	"3"
"另"	9	0	0	6.211	0.28	2.509	1.45	-0.124	-1.277	2.851	"1"
"另外"	3	0	0	2.07	0.093	0.836	0.483	-0.041	-0.426	0.95	"1"
"召回"	0	0	1	0.69	0.031	0.279	-0.509	-0.014	0.555	1.078	"3"
"可能"	2	0	1	2.07	0.093	0.836	-0.173	-0.041	0.204	0.418	"3"
"台籍"	0	0	2	1.38	0.062	0.558	-1.018	-0.027	1.11	2.155	"3"
"司令部"	1	0	1	1.38	0.062	0.558	-0.281	-0.027	0.319	0.627	"3"
"合作社"	0	0	1	0.69	0.031	0.279	-0.509	-0.014	0.555	1.078	"3"
"吉尔"	0	0	1	0.69	0.031	0.279	-0.509	-0.014	0.555	1.078	"3"
"吉林省"	1	0	0	0.69	0.031	0.279	0.161	-0.014	-0.142	0.317	"1"
"同"	0	0	1	0.69	0.031	0.279	-0.509	-0.014	0.555	1.078	"3"
"同情"	3	0	0	2.07	0.093	0.836	0.483	-0.041	-0.426	0.95	"1"
"名"	206	1	7	147.678	6.666	59.656	23.238	-2.045	-20.655	45.938	"1"
"名士"	2	0	0	1.38	0.062	0.558	0.322	-0.027	-0.284	0.633	"1"
"后勤"	1	0	0	0.69	0.031	0.279	0.161	-0.014	-0.142	0.317	"1"
"后备"	0	0	1	0.69	0.031	0.279	-0.509	-0.014	0.555	1.078	"3"
"后备军"	1	0	0	0.69	0.031	0.279	0.161	-0.014	-0.142	0.317	"1"
"后方"	0	0	1	0.69	0.031	0.279	-0.509	-0.014	0.555	1.078	"3"
"否认"	0	0	2	1.38	0.062	0.558	-1.018	-0.027	1.11	2.155	"3"
"听说"	1	0	0	0.69	0.031	0.279	0.161	-0.014	-0.142	0.317	"1"
"员"	1	0	0	0.69	0.031	0.279	0.161	-0.014	-0.142	0.317	"1"
"周刊"	1	0	0	0.69	0.031	0.279	0.161	-0.014	-0.142	0.317	"1"
"呼吁"	1	0	1	1.38	0.062	0.558	-0.281	-0.027	0.319	0.627	"3"
"命案"	1	0	0	0.69	0.031	0.279	0.161	-0.014	-0.142	0.317	"1"
"命运"	1	0	0	0.69	0.031	0.279	0.161	-0.014	-0.142	0.317	"1"
"和"	60	0	10	48.306	2.181	19.514	2.971	-0.962	-2.246	6.179	"1"
"哀悼"	2	0	0	1.38	0.062	0.558	0.322	-0.027	-0.284	0.633	"1"
"哈拉哈河"	1	0	0	0.69	0.031	0.279	0.161	-0.014	-0.142	0.317	"1"
"哈比比"	1	0	0	0.69	0.031	0.279	0.161	-0.014	-0.142	0.317	"1"
"哈马斯"	1	0	0	0.69	0.031	0.279	0.161	-0.014	-0.142	0.317	"1"
"哨"	0	0	1	0.69	0.031	0.279	-0.509	-0.014	0.555	1.078	"3"
"哨所"	2	0	1	2.07	0.093	0.836	-0.173	-0.041	0.204	0.418	"3"
"唯有"	0	0	1	0.69	0.031	0.279	-0.509	-0.014	0.555	1.078	"3"
"喀布尔"	1	0	0	0.69	0.031	0.279	0.161	-0.014	-0.142	0.317	"1"
"喝醉酒"	1	0	0	0.69	0.031	0.279	0.161	-0.014	-0.142	0.317	"1"
"嗅尸队"	1	0	0	0.69	0.031	0.279	0.161	-0.014	-0.142	0.317	"1"
"囚犯"	1	0	0	0.69	0.031	0.279	0.161	-0.014	-0.142	0.317	"1"
"回乡"	0	0	1	0.69	0.031	0.279	-0.509	-0.014	0.555	1.078	"3"
"回教"	0	0	1	0.69	0.031	0.279	-0.509	-0.014	0.555	1.078	"3"
"回营"	0	0	1	0.69	0.031	0.279	-0.509	-0.014	0.555	1.078	"3"
"因"	4	0	1	3.45	0.156	1.394	0.294	-0.069	-0.242	0.605	"1"
"团"	0	0	1	0.69	0.031	0.279	-0.509	-0.014	0.555	1.078	"3"
"国旗"	0	0	1	0.69	0.031	0.279	-0.509	-0.014	0.555	1.078	"3"
"国民"	0	0	3	2.07	0.093	0.836	-1.526	-0.041	1.664	3.231	"3"
"国葬"	1	0	0	0.69	0.031	0.279	0.161	-0.014	-0.142	0.317	"1"
"国防"	0	1	2	2.07	0.093	0.836	-1.526	1.043	0.722	3.291	"1"
"国防部"	2	1	4	4.831	0.218	1.951	-1.48	0.702	0.999	3.181	"1"
"国防部长"	0	1	0	0.69	0.031	0.279	-0.509	1.507	-0.142	2.158	"2"
"国际刑"	0	0	1	0.69	0.031	0.279	-0.509	-0.014	0.555	1.078	"3"
"土"	1	0	1	1.38	0.062	0.558	-0.281	-0.027	0.319	0.627	"3"
"土改"	0	1	0	0.69	0.031	0.279	-0.509	1.507	-0.142	2.158	"2"
"土耳"	1	0	0	0.69	0.031	0.279	0.161	-0.014	-0.142	0.317	"1"
"土耳其"	3	0	1	2.76	0.125	1.115	0.198	-0.055	-0.162	0.415	"1"
"圣普"	0	0	3	2.07	0.093	0.836	-1.526	-0.041	1.664	3.231	"3"
"在"	1	0	0	0.69	0.031	0.279	0.161	-0.014	-0.142	0.317	"1"
"在一起"	0	0	1	0.69	0.031	0.279	-0.509	-0.014	0.555	1.078	"3"
"在逃"	0	0	1	0.69	0.031	0.279	-0.509	-0.014	0.555	1.078	"3"
"地方军"	1	0	0	0.69	0.031	0.279	0.161	-0.014	-0.142	0.317	"1"
"地道"	1	0	0	0.69	0.031	0.279	0.161	-0.014	-0.142	0.317	"1"
"地雷"	1	0	0	0.69	0.031	0.279	0.161	-0.014	-0.142	0.317	"1"
"场主"	0	0	1	0.69	0.031	0.279	-0.509	-0.014	0.555	1.078	"3"
"坠机"	1	0	0	0.69	0.031	0.279	0.161	-0.014	-0.142	0.317	"1"
"坦克"	3	0	0	2.07	0.093	0.836	0.483	-0.041	-0.426	0.95	"1"
"埃斯特拉达"	0	0	2	1.38	0.062	0.558	-1.018	-0.027	1.11	2.155	"3"
"城"	2	0	0	1.38	0.062	0.558	0.322	-0.027	-0.284	0.633	"1"
"埔"	0	0	1	0.69	0.031	0.279	-0.509	-0.014	0.555	1.078	"3"
"基层"	0	1	0	0.69	0.031	0.279	-0.509	1.507	-0.142	2.158	"2"
"基金局"	0	0	1	0.69	0.031	0.279	-0.509	-0.014	0.555	1.078	"3"
"堆拉"	0	0	2	1.38	0.062	0.558	-1.018	-0.027	1.11	2.155	"3"
"塔利班"	3	0	0	2.07	0.093	0.836	0.483	-0.041	-0.426	0.95	"1"
"塔迪奇"	0	0	1	0.69	0.031	0.279	-0.509	-0.014	0.555	1.078	"3"
"塞"	1	0	0	0.69	0.031	0.279	0.161	-0.014	-0.142	0.317	"1"
"塞达特"	1	0	0	0.69	0.031	0.279	0.161	-0.014	-0.142	0.317	"1"
"墓园"	0	0	2	1.38	0.062	0.558	-1.018	-0.027	1.11	2.155	"3"
"墓地"	1	0	0	0.69	0.031	0.279	0.161	-0.014	-0.142	0.317	"1"
"增修"	0	0	1	0.69	0.031	0.279	-0.509	-0.014	0.555	1.078	"3"
"增派"	2	0	0	1.38	0.062	0.558	0.322	-0.027	-0.284	0.633	"1"
"墨"	1	0	0	0.69	0.031	0.279	0.161	-0.014	-0.142	0.317	"1"
"墨美"	1	0	0	0.69	0.031	0.279	0.161	-0.014	-0.142	0.317	"1"
"士兵"	22	0	1	15.872	0.716	6.412	2.651	-0.316	-2.269	5.236	"1"
"声明"	5	0	0	3.45	0.156	1.394	0.805	-0.069	-0.71	1.584	"1"
"备"	0	0	1	0.69	0.031	0.279	-0.509	-0.014	0.555	1.078	"3"
"外国"	0	0	1	0.69	0.031	0.279	-0.509	-0.014	0.555	1.078	"3"
"多"	0	0	1	0.69	0.031	0.279	-0.509	-0.014	0.555	1.078	"3"
"大厅"	1	0	0	0.69	0.031	0.279	0.161	-0.014	-0.142	0.317	"1"
"大约"	8	0	0	5.521	0.249	2.23	1.289	-0.11	-1.135	2.534	"1"
"大胡"	0	0	1	0.69	0.031	0.279	-0.509	-0.014	0.555	1.078	"3"
"大部份"	1	0	0	0.69	0.031	0.279	0.161	-0.014	-0.142	0.317	"1"
"天分"	1	0	0	0.69	0.031	0.279	0.161	-0.014	-0.142	0.317	"1"
"天池"	1	0	0	0.69	0.031	0.279	0.161	-0.014	-0.142	0.317	"1"
"天职"	0	0	1	0.69	0.031	0.279	-0.509	-0.014	0.555	1.078	"3"
"夫维"	1	0	0	0.69	0.031	0.279	0.161	-0.014	-0.142	0.317	"1"
"失业"	0	0	1	0.69	0.031	0.279	-0.509	-0.014	0.555	1.078	"3"
"失踪"	5	0	0	3.45	0.156	1.394	0.805	-0.069	-0.71	1.584	"1"
"头"	1	0	0	0.69	0.031	0.279	0.161	-0.014	-0.142	0.317	"1"
"头疼"	1	0	0	0.69	0.031	0.279	0.161	-0.014	-0.142	0.317	"1"
"头目"	0	0	1	0.69	0.031	0.279	-0.509	-0.014	0.555	1.078	"3"
"奖牌"	0	1	0	0.69	0.031	0.279	-0.509	1.507	-0.142	2.158	"2"
"女嫌"	1	0	0	0.69	0.031	0.279	0.161	-0.014	-0.142	0.317	"1"
"奸污"	1	0	0	0.69	0.031	0.279	0.161	-0.014	-0.142	0.317	"1"
"好了"	0	0	1	0.69	0.031	0.279	-0.509	-0.014	0.555	1.078	"3"
"好几千"	1	0	0	0.69	0.031	0.279	0.161	-0.014	-0.142	0.317	"1"
"如何"	0	0	2	1.38	0.062	0.558	-1.018	-0.027	1.11	2.155	"3"
"妇女"	2	0	0	1.38	0.062	0.558	0.322	-0.027	-0.284	0.633	"1"
"妙"	0	0	1	0.69	0.031	0.279	-0.509	-0.014	0.555	1.078	"3"
"姆"	1	0	0	0.69	0.031	0.279	0.161	-0.014	-0.142	0.317	"1"
"威武"	0	0	1	0.69	0.031	0.279	-0.509	-0.014	0.555	1.078	"3"
"子女"	1	0	0	0.69	0.031	0.279	0.161	-0.014	-0.142	0.317	"1"
"存活"	0	0	1	0.69	0.031	0.279	-0.509	-0.014	0.555	1.078	"3"
"孤儿"	0	0	1	0.69	0.031	0.279	-0.509	-0.014	0.555	1.078	"3"
"守"	2	0	1	2.07	0.093	0.836	-0.173	-0.041	0.204	0.418	"3"
"守卫"	1	0	0	0.69	0.031	0.279	0.161	-0.014	-0.142	0.317	"1"
"守岛"	1	0	0	0.69	0.031	0.279	0.161	-0.014	-0.142	0.317	"1"
"安全部"	2	0	0	1.38	0.062	0.558	0.322	-0.027	-0.284	0.633	"1"
"安家"	1	0	0	0.69	0.031	0.279	0.161	-0.014	-0.142	0.317	"1"
"安心"	1	0	0	0.69	0.031	0.279	0.161	-0.014	-0.142	0.317	"1"
"安置"	1	2	2	3.45	0.156	1.394	-1.46	2.04	0.369	3.869	"2"
"安置好"	0	1	0	0.69	0.031	0.279	-0.509	1.507	-0.142	2.158	"2"
"官兵"	0	0	2	1.38	0.062	0.558	-1.018	-0.027	1.11	2.155	"3"
"定居"	1	0	0	0.69	0.031	0.279	0.161	-0.014	-0.142	0.317	"1"
"实行"	0	0	1	0.69	0.031	0.279	-0.509	-0.014	0.555	1.078	"3"
"实践"	1	0	0	0.69	0.031	0.279	0.161	-0.014	-0.142	0.317	"1"
"审讯"	0	0	1	0.69	0.031	0.279	-0.509	-0.014	0.555	1.078	"3"
"宣布"	0	0	1	0.69	0.031	0.279	-0.509	-0.014	0.555	1.078	"3"
"宪兵"	1	0	0	0.69	0.031	0.279	0.161	-0.014	-0.142	0.317	"1"
"家乡"	1	0	0	0.69	0.031	0.279	0.161	-0.014	-0.142	0.317	"1"
"家子村"	0	0	1	0.69	0.031	0.279	-0.509	-0.014	0.555	1.078	"3"
"家属"	4	0	0	2.76	0.125	1.115	0.644	-0.055	-0.568	1.267	"1"
"富汗"	1	0	0	0.69	0.031	0.279	0.161	-0.014	-0.142	0.317	"1"
"对付"	0	0	2	1.38	0.062	0.558	-1.018	-0.027	1.11	2.155	"3"
"对峙"	1	0	0	0.69	0.031	0.279	0.161	-0.014	-0.142	0.317	"1"
"对联"	0	0	1	0.69	0.031	0.279	-0.509	-0.014	0.555	1.078	"3"
"导致"	1	0	0	0.69	0.031	0.279	0.161	-0.014	-0.142	0.317	"1"
"射"	1	0	0	0.69	0.031	0.279	0.161	-0.014	-0.142	0.317	"1"
"射击"	5	0	0	3.45	0.156	1.394	0.805	-0.069	-0.71	1.584	"1"
"射杀"	2	0	0	1.38	0.062	0.558	0.322	-0.027	-0.284	0.633	"1"
"小兵"	0	0	1	0.69	0.031	0.279	-0.509	-0.014	0.555	1.078	"3"
"小船"	1	0	0	0.69	0.031	0.279	0.161	-0.014	-0.142	0.317	"1"
"少女"	0	0	1	0.69	0.031	0.279	-0.509	-0.014	0.555	1.078	"3"
"少校"	0	0	1	0.69	0.031	0.279	-0.509	-0.014	0.555	1.078	"3"
"就近"	1	0	0	0.69	0.031	0.279	0.161	-0.014	-0.142	0.317	"1"
"尸体"	2	0	0	1.38	0.062	0.558	0.322	-0.027	-0.284	0.633	"1"
"尸骸"	0	0	1	0.69	0.031	0.279	-0.509	-0.014	0.555	1.078	"3"
"尼"	1	0	0	0.69	0.031	0.279	0.161	-0.014	-0.142	0.317	"1"
"尼泊尔"	1	0	0	0.69	0.031	0.279	0.161	-0.014	-0.142	0.317	"1"
"屯垦区"	2	0	0	1.38	0.062	0.558	0.322	-0.027	-0.284	0.633	"1"
"崩溃"	1	0	0	0.69	0.031	0.279	0.161	-0.014	-0.142	0.317	"1"
"巡逻"	2	0	1	2.07	0.093	0.836	-0.173	-0.041	0.204	0.418	"3"
"巡逻队"	1	0	0	0.69	0.031	0.279	0.161	-0.014	-0.142	0.317	"1"
"工人员"	0	1	0	0.69	0.031	0.279	-0.509	1.507	-0.142	2.158	"2"
"工作服"	1	0	0	0.69	0.031	0.279	0.161	-0.014	-0.142	0.317	"1"
"工兵"	0	0	1	0.69	0.031	0.279	-0.509	-0.014	0.555	1.078	"3"
"己方"	1	0	0	0.69	0.031	0.279	0.161	-0.014	-0.142	0.317	"1"
"已故"	0	0	1	0.69	0.031	0.279	-0.509	-0.014	0.555	1.078	"3"
"巴勒斯坦"	8	0	0	5.521	0.249	2.23	1.289	-0.11	-1.135	2.534	"1"
"巴勒斯坦人"	4	0	0	2.76	0.125	1.115	0.644	-0.055	-0.568	1.267	"1"
"巴士拉"	5	0	0	3.45	0.156	1.394	0.805	-0.069	-0.71	1.584	"1"
"巴尔干"	5	0	1	4.14	0.187	1.673	0.399	-0.082	-0.331	0.812	"1"
"巴尔干半岛"	4	0	0	2.76	0.125	1.115	0.644	-0.055	-0.568	1.267	"1"
"巴布亚新几内亚"	1	0	0	0.69	0.031	0.279	0.161	-0.014	-0.142	0.317	"1"
"巴斯拉"	1	0	0	0.69	0.031	0.279	0.161	-0.014	-0.142	0.317	"1"
"巴格达"	15	0	0	10.351	0.467	4.182	2.416	-0.206	-2.129	4.751	"1"
"市中心"	1	0	0	0.69	0.031	0.279	0.161	-0.014	-0.142	0.317	"1"
"布加勒斯特"	1	0	0	0.69	0.031	0.279	0.161	-0.014	-0.142	0.317	"1"
"布雷默"	1	0	0	0.69	0.031	0.279	0.161	-0.014	-0.142	0.317	"1"
"师"	2	0	0	1.38	0.062	0.558	0.322	-0.027	-0.284	0.633	"1"
"希伯伦"	1	0	0	0.69	0.031	0.279	0.161	-0.014	-0.142	0.317	"1"
"带回"	1	0	0	0.69	0.031	0.279	0.161	-0.014	-0.142	0.317	"1"
"干政"	0	0	2	1.38	0.062	0.558	-1.018	-0.027	1.11	2.155	"3"
"干预"	1	0	0	0.69	0.031	0.279	0.161	-0.014	-0.142	0.317	"1"
"平民"	11	0	0	7.591	0.343	3.066	1.772	-0.151	-1.561	3.484	"1"
"年轻"	0	0	2	1.38	0.062	0.558	-1.018	-0.027	1.11	2.155	"3"
"床"	0	0	1	0.69	0.031	0.279	-0.509	-0.014	0.555	1.078	"3"
"库尔德"	1	0	0	0.69	0.031	0.279	0.161	-0.014	-0.142	0.317	"1"
"应邀"	0	0	1	0.69	0.031	0.279	-0.509	-0.014	0.555	1.078	"3"
"废除"	0	0	1	0.69	0.031	0.279	-0.509	-0.014	0.555	1.078	"3"
"座谈"	0	0	1	0.69	0.031	0.279	-0.509	-0.014	0.555	1.078	"3"
"康"	1	0	0	0.69	0.031	0.279	0.161	-0.014	-0.142	0.317	"1"
"廓尔喀"	2	0	0	1.38	0.062	0.558	0.322	-0.027	-0.284	0.633	"1"
"开战"	1	0	0	0.69	0.031	0.279	0.161	-0.014	-0.142	0.317	"1"
"开枪"	10	0	0	6.901	0.312	2.788	1.611	-0.137	-1.419	3.167	"1"
"开火"	1	0	0	0.69	0.031	0.279	0.161	-0.014	-0.142	0.317	"1"
"异国"	0	0	1	0.69	0.031	0.279	-0.509	-0.014	0.555	1.078	"3"
"异己"	0	0	1	0.69	0.031	0.279	-0.509	-0.014	0.555	1.078	"3"
"引发"	1	1	0	1.38	0.062	0.558	-0.281	1.212	-0.284	1.777	"2"
"引渡"	1	0	1	1.38	0.062	0.558	-0.281	-0.027	0.319	0.627	"3"
"张"	0	0	1	0.69	0.031	0.279	-0.509	-0.014	0.555	1.078	"3"
"弥漫"	0	0	1	0.69	0.031	0.279	-0.509	-0.014	0.555	1.078	"3"
"弹"	3	0	0	2.07	0.093	0.836	0.483	-0.041	-0.426	0.95	"1"
"强奸"	1	0	0	0.69	0.031	0.279	0.161	-0.014	-0.142	0.317	"1"
"强暴"	1	0	0	0.69	0.031	0.279	0.161	-0.014	-0.142	0.317	"1"
"强行"	0	0	1	0.69	0.031	0.279	-0.509	-0.014	0.555	1.078	"3"
"当"	0	0	1	0.69	0.031	0.279	-0.509	-0.014	0.555	1.078	"3"
"当兵"	0	0	1	0.69	0.031	0.279	-0.509	-0.014	0.555	1.078	"3"
"当场"	4	0	0	2.76	0.125	1.115	0.644	-0.055	-0.568	1.267	"1"
"当天"	5	0	0	3.45	0.156	1.394	0.805	-0.069	-0.71	1.584	"1"
"当年"	0	0	1	0.69	0.031	0.279	-0.509	-0.014	0.555	1.078	"3"
"当权派"	1	0	0	0.69	0.031	0.279	0.161	-0.014	-0.142	0.317	"1"
"录取"	0	0	1	0.69	0.031	0.279	-0.509	-0.014	0.555	1.078	"3"
"彩券"	0	0	1	0.69	0.031	0.279	-0.509	-0.014	0.555	1.078	"3"
"役"	0	1	1	1.38	0.062	0.558	-1.018	1.212	0.319	2.549	"2"
"役期"	0	0	1	0.69	0.031	0.279	-0.509	-0.014	0.555	1.078	"3"
"役男"	0	0	1	0.69	0.031	0.279	-0.509	-0.014	0.555	1.078	"3"
"待命"	1	0	0	0.69	0.031	0.279	0.161	-0.014	-0.142	0.317	"1"
"待遇"	1	0	2	2.07	0.093	0.836	-0.641	-0.041	0.722	1.404	"3"
"很多"	0	0	2	1.38	0.062	0.558	-1.018	-0.027	1.11	2.155	"3"
"很少"	0	0	1	0.69	0.031	0.279	-0.509	-0.014	0.555	1.078	"3"
"徐"	0	0	1	0.69	0.031	0.279	-0.509	-0.014	0.555	1.078	"3"
"徐文立"	0	0	1	0.69	0.031	0.279	-0.509	-0.014	0.555	1.078	"3"
"微型"	0	0	2	1.38	0.062	0.558	-1.018	-0.027	1.11	2.155	"3"
"微笑"	0	0	1	0.69	0.031	0.279	-0.509	-0.014	0.555	1.078	"3"
"德国"	4	0	0	2.76	0.125	1.115	0.644	-0.055	-0.568	1.267	"1"
"徽"	0	1	0	0.69	0.031	0.279	-0.509	1.507	-0.142	2.158	"2"
"志愿军"	0	0	6	4.14	0.187	1.673	-3.053	-0.082	3.329	6.464	"3"
"忠于"	0	0	2	1.38	0.062	0.558	-1.018	-0.027	1.11	2.155	"3"
"忠实"	0	0	1	0.69	0.031	0.279	-0.509	-0.014	0.555	1.078	"3"
"忠诚"	0	0	1	0.69	0.031	0.279	-0.509	-0.014	0.555	1.078	"3"
"快讯"	4	0	0	2.76	0.125	1.115	0.644	-0.055	-0.568	1.267	"1"
"怀疑"	2	0	0	1.38	0.062	0.558	0.322	-0.027	-0.284	0.633	"1"
"怎么办"	1	0	0	0.69	0.031	0.279	0.161	-0.014	-0.142	0.317	"1"
"急流"	0	0	1	0.69	0.031	0.279	-0.509	-0.014	0.555	1.078	"3"
"怨战"	1	0	0	0.69	0.031	0.279	0.161	-0.014	-0.142	0.317	"1"
"总队"	0	0	1	0.69	0.031	0.279	-0.509	-0.014	0.555	1.078	"3"
"恫言"	0	0	1	0.69	0.031	0.279	-0.509	-0.014	0.555	1.078	"3"
"悄悄"	0	0	1	0.69	0.031	0.279	-0.509	-0.014	0.555	1.078	"3"
"患"	2	1	0	2.07	0.093	0.836	-0.173	1.043	-0.426	1.642	"2"
"患病"	1	0	0	0.69	0.031	0.279	0.161	-0.014	-0.142	0.317	"1"
"患癌"	2	0	0	1.38	0.062	0.558	0.322	-0.027	-0.284	0.633	"1"
"惩罚"	3	0	0	2.07	0.093	0.836	0.483	-0.041	-0.426	0.95	"1"
"意大利"	5	0	0	3.45	0.156	1.394	0.805	-0.069	-0.71	1.584	"1"
"感染"	1	1	0	1.38	0.062	0.558	-0.281	1.212	-0.284	1.777	"2"
"我们"	1	0	3	2.76	0.125	1.115	-1.039	-0.055	1.164	2.258	"3"
"战争"	7	1	0	5.521	0.249	2.23	0.627	0.65	-1.135	2.412	"3"
"战俘"	1	0	0	0.69	0.031	0.279	0.161	-0.014	-0.142	0.317	"1"
"战友"	0	1	0	0.69	0.031	0.279	-0.509	1.507	-0.142	2.158	"2"
"战后"	0	1	0	0.69	0.031	0.279	-0.509	1.507	-0.142	2.158	"2"
"战场"	1	0	7	5.521	0.249	2.23	-2.796	-0.11	3.102	6.008	"3"
"战士"	0	1	4	3.45	0.156	1.394	-2.544	0.835	1.63	5.009	"1"
"战备"	0	0	6	4.14	0.187	1.673	-3.053	-0.082	3.329	6.464	"3"
"战斗"	6	0	1	4.831	0.218	1.951	0.51	-0.096	-0.425	1.031	"1"
"战时"	1	0	0	0.69	0.031	0.279	0.161	-0.014	-0.142	0.317	"1"
"战死"	0	0	1	0.69	0.031	0.279	-0.509	-0.014	0.555	1.078	"3"
"戴上"	0	1	0	0.69	0.031	0.279	-0.509	1.507	-0.142	2.158	"2"
"所有"	0	0	1	0.69	0.031	0.279	-0.509	-0.014	0.555	1.078	"3"
"手持"	1	0	0	0.69	0.031	0.279	0.161	-0.014	-0.142	0.317	"1"
"手榴弹"	2	0	0	1.38	0.062	0.558	0.322	-0.027	-0.284	0.633	"1"
"打开"	1	0	0	0.69	0.031	0.279	0.161	-0.014	-0.142	0.317	"1"
"打死"	10	0	0	6.901	0.312	2.788	1.611	-0.137	-1.419	3.167	"1"
"扣押"	1	0	0	0.69	0.031	0.279	0.161	-0.014	-0.142	0.317	"1"
"扣留"	1	0	1	1.38	0.062	0.558	-0.281	-0.027	0.319	0.627	"3"
"执勤"	1	0	0	0.69	0.031	0.279	0.161	-0.014	-0.142	0.317	"1"
"执勤点"	0	0	1	0.69	0.031	0.279	-0.509	-0.014	0.555	1.078	"3"
"执政"	0	0	3	2.07	0.093	0.836	-1.526	-0.041	1.664	3.231	"3"
"执行"	5	0	2	4.831	0.218	1.951	0.204	-0.096	0.205	0.505	"3"
"扩音器"	2	0	0	1.38	0.062	0.558	0.322	-0.027	-0.284	0.633	"1"
"批"	4	2	0	4.14	0.187	1.673	-0.221	1.873	-0.852	2.946	"2"
"找到"	2	0	0	1.38	0.062	0.558	0.322	-0.027	-0.284	0.633	"1"
"把守"	3	0	0	2.07	0.093	0.836	0.483	-0.041	-0.426	0.95	"1"
"抓走"	1	0	0	0.69	0.031	0.279	0.161	-0.014	-0.142	0.317	"1"
"投入"	0	0	1	0.69	0.031	0.279	-0.509	-0.014	0.555	1.078	"3"
"投掷"	4	0	0	2.76	0.125	1.115	0.644	-0.055	-0.568	1.267	"1"
"投降"	1	0	0	0.69	0.031	0.279	0.161	-0.014	-0.142	0.317	"1"
"抗"	0	0	1	0.69	0.031	0.279	-0.509	-0.014	0.555	1.078	"3"
"抗战"	0	0	1	0.69	0.031	0.279	-0.509	-0.014	0.555	1.078	"3"
"抗洪"	0	0	1	0.69	0.031	0.279	-0.509	-0.014	0.555	1.078	"3"
"抗议"	1	0	2	2.07	0.093	0.836	-0.641	-0.041	0.722	1.404	"3"
"抢劫"	0	0	1	0.69	0.031	0.279	-0.509	-0.014	0.555	1.078	"3"
"抢险"	1	0	0	0.69	0.031	0.279	0.161	-0.014	-0.142	0.317	"1"
"护送"	0	0	1	0.69	0.031	0.279	-0.509	-0.014	0.555	1.078	"3"
"报复"	2	0	0	1.38	0.062	0.558	0.322	-0.027	-0.284	0.633	"1"
"抱怨"	1	0	0	0.69	0.031	0.279	0.161	-0.014	-0.142	0.317	"1"
"抵抗"	0	0	1	0.69	0.031	0.279	-0.509	-0.014	0.555	1.078	"3"
"担心"	2	0	0	1.38	0.062	0.558	0.322	-0.027	-0.284	0.633	"1"
"拉克"	2	0	0	1.38	0.062	0.558	0.322	-0.027	-0.284	0.633	"1"
"拉马拉"	1	0	0	0.69	0.031	0.279	0.161	-0.014	-0.142	0.317	"1"
"拖拉机"	1	0	0	0.69	0.031	0.279	0.161	-0.014	-0.142	0.317	"1"
"拘押"	1	0	0	0.69	0.031	0.279	0.161	-0.014	-0.142	0.317	"1"
"拘留"	0	0	1	0.69	0.031	0.279	-0.509	-0.014	0.555	1.078	"3"
"招募"	1	0	0	0.69	0.031	0.279	0.161	-0.014	-0.142	0.317	"1"
"拥军优属"	0	1	0	0.69	0.031	0.279	-0.509	1.507	-0.142	2.158	"2"
"拿到"	1	0	0	0.69	0.031	0.279	0.161	-0.014	-0.142	0.317	"1"
"持"	0	0	1	0.69	0.031	0.279	-0.509	-0.014	0.555	1.078	"3"
"指控"	0	0	1	0.69	0.031	0.279	-0.509	-0.014	0.555	1.078	"3"
"指责"	1	0	2	2.07	0.093	0.836	-0.641	-0.041	0.722	1.404	"3"
"挖掘"	1	0	0	0.69	0.031	0.279	0.161	-0.014	-0.142	0.317	"1"
"挟持"	1	0	0	0.69	0.031	0.279	0.161	-0.014	-0.142	0.317	"1"
"捐躯"	0	0	1	0.69	0.031	0.279	-0.509	-0.014	0.555	1.078	"3"
"捕"	0	0	1	0.69	0.031	0.279	-0.509	-0.014	0.555	1.078	"3"
"损伤"	1	0	0	0.69	0.031	0.279	0.161	-0.014	-0.142	0.317	"1"
"据悉"	0	0	1	0.69	0.031	0.279	-0.509	-0.014	0.555	1.078	"3"
"据报"	2	0	0	1.38	0.062	0.558	0.322	-0.027	-0.284	0.633	"1"
"据点"	1	0	0	0.69	0.031	0.279	0.161	-0.014	-0.142	0.317	"1"
"授"	1	0	0	0.69	0.031	0.279	0.161	-0.014	-0.142	0.317	"1"
"掌握"	0	0	2	1.38	0.062	0.558	-1.018	-0.027	1.11	2.155	"3"
"探亲"	0	0	1	0.69	0.031	0.279	-0.509	-0.014	0.555	1.078	"3"
"接"	0	0	1	0.69	0.031	0.279	-0.509	-0.014	0.555	1.078	"3"
"接二连三"	1	0	0	0.69	0.031	0.279	0.161	-0.014	-0.142	0.317	"1"
"接到"	1	0	0	0.69	0.031	0.279	0.161	-0.014	-0.142	0.317	"1"
"接替"	0	0	1	0.69	0.031	0.279	-0.509	-0.014	0.555	1.078	"3"
"控"	1	0	0	0.69	0.031	0.279	0.161	-0.014	-0.142	0.317	"1"
"掩护"	2	0	0	1.38	0.062	0.558	0.322	-0.027	-0.284	0.633	"1"
"提来"	0	0	1	0.69	0.031	0.279	-0.509	-0.014	0.555	1.078	"3"
"提枪"	0	0	1	0.69	0.031	0.279	-0.509	-0.014	0.555	1.078	"3"
"搏斗"	1	0	0	0.69	0.031	0.279	0.161	-0.014	-0.142	0.317	"1"
"搜捕"	0	0	1	0.69	0.031	0.279	-0.509	-0.014	0.555	1.078	"3"
"搜查"	1	0	0	0.69	0.031	0.279	0.161	-0.014	-0.142	0.317	"1"
"携带"	1	0	0	0.69	0.031	0.279	0.161	-0.014	-0.142	0.317	"1"
"摧毁"	1	0	0	0.69	0.031	0.279	0.161	-0.014	-0.142	0.317	"1"
"撒"	1	0	0	0.69	0.031	0.279	0.161	-0.014	-0.142	0.317	"1"
"撤出"	1	0	0	0.69	0.031	0.279	0.161	-0.014	-0.142	0.317	"1"
"撤离"	2	0	0	1.38	0.062	0.558	0.322	-0.027	-0.284	0.633	"1"
"撤走"	0	0	1	0.69	0.031	0.279	-0.509	-0.014	0.555	1.078	"3"
"支持"	0	0	1	0.69	0.031	0.279	-0.509	-0.014	0.555	1.078	"3"
"支持者"	0	0	1	0.69	0.031	0.279	-0.509	-0.014	0.555	1.078	"3"
"支配"	0	0	1	0.69	0.031	0.279	-0.509	-0.014	0.555	1.078	"3"
"支队"	0	0	2	1.38	0.062	0.558	-1.018	-0.027	1.11	2.155	"3"
"改进"	0	0	1	0.69	0.031	0.279	-0.509	-0.014	0.555	1.078	"3"
"攻击"	5	0	0	3.45	0.156	1.394	0.805	-0.069	-0.71	1.584	"1"
"放下"	0	0	1	0.69	0.031	0.279	-0.509	-0.014	0.555	1.078	"3"
"放弃"	0	0	1	0.69	0.031	0.279	-0.509	-0.014	0.555	1.078	"3"
"政变"	0	0	8	5.521	0.249	2.23	-4.07	-0.11	4.438	8.618	"3"
"政府"	1	0	19	13.802	0.623	5.575	-8.517	-0.275	9.373	18.165	"3"
"政府军"	3	0	0	2.07	0.093	0.836	0.483	-0.041	-0.426	0.95	"1"
"政治部"	0	0	1	0.69	0.031	0.279	-0.509	-0.014	0.555	1.078	"3"
"政界"	0	0	1	0.69	0.031	0.279	-0.509	-0.014	0.555	1.078	"3"
"故事"	0	0	2	1.38	0.062	0.558	-1.018	-0.027	1.11	2.155	"3"
"效"	0	0	1	0.69	0.031	0.279	-0.509	-0.014	0.555	1.078	"3"
"敌人"	0	0	1	0.69	0.031	0.279	-0.509	-0.014	0.555	1.078	"3"
"敌方"	1	0	0	0.69	0.031	0.279	0.161	-0.014	-0.142	0.317	"1"
"救灾队"	0	0	1	0.69	0.031	0.279	-0.509	-0.014	0.555	1.078	"3"
"救难"	1	0	0	0.69	0.031	0.279	0.161	-0.014	-0.142	0.317	"1"
"敢死队"	1	0	0	0.69	0.031	0.279	0.161	-0.014	-0.142	0.317	"1"
"数"	2	0	0	1.38	0.062	0.558	0.322	-0.027	-0.284	0.633	"1"
"数千"	2	0	0	1.38	0.062	0.558	0.322	-0.027	-0.284	0.633	"1"
"数百"	0	0	1	0.69	0.031	0.279	-0.509	-0.014	0.555	1.078	"3"
"敲响"	0	0	1	0.69	0.031	0.279	-0.509	-0.014	0.555	1.078	"3"
"文礼"	0	0	1	0.69	0.031	0.279	-0.509	-0.014	0.555	1.078	"3"
"文职"	1	0	0	0.69	0.031	0.279	0.161	-0.014	-0.142	0.317	"1"
"文艺"	0	0	1	0.69	0.031	0.279	-0.509	-0.014	0.555	1.078	"3"
"斗争"	0	0	2	1.38	0.062	0.558	-1.018	-0.027	1.11	2.155	"3"
"新闻报"	1	0	0	0.69	0.031	0.279	0.161	-0.014	-0.142	0.317	"1"
"施"	1	0	0	0.69	0.031	0.279	0.161	-0.014	-0.142	0.317	"1"
"施以"	0	0	1	0.69	0.031	0.279	-0.509	-0.014	0.555	1.078	"3"
"施压"	0	0	1	0.69	0.031	0.279	-0.509	-0.014	0.555	1.078	"3"
"无"	0	0	2	1.38	0.062	0.558	-1.018	-0.027	1.11	2.155	"3"
"无不"	0	0	1	0.69	0.031	0.279	-0.509	-0.014	0.555	1.078	"3"
"无事生非"	1	0	0	0.69	0.031	0.279	0.161	-0.014	-0.142	0.317	"1"
"日利"	1	0	0	0.69	0.031	0.279	0.161	-0.014	-0.142	0.317	"1"
"日常"	0	0	1	0.69	0.031	0.279	-0.509	-0.014	0.555	1.078	"3"
"日记"	1	0	0	0.69	0.031	0.279	0.161	-0.014	-0.142	0.317	"1"
"旨"	0	0	1	0.69	0.031	0.279	-0.509	-0.014	0.555	1.078	"3"
"时常"	0	0	1	0.69	0.031	0.279	-0.509	-0.014	0.555	1.078	"3"
"时期"	0	0	1	0.69	0.031	0.279	-0.509	-0.014	0.555	1.078	"3"
"明火执仗"	0	0	1	0.69	0.031	0.279	-0.509	-0.014	0.555	1.078	"3"
"显然"	1	0	0	0.69	0.031	0.279	0.161	-0.014	-0.142	0.317	"1"
"晚"	2	0	0	1.38	0.062	0.558	0.322	-0.027	-0.284	0.633	"1"
"普什图族"	1	0	0	0.69	0.031	0.279	0.161	-0.014	-0.142	0.317	"1"
"普林西比"	0	1	0	0.69	0.031	0.279	-0.509	1.507	-0.142	2.158	"2"
"普通"	2	0	1	2.07	0.093	0.836	-0.173	-0.041	0.204	0.418	"3"
"景玉琢"	0	0	1	0.69	0.031	0.279	-0.509	-0.014	0.555	1.078	"3"
"晾晒"	0	0	1	0.69	0.031	0.279	-0.509	-0.014	0.555	1.078	"3"
"暑假"	0	0	1	0.69	0.031	0.279	-0.509	-0.014	0.555	1.078	"3"
"暴民"	1	0	0	0.69	0.031	0.279	0.161	-0.014	-0.142	0.317	"1"
"曾庆祥"	0	0	1	0.69	0.031	0.279	-0.509	-0.014	0.555	1.078	"3"
"替"	0	0	1	0.69	0.031	0.279	-0.509	-0.014	0.555	1.078	"3"
"替代役"	0	0	1	0.69	0.031	0.279	-0.509	-0.014	0.555	1.078	"3"
"最后通牒"	0	0	1	0.69	0.031	0.279	-0.509	-0.014	0.555	1.078	"3"
"有"	40	0	0	27.603	1.246	11.151	6.444	-0.55	-5.677	12.671	"1"
"有数"	1	0	0	0.69	0.031	0.279	0.161	-0.014	-0.142	0.317	"1"
"有钱"	0	0	1	0.69	0.031	0.279	-0.509	-0.014	0.555	1.078	"3"
"服"	0	0	1	0.69	0.031	0.279	-0.509	-0.014	0.555	1.078	"3"
"服务处"	0	1	0	0.69	0.031	0.279	-0.509	1.507	-0.142	2.158	"2"
"服役"	2	0	5	4.831	0.218	1.951	-1.48	-0.096	1.68	3.256	"3"
"服役期"	0	0	1	0.69	0.031	0.279	-0.509	-0.014	0.555	1.078	"3"
"朝"	1	0	1	1.38	0.062	0.558	-0.281	-0.027	0.319	0.627	"3"
"朝圣"	0	0	1	0.69	0.031	0.279	-0.509	-0.014	0.555	1.078	"3"
"朝拜"	1	0	0	0.69	0.031	0.279	0.161	-0.014	-0.142	0.317	"1"
"未来"	0	0	1	0.69	0.031	0.279	-0.509	-0.014	0.555	1.078	"3"
"朱忠勇"	0	0	1	0.69	0.031	0.279	-0.509	-0.014	0.555	1.078	"3"
"机关枪"	1	0	0	0.69	0.031	0.279	0.161	-0.014	-0.142	0.317	"1"
"机器人"	0	0	2	1.38	0.062	0.558	-1.018	-0.027	1.11	2.155	"3"
"机步师一"	1	0	0	0.69	0.031	0.279	0.161	-0.014	-0.142	0.317	"1"
"杀"	3	0	0	2.07	0.093	0.836	0.483	-0.041	-0.426	0.95	"1"
"杀害"	3	0	0	2.07	0.093	0.836	0.483	-0.041	-0.426	0.95	"1"
"杀死"	1	0	0	0.69	0.031	0.279	0.161	-0.014	-0.142	0.317	"1"
"权"	0	0	2	1.38	0.062	0.558	-1.018	-0.027	1.11	2.155	"3"
"来"	0	0	1	0.69	0.031	0.279	-0.509	-0.014	0.555	1.078	"3"
"杨宏"	1	0	0	0.69	0.031	0.279	0.161	-0.014	-0.142	0.317	"1"
"极"	0	0	1	0.69	0.031	0.279	-0.509	-0.014	0.555	1.078	"3"
"林奇"	1	0	0	0.69	0.031	0.279	0.161	-0.014	-0.142	0.317	"1"
"林贵合"	0	0	3	2.07	0.093	0.836	-1.526	-0.041	1.664	3.231	"3"
"枪"	2	0	0	1.38	0.062	0.558	0.322	-0.027	-0.284	0.633	"1"
"枪击"	2	0	0	1.38	0.062	0.558	0.322	-0.027	-0.284	0.633	"1"
"枪杀"	2	0	0	1.38	0.062	0.558	0.322	-0.027	-0.284	0.633	"1"
"枪炮"	1	0	0	0.69	0.031	0.279	0.161	-0.014	-0.142	0.317	"1"
"架"	4	0	0	2.76	0.125	1.115	0.644	-0.055	-0.568	1.267	"1"
"某些"	1	0	0	0.69	0.031	0.279	0.161	-0.014	-0.142	0.317	"1"
"查哨"	1	0	0	0.69	0.031	0.279	0.161	-0.014	-0.142	0.317	"1"
"查获"	1	0	0	0.69	0.031	0.279	0.161	-0.014	-0.142	0.317	"1"
"查验"	1	0	0	0.69	0.031	0.279	0.161	-0.014	-0.142	0.317	"1"
"柯索"	1	0	0	0.69	0.031	0.279	0.161	-0.014	-0.142	0.317	"1"
"根源"	1	0	0	0.69	0.031	0.279	0.161	-0.014	-0.142	0.317	"1"
"梁有昶"	1	0	0	0.69	0.031	0.279	0.161	-0.014	-0.142	0.317	"1"
"检查"	6	0	0	4.14	0.187	1.673	0.967	-0.082	-0.852	1.901	"1"
"检查员"	1	0	0	0.69	0.031	0.279	0.161	-0.014	-0.142	0.317	"1"
"检查站"	4	0	0	2.76	0.125	1.115	0.644	-0.055	-0.568	1.267	"1"
"检疫区"	2	0	0	1.38	0.062	0.558	0.322	-0.027	-0.284	0.633	"1"
"欢乐"	0	0	1	0.69	0.031	0.279	-0.509	-0.014	0.555	1.078	"3"
"欧洲"	1	0	1	1.38	0.062	0.558	-0.281	-0.027	0.319	0.627	"3"
"正式"	0	0	1	0.69	0.031	0.279	-0.509	-0.014	0.555	1.078	"3"
"步枪"	2	0	1	2.07	0.093	0.836	-0.173	-0.041	0.204	0.418	"3"
"武"	2	0	0	1.38	0.062	0.558	0.322	-0.027	-0.284	0.633	"1"
"武器"	4	0	2	4.14	0.187	1.673	-0.221	-0.082	0.273	0.576	"3"
"武装"	10	0	1	7.591	0.343	3.066	0.998	-0.151	-0.841	1.99	"1"
"武警"	0	0	2	1.38	0.062	0.558	-1.018	-0.027	1.11	2.155	"3"
"死"	9	0	0	6.211	0.28	2.509	1.45	-0.124	-1.277	2.851	"1"
"死亡"	20	0	1	14.492	0.654	5.854	2.365	-0.289	-2.021	4.675	"1"
"死难"	1	0	0	0.69	0.031	0.279	0.161	-0.014	-0.142	0.317	"1"
"毒气"	0	0	1	0.69	0.031	0.279	-0.509	-0.014	0.555	1.078	"3"
"比做"	0	0	1	0.69	0.031	0.279	-0.509	-0.014	0.555	1.078	"3"
"比率"	0	0	1	0.69	0.031	0.279	-0.509	-0.014	0.555	1.078	"3"
"比里亚"	1	0	0	0.69	0.031	0.279	0.161	-0.014	-0.142	0.317	"1"
"毕业生"	0	0	1	0.69	0.031	0.279	-0.509	-0.014	0.555	1.078	"3"
"毛里塔尼亚"	0	0	3	2.07	0.093	0.836	-1.526	-0.041	1.664	3.231	"3"
"毫无"	1	0	0	0.69	0.031	0.279	0.161	-0.014	-0.142	0.317	"1"
"民兵"	5	0	0	3.45	0.156	1.394	0.805	-0.069	-0.71	1.584	"1"
"民军"	1	0	0	0.69	0.031	0.279	0.161	-0.014	-0.142	0.317	"1"
"民营"	1	0	0	0.69	0.031	0.279	0.161	-0.014	-0.142	0.317	"1"
"民选"	0	0	1	0.69	0.031	0.279	-0.509	-0.014	0.555	1.078	"3"
"气愤"	0	0	1	0.69	0.031	0.279	-0.509	-0.014	0.555	1.078	"3"
"沈崇"	1	0	0	0.69	0.031	0.279	0.161	-0.014	-0.142	0.317	"1"
"沉浸"	0	0	1	0.69	0.031	0.279	-0.509	-0.014	0.555	1.078	"3"
"沖绳"	0	0	1	0.69	0.031	0.279	-0.509	-0.014	0.555	1.078	"3"
"法国"	4	0	2	4.14	0.187	1.673	-0.221	-0.082	0.273	0.576	"3"
"法案"	1	0	1	1.38	0.062	0.558	-0.281	-0.027	0.319	0.627	"3"
"波兰"	6	0	1	4.831	0.218	1.951	0.51	-0.096	-0.425	1.031	"1"
"波城"	0	1	0	0.69	0.031	0.279	-0.509	1.507	-0.142	2.158	"2"
"波斯尼亚"	1	0	0	0.69	0.031	0.279	0.161	-0.014	-0.142	0.317	"1"
"波斯湾"	1	1	0	1.38	0.062	0.558	-0.281	1.212	-0.284	1.777	"2"
"泰"	0	0	1	0.69	0.031	0.279	-0.509	-0.014	0.555	1.078	"3"
"泰国"	1	0	1	1.38	0.062	0.558	-0.281	-0.027	0.319	0.627	"3"
"津"	0	1	0	0.69	0.031	0.279	-0.509	1.507	-0.142	2.158	"2"
"洪哲政"	2	0	0	1.38	0.062	0.558	0.322	-0.027	-0.284	0.633	"1"
"派"	1	0	0	0.69	0.031	0.279	0.161	-0.014	-0.142	0.317	"1"
"派有"	1	0	0	0.69	0.031	0.279	0.161	-0.014	-0.142	0.317	"1"
"派遣"	9	0	0	6.211	0.28	2.509	1.45	-0.124	-1.277	2.851	"1"
"派驻"	1	0	1	1.38	0.062	0.558	-0.281	-0.027	0.319	0.627	"3"
"流血"	0	0	2	1.38	0.062	0.558	-1.018	-0.027	1.11	2.155	"3"
"海"	2	0	0	1.38	0.062	0.558	0.322	-0.027	-0.284	0.633	"1"
"海军"	3	0	0	2.07	0.093	0.836	0.483	-0.041	-0.426	0.95	"1"
"海外"	1	1	0	1.38	0.062	0.558	-0.281	1.212	-0.284	1.777	"2"
"海湾"	0	0	1	0.69	0.031	0.279	-0.509	-0.014	0.555	1.078	"3"
"海湾战争"	2	0	0	1.38	0.062	0.558	0.322	-0.027	-0.284	0.633	"1"
"海湾战争症"	1	0	0	0.69	0.031	0.279	0.161	-0.014	-0.142	0.317	"1"
"海防"	0	0	1	0.69	0.031	0.279	-0.509	-0.014	0.555	1.078	"3"
"消灭"	1	0	0	0.69	0.031	0.279	0.161	-0.014	-0.142	0.317	"1"
"消防"	0	0	2	1.38	0.062	0.558	-1.018	-0.027	1.11	2.155	"3"
"消防员"	2	0	0	1.38	0.062	0.558	0.322	-0.027	-0.284	0.633	"1"
"消防车"	1	0	0	0.69	0.031	0.279	0.161	-0.014	-0.142	0.317	"1"
"涉嫌"	2	0	1	2.07	0.093	0.836	-0.173	-0.041	0.204	0.418	"3"
"淑枝"	0	0	2	1.38	0.062	0.558	-1.018	-0.027	1.11	2.155	"3"
"清真寺"	2	0	0	1.38	0.062	0.558	0.322	-0.027	-0.284	0.633	"1"
"清除"	2	0	0	1.38	0.062	0.558	0.322	-0.027	-0.284	0.633	"1"
"游击队"	1	0	0	0.69	0.031	0.279	0.161	-0.014	-0.142	0.317	"1"
"滞留"	0	0	1	0.69	0.031	0.279	-0.509	-0.014	0.555	1.078	"3"
"演习"	0	0	1	0.69	0.031	0.279	-0.509	-0.014	0.555	1.078	"3"
"演唱"	0	0	1	0.69	0.031	0.279	-0.509	-0.014	0.555	1.078	"3"
"演练"	0	0	1	0.69	0.031	0.279	-0.509	-0.014	0.555	1.078	"3"
"激"	0	0	1	0.69	0.031	0.279	-0.509	-0.014	0.555	1.078	"3"
"激光"	1	0	0	0.69	0.031	0.279	0.161	-0.014	-0.142	0.317	"1"
"激情"	0	0	1	0.69	0.031	0.279	-0.509	-0.014	0.555	1.078	"3"
"激战"	2	0	0	1.38	0.062	0.558	0.322	-0.027	-0.284	0.633	"1"
"激烈"	0	0	1	0.69	0.031	0.279	-0.509	-0.014	0.555	1.078	"3"
"激进"	1	0	0	0.69	0.031	0.279	0.161	-0.014	-0.142	0.317	"1"
"火海"	0	0	1	0.69	0.031	0.279	-0.509	-0.014	0.555	1.078	"3"
"火箭弹"	1	0	0	0.69	0.031	0.279	0.161	-0.014	-0.142	0.317	"1"
"灭火"	0	0	1	0.69	0.031	0.279	-0.509	-0.014	0.555	1.078	"3"
"炎"	0	0	1	0.69	0.031	0.279	-0.509	-0.014	0.555	1.078	"3"
"炮击"	0	0	1	0.69	0.031	0.279	-0.509	-0.014	0.555	1.078	"3"
"炸伤"	1	0	0	0.69	0.031	0.279	0.161	-0.014	-0.142	0.317	"1"
"炸弹"	7	0	0	4.831	0.218	1.951	1.128	-0.096	-0.993	2.217	"1"
"炸死"	1	0	0	0.69	0.031	0.279	0.161	-0.014	-0.142	0.317	"1"
"炸毁"	1	0	0	0.69	0.031	0.279	0.161	-0.014	-0.142	0.317	"1"
"点"	1	0	0	0.69	0.031	0.279	0.161	-0.014	-0.142	0.317	"1"
"烈军属"	0	1	0	0.69	0.031	0.279	-0.509	1.507	-0.142	2.158	"2"
"烈属"	1	0	0	0.69	0.031	0.279	0.161	-0.014	-0.142	0.317	"1"
"烈日"	1	0	0	0.69	0.031	0.279	0.161	-0.014	-0.142	0.317	"1"
"热水"	0	0	1	0.69	0.031	0.279	-0.509	-0.014	0.555	1.078	"3"
"爆炸"	3	0	0	2.07	0.093	0.836	0.483	-0.041	-0.426	0.95	"1"
"片"	0	0	2	1.38	0.062	0.558	-1.018	-0.027	1.11	2.155	"3"
"牙"	1	0	1	1.38	0.062	0.558	-0.281	-0.027	0.319	0.627	"3"
"牢记"	0	0	1	0.69	0.031	0.279	-0.509	-0.014	0.555	1.078	"3"
"特种"	3	0	0	2.07	0.093	0.836	0.483	-0.041	-0.426	0.95	"1"
"特赦"	0	0	1	0.69	0.031	0.279	-0.509	-0.014	0.555	1.078	"3"
"牺牲"	0	0	1	0.69	0.031	0.279	-0.509	-0.014	0.555	1.078	"3"
"犯下"	2	0	0	1.38	0.062	0.558	0.322	-0.027	-0.284	0.633	"1"
"犯人"	1	0	0	0.69	0.031	0.279	0.161	-0.014	-0.142	0.317	"1"
"犯有"	1	0	0	0.69	0.031	0.279	0.161	-0.014	-0.142	0.317	"1"
"犯罪"	0	0	2	1.38	0.062	0.558	-1.018	-0.027	1.11	2.155	"3"
"犹太"	2	0	0	1.38	0.062	0.558	0.322	-0.027	-0.284	0.633	"1"
"狙击手"	1	0	0	0.69	0.031	0.279	0.161	-0.014	-0.142	0.317	"1"
"猥亵"	0	0	1	0.69	0.031	0.279	-0.509	-0.014	0.555	1.078	"3"
"献花"	0	0	1	0.69	0.031	0.279	-0.509	-0.014	0.555	1.078	"3"
"献身"	0	0	1	0.69	0.031	0.279	-0.509	-0.014	0.555	1.078	"3"
"王建哲"	0	0	3	2.07	0.093	0.836	-1.526	-0.041	1.664	3.231	"3"
"王某"	0	0	1	0.69	0.031	0.279	-0.509	-0.014	0.555	1.078	"3"
"王波"	1	0	0	0.69	0.031	0.279	0.161	-0.014	-0.142	0.317	"1"
"现场"	4	0	0	2.76	0.125	1.115	0.644	-0.055	-0.568	1.267	"1"
"现役"	0	0	4	2.76	0.125	1.115	-2.035	-0.055	2.219	4.309	"3"
"班长"	0	0	2	1.38	0.062	0.558	-1.018	-0.027	1.11	2.155	"3"
"瓦希德"	0	0	2	1.38	0.062	0.558	-1.018	-0.027	1.11	2.155	"3"
"生命"	0	0	1	0.69	0.031	0.279	-0.509	-0.014	0.555	1.078	"3"
"生活品质"	0	0	1	0.69	0.031	0.279	-0.509	-0.014	0.555	1.078	"3"
"生涯"	1	0	0	0.69	0.031	0.279	0.161	-0.014	-0.142	0.317	"1"
"电台"	1	0	0	0.69	0.031	0.279	0.161	-0.014	-0.142	0.317	"1"
"电视"	5	0	1	4.14	0.187	1.673	0.399	-0.082	-0.331	0.812	"1"
"甸"	0	0	1	0.69	0.031	0.279	-0.509	-0.014	0.555	1.078	"3"
"疏散"	1	0	0	0.69	0.031	0.279	0.161	-0.014	-0.142	0.317	"1"
"疑染炎"	0	0	1	0.69	0.031	0.279	-0.509	-0.014	0.555	1.078	"3"
"疟疾"	1	0	0	0.69	0.031	0.279	0.161	-0.014	-0.142	0.317	"1"
"疯狂"	0	0	1	0.69	0.031	0.279	-0.509	-0.014	0.555	1.078	"3"
"疲倦"	0	0	1	0.69	0.031	0.279	-0.509	-0.014	0.555	1.078	"3"
"病死"	2	0	0	1.38	0.062	0.558	0.322	-0.027	-0.284	0.633	"1"
"症"	2	1	0	2.07	0.093	0.836	-0.173	1.043	-0.426	1.642	"2"
"癌症"	3	0	0	2.07	0.093	0.836	0.483	-0.041	-0.426	0.95	"1"
"登舰"	0	0	1	0.69	0.031	0.279	-0.509	-0.014	0.555	1.078	"3"
"白"	0	0	1	0.69	0.031	0.279	-0.509	-0.014	0.555	1.078	"3"
"白人"	0	0	1	0.69	0.031	0.279	-0.509	-0.014	0.555	1.078	"3"
"白人农"	0	0	1	0.69	0.031	0.279	-0.509	-0.014	0.555	1.078	"3"
"白血病"	4	0	0	2.76	0.125	1.115	0.644	-0.055	-0.568	1.267	"1"
"的"	0	0	1	0.69	0.031	0.279	-0.509	-0.014	0.555	1.078	"3"
"盗"	0	0	1	0.69	0.031	0.279	-0.509	-0.014	0.555	1.078	"3"
"目击者"	3	0	0	2.07	0.093	0.836	0.483	-0.041	-0.426	0.95	"1"
"目睹"	2	0	0	1.38	0.062	0.558	0.322	-0.027	-0.284	0.633	"1"
"直升机"	3	0	0	2.07	0.093	0.836	0.483	-0.041	-0.426	0.95	"1"
"相呼"	1	0	0	0.69	0.031	0.279	0.161	-0.014	-0.142	0.317	"1"
"看不到"	1	0	0	0.69	0.031	0.279	0.161	-0.014	-0.142	0.317	"1"
"真主党"	2	0	0	1.38	0.062	0.558	0.322	-0.027	-0.284	0.633	"1"
"眷村"	0	0	1	0.69	0.031	0.279	-0.509	-0.014	0.555	1.078	"3"
"着"	1	0	5	4.14	0.187	1.673	-1.895	-0.082	2.11	4.087	"3"
"瞄准"	1	0	0	0.69	0.031	0.279	0.161	-0.014	-0.142	0.317	"1"
"石块"	3	0	0	2.07	0.093	0.836	0.483	-0.041	-0.426	0.95	"1"
"研究"	0	0	1	0.69	0.031	0.279	-0.509	-0.014	0.555	1.078	"3"
"硬着头皮"	0	0	1	0.69	0.031	0.279	-0.509	-0.014	0.555	1.078	"3"
"确实"	1	0	0	0.69	0.031	0.279	0.161	-0.014	-0.142	0.317	"1"
"示威"	2	0	0	1.38	0.062	0.558	0.322	-0.027	-0.284	0.633	"1"
"社会党"	1	0	0	0.69	0.031	0.279	0.161	-0.014	-0.142	0.317	"1"
"祖国"	0	0	2	1.38	0.062	0.558	-1.018	-0.027	1.11	2.155	"3"
"祝福"	0	0	1	0.69	0.031	0.279	-0.509	-0.014	0.555	1.078	"3"
"福利"	0	0	1	0.69	0.031	0.279	-0.509	-0.014	0.555	1.078	"3"
"离婚"	0	0	1	0.69	0.031	0.279	-0.509	-0.014	0.555	1.078	"3"
"科博"	0	0	1	0.69	0.031	0.279	-0.509	-0.014	0.555	1.078	"3"
"科索沃"	4	0	0	2.76	0.125	1.115	0.644	-0.055	-0.568	1.267	"1"
"秘鲁"	0	0	1	0.69	0.031	0.279	-0.509	-0.014	0.555	1.078	"3"
"称"	5	0	0	3.45	0.156	1.394	0.805	-0.069	-0.71	1.584	"1"
"称号"	0	0	1	0.69	0.031	0.279	-0.509	-0.014	0.555	1.078	"3"
"称赞"	0	0	1	0.69	0.031	0.279	-0.509	-0.014	0.555	1.078	"3"
"移交"	2	0	0	1.38	0.062	0.558	0.322	-0.027	-0.284	0.633	"1"
"穷人"	0	0	1	0.69	0.031	0.279	-0.509	-0.014	0.555	1.078	"3"
"空中"	2	0	0	1.38	0.062	0.558	0.322	-0.027	-0.284	0.633	"1"
"空军"	2	1	0	2.07	0.093	0.836	-0.173	1.043	-0.426	1.642	"2"
"空降到"	1	0	0	0.69	0.031	0.279	0.161	-0.014	-0.142	0.317	"1"
"空降师"	1	0	0	0.69	0.031	0.279	0.161	-0.014	-0.142	0.317	"1"
"空难"	1	0	0	0.69	0.031	0.279	0.161	-0.014	-0.142	0.317	"1"
"穿"	0	0	1	0.69	0.031	0.279	-0.509	-0.014	0.555	1.078	"3"
"穿着"	0	0	1	0.69	0.031	0.279	-0.509	-0.014	0.555	1.078	"3"
"突击"	2	0	0	1.38	0.062	0.558	0.322	-0.027	-0.284	0.633	"1"
"突然"	0	0	1	0.69	0.031	0.279	-0.509	-0.014	0.555	1.078	"3"
"立即"	1	0	1	1.38	0.062	0.558	-0.281	-0.027	0.319	0.627	"3"
"立陶宛"	0	0	1	0.69	0.031	0.279	-0.509	-0.014	0.555	1.078	"3"
"站岗"	0	0	1	0.69	0.031	0.279	-0.509	-0.014	0.555	1.078	"3"
"站长"	1	0	0	0.69	0.031	0.279	0.161	-0.014	-0.142	0.317	"1"
"第101"	1	0	0	0.69	0.031	0.279	0.161	-0.014	-0.142	0.317	"1"
"第三十三"	0	0	1	0.69	0.031	0.279	-0.509	-0.014	0.555	1.078	"3"
"第三十四"	0	0	1	0.69	0.031	0.279	-0.509	-0.014	0.555	1.078	"3"
"筑起"	0	0	1	0.69	0.031	0.279	-0.509	-0.014	0.555	1.078	"3"
"类别"	0	0	1	0.69	0.031	0.279	-0.509	-0.014	0.555	1.078	"3"
"精锐"	1	0	0	0.69	0.031	0.279	0.161	-0.014	-0.142	0.317	"1"
"綑绑"	1	0	0	0.69	0.031	0.279	0.161	-0.014	-0.142	0.317	"1"
"红"	0	0	1	0.69	0.031	0.279	-0.509	-0.014	0.555	1.078	"3"
"红军"	0	1	0	0.69	0.031	0.279	-0.509	1.507	-0.142	2.158	"2"
"约旦河"	2	0	0	1.38	0.062	0.558	0.322	-0.027	-0.284	0.633	"1"
"纪律"	0	0	3	2.07	0.093	0.836	-1.526	-0.041	1.664	3.231	"3"
"纪念堂"	0	1	0	0.69	0.031	0.279	-0.509	1.507	-0.142	2.158	"2"
"纳保"	0	0	2	1.38	0.062	0.558	-1.018	-0.027	1.11	2.155	"3"
"纳入"	0	0	1	0.69	0.031	0.279	-0.509	-0.014	0.555	1.078	"3"
"纳兰霍"	0	0	1	0.69	0.031	0.279	-0.509	-0.014	0.555	1.078	"3"
"纳西"	1	0	0	0.69	0.031	0.279	0.161	-0.014	-0.142	0.317	"1"
"纵队"	2	0	0	1.38	0.062	0.558	0.322	-0.027	-0.284	0.633	"1"
"线"	0	0	1	0.69	0.031	0.279	-0.509	-0.014	0.555	1.078	"3"
"组成"	4	0	1	3.45	0.156	1.394	0.294	-0.069	-0.242	0.605	"1"
"组歌"	0	0	1	0.69	0.031	0.279	-0.509	-0.014	0.555	1.078	"3"
"组织"	0	1	0	0.69	0.031	0.279	-0.509	1.507	-0.142	2.158	"2"
"终极"	0	0	1	0.69	0.031	0.279	-0.509	-0.014	0.555	1.078	"3"
"经商"	1	0	0	0.69	0.031	0.279	0.161	-0.014	-0.142	0.317	"1"
"绑架"	3	0	0	2.07	0.093	0.836	0.483	-0.041	-0.426	0.95	"1"
"给"	0	1	1	1.38	0.062	0.558	-1.018	1.212	0.319	2.549	"2"
"统治"	0	0	1	0.69	0.031	0.279	-0.509	-0.014	0.555	1.078	"3"
"绳"	1	0	0	0.69	0.031	0.279	0.161	-0.014	-0.142	0.317	"1"
"维"	26	0	0	17.942	0.81	7.248	4.189	-0.357	-3.69	8.236	"1"
"维修"	1	0	0	0.69	0.031	0.279	0.161	-0.014	-0.142	0.317	"1"
"维加"	1	0	0	0.69	0.031	0.279	0.161	-0.014	-0.142	0.317	"1"
"维里亚"	1	0	0	0.69	0.031	0.279	0.161	-0.014	-0.142	0.317	"1"
"缅"	0	0	1	0.69	0.031	0.279	-0.509	-0.014	0.555	1.078	"3"
"缅甸"	0	0	8	5.521	0.249	2.23	-4.07	-0.11	4.438	8.618	"3"
"缓缓"	1	0	0	0.69	0.031	0.279	0.161	-0.014	-0.142	0.317	"1"
"缝衣"	0	0	1	0.69	0.031	0.279	-0.509	-0.014	0.555	1.078	"3"
"缩减"	0	0	1	0.69	0.031	0.279	-0.509	-0.014	0.555	1.078	"3"
"缩短"	0	0	1	0.69	0.031	0.279	-0.509	-0.014	0.555	1.078	"3"
"缴税"	0	0	1	0.69	0.031	0.279	-0.509	-0.014	0.555	1.078	"3"
"罗永合"	1	0	0	0.69	0.031	0.279	0.161	-0.014	-0.142	0.317	"1"
"罗空"	1	0	0	0.69	0.031	0.279	0.161	-0.014	-0.142	0.317	"1"
"罪行"	1	0	0	0.69	0.031	0.279	0.161	-0.014	-0.142	0.317	"1"
"罹患"	5	0	0	3.45	0.156	1.394	0.805	-0.069	-0.71	1.584	"1"
"美"	8	0	1	6.211	0.28	2.509	0.747	-0.124	-0.626	1.497	"1"
"美军"	78	0	0	53.826	2.43	21.744	12.566	-1.072	-11.07	24.708	"1"
"美国"	20	1	17	26.223	1.184	10.593	-1.601	-0.176	1.713	3.49	"3"
"美英"	4	0	0	2.76	0.125	1.115	0.644	-0.055	-0.568	1.267	"1"
"群"	1	0	0	0.69	0.031	0.279	0.161	-0.014	-0.142	0.317	"1"
"群众"	0	0	1	0.69	0.031	0.279	-0.509	-0.014	0.555	1.078	"3"
"群起"	1	0	0	0.69	0.031	0.279	0.161	-0.014	-0.142	0.317	"1"
"群龙无首"	1	0	0	0.69	0.031	0.279	0.161	-0.014	-0.142	0.317	"1"
"翁山"	0	0	1	0.69	0.031	0.279	-0.509	-0.014	0.555	1.078	"3"
"翁山淑枝"	0	0	6	4.14	0.187	1.673	-3.053	-0.082	3.329	6.464	"3"
"翻车"	1	0	0	0.69	0.031	0.279	0.161	-0.014	-0.142	0.317	"1"
"老"	0	1	10	7.591	0.343	3.066	-5.596	0.532	4.633	10.761	"1"
"老人"	0	0	1	0.69	0.031	0.279	-0.509	-0.014	0.555	1.078	"3"
"耗资"	0	0	1	0.69	0.031	0.279	-0.509	-0.014	0.555	1.078	"3"
"耶"	1	0	0	0.69	0.031	0.279	0.161	-0.014	-0.142	0.317	"1"
"职"	0	0	1	0.69	0.031	0.279	-0.509	-0.014	0.555	1.078	"3"
"联军"	10	0	0	6.901	0.312	2.788	1.611	-0.137	-1.419	3.167	"1"
"联络官"	1	0	0	0.69	0.031	0.279	0.161	-0.014	-0.142	0.317	"1"
"联邦"	1	0	0	0.69	0.031	0.279	0.161	-0.014	-0.142	0.317	"1"
"聚集"	1	0	0	0.69	0.031	0.279	0.161	-0.014	-0.142	0.317	"1"
"肆意"	1	0	0	0.69	0.031	0.279	0.161	-0.014	-0.142	0.317	"1"
"肉眼"	0	0	1	0.69	0.031	0.279	-0.509	-0.014	0.555	1.078	"3"
"肖特"	0	0	2	1.38	0.062	0.558	-1.018	-0.027	1.11	2.155	"3"
"育才"	2	0	0	1.38	0.062	0.558	0.322	-0.027	-0.284	0.633	"1"
"背景"	1	0	1	1.38	0.062	0.558	-0.281	-0.027	0.319	0.627	"3"
"背部"	1	0	0	0.69	0.031	0.279	0.161	-0.014	-0.142	0.317	"1"
"胡图族"	2	0	0	1.38	0.062	0.558	0.322	-0.027	-0.284	0.633	"1"
"脱下"	1	0	0	0.69	0.031	0.279	0.161	-0.014	-0.142	0.317	"1"
"腐败"	1	0	0	0.69	0.031	0.279	0.161	-0.014	-0.142	0.317	"1"
"膳食"	0	0	1	0.69	0.031	0.279	-0.509	-0.014	0.555	1.078	"3"
"自家"	0	0	1	0.69	0.031	0.279	-0.509	-0.014	0.555	1.078	"3"
"自己枪"	1	0	0	0.69	0.031	0.279	0.161	-0.014	-0.142	0.317	"1"
"自愿"	1	0	1	1.38	0.062	0.558	-0.281	-0.027	0.319	0.627	"3"
"自由"	2	1	0	2.07	0.093	0.836	-0.173	1.043	-0.426	1.642	"2"
"至少"	5	0	1	4.14	0.187	1.673	0.399	-0.082	-0.331	0.812	"1"
"至此"	1	0	0	0.69	0.031	0.279	0.161	-0.014	-0.142	0.317	"1"
"致命"	2	0	0	1.38	0.062	0.558	0.322	-0.027	-0.284	0.633	"1"
"致富"	0	0	2	1.38	0.062	0.558	-1.018	-0.027	1.11	2.155	"3"
"致死"	1	0	0	0.69	0.031	0.279	0.161	-0.014	-0.142	0.317	"1"
"致癌"	1	0	0	0.69	0.031	0.279	0.161	-0.014	-0.142	0.317	"1"
"艰苦"	0	0	1	0.69	0.031	0.279	-0.509	-0.014	0.555	1.078	"3"
"色"	1	0	0	0.69	0.031	0.279	0.161	-0.014	-0.142	0.317	"1"
"色列"	1	0	0	0.69	0.031	0.279	0.161	-0.014	-0.142	0.317	"1"
"节省下"	0	0	1	0.69	0.031	0.279	-0.509	-0.014	0.555	1.078	"3"
"花帽"	0	1	0	0.69	0.031	0.279	-0.509	1.507	-0.142	2.158	"2"
"苏丹"	1	0	0	0.69	0.031	0.279	0.161	-0.014	-0.142	0.317	"1"
"苏哈"	0	0	1	0.69	0.031	0.279	-0.509	-0.014	0.555	1.078	"3"
"苏达托"	1	0	0	0.69	0.031	0.279	0.161	-0.014	-0.142	0.317	"1"
"英"	1	0	0	0.69	0.031	0.279	0.161	-0.014	-0.142	0.317	"1"
"英军"	9	0	0	6.211	0.28	2.509	1.45	-0.124	-1.277	2.851	"1"
"英勇"	0	0	2	1.38	0.062	0.558	-1.018	-0.027	1.11	2.155	"3"
"英国"	3	0	3	4.14	0.187	1.673	-0.562	-0.082	0.663	1.307	"3"
"英美"	1	0	0	0.69	0.031	0.279	0.161	-0.014	-0.142	0.317	"1"
"英雄"	0	0	1	0.69	0.031	0.279	-0.509	-0.014	0.555	1.078	"3"
"茬茬"	1	0	0	0.69	0.031	0.279	0.161	-0.014	-0.142	0.317	"1"
"荣民"	0	1	1	1.38	0.062	0.558	-1.018	1.212	0.319	2.549	"2"
"荣誉"	0	2	0	1.38	0.062	0.558	-1.018	3.013	-0.284	4.315	"2"
"药丸"	0	0	1	0.69	0.031	0.279	-0.509	-0.014	0.555	1.078	"3"
"莫瑞"	1	0	0	0.69	0.031	0.279	0.161	-0.014	-0.142	0.317	"1"
"莱士"	0	0	1	0.69	0.031	0.279	-0.509	-0.014	0.555	1.078	"3"
"获准"	1	0	0	0.69	0.031	0.279	0.161	-0.014	-0.142	0.317	"1"
"获救"	3	0	0	2.07	0.093	0.836	0.483	-0.041	-0.426	0.95	"1"
"获释"	0	0	1	0.69	0.031	0.279	-0.509	-0.014	0.555	1.078	"3"
"菲"	0	0	1	0.69	0.031	0.279	-0.509	-0.014	0.555	1.078	"3"
"菲共"	1	0	0	0.69	0.031	0.279	0.161	-0.014	-0.142	0.317	"1"
"菲南部"	1	0	0	0.69	0.031	0.279	0.161	-0.014	-0.142	0.317	"1"
"菲律宾"	4	0	0	2.76	0.125	1.115	0.644	-0.055	-0.568	1.267	"1"
"营"	2	0	1	2.07	0.093	0.836	-0.173	-0.041	0.204	0.418	"3"
"营区"	0	0	1	0.69	0.031	0.279	-0.509	-0.014	0.555	1.078	"3"
"营救"	1	0	0	0.69	0.031	0.279	0.161	-0.014	-0.142	0.317	"1"
"萨哈夫"	2	0	0	1.38	0.062	0.558	0.322	-0.027	-0.284	0.633	"1"
"萨摩亚"	1	0	0	0.69	0.031	0.279	0.161	-0.014	-0.142	0.317	"1"
"萨达姆"	5	0	2	4.831	0.218	1.951	0.204	-0.096	0.205	0.505	"3"
"葡萄"	0	0	1	0.69	0.031	0.279	-0.509	-0.014	0.555	1.078	"3"
"葬礼"	0	0	1	0.69	0.031	0.279	-0.509	-0.014	0.555	1.078	"3"
"蒙罗维亚"	1	0	0	0.69	0.031	0.279	0.161	-0.014	-0.142	0.317	"1"
"藏匿"	1	0	0	0.69	0.031	0.279	0.161	-0.014	-0.142	0.317	"1"
"虞"	1	0	0	0.69	0.031	0.279	0.161	-0.014	-0.142	0.317	"1"
"螺旋体"	0	1	0	0.69	0.031	0.279	-0.509	1.507	-0.142	2.158	"2"
"血癌"	1	0	0	0.69	0.031	0.279	0.161	-0.014	-0.142	0.317	"1"
"行动"	5	0	1	4.14	0.187	1.673	0.399	-0.082	-0.331	0.812	"1"
"衣"	0	0	1	0.69	0.031	0.279	-0.509	-0.014	0.555	1.078	"3"
"表彰"	0	0	1	0.69	0.031	0.279	-0.509	-0.014	0.555	1.078	"3"
"被"	30	0	1	21.393	0.966	8.642	3.82	-0.426	-3.286	7.532	"1"
"被俘"	3	0	0	2.07	0.093	0.836	0.483	-0.041	-0.426	0.95	"1"
"袭"	5	0	0	3.45	0.156	1.394	0.805	-0.069	-0.71	1.584	"1"
"袭击"	25	0	0	17.252	0.779	6.969	4.027	-0.344	-3.548	7.919	"1"
"袭击者"	2	0	0	1.38	0.062	0.558	0.322	-0.027	-0.284	0.633	"1"
"裁减"	1	0	0	0.69	0.031	0.279	0.161	-0.014	-0.142	0.317	"1"
"装甲师"	1	0	0	0.69	0.031	0.279	0.161	-0.014	-0.142	0.317	"1"
"装甲车"	2	0	0	1.38	0.062	0.558	0.322	-0.027	-0.284	0.633	"1"
"西岸"	4	0	0	2.76	0.125	1.115	0.644	-0.055	-0.568	1.267	"1"
"西班牙"	6	0	0	4.14	0.187	1.673	0.967	-0.082	-0.852	1.901	"1"
"西藏"	0	0	1	0.69	0.031	0.279	-0.509	-0.014	0.555	1.078	"3"
"西陲"	0	0	1	0.69	0.031	0.279	-0.509	-0.014	0.555	1.078	"3"
"见不到"	1	0	0	0.69	0.031	0.279	0.161	-0.014	-0.142	0.317	"1"
"解放军"	0	0	1	0.69	0.031	0.279	-0.509	-0.014	0.555	1.078	"3"
"解散"	1	0	2	2.07	0.093	0.836	-0.641	-0.041	0.722	1.404	"3"
"触雷"	1	0	0	0.69	0.031	0.279	0.161	-0.014	-0.142	0.317	"1"
"誓言"	1	0	0	0.69	0.031	0.279	0.161	-0.014	-0.142	0.317	"1"
"警卫"	1	0	0	0.69	0.031	0.279	0.161	-0.014	-0.142	0.317	"1"
"警告"	4	0	0	2.76	0.125	1.115	0.644	-0.055	-0.568	1.267	"1"
"警员"	0	0	1	0.69	0.031	0.279	-0.509	-0.014	0.555	1.078	"3"
"警察"	4	0	1	3.45	0.156	1.394	0.294	-0.069	-0.242	0.605	"1"
"认出"	1	0	0	0.69	0.031	0.279	0.161	-0.014	-0.142	0.317	"1"
"训练"	1	0	1	1.38	0.062	0.558	-0.281	-0.027	0.319	0.627	"3"
"讲求"	0	0	1	0.69	0.031	0.279	-0.509	-0.014	0.555	1.078	"3"
"证件"	0	0	1	0.69	0.031	0.279	-0.509	-0.014	0.555	1.078	"3"
"证实"	2	0	0	1.38	0.062	0.558	0.322	-0.027	-0.284	0.633	"1"
"评"	0	0	1	0.69	0.031	0.279	-0.509	-0.014	0.555	1.078	"3"
"诉讼案"	0	0	1	0.69	0.031	0.279	-0.509	-0.014	0.555	1.078	"3"
"询问"	0	0	1	0.69	0.031	0.279	-0.509	-0.014	0.555	1.078	"3"
"误炸"	2	0	0	1.38	0.062	0.558	0.322	-0.027	-0.284	0.633	"1"
"误认为"	1	0	1	1.38	0.062	0.558	-0.281	-0.027	0.319	0.627	"3"
"诱"	1	0	0	0.69	0.031	0.279	0.161	-0.014	-0.142	0.317	"1"
"请假"	1	0	1	1.38	0.062	0.558	-0.281	-0.027	0.319	0.627	"3"
"诸如"	1	0	0	0.69	0.031	0.279	0.161	-0.014	-0.142	0.317	"1"
"谁"	0	0	1	0.69	0.031	0.279	-0.509	-0.014	0.555	1.078	"3"
"谈及"	0	0	1	0.69	0.031	0.279	-0.509	-0.014	0.555	1.078	"3"
"谋杀"	1	0	0	0.69	0.031	0.279	0.161	-0.014	-0.142	0.317	"1"
"谢炳"	0	0	1	0.69	0.031	0.279	-0.509	-0.014	0.555	1.078	"3"
"贝克"	1	0	0	0.69	0.031	0.279	0.161	-0.014	-0.142	0.317	"1"
"贝弗利希尔斯"	0	0	1	0.69	0.031	0.279	-0.509	-0.014	0.555	1.078	"3"
"货车"	1	0	0	0.69	0.031	0.279	0.161	-0.014	-0.142	0.317	"1"
"贩毒"	0	0	1	0.69	0.031	0.279	-0.509	-0.014	0.555	1.078	"3"
"贩运假"	1	0	0	0.69	0.031	0.279	0.161	-0.014	-0.142	0.317	"1"
"贫"	1	0	0	0.69	0.031	0.279	0.161	-0.014	-0.142	0.317	"1"
"贫铀"	2	0	1	2.07	0.093	0.836	-0.173	-0.041	0.204	0.418	"3"
"贫铀弹"	1	0	0	0.69	0.031	0.279	0.161	-0.014	-0.142	0.317	"1"
"贴心"	0	0	1	0.69	0.031	0.279	-0.509	-0.014	0.555	1.078	"3"
"费卢杰镇"	1	0	0	0.69	0.031	0.279	0.161	-0.014	-0.142	0.317	"1"
"资助"	0	0	1	0.69	0.031	0.279	-0.509	-0.014	0.555	1.078	"3"
"资深"	0	0	2	1.38	0.062	0.558	-1.018	-0.027	1.11	2.155	"3"
"赖姓"	0	0	1	0.69	0.031	0.279	-0.509	-0.014	0.555	1.078	"3"
"赦免"	0	0	1	0.69	0.031	0.279	-0.509	-0.014	0.555	1.078	"3"
"走近"	1	0	0	0.69	0.031	0.279	0.161	-0.014	-0.142	0.317	"1"
"走进"	0	0	1	0.69	0.031	0.279	-0.509	-0.014	0.555	1.078	"3"
"赴"	0	0	1	0.69	0.031	0.279	-0.509	-0.014	0.555	1.078	"3"
"赶上"	0	0	1	0.69	0.031	0.279	-0.509	-0.014	0.555	1.078	"3"
"赶到"	0	0	3	2.07	0.093	0.836	-1.526	-0.041	1.664	3.231	"3"
"赶往"	1	0	0	0.69	0.031	0.279	0.161	-0.014	-0.142	0.317	"1"
"起诉"	1	0	0	0.69	0.031	0.279	0.161	-0.014	-0.142	0.317	"1"
"越战"	0	1	0	0.69	0.031	0.279	-0.509	1.507	-0.142	2.158	"2"
"路透"	2	0	3	3.45	0.156	1.394	-0.753	-0.069	0.866	1.688	"3"
"路透社"	1	0	0	0.69	0.031	0.279	0.161	-0.014	-0.142	0.317	"1"
"身亡"	13	0	0	8.971	0.405	3.624	2.094	-0.179	-1.845	4.118	"1"
"身份"	3	0	0	2.07	0.093	0.836	0.483	-0.041	-0.426	0.95	"1"
"身份证"	0	0	2	1.38	0.062	0.558	-1.018	-0.027	1.11	2.155	"3"
"身穿"	1	0	0	0.69	0.031	0.279	0.161	-0.014	-0.142	0.317	"1"
"车"	2	0	0	1.38	0.062	0.558	0.322	-0.027	-0.284	0.633	"1"
"车臣"	1	0	0	0.69	0.031	0.279	0.161	-0.014	-0.142	0.317	"1"
"转业"	0	1	0	0.69	0.031	0.279	-0.509	1.507	-0.142	2.158	"2"
"转入"	1	0	0	0.69	0.031	0.279	0.161	-0.014	-0.142	0.317	"1"
"轮胎"	1	0	0	0.69	0.031	0.279	0.161	-0.014	-0.142	0.317	"1"
"载有"	2	0	0	1.38	0.062	0.558	0.322	-0.027	-0.284	0.633	"1"
"辅导"	0	1	0	0.69	0.031	0.279	-0.509	1.507	-0.142	2.158	"2"
"辆"	5	0	0	3.45	0.156	1.394	0.805	-0.069	-0.71	1.584	"1"
"辐射"	2	0	0	1.38	0.062	0.558	0.322	-0.027	-0.284	0.633	"1"
"辨识出"	0	0	1	0.69	0.031	0.279	-0.509	-0.014	0.555	1.078	"3"
"边境"	2	0	0	1.38	0.062	0.558	0.322	-0.027	-0.284	0.633	"1"
"边界"	2	0	0	1.38	0.062	0.558	0.322	-0.027	-0.284	0.633	"1"
"边防"	0	0	4	2.76	0.125	1.115	-2.035	-0.055	2.219	4.309	"3"
"达姆"	1	0	0	0.69	0.031	0.279	0.161	-0.014	-0.142	0.317	"1"
"过境"	1	0	0	0.69	0.031	0.279	0.161	-0.014	-0.142	0.317	"1"
"过往"	1	0	0	0.69	0.031	0.279	0.161	-0.014	-0.142	0.317	"1"
"过线"	0	0	1	0.69	0.031	0.279	-0.509	-0.014	0.555	1.078	"3"
"运送"	3	0	0	2.07	0.093	0.836	0.483	-0.041	-0.426	0.95	"1"
"还击"	2	0	0	1.38	0.062	0.558	0.322	-0.027	-0.284	0.633	"1"
"这些"	4	0	1	3.45	0.156	1.394	0.294	-0.069	-0.242	0.605	"1"
"进击"	1	0	0	0.69	0.031	0.279	0.161	-0.014	-0.142	0.317	"1"
"进城"	1	0	0	0.69	0.031	0.279	0.161	-0.014	-0.142	0.317	"1"
"进驻"	1	0	0	0.69	0.031	0.279	0.161	-0.014	-0.142	0.317	"1"
"远去"	0	0	1	0.69	0.031	0.279	-0.509	-0.014	0.555	1.078	"3"
"违令"	1	0	0	0.69	0.031	0.279	0.161	-0.014	-0.142	0.317	"1"
"连"	1	0	6	4.831	0.218	1.951	-2.342	-0.096	2.602	5.04	"3"
"连夜"	0	0	1	0.69	0.031	0.279	-0.509	-0.014	0.555	1.078	"3"
"连队"	0	0	3	2.07	0.093	0.836	-1.526	-0.041	1.664	3.231	"3"
"迫"	2	0	0	1.38	0.062	0.558	0.322	-0.027	-0.284	0.633	"1"
"追"	1	0	0	0.69	0.031	0.279	0.161	-0.014	-0.142	0.317	"1"
"追悼会"	0	0	1	0.69	0.031	0.279	-0.509	-0.014	0.555	1.078	"3"
"追捕"	1	0	0	0.69	0.031	0.279	0.161	-0.014	-0.142	0.317	"1"
"退"	1	1	0	1.38	0.062	0.558	-0.281	1.212	-0.284	1.777	"2"
"退伍"	0	18	0	12.421	0.561	5.018	-9.158	27.118	-2.555	38.831	"2"
"退伍金"	0	0	1	0.69	0.031	0.279	-0.509	-0.014	0.555	1.078	"3"
"退休"	0	0	2	1.38	0.062	0.558	-1.018	-0.027	1.11	2.155	"3"
"退出"	1	0	0	0.69	0.031	0.279	0.161	-0.014	-0.142	0.317	"1"
"退役"	6	0	0	4.14	0.187	1.673	0.967	-0.082	-0.852	1.901	"1"
"退辅会"	0	0	1	0.69	0.031	0.279	-0.509	-0.014	0.555	1.078	"3"
"送"	0	0	1	0.69	0.031	0.279	-0.509	-0.014	0.555	1.078	"3"
"送往"	1	0	0	0.69	0.031	0.279	0.161	-0.014	-0.142	0.317	"1"
"适合"	0	0	1	0.69	0.031	0.279	-0.509	-0.014	0.555	1.078	"3"
"逃离"	1	0	0	0.69	0.031	0.279	0.161	-0.014	-0.142	0.317	"1"
"逃跑"	1	0	0	0.69	0.031	0.279	0.161	-0.014	-0.142	0.317	"1"
"选拔"	0	1	1	1.38	0.062	0.558	-1.018	1.212	0.319	2.549	"2"
"透明度"	0	0	1	0.69	0.031	0.279	-0.509	-0.014	0.555	1.078	"3"
"途中"	2	0	0	1.38	0.062	0.558	0.322	-0.027	-0.284	0.633	"1"
"造成"	11	0	0	7.591	0.343	3.066	1.772	-0.151	-1.561	3.484	"1"
"逮捕"	0	0	4	2.76	0.125	1.115	-2.035	-0.055	2.219	4.309	"3"
"遇"	0	0	1	0.69	0.031	0.279	-0.509	-0.014	0.555	1.078	"3"
"遇袭"	7	0	0	4.831	0.218	1.951	1.128	-0.096	-0.993	2.217	"1"
"遍野"	0	0	1	0.69	0.031	0.279	-0.509	-0.014	0.555	1.078	"3"
"道"	4	0	0	2.76	0.125	1.115	0.644	-0.055	-0.568	1.267	"1"
"道出"	0	0	1	0.69	0.031	0.279	-0.509	-0.014	0.555	1.078	"3"
"道德"	0	0	1	0.69	0.031	0.279	-0.509	-0.014	0.555	1.078	"3"
"遗骸"	2	0	0	1.38	0.062	0.558	0.322	-0.027	-0.284	0.633	"1"
"遭"	17	0	1	12.421	0.561	5.018	1.942	-0.247	-1.654	3.843	"1"
"遭到"	7	0	0	4.831	0.218	1.951	1.128	-0.096	-0.993	2.217	"1"
"遵从"	1	0	0	0.69	0.031	0.279	0.161	-0.014	-0.142	0.317	"1"
"邀请"	0	0	1	0.69	0.031	0.279	-0.509	-0.014	0.555	1.078	"3"
"邢玉堂"	0	0	1	0.69	0.031	0.279	-0.509	-0.014	0.555	1.078	"3"
"那些"	1	0	1	1.38	0.062	0.558	-0.281	-0.027	0.319	0.627	"3"
"那里"	0	0	1	0.69	0.031	0.279	-0.509	-0.014	0.555	1.078	"3"
"邮件"	1	0	0	0.69	0.031	0.279	0.161	-0.014	-0.142	0.317	"1"
"部分"	3	0	2	3.45	0.156	1.394	-0.308	-0.069	0.369	0.746	"3"
"部长"	0	1	0	0.69	0.031	0.279	-0.509	1.507	-0.142	2.158	"2"
"部队"	32	0	6	26.223	1.184	10.593	1.569	-0.522	-1.195	3.286	"1"
"郭庆和"	1	0	0	0.69	0.031	0.279	0.161	-0.014	-0.142	0.317	"1"
"配偶"	0	0	1	0.69	0.031	0.279	-0.509	-0.014	0.555	1.078	"3"
"配备"	1	0	0	0.69	0.031	0.279	0.161	-0.014	-0.142	0.317	"1"
"配给卡"	0	0	1	0.69	0.031	0.279	-0.509	-0.014	0.555	1.078	"3"
"释放翁山"	0	0	1	0.69	0.031	0.279	-0.509	-0.014	0.555	1.078	"3"
"里耶"	1	0	0	0.69	0.031	0.279	0.161	-0.014	-0.142	0.317	"1"
"重返"	1	0	0	0.69	0.031	0.279	0.161	-0.014	-0.142	0.317	"1"
"量身定"	0	0	1	0.69	0.031	0.279	-0.509	-0.014	0.555	1.078	"3"
"钟声"	0	0	1	0.69	0.031	0.279	-0.509	-0.014	0.555	1.078	"3"
"钩端"	0	1	0	0.69	0.031	0.279	-0.509	1.507	-0.142	2.158	"2"
"铀弹"	1	0	0	0.69	0.031	0.279	0.161	-0.014	-0.142	0.317	"1"
"闯入"	1	0	0	0.69	0.031	0.279	0.161	-0.014	-0.142	0.317	"1"
"间谍罪"	1	0	0	0.69	0.031	0.279	0.161	-0.014	-0.142	0.317	"1"
"队"	2	0	0	1.38	0.062	0.558	0.322	-0.027	-0.284	0.633	"1"
"防空"	0	0	1	0.69	0.031	0.279	-0.509	-0.014	0.555	1.078	"3"
"阴谋"	0	0	2	1.38	0.062	0.558	-1.018	-0.027	1.11	2.155	"3"
"阵亡"	7	0	1	5.521	0.249	2.23	0.627	-0.11	-0.523	1.26	"1"
"阶级"	0	0	1	0.69	0.031	0.279	-0.509	-0.014	0.555	1.078	"3"
"阿利奥"	1	0	0	0.69	0.031	0.279	0.161	-0.014	-0.142	0.317	"1"
"阿富汗"	7	0	0	4.831	0.218	1.951	1.128	-0.096	-0.993	2.217	"1"
"阿尔巴尼亚"	1	0	0	0.69	0.031	0.279	0.161	-0.014	-0.142	0.317	"1"
"阿根廷"	0	0	1	0.69	0.031	0.279	-0.509	-0.014	0.555	1.078	"3"
"附近"	9	0	0	6.211	0.28	2.509	1.45	-0.124	-1.277	2.851	"1"
"陆军"	5	0	0	3.45	0.156	1.394	0.805	-0.069	-0.71	1.584	"1"
"陆地区"	0	0	1	0.69	0.031	0.279	-0.509	-0.014	0.555	1.078	"3"
"陆战队"	4	0	1	3.45	0.156	1.394	0.294	-0.069	-0.242	0.605	"1"
"陈军"	0	0	1	0.69	0.031	0.279	-0.509	-0.014	0.555	1.078	"3"
"陈笃"	0	0	1	0.69	0.031	0.279	-0.509	-0.014	0.555	1.078	"3"
"陪同"	1	0	0	0.69	0.031	0.279	0.161	-0.014	-0.142	0.317	"1"
"随即"	1	0	0	0.69	0.031	0.279	0.161	-0.014	-0.142	0.317	"1"
"随后"	0	0	1	0.69	0.031	0.279	-0.509	-0.014	0.555	1.078	"3"
"隐瞒"	0	0	1	0.69	0.031	0.279	-0.509	-0.014	0.555	1.078	"3"
"隐蔽"	1	0	0	0.69	0.031	0.279	0.161	-0.014	-0.142	0.317	"1"
"雄壮"	0	0	1	0.69	0.031	0.279	-0.509	-0.014	0.555	1.078	"3"
"雅加达"	0	0	1	0.69	0.031	0.279	-0.509	-0.014	0.555	1.078	"3"
"集资"	0	1	0	0.69	0.031	0.279	-0.509	1.507	-0.142	2.158	"2"
"雷努阿特"	1	0	0	0.69	0.031	0.279	0.161	-0.014	-0.142	0.317	"1"
"雷马拉"	1	0	0	0.69	0.031	0.279	0.161	-0.014	-0.142	0.317	"1"
"露出"	0	0	1	0.69	0.031	0.279	-0.509	-0.014	0.555	1.078	"3"
"青壮"	0	1	0	0.69	0.031	0.279	-0.509	1.507	-0.142	2.158	"2"
"非"	1	0	0	0.69	0.031	0.279	0.161	-0.014	-0.142	0.317	"1"
"非美籍"	1	0	0	0.69	0.031	0.279	0.161	-0.014	-0.142	0.317	"1"
"革命"	1	0	0	0.69	0.031	0.279	0.161	-0.014	-0.142	0.317	"1"
"革命家"	0	0	1	0.69	0.031	0.279	-0.509	-0.014	0.555	1.078	"3"
"须得"	0	0	1	0.69	0.031	0.279	-0.509	-0.014	0.555	1.078	"3"
"领导"	0	0	1	0.69	0.031	0.279	-0.509	-0.014	0.555	1.078	"3"
"领导人皮"	0	0	1	0.69	0.031	0.279	-0.509	-0.014	0.555	1.078	"3"
"领袖"	0	0	1	0.69	0.031	0.279	-0.509	-0.014	0.555	1.078	"3"
"频繁"	1	0	0	0.69	0.031	0.279	0.161	-0.014	-0.142	0.317	"1"
"颜亮"	1	0	0	0.69	0.031	0.279	0.161	-0.014	-0.142	0.317	"1"
"颠覆"	0	0	1	0.69	0.031	0.279	-0.509	-0.014	0.555	1.078	"3"
"风霜"	0	0	1	0.69	0.031	0.279	-0.509	-0.014	0.555	1.078	"3"
"飞"	0	0	1	0.69	0.031	0.279	-0.509	-0.014	0.555	1.078	"3"
"饥寒交迫"	0	0	1	0.69	0.031	0.279	-0.509	-0.014	0.555	1.078	"3"
"饮"	1	0	0	0.69	0.031	0.279	0.161	-0.014	-0.142	0.317	"1"
"饱经"	0	0	1	0.69	0.031	0.279	-0.509	-0.014	0.555	1.078	"3"
"首"	0	0	1	0.69	0.031	0.279	-0.509	-0.014	0.555	1.078	"3"
"首都"	4	0	3	4.831	0.218	1.951	-0.425	-0.096	0.515	1.036	"3"
"香山"	0	0	1	0.69	0.031	0.279	-0.509	-0.014	0.555	1.078	"3"
"香烟案"	1	0	0	0.69	0.031	0.279	0.161	-0.014	-0.142	0.317	"1"
"马尔萨路斯镇"	0	0	1	0.69	0.031	0.279	-0.509	-0.014	0.555	1.078	"3"
"马尼拉"	1	0	1	1.38	0.062	0.558	-0.281	-0.027	0.319	0.627	"3"
"马里"	1	0	0	0.69	0.031	0.279	0.161	-0.014	-0.142	0.317	"1"
"驱逐"	0	0	1	0.69	0.031	0.279	-0.509	-0.014	0.555	1.078	"3"
"驻"	12	0	1	8.971	0.405	3.624	1.259	-0.179	-1.065	2.503	"1"
"驻伊"	6	0	0	4.14	0.187	1.673	0.967	-0.082	-0.852	1.901	"1"
"驻军"	0	0	1	0.69	0.031	0.279	-0.509	-0.014	0.555	1.078	"3"
"驻守"	1	0	1	1.38	0.062	0.558	-0.281	-0.027	0.319	0.627	"3"
"驻扎"	5	0	1	4.14	0.187	1.673	0.399	-0.082	-0.331	0.812	"1"
"驻防"	3	0	0	2.07	0.093	0.836	0.483	-0.041	-0.426	0.95	"1"
"骁勇善战"	1	0	0	0.69	0.031	0.279	0.161	-0.014	-0.142	0.317	"1"
"骆驼"	0	0	1	0.69	0.031	0.279	-0.509	-0.014	0.555	1.078	"3"
"骑"	0	0	1	0.69	0.031	0.279	-0.509	-0.014	0.555	1.078	"3"
"高喊"	1	0	0	0.69	0.031	0.279	0.161	-0.014	-0.142	0.317	"1"
"鲜血"	0	0	1	0.69	0.031	0.279	-0.509	-0.014	0.555	1.078	"3"
"麦克唐纳"	1	0	0	0.69	0.031	0.279	0.161	-0.014	-0.142	0.317	"1"
"黄东华"	0	0	2	1.38	0.062	0.558	-1.018	-0.027	1.11	2.155	"3"
"黎"	1	0	0	0.69	0.031	0.279	0.161	-0.014	-0.142	0.317	"1"
"黎巴嫩"	4	0	0	2.76	0.125	1.115	0.644	-0.055	-0.568	1.267	"1"
"黑人"	0	0	1	0.69	0.031	0.279	-0.509	-0.014	0.555	1.078	"3"
"鼓噪"	1	0	0	0.69	0.031	0.279	0.161	-0.014	-0.142	0.317	"1"
"齐"	0	0	1	0.69	0.031	0.279	-0.509	-0.014	0.555	1.078	"3"
