"Coll_Word"	"1"	"2"	"3"	"exp_1"	"exp_2"	"exp_3"	"pbin_1"	"pbin_2"	"pbin_3"	"SumAbsDev"	"LargestDev"
"--"	0	0	7	2.121	0.826	4.053	-1.097	-0.382	1.661	3.14	"3"
":"	26	0	6	9.695	3.778	18.527	8.424	-1.746	-5.161	15.331	"1"
"!"	1	0	1	0.606	0.236	1.158	0.289	-0.109	-0.177	0.575	"1"
"("	127	0	10	41.506	16.176	79.319	52.755	-7.476	-35.399	95.63	"1"
")"	121	0	11	39.991	15.585	76.424	48.92	-7.203	-32.5	88.623	"1"
"["	2	0	0	0.606	0.236	1.158	1.037	-0.109	-0.751	1.897	"1"
"]"	2	0	0	0.606	0.236	1.158	1.037	-0.109	-0.751	1.897	"1"
"04"	1	0	0	0.303	0.118	0.579	0.519	-0.055	-0.376	0.95	"1"
"07月"	2	0	0	0.606	0.236	1.158	1.037	-0.109	-0.751	1.897	"1"
"1.3832"	1	0	0	0.303	0.118	0.579	0.519	-0.055	-0.376	0.95	"1"
"106.10"	1	0	0	0.303	0.118	0.579	0.519	-0.055	-0.376	0.95	"1"
"1402"	1	0	0	0.303	0.118	0.579	0.519	-0.055	-0.376	0.95	"1"
"140周年"	0	1	0	0.303	0.118	0.579	-0.157	0.928	-0.376	1.461	"2"
"1977－－世纪"	0	1	0	0.303	0.118	0.579	-0.157	0.928	-0.376	1.461	"2"
"1底"	1	0	0	0.303	0.118	0.579	0.519	-0.055	-0.376	0.95	"1"
"2000年度"	0	0	1	0.303	0.118	0.579	-0.157	-0.055	0.237	0.449	"3"
"2003年"	2	0	1	0.909	0.354	1.737	0.658	-0.164	-0.417	1.239	"1"
"2005年"	1	0	1	0.606	0.236	1.158	0.289	-0.109	-0.177	0.575	"1"
"2008年"	1	0	0	0.303	0.118	0.579	0.519	-0.055	-0.376	0.95	"1"
"2009年"	1	0	0	0.303	0.118	0.579	0.519	-0.055	-0.376	0.95	"1"
"2010年"	1	0	0	0.303	0.118	0.579	0.519	-0.055	-0.376	0.95	"1"
"3585"	1	0	0	0.303	0.118	0.579	0.519	-0.055	-0.376	0.95	"1"
"4年"	0	0	1	0.303	0.118	0.579	-0.157	-0.055	0.237	0.449	"3"
"4底"	1	0	0	0.303	0.118	0.579	0.519	-0.055	-0.376	0.95	"1"
"56"	0	0	1	0.303	0.118	0.579	-0.157	-0.055	0.237	0.449	"3"
"70年代"	0	0	1	0.303	0.118	0.579	-0.157	-0.055	0.237	0.449	"3"
"891203"	0	0	1	0.303	0.118	0.579	-0.157	-0.055	0.237	0.449	"3"
"AC"	1	0	0	0.303	0.118	0.579	0.519	-0.055	-0.376	0.95	"1"
"Atletico"	0	0	1	0.303	0.118	0.579	-0.157	-0.055	0.237	0.449	"3"
"DSF"	2	0	0	0.606	0.236	1.158	1.037	-0.109	-0.751	1.897	"1"
"F1"	2	0	0	0.606	0.236	1.158	1.037	-0.109	-0.751	1.897	"1"
"IPC"	0	0	1	0.303	0.118	0.579	-0.157	-0.055	0.237	0.449	"3"
"LaCoruna"	0	0	1	0.303	0.118	0.579	-0.157	-0.055	0.237	0.449	"3"
"Madrid"	0	0	1	0.303	0.118	0.579	-0.157	-0.055	0.237	0.449	"3"
"ndriyShevchenko"	0	0	1	0.303	0.118	0.579	-0.157	-0.055	0.237	0.449	"3"
"Ｏ"	0	0	1	0.303	0.118	0.579	-0.157	-0.055	0.237	0.449	"3"
"Y"	2	0	0	0.606	0.236	1.158	1.037	-0.109	-0.751	1.897	"1"
"一楼"	0	0	1	0.303	0.118	0.579	-0.157	-0.055	0.237	0.449	"3"
"一落千丈"	0	1	0	0.303	0.118	0.579	-0.157	0.928	-0.376	1.461	"2"
"一览无遗"	1	0	0	0.303	0.118	0.579	0.519	-0.055	-0.376	0.95	"1"
"三十分"	0	0	3	0.909	0.354	1.737	-0.47	-0.164	0.712	1.346	"3"
"上衣"	0	0	1	0.303	0.118	0.579	-0.157	-0.055	0.237	0.449	"3"
"不用"	0	0	3	0.909	0.354	1.737	-0.47	-0.164	0.712	1.346	"3"
"专业"	0	0	5	1.515	0.59	2.895	-0.784	-0.273	1.187	2.244	"3"
"专业化"	0	0	2	0.606	0.236	1.158	-0.313	-0.109	0.475	0.897	"3"
"专业团"	0	0	1	0.303	0.118	0.579	-0.157	-0.055	0.237	0.449	"3"
"专业户"	0	0	1	0.303	0.118	0.579	-0.157	-0.055	0.237	0.449	"3"
"专卖店"	0	0	1	0.303	0.118	0.579	-0.157	-0.055	0.237	0.449	"3"
"专线"	1	0	0	0.303	0.118	0.579	0.519	-0.055	-0.376	0.95	"1"
"世乒赛"	1	0	0	0.303	0.118	0.579	0.519	-0.055	-0.376	0.95	"1"
"世界"	13	0	8	6.362	2.479	12.158	2.571	-1.146	-1.269	4.986	"1"
"世界杯"	2	0	0	0.606	0.236	1.158	1.037	-0.109	-0.751	1.897	"1"
"世界级"	0	0	1	0.303	0.118	0.579	-0.157	-0.055	0.237	0.449	"3"
"世锦赛"	5	0	0	1.515	0.59	2.895	2.593	-0.273	-1.878	4.744	"1"
"世青赛"	1	0	0	0.303	0.118	0.579	0.519	-0.055	-0.376	0.95	"1"
"业余"	0	0	2	0.606	0.236	1.158	-0.313	-0.109	0.475	0.897	"3"
"东道主"	0	0	1	0.303	0.118	0.579	-0.157	-0.055	0.237	0.449	"3"
"丝线"	0	2	0	0.606	0.236	1.158	-0.313	1.856	-0.751	2.92	"2"
"个人赛"	0	0	1	0.303	0.118	0.579	-0.157	-0.055	0.237	0.449	"3"
"中华"	0	0	3	0.909	0.354	1.737	-0.47	-0.164	0.712	1.346	"3"
"中华民国"	0	0	1	0.303	0.118	0.579	-0.157	-0.055	0.237	0.449	"3"
"中国"	3	0	12	4.544	1.771	8.685	-0.54	-0.818	1.176	2.534	"3"
"中国奥委会"	0	0	1	0.303	0.118	0.579	-0.157	-0.055	0.237	0.449	"3"
"中国队"	2	0	0	0.606	0.236	1.158	1.037	-0.109	-0.751	1.897	"1"
"中学"	0	0	2	0.606	0.236	1.158	-0.313	-0.109	0.475	0.897	"3"
"中小学"	0	0	1	0.303	0.118	0.579	-0.157	-0.055	0.237	0.449	"3"
"中度"	0	0	1	0.303	0.118	0.579	-0.157	-0.055	0.237	0.449	"3"
"中心"	4	0	11	4.544	1.771	8.685	-0.296	-0.818	0.765	1.879	"2"
"丰富"	0	1	2	0.909	0.354	1.737	-0.47	0.503	0.209	1.182	"2"
"主"	0	0	1	0.303	0.118	0.579	-0.157	-0.055	0.237	0.449	"3"
"主义"	0	3	0	0.909	0.354	1.737	-0.47	2.784	-1.127	4.381	"2"
"主任"	0	0	6	1.818	0.708	3.474	-0.94	-0.327	1.424	2.691	"3"
"主办"	1	0	4	1.515	0.59	2.895	-0.282	-0.273	0.521	1.076	"3"
"主办权"	0	0	1	0.303	0.118	0.579	-0.157	-0.055	0.237	0.449	"3"
"主场"	0	0	1	0.303	0.118	0.579	-0.157	-0.055	0.237	0.449	"3"
"主委"	0	0	3	0.909	0.354	1.737	-0.47	-0.164	0.712	1.346	"3"
"主席"	2	0	6	2.424	0.945	4.632	-0.264	-0.437	0.564	1.265	"3"
"主教练"	0	0	1	0.303	0.118	0.579	-0.157	-0.055	0.237	0.449	"3"
"主题"	0	0	1	0.303	0.118	0.579	-0.157	-0.055	0.237	0.449	"3"
"举世"	1	0	0	0.303	0.118	0.579	0.519	-0.055	-0.376	0.95	"1"
"举办"	1	0	6	2.121	0.826	4.053	-0.491	-0.382	0.877	1.75	"3"
"举办权"	1	0	0	0.303	0.118	0.579	0.519	-0.055	-0.376	0.95	"1"
"举重"	0	0	1	0.303	0.118	0.579	-0.157	-0.055	0.237	0.449	"3"
"义"	0	1	0	0.303	0.118	0.579	-0.157	0.928	-0.376	1.461	"2"
"之类"	0	1	0	0.303	0.118	0.579	-0.157	0.928	-0.376	1.461	"2"
"乌干达"	0	0	1	0.303	0.118	0.579	-0.157	-0.055	0.237	0.449	"3"
"乒乓"	0	0	1	0.303	0.118	0.579	-0.157	-0.055	0.237	0.449	"3"
"乒乓球"	0	0	6	1.818	0.708	3.474	-0.94	-0.327	1.424	2.691	"3"
"乒乓球队"	1	0	0	0.303	0.118	0.579	0.519	-0.055	-0.376	0.95	"1"
"乒联"	2	0	0	0.606	0.236	1.158	1.037	-0.109	-0.751	1.897	"1"
"九时"	0	0	2	0.606	0.236	1.158	-0.313	-0.109	0.475	0.897	"3"
"习作"	0	1	0	0.303	0.118	0.579	-0.157	0.928	-0.376	1.461	"2"
"习惯"	0	0	1	0.303	0.118	0.579	-0.157	-0.055	0.237	0.449	"3"
"乡亲"	0	1	0	0.303	0.118	0.579	-0.157	0.928	-0.376	1.461	"2"
"乡镇"	0	0	1	0.303	0.118	0.579	-0.157	-0.055	0.237	0.449	"3"
"争办"	1	0	0	0.303	0.118	0.579	0.519	-0.055	-0.376	0.95	"1"
"争取"	0	2	0	0.606	0.236	1.158	-0.313	1.856	-0.751	2.92	"2"
"争取到"	0	1	0	0.303	0.118	0.579	-0.157	0.928	-0.376	1.461	"2"
"争议性"	0	0	1	0.303	0.118	0.579	-0.157	-0.055	0.237	0.449	"3"
"事业"	0	0	3	0.909	0.354	1.737	-0.47	-0.164	0.712	1.346	"3"
"事务"	1	0	1	0.606	0.236	1.158	0.289	-0.109	-0.177	0.575	"1"
"互动性"	0	0	1	0.303	0.118	0.579	-0.157	-0.055	0.237	0.449	"3"
"亚冬"	1	0	0	0.303	0.118	0.579	0.519	-0.055	-0.376	0.95	"1"
"亚奥"	0	0	1	0.303	0.118	0.579	-0.157	-0.055	0.237	0.449	"3"
"亚洲"	3	0	2	1.515	0.59	2.895	0.777	-0.273	-0.451	1.501	"1"
"亚齐"	0	7	0	2.121	0.826	4.053	-1.097	6.495	-2.63	10.222	"2"
"交流"	1	0	2	0.909	0.354	1.737	0.18	-0.164	0.209	0.553	"3"
"亮相"	4	0	0	1.212	0.472	2.316	2.074	-0.218	-1.503	3.795	"1"
"人们"	0	1	1	0.606	0.236	1.158	-0.313	0.653	-0.177	1.143	"2"
"人才"	0	0	3	0.909	0.354	1.737	-0.47	-0.164	0.712	1.346	"3"
"人盾"	0	1	0	0.303	0.118	0.579	-0.157	0.928	-0.376	1.461	"2"
"人阵"	0	2	0	0.606	0.236	1.158	-0.313	1.856	-0.751	2.92	"2"
"什么样"	1	0	0	0.303	0.118	0.579	0.519	-0.055	-0.376	0.95	"1"
"从事"	0	1	1	0.606	0.236	1.158	-0.313	0.653	-0.177	1.143	"2"
"代"	0	0	1	0.303	0.118	0.579	-0.157	-0.055	0.237	0.449	"3"
"代表团"	1	0	11	3.636	1.417	6.948	-1.087	-0.655	1.86	3.602	"3"
"代表队"	0	0	2	0.606	0.236	1.158	-0.313	-0.109	0.475	0.897	"3"
"以国家"	0	0	1	0.303	0.118	0.579	-0.157	-0.055	0.237	0.449	"3"
"仲裁"	0	1	0	0.303	0.118	0.579	-0.157	0.928	-0.376	1.461	"2"
"伊利安加雅省"	0	1	0	0.303	0.118	0.579	-0.157	0.928	-0.376	1.461	"2"
"伊斯兰"	0	7	0	2.121	0.826	4.053	-1.097	6.495	-2.63	10.222	"2"
"伊里安省"	0	1	0	0.303	0.118	0.579	-0.157	0.928	-0.376	1.461	"2"
"伍绍祖"	0	0	1	0.303	0.118	0.579	-0.157	-0.055	0.237	0.449	"3"
"休闲"	0	0	6	1.818	0.708	3.474	-0.94	-0.327	1.424	2.691	"3"
"众多"	0	0	1	0.303	0.118	0.579	-0.157	-0.055	0.237	0.449	"3"
"优异"	0	0	1	0.303	0.118	0.579	-0.157	-0.055	0.237	0.449	"3"
"会徽"	1	0	0	0.303	0.118	0.579	0.519	-0.055	-0.376	0.95	"1"
"会议室"	0	0	1	0.303	0.118	0.579	-0.157	-0.055	0.237	0.449	"3"
"传播"	0	0	1	0.303	0.118	0.579	-0.157	-0.055	0.237	0.449	"3"
"传统"	0	0	6	1.818	0.708	3.474	-0.94	-0.327	1.424	2.691	"3"
"体"	0	0	4	1.212	0.472	2.316	-0.627	-0.218	0.949	1.794	"3"
"体总"	0	0	3	0.909	0.354	1.737	-0.47	-0.164	0.712	1.346	"3"
"体操"	0	0	4	1.212	0.472	2.316	-0.627	-0.218	0.949	1.794	"3"
"体育"	14	0	66	24.237	9.446	46.317	-2.167	-4.365	5.604	12.136	"3"
"体育场"	0	0	1	0.303	0.118	0.579	-0.157	-0.055	0.237	0.449	"3"
"体育场馆"	0	0	1	0.303	0.118	0.579	-0.157	-0.055	0.237	0.449	"3"
"体育局"	0	0	1	0.303	0.118	0.579	-0.157	-0.055	0.237	0.449	"3"
"体育班"	0	1	0	0.303	0.118	0.579	-0.157	0.928	-0.376	1.461	"2"
"体育界"	0	0	1	0.303	0.118	0.579	-0.157	-0.055	0.237	0.449	"3"
"体育馆"	0	0	3	0.909	0.354	1.737	-0.47	-0.164	0.712	1.346	"3"
"体能"	0	0	2	0.606	0.236	1.158	-0.313	-0.109	0.475	0.897	"3"
"体质"	0	0	1	0.303	0.118	0.579	-0.157	-0.055	0.237	0.449	"3"
"体院"	0	0	1	0.303	0.118	0.579	-0.157	-0.055	0.237	0.449	"3"
"何权"	1	0	0	0.303	0.118	0.579	0.519	-0.055	-0.376	0.95	"1"
"佳薇"	0	0	1	0.303	0.118	0.579	-0.157	-0.055	0.237	0.449	"3"
"便车"	0	1	0	0.303	0.118	0.579	-0.157	0.928	-0.376	1.461	"2"
"促进"	0	0	4	1.212	0.472	2.316	-0.627	-0.218	0.949	1.794	"3"
"俄罗斯"	0	0	1	0.303	0.118	0.579	-0.157	-0.055	0.237	0.449	"3"
"保住"	1	0	0	0.303	0.118	0.579	0.519	-0.055	-0.376	0.95	"1"
"保健"	0	0	2	0.606	0.236	1.158	-0.313	-0.109	0.475	0.897	"3"
"保加利亚"	2	0	0	0.606	0.236	1.158	1.037	-0.109	-0.751	1.897	"1"
"保级"	1	0	0	0.303	0.118	0.579	0.519	-0.055	-0.376	0.95	"1"
"俱乐部"	0	0	1	0.303	0.118	0.579	-0.157	-0.055	0.237	0.449	"3"
"俱乐部队"	0	0	1	0.303	0.118	0.579	-0.157	-0.055	0.237	0.449	"3"
"倒瓦"	0	0	1	0.303	0.118	0.579	-0.157	-0.055	0.237	0.449	"3"
"债务人"	0	0	1	0.303	0.118	0.579	-0.157	-0.055	0.237	0.449	"3"
"做"	0	0	2	0.606	0.236	1.158	-0.313	-0.109	0.475	0.897	"3"
"做完"	0	0	1	0.303	0.118	0.579	-0.157	-0.055	0.237	0.449	"3"
"停赛"	1	0	0	0.303	0.118	0.579	0.519	-0.055	-0.376	0.95	"1"
"健"	0	1	0	0.303	0.118	0.579	-0.157	0.928	-0.376	1.461	"2"
"健儿"	0	0	3	0.909	0.354	1.737	-0.47	-0.164	0.712	1.346	"3"
"健全人"	0	0	1	0.303	0.118	0.579	-0.157	-0.055	0.237	0.449	"3"
"健力"	0	0	1	0.303	0.118	0.579	-0.157	-0.055	0.237	0.449	"3"
"健康"	0	0	4	1.212	0.472	2.316	-0.627	-0.218	0.949	1.794	"3"
"健身"	0	0	8	2.424	0.945	4.632	-1.254	-0.437	1.899	3.59	"3"
"健身房"	0	2	0	0.606	0.236	1.158	-0.313	1.856	-0.751	2.92	"2"
"先进"	0	0	1	0.303	0.118	0.579	-0.157	-0.055	0.237	0.449	"3"
"克.阿马鲁"	0	1	0	0.303	0.118	0.579	-0.157	0.928	-0.376	1.461	"2"
"克罗地亚"	0	0	2	0.606	0.236	1.158	-0.313	-0.109	0.475	0.897	"3"
"克莱门丝"	0	1	0	0.303	0.118	0.579	-0.157	0.928	-0.376	1.461	"2"
"免疫力"	0	0	1	0.303	0.118	0.579	-0.157	-0.055	0.237	0.449	"3"
"全国"	5	2	16	6.968	2.716	13.316	-0.587	-0.32	0.748	1.655	"3"
"全国解"	0	1	0	0.303	0.118	0.579	-0.157	0.928	-0.376	1.461	"2"
"全民"	0	0	10	3.03	1.181	5.79	-1.567	-0.546	2.373	4.486	"3"
"全运会"	0	0	1	0.303	0.118	0.579	-0.157	-0.055	0.237	0.449	"3"
"八日电"	0	0	1	0.303	0.118	0.579	-0.157	-0.055	0.237	0.449	"3"
"公共"	0	0	3	0.909	0.354	1.737	-0.47	-0.164	0.712	1.346	"3"
"公园"	0	0	4	1.212	0.472	2.316	-0.627	-0.218	0.949	1.794	"3"
"公开赛"	1	0	0	0.303	0.118	0.579	0.519	-0.055	-0.376	0.95	"1"
"关节"	0	0	1	0.303	0.118	0.579	-0.157	-0.055	0.237	0.449	"3"
"兴趣"	0	0	1	0.303	0.118	0.579	-0.157	-0.055	0.237	0.449	"3"
"内脏"	0	0	1	0.303	0.118	0.579	-0.157	-0.055	0.237	0.449	"3"
"军体"	1	0	0	0.303	0.118	0.579	0.519	-0.055	-0.376	0.95	"1"
"农村"	0	0	7	2.121	0.826	4.053	-1.097	-0.382	1.661	3.14	"3"
"农民"	0	0	6	1.818	0.708	3.474	-0.94	-0.327	1.424	2.691	"3"
"农运会"	0	0	1	0.303	0.118	0.579	-0.157	-0.055	0.237	0.449	"3"
"冠军"	7	0	0	2.121	0.826	4.053	3.63	-0.382	-2.63	6.642	"1"
"冠军赛"	1	0	1	0.606	0.236	1.158	0.289	-0.109	-0.177	0.575	"1"
"冬奥会"	2	0	1	0.909	0.354	1.737	0.658	-0.164	-0.417	1.239	"1"
"冰球"	3	0	0	0.909	0.354	1.737	1.556	-0.164	-1.127	2.847	"1"
"冰雪"	0	0	3	0.909	0.354	1.737	-0.47	-0.164	0.712	1.346	"3"
"决出"	2	0	0	0.606	0.236	1.158	1.037	-0.109	-0.751	1.897	"1"
"决赛圈"	1	0	0	0.303	0.118	0.579	0.519	-0.055	-0.376	0.95	"1"
"减肥"	0	0	1	0.303	0.118	0.579	-0.157	-0.055	0.237	0.449	"3"
"几年"	0	0	1	0.303	0.118	0.579	-0.157	-0.055	0.237	0.449	"3"
"出战"	3	0	0	0.909	0.354	1.737	1.556	-0.164	-1.127	2.847	"1"
"分享"	0	0	1	0.303	0.118	0.579	-0.157	-0.055	0.237	0.449	"3"
"分子"	0	1	0	0.303	0.118	0.579	-0.157	0.928	-0.376	1.461	"2"
"分离"	0	1	0	0.303	0.118	0.579	-0.157	0.928	-0.376	1.461	"2"
"分龄"	1	0	0	0.303	0.118	0.579	0.519	-0.055	-0.376	0.95	"1"
"切尔西队"	1	0	0	0.303	0.118	0.579	0.519	-0.055	-0.376	0.95	"1"
"列为"	0	0	2	0.606	0.236	1.158	-0.313	-0.109	0.475	0.897	"3"
"刘凤岩"	0	0	1	0.303	0.118	0.579	-0.157	-0.055	0.237	0.449	"3"
"刘广"	0	0	1	0.303	0.118	0.579	-0.157	-0.055	0.237	0.449	"3"
"刘敬民"	1	0	0	0.303	0.118	0.579	0.519	-0.055	-0.376	0.95	"1"
"刘淑敏"	0	0	1	0.303	0.118	0.579	-0.157	-0.055	0.237	0.449	"3"
"刚果"	0	2	0	0.606	0.236	1.158	-0.313	1.856	-0.751	2.92	"2"
"创始人"	0	0	1	0.303	0.118	0.579	-0.157	-0.055	0.237	0.449	"3"
"利比里亚"	0	1	0	0.303	0.118	0.579	-0.157	0.928	-0.376	1.461	"2"
"副主任"	0	0	3	0.909	0.354	1.737	-0.47	-0.164	0.712	1.346	"3"
"副主委"	0	0	1	0.303	0.118	0.579	-0.157	-0.055	0.237	0.449	"3"
"副团长"	0	0	1	0.303	0.118	0.579	-0.157	-0.055	0.237	0.449	"3"
"副局长"	0	0	1	0.303	0.118	0.579	-0.157	-0.055	0.237	0.449	"3"
"副总干事"	1	0	0	0.303	0.118	0.579	0.519	-0.055	-0.376	0.95	"1"
"力量举"	0	0	1	0.303	0.118	0.579	-0.157	-0.055	0.237	0.449	"3"
"功败垂成"	0	0	1	0.303	0.118	0.579	-0.157	-0.055	0.237	0.449	"3"
"动"	0	0	3	0.909	0.354	1.737	-0.47	-0.164	0.712	1.346	"3"
"劳伦斯"	0	0	1	0.303	0.118	0.579	-0.157	-0.055	0.237	0.449	"3"
"势力"	0	3	0	0.909	0.354	1.737	-0.47	2.784	-1.127	4.381	"2"
"募款"	0	0	1	0.303	0.118	0.579	-0.157	-0.055	0.237	0.449	"3"
"包揽"	2	0	0	0.606	0.236	1.158	1.037	-0.109	-0.751	1.897	"1"
"匈奴"	0	0	1	0.303	0.118	0.579	-0.157	-0.055	0.237	0.449	"3"
"北体院"	0	0	1	0.303	0.118	0.579	-0.157	-0.055	0.237	0.449	"3"
"北奥"	0	0	1	0.303	0.118	0.579	-0.157	-0.055	0.237	0.449	"3"
"北市"	0	0	1	0.303	0.118	0.579	-0.157	-0.055	0.237	0.449	"3"
"北林"	0	0	1	0.303	0.118	0.579	-0.157	-0.055	0.237	0.449	"3"
"医学"	0	0	1	0.303	0.118	0.579	-0.157	-0.055	0.237	0.449	"3"
"十三时"	0	0	1	0.303	0.118	0.579	-0.157	-0.055	0.237	0.449	"3"
"十二楼"	0	0	1	0.303	0.118	0.579	-0.157	-0.055	0.237	0.449	"3"
"十时"	0	0	2	0.606	0.236	1.158	-0.313	-0.109	0.475	0.897	"3"
"十法"	0	0	2	0.606	0.236	1.158	-0.313	-0.109	0.475	0.897	"3"
"华南师"	0	0	1	0.303	0.118	0.579	-0.157	-0.055	0.237	0.449	"3"
"华语"	0	0	3	0.909	0.354	1.737	-0.47	-0.164	0.712	1.346	"3"
"协会"	0	0	15	4.544	1.771	8.685	-2.351	-0.818	3.56	6.729	"3"
"卓越"	0	0	1	0.303	0.118	0.579	-0.157	-0.055	0.237	0.449	"3"
"单项"	0	0	2	0.606	0.236	1.158	-0.313	-0.109	0.475	0.897	"3"
"单骑"	1	0	0	0.303	0.118	0.579	0.519	-0.055	-0.376	0.95	"1"
"南京市"	0	0	1	0.303	0.118	0.579	-0.157	-0.055	0.237	0.449	"3"
"南德斯"	0	0	1	0.303	0.118	0.579	-0.157	-0.055	0.237	0.449	"3"
"南昌城"	0	0	1	0.303	0.118	0.579	-0.157	-0.055	0.237	0.449	"3"
"南通"	0	0	1	0.303	0.118	0.579	-0.157	-0.055	0.237	0.449	"3"
"博爱"	0	1	0	0.303	0.118	0.579	-0.157	0.928	-0.376	1.461	"2"
"博览会"	0	0	3	0.909	0.354	1.737	-0.47	-0.164	0.712	1.346	"3"
"卡拉斯"	0	0	1	0.303	0.118	0.579	-0.157	-0.055	0.237	0.449	"3"
"卢元镇"	0	0	1	0.303	0.118	0.579	-0.157	-0.055	0.237	0.449	"3"
"卫生"	0	0	1	0.303	0.118	0.579	-0.157	-0.055	0.237	0.449	"3"
"印尼队"	1	0	0	0.303	0.118	0.579	0.519	-0.055	-0.376	0.95	"1"
"历程"	0	1	0	0.303	0.118	0.579	-0.157	0.928	-0.376	1.461	"2"
"原住民"	0	0	1	0.303	0.118	0.579	-0.157	-0.055	0.237	0.449	"3"
"原编"	0	0	1	0.303	0.118	0.579	-0.157	-0.055	0.237	0.449	"3"
"参与"	2	0	5	2.121	0.826	4.053	-0.194	-0.382	0.426	1.002	"3"
"参与性"	0	0	1	0.303	0.118	0.579	-0.157	-0.055	0.237	0.449	"3"
"参与者"	0	0	1	0.303	0.118	0.579	-0.157	-0.055	0.237	0.449	"3"
"参加"	1	2	10	3.938	1.535	7.527	-1.215	0.333	0.877	2.425	"1"
"参赛队"	3	0	0	0.909	0.354	1.737	1.556	-0.164	-1.127	2.847	"1"
"反"	0	3	0	0.909	0.354	1.737	-0.47	2.784	-1.127	4.381	"2"
"反之"	0	0	1	0.303	0.118	0.579	-0.157	-0.055	0.237	0.449	"3"
"反对"	0	3	1	1.212	0.472	2.316	-0.627	2.222	-0.69	3.539	"2"
"反帝"	0	2	0	0.606	0.236	1.158	-0.313	1.856	-0.751	2.92	"2"
"反抗"	0	1	0	0.303	0.118	0.579	-0.157	0.928	-0.376	1.461	"2"
"发动"	0	1	0	0.303	0.118	0.579	-0.157	0.928	-0.376	1.461	"2"
"发展"	0	0	22	6.665	2.598	12.737	-3.448	-1.2	5.222	9.87	"3"
"发扬光大"	1	0	0	0.303	0.118	0.579	0.519	-0.055	-0.376	0.95	"1"
"发稿"	1	0	0	0.303	0.118	0.579	0.519	-0.055	-0.376	0.95	"1"
"发起"	0	5	0	1.515	0.59	2.895	-0.784	4.639	-1.878	7.301	"2"
"取代"	0	0	1	0.303	0.118	0.579	-0.157	-0.055	0.237	0.449	"3"
"取缔"	0	1	0	0.303	0.118	0.579	-0.157	0.928	-0.376	1.461	"2"
"古巴"	0	0	2	0.606	0.236	1.158	-0.313	-0.109	0.475	0.897	"3"
"右派"	0	1	0	0.303	0.118	0.579	-0.157	0.928	-0.376	1.461	"2"
"同旨"	0	0	1	0.303	0.118	0.579	-0.157	-0.055	0.237	0.449	"3"
"名次"	0	0	1	0.303	0.118	0.579	-0.157	-0.055	0.237	0.449	"3"
"君主"	0	1	0	0.303	0.118	0.579	-0.157	0.928	-0.376	1.461	"2"
"吴汉雄"	1	0	0	0.303	0.118	0.579	0.519	-0.055	-0.376	0.95	"1"
"员"	0	1	7	2.424	0.945	4.632	-1.254	0.198	1.065	2.517	"1"
"周晓梅"	0	0	1	0.303	0.118	0.579	-0.157	-0.055	0.237	0.449	"3"
"周轶君"	0	1	0	0.303	0.118	0.579	-0.157	0.928	-0.376	1.461	"2"
"和解"	0	0	1	0.303	0.118	0.579	-0.157	-0.055	0.237	0.449	"3"
"哈"	0	1	0	0.303	0.118	0.579	-0.157	0.928	-0.376	1.461	"2"
"哈瓦那"	1	0	0	0.303	0.118	0.579	0.519	-0.055	-0.376	0.95	"1"
"哈马斯"	0	5	0	1.515	0.59	2.895	-0.784	4.639	-1.878	7.301	"2"
"哥斯达黎加"	2	0	0	0.606	0.236	1.158	1.037	-0.109	-0.751	1.897	"1"
"喀麦隆"	0	1	0	0.303	0.118	0.579	-0.157	0.928	-0.376	1.461	"2"
"喜见"	1	0	0	0.303	0.118	0.579	0.519	-0.055	-0.376	0.95	"1"
"器材"	0	0	2	0.606	0.236	1.158	-0.313	-0.109	0.475	0.897	"3"
"囊括"	2	0	0	0.606	0.236	1.158	1.037	-0.109	-0.751	1.897	"1"
"四"	1	0	3	1.212	0.472	2.316	-0.189	-0.218	0.357	0.764	"3"
"回教"	0	3	0	0.909	0.354	1.737	-0.47	2.784	-1.127	4.381	"2"
"回族"	1	0	1	0.606	0.236	1.158	0.289	-0.109	-0.177	0.575	"1"
"回联"	0	0	1	0.303	0.118	0.579	-0.157	-0.055	0.237	0.449	"3"
"团体"	0	2	3	1.515	0.59	2.895	-0.784	0.961	0.19	1.935	"2"
"团结"	0	1	0	0.303	0.118	0.579	-0.157	0.928	-0.376	1.461	"2"
"团长"	0	0	2	0.606	0.236	1.158	-0.313	-0.109	0.475	0.897	"3"
"国内外"	0	0	2	0.606	0.236	1.158	-0.313	-0.109	0.475	0.897	"3"
"国务"	0	1	0	0.303	0.118	0.579	-0.157	0.928	-0.376	1.461	"2"
"国家"	1	0	22	6.968	2.716	13.316	-2.564	-1.255	4.21	8.029	"3"
"国立"	0	0	2	0.606	0.236	1.158	-0.313	-0.109	0.475	0.897	"3"
"国际"	10	2	14	7.877	3.07	15.053	0.62	-0.406	-0.388	1.414	"1"
"国际性"	0	0	1	0.303	0.118	0.579	-0.157	-0.055	0.237	0.449	"3"
"国际级"	0	0	1	0.303	0.118	0.579	-0.157	-0.055	0.237	0.449	"3"
"国际象棋"	0	0	1	0.303	0.118	0.579	-0.157	-0.055	0.237	0.449	"3"
"国际部"	1	0	0	0.303	0.118	0.579	0.519	-0.055	-0.376	0.95	"1"
"图帕"	0	1	0	0.303	0.118	0.579	-0.157	0.928	-0.376	1.461	"2"
"图片"	1	0	0	0.303	0.118	0.579	0.519	-0.055	-0.376	0.95	"1"
"圣何塞"	1	0	0	0.303	0.118	0.579	0.519	-0.055	-0.376	0.95	"1"
"圣战"	0	2	0	0.606	0.236	1.158	-0.313	1.856	-0.751	2.92	"2"
"圣火"	0	0	1	0.303	0.118	0.579	-0.157	-0.055	0.237	0.449	"3"
"在座"	1	0	0	0.303	0.118	0.579	0.519	-0.055	-0.376	0.95	"1"
"地壳"	0	1	0	0.303	0.118	0.579	-0.157	0.928	-0.376	1.461	"2"
"场上"	1	0	0	0.303	0.118	0.579	0.519	-0.055	-0.376	0.95	"1"
"场地"	0	0	3	0.909	0.354	1.737	-0.47	-0.164	0.712	1.346	"3"
"场所"	0	0	3	0.909	0.354	1.737	-0.47	-0.164	0.712	1.346	"3"
"均衡"	0	0	1	0.303	0.118	0.579	-0.157	-0.055	0.237	0.449	"3"
"埃维瓦尔多"	1	0	0	0.303	0.118	0.579	0.519	-0.055	-0.376	0.95	"1"
"培养"	0	0	5	1.515	0.59	2.895	-0.784	-0.273	1.187	2.244	"3"
"基地"	1	0	1	0.606	0.236	1.158	0.289	-0.109	-0.177	0.575	"1"
"基本功"	0	0	1	0.303	0.118	0.579	-0.157	-0.055	0.237	0.449	"3"
"基督教"	0	2	0	0.606	0.236	1.158	-0.313	1.856	-0.751	2.92	"2"
"塌落"	1	0	0	0.303	0.118	0.579	0.519	-0.055	-0.376	0.95	"1"
"增强"	0	0	3	0.909	0.354	1.737	-0.47	-0.164	0.712	1.346	"3"
"增设"	0	0	1	0.303	0.118	0.579	-0.157	-0.055	0.237	0.449	"3"
"增进"	0	0	1	0.303	0.118	0.579	-0.157	-0.055	0.237	0.449	"3"
"墨西哥"	1	0	0	0.303	0.118	0.579	0.519	-0.055	-0.376	0.95	"1"
"处长"	0	0	4	1.212	0.472	2.316	-0.627	-0.218	0.949	1.794	"3"
"备忘录"	0	0	3	0.909	0.354	1.737	-0.47	-0.164	0.712	1.346	"3"
"复兴"	0	0	2	0.606	0.236	1.158	-0.313	-0.109	0.475	0.897	"3"
"外来人"	0	0	1	0.303	0.118	0.579	-0.157	-0.055	0.237	0.449	"3"
"多层次"	0	0	1	0.303	0.118	0.579	-0.157	-0.055	0.237	0.449	"3"
"多所"	0	0	1	0.303	0.118	0.579	-0.157	-0.055	0.237	0.449	"3"
"多样化"	0	0	1	0.303	0.118	0.579	-0.157	-0.055	0.237	0.449	"3"
"多特蒙德队"	1	0	0	0.303	0.118	0.579	0.519	-0.055	-0.376	0.95	"1"
"大不相同"	0	1	0	0.303	0.118	0.579	-0.157	0.928	-0.376	1.461	"2"
"大众"	1	0	1	0.606	0.236	1.158	0.289	-0.109	-0.177	0.575	"1"
"大会"	0	2	4	1.818	0.708	3.474	-0.94	0.82	0.3	2.06	"1"
"大兴县"	0	0	1	0.303	0.118	0.579	-0.157	-0.055	0.237	0.449	"3"
"大力"	0	0	1	0.303	0.118	0.579	-0.157	-0.055	0.237	0.449	"3"
"大县"	0	0	1	0.303	0.118	0.579	-0.157	-0.055	0.237	0.449	"3"
"大型"	1	0	5	1.818	0.708	3.474	-0.383	-0.327	0.695	1.405	"3"
"大奖赛"	1	0	0	0.303	0.118	0.579	0.519	-0.055	-0.376	0.95	"1"
"大学"	0	0	6	1.818	0.708	3.474	-0.94	-0.327	1.424	2.691	"3"
"大学生"	1	0	3	1.212	0.472	2.316	-0.189	-0.218	0.357	0.764	"3"
"大楼"	0	0	2	0.606	0.236	1.158	-0.313	-0.109	0.475	0.897	"3"
"大胜"	1	0	0	0.303	0.118	0.579	0.519	-0.055	-0.376	0.95	"1"
"大赛"	0	0	1	0.303	0.118	0.579	-0.157	-0.055	0.237	0.449	"3"
"大邱"	0	0	2	0.606	0.236	1.158	-0.313	-0.109	0.475	0.897	"3"
"大邱大"	0	0	1	0.303	0.118	0.579	-0.157	-0.055	0.237	0.449	"3"
"天体"	0	1	0	0.303	0.118	0.579	-0.157	0.928	-0.376	1.461	"2"
"天津市"	0	0	1	0.303	0.118	0.579	-0.157	-0.055	0.237	0.449	"3"
"头号"	1	0	0	0.303	0.118	0.579	0.519	-0.055	-0.376	0.95	"1"
"夺冠"	2	0	0	0.606	0.236	1.158	1.037	-0.109	-0.751	1.897	"1"
"夺得"	3	0	1	1.212	0.472	2.316	1.066	-0.218	-0.69	1.974	"1"
"夺标"	0	0	1	0.303	0.118	0.579	-0.157	-0.055	0.237	0.449	"3"
"奉献"	1	1	0	0.606	0.236	1.158	0.289	0.653	-0.751	1.693	"3"
"奖励"	1	0	0	0.303	0.118	0.579	0.519	-0.055	-0.376	0.95	"1"
"奖牌"	1	0	1	0.606	0.236	1.158	0.289	-0.109	-0.177	0.575	"1"
"奥"	2	0	0	0.606	0.236	1.158	1.037	-0.109	-0.751	1.897	"1"
"奥会"	1	0	3	1.212	0.472	2.316	-0.189	-0.218	0.357	0.764	"3"
"奥委会"	2	0	1	0.909	0.354	1.737	0.658	-0.164	-0.417	1.239	"1"
"奥林匹克"	0	0	7	2.121	0.826	4.053	-1.097	-0.382	1.661	3.14	"3"
"奥组"	4	0	0	1.212	0.472	2.316	2.074	-0.218	-1.503	3.795	"1"
"奥运"	0	0	3	0.909	0.354	1.737	-0.47	-0.164	0.712	1.346	"3"
"奥运会"	5	0	6	3.333	1.299	6.369	0.664	-0.6	-0.28	1.544	"1"
"奥运会奖"	1	0	0	0.303	0.118	0.579	0.519	-0.055	-0.376	0.95	"1"
"奥运史"	0	0	2	0.606	0.236	1.158	-0.313	-0.109	0.475	0.897	"3"
"女子"	1	0	1	0.606	0.236	1.158	0.289	-0.109	-0.177	0.575	"1"
"女排"	1	0	0	0.303	0.118	0.579	0.519	-0.055	-0.376	0.95	"1"
"女篮"	1	0	1	0.606	0.236	1.158	0.289	-0.109	-0.177	0.575	"1"
"女足"	4	0	0	1.212	0.472	2.316	2.074	-0.218	-1.503	3.795	"1"
"妇联"	0	0	1	0.303	0.118	0.579	-0.157	-0.055	0.237	0.449	"3"
"委"	5	0	0	1.515	0.59	2.895	2.593	-0.273	-1.878	4.744	"1"
"委会"	0	0	6	1.818	0.708	3.474	-0.94	-0.327	1.424	2.691	"3"
"委员会"	2	0	8	3.03	1.181	5.79	-0.426	-0.546	0.867	1.839	"3"
"姚振绪赛"	0	0	1	0.303	0.118	0.579	-0.157	-0.055	0.237	0.449	"3"
"姚明"	1	0	1	0.606	0.236	1.158	0.289	-0.109	-0.177	0.575	"1"
"威廉丝"	0	0	1	0.303	0.118	0.579	-0.157	-0.055	0.237	0.449	"3"
"娱乐"	0	0	1	0.303	0.118	0.579	-0.157	-0.055	0.237	0.449	"3"
"孙继海"	3	0	0	0.909	0.354	1.737	1.556	-0.164	-1.127	2.847	"1"
"学校"	0	0	5	1.515	0.59	2.895	-0.784	-0.273	1.187	2.244	"3"
"学系"	0	0	1	0.303	0.118	0.579	-0.157	-0.055	0.237	0.449	"3"
"学院"	0	0	6	1.818	0.708	3.474	-0.94	-0.327	1.424	2.691	"3"
"宁夏"	0	0	1	0.303	0.118	0.579	-0.157	-0.055	0.237	0.449	"3"
"完"	3	0	1	1.212	0.472	2.316	1.066	-0.218	-0.69	1.974	"1"
"定向"	0	1	0	0.303	0.118	0.579	-0.157	0.928	-0.376	1.461	"2"
"定时"	0	0	1	0.303	0.118	0.579	-0.157	-0.055	0.237	0.449	"3"
"宣扬"	0	1	0	0.303	0.118	0.579	-0.157	0.928	-0.376	1.461	"2"
"宣泄"	0	1	0	0.303	0.118	0.579	-0.157	0.928	-0.376	1.461	"2"
"宣言"	0	0	1	0.303	0.118	0.579	-0.157	-0.055	0.237	0.449	"3"
"室内"	0	0	1	0.303	0.118	0.579	-0.157	-0.055	0.237	0.449	"3"
"家室"	0	0	1	0.303	0.118	0.579	-0.157	-0.055	0.237	0.449	"3"
"宿将"	0	0	1	0.303	0.118	0.579	-0.157	-0.055	0.237	0.449	"3"
"对阵"	1	0	1	0.606	0.236	1.158	0.289	-0.109	-0.177	0.575	"1"
"射击"	0	0	1	0.303	0.118	0.579	-0.157	-0.055	0.237	0.449	"3"
"射箭"	0	0	1	0.303	0.118	0.579	-0.157	-0.055	0.237	0.449	"3"
"小威"	2	0	0	0.606	0.236	1.158	1.037	-0.109	-0.751	1.897	"1"
"小威廉姆斯"	2	0	0	0.606	0.236	1.158	1.037	-0.109	-0.751	1.897	"1"
"少年"	0	0	1	0.303	0.118	0.579	-0.157	-0.055	0.237	0.449	"3"
"少数"	0	0	2	0.606	0.236	1.158	-0.313	-0.109	0.475	0.897	"3"
"少棒"	0	0	1	0.303	0.118	0.579	-0.157	-0.055	0.237	0.449	"3"
"尼加拉瓜"	0	0	1	0.303	0.118	0.579	-0.157	-0.055	0.237	0.449	"3"
"尿样"	0	0	1	0.303	0.118	0.579	-0.157	-0.055	0.237	0.449	"3"
"局长"	0	0	4	1.212	0.472	2.316	-0.627	-0.218	0.949	1.794	"3"
"届"	2	0	7	2.727	1.063	5.211	-0.342	-0.491	0.712	1.545	"3"
"展"	1	0	4	1.515	0.59	2.895	-0.282	-0.273	0.521	1.076	"3"
"展开"	0	2	1	0.909	0.354	1.737	-0.47	1.414	-0.417	2.301	"2"
"展示"	0	0	2	0.606	0.236	1.158	-0.313	-0.109	0.475	0.897	"3"
"属下"	0	0	1	0.303	0.118	0.579	-0.157	-0.055	0.237	0.449	"3"
"山光水色"	1	0	0	0.303	0.118	0.579	0.519	-0.055	-0.376	0.95	"1"
"崔"	0	1	0	0.303	0.118	0.579	-0.157	0.928	-0.376	1.461	"2"
"川流"	0	1	0	0.303	0.118	0.579	-0.157	0.928	-0.376	1.461	"2"
"巡回赛"	1	0	1	0.606	0.236	1.158	0.289	-0.109	-0.177	0.575	"1"
"工作会"	0	0	1	0.303	0.118	0.579	-0.157	-0.055	0.237	0.449	"3"
"巴勒斯坦"	0	8	0	2.424	0.945	4.632	-1.254	7.423	-3.005	11.682	"2"
"巴塞罗"	0	0	1	0.303	0.118	0.579	-0.157	-0.055	0.237	0.449	"3"
"巴布亚"	0	2	0	0.606	0.236	1.158	-0.313	1.856	-0.751	2.92	"2"
"市民"	1	0	1	0.606	0.236	1.158	0.289	-0.109	-0.177	0.575	"1"
"布拉特"	2	0	0	0.606	0.236	1.158	1.037	-0.109	-0.751	1.897	"1"
"帆船"	1	0	0	0.303	0.118	0.579	0.519	-0.055	-0.376	0.95	"1"
"希腊队"	1	0	0	0.303	0.118	0.579	0.519	-0.055	-0.376	0.95	"1"
"帕尔马"	0	0	1	0.303	0.118	0.579	-0.157	-0.055	0.237	0.449	"3"
"帝国"	0	1	0	0.303	0.118	0.579	-0.157	0.928	-0.376	1.461	"2"
"带动"	0	0	1	0.303	0.118	0.579	-0.157	-0.055	0.237	0.449	"3"
"常年"	0	0	1	0.303	0.118	0.579	-0.157	-0.055	0.237	0.449	"3"
"平分秋色"	1	0	0	0.303	0.118	0.579	0.519	-0.055	-0.376	0.95	"1"
"平时"	0	0	4	1.212	0.472	2.316	-0.627	-0.218	0.949	1.794	"3"
"并发症"	0	1	0	0.303	0.118	0.579	-0.157	0.928	-0.376	1.461	"2"
"广大"	0	0	3	0.909	0.354	1.737	-0.47	-0.164	0.712	1.346	"3"
"应允"	0	0	1	0.303	0.118	0.579	-0.157	-0.055	0.237	0.449	"3"
"应运而生"	0	0	1	0.303	0.118	0.579	-0.157	-0.055	0.237	0.449	"3"
"开展"	0	1	7	2.424	0.945	4.632	-1.254	0.198	1.065	2.517	"1"
"开幕"	1	0	3	1.212	0.472	2.316	-0.189	-0.218	0.357	0.764	"3"
"开幕式"	1	0	4	1.515	0.59	2.895	-0.282	-0.273	0.521	1.076	"3"
"开赛"	2	0	1	0.909	0.354	1.737	0.658	-0.164	-0.417	1.239	"1"
"弗里曼"	0	0	1	0.303	0.118	0.579	-0.157	-0.055	0.237	0.449	"3"
"弘扬"	0	1	0	0.303	0.118	0.579	-0.157	0.928	-0.376	1.461	"2"
"张俊"	0	0	1	0.303	0.118	0.579	-0.157	-0.055	0.237	0.449	"3"
"张宁"	1	0	0	0.303	0.118	0.579	0.519	-0.055	-0.376	0.95	"1"
"张志贤"	0	0	1	0.303	0.118	0.579	-0.157	-0.055	0.237	0.449	"3"
"张蓉"	0	0	1	0.303	0.118	0.579	-0.157	-0.055	0.237	0.449	"3"
"强国"	0	0	1	0.303	0.118	0.579	-0.157	-0.055	0.237	0.449	"3"
"强度"	0	0	1	0.303	0.118	0.579	-0.157	-0.055	0.237	0.449	"3"
"强项"	0	0	2	0.606	0.236	1.158	-0.313	-0.109	0.475	0.897	"3"
"归来"	0	0	1	0.303	0.118	0.579	-0.157	-0.055	0.237	0.449	"3"
"当上"	0	0	1	0.303	0.118	0.579	-0.157	-0.055	0.237	0.449	"3"
"彩票"	0	1	0	0.303	0.118	0.579	-0.157	0.928	-0.376	1.461	"2"
"彭台临"	0	0	1	0.303	0.118	0.579	-0.157	-0.055	0.237	0.449	"3"
"得名"	0	0	1	0.303	0.118	0.579	-0.157	-0.055	0.237	0.449	"3"
"微不足道"	0	1	0	0.303	0.118	0.579	-0.157	0.928	-0.376	1.461	"2"
"德国"	3	0	3	1.818	0.708	3.474	0.583	-0.327	-0.302	1.212	"1"
"德国队"	1	0	0	0.303	0.118	0.579	0.519	-0.055	-0.376	0.95	"1"
"德甲"	1	0	0	0.303	0.118	0.579	0.519	-0.055	-0.376	0.95	"1"
"心得"	0	0	1	0.303	0.118	0.579	-0.157	-0.055	0.237	0.449	"3"
"快讯"	1	0	0	0.303	0.118	0.579	0.519	-0.055	-0.376	0.95	"1"
"急速"	0	1	0	0.303	0.118	0.579	-0.157	0.928	-0.376	1.461	"2"
"总书记"	0	1	0	0.303	0.118	0.579	-0.157	0.928	-0.376	1.461	"2"
"总会"	0	0	12	3.636	1.417	6.948	-1.881	-0.655	2.848	5.384	"3"
"总决赛"	1	0	1	0.606	0.236	1.158	0.289	-0.109	-0.177	0.575	"1"
"总局"	0	0	14	4.241	1.653	8.106	-2.194	-0.764	3.323	6.281	"3"
"总教练"	1	0	2	0.909	0.354	1.737	0.18	-0.164	0.209	0.553	"3"
"恒星"	0	1	0	0.303	0.118	0.579	-0.157	0.928	-0.376	1.461	"2"
"悉尼"	0	0	3	0.909	0.354	1.737	-0.47	-0.164	0.712	1.346	"3"
"悉尼奥运会"	0	0	1	0.303	0.118	0.579	-0.157	-0.055	0.237	0.449	"3"
"惩治"	2	0	0	0.606	0.236	1.158	1.037	-0.109	-0.751	1.897	"1"
"意大利杯"	1	0	0	0.303	0.118	0.579	0.519	-0.055	-0.376	0.95	"1"
"感兴趣"	0	0	1	0.303	0.118	0.579	-0.157	-0.055	0.237	0.449	"3"
"成反"	0	1	0	0.303	0.118	0.579	-0.157	0.928	-0.376	1.461	"2"
"成就"	0	0	1	0.303	0.118	0.579	-0.157	-0.055	0.237	0.449	"3"
"成绩"	0	0	6	1.818	0.708	3.474	-0.94	-0.327	1.424	2.691	"3"
"我国"	0	0	11	3.333	1.299	6.369	-1.724	-0.6	2.611	4.935	"3"
"戴斯勒"	4	0	0	1.212	0.472	2.316	2.074	-0.218	-1.503	3.795	"1"
"所谓"	0	0	1	0.303	0.118	0.579	-0.157	-0.055	0.237	0.449	"3"
"才"	0	0	1	0.303	0.118	0.579	-0.157	-0.055	0.237	0.449	"3"
"扎根"	0	0	1	0.303	0.118	0.579	-0.157	-0.055	0.237	0.449	"3"
"扎针"	0	1	0	0.303	0.118	0.579	-0.157	0.928	-0.376	1.461	"2"
"打下"	0	0	1	0.303	0.118	0.579	-0.157	-0.055	0.237	0.449	"3"
"打击"	0	2	0	0.606	0.236	1.158	-0.313	1.856	-0.751	2.92	"2"
"打针"	0	0	1	0.303	0.118	0.579	-0.157	-0.055	0.237	0.449	"3"
"打麻将"	0	0	1	0.303	0.118	0.579	-0.157	-0.055	0.237	0.449	"3"
"执委会"	1	0	0	0.303	0.118	0.579	0.519	-0.055	-0.376	0.95	"1"
"执着"	0	0	2	0.606	0.236	1.158	-0.313	-0.109	0.475	0.897	"3"
"承办"	0	0	2	0.606	0.236	1.158	-0.313	-0.109	0.475	0.897	"3"
"技巧"	0	0	1	0.303	0.118	0.579	-0.157	-0.055	0.237	0.449	"3"
"技能"	0	0	2	0.606	0.236	1.158	-0.313	-0.109	0.475	0.897	"3"
"抗疫"	0	0	1	0.303	0.118	0.579	-0.157	-0.055	0.237	0.449	"3"
"抵抗"	0	7	0	2.121	0.826	4.053	-1.097	6.495	-2.63	10.222	"2"
"拉公园"	0	0	1	0.303	0.118	0.579	-0.157	-0.055	0.237	0.449	"3"
"拉拉"	0	0	1	0.303	0.118	0.579	-0.157	-0.055	0.237	0.449	"3"
"拓建"	0	0	1	0.303	0.118	0.579	-0.157	-0.055	0.237	0.449	"3"
"拨款"	0	0	1	0.303	0.118	0.579	-0.157	-0.055	0.237	0.449	"3"
"拳击"	0	0	1	0.303	0.118	0.579	-0.157	-0.055	0.237	0.449	"3"
"拳王"	0	0	1	0.303	0.118	0.579	-0.157	-0.055	0.237	0.449	"3"
"指导"	0	0	1	0.303	0.118	0.579	-0.157	-0.055	0.237	0.449	"3"
"指导员"	0	1	0	0.303	0.118	0.579	-0.157	0.928	-0.376	1.461	"2"
"挺进"	4	0	0	1.212	0.472	2.316	2.074	-0.218	-1.503	3.795	"1"
"损害性"	1	0	0	0.303	0.118	0.579	0.519	-0.055	-0.376	0.95	"1"
"据点"	0	1	0	0.303	0.118	0.579	-0.157	0.928	-0.376	1.461	"2"
"掀起"	0	1	1	0.606	0.236	1.158	-0.313	0.653	-0.177	1.143	"2"
"授旗"	0	0	1	0.303	0.118	0.579	-0.157	-0.055	0.237	0.449	"3"
"排到"	0	0	1	0.303	0.118	0.579	-0.157	-0.055	0.237	0.449	"3"
"排球"	0	0	6	1.818	0.708	3.474	-0.94	-0.327	1.424	2.691	"3"
"掘"	0	0	1	0.303	0.118	0.579	-0.157	-0.055	0.237	0.449	"3"
"控制"	0	1	1	0.606	0.236	1.158	-0.313	0.653	-0.177	1.143	"2"
"推"	0	0	1	0.303	0.118	0.579	-0.157	-0.055	0.237	0.449	"3"
"推动"	0	1	3	1.212	0.472	2.316	-0.627	0.403	0.357	1.387	"1"
"推展"	0	0	2	0.606	0.236	1.158	-0.313	-0.109	0.475	0.897	"3"
"推广"	0	0	2	0.606	0.236	1.158	-0.313	-0.109	0.475	0.897	"3"
"推延"	0	1	0	0.303	0.118	0.579	-0.157	0.928	-0.376	1.461	"2"
"提倡"	0	0	4	1.212	0.472	2.316	-0.627	-0.218	0.949	1.794	"3"
"提高"	0	0	4	1.212	0.472	2.316	-0.627	-0.218	0.949	1.794	"3"
"搜狐"	0	0	1	0.303	0.118	0.579	-0.157	-0.055	0.237	0.449	"3"
"摄影部"	1	0	0	0.303	0.118	0.579	0.519	-0.055	-0.376	0.95	"1"
"摔跤"	0	0	3	0.909	0.354	1.737	-0.47	-0.164	0.712	1.346	"3"
"播"	2	0	0	0.606	0.236	1.158	1.037	-0.109	-0.751	1.897	"1"
"攀岩"	0	0	2	0.606	0.236	1.158	-0.313	-0.109	0.475	0.897	"3"
"支应"	0	0	1	0.303	0.118	0.579	-0.157	-0.055	0.237	0.449	"3"
"攻读"	1	0	0	0.303	0.118	0.579	0.519	-0.055	-0.376	0.95	"1"
"放飞"	0	0	1	0.303	0.118	0.579	-0.157	-0.055	0.237	0.449	"3"
"政府军"	0	1	0	0.303	0.118	0.579	-0.157	0.928	-0.376	1.461	"2"
"政纲"	0	0	1	0.303	0.118	0.579	-0.157	-0.055	0.237	0.449	"3"
"教练"	0	0	3	0.909	0.354	1.737	-0.47	-0.164	0.712	1.346	"3"
"教练员"	0	0	1	0.303	0.118	0.579	-0.157	-0.055	0.237	0.449	"3"
"教育"	0	0	1	0.303	0.118	0.579	-0.157	-0.055	0.237	0.449	"3"
"敬而远之"	0	0	1	0.303	0.118	0.579	-0.157	-0.055	0.237	0.449	"3"
"数字化"	1	0	0	0.303	0.118	0.579	0.519	-0.055	-0.376	0.95	"1"
"整建"	0	0	1	0.303	0.118	0.579	-0.157	-0.055	0.237	0.449	"3"
"文化"	0	0	9	2.727	1.063	5.211	-1.411	-0.491	2.136	4.038	"3"
"文教"	0	0	3	0.909	0.354	1.737	-0.47	-0.164	0.712	1.346	"3"
"文艺"	0	0	1	0.303	0.118	0.579	-0.157	-0.055	0.237	0.449	"3"
"斗六"	0	0	1	0.303	0.118	0.579	-0.157	-0.055	0.237	0.449	"3"
"斯兰"	0	1	0	0.303	0.118	0.579	-0.157	0.928	-0.376	1.461	"2"
"斯拉夫"	0	0	1	0.303	0.118	0.579	-0.157	-0.055	0.237	0.449	"3"
"新乡"	0	0	1	0.303	0.118	0.579	-0.157	-0.055	0.237	0.449	"3"
"新加坡"	0	0	10	3.03	1.181	5.79	-1.567	-0.546	2.373	4.486	"3"
"新浪"	1	0	0	0.303	0.118	0.579	0.519	-0.055	-0.376	0.95	"1"
"新疆人"	0	0	1	0.303	0.118	0.579	-0.157	-0.055	0.237	0.449	"3"
"方言"	0	0	4	1.212	0.472	2.316	-0.627	-0.218	0.949	1.794	"3"
"施米特"	1	0	0	0.303	0.118	0.579	0.519	-0.055	-0.376	0.95	"1"
"旅游局"	0	0	1	0.303	0.118	0.579	-0.157	-0.055	0.237	0.449	"3"
"旗鼓相当"	0	0	1	0.303	0.118	0.579	-0.157	-0.055	0.237	0.449	"3"
"无壳"	0	1	0	0.303	0.118	0.579	-0.157	0.928	-0.376	1.461	"2"
"无独有偶"	0	0	1	0.303	0.118	0.579	-0.157	-0.055	0.237	0.449	"3"
"旨"	0	0	2	0.606	0.236	1.158	-0.313	-0.109	0.475	0.897	"3"
"星"	0	0	1	0.303	0.118	0.579	-0.157	-0.055	0.237	0.449	"3"
"是以"	0	0	1	0.303	0.118	0.579	-0.157	-0.055	0.237	0.449	"3"
"晋"	2	0	0	0.606	0.236	1.158	1.037	-0.109	-0.751	1.897	"1"
"晨运"	0	0	1	0.303	0.118	0.579	-0.157	-0.055	0.237	0.449	"3"
"普及"	0	0	1	0.303	0.118	0.579	-0.157	-0.055	0.237	0.449	"3"
"暨"	0	0	2	0.606	0.236	1.158	-0.313	-0.109	0.475	0.897	"3"
"曲线"	0	0	1	0.303	0.118	0.579	-0.157	-0.055	0.237	0.449	"3"
"更名为"	0	1	0	0.303	0.118	0.579	-0.157	0.928	-0.376	1.461	"2"
"更进一步"	0	0	1	0.303	0.118	0.579	-0.157	-0.055	0.237	0.449	"3"
"曾茂兴"	0	1	0	0.303	0.118	0.579	-0.157	0.928	-0.376	1.461	"2"
"有志"	0	0	1	0.303	0.118	0.579	-0.157	-0.055	0.237	0.449	"3"
"有氧"	0	0	1	0.303	0.118	0.579	-0.157	-0.055	0.237	0.449	"3"
"有益"	0	0	1	0.303	0.118	0.579	-0.157	-0.055	0.237	0.449	"3"
"有致"	0	0	1	0.303	0.118	0.579	-0.157	-0.055	0.237	0.449	"3"
"末"	0	1	0	0.303	0.118	0.579	-0.157	0.928	-0.376	1.461	"2"
"本部"	0	0	2	0.606	0.236	1.158	-0.313	-0.109	0.475	0.897	"3"
"朵"	0	0	1	0.303	0.118	0.579	-0.157	-0.055	0.237	0.449	"3"
"机体"	0	0	1	0.303	0.118	0.579	-0.157	-0.055	0.237	0.449	"3"
"杆位"	2	0	0	0.606	0.236	1.158	1.037	-0.109	-0.751	1.897	"1"
"李富荣"	0	0	2	0.606	0.236	1.158	-0.313	-0.109	0.475	0.897	"3"
"李强"	2	0	0	0.606	0.236	1.158	1.037	-0.109	-0.751	1.897	"1"
"李梦华"	0	0	1	0.303	0.118	0.579	-0.157	-0.055	0.237	0.449	"3"
"李武男"	0	0	1	0.303	0.118	0.579	-0.157	-0.055	0.237	0.449	"3"
"李超"	0	0	1	0.303	0.118	0.579	-0.157	-0.055	0.237	0.449	"3"
"李铁"	3	0	0	0.909	0.354	1.737	1.556	-0.164	-1.127	2.847	"1"
"李高祥"	0	0	1	0.303	0.118	0.579	-0.157	-0.055	0.237	0.449	"3"
"束手无策"	0	0	1	0.303	0.118	0.579	-0.157	-0.055	0.237	0.449	"3"
"杨家声"	0	0	1	0.303	0.118	0.579	-0.157	-0.055	0.237	0.449	"3"
"杨忠毅"	0	0	1	0.303	0.118	0.579	-0.157	-0.055	0.237	0.449	"3"
"杰出"	0	2	2	1.212	0.472	2.316	-0.627	1.148	-0.251	2.026	"2"
"杰哈德"	0	1	0	0.303	0.118	0.579	-0.157	0.928	-0.376	1.461	"2"
"松田"	0	1	0	0.303	0.118	0.579	-0.157	0.928	-0.376	1.461	"2"
"松田圣子"	0	1	0	0.303	0.118	0.579	-0.157	0.928	-0.376	1.461	"2"
"极端"	0	2	0	0.606	0.236	1.158	-0.313	1.856	-0.751	2.92	"2"
"极限"	0	1	0	0.303	0.118	0.579	-0.157	0.928	-0.376	1.461	"2"
"林婉菱"	0	0	1	0.303	0.118	0.579	-0.157	-0.055	0.237	0.449	"3"
"果"	2	0	0	0.606	0.236	1.158	1.037	-0.109	-0.751	1.897	"1"
"果汁"	0	1	0	0.303	0.118	0.579	-0.157	0.928	-0.376	1.461	"2"
"柯林斯"	2	0	0	0.606	0.236	1.158	1.037	-0.109	-0.751	1.897	"1"
"树立"	0	0	1	0.303	0.118	0.579	-0.157	-0.055	0.237	0.449	"3"
"校园"	0	1	0	0.303	0.118	0.579	-0.157	0.928	-0.376	1.461	"2"
"格林"	3	0	0	0.909	0.354	1.737	1.556	-0.164	-1.127	2.847	"1"
"栽培"	0	0	2	0.606	0.236	1.158	-0.313	-0.109	0.475	0.897	"3"
"桌球"	0	0	1	0.303	0.118	0.579	-0.157	-0.055	0.237	0.449	"3"
"梅西奇"	0	0	1	0.303	0.118	0.579	-0.157	-0.055	0.237	0.449	"3"
"棒球"	0	0	3	0.909	0.354	1.737	-0.47	-0.164	0.712	1.346	"3"
"棒球队"	0	0	1	0.303	0.118	0.579	-0.157	-0.055	0.237	0.449	"3"
"欧冠"	1	0	0	0.303	0.118	0.579	0.519	-0.055	-0.376	0.95	"1"
"欧冠杯赛"	0	0	1	0.303	0.118	0.579	-0.157	-0.055	0.237	0.449	"3"
"欧洲"	1	0	0	0.303	0.118	0.579	0.519	-0.055	-0.376	0.95	"1"
"欧锦赛"	1	0	0	0.303	0.118	0.579	0.519	-0.055	-0.376	0.95	"1"
"止步"	1	0	0	0.303	0.118	0.579	0.519	-0.055	-0.376	0.95	"1"
"正名"	0	2	0	0.606	0.236	1.158	-0.313	1.856	-0.751	2.92	"2"
"正当"	0	0	1	0.303	0.118	0.579	-0.157	-0.055	0.237	0.449	"3"
"武术"	0	0	1	0.303	0.118	0.579	-0.157	-0.055	0.237	0.449	"3"
"武汉市"	0	0	1	0.303	0.118	0.579	-0.157	-0.055	0.237	0.449	"3"
"武装"	0	2	0	0.606	0.236	1.158	-0.313	1.856	-0.751	2.92	"2"
"残"	1	0	1	0.606	0.236	1.158	0.289	-0.109	-0.177	0.575	"1"
"残疾"	0	0	1	0.303	0.118	0.579	-0.157	-0.055	0.237	0.449	"3"
"残疾人"	0	0	8	2.424	0.945	4.632	-1.254	-0.437	1.899	3.59	"3"
"残酷"	0	0	1	0.303	0.118	0.579	-0.157	-0.055	0.237	0.449	"3"
"比赛"	4	0	4	2.424	0.945	4.632	0.7	-0.437	-0.342	1.479	"1"
"毛里求斯"	0	1	0	0.303	0.118	0.579	-0.157	0.928	-0.376	1.461	"2"
"民主"	0	5	0	1.515	0.59	2.895	-0.784	4.639	-1.878	7.301	"2"
"民主化"	0	1	0	0.303	0.118	0.579	-0.157	0.928	-0.376	1.461	"2"
"民俗"	0	0	1	0.303	0.118	0.579	-0.157	-0.055	0.237	0.449	"3"
"民委"	0	0	1	0.303	0.118	0.579	-0.157	-0.055	0.237	0.449	"3"
"民族"	3	1	9	3.938	1.535	7.527	-0.386	-0.272	0.527	1.185	"3"
"民运会"	1	0	0	0.303	0.118	0.579	0.519	-0.055	-0.376	0.95	"1"
"民间"	0	0	3	0.909	0.354	1.737	-0.47	-0.164	0.712	1.346	"3"
"水上"	0	0	1	0.303	0.118	0.579	-0.157	-0.055	0.237	0.449	"3"
"水平"	0	2	10	3.636	1.417	6.948	-1.881	0.374	1.199	3.454	"1"
"汉朝"	0	0	1	0.303	0.118	0.579	-0.157	-0.055	0.237	0.449	"3"
"江苏"	0	0	4	1.212	0.472	2.316	-0.627	-0.218	0.949	1.794	"3"
"汤铭新"	0	0	1	0.303	0.118	0.579	-0.157	-0.055	0.237	0.449	"3"
"汪洋"	0	0	1	0.303	0.118	0.579	-0.157	-0.055	0.237	0.449	"3"
"汽车"	0	1	2	0.909	0.354	1.737	-0.47	0.503	0.209	1.182	"2"
"沙尔克"	1	0	0	0.303	0.118	0.579	0.519	-0.055	-0.376	0.95	"1"
"没落"	0	0	1	0.303	0.118	0.579	-0.157	-0.055	0.237	0.449	"3"
"河源队"	1	0	0	0.303	0.118	0.579	0.519	-0.055	-0.376	0.95	"1"
"法兰克福"	2	0	0	0.606	0.236	1.158	1.037	-0.109	-0.751	1.897	"1"
"法塔赫"	0	2	0	0.606	0.236	1.158	-0.313	1.856	-0.751	2.92	"2"
"法网"	2	0	0	0.606	0.236	1.158	1.037	-0.109	-0.751	1.897	"1"
"法西斯"	0	1	0	0.303	0.118	0.579	-0.157	0.928	-0.376	1.461	"2"
"波兰"	1	0	3	1.212	0.472	2.316	-0.189	-0.218	0.357	0.764	"3"
"注意"	0	1	3	1.212	0.472	2.316	-0.627	0.403	0.357	1.387	"1"
"注重"	0	0	2	0.606	0.236	1.158	-0.313	-0.109	0.475	0.897	"3"
"泳池"	0	1	0	0.303	0.118	0.579	-0.157	0.928	-0.376	1.461	"2"
"洗礼"	0	1	0	0.303	0.118	0.579	-0.157	0.928	-0.376	1.461	"2"
"活"	0	0	1	0.303	0.118	0.579	-0.157	-0.055	0.237	0.449	"3"
"活动"	0	0	24	7.271	2.834	13.895	-3.762	-1.31	5.696	10.768	"3"
"活动量"	0	0	1	0.303	0.118	0.579	-0.157	-0.055	0.237	0.449	"3"
"流氓法"	2	0	0	0.606	0.236	1.158	1.037	-0.109	-0.751	1.897	"1"
"测试赛"	2	0	0	0.606	0.236	1.158	1.037	-0.109	-0.751	1.897	"1"
"济州岛"	1	0	0	0.303	0.118	0.579	0.519	-0.055	-0.376	0.95	"1"
"海南"	0	0	1	0.303	0.118	0.579	-0.157	-0.055	0.237	0.449	"3"
"海宁"	1	0	0	0.303	0.118	0.579	0.519	-0.055	-0.376	0.95	"1"
"淘汰"	1	0	0	0.303	0.118	0.579	0.519	-0.055	-0.376	0.95	"1"
"淤泥"	0	1	0	0.303	0.118	0.579	-0.157	0.928	-0.376	1.461	"2"
"混双"	1	0	0	0.303	0.118	0.579	0.519	-0.055	-0.376	0.95	"1"
"清洁"	0	1	0	0.303	0.118	0.579	-0.157	0.928	-0.376	1.461	"2"
"温哥华"	1	0	0	0.303	0.118	0.579	0.519	-0.055	-0.376	0.95	"1"
"温网"	2	0	0	0.606	0.236	1.158	1.037	-0.109	-0.751	1.897	"1"
"游"	0	0	2	0.606	0.236	1.158	-0.313	-0.109	0.475	0.897	"3"
"游泳"	3	0	6	2.727	1.063	5.211	0.264	-0.491	0.366	1.121	"2"
"游泳池"	0	0	3	0.909	0.354	1.737	-0.47	-0.164	0.712	1.346	"3"
"游泳赛"	1	0	0	0.303	0.118	0.579	0.519	-0.055	-0.376	0.95	"1"
"游艇"	0	0	1	0.303	0.118	0.579	-0.157	-0.055	0.237	0.449	"3"
"源于"	0	0	2	0.606	0.236	1.158	-0.313	-0.109	0.475	0.897	"3"
"滑冰"	0	0	1	0.303	0.118	0.579	-0.157	-0.055	0.237	0.449	"3"
"滑雪"	1	0	0	0.303	0.118	0.579	0.519	-0.055	-0.376	0.95	"1"
"滕海滨"	1	0	0	0.303	0.118	0.579	0.519	-0.055	-0.376	0.95	"1"
"漂流"	0	0	1	0.303	0.118	0.579	-0.157	-0.055	0.237	0.449	"3"
"潮流"	0	1	0	0.303	0.118	0.579	-0.157	0.928	-0.376	1.461	"2"
"澜沧"	0	0	1	0.303	0.118	0.579	-0.157	-0.055	0.237	0.449	"3"
"澳门"	4	0	0	1.212	0.472	2.316	2.074	-0.218	-1.503	3.795	"1"
"激烈"	0	0	1	0.303	0.118	0.579	-0.157	-0.055	0.237	0.449	"3"
"火种"	0	0	1	0.303	0.118	0.579	-0.157	-0.055	0.237	0.449	"3"
"热爱"	0	0	3	0.909	0.354	1.737	-0.47	-0.164	0.712	1.346	"3"
"热衷"	0	0	1	0.303	0.118	0.579	-0.157	-0.055	0.237	0.449	"3"
"热身"	0	0	1	0.303	0.118	0.579	-0.157	-0.055	0.237	0.449	"3"
"煌"	0	0	1	0.303	0.118	0.579	-0.157	-0.055	0.237	0.449	"3"
"照列"	0	0	1	0.303	0.118	0.579	-0.157	-0.055	0.237	0.449	"3"
"熘冰"	0	0	1	0.303	0.118	0.579	-0.157	-0.055	0.237	0.449	"3"
"爬"	0	1	0	0.303	0.118	0.579	-0.157	0.928	-0.376	1.461	"2"
"爬高"	0	1	0	0.303	0.118	0.579	-0.157	0.928	-0.376	1.461	"2"
"爱国"	0	3	1	1.212	0.472	2.316	-0.627	2.222	-0.69	3.539	"2"
"爱好"	0	0	5	1.515	0.59	2.895	-0.784	-0.273	1.187	2.244	"3"
"牙齿"	0	1	0	0.303	0.118	0.579	-0.157	0.928	-0.376	1.461	"2"
"特奥会"	0	0	2	0.606	0.236	1.158	-0.313	-0.109	0.475	0.897	"3"
"特赦"	0	1	0	0.303	0.118	0.579	-0.157	0.928	-0.376	1.461	"2"
"独"	0	1	0	0.303	0.118	0.579	-0.157	0.928	-0.376	1.461	"2"
"独立"	0	7	0	2.121	0.826	4.053	-1.097	6.495	-2.63	10.222	"2"
"独裁"	0	2	0	0.606	0.236	1.158	-0.313	1.856	-0.751	2.92	"2"
"玉珠峰"	2	0	0	0.606	0.236	1.158	1.037	-0.109	-0.751	1.897	"1"
"王东"	0	0	1	0.303	0.118	0.579	-0.157	-0.055	0.237	0.449	"3"
"王守德"	0	0	1	0.303	0.118	0.579	-0.157	-0.055	0.237	0.449	"3"
"王敬诚"	0	0	1	0.303	0.118	0.579	-0.157	-0.055	0.237	0.449	"3"
"玩得起"	0	1	0	0.303	0.118	0.579	-0.157	0.928	-0.376	1.461	"2"
"环"	0	0	2	0.606	0.236	1.158	-0.313	-0.109	0.475	0.897	"3"
"环保"	0	0	1	0.303	0.118	0.579	-0.157	-0.055	0.237	0.449	"3"
"环湖赛"	0	0	1	0.303	0.118	0.579	-0.157	-0.055	0.237	0.449	"3"
"现代"	0	0	3	0.909	0.354	1.737	-0.47	-0.164	0.712	1.346	"3"
"玲珑"	0	0	1	0.303	0.118	0.579	-0.157	-0.055	0.237	0.449	"3"
"珍妮佛安妮斯"	0	0	1	0.303	0.118	0.579	-0.157	-0.055	0.237	0.449	"3"
"珠峰"	3	0	0	0.909	0.354	1.737	1.556	-0.164	-1.127	2.847	"1"
"球类"	0	0	3	0.909	0.354	1.737	-0.47	-0.164	0.712	1.346	"3"
"理事会"	0	0	8	2.424	0.945	4.632	-1.254	-0.437	1.899	3.59	"3"
"理事长"	0	0	1	0.303	0.118	0.579	-0.157	-0.055	0.237	0.449	"3"
"理会"	0	0	1	0.303	0.118	0.579	-0.157	-0.055	0.237	0.449	"3"
"瓦尔特"	1	0	0	0.303	0.118	0.579	0.519	-0.055	-0.376	0.95	"1"
"生动"	1	0	0	0.303	0.118	0.579	0.519	-0.055	-0.376	0.95	"1"
"用品"	0	0	7	2.121	0.826	4.053	-1.097	-0.382	1.661	3.14	"3"
"用品市"	0	0	1	0.303	0.118	0.579	-0.157	-0.055	0.237	0.449	"3"
"田亮"	2	0	0	0.606	0.236	1.158	1.037	-0.109	-0.751	1.897	"1"
"田径"	4	0	4	2.424	0.945	4.632	0.7	-0.437	-0.342	1.479	"1"
"由来已久"	0	0	1	0.303	0.118	0.579	-0.157	-0.055	0.237	0.449	"3"
"申办"	1	0	0	0.303	0.118	0.579	0.519	-0.055	-0.376	0.95	"1"
"电视台"	1	0	0	0.303	0.118	0.579	0.519	-0.055	-0.376	0.95	"1"
"电贺"	1	0	0	0.303	0.118	0.579	0.519	-0.055	-0.376	0.95	"1"
"男单"	4	0	0	1.212	0.472	2.316	2.074	-0.218	-1.503	3.795	"1"
"男女老幼"	0	0	1	0.303	0.118	0.579	-0.157	-0.055	0.237	0.449	"3"
"男篮"	2	0	0	0.606	0.236	1.158	1.037	-0.109	-0.751	1.897	"1"
"画刊"	0	0	1	0.303	0.118	0.579	-0.157	-0.055	0.237	0.449	"3"
"界"	0	0	1	0.303	0.118	0.579	-0.157	-0.055	0.237	0.449	"3"
"疯狂"	1	1	1	0.909	0.354	1.737	0.18	0.503	-0.417	1.1	"2"
"疼"	0	0	1	0.303	0.118	0.579	-0.157	-0.055	0.237	0.449	"3"
"瘦身"	0	0	1	0.303	0.118	0.579	-0.157	-0.055	0.237	0.449	"3"
"登山"	0	0	4	1.212	0.472	2.316	-0.627	-0.218	0.949	1.794	"3"
"登山队"	1	0	0	0.303	0.118	0.579	0.519	-0.055	-0.376	0.95	"1"
"登山队员"	1	0	0	0.303	0.118	0.579	0.519	-0.055	-0.376	0.95	"1"
"白眉"	0	0	1	0.303	0.118	0.579	-0.157	-0.055	0.237	0.449	"3"
"白秀雄"	0	0	1	0.303	0.118	0.579	-0.157	-0.055	0.237	0.449	"3"
"皇马"	5	0	0	1.515	0.59	2.895	2.593	-0.273	-1.878	4.744	"1"
"盈门"	0	0	1	0.303	0.118	0.579	-0.157	-0.055	0.237	0.449	"3"
"监督权"	0	0	1	0.303	0.118	0.579	-0.157	-0.055	0.237	0.449	"3"
"盛会"	0	0	3	0.909	0.354	1.737	-0.47	-0.164	0.712	1.346	"3"
"目录"	2	0	0	0.606	0.236	1.158	1.037	-0.109	-0.751	1.897	"1"
"直播"	1	0	0	0.303	0.118	0.579	0.519	-0.055	-0.376	0.95	"1"
"相融"	0	0	1	0.303	0.118	0.579	-0.157	-0.055	0.237	0.449	"3"
"睡眠"	0	0	1	0.303	0.118	0.579	-0.157	-0.055	0.237	0.449	"3"
"瞄上"	1	0	0	0.303	0.118	0.579	0.519	-0.055	-0.376	0.95	"1"
"瞄准"	1	0	0	0.303	0.118	0.579	0.519	-0.055	-0.376	0.95	"1"
"知名度"	0	0	2	0.606	0.236	1.158	-0.313	-0.109	0.475	0.897	"3"
"破裂"	0	1	0	0.303	0.118	0.579	-0.157	0.928	-0.376	1.461	"2"
"示威"	0	1	0	0.303	0.118	0.579	-0.157	0.928	-0.376	1.461	"2"
"社区"	0	0	2	0.606	0.236	1.158	-0.313	-0.109	0.475	0.897	"3"
"社团"	0	1	0	0.303	0.118	0.579	-0.157	0.928	-0.376	1.461	"2"
"社战党"	0	1	0	0.303	0.118	0.579	-0.157	0.928	-0.376	1.461	"2"
"祝贺"	0	0	1	0.303	0.118	0.579	-0.157	-0.055	0.237	0.449	"3"
"票选出"	0	0	1	0.303	0.118	0.579	-0.157	-0.055	0.237	0.449	"3"
"福利业"	0	1	0	0.303	0.118	0.579	-0.157	0.928	-0.376	1.461	"2"
"离不开"	0	0	1	0.303	0.118	0.579	-0.157	-0.055	0.237	0.449	"3"
"秀"	0	0	1	0.303	0.118	0.579	-0.157	-0.055	0.237	0.449	"3"
"种类"	0	0	1	0.303	0.118	0.579	-0.157	-0.055	0.237	0.449	"3"
"科列索"	0	0	1	0.303	0.118	0.579	-0.157	-0.055	0.237	0.449	"3"
"科夫"	0	0	1	0.303	0.118	0.579	-0.157	-0.055	0.237	0.449	"3"
"科特迪瓦"	0	4	0	1.212	0.472	2.316	-0.627	3.711	-1.503	5.841	"2"
"秘书处"	0	1	0	0.303	0.118	0.579	-0.157	0.928	-0.376	1.461	"2"
"稠密"	0	0	1	0.303	0.118	0.579	-0.157	-0.055	0.237	0.449	"3"
"稿"	4	0	0	1.212	0.472	2.316	2.074	-0.218	-1.503	3.795	"1"
"突尼"	0	0	1	0.303	0.118	0.579	-0.157	-0.055	0.237	0.449	"3"
"立宪"	0	1	0	0.303	0.118	0.579	-0.157	0.928	-0.376	1.461	"2"
"竞"	0	0	1	0.303	0.118	0.579	-0.157	-0.055	0.237	0.449	"3"
"竞技"	0	0	11	3.333	1.299	6.369	-1.724	-0.6	2.611	4.935	"3"
"竞赛"	0	0	4	1.212	0.472	2.316	-0.627	-0.218	0.949	1.794	"3"
"章首"	1	0	0	0.303	0.118	0.579	0.519	-0.055	-0.376	0.95	"1"
"第23"	1	0	0	0.303	0.118	0.579	0.519	-0.055	-0.376	0.95	"1"
"第27"	0	0	1	0.303	0.118	0.579	-0.157	-0.055	0.237	0.449	"3"
"第七"	0	0	1	0.303	0.118	0.579	-0.157	-0.055	0.237	0.449	"3"
"第六"	1	0	1	0.606	0.236	1.158	0.289	-0.109	-0.177	0.575	"1"
"第十"	0	0	2	0.606	0.236	1.158	-0.313	-0.109	0.475	0.897	"3"
"等额"	1	0	0	0.303	0.118	0.579	0.519	-0.055	-0.376	0.95	"1"
"筹委会"	2	0	0	0.606	0.236	1.158	1.037	-0.109	-0.751	1.897	"1"
"签发"	0	0	1	0.303	0.118	0.579	-0.157	-0.055	0.237	0.449	"3"
"签名"	0	2	0	0.606	0.236	1.158	-0.313	1.856	-0.751	2.92	"2"
"管理"	1	0	10	3.333	1.299	6.369	-0.962	-0.6	1.657	3.219	"3"
"箭头"	0	0	1	0.303	0.118	0.579	-0.157	-0.055	0.237	0.449	"3"
"篮球"	0	0	2	0.606	0.236	1.158	-0.313	-0.109	0.475	0.897	"3"
"篮球赛"	1	0	0	0.303	0.118	0.579	0.519	-0.055	-0.376	0.95	"1"
"米兰"	0	0	4	1.212	0.472	2.316	-0.627	-0.218	0.949	1.794	"3"
"米兰队"	1	0	1	0.606	0.236	1.158	0.289	-0.109	-0.177	0.575	"1"
"精华"	1	0	0	0.303	0.118	0.579	0.519	-0.055	-0.376	0.95	"1"
"精品"	0	0	1	0.303	0.118	0.579	-0.157	-0.055	0.237	0.449	"3"
"精神"	1	0	8	2.727	1.063	5.211	-0.719	-0.491	1.258	2.468	"3"
"精神力量"	1	0	0	0.303	0.118	0.579	0.519	-0.055	-0.376	0.95	"1"
"精神文明"	0	0	1	0.303	0.118	0.579	-0.157	-0.055	0.237	0.449	"3"
"精英"	0	0	1	0.303	0.118	0.579	-0.157	-0.055	0.237	0.449	"3"
"索罗"	0	1	0	0.303	0.118	0.579	-0.157	0.928	-0.376	1.461	"2"
"紧要"	0	0	1	0.303	0.118	0.579	-0.157	-0.055	0.237	0.449	"3"
"红十字"	0	1	0	0.303	0.118	0.579	-0.157	0.928	-0.376	1.461	"2"
"纪尧姆"	0	1	0	0.303	0.118	0.579	-0.157	0.928	-0.376	1.461	"2"
"纪念徽"	1	0	0	0.303	0.118	0.579	0.519	-0.055	-0.376	0.95	"1"
"纵向"	0	0	1	0.303	0.118	0.579	-0.157	-0.055	0.237	0.449	"3"
"练课"	1	0	0	0.303	0.118	0.579	0.519	-0.055	-0.376	0.95	"1"
"组团"	0	0	1	0.303	0.118	0.579	-0.157	-0.055	0.237	0.449	"3"
"组委"	2	0	0	0.606	0.236	1.158	1.037	-0.109	-0.751	1.897	"1"
"组委会"	2	0	0	0.606	0.236	1.158	1.037	-0.109	-0.751	1.897	"1"
"组织"	1	9	7	5.15	2.007	9.842	-1.741	4.353	-0.902	6.996	"2"
"经费"	0	0	1	0.303	0.118	0.579	-0.157	-0.055	0.237	0.449	"3"
"结合"	0	0	2	0.606	0.236	1.158	-0.313	-0.109	0.475	0.897	"3"
"绵阳"	1	0	0	0.303	0.118	0.579	0.519	-0.055	-0.376	0.95	"1"
"综合"	8	0	0	2.424	0.945	4.632	4.149	-0.437	-3.005	7.591	"1"
"综合性"	0	0	1	0.303	0.118	0.579	-0.157	-0.055	0.237	0.449	"3"
"缺乏"	0	0	2	0.606	0.236	1.158	-0.313	-0.109	0.475	0.897	"3"
"罐装"	0	1	0	0.303	0.118	0.579	-0.157	0.928	-0.376	1.461	"2"
"网球"	1	0	1	0.606	0.236	1.158	0.289	-0.109	-0.177	0.575	"1"
"网球赛"	1	0	0	0.303	0.118	0.579	0.519	-0.055	-0.376	0.95	"1"
"网队"	1	0	0	0.303	0.118	0.579	0.519	-0.055	-0.376	0.95	"1"
"罗密欧"	1	0	0	0.303	0.118	0.579	0.519	-0.055	-0.376	0.95	"1"
"罗格"	1	0	0	0.303	0.118	0.579	0.519	-0.055	-0.376	0.95	"1"
"罗纳尔多"	2	0	0	0.606	0.236	1.158	1.037	-0.109	-0.751	1.897	"1"
"罗超毅"	0	0	1	0.303	0.118	0.579	-0.157	-0.055	0.237	0.449	"3"
"罗马尼亚"	0	0	2	0.606	0.236	1.158	-0.313	-0.109	0.475	0.897	"3"
"罗马队"	1	0	0	0.303	0.118	0.579	0.519	-0.055	-0.376	0.95	"1"
"罢免"	0	2	0	0.606	0.236	1.158	-0.313	1.856	-0.751	2.92	"2"
"美化"	0	1	0	0.303	0.118	0.579	-0.157	0.928	-0.376	1.461	"2"
"美国籍"	0	1	0	0.303	0.118	0.579	-0.157	0.928	-0.376	1.461	"2"
"美国队"	1	0	0	0.303	0.118	0.579	0.519	-0.055	-0.376	0.95	"1"
"美术"	0	0	1	0.303	0.118	0.579	-0.157	-0.055	0.237	0.449	"3"
"群众"	1	3	10	4.241	1.653	8.106	-1.344	0.65	0.642	2.636	"1"
"群众性"	0	0	2	0.606	0.236	1.158	-0.313	-0.109	0.475	0.897	"3"
"羽毛球"	0	0	2	0.606	0.236	1.158	-0.313	-0.109	0.475	0.897	"3"
"羽球"	0	0	1	0.303	0.118	0.579	-0.157	-0.055	0.237	0.449	"3"
"老师"	0	0	3	0.909	0.354	1.737	-0.47	-0.164	0.712	1.346	"3"
"考察"	0	0	1	0.303	0.118	0.579	-0.157	-0.055	0.237	0.449	"3"
"联会"	0	0	1	0.303	0.118	0.579	-0.157	-0.055	0.237	0.449	"3"
"联合会"	0	0	1	0.303	0.118	0.579	-0.157	-0.055	0.237	0.449	"3"
"联合会杯"	1	0	0	0.303	0.118	0.579	0.519	-0.055	-0.376	0.95	"1"
"联赛"	5	0	1	1.818	0.708	3.474	1.941	-0.327	-1.288	3.556	"1"
"肃毒"	0	1	0	0.303	0.118	0.579	-0.157	0.928	-0.376	1.461	"2"
"肥皂"	0	1	0	0.303	0.118	0.579	-0.157	0.928	-0.376	1.461	"2"
"胡耀邦"	0	1	0	0.303	0.118	0.579	-0.157	0.928	-0.376	1.461	"2"
"脂肪"	0	0	1	0.303	0.118	0.579	-0.157	-0.055	0.237	0.449	"3"
"自动自发"	0	1	0	0.303	0.118	0.579	-0.157	0.928	-0.376	1.461	"2"
"自由"	0	4	0	1.212	0.472	2.316	-0.627	3.711	-1.503	5.841	"2"
"自由车"	0	0	1	0.303	0.118	0.579	-0.157	-0.055	0.237	0.449	"3"
"自行车"	0	0	1	0.303	0.118	0.579	-0.157	-0.055	0.237	0.449	"3"
"舒马赫"	3	0	0	0.909	0.354	1.737	1.556	-0.164	-1.127	2.847	"1"
"舞狮"	0	0	1	0.303	0.118	0.579	-0.157	-0.055	0.237	0.449	"3"
"舞蹈"	0	0	1	0.303	0.118	0.579	-0.157	-0.055	0.237	0.449	"3"
"舞龙"	0	0	1	0.303	0.118	0.579	-0.157	-0.055	0.237	0.449	"3"
"航海"	1	0	0	0.303	0.118	0.579	0.519	-0.055	-0.376	0.95	"1"
"艾鲁埃"	0	1	0	0.303	0.118	0.579	-0.157	0.928	-0.376	1.461	"2"
"芬兰"	1	0	0	0.303	0.118	0.579	0.519	-0.055	-0.376	0.95	"1"
"芬兰站"	1	0	0	0.303	0.118	0.579	0.519	-0.055	-0.376	0.95	"1"
"花"	0	0	2	0.606	0.236	1.158	-0.313	-0.109	0.475	0.897	"3"
"花样"	0	0	1	0.303	0.118	0.579	-0.157	-0.055	0.237	0.449	"3"
"苦战"	2	0	0	0.606	0.236	1.158	1.037	-0.109	-0.751	1.897	"1"
"英式"	0	0	1	0.303	0.118	0.579	-0.157	-0.055	0.237	0.449	"3"
"英格兰"	1	0	0	0.303	0.118	0.579	0.519	-0.055	-0.376	0.95	"1"
"英语"	0	1	2	0.909	0.354	1.737	-0.47	0.503	0.209	1.182	"2"
"英超"	3	0	0	0.909	0.354	1.737	1.556	-0.164	-1.127	2.847	"1"
"范惠玲"	0	0	1	0.303	0.118	0.579	-0.157	-0.055	0.237	0.449	"3"
"荣膺"	2	0	0	0.606	0.236	1.158	1.037	-0.109	-0.751	1.897	"1"
"荣誉"	0	0	2	0.606	0.236	1.158	-0.313	-0.109	0.475	0.897	"3"
"获"	1	0	1	0.606	0.236	1.158	0.289	-0.109	-0.177	0.575	"1"
"获奖者"	0	0	1	0.303	0.118	0.579	-0.157	-0.055	0.237	0.449	"3"
"菲人"	0	1	0	0.303	0.118	0.579	-0.157	0.928	-0.376	1.461	"2"
"菲律宾人"	0	1	0	0.303	0.118	0.579	-0.157	0.928	-0.376	1.461	"2"
"菲语"	0	1	0	0.303	0.118	0.579	-0.157	0.928	-0.376	1.461	"2"
"营养"	0	0	1	0.303	0.118	0.579	-0.157	-0.055	0.237	0.449	"3"
"萨格勒布"	0	0	1	0.303	0.118	0.579	-0.157	-0.055	0.237	0.449	"3"
"落后"	1	0	0	0.303	0.118	0.579	0.519	-0.055	-0.376	0.95	"1"
"蒙古国"	0	0	1	0.303	0.118	0.579	-0.157	-0.055	0.237	0.449	"3"
"蒙古族"	0	0	1	0.303	0.118	0.579	-0.157	-0.055	0.237	0.449	"3"
"蓬勃"	0	0	2	0.606	0.236	1.158	-0.313	-0.109	0.475	0.897	"3"
"薄膜"	0	1	0	0.303	0.118	0.579	-0.157	0.928	-0.376	1.461	"2"
"蜗"	0	1	0	0.303	0.118	0.579	-0.157	0.928	-0.376	1.461	"2"
"蠢蠢欲动"	0	1	0	0.303	0.118	0.579	-0.157	0.928	-0.376	1.461	"2"
"行政院"	0	0	4	1.212	0.472	2.316	-0.627	-0.218	0.949	1.794	"3"
"衣庆祝"	1	0	0	0.303	0.118	0.579	0.519	-0.055	-0.376	0.95	"1"
"补助金"	1	0	0	0.303	0.118	0.579	0.519	-0.055	-0.376	0.95	"1"
"表彰"	0	0	1	0.303	0.118	0.579	-0.157	-0.055	0.237	0.449	"3"
"表演"	0	0	1	0.303	0.118	0.579	-0.157	-0.055	0.237	0.449	"3"
"表演会"	0	0	2	0.606	0.236	1.158	-0.313	-0.109	0.475	0.897	"3"
"袁伟民"	0	0	3	0.909	0.354	1.737	-0.47	-0.164	0.712	1.346	"3"
"袖"	0	1	0	0.303	0.118	0.579	-0.157	0.928	-0.376	1.461	"2"
"裁判"	0	0	1	0.303	0.118	0.579	-0.157	-0.055	0.237	0.449	"3"
"裁判员"	0	0	1	0.303	0.118	0.579	-0.157	-0.055	0.237	0.449	"3"
"西撒"	0	2	0	0.606	0.236	1.158	-0.313	1.856	-0.751	2.92	"2"
"西津路"	0	0	1	0.303	0.118	0.579	-0.157	-0.055	0.237	0.449	"3"
"西班牙"	2	0	1	0.909	0.354	1.737	0.658	-0.164	-0.417	1.239	"1"
"西班牙队"	1	0	0	0.303	0.118	0.579	0.519	-0.055	-0.376	0.95	"1"
"西甲"	1	0	0	0.303	0.118	0.579	0.519	-0.055	-0.376	0.95	"1"
"西藏"	0	0	1	0.303	0.118	0.579	-0.157	-0.055	0.237	0.449	"3"
"观测"	0	1	0	0.303	0.118	0.579	-0.157	0.928	-0.376	1.461	"2"
"观看"	0	0	1	0.303	0.118	0.579	-0.157	-0.055	0.237	0.449	"3"
"觉醒"	0	1	0	0.303	0.118	0.579	-0.157	0.928	-0.376	1.461	"2"
"解放"	0	2	0	0.606	0.236	1.158	-0.313	1.856	-0.751	2.92	"2"
"讨债"	0	0	1	0.303	0.118	0.579	-0.157	-0.055	0.237	0.449	"3"
"训练"	1	0	4	1.515	0.59	2.895	-0.282	-0.273	0.521	1.076	"3"
"训练局"	0	0	1	0.303	0.118	0.579	-0.157	-0.055	0.237	0.449	"3"
"讲"	0	0	4	1.212	0.472	2.316	-0.627	-0.218	0.949	1.794	"3"
"许义雄"	0	0	5	1.515	0.59	2.895	-0.784	-0.273	1.187	2.244	"3"
"设施"	0	0	7	2.121	0.826	4.053	-1.097	-0.382	1.661	3.14	"3"
"读书会"	0	0	1	0.303	0.118	0.579	-0.157	-0.055	0.237	0.449	"3"
"谭旭"	0	0	1	0.303	0.118	0.579	-0.157	-0.055	0.237	0.449	"3"
"象棋"	0	0	1	0.303	0.118	0.579	-0.157	-0.055	0.237	0.449	"3"
"贝仁森"	0	1	0	0.303	0.118	0.579	-0.157	0.928	-0.376	1.461	"2"
"贝克汉姆"	1	0	0	0.303	0.118	0.579	0.519	-0.055	-0.376	0.95	"1"
"贡献"	0	0	1	0.303	0.118	0.579	-0.157	-0.055	0.237	0.449	"3"
"贵"	0	0	1	0.303	0.118	0.579	-0.157	-0.055	0.237	0.449	"3"
"费利克斯"	0	1	0	0.303	0.118	0.579	-0.157	0.928	-0.376	1.461	"2"
"费尔"	0	0	1	0.303	0.118	0.579	-0.157	-0.055	0.237	0.449	"3"
"赏心悦目"	0	0	1	0.303	0.118	0.579	-0.157	-0.055	0.237	0.449	"3"
"赛"	0	0	2	0.606	0.236	1.158	-0.313	-0.109	0.475	0.897	"3"
"赛事"	0	0	8	2.424	0.945	4.632	-1.254	-0.437	1.899	3.59	"3"
"赛艇"	0	0	2	0.606	0.236	1.158	-0.313	-0.109	0.475	0.897	"3"
"赞助"	0	0	1	0.303	0.118	0.579	-0.157	-0.055	0.237	0.449	"3"
"赣州市"	0	0	1	0.303	0.118	0.579	-0.157	-0.055	0.237	0.449	"3"
"赫尔辛基"	1	0	0	0.303	0.118	0.579	0.519	-0.055	-0.376	0.95	"1"
"赵丽云"	0	0	1	0.303	0.118	0.579	-0.157	-0.055	0.237	0.449	"3"
"赵紫阳"	0	1	0	0.303	0.118	0.579	-0.157	0.928	-0.376	1.461	"2"
"足"	0	0	1	0.303	0.118	0.579	-0.157	-0.055	0.237	0.449	"3"
"足协"	1	0	0	0.303	0.118	0.579	0.519	-0.055	-0.376	0.95	"1"
"足球"	5	0	6	3.333	1.299	6.369	0.664	-0.6	-0.28	1.544	"1"
"足球甲级"	1	0	0	0.303	0.118	0.579	0.519	-0.055	-0.376	0.95	"1"
"足球赛"	1	0	0	0.303	0.118	0.579	0.519	-0.055	-0.376	0.95	"1"
"足联"	1	0	0	0.303	0.118	0.579	0.519	-0.055	-0.376	0.95	"1"
"跆拳道"	0	0	2	0.606	0.236	1.158	-0.313	-0.109	0.475	0.897	"3"
"跑步机"	0	0	1	0.303	0.118	0.579	-0.157	-0.055	0.237	0.449	"3"
"跤"	0	0	1	0.303	0.118	0.579	-0.157	-0.055	0.237	0.449	"3"
"跨区"	0	0	1	0.303	0.118	0.579	-0.157	-0.055	0.237	0.449	"3"
"跳崖"	0	1	0	0.303	0.118	0.579	-0.157	0.928	-0.376	1.461	"2"
"跳水"	1	0	0	0.303	0.118	0.579	0.519	-0.055	-0.376	0.95	"1"
"跻身"	2	0	0	0.606	0.236	1.158	1.037	-0.109	-0.751	1.897	"1"
"蹦蹦"	0	1	0	0.303	0.118	0.579	-0.157	0.928	-0.376	1.461	"2"
"身心"	0	0	1	0.303	0.118	0.579	-0.157	-0.055	0.237	0.449	"3"
"身心健康"	0	0	1	0.303	0.118	0.579	-0.157	-0.055	0.237	0.449	"3"
"转换站"	0	0	1	0.303	0.118	0.579	-0.157	-0.055	0.237	0.449	"3"
"软禁"	0	1	0	0.303	0.118	0.579	-0.157	0.928	-0.376	1.461	"2"
"轰轰烈烈"	0	2	0	0.606	0.236	1.158	-0.313	1.856	-0.751	2.92	"2"
"载誉"	0	0	1	0.303	0.118	0.579	-0.157	-0.055	0.237	0.449	"3"
"辉煌"	0	0	1	0.303	0.118	0.579	-0.157	-0.055	0.237	0.449	"3"
"辟建"	0	0	1	0.303	0.118	0.579	-0.157	-0.055	0.237	0.449	"3"
"过关斩将"	2	0	0	0.606	0.236	1.158	1.037	-0.109	-0.751	1.897	"1"
"过度"	0	1	0	0.303	0.118	0.579	-0.157	0.928	-0.376	1.461	"2"
"过量"	0	0	1	0.303	0.118	0.579	-0.157	-0.055	0.237	0.449	"3"
"迈向"	0	0	1	0.303	0.118	0.579	-0.157	-0.055	0.237	0.449	"3"
"运"	0	0	3	0.909	0.354	1.737	-0.47	-0.164	0.712	1.346	"3"
"运会"	1	0	3	1.212	0.472	2.316	-0.189	-0.218	0.357	0.764	"3"
"运动"	0	3	41	13.33	5.195	25.475	-6.897	-0.656	6.693	14.246	"1"
"运动会"	4	0	7	3.333	1.299	6.369	0.357	-0.6	0.323	1.28	"2"
"运动区"	0	0	1	0.303	0.118	0.579	-0.157	-0.055	0.237	0.449	"3"
"运动员"	1	0	12	3.938	1.535	7.527	-1.215	-0.709	2.066	3.99	"3"
"运动处"	0	0	1	0.303	0.118	0.579	-0.157	-0.055	0.237	0.449	"3"
"运动屋"	0	0	1	0.303	0.118	0.579	-0.157	-0.055	0.237	0.449	"3"
"运动服"	0	0	1	0.303	0.118	0.579	-0.157	-0.055	0.237	0.449	"3"
"近年来"	0	0	4	1.212	0.472	2.316	-0.627	-0.218	0.949	1.794	"3"
"连串"	0	1	0	0.303	0.118	0.579	-0.157	0.928	-0.376	1.461	"2"
"迪瓦"	0	1	0	0.303	0.118	0.579	-0.157	0.928	-0.376	1.461	"2"
"迷"	0	0	1	0.303	0.118	0.579	-0.157	-0.055	0.237	0.449	"3"
"追求"	0	0	1	0.303	0.118	0.579	-0.157	-0.055	0.237	0.449	"3"
"适可而止"	0	1	0	0.303	0.118	0.579	-0.157	0.928	-0.376	1.461	"2"
"适当"	0	0	2	0.606	0.236	1.158	-0.313	-0.109	0.475	0.897	"3"
"选手"	6	0	1	2.121	0.826	4.053	2.397	-0.382	-1.603	4.382	"1"
"选拔"	0	0	1	0.303	0.118	0.579	-0.157	-0.055	0.237	0.449	"3"
"通"	2	0	0	0.606	0.236	1.158	1.037	-0.109	-0.751	1.897	"1"
"通讯"	1	0	0	0.303	0.118	0.579	0.519	-0.055	-0.376	0.95	"1"
"邱大"	0	0	1	0.303	0.118	0.579	-0.157	-0.055	0.237	0.449	"3"
"邱大宗"	1	0	0	0.303	0.118	0.579	0.519	-0.055	-0.376	0.95	"1"
"郑裕蒿"	0	0	1	0.303	0.118	0.579	-0.157	-0.055	0.237	0.449	"3"
"郭春菊杨忠毅"	0	0	1	0.303	0.118	0.579	-0.157	-0.055	0.237	0.449	"3"
"郭晶晶"	1	0	0	0.303	0.118	0.579	0.519	-0.055	-0.376	0.95	"1"
"都柏林"	0	0	1	0.303	0.118	0.579	-0.157	-0.055	0.237	0.449	"3"
"配合"	0	0	1	0.303	0.118	0.579	-0.157	-0.055	0.237	0.449	"3"
"配有"	0	1	0	0.303	0.118	0.579	-0.157	0.928	-0.376	1.461	"2"
"酷爱"	0	0	2	0.606	0.236	1.158	-0.313	-0.109	0.475	0.897	"3"
"酸性"	0	1	0	0.303	0.118	0.579	-0.157	0.928	-0.376	1.461	"2"
"重视"	0	0	4	1.212	0.472	2.316	-0.627	-0.218	0.949	1.794	"3"
"金云龙"	0	0	1	0.303	0.118	0.579	-0.157	-0.055	0.237	0.449	"3"
"金牌"	2	0	3	1.515	0.59	2.895	0.321	-0.273	0.19	0.784	"1"
"铁人"	0	0	1	0.303	0.118	0.579	-0.157	-0.055	0.237	0.449	"3"
"铜牌"	2	0	1	0.909	0.354	1.737	0.658	-0.164	-0.417	1.239	"1"
"银川"	1	0	0	0.303	0.118	0.579	0.519	-0.055	-0.376	0.95	"1"
"银川市"	0	0	1	0.303	0.118	0.579	-0.157	-0.055	0.237	0.449	"3"
"铺路"	0	1	0	0.303	0.118	0.579	-0.157	0.928	-0.376	1.461	"2"
"锦标赛"	10	0	2	3.636	1.417	6.948	3.646	-0.655	-2.355	6.656	"1"
"锻炼"	0	0	3	0.909	0.354	1.737	-0.47	-0.164	0.712	1.346	"3"
"镇压"	0	1	0	0.303	0.118	0.579	-0.157	0.928	-0.376	1.461	"2"
"长春"	0	0	3	0.909	0.354	1.737	-0.47	-0.164	0.712	1.346	"3"
"门将"	1	0	0	0.303	0.118	0.579	0.519	-0.055	-0.376	0.95	"1"
"闭幕"	1	0	1	0.606	0.236	1.158	0.289	-0.109	-0.177	0.575	"1"
"闲"	0	0	1	0.303	0.118	0.579	-0.157	-0.055	0.237	0.449	"3"
"队首尝胜"	2	0	0	0.606	0.236	1.158	1.037	-0.109	-0.751	1.897	"1"
"阿加西"	3	0	0	0.909	0.354	1.737	1.556	-0.164	-1.127	2.847	"1"
"阿姆尼"	0	1	0	0.303	0.118	0.579	-0.157	0.928	-0.376	1.461	"2"
"阿布贾"	1	0	0	0.303	0.118	0.579	0.519	-0.055	-0.376	0.95	"1"
"阿根廷"	1	0	0	0.303	0.118	0.579	0.519	-0.055	-0.376	0.95	"1"
"阿纳海姆"	1	0	0	0.303	0.118	0.579	0.519	-0.055	-0.376	0.95	"1"
"阿萨莫阿"	1	0	0	0.303	0.118	0.579	0.519	-0.055	-0.376	0.95	"1"
"阿西克斯"	0	0	1	0.303	0.118	0.579	-0.157	-0.055	0.237	0.449	"3"
"陈俊峰"	0	0	1	0.303	0.118	0.579	-0.157	-0.055	0.237	0.449	"3"
"陈燮"	1	0	0	0.303	0.118	0.579	0.519	-0.055	-0.376	0.95	"1"
"陈至立"	1	0	0	0.303	0.118	0.579	0.519	-0.055	-0.376	0.95	"1"
"陪伴"	0	0	1	0.303	0.118	0.579	-0.157	-0.055	0.237	0.449	"3"
"隆重"	1	0	1	0.606	0.236	1.158	0.289	-0.109	-0.177	0.575	"1"
"障碍"	0	0	1	0.303	0.118	0.579	-0.157	-0.055	0.237	0.449	"3"
"雅典"	8	0	0	2.424	0.945	4.632	4.149	-0.437	-3.005	7.591	"1"
"雕塑"	0	0	1	0.303	0.118	0.579	-0.157	-0.055	0.237	0.449	"3"
"雪梨"	0	0	1	0.303	0.118	0.579	-0.157	-0.055	0.237	0.449	"3"
"雷吉亚纳"	0	0	1	0.303	0.118	0.579	-0.157	-0.055	0.237	0.449	"3"
"霍震霆"	0	0	1	0.303	0.118	0.579	-0.157	-0.055	0.237	0.449	"3"
"霸"	0	0	1	0.303	0.118	0.579	-0.157	-0.055	0.237	0.449	"3"
"青少年"	0	0	1	0.303	0.118	0.579	-0.157	-0.055	0.237	0.449	"3"
"青岛"	0	0	1	0.303	0.118	0.579	-0.157	-0.055	0.237	0.449	"3"
"青年"	2	1	3	1.818	0.708	3.474	0.232	0.276	-0.302	0.81	"3"
"青海"	0	0	4	1.212	0.472	2.316	-0.627	-0.218	0.949	1.794	"3"
"革命"	0	2	0	0.606	0.236	1.158	-0.313	1.856	-0.751	2.92	"2"
"韩国"	2	0	1	0.909	0.354	1.737	0.658	-0.164	-0.417	1.239	"1"
"韩家骏"	0	1	0	0.303	0.118	0.579	-0.157	0.928	-0.376	1.461	"2"
"韩振铎"	0	0	1	0.303	0.118	0.579	-0.157	-0.055	0.237	0.449	"3"
"项"	0	8	7	4.544	1.771	8.685	-2.351	3.95	-0.576	6.877	"2"
"项目"	1	0	13	4.241	1.653	8.106	-1.344	-0.764	2.274	4.382	"3"
"顽强"	0	0	1	0.303	0.118	0.579	-0.157	-0.055	0.237	0.449	"3"
"顿"	0	0	1	0.303	0.118	0.579	-0.157	-0.055	0.237	0.449	"3"
"颁予"	0	0	1	0.303	0.118	0.579	-0.157	-0.055	0.237	0.449	"3"
"预防"	0	0	1	0.303	0.118	0.579	-0.157	-0.055	0.237	0.449	"3"
"领域"	0	0	1	0.303	0.118	0.579	-0.157	-0.055	0.237	0.449	"3"
"领导人"	0	6	0	1.818	0.708	3.474	-0.94	5.567	-2.254	8.761	"2"
"领袖"	0	3	0	0.909	0.354	1.737	-0.47	2.784	-1.127	4.381	"2"
"题"	5	0	1	1.818	0.708	3.474	1.941	-0.327	-1.288	3.556	"1"
"风景线"	0	0	1	0.303	0.118	0.579	-0.157	-0.055	0.237	0.449	"3"
"风气"	0	0	1	0.303	0.118	0.579	-0.157	-0.055	0.237	0.449	"3"
"风采"	0	0	1	0.303	0.118	0.579	-0.157	-0.055	0.237	0.449	"3"
"飞行伞"	0	0	1	0.303	0.118	0.579	-0.157	-0.055	0.237	0.449	"3"
"饮"	0	1	0	0.303	0.118	0.579	-0.157	0.928	-0.376	1.461	"2"
"饮料"	0	1	0	0.303	0.118	0.579	-0.157	0.928	-0.376	1.461	"2"
"饮食"	0	0	2	0.606	0.236	1.158	-0.313	-0.109	0.475	0.897	"3"
"首日"	0	0	1	0.303	0.118	0.579	-0.157	-0.055	0.237	0.449	"3"
"马尔廷"	1	0	0	0.303	0.118	0.579	0.519	-0.055	-0.376	0.95	"1"
"马德里"	0	0	2	0.606	0.236	1.158	-0.313	-0.109	0.475	0.897	"3"
"马拉松赛"	1	0	0	0.303	0.118	0.579	0.519	-0.055	-0.376	0.95	"1"
"马斯"	0	1	0	0.303	0.118	0.579	-0.157	0.928	-0.376	1.461	"2"
"马良行"	1	0	0	0.303	0.118	0.579	0.519	-0.055	-0.376	0.95	"1"
"马那瓜"	0	0	1	0.303	0.118	0.579	-0.157	-0.055	0.237	0.449	"3"
"驰"	0	0	1	0.303	0.118	0.579	-0.157	-0.055	0.237	0.449	"3"
"驻韩"	0	0	1	0.303	0.118	0.579	-0.157	-0.055	0.237	0.449	"3"
"骄人"	0	0	1	0.303	0.118	0.579	-0.157	-0.055	0.237	0.449	"3"
"高尔夫"	0	0	3	0.909	0.354	1.737	-0.47	-0.164	0.712	1.346	"3"
"高尔夫球"	0	0	1	0.303	0.118	0.579	-0.157	-0.055	0.237	0.449	"3"
"高涨"	0	1	0	0.303	0.118	0.579	-0.157	0.928	-0.376	1.461	"2"
"高球"	0	0	1	0.303	0.118	0.579	-0.157	-0.055	0.237	0.449	"3"
"高脂血症"	0	0	1	0.303	0.118	0.579	-0.157	-0.055	0.237	0.449	"3"
"高雅"	0	0	1	0.303	0.118	0.579	-0.157	-0.055	0.237	0.449	"3"
"鹅河旁"	1	0	0	0.303	0.118	0.579	0.519	-0.055	-0.376	0.95	"1"
"麻将"	0	0	1	0.303	0.118	0.579	-0.157	-0.055	0.237	0.449	"3"
"黄思绵"	0	0	2	0.606	0.236	1.158	-0.313	-0.109	0.475	0.897	"3"
"鼓励"	0	0	1	0.303	0.118	0.579	-0.157	-0.055	0.237	0.449	"3"
"齐"	0	1	0	0.303	0.118	0.579	-0.157	0.928	-0.376	1.461	"2"
"齐晖"	2	0	0	0.606	0.236	1.158	1.037	-0.109	-0.751	1.897	"1"
"齐达"	1	0	0	0.303	0.118	0.579	0.519	-0.055	-0.376	0.95	"1"
