"Coll_Word"	"1"	"2"	"3"	"4"	"5"	"exp_1"	"exp_2"	"exp_3"	"exp_4"	"exp_5"	"pbin_1"	"pbin_2"	"pbin_3"	"pbin_4"	"pbin_5"	"SumAbsDev"	"LargestDev"
"』"	0	1	0	0	0	0.216	0.121	0.179	0.423	0.061	-0.106	0.919	-0.086	-0.239	-0.027	1.377	"2"
"1955年"	0	0	0	1	0	0.216	0.121	0.179	0.423	0.061	-0.106	-0.056	-0.086	0.374	-0.027	0.649	"4"
"1966年"	0	0	0	1	0	0.216	0.121	0.179	0.423	0.061	-0.106	-0.056	-0.086	0.374	-0.027	0.649	"4"
"1970年"	1	0	0	0	0	0.216	0.121	0.179	0.423	0.061	0.665	-0.056	-0.086	-0.239	-0.027	1.073	"1"
"2005年"	0	0	0	1	0	0.216	0.121	0.179	0.423	0.061	-0.106	-0.056	-0.086	0.374	-0.027	0.649	"4"
"63万"	0	0	1	0	0	0.216	0.121	0.179	0.423	0.061	-0.106	-0.056	0.747	-0.239	-0.027	1.175	"3"
"891010"	2	0	0	0	0	0.432	0.241	0.359	0.846	0.122	1.331	-0.112	-0.172	-0.478	-0.055	2.148	"1"
"891027"	0	0	1	0	0	0.216	0.121	0.179	0.423	0.061	-0.106	-0.056	0.747	-0.239	-0.027	1.175	"3"
"891111"	0	0	0	1	0	0.216	0.121	0.179	0.423	0.061	-0.106	-0.056	-0.086	0.374	-0.027	0.649	"4"
"891112"	0	0	0	1	0	0.216	0.121	0.179	0.423	0.061	-0.106	-0.056	-0.086	0.374	-0.027	0.649	"4"
"891203"	0	0	1	0	0	0.216	0.121	0.179	0.423	0.061	-0.106	-0.056	0.747	-0.239	-0.027	1.175	"3"
"891219"	0	0	0	1	0	0.216	0.121	0.179	0.423	0.061	-0.106	-0.056	-0.086	0.374	-0.027	0.649	"4"
"900106"	0	0	1	0	0	0.216	0.121	0.179	0.423	0.061	-0.106	-0.056	0.747	-0.239	-0.027	1.175	"3"
"930"	0	0	0	0	1	0.216	0.121	0.179	0.423	0.061	-0.106	-0.056	-0.086	-0.239	1.214	1.701	"5"
"ABT"	1	0	0	0	0	0.216	0.121	0.179	0.423	0.061	0.665	-0.056	-0.086	-0.239	-0.027	1.073	"1"
"APEC"	2	0	0	0	0	0.432	0.241	0.359	0.846	0.122	1.331	-0.112	-0.172	-0.478	-0.055	2.148	"1"
"C"	1	0	0	0	0	0.216	0.121	0.179	0.423	0.061	0.665	-0.056	-0.086	-0.239	-0.027	1.073	"1"
"DNA"	0	0	2	0	0	0.432	0.241	0.359	0.846	0.122	-0.211	-0.112	1.493	-0.478	-0.055	2.349	"3"
"Lam"	0	0	0	1	0	0.216	0.121	0.179	0.423	0.061	-0.106	-0.056	-0.086	0.374	-0.027	0.649	"4"
"Schwarzenegger"	0	1	0	0	0	0.216	0.121	0.179	0.423	0.061	-0.106	0.919	-0.086	-0.239	-0.027	1.377	"2"
"SOFA"	0	0	0	1	0	0.216	0.121	0.179	0.423	0.061	-0.106	-0.056	-0.086	0.374	-0.027	0.649	"4"
"WHO"	1	0	0	0	0	0.216	0.121	0.179	0.423	0.061	0.665	-0.056	-0.086	-0.239	-0.027	1.073	"1"
"一哥"	0	1	0	0	0	0.216	0.121	0.179	0.423	0.061	-0.106	0.919	-0.086	-0.239	-0.027	1.377	"2"
"一定"	0	0	0	1	0	0.216	0.121	0.179	0.423	0.061	-0.106	-0.056	-0.086	0.374	-0.027	0.649	"4"
"一直"	0	0	0	1	0	0.216	0.121	0.179	0.423	0.061	-0.106	-0.056	-0.086	0.374	-0.027	0.649	"4"
"一超"	0	0	0	0	1	0.216	0.121	0.179	0.423	0.061	-0.106	-0.056	-0.086	-0.239	1.214	1.701	"5"
"万淑彰"	0	0	0	1	0	0.216	0.121	0.179	0.423	0.061	-0.106	-0.056	-0.086	0.374	-0.027	0.649	"4"
"三代"	0	1	0	0	0	0.216	0.121	0.179	0.423	0.061	-0.106	0.919	-0.086	-0.239	-0.027	1.377	"2"
"上半时"	0	0	0	0	1	0.216	0.121	0.179	0.423	0.061	-0.106	-0.056	-0.086	-0.239	1.214	1.701	"5"
"上班族"	1	0	0	0	0	0.216	0.121	0.179	0.423	0.061	0.665	-0.056	-0.086	-0.239	-0.027	1.073	"1"
"上达"	0	0	0	1	0	0.216	0.121	0.179	0.423	0.061	-0.106	-0.056	-0.086	0.374	-0.027	0.649	"4"
"上阵"	1	0	0	0	0	0.216	0.121	0.179	0.423	0.061	0.665	-0.056	-0.086	-0.239	-0.027	1.073	"1"
"下嫁给"	0	0	0	1	0	0.216	0.121	0.179	0.423	0.061	-0.106	-0.056	-0.086	0.374	-0.027	0.649	"4"
"下属"	0	0	0	1	0	0.216	0.121	0.179	0.423	0.061	-0.106	-0.056	-0.086	0.374	-0.027	0.649	"4"
"不便"	0	0	1	0	0	0.216	0.121	0.179	0.423	0.061	-0.106	-0.056	0.747	-0.239	-0.027	1.175	"3"
"不保"	0	1	0	0	0	0.216	0.121	0.179	0.423	0.061	-0.106	0.919	-0.086	-0.239	-0.027	1.377	"2"
"不再"	0	0	0	1	0	0.216	0.121	0.179	0.423	0.061	-0.106	-0.056	-0.086	0.374	-0.027	0.649	"4"
"不变"	1	0	0	1	0	0.432	0.241	0.359	0.846	0.122	0.414	-0.112	-0.172	0.176	-0.055	0.929	"1"
"不可"	0	0	0	1	0	0.216	0.121	0.179	0.423	0.061	-0.106	-0.056	-0.086	0.374	-0.027	0.649	"4"
"不可能"	0	0	0	1	0	0.216	0.121	0.179	0.423	0.061	-0.106	-0.056	-0.086	0.374	-0.027	0.649	"4"
"不同"	0	0	1	0	0	0.216	0.121	0.179	0.423	0.061	-0.106	-0.056	0.747	-0.239	-0.027	1.175	"3"
"不复存在"	0	1	0	0	0	0.216	0.121	0.179	0.423	0.061	-0.106	0.919	-0.086	-0.239	-0.027	1.377	"2"
"不容"	0	1	0	0	0	0.216	0.121	0.179	0.423	0.061	-0.106	0.919	-0.086	-0.239	-0.027	1.377	"2"
"不平"	0	0	0	0	1	0.216	0.121	0.179	0.423	0.061	-0.106	-0.056	-0.086	-0.239	1.214	1.701	"5"
"不断"	0	0	0	2	0	0.432	0.241	0.359	0.846	0.122	-0.211	-0.112	-0.172	0.747	-0.055	1.297	"4"
"不明"	0	0	8	0	0	1.729	0.965	1.434	3.384	0.488	-0.846	-0.447	5.972	-1.91	-0.219	9.394	"3"
"与会"	1	0	1	0	0	0.432	0.241	0.359	0.846	0.122	0.414	-0.112	0.486	-0.478	-0.055	1.545	"3"
"且"	0	0	0	2	0	0.432	0.241	0.359	0.846	0.122	-0.211	-0.112	-0.172	0.747	-0.055	1.297	"4"
"世卫"	1	0	0	0	0	0.216	0.121	0.179	0.423	0.061	0.665	-0.056	-0.086	-0.239	-0.027	1.073	"1"
"世界"	1	0	0	15	7	4.97	2.775	4.123	9.728	1.404	-1.566	-1.284	-1.973	1.646	3.49	9.959	"5"
"世界级"	0	0	0	1	0	0.216	0.121	0.179	0.423	0.061	-0.106	-0.056	-0.086	0.374	-0.027	0.649	"4"
"业内"	0	0	0	1	0	0.216	0.121	0.179	0.423	0.061	-0.106	-0.056	-0.086	0.374	-0.027	0.649	"4"
"东亚"	0	0	0	0	2	0.432	0.241	0.359	0.846	0.122	-0.211	-0.112	-0.172	-0.478	2.429	3.402	"5"
"东道主"	1	0	0	0	0	0.216	0.121	0.179	0.423	0.061	0.665	-0.056	-0.086	-0.239	-0.027	1.073	"1"
"丧"	0	0	0	1	0	0.216	0.121	0.179	0.423	0.061	-0.106	-0.056	-0.086	0.374	-0.027	0.649	"4"
"丧失"	0	1	0	2	0	0.648	0.362	0.538	1.269	0.183	-0.317	0.495	-0.257	0.414	-0.082	1.565	"2"
"个人"	2	0	0	0	0	0.432	0.241	0.359	0.846	0.122	1.331	-0.112	-0.172	-0.478	-0.055	2.148	"1"
"中"	1	0	0	38	9	10.372	5.791	8.605	20.302	2.93	-3.922	-2.68	-4.118	6.685	2.649	20.054	"4"
"中亚"	0	0	0	1	0	0.216	0.121	0.179	0.423	0.061	-0.106	-0.056	-0.086	0.374	-0.027	0.649	"4"
"中共人"	1	0	0	0	0	0.216	0.121	0.179	0.423	0.061	0.665	-0.056	-0.086	-0.239	-0.027	1.073	"1"
"中华民国"	1	0	0	0	0	0.216	0.121	0.179	0.423	0.061	0.665	-0.056	-0.086	-0.239	-0.027	1.073	"1"
"中常会"	1	0	0	0	0	0.216	0.121	0.179	0.423	0.061	0.665	-0.056	-0.086	-0.239	-0.027	1.073	"1"
"中心"	0	0	0	8	0	1.729	0.965	1.434	3.384	0.488	-0.846	-0.447	-0.686	2.99	-0.219	5.188	"4"
"中油"	0	0	0	1	0	0.216	0.121	0.179	0.423	0.061	-0.106	-0.056	-0.086	0.374	-0.027	0.649	"4"
"中美关系"	0	0	0	1	0	0.216	0.121	0.179	0.423	0.061	-0.106	-0.056	-0.086	0.374	-0.027	0.649	"4"
"中美洲"	1	0	0	0	0	0.216	0.121	0.179	0.423	0.061	0.665	-0.056	-0.086	-0.239	-0.027	1.073	"1"
"临管"	0	1	0	0	0	0.216	0.121	0.179	0.423	0.061	-0.106	0.919	-0.086	-0.239	-0.027	1.377	"2"
"主人"	0	2	0	0	0	0.432	0.241	0.359	0.846	0.122	-0.211	1.837	-0.172	-0.478	-0.055	2.753	"2"
"主宰"	0	0	0	2	0	0.432	0.241	0.359	0.846	0.122	-0.211	-0.112	-0.172	0.747	-0.055	1.297	"4"
"主导"	0	0	0	6	0	1.297	0.724	1.076	2.538	0.366	-0.634	-0.335	-0.515	2.242	-0.164	3.89	"4"
"主席"	4	0	0	0	0	0.864	0.483	0.717	1.692	0.244	2.661	-0.223	-0.343	-0.955	-0.109	4.291	"1"
"主席国"	1	0	1	0	0	0.432	0.241	0.359	0.846	0.122	0.414	-0.112	0.486	-0.478	-0.055	1.545	"3"
"主持"	2	0	0	0	0	0.432	0.241	0.359	0.846	0.122	1.331	-0.112	-0.172	-0.478	-0.055	2.148	"1"
"主攻"	0	0	0	1	0	0.216	0.121	0.179	0.423	0.061	-0.106	-0.056	-0.086	0.374	-0.027	0.649	"4"
"主权国"	1	0	0	0	0	0.216	0.121	0.179	0.423	0.061	0.665	-0.056	-0.086	-0.239	-0.027	1.073	"1"
"主流"	0	0	0	1	0	0.216	0.121	0.179	0.423	0.061	-0.106	-0.056	-0.086	0.374	-0.027	0.649	"4"
"主笔"	0	1	0	0	0	0.216	0.121	0.179	0.423	0.061	-0.106	0.919	-0.086	-0.239	-0.027	1.377	"2"
"主脑"	0	0	1	0	0	0.216	0.121	0.179	0.423	0.061	-0.106	-0.056	0.747	-0.239	-0.027	1.175	"3"
"主角"	0	1	0	0	0	0.216	0.121	0.179	0.423	0.061	-0.106	0.919	-0.086	-0.239	-0.027	1.377	"2"
"举"	0	0	0	1	0	0.216	0.121	0.179	0.423	0.061	-0.106	-0.056	-0.086	0.374	-0.027	0.649	"4"
"举足"	0	0	0	1	0	0.216	0.121	0.179	0.423	0.061	-0.106	-0.056	-0.086	0.374	-0.027	0.649	"4"
"举足轻重"	0	0	0	3	0	0.648	0.362	0.538	1.269	0.183	-0.317	-0.167	-0.257	1.121	-0.082	1.944	"4"
"义务役"	1	0	0	0	0	0.216	0.121	0.179	0.423	0.061	0.665	-0.056	-0.086	-0.239	-0.027	1.073	"1"
"乌干"	0	0	0	1	0	0.216	0.121	0.179	0.423	0.061	-0.106	-0.056	-0.086	0.374	-0.027	0.649	"4"
"乐坛"	1	0	0	1	0	0.432	0.241	0.359	0.846	0.122	0.414	-0.112	-0.172	0.176	-0.055	0.929	"1"
"乒坛"	0	0	0	1	0	0.216	0.121	0.179	0.423	0.061	-0.106	-0.056	-0.086	0.374	-0.027	0.649	"4"
"书法"	0	0	0	1	0	0.216	0.121	0.179	0.423	0.061	-0.106	-0.056	-0.086	0.374	-0.027	0.649	"4"
"争"	0	1	0	0	0	0.216	0.121	0.179	0.423	0.061	-0.106	0.919	-0.086	-0.239	-0.027	1.377	"2"
"争到"	0	1	0	0	0	0.216	0.121	0.179	0.423	0.061	-0.106	0.919	-0.086	-0.239	-0.027	1.377	"2"
"争取"	0	1	1	1	0	0.648	0.362	0.538	1.269	0.183	-0.317	0.495	0.35	-0.211	-0.082	1.455	"2"
"事务"	0	1	0	5	0	1.297	0.724	1.076	2.538	0.366	-0.634	0.27	-0.515	1.279	-0.164	2.862	"4"
"亚太"	0	0	0	1	0	0.216	0.121	0.179	0.423	0.061	-0.106	-0.056	-0.086	0.374	-0.027	0.649	"4"
"亚太区"	0	0	0	1	0	0.216	0.121	0.179	0.423	0.061	-0.106	-0.056	-0.086	0.374	-0.027	0.649	"4"
"亚洲"	0	0	0	2	1	0.648	0.362	0.538	1.269	0.183	-0.317	-0.167	-0.257	0.414	0.764	1.919	"5"
"亚洲人"	0	2	0	0	0	0.432	0.241	0.359	0.846	0.122	-0.211	1.837	-0.172	-0.478	-0.055	2.753	"2"
"亚特兰大"	1	0	0	0	0	0.216	0.121	0.179	0.423	0.061	0.665	-0.056	-0.086	-0.239	-0.027	1.073	"1"
"亚锦赛"	0	0	0	2	0	0.432	0.241	0.359	0.846	0.122	-0.211	-0.112	-0.172	0.747	-0.055	1.297	"4"
"交保"	0	0	1	0	0	0.216	0.121	0.179	0.423	0.061	-0.106	-0.056	0.747	-0.239	-0.027	1.175	"3"
"交手"	1	0	0	0	0	0.216	0.121	0.179	0.423	0.061	0.665	-0.056	-0.086	-0.239	-0.027	1.073	"1"
"交道"	0	1	0	0	0	0.216	0.121	0.179	0.423	0.061	-0.106	0.919	-0.086	-0.239	-0.027	1.377	"2"
"亦即"	0	1	0	0	0	0.216	0.121	0.179	0.423	0.061	-0.106	0.919	-0.086	-0.239	-0.027	1.377	"2"
"产区"	0	0	0	1	0	0.216	0.121	0.179	0.423	0.061	-0.106	-0.056	-0.086	0.374	-0.027	0.649	"4"
"享有"	0	0	0	4	0	0.864	0.483	0.717	1.692	0.244	-0.423	-0.223	-0.343	1.495	-0.109	2.593	"4"
"亮出"	0	0	1	0	0	0.216	0.121	0.179	0.423	0.061	-0.106	-0.056	0.747	-0.239	-0.027	1.175	"3"
"亲属"	0	0	1	0	0	0.216	0.121	0.179	0.423	0.061	-0.106	-0.056	0.747	-0.239	-0.027	1.175	"3"
"亲生"	0	1	0	0	0	0.216	0.121	0.179	0.423	0.061	-0.106	0.919	-0.086	-0.239	-0.027	1.377	"2"
"人力部"	0	0	2	0	0	0.432	0.241	0.359	0.846	0.122	-0.211	-0.112	1.493	-0.478	-0.055	2.349	"3"
"人员"	0	0	5	0	0	1.08	0.603	0.896	2.115	0.305	-0.529	-0.279	3.733	-1.194	-0.137	5.872	"3"
"人士"	1	0	2	0	0	0.648	0.362	0.538	1.269	0.183	0.285	-0.167	1.071	-0.716	-0.082	2.321	"3"
"人种"	0	2	0	0	0	0.432	0.241	0.359	0.846	0.122	-0.211	1.837	-0.172	-0.478	-0.055	2.753	"2"
"人陈"	0	1	0	0	0	0.216	0.121	0.179	0.423	0.061	-0.106	0.919	-0.086	-0.239	-0.027	1.377	"2"
"仅次于"	0	0	0	2	0	0.432	0.241	0.359	0.846	0.122	-0.211	-0.112	-0.172	0.747	-0.055	1.297	"4"
"介入"	0	1	0	0	0	0.216	0.121	0.179	0.423	0.061	-0.106	0.919	-0.086	-0.239	-0.027	1.377	"2"
"仍然"	0	0	0	2	0	0.432	0.241	0.359	0.846	0.122	-0.211	-0.112	-0.172	0.747	-0.055	1.297	"4"
"从事"	1	0	1	0	0	0.432	0.241	0.359	0.846	0.122	0.414	-0.112	0.486	-0.478	-0.055	1.545	"3"
"从来"	0	1	0	0	0	0.216	0.121	0.179	0.423	0.061	-0.106	0.919	-0.086	-0.239	-0.027	1.377	"2"
"仗"	0	0	0	1	0	0.216	0.121	0.179	0.423	0.061	-0.106	-0.056	-0.086	0.374	-0.027	0.649	"4"
"付钱"	1	0	0	0	0	0.216	0.121	0.179	0.423	0.061	0.665	-0.056	-0.086	-0.239	-0.027	1.073	"1"
"代"	0	2	0	0	0	0.432	0.241	0.359	0.846	0.122	-0.211	1.837	-0.172	-0.478	-0.055	2.753	"2"
"代替"	1	0	0	0	0	0.216	0.121	0.179	0.423	0.061	0.665	-0.056	-0.086	-0.239	-0.027	1.073	"1"
"代理"	1	0	0	0	0	0.216	0.121	0.179	0.423	0.061	0.665	-0.056	-0.086	-0.239	-0.027	1.073	"1"
"代码"	0	0	1	0	0	0.216	0.121	0.179	0.423	0.061	-0.106	-0.056	0.747	-0.239	-0.027	1.175	"3"
"代表"	8	0	0	0	0	1.729	0.965	1.434	3.384	0.488	5.323	-0.447	-0.686	-1.91	-0.219	8.585	"1"
"代言人"	1	0	0	0	0	0.216	0.121	0.179	0.423	0.061	0.665	-0.056	-0.086	-0.239	-0.027	1.073	"1"
"以"	87	1	7	0	0	20.528	11.461	17.03	40.182	5.799	47.638	-4.157	-2.555	-22.686	-2.599	79.635	"1"
"任为"	0	1	0	0	0	0.216	0.121	0.179	0.423	0.061	-0.106	0.919	-0.086	-0.239	-0.027	1.377	"2"
"企划"	0	0	0	1	0	0.216	0.121	0.179	0.423	0.061	-0.106	-0.056	-0.086	0.374	-0.027	0.649	"4"
"伍廷典"	1	0	0	0	0	0.216	0.121	0.179	0.423	0.061	0.665	-0.056	-0.086	-0.239	-0.027	1.073	"1"
"休斯顿"	1	0	0	0	0	0.216	0.121	0.179	0.423	0.061	0.665	-0.056	-0.086	-0.239	-0.027	1.073	"1"
"优先"	0	0	0	1	0	0.216	0.121	0.179	0.423	0.061	-0.106	-0.056	-0.086	0.374	-0.027	0.649	"4"
"优势"	0	0	0	4	2	1.297	0.724	1.076	2.538	0.366	-0.634	-0.335	-0.515	0.673	1.324	3.481	"5"
"优越"	0	1	0	0	0	0.216	0.121	0.179	0.423	0.061	-0.106	0.919	-0.086	-0.239	-0.027	1.377	"2"
"伙"	0	0	2	0	0	0.432	0.241	0.359	0.846	0.122	-0.211	-0.112	1.493	-0.478	-0.055	2.349	"3"
"会员"	0	0	1	0	0	0.216	0.121	0.179	0.423	0.061	-0.106	-0.056	0.747	-0.239	-0.027	1.175	"3"
"会员国"	1	0	0	0	0	0.216	0.121	0.179	0.423	0.061	0.665	-0.056	-0.086	-0.239	-0.027	1.073	"1"
"会议组"	1	0	0	0	0	0.216	0.121	0.179	0.423	0.061	0.665	-0.056	-0.086	-0.239	-0.027	1.073	"1"
"传授"	1	0	0	0	0	0.216	0.121	0.179	0.423	0.061	0.665	-0.056	-0.086	-0.239	-0.027	1.073	"1"
"传讯"	0	0	1	0	0	0.216	0.121	0.179	0.423	0.061	-0.106	-0.056	0.747	-0.239	-0.027	1.175	"3"
"伤者"	0	0	1	0	0	0.216	0.121	0.179	0.423	0.061	-0.106	-0.056	0.747	-0.239	-0.027	1.175	"3"
"住址"	0	0	1	0	0	0.216	0.121	0.179	0.423	0.061	-0.106	-0.056	0.747	-0.239	-0.027	1.175	"3"
"体坛"	0	0	0	1	0	0.216	0.121	0.179	0.423	0.061	-0.106	-0.056	-0.086	0.374	-0.027	0.649	"4"
"体现"	0	0	0	1	0	0.216	0.121	0.179	0.423	0.061	-0.106	-0.056	-0.086	0.374	-0.027	0.649	"4"
"佔"	0	0	0	2	0	0.432	0.241	0.359	0.846	0.122	-0.211	-0.112	-0.172	0.747	-0.055	1.297	"4"
"佔有"	0	0	0	3	1	0.864	0.483	0.717	1.692	0.244	-0.423	-0.223	-0.343	0.685	0.652	2.326	"4"
"何"	2	0	0	0	0	0.432	0.241	0.359	0.846	0.122	1.331	-0.112	-0.172	-0.478	-0.055	2.148	"1"
"作为"	0	0	0	11	0	2.377	1.327	1.972	4.653	0.672	-1.163	-0.614	-0.944	4.111	-0.301	7.133	"4"
"作家"	1	0	0	0	0	0.216	0.121	0.179	0.423	0.061	0.665	-0.056	-0.086	-0.239	-0.027	1.073	"1"
"作用"	0	0	0	9	0	1.945	1.086	1.613	3.807	0.549	-0.952	-0.502	-0.772	3.363	-0.246	5.835	"4"
"作者"	1	1	0	0	0	0.432	0.241	0.359	0.846	0.122	0.414	0.645	-0.172	-0.478	-0.055	1.764	"2"
"供应商"	0	0	0	1	0	0.216	0.121	0.179	0.423	0.061	-0.106	-0.056	-0.086	0.374	-0.027	0.649	"4"
"依托"	0	1	0	0	0	0.216	0.121	0.179	0.423	0.061	-0.106	0.919	-0.086	-0.239	-0.027	1.377	"2"
"依然"	0	0	0	1	0	0.216	0.121	0.179	0.423	0.061	-0.106	-0.056	-0.086	0.374	-0.027	0.649	"4"
"侦讯"	0	0	1	0	0	0.216	0.121	0.179	0.423	0.061	-0.106	-0.056	0.747	-0.239	-0.027	1.175	"3"
"便"	0	0	2	0	0	0.432	0.241	0.359	0.846	0.122	-0.211	-0.112	1.493	-0.478	-0.055	2.349	"3"
"便宜货"	0	1	0	0	0	0.216	0.121	0.179	0.423	0.061	-0.106	0.919	-0.086	-0.239	-0.027	1.377	"2"
"保密"	0	0	1	0	0	0.216	0.121	0.179	0.423	0.061	-0.106	-0.056	0.747	-0.239	-0.027	1.175	"3"
"保持"	0	0	0	13	2	3.241	1.81	2.689	6.344	0.916	-1.586	-0.837	-1.287	3.269	0.634	7.613	"4"
"保障"	0	0	0	1	0	0.216	0.121	0.179	0.423	0.061	-0.106	-0.056	-0.086	0.374	-0.027	0.649	"4"
"信件"	0	0	1	0	0	0.216	0.121	0.179	0.423	0.061	-0.106	-0.056	0.747	-0.239	-0.027	1.175	"3"
"修改"	0	0	0	2	0	0.432	0.241	0.359	0.846	0.122	-0.211	-0.112	-0.172	0.747	-0.055	1.297	"4"
"候补"	1	0	0	0	0	0.216	0.121	0.179	0.423	0.061	0.665	-0.056	-0.086	-0.239	-0.027	1.073	"1"
"候选人"	2	0	0	0	0	0.432	0.241	0.359	0.846	0.122	1.331	-0.112	-0.172	-0.478	-0.055	2.148	"1"
"值"	1	0	0	0	0	0.216	0.121	0.179	0.423	0.061	0.665	-0.056	-0.086	-0.239	-0.027	1.073	"1"
"假"	0	0	1	0	0	0.216	0.121	0.179	0.423	0.061	-0.106	-0.056	0.747	-0.239	-0.027	1.175	"3"
"做为"	1	0	0	2	0	0.648	0.362	0.538	1.269	0.183	0.285	-0.167	-0.257	0.414	-0.082	1.205	"4"
"健保"	1	0	1	0	0	0.432	0.241	0.359	0.846	0.122	0.414	-0.112	0.486	-0.478	-0.055	1.545	"3"
"傲慢"	0	1	0	0	0	0.216	0.121	0.179	0.423	0.061	-0.106	0.919	-0.086	-0.239	-0.027	1.377	"2"
"元首"	0	1	0	0	0	0.216	0.121	0.179	0.423	0.061	-0.106	0.919	-0.086	-0.239	-0.027	1.377	"2"
"先生"	0	1	0	0	0	0.216	0.121	0.179	0.423	0.061	-0.106	0.919	-0.086	-0.239	-0.027	1.377	"2"
"克什"	0	0	0	1	0	0.216	0.121	0.179	0.423	0.061	-0.106	-0.056	-0.086	0.374	-0.027	0.649	"4"
"党"	0	0	0	4	0	0.864	0.483	0.717	1.692	0.244	-0.423	-0.223	-0.343	1.495	-0.109	2.593	"4"
"入网"	0	0	2	0	0	0.432	0.241	0.359	0.846	0.122	-0.211	-0.112	1.493	-0.478	-0.055	2.349	"3"
"全智贤"	0	1	0	0	0	0.216	0.121	0.179	0.423	0.061	-0.106	0.919	-0.086	-0.239	-0.027	1.377	"2"
"全球"	0	0	0	8	1	1.945	1.086	1.613	3.807	0.549	-0.952	-0.502	-0.772	2.24	0.364	4.83	"4"
"八国"	1	0	0	0	0	0.216	0.121	0.179	0.423	0.061	0.665	-0.056	-0.086	-0.239	-0.027	1.073	"1"
"公决"	0	0	0	1	0	0.216	0.121	0.179	0.423	0.061	-0.106	-0.056	-0.086	0.374	-0.027	0.649	"4"
"公平法"	0	0	0	1	0	0.216	0.121	0.179	0.423	0.061	-0.106	-0.056	-0.086	0.374	-0.027	0.649	"4"
"公开"	0	0	3	0	0	0.648	0.362	0.538	1.269	0.183	-0.317	-0.167	2.24	-0.716	-0.082	3.522	"3"
"公有制"	0	0	0	0	1	0.216	0.121	0.179	0.423	0.061	-0.106	-0.056	-0.086	-0.239	1.214	1.701	"5"
"公民"	0	0	4	0	0	0.864	0.483	0.717	1.692	0.244	-0.423	-0.223	2.986	-0.955	-0.109	4.696	"3"
"六使"	0	1	0	0	0	0.216	0.121	0.179	0.423	0.061	-0.106	0.919	-0.086	-0.239	-0.027	1.377	"2"
"共产党"	0	0	0	0	2	0.432	0.241	0.359	0.846	0.122	-0.211	-0.112	-0.172	-0.478	2.429	3.402	"5"
"共赢"	0	1	0	0	0	0.216	0.121	0.179	0.423	0.061	-0.106	0.919	-0.086	-0.239	-0.027	1.377	"2"
"关键"	0	0	0	2	0	0.432	0.241	0.359	0.846	0.122	-0.211	-0.112	-0.172	0.747	-0.055	1.297	"4"
"兴致勃勃"	0	1	0	0	0	0.216	0.121	0.179	0.423	0.061	-0.106	0.919	-0.086	-0.239	-0.027	1.377	"2"
"其"	0	1	2	17	1	4.538	2.533	3.765	8.882	1.282	-2.22	-0.584	-0.608	3.458	-0.201	7.071	"4"
"具"	0	0	4	2	1	1.513	0.844	1.255	2.961	0.427	-0.74	-0.391	1.642	-0.431	0.448	3.652	"3"
"具备"	0	0	0	1	0	0.216	0.121	0.179	0.423	0.061	-0.106	-0.056	-0.086	0.374	-0.027	0.649	"4"
"具有"	1	0	2	15	0	3.89	2.172	3.227	7.613	1.099	-1.128	-1.005	-0.457	3.35	-0.492	6.432	"4"
"兹巴里"	1	0	0	0	0	0.216	0.121	0.179	0.423	0.061	0.665	-0.056	-0.086	-0.239	-0.027	1.073	"1"
"兼具"	0	1	0	0	0	0.216	0.121	0.179	0.423	0.061	-0.106	0.919	-0.086	-0.239	-0.027	1.377	"2"
"内政部长"	0	0	1	0	0	0.216	0.121	0.179	0.423	0.061	-0.106	-0.056	0.747	-0.239	-0.027	1.175	"3"
"军人"	1	0	1	0	0	0.432	0.241	0.359	0.846	0.122	0.414	-0.112	0.486	-0.478	-0.055	1.545	"3"
"军委"	0	0	0	1	0	0.216	0.121	0.179	0.423	0.061	-0.106	-0.056	-0.086	0.374	-0.027	0.649	"4"
"军校"	1	0	0	0	0	0.216	0.121	0.179	0.423	0.061	0.665	-0.056	-0.086	-0.239	-0.027	1.073	"1"
"军火案"	0	0	1	0	0	0.216	0.121	0.179	0.423	0.061	-0.106	-0.056	0.747	-0.239	-0.027	1.175	"3"
"军营"	1	0	0	0	0	0.216	0.121	0.179	0.423	0.061	0.665	-0.056	-0.086	-0.239	-0.027	1.073	"1"
"农业"	0	0	0	10	0	2.161	1.206	1.793	4.23	0.61	-1.057	-0.558	-0.858	3.737	-0.274	6.484	"4"
"冯国勤"	1	0	0	0	0	0.216	0.121	0.179	0.423	0.061	0.665	-0.056	-0.086	-0.239	-0.027	1.073	"1"
"决赛"	1	0	0	0	0	0.216	0.121	0.179	0.423	0.061	0.665	-0.056	-0.086	-0.239	-0.027	1.073	"1"
"决赛圈"	1	0	0	0	0	0.216	0.121	0.179	0.423	0.061	0.665	-0.056	-0.086	-0.239	-0.027	1.073	"1"
"冷战"	0	0	0	1	0	0.216	0.121	0.179	0.423	0.061	-0.106	-0.056	-0.086	0.374	-0.027	0.649	"4"
"准确性"	0	0	1	0	0	0.216	0.121	0.179	0.423	0.061	-0.106	-0.056	0.747	-0.239	-0.027	1.175	"3"
"准绳"	0	1	0	0	0	0.216	0.121	0.179	0.423	0.061	-0.106	0.919	-0.086	-0.239	-0.027	1.377	"2"
"凯利"	0	0	3	0	0	0.648	0.362	0.538	1.269	0.183	-0.317	-0.167	2.24	-0.716	-0.082	3.522	"3"
"凸出"	0	1	0	0	0	0.216	0.121	0.179	0.423	0.061	-0.106	0.919	-0.086	-0.239	-0.027	1.377	"2"
"出任"	1	0	0	0	0	0.216	0.121	0.179	0.423	0.061	0.665	-0.056	-0.086	-0.239	-0.027	1.073	"1"
"出入境"	0	0	1	0	0	0.216	0.121	0.179	0.423	0.061	-0.106	-0.056	0.747	-0.239	-0.027	1.175	"3"
"出击"	0	0	0	1	0	0.216	0.121	0.179	0.423	0.061	-0.106	-0.056	-0.086	0.374	-0.027	0.649	"4"
"出席"	12	0	0	0	0	2.593	1.448	2.151	5.076	0.733	7.984	-0.67	-1.03	-2.866	-0.328	12.878	"1"
"出线"	1	0	0	0	0	0.216	0.121	0.179	0.423	0.061	0.665	-0.056	-0.086	-0.239	-0.027	1.073	"1"
"击"	0	0	1	0	0	0.216	0.121	0.179	0.423	0.061	-0.106	-0.056	0.747	-0.239	-0.027	1.175	"3"
"分子"	0	0	3	0	0	0.648	0.362	0.538	1.269	0.183	-0.317	-0.167	2.24	-0.716	-0.082	3.522	"3"
"分类"	0	0	1	0	0	0.216	0.121	0.179	0.423	0.061	-0.106	-0.056	0.747	-0.239	-0.027	1.175	"3"
"初次"	1	0	0	0	0	0.216	0.121	0.179	0.423	0.061	0.665	-0.056	-0.086	-0.239	-0.027	1.073	"1"
"判定"	0	0	1	0	0	0.216	0.121	0.179	0.423	0.061	-0.106	-0.056	0.747	-0.239	-0.027	1.175	"3"
"到庭"	1	0	0	0	0	0.216	0.121	0.179	0.423	0.061	0.665	-0.056	-0.086	-0.239	-0.027	1.073	"1"
"到访"	1	0	0	0	0	0.216	0.121	0.179	0.423	0.061	0.665	-0.056	-0.086	-0.239	-0.027	1.073	"1"
"制造厂"	0	0	0	1	0	0.216	0.121	0.179	0.423	0.061	-0.106	-0.056	-0.086	0.374	-0.027	0.649	"4"
"前哨"	0	0	0	1	0	0.216	0.121	0.179	0.423	0.061	-0.106	-0.056	-0.086	0.374	-0.027	0.649	"4"
"前店"	0	0	0	1	0	0.216	0.121	0.179	0.423	0.061	-0.106	-0.056	-0.086	0.374	-0.027	0.649	"4"
"前政权"	0	0	0	0	2	0.432	0.241	0.359	0.846	0.122	-0.211	-0.112	-0.172	-0.478	2.429	3.402	"5"
"剥夺"	0	0	2	0	0	0.432	0.241	0.359	0.846	0.122	-0.211	-0.112	1.493	-0.478	-0.055	2.349	"3"
"副"	0	0	1	0	0	0.216	0.121	0.179	0.423	0.061	-0.106	-0.056	0.747	-0.239	-0.027	1.175	"3"
"副主席"	1	0	0	0	0	0.216	0.121	0.179	0.423	0.061	0.665	-0.056	-0.086	-0.239	-0.027	1.073	"1"
"力捧"	0	1	0	0	0	0.216	0.121	0.179	0.423	0.061	-0.106	0.919	-0.086	-0.239	-0.027	1.377	"2"
"劝募"	1	0	0	0	0	0.216	0.121	0.179	0.423	0.061	0.665	-0.056	-0.086	-0.239	-0.027	1.073	"1"
"办案"	0	0	1	0	0	0.216	0.121	0.179	0.423	0.061	-0.106	-0.056	0.747	-0.239	-0.027	1.175	"3"
"加入"	4	0	0	0	0	0.864	0.483	0.717	1.692	0.244	2.661	-0.223	-0.343	-0.955	-0.109	4.291	"1"
"加强"	0	0	0	9	0	1.945	1.086	1.613	3.807	0.549	-0.952	-0.502	-0.772	3.363	-0.246	5.835	"4"
"加盟"	1	0	0	0	0	0.216	0.121	0.179	0.423	0.061	0.665	-0.056	-0.086	-0.239	-0.027	1.073	"1"
"动摇"	0	2	0	1	0	0.648	0.362	0.538	1.269	0.183	-0.317	1.396	-0.257	-0.211	-0.082	2.263	"2"
"势"	0	0	0	1	1	0.432	0.241	0.359	0.846	0.122	-0.211	-0.112	-0.172	0.176	0.927	1.598	"5"
"势将"	0	1	0	0	0	0.216	0.121	0.179	0.423	0.061	-0.106	0.919	-0.086	-0.239	-0.027	1.377	"2"
"势必"	0	0	0	2	0	0.432	0.241	0.359	0.846	0.122	-0.211	-0.112	-0.172	0.747	-0.055	1.297	"4"
"勿洛"	0	0	0	1	0	0.216	0.121	0.179	0.423	0.061	-0.106	-0.056	-0.086	0.374	-0.027	0.649	"4"
"匪徒"	0	0	2	0	0	0.432	0.241	0.359	0.846	0.122	-0.211	-0.112	1.493	-0.478	-0.055	2.349	"3"
"区域"	0	0	0	1	0	0.216	0.121	0.179	0.423	0.061	-0.106	-0.056	-0.086	0.374	-0.027	0.649	"4"
"医界"	1	0	0	0	0	0.216	0.121	0.179	0.423	0.061	0.665	-0.056	-0.086	-0.239	-0.027	1.073	"1"
"十九日"	1	0	0	0	0	0.216	0.121	0.179	0.423	0.061	0.665	-0.056	-0.086	-0.239	-0.027	1.073	"1"
"十分"	0	0	0	1	1	0.432	0.241	0.359	0.846	0.122	-0.211	-0.112	-0.172	0.176	0.927	1.598	"5"
"半导体业"	0	1	0	0	0	0.216	0.121	0.179	0.423	0.061	-0.106	0.919	-0.086	-0.239	-0.027	1.377	"2"
"华埠"	0	0	0	1	0	0.216	0.121	0.179	0.423	0.061	-0.106	-0.056	-0.086	0.374	-0.027	0.649	"4"
"华语"	0	1	0	0	0	0.216	0.121	0.179	0.423	0.061	-0.106	0.919	-0.086	-0.239	-0.027	1.377	"2"
"协"	0	0	0	1	0	0.216	0.121	0.179	0.423	0.061	-0.106	-0.056	-0.086	0.374	-0.027	0.649	"4"
"协助"	1	0	0	1	0	0.432	0.241	0.359	0.846	0.122	0.414	-0.112	-0.172	0.176	-0.055	0.929	"1"
"协定"	0	0	0	4	1	1.08	0.603	0.896	2.115	0.305	-0.529	-0.279	-0.429	0.975	0.568	2.78	"4"
"协议"	0	0	0	5	0	1.08	0.603	0.896	2.115	0.305	-0.529	-0.279	-0.429	1.868	-0.137	3.242	"4"
"占"	0	0	0	1	0	0.216	0.121	0.179	0.423	0.061	-0.106	-0.056	-0.086	0.374	-0.027	0.649	"4"
"占上风"	0	0	0	1	0	0.216	0.121	0.179	0.423	0.061	-0.106	-0.056	-0.086	0.374	-0.027	0.649	"4"
"占便宜"	0	0	0	1	0	0.216	0.121	0.179	0.423	0.061	-0.106	-0.056	-0.086	0.374	-0.027	0.649	"4"
"占据"	0	0	0	2	0	0.432	0.241	0.359	0.846	0.122	-0.211	-0.112	-0.172	0.747	-0.055	1.297	"4"
"占有"	0	0	0	3	0	0.648	0.362	0.538	1.269	0.183	-0.317	-0.167	-0.257	1.121	-0.082	1.944	"4"
"卫冕"	1	0	0	0	0	0.216	0.121	0.179	0.423	0.061	0.665	-0.056	-0.086	-0.239	-0.027	1.073	"1"
"卫生"	1	0	0	0	0	0.216	0.121	0.179	0.423	0.061	0.665	-0.056	-0.086	-0.239	-0.027	1.073	"1"
"危及"	0	0	0	1	0	0.216	0.121	0.179	0.423	0.061	-0.106	-0.056	-0.086	0.374	-0.027	0.649	"4"
"历任"	0	1	0	0	0	0.216	0.121	0.179	0.423	0.061	-0.106	0.919	-0.086	-0.239	-0.027	1.377	"2"
"历史"	0	2	0	5	1	1.729	0.965	1.434	3.384	0.488	-0.846	0.602	-0.686	0.675	0.402	3.211	"1"
"原住"	0	0	0	2	0	0.432	0.241	0.359	0.846	0.122	-0.211	-0.112	-0.172	0.747	-0.055	1.297	"4"
"原住民"	0	0	0	2	0	0.432	0.241	0.359	0.846	0.122	-0.211	-0.112	-0.172	0.747	-0.055	1.297	"4"
"原民"	0	0	0	1	0	0.216	0.121	0.179	0.423	0.061	-0.106	-0.056	-0.086	0.374	-0.027	0.649	"4"
"参"	2	0	0	0	0	0.432	0.241	0.359	0.846	0.122	1.331	-0.112	-0.172	-0.478	-0.055	2.148	"1"
"参与"	1	0	0	0	0	0.216	0.121	0.179	0.423	0.061	0.665	-0.056	-0.086	-0.239	-0.027	1.073	"1"
"参加"	9	0	1	1	0	2.377	1.327	1.972	4.653	0.672	4.436	-0.614	-0.412	-1.67	-0.301	7.433	"1"
"参议院"	0	0	0	1	0	0.216	0.121	0.179	0.423	0.061	-0.106	-0.056	-0.086	0.374	-0.027	0.649	"4"
"参院"	0	1	0	1	0	0.432	0.241	0.359	0.846	0.122	-0.211	0.645	-0.172	0.176	-0.055	1.259	"2"
"友情"	1	0	0	0	0	0.216	0.121	0.179	0.423	0.061	0.665	-0.056	-0.086	-0.239	-0.027	1.073	"1"
"双重"	0	1	0	0	0	0.216	0.121	0.179	0.423	0.061	-0.106	0.919	-0.086	-0.239	-0.027	1.377	"2"
"反观"	0	0	0	1	0	0.216	0.121	0.179	0.423	0.061	-0.106	-0.056	-0.086	0.374	-0.027	0.649	"4"
"反黑金"	0	0	0	1	0	0.216	0.121	0.179	0.423	0.061	-0.106	-0.056	-0.086	0.374	-0.027	0.649	"4"
"发射场"	0	0	0	1	0	0.216	0.121	0.179	0.423	0.061	-0.106	-0.056	-0.086	0.374	-0.027	0.649	"4"
"发言"	0	1	0	0	0	0.216	0.121	0.179	0.423	0.061	-0.106	0.919	-0.086	-0.239	-0.027	1.377	"2"
"发言权"	0	0	0	1	0	0.216	0.121	0.179	0.423	0.061	-0.106	-0.056	-0.086	0.374	-0.027	0.649	"4"
"取代"	0	0	0	5	0	1.08	0.603	0.896	2.115	0.305	-0.529	-0.279	-0.429	1.868	-0.137	3.242	"4"
"取得"	1	0	0	4	1	1.297	0.724	1.076	2.538	0.366	-0.211	-0.335	-0.515	0.673	0.502	2.236	"4"
"受养人"	1	0	0	0	0	0.216	0.121	0.179	0.423	0.061	0.665	-0.056	-0.086	-0.239	-0.027	1.073	"1"
"受到"	0	0	0	4	0	0.864	0.483	0.717	1.692	0.244	-0.423	-0.223	-0.343	1.495	-0.109	2.593	"4"
"受害者"	0	0	1	0	0	0.216	0.121	0.179	0.423	0.061	-0.106	-0.056	0.747	-0.239	-0.027	1.175	"3"
"受损"	0	1	0	0	0	0.216	0.121	0.179	0.423	0.061	-0.106	0.919	-0.086	-0.239	-0.027	1.377	"2"
"变换"	0	2	0	0	0	0.432	0.241	0.359	0.846	0.122	-0.211	1.837	-0.172	-0.478	-0.055	2.753	"2"
"口实"	0	1	0	0	0	0.216	0.121	0.179	0.423	0.061	-0.106	0.919	-0.086	-0.239	-0.027	1.377	"2"
"召集人"	1	0	0	0	0	0.216	0.121	0.179	0.423	0.061	0.665	-0.056	-0.086	-0.239	-0.027	1.073	"1"
"台北市文"	1	0	0	0	0	0.216	0.121	0.179	0.423	0.061	0.665	-0.056	-0.086	-0.239	-0.027	1.073	"1"
"台大"	1	0	0	0	0	0.216	0.121	0.179	0.423	0.061	0.665	-0.056	-0.086	-0.239	-0.027	1.073	"1"
"台湾"	3	1	0	14	0	3.89	2.172	3.227	7.613	1.099	-0.363	-0.465	-1.544	2.613	-0.492	5.477	"4"
"台湾国"	0	0	0	1	0	0.216	0.121	0.179	0.423	0.061	-0.106	-0.056	-0.086	0.374	-0.027	0.649	"4"
"史"	0	0	0	1	0	0.216	0.121	0.179	0.423	0.061	-0.106	-0.056	-0.086	0.374	-0.027	0.649	"4"
"史氏"	0	1	0	0	0	0.216	0.121	0.179	0.423	0.061	-0.106	0.919	-0.086	-0.239	-0.027	1.377	"2"
"号码"	0	0	2	0	0	0.432	0.241	0.359	0.846	0.122	-0.211	-0.112	1.493	-0.478	-0.055	2.349	"3"
"司机"	1	0	1	0	0	0.432	0.241	0.359	0.846	0.122	0.414	-0.112	0.486	-0.478	-0.055	1.545	"3"
"合作社"	0	0	1	0	0	0.216	0.121	0.179	0.423	0.061	-0.106	-0.056	0.747	-0.239	-0.027	1.175	"3"
"合法"	0	0	1	1	0	0.432	0.241	0.359	0.846	0.122	-0.211	-0.112	0.486	0.176	-0.055	1.04	"3"
"同等"	0	0	0	2	0	0.432	0.241	0.359	0.846	0.122	-0.211	-0.112	-0.172	0.747	-0.055	1.297	"4"
"同行业"	0	0	0	1	0	0.216	0.121	0.179	0.423	0.061	-0.106	-0.056	-0.086	0.374	-0.027	0.649	"4"
"名"	7	0	13	0	0	4.322	2.413	3.585	8.459	1.221	0.918	-1.117	5.367	-4.776	-0.547	12.725	"3"
"名字"	1	1	1	1	0	0.864	0.483	0.717	1.692	0.244	0.206	0.396	0.263	-0.361	-0.109	1.335	"2"
"名目"	0	1	0	0	0	0.216	0.121	0.179	0.423	0.061	-0.106	0.919	-0.086	-0.239	-0.027	1.377	"2"
"名誉"	0	1	0	0	0	0.216	0.121	0.179	0.423	0.061	-0.106	0.919	-0.086	-0.239	-0.027	1.377	"2"
"吻"	0	1	0	0	0	0.216	0.121	0.179	0.423	0.061	-0.106	0.919	-0.086	-0.239	-0.027	1.377	"2"
"员"	1	0	0	0	0	0.216	0.121	0.179	0.423	0.061	0.665	-0.056	-0.086	-0.239	-0.027	1.073	"1"
"周芝茂"	0	0	0	1	0	0.216	0.121	0.179	0.423	0.061	-0.106	-0.056	-0.086	0.374	-0.027	0.649	"4"
"唯一"	0	0	0	1	0	0.216	0.121	0.179	0.423	0.061	-0.106	-0.056	-0.086	0.374	-0.027	0.649	"4"
"唯独"	0	0	1	0	0	0.216	0.121	0.179	0.423	0.061	-0.106	-0.056	0.747	-0.239	-0.027	1.175	"3"
"商港"	0	1	0	0	0	0.216	0.121	0.179	0.423	0.061	-0.106	0.919	-0.086	-0.239	-0.027	1.377	"2"
"嘉宾"	1	0	0	0	0	0.216	0.121	0.179	0.423	0.061	0.665	-0.056	-0.086	-0.239	-0.027	1.073	"1"
"回头"	0	1	0	0	0	0.216	0.121	0.179	0.423	0.061	-0.106	0.919	-0.086	-0.239	-0.027	1.377	"2"
"园寝"	0	0	0	1	0	0.216	0.121	0.179	0.423	0.061	-0.106	-0.056	-0.086	0.374	-0.027	0.649	"4"
"固网"	0	0	0	1	0	0.216	0.121	0.179	0.423	0.061	-0.106	-0.056	-0.086	0.374	-0.027	0.649	"4"
"国宾"	1	0	0	0	0	0.216	0.121	0.179	0.423	0.061	0.665	-0.056	-0.086	-0.239	-0.027	1.073	"1"
"国民党"	2	0	0	0	0	0.432	0.241	0.359	0.846	0.122	1.331	-0.112	-0.172	-0.478	-0.055	2.148	"1"
"国税局"	0	2	0	1	0	0.648	0.362	0.538	1.269	0.183	-0.317	1.396	-0.257	-0.211	-0.082	2.263	"2"
"国锋报"	1	0	0	0	0	0.216	0.121	0.179	0.423	0.061	0.665	-0.056	-0.086	-0.239	-0.027	1.073	"1"
"国际"	0	1	0	29	1	6.699	3.74	5.557	13.112	1.892	-3.278	-1.01	-2.66	8.626	-0.369	15.943	"4"
"国际歌"	0	0	0	1	0	0.216	0.121	0.179	0.423	0.061	-0.106	-0.056	-0.086	0.374	-0.027	0.649	"4"
"国际组"	0	0	0	2	0	0.432	0.241	0.359	0.846	0.122	-0.211	-0.112	-0.172	0.747	-0.055	1.297	"4"
"国际象棋"	0	0	0	1	0	0.216	0.121	0.179	0.423	0.061	-0.106	-0.056	-0.086	0.374	-0.027	0.649	"4"
"在"	0	0	0	3	1	0.864	0.483	0.717	1.692	0.244	-0.423	-0.223	-0.343	0.685	0.652	2.326	"4"
"地位"	0	1	0	0	0	0.216	0.121	0.179	0.423	0.061	-0.106	0.919	-0.086	-0.239	-0.027	1.377	"2"
"地利"	0	0	0	1	0	0.216	0.121	0.179	0.423	0.061	-0.106	-0.056	-0.086	0.374	-0.027	0.649	"4"
"地理"	0	0	0	1	0	0.216	0.121	0.179	0.423	0.061	-0.106	-0.056	-0.086	0.374	-0.027	0.649	"4"
"坎特"	0	0	0	1	0	0.216	0.121	0.179	0.423	0.061	-0.106	-0.056	-0.086	0.374	-0.027	0.649	"4"
"坛"	0	0	0	1	0	0.216	0.121	0.179	0.423	0.061	-0.106	-0.056	-0.086	0.374	-0.027	0.649	"4"
"坠"	0	1	0	0	0	0.216	0.121	0.179	0.423	0.061	-0.106	0.919	-0.086	-0.239	-0.027	1.377	"2"
"垄"	0	0	0	1	0	0.216	0.121	0.179	0.423	0.061	-0.106	-0.056	-0.086	0.374	-0.027	0.649	"4"
"垄断"	0	0	0	4	0	0.864	0.483	0.717	1.692	0.244	-0.423	-0.223	-0.343	1.495	-0.109	2.593	"4"
"埃利斯"	0	0	1	0	0	0.216	0.121	0.179	0.423	0.061	-0.106	-0.056	0.747	-0.239	-0.027	1.175	"3"
"基础"	0	0	0	12	0	2.593	1.448	2.151	5.076	0.733	-1.269	-0.67	-1.03	4.484	-0.328	7.781	"4"
"境外"	0	0	1	0	0	0.216	0.121	0.179	0.423	0.061	-0.106	-0.056	0.747	-0.239	-0.027	1.175	"3"
"墓葬"	0	1	0	0	0	0.216	0.121	0.179	0.423	0.061	-0.106	0.919	-0.086	-0.239	-0.027	1.377	"2"
"墓道"	0	1	0	0	0	0.216	0.121	0.179	0.423	0.061	-0.106	0.919	-0.086	-0.239	-0.027	1.377	"2"
"增减"	0	0	0	0	1	0.216	0.121	0.179	0.423	0.061	-0.106	-0.056	-0.086	-0.239	1.214	1.701	"5"
"增强"	0	0	0	1	0	0.216	0.121	0.179	0.423	0.061	-0.106	-0.056	-0.086	0.374	-0.027	0.649	"4"
"增速"	0	0	0	1	0	0.216	0.121	0.179	0.423	0.061	-0.106	-0.056	-0.086	0.374	-0.027	0.649	"4"
"声望"	0	1	0	0	0	0.216	0.121	0.179	0.423	0.061	-0.106	0.919	-0.086	-0.239	-0.027	1.377	"2"
"声誉"	0	0	0	1	0	0.216	0.121	0.179	0.423	0.061	-0.106	-0.056	-0.086	0.374	-0.027	0.649	"4"
"处"	0	0	0	1	1	0.432	0.241	0.359	0.846	0.122	-0.211	-0.112	-0.172	0.176	0.927	1.598	"5"
"处于"	0	0	0	1	20	4.538	2.533	3.765	8.882	1.282	-2.22	-1.172	-1.802	-3.8	22.991	31.985	"5"
"处在"	0	0	0	0	1	0.216	0.121	0.179	0.423	0.061	-0.106	-0.056	-0.086	-0.239	1.214	1.701	"5"
"处心积虑"	0	1	0	0	0	0.216	0.121	0.179	0.423	0.061	-0.106	0.919	-0.086	-0.239	-0.027	1.377	"2"
"处长"	0	0	0	1	0	0.216	0.121	0.179	0.423	0.061	-0.106	-0.056	-0.086	0.374	-0.027	0.649	"4"
"复赛"	2	0	0	0	0	0.432	0.241	0.359	0.846	0.122	1.331	-0.112	-0.172	-0.478	-0.055	2.148	"1"
"外交"	0	0	0	1	0	0.216	0.121	0.179	0.423	0.061	-0.106	-0.056	-0.086	0.374	-0.027	0.649	"4"
"外交官"	0	1	0	0	0	0.216	0.121	0.179	0.423	0.061	-0.106	0.919	-0.086	-0.239	-0.027	1.377	"2"
"外人"	0	0	1	0	0	0.216	0.121	0.179	0.423	0.061	-0.106	-0.056	0.747	-0.239	-0.027	1.175	"3"
"外国人"	0	0	2	0	0	0.432	0.241	0.359	0.846	0.122	-0.211	-0.112	1.493	-0.478	-0.055	2.349	"3"
"外援"	0	0	1	0	0	0.216	0.121	0.179	0.423	0.061	-0.106	-0.056	0.747	-0.239	-0.027	1.175	"3"
"多数"	0	1	0	3	0	0.864	0.483	0.717	1.692	0.244	-0.423	0.396	-0.343	0.685	-0.109	1.956	"4"
"多重"	0	1	0	0	0	0.216	0.121	0.179	0.423	0.061	-0.106	0.919	-0.086	-0.239	-0.027	1.377	"2"
"大会"	3	0	0	0	0	0.648	0.362	0.538	1.269	0.183	1.996	-0.167	-0.257	-0.716	-0.082	3.218	"1"
"大佬"	1	0	0	0	0	0.216	0.121	0.179	0.423	0.061	0.665	-0.056	-0.086	-0.239	-0.027	1.073	"1"
"大使"	0	0	2	0	0	0.432	0.241	0.359	0.846	0.122	-0.211	-0.112	1.493	-0.478	-0.055	2.349	"3"
"大刀阔斧"	0	0	0	1	0	0.216	0.121	0.179	0.423	0.061	-0.106	-0.056	-0.086	0.374	-0.027	0.649	"4"
"大发"	0	0	1	0	0	0.216	0.121	0.179	0.423	0.061	-0.106	-0.056	0.747	-0.239	-0.027	1.175	"3"
"大哥"	0	0	0	1	0	0.216	0.121	0.179	0.423	0.061	-0.106	-0.056	-0.086	0.374	-0.027	0.649	"4"
"大国"	0	0	0	7	0	1.513	0.844	1.255	2.961	0.427	-0.74	-0.391	-0.601	2.616	-0.191	4.539	"4"
"大大"	0	0	0	1	0	0.216	0.121	0.179	0.423	0.061	-0.106	-0.056	-0.086	0.374	-0.027	0.649	"4"
"大律师"	0	1	0	0	0	0.216	0.121	0.179	0.423	0.061	-0.106	0.919	-0.086	-0.239	-0.027	1.377	"2"
"天帝"	0	0	0	1	0	0.216	0.121	0.179	0.423	0.061	-0.106	-0.056	-0.086	0.374	-0.027	0.649	"4"
"天神"	0	0	0	1	0	0.216	0.121	0.179	0.423	0.061	-0.106	-0.056	-0.086	0.374	-0.027	0.649	"4"
"天鹅"	0	0	1	0	0	0.216	0.121	0.179	0.423	0.061	-0.106	-0.056	0.747	-0.239	-0.027	1.175	"3"
"夫人"	1	0	0	0	0	0.216	0.121	0.179	0.423	0.061	0.665	-0.056	-0.086	-0.239	-0.027	1.073	"1"
"失去"	0	1	0	0	0	0.216	0.121	0.179	0.423	0.061	-0.106	0.919	-0.086	-0.239	-0.027	1.377	"2"
"头寸"	0	0	0	1	0	0.216	0.121	0.179	0.423	0.061	-0.106	-0.056	-0.086	0.374	-0.027	0.649	"4"
"头目"	1	0	0	0	0	0.216	0.121	0.179	0.423	0.061	0.665	-0.056	-0.086	-0.239	-0.027	1.073	"1"
"头蟀"	1	0	0	0	0	0.216	0.121	0.179	0.423	0.061	0.665	-0.056	-0.086	-0.239	-0.027	1.073	"1"
"奉行"	0	0	0	2	0	0.432	0.241	0.359	0.846	0.122	-0.211	-0.112	-0.172	0.747	-0.055	1.297	"4"
"奖学金"	0	4	0	0	0	0.864	0.483	0.717	1.692	0.244	-0.423	3.674	-0.343	-0.955	-0.109	5.504	"2"
"奠定"	0	1	0	1	0	0.432	0.241	0.359	0.846	0.122	-0.211	0.645	-0.172	0.176	-0.055	1.259	"2"
"女"	0	0	1	0	0	0.216	0.121	0.179	0.423	0.061	-0.106	-0.056	0.747	-0.239	-0.027	1.175	"3"
"女主人"	1	0	0	0	0	0.216	0.121	0.179	0.423	0.061	0.665	-0.056	-0.086	-0.239	-0.027	1.073	"1"
"女子"	1	0	1	0	0	0.432	0.241	0.359	0.846	0.122	0.414	-0.112	0.486	-0.478	-0.055	1.545	"3"
"女性"	0	0	0	3	2	1.08	0.603	0.896	2.115	0.305	-0.529	-0.279	-0.429	0.446	1.483	3.166	"5"
"好友"	1	0	0	0	0	0.216	0.121	0.179	0.423	0.061	0.665	-0.056	-0.086	-0.239	-0.027	1.073	"1"
"妇女"	0	0	0	2	0	0.432	0.241	0.359	0.846	0.122	-0.211	-0.112	-0.172	0.747	-0.055	1.297	"4"
"委员"	0	0	1	0	0	0.216	0.121	0.179	0.423	0.061	-0.106	-0.056	0.747	-0.239	-0.027	1.175	"3"
"威胁"	0	1	0	2	0	0.648	0.362	0.538	1.269	0.183	-0.317	0.495	-0.257	0.414	-0.082	1.565	"2"
"嫌"	0	0	1	0	0	0.216	0.121	0.179	0.423	0.061	-0.106	-0.056	0.747	-0.239	-0.027	1.175	"3"
"嫌犯"	0	0	2	0	0	0.432	0.241	0.359	0.846	0.122	-0.211	-0.112	1.493	-0.478	-0.055	2.349	"3"
"嫌疑人"	0	0	1	0	0	0.216	0.121	0.179	0.423	0.061	-0.106	-0.056	0.747	-0.239	-0.027	1.175	"3"
"子女"	0	0	0	1	0	0.216	0.121	0.179	0.423	0.061	-0.106	-0.056	-0.086	0.374	-0.027	0.649	"4"
"孙佳君"	1	0	0	0	0	0.216	0.121	0.179	0.423	0.061	0.665	-0.056	-0.086	-0.239	-0.027	1.073	"1"
"孤立"	0	0	0	0	1	0.216	0.121	0.179	0.423	0.061	-0.106	-0.056	-0.086	-0.239	1.214	1.701	"5"
"学术"	0	0	0	1	0	0.216	0.121	0.179	0.423	0.061	-0.106	-0.056	-0.086	0.374	-0.027	0.649	"4"
"学者"	2	0	1	0	0	0.648	0.362	0.538	1.269	0.183	0.921	-0.167	0.35	-0.716	-0.082	2.236	"1"
"安曼"	0	0	1	0	0	0.216	0.121	0.179	0.423	0.061	-0.106	-0.056	0.747	-0.239	-0.027	1.175	"3"
"宋慧乔"	0	1	0	0	0	0.216	0.121	0.179	0.423	0.061	-0.106	0.919	-0.086	-0.239	-0.027	1.377	"2"
"宗主国"	0	0	0	1	0	0.216	0.121	0.179	0.423	0.061	-0.106	-0.056	-0.086	0.374	-0.027	0.649	"4"
"官方"	0	0	2	0	0	0.432	0.241	0.359	0.846	0.122	-0.211	-0.112	1.493	-0.478	-0.055	2.349	"3"
"定位"	0	0	0	1	0	0.216	0.121	0.179	0.423	0.061	-0.106	-0.056	-0.086	0.374	-0.027	0.649	"4"
"定居点"	0	0	0	1	0	0.216	0.121	0.179	0.423	0.061	-0.106	-0.056	-0.086	0.374	-0.027	0.649	"4"
"实体"	0	0	0	1	0	0.216	0.121	0.179	0.423	0.061	-0.106	-0.056	-0.086	0.374	-0.027	0.649	"4"
"实力"	0	0	0	1	0	0.216	0.121	0.179	0.423	0.061	-0.106	-0.056	-0.086	0.374	-0.027	0.649	"4"
"实质"	0	0	0	4	0	0.864	0.483	0.717	1.692	0.244	-0.423	-0.223	-0.343	1.495	-0.109	2.593	"4"
"客"	0	1	0	0	0	0.216	0.121	0.179	0.423	0.061	-0.106	0.919	-0.086	-0.239	-0.027	1.377	"2"
"客串"	1	0	0	0	0	0.216	0.121	0.179	0.423	0.061	0.665	-0.056	-0.086	-0.239	-0.027	1.073	"1"
"客属"	1	0	0	0	0	0.216	0.121	0.179	0.423	0.061	0.665	-0.056	-0.086	-0.239	-0.027	1.073	"1"
"宣传片"	0	0	0	1	0	0.216	0.121	0.179	0.423	0.061	-0.106	-0.056	-0.086	0.374	-0.027	0.649	"4"
"宰杀"	0	1	0	0	0	0.216	0.121	0.179	0.423	0.061	-0.106	0.919	-0.086	-0.239	-0.027	1.377	"2"
"容器"	0	1	0	0	0	0.216	0.121	0.179	0.423	0.061	-0.106	0.919	-0.086	-0.239	-0.027	1.377	"2"
"宾"	1	0	0	0	0	0.216	0.121	0.179	0.423	0.061	0.665	-0.056	-0.086	-0.239	-0.027	1.073	"1"
"察"	0	1	0	0	0	0.216	0.121	0.179	0.423	0.061	-0.106	0.919	-0.086	-0.239	-0.027	1.377	"2"
"对"	0	0	0	1	0	0.216	0.121	0.179	0.423	0.061	-0.106	-0.056	-0.086	0.374	-0.027	0.649	"4"
"对等"	0	0	0	1	0	0.216	0.121	0.179	0.423	0.061	-0.106	-0.056	-0.086	0.374	-0.027	0.649	"4"
"对调"	0	1	0	0	0	0.216	0.121	0.179	0.423	0.061	-0.106	0.919	-0.086	-0.239	-0.027	1.377	"2"
"封面女"	0	1	0	0	0	0.216	0.121	0.179	0.423	0.061	-0.106	0.919	-0.086	-0.239	-0.027	1.377	"2"
"尊严"	0	1	0	0	0	0.216	0.121	0.179	0.423	0.061	-0.106	0.919	-0.086	-0.239	-0.027	1.377	"2"
"小康社会"	0	0	0	1	0	0.216	0.121	0.179	0.423	0.061	-0.106	-0.056	-0.086	0.374	-0.027	0.649	"4"
"小文"	0	1	0	0	0	0.216	0.121	0.179	0.423	0.061	-0.106	0.919	-0.086	-0.239	-0.027	1.377	"2"
"小组"	3	0	0	0	0	0.648	0.362	0.538	1.269	0.183	1.996	-0.167	-0.257	-0.716	-0.082	3.218	"1"
"尚未"	0	0	1	0	0	0.216	0.121	0.179	0.423	0.061	-0.106	-0.056	0.747	-0.239	-0.027	1.175	"3"
"就职"	0	1	0	0	0	0.216	0.121	0.179	0.423	0.061	-0.106	0.919	-0.086	-0.239	-0.027	1.377	"2"
"尴尬"	0	0	0	0	1	0.216	0.121	0.179	0.423	0.061	-0.106	-0.056	-0.086	-0.239	1.214	1.701	"5"
"尸"	0	0	1	0	0	0.216	0.121	0.179	0.423	0.061	-0.106	-0.056	0.747	-0.239	-0.027	1.175	"3"
"尸体"	0	0	3	0	0	0.648	0.362	0.538	1.269	0.183	-0.317	-0.167	2.24	-0.716	-0.082	3.522	"3"
"居"	0	0	0	1	1	0.432	0.241	0.359	0.846	0.122	-0.211	-0.112	-0.172	0.176	0.927	1.598	"5"
"居于"	0	0	0	3	0	0.648	0.362	0.538	1.269	0.183	-0.317	-0.167	-0.257	1.121	-0.082	1.944	"4"
"居民"	0	0	2	0	0	0.432	0.241	0.359	0.846	0.122	-0.211	-0.112	1.493	-0.478	-0.055	2.349	"3"
"居留"	0	0	1	0	0	0.216	0.121	0.179	0.423	0.061	-0.106	-0.056	0.747	-0.239	-0.027	1.175	"3"
"履行"	1	0	0	0	0	0.216	0.121	0.179	0.423	0.061	0.665	-0.056	-0.086	-0.239	-0.027	1.073	"1"
"岌岌可危"	0	1	0	0	0	0.216	0.121	0.179	0.423	0.061	-0.106	0.919	-0.086	-0.239	-0.027	1.377	"2"
"崇高"	0	2	0	1	0	0.648	0.362	0.538	1.269	0.183	-0.317	1.396	-0.257	-0.211	-0.082	2.263	"2"
"崛起"	0	0	0	1	0	0.216	0.121	0.179	0.423	0.061	-0.106	-0.056	-0.086	0.374	-0.027	0.649	"4"
"州议员"	0	0	1	0	0	0.216	0.121	0.179	0.423	0.061	-0.106	-0.056	0.747	-0.239	-0.027	1.175	"3"
"工厂化"	0	1	0	0	0	0.216	0.121	0.179	0.423	0.061	-0.106	0.919	-0.086	-0.239	-0.027	1.377	"2"
"工头"	1	0	0	0	0	0.216	0.121	0.179	0.423	0.061	0.665	-0.056	-0.086	-0.239	-0.027	1.073	"1"
"巩固"	0	0	0	7	0	1.513	0.844	1.255	2.961	0.427	-0.74	-0.391	-0.601	2.616	-0.191	4.539	"4"
"差别"	0	1	0	0	0	0.216	0.121	0.179	0.423	0.061	-0.106	0.919	-0.086	-0.239	-0.027	1.377	"2"
"巴"	0	0	0	2	0	0.432	0.241	0.359	0.846	0.122	-0.211	-0.112	-0.172	0.747	-0.055	1.297	"4"
"巴勒"	0	0	0	1	0	0.216	0.121	0.179	0.423	0.061	-0.106	-0.056	-0.086	0.374	-0.027	0.649	"4"
"巴勒斯坦国"	0	0	0	1	0	0.216	0.121	0.179	0.423	0.061	-0.106	-0.056	-0.086	0.374	-0.027	0.649	"4"
"市场"	0	0	0	9	1	2.161	1.206	1.793	4.23	0.61	-1.057	-0.558	-0.858	2.571	0.33	5.374	"4"
"市郊"	0	1	0	0	0	0.216	0.121	0.179	0.423	0.061	-0.106	0.919	-0.086	-0.239	-0.027	1.377	"2"
"市长"	1	0	0	0	0	0.216	0.121	0.179	0.423	0.061	0.665	-0.056	-0.086	-0.239	-0.027	1.073	"1"
"布莱尔"	0	0	0	1	0	0.216	0.121	0.179	0.423	0.061	-0.106	-0.056	-0.086	0.374	-0.027	0.649	"4"
"布袋戏"	0	2	0	0	0	0.432	0.241	0.359	0.846	0.122	-0.211	1.837	-0.172	-0.478	-0.055	2.753	"2"
"师"	0	0	1	0	0	0.216	0.121	0.179	0.423	0.061	-0.106	-0.056	0.747	-0.239	-0.027	1.175	"3"
"希德"	0	1	0	0	0	0.216	0.121	0.179	0.423	0.061	-0.106	0.919	-0.086	-0.239	-0.027	1.377	"2"
"希腊"	1	0	0	0	0	0.216	0.121	0.179	0.423	0.061	0.665	-0.056	-0.086	-0.239	-0.027	1.073	"1"
"帛"	1	0	0	0	0	0.216	0.121	0.179	0.423	0.061	0.665	-0.056	-0.086	-0.239	-0.027	1.073	"1"
"席"	3	0	0	1	0	0.864	0.483	0.717	1.692	0.244	1.471	-0.223	-0.343	-0.361	-0.109	2.507	"1"
"常任"	0	0	0	1	0	0.216	0.121	0.179	0.423	0.061	-0.106	-0.056	-0.086	0.374	-0.027	0.649	"4"
"幕后"	0	0	3	0	0	0.648	0.362	0.538	1.269	0.183	-0.317	-0.167	2.24	-0.716	-0.082	3.522	"3"
"幕末"	0	1	0	0	0	0.216	0.121	0.179	0.423	0.061	-0.106	0.919	-0.086	-0.239	-0.027	1.377	"2"
"干涉"	1	0	0	0	0	0.216	0.121	0.179	0.423	0.061	0.665	-0.056	-0.086	-0.239	-0.027	1.073	"1"
"平凡"	0	0	0	1	0	0.216	0.121	0.179	0.423	0.061	-0.106	-0.056	-0.086	0.374	-0.027	0.649	"4"
"平等"	0	1	0	0	0	0.216	0.121	0.179	0.423	0.061	-0.106	0.919	-0.086	-0.239	-0.027	1.377	"2"
"年会"	0	0	0	1	0	0.216	0.121	0.179	0.423	0.061	-0.106	-0.056	-0.086	0.374	-0.027	0.649	"4"
"廷"	0	1	0	0	0	0.216	0.121	0.179	0.423	0.061	-0.106	0.919	-0.086	-0.239	-0.027	1.377	"2"
"建国党"	0	1	0	0	0	0.216	0.121	0.179	0.423	0.061	-0.106	0.919	-0.086	-0.239	-0.027	1.377	"2"
"建成"	0	0	0	0	1	0.216	0.121	0.179	0.423	0.061	-0.106	-0.056	-0.086	-0.239	1.214	1.701	"5"
"开枪"	0	0	1	0	0	0.216	0.121	0.179	0.423	0.061	-0.106	-0.056	0.747	-0.239	-0.027	1.175	"3"
"异性"	1	0	0	0	0	0.216	0.121	0.179	0.423	0.061	0.665	-0.056	-0.086	-0.239	-0.027	1.073	"1"
"弄"	0	0	0	1	0	0.216	0.121	0.179	0.423	0.061	-0.106	-0.056	-0.086	0.374	-0.027	0.649	"4"
"式微"	0	0	0	1	0	0.216	0.121	0.179	0.423	0.061	-0.106	-0.056	-0.086	0.374	-0.027	0.649	"4"
"弟"	0	0	1	0	0	0.216	0.121	0.179	0.423	0.061	-0.106	-0.056	0.747	-0.239	-0.027	1.175	"3"
"张柏芝"	0	1	0	0	0	0.216	0.121	0.179	0.423	0.061	-0.106	0.919	-0.086	-0.239	-0.027	1.377	"2"
"弱势"	0	0	0	1	2	0.648	0.362	0.538	1.269	0.183	-0.317	-0.167	-0.257	-0.211	1.97	2.922	"5"
"强大"	0	0	0	2	0	0.432	0.241	0.359	0.846	0.122	-0.211	-0.112	-0.172	0.747	-0.055	1.297	"4"
"强权"	0	1	0	0	0	0.216	0.121	0.179	0.423	0.061	-0.106	0.919	-0.086	-0.239	-0.027	1.377	"2"
"当事者"	1	0	0	0	0	0.216	0.121	0.179	0.423	0.061	0.665	-0.056	-0.086	-0.239	-0.027	1.073	"1"
"当选人"	1	0	0	0	0	0.216	0.121	0.179	0.423	0.061	0.665	-0.056	-0.086	-0.239	-0.027	1.073	"1"
"形容为"	0	0	0	1	0	0.216	0.121	0.179	0.423	0.061	-0.106	-0.056	-0.086	0.374	-0.027	0.649	"4"
"形式化"	0	1	0	0	0	0.216	0.121	0.179	0.423	0.061	-0.106	0.919	-0.086	-0.239	-0.027	1.377	"2"
"形象"	0	0	0	1	0	0.216	0.121	0.179	0.423	0.061	-0.106	-0.056	-0.086	0.374	-0.027	0.649	"4"
"彭州"	0	0	0	1	0	0.216	0.121	0.179	0.423	0.061	-0.106	-0.056	-0.086	0.374	-0.027	0.649	"4"
"影响力"	0	0	0	1	0	0.216	0.121	0.179	0.423	0.061	-0.106	-0.056	-0.086	0.374	-0.027	0.649	"4"
"影坛"	0	1	0	0	0	0.216	0.121	0.179	0.423	0.061	-0.106	0.919	-0.086	-0.239	-0.027	1.377	"2"
"役男"	1	0	0	0	0	0.216	0.121	0.179	0.423	0.061	0.665	-0.056	-0.086	-0.239	-0.027	1.073	"1"
"律"	1	0	0	0	0	0.216	0.121	0.179	0.423	0.061	0.665	-0.056	-0.086	-0.239	-0.027	1.073	"1"
"徐松奎"	0	0	1	0	0	0.216	0.121	0.179	0.423	0.061	-0.106	-0.056	0.747	-0.239	-0.027	1.175	"3"
"得到"	0	0	0	5	0	1.08	0.603	0.896	2.115	0.305	-0.529	-0.279	-0.429	1.868	-0.137	3.242	"4"
"微妙"	0	0	0	1	0	0.216	0.121	0.179	0.423	0.061	-0.106	-0.056	-0.086	0.374	-0.027	0.649	"4"
"微软"	0	0	0	4	0	0.864	0.483	0.717	1.692	0.244	-0.423	-0.223	-0.343	1.495	-0.109	2.593	"4"
"心目中"	0	0	0	1	0	0.216	0.121	0.179	0.423	0.061	-0.106	-0.056	-0.086	0.374	-0.027	0.649	"4"
"忽"	0	0	0	1	0	0.216	0.121	0.179	0.423	0.061	-0.106	-0.056	-0.086	0.374	-0.027	0.649	"4"
"怀疑"	0	0	1	0	0	0.216	0.121	0.179	0.423	0.061	-0.106	-0.056	0.747	-0.239	-0.027	1.175	"3"
"思想"	0	0	0	1	0	0.216	0.121	0.179	0.423	0.061	-0.106	-0.056	-0.086	0.374	-0.027	0.649	"4"
"性别"	0	0	1	0	0	0.216	0.121	0.179	0.423	0.061	-0.106	-0.056	0.747	-0.239	-0.027	1.175	"3"
"性感"	0	1	0	0	0	0.216	0.121	0.179	0.423	0.061	-0.106	0.919	-0.086	-0.239	-0.027	1.377	"2"
"总会"	1	0	0	0	0	0.216	0.121	0.179	0.423	0.061	0.665	-0.056	-0.086	-0.239	-0.027	1.073	"1"
"总会长"	1	0	0	0	0	0.216	0.121	0.179	0.423	0.061	0.665	-0.056	-0.086	-0.239	-0.027	1.073	"1"
"总经理"	0	1	0	0	0	0.216	0.121	0.179	0.423	0.061	-0.106	0.919	-0.086	-0.239	-0.027	1.377	"2"
"总统"	12	0	0	0	0	2.593	1.448	2.151	5.076	0.733	7.984	-0.67	-1.03	-2.866	-0.328	12.878	"1"
"情报官"	0	0	1	0	0	0.216	0.121	0.179	0.423	0.061	-0.106	-0.056	0.747	-0.239	-0.027	1.175	"3"
"情报局"	0	0	1	0	0	0.216	0.121	0.179	0.423	0.061	-0.106	-0.056	0.747	-0.239	-0.027	1.175	"3"
"惨遭"	0	0	2	0	0	0.432	0.241	0.359	0.846	0.122	-0.211	-0.112	1.493	-0.478	-0.055	2.349	"3"
"意图"	0	0	0	1	0	0.216	0.121	0.179	0.423	0.061	-0.106	-0.056	-0.086	0.374	-0.027	0.649	"4"
"意涵"	0	0	0	1	0	0.216	0.121	0.179	0.423	0.061	-0.106	-0.056	-0.086	0.374	-0.027	0.649	"4"
"成员"	1	0	2	0	0	0.648	0.362	0.538	1.269	0.183	0.285	-0.167	1.071	-0.716	-0.082	2.321	"3"
"成员国"	0	0	0	1	0	0.216	0.121	0.179	0.423	0.061	-0.106	-0.056	-0.086	0.374	-0.027	0.649	"4"
"成就"	0	0	0	1	0	0.216	0.121	0.179	0.423	0.061	-0.106	-0.056	-0.086	0.374	-0.027	0.649	"4"
"或者"	0	0	2	0	0	0.432	0.241	0.359	0.846	0.122	-0.211	-0.112	1.493	-0.478	-0.055	2.349	"3"
"战略"	0	0	0	11	0	2.377	1.327	1.972	4.653	0.672	-1.163	-0.614	-0.944	4.111	-0.301	7.133	"4"
"户口"	0	0	1	0	0	0.216	0.121	0.179	0.423	0.061	-0.106	-0.056	0.747	-0.239	-0.027	1.175	"3"
"打拼"	0	1	0	0	0	0.216	0.121	0.179	0.423	0.061	-0.106	0.919	-0.086	-0.239	-0.027	1.377	"2"
"打破"	0	0	0	2	1	0.648	0.362	0.538	1.269	0.183	-0.317	-0.167	-0.257	0.414	0.764	1.919	"5"
"执政"	0	2	0	0	0	0.432	0.241	0.359	0.846	0.122	-0.211	1.837	-0.172	-0.478	-0.055	2.753	"2"
"执政党"	0	1	0	0	0	0.216	0.121	0.179	0.423	0.061	-0.106	0.919	-0.086	-0.239	-0.027	1.377	"2"
"执着"	0	1	0	0	0	0.216	0.121	0.179	0.423	0.061	-0.106	0.919	-0.086	-0.239	-0.027	1.377	"2"
"扪心自问"	0	1	0	0	0	0.216	0.121	0.179	0.423	0.061	-0.106	0.919	-0.086	-0.239	-0.027	1.377	"2"
"承认"	0	3	0	0	0	0.648	0.362	0.538	1.269	0.183	-0.317	2.756	-0.257	-0.716	-0.082	4.128	"2"
"技术处"	0	0	0	0	1	0.216	0.121	0.179	0.423	0.061	-0.106	-0.056	-0.086	-0.239	1.214	1.701	"5"
"拉力"	1	0	0	0	0	0.216	0.121	0.179	0.423	0.061	0.665	-0.056	-0.086	-0.239	-0.027	1.073	"1"
"拒不"	0	0	1	0	0	0.216	0.121	0.179	0.423	0.061	-0.106	-0.056	0.747	-0.239	-0.027	1.175	"3"
"招呼"	1	0	0	0	0	0.216	0.121	0.179	0.423	0.061	0.665	-0.056	-0.086	-0.239	-0.027	1.073	"1"
"拥有"	0	0	0	1	0	0.216	0.121	0.179	0.423	0.061	-0.106	-0.056	-0.086	0.374	-0.027	0.649	"4"
"拱手让人"	0	1	0	0	0	0.216	0.121	0.179	0.423	0.061	-0.106	0.919	-0.086	-0.239	-0.027	1.377	"2"
"持有人"	0	0	1	0	0	0.216	0.121	0.179	0.423	0.061	-0.106	-0.056	0.747	-0.239	-0.027	1.175	"3"
"持股人"	0	0	1	0	0	0.216	0.121	0.179	0.423	0.061	-0.106	-0.056	0.747	-0.239	-0.027	1.175	"3"
"指定为"	0	1	0	0	0	0.216	0.121	0.179	0.423	0.061	-0.106	0.919	-0.086	-0.239	-0.027	1.377	"2"
"指纹"	0	0	1	0	0	0.216	0.121	0.179	0.423	0.061	-0.106	-0.056	0.747	-0.239	-0.027	1.175	"3"
"挑战"	0	1	0	3	1	1.08	0.603	0.896	2.115	0.305	-0.529	0.324	-0.429	0.446	0.568	2.296	"5"
"挥洒"	0	2	0	0	0	0.432	0.241	0.359	0.846	0.122	-0.211	1.837	-0.172	-0.478	-0.055	2.753	"2"
"损害"	0	0	0	1	0	0.216	0.121	0.179	0.423	0.061	-0.106	-0.056	-0.086	0.374	-0.027	0.649	"4"
"换句话说"	0	0	0	1	0	0.216	0.121	0.179	0.423	0.061	-0.106	-0.056	-0.086	0.374	-0.027	0.649	"4"
"据理力争"	0	1	0	0	0	0.216	0.121	0.179	0.423	0.061	-0.106	0.919	-0.086	-0.239	-0.027	1.377	"2"
"掌握"	0	0	3	0	0	0.648	0.362	0.538	1.269	0.183	-0.317	-0.167	2.24	-0.716	-0.082	3.522	"3"
"推移"	0	0	0	1	0	0.216	0.121	0.179	0.423	0.061	-0.106	-0.056	-0.086	0.374	-0.027	0.649	"4"
"推迟"	0	0	0	1	0	0.216	0.121	0.179	0.423	0.061	-0.106	-0.056	-0.086	0.374	-0.027	0.649	"4"
"掩饰"	0	1	0	0	0	0.216	0.121	0.179	0.423	0.061	-0.106	0.919	-0.086	-0.239	-0.027	1.377	"2"
"提升"	0	0	0	6	0	1.297	0.724	1.076	2.538	0.366	-0.634	-0.335	-0.515	2.242	-0.164	3.89	"4"
"提昇"	0	0	0	2	0	0.432	0.241	0.359	0.846	0.122	-0.211	-0.112	-0.172	0.747	-0.055	1.297	"4"
"提请"	1	0	0	0	0	0.216	0.121	0.179	0.423	0.061	0.665	-0.056	-0.086	-0.239	-0.027	1.073	"1"
"提高"	0	0	0	5	0	1.08	0.603	0.896	2.115	0.305	-0.529	-0.279	-0.429	1.868	-0.137	3.242	"4"
"搞清楚"	0	0	0	1	0	0.216	0.121	0.179	0.423	0.061	-0.106	-0.056	-0.086	0.374	-0.027	0.649	"4"
"摆"	0	0	0	1	0	0.216	0.121	0.179	0.423	0.061	-0.106	-0.056	-0.086	0.374	-0.027	0.649	"4"
"摘牌"	1	0	0	0	0	0.216	0.121	0.179	0.423	0.061	0.665	-0.056	-0.086	-0.239	-0.027	1.073	"1"
"撼动"	0	0	0	1	0	0.216	0.121	0.179	0.423	0.061	-0.106	-0.056	-0.086	0.374	-0.027	0.649	"4"
"操纵"	0	0	2	0	0	0.432	0.241	0.359	0.846	0.122	-0.211	-0.112	1.493	-0.478	-0.055	2.349	"3"
"支配"	0	0	0	1	0	0.216	0.121	0.179	0.423	0.061	-0.106	-0.056	-0.086	0.374	-0.027	0.649	"4"
"改变"	0	0	0	3	1	0.864	0.483	0.717	1.692	0.244	-0.423	-0.223	-0.343	0.685	0.652	2.326	"4"
"放在"	0	0	0	2	0	0.432	0.241	0.359	0.846	0.122	-0.211	-0.112	-0.172	0.747	-0.055	1.297	"4"
"政治"	0	0	0	8	0	1.729	0.965	1.434	3.384	0.488	-0.846	-0.447	-0.686	2.99	-0.219	5.188	"4"
"敏感"	0	1	0	0	0	0.216	0.121	0.179	0.423	0.061	-0.106	0.919	-0.086	-0.239	-0.027	1.377	"2"
"敏感性"	0	1	0	0	0	0.216	0.121	0.179	0.423	0.061	-0.106	0.919	-0.086	-0.239	-0.027	1.377	"2"
"教宗"	0	0	0	1	0	0.216	0.121	0.179	0.423	0.061	-0.106	-0.056	-0.086	0.374	-0.027	0.649	"4"
"教授"	2	0	0	0	0	0.432	0.241	0.359	0.846	0.122	1.331	-0.112	-0.172	-0.478	-0.055	2.148	"1"
"教育部长"	2	0	0	0	0	0.432	0.241	0.359	0.846	0.122	1.331	-0.112	-0.172	-0.478	-0.055	2.148	"1"
"敲门"	0	1	0	0	0	0.216	0.121	0.179	0.423	0.061	-0.106	0.919	-0.086	-0.239	-0.027	1.377	"2"
"斐济"	0	0	0	1	0	0.216	0.121	0.179	0.423	0.061	-0.106	-0.056	-0.086	0.374	-0.027	0.649	"4"
"新任"	2	0	0	0	0	0.432	0.241	0.359	0.846	0.122	1.331	-0.112	-0.172	-0.478	-0.055	2.148	"1"
"新加坡人"	0	1	0	0	0	0.216	0.121	0.179	0.423	0.061	-0.106	0.919	-0.086	-0.239	-0.027	1.377	"2"
"新新闻"	1	0	0	0	0	0.216	0.121	0.179	0.423	0.061	0.665	-0.056	-0.086	-0.239	-0.027	1.073	"1"
"新秀"	1	0	0	0	0	0.216	0.121	0.179	0.423	0.061	0.665	-0.056	-0.086	-0.239	-0.027	1.073	"1"
"施舍者"	0	1	0	0	0	0.216	0.121	0.179	0.423	0.061	-0.106	0.919	-0.086	-0.239	-0.027	1.377	"2"
"施若德"	0	0	0	1	0	0.216	0.121	0.179	0.423	0.061	-0.106	-0.056	-0.086	0.374	-0.027	0.649	"4"
"旁听"	1	0	0	0	0	0.216	0.121	0.179	0.423	0.061	0.665	-0.056	-0.086	-0.239	-0.027	1.073	"1"
"旁系"	0	0	1	0	0	0.216	0.121	0.179	0.423	0.061	-0.106	-0.056	0.747	-0.239	-0.027	1.175	"3"
"旅行社"	0	1	0	0	0	0.216	0.121	0.179	0.423	0.061	-0.106	0.919	-0.086	-0.239	-0.027	1.377	"2"
"无助于"	0	0	0	1	0	0.216	0.121	0.179	0.423	0.061	-0.106	-0.056	-0.086	0.374	-0.027	0.649	"4"
"无可"	0	0	0	2	0	0.432	0.241	0.359	0.846	0.122	-0.211	-0.112	-0.172	0.747	-0.055	1.297	"4"
"无法"	0	0	2	0	0	0.432	0.241	0.359	0.846	0.122	-0.211	-0.112	1.493	-0.478	-0.055	2.349	"3"
"日后"	0	0	1	0	0	0.216	0.121	0.179	0.423	0.061	-0.106	-0.056	0.747	-0.239	-0.027	1.175	"3"
"日文"	0	0	0	1	0	0.216	0.121	0.179	0.423	0.061	-0.106	-0.056	-0.086	0.374	-0.027	0.649	"4"
"日本人"	0	0	0	1	0	0.216	0.121	0.179	0.423	0.061	-0.106	-0.056	-0.086	0.374	-0.027	0.649	"4"
"日本国"	1	0	0	0	0	0.216	0.121	0.179	0.423	0.061	0.665	-0.056	-0.086	-0.239	-0.027	1.073	"1"
"时刻"	0	0	0	1	0	0.216	0.121	0.179	0.423	0.061	-0.106	-0.056	-0.086	0.374	-0.027	0.649	"4"
"时常"	0	0	0	1	0	0.216	0.121	0.179	0.423	0.061	-0.106	-0.056	-0.086	0.374	-0.027	0.649	"4"
"明"	0	0	2	0	0	0.432	0.241	0.359	0.846	0.122	-0.211	-0.112	1.493	-0.478	-0.055	2.349	"3"
"明显"	0	1	0	2	1	0.864	0.483	0.717	1.692	0.244	-0.423	0.396	-0.343	0.249	0.652	2.063	"5"
"是以"	6	0	0	0	0	1.297	0.724	1.076	2.538	0.366	3.992	-0.335	-0.515	-1.433	-0.164	6.439	"1"
"显而易见"	0	0	0	0	1	0.216	0.121	0.179	0.423	0.061	-0.106	-0.056	-0.086	-0.239	1.214	1.701	"5"
"显赫"	0	2	0	0	0	0.432	0.241	0.359	0.846	0.122	-0.211	1.837	-0.172	-0.478	-0.055	2.753	"2"
"晋军"	1	0	0	0	0	0.216	0.121	0.179	0.423	0.061	0.665	-0.056	-0.086	-0.239	-0.027	1.073	"1"
"晓得"	0	1	0	0	0	0.216	0.121	0.179	0.423	0.061	-0.106	0.919	-0.086	-0.239	-0.027	1.377	"2"
"普通话"	0	0	0	1	0	0.216	0.121	0.179	0.423	0.061	-0.106	-0.056	-0.086	0.374	-0.027	0.649	"4"
"曝光"	0	1	0	0	0	0.216	0.121	0.179	0.423	0.061	-0.106	0.919	-0.086	-0.239	-0.027	1.377	"2"
"更加"	0	0	0	1	0	0.216	0.121	0.179	0.423	0.061	-0.106	-0.056	-0.086	0.374	-0.027	0.649	"4"
"曾志远"	0	1	0	0	0	0.216	0.121	0.179	0.423	0.061	-0.106	0.919	-0.086	-0.239	-0.027	1.377	"2"
"曾荫权"	0	0	0	1	0	0.216	0.121	0.179	0.423	0.061	-0.106	-0.056	-0.086	0.374	-0.027	0.649	"4"
"替代"	0	0	0	2	0	0.432	0.241	0.359	0.846	0.122	-0.211	-0.112	-0.172	0.747	-0.055	1.297	"4"
"最为"	0	1	0	1	0	0.432	0.241	0.359	0.846	0.122	-0.211	0.645	-0.172	0.176	-0.055	1.259	"2"
"最多"	0	1	0	0	0	0.216	0.121	0.179	0.423	0.061	-0.106	0.919	-0.086	-0.239	-0.027	1.377	"2"
"最终"	0	0	0	4	0	0.864	0.483	0.717	1.692	0.244	-0.423	-0.223	-0.343	1.495	-0.109	2.593	"4"
"有利"	0	0	0	0	1	0.216	0.121	0.179	0.423	0.061	-0.106	-0.056	-0.086	-0.239	1.214	1.701	"5"
"有色"	0	1	0	0	0	0.216	0.121	0.179	0.423	0.061	-0.106	0.919	-0.086	-0.239	-0.027	1.377	"2"
"朋友"	0	1	0	0	0	0.216	0.121	0.179	0.423	0.061	-0.106	0.919	-0.086	-0.239	-0.027	1.377	"2"
"服务处"	1	0	0	0	0	0.216	0.121	0.179	0.423	0.061	0.665	-0.056	-0.086	-0.239	-0.027	1.073	"1"
"末"	0	0	0	1	0	0.216	0.121	0.179	0.423	0.061	-0.106	-0.056	-0.086	0.374	-0.027	0.649	"4"
"本人"	0	0	1	0	0	0.216	0.121	0.179	0.423	0.061	-0.106	-0.056	0.747	-0.239	-0.027	1.175	"3"
"朱志强"	0	1	0	0	0	0.216	0.121	0.179	0.423	0.061	-0.106	0.919	-0.086	-0.239	-0.027	1.377	"2"
"朱邦造"	0	1	0	0	0	0.216	0.121	0.179	0.423	0.061	-0.106	0.919	-0.086	-0.239	-0.027	1.377	"2"
"朱镕基"	1	0	0	0	0	0.216	0.121	0.179	0.423	0.061	0.665	-0.056	-0.086	-0.239	-0.027	1.073	"1"
"权"	0	0	1	2	0	0.648	0.362	0.538	1.269	0.183	-0.317	-0.167	0.35	0.414	-0.082	1.33	"4"
"权力"	0	0	0	3	0	0.648	0.362	0.538	1.269	0.183	-0.317	-0.167	-0.257	1.121	-0.082	1.944	"4"
"权威"	0	1	0	0	1	0.432	0.241	0.359	0.846	0.122	-0.211	0.645	-0.172	-0.478	0.927	2.433	"5"
"权益"	0	1	0	0	0	0.216	0.121	0.179	0.423	0.061	-0.106	0.919	-0.086	-0.239	-0.027	1.377	"2"
"权限"	0	0	0	1	0	0.216	0.121	0.179	0.423	0.061	-0.106	-0.056	-0.086	0.374	-0.027	0.649	"4"
"条约案"	0	0	0	1	0	0.216	0.121	0.179	0.423	0.061	-0.106	-0.056	-0.086	0.374	-0.027	0.649	"4"
"来"	4	0	1	0	0	1.08	0.603	0.896	2.115	0.305	2.045	-0.279	0.202	-1.194	-0.137	3.857	"1"
"来人"	1	0	0	0	0	0.216	0.121	0.179	0.423	0.061	0.665	-0.056	-0.086	-0.239	-0.027	1.073	"1"
"来港"	1	0	0	0	0	0.216	0.121	0.179	0.423	0.061	0.665	-0.056	-0.086	-0.239	-0.027	1.073	"1"
"杨乃文"	0	1	0	0	0	0.216	0.121	0.179	0.423	0.061	-0.106	0.919	-0.086	-0.239	-0.027	1.377	"2"
"松田"	1	0	0	0	0	0.216	0.121	0.179	0.423	0.061	0.665	-0.056	-0.086	-0.239	-0.027	1.073	"1"
"极"	0	0	0	1	1	0.432	0.241	0.359	0.846	0.122	-0.211	-0.112	-0.172	0.176	0.927	1.598	"5"
"构"	1	0	0	0	0	0.216	0.121	0.179	0.423	0.061	0.665	-0.056	-0.086	-0.239	-0.027	1.073	"1"
"林业"	0	0	0	1	0	0.216	0.121	0.179	0.423	0.061	-0.106	-0.056	-0.086	0.374	-0.027	0.649	"4"
"林美姬"	0	0	1	0	0	0.216	0.121	0.179	0.423	0.061	-0.106	-0.056	0.747	-0.239	-0.027	1.175	"3"
"枢纽"	0	0	0	1	0	0.216	0.121	0.179	0.423	0.061	-0.106	-0.056	-0.086	0.374	-0.027	0.649	"4"
"枪手"	0	0	1	0	0	0.216	0.121	0.179	0.423	0.061	-0.106	-0.056	0.747	-0.239	-0.027	1.175	"3"
"查出"	0	0	2	0	0	0.432	0.241	0.359	0.846	0.122	-0.211	-0.112	1.493	-0.478	-0.055	2.349	"3"
"查明"	0	0	2	0	0	0.432	0.241	0.359	0.846	0.122	-0.211	-0.112	1.493	-0.478	-0.055	2.349	"3"
"查核"	0	0	1	0	0	0.216	0.121	0.179	0.423	0.061	-0.106	-0.056	0.747	-0.239	-0.027	1.175	"3"
"查验"	0	0	1	0	0	0.216	0.121	0.179	0.423	0.061	-0.106	-0.056	0.747	-0.239	-0.027	1.175	"3"
"核实"	0	0	1	0	0	0.216	0.121	0.179	0.423	0.061	-0.106	-0.056	0.747	-0.239	-0.027	1.175	"3"
"核证"	0	1	0	0	0	0.216	0.121	0.179	0.423	0.061	-0.106	0.919	-0.086	-0.239	-0.027	1.377	"2"
"格局"	0	0	0	3	1	0.864	0.483	0.717	1.692	0.244	-0.423	-0.223	-0.343	0.685	0.652	2.326	"4"
"格美"	0	0	0	0	1	0.216	0.121	0.179	0.423	0.061	-0.106	-0.056	-0.086	-0.239	1.214	1.701	"5"
"档案"	0	0	1	0	0	0.216	0.121	0.179	0.423	0.061	-0.106	-0.056	0.747	-0.239	-0.027	1.175	"3"
"梁爱"	0	0	0	0	1	0.216	0.121	0.179	0.423	0.061	-0.106	-0.056	-0.086	-0.239	1.214	1.701	"5"
"梅再兴"	0	0	0	1	0	0.216	0.121	0.179	0.423	0.061	-0.106	-0.056	-0.086	0.374	-0.027	0.649	"4"
"检方"	0	0	1	0	0	0.216	0.121	0.179	0.423	0.061	-0.106	-0.056	0.747	-0.239	-0.027	1.175	"3"
"检验"	0	0	1	0	0	0.216	0.121	0.179	0.423	0.061	-0.106	-0.056	0.747	-0.239	-0.027	1.175	"3"
"棉花"	0	0	0	2	0	0.432	0.241	0.359	0.846	0.122	-0.211	-0.112	-0.172	0.747	-0.055	1.297	"4"
"榜上"	0	0	0	1	0	0.216	0.121	0.179	0.423	0.061	-0.106	-0.056	-0.086	0.374	-0.027	0.649	"4"
"横手"	0	0	1	0	0	0.216	0.121	0.179	0.423	0.061	-0.106	-0.056	0.747	-0.239	-0.027	1.175	"3"
"横扫"	1	0	0	0	0	0.216	0.121	0.179	0.423	0.061	0.665	-0.056	-0.086	-0.239	-0.027	1.073	"1"
"欧巡赛"	0	0	0	1	0	0.216	0.121	0.179	0.423	0.061	-0.106	-0.056	-0.086	0.374	-0.027	0.649	"4"
"欧美"	0	0	0	1	0	0.216	0.121	0.179	0.423	0.061	-0.106	-0.056	-0.086	0.374	-0.027	0.649	"4"
"歌手"	0	1	0	0	0	0.216	0.121	0.179	0.423	0.061	-0.106	0.919	-0.086	-0.239	-0.027	1.377	"2"
"正名"	0	1	0	0	0	0.216	0.121	0.179	0.423	0.061	-0.106	0.919	-0.086	-0.239	-0.027	1.377	"2"
"正常"	0	1	0	1	0	0.432	0.241	0.359	0.846	0.122	-0.211	0.645	-0.172	0.176	-0.055	1.259	"2"
"正式"	4	0	1	1	0	1.297	0.724	1.076	2.538	0.366	1.649	-0.335	-0.151	-0.701	-0.164	3	"1"
"正赛"	1	0	0	0	0	0.216	0.121	0.179	0.423	0.061	0.665	-0.056	-0.086	-0.239	-0.027	1.073	"1"
"正选"	1	0	0	0	0	0.216	0.121	0.179	0.423	0.061	0.665	-0.056	-0.086	-0.239	-0.027	1.073	"1"
"武士"	0	1	0	0	0	0.216	0.121	0.179	0.423	0.061	-0.106	0.919	-0.086	-0.239	-0.027	1.377	"2"
"武装"	0	0	4	0	0	0.864	0.483	0.717	1.692	0.244	-0.423	-0.223	2.986	-0.955	-0.109	4.696	"3"
"歹徒"	0	0	1	0	0	0.216	0.121	0.179	0.423	0.061	-0.106	-0.056	0.747	-0.239	-0.027	1.175	"3"
"死者"	0	0	6	0	0	1.297	0.724	1.076	2.538	0.366	-0.634	-0.335	4.479	-1.433	-0.164	7.045	"3"
"死胎"	0	0	0	1	0	0.216	0.121	0.179	0.423	0.061	-0.106	-0.056	-0.086	0.374	-0.027	0.649	"4"
"殷吉星"	0	0	0	1	0	0.216	0.121	0.179	0.423	0.061	-0.106	-0.056	-0.086	0.374	-0.027	0.649	"4"
"毋庸置疑"	0	1	0	0	0	0.216	0.121	0.179	0.423	0.061	-0.106	0.919	-0.086	-0.239	-0.027	1.377	"2"
"比对"	0	0	2	1	0	0.648	0.362	0.538	1.269	0.183	-0.317	-0.167	1.071	-0.211	-0.082	1.848	"3"
"民"	0	0	0	1	0	0.216	0.121	0.179	0.423	0.061	-0.106	-0.056	-0.086	0.374	-0.027	0.649	"4"
"民主进步党"	1	0	0	0	0	0.216	0.121	0.179	0.423	0.061	0.665	-0.056	-0.086	-0.239	-0.027	1.073	"1"
"民意代表"	1	0	0	0	0	0.216	0.121	0.179	0.423	0.061	0.665	-0.056	-0.086	-0.239	-0.027	1.073	"1"
"民进党"	1	0	0	0	0	0.216	0.121	0.179	0.423	0.061	0.665	-0.056	-0.086	-0.239	-0.027	1.073	"1"
"民间"	1	1	0	0	0	0.432	0.241	0.359	0.846	0.122	0.414	0.645	-0.172	-0.478	-0.055	1.764	"2"
"永久性"	0	1	0	0	0	0.216	0.121	0.179	0.423	0.061	-0.106	0.919	-0.086	-0.239	-0.027	1.377	"2"
"江山"	0	1	0	0	0	0.216	0.121	0.179	0.423	0.061	-0.106	0.919	-0.086	-0.239	-0.027	1.377	"2"
"江湖"	1	0	0	0	0	0.216	0.121	0.179	0.423	0.061	0.665	-0.056	-0.086	-0.239	-0.027	1.073	"1"
"沉寂"	0	1	0	0	0	0.216	0.121	0.179	0.423	0.061	-0.106	0.919	-0.086	-0.239	-0.027	1.377	"2"
"沙哈克"	0	0	0	1	0	0.216	0.121	0.179	0.423	0.061	-0.106	-0.056	-0.086	0.374	-0.027	0.649	"4"
"泄密"	0	0	1	0	0	0.216	0.121	0.179	0.423	0.061	-0.106	-0.056	0.747	-0.239	-0.027	1.175	"3"
"法国人"	1	0	0	0	0	0.216	0.121	0.179	0.423	0.061	0.665	-0.056	-0.086	-0.239	-0.027	1.073	"1"
"法官"	0	0	2	0	0	0.432	0.241	0.359	0.846	0.122	-0.211	-0.112	1.493	-0.478	-0.055	2.349	"3"
"法律"	0	0	1	1	1	0.648	0.362	0.538	1.269	0.183	-0.317	-0.167	0.35	-0.211	0.764	1.809	"5"
"法治"	0	0	0	1	0	0.216	0.121	0.179	0.423	0.061	-0.106	-0.056	-0.086	0.374	-0.027	0.649	"4"
"泰山"	0	0	0	1	0	0.216	0.121	0.179	0.423	0.061	-0.106	-0.056	-0.086	0.374	-0.027	0.649	"4"
"泳装版"	0	1	0	0	0	0.216	0.121	0.179	0.423	0.061	-0.106	0.919	-0.086	-0.239	-0.027	1.377	"2"
"洲"	0	0	0	1	0	0.216	0.121	0.179	0.423	0.061	-0.106	-0.056	-0.086	0.374	-0.027	0.649	"4"
"派"	0	0	0	1	0	0.216	0.121	0.179	0.423	0.061	-0.106	-0.056	-0.086	0.374	-0.027	0.649	"4"
"流于"	0	1	0	0	0	0.216	0.121	0.179	0.423	0.061	-0.106	0.919	-0.086	-0.239	-0.027	1.377	"2"
"流亡"	0	1	0	0	0	0.216	0.121	0.179	0.423	0.061	-0.106	0.919	-0.086	-0.239	-0.027	1.377	"2"
"涉案"	0	0	1	0	0	0.216	0.121	0.179	0.423	0.061	-0.106	-0.056	0.747	-0.239	-0.027	1.175	"3"
"淡化"	0	0	1	0	0	0.216	0.121	0.179	0.423	0.061	-0.106	-0.056	0.747	-0.239	-0.027	1.175	"3"
"深造"	1	0	0	0	0	0.216	0.121	0.179	0.423	0.061	0.665	-0.056	-0.086	-0.239	-0.027	1.073	"1"
"清华"	0	0	0	1	0	0.216	0.121	0.179	0.423	0.061	-0.106	-0.056	-0.086	0.374	-0.027	0.649	"4"
"清查"	0	0	3	0	0	0.648	0.362	0.538	1.269	0.183	-0.317	-0.167	2.24	-0.716	-0.082	3.522	"3"
"渴望"	0	1	0	0	0	0.216	0.121	0.179	0.423	0.061	-0.106	0.919	-0.086	-0.239	-0.027	1.377	"2"
"滑锦标赛"	0	0	0	1	0	0.216	0.121	0.179	0.423	0.061	-0.106	-0.056	-0.086	0.374	-0.027	0.649	"4"
"滞留"	0	0	1	0	0	0.216	0.121	0.179	0.423	0.061	-0.106	-0.056	0.747	-0.239	-0.027	1.175	"3"
"滥用"	0	0	0	2	0	0.432	0.241	0.359	0.846	0.122	-0.211	-0.112	-0.172	0.747	-0.055	1.297	"4"
"澳"	0	0	0	1	0	0.216	0.121	0.179	0.423	0.061	-0.106	-0.056	-0.086	0.374	-0.027	0.649	"4"
"火箭队"	2	0	0	0	0	0.432	0.241	0.359	0.846	0.122	1.331	-0.112	-0.172	-0.478	-0.055	2.148	"1"
"烂"	1	0	0	0	0	0.216	0.121	0.179	0.423	0.061	0.665	-0.056	-0.086	-0.239	-0.027	1.073	"1"
"爱滋病日"	0	0	0	0	1	0.216	0.121	0.179	0.423	0.061	-0.106	-0.056	-0.086	-0.239	1.214	1.701	"5"
"父母"	0	1	0	0	0	0.216	0.121	0.179	0.423	0.061	-0.106	0.919	-0.086	-0.239	-0.027	1.377	"2"
"物流"	0	0	0	1	0	0.216	0.121	0.179	0.423	0.061	-0.106	-0.056	-0.086	0.374	-0.027	0.649	"4"
"特使"	4	0	0	0	0	0.864	0.483	0.717	1.692	0.244	2.661	-0.223	-0.343	-0.955	-0.109	4.291	"1"
"特工"	0	0	1	0	0	0.216	0.121	0.179	0.423	0.061	-0.106	-0.056	0.747	-0.239	-0.027	1.175	"3"
"特征"	0	0	1	0	0	0.216	0.121	0.179	0.423	0.061	-0.106	-0.056	0.747	-0.239	-0.027	1.175	"3"
"特权"	0	1	0	0	0	0.216	0.121	0.179	0.423	0.061	-0.106	0.919	-0.086	-0.239	-0.027	1.377	"2"
"特殊"	0	0	3	0	0	0.648	0.362	0.538	1.269	0.183	-0.317	-0.167	2.24	-0.716	-0.082	3.522	"3"
"状元"	1	0	0	0	0	0.216	0.121	0.179	0.423	0.061	0.665	-0.056	-0.086	-0.239	-0.027	1.073	"1"
"独特"	0	0	0	2	0	0.432	0.241	0.359	0.846	0.122	-0.211	-0.112	-0.172	0.747	-0.055	1.297	"4"
"独立"	0	0	0	2	0	0.432	0.241	0.359	0.846	0.122	-0.211	-0.112	-0.172	0.747	-0.055	1.297	"4"
"玉女"	0	1	0	0	0	0.216	0.121	0.179	0.423	0.061	-0.106	0.919	-0.086	-0.239	-0.027	1.377	"2"
"王忠禹"	0	0	0	1	0	0.216	0.121	0.179	0.423	0.061	-0.106	-0.056	-0.086	0.374	-0.027	0.649	"4"
"王蒙哥马利"	0	0	0	1	0	0.216	0.121	0.179	0.423	0.061	-0.106	-0.056	-0.086	0.374	-0.027	0.649	"4"
"王金平"	1	0	0	0	0	0.216	0.121	0.179	0.423	0.061	0.665	-0.056	-0.086	-0.239	-0.027	1.073	"1"
"现有"	0	1	0	0	0	0.216	0.121	0.179	0.423	0.061	-0.106	0.919	-0.086	-0.239	-0.027	1.377	"2"
"理事长"	1	0	0	0	0	0.216	0.121	0.179	0.423	0.061	0.665	-0.056	-0.086	-0.239	-0.027	1.073	"1"
"琉"	1	0	0	0	0	0.216	0.121	0.179	0.423	0.061	0.665	-0.056	-0.086	-0.239	-0.027	1.073	"1"
"瓦希德"	0	0	0	4	0	0.864	0.483	0.717	1.692	0.244	-0.423	-0.223	-0.343	1.495	-0.109	2.593	"4"
"瓦杰帕伊"	2	0	0	0	0	0.432	0.241	0.359	0.846	0.122	1.331	-0.112	-0.172	-0.478	-0.055	2.148	"1"
"生态"	0	0	0	2	0	0.432	0.241	0.359	0.846	0.122	-0.211	-0.112	-0.172	0.747	-0.055	1.297	"4"
"生物技术"	0	0	1	0	0	0.216	0.121	0.179	0.423	0.061	-0.106	-0.056	0.747	-0.239	-0.027	1.175	"3"
"生还者"	0	0	1	0	0	0.216	0.121	0.179	0.423	0.061	-0.106	-0.056	0.747	-0.239	-0.027	1.175	"3"
"田真二"	1	0	0	0	0	0.216	0.121	0.179	0.423	0.061	0.665	-0.056	-0.086	-0.239	-0.027	1.073	"1"
"申请"	3	0	0	1	0	0.864	0.483	0.717	1.692	0.244	1.471	-0.223	-0.343	-0.361	-0.109	2.507	"1"
"申请人"	1	0	0	0	0	0.216	0.121	0.179	0.423	0.061	0.665	-0.056	-0.086	-0.239	-0.027	1.073	"1"
"男子"	1	0	4	0	0	1.08	0.603	0.896	2.115	0.305	-0.152	-0.279	2.354	-1.194	-0.137	4.116	"3"
"男尸"	0	0	1	0	0	0.216	0.121	0.179	0.423	0.061	-0.106	-0.056	0.747	-0.239	-0.027	1.175	"3"
"界限"	0	0	0	1	0	0.216	0.121	0.179	0.423	0.061	-0.106	-0.056	-0.086	0.374	-0.027	0.649	"4"
"留意"	0	0	1	0	0	0.216	0.121	0.179	0.423	0.061	-0.106	-0.056	0.747	-0.239	-0.027	1.175	"3"
"留置"	0	0	1	0	0	0.216	0.121	0.179	0.423	0.061	-0.106	-0.056	0.747	-0.239	-0.027	1.175	"3"
"疑犯"	0	0	1	0	0	0.216	0.121	0.179	0.423	0.061	-0.106	-0.056	0.747	-0.239	-0.027	1.175	"3"
"白金卡"	0	1	0	0	0	0.216	0.121	0.179	0.423	0.061	-0.106	0.919	-0.086	-0.239	-0.027	1.377	"2"
"皇后"	0	0	0	1	0	0.216	0.121	0.179	0.423	0.061	-0.106	-0.056	-0.086	0.374	-0.027	0.649	"4"
"益"	0	0	0	1	0	0.216	0.121	0.179	0.423	0.061	-0.106	-0.056	-0.086	0.374	-0.027	0.649	"4"
"盟主"	3	0	0	0	0	0.648	0.362	0.538	1.269	0.183	1.996	-0.167	-0.257	-0.716	-0.082	3.218	"1"
"目击者"	0	0	1	0	0	0.216	0.121	0.179	0.423	0.061	-0.106	-0.056	0.747	-0.239	-0.027	1.175	"3"
"相"	0	2	0	0	0	0.432	0.241	0.359	0.846	0.122	-0.211	1.837	-0.172	-0.478	-0.055	2.753	"2"
"相反"	0	0	0	1	0	0.216	0.121	0.179	0.423	0.061	-0.106	-0.056	-0.086	0.374	-0.027	0.649	"4"
"相同"	0	0	1	0	0	0.216	0.121	0.179	0.423	0.061	-0.106	-0.056	0.747	-0.239	-0.027	1.175	"3"
"相称"	0	0	0	3	0	0.648	0.362	0.538	1.269	0.183	-0.317	-0.167	-0.257	1.121	-0.082	1.944	"4"
"相符"	0	0	1	0	0	0.216	0.121	0.179	0.423	0.061	-0.106	-0.056	0.747	-0.239	-0.027	1.175	"3"
"相等"	0	2	0	0	0	0.432	0.241	0.359	0.846	0.122	-0.211	1.837	-0.172	-0.478	-0.055	2.753	"2"
"看作"	0	0	0	1	0	0.216	0.121	0.179	0.423	0.061	-0.106	-0.056	-0.086	0.374	-0.027	0.649	"4"
"眷恋"	0	0	1	0	0	0.216	0.121	0.179	0.423	0.061	-0.106	-0.056	0.747	-0.239	-0.027	1.175	"3"
"着力点"	1	0	0	0	0	0.216	0.121	0.179	0.423	0.061	0.665	-0.056	-0.086	-0.239	-0.027	1.073	"1"
"瞄准"	0	0	0	1	0	0.216	0.121	0.179	0.423	0.061	-0.106	-0.056	-0.086	0.374	-0.027	0.649	"4"
"知名度"	0	0	0	2	0	0.432	0.241	0.359	0.846	0.122	-0.211	-0.112	-0.172	0.747	-0.055	1.297	"4"
"短距离速"	0	0	0	1	0	0.216	0.121	0.179	0.423	0.061	-0.106	-0.056	-0.086	0.374	-0.027	0.649	"4"
"矮化"	0	0	0	1	0	0.216	0.121	0.179	0.423	0.061	-0.106	-0.056	-0.086	0.374	-0.027	0.649	"4"
"石刻"	0	1	0	0	0	0.216	0.121	0.179	0.423	0.061	-0.106	0.919	-0.086	-0.239	-0.027	1.377	"2"
"确定"	0	0	3	0	0	0.648	0.362	0.538	1.269	0.183	-0.317	-0.167	2.24	-0.716	-0.082	3.522	"3"
"确立"	0	0	0	1	0	0.216	0.121	0.179	0.423	0.061	-0.106	-0.056	-0.086	0.374	-0.027	0.649	"4"
"确认"	0	0	3	2	0	1.08	0.603	0.896	2.115	0.305	-0.529	-0.279	1.364	-0.192	-0.137	2.501	"3"
"社会"	0	1	0	13	1	3.241	1.81	2.689	6.344	0.916	-1.586	-0.352	-1.287	3.269	0.214	6.708	"4"
"社经"	0	2	0	0	0	0.432	0.241	0.359	0.846	0.122	-0.211	1.837	-0.172	-0.478	-0.055	2.753	"2"
"祕密"	0	1	0	0	0	0.216	0.121	0.179	0.423	0.061	-0.106	0.919	-0.086	-0.239	-0.027	1.377	"2"
"神秘女"	0	1	0	0	0	0.216	0.121	0.179	0.423	0.061	-0.106	0.919	-0.086	-0.239	-0.027	1.377	"2"
"福晋"	0	0	0	1	0	0.216	0.121	0.179	0.423	0.061	-0.106	-0.056	-0.086	0.374	-0.027	0.649	"4"
"秀"	1	0	0	0	0	0.216	0.121	0.179	0.423	0.061	0.665	-0.056	-0.086	-0.239	-0.027	1.073	"1"
"私车"	0	0	0	0	1	0.216	0.121	0.179	0.423	0.061	-0.106	-0.056	-0.086	-0.239	1.214	1.701	"5"
"种族"	2	0	0	0	0	0.432	0.241	0.359	0.846	0.122	1.331	-0.112	-0.172	-0.478	-0.055	2.148	"1"
"科学"	0	0	0	2	0	0.432	0.241	0.359	0.846	0.122	-0.211	-0.112	-0.172	0.747	-0.055	1.297	"4"
"科教兴国"	0	0	0	1	0	0.216	0.121	0.179	0.423	0.061	-0.106	-0.056	-0.086	0.374	-0.027	0.649	"4"
"秘书长"	2	0	0	0	0	0.432	0.241	0.359	0.846	0.122	1.331	-0.112	-0.172	-0.478	-0.055	2.148	"1"
"秘诀"	1	0	0	0	0	0.216	0.121	0.179	0.423	0.061	0.665	-0.056	-0.086	-0.239	-0.027	1.073	"1"
"租界"	0	1	0	0	0	0.216	0.121	0.179	0.423	0.061	-0.106	0.919	-0.086	-0.239	-0.027	1.377	"2"
"移民"	0	0	2	0	0	0.432	0.241	0.359	0.846	0.122	-0.211	-0.112	1.493	-0.478	-0.055	2.349	"3"
"税负"	0	0	0	1	0	0.216	0.121	0.179	0.423	0.061	-0.106	-0.056	-0.086	0.374	-0.027	0.649	"4"
"稳固"	0	0	0	1	0	0.216	0.121	0.179	0.423	0.061	-0.106	-0.056	-0.086	0.374	-0.027	0.649	"4"
"空军"	0	0	0	1	0	0.216	0.121	0.179	0.423	0.061	-0.106	-0.056	-0.086	0.374	-0.027	0.649	"4"
"空难"	0	0	1	0	0	0.216	0.121	0.179	0.423	0.061	-0.106	-0.056	0.747	-0.239	-0.027	1.175	"3"
"突出"	0	0	0	3	0	0.648	0.362	0.538	1.269	0.183	-0.317	-0.167	-0.257	1.121	-0.082	1.944	"4"
"立足"	0	0	0	1	0	0.216	0.121	0.179	0.423	0.061	-0.106	-0.056	-0.086	0.374	-0.027	0.649	"4"
"站不住脚"	0	1	0	0	0	0.216	0.121	0.179	0.423	0.061	-0.106	0.919	-0.086	-0.239	-0.027	1.377	"2"
"竞争"	0	1	0	1	1	0.648	0.362	0.538	1.269	0.183	-0.317	0.495	-0.257	-0.211	0.764	2.044	"5"
"竞选"	1	0	0	0	0	0.216	0.121	0.179	0.423	0.061	0.665	-0.056	-0.086	-0.239	-0.027	1.073	"1"
"章启月"	1	0	0	0	0	0.216	0.121	0.179	0.423	0.061	0.665	-0.056	-0.086	-0.239	-0.027	1.073	"1"
"第一"	9	0	0	0	0	1.945	1.086	1.613	3.807	0.549	5.988	-0.502	-0.772	-2.149	-0.246	9.657	"1"
"第六"	1	0	0	0	0	0.216	0.121	0.179	0.423	0.061	0.665	-0.056	-0.086	-0.239	-0.027	1.073	"1"
"签发"	0	0	1	0	0	0.216	0.121	0.179	0.423	0.061	-0.106	-0.056	0.747	-0.239	-0.027	1.175	"3"
"算盘"	0	0	0	2	0	0.432	0.241	0.359	0.846	0.122	-0.211	-0.112	-0.172	0.747	-0.055	1.297	"4"
"粗放"	0	0	0	1	0	0.216	0.121	0.179	0.423	0.061	-0.106	-0.056	-0.086	0.374	-0.027	0.649	"4"
"系统"	0	0	0	1	0	0.216	0.121	0.179	0.423	0.061	-0.106	-0.056	-0.086	0.374	-0.027	0.649	"4"
"索取"	0	0	1	0	0	0.216	0.121	0.179	0.423	0.061	-0.106	-0.056	0.747	-0.239	-0.027	1.175	"3"
"累积"	0	1	0	0	0	0.216	0.121	0.179	0.423	0.061	-0.106	0.919	-0.086	-0.239	-0.027	1.377	"2"
"纽约州"	1	0	0	0	0	0.216	0.121	0.179	0.423	0.061	0.665	-0.056	-0.086	-0.239	-0.027	1.073	"1"
"线索"	0	0	2	0	0	0.432	0.241	0.359	0.846	0.122	-0.211	-0.112	1.493	-0.478	-0.055	2.349	"3"
"组团"	1	0	0	0	0	0.216	0.121	0.179	0.423	0.061	0.665	-0.056	-0.086	-0.239	-0.027	1.073	"1"
"组织"	0	0	1	0	0	0.216	0.121	0.179	0.423	0.061	-0.106	-0.056	0.747	-0.239	-0.027	1.175	"3"
"织"	1	0	0	1	0	0.432	0.241	0.359	0.846	0.122	0.414	-0.112	-0.172	0.176	-0.055	0.929	"1"
"织田"	0	2	0	0	0	0.432	0.241	0.359	0.846	0.122	-0.211	1.837	-0.172	-0.478	-0.055	2.753	"2"
"经由"	0	0	1	0	0	0.216	0.121	0.179	0.423	0.061	-0.106	-0.056	0.747	-0.239	-0.027	1.175	"3"
"结识"	0	1	0	0	0	0.216	0.121	0.179	0.423	0.061	-0.106	0.919	-0.086	-0.239	-0.027	1.377	"2"
"绝不"	1	0	0	0	0	0.216	0.121	0.179	0.423	0.061	0.665	-0.056	-0.086	-0.239	-0.027	1.073	"1"
"绝对的"	0	0	0	0	1	0.216	0.121	0.179	0.423	0.061	-0.106	-0.056	-0.086	-0.239	1.214	1.701	"5"
"统一战"	0	0	0	1	0	0.216	0.121	0.179	0.423	0.061	-0.106	-0.056	-0.086	0.374	-0.027	0.649	"4"
"统治"	0	0	0	3	1	0.864	0.483	0.717	1.692	0.244	-0.423	-0.223	-0.343	0.685	0.652	2.326	"4"
"继承"	0	0	0	1	0	0.216	0.121	0.179	0.423	0.061	-0.106	-0.056	-0.086	0.374	-0.027	0.649	"4"
"继续"	0	0	0	6	0	1.297	0.724	1.076	2.538	0.366	-0.634	-0.335	-0.515	2.242	-0.164	3.89	"4"
"维护"	0	0	0	2	0	0.432	0.241	0.359	0.846	0.122	-0.211	-0.112	-0.172	0.747	-0.055	1.297	"4"
"维持"	0	1	0	1	1	0.648	0.362	0.538	1.269	0.183	-0.317	0.495	-0.257	-0.211	0.764	2.044	"5"
"综艺"	0	1	0	0	0	0.216	0.121	0.179	0.423	0.061	-0.106	0.919	-0.086	-0.239	-0.027	1.377	"2"
"罗柏珊"	0	0	0	1	0	0.216	0.121	0.179	0.423	0.061	-0.106	-0.056	-0.086	0.374	-0.027	0.649	"4"
"罹难者"	0	0	2	0	0	0.432	0.241	0.359	0.846	0.122	-0.211	-0.112	1.493	-0.478	-0.055	2.349	"3"
"羊"	0	0	0	1	0	0.216	0.121	0.179	0.423	0.061	-0.106	-0.056	-0.086	0.374	-0.027	0.649	"4"
"美元"	0	0	0	1	0	0.216	0.121	0.179	0.423	0.061	-0.106	-0.056	-0.086	0.374	-0.027	0.649	"4"
"翌日"	0	1	0	0	0	0.216	0.121	0.179	0.423	0.061	-0.106	0.919	-0.086	-0.239	-0.027	1.377	"2"
"老大"	0	0	0	4	0	0.864	0.483	0.717	1.692	0.244	-0.423	-0.223	-0.343	1.495	-0.109	2.593	"4"
"者"	1	3	4	1	0	1.945	1.086	1.613	3.807	0.549	-0.41	1.074	1.217	-1.269	-0.246	4.216	"4"
"者暗"	0	0	1	0	0	0.216	0.121	0.179	0.423	0.061	-0.106	-0.056	0.747	-0.239	-0.027	1.175	"3"
"职业"	1	0	0	0	0	0.216	0.121	0.179	0.423	0.061	0.665	-0.056	-0.086	-0.239	-0.027	1.073	"1"
"职能"	0	0	0	1	0	0.216	0.121	0.179	0.423	0.061	-0.106	-0.056	-0.086	0.374	-0.027	0.649	"4"
"联合国"	0	0	0	3	0	0.648	0.362	0.538	1.269	0.183	-0.317	-0.167	-0.257	1.121	-0.082	1.944	"4"
"肃贪"	0	0	0	0	1	0.216	0.121	0.179	0.423	0.061	-0.106	-0.056	-0.086	-0.239	1.214	1.701	"5"
"股居"	0	0	0	1	0	0.216	0.121	0.179	0.423	0.061	-0.106	-0.056	-0.086	0.374	-0.027	0.649	"4"
"育种"	0	0	0	1	0	0.216	0.121	0.179	0.423	0.061	-0.106	-0.056	-0.086	0.374	-0.027	0.649	"4"
"育苗"	0	1	0	0	0	0.216	0.121	0.179	0.423	0.061	-0.106	0.919	-0.086	-0.239	-0.027	1.377	"2"
"胜地"	0	0	0	1	0	0.216	0.121	0.179	0.423	0.061	-0.106	-0.056	-0.086	0.374	-0.027	0.649	"4"
"胡祖"	0	0	0	1	0	0.216	0.121	0.179	0.423	0.061	-0.106	-0.056	-0.086	0.374	-0.027	0.649	"4"
"能够"	0	0	1	0	0	0.216	0.121	0.179	0.423	0.061	-0.106	-0.056	0.747	-0.239	-0.027	1.175	"3"
"自小"	0	1	0	0	0	0.216	0.121	0.179	0.423	0.061	-0.106	0.919	-0.086	-0.239	-0.027	1.377	"2"
"自治"	0	1	0	0	0	0.216	0.121	0.179	0.423	0.061	-0.106	0.919	-0.086	-0.239	-0.027	1.377	"2"
"自由派"	0	0	0	1	0	0.216	0.121	0.179	0.423	0.061	-0.106	-0.056	-0.086	0.374	-0.027	0.649	"4"
"自觉"	0	0	0	1	0	0.216	0.121	0.179	0.423	0.061	-0.106	-0.056	-0.086	0.374	-0.027	0.649	"4"
"致词"	1	0	0	0	0	0.216	0.121	0.179	0.423	0.061	0.665	-0.056	-0.086	-0.239	-0.027	1.073	"1"
"舆论"	0	0	0	1	0	0.216	0.121	0.179	0.423	0.061	-0.106	-0.056	-0.086	0.374	-0.027	0.649	"4"
"舞台"	0	0	0	2	0	0.432	0.241	0.359	0.846	0.122	-0.211	-0.112	-0.172	0.747	-0.055	1.297	"4"
"舞者"	1	0	0	0	0	0.216	0.121	0.179	0.423	0.061	0.665	-0.056	-0.086	-0.239	-0.027	1.073	"1"
"舞蹈家"	0	0	1	0	0	0.216	0.121	0.179	0.423	0.061	-0.106	-0.056	0.747	-0.239	-0.027	1.175	"3"
"航天"	0	0	0	2	0	0.432	0.241	0.359	0.846	0.122	-0.211	-0.112	-0.172	0.747	-0.055	1.297	"4"
"航空"	0	0	0	1	0	0.216	0.121	0.179	0.423	0.061	-0.106	-0.056	-0.086	0.374	-0.027	0.649	"4"
"航运"	0	0	0	1	0	0.216	0.121	0.179	0.423	0.061	-0.106	-0.056	-0.086	0.374	-0.027	0.649	"4"
"艺人"	0	0	0	1	0	0.216	0.121	0.179	0.423	0.061	-0.106	-0.056	-0.086	0.374	-0.027	0.649	"4"
"艺术剧"	1	0	0	0	0	0.216	0.121	0.179	0.423	0.061	0.665	-0.056	-0.086	-0.239	-0.027	1.073	"1"
"节奏队"	1	0	0	0	0	0.216	0.121	0.179	0.423	0.061	0.665	-0.056	-0.086	-0.239	-0.027	1.073	"1"
"若望保禄"	0	0	0	1	0	0.216	0.121	0.179	0.423	0.061	-0.106	-0.056	-0.086	0.374	-0.027	0.649	"4"
"草药"	0	0	0	0	1	0.216	0.121	0.179	0.423	0.061	-0.106	-0.056	-0.086	-0.239	1.214	1.701	"5"
"荣誉"	1	1	0	0	0	0.432	0.241	0.359	0.846	0.122	0.414	0.645	-0.172	-0.478	-0.055	1.764	"2"
"获委"	0	1	0	0	0	0.216	0.121	0.179	0.423	0.061	-0.106	0.919	-0.086	-0.239	-0.027	1.377	"2"
"获知"	0	0	1	0	0	0.216	0.121	0.179	0.423	0.061	-0.106	-0.056	0.747	-0.239	-0.027	1.175	"3"
"营商"	0	1	0	0	0	0.216	0.121	0.179	0.423	0.061	-0.106	0.919	-0.086	-0.239	-0.027	1.377	"2"
"萧万长"	5	0	0	0	0	1.08	0.603	0.896	2.115	0.305	3.327	-0.279	-0.429	-1.194	-0.137	5.366	"1"
"落海"	0	0	1	0	0	0.216	0.121	0.179	0.423	0.061	-0.106	-0.056	0.747	-0.239	-0.027	1.175	"3"
"董事部"	0	0	0	1	0	0.216	0.121	0.179	0.423	0.061	-0.106	-0.056	-0.086	0.374	-0.027	0.649	"4"
"蒋介石"	0	1	0	0	0	0.216	0.121	0.179	0.423	0.061	-0.106	0.919	-0.086	-0.239	-0.027	1.377	"2"
"蓝牙"	0	0	0	0	1	0.216	0.121	0.179	0.423	0.061	-0.106	-0.056	-0.086	-0.239	1.214	1.701	"5"
"蓝领"	0	1	0	0	0	0.216	0.121	0.179	0.423	0.061	-0.106	0.919	-0.086	-0.239	-0.027	1.377	"2"
"藉"	0	0	0	1	0	0.216	0.121	0.179	0.423	0.061	-0.106	-0.056	-0.086	0.374	-0.027	0.649	"4"
"藤原纪香"	1	0	0	0	0	0.216	0.121	0.179	0.423	0.061	0.665	-0.056	-0.086	-0.239	-0.027	1.073	"1"
"行动党"	1	0	0	0	0	0.216	0.121	0.179	0.423	0.061	0.665	-0.056	-0.086	-0.239	-0.027	1.073	"1"
"行政院长"	1	0	0	0	0	0.216	0.121	0.179	0.423	0.061	0.665	-0.056	-0.086	-0.239	-0.027	1.073	"1"
"街区"	0	0	0	1	0	0.216	0.121	0.179	0.423	0.061	-0.106	-0.056	-0.086	0.374	-0.027	0.649	"4"
"补选"	0	0	1	0	0	0.216	0.121	0.179	0.423	0.061	-0.106	-0.056	0.747	-0.239	-0.027	1.175	"3"
"表"	0	1	0	0	0	0.216	0.121	0.179	0.423	0.061	-0.106	0.919	-0.086	-0.239	-0.027	1.377	"2"
"表态"	0	1	0	0	0	0.216	0.121	0.179	0.423	0.061	-0.106	0.919	-0.086	-0.239	-0.027	1.377	"2"
"表明"	0	0	2	0	0	0.432	0.241	0.359	0.846	0.122	-0.211	-0.112	1.493	-0.478	-0.055	2.349	"3"
"表露"	0	1	0	0	0	0.216	0.121	0.179	0.423	0.061	-0.106	0.919	-0.086	-0.239	-0.027	1.377	"2"
"被告"	0	0	2	0	0	0.432	0.241	0.359	0.846	0.122	-0.211	-0.112	1.493	-0.478	-0.055	2.349	"3"
"被告者"	0	0	1	0	0	0.216	0.121	0.179	0.423	0.061	-0.106	-0.056	0.747	-0.239	-0.027	1.175	"3"
"袭"	0	0	1	0	0	0.216	0.121	0.179	0.423	0.061	-0.106	-0.056	0.747	-0.239	-0.027	1.175	"3"
"袭击"	0	0	7	0	0	1.513	0.844	1.255	2.961	0.427	-0.74	-0.391	5.226	-1.672	-0.191	8.22	"3"
"袭击者"	0	0	1	0	0	0.216	0.121	0.179	0.423	0.061	-0.106	-0.056	0.747	-0.239	-0.027	1.175	"3"
"裁决所"	0	0	1	0	0	0.216	0.121	0.179	0.423	0.061	-0.106	-0.056	0.747	-0.239	-0.027	1.175	"3"
"西藏"	0	1	0	0	0	0.216	0.121	0.179	0.423	0.061	-0.106	0.919	-0.086	-0.239	-0.027	1.377	"2"
"西部大开发"	0	0	0	2	0	0.432	0.241	0.359	0.846	0.122	-0.211	-0.112	-0.172	0.747	-0.055	1.297	"4"
"要"	0	0	0	1	0	0.216	0.121	0.179	0.423	0.061	-0.106	-0.056	-0.086	0.374	-0.027	0.649	"4"
"观"	0	0	0	3	0	0.648	0.362	0.538	1.269	0.183	-0.317	-0.167	-0.257	1.121	-0.082	1.944	"4"
"观察员"	5	0	0	0	0	1.08	0.603	0.896	2.115	0.305	3.327	-0.279	-0.429	-1.194	-0.137	5.366	"1"
"角色"	0	0	0	1	0	0.216	0.121	0.179	0.423	0.061	-0.106	-0.056	-0.086	0.374	-0.027	0.649	"4"
"註明"	0	1	0	0	0	0.216	0.121	0.179	0.423	0.061	-0.106	0.919	-0.086	-0.239	-0.027	1.377	"2"
"註记"	0	0	3	0	0	0.648	0.362	0.538	1.269	0.183	-0.317	-0.167	2.24	-0.716	-0.082	3.522	"3"
"誉"	1	0	0	0	0	0.216	0.121	0.179	0.423	0.061	0.665	-0.056	-0.086	-0.239	-0.027	1.073	"1"
"警察"	0	0	2	0	0	0.432	0.241	0.359	0.846	0.122	-0.211	-0.112	1.493	-0.478	-0.055	2.349	"3"
"警方"	0	0	9	0	0	1.945	1.086	1.613	3.807	0.549	-0.952	-0.502	6.719	-2.149	-0.246	10.568	"3"
"认同"	0	3	0	0	0	0.648	0.362	0.538	1.269	0.183	-0.317	2.756	-0.257	-0.716	-0.082	4.128	"2"
"认定"	0	0	1	0	0	0.216	0.121	0.179	0.423	0.061	-0.106	-0.056	0.747	-0.239	-0.027	1.175	"3"
"认尸"	0	0	1	0	0	0.216	0.121	0.179	0.423	0.061	-0.106	-0.056	0.747	-0.239	-0.027	1.175	"3"
"认证"	0	0	0	1	0	0.216	0.121	0.179	0.423	0.061	-0.106	-0.056	-0.086	0.374	-0.027	0.649	"4"
"认识"	0	0	0	3	0	0.648	0.362	0.538	1.269	0.183	-0.317	-0.167	-0.257	1.121	-0.082	1.944	"4"
"议员"	0	0	1	0	0	0.216	0.121	0.179	0.423	0.061	-0.106	-0.056	0.747	-0.239	-0.027	1.175	"3"
"议长"	1	0	0	0	0	0.216	0.121	0.179	0.423	0.061	0.665	-0.056	-0.086	-0.239	-0.027	1.073	"1"
"记录"	0	0	1	0	0	0.216	0.121	0.179	0.423	0.061	-0.106	-0.056	0.747	-0.239	-0.027	1.175	"3"
"访"	1	0	0	0	0	0.216	0.121	0.179	0.423	0.061	0.665	-0.056	-0.086	-0.239	-0.027	1.073	"1"
"访华"	1	0	0	0	0	0.216	0.121	0.179	0.423	0.061	0.665	-0.056	-0.086	-0.239	-0.027	1.073	"1"
"访巴案"	1	0	0	0	0	0.216	0.121	0.179	0.423	0.061	0.665	-0.056	-0.086	-0.239	-0.027	1.073	"1"
"访问"	8	0	1	0	0	1.945	1.086	1.613	3.807	0.549	4.461	-0.502	-0.3	-2.149	-0.246	7.658	"1"
"证"	0	0	3	0	0	0.648	0.362	0.538	1.269	0.183	-0.317	-0.167	2.24	-0.716	-0.082	3.522	"3"
"证件"	0	0	2	0	0	0.432	0.241	0.359	0.846	0.122	-0.211	-0.112	1.493	-0.478	-0.055	2.349	"3"
"证实"	0	0	2	0	0	0.432	0.241	0.359	0.846	0.122	-0.211	-0.112	1.493	-0.478	-0.055	2.349	"3"
"证明"	0	0	5	1	0	1.297	0.724	1.076	2.538	0.366	-0.634	-0.335	3.025	-0.701	-0.164	4.859	"3"
"试用"	0	0	1	0	0	0.216	0.121	0.179	0.423	0.061	-0.106	-0.056	0.747	-0.239	-0.027	1.175	"3"
"诗人"	1	0	0	0	0	0.216	0.121	0.179	0.423	0.061	0.665	-0.056	-0.086	-0.239	-0.027	1.073	"1"
"语境"	0	1	0	0	0	0.216	0.121	0.179	0.423	0.061	-0.106	0.919	-0.086	-0.239	-0.027	1.377	"2"
"语文"	0	0	0	1	0	0.216	0.121	0.179	0.423	0.061	-0.106	-0.056	-0.086	0.374	-0.027	0.649	"4"
"调查"	1	0	1	0	0	0.432	0.241	0.359	0.846	0.122	0.414	-0.112	0.486	-0.478	-0.055	1.545	"3"
"谈判"	0	0	0	6	1	1.513	0.844	1.255	2.961	0.427	-0.74	-0.391	-0.601	1.593	0.448	3.773	"4"
"谍报员"	0	0	1	0	0	0.216	0.121	0.179	0.423	0.061	-0.106	-0.056	0.747	-0.239	-0.027	1.175	"3"
"谕令"	0	0	1	0	0	0.216	0.121	0.179	0.423	0.061	-0.106	-0.056	0.747	-0.239	-0.027	1.175	"3"
"谘商"	0	0	0	1	0	0.216	0.121	0.179	0.423	0.061	-0.106	-0.056	-0.086	0.374	-0.027	0.649	"4"
"象征"	0	1	0	1	0	0.432	0.241	0.359	0.846	0.122	-0.211	0.645	-0.172	0.176	-0.055	1.259	"2"
"财富"	0	4	0	1	0	1.08	0.603	0.896	2.115	0.305	-0.529	3.019	-0.429	-0.525	-0.137	4.639	"2"
"质疑"	1	0	1	0	0	0.432	0.241	0.359	0.846	0.122	0.414	-0.112	0.486	-0.478	-0.055	1.545	"3"
"购车"	0	0	0	1	0	0.216	0.121	0.179	0.423	0.061	-0.106	-0.056	-0.086	0.374	-0.027	0.649	"4"
"贵宾"	2	0	0	0	0	0.432	0.241	0.359	0.846	0.122	1.331	-0.112	-0.172	-0.478	-0.055	2.148	"1"
"贸易"	0	0	0	9	0	1.945	1.086	1.613	3.807	0.549	-0.952	-0.502	-0.772	3.363	-0.246	5.835	"4"
"贸易法案"	0	1	0	0	0	0.216	0.121	0.179	0.423	0.061	-0.106	0.919	-0.086	-0.239	-0.027	1.377	"2"
"费雪"	0	0	0	1	0	0.216	0.121	0.179	0.423	0.061	-0.106	-0.056	-0.086	0.374	-0.027	0.649	"4"
"贾春旺"	0	0	0	1	0	0.216	0.121	0.179	0.423	0.061	-0.106	-0.056	-0.086	0.374	-0.027	0.649	"4"
"资料"	0	0	4	0	0	0.864	0.483	0.717	1.692	0.244	-0.423	-0.223	2.986	-0.955	-0.109	4.696	"3"
"资格"	3	0	0	1	0	0.864	0.483	0.717	1.692	0.244	1.471	-0.223	-0.343	-0.361	-0.109	2.507	"1"
"资深"	0	1	0	0	0	0.216	0.121	0.179	0.423	0.061	-0.106	0.919	-0.086	-0.239	-0.027	1.377	"2"
"赋予"	0	0	0	1	0	0.216	0.121	0.179	0.423	0.061	-0.106	-0.056	-0.086	0.374	-0.027	0.649	"4"
"赖比瑞亚"	1	0	0	0	0	0.216	0.121	0.179	0.423	0.061	0.665	-0.056	-0.086	-0.239	-0.027	1.073	"1"
"赚"	0	0	0	0	1	0.216	0.121	0.179	0.423	0.061	-0.106	-0.056	-0.086	-0.239	1.214	1.701	"5"
"走访"	1	0	0	0	0	0.216	0.121	0.179	0.423	0.061	0.665	-0.056	-0.086	-0.239	-0.027	1.073	"1"
"赴"	1	0	0	0	0	0.216	0.121	0.179	0.423	0.061	0.665	-0.056	-0.086	-0.239	-0.027	1.073	"1"
"赵明禄"	0	0	1	0	0	0.216	0.121	0.179	0.423	0.061	-0.106	-0.056	0.747	-0.239	-0.027	1.175	"3"
"超然"	0	2	0	0	0	0.432	0.241	0.359	0.846	0.122	-0.211	1.837	-0.172	-0.478	-0.055	2.753	"2"
"超级"	0	0	0	1	0	0.216	0.121	0.179	0.423	0.061	-0.106	-0.056	-0.086	0.374	-0.027	0.649	"4"
"超霸"	0	0	0	1	0	0.216	0.121	0.179	0.423	0.061	-0.106	-0.056	-0.086	0.374	-0.027	0.649	"4"
"越来越"	0	0	0	5	0	1.08	0.603	0.896	2.115	0.305	-0.529	-0.279	-0.429	1.868	-0.137	3.242	"4"
"趋于"	0	0	0	1	0	0.216	0.121	0.179	0.423	0.061	-0.106	-0.056	-0.086	0.374	-0.027	0.649	"4"
"足"	0	0	0	1	0	0.216	0.121	0.179	0.423	0.061	-0.106	-0.056	-0.086	0.374	-0.027	0.649	"4"
"足坛"	0	0	0	1	0	0.216	0.121	0.179	0.423	0.061	-0.106	-0.056	-0.086	0.374	-0.027	0.649	"4"
"跳板"	0	0	0	1	0	0.216	0.121	0.179	0.423	0.061	-0.106	-0.056	-0.086	0.374	-0.027	0.649	"4"
"跳海"	0	0	1	0	0	0.216	0.121	0.179	0.423	0.061	-0.106	-0.056	0.747	-0.239	-0.027	1.175	"3"
"跻身"	0	0	0	0	1	0.216	0.121	0.179	0.423	0.061	-0.106	-0.056	-0.086	-0.239	1.214	1.701	"5"
"身份"	1	2	5	0	0	1.729	0.965	1.434	3.384	0.488	-0.34	0.602	2.194	-1.91	-0.219	5.265	"3"
"身份证"	0	0	1	0	0	0.216	0.121	0.179	0.423	0.061	-0.106	-0.056	0.747	-0.239	-0.027	1.175	"3"
"车主"	0	0	2	0	0	0.432	0.241	0.359	0.846	0.122	-0.211	-0.112	1.493	-0.478	-0.055	2.349	"3"
"车牌"	0	0	1	0	0	0.216	0.121	0.179	0.423	0.061	-0.106	-0.056	0.747	-0.239	-0.027	1.175	"3"
"车臣"	0	1	0	0	0	0.216	0.121	0.179	0.423	0.061	-0.106	0.919	-0.086	-0.239	-0.027	1.377	"2"
"轮值"	0	0	1	0	0	0.216	0.121	0.179	0.423	0.061	-0.106	-0.056	0.747	-0.239	-0.027	1.175	"3"
"软件"	0	0	0	1	0	0.216	0.121	0.179	0.423	0.061	-0.106	-0.056	-0.086	0.374	-0.027	0.649	"4"
"轻"	0	0	0	1	0	0.216	0.121	0.179	0.423	0.061	-0.106	-0.056	-0.086	0.374	-0.027	0.649	"4"
"输入"	0	0	1	0	0	0.216	0.121	0.179	0.423	0.061	-0.106	-0.056	0.747	-0.239	-0.027	1.175	"3"
"辨别"	0	0	2	0	0	0.432	0.241	0.359	0.846	0.122	-0.211	-0.112	1.493	-0.478	-0.055	2.349	"3"
"辨明"	0	0	1	0	0	0.216	0.121	0.179	0.423	0.061	-0.106	-0.056	0.747	-0.239	-0.027	1.175	"3"
"辨认"	0	0	1	0	0	0.216	0.121	0.179	0.423	0.061	-0.106	-0.056	0.747	-0.239	-0.027	1.175	"3"
"辨认出"	0	0	1	0	0	0.216	0.121	0.179	0.423	0.061	-0.106	-0.056	0.747	-0.239	-0.027	1.175	"3"
"边缘"	0	0	0	0	1	0.216	0.121	0.179	0.423	0.061	-0.106	-0.056	-0.086	-0.239	1.214	1.701	"5"
"达成"	0	0	0	1	0	0.216	0.121	0.179	0.423	0.061	-0.106	-0.056	-0.086	0.374	-0.027	0.649	"4"
"迄未"	0	0	1	0	0	0.216	0.121	0.179	0.423	0.061	-0.106	-0.056	0.747	-0.239	-0.027	1.175	"3"
"过来人"	1	0	0	0	0	0.216	0.121	0.179	0.423	0.061	0.665	-0.056	-0.086	-0.239	-0.027	1.073	"1"
"运返"	0	0	1	0	0	0.216	0.121	0.179	0.423	0.061	-0.106	-0.056	0.747	-0.239	-0.027	1.175	"3"
"近年"	0	0	0	2	0	0.432	0.241	0.359	0.846	0.122	-0.211	-0.112	-0.172	0.747	-0.055	1.297	"4"
"还不如"	0	0	1	1	0	0.432	0.241	0.359	0.846	0.122	-0.211	-0.112	0.486	0.176	-0.055	1.04	"3"
"进一步"	0	0	0	6	0	1.297	0.724	1.076	2.538	0.366	-0.634	-0.335	-0.515	2.242	-0.164	3.89	"4"
"进入"	2	0	0	0	0	0.432	0.241	0.359	0.846	0.122	1.331	-0.112	-0.172	-0.478	-0.055	2.148	"1"
"进军"	1	0	0	0	0	0.216	0.121	0.179	0.423	0.061	0.665	-0.056	-0.086	-0.239	-0.027	1.073	"1"
"远远"	0	0	0	1	0	0.216	0.121	0.179	0.423	0.061	-0.106	-0.056	-0.086	0.374	-0.027	0.649	"4"
"迫害"	0	0	1	0	0	0.216	0.121	0.179	0.423	0.061	-0.106	-0.056	0.747	-0.239	-0.027	1.175	"3"
"述职"	1	0	0	0	0	0.216	0.121	0.179	0.423	0.061	0.665	-0.056	-0.086	-0.239	-0.027	1.073	"1"
"追债"	1	0	0	0	0	0.216	0.121	0.179	0.423	0.061	0.665	-0.056	-0.086	-0.239	-0.027	1.073	"1"
"追查到"	0	0	1	0	0	0.216	0.121	0.179	0.423	0.061	-0.106	-0.056	0.747	-0.239	-0.027	1.175	"3"
"逃跑"	0	0	1	0	0	0.216	0.121	0.179	0.423	0.061	-0.106	-0.056	0.747	-0.239	-0.027	1.175	"3"
"选中"	1	0	0	0	0	0.216	0.121	0.179	0.423	0.061	0.665	-0.056	-0.086	-0.239	-0.027	1.073	"1"
"选秀"	1	0	0	0	0	0.216	0.121	0.179	0.423	0.061	0.665	-0.056	-0.086	-0.239	-0.027	1.073	"1"
"透露"	1	0	4	0	0	1.08	0.603	0.896	2.115	0.305	-0.152	-0.279	2.354	-1.194	-0.137	4.116	"3"
"逐步"	0	0	0	1	0	0.216	0.121	0.179	0.423	0.061	-0.106	-0.056	-0.086	0.374	-0.027	0.649	"4"
"逐渐"	0	1	0	3	0	0.864	0.483	0.717	1.692	0.244	-0.423	0.396	-0.343	0.685	-0.109	1.956	"4"
"通用"	0	0	0	1	0	0.216	0.121	0.179	0.423	0.061	-0.106	-0.056	-0.086	0.374	-0.027	0.649	"4"
"通行者"	0	0	1	0	0	0.216	0.121	0.179	0.423	0.061	-0.106	-0.056	0.747	-0.239	-0.027	1.175	"3"
"逾越"	0	1	0	0	0	0.216	0.121	0.179	0.423	0.061	-0.106	0.919	-0.086	-0.239	-0.027	1.377	"2"
"遭"	0	0	3	0	0	0.648	0.362	0.538	1.269	0.183	-0.317	-0.167	2.24	-0.716	-0.082	3.522	"3"
"遭到"	0	0	1	0	0	0.216	0.121	0.179	0.423	0.061	-0.106	-0.056	0.747	-0.239	-0.027	1.175	"3"
"邀请"	3	0	0	0	0	0.648	0.362	0.538	1.269	0.183	1.996	-0.167	-0.257	-0.716	-0.082	3.218	"1"
"邱正雄"	1	0	0	0	0	0.216	0.121	0.179	0.423	0.061	0.665	-0.056	-0.086	-0.239	-0.027	1.073	"1"
"郎"	0	1	0	0	0	0.216	0.121	0.179	0.423	0.061	-0.106	0.919	-0.086	-0.239	-0.027	1.377	"2"
"郭戈"	0	1	0	0	0	0.216	0.121	0.179	0.423	0.061	-0.106	0.919	-0.086	-0.239	-0.027	1.377	"2"
"配住"	0	0	0	1	0	0.216	0.121	0.179	0.423	0.061	-0.106	-0.056	-0.086	0.374	-0.027	0.649	"4"
"配角"	0	0	0	0	1	0.216	0.121	0.179	0.423	0.061	-0.106	-0.056	-0.086	-0.239	1.214	1.701	"5"
"酥麻"	0	0	1	0	0	0.216	0.121	0.179	0.423	0.061	-0.106	-0.056	0.747	-0.239	-0.027	1.175	"3"
"采儿"	0	2	0	0	0	0.432	0.241	0.359	0.846	0.122	-0.211	1.837	-0.172	-0.478	-0.055	2.753	"2"
"重"	0	0	0	5	1	1.297	0.724	1.076	2.538	0.366	-0.634	-0.335	-0.515	1.279	0.502	3.265	"4"
"重建"	0	0	0	2	0	0.432	0.241	0.359	0.846	0.122	-0.211	-0.112	-0.172	0.747	-0.055	1.297	"4"
"重要"	0	0	0	24	1	5.402	3.016	4.482	10.574	1.526	-2.643	-1.396	-2.145	7.797	-0.265	14.246	"4"
"重视"	0	0	0	4	0	0.864	0.483	0.717	1.692	0.244	-0.423	-0.223	-0.343	1.495	-0.109	2.593	"4"
"金炎路"	1	0	0	0	0	0.216	0.121	0.179	0.423	0.061	0.665	-0.056	-0.086	-0.239	-0.027	1.073	"1"
"金融"	0	0	0	4	0	0.864	0.483	0.717	1.692	0.244	-0.423	-0.223	-0.343	1.495	-0.109	2.593	"4"
"金钱"	0	0	0	1	0	0.216	0.121	0.179	0.423	0.061	-0.106	-0.056	-0.086	0.374	-0.027	0.649	"4"
"金门港"	0	1	0	0	0	0.216	0.121	0.179	0.423	0.061	-0.106	0.919	-0.086	-0.239	-0.027	1.377	"2"
"鉴别"	0	0	1	0	0	0.216	0.121	0.179	0.423	0.061	-0.106	-0.056	0.747	-0.239	-0.027	1.175	"3"
"鉴定"	0	0	1	0	0	0.216	0.121	0.179	0.423	0.061	-0.106	-0.056	0.747	-0.239	-0.027	1.175	"3"
"鑑识"	0	0	2	0	0	0.432	0.241	0.359	0.846	0.122	-0.211	-0.112	1.493	-0.478	-0.055	2.349	"3"
"钟表"	0	0	1	0	0	0.216	0.121	0.179	0.423	0.061	-0.106	-0.056	0.747	-0.239	-0.027	1.175	"3"
"钢铁业"	0	0	0	0	1	0.216	0.121	0.179	0.423	0.061	-0.106	-0.056	-0.086	-0.239	1.214	1.701	"5"
"钦佩"	0	0	0	1	0	0.216	0.121	0.179	0.423	0.061	-0.106	-0.056	-0.086	0.374	-0.027	0.649	"4"
"银幕"	0	1	0	0	0	0.216	0.121	0.179	0.423	0.061	-0.106	0.919	-0.086	-0.239	-0.027	1.377	"2"
"锁定"	0	0	1	0	0	0.216	0.121	0.179	0.423	0.061	-0.106	-0.056	0.747	-0.239	-0.027	1.175	"3"
"长"	4	0	0	0	0	0.864	0.483	0.717	1.692	0.244	2.661	-0.223	-0.343	-0.955	-0.109	4.291	"1"
"门户"	0	0	0	1	0	0.216	0.121	0.179	0.423	0.061	-0.106	-0.056	-0.086	0.374	-0.027	0.649	"4"
"阿二"	0	0	0	1	0	0.216	0.121	0.179	0.423	0.061	-0.106	-0.056	-0.086	0.374	-0.027	0.649	"4"
"阿姆鲁"	0	0	0	1	0	0.216	0.121	0.179	0.423	0.061	-0.106	-0.056	-0.086	0.374	-0.027	0.649	"4"
"阿拉伯"	0	0	0	2	0	0.432	0.241	0.359	0.846	0.122	-0.211	-0.112	-0.172	0.747	-0.055	1.297	"4"
"阿盟"	1	0	0	0	0	0.216	0.121	0.179	0.423	0.061	0.665	-0.056	-0.086	-0.239	-0.027	1.073	"1"
"阿诺"	0	1	0	0	0	0.216	0.121	0.179	0.423	0.061	-0.106	0.919	-0.086	-0.239	-0.027	1.377	"2"
"附属"	0	0	0	1	0	0.216	0.121	0.179	0.423	0.061	-0.106	-0.056	-0.086	0.374	-0.027	0.649	"4"
"际"	0	0	0	3	0	0.648	0.362	0.538	1.269	0.183	-0.317	-0.167	-0.257	1.121	-0.082	1.944	"4"
"陆委会"	0	1	0	0	0	0.216	0.121	0.179	0.423	0.061	-0.106	0.919	-0.086	-0.239	-0.027	1.377	"2"
"陈东璧"	0	0	0	1	0	0.216	0.121	0.179	0.423	0.061	-0.106	-0.056	-0.086	0.374	-0.027	0.649	"4"
"陈信安"	1	0	0	0	0	0.216	0.121	0.179	0.423	0.061	0.665	-0.056	-0.086	-0.239	-0.027	1.073	"1"
"陈明通"	1	0	0	0	0	0.216	0.121	0.179	0.423	0.061	0.665	-0.056	-0.086	-0.239	-0.027	1.073	"1"
"降低"	0	0	0	1	0	0.216	0.121	0.179	0.423	0.061	-0.106	-0.056	-0.086	0.374	-0.027	0.649	"4"
"院长"	3	0	0	0	0	0.648	0.362	0.538	1.269	0.183	1.996	-0.167	-0.257	-0.716	-0.082	3.218	"1"
"除去"	0	0	1	0	0	0.216	0.121	0.179	0.423	0.061	-0.106	-0.056	0.747	-0.239	-0.027	1.175	"3"
"随着"	0	0	0	1	0	0.216	0.121	0.179	0.423	0.061	-0.106	-0.056	-0.086	0.374	-0.027	0.649	"4"
"随行"	0	1	0	0	0	0.216	0.121	0.179	0.423	0.061	-0.106	0.919	-0.086	-0.239	-0.027	1.377	"2"
"隐喻"	0	1	0	0	0	0.216	0.121	0.179	0.423	0.061	-0.106	0.919	-0.086	-0.239	-0.027	1.377	"2"
"隐瞒"	0	1	0	0	0	0.216	0.121	0.179	0.423	0.061	-0.106	0.919	-0.086	-0.239	-0.027	1.377	"2"
"隔离者"	0	0	2	0	0	0.432	0.241	0.359	0.846	0.122	-0.211	-0.112	1.493	-0.478	-0.055	2.349	"3"
"难保"	0	1	0	0	0	0.216	0.121	0.179	0.423	0.061	-0.106	0.919	-0.086	-0.239	-0.027	1.377	"2"
"难民"	0	0	0	1	0	0.216	0.121	0.179	0.423	0.061	-0.106	-0.056	-0.086	0.374	-0.027	0.649	"4"
"需"	0	0	1	0	0	0.216	0.121	0.179	0.423	0.061	-0.106	-0.056	0.747	-0.239	-0.027	1.175	"3"
"霸主"	0	0	0	4	0	0.864	0.483	0.717	1.692	0.244	-0.423	-0.223	-0.343	1.495	-0.109	2.593	"4"
"霸权"	0	0	0	1	0	0.216	0.121	0.179	0.423	0.061	-0.106	-0.056	-0.086	0.374	-0.027	0.649	"4"
"非"	2	0	1	0	0	0.648	0.362	0.538	1.269	0.183	0.921	-0.167	0.35	-0.716	-0.082	2.236	"1"
"非公有制"	0	0	0	1	0	0.216	0.121	0.179	0.423	0.061	-0.106	-0.056	-0.086	0.374	-0.027	0.649	"4"
"非正式"	1	0	0	0	0	0.216	0.121	0.179	0.423	0.061	0.665	-0.056	-0.086	-0.239	-0.027	1.073	"1"
"非法"	0	0	1	0	0	0.216	0.121	0.179	0.423	0.061	-0.106	-0.056	0.747	-0.239	-0.027	1.175	"3"
"韩国人"	1	0	0	0	0	0.216	0.121	0.179	0.423	0.061	0.665	-0.056	-0.086	-0.239	-0.027	1.073	"1"
"韩美"	0	0	0	2	0	0.432	0.241	0.359	0.846	0.122	-0.211	-0.112	-0.172	0.747	-0.055	1.297	"4"
"顾问"	2	0	0	0	0	0.432	0.241	0.359	0.846	0.122	1.331	-0.112	-0.172	-0.478	-0.055	2.148	"1"
"领"	0	0	0	0	1	0.216	0.121	0.179	0.423	0.061	-0.106	-0.056	-0.086	-0.239	1.214	1.701	"5"
"领事"	0	0	1	0	0	0.216	0.121	0.179	0.423	0.061	-0.106	-0.056	0.747	-0.239	-0.027	1.175	"3"
"领先"	0	0	0	0	18	3.89	2.172	3.227	7.613	1.099	-1.903	-1.005	-1.544	-4.298	21.858	30.608	"5"
"领域"	0	0	0	3	0	0.648	0.362	0.538	1.269	0.183	-0.317	-0.167	-0.257	1.121	-0.082	1.944	"4"
"领域处"	0	0	0	0	1	0.216	0.121	0.179	0.423	0.061	-0.106	-0.056	-0.086	-0.239	1.214	1.701	"5"
"领头"	0	0	0	1	0	0.216	0.121	0.179	0.423	0.061	-0.106	-0.056	-0.086	0.374	-0.027	0.649	"4"
"领导"	0	0	0	6	0	1.297	0.724	1.076	2.538	0.366	-0.634	-0.335	-0.515	2.242	-0.164	3.89	"4"
"领导性"	0	0	0	1	0	0.216	0.121	0.179	0.423	0.061	-0.106	-0.056	-0.086	0.374	-0.027	0.649	"4"
"领袖"	3	0	0	0	0	0.648	0.362	0.538	1.269	0.183	1.996	-0.167	-0.257	-0.716	-0.082	3.218	"1"
"飙车"	0	0	1	0	0	0.216	0.121	0.179	0.423	0.061	-0.106	-0.056	0.747	-0.239	-0.027	1.175	"3"
"饥饿"	1	0	0	0	0	0.216	0.121	0.179	0.423	0.061	0.665	-0.056	-0.086	-0.239	-0.027	1.073	"1"
"饶颖奇"	0	1	0	0	0	0.216	0.121	0.179	0.423	0.061	-0.106	0.919	-0.086	-0.239	-0.027	1.377	"2"
"首要"	0	1	0	0	0	0.216	0.121	0.179	0.423	0.061	-0.106	0.919	-0.086	-0.239	-0.027	1.377	"2"
"首长"	0	0	0	1	0	0.216	0.121	0.179	0.423	0.061	-0.106	-0.056	-0.086	0.374	-0.027	0.649	"4"
"马哈迪"	1	0	0	0	0	0.216	0.121	0.179	0.423	0.061	0.665	-0.056	-0.086	-0.239	-0.027	1.073	"1"
"马拉威"	1	0	0	0	0	0.216	0.121	0.179	0.423	0.061	0.665	-0.056	-0.086	-0.239	-0.027	1.073	"1"
"马永成"	0	0	0	1	0	0.216	0.121	0.179	0.423	0.061	-0.106	-0.056	-0.086	0.374	-0.027	0.649	"4"
"驻吉"	0	0	0	1	0	0.216	0.121	0.179	0.423	0.061	-0.106	-0.056	-0.086	0.374	-0.027	0.649	"4"
"驻韩"	0	0	0	2	0	0.432	0.241	0.359	0.846	0.122	-0.211	-0.112	-0.172	0.747	-0.055	1.297	"4"
"驾驶人"	0	0	1	0	0	0.216	0.121	0.179	0.423	0.061	-0.106	-0.056	0.747	-0.239	-0.027	1.175	"3"
"验证"	0	0	2	0	0	0.432	0.241	0.359	0.846	0.122	-0.211	-0.112	1.493	-0.478	-0.055	2.349	"3"
"高坛"	0	0	0	1	0	0.216	0.121	0.179	0.423	0.061	-0.106	-0.056	-0.086	0.374	-0.027	0.649	"4"
"高层"	0	1	0	0	0	0.216	0.121	0.179	0.423	0.061	-0.106	0.919	-0.086	-0.239	-0.027	1.377	"2"
"高强度"	0	0	0	1	0	0.216	0.121	0.179	0.423	0.061	-0.106	-0.056	-0.086	0.374	-0.027	0.649	"4"
"高科技区"	0	1	0	0	0	0.216	0.121	0.179	0.423	0.061	-0.106	0.919	-0.086	-0.239	-0.027	1.377	"2"
"魔法兄"	0	0	1	0	0	0.216	0.121	0.179	0.423	0.061	-0.106	-0.056	0.747	-0.239	-0.027	1.175	"3"
"鲁莽"	0	1	0	0	0	0.216	0.121	0.179	0.423	0.061	-0.106	0.919	-0.086	-0.239	-0.027	1.377	"2"
"鲁迅"	0	1	0	0	0	0.216	0.121	0.179	0.423	0.061	-0.106	0.919	-0.086	-0.239	-0.027	1.377	"2"
"黄根"	0	0	1	0	0	0.216	0.121	0.179	0.423	0.061	-0.106	-0.056	0.747	-0.239	-0.027	1.175	"3"
"黄海岱"	0	1	0	0	0	0.216	0.121	0.179	0.423	0.061	-0.106	0.919	-0.086	-0.239	-0.027	1.377	"2"
"黑山"	0	1	0	1	0	0.432	0.241	0.359	0.846	0.122	-0.211	0.645	-0.172	0.176	-0.055	1.259	"2"
"黑道"	0	0	0	2	0	0.432	0.241	0.359	0.846	0.122	-0.211	-0.112	-0.172	0.747	-0.055	1.297	"4"
"龙头"	0	0	0	2	0	0.432	0.241	0.359	0.846	0.122	-0.211	-0.112	-0.172	0.747	-0.055	1.297	"4"
"龙应"	1	0	0	0	0	0.216	0.121	0.179	0.423	0.061	0.665	-0.056	-0.086	-0.239	-0.027	1.073	"1"
