"Coll_Word"	"1"	"2"	"3"	"exp_1"	"exp_2"	"exp_3"	"pbin_1"	"pbin_2"	"pbin_3"	"SumAbsDev"	"LargestDev"
"－－"	2	0	0	1.426	0.262	0.313	0.294	-0.122	-0.148	0.564	"1"
"︶"	3	1	0	2.851	0.523	0.626	0.171	0.367	-0.296	0.834	"2"
"》"	3	0	4	4.989	0.915	1.095	-0.958	-0.426	1.851	3.235	"3"
"%"	7	0	0	4.989	0.915	1.095	1.029	-0.426	-0.517	1.972	"1"
"0.16"	1	0	0	0.713	0.131	0.156	0.147	-0.061	-0.074	0.282	"1"
"0.43"	0	0	1	0.713	0.131	0.156	-0.542	-0.061	0.806	1.409	"3"
"0048"	1	0	1	1.426	0.262	0.313	-0.308	-0.122	0.54	0.97	"3"
"1.4％"	1	0	0	0.713	0.131	0.156	0.147	-0.061	-0.074	0.282	"1"
"1.8"	0	0	1	0.713	0.131	0.156	-0.542	-0.061	0.806	1.409	"3"
"1％"	1	0	0	0.713	0.131	0.156	0.147	-0.061	-0.074	0.282	"1"
"10％"	1	0	0	0.713	0.131	0.156	0.147	-0.061	-0.074	0.282	"1"
"100"	0	0	1	0.713	0.131	0.156	-0.542	-0.061	0.806	1.409	"3"
"1000"	3	0	0	2.138	0.392	0.469	0.441	-0.183	-0.222	0.846	"1"
"1080"	1	0	0	0.713	0.131	0.156	0.147	-0.061	-0.074	0.282	"1"
"1080万"	2	0	0	1.426	0.262	0.313	0.294	-0.122	-0.148	0.564	"1"
"14日电"	1	0	0	0.713	0.131	0.156	0.147	-0.061	-0.074	0.282	"1"
"1520亿"	1	0	0	0.713	0.131	0.156	0.147	-0.061	-0.074	0.282	"1"
"1561"	0	0	1	0.713	0.131	0.156	-0.542	-0.061	0.806	1.409	"3"
"168"	0	0	1	0.713	0.131	0.156	-0.542	-0.061	0.806	1.409	"3"
"169"	0	0	1	0.713	0.131	0.156	-0.542	-0.061	0.806	1.409	"3"
"1994年"	0	0	1	0.713	0.131	0.156	-0.542	-0.061	0.806	1.409	"3"
"1999年"	1	0	1	1.426	0.262	0.313	-0.308	-0.122	0.54	0.97	"3"
"1万4000"	1	0	0	0.713	0.131	0.156	0.147	-0.061	-0.074	0.282	"1"
"1亿8420万"	1	0	0	0.713	0.131	0.156	0.147	-0.061	-0.074	0.282	"1"
"2000"	0	6	0	4.277	0.785	0.939	-3.251	5.301	-0.443	8.995	"2"
"21.21"	2	0	0	1.426	0.262	0.313	0.294	-0.122	-0.148	0.564	"1"
"22.73"	1	0	0	0.713	0.131	0.156	0.147	-0.061	-0.074	0.282	"1"
"2220亿"	1	0	0	0.713	0.131	0.156	0.147	-0.061	-0.074	0.282	"1"
"271万"	1	0	0	0.713	0.131	0.156	0.147	-0.061	-0.074	0.282	"1"
"27亿"	1	0	0	0.713	0.131	0.156	0.147	-0.061	-0.074	0.282	"1"
"29.6"	1	0	0	0.713	0.131	0.156	0.147	-0.061	-0.074	0.282	"1"
"2万5000"	0	0	1	0.713	0.131	0.156	-0.542	-0.061	0.806	1.409	"3"
"3.90"	0	0	1	0.713	0.131	0.156	-0.542	-0.061	0.806	1.409	"3"
"30"	0	0	7	4.989	0.915	1.095	-3.792	-0.426	5.639	9.857	"3"
"300"	0	0	1	0.713	0.131	0.156	-0.542	-0.061	0.806	1.409	"3"
"31.1％"	1	0	0	0.713	0.131	0.156	0.147	-0.061	-0.074	0.282	"1"
"320多"	1	0	0	0.713	0.131	0.156	0.147	-0.061	-0.074	0.282	"1"
"3341.8"	1	0	0	0.713	0.131	0.156	0.147	-0.061	-0.074	0.282	"1"
"368"	1	0	0	0.713	0.131	0.156	0.147	-0.061	-0.074	0.282	"1"
"3G"	1	0	0	0.713	0.131	0.156	0.147	-0.061	-0.074	0.282	"1"
"4.03％"	1	0	0	0.713	0.131	0.156	0.147	-0.061	-0.074	0.282	"1"
"4.37％"	1	0	0	0.713	0.131	0.156	0.147	-0.061	-0.074	0.282	"1"
"4000万"	1	0	0	0.713	0.131	0.156	0.147	-0.061	-0.074	0.282	"1"
"43％"	1	0	0	0.713	0.131	0.156	0.147	-0.061	-0.074	0.282	"1"
"461"	1	0	0	0.713	0.131	0.156	0.147	-0.061	-0.074	0.282	"1"
"５"	1	0	0	0.713	0.131	0.156	0.147	-0.061	-0.074	0.282	"1"
"500"	0	0	4	2.851	0.523	0.626	-2.167	-0.243	3.222	5.632	"3"
"5000万"	1	0	0	0.713	0.131	0.156	0.147	-0.061	-0.074	0.282	"1"
"55.4"	1	0	0	0.713	0.131	0.156	0.147	-0.061	-0.074	0.282	"1"
"57.73"	1	0	0	0.713	0.131	0.156	0.147	-0.061	-0.074	0.282	"1"
"65"	1	0	0	0.713	0.131	0.156	0.147	-0.061	-0.074	0.282	"1"
"65万"	1	0	0	0.713	0.131	0.156	0.147	-0.061	-0.074	0.282	"1"
"7％"	1	0	0	0.713	0.131	0.156	0.147	-0.061	-0.074	0.282	"1"
"75"	1	0	0	0.713	0.131	0.156	0.147	-0.061	-0.074	0.282	"1"
"77％"	1	0	0	0.713	0.131	0.156	0.147	-0.061	-0.074	0.282	"1"
"83万6000"	1	0	0	0.713	0.131	0.156	0.147	-0.061	-0.074	0.282	"1"
"8800万"	1	0	0	0.713	0.131	0.156	0.147	-0.061	-0.074	0.282	"1"
"891027"	0	0	1	0.713	0.131	0.156	-0.542	-0.061	0.806	1.409	"3"
"891117"	1	0	0	0.713	0.131	0.156	0.147	-0.061	-0.074	0.282	"1"
"891219"	1	0	0	0.713	0.131	0.156	0.147	-0.061	-0.074	0.282	"1"
"8亿"	1	0	0	0.713	0.131	0.156	0.147	-0.061	-0.074	0.282	"1"
"9.1"	0	0	1	0.713	0.131	0.156	-0.542	-0.061	0.806	1.409	"3"
"9.5％"	1	0	0	0.713	0.131	0.156	0.147	-0.061	-0.074	0.282	"1"
"916"	1	0	0	0.713	0.131	0.156	0.147	-0.061	-0.074	0.282	"1"
"A"	1	0	0	0.713	0.131	0.156	0.147	-0.061	-0.074	0.282	"1"
"Ascendas"	1	0	0	0.713	0.131	0.156	0.147	-0.061	-0.074	0.282	"1"
"BWResources"	1	0	0	0.713	0.131	0.156	0.147	-0.061	-0.074	0.282	"1"
"CAC40"	0	0	3	2.138	0.392	0.469	-1.625	-0.183	2.417	4.225	"3"
"CEPA"	1	0	0	0.713	0.131	0.156	0.147	-0.061	-0.074	0.282	"1"
"Chase"	1	0	0	0.713	0.131	0.156	0.147	-0.061	-0.074	0.282	"1"
"DAX30"	0	0	6	4.277	0.785	0.939	-3.251	-0.365	4.833	8.449	"3"
"DBS"	1	0	0	0.713	0.131	0.156	0.147	-0.061	-0.074	0.282	"1"
"DRAM"	0	0	1	0.713	0.131	0.156	-0.542	-0.061	0.806	1.409	"3"
"EastgateTechnology"	1	0	0	0.713	0.131	0.156	0.147	-0.061	-0.074	0.282	"1"
"Elling"	1	0	0	0.713	0.131	0.156	0.147	-0.061	-0.074	0.282	"1"
"FII"	1	0	0	0.713	0.131	0.156	0.147	-0.061	-0.074	0.282	"1"
"George"	1	0	0	0.713	0.131	0.156	0.147	-0.061	-0.074	0.282	"1"
"H&amp;Q"	1	0	0	0.713	0.131	0.156	0.147	-0.061	-0.074	0.282	"1"
"H股"	1	0	0	0.713	0.131	0.156	0.147	-0.061	-0.074	0.282	"1"
"IBM"	1	0	1	1.426	0.262	0.313	-0.308	-0.122	0.54	0.97	"3"
"ICICI"	1	0	0	0.713	0.131	0.156	0.147	-0.061	-0.074	0.282	"1"
"PaineWebber"	1	0	0	0.713	0.131	0.156	0.147	-0.061	-0.074	0.282	"1"
"QFII"	2	0	0	1.426	0.262	0.313	0.294	-0.122	-0.148	0.564	"1"
"ST"	1	0	0	0.713	0.131	0.156	0.147	-0.061	-0.074	0.282	"1"
"Vodafone"	2	0	0	1.426	0.262	0.313	0.294	-0.122	-0.148	0.564	"1"
"一九九零年"	0	1	0	0.713	0.131	0.156	-0.542	0.884	-0.074	1.5	"2"
"一千五百六十一"	0	0	1	0.713	0.131	0.156	-0.542	-0.061	0.806	1.409	"3"
"一点一"	1	0	0	0.713	0.131	0.156	0.147	-0.061	-0.074	0.282	"1"
"一百九十三亿"	1	0	0	0.713	0.131	0.156	0.147	-0.061	-0.074	0.282	"1"
"一百八十八点三三亿"	1	0	0	0.713	0.131	0.156	0.147	-0.061	-0.074	0.282	"1"
"一百四十二点三"	0	1	0	0.713	0.131	0.156	-0.542	0.884	-0.074	1.5	"2"
"一目了然"	1	0	0	0.713	0.131	0.156	0.147	-0.061	-0.074	0.282	"1"
"一般"	1	0	0	0.713	0.131	0.156	0.147	-0.061	-0.074	0.282	"1"
"万盛"	0	0	3	2.138	0.392	0.469	-1.625	-0.183	2.417	4.225	"3"
"丈"	1	0	0	0.713	0.131	0.156	0.147	-0.061	-0.074	0.282	"1"
"三万余"	1	0	0	0.713	0.131	0.156	0.147	-0.061	-0.074	0.282	"1"
"三亿五"	0	1	0	0.713	0.131	0.156	-0.542	0.884	-0.074	1.5	"2"
"三兆多"	0	1	0	0.713	0.131	0.156	-0.542	0.884	-0.074	1.5	"2"
"三公"	1	0	0	0.713	0.131	0.156	0.147	-0.061	-0.074	0.282	"1"
"三分之一"	1	0	0	0.713	0.131	0.156	0.147	-0.061	-0.074	0.282	"1"
"三峡"	1	0	0	0.713	0.131	0.156	0.147	-0.061	-0.074	0.282	"1"
"三日电"	1	0	0	0.713	0.131	0.156	0.147	-0.061	-0.074	0.282	"1"
"三百万"	0	1	0	0.713	0.131	0.156	-0.542	0.884	-0.074	1.5	"2"
"上亿"	1	0	0	0.713	0.131	0.156	0.147	-0.061	-0.074	0.282	"1"
"上升"	0	5	11	11.404	2.092	2.503	-8.668	1.318	5.556	15.542	"1"
"上升股"	0	5	0	3.564	0.654	0.782	-2.709	4.418	-0.369	7.496	"2"
"上市"	27	10	0	26.372	4.838	5.789	0.308	1.75	-2.734	4.792	"3"
"上市公司"	11	2	0	9.266	1.7	2.034	0.635	0.282	-0.961	1.878	"3"
"上市柜"	3	0	0	2.138	0.392	0.469	0.441	-0.183	-0.222	0.846	"1"
"上扬"	1	3	4	5.702	1.046	1.252	-3.015	1.123	1.607	5.745	"1"
"上柜"	11	0	0	7.84	1.438	1.721	1.618	-0.669	-0.813	3.1	"1"
"上海"	4	3	0	4.989	0.915	1.095	-0.489	1.284	-0.517	2.29	"2"
"上涨"	1	1	5	4.989	0.915	1.095	-2.528	0.204	2.827	5.559	"3"
"上限"	3	0	0	2.138	0.392	0.469	0.441	-0.183	-0.222	0.846	"1"
"下单"	2	0	0	1.426	0.262	0.313	0.294	-0.122	-0.148	0.564	"1"
"下挫"	0	1	4	3.564	0.654	0.782	-2.709	0.298	2.581	5.588	"1"
"下滑"	0	0	1	0.713	0.131	0.156	-0.542	-0.061	0.806	1.409	"3"
"下跌"	2	4	9	10.692	1.961	2.347	-5.291	0.912	3.944	10.147	"1"
"下跌股"	0	4	3	4.989	0.915	1.095	-3.792	2.133	1.086	7.011	"1"
"下降"	0	0	3	2.138	0.392	0.469	-1.625	-0.183	2.417	4.225	"3"
"不切"	0	0	1	0.713	0.131	0.156	-0.542	-0.061	0.806	1.409	"3"
"不动产"	1	0	0	0.713	0.131	0.156	0.147	-0.061	-0.074	0.282	"1"
"不受"	0	0	1	0.713	0.131	0.156	-0.542	-0.061	0.806	1.409	"3"
"不寻常"	0	1	0	0.713	0.131	0.156	-0.542	0.884	-0.074	1.5	"2"
"不得"	3	0	0	2.138	0.392	0.469	0.441	-0.183	-0.222	0.846	"1"
"不振"	0	0	1	0.713	0.131	0.156	-0.542	-0.061	0.806	1.409	"3"
"丘某"	1	0	0	0.713	0.131	0.156	0.147	-0.061	-0.074	0.282	"1"
"业"	4	0	0	2.851	0.523	0.626	0.588	-0.243	-0.296	1.127	"1"
"业务"	8	1	0	6.415	1.177	1.408	0.658	-0.176	-0.665	1.499	"3"
"业者"	0	1	0	0.713	0.131	0.156	-0.542	0.884	-0.074	1.5	"2"
"东京"	0	1	0	0.713	0.131	0.156	-0.542	0.884	-0.074	1.5	"2"
"丧失"	1	0	0	0.713	0.131	0.156	0.147	-0.061	-0.074	0.282	"1"
"个体"	1	0	0	0.713	0.131	0.156	0.147	-0.061	-0.074	0.282	"1"
"个股"	0	1	0	0.713	0.131	0.156	-0.542	0.884	-0.074	1.5	"2"
"中介"	1	0	0	0.713	0.131	0.156	0.147	-0.061	-0.074	0.282	"1"
"中信"	2	0	0	1.426	0.262	0.313	0.294	-0.122	-0.148	0.564	"1"
"中原"	1	0	0	0.713	0.131	0.156	0.147	-0.061	-0.074	0.282	"1"
"中国"	8	0	0	5.702	1.046	1.252	1.176	-0.487	-0.591	2.254	"1"
"中国石"	1	0	0	0.713	0.131	0.156	0.147	-0.061	-0.074	0.282	"1"
"中国证监会"	2	1	0	2.138	0.392	0.469	-0.195	0.464	-0.222	0.881	"2"
"中型"	1	0	0	0.713	0.131	0.156	0.147	-0.061	-0.074	0.282	"1"
"中心"	10	0	0	7.128	1.308	1.565	1.471	-0.609	-0.739	2.819	"1"
"中方"	1	0	0	0.713	0.131	0.156	0.147	-0.061	-0.074	0.282	"1"
"丰原"	1	0	0	0.713	0.131	0.156	0.147	-0.061	-0.074	0.282	"1"
"主管"	4	1	0	3.564	0.654	0.782	0.256	0.298	-0.369	0.923	"3"
"主营"	1	0	0	0.713	0.131	0.156	0.147	-0.061	-0.074	0.282	"1"
"乌云密布"	1	0	0	0.713	0.131	0.156	0.147	-0.061	-0.074	0.282	"1"
"乌龙"	0	1	0	0.713	0.131	0.156	-0.542	0.884	-0.074	1.5	"2"
"乐山"	1	0	0	0.713	0.131	0.156	0.147	-0.061	-0.074	0.282	"1"
"乐意"	1	0	0	0.713	0.131	0.156	0.147	-0.061	-0.074	0.282	"1"
"乙烯"	1	0	0	0.713	0.131	0.156	0.147	-0.061	-0.074	0.282	"1"
"九十二"	1	0	0	0.713	0.131	0.156	0.147	-0.061	-0.074	0.282	"1"
"九百二"	1	0	0	0.713	0.131	0.156	0.147	-0.061	-0.074	0.282	"1"
"九龙"	1	0	0	0.713	0.131	0.156	0.147	-0.061	-0.074	0.282	"1"
"乡镇企业"	1	0	0	0.713	0.131	0.156	0.147	-0.061	-0.074	0.282	"1"
"买"	3	0	1	2.851	0.523	0.626	0.171	-0.243	0.307	0.721	"3"
"买下"	1	0	0	0.713	0.131	0.156	0.147	-0.061	-0.074	0.282	"1"
"买卖"	25	0	0	17.819	3.269	3.912	3.676	-1.522	-1.847	7.045	"1"
"买回"	6	0	0	4.277	0.785	0.939	0.882	-0.365	-0.443	1.69	"1"
"买超"	3	0	0	2.138	0.392	0.469	0.441	-0.183	-0.222	0.846	"1"
"买进"	5	1	1	4.989	0.915	1.095	0.17	0.204	-0.156	0.53	"2"
"乳品厂"	2	0	0	1.426	0.262	0.313	0.294	-0.122	-0.148	0.564	"1"
"事业"	6	0	0	4.277	0.785	0.939	0.882	-0.365	-0.443	1.69	"1"
"二亿二千三"	1	0	0	0.713	0.131	0.156	0.147	-0.061	-0.074	0.282	"1"
"二十五日电"	0	1	0	0.713	0.131	0.156	-0.542	0.884	-0.074	1.5	"2"
"二成"	1	0	0	0.713	0.131	0.156	0.147	-0.061	-0.074	0.282	"1"
"二日电"	1	0	0	0.713	0.131	0.156	0.147	-0.061	-0.074	0.282	"1"
"二百"	1	0	0	0.713	0.131	0.156	0.147	-0.061	-0.074	0.282	"1"
"二百七十"	1	0	0	0.713	0.131	0.156	0.147	-0.061	-0.074	0.282	"1"
"二百五十四点九九亿"	1	0	0	0.713	0.131	0.156	0.147	-0.061	-0.074	0.282	"1"
"二百零八"	1	0	0	0.713	0.131	0.156	0.147	-0.061	-0.074	0.282	"1"
"五亿"	1	0	0	0.713	0.131	0.156	0.147	-0.061	-0.074	0.282	"1"
"五信"	1	0	0	0.713	0.131	0.156	0.147	-0.061	-0.074	0.282	"1"
"五十二亿"	1	0	0	0.713	0.131	0.156	0.147	-0.061	-0.074	0.282	"1"
"五百三十三点七五七"	1	0	0	0.713	0.131	0.156	0.147	-0.061	-0.074	0.282	"1"
"亚洲"	6	0	1	4.989	0.915	1.095	0.447	-0.426	-0.156	1.029	"1"
"交"	1	1	2	2.851	0.523	0.626	-1.129	0.367	0.928	2.424	"1"
"交割"	2	0	0	1.426	0.262	0.313	0.294	-0.122	-0.148	0.564	"1"
"交办"	1	0	0	0.713	0.131	0.156	0.147	-0.061	-0.074	0.282	"1"
"交换"	2	0	0	1.426	0.262	0.313	0.294	-0.122	-0.148	0.564	"1"
"交易"	28	8	3	27.798	5.1	6.102	0.258	0.889	-0.918	2.065	"3"
"交易员"	1	0	1	1.426	0.262	0.313	-0.308	-0.122	0.54	0.97	"3"
"交易商"	1	0	0	0.713	0.131	0.156	0.147	-0.061	-0.074	0.282	"1"
"交易所"	10	58	1	49.181	9.023	10.796	-21.873	39.64	-3.959	65.472	"2"
"交易所市"	0	1	0	0.713	0.131	0.156	-0.542	0.884	-0.074	1.5	"2"
"交易日"	0	0	6	4.277	0.785	0.939	-3.251	-0.365	4.833	8.449	"3"
"交易法"	6	0	0	4.277	0.785	0.939	0.882	-0.365	-0.443	1.69	"1"
"交易税"	1	0	0	0.713	0.131	0.156	0.147	-0.061	-0.074	0.282	"1"
"交易量"	1	1	0	1.426	0.262	0.313	-0.308	0.612	-0.148	1.068	"2"
"交易额"	0	0	1	0.713	0.131	0.156	-0.542	-0.061	0.806	1.409	"3"
"亦即"	1	0	0	0.713	0.131	0.156	0.147	-0.061	-0.074	0.282	"1"
"产"	1	0	0	0.713	0.131	0.156	0.147	-0.061	-0.074	0.282	"1"
"京"	1	0	0	0.713	0.131	0.156	0.147	-0.061	-0.074	0.282	"1"
"京华"	3	0	0	2.138	0.392	0.469	0.441	-0.183	-0.222	0.846	"1"
"人头"	1	0	0	0.713	0.131	0.156	0.147	-0.061	-0.074	0.282	"1"
"仇彦英"	1	0	0	0.713	0.131	0.156	0.147	-0.061	-0.074	0.282	"1"
"今"	2	2	0	2.851	0.523	0.626	-0.487	1.068	-0.296	1.851	"2"
"今天"	15	1	0	11.404	2.092	2.503	1.481	-0.441	-1.182	3.104	"1"
"从业"	1	0	0	0.713	0.131	0.156	0.147	-0.061	-0.074	0.282	"1"
"从中"	1	0	0	0.713	0.131	0.156	0.147	-0.061	-0.074	0.282	"1"
"从事"	3	0	0	2.138	0.392	0.469	0.441	-0.183	-0.222	0.846	"1"
"从而"	0	0	1	0.713	0.131	0.156	-0.542	-0.061	0.806	1.409	"3"
"仓"	1	0	0	0.713	0.131	0.156	0.147	-0.061	-0.074	0.282	"1"
"代客"	1	0	0	0.713	0.131	0.156	0.147	-0.061	-0.074	0.282	"1"
"代工"	0	0	1	0.713	0.131	0.156	-0.542	-0.061	0.806	1.409	"3"
"代理"	1	0	0	0.713	0.131	0.156	0.147	-0.061	-0.074	0.282	"1"
"代理商"	1	0	0	0.713	0.131	0.156	0.147	-0.061	-0.074	0.282	"1"
"代表"	0	11	0	7.84	1.438	1.721	-5.959	9.719	-0.813	16.491	"2"
"代表处"	1	0	0	0.713	0.131	0.156	0.147	-0.061	-0.074	0.282	"1"
"以上"	1	0	0	0.713	0.131	0.156	0.147	-0.061	-0.074	0.282	"1"
"以期"	1	0	0	0.713	0.131	0.156	0.147	-0.061	-0.074	0.282	"1"
"仲介"	1	0	0	0.713	0.131	0.156	0.147	-0.061	-0.074	0.282	"1"
"价"	0	0	1	0.713	0.131	0.156	-0.542	-0.061	0.806	1.409	"3"
"价值"	4	0	0	2.851	0.523	0.626	0.588	-0.243	-0.296	1.127	"1"
"价格"	0	1	24	17.819	3.269	3.912	-13.544	-0.844	18.007	32.395	"3"
"任一"	1	0	0	0.713	0.131	0.156	0.147	-0.061	-0.074	0.282	"1"
"企业"	15	0	0	10.692	1.961	2.347	2.206	-0.913	-1.108	4.227	"1"
"伍永富"	0	0	1	0.713	0.131	0.156	-0.542	-0.061	0.806	1.409	"3"
"会计师"	1	0	0	0.713	0.131	0.156	0.147	-0.061	-0.074	0.282	"1"
"会长"	1	0	0	0.713	0.131	0.156	0.147	-0.061	-0.074	0.282	"1"
"估"	1	0	0	0.713	0.131	0.156	0.147	-0.061	-0.074	0.282	"1"
"低"	4	0	1	3.564	0.654	0.782	0.256	-0.304	0.242	0.802	"2"
"低于"	1	0	1	1.426	0.262	0.313	-0.308	-0.122	0.54	0.97	"3"
"低价"	1	0	0	0.713	0.131	0.156	0.147	-0.061	-0.074	0.282	"1"
"低迷"	0	0	1	0.713	0.131	0.156	-0.542	-0.061	0.806	1.409	"3"
"佐敦"	1	0	0	0.713	0.131	0.156	0.147	-0.061	-0.074	0.282	"1"
"何荣旺"	1	0	0	0.713	0.131	0.156	0.147	-0.061	-0.074	0.282	"1"
"佘"	2	0	0	1.426	0.262	0.313	0.294	-0.122	-0.148	0.564	"1"
"余额"	1	0	0	0.713	0.131	0.156	0.147	-0.061	-0.074	0.282	"1"
"作业"	0	2	0	1.426	0.262	0.313	-1.084	1.767	-0.148	2.999	"2"
"作废"	1	0	0	0.713	0.131	0.156	0.147	-0.061	-0.074	0.282	"1"
"作收"	1	0	0	0.713	0.131	0.156	0.147	-0.061	-0.074	0.282	"1"
"佣金"	5	0	0	3.564	0.654	0.782	0.735	-0.304	-0.369	1.408	"1"
"佳福"	1	0	0	0.713	0.131	0.156	0.147	-0.061	-0.074	0.282	"1"
"供求"	1	0	0	0.713	0.131	0.156	0.147	-0.061	-0.074	0.282	"1"
"依"	3	0	0	2.138	0.392	0.469	0.441	-0.183	-0.222	0.846	"1"
"依据"	1	1	0	1.426	0.262	0.313	-0.308	0.612	-0.148	1.068	"2"
"依违"	1	0	0	0.713	0.131	0.156	0.147	-0.061	-0.074	0.282	"1"
"保管"	1	0	0	0.713	0.131	0.156	0.147	-0.061	-0.074	0.282	"1"
"保证金"	1	0	0	0.713	0.131	0.156	0.147	-0.061	-0.074	0.282	"1"
"保险"	2	0	0	1.426	0.262	0.313	0.294	-0.122	-0.148	0.564	"1"
"保险业"	1	0	0	0.713	0.131	0.156	0.147	-0.061	-0.074	0.282	"1"
"信用"	1	1	0	1.426	0.262	0.313	-0.308	0.612	-0.148	1.068	"2"
"信託"	2	0	0	1.426	0.262	0.313	0.294	-0.122	-0.148	0.564	"1"
"修正"	5	0	0	3.564	0.654	0.782	0.735	-0.304	-0.369	1.408	"1"
"修正案"	2	0	0	1.426	0.262	0.313	0.294	-0.122	-0.148	0.564	"1"
"修订"	1	1	0	1.426	0.262	0.313	-0.308	0.612	-0.148	1.068	"2"
"俱乐部"	1	0	0	0.713	0.131	0.156	0.147	-0.061	-0.074	0.282	"1"
"倍"	3	0	0	2.138	0.392	0.469	0.441	-0.183	-0.222	0.846	"1"
"倘若"	1	0	0	0.713	0.131	0.156	0.147	-0.061	-0.074	0.282	"1"
"借款"	1	0	0	0.713	0.131	0.156	0.147	-0.061	-0.074	0.282	"1"
"债券"	7	0	1	5.702	1.046	1.252	0.551	-0.487	-0.196	1.234	"1"
"债务"	1	0	0	0.713	0.131	0.156	0.147	-0.061	-0.074	0.282	"1"
"值"	1	0	1	1.426	0.262	0.313	-0.308	-0.122	0.54	0.97	"3"
"健全"	3	0	0	2.138	0.392	0.469	0.441	-0.183	-0.222	0.846	"1"
"偿还"	1	0	0	0.713	0.131	0.156	0.147	-0.061	-0.074	0.282	"1"
"储蓄"	1	0	0	0.713	0.131	0.156	0.147	-0.061	-0.074	0.282	"1"
"僱用"	1	0	0	0.713	0.131	0.156	0.147	-0.061	-0.074	0.282	"1"
"允许"	1	1	0	1.426	0.262	0.313	-0.308	0.612	-0.148	1.068	"2"
"元大"	2	0	0	1.426	0.262	0.313	0.294	-0.122	-0.148	0.564	"1"
"元富"	4	0	0	2.851	0.523	0.626	0.588	-0.243	-0.296	1.127	"1"
"兄弟"	3	0	0	2.138	0.392	0.469	0.441	-0.183	-0.222	0.846	"1"
"充当"	1	0	0	0.713	0.131	0.156	0.147	-0.061	-0.074	0.282	"1"
"光罩"	3	0	0	2.138	0.392	0.469	0.441	-0.183	-0.222	0.846	"1"
"入市"	1	0	0	0.713	0.131	0.156	0.147	-0.061	-0.074	0.282	"1"
"全权"	2	1	0	2.138	0.392	0.469	-0.195	0.464	-0.222	0.881	"2"
"全部"	3	0	0	2.138	0.392	0.469	0.441	-0.183	-0.222	0.846	"1"
"全额"	1	0	0	0.713	0.131	0.156	0.147	-0.061	-0.074	0.282	"1"
"全额交割股"	1	0	0	0.713	0.131	0.156	0.147	-0.061	-0.074	0.282	"1"
"八人"	1	0	0	0.713	0.131	0.156	0.147	-0.061	-0.074	0.282	"1"
"八十一点七六五"	1	0	0	0.713	0.131	0.156	0.147	-0.061	-0.074	0.282	"1"
"八十二亿"	1	0	0	0.713	0.131	0.156	0.147	-0.061	-0.074	0.282	"1"
"八四"	1	0	0	0.713	0.131	0.156	0.147	-0.061	-0.074	0.282	"1"
"公"	6	0	0	4.277	0.785	0.939	0.882	-0.365	-0.443	1.69	"1"
"公佈"	1	0	1	1.426	0.262	0.313	-0.308	-0.122	0.54	0.97	"3"
"公司"	89	17	9	81.968	15.038	17.994	1.061	0.478	-2.001	3.54	"3"
"公司制"	1	0	0	0.713	0.131	0.156	0.147	-0.061	-0.074	0.282	"1"
"公司法"	1	1	0	1.426	0.262	0.313	-0.308	0.612	-0.148	1.068	"2"
"公告"	1	1	0	1.426	0.262	0.313	-0.308	0.612	-0.148	1.068	"2"
"公安部门"	1	0	0	0.713	0.131	0.156	0.147	-0.061	-0.074	0.282	"1"
"公开"	7	0	0	4.989	0.915	1.095	1.029	-0.426	-0.517	1.972	"1"
"公积金"	1	0	0	0.713	0.131	0.156	0.147	-0.061	-0.074	0.282	"1"
"公积金局"	2	0	0	1.426	0.262	0.313	0.294	-0.122	-0.148	0.564	"1"
"公诚"	1	0	0	0.713	0.131	0.156	0.147	-0.061	-0.074	0.282	"1"
"公路"	1	0	0	0.713	0.131	0.156	0.147	-0.061	-0.074	0.282	"1"
"六万六千四百"	1	0	0	0.713	0.131	0.156	0.147	-0.061	-0.074	0.282	"1"
"六亿"	1	0	0	0.713	0.131	0.156	0.147	-0.061	-0.074	0.282	"1"
"六千八百"	1	0	0	0.713	0.131	0.156	0.147	-0.061	-0.074	0.282	"1"
"六点九"	0	1	0	0.713	0.131	0.156	-0.542	0.884	-0.074	1.5	"2"
"共有"	0	0	2	1.426	0.262	0.313	-1.084	-0.122	1.611	2.817	"3"
"兴业"	2	0	0	1.426	0.262	0.313	0.294	-0.122	-0.148	0.564	"1"
"其"	7	0	0	4.989	0.915	1.095	1.029	-0.426	-0.517	1.972	"1"
"内地"	2	0	0	1.426	0.262	0.313	0.294	-0.122	-0.148	0.564	"1"
"冠"	1	0	0	0.713	0.131	0.156	0.147	-0.061	-0.074	0.282	"1"
"净"	1	0	0	0.713	0.131	0.156	0.147	-0.061	-0.074	0.282	"1"
"净值"	2	0	0	1.426	0.262	0.313	0.294	-0.122	-0.148	0.564	"1"
"净利"	1	0	0	0.713	0.131	0.156	0.147	-0.061	-0.074	0.282	"1"
"减"	1	0	0	0.713	0.131	0.156	0.147	-0.061	-0.074	0.282	"1"
"凭证"	2	0	0	1.426	0.262	0.313	0.294	-0.122	-0.148	0.564	"1"
"凯基"	1	0	0	0.713	0.131	0.156	0.147	-0.061	-0.074	0.282	"1"
"出人意料"	0	0	1	0.713	0.131	0.156	-0.542	-0.061	0.806	1.409	"3"
"出品"	1	0	0	0.713	0.131	0.156	0.147	-0.061	-0.074	0.282	"1"
"出售"	14	1	0	10.692	1.961	2.347	1.358	-0.4	-1.108	2.866	"1"
"出资"	1	0	0	0.713	0.131	0.156	0.147	-0.061	-0.074	0.282	"1"
"分公司"	2	0	0	1.426	0.262	0.313	0.294	-0.122	-0.148	0.564	"1"
"分发给"	1	0	0	0.713	0.131	0.156	0.147	-0.061	-0.074	0.282	"1"
"分批"	1	0	0	0.713	0.131	0.156	0.147	-0.061	-0.074	0.282	"1"
"分拆"	2	0	0	1.426	0.262	0.313	0.294	-0.122	-0.148	0.564	"1"
"分析"	1	0	1	1.426	0.262	0.313	-0.308	-0.122	0.54	0.97	"3"
"分析员"	3	0	0	2.138	0.392	0.469	0.441	-0.183	-0.222	0.846	"1"
"分析师"	4	0	0	2.851	0.523	0.626	0.588	-0.243	-0.296	1.127	"1"
"刑法"	1	0	0	0.713	0.131	0.156	0.147	-0.061	-0.074	0.282	"1"
"划拨"	1	0	0	0.713	0.131	0.156	0.147	-0.061	-0.074	0.282	"1"
"则"	6	2	2	7.128	1.308	1.565	-0.499	0.416	0.319	1.234	"1"
"创业"	1	0	0	0.713	0.131	0.156	0.147	-0.061	-0.074	0.282	"1"
"创办"	2	0	0	1.426	0.262	0.313	0.294	-0.122	-0.148	0.564	"1"
"创投"	1	0	0	0.713	0.131	0.156	0.147	-0.061	-0.074	0.282	"1"
"初次"	2	0	0	1.426	0.262	0.313	0.294	-0.122	-0.148	0.564	"1"
"利害"	1	0	0	0.713	0.131	0.156	0.147	-0.061	-0.074	0.282	"1"
"制"	10	0	0	7.128	1.308	1.565	1.471	-0.609	-0.739	2.819	"1"
"制度"	2	0	0	1.426	0.262	0.313	0.294	-0.122	-0.148	0.564	"1"
"制成"	1	0	0	0.713	0.131	0.156	0.147	-0.061	-0.074	0.282	"1"
"制药"	2	0	0	1.426	0.262	0.313	0.294	-0.122	-0.148	0.564	"1"
"制运营"	1	0	0	0.713	0.131	0.156	0.147	-0.061	-0.074	0.282	"1"
"券"	4	0	0	2.851	0.523	0.626	0.588	-0.243	-0.296	1.127	"1"
"券商"	7	0	0	4.989	0.915	1.095	1.029	-0.426	-0.517	1.972	"1"
"刺激"	1	0	0	0.713	0.131	0.156	0.147	-0.061	-0.074	0.282	"1"
"削减"	1	0	0	0.713	0.131	0.156	0.147	-0.061	-0.074	0.282	"1"
"前市"	0	0	1	0.713	0.131	0.156	-0.542	-0.061	0.806	1.409	"3"
"前财政部长"	2	0	0	1.426	0.262	0.313	0.294	-0.122	-0.148	0.564	"1"
"前身"	2	0	0	1.426	0.262	0.313	0.294	-0.122	-0.148	0.564	"1"
"副总经理"	1	2	1	2.851	0.523	0.626	-1.129	1.068	0.307	2.504	"1"
"副总裁"	1	0	0	0.713	0.131	0.156	0.147	-0.061	-0.074	0.282	"1"
"副署长"	1	0	0	0.713	0.131	0.156	0.147	-0.061	-0.074	0.282	"1"
"力麒"	1	0	0	0.713	0.131	0.156	0.147	-0.061	-0.074	0.282	"1"
"办法"	2	0	0	1.426	0.262	0.313	0.294	-0.122	-0.148	0.564	"1"
"办理"	5	0	0	3.564	0.654	0.782	0.735	-0.304	-0.369	1.408	"1"
"加权"	0	0	2	1.426	0.262	0.313	-1.084	-0.122	1.611	2.817	"3"
"务"	2	0	0	1.426	0.262	0.313	0.294	-0.122	-0.148	0.564	"1"
"动力"	1	0	0	0.713	0.131	0.156	0.147	-0.061	-0.074	0.282	"1"
"动机"	1	0	0	0.713	0.131	0.156	0.147	-0.061	-0.074	0.282	"1"
"包销"	5	0	0	3.564	0.654	0.782	0.735	-0.304	-0.369	1.408	"1"
"化"	5	0	0	3.564	0.654	0.782	0.735	-0.304	-0.369	1.408	"1"
"化学"	1	0	0	0.713	0.131	0.156	0.147	-0.061	-0.074	0.282	"1"
"化学生"	1	0	0	0.713	0.131	0.156	0.147	-0.061	-0.074	0.282	"1"
"化工"	2	0	0	1.426	0.262	0.313	0.294	-0.122	-0.148	0.564	"1"
"北京"	2	0	0	1.426	0.262	0.313	0.294	-0.122	-0.148	0.564	"1"
"医疗类"	1	0	0	0.713	0.131	0.156	0.147	-0.061	-0.074	0.282	"1"
"医药"	1	0	0	0.713	0.131	0.156	0.147	-0.061	-0.074	0.282	"1"
"十九亿"	1	0	0	0.713	0.131	0.156	0.147	-0.061	-0.074	0.282	"1"
"十八日电"	1	0	0	0.713	0.131	0.156	0.147	-0.061	-0.074	0.282	"1"
"十月"	1	0	0	0.713	0.131	0.156	0.147	-0.061	-0.074	0.282	"1"
"千一百十七点三"	1	0	0	0.713	0.131	0.156	0.147	-0.061	-0.074	0.282	"1"
"千亿"	1	0	0	0.713	0.131	0.156	0.147	-0.061	-0.074	0.282	"1"
"升"	0	1	2	2.138	0.392	0.469	-1.625	0.464	1.182	3.271	"1"
"升任"	1	0	0	0.713	0.131	0.156	0.147	-0.061	-0.074	0.282	"1"
"升高"	0	0	1	0.713	0.131	0.156	-0.542	-0.061	0.806	1.409	"3"
"华侨"	6	0	0	4.277	0.785	0.939	0.882	-0.365	-0.443	1.69	"1"
"华国"	1	0	0	0.713	0.131	0.156	0.147	-0.061	-0.074	0.282	"1"
"华夏"	2	0	0	1.426	0.262	0.313	0.294	-0.122	-0.148	0.564	"1"
"华尔街"	1	0	2	2.138	0.392	0.469	-0.699	-0.183	1.182	2.064	"3"
"华晨"	1	0	0	0.713	0.131	0.156	0.147	-0.061	-0.074	0.282	"1"
"华电信"	1	0	1	1.426	0.262	0.313	-0.308	-0.122	0.54	0.97	"3"
"华硕"	1	0	0	0.713	0.131	0.156	0.147	-0.061	-0.074	0.282	"1"
"协会"	9	0	0	6.415	1.177	1.408	1.323	-0.548	-0.665	2.536	"1"
"协议"	2	0	0	1.426	0.262	0.313	0.294	-0.122	-0.148	0.564	"1"
"单一"	3	0	0	2.138	0.392	0.469	0.441	-0.183	-0.222	0.846	"1"
"卖"	2	0	0	1.426	0.262	0.313	0.294	-0.122	-0.148	0.564	"1"
"卖出"	3	0	0	2.138	0.392	0.469	0.441	-0.183	-0.222	0.846	"1"
"卖单"	1	0	0	0.713	0.131	0.156	0.147	-0.061	-0.074	0.282	"1"
"南方"	1	0	0	0.713	0.131	0.156	0.147	-0.061	-0.074	0.282	"1"
"南非币"	0	0	1	0.713	0.131	0.156	-0.542	-0.061	0.806	1.409	"3"
"博卡"	1	0	0	0.713	0.131	0.156	0.147	-0.061	-0.074	0.282	"1"
"占"	3	0	0	2.138	0.392	0.469	0.441	-0.183	-0.222	0.846	"1"
"占有"	1	0	0	0.713	0.131	0.156	0.147	-0.061	-0.074	0.282	"1"
"印刷"	1	0	0	0.713	0.131	0.156	0.147	-0.061	-0.074	0.282	"1"
"即"	0	0	1	0.713	0.131	0.156	-0.542	-0.061	0.806	1.409	"3"
"即可"	1	0	0	0.713	0.131	0.156	0.147	-0.061	-0.074	0.282	"1"
"原"	1	0	0	0.713	0.131	0.156	0.147	-0.061	-0.074	0.282	"1"
"原先"	1	0	0	0.713	0.131	0.156	0.147	-0.061	-0.074	0.282	"1"
"参考"	1	0	0	0.713	0.131	0.156	0.147	-0.061	-0.074	0.282	"1"
"双双"	0	1	0	0.713	0.131	0.156	-0.542	0.884	-0.074	1.5	"2"
"反弹"	0	0	1	0.713	0.131	0.156	-0.542	-0.061	0.806	1.409	"3"
"发售"	4	0	0	2.851	0.523	0.626	0.588	-0.243	-0.296	1.127	"1"
"发放"	1	0	0	0.713	0.131	0.156	0.147	-0.061	-0.074	0.282	"1"
"发行"	15	0	0	10.692	1.961	2.347	2.206	-0.913	-1.108	4.227	"1"
"取得"	3	0	0	2.138	0.392	0.469	0.441	-0.183	-0.222	0.846	"1"
"受託"	1	0	0	0.713	0.131	0.156	0.147	-0.061	-0.074	0.282	"1"
"变好"	1	0	0	0.713	0.131	0.156	0.147	-0.061	-0.074	0.282	"1"
"变更"	1	0	0	0.713	0.131	0.156	0.147	-0.061	-0.074	0.282	"1"
"只"	2	0	11	9.266	1.7	2.034	-4.332	-0.791	7.104	12.227	"3"
"可取"	1	0	0	0.713	0.131	0.156	0.147	-0.061	-0.074	0.282	"1"
"台北"	5	2	0	4.989	0.915	1.095	0.17	0.638	-0.517	1.325	"2"
"台湾"	11	12	0	16.394	3.008	3.599	-1.821	5.083	-1.7	8.604	"2"
"台股"	1	0	0	0.713	0.131	0.156	0.147	-0.061	-0.074	0.282	"1"
"台苯"	1	0	0	0.713	0.131	0.156	0.147	-0.061	-0.074	0.282	"1"
"台资"	1	0	0	0.713	0.131	0.156	0.147	-0.061	-0.074	0.282	"1"
"台达电"	1	0	0	0.713	0.131	0.156	0.147	-0.061	-0.074	0.282	"1"
"史坦柏格"	1	0	0	0.713	0.131	0.156	0.147	-0.061	-0.074	0.282	"1"
"司"	6	2	0	5.702	1.046	1.252	0.233	0.55	-0.591	1.374	"3"
"吁"	1	0	0	0.713	0.131	0.156	0.147	-0.061	-0.074	0.282	"1"
"合作制"	1	0	0	0.713	0.131	0.156	0.147	-0.061	-0.074	0.282	"1"
"合併"	2	0	0	1.426	0.262	0.313	0.294	-0.122	-0.148	0.564	"1"
"合并"	1	0	0	0.713	0.131	0.156	0.147	-0.061	-0.074	0.282	"1"
"合计"	3	0	0	2.138	0.392	0.469	0.441	-0.183	-0.222	0.846	"1"
"吉林"	1	0	0	0.713	0.131	0.156	0.147	-0.061	-0.074	0.282	"1"
"吉隆坡"	0	2	0	1.426	0.262	0.313	-1.084	1.767	-0.148	2.999	"2"
"同意"	3	1	0	2.851	0.523	0.626	0.171	0.367	-0.296	0.834	"2"
"名义"	3	0	0	2.138	0.392	0.469	0.441	-0.183	-0.222	0.846	"1"
"名词"	1	0	0	0.713	0.131	0.156	0.147	-0.061	-0.074	0.282	"1"
"后势"	0	0	1	0.713	0.131	0.156	-0.542	-0.061	0.806	1.409	"3"
"后者"	2	0	0	1.426	0.262	0.313	0.294	-0.122	-0.148	0.564	"1"
"吕新建"	0	0	2	1.426	0.262	0.313	-1.084	-0.122	1.611	2.817	"3"
"吴"	2	0	0	1.426	0.262	0.313	0.294	-0.122	-0.148	0.564	"1"
"吴光雄"	0	1	0	0.713	0.131	0.156	-0.542	0.884	-0.074	1.5	"2"
"吴当杰"	2	0	0	1.426	0.262	0.313	0.294	-0.122	-0.148	0.564	"1"
"吸"	1	0	0	0.713	0.131	0.156	0.147	-0.061	-0.074	0.282	"1"
"吸引力"	2	0	0	1.426	0.262	0.313	0.294	-0.122	-0.148	0.564	"1"
"吸纳"	1	0	0	0.713	0.131	0.156	0.147	-0.061	-0.074	0.282	"1"
"呈报"	1	0	0	0.713	0.131	0.156	0.147	-0.061	-0.074	0.282	"1"
"告"	1	2	0	2.138	0.392	0.469	-0.699	1.33	-0.222	2.251	"2"
"员工"	1	0	0	0.713	0.131	0.156	0.147	-0.061	-0.074	0.282	"1"
"周小川"	1	0	0	0.713	0.131	0.156	0.147	-0.061	-0.074	0.282	"1"
"周正"	1	0	0	0.713	0.131	0.156	0.147	-0.061	-0.074	0.282	"1"
"周郁复"	1	0	0	0.713	0.131	0.156	0.147	-0.061	-0.074	0.282	"1"
"咨询"	1	0	0	0.713	0.131	0.156	0.147	-0.061	-0.074	0.282	"1"
"哈尔"	1	0	0	0.713	0.131	0.156	0.147	-0.061	-0.074	0.282	"1"
"哈里斯"	1	0	0	0.713	0.131	0.156	0.147	-0.061	-0.074	0.282	"1"
"哈飞"	1	0	0	0.713	0.131	0.156	0.147	-0.061	-0.074	0.282	"1"
"售"	2	0	0	1.426	0.262	0.313	0.294	-0.122	-0.148	0.564	"1"
"售股"	2	0	0	1.426	0.262	0.313	0.294	-0.122	-0.148	0.564	"1"
"唯"	2	0	0	1.426	0.262	0.313	0.294	-0.122	-0.148	0.564	"1"
"商业"	6	0	0	4.277	0.785	0.939	0.882	-0.365	-0.443	1.69	"1"
"善尽"	1	0	0	0.713	0.131	0.156	0.147	-0.061	-0.074	0.282	"1"
"四十五"	0	1	0	0.713	0.131	0.156	-0.542	0.884	-0.074	1.5	"2"
"四百多"	1	0	0	0.713	0.131	0.156	0.147	-0.061	-0.074	0.282	"1"
"回升"	0	0	1	0.713	0.131	0.156	-0.542	-0.061	0.806	1.409	"3"
"回吐"	0	0	1	0.713	0.131	0.156	-0.542	-0.061	0.806	1.409	"3"
"回扣"	1	0	0	0.713	0.131	0.156	0.147	-0.061	-0.074	0.282	"1"
"回扯"	0	0	1	0.713	0.131	0.156	-0.542	-0.061	0.806	1.409	"3"
"回报"	2	0	0	1.426	0.262	0.313	0.294	-0.122	-0.148	0.564	"1"
"回流"	1	0	0	0.713	0.131	0.156	0.147	-0.061	-0.074	0.282	"1"
"回软"	0	0	1	0.713	0.131	0.156	-0.542	-0.061	0.806	1.409	"3"
"因而"	2	0	0	1.426	0.262	0.313	0.294	-0.122	-0.148	0.564	"1"
"国丰"	1	0	0	0.713	0.131	0.156	0.147	-0.061	-0.074	0.282	"1"
"国企"	1	0	0	0.713	0.131	0.156	0.147	-0.061	-0.074	0.282	"1"
"国信"	1	0	0	0.713	0.131	0.156	0.147	-0.061	-0.074	0.282	"1"
"国内"	3	0	1	2.851	0.523	0.626	0.171	-0.243	0.307	0.721	"3"
"国安"	2	0	0	1.426	0.262	0.313	0.294	-0.122	-0.148	0.564	"1"
"国有"	6	0	0	4.277	0.785	0.939	0.882	-0.365	-0.443	1.69	"1"
"国有企业"	1	0	0	0.713	0.131	0.156	0.147	-0.061	-0.074	0.282	"1"
"国有股"	1	0	0	0.713	0.131	0.156	0.147	-0.061	-0.074	0.282	"1"
"国泰"	0	0	1	0.713	0.131	0.156	-0.542	-0.061	0.806	1.409	"3"
"国祥制冷"	1	0	0	0.713	0.131	0.156	0.147	-0.061	-0.074	0.282	"1"
"在下"	1	0	0	0.713	0.131	0.156	0.147	-0.061	-0.074	0.282	"1"
"地产"	1	0	1	1.426	0.262	0.313	-0.308	-0.122	0.54	0.97	"3"
"型态"	1	0	0	0.713	0.131	0.156	0.147	-0.061	-0.074	0.282	"1"
"城建"	1	0	0	0.713	0.131	0.156	0.147	-0.061	-0.074	0.282	"1"
"埸"	1	0	0	0.713	0.131	0.156	0.147	-0.061	-0.074	0.282	"1"
"基"	1	0	0	0.713	0.131	0.156	0.147	-0.061	-0.074	0.282	"1"
"基亚"	0	0	1	0.713	0.131	0.156	-0.542	-0.061	0.806	1.409	"3"
"基金"	16	1	0	12.117	2.223	2.66	1.605	-0.484	-1.256	3.345	"1"
"基金法"	1	0	0	0.713	0.131	0.156	0.147	-0.061	-0.074	0.282	"1"
"堪称"	1	0	0	0.713	0.131	0.156	0.147	-0.061	-0.074	0.282	"1"
"塑胶"	1	0	0	0.713	0.131	0.156	0.147	-0.061	-0.074	0.282	"1"
"填补"	0	0	1	0.713	0.131	0.156	-0.542	-0.061	0.806	1.409	"3"
"境内"	1	0	0	0.713	0.131	0.156	0.147	-0.061	-0.074	0.282	"1"
"境外"	4	0	0	2.851	0.523	0.626	0.588	-0.243	-0.296	1.127	"1"
"增持"	1	0	0	0.713	0.131	0.156	0.147	-0.061	-0.074	0.282	"1"
"声称"	2	0	0	1.426	0.262	0.313	0.294	-0.122	-0.148	0.564	"1"
"处以"	2	0	0	1.426	0.262	0.313	0.294	-0.122	-0.148	0.564	"1"
"处分"	5	0	0	3.564	0.654	0.782	0.735	-0.304	-0.369	1.408	"1"
"备忘录"	1	0	0	0.713	0.131	0.156	0.147	-0.061	-0.074	0.282	"1"
"复甦"	1	0	0	0.713	0.131	0.156	0.147	-0.061	-0.074	0.282	"1"
"外国"	2	0	0	1.426	0.262	0.313	0.294	-0.122	-0.148	0.564	"1"
"外汇"	1	0	0	0.713	0.131	0.156	0.147	-0.061	-0.074	0.282	"1"
"外资"	7	1	0	5.702	1.046	1.252	0.551	-0.144	-0.591	1.286	"3"
"外资企业"	1	0	0	0.713	0.131	0.156	0.147	-0.061	-0.074	0.282	"1"
"外资股"	1	0	0	0.713	0.131	0.156	0.147	-0.061	-0.074	0.282	"1"
"大东"	4	0	0	2.851	0.523	0.626	0.588	-0.243	-0.296	1.127	"1"
"大东方"	1	0	0	0.713	0.131	0.156	0.147	-0.061	-0.074	0.282	"1"
"大中型企业"	1	0	0	0.713	0.131	0.156	0.147	-0.061	-0.074	0.282	"1"
"大信"	1	0	0	0.713	0.131	0.156	0.147	-0.061	-0.074	0.282	"1"
"大公司"	0	0	1	0.713	0.131	0.156	-0.542	-0.061	0.806	1.409	"3"
"大减"	1	0	0	0.713	0.131	0.156	0.147	-0.061	-0.074	0.282	"1"
"大华"	3	0	0	2.138	0.392	0.469	0.441	-0.183	-0.222	0.846	"1"
"大卫杰乐"	1	0	0	0.713	0.131	0.156	0.147	-0.061	-0.074	0.282	"1"
"大同"	1	0	0	0.713	0.131	0.156	0.147	-0.061	-0.074	0.282	"1"
"大宗"	1	0	0	0.713	0.131	0.156	0.147	-0.061	-0.074	0.282	"1"
"大幅"	0	1	3	2.851	0.523	0.626	-2.167	0.367	1.869	4.403	"1"
"大涨"	1	0	0	0.713	0.131	0.156	0.147	-0.061	-0.074	0.282	"1"
"大盘"	0	0	4	2.851	0.523	0.626	-2.167	-0.243	3.222	5.632	"3"
"大肆"	0	0	1	0.713	0.131	0.156	-0.542	-0.061	0.806	1.409	"3"
"大股东"	1	0	0	0.713	0.131	0.156	0.147	-0.061	-0.074	0.282	"1"
"大跌"	1	0	2	2.138	0.392	0.469	-0.699	-0.183	1.182	2.064	"3"
"大量"	0	1	3	2.851	0.523	0.626	-2.167	0.367	1.869	4.403	"1"
"天"	1	0	0	0.713	0.131	0.156	0.147	-0.061	-0.074	0.282	"1"
"天津"	2	0	0	1.426	0.262	0.313	0.294	-0.122	-0.148	0.564	"1"
"太平"	1	0	0	0.713	0.131	0.156	0.147	-0.061	-0.074	0.282	"1"
"太平洋"	2	0	0	1.426	0.262	0.313	0.294	-0.122	-0.148	0.564	"1"
"太极"	1	0	0	0.713	0.131	0.156	0.147	-0.061	-0.074	0.282	"1"
"头奖"	0	1	0	0.713	0.131	0.156	-0.542	0.884	-0.074	1.5	"2"
"奇才队"	2	0	0	1.426	0.262	0.313	0.294	-0.122	-0.148	0.564	"1"
"奇摩"	1	0	0	0.713	0.131	0.156	0.147	-0.061	-0.074	0.282	"1"
"契约"	1	0	0	0.713	0.131	0.156	0.147	-0.061	-0.074	0.282	"1"
"套"	0	0	1	0.713	0.131	0.156	-0.542	-0.061	0.806	1.409	"3"
"套利"	0	0	1	0.713	0.131	0.156	-0.542	-0.061	0.806	1.409	"3"
"套牢"	1	0	0	0.713	0.131	0.156	0.147	-0.061	-0.074	0.282	"1"
"妓院"	2	0	0	1.426	0.262	0.313	0.294	-0.122	-0.148	0.564	"1"
"委任"	0	2	0	1.426	0.262	0.313	-1.084	1.767	-0.148	2.999	"2"
"委员会"	9	0	0	6.415	1.177	1.408	1.323	-0.548	-0.665	2.536	"1"
"委託"	4	2	0	4.277	0.785	0.939	-0.258	0.746	-0.443	1.447	"2"
"子公司"	1	0	0	0.713	0.131	0.156	0.147	-0.061	-0.074	0.282	"1"
"存款"	2	0	0	1.426	0.262	0.313	0.294	-0.122	-0.148	0.564	"1"
"学妹"	1	0	0	0.713	0.131	0.156	0.147	-0.061	-0.074	0.282	"1"
"学弟"	1	0	0	0.713	0.131	0.156	0.147	-0.061	-0.074	0.282	"1"
"安鼐"	2	0	0	1.426	0.262	0.313	0.294	-0.122	-0.148	0.564	"1"
"宏福"	1	0	0	0.713	0.131	0.156	0.147	-0.061	-0.074	0.282	"1"
"宝来"	1	0	0	0.713	0.131	0.156	0.147	-0.061	-0.074	0.282	"1"
"宝讯通"	1	0	0	0.713	0.131	0.156	0.147	-0.061	-0.074	0.282	"1"
"实业"	3	0	0	2.138	0.392	0.469	0.441	-0.183	-0.222	0.846	"1"
"实征"	1	0	0	0.713	0.131	0.156	0.147	-0.061	-0.074	0.282	"1"
"实行退"	1	0	0	0.713	0.131	0.156	0.147	-0.061	-0.074	0.282	"1"
"审查"	0	1	0	0.713	0.131	0.156	-0.542	0.884	-0.074	1.5	"2"
"客户"	7	0	0	4.989	0.915	1.095	1.029	-0.426	-0.517	1.972	"1"
"客滚船"	1	0	0	0.713	0.131	0.156	0.147	-0.061	-0.074	0.282	"1"
"家"	23	1	3	19.245	3.531	4.225	1.111	-0.939	-0.43	2.48	"1"
"家数"	1	0	0	0.713	0.131	0.156	0.147	-0.061	-0.074	0.282	"1"
"富春"	0	1	0	0.713	0.131	0.156	-0.542	0.884	-0.074	1.5	"2"
"富邦"	4	0	0	2.851	0.523	0.626	0.588	-0.243	-0.296	1.127	"1"
"对沖基金"	2	0	0	1.426	0.262	0.313	0.294	-0.122	-0.148	0.564	"1"
"导致"	1	0	1	1.426	0.262	0.313	-0.308	-0.122	0.54	0.97	"3"
"将"	1	0	0	0.713	0.131	0.156	0.147	-0.061	-0.074	0.282	"1"
"小公"	0	2	0	1.426	0.262	0.313	-1.084	1.767	-0.148	2.999	"2"
"小幅"	0	1	3	2.851	0.523	0.626	-2.167	0.367	1.869	4.403	"1"
"尔布吕"	1	0	0	0.713	0.131	0.156	0.147	-0.061	-0.074	0.282	"1"
"尖兵"	1	0	0	0.713	0.131	0.156	0.147	-0.061	-0.074	0.282	"1"
"展望"	2	0	0	1.426	0.262	0.313	0.294	-0.122	-0.148	0.564	"1"
"属于"	1	0	0	0.713	0.131	0.156	0.147	-0.061	-0.074	0.282	"1"
"岁入"	1	0	0	0.713	0.131	0.156	0.147	-0.061	-0.074	0.282	"1"
"崛"	1	0	0	0.713	0.131	0.156	0.147	-0.061	-0.074	0.282	"1"
"工业"	3	0	8	7.84	1.438	1.721	-2.499	-0.669	4.422	7.59	"3"
"工作表"	1	0	0	0.713	0.131	0.156	0.147	-0.061	-0.074	0.282	"1"
"工商"	2	0	0	1.426	0.262	0.313	0.294	-0.122	-0.148	0.564	"1"
"已"	1	0	0	0.713	0.131	0.156	0.147	-0.061	-0.074	0.282	"1"
"巴兰"	1	0	0	0.713	0.131	0.156	0.147	-0.061	-0.074	0.282	"1"
"巴黎"	0	0	3	2.138	0.392	0.469	-1.625	-0.183	2.417	4.225	"3"
"市价"	2	0	0	1.426	0.262	0.313	0.294	-0.122	-0.148	0.564	"1"
"市值"	5	0	0	3.564	0.654	0.782	0.735	-0.304	-0.369	1.408	"1"
"市兴望"	1	0	0	0.713	0.131	0.156	0.147	-0.061	-0.074	0.282	"1"
"市场"	51	13	4	48.468	8.892	10.64	0.526	0.995	-1.886	3.407	"3"
"市场价"	1	4	0	3.564	0.654	0.782	-1.581	2.883	-0.369	4.833	"2"
"师"	1	0	0	0.713	0.131	0.156	0.147	-0.061	-0.074	0.282	"1"
"师宋生文"	1	0	0	0.713	0.131	0.156	0.147	-0.061	-0.074	0.282	"1"
"帐户"	1	0	0	0.713	0.131	0.156	0.147	-0.061	-0.074	0.282	"1"
"带动"	1	0	2	2.138	0.392	0.469	-0.699	-0.183	1.182	2.064	"3"
"平均"	0	0	16	11.404	2.092	2.503	-8.668	-0.974	12.889	22.531	"3"
"平盘"	0	0	1	0.713	0.131	0.156	-0.542	-0.061	0.806	1.409	"3"
"年度"	0	1	0	0.713	0.131	0.156	-0.542	0.884	-0.074	1.5	"2"
"年度报"	1	0	0	0.713	0.131	0.156	0.147	-0.061	-0.074	0.282	"1"
"并购"	1	0	0	0.713	0.131	0.156	0.147	-0.061	-0.074	0.282	"1"
"库藏股"	2	0	0	1.426	0.262	0.313	0.294	-0.122	-0.148	0.564	"1"
"店头"	1	0	0	0.713	0.131	0.156	0.147	-0.061	-0.074	0.282	"1"
"康和"	1	0	0	0.713	0.131	0.156	0.147	-0.061	-0.074	0.282	"1"
"康福"	1	0	0	0.713	0.131	0.156	0.147	-0.061	-0.074	0.282	"1"
"建置"	1	0	0	0.713	0.131	0.156	0.147	-0.061	-0.074	0.282	"1"
"建行"	1	0	0	0.713	0.131	0.156	0.147	-0.061	-0.074	0.282	"1"
"开发"	3	0	0	2.138	0.392	0.469	0.441	-0.183	-0.222	0.846	"1"
"开封"	1	0	0	0.713	0.131	0.156	0.147	-0.061	-0.074	0.282	"1"
"开张"	1	0	0	0.713	0.131	0.156	0.147	-0.061	-0.074	0.282	"1"
"开户"	2	1	0	2.138	0.392	0.469	-0.195	0.464	-0.222	0.881	"2"
"开採出"	1	0	0	0.713	0.131	0.156	0.147	-0.061	-0.074	0.282	"1"
"开放型"	0	1	0	0.713	0.131	0.156	-0.542	0.884	-0.074	1.5	"2"
"开放证"	1	0	0	0.713	0.131	0.156	0.147	-0.061	-0.074	0.282	"1"
"开盘"	1	0	0	0.713	0.131	0.156	0.147	-0.061	-0.074	0.282	"1"
"开设"	1	0	0	0.713	0.131	0.156	0.147	-0.061	-0.074	0.282	"1"
"异动"	1	0	0	0.713	0.131	0.156	0.147	-0.061	-0.074	0.282	"1"
"引入"	1	0	0	0.713	0.131	0.156	0.147	-0.061	-0.074	0.282	"1"
"张"	6	0	0	4.277	0.785	0.939	0.882	-0.365	-0.443	1.69	"1"
"当天"	1	4	0	3.564	0.654	0.782	-1.581	2.883	-0.369	4.833	"2"
"当日"	2	0	2	2.851	0.523	0.626	-0.487	-0.243	0.928	1.658	"3"
"当面"	1	0	0	0.713	0.131	0.156	0.147	-0.061	-0.074	0.282	"1"
"形式"	1	0	0	0.713	0.131	0.156	0.147	-0.061	-0.074	0.282	"1"
"彩虹"	0	1	0	0.713	0.131	0.156	-0.542	0.884	-0.074	1.5	"2"
"微升"	0	0	1	0.713	0.131	0.156	-0.542	-0.061	0.806	1.409	"3"
"德意志"	1	0	0	0.713	0.131	0.156	0.147	-0.061	-0.074	0.282	"1"
"急于"	1	0	0	0.713	0.131	0.156	0.147	-0.061	-0.074	0.282	"1"
"急速"	1	0	0	0.713	0.131	0.156	0.147	-0.061	-0.074	0.282	"1"
"总"	2	0	0	1.426	0.262	0.313	0.294	-0.122	-0.148	0.564	"1"
"总经理"	6	1	0	4.989	0.915	1.095	0.447	0.204	-0.517	1.168	"3"
"总股"	1	0	0	0.713	0.131	0.156	0.147	-0.061	-0.074	0.282	"1"
"总资产"	1	0	0	0.713	0.131	0.156	0.147	-0.061	-0.074	0.282	"1"
"总额"	4	0	0	2.851	0.523	0.626	0.588	-0.243	-0.296	1.127	"1"
"恐"	1	0	0	0.713	0.131	0.156	0.147	-0.061	-0.074	0.282	"1"
"恒"	1	0	0	0.713	0.131	0.156	0.147	-0.061	-0.074	0.282	"1"
"恒指"	2	0	0	1.426	0.262	0.313	0.294	-0.122	-0.148	0.564	"1"
"恳请"	1	0	0	0.713	0.131	0.156	0.147	-0.061	-0.074	0.282	"1"
"情形"	0	2	0	1.426	0.262	0.313	-1.084	1.767	-0.148	2.999	"2"
"惊讶"	1	0	0	0.713	0.131	0.156	0.147	-0.061	-0.074	0.282	"1"
"惠亭顿"	1	0	0	0.713	0.131	0.156	0.147	-0.061	-0.074	0.282	"1"
"意图"	0	0	1	0.713	0.131	0.156	-0.542	-0.061	0.806	1.409	"3"
"成交"	1	0	0	0.713	0.131	0.156	0.147	-0.061	-0.074	0.282	"1"
"成交值"	0	1	0	0.713	0.131	0.156	-0.542	0.884	-0.074	1.5	"2"
"成交量"	3	1	0	2.851	0.523	0.626	0.171	0.367	-0.296	0.834	"2"
"成交额"	4	0	1	3.564	0.654	0.782	0.256	-0.304	0.242	0.802	"2"
"成数"	1	0	0	0.713	0.131	0.156	0.147	-0.061	-0.074	0.282	"1"
"成立"	4	0	0	2.851	0.523	0.626	0.588	-0.243	-0.296	1.127	"1"
"我国"	1	1	0	1.426	0.262	0.313	-0.308	0.612	-0.148	1.068	"2"
"或是"	1	0	0	0.713	0.131	0.156	0.147	-0.061	-0.074	0.282	"1"
"戚恒"	1	0	0	0.713	0.131	0.156	0.147	-0.061	-0.074	0.282	"1"
"截止"	1	0	0	0.713	0.131	0.156	0.147	-0.061	-0.074	0.282	"1"
"截角"	1	0	0	0.713	0.131	0.156	0.147	-0.061	-0.074	0.282	"1"
"户头"	3	0	0	2.138	0.392	0.469	0.441	-0.183	-0.222	0.846	"1"
"房地产"	6	0	1	4.989	0.915	1.095	0.447	-0.426	-0.156	1.029	"1"
"所"	1	0	0	0.713	0.131	0.156	0.147	-0.061	-0.074	0.282	"1"
"所属"	2	0	0	1.426	0.262	0.313	0.294	-0.122	-0.148	0.564	"1"
"所得"	1	0	0	0.713	0.131	0.156	0.147	-0.061	-0.074	0.282	"1"
"所有人"	1	0	0	0.713	0.131	0.156	0.147	-0.061	-0.074	0.282	"1"
"所有者"	1	0	0	0.713	0.131	0.156	0.147	-0.061	-0.074	0.282	"1"
"手续费"	1	0	0	0.713	0.131	0.156	0.147	-0.061	-0.074	0.282	"1"
"执行率"	1	0	0	0.713	0.131	0.156	0.147	-0.061	-0.074	0.282	"1"
"扫入"	0	0	1	0.713	0.131	0.156	-0.542	-0.061	0.806	1.409	"3"
"扬子"	1	0	0	0.713	0.131	0.156	0.147	-0.061	-0.074	0.282	"1"
"扶摇直上"	0	0	1	0.713	0.131	0.156	-0.542	-0.061	0.806	1.409	"3"
"批"	4	0	0	2.851	0.523	0.626	0.588	-0.243	-0.296	1.127	"1"
"批准"	3	0	0	2.138	0.392	0.469	0.441	-0.183	-0.222	0.846	"1"
"承接"	1	0	0	0.713	0.131	0.156	0.147	-0.061	-0.074	0.282	"1"
"承销"	2	0	0	1.426	0.262	0.313	0.294	-0.122	-0.148	0.564	"1"
"承销商"	1	0	0	0.713	0.131	0.156	0.147	-0.061	-0.074	0.282	"1"
"投"	7	0	0	4.989	0.915	1.095	1.029	-0.426	-0.517	1.972	"1"
"投信"	3	0	0	2.138	0.392	0.469	0.441	-0.183	-0.222	0.846	"1"
"投资"	54	1	7	44.192	8.107	9.701	2.567	-2.759	-0.646	5.972	"2"
"投资人"	8	2	1	7.84	1.438	1.721	0.217	0.365	-0.33	0.912	"2"
"投资额度"	2	0	0	1.426	0.262	0.313	0.294	-0.122	-0.148	0.564	"1"
"投顾"	1	0	0	0.713	0.131	0.156	0.147	-0.061	-0.074	0.282	"1"
"抛售"	1	0	9	7.128	1.308	1.565	-4.006	-0.609	6.316	10.931	"3"
"抢滩"	1	0	0	0.713	0.131	0.156	0.147	-0.061	-0.074	0.282	"1"
"报价"	0	0	1	0.713	0.131	0.156	-0.542	-0.061	0.806	1.409	"3"
"报酬率"	1	0	0	0.713	0.131	0.156	0.147	-0.061	-0.074	0.282	"1"
"抵押权"	1	0	0	0.713	0.131	0.156	0.147	-0.061	-0.074	0.282	"1"
"抵消"	0	0	1	0.713	0.131	0.156	-0.542	-0.061	0.806	1.409	"3"
"抽佣"	1	0	0	0.713	0.131	0.156	0.147	-0.061	-0.074	0.282	"1"
"担保品"	2	0	0	1.426	0.262	0.313	0.294	-0.122	-0.148	0.564	"1"
"拉萨达"	1	0	0	0.713	0.131	0.156	0.147	-0.061	-0.074	0.282	"1"
"拓展"	1	0	0	0.713	0.131	0.156	0.147	-0.061	-0.074	0.282	"1"
"拖累"	0	0	1	0.713	0.131	0.156	-0.542	-0.061	0.806	1.409	"3"
"拚命"	1	0	0	0.713	0.131	0.156	0.147	-0.061	-0.074	0.282	"1"
"招商"	1	0	0	0.713	0.131	0.156	0.147	-0.061	-0.074	0.282	"1"
"招商银行"	1	0	0	0.713	0.131	0.156	0.147	-0.061	-0.074	0.282	"1"
"拟"	2	0	0	1.426	0.262	0.313	0.294	-0.122	-0.148	0.564	"1"
"拥"	0	0	2	1.426	0.262	0.313	-1.084	-0.122	1.611	2.817	"3"
"拥有"	3	0	1	2.851	0.523	0.626	0.171	-0.243	0.307	0.721	"3"
"拨电"	1	0	0	0.713	0.131	0.156	0.147	-0.061	-0.074	0.282	"1"
"持"	5	0	0	3.564	0.654	0.782	0.735	-0.304	-0.369	1.408	"1"
"持平"	0	0	2	1.426	0.262	0.313	-1.084	-0.122	1.611	2.817	"3"
"持有"	19	0	0	13.543	2.484	2.973	2.794	-1.156	-1.404	5.354	"1"
"持票人"	1	0	0	0.713	0.131	0.156	0.147	-0.061	-0.074	0.282	"1"
"挂牌"	1	2	0	2.138	0.392	0.469	-0.699	1.33	-0.222	2.251	"2"
"挂钩"	1	0	0	0.713	0.131	0.156	0.147	-0.061	-0.074	0.282	"1"
"指"	1	2	2	3.564	0.654	0.782	-1.581	0.884	0.752	3.217	"1"
"指出"	11	7	1	13.543	2.484	2.973	-0.823	2.107	-0.749	3.679	"2"
"指数"	4	36	29	49.181	9.023	10.796	-29.856	14.029	6.822	50.707	"1"
"指数盘"	1	0	0	0.713	0.131	0.156	0.147	-0.061	-0.074	0.282	"1"
"指示"	2	0	0	1.426	0.262	0.313	0.294	-0.122	-0.148	0.564	"1"
"损失"	1	0	0	0.713	0.131	0.156	0.147	-0.061	-0.074	0.282	"1"
"换"	1	0	0	0.713	0.131	0.156	0.147	-0.061	-0.074	0.282	"1"
"换言之"	1	0	0	0.713	0.131	0.156	0.147	-0.061	-0.074	0.282	"1"
"捧"	0	0	1	0.713	0.131	0.156	-0.542	-0.061	0.806	1.409	"3"
"掏空"	1	0	0	0.713	0.131	0.156	0.147	-0.061	-0.074	0.282	"1"
"掘进"	1	0	0	0.713	0.131	0.156	0.147	-0.061	-0.074	0.282	"1"
"控股"	8	1	1	7.128	1.308	1.565	0.379	-0.21	-0.283	0.872	"1"
"提列"	1	0	0	0.713	0.131	0.156	0.147	-0.061	-0.074	0.282	"1"
"提拨"	1	0	0	0.713	0.131	0.156	0.147	-0.061	-0.074	0.282	"1"
"提起公诉"	1	0	0	0.713	0.131	0.156	0.147	-0.061	-0.074	0.282	"1"
"摩根史坦利"	1	0	0	0.713	0.131	0.156	0.147	-0.061	-0.074	0.282	"1"
"撤签"	1	0	0	0.713	0.131	0.156	0.147	-0.061	-0.074	0.282	"1"
"操作"	3	0	1	2.851	0.523	0.626	0.171	-0.243	0.307	0.721	"3"
"操纵"	1	0	1	1.426	0.262	0.313	-0.308	-0.122	0.54	0.97	"3"
"操纵案"	1	0	0	0.713	0.131	0.156	0.147	-0.061	-0.074	0.282	"1"
"支"	0	0	1	0.713	0.131	0.156	-0.542	-0.061	0.806	1.409	"3"
"支付"	2	0	0	1.426	0.262	0.313	0.294	-0.122	-0.148	0.564	"1"
"收市"	0	0	1	0.713	0.131	0.156	-0.542	-0.061	0.806	1.409	"3"
"收涨"	1	0	0	0.713	0.131	0.156	0.147	-0.061	-0.074	0.282	"1"
"收益"	1	0	2	2.138	0.392	0.469	-0.699	-0.183	1.182	2.064	"3"
"收益率"	1	0	0	0.713	0.131	0.156	0.147	-0.061	-0.074	0.282	"1"
"收盘"	0	1	2	2.138	0.392	0.469	-1.625	0.464	1.182	3.271	"1"
"收购"	6	0	1	4.989	0.915	1.095	0.447	-0.426	-0.156	1.029	"1"
"改以"	1	0	0	0.713	0.131	0.156	0.147	-0.061	-0.074	0.282	"1"
"改制"	1	0	1	1.426	0.262	0.313	-0.308	-0.122	0.54	0.97	"3"
"改制为"	1	0	0	0.713	0.131	0.156	0.147	-0.061	-0.074	0.282	"1"
"改造"	5	0	0	3.564	0.654	0.782	0.735	-0.304	-0.369	1.408	"1"
"放大"	1	0	0	0.713	0.131	0.156	0.147	-0.061	-0.074	0.282	"1"
"放宽"	2	0	0	1.426	0.262	0.313	0.294	-0.122	-0.148	0.564	"1"
"政策性"	1	0	0	0.713	0.131	0.156	0.147	-0.061	-0.074	0.282	"1"
"散户"	0	0	2	1.426	0.262	0.313	-1.084	-0.122	1.611	2.817	"3"
"数"	0	1	3	2.851	0.523	0.626	-2.167	0.367	1.869	4.403	"1"
"数位"	1	0	0	0.713	0.131	0.156	0.147	-0.061	-0.074	0.282	"1"
"数目"	1	0	0	0.713	0.131	0.156	0.147	-0.061	-0.074	0.282	"1"
"数额"	1	0	0	0.713	0.131	0.156	0.147	-0.061	-0.074	0.282	"1"
"断头"	2	0	0	1.426	0.262	0.313	0.294	-0.122	-0.148	0.564	"1"
"新交"	0	1	0	0.713	0.131	0.156	-0.542	0.884	-0.074	1.5	"2"
"新台"	1	0	0	0.713	0.131	0.156	0.147	-0.061	-0.074	0.282	"1"
"新台币"	3	0	1	2.851	0.523	0.626	0.171	-0.243	0.307	0.721	"3"
"新宝"	1	0	0	0.713	0.131	0.156	0.147	-0.061	-0.074	0.282	"1"
"新股"	5	0	0	3.564	0.654	0.782	0.735	-0.304	-0.369	1.408	"1"
"新邮"	1	0	0	0.713	0.131	0.156	0.147	-0.061	-0.074	0.282	"1"
"新高"	1	0	0	0.713	0.131	0.156	0.147	-0.061	-0.074	0.282	"1"
"施行"	1	0	0	0.713	0.131	0.156	0.147	-0.061	-0.074	0.282	"1"
"旅"	1	0	0	0.713	0.131	0.156	0.147	-0.061	-0.074	0.282	"1"
"旗下"	2	0	0	1.426	0.262	0.313	0.294	-0.122	-0.148	0.564	"1"
"无纸化"	2	0	0	1.426	0.262	0.313	0.294	-0.122	-0.148	0.564	"1"
"无线电"	1	0	0	0.713	0.131	0.156	0.147	-0.061	-0.074	0.282	"1"
"日前"	2	0	0	1.426	0.262	0.313	0.294	-0.122	-0.148	0.564	"1"
"日经"	0	0	1	0.713	0.131	0.156	-0.542	-0.061	0.806	1.409	"3"
"日经股"	0	1	0	0.713	0.131	0.156	-0.542	0.884	-0.074	1.5	"2"
"早盘"	0	0	1	0.713	0.131	0.156	-0.542	-0.061	0.806	1.409	"3"
"时报"	1	0	2	2.138	0.392	0.469	-0.699	-0.183	1.182	2.064	"3"
"时隔"	0	0	1	0.713	0.131	0.156	-0.542	-0.061	0.806	1.409	"3"
"旺"	0	0	1	0.713	0.131	0.156	-0.542	-0.061	0.806	1.409	"3"
"明知"	0	0	1	0.713	0.131	0.156	-0.542	-0.061	0.806	1.409	"3"
"明订"	1	0	0	0.713	0.131	0.156	0.147	-0.061	-0.074	0.282	"1"
"易"	0	1	0	0.713	0.131	0.156	-0.542	0.884	-0.074	1.5	"2"
"易法"	1	0	0	0.713	0.131	0.156	0.147	-0.061	-0.074	0.282	"1"
"星展"	2	0	0	1.426	0.262	0.313	0.294	-0.122	-0.148	0.564	"1"
"晴雨表"	0	0	1	0.713	0.131	0.156	-0.542	-0.061	0.806	1.409	"3"
"晶片"	1	0	0	0.713	0.131	0.156	0.147	-0.061	-0.074	0.282	"1"
"暂停"	1	1	0	1.426	0.262	0.313	-0.308	0.612	-0.148	1.068	"2"
"暨"	8	0	0	5.702	1.046	1.252	1.176	-0.487	-0.591	2.254	"1"
"更名为"	1	0	0	0.713	0.131	0.156	0.147	-0.061	-0.074	0.282	"1"
"最优"	0	0	1	0.713	0.131	0.156	-0.542	-0.061	0.806	1.409	"3"
"最多"	0	1	0	0.713	0.131	0.156	-0.542	0.884	-0.074	1.5	"2"
"月会"	1	0	0	0.713	0.131	0.156	0.147	-0.061	-0.074	0.282	"1"
"有价证券"	1	1	0	1.426	0.262	0.313	-0.308	0.612	-0.148	1.068	"2"
"有损"	1	0	0	0.713	0.131	0.156	0.147	-0.061	-0.074	0.282	"1"
"有限"	4	0	0	2.851	0.523	0.626	0.588	-0.243	-0.296	1.127	"1"
"有限公司"	25	0	0	17.819	3.269	3.912	3.676	-1.522	-1.847	7.045	"1"
"服务业"	2	0	0	1.426	0.262	0.313	0.294	-0.122	-0.148	0.564	"1"
"朝向"	0	1	0	0.713	0.131	0.156	-0.542	0.884	-0.074	1.5	"2"
"期会"	1	0	0	0.713	0.131	0.156	0.147	-0.061	-0.074	0.282	"1"
"期指"	0	0	2	1.426	0.262	0.313	-1.084	-0.122	1.611	2.817	"3"
"期货"	11	2	0	9.266	1.7	2.034	0.635	0.282	-0.961	1.878	"3"
"期货市"	1	0	0	0.713	0.131	0.156	0.147	-0.061	-0.074	0.282	"1"
"未"	9	0	0	6.415	1.177	1.408	1.323	-0.548	-0.665	2.536	"1"
"未满"	1	0	0	0.713	0.131	0.156	0.147	-0.061	-0.074	0.282	"1"
"本地"	4	0	0	2.851	0.523	0.626	0.588	-0.243	-0.296	1.127	"1"
"本益比"	2	1	0	2.138	0.392	0.469	-0.195	0.464	-0.222	0.881	"2"
"本身"	1	0	0	0.713	0.131	0.156	0.147	-0.061	-0.074	0.282	"1"
"朱兆铨"	1	1	0	1.426	0.262	0.313	-0.308	0.612	-0.148	1.068	"2"
"机构"	10	0	0	7.128	1.308	1.565	1.471	-0.609	-0.739	2.819	"1"
"李仲英"	0	1	0	0.713	0.131	0.156	-0.542	0.884	-0.074	1.5	"2"
"李成禄"	1	0	0	0.713	0.131	0.156	0.147	-0.061	-0.074	0.282	"1"
"李曼"	2	0	0	1.426	0.262	0.313	0.294	-0.122	-0.148	0.564	"1"
"李泽楷"	0	0	1	0.713	0.131	0.156	-0.542	-0.061	0.806	1.409	"3"
"李钟熙"	0	1	0	0.713	0.131	0.156	-0.542	0.884	-0.074	1.5	"2"
"条例"	1	1	0	1.426	0.262	0.313	-0.308	0.612	-0.148	1.068	"2"
"条规"	1	0	0	0.713	0.131	0.156	0.147	-0.061	-0.074	0.282	"1"
"板块"	1	0	0	0.713	0.131	0.156	0.147	-0.061	-0.074	0.282	"1"
"构建"	1	0	0	0.713	0.131	0.156	0.147	-0.061	-0.074	0.282	"1"
"林蔚山"	1	0	0	0.713	0.131	0.156	0.147	-0.061	-0.074	0.282	"1"
"架构"	2	0	0	1.426	0.262	0.313	0.294	-0.122	-0.148	0.564	"1"
"柏林"	1	0	0	0.713	0.131	0.156	0.147	-0.061	-0.074	0.282	"1"
"柜台"	16	0	0	11.404	2.092	2.503	2.353	-0.974	-1.182	4.509	"1"
"标"	1	0	0	0.713	0.131	0.156	0.147	-0.061	-0.074	0.282	"1"
"标准普尔"	0	0	4	2.851	0.523	0.626	-2.167	-0.243	3.222	5.632	"3"
"株式会社"	1	0	0	0.713	0.131	0.156	0.147	-0.061	-0.074	0.282	"1"
"根据"	3	0	0	2.138	0.392	0.469	0.441	-0.183	-0.222	0.846	"1"
"格"	0	7	0	4.989	0.915	1.095	-3.792	6.185	-0.517	10.494	"2"
"档"	1	2	0	2.138	0.392	0.469	-0.699	1.33	-0.222	2.251	"2"
"检举"	0	1	0	0.713	0.131	0.156	-0.542	0.884	-0.074	1.5	"2"
"楼价"	1	0	0	0.713	0.131	0.156	0.147	-0.061	-0.074	0.282	"1"
"樱花"	1	0	0	0.713	0.131	0.156	0.147	-0.061	-0.074	0.282	"1"
"次长"	3	0	0	2.138	0.392	0.469	0.441	-0.183	-0.222	0.846	"1"
"款项"	2	0	0	1.426	0.262	0.313	0.294	-0.122	-0.148	0.564	"1"
"止"	0	0	1	0.713	0.131	0.156	-0.542	-0.061	0.806	1.409	"3"
"步伐"	1	0	0	0.713	0.131	0.156	0.147	-0.061	-0.074	0.282	"1"
"武汉"	1	0	0	0.713	0.131	0.156	0.147	-0.061	-0.074	0.282	"1"
"毅注资"	1	0	0	0.713	0.131	0.156	0.147	-0.061	-0.074	0.282	"1"
"比"	1	0	10	7.84	1.438	1.721	-4.508	-0.669	7.081	12.258	"3"
"比例"	2	0	0	1.426	0.262	0.313	0.294	-0.122	-0.148	0.564	"1"
"比率"	1	0	0	0.713	0.131	0.156	0.147	-0.061	-0.074	0.282	"1"
"比索"	1	0	0	0.713	0.131	0.156	0.147	-0.061	-0.074	0.282	"1"
"比重"	2	0	0	1.426	0.262	0.313	0.294	-0.122	-0.148	0.564	"1"
"民兴"	1	0	0	0.713	0.131	0.156	0.147	-0.061	-0.074	0.282	"1"
"水饺股"	1	0	0	0.713	0.131	0.156	0.147	-0.061	-0.074	0.282	"1"
"永乐"	2	0	0	1.426	0.262	0.313	0.294	-0.122	-0.148	0.564	"1"
"永昌"	1	0	0	0.713	0.131	0.156	0.147	-0.061	-0.074	0.282	"1"
"汇丰"	1	0	0	0.713	0.131	0.156	0.147	-0.061	-0.074	0.282	"1"
"汇富"	1	0	0	0.713	0.131	0.156	0.147	-0.061	-0.074	0.282	"1"
"汽"	1	0	0	0.713	0.131	0.156	0.147	-0.061	-0.074	0.282	"1"
"沉入"	0	0	1	0.713	0.131	0.156	-0.542	-0.061	0.806	1.409	"3"
"沪市"	1	0	0	0.713	0.131	0.156	0.147	-0.061	-0.074	0.282	"1"
"河南"	1	0	0	0.713	0.131	0.156	0.147	-0.061	-0.074	0.282	"1"
"油田"	1	0	0	0.713	0.131	0.156	0.147	-0.061	-0.074	0.282	"1"
"油脂"	1	0	0	0.713	0.131	0.156	0.147	-0.061	-0.074	0.282	"1"
"沽空"	1	0	0	0.713	0.131	0.156	0.147	-0.061	-0.074	0.282	"1"
"泉合"	2	0	0	1.426	0.262	0.313	0.294	-0.122	-0.148	0.564	"1"
"法人"	3	0	0	2.138	0.392	0.469	0.441	-0.183	-0.222	0.846	"1"
"法令"	0	1	0	0.713	0.131	0.156	-0.542	0.884	-0.074	1.5	"2"
"法兰克福"	0	0	5	3.564	0.654	0.782	-2.709	-0.304	4.028	7.041	"3"
"法制化"	1	0	0	0.713	0.131	0.156	0.147	-0.061	-0.074	0.282	"1"
"法华理农"	1	0	0	0.713	0.131	0.156	0.147	-0.061	-0.074	0.282	"1"
"法规"	1	0	0	0.713	0.131	0.156	0.147	-0.061	-0.074	0.282	"1"
"泛亚"	1	0	0	0.713	0.131	0.156	0.147	-0.061	-0.074	0.282	"1"
"波幅"	1	0	0	0.713	0.131	0.156	0.147	-0.061	-0.074	0.282	"1"
"注册"	1	0	0	0.713	0.131	0.156	0.147	-0.061	-0.074	0.282	"1"
"泻"	1	0	0	0.713	0.131	0.156	0.147	-0.061	-0.074	0.282	"1"
"洪都航"	1	0	0	0.713	0.131	0.156	0.147	-0.061	-0.074	0.282	"1"
"活络"	1	0	0	0.713	0.131	0.156	0.147	-0.061	-0.074	0.282	"1"
"活跃"	2	0	0	1.426	0.262	0.313	0.294	-0.122	-0.148	0.564	"1"
"流动性"	1	0	1	1.426	0.262	0.313	-0.308	-0.122	0.54	0.97	"3"
"流通"	1	0	0	0.713	0.131	0.156	0.147	-0.061	-0.074	0.282	"1"
"流通性"	1	0	0	0.713	0.131	0.156	0.147	-0.061	-0.074	0.282	"1"
"浙江"	1	0	0	0.713	0.131	0.156	0.147	-0.061	-0.074	0.282	"1"
"浦发"	1	0	0	0.713	0.131	0.156	0.147	-0.061	-0.074	0.282	"1"
"浮滥"	1	0	0	0.713	0.131	0.156	0.147	-0.061	-0.074	0.282	"1"
"海外"	1	0	0	0.713	0.131	0.156	0.147	-0.061	-0.074	0.282	"1"
"海鹰"	1	0	0	0.713	0.131	0.156	0.147	-0.061	-0.074	0.282	"1"
"涉外"	1	0	0	0.713	0.131	0.156	0.147	-0.061	-0.074	0.282	"1"
"涉嫌"	0	2	0	1.426	0.262	0.313	-1.084	1.767	-0.148	2.999	"2"
"涨势"	1	0	0	0.713	0.131	0.156	0.147	-0.061	-0.074	0.282	"1"
"涨幅"	2	0	0	1.426	0.262	0.313	0.294	-0.122	-0.148	0.564	"1"
"深圳"	4	1	0	3.564	0.654	0.782	0.256	0.298	-0.369	0.923	"3"
"深圳市"	1	0	0	0.713	0.131	0.156	0.147	-0.061	-0.074	0.282	"1"
"渊"	1	0	0	0.713	0.131	0.156	0.147	-0.061	-0.074	0.282	"1"
"渠道"	1	0	0	0.713	0.131	0.156	0.147	-0.061	-0.074	0.282	"1"
"渡"	1	0	0	0.713	0.131	0.156	0.147	-0.061	-0.074	0.282	"1"
"渣打"	1	0	0	0.713	0.131	0.156	0.147	-0.061	-0.074	0.282	"1"
"港元"	3	0	0	2.138	0.392	0.469	0.441	-0.183	-0.222	0.846	"1"
"湖北"	2	0	0	1.426	0.262	0.313	0.294	-0.122	-0.148	0.564	"1"
"湖北省"	1	0	0	0.713	0.131	0.156	0.147	-0.061	-0.074	0.282	"1"
"湾"	1	0	0	0.713	0.131	0.156	0.147	-0.061	-0.074	0.282	"1"
"溢价"	1	0	0	0.713	0.131	0.156	0.147	-0.061	-0.074	0.282	"1"
"满"	1	0	0	0.713	0.131	0.156	0.147	-0.061	-0.074	0.282	"1"
"滨"	1	0	0	0.713	0.131	0.156	0.147	-0.061	-0.074	0.282	"1"
"灯"	1	0	0	0.713	0.131	0.156	0.147	-0.061	-0.074	0.282	"1"
"灵通卡"	3	0	0	2.138	0.392	0.469	0.441	-0.183	-0.222	0.846	"1"
"炎洲"	1	0	0	0.713	0.131	0.156	0.147	-0.061	-0.074	0.282	"1"
"点"	5	7	25	26.372	4.838	5.789	-12.406	0.694	11.72	24.82	"1"
"烟台"	1	0	0	0.713	0.131	0.156	0.147	-0.061	-0.074	0.282	"1"
"烟大"	1	0	0	0.713	0.131	0.156	0.147	-0.061	-0.074	0.282	"1"
"燕"	1	0	0	0.713	0.131	0.156	0.147	-0.061	-0.074	0.282	"1"
"牡丹"	2	0	0	1.426	0.262	0.313	0.294	-0.122	-0.148	0.564	"1"
"独资"	1	0	0	0.713	0.131	0.156	0.147	-0.061	-0.074	0.282	"1"
"王小军"	1	0	0	0.713	0.131	0.156	0.147	-0.061	-0.074	0.282	"1"
"环球"	1	0	0	0.713	0.131	0.156	0.147	-0.061	-0.074	0.282	"1"
"现"	1	0	1	1.426	0.262	0.313	-0.308	-0.122	0.54	0.97	"3"
"现代企业制度"	1	0	0	0.713	0.131	0.156	0.147	-0.061	-0.074	0.282	"1"
"现任"	1	0	0	0.713	0.131	0.156	0.147	-0.061	-0.074	0.282	"1"
"现金"	2	0	0	1.426	0.262	0.313	0.294	-0.122	-0.148	0.564	"1"
"现阶段"	0	0	1	0.713	0.131	0.156	-0.542	-0.061	0.806	1.409	"3"
"理"	1	1	0	1.426	0.262	0.313	-0.308	0.612	-0.148	1.068	"2"
"琼斯"	0	0	8	5.702	1.046	1.252	-4.334	-0.487	6.445	11.266	"3"
"瑞穗"	0	0	1	0.713	0.131	0.156	-0.542	-0.061	0.806	1.409	"3"
"瑞银华宝"	1	0	0	0.713	0.131	0.156	0.147	-0.061	-0.074	0.282	"1"
"由"	4	0	0	2.851	0.523	0.626	0.588	-0.243	-0.296	1.127	"1"
"申报"	4	0	0	2.851	0.523	0.626	0.588	-0.243	-0.296	1.127	"1"
"申报转"	1	0	0	0.713	0.131	0.156	0.147	-0.061	-0.074	0.282	"1"
"申请"	9	1	0	7.128	1.308	1.565	0.769	-0.21	-0.739	1.718	"1"
"申购"	1	0	0	0.713	0.131	0.156	0.147	-0.061	-0.074	0.282	"1"
"电信"	6	1	1	5.702	1.046	1.252	0.233	-0.144	-0.196	0.573	"1"
"电信业"	0	0	1	0.713	0.131	0.156	-0.542	-0.061	0.806	1.409	"3"
"电力"	2	0	0	1.426	0.262	0.313	0.294	-0.122	-0.148	0.564	"1"
"电报"	1	0	0	0.713	0.131	0.156	0.147	-0.061	-0.074	0.282	"1"
"电盈"	5	0	0	3.564	0.654	0.782	0.735	-0.304	-0.369	1.408	"1"
"留意"	0	0	1	0.713	0.131	0.156	-0.542	-0.061	0.806	1.409	"3"
"登记表"	1	0	0	0.713	0.131	0.156	0.147	-0.061	-0.074	0.282	"1"
"百"	0	0	1	0.713	0.131	0.156	-0.542	-0.061	0.806	1.409	"3"
"百分之一百二十"	1	0	0	0.713	0.131	0.156	0.147	-0.061	-0.074	0.282	"1"
"百分之三点五"	1	0	1	1.426	0.262	0.313	-0.308	-0.122	0.54	0.97	"3"
"百分之九十九"	1	0	0	0.713	0.131	0.156	0.147	-0.061	-0.074	0.282	"1"
"百分之二十五"	1	0	0	0.713	0.131	0.156	0.147	-0.061	-0.074	0.282	"1"
"百分之五十"	2	0	1	2.138	0.392	0.469	-0.195	-0.183	0.398	0.776	"3"
"百分之十"	1	0	0	0.713	0.131	0.156	0.147	-0.061	-0.074	0.282	"1"
"百分之十五"	1	0	0	0.713	0.131	0.156	0.147	-0.061	-0.074	0.282	"1"
"百分之百"	1	0	0	0.713	0.131	0.156	0.147	-0.061	-0.074	0.282	"1"
"百多万"	1	0	0	0.713	0.131	0.156	0.147	-0.061	-0.074	0.282	"1"
"的"	2	0	0	1.426	0.262	0.313	0.294	-0.122	-0.148	0.564	"1"
"盈余"	0	0	2	1.426	0.262	0.313	-1.084	-0.122	1.611	2.817	"3"
"盈利"	1	0	0	0.713	0.131	0.156	0.147	-0.061	-0.074	0.282	"1"
"盈科"	0	0	1	0.713	0.131	0.156	-0.542	-0.061	0.806	1.409	"3"
"益"	1	0	0	0.713	0.131	0.156	0.147	-0.061	-0.074	0.282	"1"
"监"	0	1	0	0.713	0.131	0.156	-0.542	0.884	-0.074	1.5	"2"
"监察"	1	0	0	0.713	0.131	0.156	0.147	-0.061	-0.074	0.282	"1"
"监督"	1	0	0	0.713	0.131	0.156	0.147	-0.061	-0.074	0.282	"1"
"监管"	3	0	0	2.138	0.392	0.469	0.441	-0.183	-0.222	0.846	"1"
"盘"	0	1	0	0.713	0.131	0.156	-0.542	0.884	-0.074	1.5	"2"
"盘商"	2	0	0	1.426	0.262	0.313	0.294	-0.122	-0.148	0.564	"1"
"盘江"	1	0	0	0.713	0.131	0.156	0.147	-0.061	-0.074	0.282	"1"
"目的"	1	0	0	0.713	0.131	0.156	0.147	-0.061	-0.074	0.282	"1"
"相关"	6	0	0	4.277	0.785	0.939	0.882	-0.365	-0.443	1.69	"1"
"相当于"	1	0	0	0.713	0.131	0.156	0.147	-0.061	-0.074	0.282	"1"
"相联"	1	0	0	0.713	0.131	0.156	0.147	-0.061	-0.074	0.282	"1"
"盾"	2	0	0	1.426	0.262	0.313	0.294	-0.122	-0.148	0.564	"1"
"看涨"	1	0	0	0.713	0.131	0.156	0.147	-0.061	-0.074	0.282	"1"
"督促"	1	0	0	0.713	0.131	0.156	0.147	-0.061	-0.074	0.282	"1"
"知名"	1	0	0	0.713	0.131	0.156	0.147	-0.061	-0.074	0.282	"1"
"短期"	1	0	1	1.426	0.262	0.313	-0.308	-0.122	0.54	0.97	"3"
"石化"	3	0	0	2.138	0.392	0.469	0.441	-0.183	-0.222	0.846	"1"
"石油"	2	0	0	1.426	0.262	0.313	0.294	-0.122	-0.148	0.564	"1"
"研判"	1	0	0	0.713	0.131	0.156	0.147	-0.061	-0.074	0.282	"1"
"研拟"	0	1	0	0.713	0.131	0.156	-0.542	0.884	-0.074	1.5	"2"
"研究"	5	1	0	4.277	0.785	0.939	0.349	0.245	-0.443	1.037	"3"
"研究员"	2	0	0	1.426	0.262	0.313	0.294	-0.122	-0.148	0.564	"1"
"研究所"	1	0	0	0.713	0.131	0.156	0.147	-0.061	-0.074	0.282	"1"
"研究部"	5	0	0	3.564	0.654	0.782	0.735	-0.304	-0.369	1.408	"1"
"研议"	1	0	0	0.713	0.131	0.156	0.147	-0.061	-0.074	0.282	"1"
"碰"	1	0	0	0.713	0.131	0.156	0.147	-0.061	-0.074	0.282	"1"
"祕书"	1	0	0	0.713	0.131	0.156	0.147	-0.061	-0.074	0.282	"1"
"票券"	1	0	0	0.713	0.131	0.156	0.147	-0.061	-0.074	0.282	"1"
"票券业"	1	0	0	0.713	0.131	0.156	0.147	-0.061	-0.074	0.282	"1"
"祭品"	0	0	1	0.713	0.131	0.156	-0.542	-0.061	0.806	1.409	"3"
"福华"	1	0	0	0.713	0.131	0.156	0.147	-0.061	-0.074	0.282	"1"
"私营企业"	1	0	0	0.713	0.131	0.156	0.147	-0.061	-0.074	0.282	"1"
"种"	1	0	23	17.106	3.138	3.755	-11.22	-1.461	17.219	29.9	"3"
"科技"	1	0	0	0.713	0.131	0.156	0.147	-0.061	-0.074	0.282	"1"
"科技股"	1	0	0	0.713	0.131	0.156	0.147	-0.061	-0.074	0.282	"1"
"立"	1	0	0	0.713	0.131	0.156	0.147	-0.061	-0.074	0.282	"1"
"立通"	2	0	0	1.426	0.262	0.313	0.294	-0.122	-0.148	0.564	"1"
"符喜泉"	1	0	0	0.713	0.131	0.156	0.147	-0.061	-0.074	0.282	"1"
"第二"	3	0	0	2.138	0.392	0.469	0.441	-0.183	-0.222	0.846	"1"
"第二十八"	1	0	0	0.713	0.131	0.156	0.147	-0.061	-0.074	0.282	"1"
"第五十一"	1	0	0	0.713	0.131	0.156	0.147	-0.061	-0.074	0.282	"1"
"等"	1	0	0	0.713	0.131	0.156	0.147	-0.061	-0.074	0.282	"1"
"等价"	1	0	0	0.713	0.131	0.156	0.147	-0.061	-0.074	0.282	"1"
"等级"	0	0	1	0.713	0.131	0.156	-0.542	-0.061	0.806	1.409	"3"
"答"	1	0	0	0.713	0.131	0.156	0.147	-0.061	-0.074	0.282	"1"
"策略"	1	0	0	0.713	0.131	0.156	0.147	-0.061	-0.074	0.282	"1"
"筹股"	0	0	1	0.713	0.131	0.156	-0.542	-0.061	0.806	1.409	"3"
"筹设"	1	0	0	0.713	0.131	0.156	0.147	-0.061	-0.074	0.282	"1"
"筹资"	2	0	0	1.426	0.262	0.313	0.294	-0.122	-0.148	0.564	"1"
"筹资额"	2	0	0	1.426	0.262	0.313	0.294	-0.122	-0.148	0.564	"1"
"简称"	1	0	0	0.713	0.131	0.156	0.147	-0.061	-0.074	0.282	"1"
"管"	1	0	0	0.713	0.131	0.156	0.147	-0.061	-0.074	0.282	"1"
"管委会"	2	0	0	1.426	0.262	0.313	0.294	-0.122	-0.148	0.564	"1"
"管理"	11	0	0	7.84	1.438	1.721	1.618	-0.669	-0.813	3.1	"1"
"管理层"	0	0	1	0.713	0.131	0.156	-0.542	-0.061	0.806	1.409	"3"
"管理法"	1	0	0	0.713	0.131	0.156	0.147	-0.061	-0.074	0.282	"1"
"篇"	1	0	0	0.713	0.131	0.156	0.147	-0.061	-0.074	0.282	"1"
"类"	4	0	0	2.851	0.523	0.626	0.588	-0.243	-0.296	1.127	"1"
"类股"	3	0	2	3.564	0.654	0.782	-0.351	-0.304	0.752	1.407	"3"
"粤港澳"	1	0	0	0.713	0.131	0.156	0.147	-0.061	-0.074	0.282	"1"
"精煤"	1	0	0	0.713	0.131	0.156	0.147	-0.061	-0.074	0.282	"1"
"系"	1	0	0	0.713	0.131	0.156	0.147	-0.061	-0.074	0.282	"1"
"累计"	0	2	0	1.426	0.262	0.313	-1.084	1.767	-0.148	2.999	"2"
"红利"	1	0	0	0.713	0.131	0.156	0.147	-0.061	-0.074	0.282	"1"
"红红火火"	0	0	1	0.713	0.131	0.156	-0.542	-0.061	0.806	1.409	"3"
"纪行"	1	0	0	0.713	0.131	0.156	0.147	-0.061	-0.074	0.282	"1"
"纷纷"	0	0	1	0.713	0.131	0.156	-0.542	-0.061	0.806	1.409	"3"
"纽约"	1	19	1	14.968	2.746	3.286	-9.652	14.58	-0.862	25.094	"2"
"组合"	1	0	0	0.713	0.131	0.156	0.147	-0.061	-0.074	0.282	"1"
"组建"	1	0	0	0.713	0.131	0.156	0.147	-0.061	-0.074	0.282	"1"
"细则"	1	0	0	0.713	0.131	0.156	0.147	-0.061	-0.074	0.282	"1"
"终"	0	0	2	1.426	0.262	0.313	-1.084	-0.122	1.611	2.817	"3"
"经济学家"	2	0	0	1.426	0.262	0.313	0.294	-0.122	-0.148	0.564	"1"
"经理"	3	1	0	2.851	0.523	0.626	0.171	0.367	-0.296	0.834	"2"
"经纪"	13	0	0	9.266	1.7	2.034	1.912	-0.791	-0.961	3.664	"1"
"经纪商"	1	0	0	0.713	0.131	0.156	0.147	-0.061	-0.074	0.282	"1"
"经营"	7	0	0	4.989	0.915	1.095	1.029	-0.426	-0.517	1.972	"1"
"结算"	1	1	0	1.426	0.262	0.313	-0.308	0.612	-0.148	1.068	"2"
"继显"	2	0	0	1.426	0.262	0.313	0.294	-0.122	-0.148	0.564	"1"
"维持率"	0	1	0	0.713	0.131	0.156	-0.542	0.884	-0.074	1.5	"2"
"综合"	2	11	3	11.404	2.092	2.503	-5.776	6.355	0.33	12.461	"2"
"缩"	0	0	1	0.713	0.131	0.156	-0.542	-0.061	0.806	1.409	"3"
"缩水"	1	0	0	0.713	0.131	0.156	0.147	-0.061	-0.074	0.282	"1"
"网"	2	0	0	1.426	0.262	0.313	0.294	-0.122	-0.148	0.564	"1"
"网络"	1	0	0	0.713	0.131	0.156	0.147	-0.061	-0.074	0.282	"1"
"网路"	2	0	0	1.426	0.262	0.313	0.294	-0.122	-0.148	0.564	"1"
"罗恩"	1	0	0	0.713	0.131	0.156	0.147	-0.061	-0.074	0.282	"1"
"罗素"	0	10	0	7.128	1.308	1.565	-5.418	8.835	-0.739	14.992	"2"
"罪嫌"	1	0	0	0.713	0.131	0.156	0.147	-0.061	-0.074	0.282	"1"
"置业"	1	0	0	0.713	0.131	0.156	0.147	-0.061	-0.074	0.282	"1"
"置地"	1	0	0	0.713	0.131	0.156	0.147	-0.061	-0.074	0.282	"1"
"置富"	1	0	0	0.713	0.131	0.156	0.147	-0.061	-0.074	0.282	"1"
"美光"	1	0	0	0.713	0.131	0.156	0.147	-0.061	-0.074	0.282	"1"
"美利联"	3	0	0	2.138	0.392	0.469	0.441	-0.183	-0.222	0.846	"1"
"美国"	0	9	2	7.84	1.438	1.721	-5.959	6.32	0.274	12.553	"2"
"美林"	4	0	0	2.851	0.523	0.626	0.588	-0.243	-0.296	1.127	"1"
"美股"	1	0	1	1.426	0.262	0.313	-0.308	-0.122	0.54	0.97	"3"
"群益"	3	0	0	2.138	0.392	0.469	0.441	-0.183	-0.222	0.846	"1"
"翔峰"	1	0	0	0.713	0.131	0.156	0.147	-0.061	-0.074	0.282	"1"
"耀龙"	1	0	0	0.713	0.131	0.156	0.147	-0.061	-0.074	0.282	"1"
"者"	19	0	8	19.245	3.531	4.225	-0.275	-1.643	1.306	3.224	"2"
"职务"	1	0	0	0.713	0.131	0.156	0.147	-0.061	-0.074	0.282	"1"
"联合"	1	0	0	0.713	0.131	0.156	0.147	-0.061	-0.074	0.282	"1"
"联合工"	1	0	0	0.713	0.131	0.156	0.147	-0.061	-0.074	0.282	"1"
"联席"	1	0	0	0.713	0.131	0.156	0.147	-0.061	-0.074	0.282	"1"
"联日"	2	0	0	1.426	0.262	0.313	0.294	-0.122	-0.148	0.564	"1"
"联营"	1	0	0	0.713	0.131	0.156	0.147	-0.061	-0.074	0.282	"1"
"联通"	1	0	0	0.713	0.131	0.156	0.147	-0.061	-0.074	0.282	"1"
"股"	27	3	1	22.096	4.054	4.851	1.475	-0.389	-1.462	3.326	"1"
"股东"	11	0	0	7.84	1.438	1.721	1.618	-0.669	-0.813	3.1	"1"
"股价"	4	0	8	8.553	1.569	1.878	-2.148	-0.73	4.009	6.887	"3"
"股份"	16	0	1	12.117	2.223	2.66	1.605	-1.035	-0.638	3.278	"1"
"股利"	1	0	0	0.713	0.131	0.156	0.147	-0.061	-0.074	0.282	"1"
"股市"	7	6	9	15.681	2.877	3.442	-3.843	1.235	2.4	7.478	"1"
"股市场"	1	0	0	0.713	0.131	0.156	0.147	-0.061	-0.074	0.282	"1"
"股息"	2	0	0	1.426	0.262	0.313	0.294	-0.122	-0.148	0.564	"1"
"股指"	0	0	2	1.426	0.262	0.313	-1.084	-0.122	1.611	2.817	"3"
"股本"	1	0	0	0.713	0.131	0.156	0.147	-0.061	-0.074	0.282	"1"
"股权"	6	0	0	4.277	0.785	0.939	0.882	-0.365	-0.443	1.69	"1"
"股民"	1	0	1	1.426	0.262	0.313	-0.308	-0.122	0.54	0.97	"3"
"股票"	35	18	2	39.202	7.192	8.606	-0.868	3.851	-2.27	6.989	"2"
"股股"	1	0	0	0.713	0.131	0.156	0.147	-0.061	-0.074	0.282	"1"
"肯"	1	0	0	0.713	0.131	0.156	0.147	-0.061	-0.074	0.282	"1"
"背信"	1	0	0	0.713	0.131	0.156	0.147	-0.061	-0.074	0.282	"1"
"脱售"	4	0	0	2.851	0.523	0.626	0.588	-0.243	-0.296	1.127	"1"
"腾飞"	2	0	0	1.426	0.262	0.313	0.294	-0.122	-0.148	0.564	"1"
"膨胀"	1	0	0	0.713	0.131	0.156	0.147	-0.061	-0.074	0.282	"1"
"自"	1	0	4	3.564	0.654	0.782	-1.581	-0.304	2.581	4.466	"3"
"自动"	0	0	1	0.713	0.131	0.156	-0.542	-0.061	0.806	1.409	"3"
"自家"	1	0	0	0.713	0.131	0.156	0.147	-0.061	-0.074	0.282	"1"
"自有"	2	0	0	1.426	0.262	0.313	0.294	-0.122	-0.148	0.564	"1"
"自由化"	1	0	0	0.713	0.131	0.156	0.147	-0.061	-0.074	0.282	"1"
"自营商"	1	0	0	0.713	0.131	0.156	0.147	-0.061	-0.074	0.282	"1"
"自营部门"	2	0	0	1.426	0.262	0.313	0.294	-0.122	-0.148	0.564	"1"
"航空"	1	0	0	0.713	0.131	0.156	0.147	-0.061	-0.074	0.282	"1"
"良木园"	1	0	0	0.713	0.131	0.156	0.147	-0.061	-0.074	0.282	"1"
"良机"	1	0	0	0.713	0.131	0.156	0.147	-0.061	-0.074	0.282	"1"
"花莎"	2	0	0	1.426	0.262	0.313	0.294	-0.122	-0.148	0.564	"1"
"花莎尼"	2	0	0	1.426	0.262	0.313	0.294	-0.122	-0.148	0.564	"1"
"英王"	3	0	0	2.138	0.392	0.469	0.441	-0.183	-0.222	0.846	"1"
"草案"	2	0	0	1.426	0.262	0.313	0.294	-0.122	-0.148	0.564	"1"
"草药"	1	0	0	0.713	0.131	0.156	0.147	-0.061	-0.074	0.282	"1"
"荣裕"	2	0	0	1.426	0.262	0.313	0.294	-0.122	-0.148	0.564	"1"
"荷银"	2	0	0	1.426	0.262	0.313	0.294	-0.122	-0.148	0.564	"1"
"获准"	4	0	0	2.851	0.523	0.626	0.588	-0.243	-0.296	1.127	"1"
"获利"	1	0	1	1.426	0.262	0.313	-0.308	-0.122	0.54	0.97	"3"
"营业"	1	0	0	0.713	0.131	0.156	0.147	-0.061	-0.074	0.282	"1"
"营业员"	1	0	0	0.713	0.131	0.156	0.147	-0.061	-0.074	0.282	"1"
"营业处"	1	0	0	0.713	0.131	0.156	0.147	-0.061	-0.074	0.282	"1"
"营业部"	1	0	0	0.713	0.131	0.156	0.147	-0.061	-0.074	0.282	"1"
"萨"	1	0	0	0.713	0.131	0.156	0.147	-0.061	-0.074	0.282	"1"
"葛兰素威康"	1	0	0	0.713	0.131	0.156	0.147	-0.061	-0.074	0.282	"1"
"董"	1	0	0	0.713	0.131	0.156	0.147	-0.061	-0.074	0.282	"1"
"董事"	7	0	0	4.989	0.915	1.095	1.029	-0.426	-0.517	1.972	"1"
"董事会"	1	0	0	0.713	0.131	0.156	0.147	-0.061	-0.074	0.282	"1"
"董事长"	1	1	0	1.426	0.262	0.313	-0.308	0.612	-0.148	1.068	"2"
"董监事"	1	0	0	0.713	0.131	0.156	0.147	-0.061	-0.074	0.282	"1"
"虎豹"	2	0	0	1.426	0.262	0.313	0.294	-0.122	-0.148	0.564	"1"
"融"	2	1	0	2.138	0.392	0.469	-0.195	0.464	-0.222	0.881	"2"
"融券"	2	0	0	1.426	0.262	0.313	0.294	-0.122	-0.148	0.564	"1"
"融资"	6	0	1	4.989	0.915	1.095	0.447	-0.426	-0.156	1.029	"1"
"行"	18	0	1	13.543	2.484	2.973	1.857	-1.156	-0.749	3.762	"1"
"行使"	4	0	0	2.851	0.523	0.626	0.588	-0.243	-0.296	1.127	"1"
"衍生"	0	1	0	0.713	0.131	0.156	-0.542	0.884	-0.074	1.5	"2"
"表决权"	2	0	0	1.426	0.262	0.313	0.294	-0.122	-0.148	0.564	"1"
"表现"	2	0	2	2.851	0.523	0.626	-0.487	-0.243	0.928	1.658	"3"
"装订"	1	0	0	0.713	0.131	0.156	0.147	-0.061	-0.074	0.282	"1"
"裕隆"	0	1	0	0.713	0.131	0.156	-0.542	0.884	-0.074	1.5	"2"
"西门子"	1	0	0	0.713	0.131	0.156	0.147	-0.061	-0.074	0.282	"1"
"观望"	0	0	1	0.713	0.131	0.156	-0.542	-0.061	0.806	1.409	"3"
"规划案"	1	0	0	0.713	0.131	0.156	0.147	-0.061	-0.074	0.282	"1"
"规则"	3	1	0	2.851	0.523	0.626	0.171	0.367	-0.296	0.834	"2"
"规定"	7	1	0	5.702	1.046	1.252	0.551	-0.144	-0.591	1.286	"3"
"规范"	4	0	0	2.851	0.523	0.626	0.588	-0.243	-0.296	1.127	"1"
"解除"	1	0	0	0.713	0.131	0.156	0.147	-0.061	-0.074	0.282	"1"
"触发"	1	0	0	0.713	0.131	0.156	0.147	-0.061	-0.074	0.282	"1"
"証"	1	0	0	0.713	0.131	0.156	0.147	-0.061	-0.074	0.282	"1"
"詹"	0	1	0	0.713	0.131	0.156	-0.542	0.884	-0.074	1.5	"2"
"警告"	1	0	0	0.713	0.131	0.156	0.147	-0.061	-0.074	0.282	"1"
"警示"	1	0	0	0.713	0.131	0.156	0.147	-0.061	-0.074	0.282	"1"
"计算"	1	0	0	0.713	0.131	0.156	0.147	-0.061	-0.074	0.282	"1"
"认为"	5	0	0	3.564	0.654	0.782	0.735	-0.304	-0.369	1.408	"1"
"认股权"	1	0	0	0.713	0.131	0.156	0.147	-0.061	-0.074	0.282	"1"
"认购"	2	0	0	1.426	0.262	0.313	0.294	-0.122	-0.148	0.564	"1"
"认购权"	3	0	0	2.138	0.392	0.469	0.441	-0.183	-0.222	0.846	"1"
"认购额"	1	0	0	0.713	0.131	0.156	0.147	-0.061	-0.074	0.282	"1"
"议价"	2	0	0	1.426	0.262	0.313	0.294	-0.122	-0.148	0.564	"1"
"记忆体"	0	0	1	0.713	0.131	0.156	-0.542	-0.061	0.806	1.409	"3"
"设定"	1	0	0	0.713	0.131	0.156	0.147	-0.061	-0.074	0.282	"1"
"设立"	4	0	0	2.851	0.523	0.626	0.588	-0.243	-0.296	1.127	"1"
"证"	3	0	0	2.138	0.392	0.469	0.441	-0.183	-0.222	0.846	"1"
"证交所"	1	10	0	7.84	1.438	1.721	-4.508	7.849	-0.813	13.17	"2"
"证券"	60	9	1	49.894	9.153	10.953	2.434	-0.247	-4.027	6.708	"3"
"证券业"	1	0	0	0.713	0.131	0.156	0.147	-0.061	-0.074	0.282	"1"
"证券商"	4	2	0	4.277	0.785	0.939	-0.258	0.746	-0.443	1.447	"2"
"证券行"	1	0	0	0.713	0.131	0.156	0.147	-0.061	-0.074	0.282	"1"
"证期"	2	0	0	1.426	0.262	0.313	0.294	-0.122	-0.148	0.564	"1"
"证期会"	4	0	0	2.851	0.523	0.626	0.588	-0.243	-0.296	1.127	"1"
"证监会"	3	1	0	2.851	0.523	0.626	0.171	0.367	-0.296	0.834	"2"
"评等"	2	0	0	1.426	0.262	0.313	0.294	-0.122	-0.148	0.564	"1"
"评级"	2	0	0	1.426	0.262	0.313	0.294	-0.122	-0.148	0.564	"1"
"试点"	1	0	0	0.713	0.131	0.156	0.147	-0.061	-0.074	0.282	"1"
"该"	3	0	0	2.138	0.392	0.469	0.441	-0.183	-0.222	0.846	"1"
"调低"	2	0	0	1.426	0.262	0.313	0.294	-0.122	-0.148	0.564	"1"
"调升"	1	0	0	0.713	0.131	0.156	0.147	-0.061	-0.074	0.282	"1"
"调整"	0	0	2	1.426	0.262	0.313	-1.084	-0.122	1.611	2.817	"3"
"调节"	1	0	0	0.713	0.131	0.156	0.147	-0.061	-0.074	0.282	"1"
"调降"	2	0	2	2.851	0.523	0.626	-0.487	-0.243	0.928	1.658	"3"
"调高"	2	0	0	1.426	0.262	0.313	0.294	-0.122	-0.148	0.564	"1"
"谅解"	1	0	0	0.713	0.131	0.156	0.147	-0.061	-0.074	0.282	"1"
"谭绍兴"	2	0	0	1.426	0.262	0.313	0.294	-0.122	-0.148	0.564	"1"
"负责"	2	0	0	1.426	0.262	0.313	0.294	-0.122	-0.148	0.564	"1"
"财务"	0	1	0	0.713	0.131	0.156	-0.542	0.884	-0.074	1.5	"2"
"财政部"	3	0	0	2.138	0.392	0.469	0.441	-0.183	-0.222	0.846	"1"
"责任"	2	0	0	1.426	0.262	0.313	0.294	-0.122	-0.148	0.564	"1"
"质押"	6	0	0	4.277	0.785	0.939	0.882	-0.365	-0.443	1.69	"1"
"质权"	1	0	0	0.713	0.131	0.156	0.147	-0.061	-0.074	0.282	"1"
"贬值"	0	0	1	0.713	0.131	0.156	-0.542	-0.061	0.806	1.409	"3"
"购"	5	0	0	3.564	0.654	0.782	0.735	-0.304	-0.369	1.408	"1"
"购买"	5	0	2	4.989	0.915	1.095	0.17	-0.426	0.521	1.117	"3"
"购入"	1	0	1	1.426	0.262	0.313	-0.308	-0.122	0.54	0.97	"3"
"贱价"	2	0	0	1.426	0.262	0.313	0.294	-0.122	-0.148	0.564	"1"
"贷款"	1	0	0	0.713	0.131	0.156	0.147	-0.061	-0.074	0.282	"1"
"资"	7	1	0	5.702	1.046	1.252	0.551	-0.144	-0.591	1.286	"3"
"资产"	11	0	1	8.553	1.569	1.878	0.999	-0.73	-0.378	2.107	"1"
"资料"	2	1	0	2.138	0.392	0.469	-0.195	0.464	-0.222	0.881	"2"
"资本"	5	0	0	3.564	0.654	0.782	0.735	-0.304	-0.369	1.408	"1"
"资深"	1	0	0	0.713	0.131	0.156	0.147	-0.061	-0.074	0.282	"1"
"资金"	10	0	0	7.128	1.308	1.565	1.471	-0.609	-0.739	2.819	"1"
"赋予"	1	0	0	0.713	0.131	0.156	0.147	-0.061	-0.074	0.282	"1"
"赋税署"	1	0	0	0.713	0.131	0.156	0.147	-0.061	-0.074	0.282	"1"
"赌场"	0	0	2	1.426	0.262	0.313	-1.084	-0.122	1.611	2.817	"3"
"赔"	0	0	1	0.713	0.131	0.156	-0.542	-0.061	0.806	1.409	"3"
"赚取"	1	0	0	0.713	0.131	0.156	0.147	-0.061	-0.074	0.282	"1"
"赠与"	1	0	0	0.713	0.131	0.156	0.147	-0.061	-0.074	0.282	"1"
"走势"	0	0	2	1.426	0.262	0.313	-1.084	-0.122	1.611	2.817	"3"
"走强"	0	0	1	0.713	0.131	0.156	-0.542	-0.061	0.806	1.409	"3"
"赵克非"	1	0	0	0.713	0.131	0.156	0.147	-0.061	-0.074	0.282	"1"
"超"	0	0	1	0.713	0.131	0.156	-0.542	-0.061	0.806	1.409	"3"
"超卖"	1	0	0	0.713	0.131	0.156	0.147	-0.061	-0.074	0.282	"1"
"超过"	4	0	4	5.702	1.046	1.252	-0.766	-0.487	1.607	2.86	"3"
"跌"	0	0	2	1.426	0.262	0.313	-1.084	-0.122	1.611	2.817	"3"
"跌价"	1	0	0	0.713	0.131	0.156	0.147	-0.061	-0.074	0.282	"1"
"跌停"	0	0	1	0.713	0.131	0.156	-0.542	-0.061	0.806	1.409	"3"
"跌到"	0	0	2	1.426	0.262	0.313	-1.084	-0.122	1.611	2.817	"3"
"跌幅"	1	0	6	4.989	0.915	1.095	-2.528	-0.426	4.051	7.005	"3"
"跳空"	0	0	1	0.713	0.131	0.156	-0.542	-0.061	0.806	1.409	"3"
"车证"	0	0	2	1.426	0.262	0.313	-1.084	-0.122	1.611	2.817	"3"
"车轮"	1	0	0	0.713	0.131	0.156	0.147	-0.061	-0.074	0.282	"1"
"转"	1	0	0	0.713	0.131	0.156	0.147	-0.061	-0.074	0.282	"1"
"转为"	1	0	0	0.713	0.131	0.156	0.147	-0.061	-0.074	0.282	"1"
"转售给"	1	0	0	0.713	0.131	0.156	0.147	-0.061	-0.074	0.282	"1"
"转投资"	1	0	0	0.713	0.131	0.156	0.147	-0.061	-0.074	0.282	"1"
"转眼"	1	0	0	0.713	0.131	0.156	0.147	-0.061	-0.074	0.282	"1"
"转让"	8	0	0	5.702	1.046	1.252	1.176	-0.487	-0.591	2.254	"1"
"较"	1	0	0	0.713	0.131	0.156	0.147	-0.061	-0.074	0.282	"1"
"辉"	1	0	0	0.713	0.131	0.156	0.147	-0.061	-0.074	0.282	"1"
"辉立"	3	0	0	2.138	0.392	0.469	0.441	-0.183	-0.222	0.846	"1"
"过去"	0	1	0	0.713	0.131	0.156	-0.542	0.884	-0.074	1.5	"2"
"过度"	0	0	1	0.713	0.131	0.156	-0.542	-0.061	0.806	1.409	"3"
"近来"	1	0	0	0.713	0.131	0.156	0.147	-0.061	-0.074	0.282	"1"
"进出"	0	1	0	0.713	0.131	0.156	-0.542	0.884	-0.074	1.5	"2"
"进场"	0	0	2	1.426	0.262	0.313	-1.084	-0.122	1.611	2.817	"3"
"远东"	1	0	0	0.713	0.131	0.156	0.147	-0.061	-0.074	0.282	"1"
"违反"	1	0	0	0.713	0.131	0.156	0.147	-0.061	-0.074	0.282	"1"
"追"	0	0	1	0.713	0.131	0.156	-0.542	-0.061	0.806	1.409	"3"
"适用"	2	1	0	2.138	0.392	0.469	-0.195	0.464	-0.222	0.881	"2"
"选定"	1	0	0	0.713	0.131	0.156	0.147	-0.061	-0.074	0.282	"1"
"透过"	1	1	0	1.426	0.262	0.313	-0.308	0.612	-0.148	1.068	"2"
"通"	1	0	0	0.713	0.131	0.156	0.147	-0.061	-0.074	0.282	"1"
"通辽"	1	0	0	0.713	0.131	0.156	0.147	-0.061	-0.074	0.282	"1"
"逢"	0	0	1	0.713	0.131	0.156	-0.542	-0.061	0.806	1.409	"3"
"避开"	1	0	0	0.713	0.131	0.156	0.147	-0.061	-0.074	0.282	"1"
"邀集"	1	0	0	0.713	0.131	0.156	0.147	-0.061	-0.074	0.282	"1"
"邝民彬"	1	0	0	0.713	0.131	0.156	0.147	-0.061	-0.074	0.282	"1"
"邱正雄"	1	0	0	0.713	0.131	0.156	0.147	-0.061	-0.074	0.282	"1"
"郑崇"	1	0	0	0.713	0.131	0.156	0.147	-0.061	-0.074	0.282	"1"
"部分"	2	0	0	1.426	0.262	0.313	0.294	-0.122	-0.148	0.564	"1"
"配发"	1	0	0	0.713	0.131	0.156	0.147	-0.061	-0.074	0.282	"1"
"配售"	2	0	0	1.426	0.262	0.313	0.294	-0.122	-0.148	0.564	"1"
"酒店"	2	0	0	1.426	0.262	0.313	0.294	-0.122	-0.148	0.564	"1"
"里昂"	1	0	0	0.713	0.131	0.156	0.147	-0.061	-0.074	0.282	"1"
"重挫"	1	0	0	0.713	0.131	0.156	0.147	-0.061	-0.074	0.282	"1"
"重量级"	0	0	1	0.713	0.131	0.156	-0.542	-0.061	0.806	1.409	"3"
"野"	1	0	0	0.713	0.131	0.156	0.147	-0.061	-0.074	0.282	"1"
"野村"	3	0	0	2.138	0.392	0.469	0.441	-0.183	-0.222	0.846	"1"
"金"	4	0	0	2.851	0.523	0.626	0.588	-0.243	-0.296	1.127	"1"
"金正日"	0	1	0	0.713	0.131	0.156	-0.542	0.884	-0.074	1.5	"2"
"金界"	0	0	1	0.713	0.131	0.156	-0.542	-0.061	0.806	1.409	"3"
"金管局"	1	0	0	0.713	0.131	0.156	0.147	-0.061	-0.074	0.282	"1"
"金英"	1	0	0	0.713	0.131	0.156	0.147	-0.061	-0.074	0.282	"1"
"金融"	13	1	4	12.83	2.354	2.816	0.235	-0.526	0.512	1.273	"2"
"金融时报"	0	0	3	2.138	0.392	0.469	-1.625	-0.183	2.417	4.225	"3"
"金融股"	0	0	1	0.713	0.131	0.156	-0.542	-0.061	0.806	1.409	"3"
"金额"	3	0	0	2.138	0.392	0.469	0.441	-0.183	-0.222	0.846	"1"
"金鼎"	2	0	0	1.426	0.262	0.313	0.294	-0.122	-0.148	0.564	"1"
"针锋相对"	2	0	0	1.426	0.262	0.313	0.294	-0.122	-0.148	0.564	"1"
"银"	4	0	0	2.851	0.523	0.626	0.588	-0.243	-0.296	1.127	"1"
"银行"	36	0	0	25.66	4.707	5.633	5.294	-2.191	-2.66	10.145	"1"
"银行业"	1	0	0	0.713	0.131	0.156	0.147	-0.061	-0.074	0.282	"1"
"银行股"	2	0	0	1.426	0.262	0.313	0.294	-0.122	-0.148	0.564	"1"
"长扬"	0	0	1	0.713	0.131	0.156	-0.542	-0.061	0.806	1.409	"3"
"长春店"	1	0	0	0.713	0.131	0.156	0.147	-0.061	-0.074	0.282	"1"
"长江"	1	0	0	0.713	0.131	0.156	0.147	-0.061	-0.074	0.282	"1"
"门槛"	2	0	0	1.426	0.262	0.313	0.294	-0.122	-0.148	0.564	"1"
"闪"	0	0	1	0.713	0.131	0.156	-0.542	-0.061	0.806	1.409	"3"
"闭"	1	0	0	0.713	0.131	0.156	0.147	-0.061	-0.074	0.282	"1"
"防御性"	1	0	0	0.713	0.131	0.156	0.147	-0.061	-0.074	0.282	"1"
"阳光"	1	0	0	0.713	0.131	0.156	0.147	-0.061	-0.074	0.282	"1"
"阿扁"	0	0	1	0.713	0.131	0.156	-0.542	-0.061	0.806	1.409	"3"
"附属"	1	0	0	0.713	0.131	0.156	0.147	-0.061	-0.074	0.282	"1"
"陈孟菁"	2	0	0	1.426	0.262	0.313	0.294	-0.122	-0.148	0.564	"1"
"陈永昌"	7	2	0	6.415	1.177	1.408	0.303	0.477	-0.665	1.445	"3"
"陈沖"	1	0	0	0.713	0.131	0.156	0.147	-0.061	-0.074	0.282	"1"
"陈继盛"	0	1	0	0.713	0.131	0.156	-0.542	0.884	-0.074	1.5	"2"
"限"	2	0	0	1.426	0.262	0.313	0.294	-0.122	-0.148	0.564	"1"
"限制"	3	0	1	2.851	0.523	0.626	0.171	-0.243	0.307	0.721	"3"
"限制性"	1	0	0	0.713	0.131	0.156	0.147	-0.061	-0.074	0.282	"1"
"限额"	1	0	0	0.713	0.131	0.156	0.147	-0.061	-0.074	0.282	"1"
"陕西"	1	0	0	0.713	0.131	0.156	0.147	-0.061	-0.074	0.282	"1"
"除牌"	0	1	0	0.713	0.131	0.156	-0.542	0.884	-0.074	1.5	"2"
"隆兴"	0	1	0	0.713	0.131	0.156	-0.542	0.884	-0.074	1.5	"2"
"隧道"	2	0	0	1.426	0.262	0.313	0.294	-0.122	-0.148	0.564	"1"
"雅虎"	1	0	1	1.426	0.262	0.313	-0.308	-0.122	0.54	0.97	"3"
"集中"	3	1	1	3.564	0.654	0.782	-0.351	0.298	0.242	0.891	"1"
"集团"	13	0	0	9.266	1.7	2.034	1.912	-0.791	-0.961	3.664	"1"
"集散地"	0	0	1	0.713	0.131	0.156	-0.542	-0.061	0.806	1.409	"3"
"集资"	1	0	0	0.713	0.131	0.156	0.147	-0.061	-0.074	0.282	"1"
"零售"	1	0	0	0.713	0.131	0.156	0.147	-0.061	-0.074	0.282	"1"
"需"	1	0	0	0.713	0.131	0.156	0.147	-0.061	-0.074	0.282	"1"
"面值"	1	0	1	1.426	0.262	0.313	-0.308	-0.122	0.54	0.97	"3"
"顶"	1	0	0	0.713	0.131	0.156	0.147	-0.061	-0.074	0.282	"1"
"顶限"	1	0	0	0.713	0.131	0.156	0.147	-0.061	-0.074	0.282	"1"
"顺大裕"	1	0	0	0.713	0.131	0.156	0.147	-0.061	-0.074	0.282	"1"
"颁布"	1	0	0	0.713	0.131	0.156	0.147	-0.061	-0.074	0.282	"1"
"预估"	0	0	3	2.138	0.392	0.469	-1.625	-0.183	2.417	4.225	"3"
"预料"	1	0	0	0.713	0.131	0.156	0.147	-0.061	-0.074	0.282	"1"
"预期"	1	0	0	0.713	0.131	0.156	0.147	-0.061	-0.074	0.282	"1"
"预测"	2	1	0	2.138	0.392	0.469	-0.195	0.464	-0.222	0.881	"2"
"领涨"	0	0	1	0.713	0.131	0.156	-0.542	-0.061	0.806	1.409	"3"
"颜庆章"	0	0	1	0.713	0.131	0.156	-0.542	-0.061	0.806	1.409	"3"
"额度"	1	0	0	0.713	0.131	0.156	0.147	-0.061	-0.074	0.282	"1"
"风险"	3	0	0	2.138	0.392	0.469	0.441	-0.183	-0.222	0.846	"1"
"飙升"	0	0	1	0.713	0.131	0.156	-0.542	-0.061	0.806	1.409	"3"
"首创"	2	0	0	1.426	0.262	0.313	0.294	-0.122	-0.148	0.564	"1"
"首席"	1	0	0	0.713	0.131	0.156	0.147	-0.061	-0.074	0.282	"1"
"马国"	2	0	0	1.426	0.262	0.313	0.294	-0.122	-0.148	0.564	"1"
"骆云山"	1	0	0	0.713	0.131	0.156	0.147	-0.061	-0.074	0.282	"1"
"骆敏仪"	1	0	0	0.713	0.131	0.156	0.147	-0.061	-0.074	0.282	"1"
"高企业"	1	0	0	0.713	0.131	0.156	0.147	-0.061	-0.074	0.282	"1"
"高点"	0	0	1	0.713	0.131	0.156	-0.542	-0.061	0.806	1.409	"3"
"高盛"	4	0	1	3.564	0.654	0.782	0.256	-0.304	0.242	0.802	"2"
"高管"	1	0	0	0.713	0.131	0.156	0.147	-0.061	-0.074	0.282	"1"
"高级"	4	0	0	2.851	0.523	0.626	0.588	-0.243	-0.296	1.127	"1"
"高达"	3	0	0	2.138	0.392	0.469	0.441	-0.183	-0.222	0.846	"1"
"高速"	1	0	0	0.713	0.131	0.156	0.147	-0.061	-0.074	0.282	"1"
"鸿"	2	0	0	1.426	0.262	0.313	0.294	-0.122	-0.148	0.564	"1"
"鸿基"	1	0	0	0.713	0.131	0.156	0.147	-0.061	-0.074	0.282	"1"
"鸿宝业"	1	0	0	0.713	0.131	0.156	0.147	-0.061	-0.074	0.282	"1"
"鸿海"	1	0	0	0.713	0.131	0.156	0.147	-0.061	-0.074	0.282	"1"
"麦肯"	1	0	0	0.713	0.131	0.156	0.147	-0.061	-0.074	0.282	"1"
"黄玉诚"	1	0	0	0.713	0.131	0.156	0.147	-0.061	-0.074	0.282	"1"
