"Coll_Word"	"1"	"2"	"3"	"exp_1"	"exp_2"	"exp_3"	"pbin_1"	"pbin_2"	"pbin_3"	"SumAbsDev"	"LargestDev"
"－"	0	1	0	0.47	0.239	0.291	-0.276	0.622	-0.149	1.047	"2"
"："	0	2	1	1.411	0.716	0.872	-0.828	0.842	0.192	1.862	"2"
"“"	1	4	31	16.932	8.598	10.47	-8.418	-1.329	11.769	21.516	"3"
"”"	0	0	27	12.699	6.448	7.852	-7.452	-3.2	14.482	25.134	"3"
"《"	0	0	6	2.822	1.433	1.745	-1.656	-0.711	3.218	5.585	"3"
"》"	0	1	5	2.822	1.433	1.745	-1.656	-0.251	2.024	3.931	"3"
"「"	0	1	32	15.521	7.881	9.597	-9.108	-2.856	15.789	27.753	"3"
"」"	15	1	38	25.398	12.897	15.705	-2.519	-5.146	9.367	17.032	"3"
"`"	1	0	0	0.47	0.239	0.291	0.328	-0.119	-0.149	0.596	"1"
"¤"	0	1	0	0.47	0.239	0.291	-0.276	0.622	-0.149	1.047	"2"
"120多"	0	1	0	0.47	0.239	0.291	-0.276	0.622	-0.149	1.047	"2"
"12万"	0	1	0	0.47	0.239	0.291	-0.276	0.622	-0.149	1.047	"2"
"191"	0	1	0	0.47	0.239	0.291	-0.276	0.622	-0.149	1.047	"2"
"2.1"	0	0	1	0.47	0.239	0.291	-0.276	-0.119	0.536	0.931	"3"
"2010年"	0	0	1	0.47	0.239	0.291	-0.276	-0.119	0.536	0.931	"3"
"21世纪"	1	0	2	1.411	0.716	0.872	-0.264	-0.356	0.689	1.309	"3"
"280余"	1	0	0	0.47	0.239	0.291	0.328	-0.119	-0.149	0.596	"1"
"367"	1	0	0	0.47	0.239	0.291	0.328	-0.119	-0.149	0.596	"1"
"39"	1	0	0	0.47	0.239	0.291	0.328	-0.119	-0.149	0.596	"1"
"891110"	0	0	1	0.47	0.239	0.291	-0.276	-0.119	0.536	0.931	"3"
"891115"	0	1	0	0.47	0.239	0.291	-0.276	0.622	-0.149	1.047	"2"
"891207"	0	0	1	0.47	0.239	0.291	-0.276	-0.119	0.536	0.931	"3"
"891214"	1	0	0	0.47	0.239	0.291	0.328	-0.119	-0.149	0.596	"1"
"891228"	0	1	0	0.47	0.239	0.291	-0.276	0.622	-0.149	1.047	"2"
"900102"	1	0	0	0.47	0.239	0.291	0.328	-0.119	-0.149	0.596	"1"
"900114"	1	0	0	0.47	0.239	0.291	0.328	-0.119	-0.149	0.596	"1"
"900118"	0	1	0	0.47	0.239	0.291	-0.276	0.622	-0.149	1.047	"2"
"Ange"	0	0	1	0.47	0.239	0.291	-0.276	-0.119	0.536	0.931	"3"
"e"	2	0	0	0.941	0.478	0.582	0.655	-0.237	-0.299	1.191	"1"
"ls"	0	0	1	0.47	0.239	0.291	-0.276	-0.119	0.536	0.931	"3"
"NMD"	1	0	0	0.47	0.239	0.291	0.328	-0.119	-0.149	0.596	"1"
"TOUCH"	0	0	1	0.47	0.239	0.291	-0.276	-0.119	0.536	0.931	"3"
"WOMAD"	0	0	1	0.47	0.239	0.291	-0.276	-0.119	0.536	0.931	"3"
"WTO"	2	0	0	0.941	0.478	0.582	0.655	-0.237	-0.299	1.191	"1"
"ㄙ"	0	1	0	0.47	0.239	0.291	-0.276	0.622	-0.149	1.047	"2"
"一"	1	0	0	0.47	0.239	0.291	0.328	-0.119	-0.149	0.596	"1"
"一下"	0	1	0	0.47	0.239	0.291	-0.276	0.622	-0.149	1.047	"2"
"一下子"	0	1	0	0.47	0.239	0.291	-0.276	0.622	-0.149	1.047	"2"
"一些"	1	6	1	3.763	1.911	2.327	-1.299	2.483	-0.562	4.344	"2"
"一心"	0	0	1	0.47	0.239	0.291	-0.276	-0.119	0.536	0.931	"3"
"一早"	0	1	0	0.47	0.239	0.291	-0.276	0.622	-0.149	1.047	"2"
"一致"	1	1	0	0.941	0.478	0.582	0.143	0.376	-0.299	0.818	"2"
"一般性"	1	0	0	0.47	0.239	0.291	0.328	-0.119	-0.149	0.596	"1"
"一路"	0	1	0	0.47	0.239	0.291	-0.276	0.622	-0.149	1.047	"2"
"七"	2	0	0	0.941	0.478	0.582	0.655	-0.237	-0.299	1.191	"1"
"三月"	1	0	0	0.47	0.239	0.291	0.328	-0.119	-0.149	0.596	"1"
"三通"	2	0	0	0.941	0.478	0.582	0.655	-0.237	-0.299	1.191	"1"
"上"	15	9	0	11.288	5.732	6.98	1.025	1.016	-3.582	5.623	"3"
"上述"	1	0	0	0.47	0.239	0.291	0.328	-0.119	-0.149	0.596	"1"
"不只"	1	0	0	0.47	0.239	0.291	0.328	-0.119	-0.149	0.596	"1"
"不同"	1	2	9	5.644	2.866	3.49	-2.245	-0.371	2.879	5.495	"3"
"不宜"	0	1	0	0.47	0.239	0.291	-0.276	0.622	-0.149	1.047	"2"
"不容"	1	0	0	0.47	0.239	0.291	0.328	-0.119	-0.149	0.596	"1"
"不得"	1	0	0	0.47	0.239	0.291	0.328	-0.119	-0.149	0.596	"1"
"不敌"	1	0	0	0.47	0.239	0.291	0.328	-0.119	-0.149	0.596	"1"
"不断"	1	1	0	0.941	0.478	0.582	0.143	0.376	-0.299	0.818	"2"
"不管"	0	0	1	0.47	0.239	0.291	-0.276	-0.119	0.536	0.931	"3"
"不见了"	0	0	1	0.47	0.239	0.291	-0.276	-0.119	0.536	0.931	"3"
"与"	22	1	2	11.758	5.971	7.271	4.622	-2.016	-1.941	8.579	"1"
"与会"	1	0	0	0.47	0.239	0.291	0.328	-0.119	-0.149	0.596	"1"
"与会者"	1	0	0	0.47	0.239	0.291	0.328	-0.119	-0.149	0.596	"1"
"专员"	1	0	0	0.47	0.239	0.291	0.328	-0.119	-0.149	0.596	"1"
"专栏"	0	1	0	0.47	0.239	0.291	-0.276	0.622	-0.149	1.047	"2"
"专门"	1	0	0	0.47	0.239	0.291	0.328	-0.119	-0.149	0.596	"1"
"专题"	0	1	2	1.411	0.716	0.872	-0.828	0.253	0.689	1.77	"1"
"世博"	0	0	1	0.47	0.239	0.291	-0.276	-0.119	0.536	0.931	"3"
"世博会"	0	0	1	0.47	0.239	0.291	-0.276	-0.119	0.536	0.931	"3"
"世界"	0	0	3	1.411	0.716	0.872	-0.828	-0.356	1.609	2.793	"3"
"世界贸易组织"	2	0	0	0.941	0.478	0.582	0.655	-0.237	-0.299	1.191	"1"
"世纪"	0	0	3	1.411	0.716	0.872	-0.828	-0.356	1.609	2.793	"3"
"世贸组织"	4	0	0	1.881	0.955	1.163	1.31	-0.474	-0.597	2.381	"1"
"业界"	1	0	0	0.47	0.239	0.291	0.328	-0.119	-0.149	0.596	"1"
"东北亚"	1	0	0	0.47	0.239	0.291	0.328	-0.119	-0.149	0.596	"1"
"丝绸"	0	0	1	0.47	0.239	0.291	-0.276	-0.119	0.536	0.931	"3"
"两千"	0	0	1	0.47	0.239	0.291	-0.276	-0.119	0.536	0.931	"3"
"两国"	2	0	0	0.941	0.478	0.582	0.655	-0.237	-0.299	1.191	"1"
"两岸"	12	1	4	7.996	4.06	4.944	1.36	-1.213	-0.376	2.949	"1"
"两性"	1	0	0	0.47	0.239	0.291	0.328	-0.119	-0.149	0.596	"1"
"严肃"	1	3	0	1.881	0.955	1.163	-0.446	1.349	-0.597	2.392	"2"
"严肃性"	0	1	0	0.47	0.239	0.291	-0.276	0.622	-0.149	1.047	"2"
"个"	13	26	2	19.284	9.792	11.924	-1.469	7.064	-3.927	12.46	"2"
"个展"	0	0	1	0.47	0.239	0.291	-0.276	-0.119	0.536	0.931	"3"
"中"	1	0	0	0.47	0.239	0.291	0.328	-0.119	-0.149	0.596	"1"
"中东"	1	1	0	0.941	0.478	0.582	0.143	0.376	-0.299	0.818	"2"
"中华"	0	0	1	0.47	0.239	0.291	-0.276	-0.119	0.536	0.931	"3"
"中国家"	2	0	0	0.941	0.478	0.582	0.655	-0.237	-0.299	1.191	"1"
"中常会"	0	1	0	0.47	0.239	0.291	-0.276	0.622	-0.149	1.047	"2"
"中文"	0	1	0	0.47	0.239	0.291	-0.276	0.622	-0.149	1.047	"2"
"中研院"	0	0	1	0.47	0.239	0.291	-0.276	-0.119	0.536	0.931	"3"
"中美"	1	0	0	0.47	0.239	0.291	0.328	-0.119	-0.149	0.596	"1"
"中美关系"	1	0	0	0.47	0.239	0.291	0.328	-0.119	-0.149	0.596	"1"
"临床"	1	0	0	0.47	0.239	0.291	0.328	-0.119	-0.149	0.596	"1"
"临时会"	0	0	1	0.47	0.239	0.291	-0.276	-0.119	0.536	0.931	"3"
"为"	0	0	36	16.932	8.598	10.47	-9.936	-4.267	19.309	33.512	"3"
"为为"	0	0	1	0.47	0.239	0.291	-0.276	-0.119	0.536	0.931	"3"
"为人师表"	0	0	1	0.47	0.239	0.291	-0.276	-0.119	0.536	0.931	"3"
"为期"	0	0	1	0.47	0.239	0.291	-0.276	-0.119	0.536	0.931	"3"
"主办"	0	1	2	1.411	0.716	0.872	-0.828	0.253	0.689	1.77	"1"
"主导"	1	0	0	0.47	0.239	0.291	0.328	-0.119	-0.149	0.596	"1"
"主持"	1	0	0	0.47	0.239	0.291	0.328	-0.119	-0.149	0.596	"1"
"主线"	1	0	0	0.47	0.239	0.291	0.328	-0.119	-0.149	0.596	"1"
"主要"	11	1	0	5.644	2.866	3.49	2.769	-0.744	-1.791	5.304	"1"
"主讲"	1	0	0	0.47	0.239	0.291	0.328	-0.119	-0.149	0.596	"1"
"主轴"	0	0	1	0.47	0.239	0.291	-0.276	-0.119	0.536	0.931	"3"
"主题"	2	0	2	1.881	0.955	1.163	0.193	-0.474	0.479	1.146	"3"
"举办"	0	0	6	2.822	1.433	1.745	-1.656	-0.711	3.218	5.585	"3"
"之余"	0	0	1	0.47	0.239	0.291	-0.276	-0.119	0.536	0.931	"3"
"之外"	0	1	0	0.47	0.239	0.291	-0.276	0.622	-0.149	1.047	"2"
"之类"	2	0	0	0.941	0.478	0.582	0.655	-0.237	-0.299	1.191	"1"
"乐园"	0	2	0	0.941	0.478	0.582	-0.552	1.244	-0.299	2.095	"2"
"乐曲"	0	1	0	0.47	0.239	0.291	-0.276	0.622	-0.149	1.047	"2"
"九二一"	2	0	0	0.941	0.478	0.582	0.655	-0.237	-0.299	1.191	"1"
"书"	0	0	1	0.47	0.239	0.291	-0.276	-0.119	0.536	0.931	"3"
"书山曲海"	0	0	1	0.47	0.239	0.291	-0.276	-0.119	0.536	0.931	"3"
"争"	1	0	0	0.47	0.239	0.291	0.328	-0.119	-0.149	0.596	"1"
"争议"	2	0	0	0.941	0.478	0.582	0.655	-0.237	-0.299	1.191	"1"
"争议性"	0	1	0	0.47	0.239	0.291	-0.276	0.622	-0.149	1.047	"2"
"争论"	0	1	0	0.47	0.239	0.291	-0.276	0.622	-0.149	1.047	"2"
"事宜"	1	0	0	0.47	0.239	0.291	0.328	-0.119	-0.149	0.596	"1"
"云林"	0	0	1	0.47	0.239	0.291	-0.276	-0.119	0.536	0.931	"3"
"互动"	1	0	0	0.47	0.239	0.291	0.328	-0.119	-0.149	0.596	"1"
"互助"	0	1	0	0.47	0.239	0.291	-0.276	0.622	-0.149	1.047	"2"
"亚利桑那州"	1	0	0	0.47	0.239	0.291	0.328	-0.119	-0.149	0.596	"1"
"亚欧"	0	0	2	0.941	0.478	0.582	-0.552	-0.237	1.073	1.862	"3"
"亚洲"	0	2	0	0.941	0.478	0.582	-0.552	1.244	-0.299	2.095	"2"
"亚细安"	0	2	0	0.941	0.478	0.582	-0.552	1.244	-0.299	2.095	"2"
"些"	0	1	0	0.47	0.239	0.291	-0.276	0.622	-0.149	1.047	"2"
"交换"	9	0	0	4.233	2.149	2.617	2.948	-1.067	-1.343	5.358	"1"
"交流"	5	0	1	2.822	1.433	1.745	1.076	-0.711	-0.356	2.143	"1"
"交由"	1	0	0	0.47	0.239	0.291	0.328	-0.119	-0.149	0.596	"1"
"交谈"	1	0	0	0.47	0.239	0.291	0.328	-0.119	-0.149	0.596	"1"
"产业界"	1	0	0	0.47	0.239	0.291	0.328	-0.119	-0.149	0.596	"1"
"京城"	0	0	1	0.47	0.239	0.291	-0.276	-0.119	0.536	0.931	"3"
"亲民党"	1	0	0	0.47	0.239	0.291	0.328	-0.119	-0.149	0.596	"1"
"人们"	0	4	0	1.881	0.955	1.163	-1.104	2.488	-0.597	4.189	"2"
"人文"	0	0	2	0.941	0.478	0.582	-0.552	-0.237	1.073	1.862	"3"
"人权"	1	0	2	1.411	0.716	0.872	-0.264	-0.356	0.689	1.309	"3"
"人民日报"	0	0	1	0.47	0.239	0.291	-0.276	-0.119	0.536	0.931	"3"
"人防"	2	0	0	0.941	0.478	0.582	0.655	-0.237	-0.299	1.191	"1"
"什么"	0	1	0	0.47	0.239	0.291	-0.276	0.622	-0.149	1.047	"2"
"今年"	0	2	3	2.352	1.194	1.454	-1.38	0.464	0.821	2.665	"1"
"代言"	0	1	0	0.47	0.239	0.291	-0.276	0.622	-0.149	1.047	"2"
"令"	0	1	0	0.47	0.239	0.291	-0.276	0.622	-0.149	1.047	"2"
"以外"	0	1	0	0.47	0.239	0.291	-0.276	0.622	-0.149	1.047	"2"
"以致"	1	0	0	0.47	0.239	0.291	0.328	-0.119	-0.149	0.596	"1"
"们"	0	2	0	0.941	0.478	0.582	-0.552	1.244	-0.299	2.095	"2"
"任何"	6	1	0	3.292	1.672	2.036	1.345	-0.325	-1.045	2.715	"1"
"份子"	0	1	0	0.47	0.239	0.291	-0.276	0.622	-0.149	1.047	"2"
"企业家"	0	1	0	0.47	0.239	0.291	-0.276	0.622	-0.149	1.047	"2"
"优先"	5	0	0	2.352	1.194	1.454	1.638	-0.593	-0.746	2.977	"1"
"会"	1	0	3	1.881	0.955	1.163	-0.446	-0.474	1.114	2.034	"3"
"会场"	1	0	0	0.47	0.239	0.291	0.328	-0.119	-0.149	0.596	"1"
"会晤"	2	0	0	0.941	0.478	0.582	0.655	-0.237	-0.299	1.191	"1"
"会议"	25	0	7	15.051	7.643	9.307	3.482	-3.793	-0.61	7.885	"2"
"会谈"	8	0	0	3.763	1.911	2.327	2.621	-0.948	-1.194	4.763	"1"
"会面"	0	1	0	0.47	0.239	0.291	-0.276	0.622	-0.149	1.047	"2"
"传统"	0	0	1	0.47	0.239	0.291	-0.276	-0.119	0.536	0.931	"3"
"住宿"	1	0	0	0.47	0.239	0.291	0.328	-0.119	-0.149	0.596	"1"
"体制"	1	0	0	0.47	0.239	0.291	0.328	-0.119	-0.149	0.596	"1"
"体委会"	1	0	0	0.47	0.239	0.291	0.328	-0.119	-0.149	0.596	"1"
"体育科"	1	0	0	0.47	0.239	0.291	0.328	-0.119	-0.149	0.596	"1"
"何"	2	0	0	0.941	0.478	0.582	0.655	-0.237	-0.299	1.191	"1"
"何以"	0	2	0	0.941	0.478	0.582	-0.552	1.244	-0.299	2.095	"2"
"何立强"	1	0	0	0.47	0.239	0.291	0.328	-0.119	-0.149	0.596	"1"
"佛"	0	0	1	0.47	0.239	0.291	-0.276	-0.119	0.536	0.931	"3"
"作"	1	2	1	1.881	0.955	1.163	-0.446	0.614	-0.175	1.235	"2"
"作为"	0	0	3	1.411	0.716	0.872	-0.828	-0.356	1.609	2.793	"3"
"作品"	0	0	4	1.881	0.955	1.163	-1.104	-0.474	2.145	3.723	"3"
"作答"	0	1	0	0.47	0.239	0.291	-0.276	0.622	-0.149	1.047	"2"
"作者"	1	1	0	0.941	0.478	0.582	0.143	0.376	-0.299	0.818	"2"
"例如"	1	0	0	0.47	0.239	0.291	0.328	-0.119	-0.149	0.596	"1"
"供"	0	2	0	0.941	0.478	0.582	-0.552	1.244	-0.299	2.095	"2"
"依然"	1	1	0	0.941	0.478	0.582	0.143	0.376	-0.299	0.818	"2"
"便利"	1	0	0	0.47	0.239	0.291	0.328	-0.119	-0.149	0.596	"1"
"便是"	1	0	0	0.47	0.239	0.291	0.328	-0.119	-0.149	0.596	"1"
"促"	0	0	1	0.47	0.239	0.291	-0.276	-0.119	0.536	0.931	"3"
"俄欧"	1	0	0	0.47	0.239	0.291	0.328	-0.119	-0.149	0.596	"1"
"保健"	0	1	0	0.47	0.239	0.291	-0.276	0.622	-0.149	1.047	"2"
"修订"	1	0	0	0.47	0.239	0.291	0.328	-0.119	-0.149	0.596	"1"
"倒阁"	1	0	0	0.47	0.239	0.291	0.328	-0.119	-0.149	0.596	"1"
"借助"	0	0	1	0.47	0.239	0.291	-0.276	-0.119	0.536	0.931	"3"
"值得"	0	3	0	1.411	0.716	0.872	-0.828	1.866	-0.448	3.142	"2"
"假借"	1	0	0	0.47	0.239	0.291	0.328	-0.119	-0.149	0.596	"1"
"做为"	0	0	1	0.47	0.239	0.291	-0.276	-0.119	0.536	0.931	"3"
"做出"	1	0	0	0.47	0.239	0.291	0.328	-0.119	-0.149	0.596	"1"
"健康"	0	0	4	1.881	0.955	1.163	-1.104	-0.474	2.145	3.723	"3"
"偶而"	0	1	0	0.47	0.239	0.291	-0.276	0.622	-0.149	1.047	"2"
"像"	0	0	1	0.47	0.239	0.291	-0.276	-0.119	0.536	0.931	"3"
"僵局"	3	0	0	1.411	0.716	0.872	0.983	-0.356	-0.448	1.787	"1"
"元旦"	0	1	0	0.47	0.239	0.291	-0.276	0.622	-0.149	1.047	"2"
"兄弟"	0	1	0	0.47	0.239	0.291	-0.276	0.622	-0.149	1.047	"2"
"充分体"	0	0	1	0.47	0.239	0.291	-0.276	-0.119	0.536	0.931	"3"
"充满"	0	0	1	0.47	0.239	0.291	-0.276	-0.119	0.536	0.931	"3"
"先前"	1	1	0	0.941	0.478	0.582	0.143	0.376	-0.299	0.818	"2"
"先进性"	0	0	1	0.47	0.239	0.291	-0.276	-0.119	0.536	0.931	"3"
"党"	1	1	0	0.941	0.478	0.582	0.143	0.376	-0.299	0.818	"2"
"党派"	1	0	0	0.47	0.239	0.291	0.328	-0.119	-0.149	0.596	"1"
"党章"	0	1	0	0.47	0.239	0.291	-0.276	0.622	-0.149	1.047	"2"
"党纲"	0	1	0	0.47	0.239	0.291	-0.276	0.622	-0.149	1.047	"2"
"入手"	0	1	0	0.47	0.239	0.291	-0.276	0.622	-0.149	1.047	"2"
"入门"	0	0	1	0.47	0.239	0.291	-0.276	-0.119	0.536	0.931	"3"
"全国科"	1	0	0	0.47	0.239	0.291	0.328	-0.119	-0.149	0.596	"1"
"全民"	1	0	1	0.941	0.478	0.582	0.143	-0.237	0.304	0.684	"3"
"全球化"	2	0	1	1.411	0.716	0.872	0.341	-0.356	0.192	0.889	"2"
"全球市"	1	0	0	0.47	0.239	0.291	0.328	-0.119	-0.149	0.596	"1"
"八五"	1	0	0	0.47	0.239	0.291	0.328	-0.119	-0.149	0.596	"1"
"公"	2	0	0	0.941	0.478	0.582	0.655	-0.237	-0.299	1.191	"1"
"公元"	0	0	1	0.47	0.239	0.291	-0.276	-0.119	0.536	0.931	"3"
"公共"	3	0	0	1.411	0.716	0.872	0.983	-0.356	-0.448	1.787	"1"
"公园"	0	0	7	3.292	1.672	2.036	-1.932	-0.83	3.755	6.517	"3"
"公投"	13	0	0	6.114	3.105	3.781	4.259	-1.541	-1.94	7.74	"1"
"公民"	3	0	0	1.411	0.716	0.872	0.983	-0.356	-0.448	1.787	"1"
"共同"	5	2	0	3.292	1.672	2.036	0.743	0.278	-1.045	2.066	"3"
"共和党籍"	1	0	0	0.47	0.239	0.291	0.328	-0.119	-0.149	0.596	"1"
"共识"	5	1	0	2.822	1.433	1.745	1.076	-0.251	-0.896	2.223	"1"
"关"	4	3	0	3.292	1.672	2.036	0.361	0.656	-1.045	2.062	"3"
"关切"	6	0	0	2.822	1.433	1.745	1.966	-0.711	-0.896	3.573	"1"
"关心"	2	4	0	2.822	1.433	1.745	-0.397	1.495	-0.896	2.788	"2"
"关注"	1	12	0	6.114	3.105	3.781	-2.49	6.457	-1.94	10.887	"2"
"关爱"	0	1	0	0.47	0.239	0.291	-0.276	0.622	-0.149	1.047	"2"
"关键"	2	0	0	0.941	0.478	0.582	0.655	-0.237	-0.299	1.191	"1"
"兴趣"	0	1	0	0.47	0.239	0.291	-0.276	0.622	-0.149	1.047	"2"
"其他"	1	0	0	0.47	0.239	0.291	0.328	-0.119	-0.149	0.596	"1"
"其它"	1	0	0	0.47	0.239	0.291	0.328	-0.119	-0.149	0.596	"1"
"其实"	0	0	1	0.47	0.239	0.291	-0.276	-0.119	0.536	0.931	"3"
"具"	1	1	0	0.941	0.478	0.582	0.143	0.376	-0.299	0.818	"2"
"具体"	5	0	0	2.352	1.194	1.454	1.638	-0.593	-0.746	2.977	"1"
"具名"	1	0	0	0.47	0.239	0.291	0.328	-0.119	-0.149	0.596	"1"
"内外"	0	1	0	0.47	0.239	0.291	-0.276	0.622	-0.149	1.047	"2"
"内容"	1	0	2	1.411	0.716	0.872	-0.264	-0.356	0.689	1.309	"3"
"册子"	0	2	0	0.941	0.478	0.582	-0.552	1.244	-0.299	2.095	"2"
"再度"	0	1	0	0.47	0.239	0.291	-0.276	0.622	-0.149	1.047	"2"
"军售"	1	0	0	0.47	0.239	0.291	0.328	-0.119	-0.149	0.596	"1"
"农业"	4	0	0	1.881	0.955	1.163	1.31	-0.474	-0.597	2.381	"1"
"冰"	0	1	0	0.47	0.239	0.291	-0.276	0.622	-0.149	1.047	"2"
"决"	1	0	0	0.47	0.239	0.291	0.328	-0.119	-0.149	0.596	"1"
"决策圈"	0	1	0	0.47	0.239	0.291	-0.276	0.622	-0.149	1.047	"2"
"凌"	1	0	0	0.47	0.239	0.291	0.328	-0.119	-0.149	0.596	"1"
"减产"	1	0	0	0.47	0.239	0.291	0.328	-0.119	-0.149	0.596	"1"
"凝聚"	1	0	0	0.47	0.239	0.291	0.328	-0.119	-0.149	0.596	"1"
"凤"	0	1	0	0.47	0.239	0.291	-0.276	0.622	-0.149	1.047	"2"
"凸显"	0	0	2	0.941	0.478	0.582	-0.552	-0.237	1.073	1.862	"3"
"分为"	0	0	4	1.881	0.955	1.163	-1.104	-0.474	2.145	3.723	"3"
"分享"	1	0	0	0.47	0.239	0.291	0.328	-0.119	-0.149	0.596	"1"
"分别"	1	0	1	0.941	0.478	0.582	0.143	-0.237	0.304	0.684	"3"
"分析"	1	0	1	0.941	0.478	0.582	0.143	-0.237	0.304	0.684	"3"
"分歧"	1	0	0	0.47	0.239	0.291	0.328	-0.119	-0.149	0.596	"1"
"分组"	2	0	1	1.411	0.716	0.872	0.341	-0.356	0.192	0.889	"2"
"切中"	0	1	0	0.47	0.239	0.291	-0.276	0.622	-0.149	1.047	"2"
"切入"	1	0	0	0.47	0.239	0.291	0.328	-0.119	-0.149	0.596	"1"
"刊"	0	1	0	0.47	0.239	0.291	-0.276	0.622	-0.149	1.047	"2"
"刊登"	0	1	0	0.47	0.239	0.291	-0.276	0.622	-0.149	1.047	"2"
"列为"	2	0	0	0.941	0.478	0.582	0.655	-0.237	-0.299	1.191	"1"
"创作"	0	0	3	1.411	0.716	0.872	-0.828	-0.356	1.609	2.793	"3"
"创刊号"	0	0	1	0.47	0.239	0.291	-0.276	-0.119	0.536	0.931	"3"
"创新"	0	0	4	1.881	0.955	1.163	-1.104	-0.474	2.145	3.723	"3"
"利用"	0	1	0	0.47	0.239	0.291	-0.276	0.622	-0.149	1.047	"2"
"利益"	1	0	0	0.47	0.239	0.291	0.328	-0.119	-0.149	0.596	"1"
"制作人"	0	0	1	0.47	0.239	0.291	-0.276	-0.119	0.536	0.931	"3"
"刻"	1	0	1	0.941	0.478	0.582	0.143	-0.237	0.304	0.684	"3"
"刻不容缓"	1	0	0	0.47	0.239	0.291	0.328	-0.119	-0.149	0.596	"1"
"刻划"	0	1	0	0.47	0.239	0.291	-0.276	0.622	-0.149	1.047	"2"
"前提"	1	0	0	0.47	0.239	0.291	0.328	-0.119	-0.149	0.596	"1"
"前期"	1	0	0	0.47	0.239	0.291	0.328	-0.119	-0.149	0.596	"1"
"前沿"	0	0	1	0.47	0.239	0.291	-0.276	-0.119	0.536	0.931	"3"
"剧情片"	0	0	1	0.47	0.239	0.291	-0.276	-0.119	0.536	0.931	"3"
"副总理"	1	0	0	0.47	0.239	0.291	0.328	-0.119	-0.149	0.596	"1"
"劝进"	0	1	0	0.47	0.239	0.291	-0.276	0.622	-0.149	1.047	"2"
"加入"	2	0	0	0.941	0.478	0.582	0.655	-0.237	-0.299	1.191	"1"
"加巴星"	0	1	0	0.47	0.239	0.291	-0.276	0.622	-0.149	1.047	"2"
"动"	0	0	1	0.47	0.239	0.291	-0.276	-0.119	0.536	0.931	"3"
"势将"	2	0	0	0.941	0.478	0.582	0.655	-0.237	-0.299	1.191	"1"
"势必"	0	1	0	0.47	0.239	0.291	-0.276	0.622	-0.149	1.047	"2"
"包"	0	0	1	0.47	0.239	0.291	-0.276	-0.119	0.536	0.931	"3"
"包含"	1	0	1	0.941	0.478	0.582	0.143	-0.237	0.304	0.684	"3"
"包括"	14	1	2	7.996	4.06	4.944	2.503	-1.213	-1.048	4.764	"1"
"化"	1	1	0	0.941	0.478	0.582	0.143	0.376	-0.299	0.818	"2"
"北欧"	1	0	0	0.47	0.239	0.291	0.328	-0.119	-0.149	0.596	"1"
"区域"	0	1	0	0.47	0.239	0.291	-0.276	0.622	-0.149	1.047	"2"
"医学"	1	0	0	0.47	0.239	0.291	0.328	-0.119	-0.149	0.596	"1"
"十一日"	1	0	0	0.47	0.239	0.291	0.328	-0.119	-0.149	0.596	"1"
"十六日"	0	0	1	0.47	0.239	0.291	-0.276	-0.119	0.536	0.931	"3"
"升级"	1	0	0	0.47	0.239	0.291	0.328	-0.119	-0.149	0.596	"1"
"午餐会"	0	0	1	0.47	0.239	0.291	-0.276	-0.119	0.536	0.931	"3"
"华商"	0	0	1	0.47	0.239	0.291	-0.276	-0.119	0.536	0.931	"3"
"华文"	0	1	0	0.47	0.239	0.291	-0.276	0.622	-0.149	1.047	"2"
"协商"	2	0	0	0.941	0.478	0.582	0.655	-0.237	-0.299	1.191	"1"
"单一"	1	0	0	0.47	0.239	0.291	0.328	-0.119	-0.149	0.596	"1"
"单独"	1	0	0	0.47	0.239	0.291	0.328	-0.119	-0.149	0.596	"1"
"南科"	0	0	2	0.941	0.478	0.582	-0.552	-0.237	1.073	1.862	"3"
"博会"	0	0	1	0.47	0.239	0.291	-0.276	-0.119	0.536	0.931	"3"
"博物馆"	0	0	2	0.941	0.478	0.582	-0.552	-0.237	1.073	1.862	"3"
"卡通"	0	0	1	0.47	0.239	0.291	-0.276	-0.119	0.536	0.931	"3"
"压缩"	1	0	0	0.47	0.239	0.291	0.328	-0.119	-0.149	0.596	"1"
"厘清"	0	1	0	0.47	0.239	0.291	-0.276	0.622	-0.149	1.047	"2"
"原住民"	0	0	1	0.47	0.239	0.291	-0.276	-0.119	0.536	0.931	"3"
"县市政府"	1	0	1	0.941	0.478	0.582	0.143	-0.237	0.304	0.684	"3"
"参与"	1	0	0	0.47	0.239	0.291	0.328	-0.119	-0.149	0.596	"1"
"参赛者"	0	1	0	0.47	0.239	0.291	-0.276	0.622	-0.149	1.047	"2"
"又"	1	0	0	0.47	0.239	0.291	0.328	-0.119	-0.149	0.596	"1"
"双方"	7	0	0	3.292	1.672	2.036	2.293	-0.83	-1.045	4.168	"1"
"双边"	4	0	0	1.881	0.955	1.163	1.31	-0.474	-0.597	2.381	"1"
"反之"	1	0	0	0.47	0.239	0.291	0.328	-0.119	-0.149	0.596	"1"
"反对"	5	0	0	2.352	1.194	1.454	1.638	-0.593	-0.746	2.977	"1"
"反恐"	2	0	0	0.941	0.478	0.582	0.655	-0.237	-0.299	1.191	"1"
"反而"	0	0	1	0.47	0.239	0.291	-0.276	-0.119	0.536	0.931	"3"
"反驳"	0	1	0	0.47	0.239	0.291	-0.276	0.622	-0.149	1.047	"2"
"发展"	2	0	1	1.411	0.716	0.872	0.341	-0.356	0.192	0.889	"2"
"发展为"	1	0	0	0.47	0.239	0.291	0.328	-0.119	-0.149	0.596	"1"
"发展成"	0	0	1	0.47	0.239	0.291	-0.276	-0.119	0.536	0.931	"3"
"发展机"	1	0	0	0.47	0.239	0.291	0.328	-0.119	-0.149	0.596	"1"
"发表"	0	1	4	2.352	1.194	1.454	-1.38	-0.183	1.561	3.124	"3"
"发言"	2	0	0	0.941	0.478	0.582	0.655	-0.237	-0.299	1.191	"1"
"变迁"	1	0	0	0.47	0.239	0.291	0.328	-0.119	-0.149	0.596	"1"
"口水"	0	0	1	0.47	0.239	0.291	-0.276	-0.119	0.536	0.931	"3"
"古罗马女"	0	1	0	0.47	0.239	0.291	-0.276	0.622	-0.149	1.047	"2"
"另"	0	1	0	0.47	0.239	0.291	-0.276	0.622	-0.149	1.047	"2"
"另外"	1	0	0	0.47	0.239	0.291	0.328	-0.119	-0.149	0.596	"1"
"可能"	1	0	0	0.47	0.239	0.291	0.328	-0.119	-0.149	0.596	"1"
"台海"	1	0	0	0.47	0.239	0.291	0.328	-0.119	-0.149	0.596	"1"
"台湾"	19	0	0	8.936	4.538	5.526	6.224	-2.252	-2.836	11.312	"1"
"台面"	1	0	0	0.47	0.239	0.291	0.328	-0.119	-0.149	0.596	"1"
"史"	0	0	1	0.47	0.239	0.291	-0.276	-0.119	0.536	0.931	"3"
"叶书宏"	0	1	0	0.47	0.239	0.291	-0.276	0.622	-0.149	1.047	"2"
"各国"	2	0	0	0.941	0.478	0.582	0.655	-0.237	-0.299	1.191	"1"
"各界"	3	0	0	1.411	0.716	0.872	0.983	-0.356	-0.448	1.787	"1"
"合作"	4	0	0	1.881	0.955	1.163	1.31	-0.474	-0.597	2.381	"1"
"合併"	1	0	0	0.47	0.239	0.291	0.328	-0.119	-0.149	0.596	"1"
"同一"	0	2	0	0.941	0.478	0.582	-0.552	1.244	-0.299	2.095	"2"
"同性恋"	0	0	1	0.47	0.239	0.291	-0.276	-0.119	0.536	0.931	"3"
"同样"	0	1	0	0.47	0.239	0.291	-0.276	0.622	-0.149	1.047	"2"
"同盟"	1	0	0	0.47	0.239	0.291	0.328	-0.119	-0.149	0.596	"1"
"名人"	0	1	0	0.47	0.239	0.291	-0.276	0.622	-0.149	1.047	"2"
"向来"	0	1	0	0.47	0.239	0.291	-0.276	0.622	-0.149	1.047	"2"
"君子之争"	1	0	0	0.47	0.239	0.291	0.328	-0.119	-0.149	0.596	"1"
"含混"	1	0	0	0.47	0.239	0.291	0.328	-0.119	-0.149	0.596	"1"
"听众"	1	1	0	0.941	0.478	0.582	0.143	0.376	-0.299	0.818	"2"
"启动"	2	1	0	1.411	0.716	0.872	0.341	0.253	-0.448	1.042	"3"
"启齿"	0	1	0	0.47	0.239	0.291	-0.276	0.622	-0.149	1.047	"2"
"吸引"	0	0	1	0.47	0.239	0.291	-0.276	-0.119	0.536	0.931	"3"
"吸引人"	0	1	0	0.47	0.239	0.291	-0.276	0.622	-0.149	1.047	"2"
"呈现"	0	0	3	1.411	0.716	0.872	-0.828	-0.356	1.609	2.793	"3"
"呐喊"	0	1	0	0.47	0.239	0.291	-0.276	0.622	-0.149	1.047	"2"
"周一"	0	0	1	0.47	0.239	0.291	-0.276	-0.119	0.536	0.931	"3"
"命题"	0	1	0	0.47	0.239	0.291	-0.276	0.622	-0.149	1.047	"2"
"和平"	0	0	3	1.411	0.716	0.872	-0.828	-0.356	1.609	2.793	"3"
"哈利波特"	0	0	1	0.47	0.239	0.291	-0.276	-0.119	0.536	0.931	"3"
"商机"	1	0	0	0.47	0.239	0.291	0.328	-0.119	-0.149	0.596	"1"
"喜宴"	0	1	0	0.47	0.239	0.291	-0.276	0.622	-0.149	1.047	"2"
"喜气洋洋"	0	1	0	0.47	0.239	0.291	-0.276	0.622	-0.149	1.047	"2"
"喝尿"	0	0	1	0.47	0.239	0.291	-0.276	-0.119	0.536	0.931	"3"
"嘉"	0	0	1	0.47	0.239	0.291	-0.276	-0.119	0.536	0.931	"3"
"回到"	0	0	1	0.47	0.239	0.291	-0.276	-0.119	0.536	0.931	"3"
"回合"	1	0	0	0.47	0.239	0.291	0.328	-0.119	-0.149	0.596	"1"
"回应"	1	0	0	0.47	0.239	0.291	0.328	-0.119	-0.149	0.596	"1"
"回教"	0	4	0	1.881	0.955	1.163	-1.104	2.488	-0.597	4.189	"2"
"团结"	0	2	0	0.941	0.478	0.582	-0.552	1.244	-0.299	2.095	"2"
"围绕"	1	0	7	3.763	1.911	2.327	-1.299	-0.948	2.979	5.226	"3"
"国是"	0	1	0	0.47	0.239	0.291	-0.276	0.622	-0.149	1.047	"2"
"国民党"	4	0	0	1.881	0.955	1.163	1.31	-0.474	-0.597	2.381	"1"
"国际化"	0	1	0	0.47	0.239	0.291	-0.276	0.622	-0.149	1.047	"2"
"圣淘沙"	0	0	2	0.941	0.478	0.582	-0.552	-0.237	1.073	1.862	"3"
"圣诞"	0	1	0	0.47	0.239	0.291	-0.276	0.622	-0.149	1.047	"2"
"在野党"	1	0	0	0.47	0.239	0.291	0.328	-0.119	-0.149	0.596	"1"
"坎昆"	2	0	0	0.941	0.478	0.582	0.655	-0.237	-0.299	1.191	"1"
"坐下来"	1	0	0	0.47	0.239	0.291	0.328	-0.119	-0.149	0.596	"1"
"坚信"	1	0	0	0.47	0.239	0.291	0.328	-0.119	-0.149	0.596	"1"
"埃克哈德"	1	0	0	0.47	0.239	0.291	0.328	-0.119	-0.149	0.596	"1"
"城"	0	2	0	0.941	0.478	0.582	-0.552	1.244	-0.299	2.095	"2"
"域"	1	0	0	0.47	0.239	0.291	0.328	-0.119	-0.149	0.596	"1"
"培育"	0	0	1	0.47	0.239	0.291	-0.276	-0.119	0.536	0.931	"3"
"基督教"	0	1	0	0.47	0.239	0.291	-0.276	0.622	-0.149	1.047	"2"
"处理"	5	4	0	4.233	2.149	2.617	0.369	0.837	-1.343	2.549	"3"
"复兴"	0	0	1	0.47	0.239	0.291	-0.276	-0.119	0.536	0.931	"3"
"复杂性"	0	1	0	0.47	0.239	0.291	-0.276	0.622	-0.149	1.047	"2"
"复谈"	1	0	0	0.47	0.239	0.291	0.328	-0.119	-0.149	0.596	"1"
"外"	5	0	0	2.352	1.194	1.454	1.638	-0.593	-0.746	2.977	"1"
"外交"	3	0	0	1.411	0.716	0.872	0.983	-0.356	-0.448	1.787	"1"
"外传"	0	1	0	0.47	0.239	0.291	-0.276	0.622	-0.149	1.047	"2"
"多姿"	0	0	1	0.47	0.239	0.291	-0.276	-0.119	0.536	0.931	"3"
"多彩"	0	0	1	0.47	0.239	0.291	-0.276	-0.119	0.536	0.931	"3"
"多方面"	0	1	0	0.47	0.239	0.291	-0.276	0.622	-0.149	1.047	"2"
"多边"	3	0	0	1.411	0.716	0.872	0.983	-0.356	-0.448	1.787	"1"
"大"	2	1	12	7.055	3.582	4.362	-2.153	-1.021	4.185	7.359	"3"
"大三"	1	0	0	0.47	0.239	0.291	0.328	-0.119	-0.149	0.596	"1"
"大会"	1	0	4	2.352	1.194	1.454	-0.644	-0.593	1.561	2.798	"3"
"大力"	1	0	0	0.47	0.239	0.291	0.328	-0.119	-0.149	0.596	"1"
"大型"	0	0	1	0.47	0.239	0.291	-0.276	-0.119	0.536	0.931	"3"
"大学生"	0	0	1	0.47	0.239	0.291	-0.276	-0.119	0.536	0.931	"3"
"大胆"	0	1	0	0.47	0.239	0.291	-0.276	0.622	-0.149	1.047	"2"
"大致"	1	0	0	0.47	0.239	0.291	0.328	-0.119	-0.149	0.596	"1"
"大赛"	0	0	2	0.941	0.478	0.582	-0.552	-0.237	1.073	1.862	"3"
"大选"	2	0	0	0.941	0.478	0.582	0.655	-0.237	-0.299	1.191	"1"
"天妃宫"	0	0	1	0.47	0.239	0.291	-0.276	-0.119	0.536	0.931	"3"
"太多"	1	0	0	0.47	0.239	0.291	0.328	-0.119	-0.149	0.596	"1"
"奖助"	1	0	0	0.47	0.239	0.291	0.328	-0.119	-0.149	0.596	"1"
"奥运"	0	0	2	0.941	0.478	0.582	-0.552	-0.237	1.073	1.862	"3"
"女装"	0	0	1	0.47	0.239	0.291	-0.276	-0.119	0.536	0.931	"3"
"好"	0	0	1	0.47	0.239	0.291	-0.276	-0.119	0.536	0.931	"3"
"好了"	0	1	0	0.47	0.239	0.291	-0.276	0.622	-0.149	1.047	"2"
"好莱坞"	0	0	1	0.47	0.239	0.291	-0.276	-0.119	0.536	0.931	"3"
"如"	0	1	0	0.47	0.239	0.291	-0.276	0.622	-0.149	1.047	"2"
"如今"	0	1	0	0.47	0.239	0.291	-0.276	0.622	-0.149	1.047	"2"
"如何"	4	2	0	2.822	1.433	1.745	0.538	0.357	-0.896	1.791	"3"
"婕"	0	1	0	0.47	0.239	0.291	-0.276	0.622	-0.149	1.047	"2"
"子公司"	1	0	0	0.47	0.239	0.291	0.328	-0.119	-0.149	0.596	"1"
"子题"	0	0	1	0.47	0.239	0.291	-0.276	-0.119	0.536	0.931	"3"
"字样"	0	0	1	0.47	0.239	0.291	-0.276	-0.119	0.536	0.931	"3"
"孙广相"	1	0	0	0.47	0.239	0.291	0.328	-0.119	-0.149	0.596	"1"
"季刊"	0	0	1	0.47	0.239	0.291	-0.276	-0.119	0.536	0.931	"3"
"季节性"	1	0	0	0.47	0.239	0.291	0.328	-0.119	-0.149	0.596	"1"
"学"	0	2	0	0.941	0.478	0.582	-0.552	1.244	-0.299	2.095	"2"
"学术"	1	1	0	0.941	0.478	0.582	0.143	0.376	-0.299	0.818	"2"
"学术界"	2	0	0	0.941	0.478	0.582	0.655	-0.237	-0.299	1.191	"1"
"学生"	0	1	0	0.47	0.239	0.291	-0.276	0.622	-0.149	1.047	"2"
"学科"	1	0	0	0.47	0.239	0.291	0.328	-0.119	-0.149	0.596	"1"
"学者"	1	1	0	0.941	0.478	0.582	0.143	0.376	-0.299	0.818	"2"
"守时"	0	2	0	0.941	0.478	0.582	-0.552	1.244	-0.299	2.095	"2"
"安全"	7	1	0	3.763	1.911	2.327	1.62	-0.403	-1.194	3.217	"1"
"安海契"	0	2	0	0.941	0.478	0.582	-0.552	1.244	-0.299	2.095	"2"
"宋楚瑜"	3	0	0	1.411	0.716	0.872	0.983	-0.356	-0.448	1.787	"1"
"完"	0	1	0	0.47	0.239	0.291	-0.276	0.622	-0.149	1.047	"2"
"宏愿"	0	2	0	0.941	0.478	0.582	-0.552	1.244	-0.299	2.095	"2"
"宗教"	0	4	0	1.881	0.955	1.163	-1.104	2.488	-0.597	4.189	"2"
"宗旨"	1	0	0	0.47	0.239	0.291	0.328	-0.119	-0.149	0.596	"1"
"官方语"	1	0	0	0.47	0.239	0.291	0.328	-0.119	-0.149	0.596	"1"
"定位"	1	0	0	0.47	0.239	0.291	0.328	-0.119	-0.149	0.596	"1"
"实务"	1	0	0	0.47	0.239	0.291	0.328	-0.119	-0.149	0.596	"1"
"实际"	2	0	0	0.941	0.478	0.582	0.655	-0.237	-0.299	1.191	"1"
"宣传"	0	0	1	0.47	0.239	0.291	-0.276	-0.119	0.536	0.931	"3"
"室"	0	2	1	1.411	0.716	0.872	-0.828	0.842	0.192	1.862	"2"
"宪政"	1	0	0	0.47	0.239	0.291	0.328	-0.119	-0.149	0.596	"1"
"宴会厅"	0	0	1	0.47	0.239	0.291	-0.276	-0.119	0.536	0.931	"3"
"寰宇"	0	0	1	0.47	0.239	0.291	-0.276	-0.119	0.536	0.931	"3"
"对"	0	0	1	0.47	0.239	0.291	-0.276	-0.119	0.536	0.931	"3"
"对于"	2	0	0	0.941	0.478	0.582	0.655	-0.237	-0.299	1.191	"1"
"对抗"	0	0	1	0.47	0.239	0.291	-0.276	-0.119	0.536	0.931	"3"
"对白"	0	2	0	0.941	0.478	0.582	-0.552	1.244	-0.299	2.095	"2"
"对话"	3	1	0	1.881	0.955	1.163	0.57	0.178	-0.597	1.345	"3"
"对话会"	0	0	1	0.47	0.239	0.291	-0.276	-0.119	0.536	0.931	"3"
"对错"	1	0	0	0.47	0.239	0.291	0.328	-0.119	-0.149	0.596	"1"
"寺庙"	0	0	1	0.47	0.239	0.291	-0.276	-0.119	0.536	0.931	"3"
"寻求"	1	0	0	0.47	0.239	0.291	0.328	-0.119	-0.149	0.596	"1"
"将要"	1	0	0	0.47	0.239	0.291	0.328	-0.119	-0.149	0.596	"1"
"小印度"	0	1	0	0.47	0.239	0.291	-0.276	0.622	-0.149	1.047	"2"
"小孩子"	0	1	0	0.47	0.239	0.291	-0.276	0.622	-0.149	1.047	"2"
"小标题"	0	1	0	0.47	0.239	0.291	-0.276	0.622	-0.149	1.047	"2"
"就"	3	0	0	1.411	0.716	0.872	0.983	-0.356	-0.448	1.787	"1"
"就职"	0	2	0	0.941	0.478	0.582	-0.552	1.244	-0.299	2.095	"2"
"尽速"	1	0	0	0.47	0.239	0.291	0.328	-0.119	-0.149	0.596	"1"
"层次"	1	0	0	0.47	0.239	0.291	0.328	-0.119	-0.149	0.596	"1"
"屈"	0	0	1	0.47	0.239	0.291	-0.276	-0.119	0.536	0.931	"3"
"届"	0	0	5	2.352	1.194	1.454	-1.38	-0.593	2.682	4.655	"3"
"届时"	2	0	0	0.941	0.478	0.582	0.655	-0.237	-0.299	1.191	"1"
"展"	0	0	2	0.941	0.478	0.582	-0.552	-0.237	1.073	1.862	"3"
"展出"	0	0	2	0.941	0.478	0.582	-0.552	-0.237	1.073	1.862	"3"
"展开"	3	0	1	1.881	0.955	1.163	0.57	-0.474	-0.175	1.219	"1"
"展望"	0	0	1	0.47	0.239	0.291	-0.276	-0.119	0.536	0.931	"3"
"展示"	0	0	4	1.881	0.955	1.163	-1.104	-0.474	2.145	3.723	"3"
"展览"	0	1	1	0.941	0.478	0.582	-0.552	0.376	0.304	1.232	"1"
"川口顺子"	1	0	0	0.47	0.239	0.291	0.328	-0.119	-0.149	0.596	"1"
"州议员"	0	0	1	0.47	0.239	0.291	-0.276	-0.119	0.536	0.931	"3"
"工博会"	1	0	0	0.47	0.239	0.291	0.328	-0.119	-0.149	0.596	"1"
"工商部"	1	0	0	0.47	0.239	0.291	0.328	-0.119	-0.149	0.596	"1"
"市政"	1	0	0	0.47	0.239	0.291	0.328	-0.119	-0.149	0.596	"1"
"布什"	3	0	0	1.411	0.716	0.872	0.983	-0.356	-0.448	1.787	"1"
"布赖恩特"	0	0	1	0.47	0.239	0.291	-0.276	-0.119	0.536	0.931	"3"
"带上"	0	1	0	0.47	0.239	0.291	-0.276	0.622	-0.149	1.047	"2"
"帷幕"	0	0	1	0.47	0.239	0.291	-0.276	-0.119	0.536	0.931	"3"
"平等"	1	0	0	0.47	0.239	0.291	0.328	-0.119	-0.149	0.596	"1"
"年前"	0	2	0	0.941	0.478	0.582	-0.552	1.244	-0.299	2.095	"2"
"年华"	0	0	1	0.47	0.239	0.291	-0.276	-0.119	0.536	0.931	"3"
"年度"	0	1	1	0.941	0.478	0.582	-0.552	0.376	0.304	1.232	"1"
"年轻人"	1	0	0	0.47	0.239	0.291	0.328	-0.119	-0.149	0.596	"1"
"并购"	0	0	2	0.941	0.478	0.582	-0.552	-0.237	1.073	1.862	"3"
"广"	1	0	0	0.47	0.239	0.291	0.328	-0.119	-0.149	0.596	"1"
"广告"	0	0	1	0.47	0.239	0.291	-0.276	-0.119	0.536	0.931	"3"
"广泛"	7	1	0	3.763	1.911	2.327	1.62	-0.403	-1.194	3.217	"1"
"库"	1	0	0	0.47	0.239	0.291	0.328	-0.119	-0.149	0.596	"1"
"应急"	2	0	0	0.941	0.478	0.582	0.655	-0.237	-0.299	1.191	"1"
"府院"	1	0	0	0.47	0.239	0.291	0.328	-0.119	-0.149	0.596	"1"
"座谈会"	1	0	0	0.47	0.239	0.291	0.328	-0.119	-0.149	0.596	"1"
"康熙"	0	1	0	0.47	0.239	0.291	-0.276	0.622	-0.149	1.047	"2"
"庸官"	0	0	1	0.47	0.239	0.291	-0.276	-0.119	0.536	0.931	"3"
"延续"	0	2	0	0.941	0.478	0.582	-0.552	1.244	-0.299	2.095	"2"
"建"	0	0	1	0.47	0.239	0.291	-0.276	-0.119	0.536	0.931	"3"
"建设性"	2	0	0	0.941	0.478	0.582	0.655	-0.237	-0.299	1.191	"1"
"开发"	1	0	0	0.47	0.239	0.291	0.328	-0.119	-0.149	0.596	"1"
"开展"	1	0	2	1.411	0.716	0.872	-0.264	-0.356	0.689	1.309	"3"
"开幕"	0	0	1	0.47	0.239	0.291	-0.276	-0.119	0.536	0.931	"3"
"开店"	0	1	0	0.47	0.239	0.291	-0.276	0.622	-0.149	1.047	"2"
"开设"	0	1	0	0.47	0.239	0.291	-0.276	0.622	-0.149	1.047	"2"
"引起"	1	5	0	2.822	1.433	1.745	-0.855	2.428	-0.896	4.179	"2"
"引领"	0	0	1	0.47	0.239	0.291	-0.276	-0.119	0.536	0.931	"3"
"张子健"	0	1	0	0.47	0.239	0.291	-0.276	0.622	-0.149	1.047	"2"
"张忠谋"	0	0	1	0.47	0.239	0.291	-0.276	-0.119	0.536	0.931	"3"
"当"	0	1	0	0.47	0.239	0.291	-0.276	0.622	-0.149	1.047	"2"
"当今"	0	2	0	0.941	0.478	0.582	-0.552	1.244	-0.299	2.095	"2"
"当代"	1	0	0	0.47	0.239	0.291	0.328	-0.119	-0.149	0.596	"1"
"当前"	1	1	0	0.941	0.478	0.582	0.143	0.376	-0.299	0.818	"2"
"当然"	1	0	0	0.47	0.239	0.291	0.328	-0.119	-0.149	0.596	"1"
"形式"	1	0	0	0.47	0.239	0.291	0.328	-0.119	-0.149	0.596	"1"
"彭汇南"	0	1	0	0.47	0.239	0.291	-0.276	0.622	-0.149	1.047	"2"
"彭淮南"	0	0	1	0.47	0.239	0.291	-0.276	-0.119	0.536	0.931	"3"
"影"	0	1	0	0.47	0.239	0.291	-0.276	0.622	-0.149	1.047	"2"
"影响区"	1	0	0	0.47	0.239	0.291	0.328	-0.119	-0.149	0.596	"1"
"彼此"	2	0	0	0.941	0.478	0.582	0.655	-0.237	-0.299	1.191	"1"
"往"	1	0	0	0.47	0.239	0.291	0.328	-0.119	-0.149	0.596	"1"
"往后"	1	0	0	0.47	0.239	0.291	0.328	-0.119	-0.149	0.596	"1"
"征询"	0	1	0	0.47	0.239	0.291	-0.276	0.622	-0.149	1.047	"2"
"德维利尔斯"	1	0	0	0.47	0.239	0.291	0.328	-0.119	-0.149	0.596	"1"
"必须"	1	0	0	0.47	0.239	0.291	0.328	-0.119	-0.149	0.596	"1"
"志"	0	0	1	0.47	0.239	0.291	-0.276	-0.119	0.536	0.931	"3"
"快乐"	0	0	1	0.47	0.239	0.291	-0.276	-0.119	0.536	0.931	"3"
"态度"	1	0	0	0.47	0.239	0.291	0.328	-0.119	-0.149	0.596	"1"
"怎样"	0	1	0	0.47	0.239	0.291	-0.276	0.622	-0.149	1.047	"2"
"思想"	0	0	1	0.47	0.239	0.291	-0.276	-0.119	0.536	0.931	"3"
"思考"	2	0	0	0.941	0.478	0.582	0.655	-0.237	-0.299	1.191	"1"
"性"	1	0	0	0.47	0.239	0.291	0.328	-0.119	-0.149	0.596	"1"
"性别"	1	0	0	0.47	0.239	0.291	0.328	-0.119	-0.149	0.596	"1"
"性向"	1	0	0	0.47	0.239	0.291	0.328	-0.119	-0.149	0.596	"1"
"怪力乱神"	0	0	1	0.47	0.239	0.291	-0.276	-0.119	0.536	0.931	"3"
"总"	0	1	0	0.47	0.239	0.291	-0.276	0.622	-0.149	1.047	"2"
"总动员"	0	0	1	0.47	0.239	0.291	-0.276	-0.119	0.536	0.931	"3"
"总的来说"	0	1	0	0.47	0.239	0.291	-0.276	0.622	-0.149	1.047	"2"
"总统府"	2	0	0	0.941	0.478	0.582	0.655	-0.237	-0.299	1.191	"1"
"恆"	0	0	1	0.47	0.239	0.291	-0.276	-0.119	0.536	0.931	"3"
"悬而未决"	0	1	0	0.47	0.239	0.291	-0.276	0.622	-0.149	1.047	"2"
"情势"	4	0	0	1.881	0.955	1.163	1.31	-0.474	-0.597	2.381	"1"
"情欲"	0	0	1	0.47	0.239	0.291	-0.276	-0.119	0.536	0.931	"3"
"情系"	0	0	2	0.941	0.478	0.582	-0.552	-0.237	1.073	1.862	"3"
"想不到"	1	0	0	0.47	0.239	0.291	0.328	-0.119	-0.149	0.596	"1"
"想像力"	1	0	0	0.47	0.239	0.291	0.328	-0.119	-0.149	0.596	"1"
"意义"	0	0	2	0.941	0.478	0.582	-0.552	-0.237	1.073	1.862	"3"
"意涵"	0	0	1	0.47	0.239	0.291	-0.276	-0.119	0.536	0.931	"3"
"意见"	15	0	0	7.055	3.582	4.362	4.914	-1.778	-2.239	8.931	"1"
"感"	0	1	0	0.47	0.239	0.291	-0.276	0.622	-0.149	1.047	"2"
"感兴趣"	1	1	0	0.941	0.478	0.582	0.143	0.376	-0.299	0.818	"2"
"慧"	0	1	0	0.47	0.239	0.291	-0.276	0.622	-0.149	1.047	"2"
"成"	1	1	0	0.941	0.478	0.582	0.143	0.376	-0.299	0.818	"2"
"成为"	2	10	0	5.644	2.866	3.49	-1.508	4.612	-1.791	7.911	"2"
"成员"	2	0	0	0.941	0.478	0.582	0.655	-0.237	-0.299	1.191	"1"
"成员国"	0	1	0	0.47	0.239	0.291	-0.276	0.622	-0.149	1.047	"2"
"成果"	3	0	0	1.411	0.716	0.872	0.983	-0.356	-0.448	1.787	"1"
"成果展"	0	0	1	0.47	0.239	0.291	-0.276	-0.119	0.536	0.931	"3"
"成语"	0	1	0	0.47	0.239	0.291	-0.276	0.622	-0.149	1.047	"2"
"我方"	1	0	0	0.47	0.239	0.291	0.328	-0.119	-0.149	0.596	"1"
"战略"	1	0	0	0.47	0.239	0.291	0.328	-0.119	-0.149	0.596	"1"
"战神"	0	1	0	0.47	0.239	0.291	-0.276	0.622	-0.149	1.047	"2"
"房市"	0	1	0	0.47	0.239	0.291	-0.276	0.622	-0.149	1.047	"2"
"所"	4	2	0	2.822	1.433	1.745	0.538	0.357	-0.896	1.791	"3"
"手札"	0	1	0	0.47	0.239	0.291	-0.276	0.622	-0.149	1.047	"2"
"执委会"	1	0	0	0.47	0.239	0.291	0.328	-0.119	-0.149	0.596	"1"
"找"	0	1	0	0.47	0.239	0.291	-0.276	0.622	-0.149	1.047	"2"
"承担"	1	0	0	0.47	0.239	0.291	0.328	-0.119	-0.149	0.596	"1"
"把握"	0	0	1	0.47	0.239	0.291	-0.276	-0.119	0.536	0.931	"3"
"投票"	2	1	0	1.411	0.716	0.872	0.341	0.253	-0.448	1.042	"3"
"报章"	0	0	1	0.47	0.239	0.291	-0.276	-0.119	0.536	0.931	"3"
"抹黑"	0	1	0	0.47	0.239	0.291	-0.276	0.622	-0.149	1.047	"2"
"担负"	1	0	0	0.47	0.239	0.291	0.328	-0.119	-0.149	0.596	"1"
"拜会"	3	0	0	1.411	0.716	0.872	0.983	-0.356	-0.448	1.787	"1"
"拟具"	1	0	0	0.47	0.239	0.291	0.328	-0.119	-0.149	0.596	"1"
"拟定"	0	0	1	0.47	0.239	0.291	-0.276	-0.119	0.536	0.931	"3"
"括"	0	0	1	0.47	0.239	0.291	-0.276	-0.119	0.536	0.931	"3"
"挂钩"	0	0	1	0.47	0.239	0.291	-0.276	-0.119	0.536	0.931	"3"
"指挥"	2	0	0	0.941	0.478	0.582	0.655	-0.237	-0.299	1.191	"1"
"挑动"	1	0	0	0.47	0.239	0.291	0.328	-0.119	-0.149	0.596	"1"
"挑战"	0	0	1	0.47	0.239	0.291	-0.276	-0.119	0.536	0.931	"3"
"挑战性"	0	0	1	0.47	0.239	0.291	-0.276	-0.119	0.536	0.931	"3"
"授权"	1	0	0	0.47	0.239	0.291	0.328	-0.119	-0.149	0.596	"1"
"排除"	1	0	0	0.47	0.239	0.291	0.328	-0.119	-0.149	0.596	"1"
"探"	1	0	0	0.47	0.239	0.291	0.328	-0.119	-0.149	0.596	"1"
"探讨"	10	0	0	4.703	2.388	2.908	3.276	-1.185	-1.493	5.954	"1"
"接壤"	1	0	0	0.47	0.239	0.291	0.328	-0.119	-0.149	0.596	"1"
"控管"	1	0	0	0.47	0.239	0.291	0.328	-0.119	-0.149	0.596	"1"
"推出"	0	1	0	0.47	0.239	0.291	-0.276	0.622	-0.149	1.047	"2"
"提供"	0	0	1	0.47	0.239	0.291	-0.276	-0.119	0.536	0.931	"3"
"提出"	9	1	0	4.703	2.388	2.908	2.187	-0.568	-1.493	4.248	"1"
"提到"	0	2	0	0.941	0.478	0.582	-0.552	1.244	-0.299	2.095	"2"
"提及"	1	1	0	0.941	0.478	0.582	0.143	0.376	-0.299	0.818	"2"
"提起"	1	0	0	0.47	0.239	0.291	0.328	-0.119	-0.149	0.596	"1"
"提问"	0	1	0	0.47	0.239	0.291	-0.276	0.622	-0.149	1.047	"2"
"搬上"	2	0	0	0.941	0.478	0.582	0.655	-0.237	-0.299	1.191	"1"
"摩天"	0	0	1	0.47	0.239	0.291	-0.276	-0.119	0.536	0.931	"3"
"撩拨"	1	0	0	0.47	0.239	0.291	0.328	-0.119	-0.149	0.596	"1"
"撩起"	0	1	0	0.47	0.239	0.291	-0.276	0.622	-0.149	1.047	"2"
"播放"	0	0	1	0.47	0.239	0.291	-0.276	-0.119	0.536	0.931	"3"
"操作"	1	0	0	0.47	0.239	0.291	0.328	-0.119	-0.149	0.596	"1"
"收押"	0	1	0	0.47	0.239	0.291	-0.276	0.622	-0.149	1.047	"2"
"改革"	1	0	0	0.47	0.239	0.291	0.328	-0.119	-0.149	0.596	"1"
"政"	1	0	0	0.47	0.239	0.291	0.328	-0.119	-0.149	0.596	"1"
"政党"	2	0	0	0.941	0.478	0.582	0.655	-0.237	-0.299	1.191	"1"
"政府采购"	1	0	0	0.47	0.239	0.291	0.328	-0.119	-0.149	0.596	"1"
"政治"	13	0	0	6.114	3.105	3.781	4.259	-1.541	-1.94	7.74	"1"
"政治性"	0	1	0	0.47	0.239	0.291	-0.276	0.622	-0.149	1.047	"2"
"政策"	4	1	1	2.822	1.433	1.745	0.538	-0.251	-0.356	1.145	"1"
"政要"	1	0	0	0.47	0.239	0.291	0.328	-0.119	-0.149	0.596	"1"
"故事"	0	2	0	0.941	0.478	0.582	-0.552	1.244	-0.299	2.095	"2"
"敏感"	2	5	1	3.763	1.911	2.327	-0.728	1.648	-0.562	2.938	"2"
"敏感性"	1	0	0	0.47	0.239	0.291	0.328	-0.119	-0.149	0.596	"1"
"教学"	0	0	1	0.47	0.239	0.291	-0.276	-0.119	0.536	0.931	"3"
"教科文组"	1	0	0	0.47	0.239	0.291	0.328	-0.119	-0.149	0.596	"1"
"教育"	3	2	1	2.822	1.433	1.745	0.222	0.357	-0.356	0.935	"2"
"敢问"	0	1	0	0.47	0.239	0.291	-0.276	0.622	-0.149	1.047	"2"
"敲定"	1	0	0	0.47	0.239	0.291	0.328	-0.119	-0.149	0.596	"1"
"整合"	1	0	0	0.47	0.239	0.291	0.328	-0.119	-0.149	0.596	"1"
"文化"	3	0	10	6.114	3.105	3.781	-1.15	-1.541	3.306	5.997	"3"
"文学"	0	0	1	0.47	0.239	0.291	-0.276	-0.119	0.536	0.931	"3"
"文明"	0	0	2	0.941	0.478	0.582	-0.552	-0.237	1.073	1.862	"3"
"文莱"	1	1	0	0.941	0.478	0.582	0.143	0.376	-0.299	0.818	"2"
"斗闹热"	0	0	1	0.47	0.239	0.291	-0.276	-0.119	0.536	0.931	"3"
"斡旋"	1	0	0	0.47	0.239	0.291	0.328	-0.119	-0.149	0.596	"1"
"新"	8	1	1	4.703	2.388	2.908	1.435	-0.568	-0.785	2.788	"1"
"新党"	0	1	0	0.47	0.239	0.291	-0.276	0.622	-0.149	1.047	"2"
"新加坡"	5	2	0	3.292	1.672	2.036	0.743	0.278	-1.045	2.066	"3"
"新机"	0	0	1	0.47	0.239	0.291	-0.276	-0.119	0.536	0.931	"3"
"新电"	0	1	0	0.47	0.239	0.291	-0.276	0.622	-0.149	1.047	"2"
"新进展"	1	0	0	0.47	0.239	0.291	0.328	-0.119	-0.149	0.596	"1"
"施政"	3	0	0	1.411	0.716	0.872	0.983	-0.356	-0.448	1.787	"1"
"旅"	0	0	1	0.47	0.239	0.291	-0.276	-0.119	0.536	0.931	"3"
"旅游"	0	0	6	2.822	1.433	1.745	-1.656	-0.711	3.218	5.585	"3"
"旅游局"	0	0	1	0.47	0.239	0.291	-0.276	-0.119	0.536	0.931	"3"
"旋律"	0	1	0	0.47	0.239	0.291	-0.276	0.622	-0.149	1.047	"2"
"族群"	0	1	0	0.47	0.239	0.291	-0.276	0.622	-0.149	1.047	"2"
"无不"	0	1	0	0.47	0.239	0.291	-0.276	0.622	-0.149	1.047	"2"
"无碍"	0	0	1	0.47	0.239	0.291	-0.276	-0.119	0.536	0.931	"3"
"日益"	0	1	0	0.47	0.239	0.291	-0.276	0.622	-0.149	1.047	"2"
"日趋"	0	1	0	0.47	0.239	0.291	-0.276	0.622	-0.149	1.047	"2"
"早报"	0	3	0	1.411	0.716	0.872	-0.828	1.866	-0.448	3.142	"2"
"时代"	0	0	3	1.411	0.716	0.872	-0.828	-0.356	1.609	2.793	"3"
"时势"	1	0	0	0.47	0.239	0.291	0.328	-0.119	-0.149	0.596	"1"
"时装"	0	0	1	0.47	0.239	0.291	-0.276	-0.119	0.536	0.931	"3"
"星火"	0	1	0	0.47	0.239	0.291	-0.276	0.622	-0.149	1.047	"2"
"昨"	0	0	1	0.47	0.239	0.291	-0.276	-0.119	0.536	0.931	"3"
"是"	5	10	29	20.695	10.508	12.797	-6.303	-0.291	6.335	12.929	"3"
"是以"	0	0	1	0.47	0.239	0.291	-0.276	-0.119	0.536	0.931	"3"
"是否"	1	0	0	0.47	0.239	0.291	0.328	-0.119	-0.149	0.596	"1"
"显现"	1	0	0	0.47	0.239	0.291	0.328	-0.119	-0.149	0.596	"1"
"普利姆"	1	0	0	0.47	0.239	0.291	0.328	-0.119	-0.149	0.596	"1"
"普及"	0	0	1	0.47	0.239	0.291	-0.276	-0.119	0.536	0.931	"3"
"普遍"	0	1	0	0.47	0.239	0.291	-0.276	0.622	-0.149	1.047	"2"
"晶华"	0	0	1	0.47	0.239	0.291	-0.276	-0.119	0.536	0.931	"3"
"智"	0	1	0	0.47	0.239	0.291	-0.276	0.622	-0.149	1.047	"2"
"曲"	0	1	0	0.47	0.239	0.291	-0.276	0.622	-0.149	1.047	"2"
"最"	0	2	0	0.941	0.478	0.582	-0.552	1.244	-0.299	2.095	"2"
"最初"	1	0	0	0.47	0.239	0.291	0.328	-0.119	-0.149	0.596	"1"
"最近"	1	1	0	0.941	0.478	0.582	0.143	0.376	-0.299	0.818	"2"
"有关"	9	2	2	6.114	3.105	3.781	1.035	-0.435	-0.651	2.121	"1"
"有否"	0	1	0	0.47	0.239	0.291	-0.276	0.622	-0.149	1.047	"2"
"有待"	2	0	0	0.941	0.478	0.582	0.655	-0.237	-0.299	1.191	"1"
"有时"	0	2	0	0.941	0.478	0.582	-0.552	1.244	-0.299	2.095	"2"
"有说有笑"	0	1	0	0.47	0.239	0.291	-0.276	0.622	-0.149	1.047	"2"
"服务生"	0	1	0	0.47	0.239	0.291	-0.276	0.622	-0.149	1.047	"2"
"朝鲜"	1	1	0	0.941	0.478	0.582	0.143	0.376	-0.299	0.818	"2"
"朝鲜半岛"	1	0	0	0.47	0.239	0.291	0.328	-0.119	-0.149	0.596	"1"
"期"	0	1	0	0.47	0.239	0.291	-0.276	0.622	-0.149	1.047	"2"
"未必"	1	0	0	0.47	0.239	0.291	0.328	-0.119	-0.149	0.596	"1"
"未来"	5	1	0	2.822	1.433	1.745	1.076	-0.251	-0.896	2.223	"1"
"本文"	0	1	0	0.47	0.239	0.291	-0.276	0.622	-0.149	1.047	"2"
"本次"	0	0	2	0.941	0.478	0.582	-0.552	-0.237	1.073	1.862	"3"
"朱茵"	0	1	0	0.47	0.239	0.291	-0.276	0.622	-0.149	1.047	"2"
"机智"	0	1	0	0.47	0.239	0.291	-0.276	0.622	-0.149	1.047	"2"
"机遇"	0	0	2	0.941	0.478	0.582	-0.552	-0.237	1.073	1.862	"3"
"杂志"	0	1	0	0.47	0.239	0.291	-0.276	0.622	-0.149	1.047	"2"
"李进勇"	0	1	0	0.47	0.239	0.291	-0.276	0.622	-0.149	1.047	"2"
"材"	0	0	1	0.47	0.239	0.291	-0.276	-0.119	0.536	0.931	"3"
"杨英风"	0	0	1	0.47	0.239	0.291	-0.276	-0.119	0.536	0.931	"3"
"杭州"	0	0	1	0.47	0.239	0.291	-0.276	-0.119	0.536	0.931	"3"
"松"	0	1	0	0.47	0.239	0.291	-0.276	0.622	-0.149	1.047	"2"
"构思"	0	1	0	0.47	0.239	0.291	-0.276	0.622	-0.149	1.047	"2"
"林丰正"	1	0	0	0.47	0.239	0.291	0.328	-0.119	-0.149	0.596	"1"
"林信义"	1	0	0	0.47	0.239	0.291	0.328	-0.119	-0.149	0.596	"1"
"架构"	0	1	0	0.47	0.239	0.291	-0.276	0.622	-0.149	1.047	"2"
"某些"	1	0	0	0.47	0.239	0.291	0.328	-0.119	-0.149	0.596	"1"
"校"	0	3	0	1.411	0.716	0.872	-0.828	1.866	-0.448	3.142	"2"
"校园"	0	0	1	0.47	0.239	0.291	-0.276	-0.119	0.536	0.931	"3"
"核"	1	0	0	0.47	0.239	0.291	0.328	-0.119	-0.149	0.596	"1"
"核四"	7	0	0	3.292	1.672	2.036	2.293	-0.83	-1.045	4.168	"1"
"核四厂"	1	0	0	0.47	0.239	0.291	0.328	-0.119	-0.149	0.596	"1"
"核武器"	0	1	0	0.47	0.239	0.291	-0.276	0.622	-0.149	1.047	"2"
"桌"	1	0	0	0.47	0.239	0.291	0.328	-0.119	-0.149	0.596	"1"
"桥樑"	0	0	1	0.47	0.239	0.291	-0.276	-0.119	0.536	0.931	"3"
"检"	1	0	0	0.47	0.239	0.291	0.328	-0.119	-0.149	0.596	"1"
"棘手"	1	0	0	0.47	0.239	0.291	0.328	-0.119	-0.149	0.596	"1"
"模式"	1	0	0	0.47	0.239	0.291	0.328	-0.119	-0.149	0.596	"1"
"模拟"	1	1	0	0.941	0.478	0.582	0.143	0.376	-0.299	0.818	"2"
"模煳"	1	0	0	0.47	0.239	0.291	0.328	-0.119	-0.149	0.596	"1"
"次"	2	0	5	3.292	1.672	2.036	-0.556	-0.83	1.599	2.985	"3"
"次长级"	1	0	0	0.47	0.239	0.291	0.328	-0.119	-0.149	0.596	"1"
"欧盟"	4	0	0	1.881	0.955	1.163	1.31	-0.474	-0.597	2.381	"1"
"歌词"	0	1	0	0.47	0.239	0.291	-0.276	0.622	-0.149	1.047	"2"
"步骤"	1	0	0	0.47	0.239	0.291	0.328	-0.119	-0.149	0.596	"1"
"武昌"	0	0	1	0.47	0.239	0.291	-0.276	-0.119	0.536	0.931	"3"
"民主党籍"	0	1	0	0.47	0.239	0.291	-0.276	0.622	-0.149	1.047	"2"
"民俗"	0	0	2	0.941	0.478	0.582	-0.552	-0.237	1.073	1.862	"3"
"民意组"	0	1	0	0.47	0.239	0.291	-0.276	0.622	-0.149	1.047	"2"
"民生"	1	1	0	0.941	0.478	0.582	0.143	0.376	-0.299	0.818	"2"
"民运"	0	2	0	0.941	0.478	0.582	-0.552	1.244	-0.299	2.095	"2"
"气氛"	1	1	0	0.941	0.478	0.582	0.143	0.376	-0.299	0.818	"2"
"水供"	0	3	0	1.411	0.716	0.872	-0.828	1.866	-0.448	3.142	"2"
"永恆"	0	0	1	0.47	0.239	0.291	-0.276	-0.119	0.536	0.931	"3"
"永续"	1	0	0	0.47	0.239	0.291	0.328	-0.119	-0.149	0.596	"1"
"永远"	0	1	1	0.941	0.478	0.582	-0.552	0.376	0.304	1.232	"1"
"沉闷"	0	1	0	0.47	0.239	0.291	-0.276	0.622	-0.149	1.047	"2"
"沙斯"	3	1	0	1.881	0.955	1.163	0.57	0.178	-0.597	1.345	"3"
"沟"	1	0	0	0.47	0.239	0.291	0.328	-0.119	-0.149	0.596	"1"
"沟通"	2	0	0	0.941	0.478	0.582	0.655	-0.237	-0.299	1.191	"1"
"油价"	3	0	0	1.411	0.716	0.872	0.983	-0.356	-0.448	1.787	"1"
"法政"	0	0	1	0.47	0.239	0.291	-0.276	-0.119	0.536	0.931	"3"
"法新"	1	0	0	0.47	0.239	0.291	0.328	-0.119	-0.149	0.596	"1"
"泛蓝"	1	0	0	0.47	0.239	0.291	0.328	-0.119	-0.149	0.596	"1"
"注目"	0	1	0	0.47	0.239	0.291	-0.276	0.622	-0.149	1.047	"2"
"泳装"	0	1	0	0.47	0.239	0.291	-0.276	0.622	-0.149	1.047	"2"
"泾渭分明"	0	1	0	0.47	0.239	0.291	-0.276	0.622	-0.149	1.047	"2"
"洗温泉"	0	1	0	0.47	0.239	0.291	-0.276	0.622	-0.149	1.047	"2"
"洗黑钱"	0	1	0	0.47	0.239	0.291	-0.276	0.622	-0.149	1.047	"2"
"洪奇昌"	1	0	0	0.47	0.239	0.291	0.328	-0.119	-0.149	0.596	"1"
"活"	0	0	1	0.47	0.239	0.291	-0.276	-0.119	0.536	0.931	"3"
"活动"	0	0	10	4.703	2.388	2.908	-2.76	-1.185	5.364	9.309	"3"
"流入"	0	2	0	0.941	0.478	0.582	-0.552	1.244	-0.299	2.095	"2"
"海底"	0	0	1	0.47	0.239	0.291	-0.276	-0.119	0.536	0.931	"3"
"海报"	0	0	1	0.47	0.239	0.291	-0.276	-0.119	0.536	0.931	"3"
"海洋"	0	0	1	0.47	0.239	0.291	-0.276	-0.119	0.536	0.931	"3"
"海龟"	0	1	0	0.47	0.239	0.291	-0.276	0.622	-0.149	1.047	"2"
"涉"	2	0	0	0.941	0.478	0.582	0.655	-0.237	-0.299	1.191	"1"
"涉及"	2	4	0	2.822	1.433	1.745	-0.397	1.495	-0.896	2.788	"2"
"涉及到"	0	1	0	0.47	0.239	0.291	-0.276	0.622	-0.149	1.047	"2"
"涵盖"	1	0	0	0.47	0.239	0.291	0.328	-0.119	-0.149	0.596	"1"
"深入"	2	0	0	0.941	0.478	0.582	0.655	-0.237	-0.299	1.191	"1"
"深具"	0	0	1	0.47	0.239	0.291	-0.276	-0.119	0.536	0.931	"3"
"深化"	1	0	0	0.47	0.239	0.291	0.328	-0.119	-0.149	0.596	"1"
"深处"	1	0	0	0.47	0.239	0.291	0.328	-0.119	-0.149	0.596	"1"
"深思"	0	2	0	0.941	0.478	0.582	-0.552	1.244	-0.299	2.095	"2"
"深感"	0	1	0	0.47	0.239	0.291	-0.276	0.622	-0.149	1.047	"2"
"清晰"	2	0	0	0.941	0.478	0.582	0.655	-0.237	-0.299	1.191	"1"
"温泉"	0	1	0	0.47	0.239	0.291	-0.276	0.622	-0.149	1.047	"2"
"温泉乡"	0	1	0	0.47	0.239	0.291	-0.276	0.622	-0.149	1.047	"2"
"滑雪"	0	3	0	1.411	0.716	0.872	-0.828	1.866	-0.448	3.142	"2"
"演出"	0	0	2	0.941	0.478	0.582	-0.552	-0.237	1.073	1.862	"3"
"演讲"	0	0	3	1.411	0.716	0.872	-0.828	-0.356	1.609	2.793	"3"
"演讲会"	0	1	0	0.47	0.239	0.291	-0.276	0.622	-0.149	1.047	"2"
"演说"	0	0	2	0.941	0.478	0.582	-0.552	-0.237	1.073	1.862	"3"
"潮流"	0	1	2	1.411	0.716	0.872	-0.828	0.253	0.689	1.77	"1"
"激励"	0	1	0	0.47	0.239	0.291	-0.276	0.622	-0.149	1.047	"2"
"激烈"	0	2	0	0.941	0.478	0.582	-0.552	1.244	-0.299	2.095	"2"
"灵魂"	0	0	1	0.47	0.239	0.291	-0.276	-0.119	0.536	0.931	"3"
"炒"	0	0	1	0.47	0.239	0.291	-0.276	-0.119	0.536	0.931	"3"
"炒作"	0	1	0	0.47	0.239	0.291	-0.276	0.622	-0.149	1.047	"2"
"点"	0	1	0	0.47	0.239	0.291	-0.276	0.622	-0.149	1.047	"2"
"点火"	0	1	0	0.47	0.239	0.291	-0.276	0.622	-0.149	1.047	"2"
"烟草"	1	0	0	0.47	0.239	0.291	0.328	-0.119	-0.149	0.596	"1"
"热"	0	2	0	0.941	0.478	0.582	-0.552	1.244	-0.299	2.095	"2"
"热潮"	0	1	0	0.47	0.239	0.291	-0.276	0.622	-0.149	1.047	"2"
"热点"	0	2	0	0.941	0.478	0.582	-0.552	1.244	-0.299	2.095	"2"
"热热闹闹"	1	0	0	0.47	0.239	0.291	0.328	-0.119	-0.149	0.596	"1"
"热门"	0	5	0	2.352	1.194	1.454	-1.38	3.11	-0.746	5.236	"2"
"焦点"	4	1	0	2.352	1.194	1.454	0.816	-0.183	-0.746	1.745	"1"
"煽风"	0	1	0	0.47	0.239	0.291	-0.276	0.622	-0.149	1.047	"2"
"熊猫"	0	0	1	0.47	0.239	0.291	-0.276	-0.119	0.536	0.931	"3"
"熘冰场"	0	1	0	0.47	0.239	0.291	-0.276	0.622	-0.149	1.047	"2"
"爱"	1	0	2	1.411	0.716	0.872	-0.264	-0.356	0.689	1.309	"3"
"爱国者飞弹"	1	0	0	0.47	0.239	0.291	0.328	-0.119	-0.149	0.596	"1"
"版画"	0	1	0	0.47	0.239	0.291	-0.276	0.622	-0.149	1.047	"2"
"牵"	1	0	0	0.47	0.239	0.291	0.328	-0.119	-0.149	0.596	"1"
"牵涉"	1	0	0	0.47	0.239	0.291	0.328	-0.119	-0.149	0.596	"1"
"牵涉到"	1	0	0	0.47	0.239	0.291	0.328	-0.119	-0.149	0.596	"1"
"特地"	0	1	0	0.47	0.239	0.291	-0.276	0.622	-0.149	1.047	"2"
"特定"	2	0	0	0.941	0.478	0.582	0.655	-0.237	-0.299	1.191	"1"
"特展"	0	1	0	0.47	0.239	0.291	-0.276	0.622	-0.149	1.047	"2"
"特征"	0	0	1	0.47	0.239	0.291	-0.276	-0.119	0.536	0.931	"3"
"特派"	1	0	0	0.47	0.239	0.291	0.328	-0.119	-0.149	0.596	"1"
"特色"	0	2	3	2.352	1.194	1.454	-1.38	0.464	0.821	2.665	"1"
"狠"	0	0	1	0.47	0.239	0.291	-0.276	-0.119	0.536	0.931	"3"
"独特"	0	1	0	0.47	0.239	0.291	-0.276	0.622	-0.149	1.047	"2"
"王自磐"	0	1	0	0.47	0.239	0.291	-0.276	0.622	-0.149	1.047	"2"
"玩弄"	0	1	0	0.47	0.239	0.291	-0.276	0.622	-0.149	1.047	"2"
"环保"	1	0	1	0.941	0.478	0.582	0.143	-0.237	0.304	0.684	"3"
"环球"	0	1	0	0.47	0.239	0.291	-0.276	0.622	-0.149	1.047	"2"
"环绕"	1	0	0	0.47	0.239	0.291	0.328	-0.119	-0.149	0.596	"1"
"现世"	0	0	1	0.47	0.239	0.291	-0.276	-0.119	0.536	0.931	"3"
"现代"	0	0	3	1.411	0.716	0.872	-0.828	-0.356	1.609	2.793	"3"
"现实"	2	0	0	0.941	0.478	0.582	0.655	-0.237	-0.299	1.191	"1"
"现成"	0	1	0	0.47	0.239	0.291	-0.276	0.622	-0.149	1.047	"2"
"现状"	1	0	0	0.47	0.239	0.291	0.328	-0.119	-0.149	0.596	"1"
"现阶段"	1	0	0	0.47	0.239	0.291	0.328	-0.119	-0.149	0.596	"1"
"瓦希德"	1	0	0	0.47	0.239	0.291	0.328	-0.119	-0.149	0.596	"1"
"甜蜜"	0	0	1	0.47	0.239	0.291	-0.276	-0.119	0.536	0.931	"3"
"生态"	0	0	1	0.47	0.239	0.291	-0.276	-0.119	0.536	0.931	"3"
"生技"	1	0	0	0.47	0.239	0.291	0.328	-0.119	-0.149	0.596	"1"
"生活"	0	1	0	0.47	0.239	0.291	-0.276	0.622	-0.149	1.047	"2"
"生物多样性"	1	0	0	0.47	0.239	0.291	0.328	-0.119	-0.149	0.596	"1"
"生物学"	1	0	0	0.47	0.239	0.291	0.328	-0.119	-0.149	0.596	"1"
"生育"	0	1	0	0.47	0.239	0.291	-0.276	0.622	-0.149	1.047	"2"
"生途"	0	0	1	0.47	0.239	0.291	-0.276	-0.119	0.536	0.931	"3"
"田村正"	0	1	0	0.47	0.239	0.291	-0.276	0.622	-0.149	1.047	"2"
"申办"	0	0	3	1.411	0.716	0.872	-0.828	-0.356	1.609	2.793	"3"
"申奥"	0	0	1	0.47	0.239	0.291	-0.276	-0.119	0.536	0.931	"3"
"电影"	0	0	4	1.881	0.955	1.163	-1.104	-0.474	2.145	3.723	"3"
"男士"	0	1	0	0.47	0.239	0.291	-0.276	0.622	-0.149	1.047	"2"
"男女"	0	1	0	0.47	0.239	0.291	-0.276	0.622	-0.149	1.047	"2"
"留台"	0	0	1	0.47	0.239	0.291	-0.276	-0.119	0.536	0.931	"3"
"疑问"	0	1	0	0.47	0.239	0.291	-0.276	0.622	-0.149	1.047	"2"
"登广告"	0	1	0	0.47	0.239	0.291	-0.276	0.622	-0.149	1.047	"2"
"百年"	0	0	1	0.47	0.239	0.291	-0.276	-0.119	0.536	0.931	"3"
"的"	1	0	1	0.941	0.478	0.582	0.143	-0.237	0.304	0.684	"3"
"监狱面"	0	0	1	0.47	0.239	0.291	-0.276	-0.119	0.536	0.931	"3"
"盗版"	0	1	0	0.47	0.239	0.291	-0.276	0.622	-0.149	1.047	"2"
"盛传"	1	0	0	0.47	0.239	0.291	0.328	-0.119	-0.149	0.596	"1"
"盟"	3	0	0	1.411	0.716	0.872	0.983	-0.356	-0.448	1.787	"1"
"相关"	14	2	1	7.996	4.06	4.944	2.503	-0.72	-1.636	4.859	"1"
"相同"	1	0	0	0.47	0.239	0.291	0.328	-0.119	-0.149	0.596	"1"
"相左"	2	0	0	0.941	0.478	0.582	0.655	-0.237	-0.299	1.191	"1"
"相当"	3	0	0	1.411	0.716	0.872	0.983	-0.356	-0.448	1.787	"1"
"看法"	4	4	0	3.763	1.911	2.327	0.244	1.005	-1.194	2.443	"3"
"知识经济"	0	0	2	0.941	0.478	0.582	-0.552	-0.237	1.073	1.862	"3"
"知道"	0	0	1	0.47	0.239	0.291	-0.276	-0.119	0.536	0.931	"3"
"短片"	0	0	1	0.47	0.239	0.291	-0.276	-0.119	0.536	0.931	"3"
"研"	1	0	0	0.47	0.239	0.291	0.328	-0.119	-0.149	0.596	"1"
"研习"	0	0	1	0.47	0.239	0.291	-0.276	-0.119	0.536	0.931	"3"
"研商"	1	0	0	0.47	0.239	0.291	0.328	-0.119	-0.149	0.596	"1"
"研究"	18	1	0	8.936	4.538	5.526	4.874	-1.409	-2.836	9.119	"1"
"研考会"	1	0	0	0.47	0.239	0.291	0.328	-0.119	-0.149	0.596	"1"
"研讨"	1	0	2	1.411	0.716	0.872	-0.264	-0.356	0.689	1.309	"3"
"研讨会"	0	0	7	3.292	1.672	2.036	-1.932	-0.83	3.755	6.517	"3"
"确定"	0	1	0	0.47	0.239	0.291	-0.276	0.622	-0.149	1.047	"2"
"确立"	1	0	0	0.47	0.239	0.291	0.328	-0.119	-0.149	0.596	"1"
"示范区"	1	0	0	0.47	0.239	0.291	0.328	-0.119	-0.149	0.596	"1"
"社会"	3	4	0	3.292	1.672	2.036	-0.248	1.217	-1.045	2.51	"2"
"社科院"	1	0	0	0.47	0.239	0.291	0.328	-0.119	-0.149	0.596	"1"
"社群"	0	1	0	0.47	0.239	0.291	-0.276	0.622	-0.149	1.047	"2"
"社论"	0	0	1	0.47	0.239	0.291	-0.276	-0.119	0.536	0.931	"3"
"神话"	0	0	1	0.47	0.239	0.291	-0.276	-0.119	0.536	0.931	"3"
"离不开"	0	1	0	0.47	0.239	0.291	-0.276	0.622	-0.149	1.047	"2"
"私家"	0	1	0	0.47	0.239	0.291	-0.276	0.622	-0.149	1.047	"2"
"秋天"	0	0	1	0.47	0.239	0.291	-0.276	-0.119	0.536	0.931	"3"
"种族"	0	1	0	0.47	0.239	0.291	-0.276	0.622	-0.149	1.047	"2"
"科学"	0	0	1	0.47	0.239	0.291	-0.276	-0.119	0.536	0.931	"3"
"科技"	0	0	4	1.881	0.955	1.163	-1.104	-0.474	2.145	3.723	"3"
"科研"	3	0	0	1.411	0.716	0.872	0.983	-0.356	-0.448	1.787	"1"
"科隆纳"	0	1	0	0.47	0.239	0.291	-0.276	0.622	-0.149	1.047	"2"
"秘境"	0	2	0	0.941	0.478	0.582	-0.552	1.244	-0.299	2.095	"2"
"突出"	0	0	1	0.47	0.239	0.291	-0.276	-0.119	0.536	0.931	"3"
"立场"	6	0	0	2.822	1.433	1.745	1.966	-0.711	-0.896	3.573	"1"
"竞赛"	0	0	1	0.47	0.239	0.291	-0.276	-0.119	0.536	0.931	"3"
"竞选"	0	1	0	0.47	0.239	0.291	-0.276	0.622	-0.149	1.047	"2"
"竟"	0	1	0	0.47	0.239	0.291	-0.276	0.622	-0.149	1.047	"2"
"章孝严"	1	0	0	0.47	0.239	0.291	0.328	-0.119	-0.149	0.596	"1"
"符号"	0	0	2	0.941	0.478	0.582	-0.552	-0.237	1.073	1.862	"3"
"第13"	1	0	0	0.47	0.239	0.291	0.328	-0.119	-0.149	0.596	"1"
"等"	42	2	0	20.695	10.508	12.797	11.317	-3.182	-6.567	21.066	"1"
"等等"	0	1	0	0.47	0.239	0.291	-0.276	0.622	-0.149	1.047	"2"
"答案"	1	0	0	0.47	0.239	0.291	0.328	-0.119	-0.149	0.596	"1"
"答覆"	0	1	0	0.47	0.239	0.291	-0.276	0.622	-0.149	1.047	"2"
"策"	0	0	1	0.47	0.239	0.291	-0.276	-0.119	0.536	0.931	"3"
"策展"	0	0	1	0.47	0.239	0.291	-0.276	-0.119	0.536	0.931	"3"
"简单"	0	0	1	0.47	0.239	0.291	-0.276	-0.119	0.536	0.931	"3"
"简又新"	1	0	0	0.47	0.239	0.291	0.328	-0.119	-0.149	0.596	"1"
"算"	0	1	0	0.47	0.239	0.291	-0.276	0.622	-0.149	1.047	"2"
"管中维"	1	0	0	0.47	0.239	0.291	0.328	-0.119	-0.149	0.596	"1"
"篇"	0	0	1	0.47	0.239	0.291	-0.276	-0.119	0.536	0.931	"3"
"类型"	0	0	1	0.47	0.239	0.291	-0.276	-0.119	0.536	0.931	"3"
"粗暴"	1	0	0	0.47	0.239	0.291	0.328	-0.119	-0.149	0.596	"1"
"精华"	0	0	1	0.47	0.239	0.291	-0.276	-0.119	0.536	0.931	"3"
"精神文明"	0	0	1	0.47	0.239	0.291	-0.276	-0.119	0.536	0.931	"3"
"系列"	1	0	2	1.411	0.716	0.872	-0.264	-0.356	0.689	1.309	"3"
"素有"	0	0	1	0.47	0.239	0.291	-0.276	-0.119	0.536	0.931	"3"
"紧紧"	0	0	1	0.47	0.239	0.291	-0.276	-0.119	0.536	0.931	"3"
"紧跟"	0	1	0	0.47	0.239	0.291	-0.276	0.622	-0.149	1.047	"2"
"紧迫"	1	1	0	0.941	0.478	0.582	0.143	0.376	-0.299	0.818	"2"
"纪"	1	0	0	0.47	0.239	0.291	0.328	-0.119	-0.149	0.596	"1"
"纯"	0	1	0	0.47	0.239	0.291	-0.276	0.622	-0.149	1.047	"2"
"纳入"	1	0	0	0.47	0.239	0.291	0.328	-0.119	-0.149	0.596	"1"
"经济部"	1	0	0	0.47	0.239	0.291	0.328	-0.119	-0.149	0.596	"1"
"经由"	2	0	0	0.941	0.478	0.582	0.655	-0.237	-0.299	1.191	"1"
"经贸"	2	0	0	0.941	0.478	0.582	0.655	-0.237	-0.299	1.191	"1"
"结构"	1	0	0	0.47	0.239	0.291	0.328	-0.119	-0.149	0.596	"1"
"结论"	2	0	0	0.941	0.478	0.582	0.655	-0.237	-0.299	1.191	"1"
"给"	0	1	0	0.47	0.239	0.291	-0.276	0.622	-0.149	1.047	"2"
"绝非"	1	0	0	0.47	0.239	0.291	0.328	-0.119	-0.149	0.596	"1"
"统"	1	0	0	0.47	0.239	0.291	0.328	-0.119	-0.149	0.596	"1"
"统一"	1	0	0	0.47	0.239	0.291	0.328	-0.119	-0.149	0.596	"1"
"统独"	2	0	0	0.941	0.478	0.582	0.655	-0.237	-0.299	1.191	"1"
"绿色和平"	1	0	0	0.47	0.239	0.291	0.328	-0.119	-0.149	0.596	"1"
"编制"	0	0	1	0.47	0.239	0.291	-0.276	-0.119	0.536	0.931	"3"
"网吧"	0	0	1	0.47	0.239	0.291	-0.276	-0.119	0.536	0.931	"3"
"罢免"	1	0	0	0.47	0.239	0.291	0.328	-0.119	-0.149	0.596	"1"
"罢免案"	1	0	0	0.47	0.239	0.291	0.328	-0.119	-0.149	0.596	"1"
"美伊"	0	1	0	0.47	0.239	0.291	-0.276	0.622	-0.149	1.047	"2"
"美方"	3	0	0	1.411	0.716	0.872	0.983	-0.356	-0.448	1.787	"1"
"美貌"	0	0	1	0.47	0.239	0.291	-0.276	-0.119	0.536	0.931	"3"
"美轮美奂"	0	1	0	0.47	0.239	0.291	-0.276	0.622	-0.149	1.047	"2"
"美食"	0	0	1	0.47	0.239	0.291	-0.276	-0.119	0.536	0.931	"3"
"老化"	0	1	0	0.47	0.239	0.291	-0.276	0.622	-0.149	1.047	"2"
"老少"	0	1	0	0.47	0.239	0.291	-0.276	0.622	-0.149	1.047	"2"
"老百姓"	0	1	0	0.47	0.239	0.291	-0.276	0.622	-0.149	1.047	"2"
"考量"	1	0	0	0.47	0.239	0.291	0.328	-0.119	-0.149	0.596	"1"
"而言"	1	0	0	0.47	0.239	0.291	0.328	-0.119	-0.149	0.596	"1"
"联大"	5	0	0	2.352	1.194	1.454	1.638	-0.593	-0.746	2.977	"1"
"聚焦"	1	0	0	0.47	0.239	0.291	0.328	-0.119	-0.149	0.596	"1"
"肺炎"	0	2	0	0.941	0.478	0.582	-0.552	1.244	-0.299	2.095	"2"
"背景"	0	0	1	0.47	0.239	0.291	-0.276	-0.119	0.536	0.931	"3"
"能源"	1	0	0	0.47	0.239	0.291	0.328	-0.119	-0.149	0.596	"1"
"自学"	0	0	1	0.47	0.239	0.291	-0.276	-0.119	0.536	0.931	"3"
"自律"	1	0	0	0.47	0.239	0.291	0.328	-0.119	-0.149	0.596	"1"
"自拟"	0	1	0	0.47	0.239	0.291	-0.276	0.622	-0.149	1.047	"2"
"自然"	0	1	0	0.47	0.239	0.291	-0.276	0.622	-0.149	1.047	"2"
"自然科"	0	1	0	0.47	0.239	0.291	-0.276	0.622	-0.149	1.047	"2"
"至于"	2	0	0	0.941	0.478	0.582	0.655	-0.237	-0.299	1.191	"1"
"致词"	0	0	1	0.47	0.239	0.291	-0.276	-0.119	0.536	0.931	"3"
"良政"	0	0	1	0.47	0.239	0.291	-0.276	-0.119	0.536	0.931	"3"
"艺"	0	0	1	0.47	0.239	0.291	-0.276	-0.119	0.536	0.931	"3"
"艺术"	0	0	5	2.352	1.194	1.454	-1.38	-0.593	2.682	4.655	"3"
"艺术展"	0	0	1	0.47	0.239	0.291	-0.276	-0.119	0.536	0.931	"3"
"艺术节"	0	0	1	0.47	0.239	0.291	-0.276	-0.119	0.536	0.931	"3"
"艺术部"	0	1	0	0.47	0.239	0.291	-0.276	0.622	-0.149	1.047	"2"
"艾佛维兹"	1	0	0	0.47	0.239	0.291	0.328	-0.119	-0.149	0.596	"1"
"节庆"	0	0	2	0.941	0.478	0.582	-0.552	-0.237	1.073	1.862	"3"
"节目"	0	1	0	0.47	0.239	0.291	-0.276	0.622	-0.149	1.047	"2"
"花园"	0	0	1	0.47	0.239	0.291	-0.276	-0.119	0.536	0.931	"3"
"花灯"	0	0	1	0.47	0.239	0.291	-0.276	-0.119	0.536	0.931	"3"
"苏进强"	1	0	0	0.47	0.239	0.291	0.328	-0.119	-0.149	0.596	"1"
"范围"	0	1	0	0.47	0.239	0.291	-0.276	0.622	-0.149	1.047	"2"
"茶"	0	0	1	0.47	0.239	0.291	-0.276	-0.119	0.536	0.931	"3"
"药博"	0	0	1	0.47	0.239	0.291	-0.276	-0.119	0.536	0.931	"3"
"虐待"	0	1	0	0.47	0.239	0.291	-0.276	0.622	-0.149	1.047	"2"
"融入"	1	0	0	0.47	0.239	0.291	0.328	-0.119	-0.149	0.596	"1"
"融合"	0	0	1	0.47	0.239	0.291	-0.276	-0.119	0.536	0.931	"3"
"融洽"	0	1	0	0.47	0.239	0.291	-0.276	0.622	-0.149	1.047	"2"
"行库"	1	0	0	0.47	0.239	0.291	0.328	-0.119	-0.149	0.596	"1"
"行情"	0	1	0	0.47	0.239	0.291	-0.276	0.622	-0.149	1.047	"2"
"行政院"	4	1	0	2.352	1.194	1.454	0.816	-0.183	-0.746	1.745	"1"
"街头巷尾"	0	1	0	0.47	0.239	0.291	-0.276	0.622	-0.149	1.047	"2"
"街谈巷议"	0	1	0	0.47	0.239	0.291	-0.276	0.622	-0.149	1.047	"2"
"衡"	0	1	0	0.47	0.239	0.291	-0.276	0.622	-0.149	1.047	"2"
"表决"	0	0	1	0.47	0.239	0.291	-0.276	-0.119	0.536	0.931	"3"
"表层"	1	0	0	0.47	0.239	0.291	0.328	-0.119	-0.149	0.596	"1"
"表态"	1	2	0	1.411	0.716	0.872	-0.264	0.842	-0.448	1.554	"2"
"表演"	0	1	1	0.941	0.478	0.582	-0.552	0.376	0.304	1.232	"1"
"表达"	4	0	1	2.352	1.194	1.454	0.816	-0.593	-0.262	1.671	"1"
"装饰"	0	1	0	0.47	0.239	0.291	-0.276	0.622	-0.149	1.047	"2"
"西游记"	0	1	0	0.47	0.239	0.291	-0.276	0.622	-0.149	1.047	"2"
"西部"	0	0	1	0.47	0.239	0.291	-0.276	-0.119	0.536	0.931	"3"
"要求"	0	1	0	0.47	0.239	0.291	-0.276	0.622	-0.149	1.047	"2"
"见解"	1	0	0	0.47	0.239	0.291	0.328	-0.119	-0.149	0.596	"1"
"观景轮"	0	0	2	0.941	0.478	0.582	-0.552	-0.237	1.073	1.862	"3"
"角力"	0	1	0	0.47	0.239	0.291	-0.276	0.622	-0.149	1.047	"2"
"解决"	3	0	0	1.411	0.716	0.872	0.983	-0.356	-0.448	1.787	"1"
"解释水"	0	1	0	0.47	0.239	0.291	-0.276	0.622	-0.149	1.047	"2"
"言情小说"	1	0	0	0.47	0.239	0.291	0.328	-0.119	-0.149	0.596	"1"
"言论"	0	0	1	0.47	0.239	0.291	-0.276	-0.119	0.536	0.931	"3"
"譬如"	0	1	0	0.47	0.239	0.291	-0.276	0.622	-0.149	1.047	"2"
"计画"	1	0	0	0.47	0.239	0.291	0.328	-0.119	-0.149	0.596	"1"
"计算机"	0	0	2	0.941	0.478	0.582	-0.552	-0.237	1.073	1.862	"3"
"认真"	1	0	0	0.47	0.239	0.291	0.328	-0.119	-0.149	0.596	"1"
"认知"	2	0	0	0.941	0.478	0.582	0.655	-0.237	-0.299	1.191	"1"
"认识到"	0	1	0	0.47	0.239	0.291	-0.276	0.622	-0.149	1.047	"2"
"讨"	0	0	1	0.47	0.239	0.291	-0.276	-0.119	0.536	0.931	"3"
"讨论"	38	3	2	20.225	10.27	12.506	7.794	-2.411	-4.186	14.391	"1"
"议"	1	0	1	0.941	0.478	0.582	0.143	-0.237	0.304	0.684	"3"
"议程"	1	0	0	0.47	0.239	0.291	0.328	-0.119	-0.149	0.596	"1"
"议题"	15	0	1	7.525	3.821	4.653	3.962	-1.896	-1.509	7.367	"1"
"讲"	0	1	0	0.47	0.239	0.291	-0.276	0.622	-0.149	1.047	"2"
"讲座"	0	0	1	0.47	0.239	0.291	-0.276	-0.119	0.536	0.931	"3"
"讲演"	0	0	1	0.47	0.239	0.291	-0.276	-0.119	0.536	0.931	"3"
"讲述"	0	0	2	0.941	0.478	0.582	-0.552	-0.237	1.073	1.862	"3"
"许多"	0	2	0	0.941	0.478	0.582	-0.552	1.244	-0.299	2.095	"2"
"论"	0	0	1	0.47	0.239	0.291	-0.276	-0.119	0.536	0.931	"3"
"论争"	0	1	0	0.47	0.239	0.291	-0.276	0.622	-0.149	1.047	"2"
"论坛"	3	2	8	6.114	3.105	3.781	-1.15	-0.435	1.824	3.409	"3"
"论调"	0	1	0	0.47	0.239	0.291	-0.276	0.622	-0.149	1.047	"2"
"论述"	1	0	0	0.47	0.239	0.291	0.328	-0.119	-0.149	0.596	"1"
"设"	0	0	3	1.411	0.716	0.872	-0.828	-0.356	1.609	2.793	"3"
"设定"	0	0	1	0.47	0.239	0.291	-0.276	-0.119	0.536	0.931	"3"
"设计"	0	0	3	1.411	0.716	0.872	-0.828	-0.356	1.609	2.793	"3"
"访美"	1	0	0	0.47	0.239	0.291	0.328	-0.119	-0.149	0.596	"1"
"诉求"	0	1	0	0.47	0.239	0.291	-0.276	0.622	-0.149	1.047	"2"
"试卷"	0	2	0	0.941	0.478	0.582	-0.552	1.244	-0.299	2.095	"2"
"诗"	1	0	0	0.47	0.239	0.291	0.328	-0.119	-0.149	0.596	"1"
"诗歌"	0	0	1	0.47	0.239	0.291	-0.276	-0.119	0.536	0.931	"3"
"诚恳"	1	0	0	0.47	0.239	0.291	0.328	-0.119	-0.149	0.596	"1"
"话廊"	0	1	0	0.47	0.239	0.291	-0.276	0.622	-0.149	1.047	"2"
"话题"	0	1	0	0.47	0.239	0.291	-0.276	0.622	-0.149	1.047	"2"
"诠释"	0	1	0	0.47	0.239	0.291	-0.276	0.622	-0.149	1.047	"2"
"详述"	0	1	0	0.47	0.239	0.291	-0.276	0.622	-0.149	1.047	"2"
"语文"	0	2	0	0.941	0.478	0.582	-0.552	1.244	-0.299	2.095	"2"
"语言"	0	0	1	0.47	0.239	0.291	-0.276	-0.119	0.536	0.931	"3"
"说明"	1	0	0	0.47	0.239	0.291	0.328	-0.119	-0.149	0.596	"1"
"请教"	0	1	0	0.47	0.239	0.291	-0.276	0.622	-0.149	1.047	"2"
"诸多"	0	1	0	0.47	0.239	0.291	-0.276	0.622	-0.149	1.047	"2"
"读者"	0	5	0	2.352	1.194	1.454	-1.38	3.11	-0.746	5.236	"2"
"课题"	5	2	0	3.292	1.672	2.036	0.743	0.278	-1.045	2.066	"3"
"调整为"	1	0	0	0.47	0.239	0.291	0.328	-0.119	-0.149	0.596	"1"
"谈"	2	5	0	3.292	1.672	2.036	-0.556	1.979	-1.045	3.58	"2"
"谈判"	7	0	0	3.292	1.672	2.036	2.293	-0.83	-1.045	4.168	"1"
"谈到"	0	1	0	0.47	0.239	0.291	-0.276	0.622	-0.149	1.047	"2"
"谈及"	1	2	0	1.411	0.716	0.872	-0.264	0.842	-0.448	1.554	"2"
"谈论"	0	2	0	0.941	0.478	0.582	-0.552	1.244	-0.299	2.095	"2"
"谈话"	0	1	0	0.47	0.239	0.291	-0.276	0.622	-0.149	1.047	"2"
"谈起"	0	1	0	0.47	0.239	0.291	-0.276	0.622	-0.149	1.047	"2"
"谘商"	1	0	0	0.47	0.239	0.291	0.328	-0.119	-0.149	0.596	"1"
"谘询性"	1	0	0	0.47	0.239	0.291	0.328	-0.119	-0.149	0.596	"1"
"谜"	0	1	0	0.47	0.239	0.291	-0.276	0.622	-0.149	1.047	"2"
"象征"	0	0	1	0.47	0.239	0.291	-0.276	-0.119	0.536	0.931	"3"
"豪华"	0	1	0	0.47	0.239	0.291	-0.276	0.622	-0.149	1.047	"2"
"贝瑞特"	0	0	1	0.47	0.239	0.291	-0.276	-0.119	0.536	0.931	"3"
"负责任"	0	1	0	0.47	0.239	0.291	-0.276	0.622	-0.149	1.047	"2"
"财"	1	0	0	0.47	0.239	0.291	0.328	-0.119	-0.149	0.596	"1"
"财产权"	0	1	0	0.47	0.239	0.291	-0.276	0.622	-0.149	1.047	"2"
"财政部"	1	1	0	0.941	0.478	0.582	0.143	0.376	-0.299	0.818	"2"
"财经"	3	0	0	1.411	0.716	0.872	0.983	-0.356	-0.448	1.787	"1"
"质"	0	0	1	0.47	0.239	0.291	-0.276	-0.119	0.536	0.931	"3"
"贫富"	0	0	1	0.47	0.239	0.291	-0.276	-0.119	0.536	0.931	"3"
"贸易"	2	0	0	0.941	0.478	0.582	0.655	-0.237	-0.299	1.191	"1"
"赓续"	1	0	0	0.47	0.239	0.291	0.328	-0.119	-0.149	0.596	"1"
"赖伟源"	0	1	0	0.47	0.239	0.291	-0.276	0.622	-0.149	1.047	"2"
"赖明诏"	1	0	0	0.47	0.239	0.291	0.328	-0.119	-0.149	0.596	"1"
"起源地"	1	0	0	0.47	0.239	0.291	0.328	-0.119	-0.149	0.596	"1"
"超出"	1	0	0	0.47	0.239	0.291	0.328	-0.119	-0.149	0.596	"1"
"超越"	1	0	0	0.47	0.239	0.291	0.328	-0.119	-0.149	0.596	"1"
"跨党派小组"	1	0	0	0.47	0.239	0.291	0.328	-0.119	-0.149	0.596	"1"
"路基"	1	0	0	0.47	0.239	0.291	0.328	-0.119	-0.149	0.596	"1"
"跳水"	1	0	0	0.47	0.239	0.291	0.328	-0.119	-0.149	0.596	"1"
"踌躇"	1	0	0	0.47	0.239	0.291	0.328	-0.119	-0.149	0.596	"1"
"车展"	0	0	1	0.47	0.239	0.291	-0.276	-0.119	0.536	0.931	"3"
"转到"	0	1	0	0.47	0.239	0.291	-0.276	0.622	-0.149	1.047	"2"
"转旋出全"	0	0	1	0.47	0.239	0.291	-0.276	-0.119	0.536	0.931	"3"
"转殖"	1	0	0	0.47	0.239	0.291	0.328	-0.119	-0.149	0.596	"1"
"转移"	1	0	0	0.47	0.239	0.291	0.328	-0.119	-0.149	0.596	"1"
"较为"	0	1	0	0.47	0.239	0.291	-0.276	0.622	-0.149	1.047	"2"
"较能"	0	1	0	0.47	0.239	0.291	-0.276	0.622	-0.149	1.047	"2"
"辐"	0	0	1	0.47	0.239	0.291	-0.276	-0.119	0.536	0.931	"3"
"输"	0	1	0	0.47	0.239	0.291	-0.276	0.622	-0.149	1.047	"2"
"辩"	1	0	0	0.47	0.239	0.291	0.328	-0.119	-0.149	0.596	"1"
"辩论"	1	1	0	0.941	0.478	0.582	0.143	0.376	-0.299	0.818	"2"
"达成"	3	0	0	1.411	0.716	0.872	0.983	-0.356	-0.448	1.787	"1"
"达致"	1	0	0	0.47	0.239	0.291	0.328	-0.119	-0.149	0.596	"1"
"迈向"	0	0	3	1.411	0.716	0.872	-0.828	-0.356	1.609	2.793	"3"
"迎向"	0	0	1	0.47	0.239	0.291	-0.276	-0.119	0.536	0.931	"3"
"迎金蛇"	0	1	0	0.47	0.239	0.291	-0.276	0.622	-0.149	1.047	"2"
"运动"	0	0	3	1.411	0.716	0.872	-0.828	-0.356	1.609	2.793	"3"
"运动会"	0	0	2	0.941	0.478	0.582	-0.552	-0.237	1.073	1.862	"3"
"近来"	0	1	0	0.47	0.239	0.291	-0.276	0.622	-0.149	1.047	"2"
"近视"	0	0	2	0.941	0.478	0.582	-0.552	-0.237	1.073	1.862	"3"
"还是"	0	1	0	0.47	0.239	0.291	-0.276	0.622	-0.149	1.047	"2"
"这"	1	1	1	1.411	0.716	0.872	-0.264	0.253	0.192	0.709	"1"
"这些"	2	1	0	1.411	0.716	0.872	0.341	0.253	-0.448	1.042	"3"
"进一步"	1	1	0	0.941	0.478	0.582	0.143	0.376	-0.299	0.818	"2"
"进展"	2	0	0	0.941	0.478	0.582	0.655	-0.237	-0.299	1.191	"1"
"进行"	18	0	0	8.466	4.299	5.235	5.897	-2.133	-2.687	10.717	"1"
"连战"	1	0	0	0.47	0.239	0.291	0.328	-0.119	-0.149	0.596	"1"
"连续剧"	0	1	0	0.47	0.239	0.291	-0.276	0.622	-0.149	1.047	"2"
"迪士尼"	0	0	1	0.47	0.239	0.291	-0.276	-0.119	0.536	0.931	"3"
"迪斯尼"	0	1	0	0.47	0.239	0.291	-0.276	0.622	-0.149	1.047	"2"
"追溯"	0	1	0	0.47	0.239	0.291	-0.276	0.622	-0.149	1.047	"2"
"退款"	1	0	0	0.47	0.239	0.291	0.328	-0.119	-0.149	0.596	"1"
"退让"	1	0	0	0.47	0.239	0.291	0.328	-0.119	-0.149	0.596	"1"
"选举"	2	0	0	0.941	0.478	0.582	0.655	-0.237	-0.299	1.191	"1"
"选战"	0	0	2	0.941	0.478	0.582	-0.552	-0.237	1.073	1.862	"3"
"选民"	0	1	0	0.47	0.239	0.291	-0.276	0.622	-0.149	1.047	"2"
"选美会"	0	0	1	0.47	0.239	0.291	-0.276	-0.119	0.536	0.931	"3"
"透明度"	0	2	0	0.941	0.478	0.582	-0.552	1.244	-0.299	2.095	"2"
"逐一"	1	0	0	0.47	0.239	0.291	0.328	-0.119	-0.149	0.596	"1"
"通"	1	0	0	0.47	0.239	0.291	0.328	-0.119	-0.149	0.596	"1"
"遗产"	0	0	1	0.47	0.239	0.291	-0.276	-0.119	0.536	0.931	"3"
"避免"	0	1	0	0.47	0.239	0.291	-0.276	0.622	-0.149	1.047	"2"
"避开"	2	0	0	0.941	0.478	0.582	0.655	-0.237	-0.299	1.191	"1"
"邀请"	0	0	4	1.881	0.955	1.163	-1.104	-0.474	2.145	3.723	"3"
"那么"	0	1	0	0.47	0.239	0.291	-0.276	0.622	-0.149	1.047	"2"
"邮件"	0	0	1	0.47	0.239	0.291	-0.276	-0.119	0.536	0.931	"3"
"邱义仁"	1	0	0	0.47	0.239	0.291	0.328	-0.119	-0.149	0.596	"1"
"邵玉铭"	0	1	0	0.47	0.239	0.291	-0.276	0.622	-0.149	1.047	"2"
"郑志富"	1	0	0	0.47	0.239	0.291	0.328	-0.119	-0.149	0.596	"1"
"部份"	1	0	0	0.47	0.239	0.291	0.328	-0.119	-0.149	0.596	"1"
"配合"	0	0	4	1.881	0.955	1.163	-1.104	-0.474	2.145	3.723	"3"
"配套"	2	0	0	0.941	0.478	0.582	0.655	-0.237	-0.299	1.191	"1"
"酒塔"	0	1	0	0.47	0.239	0.291	-0.276	0.622	-0.149	1.047	"2"
"重"	1	0	0	0.47	0.239	0.291	0.328	-0.119	-0.149	0.596	"1"
"重复"	0	2	0	0.941	0.478	0.582	-0.552	1.244	-0.299	2.095	"2"
"重大"	6	0	0	2.822	1.433	1.745	1.966	-0.711	-0.896	3.573	"1"
"重建为"	1	0	0	0.47	0.239	0.291	0.328	-0.119	-0.149	0.596	"1"
"重挫"	0	1	0	0.47	0.239	0.291	-0.276	0.622	-0.149	1.047	"2"
"重整"	1	0	0	0.47	0.239	0.291	0.328	-0.119	-0.149	0.596	"1"
"重新"	1	0	0	0.47	0.239	0.291	0.328	-0.119	-0.149	0.596	"1"
"重点"	2	0	0	0.941	0.478	0.582	0.655	-0.237	-0.299	1.191	"1"
"重要"	21	3	1	11.758	5.971	7.271	3.809	-0.924	-2.68	7.413	"1"
"重要性"	0	1	0	0.47	0.239	0.291	-0.276	0.622	-0.149	1.047	"2"
"野外"	1	0	0	0.47	0.239	0.291	0.328	-0.119	-0.149	0.596	"1"
"金正日"	1	0	0	0.47	0.239	0.291	0.328	-0.119	-0.149	0.596	"1"
"金管局"	0	1	0	0.47	0.239	0.291	-0.276	0.622	-0.149	1.047	"2"
"针对"	14	2	1	7.996	4.06	4.944	2.503	-0.72	-1.636	4.859	"1"
"银河"	0	1	0	0.47	0.239	0.291	-0.276	0.622	-0.149	1.047	"2"
"镜头"	0	1	0	0.47	0.239	0.291	-0.276	0.622	-0.149	1.047	"2"
"问世"	0	1	0	0.47	0.239	0.291	-0.276	0.622	-0.149	1.047	"2"
"问卷"	1	0	0	0.47	0.239	0.291	0.328	-0.119	-0.149	0.596	"1"
"闲"	0	0	1	0.47	0.239	0.291	-0.276	-0.119	0.536	0.931	"3"
"阵子"	0	1	0	0.47	0.239	0.291	-0.276	0.622	-0.149	1.047	"2"
"附带"	1	0	0	0.47	0.239	0.291	0.328	-0.119	-0.149	0.596	"1"
"陈怀亮"	1	0	0	0.47	0.239	0.291	0.328	-0.119	-0.149	0.596	"1"
"陈月婵"	0	1	0	0.47	0.239	0.291	-0.276	0.622	-0.149	1.047	"2"
"陈荣造"	0	1	0	0.47	0.239	0.291	-0.276	0.622	-0.149	1.047	"2"
"院生"	0	1	0	0.47	0.239	0.291	-0.276	0.622	-0.149	1.047	"2"
"除了"	0	1	0	0.47	0.239	0.291	-0.276	0.622	-0.149	1.047	"2"
"除非"	0	1	0	0.47	0.239	0.291	-0.276	0.622	-0.149	1.047	"2"
"随着"	0	1	0	0.47	0.239	0.291	-0.276	0.622	-0.149	1.047	"2"
"难于"	0	1	0	0.47	0.239	0.291	-0.276	0.622	-0.149	1.047	"2"
"难免"	1	0	0	0.47	0.239	0.291	0.328	-0.119	-0.149	0.596	"1"
"难点"	0	1	0	0.47	0.239	0.291	-0.276	0.622	-0.149	1.047	"2"
"集中"	1	0	0	0.47	0.239	0.291	0.328	-0.119	-0.149	0.596	"1"
"雪地"	0	1	0	0.47	0.239	0.291	-0.276	0.622	-0.149	1.047	"2"
"雪景"	0	1	0	0.47	0.239	0.291	-0.276	0.622	-0.149	1.047	"2"
"雪松"	0	0	1	0.47	0.239	0.291	-0.276	-0.119	0.536	0.931	"3"
"需要"	0	1	0	0.47	0.239	0.291	-0.276	0.622	-0.149	1.047	"2"
"霆锋"	0	0	1	0.47	0.239	0.291	-0.276	-0.119	0.536	0.931	"3"
"非典型"	0	1	0	0.47	0.239	0.291	-0.276	0.622	-0.149	1.047	"2"
"非常"	0	2	1	1.411	0.716	0.872	-0.828	0.842	0.192	1.862	"2"
"非核"	0	0	2	0.941	0.478	0.582	-0.552	-0.237	1.073	1.862	"3"
"面临"	2	0	0	0.941	0.478	0.582	0.655	-0.237	-0.299	1.191	"1"
"面前"	0	1	0	0.47	0.239	0.291	-0.276	0.622	-0.149	1.047	"2"
"面对"	3	0	1	1.881	0.955	1.163	0.57	-0.474	-0.175	1.219	"1"
"面市"	0	1	0	0.47	0.239	0.291	-0.276	0.622	-0.149	1.047	"2"
"音乐"	0	0	1	0.47	0.239	0.291	-0.276	-0.119	0.536	0.931	"3"
"音乐会"	0	0	1	0.47	0.239	0.291	-0.276	-0.119	0.536	0.931	"3"
"音乐节"	0	2	0	0.941	0.478	0.582	-0.552	1.244	-0.299	2.095	"2"
"项"	21	1	0	10.347	5.254	6.398	5.796	-1.71	-3.284	10.79	"1"
"须"	1	0	0	0.47	0.239	0.291	0.328	-0.119	-0.149	0.596	"1"
"领导"	1	0	0	0.47	0.239	0.291	0.328	-0.119	-0.149	0.596	"1"
"领袖"	2	0	0	0.941	0.478	0.582	0.655	-0.237	-0.299	1.191	"1"
"题目"	0	0	1	0.47	0.239	0.291	-0.276	-0.119	0.536	0.931	"3"
"颜庆章"	0	0	1	0.47	0.239	0.291	-0.276	-0.119	0.536	0.931	"3"
"风筝"	0	1	0	0.47	0.239	0.291	-0.276	0.622	-0.149	1.047	"2"
"风险"	0	1	0	0.47	0.239	0.291	-0.276	0.622	-0.149	1.047	"2"
"飞弹"	1	0	0	0.47	0.239	0.291	0.328	-0.119	-0.149	0.596	"1"
"餐馆"	0	0	1	0.47	0.239	0.291	-0.276	-0.119	0.536	0.931	"3"
"饰"	0	1	0	0.47	0.239	0.291	-0.276	0.622	-0.149	1.047	"2"
"饰演"	0	1	0	0.47	0.239	0.291	-0.276	0.622	-0.149	1.047	"2"
"首要"	1	0	0	0.47	0.239	0.291	0.328	-0.119	-0.149	0.596	"1"
"马哈蒂尔"	0	0	1	0.47	0.239	0.291	-0.276	-0.119	0.536	0.931	"3"
"马国"	3	0	0	1.411	0.716	0.872	0.983	-0.356	-0.448	1.787	"1"
"马来族"	0	1	0	0.47	0.239	0.291	-0.276	0.622	-0.149	1.047	"2"
"马来西亚"	0	2	1	1.411	0.716	0.872	-0.828	0.842	0.192	1.862	"2"
"马来西亚水"	0	1	0	0.47	0.239	0.291	-0.276	0.622	-0.149	1.047	"2"
"验收"	1	0	0	0.47	0.239	0.291	0.328	-0.119	-0.149	0.596	"1"
"高唱"	0	1	0	0.47	0.239	0.291	-0.276	0.622	-0.149	1.047	"2"
"高层"	1	0	0	0.47	0.239	0.291	0.328	-0.119	-0.149	0.596	"1"
"高峰会"	2	0	1	1.411	0.716	0.872	0.341	-0.356	0.192	0.889	"2"
"高峰会议"	1	0	0	0.47	0.239	0.291	0.328	-0.119	-0.149	0.596	"1"
"高等"	1	0	0	0.47	0.239	0.291	0.328	-0.119	-0.149	0.596	"1"
"鲜明"	0	0	1	0.47	0.239	0.291	-0.276	-0.119	0.536	0.931	"3"
"鲸鱼"	1	0	0	0.47	0.239	0.291	0.328	-0.119	-0.149	0.596	"1"
"鸟"	0	1	0	0.47	0.239	0.291	-0.276	0.622	-0.149	1.047	"2"
"黄显洲"	1	0	0	0.47	0.239	0.291	0.328	-0.119	-0.149	0.596	"1"
"黄淑芳"	1	0	0	0.47	0.239	0.291	0.328	-0.119	-0.149	0.596	"1"
"黑市"	0	2	0	0.941	0.478	0.582	-0.552	1.244	-0.299	2.095	"2"
"黑道"	0	1	0	0.47	0.239	0.291	-0.276	0.622	-0.149	1.047	"2"
"鼓励"	0	0	2	0.941	0.478	0.582	-0.552	-0.237	1.073	1.862	"3"
