"Coll_Word"	"1"	"2"	"3"	"4"	"exp_1"	"exp_2"	"exp_3"	"exp_4"	"pbin_1"	"pbin_2"	"pbin_3"	"pbin_4"	"SumAbsDev"	"LargestDev"
"、"	0	1	0	5	0.644	2.008	0.559	2.789	-0.296	-0.458	-0.255	1.098	2.107	"4"
"."	1	6	0	0	0.751	2.343	0.652	3.254	0.261	2.154	-0.297	-1.9	4.612	"2"
"「"	0	0	0	2	0.215	0.669	0.186	0.93	-0.099	-0.354	-0.085	0.665	1.203	"4"
"」"	0	0	0	1	0.107	0.335	0.093	0.465	-0.049	-0.177	-0.042	0.333	0.601	"4"
"｜"	0	0	0	1	0.107	0.335	0.093	0.465	-0.049	-0.177	-0.042	0.333	0.601	"4"
"1983年"	0	1	0	0	0.107	0.335	0.093	0.465	-0.049	0.475	-0.042	-0.271	0.837	"2"
"1986年"	1	0	0	0	0.107	0.335	0.093	0.465	0.97	-0.177	-0.042	-0.271	1.46	"1"
"2003年度"	0	0	0	1	0.107	0.335	0.093	0.465	-0.049	-0.177	-0.042	0.333	0.601	"4"
"348"	0	0	1	0	0.107	0.335	0.093	0.465	-0.049	-0.177	1.031	-0.271	1.528	"3"
"36"	1	0	0	0	0.107	0.335	0.093	0.465	0.97	-0.177	-0.042	-0.271	1.46	"1"
"450"	0	0	1	0	0.107	0.335	0.093	0.465	-0.049	-0.177	1.031	-0.271	1.528	"3"
"6月份"	0	0	1	0	0.107	0.335	0.093	0.465	-0.049	-0.177	1.031	-0.271	1.528	"3"
"891204"	0	0	0	1	0.107	0.335	0.093	0.465	-0.049	-0.177	-0.042	0.333	0.601	"4"
"891210"	0	0	0	1	0.107	0.335	0.093	0.465	-0.049	-0.177	-0.042	0.333	0.601	"4"
"900127"	0	1	0	0	0.107	0.335	0.093	0.465	-0.049	0.475	-0.042	-0.271	0.837	"2"
"CarolMartin"	0	1	0	0	0.107	0.335	0.093	0.465	-0.049	0.475	-0.042	-0.271	0.837	"2"
"F"	0	1	0	0	0.107	0.335	0.093	0.465	-0.049	0.475	-0.042	-0.271	0.837	"2"
"HOPE"	0	0	0	1	0.107	0.335	0.093	0.465	-0.049	-0.177	-0.042	0.333	0.601	"4"
"omeOwnership"	0	0	0	1	0.107	0.335	0.093	0.465	-0.049	-0.177	-0.042	0.333	0.601	"4"
"VincentOstrom"	0	1	0	0	0.107	0.335	0.093	0.465	-0.049	0.475	-0.042	-0.271	0.837	"2"
"一九九零年"	0	0	1	0	0.107	0.335	0.093	0.465	-0.049	-0.177	1.031	-0.271	1.528	"3"
"一九四一年"	1	0	0	0	0.107	0.335	0.093	0.465	0.97	-0.177	-0.042	-0.271	1.46	"1"
"一方面"	0	0	1	0	0.107	0.335	0.093	0.465	-0.049	-0.177	1.031	-0.271	1.528	"3"
"一生"	0	0	1	1	0.215	0.669	0.186	0.93	-0.099	-0.354	0.75	0.147	1.35	"3"
"一般"	0	1	0	0	0.107	0.335	0.093	0.465	-0.049	0.475	-0.042	-0.271	0.837	"2"
"一贯"	0	0	0	3	0.322	1.004	0.28	1.394	-0.148	-0.531	-0.127	0.998	1.804	"4"
"七十亿"	0	0	1	0	0.107	0.335	0.093	0.465	-0.049	-0.177	1.031	-0.271	1.528	"3"
"万辅彬"	0	0	1	0	0.107	0.335	0.093	0.465	-0.049	-0.177	1.031	-0.271	1.528	"3"
"三日电"	0	0	0	1	0.107	0.335	0.093	0.465	-0.049	-0.177	-0.042	0.333	0.601	"4"
"三民主义"	0	1	0	0	0.107	0.335	0.093	0.465	-0.049	0.475	-0.042	-0.271	0.837	"2"
"下一代"	0	0	0	3	0.322	1.004	0.28	1.394	-0.148	-0.531	-0.127	0.998	1.804	"4"
"不忘"	0	0	0	2	0.215	0.669	0.186	0.93	-0.099	-0.354	-0.085	0.665	1.203	"4"
"与"	1	1	0	26	3.003	9.372	2.609	13.015	-0.74	-3.777	-1.19	6.588	12.295	"4"
"与会"	0	2	0	0	0.215	0.669	0.186	0.93	-0.099	0.951	-0.085	-0.543	1.678	"2"
"专业"	3	0	0	2	0.536	1.674	0.466	2.324	1.981	-0.885	-0.212	-0.247	3.325	"1"
"专家"	1	16	0	0	1.824	5.69	1.584	7.902	-0.354	6.539	-0.722	-4.615	12.23	"2"
"专款"	0	0	0	1	0.107	0.335	0.093	0.465	-0.049	-0.177	-0.042	0.333	0.601	"4"
"专科"	1	1	0	2	0.429	1.339	0.373	1.859	0.438	-0.229	-0.17	0.199	1.036	"1"
"专论"	0	1	0	0	0.107	0.335	0.093	0.465	-0.049	0.475	-0.042	-0.271	0.837	"2"
"专题"	0	2	0	0	0.215	0.669	0.186	0.93	-0.099	0.951	-0.085	-0.543	1.678	"2"
"世界级"	0	0	0	1	0.107	0.335	0.093	0.465	-0.049	-0.177	-0.042	0.333	0.601	"4"
"丘才良"	0	0	1	0	0.107	0.335	0.093	0.465	-0.049	-0.177	1.031	-0.271	1.528	"3"
"丙中"	1	0	0	0	0.107	0.335	0.093	0.465	0.97	-0.177	-0.042	-0.271	1.46	"1"
"东亚"	0	1	1	0	0.215	0.669	0.186	0.93	-0.099	0.254	0.75	-0.543	1.646	"3"
"东京"	0	2	0	0	0.215	0.669	0.186	0.93	-0.099	0.951	-0.085	-0.543	1.678	"2"
"东吴"	1	1	0	0	0.215	0.669	0.186	0.93	0.692	0.254	-0.085	-0.543	1.574	"1"
"东海"	0	2	0	0	0.215	0.669	0.186	0.93	-0.099	0.951	-0.085	-0.543	1.678	"2"
"两性"	0	0	0	3	0.322	1.004	0.28	1.394	-0.148	-0.531	-0.127	0.998	1.804	"4"
"中兴"	0	1	0	0	0.107	0.335	0.093	0.465	-0.049	0.475	-0.042	-0.271	0.837	"2"
"中医"	1	1	0	0	0.215	0.669	0.186	0.93	0.692	0.254	-0.085	-0.543	1.574	"1"
"中医学院"	0	1	0	0	0.107	0.335	0.093	0.465	-0.049	0.475	-0.042	-0.271	0.837	"2"
"中医药"	0	1	0	0	0.107	0.335	0.093	0.465	-0.049	0.475	-0.042	-0.271	0.837	"2"
"中华"	0	0	0	4	0.429	1.339	0.373	1.859	-0.197	-0.708	-0.17	1.331	2.406	"4"
"中原"	1	2	0	0	0.322	1.004	0.28	1.394	0.54	0.583	-0.127	-0.814	2.064	"4"
"中国"	0	0	1	0	0.107	0.335	0.093	0.465	-0.049	-0.177	1.031	-0.271	1.528	"3"
"中国人"	0	0	1	0	0.107	0.335	0.093	0.465	-0.049	-0.177	1.031	-0.271	1.528	"3"
"中国社"	0	1	0	0	0.107	0.335	0.093	0.465	-0.049	0.475	-0.042	-0.271	0.837	"2"
"中大"	0	1	0	0	0.107	0.335	0.093	0.465	-0.049	0.475	-0.042	-0.271	0.837	"2"
"中学"	0	0	0	9	0.965	3.013	0.839	4.183	-0.443	-1.593	-0.382	2.994	5.412	"4"
"中小学"	0	0	0	3	0.322	1.004	0.28	1.394	-0.148	-0.531	-0.127	0.998	1.804	"4"
"中山"	1	0	0	0	0.107	0.335	0.093	0.465	0.97	-0.177	-0.042	-0.271	1.46	"1"
"中心"	1	10	0	3	1.502	4.686	1.305	6.507	-0.261	2.379	-0.595	-1.295	4.53	"2"
"中文"	2	1	0	2	0.536	1.674	0.466	2.324	1.035	-0.339	-0.212	-0.247	1.833	"1"
"中文系"	0	1	0	0	0.107	0.335	0.093	0.465	-0.049	0.475	-0.042	-0.271	0.837	"2"
"中正"	0	3	0	0	0.322	1.004	0.28	1.394	-0.148	1.426	-0.127	-0.814	2.515	"2"
"中法"	0	0	0	1	0.107	0.335	0.093	0.465	-0.049	-0.177	-0.042	0.333	0.601	"4"
"中研院"	0	1	0	0	0.107	0.335	0.093	0.465	-0.049	0.475	-0.042	-0.271	0.837	"2"
"中等"	0	0	0	3	0.322	1.004	0.28	1.394	-0.148	-0.531	-0.127	0.998	1.804	"4"
"中等人"	1	0	0	0	0.107	0.335	0.093	0.465	0.97	-0.177	-0.042	-0.271	1.46	"1"
"临床"	0	2	0	0	0.215	0.669	0.186	0.93	-0.099	0.951	-0.085	-0.543	1.678	"2"
"丹麦语"	0	0	1	0	0.107	0.335	0.093	0.465	-0.049	-0.177	1.031	-0.271	1.528	"3"
"主任"	1	4	0	0	0.536	1.674	0.466	2.324	0.364	1.338	-0.212	-1.357	3.271	"4"
"主办"	0	0	1	2	0.322	1.004	0.28	1.394	-0.148	-0.531	0.595	0.349	1.623	"3"
"主席"	1	1	2	0	0.429	1.339	0.373	1.859	0.438	-0.229	1.339	-1.086	3.092	"3"
"主持"	0	3	0	0	0.322	1.004	0.28	1.394	-0.148	1.426	-0.127	-0.814	2.515	"2"
"主管"	0	0	0	2	0.215	0.669	0.186	0.93	-0.099	-0.354	-0.085	0.665	1.203	"4"
"主讲"	0	2	0	0	0.215	0.669	0.186	0.93	-0.099	0.951	-0.085	-0.543	1.678	"2"
"义"	0	0	1	0	0.107	0.335	0.093	0.465	-0.049	-0.177	1.031	-0.271	1.528	"3"
"义守"	1	0	0	0	0.107	0.335	0.093	0.465	0.97	-0.177	-0.042	-0.271	1.46	"1"
"义诊"	0	1	0	0	0.107	0.335	0.093	0.465	-0.049	0.475	-0.042	-0.271	0.837	"2"
"九亿二千九百八十六万八千"	0	0	0	1	0.107	0.335	0.093	0.465	-0.049	-0.177	-0.042	0.333	0.601	"4"
"九十"	0	0	0	2	0.215	0.669	0.186	0.93	-0.099	-0.354	-0.085	0.665	1.203	"4"
"九十学年"	0	0	0	1	0.107	0.335	0.093	0.465	-0.049	-0.177	-0.042	0.333	0.601	"4"
"九时"	0	0	0	6	0.644	2.008	0.559	2.789	-0.296	-1.062	-0.255	1.996	3.609	"4"
"买房"	0	0	0	1	0.107	0.335	0.093	0.465	-0.049	-0.177	-0.042	0.333	0.601	"4"
"了无"	0	0	0	1	0.107	0.335	0.093	0.465	-0.049	-0.177	-0.042	0.333	0.601	"4"
"事业"	1	0	0	0	0.107	0.335	0.093	0.465	0.97	-0.177	-0.042	-0.271	1.46	"1"
"二十一世纪"	1	0	0	0	0.107	0.335	0.093	0.465	0.97	-0.177	-0.042	-0.271	1.46	"1"
"二十九亿多"	0	0	0	1	0.107	0.335	0.093	0.465	-0.049	-0.177	-0.042	0.333	0.601	"4"
"二十分"	0	0	0	1	0.107	0.335	0.093	0.465	-0.049	-0.177	-0.042	0.333	0.601	"4"
"二千五百六十六"	0	0	0	1	0.107	0.335	0.093	0.465	-0.049	-0.177	-0.042	0.333	0.601	"4"
"二氧化碳"	0	1	0	0	0.107	0.335	0.093	0.465	-0.049	0.475	-0.042	-0.271	0.837	"2"
"二百零一亿"	0	0	0	1	0.107	0.335	0.093	0.465	-0.049	-0.177	-0.042	0.333	0.601	"4"
"互"	0	0	0	1	0.107	0.335	0.093	0.465	-0.049	-0.177	-0.042	0.333	0.601	"4"
"亲王"	0	1	0	0	0.107	0.335	0.093	0.465	-0.049	0.475	-0.042	-0.271	0.837	"2"
"人人"	0	0	0	1	0.107	0.335	0.093	0.465	-0.049	-0.177	-0.042	0.333	0.601	"4"
"人力"	0	0	0	2	0.215	0.669	0.186	0.93	-0.099	-0.354	-0.085	0.665	1.203	"4"
"人才"	1	0	0	0	0.107	0.335	0.093	0.465	0.97	-0.177	-0.042	-0.271	1.46	"1"
"人文"	1	1	0	1	0.322	1.004	0.28	1.394	0.54	-0.131	-0.127	-0.258	1.056	"1"
"人本"	0	0	0	1	0.107	0.335	0.093	0.465	-0.049	-0.177	-0.042	0.333	0.601	"4"
"人权"	0	0	0	8	0.858	2.678	0.746	3.719	-0.394	-1.416	-0.34	2.662	4.812	"4"
"人杰"	0	1	0	0	0.107	0.335	0.093	0.465	-0.049	0.475	-0.042	-0.271	0.837	"2"
"人格"	0	0	0	1	0.107	0.335	0.093	0.465	-0.049	-0.177	-0.042	0.333	0.601	"4"
"人物画"	0	0	1	0	0.107	0.335	0.093	0.465	-0.049	-0.177	1.031	-0.271	1.528	"3"
"人生"	0	0	0	1	0.107	0.335	0.093	0.465	-0.049	-0.177	-0.042	0.333	0.601	"4"
"仅次于"	0	0	0	1	0.107	0.335	0.093	0.465	-0.049	-0.177	-0.042	0.333	0.601	"4"
"介绍"	0	5	1	0	0.644	2.008	0.559	2.789	-0.296	1.74	0.353	-1.629	4.018	"2"
"从事"	0	0	0	1	0.107	0.335	0.093	0.465	-0.049	-0.177	-0.042	0.333	0.601	"4"
"从小"	0	0	0	2	0.215	0.669	0.186	0.93	-0.099	-0.354	-0.085	0.665	1.203	"4"
"代"	0	0	0	1	0.107	0.335	0.093	0.465	-0.049	-0.177	-0.042	0.333	0.601	"4"
"任"	0	3	0	0	0.322	1.004	0.28	1.394	-0.148	1.426	-0.127	-0.814	2.515	"2"
"任用"	0	0	0	1	0.107	0.335	0.093	0.465	-0.049	-0.177	-0.042	0.333	0.601	"4"
"任由"	1	0	0	0	0.107	0.335	0.093	0.465	0.97	-0.177	-0.042	-0.271	1.46	"1"
"企业系"	0	1	0	0	0.107	0.335	0.093	0.465	-0.049	0.475	-0.042	-0.271	0.837	"2"
"伉俪"	0	0	3	0	0.322	1.004	0.28	1.394	-0.148	-0.531	3.092	-0.814	4.585	"3"
"休闲"	0	0	0	3	0.322	1.004	0.28	1.394	-0.148	-0.531	-0.127	0.998	1.804	"4"
"优质"	0	0	0	1	0.107	0.335	0.093	0.465	-0.049	-0.177	-0.042	0.333	0.601	"4"
"会"	0	0	1	4	0.536	1.674	0.466	2.324	-0.246	-0.885	0.412	0.834	2.377	"2"
"会长"	0	1	0	0	0.107	0.335	0.093	0.465	-0.049	0.475	-0.042	-0.271	0.837	"2"
"传承"	0	0	0	1	0.107	0.335	0.093	0.465	-0.049	-0.177	-0.042	0.333	0.601	"4"
"传播"	0	0	0	2	0.215	0.669	0.186	0.93	-0.099	-0.354	-0.085	0.665	1.203	"4"
"传染病"	0	1	0	0	0.107	0.335	0.093	0.465	-0.049	0.475	-0.042	-0.271	0.837	"2"
"传达"	0	0	0	1	0.107	0.335	0.093	0.465	-0.049	-0.177	-0.042	0.333	0.601	"4"
"伦理"	0	0	0	1	0.107	0.335	0.093	0.465	-0.049	-0.177	-0.042	0.333	0.601	"4"
"伯纳"	1	0	0	0	0.107	0.335	0.093	0.465	0.97	-0.177	-0.042	-0.271	1.46	"1"
"估计线"	0	0	1	0	0.107	0.335	0.093	0.465	-0.049	-0.177	1.031	-0.271	1.528	"3"
"位"	1	8	6	1	1.716	5.356	1.491	7.437	-0.323	0.889	2.639	-3.171	7.022	"4"
"低收入"	0	0	0	1	0.107	0.335	0.093	0.465	-0.049	-0.177	-0.042	0.333	0.601	"4"
"体制"	0	0	0	3	0.322	1.004	0.28	1.394	-0.148	-0.531	-0.127	0.998	1.804	"4"
"体法"	0	0	0	1	0.107	0.335	0.093	0.465	-0.049	-0.177	-0.042	0.333	0.601	"4"
"体系"	1	0	0	6	0.751	2.343	0.652	3.254	0.261	-1.239	-0.297	1.372	3.169	"4"
"体育系"	0	0	1	0	0.107	0.335	0.093	0.465	-0.049	-0.177	1.031	-0.271	1.528	"3"
"何仲山"	0	1	0	0	0.107	0.335	0.093	0.465	-0.049	0.475	-0.042	-0.271	0.837	"2"
"何赖杰"	1	0	0	0	0.107	0.335	0.093	0.465	0.97	-0.177	-0.042	-0.271	1.46	"1"
"余振慈"	0	1	0	0	0.107	0.335	0.093	0.465	-0.049	0.475	-0.042	-0.271	0.837	"2"
"佛教"	0	0	2	0	0.215	0.669	0.186	0.93	-0.099	-0.354	2.061	-0.543	3.057	"3"
"佛罗伦萨"	0	1	0	0	0.107	0.335	0.093	0.465	-0.049	0.475	-0.042	-0.271	0.837	"2"
"作品展"	0	0	1	0	0.107	0.335	0.093	0.465	-0.049	-0.177	1.031	-0.271	1.528	"3"
"促请"	0	0	0	1	0.107	0.335	0.093	0.465	-0.049	-0.177	-0.042	0.333	0.601	"4"
"保健"	0	0	0	2	0.215	0.669	0.186	0.93	-0.099	-0.354	-0.085	0.665	1.203	"4"
"保育"	0	0	0	3	0.322	1.004	0.28	1.394	-0.148	-0.531	-0.127	0.998	1.804	"4"
"保障"	0	0	0	4	0.429	1.339	0.373	1.859	-0.197	-0.708	-0.17	1.331	2.406	"4"
"俞可平"	0	1	0	0	0.107	0.335	0.093	0.465	-0.049	0.475	-0.042	-0.271	0.837	"2"
"信仰"	0	0	0	1	0.107	0.335	0.093	0.465	-0.049	-0.177	-0.042	0.333	0.601	"4"
"修习"	0	0	0	1	0.107	0.335	0.093	0.465	-0.049	-0.177	-0.042	0.333	0.601	"4"
"修读"	1	0	0	0	0.107	0.335	0.093	0.465	0.97	-0.177	-0.042	-0.271	1.46	"1"
"倾向"	0	0	0	1	0.107	0.335	0.093	0.465	-0.049	-0.177	-0.042	0.333	0.601	"4"
"假制"	0	0	0	1	0.107	0.335	0.093	0.465	-0.049	-0.177	-0.042	0.333	0.601	"4"
"偏差"	0	0	0	1	0.107	0.335	0.093	0.465	-0.049	-0.177	-0.042	0.333	0.601	"4"
"偏爱"	0	0	1	0	0.107	0.335	0.093	0.465	-0.049	-0.177	1.031	-0.271	1.528	"3"
"偏重"	0	0	0	1	0.107	0.335	0.093	0.465	-0.049	-0.177	-0.042	0.333	0.601	"4"
"做为"	0	0	0	2	0.215	0.669	0.186	0.93	-0.099	-0.354	-0.085	0.665	1.203	"4"
"健保"	0	0	0	1	0.107	0.335	0.093	0.465	-0.049	-0.177	-0.042	0.333	0.601	"4"
"偷"	0	0	0	1	0.107	0.335	0.093	0.465	-0.049	-0.177	-0.042	0.333	0.601	"4"
"傅世"	0	1	0	0	0.107	0.335	0.093	0.465	-0.049	0.475	-0.042	-0.271	0.837	"2"
"傅寿全"	0	0	1	0	0.107	0.335	0.093	0.465	-0.049	-0.177	1.031	-0.271	1.528	"3"
"儿童"	0	1	0	2	0.322	1.004	0.28	1.394	-0.148	-0.131	-0.127	0.349	0.755	"4"
"儿童宫"	0	0	0	1	0.107	0.335	0.093	0.465	-0.049	-0.177	-0.042	0.333	0.601	"4"
"充当"	0	1	0	0	0.107	0.335	0.093	0.465	-0.049	0.475	-0.042	-0.271	0.837	"2"
"兆麟"	0	1	0	0	0.107	0.335	0.093	0.465	-0.049	0.475	-0.042	-0.271	0.837	"2"
"先驱"	0	0	1	0	0.107	0.335	0.093	0.465	-0.049	-0.177	1.031	-0.271	1.528	"3"
"光怪陆离"	0	0	0	1	0.107	0.335	0.093	0.465	-0.049	-0.177	-0.042	0.333	0.601	"4"
"党校"	0	1	0	0	0.107	0.335	0.093	0.465	-0.049	0.475	-0.042	-0.271	0.837	"2"
"入学"	1	0	0	0	0.107	0.335	0.093	0.465	0.97	-0.177	-0.042	-0.271	1.46	"1"
"入学率"	0	0	0	1	0.107	0.335	0.093	0.465	-0.049	-0.177	-0.042	0.333	0.601	"4"
"全国性"	0	0	0	1	0.107	0.335	0.093	0.465	-0.049	-0.177	-0.042	0.333	0.601	"4"
"全民"	0	0	0	1	0.107	0.335	0.093	0.465	-0.049	-0.177	-0.042	0.333	0.601	"4"
"全球化"	0	0	0	4	0.429	1.339	0.373	1.859	-0.197	-0.708	-0.17	1.331	2.406	"4"
"公众"	0	0	0	5	0.536	1.674	0.466	2.324	-0.246	-0.885	-0.212	1.664	3.007	"4"
"公共"	1	3	0	0	0.429	1.339	0.373	1.859	0.438	0.949	-0.17	-1.086	2.643	"4"
"公听会"	0	0	0	1	0.107	0.335	0.093	0.465	-0.049	-0.177	-0.042	0.333	0.601	"4"
"公文式"	0	0	0	1	0.107	0.335	0.093	0.465	-0.049	-0.177	-0.042	0.333	0.601	"4"
"公益"	0	0	0	1	0.107	0.335	0.093	0.465	-0.049	-0.177	-0.042	0.333	0.601	"4"
"公私立"	0	0	0	1	0.107	0.335	0.093	0.465	-0.049	-0.177	-0.042	0.333	0.601	"4"
"公立"	0	0	0	1	0.107	0.335	0.093	0.465	-0.049	-0.177	-0.042	0.333	0.601	"4"
"共党"	0	0	0	2	0.215	0.669	0.186	0.93	-0.099	-0.354	-0.085	0.665	1.203	"4"
"共军表"	0	0	0	1	0.107	0.335	0.093	0.465	-0.049	-0.177	-0.042	0.333	0.601	"4"
"共同点"	0	0	0	2	0.215	0.669	0.186	0.93	-0.099	-0.354	-0.085	0.665	1.203	"4"
"共管"	0	1	0	0	0.107	0.335	0.093	0.465	-0.049	0.475	-0.042	-0.271	0.837	"2"
"关东"	1	0	0	0	0.107	0.335	0.093	0.465	0.97	-0.177	-0.042	-0.271	1.46	"1"
"关幼波"	0	2	0	0	0.215	0.669	0.186	0.93	-0.099	0.951	-0.085	-0.543	1.678	"2"
"关心"	0	0	0	1	0.107	0.335	0.093	0.465	-0.049	-0.177	-0.042	0.333	0.601	"4"
"关系学系"	1	0	0	0	0.107	0.335	0.093	0.465	0.97	-0.177	-0.042	-0.271	1.46	"1"
"关系学院"	0	1	0	0	0.107	0.335	0.093	0.465	-0.049	0.475	-0.042	-0.271	0.837	"2"
"兴"	0	1	0	0	0.107	0.335	0.093	0.465	-0.049	0.475	-0.042	-0.271	0.837	"2"
"兴平"	0	1	0	0	0.107	0.335	0.093	0.465	-0.049	0.475	-0.042	-0.271	0.837	"2"
"兴雅"	0	0	0	1	0.107	0.335	0.093	0.465	-0.049	-0.177	-0.042	0.333	0.601	"4"
"具"	0	0	0	4	0.429	1.339	0.373	1.859	-0.197	-0.708	-0.17	1.331	2.406	"4"
"具有"	0	0	0	1	0.107	0.335	0.093	0.465	-0.049	-0.177	-0.042	0.333	0.601	"4"
"养出"	0	0	0	1	0.107	0.335	0.093	0.465	-0.049	-0.177	-0.042	0.333	0.601	"4"
"兼职"	0	0	0	1	0.107	0.335	0.093	0.465	-0.049	-0.177	-0.042	0.333	0.601	"4"
"兼顾"	0	0	0	1	0.107	0.335	0.093	0.465	-0.049	-0.177	-0.042	0.333	0.601	"4"
"内涵"	0	0	0	1	0.107	0.335	0.093	0.465	-0.049	-0.177	-0.042	0.333	0.601	"4"
"内科"	0	1	0	0	0.107	0.335	0.093	0.465	-0.049	0.475	-0.042	-0.271	0.837	"2"
"军训处"	0	0	0	1	0.107	0.335	0.093	0.465	-0.049	-0.177	-0.042	0.333	0.601	"4"
"农林"	0	1	0	0	0.107	0.335	0.093	0.465	-0.049	0.475	-0.042	-0.271	0.837	"2"
"冠以"	0	0	0	1	0.107	0.335	0.093	0.465	-0.049	-0.177	-0.042	0.333	0.601	"4"
"冠状"	0	1	0	0	0.107	0.335	0.093	0.465	-0.049	0.475	-0.042	-0.271	0.837	"2"
"冯英鹏"	0	0	1	0	0.107	0.335	0.093	0.465	-0.049	-0.177	1.031	-0.271	1.528	"3"
"准许"	0	0	1	0	0.107	0.335	0.093	0.465	-0.049	-0.177	1.031	-0.271	1.528	"3"
"凌永健"	0	1	0	0	0.107	0.335	0.093	0.465	-0.049	0.475	-0.042	-0.271	0.837	"2"
"减税"	0	0	0	1	0.107	0.335	0.093	0.465	-0.049	-0.177	-0.042	0.333	0.601	"4"
"出任"	0	1	0	0	0.107	0.335	0.093	0.465	-0.049	0.475	-0.042	-0.271	0.837	"2"
"出土"	0	0	1	0	0.107	0.335	0.093	0.465	-0.049	-0.177	1.031	-0.271	1.528	"3"
"分"	0	0	0	1	0.107	0.335	0.093	0.465	-0.049	-0.177	-0.042	0.333	0.601	"4"
"分享"	0	0	0	1	0.107	0.335	0.093	0.465	-0.049	-0.177	-0.042	0.333	0.601	"4"
"分析"	0	1	0	0	0.107	0.335	0.093	0.465	-0.049	0.475	-0.042	-0.271	0.837	"2"
"分派"	0	0	0	1	0.107	0.335	0.093	0.465	-0.049	-0.177	-0.042	0.333	0.601	"4"
"分配"	0	0	0	4	0.429	1.339	0.373	1.859	-0.197	-0.708	-0.17	1.331	2.406	"4"
"分院"	0	2	1	0	0.322	1.004	0.28	1.394	-0.148	0.583	0.595	-0.814	2.14	"4"
"切入"	0	0	0	1	0.107	0.335	0.093	0.465	-0.049	-0.177	-0.042	0.333	0.601	"4"
"列为"	0	0	0	2	0.215	0.669	0.186	0.93	-0.099	-0.354	-0.085	0.665	1.203	"4"
"列举"	0	1	0	0	0.107	0.335	0.093	0.465	-0.049	0.475	-0.042	-0.271	0.837	"2"
"刘"	0	0	0	1	0.107	0.335	0.093	0.465	-0.049	-0.177	-0.042	0.333	0.601	"4"
"刘惠琴"	0	1	0	0	0.107	0.335	0.093	0.465	-0.049	0.475	-0.042	-0.271	0.837	"2"
"刘涛"	0	1	0	0	0.107	0.335	0.093	0.465	-0.049	0.475	-0.042	-0.271	0.837	"2"
"刘良"	0	1	0	0	0.107	0.335	0.093	0.465	-0.049	0.475	-0.042	-0.271	0.837	"2"
"刘迎胜"	0	1	0	0	0.107	0.335	0.093	0.465	-0.049	0.475	-0.042	-0.271	0.837	"2"
"刘铭龙"	0	1	0	0	0.107	0.335	0.093	0.465	-0.049	0.475	-0.042	-0.271	0.837	"2"
"刘银坤"	0	1	0	0	0.107	0.335	0.093	0.465	-0.049	0.475	-0.042	-0.271	0.837	"2"
"则"	3	3	3	0	0.965	3.013	0.839	4.183	1.199	-0.189	1.354	-2.443	5.185	"4"
"创伤"	1	0	0	0	0.107	0.335	0.093	0.465	0.97	-0.177	-0.042	-0.271	1.46	"1"
"创办"	0	2	0	1	0.322	1.004	0.28	1.394	-0.148	0.583	-0.127	-0.258	1.116	"2"
"制度"	0	0	0	5	0.536	1.674	0.466	2.324	-0.246	-0.885	-0.212	1.664	3.007	"4"
"制订"	0	0	0	1	0.107	0.335	0.093	0.465	-0.049	-0.177	-0.042	0.333	0.601	"4"
"前来"	0	1	0	1	0.215	0.669	0.186	0.93	-0.099	0.254	-0.085	0.147	0.585	"2"
"前途"	0	0	0	1	0.107	0.335	0.093	0.465	-0.049	-0.177	-0.042	0.333	0.601	"4"
"前院长"	0	1	0	0	0.107	0.335	0.093	0.465	-0.049	0.475	-0.042	-0.271	0.837	"2"
"剑桥"	0	0	1	0	0.107	0.335	0.093	0.465	-0.049	-0.177	1.031	-0.271	1.528	"3"
"剖析"	0	0	0	1	0.107	0.335	0.093	0.465	-0.049	-0.177	-0.042	0.333	0.601	"4"
"剧作家"	0	1	0	0	0.107	0.335	0.093	0.465	-0.049	0.475	-0.042	-0.271	0.837	"2"
"副"	0	1	0	0	0.107	0.335	0.093	0.465	-0.049	0.475	-0.042	-0.271	0.837	"2"
"副会长"	0	1	0	0	0.107	0.335	0.093	0.465	-0.049	0.475	-0.042	-0.271	0.837	"2"
"副教授"	1	3	0	0	0.429	1.339	0.373	1.859	0.438	0.949	-0.17	-1.086	2.643	"4"
"副校长"	0	1	0	0	0.107	0.335	0.093	0.465	-0.049	0.475	-0.042	-0.271	0.837	"2"
"副院长"	0	1	0	0	0.107	0.335	0.093	0.465	-0.049	0.475	-0.042	-0.271	0.837	"2"
"办"	0	0	0	1	0.107	0.335	0.093	0.465	-0.049	-0.177	-0.042	0.333	0.601	"4"
"功能"	0	0	0	2	0.215	0.669	0.186	0.93	-0.099	-0.354	-0.085	0.665	1.203	"4"
"加州"	0	1	0	0	0.107	0.335	0.093	0.465	-0.049	0.475	-0.042	-0.271	0.837	"2"
"加强"	0	0	0	5	0.536	1.674	0.466	2.324	-0.246	-0.885	-0.212	1.664	3.007	"4"
"动物学"	0	1	0	0	0.107	0.335	0.093	0.465	-0.049	0.475	-0.042	-0.271	0.837	"2"
"助学金"	0	0	1	0	0.107	0.335	0.093	0.465	-0.049	-0.177	1.031	-0.271	1.528	"3"
"助理"	2	1	0	0	0.322	1.004	0.28	1.394	1.494	-0.131	-0.127	-0.814	2.566	"1"
"北医"	0	1	0	0	0.107	0.335	0.093	0.465	-0.049	0.475	-0.042	-0.271	0.837	"2"
"北市"	0	0	0	1	0.107	0.335	0.093	0.465	-0.049	-0.177	-0.042	0.333	0.601	"4"
"北市立"	0	2	0	0	0.215	0.669	0.186	0.93	-0.099	0.951	-0.085	-0.543	1.678	"2"
"医"	0	2	0	0	0.215	0.669	0.186	0.93	-0.099	0.951	-0.085	-0.543	1.678	"2"
"医学"	0	2	0	1	0.322	1.004	0.28	1.394	-0.148	0.583	-0.127	-0.258	1.116	"2"
"医学会"	0	0	1	0	0.107	0.335	0.093	0.465	-0.049	-0.177	1.031	-0.271	1.528	"3"
"医学院"	0	4	0	0	0.429	1.339	0.373	1.859	-0.197	1.901	-0.17	-1.086	3.354	"2"
"医师"	0	1	0	0	0.107	0.335	0.093	0.465	-0.049	0.475	-0.042	-0.271	0.837	"2"
"医生"	0	1	2	0	0.322	1.004	0.28	1.394	-0.148	-0.131	1.612	-0.814	2.705	"3"
"医疗"	1	0	0	7	0.858	2.678	0.746	3.719	0.224	-1.416	-0.34	1.653	3.633	"4"
"医科"	1	4	0	0	0.536	1.674	0.466	2.324	0.364	1.338	-0.212	-1.357	3.271	"4"
"医药"	1	0	0	3	0.429	1.339	0.373	1.859	0.438	-0.708	-0.17	0.582	1.898	"2"
"医院"	0	7	0	0	0.751	2.343	0.652	3.254	-0.345	3.327	-0.297	-1.9	5.869	"2"
"匿名"	0	0	0	1	0.107	0.335	0.093	0.465	-0.049	-0.177	-0.042	0.333	0.601	"4"
"十年树木"	0	0	1	0	0.107	0.335	0.093	0.465	-0.049	-0.177	1.031	-0.271	1.528	"3"
"千字文"	0	0	1	0	0.107	0.335	0.093	0.465	-0.049	-0.177	1.031	-0.271	1.528	"3"
"升学率"	0	0	0	1	0.107	0.335	0.093	0.465	-0.049	-0.177	-0.042	0.333	0.601	"4"
"华东"	0	1	0	0	0.107	0.335	0.093	0.465	-0.049	0.475	-0.042	-0.271	0.837	"2"
"华人"	0	0	0	1	0.107	0.335	0.093	0.465	-0.049	-0.177	-0.042	0.333	0.601	"4"
"华小"	0	0	0	2	0.215	0.669	0.186	0.93	-0.099	-0.354	-0.085	0.665	1.203	"4"
"华文"	0	0	0	17	1.824	5.69	1.584	7.902	-0.838	-3.009	-0.722	5.656	10.225	"4"
"华校"	0	0	0	2	0.215	0.669	0.186	0.93	-0.099	-0.354	-0.085	0.665	1.203	"4"
"华社"	0	0	0	2	0.215	0.669	0.186	0.93	-0.099	-0.354	-0.085	0.665	1.203	"4"
"华裔"	0	0	0	1	0.107	0.335	0.093	0.465	-0.049	-0.177	-0.042	0.333	0.601	"4"
"华裔馆"	0	0	1	0	0.107	0.335	0.093	0.465	-0.049	-0.177	1.031	-0.271	1.528	"3"
"华西"	0	1	0	0	0.107	0.335	0.093	0.465	-0.049	0.475	-0.042	-0.271	0.837	"2"
"华视"	0	1	0	0	0.107	0.335	0.093	0.465	-0.049	0.475	-0.042	-0.271	0.837	"2"
"华诞"	0	1	0	0	0.107	0.335	0.093	0.465	-0.049	0.475	-0.042	-0.271	0.837	"2"
"华语"	0	0	0	1	0.107	0.335	0.093	0.465	-0.049	-0.177	-0.042	0.333	0.601	"4"
"协会"	0	0	3	1	0.429	1.339	0.373	1.859	-0.197	-0.708	2.521	-0.435	3.861	"3"
"协办"	0	0	0	1	0.107	0.335	0.093	0.465	-0.049	-0.177	-0.042	0.333	0.601	"4"
"协和"	0	1	0	0	0.107	0.335	0.093	0.465	-0.049	0.475	-0.042	-0.271	0.837	"2"
"单元"	0	0	0	2	0.215	0.669	0.186	0.93	-0.099	-0.354	-0.085	0.665	1.203	"4"
"南"	1	3	1	0	0.536	1.674	0.466	2.324	0.364	0.674	0.412	-1.357	2.807	"4"
"南京"	0	1	0	0	0.107	0.335	0.093	0.465	-0.049	0.475	-0.042	-0.271	0.837	"2"
"南加州"	1	0	0	0	0.107	0.335	0.093	0.465	0.97	-0.177	-0.042	-0.271	1.46	"1"
"南大"	0	9	0	2	1.18	3.682	1.025	5.113	-0.542	2.848	-0.467	-1.27	5.127	"2"
"南开"	0	1	0	0	0.107	0.335	0.093	0.465	-0.049	0.475	-0.042	-0.271	0.837	"2"
"南洋"	1	4	0	1	0.644	2.008	0.559	2.789	0.306	0.993	-0.255	-0.836	2.39	"2"
"博"	0	1	0	0	0.107	0.335	0.093	0.465	-0.049	0.475	-0.042	-0.271	0.837	"2"
"博士"	1	5	0	0	0.644	2.008	0.559	2.789	0.306	1.74	-0.255	-1.629	3.93	"2"
"卡尔"	0	1	0	0	0.107	0.335	0.093	0.465	-0.049	0.475	-0.042	-0.271	0.837	"2"
"卡尔佐拉尼"	0	1	0	0	0.107	0.335	0.093	0.465	-0.049	0.475	-0.042	-0.271	0.837	"2"
"卡尔斯"	1	0	0	0	0.107	0.335	0.093	0.465	0.97	-0.177	-0.042	-0.271	1.46	"1"
"卡罗林斯卡"	0	0	1	0	0.107	0.335	0.093	0.465	-0.049	-0.177	1.031	-0.271	1.528	"3"
"卡罗马丁"	0	1	0	0	0.107	0.335	0.093	0.465	-0.049	0.475	-0.042	-0.271	0.837	"2"
"卢荻"	1	0	0	0	0.107	0.335	0.093	0.465	0.97	-0.177	-0.042	-0.271	1.46	"1"
"卫星网"	0	0	0	1	0.107	0.335	0.093	0.465	-0.049	-0.177	-0.042	0.333	0.601	"4"
"卫环两"	0	0	0	1	0.107	0.335	0.093	0.465	-0.049	-0.177	-0.042	0.333	0.601	"4"
"卫生"	0	1	0	0	0.107	0.335	0.093	0.465	-0.049	0.475	-0.042	-0.271	0.837	"2"
"卫生学院"	0	1	0	0	0.107	0.335	0.093	0.465	-0.049	0.475	-0.042	-0.271	0.837	"2"
"卫生部"	0	3	0	1	0.429	1.339	0.373	1.859	-0.197	0.949	-0.17	-0.435	1.751	"2"
"历"	0	0	0	1	0.107	0.335	0.093	0.465	-0.049	-0.177	-0.042	0.333	0.601	"4"
"历史系"	0	2	0	0	0.215	0.669	0.186	0.93	-0.099	0.951	-0.085	-0.543	1.678	"2"
"原住民"	0	1	0	1	0.215	0.669	0.186	0.93	-0.099	0.254	-0.085	0.147	0.585	"2"
"原有"	0	0	0	1	0.107	0.335	0.093	0.465	-0.049	-0.177	-0.042	0.333	0.601	"4"
"原科院"	0	1	0	0	0.107	0.335	0.093	0.465	-0.049	0.475	-0.042	-0.271	0.837	"2"
"县市"	0	0	0	1	0.107	0.335	0.093	0.465	-0.049	-0.177	-0.042	0.333	0.601	"4"
"参加"	0	0	0	1	0.107	0.335	0.093	0.465	-0.049	-0.177	-0.042	0.333	0.601	"4"
"及"	1	1	0	20	2.36	7.364	2.05	10.226	-0.523	-2.812	-0.935	4.798	9.068	"4"
"双语"	0	0	0	3	0.322	1.004	0.28	1.394	-0.148	-0.531	-0.127	0.998	1.804	"4"
"双重"	0	1	0	1	0.215	0.669	0.186	0.93	-0.099	0.254	-0.085	0.147	0.585	"2"
"反观"	0	0	0	1	0.107	0.335	0.093	0.465	-0.049	-0.177	-0.042	0.333	0.601	"4"
"反驳"	0	1	0	0	0.107	0.335	0.093	0.465	-0.049	0.475	-0.042	-0.271	0.837	"2"
"发售"	0	0	0	1	0.107	0.335	0.093	0.465	-0.049	-0.177	-0.042	0.333	0.601	"4"
"发文"	0	0	0	1	0.107	0.335	0.093	0.465	-0.049	-0.177	-0.042	0.333	0.601	"4"
"发誓"	0	1	0	0	0.107	0.335	0.093	0.465	-0.049	0.475	-0.042	-0.271	0.837	"2"
"受"	1	0	0	13	1.502	4.686	1.305	6.507	-0.261	-2.478	-0.595	3.425	6.759	"4"
"受访"	0	1	0	0	0.107	0.335	0.093	0.465	-0.049	0.475	-0.042	-0.271	0.837	"2"
"变质"	0	0	0	1	0.107	0.335	0.093	0.465	-0.049	-0.177	-0.042	0.333	0.601	"4"
"变革"	0	0	0	1	0.107	0.335	0.093	0.465	-0.049	-0.177	-0.042	0.333	0.601	"4"
"古柏"	1	0	0	0	0.107	0.335	0.093	0.465	0.97	-0.177	-0.042	-0.271	1.46	"1"
"召集人"	0	2	1	1	0.429	1.339	0.373	1.859	-0.197	0.387	0.49	-0.435	1.509	"3"
"台东市"	0	1	0	0	0.107	0.335	0.093	0.465	-0.049	0.475	-0.042	-0.271	0.837	"2"
"台大"	0	14	0	0	1.502	4.686	1.305	6.507	-0.69	6.654	-0.595	-3.801	11.74	"2"
"台湾"	5	7	4	0	1.716	5.356	1.491	7.437	1.648	0.574	1.258	-4.344	7.824	"4"
"台湾工"	0	0	1	0	0.107	0.335	0.093	0.465	-0.049	-0.177	1.031	-0.271	1.528	"3"
"史实"	0	0	0	1	0.107	0.335	0.093	0.465	-0.049	-0.177	-0.042	0.333	0.601	"4"
"右脑"	0	0	2	0	0.215	0.669	0.186	0.93	-0.099	-0.354	2.061	-0.543	3.057	"3"
"叶"	0	0	1	0	0.107	0.335	0.093	0.465	-0.049	-0.177	1.031	-0.271	1.528	"3"
"叶欣诚"	1	0	0	0	0.107	0.335	0.093	0.465	0.97	-0.177	-0.042	-0.271	1.46	"1"
"各级"	0	0	0	2	0.215	0.669	0.186	0.93	-0.099	-0.354	-0.085	0.665	1.203	"4"
"同事"	1	0	0	0	0.107	0.335	0.093	0.465	0.97	-0.177	-0.042	-0.271	1.46	"1"
"同济"	0	2	0	0	0.215	0.669	0.186	0.93	-0.099	0.951	-0.085	-0.543	1.678	"2"
"同等"	0	0	1	0	0.107	0.335	0.093	0.465	-0.049	-0.177	1.031	-0.271	1.528	"3"
"名誉"	1	2	0	0	0.322	1.004	0.28	1.394	0.54	0.583	-0.127	-0.814	2.064	"4"
"名辞"	0	0	0	1	0.107	0.335	0.093	0.465	-0.049	-0.177	-0.042	0.333	0.601	"4"
"向"	0	0	0	1	0.107	0.335	0.093	0.465	-0.049	-0.177	-0.042	0.333	0.601	"4"
"吕型伟"	0	0	0	1	0.107	0.335	0.093	0.465	-0.049	-0.177	-0.042	0.333	0.601	"4"
"吕秋云"	0	1	0	0	0.107	0.335	0.093	0.465	-0.049	0.475	-0.042	-0.271	0.837	"2"
"启功"	0	1	0	0	0.107	0.335	0.093	0.465	-0.049	0.475	-0.042	-0.271	0.837	"2"
"启发"	0	0	0	1	0.107	0.335	0.093	0.465	-0.049	-0.177	-0.042	0.333	0.601	"4"
"吴之明"	0	1	0	0	0.107	0.335	0.093	0.465	-0.049	0.475	-0.042	-0.271	0.837	"2"
"吴作栋"	0	0	0	1	0.107	0.335	0.093	0.465	-0.049	-0.177	-0.042	0.333	0.601	"4"
"吴展良"	0	1	0	0	0.107	0.335	0.093	0.465	-0.049	0.475	-0.042	-0.271	0.837	"2"
"吴志"	1	0	0	0	0.107	0.335	0.093	0.465	0.97	-0.177	-0.042	-0.271	1.46	"1"
"吴振强"	0	0	1	0	0.107	0.335	0.093	0.465	-0.049	-0.177	1.031	-0.271	1.528	"3"
"员得"	1	0	0	0	0.107	0.335	0.093	0.465	0.97	-0.177	-0.042	-0.271	1.46	"1"
"周"	0	1	0	0	0.107	0.335	0.093	0.465	-0.049	0.475	-0.042	-0.271	0.837	"2"
"周志达"	0	1	0	0	0.107	0.335	0.093	0.465	-0.049	0.475	-0.042	-0.271	0.837	"2"
"品质"	0	0	0	2	0.215	0.669	0.186	0.93	-0.099	-0.354	-0.085	0.665	1.203	"4"
"哈"	1	0	0	0	0.107	0.335	0.093	0.465	0.97	-0.177	-0.042	-0.271	1.46	"1"
"哈佛"	1	0	0	0	0.107	0.335	0.093	0.465	0.97	-0.177	-0.042	-0.271	1.46	"1"
"哈利"	0	0	1	0	0.107	0.335	0.093	0.465	-0.049	-0.177	1.031	-0.271	1.528	"3"
"哥伦比亚"	1	1	0	0	0.215	0.669	0.186	0.93	0.692	0.254	-0.085	-0.543	1.574	"1"
"唿吁陈"	0	0	1	0	0.107	0.335	0.093	0.465	-0.049	-0.177	1.031	-0.271	1.528	"3"
"喜"	0	0	0	1	0.107	0.335	0.093	0.465	-0.049	-0.177	-0.042	0.333	0.601	"4"
"嘉庚"	0	1	0	0	0.107	0.335	0.093	0.465	-0.049	0.475	-0.042	-0.271	0.837	"2"
"四千万"	0	0	0	1	0.107	0.335	0.093	0.465	-0.049	-0.177	-0.042	0.333	0.601	"4"
"四川"	0	1	0	0	0.107	0.335	0.093	0.465	-0.049	0.475	-0.042	-0.271	0.837	"2"
"四科"	0	0	0	1	0.107	0.335	0.093	0.465	-0.049	-0.177	-0.042	0.333	0.601	"4"
"回教"	0	0	1	1	0.215	0.669	0.186	0.93	-0.099	-0.354	0.75	0.147	1.35	"3"
"回流"	0	0	0	1	0.107	0.335	0.093	0.465	-0.049	-0.177	-0.042	0.333	0.601	"4"
"因应"	0	0	0	1	0.107	0.335	0.093	0.465	-0.049	-0.177	-0.042	0.333	0.601	"4"
"因材施教"	0	0	0	1	0.107	0.335	0.093	0.465	-0.049	-0.177	-0.042	0.333	0.601	"4"
"团体"	0	0	0	2	0.215	0.669	0.186	0.93	-0.099	-0.354	-0.085	0.665	1.203	"4"
"团体组"	0	0	1	0	0.107	0.335	0.093	0.465	-0.049	-0.177	1.031	-0.271	1.528	"3"
"园地"	0	0	0	1	0.107	0.335	0.093	0.465	-0.049	-0.177	-0.042	0.333	0.601	"4"
"国中"	0	0	0	2	0.215	0.669	0.186	0.93	-0.099	-0.354	-0.085	0.665	1.203	"4"
"国中小"	0	0	0	2	0.215	0.669	0.186	0.93	-0.099	-0.354	-0.085	0.665	1.203	"4"
"国大"	0	3	0	0	0.322	1.004	0.28	1.394	-0.148	1.426	-0.127	-0.814	2.515	"2"
"国小"	0	0	0	1	0.107	0.335	0.093	0.465	-0.049	-0.177	-0.042	0.333	0.601	"4"
"国教"	0	0	0	1	0.107	0.335	0.093	0.465	-0.049	-0.177	-0.042	0.333	0.601	"4"
"国民"	0	0	0	1	0.107	0.335	0.093	0.465	-0.049	-0.177	-0.042	0.333	0.601	"4"
"国民教育"	1	0	0	0	0.107	0.335	0.093	0.465	0.97	-0.177	-0.042	-0.271	1.46	"1"
"国立"	4	6	0	1	1.18	3.682	1.025	5.113	1.629	0.906	-0.467	-1.963	4.965	"4"
"国防"	0	1	0	1	0.215	0.669	0.186	0.93	-0.099	0.254	-0.085	0.147	0.585	"2"
"国际法"	1	0	0	0	0.107	0.335	0.093	0.465	0.97	-0.177	-0.042	-0.271	1.46	"1"
"图书"	0	0	0	2	0.215	0.669	0.186	0.93	-0.099	-0.354	-0.085	0.665	1.203	"4"
"图书馆"	0	0	1	0	0.107	0.335	0.093	0.465	-0.049	-0.177	1.031	-0.271	1.528	"3"
"土木"	1	0	0	0	0.107	0.335	0.093	0.465	0.97	-0.177	-0.042	-0.271	1.46	"1"
"地主"	1	0	0	0	0.107	0.335	0.093	0.465	0.97	-0.177	-0.042	-0.271	1.46	"1"
"场所"	0	0	0	2	0.215	0.669	0.186	0.93	-0.099	-0.354	-0.085	0.665	1.203	"4"
"均等"	0	0	0	1	0.107	0.335	0.093	0.465	-0.049	-0.177	-0.042	0.333	0.601	"4"
"均衡"	0	0	0	1	0.107	0.335	0.093	0.465	-0.049	-0.177	-0.042	0.333	0.601	"4"
"坤"	0	1	0	0	0.107	0.335	0.093	0.465	-0.049	0.475	-0.042	-0.271	0.837	"2"
"型态"	0	0	0	1	0.107	0.335	0.093	0.465	-0.049	-0.177	-0.042	0.333	0.601	"4"
"城乡"	0	0	0	1	0.107	0.335	0.093	0.465	-0.049	-0.177	-0.042	0.333	0.601	"4"
"城乡所"	0	1	0	0	0.107	0.335	0.093	0.465	-0.049	0.475	-0.042	-0.271	0.837	"2"
"培"	0	0	0	1	0.107	0.335	0.093	0.465	-0.049	-0.177	-0.042	0.333	0.601	"4"
"培养"	1	2	0	4	0.751	2.343	0.652	3.254	0.261	-0.246	-0.297	0.373	1.177	"4"
"培训"	0	0	0	1	0.107	0.335	0.093	0.465	-0.049	-0.177	-0.042	0.333	0.601	"4"
"基"	0	0	1	0	0.107	0.335	0.093	0.465	-0.049	-0.177	1.031	-0.271	1.528	"3"
"基准法"	0	0	0	2	0.215	0.669	0.186	0.93	-0.099	-0.354	-0.085	0.665	1.203	"4"
"基本法"	0	0	0	1	0.107	0.335	0.093	0.465	-0.049	-0.177	-0.042	0.333	0.601	"4"
"基督教"	0	1	0	2	0.322	1.004	0.28	1.394	-0.148	-0.131	-0.127	0.349	0.755	"4"
"基础"	0	0	0	1	0.107	0.335	0.093	0.465	-0.049	-0.177	-0.042	0.333	0.601	"4"
"基金"	0	1	2	6	0.965	3.013	0.839	4.183	-0.443	-0.85	0.695	0.722	2.71	"2"
"基金会"	0	0	4	1	0.536	1.674	0.466	2.324	-0.246	-0.885	3.457	-0.63	5.218	"3"
"塑造"	0	0	0	1	0.107	0.335	0.093	0.465	-0.049	-0.177	-0.042	0.333	0.601	"4"
"塞乐斯"	1	0	0	0	0.107	0.335	0.093	0.465	0.97	-0.177	-0.042	-0.271	1.46	"1"
"增加"	0	0	0	1	0.107	0.335	0.093	0.465	-0.049	-0.177	-0.042	0.333	0.601	"4"
"增建"	0	0	0	1	0.107	0.335	0.093	0.465	-0.049	-0.177	-0.042	0.333	0.601	"4"
"士"	0	1	0	0	0.107	0.335	0.093	0.465	-0.049	0.475	-0.042	-0.271	0.837	"2"
"声乐"	0	1	0	0	0.107	0.335	0.093	0.465	-0.049	0.475	-0.042	-0.271	0.837	"2"
"处长"	0	0	0	1	0.107	0.335	0.093	0.465	-0.049	-0.177	-0.042	0.333	0.601	"4"
"复旦"	1	1	0	0	0.215	0.669	0.186	0.93	0.692	0.254	-0.085	-0.543	1.574	"1"
"复杂"	0	0	0	1	0.107	0.335	0.093	0.465	-0.049	-0.177	-0.042	0.333	0.601	"4"
"夏"	0	1	0	0	0.107	0.335	0.093	0.465	-0.049	0.475	-0.042	-0.271	0.837	"2"
"夏威夷"	0	1	0	0	0.107	0.335	0.093	0.465	-0.049	0.475	-0.042	-0.271	0.837	"2"
"外交部长"	0	0	2	0	0.215	0.669	0.186	0.93	-0.099	-0.354	2.061	-0.543	3.057	"3"
"外展部"	0	0	0	1	0.107	0.335	0.093	0.465	-0.049	-0.177	-0.042	0.333	0.601	"4"
"外科"	0	2	0	0	0.215	0.669	0.186	0.93	-0.099	0.951	-0.085	-0.543	1.678	"2"
"外语"	0	0	0	1	0.107	0.335	0.093	0.465	-0.049	-0.177	-0.042	0.333	0.601	"4"
"多伦多"	1	0	0	0	0.107	0.335	0.093	0.465	0.97	-0.177	-0.042	-0.271	1.46	"1"
"多元"	0	0	0	2	0.215	0.669	0.186	0.93	-0.099	-0.354	-0.085	0.665	1.203	"4"
"多媒体"	0	0	0	1	0.107	0.335	0.093	0.465	-0.049	-0.177	-0.042	0.333	0.601	"4"
"大专"	0	0	0	2	0.215	0.669	0.186	0.93	-0.099	-0.354	-0.085	0.665	1.203	"4"
"大专院校"	0	0	0	1	0.107	0.335	0.093	0.465	-0.049	-0.177	-0.042	0.333	0.601	"4"
"大众"	0	0	0	2	0.215	0.669	0.186	0.93	-0.099	-0.354	-0.085	0.665	1.203	"4"
"大学"	49	57	0	5	11.906	37.155	10.344	51.595	18.529	4.111	-4.716	-22.311	49.667	"4"
"大学法"	0	0	0	1	0.107	0.335	0.093	0.465	-0.049	-0.177	-0.042	0.333	0.601	"4"
"大学法律"	0	1	0	0	0.107	0.335	0.093	0.465	-0.049	0.475	-0.042	-0.271	0.837	"2"
"大师"	0	2	0	0	0.215	0.669	0.186	0.93	-0.099	0.951	-0.085	-0.543	1.678	"2"
"大校"	0	1	0	0	0.107	0.335	0.093	0.465	-0.049	0.475	-0.042	-0.271	0.837	"2"
"失败"	0	0	1	0	0.107	0.335	0.093	0.465	-0.049	-0.177	1.031	-0.271	1.528	"3"
"头衔"	0	0	1	0	0.107	0.335	0.093	0.465	-0.049	-0.177	1.031	-0.271	1.528	"3"
"奇克"	0	0	1	0	0.107	0.335	0.093	0.465	-0.049	-0.177	1.031	-0.271	1.528	"3"
"奖助学金"	0	0	0	2	0.215	0.669	0.186	0.93	-0.099	-0.354	-0.085	0.665	1.203	"4"
"奥斯特罗姆"	0	1	0	0	0.107	0.335	0.093	0.465	-0.049	0.475	-0.042	-0.271	0.837	"2"
"好多"	0	0	1	0	0.107	0.335	0.093	0.465	-0.049	-0.177	1.031	-0.271	1.528	"3"
"如何"	1	0	0	7	0.858	2.678	0.746	3.719	0.224	-1.416	-0.34	1.653	3.633	"4"
"委员会"	0	0	0	11	1.18	3.682	1.025	5.113	-0.542	-1.947	-0.467	3.66	6.616	"4"
"委託"	0	2	0	0	0.215	0.669	0.186	0.93	-0.099	0.951	-0.085	-0.543	1.678	"2"
"姬"	0	1	0	0	0.107	0.335	0.093	0.465	-0.049	0.475	-0.042	-0.271	0.837	"2"
"威吉宙"	0	0	1	0	0.107	0.335	0.093	0.465	-0.049	-0.177	1.031	-0.271	1.528	"3"
"威尔斯"	0	2	0	0	0.215	0.669	0.186	0.93	-0.099	0.951	-0.085	-0.543	1.678	"2"
"威廉斯"	0	1	0	0	0.107	0.335	0.093	0.465	-0.049	0.475	-0.042	-0.271	0.837	"2"
"娱乐"	0	0	0	1	0.107	0.335	0.093	0.465	-0.049	-0.177	-0.042	0.333	0.601	"4"
"媒"	0	0	1	0	0.107	0.335	0.093	0.465	-0.049	-0.177	1.031	-0.271	1.528	"3"
"子女"	0	0	0	6	0.644	2.008	0.559	2.789	-0.296	-1.062	-0.255	1.996	3.609	"4"
"子弟"	0	0	0	1	0.107	0.335	0.093	0.465	-0.049	-0.177	-0.042	0.333	0.601	"4"
"孙立人"	0	1	0	0	0.107	0.335	0.093	0.465	-0.049	0.475	-0.042	-0.271	0.837	"2"
"学"	3	1	0	11	1.609	5.021	1.398	6.972	0.672	-1.723	-0.637	1.479	4.511	"2"
"学习"	0	0	0	7	0.751	2.343	0.652	3.254	-0.345	-1.239	-0.297	2.329	4.21	"4"
"学会"	0	2	0	0	0.215	0.669	0.186	0.93	-0.099	0.951	-0.085	-0.543	1.678	"2"
"学位"	1	1	0	0	0.215	0.669	0.186	0.93	0.692	0.254	-0.085	-0.543	1.574	"1"
"学分"	1	0	0	0	0.107	0.335	0.093	0.465	0.97	-0.177	-0.042	-0.271	1.46	"1"
"学前"	2	0	0	2	0.429	1.339	0.373	1.859	1.225	-0.708	-0.17	0.199	2.302	"1"
"学务"	0	1	0	0	0.107	0.335	0.093	0.465	-0.049	0.475	-0.042	-0.271	0.837	"2"
"学期"	0	1	0	1	0.215	0.669	0.186	0.93	-0.099	0.254	-0.085	0.147	0.585	"2"
"学术"	4	2	0	0	0.644	2.008	0.559	2.789	2.78	-0.169	-0.255	-1.629	4.833	"1"
"学术院"	0	1	0	0	0.107	0.335	0.093	0.465	-0.049	0.475	-0.042	-0.271	0.837	"2"
"学校"	0	0	0	15	1.609	5.021	1.398	6.972	-0.739	-2.655	-0.637	4.991	9.022	"4"
"学生"	0	2	1	16	2.038	6.36	1.771	8.831	-0.936	-1.632	-0.337	3.084	5.989	"4"
"学童"	0	0	0	1	0.107	0.335	0.093	0.465	-0.049	-0.177	-0.042	0.333	0.601	"4"
"学系"	1	2	0	0	0.322	1.004	0.28	1.394	0.54	0.583	-0.127	-0.814	2.064	"4"
"学者"	0	5	0	0	0.536	1.674	0.466	2.324	-0.246	2.377	-0.212	-1.357	4.192	"2"
"学通"	0	1	0	0	0.107	0.335	0.093	0.465	-0.049	0.475	-0.042	-0.271	0.837	"2"
"学院"	1	10	1	0	1.287	4.017	1.118	5.578	-0.204	3.248	-0.161	-3.258	6.871	"4"
"孩子"	0	0	0	8	0.858	2.678	0.746	3.719	-0.394	-1.416	-0.34	2.662	4.812	"4"
"安卡拉"	1	0	0	0	0.107	0.335	0.093	0.465	0.97	-0.177	-0.042	-0.271	1.46	"1"
"宋国青"	1	0	0	0	0.107	0.335	0.093	0.465	0.97	-0.177	-0.042	-0.271	1.46	"1"
"宋慧乔"	0	1	0	0	0.107	0.335	0.093	0.465	-0.049	0.475	-0.042	-0.271	0.837	"2"
"完成"	1	0	0	4	0.536	1.674	0.466	2.324	0.364	-0.885	-0.212	0.834	2.295	"2"
"宏"	1	0	0	0	0.107	0.335	0.093	0.465	0.97	-0.177	-0.042	-0.271	1.46	"1"
"宗先"	0	1	0	0	0.107	0.335	0.093	0.465	-0.049	0.475	-0.042	-0.271	0.837	"2"
"宗教"	0	0	0	5	0.536	1.674	0.466	2.324	-0.246	-0.885	-0.212	1.664	3.007	"4"
"宗教系"	0	1	0	0	0.107	0.335	0.093	0.465	-0.049	0.475	-0.042	-0.271	0.837	"2"
"定论"	0	1	0	0	0.107	0.335	0.093	0.465	-0.049	0.475	-0.042	-0.271	0.837	"2"
"实施"	0	0	0	2	0.215	0.669	0.186	0.93	-0.099	-0.354	-0.085	0.665	1.203	"4"
"实验"	1	1	0	4	0.644	2.008	0.559	2.789	0.306	-0.458	-0.255	0.552	1.571	"4"
"实验室"	0	1	0	0	0.107	0.335	0.093	0.465	-0.049	0.475	-0.042	-0.271	0.837	"2"
"审查"	0	0	0	3	0.322	1.004	0.28	1.394	-0.148	-0.531	-0.127	0.998	1.804	"4"
"审视"	0	0	0	1	0.107	0.335	0.093	0.465	-0.049	-0.177	-0.042	0.333	0.601	"4"
"审议"	0	0	0	2	0.215	0.669	0.186	0.93	-0.099	-0.354	-0.085	0.665	1.203	"4"
"客座"	0	1	0	1	0.215	0.669	0.186	0.93	-0.099	0.254	-0.085	0.147	0.585	"2"
"宣传"	0	0	0	1	0.107	0.335	0.093	0.465	-0.049	-0.177	-0.042	0.333	0.601	"4"
"室内乐"	1	0	0	0	0.107	0.335	0.093	0.465	0.97	-0.177	-0.042	-0.271	1.46	"1"
"家居"	0	0	0	1	0.107	0.335	0.093	0.465	-0.049	-0.177	-0.042	0.333	0.601	"4"
"家庭"	0	0	0	4	0.429	1.339	0.373	1.859	-0.197	-0.708	-0.17	1.331	2.406	"4"
"家长"	0	0	0	9	0.965	3.013	0.839	4.183	-0.443	-1.593	-0.382	2.994	5.412	"4"
"导师"	0	1	0	0	0.107	0.335	0.093	0.465	-0.049	0.475	-0.042	-0.271	0.837	"2"
"尊"	0	0	0	1	0.107	0.335	0.093	0.465	-0.049	-0.177	-0.042	0.333	0.601	"4"
"小学"	0	0	0	3	0.322	1.004	0.28	1.394	-0.148	-0.531	-0.127	0.998	1.804	"4"
"小孩"	0	1	0	0	0.107	0.335	0.093	0.465	-0.049	0.475	-0.042	-0.271	0.837	"2"
"小生"	0	0	1	0	0.107	0.335	0.093	0.465	-0.049	-0.177	1.031	-0.271	1.528	"3"
"小组"	3	6	0	0	0.965	3.013	0.839	4.183	1.199	1.364	-0.382	-2.443	5.388	"4"
"小诗"	0	0	1	0	0.107	0.335	0.093	0.465	-0.049	-0.177	1.031	-0.271	1.528	"3"
"尤列"	1	0	0	0	0.107	0.335	0.093	0.465	0.97	-0.177	-0.042	-0.271	1.46	"1"
"就业"	0	0	0	1	0.107	0.335	0.093	0.465	-0.049	-0.177	-0.042	0.333	0.601	"4"
"就读"	0	1	0	0	0.107	0.335	0.093	0.465	-0.049	0.475	-0.042	-0.271	0.837	"2"
"尽"	0	0	0	2	0.215	0.669	0.186	0.93	-0.099	-0.354	-0.085	0.665	1.203	"4"
"尽瘁"	0	0	1	0	0.107	0.335	0.093	0.465	-0.049	-0.177	1.031	-0.271	1.528	"3"
"尽责"	0	0	0	1	0.107	0.335	0.093	0.465	-0.049	-0.177	-0.042	0.333	0.601	"4"
"局长"	0	1	0	0	0.107	0.335	0.093	0.465	-0.049	0.475	-0.042	-0.271	0.837	"2"
"居士林"	0	0	2	0	0.215	0.669	0.186	0.93	-0.099	-0.354	2.061	-0.543	3.057	"3"
"工作"	0	0	0	10	1.073	3.347	0.932	4.648	-0.493	-1.77	-0.425	3.327	6.015	"4"
"工学院"	0	0	1	0	0.107	0.335	0.093	0.465	-0.049	-0.177	1.031	-0.271	1.528	"3"
"工研院"	0	1	0	0	0.107	0.335	0.093	0.465	-0.049	0.475	-0.042	-0.271	0.837	"2"
"工程院"	0	1	0	0	0.107	0.335	0.093	0.465	-0.049	0.475	-0.042	-0.271	0.837	"2"
"左焕琪"	0	1	0	0	0.107	0.335	0.093	0.465	-0.049	0.475	-0.042	-0.271	0.837	"2"
"巨轮"	0	0	0	1	0.107	0.335	0.093	0.465	-0.049	-0.177	-0.042	0.333	0.601	"4"
"巫"	0	0	1	0	0.107	0.335	0.093	0.465	-0.049	-0.177	1.031	-0.271	1.528	"3"
"巫善明"	0	1	0	0	0.107	0.335	0.093	0.465	-0.049	0.475	-0.042	-0.271	0.837	"2"
"差劲"	0	0	1	0	0.107	0.335	0.093	0.465	-0.049	-0.177	1.031	-0.271	1.528	"3"
"巴克"	1	0	0	0	0.107	0.335	0.093	0.465	0.97	-0.177	-0.042	-0.271	1.46	"1"
"巴克力"	1	0	0	0	0.107	0.335	0.093	0.465	0.97	-0.177	-0.042	-0.271	1.46	"1"
"师"	0	0	0	1	0.107	0.335	0.093	0.465	-0.049	-0.177	-0.042	0.333	0.601	"4"
"师大"	0	0	1	0	0.107	0.335	0.093	0.465	-0.049	-0.177	1.031	-0.271	1.528	"3"
"师范"	0	6	0	0	0.644	2.008	0.559	2.789	-0.296	2.852	-0.255	-1.629	5.032	"2"
"师资"	0	0	0	2	0.215	0.669	0.186	0.93	-0.099	-0.354	-0.085	0.665	1.203	"4"
"师院"	0	2	0	0	0.215	0.669	0.186	0.93	-0.099	0.951	-0.085	-0.543	1.678	"2"
"带薪"	0	0	0	1	0.107	0.335	0.093	0.465	-0.049	-0.177	-0.042	0.333	0.601	"4"
"带领"	0	2	0	0	0.215	0.669	0.186	0.93	-0.099	0.951	-0.085	-0.543	1.678	"2"
"干预"	0	0	0	1	0.107	0.335	0.093	0.465	-0.049	-0.177	-0.042	0.333	0.601	"4"
"平等"	0	0	0	4	0.429	1.339	0.373	1.859	-0.197	-0.708	-0.17	1.331	2.406	"4"
"年幼"	0	0	0	1	0.107	0.335	0.093	0.465	-0.049	-0.177	-0.042	0.333	0.601	"4"
"年度"	0	0	0	2	0.215	0.669	0.186	0.93	-0.099	-0.354	-0.085	0.665	1.203	"4"
"年终"	0	0	0	1	0.107	0.335	0.093	0.465	-0.049	-0.177	-0.042	0.333	0.601	"4"
"年轻"	0	0	0	1	0.107	0.335	0.093	0.465	-0.049	-0.177	-0.042	0.333	0.601	"4"
"幼儿"	0	0	0	1	0.107	0.335	0.093	0.465	-0.049	-0.177	-0.042	0.333	0.601	"4"
"幼教"	0	0	0	1	0.107	0.335	0.093	0.465	-0.049	-0.177	-0.042	0.333	0.601	"4"
"应用"	0	1	0	0	0.107	0.335	0.093	0.465	-0.049	0.475	-0.042	-0.271	0.837	"2"
"应邀"	0	2	1	0	0.322	1.004	0.28	1.394	-0.148	0.583	0.595	-0.814	2.14	"4"
"府第"	0	0	1	0	0.107	0.335	0.093	0.465	-0.049	-0.177	1.031	-0.271	1.528	"3"
"度"	0	0	0	1	0.107	0.335	0.093	0.465	-0.049	-0.177	-0.042	0.333	0.601	"4"
"座谈会"	1	0	0	1	0.215	0.669	0.186	0.93	0.692	-0.354	-0.085	0.147	1.278	"1"
"延伸"	0	0	0	1	0.107	0.335	0.093	0.465	-0.049	-0.177	-0.042	0.333	0.601	"4"
"建筑师"	0	1	0	0	0.107	0.335	0.093	0.465	-0.049	0.475	-0.042	-0.271	0.837	"2"
"建议"	1	1	0	0	0.215	0.669	0.186	0.93	0.692	0.254	-0.085	-0.543	1.574	"1"
"建设"	0	0	0	1	0.107	0.335	0.093	0.465	-0.049	-0.177	-0.042	0.333	0.601	"4"
"开创"	0	0	1	0	0.107	0.335	0.093	0.465	-0.049	-0.177	1.031	-0.271	1.528	"3"
"开办"	0	0	0	1	0.107	0.335	0.093	0.465	-0.049	-0.177	-0.042	0.333	0.601	"4"
"开幕词"	0	1	0	0	0.107	0.335	0.093	0.465	-0.049	0.475	-0.042	-0.271	0.837	"2"
"开明"	0	0	0	1	0.107	0.335	0.093	0.465	-0.049	-0.177	-0.042	0.333	0.601	"4"
"引用"	0	1	0	0	0.107	0.335	0.093	0.465	-0.049	0.475	-0.042	-0.271	0.837	"2"
"弗朗索瓦"	0	1	0	0	0.107	0.335	0.093	0.465	-0.049	0.475	-0.042	-0.271	0.837	"2"
"弟子"	0	1	0	0	0.107	0.335	0.093	0.465	-0.049	0.475	-0.042	-0.271	0.837	"2"
"张"	0	2	0	0	0.215	0.669	0.186	0.93	-0.099	0.951	-0.085	-0.543	1.678	"2"
"张万"	0	0	1	0	0.107	0.335	0.093	0.465	-0.049	-0.177	1.031	-0.271	1.528	"3"
"张涌"	0	1	0	0	0.107	0.335	0.093	0.465	-0.049	0.475	-0.042	-0.271	0.837	"2"
"张维邦"	0	1	0	0	0.107	0.335	0.093	0.465	-0.049	0.475	-0.042	-0.271	0.837	"2"
"张起杰"	0	1	0	0	0.107	0.335	0.093	0.465	-0.049	0.475	-0.042	-0.271	0.837	"2"
"张进福"	0	1	0	0	0.107	0.335	0.093	0.465	-0.049	0.475	-0.042	-0.271	0.837	"2"
"强制"	1	0	0	1	0.215	0.669	0.186	0.93	0.692	-0.354	-0.085	0.147	1.278	"1"
"归入"	0	0	1	0	0.107	0.335	0.093	0.465	-0.049	-0.177	1.031	-0.271	1.528	"3"
"当中"	0	0	0	4	0.429	1.339	0.373	1.859	-0.197	-0.708	-0.17	1.331	2.406	"4"
"当代"	1	0	0	0	0.107	0.335	0.093	0.465	0.97	-0.177	-0.042	-0.271	1.46	"1"
"彭镇华"	0	1	0	0	0.107	0.335	0.093	0.465	-0.049	0.475	-0.042	-0.271	0.837	"2"
"役"	0	0	0	3	0.322	1.004	0.28	1.394	-0.148	-0.531	-0.127	0.998	1.804	"4"
"役男"	0	0	0	1	0.107	0.335	0.093	0.465	-0.049	-0.177	-0.042	0.333	0.601	"4"
"彼得"	0	1	0	0	0.107	0.335	0.093	0.465	-0.049	0.475	-0.042	-0.271	0.837	"2"
"律师"	0	1	0	0	0.107	0.335	0.093	0.465	-0.049	0.475	-0.042	-0.271	0.837	"2"
"徐光蓉"	0	1	0	0	0.107	0.335	0.093	0.465	-0.049	0.475	-0.042	-0.271	0.837	"2"
"徐冠"	0	1	0	0	0.107	0.335	0.093	0.465	-0.049	0.475	-0.042	-0.271	0.837	"2"
"徐冠林"	0	5	0	0	0.536	1.674	0.466	2.324	-0.246	2.377	-0.212	-1.357	4.192	"2"
"徐博"	0	1	0	0	0.107	0.335	0.093	0.465	-0.049	0.475	-0.042	-0.271	0.837	"2"
"徐林"	0	0	1	0	0.107	0.335	0.093	0.465	-0.049	-0.177	1.031	-0.271	1.528	"3"
"徐永庆"	0	1	0	0	0.107	0.335	0.093	0.465	-0.049	0.475	-0.042	-0.271	0.837	"2"
"得主"	0	1	0	0	0.107	0.335	0.093	0.465	-0.049	0.475	-0.042	-0.271	0.837	"2"
"微生物学"	0	1	0	0	0.107	0.335	0.093	0.465	-0.049	0.475	-0.042	-0.271	0.837	"2"
"微生物学系"	0	2	0	0	0.215	0.669	0.186	0.93	-0.099	0.951	-0.085	-0.543	1.678	"2"
"德"	0	2	0	0	0.215	0.669	0.186	0.93	-0.099	0.951	-0.085	-0.543	1.678	"2"
"心理系"	0	2	0	0	0.215	0.669	0.186	0.93	-0.099	0.951	-0.085	-0.543	1.678	"2"
"志励"	0	1	0	0	0.107	0.335	0.093	0.465	-0.049	0.475	-0.042	-0.271	0.837	"2"
"思想"	0	0	0	6	0.644	2.008	0.559	2.789	-0.296	-1.062	-0.255	1.996	3.609	"4"
"性别"	0	0	1	0	0.107	0.335	0.093	0.465	-0.049	-0.177	1.031	-0.271	1.528	"3"
"性教育"	0	0	0	1	0.107	0.335	0.093	0.465	-0.049	-0.177	-0.042	0.333	0.601	"4"
"总监"	0	0	0	1	0.107	0.335	0.093	0.465	-0.049	-0.177	-0.042	0.333	0.601	"4"
"意义"	0	0	0	4	0.429	1.339	0.373	1.859	-0.197	-0.708	-0.17	1.331	2.406	"4"
"慈惠会"	0	1	0	0	0.107	0.335	0.093	0.465	-0.049	0.475	-0.042	-0.271	0.837	"2"
"懂"	0	0	0	1	0.107	0.335	0.093	0.465	-0.049	-0.177	-0.042	0.333	0.601	"4"
"懂得"	0	0	0	1	0.107	0.335	0.093	0.465	-0.049	-0.177	-0.042	0.333	0.601	"4"
"成人"	1	0	0	0	0.107	0.335	0.093	0.465	0.97	-0.177	-0.042	-0.271	1.46	"1"
"成效"	0	0	0	2	0.215	0.669	0.186	0.93	-0.099	-0.354	-0.085	0.665	1.203	"4"
"我国"	0	0	0	3	0.322	1.004	0.28	1.394	-0.148	-0.531	-0.127	0.998	1.804	"4"
"戴浩"	0	1	0	0	0.107	0.335	0.093	0.465	-0.049	0.475	-0.042	-0.271	0.837	"2"
"所"	0	0	0	2	0.215	0.669	0.186	0.93	-0.099	-0.354	-0.085	0.665	1.203	"4"
"所长"	0	5	0	0	0.536	1.674	0.466	2.324	-0.246	2.377	-0.212	-1.357	4.192	"2"
"打好"	0	0	0	1	0.107	0.335	0.093	0.465	-0.049	-0.177	-0.042	0.333	0.601	"4"
"打骂"	0	0	0	1	0.107	0.335	0.093	0.465	-0.049	-0.177	-0.042	0.333	0.601	"4"
"托儿"	0	0	0	1	0.107	0.335	0.093	0.465	-0.049	-0.177	-0.042	0.333	0.601	"4"
"扮演"	0	0	0	1	0.107	0.335	0.093	0.465	-0.049	-0.177	-0.042	0.333	0.601	"4"
"扶贫"	0	0	0	1	0.107	0.335	0.093	0.465	-0.049	-0.177	-0.042	0.333	0.601	"4"
"批评"	0	0	1	2	0.322	1.004	0.28	1.394	-0.148	-0.531	0.595	0.349	1.623	"3"
"技术人"	1	0	0	0	0.107	0.335	0.093	0.465	0.97	-0.177	-0.042	-0.271	1.46	"1"
"护校"	0	0	0	1	0.107	0.335	0.093	0.465	-0.049	-0.177	-0.042	0.333	0.601	"4"
"护理"	0	1	0	0	0.107	0.335	0.093	0.465	-0.049	0.475	-0.042	-0.271	0.837	"2"
"护生"	0	0	0	2	0.215	0.669	0.186	0.93	-0.099	-0.354	-0.085	0.665	1.203	"4"
"报告书"	0	0	1	0	0.107	0.335	0.093	0.465	-0.049	-0.177	1.031	-0.271	1.528	"3"
"抽出"	0	0	0	1	0.107	0.335	0.093	0.465	-0.049	-0.177	-0.042	0.333	0.601	"4"
"担"	0	1	0	0	0.107	0.335	0.093	0.465	-0.049	0.475	-0.042	-0.271	0.837	"2"
"担任"	1	6	0	1	0.858	2.678	0.746	3.719	0.224	1.697	-0.34	-1.272	3.533	"2"
"拉玛詹德南"	0	0	1	0	0.107	0.335	0.093	0.465	-0.049	-0.177	1.031	-0.271	1.528	"3"
"拉蒂夫"	0	1	0	0	0.107	0.335	0.093	0.465	-0.049	0.475	-0.042	-0.271	0.837	"2"
"招生"	0	0	0	2	0.215	0.669	0.186	0.93	-0.099	-0.354	-0.085	0.665	1.203	"4"
"指出"	5	10	1	0	1.716	5.356	1.491	7.437	1.648	1.784	-0.257	-4.344	8.033	"4"
"指称"	0	1	0	0	0.107	0.335	0.093	0.465	-0.049	0.475	-0.042	-0.271	0.837	"2"
"挡不住"	0	0	0	1	0.107	0.335	0.093	0.465	-0.049	-0.177	-0.042	0.333	0.601	"4"
"授"	0	0	1	0	0.107	0.335	0.093	0.465	-0.049	-0.177	1.031	-0.271	1.528	"3"
"授予"	0	1	0	0	0.107	0.335	0.093	0.465	-0.049	0.475	-0.042	-0.271	0.837	"2"
"授课"	0	0	0	4	0.429	1.339	0.373	1.859	-0.197	-0.708	-0.17	1.331	2.406	"4"
"接任"	0	2	0	0	0.215	0.669	0.186	0.93	-0.099	0.951	-0.085	-0.543	1.678	"2"
"接受"	0	4	0	6	1.073	3.347	0.932	4.648	-0.493	0.352	-0.425	0.532	1.802	"4"
"推动"	0	0	0	8	0.858	2.678	0.746	3.719	-0.394	-1.416	-0.34	2.662	4.812	"4"
"推展"	0	0	0	2	0.215	0.669	0.186	0.93	-0.099	-0.354	-0.085	0.665	1.203	"4"
"推广"	0	1	0	3	0.429	1.339	0.373	1.859	-0.197	-0.229	-0.17	0.582	1.178	"4"
"推荐"	0	0	1	0	0.107	0.335	0.093	0.465	-0.049	-0.177	1.031	-0.271	1.528	"3"
"推行"	2	0	0	3	0.536	1.674	0.466	2.324	1.035	-0.885	-0.212	0.362	2.494	"1"
"提供"	0	0	0	5	0.536	1.674	0.466	2.324	-0.246	-0.885	-0.212	1.664	3.007	"4"
"提到"	1	0	0	0	0.107	0.335	0.093	0.465	0.97	-0.177	-0.042	-0.271	1.46	"1"
"提升"	0	0	0	3	0.322	1.004	0.28	1.394	-0.148	-0.531	-0.127	0.998	1.804	"4"
"提昇"	0	0	0	1	0.107	0.335	0.093	0.465	-0.049	-0.177	-0.042	0.333	0.601	"4"
"提醒"	0	0	0	1	0.107	0.335	0.093	0.465	-0.049	-0.177	-0.042	0.333	0.601	"4"
"提高"	0	1	0	1	0.215	0.669	0.186	0.93	-0.099	0.254	-0.085	0.147	0.585	"2"
"支出"	0	0	0	1	0.107	0.335	0.093	0.465	-0.049	-0.177	-0.042	0.333	0.601	"4"
"收支"	0	0	0	1	0.107	0.335	0.093	0.465	-0.049	-0.177	-0.042	0.333	0.601	"4"
"收生"	0	1	0	0	0.107	0.335	0.093	0.465	-0.049	0.475	-0.042	-0.271	0.837	"2"
"收费"	0	0	0	1	0.107	0.335	0.093	0.465	-0.049	-0.177	-0.042	0.333	0.601	"4"
"改善"	0	0	0	7	0.751	2.343	0.652	3.254	-0.345	-1.239	-0.297	2.329	4.21	"4"
"改革"	0	0	0	12	1.287	4.017	1.118	5.578	-0.591	-2.124	-0.51	3.993	7.218	"4"
"政治"	2	1	0	1	0.429	1.339	0.373	1.859	1.225	-0.229	-0.17	-0.435	2.059	"1"
"政治学"	1	0	0	0	0.107	0.335	0.093	0.465	0.97	-0.177	-0.042	-0.271	1.46	"1"
"政治系"	0	1	0	0	0.107	0.335	0.093	0.465	-0.049	0.475	-0.042	-0.271	0.837	"2"
"政策"	0	0	0	6	0.644	2.008	0.559	2.789	-0.296	-1.062	-0.255	1.996	3.609	"4"
"教"	0	1	0	5	0.644	2.008	0.559	2.789	-0.296	-0.458	-0.255	1.098	2.107	"4"
"教务长"	0	1	0	0	0.107	0.335	0.093	0.465	-0.049	0.475	-0.042	-0.271	0.837	"2"
"教士"	0	0	1	0	0.107	0.335	0.093	0.465	-0.049	-0.177	1.031	-0.271	1.528	"3"
"教学"	1	1	0	5	0.751	2.343	0.652	3.254	0.261	-0.584	-0.297	0.762	1.904	"4"
"教室"	0	0	0	1	0.107	0.335	0.093	0.465	-0.049	-0.177	-0.042	0.333	0.601	"4"
"教导"	0	0	0	2	0.215	0.669	0.186	0.93	-0.099	-0.354	-0.085	0.665	1.203	"4"
"教师"	1	2	0	4	0.751	2.343	0.652	3.254	0.261	-0.246	-0.297	0.373	1.177	"4"
"教授"	2	17	0	0	2.038	6.36	1.771	8.831	-0.176	6.177	-0.807	-5.158	12.318	"2"
"教改"	0	0	0	1	0.107	0.335	0.093	0.465	-0.049	-0.177	-0.042	0.333	0.601	"4"
"教材"	0	0	0	1	0.107	0.335	0.093	0.465	-0.049	-0.177	-0.042	0.333	0.601	"4"
"教案"	0	0	0	1	0.107	0.335	0.093	0.465	-0.049	-0.177	-0.042	0.333	0.601	"4"
"教育"	1	1	0	49	5.471	17.071	4.753	23.706	-1.66	-7.601	-2.167	13.726	25.154	"4"
"教育制"	0	0	0	1	0.107	0.335	0.093	0.465	-0.049	-0.177	-0.042	0.333	0.601	"4"
"教育学院"	1	0	0	0	0.107	0.335	0.093	0.465	0.97	-0.177	-0.042	-0.271	1.46	"1"
"教育家"	0	0	0	1	0.107	0.335	0.093	0.465	-0.049	-0.177	-0.042	0.333	0.601	"4"
"教育法"	0	0	0	1	0.107	0.335	0.093	0.465	-0.049	-0.177	-0.042	0.333	0.601	"4"
"教育界"	0	0	0	1	0.107	0.335	0.093	0.465	-0.049	-0.177	-0.042	0.333	0.601	"4"
"教育部"	0	0	0	9	0.965	3.013	0.839	4.183	-0.443	-1.593	-0.382	2.994	5.412	"4"
"数千万"	0	0	0	1	0.107	0.335	0.093	0.465	-0.049	-0.177	-0.042	0.333	0.601	"4"
"数学"	0	0	0	2	0.215	0.669	0.186	0.93	-0.099	-0.354	-0.085	0.665	1.203	"4"
"整体"	0	0	0	1	0.107	0.335	0.093	0.465	-0.049	-0.177	-0.042	0.333	0.601	"4"
"文凭"	1	0	0	1	0.215	0.669	0.186	0.93	0.692	-0.354	-0.085	0.147	1.278	"1"
"文化"	0	0	0	15	1.609	5.021	1.398	6.972	-0.739	-2.655	-0.637	4.991	9.022	"4"
"文康"	0	1	0	0	0.107	0.335	0.093	0.465	-0.049	0.475	-0.042	-0.271	0.837	"2"
"文建会"	0	0	0	1	0.107	0.335	0.093	0.465	-0.049	-0.177	-0.042	0.333	0.601	"4"
"文物局"	0	0	0	1	0.107	0.335	0.093	0.465	-0.049	-0.177	-0.042	0.333	0.601	"4"
"文盲"	0	0	0	1	0.107	0.335	0.093	0.465	-0.049	-0.177	-0.042	0.333	0.601	"4"
"斯"	1	0	0	0	0.107	0.335	0.093	0.465	0.97	-0.177	-0.042	-0.271	1.46	"1"
"斯特恩"	0	1	0	0	0.107	0.335	0.093	0.465	-0.049	0.475	-0.042	-0.271	0.837	"2"
"新一代"	0	0	0	1	0.107	0.335	0.093	0.465	-0.049	-0.177	-0.042	0.333	0.601	"4"
"新大"	0	0	1	0	0.107	0.335	0.093	0.465	-0.049	-0.177	1.031	-0.271	1.528	"3"
"新局"	0	0	0	1	0.107	0.335	0.093	0.465	-0.049	-0.177	-0.042	0.333	0.601	"4"
"新生水"	0	1	0	0	0.107	0.335	0.093	0.465	-0.049	0.475	-0.042	-0.271	0.837	"2"
"新纪元"	0	0	1	0	0.107	0.335	0.093	0.465	-0.049	-0.177	1.031	-0.271	1.528	"3"
"新美"	0	0	1	0	0.107	0.335	0.093	0.465	-0.049	-0.177	1.031	-0.271	1.528	"3"
"方向"	0	0	0	1	0.107	0.335	0.093	0.465	-0.049	-0.177	-0.042	0.333	0.601	"4"
"方案"	0	1	0	2	0.322	1.004	0.28	1.394	-0.148	-0.131	-0.127	0.349	0.755	"4"
"方面"	1	0	0	8	0.965	3.013	0.839	4.183	0.194	-1.593	-0.382	1.939	4.108	"4"
"施慧明"	0	1	0	0	0.107	0.335	0.093	0.465	-0.049	0.475	-0.042	-0.271	0.837	"2"
"施政"	0	0	0	1	0.107	0.335	0.093	0.465	-0.049	-0.177	-0.042	0.333	0.601	"4"
"施春风"	0	1	0	0	0.107	0.335	0.093	0.465	-0.049	0.475	-0.042	-0.271	0.837	"2"
"旋即"	0	0	1	0	0.107	0.335	0.093	0.465	-0.049	-0.177	1.031	-0.271	1.528	"3"
"族群"	0	0	0	2	0.215	0.669	0.186	0.93	-0.099	-0.354	-0.085	0.665	1.203	"4"
"族裔"	0	0	0	1	0.107	0.335	0.093	0.465	-0.049	-0.177	-0.042	0.333	0.601	"4"
"无知"	0	0	0	1	0.107	0.335	0.093	0.465	-0.049	-0.177	-0.042	0.333	0.601	"4"
"日利"	0	0	1	0	0.107	0.335	0.093	0.465	-0.049	-0.177	1.031	-0.271	1.528	"3"
"日前"	1	4	1	0	0.644	2.008	0.559	2.789	0.306	0.993	0.353	-1.629	3.281	"4"
"日本版"	0	1	0	0	0.107	0.335	0.093	0.465	-0.049	0.475	-0.042	-0.271	0.837	"2"
"日益减少"	0	0	0	1	0.107	0.335	0.093	0.465	-0.049	-0.177	-0.042	0.333	0.601	"4"
"旨"	0	0	0	1	0.107	0.335	0.093	0.465	-0.049	-0.177	-0.042	0.333	0.601	"4"
"时数"	0	0	0	1	0.107	0.335	0.093	0.465	-0.049	-0.177	-0.042	0.333	0.601	"4"
"昆士兰"	1	0	0	0	0.107	0.335	0.093	0.465	0.97	-0.177	-0.042	-0.271	1.46	"1"
"明定"	0	0	0	1	0.107	0.335	0.093	0.465	-0.049	-0.177	-0.042	0.333	0.601	"4"
"昨天"	0	2	0	0	0.215	0.669	0.186	0.93	-0.099	0.951	-0.085	-0.543	1.678	"2"
"昭"	0	0	1	0	0.107	0.335	0.093	0.465	-0.049	-0.177	1.031	-0.271	1.528	"3"
"普"	0	0	0	1	0.107	0.335	0.093	0.465	-0.049	-0.177	-0.042	0.333	0.601	"4"
"普及"	0	0	0	3	0.322	1.004	0.28	1.394	-0.148	-0.531	-0.127	0.998	1.804	"4"
"普及率"	0	0	0	1	0.107	0.335	0.093	0.465	-0.049	-0.177	-0.042	0.333	0.601	"4"
"普林斯顿"	1	0	0	0	0.107	0.335	0.093	0.465	0.97	-0.177	-0.042	-0.271	1.46	"1"
"普遍"	0	0	0	2	0.215	0.669	0.186	0.93	-0.099	-0.354	-0.085	0.665	1.203	"4"
"智慧虫"	0	0	0	1	0.107	0.335	0.093	0.465	-0.049	-0.177	-0.042	0.333	0.601	"4"
"智障儿"	0	0	1	0	0.107	0.335	0.093	0.465	-0.049	-0.177	1.031	-0.271	1.528	"3"
"暨"	1	3	0	2	0.644	2.008	0.559	2.789	0.306	0.492	-0.255	-0.385	1.438	"2"
"曾"	0	2	3	1	0.644	2.008	0.559	2.789	-0.296	-0.169	1.885	-0.836	3.186	"3"
"曾光"	0	1	1	0	0.215	0.669	0.186	0.93	-0.099	0.254	0.75	-0.543	1.646	"3"
"曾志朗"	0	0	0	5	0.536	1.674	0.466	2.324	-0.246	-0.885	-0.212	1.664	3.007	"4"
"替代"	0	0	0	3	0.322	1.004	0.28	1.394	-0.148	-0.531	-0.127	0.998	1.804	"4"
"有责"	0	0	0	1	0.107	0.335	0.093	0.465	-0.049	-0.177	-0.042	0.333	0.601	"4"
"有限"	0	0	1	0	0.107	0.335	0.093	0.465	-0.049	-0.177	1.031	-0.271	1.528	"3"
"服毒"	0	0	0	1	0.107	0.335	0.093	0.465	-0.049	-0.177	-0.042	0.333	0.601	"4"
"本土化"	0	0	0	1	0.107	0.335	0.093	0.465	-0.049	-0.177	-0.042	0.333	0.601	"4"
"本地"	1	0	0	0	0.107	0.335	0.093	0.465	0.97	-0.177	-0.042	-0.271	1.46	"1"
"本报"	1	1	0	1	0.322	1.004	0.28	1.394	0.54	-0.131	-0.127	-0.258	1.056	"1"
"本质"	0	0	0	1	0.107	0.335	0.093	0.465	-0.049	-0.177	-0.042	0.333	0.601	"4"
"朱"	0	0	1	0	0.107	0.335	0.093	0.465	-0.049	-0.177	1.031	-0.271	1.528	"3"
"朱坦"	0	1	0	0	0.107	0.335	0.093	0.465	-0.049	0.475	-0.042	-0.271	0.837	"2"
"朱学勤"	0	0	1	0	0.107	0.335	0.093	0.465	-0.049	-0.177	1.031	-0.271	1.528	"3"
"朱惠良"	0	0	0	1	0.107	0.335	0.093	0.465	-0.049	-0.177	-0.042	0.333	0.601	"4"
"朱星"	0	1	0	0	0.107	0.335	0.093	0.465	-0.049	0.475	-0.042	-0.271	0.837	"2"
"朱浤源"	0	1	0	0	0.107	0.335	0.093	0.465	-0.049	0.475	-0.042	-0.271	0.837	"2"
"朱锋"	0	1	0	0	0.107	0.335	0.093	0.465	-0.049	0.475	-0.042	-0.271	0.837	"2"
"机会"	0	1	0	2	0.322	1.004	0.28	1.394	-0.148	-0.131	-0.127	0.349	0.755	"4"
"机关"	0	0	0	2	0.215	0.669	0.186	0.93	-0.099	-0.354	-0.085	0.665	1.203	"4"
"机器人"	0	4	0	0	0.429	1.339	0.373	1.859	-0.197	1.901	-0.17	-1.086	3.354	"2"
"机构"	5	0	0	4	0.965	3.013	0.839	4.183	2.909	-1.593	-0.382	-0.232	5.116	"1"
"权威"	1	1	0	0	0.215	0.669	0.186	0.93	0.692	0.254	-0.085	-0.543	1.574	"1"
"李"	1	0	0	0	0.107	0.335	0.093	0.465	0.97	-0.177	-0.042	-0.271	1.46	"1"
"李云迪"	0	0	1	0	0.107	0.335	0.093	0.465	-0.049	-0.177	1.031	-0.271	1.528	"3"
"李俊璋"	0	1	0	0	0.107	0.335	0.093	0.465	-0.049	0.475	-0.042	-0.271	0.837	"2"
"李兰"	1	0	0	0	0.107	0.335	0.093	0.465	0.97	-0.177	-0.042	-0.271	1.46	"1"
"李国豪"	0	1	0	0	0.107	0.335	0.093	0.465	-0.049	0.475	-0.042	-0.271	0.837	"2"
"李存修"	1	0	0	0	0.107	0.335	0.093	0.465	0.97	-0.177	-0.042	-0.271	1.46	"1"
"李小龙"	0	0	1	0	0.107	0.335	0.093	0.465	-0.049	-0.177	1.031	-0.271	1.528	"3"
"李岚清"	0	1	0	0	0.107	0.335	0.093	0.465	-0.049	0.475	-0.042	-0.271	0.837	"2"
"李建昌"	0	0	0	1	0.107	0.335	0.093	0.465	-0.049	-0.177	-0.042	0.333	0.601	"4"
"李念祖"	0	1	0	0	0.107	0.335	0.093	0.465	-0.049	0.475	-0.042	-0.271	0.837	"2"
"李成"	0	1	0	0	0.107	0.335	0.093	0.465	-0.049	0.475	-0.042	-0.271	0.837	"2"
"李显龙"	0	0	1	0	0.107	0.335	0.093	0.465	-0.049	-0.177	1.031	-0.271	1.528	"3"
"李行"	0	2	0	0	0.215	0.669	0.186	0.93	-0.099	0.951	-0.085	-0.543	1.678	"2"
"李赫特曼"	1	0	0	0	0.107	0.335	0.093	0.465	0.97	-0.177	-0.042	-0.271	1.46	"1"
"李震山"	0	1	0	0	0.107	0.335	0.093	0.465	-0.049	0.475	-0.042	-0.271	0.837	"2"
"李鸿禧"	0	0	1	0	0.107	0.335	0.093	0.465	-0.049	-0.177	1.031	-0.271	1.528	"3"
"村人"	0	0	1	0	0.107	0.335	0.093	0.465	-0.049	-0.177	1.031	-0.271	1.528	"3"
"杜明清"	0	0	1	0	0.107	0.335	0.093	0.465	-0.049	-0.177	1.031	-0.271	1.528	"3"
"杨家福"	0	0	1	0	0.107	0.335	0.093	0.465	-0.049	-0.177	1.031	-0.271	1.528	"3"
"杨振宁"	0	0	1	0	0.107	0.335	0.093	0.465	-0.049	-0.177	1.031	-0.271	1.528	"3"
"杨日昌"	0	1	0	0	0.107	0.335	0.093	0.465	-0.049	0.475	-0.042	-0.271	0.837	"2"
"杨氏"	0	0	0	2	0.215	0.669	0.186	0.93	-0.099	-0.354	-0.085	0.665	1.203	"4"
"杨福"	0	0	1	0	0.107	0.335	0.093	0.465	-0.049	-0.177	1.031	-0.271	1.528	"3"
"极其"	0	0	1	0	0.107	0.335	0.093	0.465	-0.049	-0.177	1.031	-0.271	1.528	"3"
"林"	0	1	0	0	0.107	0.335	0.093	0.465	-0.049	0.475	-0.042	-0.271	0.837	"2"
"林博史"	1	0	0	0	0.107	0.335	0.093	0.465	0.97	-0.177	-0.042	-0.271	1.46	"1"
"林尚立"	0	1	0	0	0.107	0.335	0.093	0.465	-0.049	0.475	-0.042	-0.271	0.837	"2"
"林德嘉"	0	0	1	0	0.107	0.335	0.093	0.465	-0.049	-0.177	1.031	-0.271	1.528	"3"
"林惠官"	0	0	1	0	0.107	0.335	0.093	0.465	-0.049	-0.177	1.031	-0.271	1.528	"3"
"林惠瑛"	0	1	0	0	0.107	0.335	0.093	0.465	-0.049	0.475	-0.042	-0.271	0.837	"2"
"枪枝"	0	0	0	1	0.107	0.335	0.093	0.465	-0.049	-0.177	-0.042	0.333	0.601	"4"
"查办"	0	0	1	0	0.107	0.335	0.093	0.465	-0.049	-0.177	1.031	-0.271	1.528	"3"
"柯"	0	0	1	0	0.107	0.335	0.093	0.465	-0.049	-0.177	1.031	-0.271	1.528	"3"
"树仁"	0	0	1	0	0.107	0.335	0.093	0.465	-0.049	-0.177	1.031	-0.271	1.528	"3"
"校"	0	1	0	2	0.322	1.004	0.28	1.394	-0.148	-0.131	-0.127	0.349	0.755	"4"
"校园"	0	0	0	1	0.107	0.335	0.093	0.465	-0.049	-0.177	-0.042	0.333	0.601	"4"
"校方"	0	0	0	2	0.215	0.669	0.186	0.93	-0.099	-0.354	-0.085	0.665	1.203	"4"
"校长"	0	8	0	1	0.965	3.013	0.839	4.183	-0.443	3.002	-0.382	-1.498	5.325	"2"
"核能"	0	1	0	0	0.107	0.335	0.093	0.465	-0.049	0.475	-0.042	-0.271	0.837	"2"
"根据"	0	0	0	1	0.107	0.335	0.093	0.465	-0.049	-0.177	-0.042	0.333	0.601	"4"
"桥樑"	0	0	0	1	0.107	0.335	0.093	0.465	-0.049	-0.177	-0.042	0.333	0.601	"4"
"梁秉中"	1	1	0	0	0.215	0.669	0.186	0.93	0.692	0.254	-0.085	-0.543	1.574	"1"
"检视"	0	0	0	1	0.107	0.335	0.093	0.465	-0.049	-0.177	-0.042	0.333	0.601	"4"
"检讨"	0	0	0	3	0.322	1.004	0.28	1.394	-0.148	-0.531	-0.127	0.998	1.804	"4"
"概括"	0	0	0	1	0.107	0.335	0.093	0.465	-0.049	-0.177	-0.042	0.333	0.601	"4"
"欣然"	0	0	0	1	0.107	0.335	0.093	0.465	-0.049	-0.177	-0.042	0.333	0.601	"4"
"欧鲁杜兰"	1	0	0	0	0.107	0.335	0.093	0.465	0.97	-0.177	-0.042	-0.271	1.46	"1"
"正确"	0	1	0	0	0.107	0.335	0.093	0.465	-0.049	0.475	-0.042	-0.271	0.837	"2"
"步履"	0	1	0	0	0.107	0.335	0.093	0.465	-0.049	0.475	-0.042	-0.271	0.837	"2"
"武汉"	0	1	0	0	0.107	0.335	0.093	0.465	-0.049	0.475	-0.042	-0.271	0.837	"2"
"殊途同归"	0	0	0	1	0.107	0.335	0.093	0.465	-0.049	-0.177	-0.042	0.333	0.601	"4"
"残局"	0	0	0	1	0.107	0.335	0.093	0.465	-0.049	-0.177	-0.042	0.333	0.601	"4"
"残障"	0	0	0	1	0.107	0.335	0.093	0.465	-0.049	-0.177	-0.042	0.333	0.601	"4"
"殖民地"	0	0	0	1	0.107	0.335	0.093	0.465	-0.049	-0.177	-0.042	0.333	0.601	"4"
"比照"	1	0	0	0	0.107	0.335	0.093	0.465	0.97	-0.177	-0.042	-0.271	1.46	"1"
"毕恆"	0	1	0	0	0.107	0.335	0.093	0.465	-0.049	0.475	-0.042	-0.271	0.837	"2"
"毕竟"	0	0	0	1	0.107	0.335	0.093	0.465	-0.049	-0.177	-0.042	0.333	0.601	"4"
"民族学院"	0	0	1	0	0.107	0.335	0.093	0.465	-0.049	-0.177	1.031	-0.271	1.528	"3"
"民生"	0	0	0	1	0.107	0.335	0.093	0.465	-0.049	-0.177	-0.042	0.333	0.601	"4"
"水军"	0	1	0	0	0.107	0.335	0.093	0.465	-0.049	0.475	-0.042	-0.271	0.837	"2"
"水准"	0	0	0	1	0.107	0.335	0.093	0.465	-0.049	-0.177	-0.042	0.333	0.601	"4"
"水平"	0	0	1	0	0.107	0.335	0.093	0.465	-0.049	-0.177	1.031	-0.271	1.528	"3"
"永光"	0	1	0	0	0.107	0.335	0.093	0.465	-0.049	0.475	-0.042	-0.271	0.837	"2"
"汉"	0	1	0	0	0.107	0.335	0.093	0.465	-0.049	0.475	-0.042	-0.271	0.837	"2"
"汉学"	0	1	0	0	0.107	0.335	0.093	0.465	-0.049	0.475	-0.042	-0.271	0.837	"2"
"汉学家"	0	1	0	0	0.107	0.335	0.093	0.465	-0.049	0.475	-0.042	-0.271	0.837	"2"
"江丙坤"	0	1	0	0	0.107	0.335	0.093	0.465	-0.049	0.475	-0.042	-0.271	0.837	"2"
"汤德宗"	0	1	0	0	0.107	0.335	0.093	0.465	-0.049	0.475	-0.042	-0.271	0.837	"2"
"汤甘玛"	0	0	0	1	0.107	0.335	0.093	0.465	-0.049	-0.177	-0.042	0.333	0.601	"4"
"沈猷慧"	0	1	0	0	0.107	0.335	0.093	0.465	-0.049	0.475	-0.042	-0.271	0.837	"2"
"沈祖尧"	0	1	0	0	0.107	0.335	0.093	0.465	-0.049	0.475	-0.042	-0.271	0.837	"2"
"油耗"	0	0	0	2	0.215	0.669	0.186	0.93	-0.099	-0.354	-0.085	0.665	1.203	"4"
"治安系"	0	1	0	0	0.107	0.335	0.093	0.465	-0.049	0.475	-0.042	-0.271	0.837	"2"
"治疗性"	0	1	0	0	0.107	0.335	0.093	0.465	-0.049	0.475	-0.042	-0.271	0.837	"2"
"法制"	0	0	0	2	0.215	0.669	0.186	0.93	-0.099	-0.354	-0.085	0.665	1.203	"4"
"法学"	0	2	0	0	0.215	0.669	0.186	0.93	-0.099	0.951	-0.085	-0.543	1.678	"2"
"法学系"	0	2	0	0	0.215	0.669	0.186	0.93	-0.099	0.951	-0.085	-0.543	1.678	"2"
"法学院"	0	2	0	0	0.215	0.669	0.186	0.93	-0.099	0.951	-0.085	-0.543	1.678	"2"
"法案"	0	0	0	1	0.107	0.335	0.093	0.465	-0.049	-0.177	-0.042	0.333	0.601	"4"
"波士顿"	1	0	0	0	0.107	0.335	0.093	0.465	0.97	-0.177	-0.042	-0.271	1.46	"1"
"波黛"	1	0	0	0	0.107	0.335	0.093	0.465	0.97	-0.177	-0.042	-0.271	1.46	"1"
"注重"	0	0	0	1	0.107	0.335	0.093	0.465	-0.049	-0.177	-0.042	0.333	0.601	"4"
"泰人"	0	0	0	1	0.107	0.335	0.093	0.465	-0.049	-0.177	-0.042	0.333	0.601	"4"
"津贴"	0	0	0	1	0.107	0.335	0.093	0.465	-0.049	-0.177	-0.042	0.333	0.601	"4"
"洪炳"	0	1	0	0	0.107	0.335	0.093	0.465	-0.049	0.475	-0.042	-0.271	0.837	"2"
"洪秀"	0	0	0	1	0.107	0.335	0.093	0.465	-0.049	-0.177	-0.042	0.333	0.601	"4"
"洪秀柱"	0	0	0	1	0.107	0.335	0.093	0.465	-0.049	-0.177	-0.042	0.333	0.601	"4"
"洲"	0	1	0	0	0.107	0.335	0.093	0.465	-0.049	0.475	-0.042	-0.271	0.837	"2"
"流行病学"	1	1	0	0	0.215	0.669	0.186	0.93	0.692	0.254	-0.085	-0.543	1.574	"1"
"测验"	0	0	0	3	0.322	1.004	0.28	1.394	-0.148	-0.531	-0.127	0.998	1.804	"4"
"海外"	0	0	0	2	0.215	0.669	0.186	0.93	-0.099	-0.354	-0.085	0.665	1.203	"4"
"海洋"	1	0	0	0	0.107	0.335	0.093	0.465	0.97	-0.177	-0.042	-0.271	1.46	"1"
"浸会"	0	2	0	0	0.215	0.669	0.186	0.93	-0.099	0.951	-0.085	-0.543	1.678	"2"
"淡江"	0	1	0	0	0.107	0.335	0.093	0.465	-0.049	0.475	-0.042	-0.271	0.837	"2"
"深造"	0	0	0	1	0.107	0.335	0.093	0.465	-0.049	-0.177	-0.042	0.333	0.601	"4"
"清华大学"	0	4	0	0	0.429	1.339	0.373	1.859	-0.197	1.901	-0.17	-1.086	3.354	"2"
"清大"	0	2	0	0	0.215	0.669	0.186	0.93	-0.099	0.951	-0.085	-0.543	1.678	"2"
"清廉"	0	0	0	2	0.215	0.669	0.186	0.93	-0.099	-0.354	-0.085	0.665	1.203	"4"
"清水"	0	1	0	0	0.107	0.335	0.093	0.465	-0.049	0.475	-0.042	-0.271	0.837	"2"
"清洁"	0	0	0	1	0.107	0.335	0.093	0.465	-0.049	-0.177	-0.042	0.333	0.601	"4"
"渊博"	0	0	1	0	0.107	0.335	0.093	0.465	-0.049	-0.177	1.031	-0.271	1.528	"3"
"温泉文"	0	0	0	1	0.107	0.335	0.093	0.465	-0.049	-0.177	-0.042	0.333	0.601	"4"
"湖南"	0	1	0	0	0.107	0.335	0.093	0.465	-0.049	0.475	-0.042	-0.271	0.837	"2"
"湾绿党"	0	0	1	0	0.107	0.335	0.093	0.465	-0.049	-0.177	1.031	-0.271	1.528	"3"
"滥用"	0	0	0	1	0.107	0.335	0.093	0.465	-0.049	-0.177	-0.042	0.333	0.601	"4"
"演讲"	0	6	0	0	0.644	2.008	0.559	2.789	-0.296	2.852	-0.255	-1.629	5.032	"2"
"潜能"	0	0	1	1	0.215	0.669	0.186	0.93	-0.099	-0.354	0.75	0.147	1.35	"3"
"灌输"	0	0	0	1	0.107	0.335	0.093	0.465	-0.049	-0.177	-0.042	0.333	0.601	"4"
"灵格"	0	0	1	0	0.107	0.335	0.093	0.465	-0.049	-0.177	1.031	-0.271	1.528	"3"
"烂"	0	0	0	1	0.107	0.335	0.093	0.465	-0.049	-0.177	-0.042	0.333	0.601	"4"
"热爱"	0	0	0	1	0.107	0.335	0.093	0.465	-0.049	-0.177	-0.042	0.333	0.601	"4"
"爱国"	0	0	1	0	0.107	0.335	0.093	0.465	-0.049	-0.177	1.031	-0.271	1.528	"3"
"爱滋"	0	0	0	2	0.215	0.669	0.186	0.93	-0.099	-0.354	-0.085	0.665	1.203	"4"
"父母"	0	0	0	5	0.536	1.674	0.466	2.324	-0.246	-0.885	-0.212	1.664	3.007	"4"
"片段"	0	0	0	1	0.107	0.335	0.093	0.465	-0.049	-0.177	-0.042	0.333	0.601	"4"
"牙"	0	0	1	0	0.107	0.335	0.093	0.465	-0.049	-0.177	1.031	-0.271	1.528	"3"
"牙医师"	0	1	0	0	0.107	0.335	0.093	0.465	-0.049	0.475	-0.042	-0.271	0.837	"2"
"特"	0	0	1	0	0.107	0.335	0.093	0.465	-0.049	-0.177	1.031	-0.271	1.528	"3"
"特许"	0	0	0	1	0.107	0.335	0.093	0.465	-0.049	-0.177	-0.042	0.333	0.601	"4"
"献身"	1	0	0	0	0.107	0.335	0.093	0.465	0.97	-0.177	-0.042	-0.271	1.46	"1"
"玉峰"	0	0	1	0	0.107	0.335	0.093	0.465	-0.049	-0.177	1.031	-0.271	1.528	"3"
"王俊"	0	1	0	0	0.107	0.335	0.093	0.465	-0.049	0.475	-0.042	-0.271	0.837	"2"
"王燕萍"	0	1	0	0	0.107	0.335	0.093	0.465	-0.049	0.475	-0.042	-0.271	0.837	"2"
"王爱霞"	0	1	0	0	0.107	0.335	0.093	0.465	-0.049	0.475	-0.042	-0.271	0.837	"2"
"王赓武"	0	1	3	0	0.429	1.339	0.373	1.859	-0.197	-0.229	2.521	-1.086	4.033	"3"
"王辰"	0	0	1	0	0.107	0.335	0.093	0.465	-0.049	-0.177	1.031	-0.271	1.528	"3"
"王鼎昌"	0	0	0	1	0.107	0.335	0.093	0.465	-0.049	-0.177	-0.042	0.333	0.601	"4"
"环"	0	0	0	2	0.215	0.669	0.186	0.93	-0.099	-0.354	-0.085	0.665	1.203	"4"
"环保"	0	0	0	1	0.107	0.335	0.093	0.465	-0.049	-0.177	-0.042	0.333	0.601	"4"
"环境"	0	0	0	3	0.322	1.004	0.28	1.394	-0.148	-0.531	-0.127	0.998	1.804	"4"
"现任"	0	1	0	0	0.107	0.335	0.093	0.465	-0.049	0.475	-0.042	-0.271	0.837	"2"
"现况"	0	0	0	1	0.107	0.335	0.093	0.465	-0.049	-0.177	-0.042	0.333	0.601	"4"
"现有"	0	0	0	1	0.107	0.335	0.093	0.465	-0.049	-0.177	-0.042	0.333	0.601	"4"
"玻璃镜"	0	1	0	0	0.107	0.335	0.093	0.465	-0.049	0.475	-0.042	-0.271	0.837	"2"
"珍古德"	0	0	0	1	0.107	0.335	0.093	0.465	-0.049	-0.177	-0.042	0.333	0.601	"4"
"理"	0	0	0	1	0.107	0.335	0.093	0.465	-0.049	-0.177	-0.042	0.333	0.601	"4"
"理事长"	0	1	1	0	0.215	0.669	0.186	0.93	-0.099	0.254	0.75	-0.543	1.646	"3"
"理学院"	1	1	0	0	0.215	0.669	0.186	0.93	0.692	0.254	-0.085	-0.543	1.574	"1"
"理工"	0	3	0	0	0.322	1.004	0.28	1.394	-0.148	1.426	-0.127	-0.814	2.515	"2"
"理念"	0	0	0	2	0.215	0.669	0.186	0.93	-0.099	-0.354	-0.085	0.665	1.203	"4"
"理想"	0	0	0	3	0.322	1.004	0.28	1.394	-0.148	-0.531	-0.127	0.998	1.804	"4"
"理论"	0	1	0	0	0.107	0.335	0.093	0.465	-0.049	0.475	-0.042	-0.271	0.837	"2"
"瑞典"	0	2	0	0	0.215	0.669	0.186	0.93	-0.099	0.951	-0.085	-0.543	1.678	"2"
"瑞斯"	1	0	0	0	0.107	0.335	0.093	0.465	0.97	-0.177	-0.042	-0.271	1.46	"1"
"甄选"	0	0	0	1	0.107	0.335	0.093	0.465	-0.049	-0.177	-0.042	0.333	0.601	"4"
"生"	0	2	0	0	0.215	0.669	0.186	0.93	-0.099	0.951	-0.085	-0.543	1.678	"2"
"生化"	1	0	0	0	0.107	0.335	0.093	0.465	0.97	-0.177	-0.042	-0.271	1.46	"1"
"生命"	0	0	0	1	0.107	0.335	0.093	0.465	-0.049	-0.177	-0.042	0.333	0.601	"4"
"生态"	0	0	0	1	0.107	0.335	0.093	0.465	-0.049	-0.177	-0.042	0.333	0.601	"4"
"生根"	0	0	0	1	0.107	0.335	0.093	0.465	-0.049	-0.177	-0.042	0.333	0.601	"4"
"生死"	0	0	0	1	0.107	0.335	0.093	0.465	-0.049	-0.177	-0.042	0.333	0.601	"4"
"生活"	0	1	0	4	0.536	1.674	0.466	2.324	-0.246	-0.339	-0.212	0.834	1.631	"4"
"生物"	0	1	0	0	0.107	0.335	0.093	0.465	-0.049	0.475	-0.042	-0.271	0.837	"2"
"生理学"	0	1	0	0	0.107	0.335	0.093	0.465	-0.049	0.475	-0.042	-0.271	0.837	"2"
"略带"	0	1	0	0	0.107	0.335	0.093	0.465	-0.049	0.475	-0.042	-0.271	0.837	"2"
"白寺宏"	0	1	0	0	0.107	0.335	0.093	0.465	-0.049	0.475	-0.042	-0.271	0.837	"2"
"白川"	1	0	0	0	0.107	0.335	0.093	0.465	0.97	-0.177	-0.042	-0.271	1.46	"1"
"盈利率"	1	0	0	0	0.107	0.335	0.093	0.465	0.97	-0.177	-0.042	-0.271	1.46	"1"
"盛慧珍"	0	1	0	0	0.107	0.335	0.093	0.465	-0.049	0.475	-0.042	-0.271	0.837	"2"
"目的"	0	0	0	2	0.215	0.669	0.186	0.93	-0.099	-0.354	-0.085	0.665	1.203	"4"
"相关"	0	0	0	4	0.429	1.339	0.373	1.859	-0.197	-0.708	-0.17	1.331	2.406	"4"
"看望"	0	1	0	0	0.107	0.335	0.093	0.465	-0.049	0.475	-0.042	-0.271	0.837	"2"
"真义"	0	0	0	1	0.107	0.335	0.093	0.465	-0.049	-0.177	-0.042	0.333	0.601	"4"
"着重"	0	0	0	1	0.107	0.335	0.093	0.465	-0.049	-0.177	-0.042	0.333	0.601	"4"
"知名"	0	1	0	0	0.107	0.335	0.093	0.465	-0.049	0.475	-0.042	-0.271	0.837	"2"
"知识"	0	0	0	2	0.215	0.669	0.186	0.93	-0.099	-0.354	-0.085	0.665	1.203	"4"
"知识分子"	0	1	0	0	0.107	0.335	0.093	0.465	-0.049	0.475	-0.042	-0.271	0.837	"2"
"研"	1	2	0	0	0.322	1.004	0.28	1.394	0.54	0.583	-0.127	-0.814	2.064	"4"
"研习"	0	0	0	1	0.107	0.335	0.093	0.465	-0.049	-0.177	-0.042	0.333	0.601	"4"
"研究"	12	18	1	3	3.647	11.381	3.169	15.804	3.884	1.825	-0.792	-5.59	12.091	"4"
"研究员"	0	3	0	0	0.322	1.004	0.28	1.394	-0.148	1.426	-0.127	-0.814	2.515	"2"
"研究室"	0	1	0	0	0.107	0.335	0.093	0.465	-0.049	0.475	-0.042	-0.271	0.837	"2"
"研究所"	2	11	0	0	1.394	4.351	1.211	6.043	0.383	3.654	-0.552	-3.529	8.118	"2"
"研究生"	0	1	0	0	0.107	0.335	0.093	0.465	-0.049	0.475	-0.042	-0.271	0.837	"2"
"研究院"	0	7	0	0	0.751	2.343	0.652	3.254	-0.345	3.327	-0.297	-1.9	5.869	"2"
"研讨会"	0	0	0	2	0.215	0.669	0.186	0.93	-0.099	-0.354	-0.085	0.665	1.203	"4"
"砲轰"	0	0	0	1	0.107	0.335	0.093	0.465	-0.049	-0.177	-0.042	0.333	0.601	"4"
"硕"	0	1	0	0	0.107	0.335	0.093	0.465	-0.049	0.475	-0.042	-0.271	0.837	"2"
"硕尔温"	0	1	1	0	0.215	0.669	0.186	0.93	-0.099	0.254	0.75	-0.543	1.646	"3"
"硬背"	0	0	0	1	0.107	0.335	0.093	0.465	-0.049	-0.177	-0.042	0.333	0.601	"4"
"示范"	0	0	0	1	0.107	0.335	0.093	0.465	-0.049	-0.177	-0.042	0.333	0.601	"4"
"礼义廉耻"	0	0	0	1	0.107	0.335	0.093	0.465	-0.049	-0.177	-0.042	0.333	0.601	"4"
"社会"	2	0	0	15	1.824	5.69	1.584	7.902	0.253	-3.009	-0.722	3.353	7.337	"4"
"社会学"	1	0	0	0	0.107	0.335	0.093	0.465	0.97	-0.177	-0.042	-0.271	1.46	"1"
"社会学系"	0	1	0	0	0.107	0.335	0.093	0.465	-0.049	0.475	-0.042	-0.271	0.837	"2"
"社会科"	1	0	0	0	0.107	0.335	0.093	0.465	0.97	-0.177	-0.042	-0.271	1.46	"1"
"社会系"	0	1	0	0	0.107	0.335	0.093	0.465	-0.049	0.475	-0.042	-0.271	0.837	"2"
"社区"	0	0	0	1	0.107	0.335	0.093	0.465	-0.049	-0.177	-0.042	0.333	0.601	"4"
"社福"	0	0	0	1	0.107	0.335	0.093	0.465	-0.049	-0.177	-0.042	0.333	0.601	"4"
"神圣"	0	0	0	1	0.107	0.335	0.093	0.465	-0.049	-0.177	-0.042	0.333	0.601	"4"
"神州"	0	0	1	0	0.107	0.335	0.093	0.465	-0.049	-0.177	1.031	-0.271	1.528	"3"
"神经"	0	2	0	0	0.215	0.669	0.186	0.93	-0.099	0.951	-0.085	-0.543	1.678	"2"
"福利"	0	0	0	4	0.429	1.339	0.373	1.859	-0.197	-0.708	-0.17	1.331	2.406	"4"
"福德"	1	0	0	0	0.107	0.335	0.093	0.465	0.97	-0.177	-0.042	-0.271	1.46	"1"
"离校"	0	0	0	1	0.107	0.335	0.093	0.465	-0.049	-0.177	-0.042	0.333	0.601	"4"
"种子"	0	0	0	1	0.107	0.335	0.093	0.465	-0.049	-0.177	-0.042	0.333	0.601	"4"
"种族"	0	0	0	1	0.107	0.335	0.093	0.465	-0.049	-0.177	-0.042	0.333	0.601	"4"
"科"	0	1	0	0	0.107	0.335	0.093	0.465	-0.049	0.475	-0.042	-0.271	0.837	"2"
"科学"	1	1	0	0	0.215	0.669	0.186	0.93	0.692	0.254	-0.085	-0.543	1.574	"1"
"科学家"	0	3	0	0	0.322	1.004	0.28	1.394	-0.148	1.426	-0.127	-0.814	2.515	"2"
"科学院"	0	3	0	0	0.322	1.004	0.28	1.394	-0.148	1.426	-0.127	-0.814	2.515	"2"
"科室"	0	1	0	0	0.107	0.335	0.093	0.465	-0.049	0.475	-0.042	-0.271	0.837	"2"
"科技"	0	0	0	5	0.536	1.674	0.466	2.324	-0.246	-0.885	-0.212	1.664	3.007	"4"
"科研"	0	1	0	0	0.107	0.335	0.093	0.465	-0.049	0.475	-0.042	-0.271	0.837	"2"
"科研局"	0	1	0	0	0.107	0.335	0.093	0.465	-0.049	0.475	-0.042	-0.271	0.837	"2"
"程度"	0	0	0	4	0.429	1.339	0.373	1.859	-0.197	-0.708	-0.17	1.331	2.406	"4"
"穆闽珠"	0	0	0	1	0.107	0.335	0.093	0.465	-0.049	-0.177	-0.042	0.333	0.601	"4"
"究"	1	1	0	0	0.215	0.669	0.186	0.93	0.692	0.254	-0.085	-0.543	1.574	"1"
"窗户"	0	0	0	1	0.107	0.335	0.093	0.465	-0.049	-0.177	-0.042	0.333	0.601	"4"
"立法院"	0	0	0	11	1.18	3.682	1.025	5.113	-0.542	-1.947	-0.467	3.66	6.616	"4"
"立院"	0	0	0	1	0.107	0.335	0.093	0.465	-0.049	-0.177	-0.042	0.333	0.601	"4"
"等等"	0	0	0	1	0.107	0.335	0.093	0.465	-0.049	-0.177	-0.042	0.333	0.601	"4"
"策"	0	0	0	1	0.107	0.335	0.093	0.465	-0.049	-0.177	-0.042	0.333	0.601	"4"
"策划署"	0	1	0	0	0.107	0.335	0.093	0.465	-0.049	0.475	-0.042	-0.271	0.837	"2"
"策略"	0	2	0	0	0.215	0.669	0.186	0.93	-0.099	0.951	-0.085	-0.543	1.678	"2"
"筹划"	0	0	0	1	0.107	0.335	0.093	0.465	-0.049	-0.177	-0.042	0.333	0.601	"4"
"筹得"	0	0	0	1	0.107	0.335	0.093	0.465	-0.049	-0.177	-0.042	0.333	0.601	"4"
"筹获"	0	0	0	1	0.107	0.335	0.093	0.465	-0.049	-0.177	-0.042	0.333	0.601	"4"
"签署"	0	0	1	1	0.215	0.669	0.186	0.93	-0.099	-0.354	0.75	0.147	1.35	"3"
"算"	0	0	0	1	0.107	0.335	0.093	0.465	-0.049	-0.177	-0.042	0.333	0.601	"4"
"管"	1	0	0	0	0.107	0.335	0.093	0.465	0.97	-0.177	-0.042	-0.271	1.46	"1"
"管理学院"	0	1	0	0	0.107	0.335	0.093	0.465	-0.049	0.475	-0.042	-0.271	0.837	"2"
"管轶"	0	1	0	0	0.107	0.335	0.093	0.465	-0.049	0.475	-0.042	-0.271	0.837	"2"
"精神病"	1	0	0	0	0.107	0.335	0.093	0.465	0.97	-0.177	-0.042	-0.271	1.46	"1"
"系"	0	3	0	1	0.429	1.339	0.373	1.859	-0.197	0.949	-0.17	-0.435	1.751	"2"
"系主任"	0	2	0	0	0.215	0.669	0.186	0.93	-0.099	0.951	-0.085	-0.543	1.678	"2"
"系统科"	0	1	0	0	0.107	0.335	0.093	0.465	-0.049	0.475	-0.042	-0.271	0.837	"2"
"素质"	0	0	0	1	0.107	0.335	0.093	0.465	-0.049	-0.177	-0.042	0.333	0.601	"4"
"红润"	0	1	0	0	0.107	0.335	0.093	0.465	-0.049	0.475	-0.042	-0.271	0.837	"2"
"纪俊臣"	0	2	0	0	0.215	0.669	0.186	0.93	-0.099	0.951	-0.085	-0.543	1.678	"2"
"纳入"	0	0	0	1	0.107	0.335	0.093	0.465	-0.049	-0.177	-0.042	0.333	0.601	"4"
"组长"	1	0	0	0	0.107	0.335	0.093	0.465	0.97	-0.177	-0.042	-0.271	1.46	"1"
"终究"	1	0	0	0	0.107	0.335	0.093	0.465	0.97	-0.177	-0.042	-0.271	1.46	"1"
"终身"	0	0	1	3	0.429	1.339	0.373	1.859	-0.197	-0.708	0.49	0.582	1.977	"2"
"经济学"	1	0	0	0	0.107	0.335	0.093	0.465	0.97	-0.177	-0.042	-0.271	1.46	"1"
"经济学家"	1	1	0	0	0.215	0.669	0.186	0.93	0.692	0.254	-0.085	-0.543	1.574	"1"
"经费"	0	0	0	12	1.287	4.017	1.118	5.578	-0.591	-2.124	-0.51	3.993	7.218	"4"
"结合"	0	0	0	1	0.107	0.335	0.093	0.465	-0.049	-0.177	-0.042	0.333	0.601	"4"
"绘"	0	0	1	0	0.107	0.335	0.093	0.465	-0.049	-0.177	1.031	-0.271	1.528	"3"
"络绎不绝"	0	0	1	0	0.107	0.335	0.093	0.465	-0.049	-0.177	1.031	-0.271	1.528	"3"
"绝对"	0	0	0	1	0.107	0.335	0.093	0.465	-0.049	-0.177	-0.042	0.333	0.601	"4"
"统合"	1	0	0	0	0.107	0.335	0.093	0.465	0.97	-0.177	-0.042	-0.271	1.46	"1"
"统筹"	0	0	0	2	0.215	0.669	0.186	0.93	-0.099	-0.354	-0.085	0.665	1.203	"4"
"统筹款"	0	0	0	1	0.107	0.335	0.093	0.465	-0.049	-0.177	-0.042	0.333	0.601	"4"
"编列"	0	0	0	2	0.215	0.669	0.186	0.93	-0.099	-0.354	-0.085	0.665	1.203	"4"
"编译"	0	1	0	0	0.107	0.335	0.093	0.465	-0.049	0.475	-0.042	-0.271	0.837	"2"
"网路"	0	0	0	1	0.107	0.335	0.093	0.465	-0.049	-0.177	-0.042	0.333	0.601	"4"
"罗伊"	1	0	0	0	0.107	0.335	0.093	0.465	0.97	-0.177	-0.042	-0.271	1.46	"1"
"罗斐斯坦"	0	0	1	0	0.107	0.335	0.093	0.465	-0.049	-0.177	1.031	-0.271	1.528	"3"
"罗毓明"	0	0	1	0	0.107	0.335	0.093	0.465	-0.049	-0.177	1.031	-0.271	1.528	"3"
"美慧"	1	0	0	0	0.107	0.335	0.093	0.465	0.97	-0.177	-0.042	-0.271	1.46	"1"
"美术"	0	1	0	0	0.107	0.335	0.093	0.465	-0.049	0.475	-0.042	-0.271	0.837	"2"
"美籍"	0	1	0	0	0.107	0.335	0.093	0.465	-0.049	0.475	-0.042	-0.271	0.837	"2"
"美语"	0	0	1	0	0.107	0.335	0.093	0.465	-0.049	-0.177	1.031	-0.271	1.528	"3"
"翁翠萍"	0	0	0	1	0.107	0.335	0.093	0.465	-0.049	-0.177	-0.042	0.333	0.601	"4"
"老"	0	1	1	0	0.215	0.669	0.186	0.93	-0.099	0.254	0.75	-0.543	1.646	"3"
"老师"	0	0	0	4	0.429	1.339	0.373	1.859	-0.197	-0.708	-0.17	1.331	2.406	"4"
"考古队"	0	1	0	0	0.107	0.335	0.093	0.465	-0.049	0.475	-0.042	-0.271	0.837	"2"
"者"	0	0	0	8	0.858	2.678	0.746	3.719	-0.394	-1.416	-0.34	2.662	4.812	"4"
"耕耘"	0	0	0	1	0.107	0.335	0.093	0.465	-0.049	-0.177	-0.042	0.333	0.601	"4"
"耶鲁"	1	0	0	0	0.107	0.335	0.093	0.465	0.97	-0.177	-0.042	-0.271	1.46	"1"
"耽误"	0	0	0	1	0.107	0.335	0.093	0.465	-0.049	-0.177	-0.042	0.333	0.601	"4"
"职"	0	1	0	0	0.107	0.335	0.093	0.465	-0.049	0.475	-0.042	-0.271	0.837	"2"
"职业"	0	0	0	1	0.107	0.335	0.093	0.465	-0.049	-0.177	-0.042	0.333	0.601	"4"
"职称"	0	1	1	0	0.215	0.669	0.186	0.93	-0.099	0.254	0.75	-0.543	1.646	"3"
"职衔"	0	1	0	0	0.107	0.335	0.093	0.465	-0.049	0.475	-0.042	-0.271	0.837	"2"
"联合"	0	1	0	0	0.107	0.335	0.093	0.465	-0.049	0.475	-0.042	-0.271	0.837	"2"
"联席会议"	0	0	0	1	0.107	0.335	0.093	0.465	-0.049	-0.177	-0.042	0.333	0.601	"4"
"联手"	0	1	0	0	0.107	0.335	0.093	0.465	-0.049	0.475	-0.042	-0.271	0.837	"2"
"聘为"	0	1	0	0	0.107	0.335	0.093	0.465	-0.049	0.475	-0.042	-0.271	0.837	"2"
"聘书"	0	1	0	0	0.107	0.335	0.093	0.465	-0.049	0.475	-0.042	-0.271	0.837	"2"
"聘请"	0	0	1	1	0.215	0.669	0.186	0.93	-0.099	-0.354	0.75	0.147	1.35	"3"
"肖春飞"	0	1	0	0	0.107	0.335	0.093	0.465	-0.049	0.475	-0.042	-0.271	0.837	"2"
"肖正伦"	0	0	1	0	0.107	0.335	0.093	0.465	-0.049	-0.177	1.031	-0.271	1.528	"3"
"肝病"	0	1	0	0	0.107	0.335	0.093	0.465	-0.049	0.475	-0.042	-0.271	0.837	"2"
"肝癌"	0	1	0	0	0.107	0.335	0.093	0.465	-0.049	0.475	-0.042	-0.271	0.837	"2"
"育"	0	1	0	2	0.322	1.004	0.28	1.394	-0.148	-0.131	-0.127	0.349	0.755	"4"
"育仁"	0	1	0	0	0.107	0.335	0.093	0.465	-0.049	0.475	-0.042	-0.271	0.837	"2"
"肿瘤"	0	1	0	0	0.107	0.335	0.093	0.465	-0.049	0.475	-0.042	-0.271	0.837	"2"
"胡宝林"	1	0	0	0	0.107	0.335	0.093	0.465	0.97	-0.177	-0.042	-0.271	1.46	"1"
"胡明健"	0	1	0	0	0.107	0.335	0.093	0.465	-0.049	0.475	-0.042	-0.271	0.837	"2"
"胡明蓉"	0	1	0	0	0.107	0.335	0.093	0.465	-0.049	0.475	-0.042	-0.271	0.837	"2"
"胡鞍钢"	0	1	0	0	0.107	0.335	0.093	0.465	-0.049	0.475	-0.042	-0.271	0.837	"2"
"胰肾"	0	1	0	0	0.107	0.335	0.093	0.465	-0.049	0.475	-0.042	-0.271	0.837	"2"
"臣民"	0	0	0	1	0.107	0.335	0.093	0.465	-0.049	-0.177	-0.042	0.333	0.601	"4"
"自主"	0	0	0	2	0.215	0.669	0.186	0.93	-0.099	-0.354	-0.085	0.665	1.203	"4"
"自我"	0	0	0	2	0.215	0.669	0.186	0.93	-0.099	-0.354	-0.085	0.665	1.203	"4"
"致函"	1	0	0	0	0.107	0.335	0.093	0.465	0.97	-0.177	-0.042	-0.271	1.46	"1"
"良好"	0	0	1	1	0.215	0.669	0.186	0.93	-0.099	-0.354	0.75	0.147	1.35	"3"
"色情网"	0	0	1	0	0.107	0.335	0.093	0.465	-0.049	-0.177	1.031	-0.271	1.528	"3"
"艺术"	0	0	0	3	0.322	1.004	0.28	1.394	-0.148	-0.531	-0.127	0.998	1.804	"4"
"若果"	0	0	1	0	0.107	0.335	0.093	0.465	-0.049	-0.177	1.031	-0.271	1.528	"3"
"英佑"	0	1	0	0	0.107	0.335	0.093	0.465	-0.049	0.475	-0.042	-0.271	0.837	"2"
"英才"	0	0	0	1	0.107	0.335	0.093	0.465	-0.049	-0.177	-0.042	0.333	0.601	"4"
"英文"	0	0	0	2	0.215	0.669	0.186	0.93	-0.099	-0.354	-0.085	0.665	1.203	"4"
"英语"	0	0	0	1	0.107	0.335	0.093	0.465	-0.049	-0.177	-0.042	0.333	0.601	"4"
"范巽绿"	0	0	0	1	0.107	0.335	0.093	0.465	-0.049	-0.177	-0.042	0.333	0.601	"4"
"荣维毅"	0	1	0	0	0.107	0.335	0.093	0.465	-0.049	0.475	-0.042	-0.271	0.837	"2"
"荣誉"	0	1	0	0	0.107	0.335	0.093	0.465	-0.049	0.475	-0.042	-0.271	0.837	"2"
"药物学"	1	0	0	0	0.107	0.335	0.093	0.465	0.97	-0.177	-0.042	-0.271	1.46	"1"
"莘莘学子"	0	0	0	1	0.107	0.335	0.093	0.465	-0.049	-0.177	-0.042	0.333	0.601	"4"
"莫吉普"	0	1	0	0	0.107	0.335	0.093	0.465	-0.049	0.475	-0.042	-0.271	0.837	"2"
"莫雪安"	0	1	0	0	0.107	0.335	0.093	0.465	-0.049	0.475	-0.042	-0.271	0.837	"2"
"莱登"	1	0	0	0	0.107	0.335	0.093	0.465	0.97	-0.177	-0.042	-0.271	1.46	"1"
"获有"	0	0	0	1	0.107	0.335	0.093	0.465	-0.049	-0.177	-0.042	0.333	0.601	"4"
"菁华"	0	0	0	1	0.107	0.335	0.093	0.465	-0.049	-0.177	-0.042	0.333	0.601	"4"
"营利"	1	0	0	0	0.107	0.335	0.093	0.465	0.97	-0.177	-0.042	-0.271	1.46	"1"
"落实"	0	0	0	3	0.322	1.004	0.28	1.394	-0.148	-0.531	-0.127	0.998	1.804	"4"
"著名"	0	8	0	0	0.858	2.678	0.746	3.719	-0.394	3.802	-0.34	-2.172	6.708	"2"
"葛"	0	1	0	0	0.107	0.335	0.093	0.465	-0.049	0.475	-0.042	-0.271	0.837	"2"
"葛维"	0	1	0	0	0.107	0.335	0.093	0.465	-0.049	0.475	-0.042	-0.271	0.837	"2"
"董事会"	0	0	0	1	0.107	0.335	0.093	0.465	-0.049	-0.177	-0.042	0.333	0.601	"4"
"蔡春鸿"	0	1	0	0	0.107	0.335	0.093	0.465	-0.049	0.475	-0.042	-0.271	0.837	"2"
"蔡玉心"	0	1	0	0	0.107	0.335	0.093	0.465	-0.049	0.475	-0.042	-0.271	0.837	"2"
"蔡自"	0	1	0	0	0.107	0.335	0.093	0.465	-0.049	0.475	-0.042	-0.271	0.837	"2"
"融入"	0	0	0	1	0.107	0.335	0.093	0.465	-0.049	-0.177	-0.042	0.333	0.601	"4"
"融合"	0	0	0	1	0.107	0.335	0.093	0.465	-0.049	-0.177	-0.042	0.333	0.601	"4"
"血研"	0	1	0	0	0.107	0.335	0.093	0.465	-0.049	0.475	-0.042	-0.271	0.837	"2"
"行政"	0	0	0	4	0.429	1.339	0.373	1.859	-0.197	-0.708	-0.17	1.331	2.406	"4"
"行政系"	0	1	0	0	0.107	0.335	0.093	0.465	-0.049	0.475	-0.042	-0.271	0.837	"2"
"补助费"	0	0	0	1	0.107	0.335	0.093	0.465	-0.049	-0.177	-0.042	0.333	0.601	"4"
"表彰"	0	1	0	0	0.107	0.335	0.093	0.465	-0.049	0.475	-0.042	-0.271	0.837	"2"
"表示"	2	4	4	2	1.287	4.017	1.118	5.578	0.427	-0.202	1.694	-1.471	3.794	"3"
"袁国勇"	0	2	0	0	0.215	0.669	0.186	0.93	-0.099	0.951	-0.085	-0.543	1.678	"2"
"裕渊"	0	1	0	0	0.107	0.335	0.093	0.465	-0.049	0.475	-0.042	-0.271	0.837	"2"
"西北"	0	1	0	0	0.107	0.335	0.093	0.465	-0.049	0.475	-0.042	-0.271	0.837	"2"
"西北风"	0	0	1	0	0.107	0.335	0.093	0.465	-0.049	-0.177	1.031	-0.271	1.528	"3"
"西班"	0	0	1	0	0.107	0.335	0.093	0.465	-0.049	-0.177	1.031	-0.271	1.528	"3"
"观光"	0	0	0	1	0.107	0.335	0.093	0.465	-0.049	-0.177	-0.042	0.333	0.601	"4"
"观念"	0	0	0	1	0.107	0.335	0.093	0.465	-0.049	-0.177	-0.042	0.333	0.601	"4"
"规划"	0	1	0	2	0.322	1.004	0.28	1.394	-0.148	-0.131	-0.127	0.349	0.755	"4"
"视听"	0	0	0	1	0.107	0.335	0.093	0.465	-0.049	-0.177	-0.042	0.333	0.601	"4"
"角度"	0	0	0	2	0.215	0.669	0.186	0.93	-0.099	-0.354	-0.085	0.665	1.203	"4"
"解剖"	0	1	0	0	0.107	0.335	0.093	0.465	-0.049	0.475	-0.042	-0.271	0.837	"2"
"解释"	1	1	0	0	0.215	0.669	0.186	0.93	0.692	0.254	-0.085	-0.543	1.574	"1"
"言论版"	0	0	0	1	0.107	0.335	0.093	0.465	-0.049	-0.177	-0.042	0.333	0.601	"4"
"警监"	0	1	0	0	0.107	0.335	0.093	0.465	-0.049	0.475	-0.042	-0.271	0.837	"2"
"譬如"	0	0	1	0	0.107	0.335	0.093	0.465	-0.049	-0.177	1.031	-0.271	1.528	"3"
"计划"	0	0	0	8	0.858	2.678	0.746	3.719	-0.394	-1.416	-0.34	2.662	4.812	"4"
"计有"	0	0	0	1	0.107	0.335	0.093	0.465	-0.049	-0.177	-0.042	0.333	0.601	"4"
"认为"	3	4	1	0	0.858	2.678	0.746	3.719	1.34	0.583	0.265	-2.172	4.36	"4"
"认证"	0	0	0	1	0.107	0.335	0.093	0.465	-0.049	-0.177	-0.042	0.333	0.601	"4"
"训练"	0	0	0	2	0.215	0.669	0.186	0.93	-0.099	-0.354	-0.085	0.665	1.203	"4"
"讯"	0	0	0	2	0.215	0.669	0.186	0.93	-0.099	-0.354	-0.085	0.665	1.203	"4"
"讲师"	1	0	0	0	0.107	0.335	0.093	0.465	0.97	-0.177	-0.042	-0.271	1.46	"1"
"讲座"	1	4	0	1	0.644	2.008	0.559	2.789	0.306	0.993	-0.255	-0.836	2.39	"2"
"讲授"	0	1	0	0	0.107	0.335	0.093	0.465	-0.049	0.475	-0.042	-0.271	0.837	"2"
"讲解"	0	0	0	1	0.107	0.335	0.093	0.465	-0.049	-0.177	-0.042	0.333	0.601	"4"
"讲课"	0	0	0	1	0.107	0.335	0.093	0.465	-0.049	-0.177	-0.042	0.333	0.601	"4"
"讲题"	0	0	1	0	0.107	0.335	0.093	0.465	-0.049	-0.177	1.031	-0.271	1.528	"3"
"许"	0	0	2	0	0.215	0.669	0.186	0.93	-0.099	-0.354	2.061	-0.543	3.057	"3"
"许士军"	0	1	0	0	0.107	0.335	0.093	0.465	-0.049	0.475	-0.042	-0.271	0.837	"2"
"许通美"	0	0	1	0	0.107	0.335	0.093	0.465	-0.049	-0.177	1.031	-0.271	1.528	"3"
"论文"	1	0	0	0	0.107	0.335	0.093	0.465	0.97	-0.177	-0.042	-0.271	1.46	"1"
"访"	0	1	1	0	0.215	0.669	0.186	0.93	-0.099	0.254	0.75	-0.543	1.646	"3"
"访问"	1	1	0	0	0.215	0.669	0.186	0.93	0.692	0.254	-0.085	-0.543	1.574	"1"
"评委"	0	2	0	0	0.215	0.669	0.186	0.93	-0.099	0.951	-0.085	-0.543	1.678	"2"
"评审"	0	0	1	0	0.107	0.335	0.093	0.465	-0.049	-0.177	1.031	-0.271	1.528	"3"
"评论"	0	1	0	0	0.107	0.335	0.093	0.465	-0.049	0.475	-0.042	-0.271	0.837	"2"
"评量"	0	0	0	1	0.107	0.335	0.093	0.465	-0.049	-0.177	-0.042	0.333	0.601	"4"
"诊治"	0	1	0	0	0.107	0.335	0.093	0.465	-0.049	0.475	-0.042	-0.271	0.837	"2"
"试验品"	1	0	0	0	0.107	0.335	0.093	0.465	0.97	-0.177	-0.042	-0.271	1.46	"1"
"语言"	0	1	0	3	0.429	1.339	0.373	1.859	-0.197	-0.229	-0.17	0.582	1.178	"4"
"说"	5	11	17	1	3.647	11.381	3.169	15.804	0.525	-0.28	8.831	-7.746	17.382	"3"
"读书人"	0	0	0	1	0.107	0.335	0.093	0.465	-0.049	-0.177	-0.042	0.333	0.601	"4"
"课"	0	0	1	1	0.215	0.669	0.186	0.93	-0.099	-0.354	0.75	0.147	1.35	"3"
"课堂教"	0	1	0	0	0.107	0.335	0.093	0.465	-0.049	0.475	-0.042	-0.271	0.837	"2"
"课程"	0	1	0	11	1.287	4.017	1.118	5.578	-0.591	-1.277	-0.51	2.822	5.2	"4"
"课题"	0	4	1	2	0.751	2.343	0.652	3.254	-0.345	0.756	0.305	-0.54	1.946	"2"
"调查团"	0	0	1	0	0.107	0.335	0.093	0.465	-0.049	-0.177	1.031	-0.271	1.528	"3"
"调查署"	0	1	0	0	0.107	0.335	0.093	0.465	-0.049	0.475	-0.042	-0.271	0.837	"2"
"谈"	0	1	0	0	0.107	0.335	0.093	0.465	-0.049	0.475	-0.042	-0.271	0.837	"2"
"谢信"	0	1	0	0	0.107	0.335	0.093	0.465	-0.049	0.475	-0.042	-0.271	0.837	"2"
"贝拉"	0	1	0	0	0.107	0.335	0.093	0.465	-0.049	0.475	-0.042	-0.271	0.837	"2"
"负担得起"	0	0	0	1	0.107	0.335	0.093	0.465	-0.049	-0.177	-0.042	0.333	0.601	"4"
"负起"	0	0	0	1	0.107	0.335	0.093	0.465	-0.049	-0.177	-0.042	0.333	0.601	"4"
"贡献"	1	0	0	0	0.107	0.335	0.093	0.465	0.97	-0.177	-0.042	-0.271	1.46	"1"
"财务"	1	0	0	0	0.107	0.335	0.093	0.465	0.97	-0.177	-0.042	-0.271	1.46	"1"
"财税"	1	0	0	0	0.107	0.335	0.093	0.465	0.97	-0.177	-0.042	-0.271	1.46	"1"
"财经"	0	4	0	0	0.429	1.339	0.373	1.859	-0.197	1.901	-0.17	-1.086	3.354	"2"
"财金系"	0	1	0	0	0.107	0.335	0.093	0.465	-0.049	0.475	-0.042	-0.271	0.837	"2"
"质疑"	0	0	0	1	0.107	0.335	0.093	0.465	-0.049	-0.177	-0.042	0.333	0.601	"4"
"质询"	0	0	0	1	0.107	0.335	0.093	0.465	-0.049	-0.177	-0.042	0.333	0.601	"4"
"贯"	0	0	0	1	0.107	0.335	0.093	0.465	-0.049	-0.177	-0.042	0.333	0.601	"4"
"贾古玛"	0	0	3	0	0.322	1.004	0.28	1.394	-0.148	-0.531	3.092	-0.814	4.585	"3"
"资"	0	0	0	1	0.107	0.335	0.093	0.465	-0.049	-0.177	-0.042	0.333	0.601	"4"
"资深"	1	0	0	0	0.107	0.335	0.093	0.465	0.97	-0.177	-0.042	-0.271	1.46	"1"
"资源"	0	0	0	4	0.429	1.339	0.373	1.859	-0.197	-0.708	-0.17	1.331	2.406	"4"
"资讯"	0	0	0	7	0.751	2.343	0.652	3.254	-0.345	-1.239	-0.297	2.329	4.21	"4"
"资讯科"	0	0	0	1	0.107	0.335	0.093	0.465	-0.049	-0.177	-0.042	0.333	0.601	"4"
"赖明诏"	0	1	0	0	0.107	0.335	0.093	0.465	-0.049	0.475	-0.042	-0.271	0.837	"2"
"赵"	0	0	1	0	0.107	0.335	0.093	0.465	-0.049	-0.177	1.031	-0.271	1.528	"3"
"赵建民"	1	0	0	0	0.107	0.335	0.093	0.465	0.97	-0.177	-0.042	-0.271	1.46	"1"
"超脑"	0	0	0	2	0.215	0.669	0.186	0.93	-0.099	-0.354	-0.085	0.665	1.203	"4"
"跟随"	0	0	1	0	0.107	0.335	0.093	0.465	-0.049	-0.177	1.031	-0.271	1.528	"3"
"跨世纪"	0	0	1	1	0.215	0.669	0.186	0.93	-0.099	-0.354	0.75	0.147	1.35	"3"
"路易斯"	1	0	0	0	0.107	0.335	0.093	0.465	0.97	-0.177	-0.042	-0.271	1.46	"1"
"身心"	0	0	0	1	0.107	0.335	0.093	0.465	-0.049	-0.177	-0.042	0.333	0.601	"4"
"辅大"	0	0	1	0	0.107	0.335	0.093	0.465	-0.049	-0.177	1.031	-0.271	1.528	"3"
"辅导"	0	0	0	3	0.322	1.004	0.28	1.394	-0.148	-0.531	-0.127	0.998	1.804	"4"
"辉"	0	1	0	0	0.107	0.335	0.093	0.465	-0.049	0.475	-0.042	-0.271	0.837	"2"
"过"	0	0	1	3	0.429	1.339	0.373	1.859	-0.197	-0.708	0.49	0.582	1.977	"2"
"近代"	0	0	0	1	0.107	0.335	0.093	0.465	-0.049	-0.177	-0.042	0.333	0.601	"4"
"近代史"	0	2	0	0	0.215	0.669	0.186	0.93	-0.099	0.951	-0.085	-0.543	1.678	"2"
"进修"	0	0	0	2	0.215	0.669	0.186	0.93	-0.099	-0.354	-0.085	0.665	1.203	"4"
"连"	1	0	0	0	0.107	0.335	0.093	0.465	0.97	-0.177	-0.042	-0.271	1.46	"1"
"连同"	0	1	0	0	0.107	0.335	0.093	0.465	-0.049	0.475	-0.042	-0.271	0.837	"2"
"连署"	0	0	0	1	0.107	0.335	0.093	0.465	-0.049	-0.177	-0.042	0.333	0.601	"4"
"迪"	0	0	1	0	0.107	0.335	0.093	0.465	-0.049	-0.177	1.031	-0.271	1.528	"3"
"迪南"	0	1	0	0	0.107	0.335	0.093	0.465	-0.049	0.475	-0.042	-0.271	0.837	"2"
"退休"	1	1	0	0	0.215	0.669	0.186	0.93	0.692	0.254	-0.085	-0.543	1.574	"1"
"透过"	0	0	0	4	0.429	1.339	0.373	1.859	-0.197	-0.708	-0.17	1.331	2.406	"4"
"道德"	0	1	0	0	0.107	0.335	0.093	0.465	-0.049	0.475	-0.042	-0.271	0.837	"2"
"道教"	0	0	0	4	0.429	1.339	0.373	1.859	-0.197	-0.708	-0.17	1.331	2.406	"4"
"邀请"	1	1	0	0	0.215	0.669	0.186	0.93	0.692	0.254	-0.085	-0.543	1.574	"1"
"郎咸平"	1	0	0	0	0.107	0.335	0.093	0.465	0.97	-0.177	-0.042	-0.271	1.46	"1"
"郑文铜"	0	0	1	0	0.107	0.335	0.093	0.465	-0.049	-0.177	1.031	-0.271	1.528	"3"
"部"	0	1	0	2	0.322	1.004	0.28	1.394	-0.148	-0.131	-0.127	0.349	0.755	"4"
"部长"	0	0	1	0	0.107	0.335	0.093	0.465	-0.049	-0.177	1.031	-0.271	1.528	"3"
"郭"	0	0	1	0	0.107	0.335	0.093	0.465	-0.049	-0.177	1.031	-0.271	1.528	"3"
"郭振羽"	0	1	0	0	0.107	0.335	0.093	0.465	-0.049	0.475	-0.042	-0.271	0.837	"2"
"配"	0	0	0	1	0.107	0.335	0.093	0.465	-0.049	-0.177	-0.042	0.333	0.601	"4"
"重大"	0	1	0	0	0.107	0.335	0.093	0.465	-0.049	0.475	-0.042	-0.271	0.837	"2"
"重症肌"	0	1	0	0	0.107	0.335	0.093	0.465	-0.049	0.475	-0.042	-0.271	0.837	"2"
"重视"	0	0	0	2	0.215	0.669	0.186	0.93	-0.099	-0.354	-0.085	0.665	1.203	"4"
"金元浦"	0	1	0	0	0.107	0.335	0.093	0.465	-0.049	0.475	-0.042	-0.271	0.837	"2"
"金融系"	1	0	0	0	0.107	0.335	0.093	0.465	0.97	-0.177	-0.042	-0.271	1.46	"1"
"鉴定"	0	1	0	0	0.107	0.335	0.093	0.465	-0.049	0.475	-0.042	-0.271	0.837	"2"
"针对"	2	0	0	0	0.215	0.669	0.186	0.93	1.939	-0.354	-0.085	-0.543	2.921	"1"
"钟南山"	0	2	1	0	0.322	1.004	0.28	1.394	-0.148	0.583	0.595	-0.814	2.14	"4"
"钟情"	0	0	0	1	0.107	0.335	0.093	0.465	-0.049	-0.177	-0.042	0.333	0.601	"4"
"钟文政"	0	1	0	0	0.107	0.335	0.093	0.465	-0.049	0.475	-0.042	-0.271	0.837	"2"
"钟点"	0	0	0	1	0.107	0.335	0.093	0.465	-0.049	-0.177	-0.042	0.333	0.601	"4"
"钟经樊"	0	1	0	0	0.107	0.335	0.093	0.465	-0.049	0.475	-0.042	-0.271	0.837	"2"
"钢琴"	0	1	0	0	0.107	0.335	0.093	0.465	-0.049	0.475	-0.042	-0.271	0.837	"2"
"铃木镇"	0	0	1	0	0.107	0.335	0.093	0.465	-0.049	-0.177	1.031	-0.271	1.528	"3"
"铸"	0	1	0	0	0.107	0.335	0.093	0.465	-0.049	0.475	-0.042	-0.271	0.837	"2"
"长生"	0	0	1	0	0.107	0.335	0.093	0.465	-0.049	-0.177	1.031	-0.271	1.528	"3"
"长赖"	0	1	0	0	0.107	0.335	0.093	0.465	-0.049	0.475	-0.042	-0.271	0.837	"2"
"长黄"	0	1	0	0	0.107	0.335	0.093	0.465	-0.049	0.475	-0.042	-0.271	0.837	"2"
"阎"	0	2	0	0	0.215	0.669	0.186	0.93	-0.099	0.951	-0.085	-0.543	1.678	"2"
"阳明"	0	0	0	1	0.107	0.335	0.093	0.465	-0.049	-0.177	-0.042	0.333	0.601	"4"
"阶层"	0	0	0	1	0.107	0.335	0.093	0.465	-0.049	-0.177	-0.042	0.333	0.601	"4"
"阶段"	0	0	0	1	0.107	0.335	0.093	0.465	-0.049	-0.177	-0.042	0.333	0.601	"4"
"阿勒尔"	0	0	1	0	0.107	0.335	0.093	0.465	-0.049	-0.177	1.031	-0.271	1.528	"3"
"阿拉特"	0	1	0	0	0.107	0.335	0.093	0.465	-0.049	0.475	-0.042	-0.271	0.837	"2"
"陈"	0	2	3	0	0.536	1.674	0.466	2.324	-0.246	0.266	2.155	-1.357	4.024	"3"
"陈广才"	0	0	0	1	0.107	0.335	0.093	0.465	-0.049	-0.177	-0.042	0.333	0.601	"4"
"陈德明"	0	1	0	0	0.107	0.335	0.093	0.465	-0.049	0.475	-0.042	-0.271	0.837	"2"
"陈志龙"	0	2	0	0	0.215	0.669	0.186	0.93	-0.099	0.951	-0.085	-0.543	1.678	"2"
"陈忠华"	0	1	0	0	0.107	0.335	0.093	0.465	-0.049	0.475	-0.042	-0.271	0.837	"2"
"陈慈阳"	0	1	0	0	0.107	0.335	0.093	0.465	-0.049	0.475	-0.042	-0.271	0.837	"2"
"陈樱琴"	0	2	0	0	0.215	0.669	0.186	0.93	-0.099	0.951	-0.085	-0.543	1.678	"2"
"陈祝全"	0	0	0	1	0.107	0.335	0.093	0.465	-0.049	-0.177	-0.042	0.333	0.601	"4"
"陈荣照"	0	0	1	0	0.107	0.335	0.093	0.465	-0.049	-0.177	1.031	-0.271	1.528	"3"
"院"	0	1	0	0	0.107	0.335	0.093	0.465	-0.049	0.475	-0.042	-0.271	0.837	"2"
"院亚"	0	1	0	0	0.107	0.335	0.093	0.465	-0.049	0.475	-0.042	-0.271	0.837	"2"
"院士"	0	6	0	0	0.644	2.008	0.559	2.789	-0.296	2.852	-0.255	-1.629	5.032	"2"
"院长"	0	6	0	0	0.644	2.008	0.559	2.789	-0.296	2.852	-0.255	-1.629	5.032	"2"
"陶大宇"	0	0	1	0	0.107	0.335	0.093	0.465	-0.049	-0.177	1.031	-0.271	1.528	"3"
"雅科夫"	0	1	0	0	0.107	0.335	0.093	0.465	-0.049	0.475	-0.042	-0.271	0.837	"2"
"雕塑"	0	0	0	2	0.215	0.669	0.186	0.93	-0.099	-0.354	-0.085	0.665	1.203	"4"
"青少年"	0	0	0	4	0.429	1.339	0.373	1.859	-0.197	-0.708	-0.17	1.331	2.406	"4"
"面临"	0	0	0	1	0.107	0.335	0.093	0.465	-0.049	-0.177	-0.042	0.333	0.601	"4"
"面向"	0	0	2	0	0.215	0.669	0.186	0.93	-0.099	-0.354	2.061	-0.543	3.057	"3"
"面色"	0	1	0	0	0.107	0.335	0.093	0.465	-0.049	0.475	-0.042	-0.271	0.837	"2"
"革职"	0	0	1	0	0.107	0.335	0.093	0.465	-0.049	-0.177	1.031	-0.271	1.528	"3"
"韩完"	0	0	1	0	0.107	0.335	0.093	0.465	-0.049	-0.177	1.031	-0.271	1.528	"3"
"韩忠朝"	0	1	0	0	0.107	0.335	0.093	0.465	-0.049	0.475	-0.042	-0.271	0.837	"2"
"音乐"	0	2	0	0	0.215	0.669	0.186	0.93	-0.099	0.951	-0.085	-0.543	1.678	"2"
"页"	0	0	1	0	0.107	0.335	0.093	0.465	-0.049	-0.177	1.031	-0.271	1.528	"3"
"顶尖"	0	0	0	1	0.107	0.335	0.093	0.465	-0.049	-0.177	-0.042	0.333	0.601	"4"
"顾问"	0	1	0	1	0.215	0.669	0.186	0.93	-0.099	0.254	-0.085	0.147	0.585	"2"
"顿"	0	0	1	0	0.107	0.335	0.093	0.465	-0.049	-0.177	1.031	-0.271	1.528	"3"
"预算"	0	0	0	4	0.429	1.339	0.373	1.859	-0.197	-0.708	-0.17	1.331	2.406	"4"
"领域"	0	1	0	2	0.322	1.004	0.28	1.394	-0.148	-0.131	-0.127	0.349	0.755	"4"
"领导"	1	4	0	0	0.536	1.674	0.466	2.324	0.364	1.338	-0.212	-1.357	3.271	"4"
"领衔"	0	1	0	0	0.107	0.335	0.093	0.465	-0.049	0.475	-0.042	-0.271	0.837	"2"
"颜"	0	1	0	0	0.107	0.335	0.093	0.465	-0.049	0.475	-0.042	-0.271	0.837	"2"
"风范"	0	0	1	0	0.107	0.335	0.093	0.465	-0.049	-0.177	1.031	-0.271	1.528	"3"
"风趣"	0	0	1	0	0.107	0.335	0.093	0.465	-0.049	-0.177	1.031	-0.271	1.528	"3"
"饱和"	0	0	0	1	0.107	0.335	0.093	0.465	-0.049	-0.177	-0.042	0.333	0.601	"4"
"饶宗颐"	0	1	0	0	0.107	0.335	0.093	0.465	-0.049	0.475	-0.042	-0.271	0.837	"2"
"首席"	0	2	0	0	0.215	0.669	0.186	0.93	-0.099	0.951	-0.085	-0.543	1.678	"2"
"首度"	0	0	0	1	0.107	0.335	0.093	0.465	-0.049	-0.177	-0.042	0.333	0.601	"4"
"马悦然"	0	1	0	0	0.107	0.335	0.093	0.465	-0.049	0.475	-0.042	-0.271	0.837	"2"
"马来人"	0	0	0	2	0.215	0.669	0.186	0.93	-0.099	-0.354	-0.085	0.665	1.203	"4"
"马西光"	0	0	1	0	0.107	0.335	0.093	0.465	-0.049	-0.177	1.031	-0.271	1.528	"3"
"驻院"	1	0	0	0	0.107	0.335	0.093	0.465	0.97	-0.177	-0.042	-0.271	1.46	"1"
"高中"	0	0	0	3	0.322	1.004	0.28	1.394	-0.148	-0.531	-0.127	0.998	1.804	"4"
"高丽"	1	0	0	0	0.107	0.335	0.093	0.465	0.97	-0.177	-0.042	-0.271	1.46	"1"
"高农"	0	0	1	0	0.107	0.335	0.093	0.465	-0.049	-0.177	1.031	-0.271	1.528	"3"
"高校"	0	1	0	1	0.215	0.669	0.186	0.93	-0.099	0.254	-0.085	0.147	0.585	"2"
"高等"	0	0	0	12	1.287	4.017	1.118	5.578	-0.591	-2.124	-0.51	3.993	7.218	"4"
"魏"	0	0	1	0	0.107	0.335	0.093	0.465	-0.049	-0.177	1.031	-0.271	1.528	"3"
"鲍尔星"	0	0	1	0	0.107	0.335	0.093	0.465	-0.049	-0.177	1.031	-0.271	1.528	"3"
"麻省"	0	1	1	0	0.215	0.669	0.186	0.93	-0.099	0.254	0.75	-0.543	1.646	"3"
"黄光国"	0	1	0	0	0.107	0.335	0.093	0.465	-0.049	0.475	-0.042	-0.271	0.837	"2"
"黄宣范"	0	2	0	0	0.215	0.669	0.186	0.93	-0.099	0.951	-0.085	-0.543	1.678	"2"
"黄日华"	0	0	1	0	0.107	0.335	0.093	0.465	-0.049	-0.177	1.031	-0.271	1.528	"3"
"黄昭虎"	0	0	1	0	0.107	0.335	0.093	0.465	-0.049	-0.177	1.031	-0.271	1.528	"3"
"黄淳丰"	0	1	0	0	0.107	0.335	0.093	0.465	-0.049	0.475	-0.042	-0.271	0.837	"2"
"黄祖洽"	0	1	0	0	0.107	0.335	0.093	0.465	-0.049	0.475	-0.042	-0.271	0.837	"2"
"黄秉钧"	1	0	0	0	0.107	0.335	0.093	0.465	0.97	-0.177	-0.042	-0.271	1.46	"1"
"黄达业"	0	1	0	0	0.107	0.335	0.093	0.465	-0.049	0.475	-0.042	-0.271	0.837	"2"
"黄进"	0	1	0	0	0.107	0.335	0.093	0.465	-0.049	0.475	-0.042	-0.271	0.837	"2"
"齐下"	0	0	0	1	0.107	0.335	0.093	0.465	-0.049	-0.177	-0.042	0.333	0.601	"4"
