"Coll_Word"	"1"	"2"	"3"	"4"	"exp_1"	"exp_2"	"exp_3"	"exp_4"	"pbin_1"	"pbin_2"	"pbin_3"	"pbin_4"	"SumAbsDev"	"LargestDev"
"，"	147	0	2	0	34.461	26.47	33.296	54.772	89.655	-12.657	-13.385	-29.652	145.349	"1"
"﹑"	0	0	0	3	0.694	0.533	0.67	1.103	-0.343	-0.255	-0.33	1.304	2.232	"4"
"‘"	2	0	0	0	0.463	0.355	0.447	0.735	1.272	-0.17	-0.22	-0.398	2.06	"1"
"’"	2	0	0	0	0.463	0.355	0.447	0.735	1.272	-0.17	-0.22	-0.398	2.06	"1"
"︶"	0	0	0	1	0.231	0.178	0.223	0.368	-0.114	-0.085	-0.11	0.435	0.744	"4"
"104.81"	0	1	0	0	0.231	0.178	0.223	0.368	-0.114	0.75	-0.11	-0.199	1.173	"2"
"1054.56"	0	1	0	0	0.231	0.178	0.223	0.368	-0.114	0.75	-0.11	-0.199	1.173	"2"
"10万"	0	0	1	0	0.231	0.178	0.223	0.368	-0.114	-0.085	0.651	-0.199	1.049	"3"
"112.24"	0	1	0	0	0.231	0.178	0.223	0.368	-0.114	0.75	-0.11	-0.199	1.173	"2"
"16.9"	0	0	1	0	0.231	0.178	0.223	0.368	-0.114	-0.085	0.651	-0.199	1.049	"3"
"2.57"	0	1	0	0	0.231	0.178	0.223	0.368	-0.114	0.75	-0.11	-0.199	1.173	"2"
"2亿2000万"	0	1	0	0	0.231	0.178	0.223	0.368	-0.114	0.75	-0.11	-0.199	1.173	"2"
"39"	1	0	0	0	0.231	0.178	0.223	0.368	0.636	-0.085	-0.11	-0.199	1.03	"1"
"390万"	0	0	1	0	0.231	0.178	0.223	0.368	-0.114	-0.085	0.651	-0.199	1.049	"3"
"3亿"	0	1	0	0	0.231	0.178	0.223	0.368	-0.114	0.75	-0.11	-0.199	1.173	"2"
"3亿6600万"	0	1	0	0	0.231	0.178	0.223	0.368	-0.114	0.75	-0.11	-0.199	1.173	"2"
"40％"	1	0	0	0	0.231	0.178	0.223	0.368	0.636	-0.085	-0.11	-0.199	1.03	"1"
"40亿"	0	0	1	0	0.231	0.178	0.223	0.368	-0.114	-0.085	0.651	-0.199	1.049	"3"
"478亿"	0	0	0	1	0.231	0.178	0.223	0.368	-0.114	-0.085	-0.11	0.435	0.744	"4"
"4成"	0	0	1	0	0.231	0.178	0.223	0.368	-0.114	-0.085	0.651	-0.199	1.049	"3"
"5000万"	0	1	0	0	0.231	0.178	0.223	0.368	-0.114	0.75	-0.11	-0.199	1.173	"2"
"50多亿"	0	0	1	0	0.231	0.178	0.223	0.368	-0.114	-0.085	0.651	-0.199	1.049	"3"
"5万"	0	0	0	1	0.231	0.178	0.223	0.368	-0.114	-0.085	-0.11	0.435	0.744	"4"
"5亿"	0	2	0	0	0.463	0.355	0.447	0.735	-0.228	1.501	-0.22	-0.398	2.347	"2"
"5亿1608万"	0	1	0	0	0.231	0.178	0.223	0.368	-0.114	0.75	-0.11	-0.199	1.173	"2"
"5亿8000万"	0	1	0	0	0.231	0.178	0.223	0.368	-0.114	0.75	-0.11	-0.199	1.173	"2"
"6691"	0	1	0	0	0.231	0.178	0.223	0.368	-0.114	0.75	-0.11	-0.199	1.173	"2"
"6亿7000万"	0	1	0	0	0.231	0.178	0.223	0.368	-0.114	0.75	-0.11	-0.199	1.173	"2"
"6成"	1	0	0	0	0.231	0.178	0.223	0.368	0.636	-0.085	-0.11	-0.199	1.03	"1"
"7067"	0	1	0	0	0.231	0.178	0.223	0.368	-0.114	0.75	-0.11	-0.199	1.173	"2"
"8096"	0	1	0	0	0.231	0.178	0.223	0.368	-0.114	0.75	-0.11	-0.199	1.173	"2"
"891117"	0	0	1	0	0.231	0.178	0.223	0.368	-0.114	-0.085	0.651	-0.199	1.049	"3"
"891203"	0	0	0	1	0.231	0.178	0.223	0.368	-0.114	-0.085	-0.11	0.435	0.744	"4"
"8亿1630万"	0	1	0	0	0.231	0.178	0.223	0.368	-0.114	0.75	-0.11	-0.199	1.173	"2"
"8亿9820万"	0	1	0	0	0.231	0.178	0.223	0.368	-0.114	0.75	-0.11	-0.199	1.173	"2"
"9000万"	0	1	0	0	0.231	0.178	0.223	0.368	-0.114	0.75	-0.11	-0.199	1.173	"2"
"900102"	0	1	0	1	0.463	0.355	0.447	0.735	-0.228	0.49	-0.22	0.222	1.16	"2"
"9399万"	0	1	0	0	0.231	0.178	0.223	0.368	-0.114	0.75	-0.11	-0.199	1.173	"2"
"95.61"	0	1	0	0	0.231	0.178	0.223	0.368	-0.114	0.75	-0.11	-0.199	1.173	"2"
"A"	0	0	1	0	0.231	0.178	0.223	0.368	-0.114	-0.085	0.651	-0.199	1.049	"3"
"A-Sonic"	0	0	1	0	0.231	0.178	0.223	0.368	-0.114	-0.085	0.651	-0.199	1.049	"3"
"B"	0	1	2	0	0.694	0.533	0.67	1.103	-0.343	0.353	0.895	-0.597	2.188	"3"
"eed"	0	1	0	0	0.231	0.178	0.223	0.368	-0.114	0.75	-0.11	-0.199	1.173	"2"
"Fed"	0	0	0	1	0.231	0.178	0.223	0.368	-0.114	-0.085	-0.11	0.435	0.744	"4"
"H股"	0	0	1	0	0.231	0.178	0.223	0.368	-0.114	-0.085	0.651	-0.199	1.049	"3"
"KGIeWorld"	0	0	0	1	0.231	0.178	0.223	0.368	-0.114	-0.085	-0.11	0.435	0.744	"4"
"KPlas"	0	0	1	0	0.231	0.178	0.223	0.368	-0.114	-0.085	0.651	-0.199	1.049	"3"
"L"	1	0	0	0	0.231	0.178	0.223	0.368	0.636	-0.085	-0.11	-0.199	1.03	"1"
"LeongHin"	0	1	0	0	0.231	0.178	0.223	0.368	-0.114	0.75	-0.11	-0.199	1.173	"2"
"Moon"	0	0	0	1	0.231	0.178	0.223	0.368	-0.114	-0.085	-0.11	0.435	0.744	"4"
"MRO"	0	0	0	1	0.231	0.178	0.223	0.368	-0.114	-0.085	-0.11	0.435	0.744	"4"
"mymro"	0	0	1	0	0.231	0.178	0.223	0.368	-0.114	-0.085	0.651	-0.199	1.049	"3"
"SAP"	0	0	0	1	0.231	0.178	0.223	0.368	-0.114	-0.085	-0.11	0.435	0.744	"4"
"Trade"	0	0	0	1	0.231	0.178	0.223	0.368	-0.114	-0.085	-0.11	0.435	0.744	"4"
"TT"	0	1	0	1	0.463	0.355	0.447	0.735	-0.228	0.49	-0.22	0.222	1.16	"2"
"一两"	1	0	0	0	0.231	0.178	0.223	0.368	0.636	-0.085	-0.11	-0.199	1.03	"1"
"一些"	2	0	2	0	0.925	0.711	0.894	1.47	0.637	-0.34	0.662	-0.796	2.435	"4"
"一千零七十万"	0	0	1	0	0.231	0.178	0.223	0.368	-0.114	-0.085	0.651	-0.199	1.049	"3"
"一成不变"	1	0	0	0	0.231	0.178	0.223	0.368	0.636	-0.085	-0.11	-0.199	1.03	"1"
"一样"	1	0	0	0	0.231	0.178	0.223	0.368	0.636	-0.085	-0.11	-0.199	1.03	"1"
"一百六十亿"	0	0	1	0	0.231	0.178	0.223	0.368	-0.114	-0.085	0.651	-0.199	1.049	"3"
"一落千丈"	1	0	0	0	0.231	0.178	0.223	0.368	0.636	-0.085	-0.11	-0.199	1.03	"1"
"丁"	0	0	1	0	0.231	0.178	0.223	0.368	-0.114	-0.085	0.651	-0.199	1.049	"3"
"七千七百万"	0	0	1	0	0.231	0.178	0.223	0.368	-0.114	-0.085	0.651	-0.199	1.049	"3"
"七千五百万"	0	0	1	0	0.231	0.178	0.223	0.368	-0.114	-0.085	0.651	-0.199	1.049	"3"
"万"	0	2	0	0	0.463	0.355	0.447	0.735	-0.228	1.501	-0.22	-0.398	2.347	"2"
"万豪"	2	0	0	0	0.463	0.355	0.447	0.735	1.272	-0.17	-0.22	-0.398	2.06	"1"
"丈夫"	3	0	0	0	0.694	0.533	0.67	1.103	1.908	-0.255	-0.33	-0.597	3.09	"1"
"三月份"	0	0	0	1	0.231	0.178	0.223	0.368	-0.114	-0.085	-0.11	0.435	0.744	"4"
"三百零三万四千三百八十八"	0	0	0	1	0.231	0.178	0.223	0.368	-0.114	-0.085	-0.11	0.435	0.744	"4"
"上"	0	0	2	1	0.694	0.533	0.67	1.103	-0.343	-0.255	0.895	-0.159	1.652	"3"
"上千"	0	0	1	0	0.231	0.178	0.223	0.368	-0.114	-0.085	0.651	-0.199	1.049	"3"
"上升股"	0	1	0	0	0.231	0.178	0.223	0.368	-0.114	0.75	-0.11	-0.199	1.173	"2"
"上市"	0	4	3	0	1.619	1.244	1.564	2.573	-0.8	1.656	0.72	-1.393	4.569	"2"
"上市公司"	0	0	2	1	0.694	0.533	0.67	1.103	-0.343	-0.255	0.895	-0.159	1.652	"3"
"上市柜"	0	1	0	1	0.463	0.355	0.447	0.735	-0.228	0.49	-0.22	0.222	1.16	"2"
"上当"	1	0	0	0	0.231	0.178	0.223	0.368	0.636	-0.085	-0.11	-0.199	1.03	"1"
"上当者"	1	0	0	0	0.231	0.178	0.223	0.368	0.636	-0.085	-0.11	-0.199	1.03	"1"
"上扬"	2	0	0	0	0.463	0.355	0.447	0.735	1.272	-0.17	-0.22	-0.398	2.06	"1"
"上柜"	0	2	0	1	0.694	0.533	0.67	1.103	-0.343	1.078	-0.33	-0.159	1.91	"2"
"上海"	0	1	0	3	0.925	0.711	0.894	1.47	-0.457	0.265	-0.439	0.842	2.003	"4"
"上海产"	0	0	1	0	0.231	0.178	0.223	0.368	-0.114	-0.085	0.651	-0.199	1.049	"3"
"上涨"	0	2	0	0	0.463	0.355	0.447	0.735	-0.228	1.501	-0.22	-0.398	2.347	"2"
"上线"	0	0	0	1	0.231	0.178	0.223	0.368	-0.114	-0.085	-0.11	0.435	0.744	"4"
"上述"	0	0	1	0	0.231	0.178	0.223	0.368	-0.114	-0.085	0.651	-0.199	1.049	"3"
"上门"	1	0	0	0	0.231	0.178	0.223	0.368	0.636	-0.085	-0.11	-0.199	1.03	"1"
"下单"	0	0	0	1	0.231	0.178	0.223	0.368	-0.114	-0.085	-0.11	0.435	0.744	"4"
"下市"	0	0	1	0	0.231	0.178	0.223	0.368	-0.114	-0.085	0.651	-0.199	1.049	"3"
"下挫"	0	2	0	0	0.463	0.355	0.447	0.735	-0.228	1.501	-0.22	-0.398	2.347	"2"
"下跌"	1	7	0	0	1.85	1.421	1.788	2.941	-0.382	4.423	-0.879	-1.592	7.276	"2"
"下降"	1	0	0	0	0.231	0.178	0.223	0.368	0.636	-0.085	-0.11	-0.199	1.03	"1"
"不佳"	1	0	0	0	0.231	0.178	0.223	0.368	0.636	-0.085	-0.11	-0.199	1.03	"1"
"不便"	1	0	0	0	0.231	0.178	0.223	0.368	0.636	-0.085	-0.11	-0.199	1.03	"1"
"不如"	1	0	0	0	0.231	0.178	0.223	0.368	0.636	-0.085	-0.11	-0.199	1.03	"1"
"不少"	2	0	0	0	0.463	0.355	0.447	0.735	1.272	-0.17	-0.22	-0.398	2.06	"1"
"不得"	0	0	0	2	0.463	0.355	0.447	0.735	-0.228	-0.17	-0.22	0.869	1.487	"4"
"不振"	0	1	0	0	0.231	0.178	0.223	0.368	-0.114	0.75	-0.11	-0.199	1.173	"2"
"不法"	0	0	0	1	0.231	0.178	0.223	0.368	-0.114	-0.085	-0.11	0.435	0.744	"4"
"不用"	1	0	0	0	0.231	0.178	0.223	0.368	0.636	-0.085	-0.11	-0.199	1.03	"1"
"不错"	2	0	0	0	0.463	0.355	0.447	0.735	1.272	-0.17	-0.22	-0.398	2.06	"1"
"专属"	0	0	0	1	0.231	0.178	0.223	0.368	-0.114	-0.085	-0.11	0.435	0.744	"4"
"专门"	1	0	0	0	0.231	0.178	0.223	0.368	0.636	-0.085	-0.11	-0.199	1.03	"1"
"业"	0	0	0	1	0.231	0.178	0.223	0.368	-0.114	-0.085	-0.11	0.435	0.744	"4"
"业务"	0	0	1	8	2.082	1.599	2.011	3.308	-1.028	-0.765	-0.433	2.695	4.921	"4"
"业界"	1	0	0	0	0.231	0.178	0.223	0.368	0.636	-0.085	-0.11	-0.199	1.03	"1"
"业者"	3	0	0	0	0.694	0.533	0.67	1.103	1.908	-0.255	-0.33	-0.597	3.09	"1"
"业高"	0	0	1	0	0.231	0.178	0.223	0.368	-0.114	-0.085	0.651	-0.199	1.049	"3"
"东方"	1	0	0	0	0.231	0.178	0.223	0.368	0.636	-0.085	-0.11	-0.199	1.03	"1"
"两成"	1	0	0	0	0.231	0.178	0.223	0.368	0.636	-0.085	-0.11	-0.199	1.03	"1"
"严厉"	0	0	1	0	0.231	0.178	0.223	0.368	-0.114	-0.085	0.651	-0.199	1.049	"3"
"个人所得税"	0	0	0	1	0.231	0.178	0.223	0.368	-0.114	-0.085	-0.11	0.435	0.744	"4"
"个别股票"	0	0	2	0	0.463	0.355	0.447	0.735	-0.228	-0.17	1.302	-0.398	2.098	"3"
"个股"	0	8	0	0	1.85	1.421	1.788	2.941	-0.914	6.003	-0.879	-1.592	9.388	"2"
"中介"	0	0	1	4	1.156	0.888	1.117	1.838	-0.571	-0.425	-0.162	1.191	2.349	"4"
"中信"	0	0	0	1	0.231	0.178	0.223	0.368	-0.114	-0.085	-0.11	0.435	0.744	"4"
"中央社河"	0	0	1	0	0.231	0.178	0.223	0.368	-0.114	-0.085	0.651	-0.199	1.049	"3"
"中心"	0	0	3	16	4.394	3.375	4.246	6.984	-2.17	-1.614	-0.446	4.52	8.75	"4"
"中餐馆"	1	0	0	0	0.231	0.178	0.223	0.368	0.636	-0.085	-0.11	-0.199	1.03	"1"
"丰厚"	0	0	1	0	0.231	0.178	0.223	0.368	-0.114	-0.085	0.651	-0.199	1.049	"3"
"为主体"	0	0	1	0	0.231	0.178	0.223	0.368	-0.114	-0.085	0.651	-0.199	1.049	"3"
"为了"	2	0	0	0	0.463	0.355	0.447	0.735	1.272	-0.17	-0.22	-0.398	2.06	"1"
"主要税"	0	0	0	1	0.231	0.178	0.223	0.368	-0.114	-0.085	-0.11	0.435	0.744	"4"
"九时"	0	0	1	0	0.231	0.178	0.223	0.368	-0.114	-0.085	0.651	-0.199	1.049	"3"
"书店"	1	0	0	0	0.231	0.178	0.223	0.368	0.636	-0.085	-0.11	-0.199	1.03	"1"
"书话"	0	0	1	0	0.231	0.178	0.223	0.368	-0.114	-0.085	0.651	-0.199	1.049	"3"
"买主"	0	0	2	0	0.463	0.355	0.447	0.735	-0.228	-0.17	1.302	-0.398	2.098	"3"
"买卖"	0	0	1	5	1.388	1.066	1.341	2.206	-0.685	-0.51	-0.223	1.554	2.972	"4"
"买家"	0	0	1	0	0.231	0.178	0.223	0.368	-0.114	-0.085	0.651	-0.199	1.049	"3"
"买气"	0	1	0	0	0.231	0.178	0.223	0.368	-0.114	0.75	-0.11	-0.199	1.173	"2"
"买进"	0	0	0	1	0.231	0.178	0.223	0.368	-0.114	-0.085	-0.11	0.435	0.744	"4"
"了"	4	0	0	0	0.925	0.711	0.894	1.47	2.543	-0.34	-0.439	-0.796	4.118	"1"
"争吵"	1	0	0	0	0.231	0.178	0.223	0.368	0.636	-0.085	-0.11	-0.199	1.03	"1"
"争相"	1	0	0	0	0.231	0.178	0.223	0.368	0.636	-0.085	-0.11	-0.199	1.03	"1"
"二十七日"	0	1	0	0	0.231	0.178	0.223	0.368	-0.114	0.75	-0.11	-0.199	1.173	"2"
"二十九日电"	0	0	0	1	0.231	0.178	0.223	0.368	-0.114	-0.085	-0.11	0.435	0.744	"4"
"二手"	0	0	1	0	0.231	0.178	0.223	0.368	-0.114	-0.085	0.651	-0.199	1.049	"3"
"亏损"	1	0	1	2	0.925	0.711	0.894	1.47	0.187	-0.34	0.196	0.33	1.053	"2"
"亏本"	0	0	1	0	0.231	0.178	0.223	0.368	-0.114	-0.085	0.651	-0.199	1.049	"3"
"互见"	0	1	0	0	0.231	0.178	0.223	0.368	-0.114	0.75	-0.11	-0.199	1.173	"2"
"五万多"	0	0	0	1	0.231	0.178	0.223	0.368	-0.114	-0.085	-0.11	0.435	0.744	"4"
"五亿"	0	0	2	0	0.463	0.355	0.447	0.735	-0.228	-0.17	1.302	-0.398	2.098	"3"
"五八三四点三四"	0	1	0	0	0.231	0.178	0.223	0.368	-0.114	0.75	-0.11	-0.199	1.173	"2"
"五百七十五"	0	1	0	0	0.231	0.178	0.223	0.368	-0.114	0.75	-0.11	-0.199	1.173	"2"
"五金"	1	0	0	0	0.231	0.178	0.223	0.368	0.636	-0.085	-0.11	-0.199	1.03	"1"
"交"	0	1	1	0	0.463	0.355	0.447	0.735	-0.228	0.49	0.401	-0.398	1.517	"2"
"交割"	0	0	0	1	0.231	0.178	0.223	0.368	-0.114	-0.085	-0.11	0.435	0.744	"4"
"交所"	0	0	1	0	0.231	0.178	0.223	0.368	-0.114	-0.085	0.651	-0.199	1.049	"3"
"交投"	0	1	0	0	0.231	0.178	0.223	0.368	-0.114	0.75	-0.11	-0.199	1.173	"2"
"交易"	0	6	2	49	13.183	10.126	12.737	20.953	-6.511	-1.003	-4.086	13.629	25.229	"4"
"交易价"	0	2	0	1	0.694	0.533	0.67	1.103	-0.343	1.078	-0.33	-0.159	1.91	"2"
"交易市"	0	1	0	2	0.694	0.533	0.67	1.103	-0.343	0.353	-0.33	0.514	1.54	"4"
"交易所"	0	0	0	24	5.551	4.264	5.363	8.822	-2.742	-2.039	-2.636	10.431	17.848	"4"
"交易日"	0	1	0	0	0.231	0.178	0.223	0.368	-0.114	0.75	-0.11	-0.199	1.173	"2"
"交易量"	0	3	0	1	0.925	0.711	0.894	1.47	-0.457	1.711	-0.439	-0.274	2.881	"2"
"交易额"	0	1	0	1	0.463	0.355	0.447	0.735	-0.228	0.49	-0.22	0.222	1.16	"2"
"交涉"	0	0	1	0	0.231	0.178	0.223	0.368	-0.114	-0.085	0.651	-0.199	1.049	"3"
"亦即"	0	0	1	0	0.231	0.178	0.223	0.368	-0.114	-0.085	0.651	-0.199	1.049	"3"
"产品"	0	0	1	3	0.925	0.711	0.894	1.47	-0.457	-0.34	0.196	0.842	1.835	"4"
"产权"	0	0	8	1	2.082	1.599	2.011	3.308	-1.028	-0.765	4.348	-0.996	7.137	"3"
"人潮"	1	0	0	0	0.231	0.178	0.223	0.368	0.636	-0.085	-0.11	-0.199	1.03	"1"
"人肉"	1	0	0	0	0.231	0.178	0.223	0.368	0.636	-0.085	-0.11	-0.199	1.03	"1"
"人蛇"	0	0	1	0	0.231	0.178	0.223	0.368	-0.114	-0.085	0.651	-0.199	1.049	"3"
"亿"	0	1	2	0	0.694	0.533	0.67	1.103	-0.343	0.353	0.895	-0.597	2.188	"3"
"今日"	0	3	0	2	1.156	0.888	1.117	1.838	-0.571	1.375	-0.549	0.218	2.713	"2"
"今早"	0	1	0	0	0.231	0.178	0.223	0.368	-0.114	0.75	-0.11	-0.199	1.173	"2"
"从事"	0	0	4	1	1.156	0.888	1.117	1.838	-0.571	-0.425	1.99	-0.403	3.389	"3"
"从事性"	0	0	1	0	0.231	0.178	0.223	0.368	-0.114	-0.085	0.651	-0.199	1.049	"3"
"付款"	0	0	1	0	0.231	0.178	0.223	0.368	-0.114	-0.085	0.651	-0.199	1.049	"3"
"代客"	0	0	0	2	0.463	0.355	0.447	0.735	-0.228	-0.17	-0.22	0.869	1.487	"4"
"以致"	1	0	0	0	0.231	0.178	0.223	0.368	0.636	-0.085	-0.11	-0.199	1.03	"1"
"价"	1	1	0	1	0.694	0.533	0.67	1.103	0.263	0.353	-0.33	-0.159	1.105	"2"
"价格"	0	5	2	0	1.619	1.244	1.564	2.573	-0.8	2.569	0.313	-1.393	5.075	"2"
"份"	0	1	0	0	0.231	0.178	0.223	0.368	-0.114	0.75	-0.11	-0.199	1.173	"2"
"伊格"	0	0	1	0	0.231	0.178	0.223	0.368	-0.114	-0.085	0.651	-0.199	1.049	"3"
"休市"	0	2	1	0	0.694	0.533	0.67	1.103	-0.343	1.078	0.274	-0.597	2.292	"2"
"优惠价"	1	0	0	0	0.231	0.178	0.223	0.368	0.636	-0.085	-0.11	-0.199	1.03	"1"
"伙伴"	2	0	0	0	0.463	0.355	0.447	0.735	1.272	-0.17	-0.22	-0.398	2.06	"1"
"会"	0	1	19	11	7.17	5.507	6.927	11.396	-3.541	-1.747	5.453	-0.282	11.023	"3"
"会员制"	0	0	0	1	0.231	0.178	0.223	0.368	-0.114	-0.085	-0.11	0.435	0.744	"4"
"会场馆"	0	0	1	0	0.231	0.178	0.223	0.368	-0.114	-0.085	0.651	-0.199	1.049	"3"
"会规"	0	0	1	0	0.231	0.178	0.223	0.368	-0.114	-0.085	0.651	-0.199	1.049	"3"
"传闻"	0	1	1	0	0.463	0.355	0.447	0.735	-0.228	0.49	0.401	-0.398	1.517	"2"
"估计"	0	0	0	1	0.231	0.178	0.223	0.368	-0.114	-0.085	-0.11	0.435	0.744	"4"
"低价股"	0	1	2	0	0.694	0.533	0.67	1.103	-0.343	0.353	0.895	-0.597	2.188	"3"
"低点"	0	1	0	0	0.231	0.178	0.223	0.368	-0.114	0.75	-0.11	-0.199	1.173	"2"
"低迷"	0	0	0	1	0.231	0.178	0.223	0.368	-0.114	-0.085	-0.11	0.435	0.744	"4"
"住宅"	0	0	1	0	0.231	0.178	0.223	0.368	-0.114	-0.085	0.651	-0.199	1.049	"3"
"佔"	0	0	0	4	0.925	0.711	0.894	1.47	-0.457	-0.34	-0.439	1.739	2.975	"4"
"佔尽"	1	0	0	0	0.231	0.178	0.223	0.368	0.636	-0.085	-0.11	-0.199	1.03	"1"
"何去何从"	0	0	1	0	0.231	0.178	0.223	0.368	-0.114	-0.085	0.651	-0.199	1.049	"3"
"作业"	0	0	0	1	0.231	0.178	0.223	0.368	-0.114	-0.085	-0.11	0.435	0.744	"4"
"佣金"	0	0	4	3	1.619	1.244	1.564	2.573	-0.8	-0.595	1.313	0.294	3.002	"3"
"供"	0	0	0	1	0.231	0.178	0.223	0.368	-0.114	-0.085	-0.11	0.435	0.744	"4"
"供应商"	2	0	0	0	0.463	0.355	0.447	0.735	1.272	-0.17	-0.22	-0.398	2.06	"1"
"供给"	0	0	2	0	0.463	0.355	0.447	0.735	-0.228	-0.17	1.302	-0.398	2.098	"3"
"侵权"	0	0	1	0	0.231	0.178	0.223	0.368	-0.114	-0.085	0.651	-0.199	1.049	"3"
"便"	1	0	0	0	0.231	0.178	0.223	0.368	0.636	-0.085	-0.11	-0.199	1.03	"1"
"促使"	0	1	0	0	0.231	0.178	0.223	0.368	-0.114	0.75	-0.11	-0.199	1.173	"2"
"促销"	1	0	0	0	0.231	0.178	0.223	0.368	0.636	-0.085	-0.11	-0.199	1.03	"1"
"保暖"	0	0	0	1	0.231	0.178	0.223	0.368	-0.114	-0.085	-0.11	0.435	0.744	"4"
"保证金"	0	0	0	5	1.156	0.888	1.117	1.838	-0.571	-0.425	-0.549	2.173	3.718	"4"
"保障"	1	0	0	0	0.231	0.178	0.223	0.368	0.636	-0.085	-0.11	-0.199	1.03	"1"
"信义"	0	0	1	0	0.231	0.178	0.223	0.368	-0.114	-0.085	0.651	-0.199	1.049	"3"
"信息"	0	0	2	1	0.694	0.533	0.67	1.103	-0.343	-0.255	0.895	-0.159	1.652	"3"
"信用"	0	1	0	4	1.156	0.888	1.117	1.838	-0.571	0.205	-0.549	1.191	2.516	"4"
"信用卡"	0	0	0	1	0.231	0.178	0.223	0.368	-0.114	-0.085	-0.11	0.435	0.744	"4"
"倒汇"	0	0	1	0	0.231	0.178	0.223	0.368	-0.114	-0.085	0.651	-0.199	1.049	"3"
"债"	0	0	0	1	0.231	0.178	0.223	0.368	-0.114	-0.085	-0.11	0.435	0.744	"4"
"债券"	0	0	3	2	1.156	0.888	1.117	1.838	-0.571	-0.425	1.111	0.218	2.325	"3"
"债权"	0	0	0	1	0.231	0.178	0.223	0.368	-0.114	-0.085	-0.11	0.435	0.744	"4"
"值"	0	1	1	0	0.463	0.355	0.447	0.735	-0.228	0.49	0.401	-0.398	1.517	"2"
"偏低"	0	1	0	0	0.231	0.178	0.223	0.368	-0.114	0.75	-0.11	-0.199	1.173	"2"
"偏僻"	0	0	1	0	0.231	0.178	0.223	0.368	-0.114	-0.085	0.651	-0.199	1.049	"3"
"做"	18	0	1	0	4.394	3.375	4.246	6.984	10.274	-1.614	-1.276	-3.781	16.945	"1"
"停止"	0	0	2	0	0.463	0.355	0.447	0.735	-0.228	-0.17	1.302	-0.398	2.098	"3"
"偿还"	0	0	1	0	0.231	0.178	0.223	0.368	-0.114	-0.085	0.651	-0.199	1.049	"3"
"儿女"	1	0	0	0	0.231	0.178	0.223	0.368	0.636	-0.085	-0.11	-0.199	1.03	"1"
"元月"	0	0	0	1	0.231	0.178	0.223	0.368	-0.114	-0.085	-0.11	0.435	0.744	"4"
"先生"	1	0	0	0	0.231	0.178	0.223	0.368	0.636	-0.085	-0.11	-0.199	1.03	"1"
"光宝"	0	0	0	1	0.231	0.178	0.223	0.368	-0.114	-0.085	-0.11	0.435	0.744	"4"
"光顾"	1	0	0	0	0.231	0.178	0.223	0.368	0.636	-0.085	-0.11	-0.199	1.03	"1"
"全"	0	9	0	0	2.082	1.599	2.011	3.308	-1.028	6.754	-0.989	-1.791	10.562	"2"
"全体"	0	0	0	1	0.231	0.178	0.223	0.368	-0.114	-0.085	-0.11	0.435	0.744	"4"
"全日"	0	1	0	0	0.231	0.178	0.223	0.368	-0.114	0.75	-0.11	-0.199	1.173	"2"
"全权"	0	0	0	1	0.231	0.178	0.223	0.368	-0.114	-0.085	-0.11	0.435	0.744	"4"
"全裸"	1	0	0	0	0.231	0.178	0.223	0.368	0.636	-0.085	-0.11	-0.199	1.03	"1"
"公"	0	0	0	1	0.231	0.178	0.223	0.368	-0.114	-0.085	-0.11	0.435	0.744	"4"
"公佈"	0	0	0	1	0.231	0.178	0.223	0.368	-0.114	-0.085	-0.11	0.435	0.744	"4"
"公司"	9	0	3	4	3.701	2.842	3.575	5.882	2.367	-1.359	-0.297	-0.618	4.641	"1"
"公平"	0	0	6	0	1.388	1.066	1.341	2.206	-0.685	-0.51	3.905	-1.194	6.294	"3"
"公开"	0	0	3	1	0.925	0.711	0.894	1.47	-0.457	-0.34	1.43	-0.274	2.501	"3"
"兴旺"	1	0	0	0	0.231	0.178	0.223	0.368	0.636	-0.085	-0.11	-0.199	1.03	"1"
"兴隆"	3	0	0	0	0.694	0.533	0.67	1.103	1.908	-0.255	-0.33	-0.597	3.09	"1"
"其"	0	0	1	0	0.231	0.178	0.223	0.368	-0.114	-0.085	0.651	-0.199	1.049	"3"
"其后"	0	1	0	0	0.231	0.178	0.223	0.368	-0.114	0.75	-0.11	-0.199	1.173	"2"
"内线"	0	1	0	0	0.231	0.178	0.223	0.368	-0.114	0.75	-0.11	-0.199	1.173	"2"
"内部人"	0	0	0	1	0.231	0.178	0.223	0.368	-0.114	-0.085	-0.11	0.435	0.744	"4"
"军火"	0	0	3	0	0.694	0.533	0.67	1.103	-0.343	-0.255	1.952	-0.597	3.147	"3"
"农产品"	0	0	2	0	0.463	0.355	0.447	0.735	-0.228	-0.17	1.302	-0.398	2.098	"3"
"冯久玲"	1	0	0	0	0.231	0.178	0.223	0.368	0.636	-0.085	-0.11	-0.199	1.03	"1"
"冷冷清清"	1	0	0	0	0.231	0.178	0.223	0.368	0.636	-0.085	-0.11	-0.199	1.03	"1"
"净额"	0	0	0	2	0.463	0.355	0.447	0.735	-0.228	-0.17	-0.22	0.869	1.487	"4"
"减少"	2	0	0	0	0.463	0.355	0.447	0.735	1.272	-0.17	-0.22	-0.398	2.06	"1"
"减少到"	0	2	0	0	0.463	0.355	0.447	0.735	-0.228	1.501	-0.22	-0.398	2.347	"2"
"几经"	0	0	1	0	0.231	0.178	0.223	0.368	-0.114	-0.085	0.651	-0.199	1.049	"3"
"出口商品"	0	0	2	1	0.694	0.533	0.67	1.103	-0.343	-0.255	0.895	-0.159	1.652	"3"
"出气筒"	1	0	0	0	0.231	0.178	0.223	0.368	0.636	-0.085	-0.11	-0.199	1.03	"1"
"出让"	0	0	1	0	0.231	0.178	0.223	0.368	-0.114	-0.085	0.651	-0.199	1.049	"3"
"出门"	2	0	0	0	0.463	0.355	0.447	0.735	1.272	-0.17	-0.22	-0.398	2.06	"1"
"分为"	0	0	1	0	0.231	0.178	0.223	0.368	-0.114	-0.085	0.651	-0.199	1.049	"3"
"分别"	0	0	0	2	0.463	0.355	0.447	0.735	-0.228	-0.17	-0.22	0.869	1.487	"4"
"分店"	1	0	0	0	0.231	0.178	0.223	0.368	0.636	-0.085	-0.11	-0.199	1.03	"1"
"分离"	0	0	1	0	0.231	0.178	0.223	0.368	-0.114	-0.085	0.651	-0.199	1.049	"3"
"分行"	0	0	0	2	0.463	0.355	0.447	0.735	-0.228	-0.17	-0.22	0.869	1.487	"4"
"切尔西"	0	0	1	0	0.231	0.178	0.223	0.368	-0.114	-0.085	0.651	-0.199	1.049	"3"
"刘桂銮"	1	0	0	0	0.231	0.178	0.223	0.368	0.636	-0.085	-0.11	-0.199	1.03	"1"
"创下"	0	1	0	0	0.231	0.178	0.223	0.368	-0.114	0.75	-0.11	-0.199	1.173	"2"
"创出"	0	2	0	0	0.463	0.355	0.447	0.735	-0.228	1.501	-0.22	-0.398	2.347	"2"
"利润"	1	0	0	0	0.231	0.178	0.223	0.368	0.636	-0.085	-0.11	-0.199	1.03	"1"
"利空"	0	2	0	0	0.463	0.355	0.447	0.735	-0.228	1.501	-0.22	-0.398	2.347	"2"
"到手"	1	0	0	0	0.231	0.178	0.223	0.368	0.636	-0.085	-0.11	-0.199	1.03	"1"
"到货量"	0	1	0	0	0.231	0.178	0.223	0.368	-0.114	0.75	-0.11	-0.199	1.173	"2"
"制度"	0	1	4	2	1.619	1.244	1.564	2.573	-0.8	-0.195	1.313	-0.308	2.616	"3"
"制止"	0	0	1	0	0.231	0.178	0.223	0.368	-0.114	-0.085	0.651	-0.199	1.049	"3"
"制造商"	0	2	1	0	0.694	0.533	0.67	1.103	-0.343	1.078	0.274	-0.597	2.292	"2"
"券"	0	0	1	0	0.231	0.178	0.223	0.368	-0.114	-0.085	0.651	-0.199	1.049	"3"
"券商"	0	1	0	1	0.463	0.355	0.447	0.735	-0.228	0.49	-0.22	0.222	1.16	"2"
"刺激"	0	0	2	0	0.463	0.355	0.447	0.735	-0.228	-0.17	1.302	-0.398	2.098	"3"
"前科"	0	0	1	0	0.231	0.178	0.223	0.368	-0.114	-0.085	0.651	-0.199	1.049	"3"
"剔除"	0	0	0	1	0.231	0.178	0.223	0.368	-0.114	-0.085	-0.11	0.435	0.744	"4"
"副食"	1	0	0	0	0.231	0.178	0.223	0.368	0.636	-0.085	-0.11	-0.199	1.03	"1"
"力推"	0	0	0	1	0.231	0.178	0.223	0.368	-0.114	-0.085	-0.11	0.435	0.744	"4"
"办理"	0	0	0	1	0.231	0.178	0.223	0.368	-0.114	-0.085	-0.11	0.435	0.744	"4"
"功能"	0	0	1	2	0.694	0.533	0.67	1.103	-0.343	-0.255	0.274	0.514	1.386	"4"
"加上"	1	0	0	0	0.231	0.178	0.223	0.368	0.636	-0.085	-0.11	-0.199	1.03	"1"
"加工"	0	0	0	1	0.231	0.178	0.223	0.368	-0.114	-0.085	-0.11	0.435	0.744	"4"
"动产"	0	0	1	0	0.231	0.178	0.223	0.368	-0.114	-0.085	0.651	-0.199	1.049	"3"
"包心白菜"	0	1	0	0	0.231	0.178	0.223	0.368	-0.114	0.75	-0.11	-0.199	1.173	"2"
"包销"	0	0	1	1	0.463	0.355	0.447	0.735	-0.228	-0.17	0.401	0.222	1.021	"3"
"北方"	0	0	0	1	0.231	0.178	0.223	0.368	-0.114	-0.085	-0.11	0.435	0.744	"4"
"区分"	0	0	0	1	0.231	0.178	0.223	0.368	-0.114	-0.085	-0.11	0.435	0.744	"4"
"十五点七"	0	1	0	0	0.231	0.178	0.223	0.368	-0.114	0.75	-0.11	-0.199	1.173	"2"
"十六日"	0	0	1	0	0.231	0.178	0.223	0.368	-0.114	-0.085	0.651	-0.199	1.049	"3"
"十月份"	0	0	0	1	0.231	0.178	0.223	0.368	-0.114	-0.085	-0.11	0.435	0.744	"4"
"升"	0	1	0	0	0.231	0.178	0.223	0.368	-0.114	0.75	-0.11	-0.199	1.173	"2"
"升温"	0	0	0	1	0.231	0.178	0.223	0.368	-0.114	-0.085	-0.11	0.435	0.744	"4"
"升级"	0	0	0	1	0.231	0.178	0.223	0.368	-0.114	-0.085	-0.11	0.435	0.744	"4"
"华人"	2	0	0	0	0.463	0.355	0.447	0.735	1.272	-0.17	-0.22	-0.398	2.06	"1"
"华尔街"	0	1	0	0	0.231	0.178	0.223	0.368	-0.114	0.75	-0.11	-0.199	1.173	"2"
"华指出"	0	0	1	0	0.231	0.178	0.223	0.368	-0.114	-0.085	0.651	-0.199	1.049	"3"
"华通"	0	0	0	1	0.231	0.178	0.223	0.368	-0.114	-0.085	-0.11	0.435	0.744	"4"
"协议"	0	0	2	0	0.463	0.355	0.447	0.735	-0.228	-0.17	1.302	-0.398	2.098	"3"
"单独"	0	0	0	1	0.231	0.178	0.223	0.368	-0.114	-0.085	-0.11	0.435	0.744	"4"
"卖"	2	0	0	0	0.463	0.355	0.447	0.735	1.272	-0.17	-0.22	-0.398	2.06	"1"
"卖空"	0	0	0	1	0.231	0.178	0.223	0.368	-0.114	-0.085	-0.11	0.435	0.744	"4"
"南安市"	0	0	0	1	0.231	0.178	0.223	0.368	-0.114	-0.085	-0.11	0.435	0.744	"4"
"占"	0	3	0	0	0.694	0.533	0.67	1.103	-0.343	2.251	-0.33	-0.597	3.521	"2"
"卢太城"	1	0	0	0	0.231	0.178	0.223	0.368	0.636	-0.085	-0.11	-0.199	1.03	"1"
"卢鹤龄"	1	0	0	0	0.231	0.178	0.223	0.368	0.636	-0.085	-0.11	-0.199	1.03	"1"
"印"	0	0	1	0	0.231	0.178	0.223	0.368	-0.114	-0.085	0.651	-0.199	1.049	"3"
"印花税"	0	1	0	2	0.694	0.533	0.67	1.103	-0.343	0.353	-0.33	0.514	1.54	"4"
"原则上"	0	0	0	1	0.231	0.178	0.223	0.368	-0.114	-0.085	-0.11	0.435	0.744	"4"
"参会"	0	0	1	0	0.231	0.178	0.223	0.368	-0.114	-0.085	0.651	-0.199	1.049	"3"
"参半"	0	1	0	0	0.231	0.178	0.223	0.368	-0.114	0.75	-0.11	-0.199	1.173	"2"
"参展"	0	0	4	0	0.925	0.711	0.894	1.47	-0.457	-0.34	2.603	-0.796	4.196	"3"
"参考"	0	0	0	1	0.231	0.178	0.223	0.368	-0.114	-0.085	-0.11	0.435	0.744	"4"
"及"	0	0	2	1	0.694	0.533	0.67	1.103	-0.343	-0.255	0.895	-0.159	1.652	"3"
"发展"	0	0	0	1	0.231	0.178	0.223	0.368	-0.114	-0.085	-0.11	0.435	0.744	"4"
"发展商"	0	0	0	3	0.694	0.533	0.67	1.103	-0.343	-0.255	-0.33	1.304	2.232	"4"
"发展成"	1	0	0	0	0.231	0.178	0.223	0.368	0.636	-0.085	-0.11	-0.199	1.03	"1"
"发廊"	1	0	0	0	0.231	0.178	0.223	0.368	0.636	-0.085	-0.11	-0.199	1.03	"1"
"取款"	0	0	1	0	0.231	0.178	0.223	0.368	-0.114	-0.085	0.651	-0.199	1.049	"3"
"取缔"	0	0	0	1	0.231	0.178	0.223	0.368	-0.114	-0.085	-0.11	0.435	0.744	"4"
"受"	4	0	0	0	0.925	0.711	0.894	1.47	2.543	-0.34	-0.439	-0.796	4.118	"1"
"受任"	0	0	1	0	0.231	0.178	0.223	0.368	-0.114	-0.085	0.651	-0.199	1.049	"3"
"受到"	2	0	0	0	0.463	0.355	0.447	0.735	1.272	-0.17	-0.22	-0.398	2.06	"1"
"受託"	0	0	0	2	0.463	0.355	0.447	0.735	-0.228	-0.17	-0.22	0.869	1.487	"4"
"受让"	0	0	1	0	0.231	0.178	0.223	0.368	-0.114	-0.085	0.651	-0.199	1.049	"3"
"受访"	4	0	0	0	0.925	0.711	0.894	1.47	2.543	-0.34	-0.439	-0.796	4.118	"1"
"受限制"	0	0	1	0	0.231	0.178	0.223	0.368	-0.114	-0.085	0.651	-0.199	1.049	"3"
"变革"	0	0	1	0	0.231	0.178	0.223	0.368	-0.114	-0.085	0.651	-0.199	1.049	"3"
"可口可乐"	0	0	0	1	0.231	0.178	0.223	0.368	-0.114	-0.085	-0.11	0.435	0.744	"4"
"可疑"	0	0	0	1	0.231	0.178	0.223	0.368	-0.114	-0.085	-0.11	0.435	0.744	"4"
"台"	0	0	0	1	0.231	0.178	0.223	0.368	-0.114	-0.085	-0.11	0.435	0.744	"4"
"台北市果"	0	0	1	0	0.231	0.178	0.223	0.368	-0.114	-0.085	0.651	-0.199	1.049	"3"
"史佩特"	0	0	0	1	0.231	0.178	0.223	0.368	-0.114	-0.085	-0.11	0.435	0.744	"4"
"叶菜类"	0	2	0	0	0.463	0.355	0.447	0.735	-0.228	1.501	-0.22	-0.398	2.347	"2"
"司"	1	0	0	1	0.463	0.355	0.447	0.735	0.388	-0.17	-0.22	0.222	1	"1"
"司机"	2	0	0	0	0.463	0.355	0.447	0.735	1.272	-0.17	-0.22	-0.398	2.06	"1"
"合并"	0	0	1	1	0.463	0.355	0.447	0.735	-0.228	-0.17	0.401	0.222	1.021	"3"
"合法"	0	1	0	1	0.463	0.355	0.447	0.735	-0.228	0.49	-0.22	0.222	1.16	"2"
"合约"	0	0	0	1	0.231	0.178	0.223	0.368	-0.114	-0.085	-0.11	0.435	0.744	"4"
"同业"	0	0	0	2	0.463	0.355	0.447	0.735	-0.228	-0.17	-0.22	0.869	1.487	"4"
"同乡"	1	0	0	0	0.231	0.178	0.223	0.368	0.636	-0.085	-0.11	-0.199	1.03	"1"
"同步"	0	0	1	0	0.231	0.178	0.223	0.368	-0.114	-0.085	0.651	-0.199	1.049	"3"
"名牌"	0	0	1	0	0.231	0.178	0.223	0.368	-0.114	-0.085	0.651	-0.199	1.049	"3"
"后来"	1	0	0	0	0.231	0.178	0.223	0.368	0.636	-0.085	-0.11	-0.199	1.03	"1"
"吨"	0	2	0	2	0.925	0.711	0.894	1.47	-0.457	0.831	-0.439	0.33	2.057	"2"
"听说"	1	0	0	0	0.231	0.178	0.223	0.368	0.636	-0.085	-0.11	-0.199	1.03	"1"
"吴女"	0	0	2	0	0.463	0.355	0.447	0.735	-0.228	-0.17	1.302	-0.398	2.098	"3"
"周"	0	1	1	0	0.463	0.355	0.447	0.735	-0.228	0.49	0.401	-0.398	1.517	"2"
"周文杰"	0	0	1	0	0.231	0.178	0.223	0.368	-0.114	-0.085	0.651	-0.199	1.049	"3"
"周璇"	0	0	1	0	0.231	0.178	0.223	0.368	-0.114	-0.085	0.651	-0.199	1.049	"3"
"周转"	0	0	1	1	0.463	0.355	0.447	0.735	-0.228	-0.17	0.401	0.222	1.021	"3"
"周阿定"	0	0	0	1	0.231	0.178	0.223	0.368	-0.114	-0.085	-0.11	0.435	0.744	"4"
"咖啡室"	1	0	0	0	0.231	0.178	0.223	0.368	0.636	-0.085	-0.11	-0.199	1.03	"1"
"品种"	0	0	1	0	0.231	0.178	0.223	0.368	-0.114	-0.085	0.651	-0.199	1.049	"3"
"唐人街"	1	0	0	0	0.231	0.178	0.223	0.368	0.636	-0.085	-0.11	-0.199	1.03	"1"
"商"	0	0	1	1	0.463	0.355	0.447	0.735	-0.228	-0.17	0.401	0.222	1.021	"3"
"商业"	0	0	0	2	0.463	0.355	0.447	0.735	-0.228	-0.17	-0.22	0.869	1.487	"4"
"商业区"	1	0	0	0	0.231	0.178	0.223	0.368	0.636	-0.085	-0.11	-0.199	1.03	"1"
"商人"	2	0	0	0	0.463	0.355	0.447	0.735	1.272	-0.17	-0.22	-0.398	2.06	"1"
"商会"	0	0	1	0	0.231	0.178	0.223	0.368	-0.114	-0.085	0.651	-0.199	1.049	"3"
"商务"	1	0	0	1	0.463	0.355	0.447	0.735	0.388	-0.17	-0.22	0.222	1	"1"
"商品"	0	0	0	7	1.619	1.244	1.564	2.573	-0.8	-0.595	-0.769	3.042	5.206	"4"
"商圈"	1	0	0	0	0.231	0.178	0.223	0.368	0.636	-0.085	-0.11	-0.199	1.03	"1"
"商场"	2	0	0	0	0.463	0.355	0.447	0.735	1.272	-0.17	-0.22	-0.398	2.06	"1"
"商家"	7	0	0	0	1.619	1.244	1.564	2.573	4.451	-0.595	-0.769	-1.393	7.208	"1"
"商店"	1	0	0	0	0.231	0.178	0.223	0.368	0.636	-0.085	-0.11	-0.199	1.03	"1"
"啤酒"	1	0	0	0	0.231	0.178	0.223	0.368	0.636	-0.085	-0.11	-0.199	1.03	"1"
"器官"	0	0	3	0	0.694	0.533	0.67	1.103	-0.343	-0.255	1.952	-0.597	3.147	"3"
"回升"	0	1	0	0	0.231	0.178	0.223	0.368	-0.114	0.75	-0.11	-0.199	1.173	"2"
"回软"	0	1	0	0	0.231	0.178	0.223	0.368	-0.114	0.75	-0.11	-0.199	1.173	"2"
"因为"	3	0	0	0	0.694	0.533	0.67	1.103	1.908	-0.255	-0.33	-0.597	3.09	"1"
"国有资产"	0	0	1	0	0.231	0.178	0.223	0.368	-0.114	-0.085	0.651	-0.199	1.049	"3"
"国油"	0	1	0	0	0.231	0.178	0.223	0.368	-0.114	0.75	-0.11	-0.199	1.173	"2"
"国通"	0	0	0	1	0.231	0.178	0.223	0.368	-0.114	-0.085	-0.11	0.435	0.744	"4"
"土地"	0	0	4	1	1.156	0.888	1.117	1.838	-0.571	-0.425	1.99	-0.403	3.389	"3"
"在线"	0	0	1	0	0.231	0.178	0.223	0.368	-0.114	-0.085	0.651	-0.199	1.049	"3"
"在线版"	0	0	0	1	0.231	0.178	0.223	0.368	-0.114	-0.085	-0.11	0.435	0.744	"4"
"地产"	0	1	0	0	0.231	0.178	0.223	0.368	-0.114	0.75	-0.11	-0.199	1.173	"2"
"地址"	1	0	0	0	0.231	0.178	0.223	0.368	0.636	-0.085	-0.11	-0.199	1.03	"1"
"地矿部"	0	0	0	1	0.231	0.178	0.223	0.368	-0.114	-0.085	-0.11	0.435	0.744	"4"
"地铁站"	1	0	0	0	0.231	0.178	0.223	0.368	0.636	-0.085	-0.11	-0.199	1.03	"1"
"场"	0	0	0	1	0.231	0.178	0.223	0.368	-0.114	-0.085	-0.11	0.435	0.744	"4"
"坊"	1	0	0	0	0.231	0.178	0.223	0.368	0.636	-0.085	-0.11	-0.199	1.03	"1"
"垂"	1	0	0	0	0.231	0.178	0.223	0.368	0.636	-0.085	-0.11	-0.199	1.03	"1"
"境外"	0	0	0	1	0.231	0.178	0.223	0.368	-0.114	-0.085	-0.11	0.435	0.744	"4"
"增值税"	0	0	1	1	0.463	0.355	0.447	0.735	-0.228	-0.17	0.401	0.222	1.021	"3"
"增加"	0	0	2	1	0.694	0.533	0.67	1.103	-0.343	-0.255	0.895	-0.159	1.652	"3"
"增订"	0	0	0	1	0.231	0.178	0.223	0.368	-0.114	-0.085	-0.11	0.435	0.744	"4"
"处以"	0	0	0	1	0.231	0.178	0.223	0.368	-0.114	-0.085	-0.11	0.435	0.744	"4"
"外"	1	0	0	0	0.231	0.178	0.223	0.368	0.636	-0.085	-0.11	-0.199	1.03	"1"
"外汇"	0	0	1	14	3.469	2.665	3.352	5.514	-1.714	-1.274	-0.922	5.091	9.001	"4"
"外资"	0	1	0	2	0.694	0.533	0.67	1.103	-0.343	0.353	-0.33	0.514	1.54	"4"
"夜间"	0	0	0	1	0.231	0.178	0.223	0.368	-0.114	-0.085	-0.11	0.435	0.744	"4"
"大一"	0	0	1	0	0.231	0.178	0.223	0.368	-0.114	-0.085	0.651	-0.199	1.049	"3"
"大华"	0	0	0	1	0.231	0.178	0.223	0.368	-0.114	-0.085	-0.11	0.435	0.744	"4"
"大厅"	1	0	0	0	0.231	0.178	0.223	0.368	0.636	-0.085	-0.11	-0.199	1.03	"1"
"大宗"	0	0	1	0	0.231	0.178	0.223	0.368	-0.114	-0.085	0.651	-0.199	1.049	"3"
"大幅"	0	3	0	1	0.925	0.711	0.894	1.47	-0.457	1.711	-0.439	-0.274	2.881	"2"
"大涨"	0	1	0	0	0.231	0.178	0.223	0.368	-0.114	0.75	-0.11	-0.199	1.173	"2"
"大约"	2	0	0	0	0.463	0.355	0.447	0.735	1.272	-0.17	-0.22	-0.398	2.06	"1"
"大跌"	1	0	0	0	0.231	0.178	0.223	0.368	0.636	-0.085	-0.11	-0.199	1.03	"1"
"大都"	0	0	0	1	0.231	0.178	0.223	0.368	-0.114	-0.085	-0.11	0.435	0.744	"4"
"大阪"	0	1	0	0	0.231	0.178	0.223	0.368	-0.114	0.75	-0.11	-0.199	1.173	"2"
"天"	0	11	4	4	4.394	3.375	4.246	6.984	-2.17	3.99	-0.24	-0.934	7.334	"2"
"天下"	1	0	0	0	0.231	0.178	0.223	0.368	0.636	-0.085	-0.11	-0.199	1.03	"1"
"太"	1	0	0	0	0.231	0.178	0.223	0.368	0.636	-0.085	-0.11	-0.199	1.03	"1"
"太多"	1	0	0	0	0.231	0.178	0.223	0.368	0.636	-0.085	-0.11	-0.199	1.03	"1"
"夫"	1	0	0	0	0.231	0.178	0.223	0.368	0.636	-0.085	-0.11	-0.199	1.03	"1"
"夫子庙"	1	0	0	0	0.231	0.178	0.223	0.368	0.636	-0.085	-0.11	-0.199	1.03	"1"
"失败"	3	0	0	0	0.694	0.533	0.67	1.103	1.908	-0.255	-0.33	-0.597	3.09	"1"
"头脑"	1	0	0	0	0.231	0.178	0.223	0.368	0.636	-0.085	-0.11	-0.199	1.03	"1"
"奇怪"	1	0	0	0	0.231	0.178	0.223	0.368	0.636	-0.085	-0.11	-0.199	1.03	"1"
"奇石"	0	0	0	2	0.463	0.355	0.447	0.735	-0.228	-0.17	-0.22	0.869	1.487	"4"
"奈"	1	0	0	0	0.231	0.178	0.223	0.368	0.636	-0.085	-0.11	-0.199	1.03	"1"
"契"	0	0	0	1	0.231	0.178	0.223	0.368	-0.114	-0.085	-0.11	0.435	0.744	"4"
"契约"	0	0	4	0	0.925	0.711	0.894	1.47	-0.457	-0.34	2.603	-0.796	4.196	"3"
"奖状"	0	0	0	1	0.231	0.178	0.223	0.368	-0.114	-0.085	-0.11	0.435	0.744	"4"
"套利"	0	0	0	1	0.231	0.178	0.223	0.368	-0.114	-0.085	-0.11	0.435	0.744	"4"
"奥布提玛克"	0	1	0	0	0.231	0.178	0.223	0.368	-0.114	0.75	-0.11	-0.199	1.173	"2"
"女强人"	1	0	0	0	0.231	0.178	0.223	0.368	0.636	-0.085	-0.11	-0.199	1.03	"1"
"女朋友"	1	0	0	0	0.231	0.178	0.223	0.368	0.636	-0.085	-0.11	-0.199	1.03	"1"
"好"	14	0	0	0	3.238	2.487	3.128	5.146	8.902	-1.189	-1.538	-2.786	14.415	"1"
"好不容易"	1	0	0	0	0.231	0.178	0.223	0.368	0.636	-0.085	-0.11	-0.199	1.03	"1"
"好些"	1	0	0	0	0.231	0.178	0.223	0.368	0.636	-0.085	-0.11	-0.199	1.03	"1"
"好比"	1	0	0	0	0.231	0.178	0.223	0.368	0.636	-0.085	-0.11	-0.199	1.03	"1"
"好转"	1	0	0	0	0.231	0.178	0.223	0.368	0.636	-0.085	-0.11	-0.199	1.03	"1"
"妻子"	2	0	0	0	0.463	0.355	0.447	0.735	1.272	-0.17	-0.22	-0.398	2.06	"1"
"委"	0	0	0	1	0.231	0.178	0.223	0.368	-0.114	-0.085	-0.11	0.435	0.744	"4"
"委员会"	0	0	0	2	0.463	0.355	0.447	0.735	-0.228	-0.17	-0.22	0.869	1.487	"4"
"委托"	0	0	0	1	0.231	0.178	0.223	0.368	-0.114	-0.085	-0.11	0.435	0.744	"4"
"委託"	0	0	0	1	0.231	0.178	0.223	0.368	-0.114	-0.085	-0.11	0.435	0.744	"4"
"媒合"	0	0	0	1	0.231	0.178	0.223	0.368	-0.114	-0.085	-0.11	0.435	0.744	"4"
"子系统"	0	0	0	3	0.694	0.533	0.67	1.103	-0.343	-0.255	-0.33	1.304	2.232	"4"
"存量房"	0	0	1	0	0.231	0.178	0.223	0.368	-0.114	-0.085	0.651	-0.199	1.049	"3"
"宇航"	0	0	1	0	0.231	0.178	0.223	0.368	-0.114	-0.085	0.651	-0.199	1.049	"3"
"安全性"	0	0	1	0	0.231	0.178	0.223	0.368	-0.114	-0.085	0.651	-0.199	1.049	"3"
"完成"	0	0	1	1	0.463	0.355	0.447	0.735	-0.228	-0.17	0.401	0.222	1.021	"3"
"完毕"	0	0	0	1	0.231	0.178	0.223	0.368	-0.114	-0.085	-0.11	0.435	0.744	"4"
"宗"	0	0	0	4	0.925	0.711	0.894	1.47	-0.457	-0.34	-0.439	1.739	2.975	"4"
"宗数"	0	1	0	0	0.231	0.178	0.223	0.368	-0.114	0.75	-0.11	-0.199	1.173	"2"
"官桥"	0	0	0	1	0.231	0.178	0.223	0.368	-0.114	-0.085	-0.11	0.435	0.744	"4"
"定点"	0	0	0	1	0.231	0.178	0.223	0.368	-0.114	-0.085	-0.11	0.435	0.744	"4"
"宝来"	0	0	0	1	0.231	0.178	0.223	0.368	-0.114	-0.085	-0.11	0.435	0.744	"4"
"宝贵"	0	0	1	0	0.231	0.178	0.223	0.368	-0.114	-0.085	0.651	-0.199	1.049	"3"
"实体"	0	0	0	1	0.231	0.178	0.223	0.368	-0.114	-0.085	-0.11	0.435	0.744	"4"
"实务"	0	0	0	1	0.231	0.178	0.223	0.368	-0.114	-0.085	-0.11	0.435	0.744	"4"
"实质"	0	0	1	0	0.231	0.178	0.223	0.368	-0.114	-0.085	0.651	-0.199	1.049	"3"
"审核"	0	0	1	0	0.231	0.178	0.223	0.368	-0.114	-0.085	0.651	-0.199	1.049	"3"
"客商"	0	1	0	1	0.463	0.355	0.447	0.735	-0.228	0.49	-0.22	0.222	1.16	"2"
"客户"	1	0	0	3	0.925	0.711	0.894	1.47	0.187	-0.34	-0.439	0.842	1.808	"4"
"家家"	1	0	0	0	0.231	0.178	0.223	0.368	0.636	-0.085	-0.11	-0.199	1.03	"1"
"容许"	0	0	2	0	0.463	0.355	0.447	0.735	-0.228	-0.17	1.302	-0.398	2.098	"3"
"密歇根州"	0	0	1	0	0.231	0.178	0.223	0.368	-0.114	-0.085	0.651	-0.199	1.049	"3"
"密码"	0	0	1	0	0.231	0.178	0.223	0.368	-0.114	-0.085	0.651	-0.199	1.049	"3"
"寻常"	0	0	0	1	0.231	0.178	0.223	0.368	-0.114	-0.085	-0.11	0.435	0.744	"4"
"小"	2	0	0	0	0.463	0.355	0.447	0.735	1.272	-0.17	-0.22	-0.398	2.06	"1"
"小心"	1	0	0	0	0.231	0.178	0.223	0.368	0.636	-0.085	-0.11	-0.199	1.03	"1"
"小户"	0	0	0	1	0.231	0.178	0.223	0.368	-0.114	-0.085	-0.11	0.435	0.744	"4"
"小额"	0	0	0	2	0.463	0.355	0.447	0.735	-0.228	-0.17	-0.22	0.869	1.487	"4"
"少"	2	0	0	0	0.463	0.355	0.447	0.735	1.272	-0.17	-0.22	-0.398	2.06	"1"
"少年性"	0	0	1	0	0.231	0.178	0.223	0.368	-0.114	-0.085	0.651	-0.199	1.049	"3"
"尖峰"	0	0	1	0	0.231	0.178	0.223	0.368	-0.114	-0.085	0.651	-0.199	1.049	"3"
"尤"	0	0	1	0	0.231	0.178	0.223	0.368	-0.114	-0.085	0.651	-0.199	1.049	"3"
"尿素"	0	0	1	0	0.231	0.178	0.223	0.368	-0.114	-0.085	0.651	-0.199	1.049	"3"
"届"	0	0	4	3	1.619	1.244	1.564	2.573	-0.8	-0.595	1.313	0.294	3.002	"3"
"展厅"	0	0	1	0	0.231	0.178	0.223	0.368	-0.114	-0.085	0.651	-0.199	1.049	"3"
"展示"	0	0	3	1	0.925	0.711	0.894	1.47	-0.457	-0.34	1.43	-0.274	2.501	"3"
"岫玉"	0	0	0	2	0.463	0.355	0.447	0.735	-0.228	-0.17	-0.22	0.869	1.487	"4"
"工业品网"	0	0	0	1	0.231	0.178	0.223	0.368	-0.114	-0.085	-0.11	0.435	0.744	"4"
"工业局"	0	0	0	1	0.231	0.178	0.223	0.368	-0.114	-0.085	-0.11	0.435	0.744	"4"
"工作圈"	0	0	1	0	0.231	0.178	0.223	0.368	-0.114	-0.085	0.651	-0.199	1.049	"3"
"工具"	0	0	1	1	0.463	0.355	0.447	0.735	-0.228	-0.17	0.401	0.222	1.021	"3"
"巨额"	0	0	1	0	0.231	0.178	0.223	0.368	-0.114	-0.085	0.651	-0.199	1.049	"3"
"差"	2	0	0	0	0.463	0.355	0.447	0.735	1.272	-0.17	-0.22	-0.398	2.06	"1"
"币"	0	0	0	3	0.694	0.533	0.67	1.103	-0.343	-0.255	-0.33	1.304	2.232	"4"
"市值"	0	0	0	1	0.231	0.178	0.223	0.368	-0.114	-0.085	-0.11	0.435	0.744	"4"
"市况"	0	1	0	0	0.231	0.178	0.223	0.368	-0.114	0.75	-0.11	-0.199	1.173	"2"
"市场"	0	8	4	54	15.265	11.725	14.749	24.261	-7.539	-0.829	-3.455	13.108	24.931	"4"
"市场价值"	0	0	1	0	0.231	0.178	0.223	0.368	-0.114	-0.085	0.651	-0.199	1.049	"3"
"市场日"	0	0	0	1	0.231	0.178	0.223	0.368	-0.114	-0.085	-0.11	0.435	0.744	"4"
"市影"	0	1	0	0	0.231	0.178	0.223	0.368	-0.114	0.75	-0.11	-0.199	1.173	"2"
"市集"	0	0	0	1	0.231	0.178	0.223	0.368	-0.114	-0.085	-0.11	0.435	0.744	"4"
"帐户"	0	0	0	1	0.231	0.178	0.223	0.368	-0.114	-0.085	-0.11	0.435	0.744	"4"
"帐目"	0	0	1	0	0.231	0.178	0.223	0.368	-0.114	-0.085	0.651	-0.199	1.049	"3"
"带动"	2	0	0	0	0.463	0.355	0.447	0.735	1.272	-0.17	-0.22	-0.398	2.06	"1"
"带来"	1	0	0	0	0.231	0.178	0.223	0.368	0.636	-0.085	-0.11	-0.199	1.03	"1"
"常"	0	0	1	0	0.231	0.178	0.223	0.368	-0.114	-0.085	0.651	-0.199	1.049	"3"
"常态"	1	0	0	0	0.231	0.178	0.223	0.368	0.636	-0.085	-0.11	-0.199	1.03	"1"
"干扰"	0	0	0	1	0.231	0.178	0.223	0.368	-0.114	-0.085	-0.11	0.435	0.744	"4"
"干扰到"	1	0	0	0	0.231	0.178	0.223	0.368	0.636	-0.085	-0.11	-0.199	1.03	"1"
"干货"	1	0	0	0	0.231	0.178	0.223	0.368	0.636	-0.085	-0.11	-0.199	1.03	"1"
"平台"	0	0	0	4	0.925	0.711	0.894	1.47	-0.457	-0.34	-0.439	1.739	2.975	"4"
"平均"	0	1	0	0	0.231	0.178	0.223	0.368	-0.114	0.75	-0.11	-0.199	1.173	"2"
"平方米"	0	0	1	0	0.231	0.178	0.223	0.368	-0.114	-0.085	0.651	-0.199	1.049	"3"
"平湖镇"	2	0	0	0	0.463	0.355	0.447	0.735	1.272	-0.17	-0.22	-0.398	2.06	"1"
"平顺"	0	1	0	0	0.231	0.178	0.223	0.368	-0.114	0.75	-0.11	-0.199	1.173	"2"
"并购"	0	1	0	0	0.231	0.178	0.223	0.368	-0.114	0.75	-0.11	-0.199	1.173	"2"
"广交会"	0	0	1	0	0.231	0.178	0.223	0.368	-0.114	-0.085	0.651	-0.199	1.049	"3"
"广场"	2	0	0	0	0.463	0.355	0.447	0.735	1.272	-0.17	-0.22	-0.398	2.06	"1"
"店头"	0	0	0	2	0.463	0.355	0.447	0.735	-0.228	-0.17	-0.22	0.869	1.487	"4"
"店家"	1	0	0	0	0.231	0.178	0.223	0.368	0.636	-0.085	-0.11	-0.199	1.03	"1"
"庞大"	0	0	1	0	0.231	0.178	0.223	0.368	-0.114	-0.085	0.651	-0.199	1.049	"3"
"康柏"	0	1	0	0	0.231	0.178	0.223	0.368	-0.114	0.75	-0.11	-0.199	1.173	"2"
"延后"	0	0	1	0	0.231	0.178	0.223	0.368	-0.114	-0.085	0.651	-0.199	1.049	"3"
"延长"	0	0	0	12	2.775	2.132	2.682	4.411	-1.371	-1.019	-1.318	5.216	8.924	"4"
"建档"	0	0	0	1	0.231	0.178	0.223	0.368	-0.114	-0.085	-0.11	0.435	0.744	"4"
"建置"	0	0	0	1	0.231	0.178	0.223	0.368	-0.114	-0.085	-0.11	0.435	0.744	"4"
"建行"	0	0	0	1	0.231	0.178	0.223	0.368	-0.114	-0.085	-0.11	0.435	0.744	"4"
"开"	1	0	0	0	0.231	0.178	0.223	0.368	0.636	-0.085	-0.11	-0.199	1.03	"1"
"开业"	1	0	0	1	0.463	0.355	0.447	0.735	0.388	-0.17	-0.22	0.222	1	"1"
"开市"	0	1	0	0	0.231	0.178	0.223	0.368	-0.114	0.75	-0.11	-0.199	1.173	"2"
"开幕"	0	0	1	1	0.463	0.355	0.447	0.735	-0.228	-0.17	0.401	0.222	1.021	"3"
"开户"	0	0	0	1	0.231	0.178	0.223	0.368	-0.114	-0.085	-0.11	0.435	0.744	"4"
"开放"	0	1	0	0	0.231	0.178	0.223	0.368	-0.114	0.75	-0.11	-0.199	1.173	"2"
"开盘"	0	1	0	2	0.694	0.533	0.67	1.103	-0.343	0.353	-0.33	0.514	1.54	"4"
"开盘价"	0	1	0	0	0.231	0.178	0.223	0.368	-0.114	0.75	-0.11	-0.199	1.173	"2"
"开设"	1	0	0	0	0.231	0.178	0.223	0.368	0.636	-0.085	-0.11	-0.199	1.03	"1"
"开通"	0	0	1	1	0.463	0.355	0.447	0.735	-0.228	-0.17	0.401	0.222	1.021	"3"
"开采"	0	0	0	1	0.231	0.178	0.223	0.368	-0.114	-0.085	-0.11	0.435	0.744	"4"
"异动"	0	0	0	1	0.231	0.178	0.223	0.368	-0.114	-0.085	-0.11	0.435	0.744	"4"
"异地"	0	0	1	0	0.231	0.178	0.223	0.368	-0.114	-0.085	0.651	-0.199	1.049	"3"
"异常"	0	0	1	0	0.231	0.178	0.223	0.368	-0.114	-0.085	0.651	-0.199	1.049	"3"
"式"	0	0	1	0	0.231	0.178	0.223	0.368	-0.114	-0.085	0.651	-0.199	1.049	"3"
"张安乐"	0	0	1	0	0.231	0.178	0.223	0.368	-0.114	-0.085	0.651	-0.199	1.049	"3"
"弱"	0	1	0	0	0.231	0.178	0.223	0.368	-0.114	0.75	-0.11	-0.199	1.173	"2"
"当日"	0	1	0	0	0.231	0.178	0.223	0.368	-0.114	0.75	-0.11	-0.199	1.173	"2"
"形"	0	0	0	1	0.231	0.178	0.223	0.368	-0.114	-0.085	-0.11	0.435	0.744	"4"
"形式"	0	0	0	1	0.231	0.178	0.223	0.368	-0.114	-0.085	-0.11	0.435	0.744	"4"
"形成"	0	0	0	1	0.231	0.178	0.223	0.368	-0.114	-0.085	-0.11	0.435	0.744	"4"
"影响"	7	2	0	2	2.544	1.954	2.458	4.044	2.323	0.217	-1.208	-0.774	4.522	"1"
"彼得"	1	0	0	0	0.231	0.178	0.223	0.368	0.636	-0.085	-0.11	-0.199	1.03	"1"
"往来"	1	0	0	0	0.231	0.178	0.223	0.368	0.636	-0.085	-0.11	-0.199	1.03	"1"
"征收"	0	0	1	0	0.231	0.178	0.223	0.368	-0.114	-0.085	0.651	-0.199	1.049	"3"
"很"	4	0	0	0	0.925	0.711	0.894	1.47	2.543	-0.34	-0.439	-0.796	4.118	"1"
"很多"	2	0	0	0	0.463	0.355	0.447	0.735	1.272	-0.17	-0.22	-0.398	2.06	"1"
"徐澎"	1	0	0	0	0.231	0.178	0.223	0.368	0.636	-0.085	-0.11	-0.199	1.03	"1"
"德士"	2	0	0	0	0.463	0.355	0.447	0.735	1.272	-0.17	-0.22	-0.398	2.06	"1"
"心"	0	0	0	1	0.231	0.178	0.223	0.368	-0.114	-0.085	-0.11	0.435	0.744	"4"
"快餐"	1	0	0	0	0.231	0.178	0.223	0.368	0.636	-0.085	-0.11	-0.199	1.03	"1"
"快餐车"	1	0	0	0	0.231	0.178	0.223	0.368	0.636	-0.085	-0.11	-0.199	1.03	"1"
"性"	0	1	2	1	0.925	0.711	0.894	1.47	-0.457	0.265	0.662	-0.274	1.658	"3"
"总"	0	1	1	0	0.463	0.355	0.447	0.735	-0.228	0.49	0.401	-0.398	1.517	"2"
"总值"	0	4	0	0	0.925	0.711	0.894	1.47	-0.457	3.002	-0.439	-0.796	4.694	"2"
"总量"	0	0	1	0	0.231	0.178	0.223	0.368	-0.114	-0.085	0.651	-0.199	1.049	"3"
"总额"	0	4	1	0	1.156	0.888	1.117	1.838	-0.571	2.369	-0.162	-0.995	4.097	"2"
"恢复"	2	2	0	0	0.925	0.711	0.894	1.47	0.637	0.831	-0.439	-0.796	2.703	"2"
"恶"	1	0	0	0	0.231	0.178	0.223	0.368	0.636	-0.085	-0.11	-0.199	1.03	"1"
"情事"	0	0	0	1	0.231	0.178	0.223	0.368	-0.114	-0.085	-0.11	0.435	0.744	"4"
"意向书"	0	0	1	0	0.231	0.178	0.223	0.368	-0.114	-0.085	0.651	-0.199	1.049	"3"
"意图"	0	0	1	1	0.463	0.355	0.447	0.735	-0.228	-0.17	0.401	0.222	1.021	"3"
"感兴趣"	1	0	0	0	0.231	0.178	0.223	0.368	0.636	-0.085	-0.11	-0.199	1.03	"1"
"慢慢"	1	0	0	0	0.231	0.178	0.223	0.368	0.636	-0.085	-0.11	-0.199	1.03	"1"
"懂得"	1	0	0	0	0.231	0.178	0.223	0.368	0.636	-0.085	-0.11	-0.199	1.03	"1"
"成交"	0	7	1	0	1.85	1.421	1.788	2.941	-0.914	4.423	-0.36	-1.592	7.289	"2"
"成交量"	0	7	0	1	1.85	1.421	1.788	2.941	-0.914	4.423	-0.879	-0.84	7.056	"2"
"成交额"	0	0	1	1	0.463	0.355	0.447	0.735	-0.228	-0.17	0.401	0.222	1.021	"3"
"成功"	1	0	0	0	0.231	0.178	0.223	0.368	0.636	-0.085	-0.11	-0.199	1.03	"1"
"成本"	0	0	2	3	1.156	0.888	1.117	1.838	-0.571	-0.425	0.507	0.58	2.083	"4"
"成果"	0	0	3	0	0.694	0.533	0.67	1.103	-0.343	-0.255	1.952	-0.597	3.147	"3"
"或"	0	0	1	1	0.463	0.355	0.447	0.735	-0.228	-0.17	0.401	0.222	1.021	"3"
"或者"	0	0	0	1	0.231	0.178	0.223	0.368	-0.114	-0.085	-0.11	0.435	0.744	"4"
"房"	0	0	0	1	0.231	0.178	0.223	0.368	-0.114	-0.085	-0.11	0.435	0.744	"4"
"房地产"	0	0	2	0	0.463	0.355	0.447	0.735	-0.228	-0.17	1.302	-0.398	2.098	"3"
"房屋"	0	0	1	0	0.231	0.178	0.223	0.368	-0.114	-0.085	0.651	-0.199	1.049	"3"
"房市"	0	0	1	0	0.231	0.178	0.223	0.368	-0.114	-0.085	0.651	-0.199	1.049	"3"
"所"	0	0	1	1	0.463	0.355	0.447	0.735	-0.228	-0.17	0.401	0.222	1.021	"3"
"所以"	1	0	0	0	0.231	0.178	0.223	0.368	0.636	-0.085	-0.11	-0.199	1.03	"1"
"所得税"	0	0	1	1	0.463	0.355	0.447	0.735	-0.228	-0.17	0.401	0.222	1.021	"3"
"所有线"	0	1	0	0	0.231	0.178	0.223	0.368	-0.114	0.75	-0.11	-0.199	1.173	"2"
"手头"	1	0	0	0	0.231	0.178	0.223	0.368	0.636	-0.085	-0.11	-0.199	1.03	"1"
"手段"	0	0	0	1	0.231	0.178	0.223	0.368	-0.114	-0.085	-0.11	0.435	0.744	"4"
"手续费"	0	0	1	1	0.463	0.355	0.447	0.735	-0.228	-0.17	0.401	0.222	1.021	"3"
"打击"	1	0	0	0	0.231	0.178	0.223	0.368	0.636	-0.085	-0.11	-0.199	1.03	"1"
"扩充"	1	0	0	0	0.231	0.178	0.223	0.368	0.636	-0.085	-0.11	-0.199	1.03	"1"
"批发"	0	0	1	3	0.925	0.711	0.894	1.47	-0.457	-0.34	0.196	0.842	1.835	"4"
"技术"	0	0	4	5	2.082	1.599	2.011	3.308	-1.028	-0.765	0.922	0.693	3.408	"1"
"投机"	0	0	1	0	0.231	0.178	0.223	0.368	-0.114	-0.085	0.651	-0.199	1.049	"3"
"投机性"	0	0	1	0	0.231	0.178	0.223	0.368	-0.114	-0.085	0.651	-0.199	1.049	"3"
"投资"	0	0	0	3	0.694	0.533	0.67	1.103	-0.343	-0.255	-0.33	1.304	2.232	"4"
"投资人"	0	0	1	3	0.925	0.711	0.894	1.47	-0.457	-0.34	0.196	0.842	1.835	"4"
"抢走"	1	0	0	0	0.231	0.178	0.223	0.368	0.636	-0.085	-0.11	-0.199	1.03	"1"
"报价"	0	0	1	2	0.694	0.533	0.67	1.103	-0.343	-0.255	0.274	0.514	1.386	"4"
"报章"	1	0	0	0	0.231	0.178	0.223	0.368	0.636	-0.085	-0.11	-0.199	1.03	"1"
"担忧"	1	0	0	0	0.231	0.178	0.223	0.368	0.636	-0.085	-0.11	-0.199	1.03	"1"
"拆"	0	0	0	1	0.231	0.178	0.223	0.368	-0.114	-0.085	-0.11	0.435	0.744	"4"
"拆细"	0	1	0	0	0.231	0.178	0.223	0.368	-0.114	0.75	-0.11	-0.199	1.173	"2"
"拉马"	1	0	0	0	0.231	0.178	0.223	0.368	0.636	-0.085	-0.11	-0.199	1.03	"1"
"拍卖"	0	0	2	0	0.463	0.355	0.447	0.735	-0.228	-0.17	1.302	-0.398	2.098	"3"
"拚命"	1	0	0	0	0.231	0.178	0.223	0.368	0.636	-0.085	-0.11	-0.199	1.03	"1"
"招徕"	0	0	2	0	0.463	0.355	0.447	0.735	-0.228	-0.17	1.302	-0.398	2.098	"3"
"招揽"	1	0	0	1	0.463	0.355	0.447	0.735	0.388	-0.17	-0.22	0.222	1	"1"
"招标"	0	0	4	1	1.156	0.888	1.117	1.838	-0.571	-0.425	1.99	-0.403	3.389	"3"
"招牌"	0	0	1	0	0.231	0.178	0.223	0.368	-0.114	-0.085	0.651	-0.199	1.049	"3"
"择"	0	0	0	1	0.231	0.178	0.223	0.368	-0.114	-0.085	-0.11	0.435	0.744	"4"
"持平"	0	1	0	1	0.463	0.355	0.447	0.735	-0.228	0.49	-0.22	0.222	1.16	"2"
"持有"	0	0	0	1	0.231	0.178	0.223	0.368	-0.114	-0.085	-0.11	0.435	0.744	"4"
"挂牌"	0	0	0	1	0.231	0.178	0.223	0.368	-0.114	-0.085	-0.11	0.435	0.744	"4"
"指出"	0	0	1	2	0.694	0.533	0.67	1.103	-0.343	-0.255	0.274	0.514	1.386	"4"
"指数"	0	8	0	0	1.85	1.421	1.788	2.941	-0.914	6.003	-0.879	-1.592	9.388	"2"
"指示"	0	0	0	2	0.463	0.355	0.447	0.735	-0.228	-0.17	-0.22	0.869	1.487	"4"
"按"	0	0	0	1	0.231	0.178	0.223	0.368	-0.114	-0.085	-0.11	0.435	0.744	"4"
"按摩院"	1	0	0	0	0.231	0.178	0.223	0.368	0.636	-0.085	-0.11	-0.199	1.03	"1"
"按金"	0	1	0	0	0.231	0.178	0.223	0.368	-0.114	0.75	-0.11	-0.199	1.173	"2"
"振盪"	0	1	0	0	0.231	0.178	0.223	0.368	-0.114	0.75	-0.11	-0.199	1.173	"2"
"损及"	0	0	1	0	0.231	0.178	0.223	0.368	-0.114	-0.085	0.651	-0.199	1.049	"3"
"损失"	1	0	0	0	0.231	0.178	0.223	0.368	0.636	-0.085	-0.11	-0.199	1.03	"1"
"换"	0	0	0	4	0.925	0.711	0.894	1.47	-0.457	-0.34	-0.439	1.739	2.975	"4"
"换汇"	0	0	1	0	0.231	0.178	0.223	0.368	-0.114	-0.085	0.651	-0.199	1.049	"3"
"排名"	0	5	0	0	1.156	0.888	1.117	1.838	-0.571	3.752	-0.549	-0.995	5.867	"2"
"排名第"	0	1	0	0	0.231	0.178	0.223	0.368	-0.114	0.75	-0.11	-0.199	1.173	"2"
"排挤"	0	0	0	1	0.231	0.178	0.223	0.368	-0.114	-0.085	-0.11	0.435	0.744	"4"
"採"	0	0	1	0	0.231	0.178	0.223	0.368	-0.114	-0.085	0.651	-0.199	1.049	"3"
"採购"	0	0	1	0	0.231	0.178	0.223	0.368	-0.114	-0.085	0.651	-0.199	1.049	"3"
"採购卡"	0	0	0	1	0.231	0.178	0.223	0.368	-0.114	-0.085	-0.11	0.435	0.744	"4"
"接下来"	1	0	0	0	0.231	0.178	0.223	0.368	0.636	-0.085	-0.11	-0.199	1.03	"1"
"接到"	1	0	0	0	0.231	0.178	0.223	0.368	0.636	-0.085	-0.11	-0.199	1.03	"1"
"接洽"	1	0	0	0	0.231	0.178	0.223	0.368	0.636	-0.085	-0.11	-0.199	1.03	"1"
"控管"	0	0	0	2	0.463	0.355	0.447	0.735	-0.228	-0.17	-0.22	0.869	1.487	"4"
"控股"	0	0	1	3	0.925	0.711	0.894	1.47	-0.457	-0.34	0.196	0.842	1.835	"4"
"推介"	0	0	1	0	0.231	0.178	0.223	0.368	-0.114	-0.085	0.651	-0.199	1.049	"3"
"插手"	0	0	1	0	0.231	0.178	0.223	0.368	-0.114	-0.085	0.651	-0.199	1.049	"3"
"摊主"	2	0	0	0	0.463	0.355	0.447	0.735	1.272	-0.17	-0.22	-0.398	2.06	"1"
"摊位"	2	0	0	0	0.463	0.355	0.447	0.735	1.272	-0.17	-0.22	-0.398	2.06	"1"
"摊贩"	1	0	0	0	0.231	0.178	0.223	0.368	0.636	-0.085	-0.11	-0.199	1.03	"1"
"撮合"	0	0	1	0	0.231	0.178	0.223	0.368	-0.114	-0.085	0.651	-0.199	1.049	"3"
"操作"	0	0	1	2	0.694	0.533	0.67	1.103	-0.343	-0.255	0.274	0.514	1.386	"4"
"操纵"	0	0	0	1	0.231	0.178	0.223	0.368	-0.114	-0.085	-0.11	0.435	0.744	"4"
"支付"	0	0	1	0	0.231	0.178	0.223	0.368	-0.114	-0.085	0.651	-0.199	1.049	"3"
"收市"	0	1	0	0	0.231	0.178	0.223	0.368	-0.114	0.75	-0.11	-0.199	1.173	"2"
"收盘"	0	2	0	0	0.463	0.355	0.447	0.735	-0.228	1.501	-0.22	-0.398	2.347	"2"
"收盘价"	0	1	0	0	0.231	0.178	0.223	0.368	-0.114	0.75	-0.11	-0.199	1.173	"2"
"收购"	0	0	1	1	0.463	0.355	0.447	0.735	-0.228	-0.17	0.401	0.222	1.021	"3"
"改善"	2	0	0	0	0.463	0.355	0.447	0.735	1.272	-0.17	-0.22	-0.398	2.06	"1"
"放下"	1	0	0	0	0.231	0.178	0.223	0.368	0.636	-0.085	-0.11	-0.199	1.03	"1"
"效率"	0	0	0	1	0.231	0.178	0.223	0.368	-0.114	-0.085	-0.11	0.435	0.744	"4"
"敢"	2	0	0	0	0.463	0.355	0.447	0.735	1.272	-0.17	-0.22	-0.398	2.06	"1"
"散户"	0	2	0	0	0.463	0.355	0.447	0.735	-0.228	1.501	-0.22	-0.398	2.347	"2"
"散股"	0	0	1	2	0.694	0.533	0.67	1.103	-0.343	-0.255	0.274	0.514	1.386	"4"
"数量"	0	0	0	1	0.231	0.178	0.223	0.368	-0.114	-0.085	-0.11	0.435	0.744	"4"
"文久"	0	0	2	0	0.463	0.355	0.447	0.735	-0.228	-0.17	1.302	-0.398	2.098	"3"
"斗减"	0	0	0	1	0.231	0.178	0.223	0.368	-0.114	-0.085	-0.11	0.435	0.744	"4"
"斯达克"	0	1	0	0	0.231	0.178	0.223	0.368	-0.114	0.75	-0.11	-0.199	1.173	"2"
"新华"	0	1	0	0	0.231	0.178	0.223	0.368	-0.114	0.75	-0.11	-0.199	1.173	"2"
"新年"	1	0	0	0	0.231	0.178	0.223	0.368	0.636	-0.085	-0.11	-0.199	1.03	"1"
"新版"	0	0	0	1	0.231	0.178	0.223	0.368	-0.114	-0.085	-0.11	0.435	0.744	"4"
"新股"	0	2	1	0	0.694	0.533	0.67	1.103	-0.343	1.078	0.274	-0.597	2.292	"2"
"新草岭潭"	1	0	0	0	0.231	0.178	0.223	0.368	0.636	-0.085	-0.11	-0.199	1.03	"1"
"新高"	0	2	0	0	0.463	0.355	0.447	0.735	-0.228	1.501	-0.22	-0.398	2.347	"2"
"方便"	0	0	0	1	0.231	0.178	0.223	0.368	-0.114	-0.085	-0.11	0.435	0.744	"4"
"方式"	0	0	5	1	1.388	1.066	1.341	2.206	-0.685	-0.51	2.565	-0.542	4.302	"3"
"施颜"	0	0	0	1	0.231	0.178	0.223	0.368	-0.114	-0.085	-0.11	0.435	0.744	"4"
"旅客"	3	0	0	0	0.694	0.533	0.67	1.103	1.908	-0.255	-0.33	-0.597	3.09	"1"
"旅行社"	1	0	0	0	0.231	0.178	0.223	0.368	0.636	-0.085	-0.11	-0.199	1.03	"1"
"无效"	0	0	0	1	0.231	0.178	0.223	0.368	-0.114	-0.085	-0.11	0.435	0.744	"4"
"无稽之谈"	1	0	0	0	0.231	0.178	0.223	0.368	0.636	-0.085	-0.11	-0.199	1.03	"1"
"日"	0	1	0	0	0.231	0.178	0.223	0.368	-0.114	0.75	-0.11	-0.199	1.173	"2"
"日后"	1	0	1	0	0.463	0.355	0.447	0.735	0.388	-0.17	0.401	-0.398	1.357	"3"
"日圆"	0	4	0	0	0.925	0.711	0.894	1.47	-0.457	3.002	-0.439	-0.796	4.694	"2"
"日复一日"	1	0	0	0	0.231	0.178	0.223	0.368	0.636	-0.085	-0.11	-0.199	1.03	"1"
"旧书"	0	0	1	0	0.231	0.178	0.223	0.368	-0.114	-0.085	0.651	-0.199	1.049	"3"
"旧机动车"	0	2	0	0	0.463	0.355	0.447	0.735	-0.228	1.501	-0.22	-0.398	2.347	"2"
"早"	1	0	0	0	0.231	0.178	0.223	0.368	0.636	-0.085	-0.11	-0.199	1.03	"1"
"早盘"	0	2	0	0	0.463	0.355	0.447	0.735	-0.228	1.501	-0.22	-0.398	2.347	"2"
"时候"	2	0	0	0	0.463	0.355	0.447	0.735	1.272	-0.17	-0.22	-0.398	2.06	"1"
"时差"	0	0	1	0	0.231	0.178	0.223	0.368	-0.114	-0.085	0.651	-0.199	1.049	"3"
"时段"	1	1	0	0	0.463	0.355	0.447	0.735	0.388	0.49	-0.22	-0.398	1.496	"2"
"时间"	0	0	3	6	2.082	1.599	2.011	3.308	-1.028	-0.765	0.488	1.171	3.452	"4"
"时间案"	0	0	0	1	0.231	0.178	0.223	0.368	-0.114	-0.085	-0.11	0.435	0.744	"4"
"旺热"	0	1	0	0	0.231	0.178	0.223	0.368	-0.114	0.75	-0.11	-0.199	1.173	"2"
"昆明"	0	0	1	1	0.463	0.355	0.447	0.735	-0.228	-0.17	0.401	0.222	1.021	"3"
"明显"	0	1	0	0	0.231	0.178	0.223	0.368	-0.114	0.75	-0.11	-0.199	1.173	"2"
"昨天"	0	6	2	1	2.082	1.599	2.011	3.308	-1.028	2.793	-0.171	-0.996	4.988	"2"
"是否"	0	0	0	1	0.231	0.178	0.223	0.368	-0.114	-0.085	-0.11	0.435	0.744	"4"
"显著"	0	0	1	0	0.231	0.178	0.223	0.368	-0.114	-0.085	0.651	-0.199	1.049	"3"
"晤谈"	0	1	0	0	0.231	0.178	0.223	0.368	-0.114	0.75	-0.11	-0.199	1.173	"2"
"普"	0	0	1	0	0.231	0.178	0.223	0.368	-0.114	-0.085	0.651	-0.199	1.049	"3"
"普遍"	0	2	0	0	0.463	0.355	0.447	0.735	-0.228	1.501	-0.22	-0.398	2.347	"2"
"景气"	1	0	0	0	0.231	0.178	0.223	0.368	0.636	-0.085	-0.11	-0.199	1.03	"1"
"暂停"	0	0	5	0	1.156	0.888	1.117	1.838	-0.571	-0.425	3.254	-0.995	5.245	"3"
"暂缓"	0	0	0	2	0.463	0.355	0.447	0.735	-0.228	-0.17	-0.22	0.869	1.487	"4"
"暨"	0	0	0	1	0.231	0.178	0.223	0.368	-0.114	-0.085	-0.11	0.435	0.744	"4"
"更名为"	0	0	0	1	0.231	0.178	0.223	0.368	-0.114	-0.085	-0.11	0.435	0.744	"4"
"更多"	1	0	0	0	0.231	0.178	0.223	0.368	0.636	-0.085	-0.11	-0.199	1.03	"1"
"最低价"	0	1	0	0	0.231	0.178	0.223	0.368	-0.114	0.75	-0.11	-0.199	1.173	"2"
"最近"	2	0	1	0	0.694	0.533	0.67	1.103	0.867	-0.255	0.274	-0.597	1.993	"1"
"最高点"	0	1	0	0	0.231	0.178	0.223	0.368	-0.114	0.75	-0.11	-0.199	1.173	"2"
"月份"	0	0	1	0	0.231	0.178	0.223	0.368	-0.114	-0.085	0.651	-0.199	1.049	"3"
"有价证券"	0	0	0	3	0.694	0.533	0.67	1.103	-0.343	-0.255	-0.33	1.304	2.232	"4"
"有利可图"	0	0	0	1	0.231	0.178	0.223	0.368	-0.114	-0.085	-0.11	0.435	0.744	"4"
"朋"	1	0	0	0	0.231	0.178	0.223	0.368	0.636	-0.085	-0.11	-0.199	1.03	"1"
"朋友"	1	0	0	0	0.231	0.178	0.223	0.368	0.636	-0.085	-0.11	-0.199	1.03	"1"
"服装"	0	0	3	0	0.694	0.533	0.67	1.103	-0.343	-0.255	1.952	-0.597	3.147	"3"
"服装店"	1	0	0	0	0.231	0.178	0.223	0.368	0.636	-0.085	-0.11	-0.199	1.03	"1"
"期货"	0	0	0	15	3.469	2.665	3.352	5.514	-1.714	-1.274	-1.648	6.519	11.155	"4"
"期货业"	0	0	0	1	0.231	0.178	0.223	0.368	-0.114	-0.085	-0.11	0.435	0.744	"4"
"期限"	0	0	0	2	0.463	0.355	0.447	0.735	-0.228	-0.17	-0.22	0.869	1.487	"4"
"木材"	0	0	0	1	0.231	0.178	0.223	0.368	-0.114	-0.085	-0.11	0.435	0.744	"4"
"未曾"	1	0	0	0	0.231	0.178	0.223	0.368	0.636	-0.085	-0.11	-0.199	1.03	"1"
"未知"	0	1	0	0	0.231	0.178	0.223	0.368	-0.114	0.75	-0.11	-0.199	1.173	"2"
"本人"	0	0	0	1	0.231	0.178	0.223	0.368	-0.114	-0.085	-0.11	0.435	0.744	"4"
"本地"	2	1	1	0	0.925	0.711	0.894	1.47	0.637	0.265	0.196	-0.796	1.894	"4"
"本次"	0	0	1	0	0.231	0.178	0.223	0.368	-0.114	-0.085	0.651	-0.199	1.049	"3"
"朱兆铨"	0	0	1	0	0.231	0.178	0.223	0.368	-0.114	-0.085	0.651	-0.199	1.049	"3"
"机制"	0	1	2	7	2.313	1.777	2.235	3.676	-1.142	-0.35	-0.217	1.464	3.173	"4"
"机电"	0	0	2	0	0.463	0.355	0.447	0.735	-0.228	-0.17	1.302	-0.398	2.098	"3"
"权"	0	0	1	2	0.694	0.533	0.67	1.103	-0.343	-0.255	0.274	0.514	1.386	"4"
"权色"	0	0	0	1	0.231	0.178	0.223	0.368	-0.114	-0.085	-0.11	0.435	0.744	"4"
"权钱"	0	0	1	0	0.231	0.178	0.223	0.368	-0.114	-0.085	0.651	-0.199	1.049	"3"
"李嘉廷"	0	0	1	0	0.231	0.178	0.223	0.368	-0.114	-0.085	0.651	-0.199	1.049	"3"
"杜绝"	0	0	1	0	0.231	0.178	0.223	0.368	-0.114	-0.085	0.651	-0.199	1.049	"3"
"条件"	0	0	2	0	0.463	0.355	0.447	0.735	-0.228	-0.17	1.302	-0.398	2.098	"3"
"条例"	0	0	1	0	0.231	0.178	0.223	0.368	-0.114	-0.085	0.651	-0.199	1.049	"3"
"来宾"	0	0	1	0	0.231	0.178	0.223	0.368	-0.114	-0.085	0.651	-0.199	1.049	"3"
"板块"	0	2	0	0	0.463	0.355	0.447	0.735	-0.228	1.501	-0.22	-0.398	2.347	"2"
"林明利"	1	0	0	0	0.231	0.178	0.223	0.368	0.636	-0.085	-0.11	-0.199	1.03	"1"
"果蔬"	0	0	0	2	0.463	0.355	0.447	0.735	-0.228	-0.17	-0.22	0.869	1.487	"4"
"枪械"	0	0	1	0	0.231	0.178	0.223	0.368	-0.114	-0.085	0.651	-0.199	1.049	"3"
"柜台"	0	0	0	11	2.544	1.954	2.458	4.044	-1.257	-0.934	-1.208	4.781	8.18	"4"
"柜面"	0	0	0	1	0.231	0.178	0.223	0.368	-0.114	-0.085	-0.11	0.435	0.744	"4"
"查缉"	0	0	1	0	0.231	0.178	0.223	0.368	-0.114	-0.085	0.651	-0.199	1.049	"3"
"查获"	0	0	1	1	0.463	0.355	0.447	0.735	-0.228	-0.17	0.401	0.222	1.021	"3"
"查证"	0	0	1	0	0.231	0.178	0.223	0.368	-0.114	-0.085	0.651	-0.199	1.049	"3"
"查询"	0	0	0	1	0.231	0.178	0.223	0.368	-0.114	-0.085	-0.11	0.435	0.744	"4"
"格桑达瓦"	1	0	0	0	0.231	0.178	0.223	0.368	0.636	-0.085	-0.11	-0.199	1.03	"1"
"棉日"	0	0	0	1	0.231	0.178	0.223	0.368	-0.114	-0.085	-0.11	0.435	0.744	"4"
"棉花"	0	0	1	4	1.156	0.888	1.117	1.838	-0.571	-0.425	-0.162	1.191	2.349	"4"
"楼面"	1	0	0	0	0.231	0.178	0.223	0.368	0.636	-0.085	-0.11	-0.199	1.03	"1"
"模式"	0	0	0	1	0.231	0.178	0.223	0.368	-0.114	-0.085	-0.11	0.435	0.744	"4"
"次数"	0	0	1	0	0.231	0.178	0.223	0.368	-0.114	-0.085	0.651	-0.199	1.049	"3"
"欢庆"	1	0	0	0	0.231	0.178	0.223	0.368	0.636	-0.085	-0.11	-0.199	1.03	"1"
"欧元"	0	4	0	0	0.925	0.711	0.894	1.47	-0.457	3.002	-0.439	-0.796	4.694	"2"
"欧美"	2	0	0	0	0.463	0.355	0.447	0.735	1.272	-0.17	-0.22	-0.398	2.06	"1"
"正常"	0	1	3	0	0.925	0.711	0.894	1.47	-0.457	0.265	1.43	-0.796	2.948	"3"
"武器"	0	0	2	0	0.463	0.355	0.447	0.735	-0.228	-0.17	1.302	-0.398	2.098	"3"
"死者"	1	0	0	0	0.231	0.178	0.223	0.368	0.636	-0.085	-0.11	-0.199	1.03	"1"
"残渣"	0	0	1	0	0.231	0.178	0.223	0.368	-0.114	-0.085	0.651	-0.199	1.049	"3"
"殷乃平"	0	0	1	0	0.231	0.178	0.223	0.368	-0.114	-0.085	0.651	-0.199	1.049	"3"
"毒品"	0	0	3	0	0.694	0.533	0.67	1.103	-0.343	-0.255	1.952	-0.597	3.147	"3"
"比如"	1	0	0	0	0.231	0.178	0.223	0.368	0.636	-0.085	-0.11	-0.199	1.03	"1"
"比率"	0	0	0	1	0.231	0.178	0.223	0.368	-0.114	-0.085	-0.11	0.435	0.744	"4"
"比较"	2	0	0	0	0.463	0.355	0.447	0.735	1.272	-0.17	-0.22	-0.398	2.06	"1"
"民营"	0	0	1	0	0.231	0.178	0.223	0.368	-0.114	-0.085	0.651	-0.199	1.049	"3"
"水果"	0	2	0	0	0.463	0.355	0.447	0.735	-0.228	1.501	-0.22	-0.398	2.347	"2"
"水饺股"	0	0	1	0	0.231	0.178	0.223	0.368	-0.114	-0.085	0.651	-0.199	1.049	"3"
"汇"	1	0	0	2	0.694	0.533	0.67	1.103	0.263	-0.255	-0.33	0.514	1.362	"4"
"汇市"	0	1	0	0	0.231	0.178	0.223	0.368	-0.114	0.75	-0.11	-0.199	1.173	"2"
"汇市场"	0	0	0	4	0.925	0.711	0.894	1.47	-0.457	-0.34	-0.439	1.739	2.975	"4"
"汉奸"	1	0	0	0	0.231	0.178	0.223	0.368	0.636	-0.085	-0.11	-0.199	1.03	"1"
"江孜"	0	0	0	1	0.231	0.178	0.223	0.368	-0.114	-0.085	-0.11	0.435	0.744	"4"
"汽车"	1	0	1	0	0.463	0.355	0.447	0.735	0.388	-0.17	0.401	-0.398	1.357	"3"
"沙斯"	5	0	0	0	1.156	0.888	1.117	1.838	3.179	-0.425	-0.549	-0.995	5.148	"1"
"没"	2	0	0	0	0.463	0.355	0.447	0.735	1.272	-0.17	-0.22	-0.398	2.06	"1"
"没有"	1	0	0	0	0.231	0.178	0.223	0.368	0.636	-0.085	-0.11	-0.199	1.03	"1"
"河南"	0	0	1	1	0.463	0.355	0.447	0.735	-0.228	-0.17	0.401	0.222	1.021	"3"
"法人"	0	0	0	1	0.231	0.178	0.223	0.368	-0.114	-0.085	-0.11	0.435	0.744	"4"
"法令"	0	0	0	1	0.231	0.178	0.223	0.368	-0.114	-0.085	-0.11	0.435	0.744	"4"
"法兰克福"	0	2	0	0	0.463	0.355	0.447	0.735	-0.228	1.501	-0.22	-0.398	2.347	"2"
"法制化"	0	1	0	0	0.231	0.178	0.223	0.368	-0.114	0.75	-0.11	-0.199	1.173	"2"
"法郎"	0	0	1	0	0.231	0.178	0.223	0.368	-0.114	-0.085	0.651	-0.199	1.049	"3"
"泡沫经济"	0	1	0	0	0.231	0.178	0.223	0.368	-0.114	0.75	-0.11	-0.199	1.173	"2"
"泡泡茶"	1	0	0	0	0.231	0.178	0.223	0.368	0.636	-0.085	-0.11	-0.199	1.03	"1"
"注册"	0	0	1	0	0.231	0.178	0.223	0.368	-0.114	-0.085	0.651	-0.199	1.049	"3"
"注意"	0	0	0	2	0.463	0.355	0.447	0.735	-0.228	-0.17	-0.22	0.869	1.487	"4"
"洋"	1	0	0	0	0.231	0.178	0.223	0.368	0.636	-0.085	-0.11	-0.199	1.03	"1"
"活体"	0	0	1	0	0.231	0.178	0.223	0.368	-0.114	-0.085	0.651	-0.199	1.049	"3"
"活畜"	0	0	0	1	0.231	0.178	0.223	0.368	-0.114	-0.085	-0.11	0.435	0.744	"4"
"活络"	0	9	1	0	2.313	1.777	2.235	3.676	-1.142	5.829	-0.51	-1.99	9.471	"2"
"活跃"	0	9	0	0	2.082	1.599	2.011	3.308	-1.028	6.754	-0.989	-1.791	10.562	"2"
"洽谈"	0	0	1	2	0.694	0.533	0.67	1.103	-0.343	-0.255	0.274	0.514	1.386	"4"
"洽谈会"	0	0	1	0	0.231	0.178	0.223	0.368	-0.114	-0.085	0.651	-0.199	1.049	"3"
"流程"	0	0	0	2	0.463	0.355	0.447	0.735	-0.228	-0.17	-0.22	0.869	1.487	"4"
"流言"	0	0	0	1	0.231	0.178	0.223	0.368	-0.114	-0.085	-0.11	0.435	0.744	"4"
"浙江"	0	0	0	2	0.463	0.355	0.447	0.735	-0.228	-0.17	-0.22	0.869	1.487	"4"
"浙江省"	0	0	0	1	0.231	0.178	0.223	0.368	-0.114	-0.085	-0.11	0.435	0.744	"4"
"海上"	0	0	1	0	0.231	0.178	0.223	0.368	-0.114	-0.085	0.651	-0.199	1.049	"3"
"海南"	1	0	0	0	0.231	0.178	0.223	0.368	0.636	-0.085	-0.11	-0.199	1.03	"1"
"海洛因"	0	0	1	0	0.231	0.178	0.223	0.368	-0.114	-0.085	0.651	-0.199	1.049	"3"
"消费者"	0	0	0	1	0.231	0.178	0.223	0.368	-0.114	-0.085	-0.11	0.435	0.744	"4"
"消退"	1	0	0	0	0.231	0.178	0.223	0.368	0.636	-0.085	-0.11	-0.199	1.03	"1"
"涉及"	0	0	2	0	0.463	0.355	0.447	0.735	-0.228	-0.17	1.302	-0.398	2.098	"3"
"涉嫌"	0	0	0	1	0.231	0.178	0.223	0.368	-0.114	-0.085	-0.11	0.435	0.744	"4"
"涨"	0	2	0	0	0.463	0.355	0.447	0.735	-0.228	1.501	-0.22	-0.398	2.347	"2"
"涨势"	0	0	1	0	0.231	0.178	0.223	0.368	-0.114	-0.085	0.651	-0.199	1.049	"3"
"涨幅"	0	0	1	0	0.231	0.178	0.223	0.368	-0.114	-0.085	0.651	-0.199	1.049	"3"
"涨跌"	0	1	0	0	0.231	0.178	0.223	0.368	-0.114	0.75	-0.11	-0.199	1.173	"2"
"深圳市"	0	0	1	0	0.231	0.178	0.223	0.368	-0.114	-0.085	0.651	-0.199	1.049	"3"
"深造"	1	0	0	0	0.231	0.178	0.223	0.368	0.636	-0.085	-0.11	-0.199	1.03	"1"
"清淡"	3	0	0	0	0.694	0.533	0.67	1.103	1.908	-0.255	-0.33	-0.597	3.09	"1"
"渔业界"	0	0	1	0	0.231	0.178	0.223	0.368	-0.114	-0.085	0.651	-0.199	1.049	"3"
"渔船"	0	0	1	0	0.231	0.178	0.223	0.368	-0.114	-0.085	0.651	-0.199	1.049	"3"
"港交所"	0	0	0	1	0.231	0.178	0.223	0.368	-0.114	-0.085	-0.11	0.435	0.744	"4"
"游客"	2	0	0	0	0.463	0.355	0.447	0.735	1.272	-0.17	-0.22	-0.398	2.06	"1"
"游泳馆"	0	0	2	0	0.463	0.355	0.447	0.735	-0.228	-0.17	1.302	-0.398	2.098	"3"
"游艇"	1	0	0	0	0.231	0.178	0.223	0.368	0.636	-0.085	-0.11	-0.199	1.03	"1"
"滑落"	0	1	0	0	0.231	0.178	0.223	0.368	-0.114	0.75	-0.11	-0.199	1.173	"2"
"滔滔"	1	0	0	0	0.231	0.178	0.223	0.368	0.636	-0.085	-0.11	-0.199	1.03	"1"
"潘清"	0	0	0	1	0.231	0.178	0.223	0.368	-0.114	-0.085	-0.11	0.435	0.744	"4"
"火"	2	0	0	0	0.463	0.355	0.447	0.735	1.272	-0.17	-0.22	-0.398	2.06	"1"
"炒作"	0	0	1	0	0.231	0.178	0.223	0.368	-0.114	-0.085	0.651	-0.199	1.049	"3"
"点"	0	9	1	0	2.313	1.777	2.235	3.676	-1.142	5.829	-0.51	-1.99	9.471	"2"
"炽热"	0	2	0	0	0.463	0.355	0.447	0.735	-0.228	1.501	-0.22	-0.398	2.347	"2"
"烧腊"	2	0	0	0	0.463	0.355	0.447	0.735	1.272	-0.17	-0.22	-0.398	2.06	"1"
"热"	0	1	0	0	0.231	0.178	0.223	0.368	-0.114	0.75	-0.11	-0.199	1.173	"2"
"热潮"	0	2	0	0	0.463	0.355	0.447	0.735	-0.228	1.501	-0.22	-0.398	2.347	"2"
"热络"	0	0	1	0	0.231	0.178	0.223	0.368	-0.114	-0.085	0.651	-0.199	1.049	"3"
"焦点"	0	1	0	0	0.231	0.178	0.223	0.368	-0.114	0.75	-0.11	-0.199	1.173	"2"
"熟"	1	0	0	0	0.231	0.178	0.223	0.368	0.636	-0.085	-0.11	-0.199	1.03	"1"
"爆发"	1	0	0	0	0.231	0.178	0.223	0.368	0.636	-0.085	-0.11	-0.199	1.03	"1"
"爆满"	1	0	0	0	0.231	0.178	0.223	0.368	0.636	-0.085	-0.11	-0.199	1.03	"1"
"父亲"	2	0	0	0	0.463	0.355	0.447	0.735	1.272	-0.17	-0.22	-0.398	2.06	"1"
"版本币"	0	0	0	1	0.231	0.178	0.223	0.368	-0.114	-0.085	-0.11	0.435	0.744	"4"
"牟利"	0	0	1	0	0.231	0.178	0.223	0.368	-0.114	-0.085	0.651	-0.199	1.049	"3"
"特定人"	0	0	1	0	0.231	0.178	0.223	0.368	-0.114	-0.085	0.651	-0.199	1.049	"3"
"猛涨"	0	2	0	0	0.463	0.355	0.447	0.735	-0.228	1.501	-0.22	-0.398	2.347	"2"
"玉林城"	1	0	0	0	0.231	0.178	0.223	0.368	0.636	-0.085	-0.11	-0.199	1.03	"1"
"王得山"	0	0	1	0	0.231	0.178	0.223	0.368	-0.114	-0.085	0.651	-0.199	1.049	"3"
"王祚聪"	0	0	2	0	0.463	0.355	0.447	0.735	-0.228	-0.17	1.302	-0.398	2.098	"3"
"现在"	6	0	0	0	1.388	1.066	1.341	2.206	3.815	-0.51	-0.659	-1.194	6.178	"1"
"现货"	0	0	1	0	0.231	0.178	0.223	0.368	-0.114	-0.085	0.651	-0.199	1.049	"3"
"现金"	0	0	1	0	0.231	0.178	0.223	0.368	-0.114	-0.085	0.651	-0.199	1.049	"3"
"珠宝"	1	0	0	0	0.231	0.178	0.223	0.368	0.636	-0.085	-0.11	-0.199	1.03	"1"
"球友"	1	0	0	0	0.231	0.178	0.223	0.368	0.636	-0.085	-0.11	-0.199	1.03	"1"
"理想"	1	0	0	0	0.231	0.178	0.223	0.368	0.636	-0.085	-0.11	-0.199	1.03	"1"
"瓶颈"	0	0	0	1	0.231	0.178	0.223	0.368	-0.114	-0.085	-0.11	0.435	0.744	"4"
"甚至"	0	0	1	0	0.231	0.178	0.223	0.368	-0.114	-0.085	0.651	-0.199	1.049	"3"
"生意"	4	0	0	0	0.925	0.711	0.894	1.47	2.543	-0.34	-0.439	-0.796	4.118	"1"
"生技"	0	0	0	1	0.231	0.178	0.223	0.368	-0.114	-0.085	-0.11	0.435	0.744	"4"
"用人"	0	0	0	1	0.231	0.178	0.223	0.368	-0.114	-0.085	-0.11	0.435	0.744	"4"
"用品"	0	0	1	1	0.463	0.355	0.447	0.735	-0.228	-0.17	0.401	0.222	1.021	"3"
"用地"	0	0	0	1	0.231	0.178	0.223	0.368	-0.114	-0.085	-0.11	0.435	0.744	"4"
"用户"	0	0	0	1	0.231	0.178	0.223	0.368	-0.114	-0.085	-0.11	0.435	0.744	"4"
"用餐"	1	0	0	0	0.231	0.178	0.223	0.368	0.636	-0.085	-0.11	-0.199	1.03	"1"
"甲鱼"	1	0	0	0	0.231	0.178	0.223	0.368	0.636	-0.085	-0.11	-0.199	1.03	"1"
"申"	0	0	1	1	0.463	0.355	0.447	0.735	-0.228	-0.17	0.401	0.222	1.021	"3"
"电信股"	0	1	0	0	0.231	0.178	0.223	0.368	-0.114	0.75	-0.11	-0.199	1.173	"2"
"电子"	0	0	1	7	1.85	1.421	1.788	2.941	-0.914	-0.68	-0.36	2.308	4.262	"4"
"电子商务"	0	0	0	5	1.156	0.888	1.117	1.838	-0.571	-0.425	-0.549	2.173	3.718	"4"
"电脑化"	0	0	0	1	0.231	0.178	0.223	0.368	-0.114	-0.085	-0.11	0.435	0.744	"4"
"男客"	1	0	0	0	0.231	0.178	0.223	0.368	0.636	-0.085	-0.11	-0.199	1.03	"1"
"疑似病"	0	0	1	0	0.231	0.178	0.223	0.368	-0.114	-0.085	0.651	-0.199	1.049	"3"
"疲弱"	1	1	0	0	0.463	0.355	0.447	0.735	0.388	0.49	-0.22	-0.398	1.496	"2"
"疲软"	0	3	0	0	0.694	0.533	0.67	1.103	-0.343	2.251	-0.33	-0.597	3.521	"2"
"登记"	0	0	0	1	0.231	0.178	0.223	0.368	-0.114	-0.085	-0.11	0.435	0.744	"4"
"百亿"	0	0	0	2	0.463	0.355	0.447	0.735	-0.228	-0.17	-0.22	0.869	1.487	"4"
"百分之一点三"	0	0	0	1	0.231	0.178	0.223	0.368	-0.114	-0.085	-0.11	0.435	0.744	"4"
"百分之三点五"	0	1	0	1	0.463	0.355	0.447	0.735	-0.228	0.49	-0.22	0.222	1.16	"2"
"百分之九点二"	0	0	0	1	0.231	0.178	0.223	0.368	-0.114	-0.085	-0.11	0.435	0.744	"4"
"百分之二十八点七"	0	0	0	1	0.231	0.178	0.223	0.368	-0.114	-0.085	-0.11	0.435	0.744	"4"
"百分之十三点一"	0	0	0	1	0.231	0.178	0.223	0.368	-0.114	-0.085	-0.11	0.435	0.744	"4"
"百分之十六点二"	0	0	0	1	0.231	0.178	0.223	0.368	-0.114	-0.085	-0.11	0.435	0.744	"4"
"百货"	1	0	0	0	0.231	0.178	0.223	0.368	0.636	-0.085	-0.11	-0.199	1.03	"1"
"皮货"	0	0	1	0	0.231	0.178	0.223	0.368	-0.114	-0.085	0.651	-0.199	1.049	"3"
"盘"	1	0	0	0	0.231	0.178	0.223	0.368	0.636	-0.085	-0.11	-0.199	1.03	"1"
"直接"	0	1	1	3	1.156	0.888	1.117	1.838	-0.571	0.205	-0.162	0.58	1.518	"4"
"直通"	0	0	1	0	0.231	0.178	0.223	0.368	-0.114	-0.085	0.651	-0.199	1.049	"3"
"相互"	0	0	0	1	0.231	0.178	0.223	0.368	-0.114	-0.085	-0.11	0.435	0.744	"4"
"相信"	3	0	0	0	0.694	0.533	0.67	1.103	1.908	-0.255	-0.33	-0.597	3.09	"1"
"相当"	1	0	0	0	0.231	0.178	0.223	0.368	0.636	-0.085	-0.11	-0.199	1.03	"1"
"看不到"	0	0	1	0	0.231	0.178	0.223	0.368	-0.114	-0.085	0.651	-0.199	1.049	"3"
"看准"	1	0	0	0	0.231	0.178	0.223	0.368	0.636	-0.085	-0.11	-0.199	1.03	"1"
"眼看"	1	0	0	0	0.231	0.178	0.223	0.368	0.636	-0.085	-0.11	-0.199	1.03	"1"
"短线"	0	0	0	1	0.231	0.178	0.223	0.368	-0.114	-0.085	-0.11	0.435	0.744	"4"
"矿业权"	0	0	0	2	0.463	0.355	0.447	0.735	-0.228	-0.17	-0.22	0.869	1.487	"4"
"研议"	0	0	0	1	0.231	0.178	0.223	0.368	-0.114	-0.085	-0.11	0.435	0.744	"4"
"破产"	1	0	0	0	0.231	0.178	0.223	0.368	0.636	-0.085	-0.11	-0.199	1.03	"1"
"硬币"	0	0	0	2	0.463	0.355	0.447	0.735	-0.228	-0.17	-0.22	0.869	1.487	"4"
"碰上"	1	0	0	0	0.231	0.178	0.223	0.368	0.636	-0.085	-0.11	-0.199	1.03	"1"
"祥"	0	0	0	1	0.231	0.178	0.223	0.368	-0.114	-0.085	-0.11	0.435	0.744	"4"
"票券"	0	0	1	0	0.231	0.178	0.223	0.368	-0.114	-0.085	0.651	-0.199	1.049	"3"
"票据"	0	0	0	2	0.463	0.355	0.447	0.735	-0.228	-0.17	-0.22	0.869	1.487	"4"
"禁止"	0	1	1	0	0.463	0.355	0.447	0.735	-0.228	0.49	0.401	-0.398	1.517	"2"
"福建省"	0	0	0	2	0.463	0.355	0.447	0.735	-0.228	-0.17	-0.22	0.869	1.487	"4"
"禽畜"	0	0	1	0	0.231	0.178	0.223	0.368	-0.114	-0.085	0.651	-0.199	1.049	"3"
"私"	0	0	1	0	0.231	0.178	0.223	0.368	-0.114	-0.085	0.651	-0.199	1.049	"3"
"私下"	0	0	0	1	0.231	0.178	0.223	0.368	-0.114	-0.085	-0.11	0.435	0.744	"4"
"私宅"	0	0	0	2	0.463	0.355	0.447	0.735	-0.228	-0.17	-0.22	0.869	1.487	"4"
"种"	0	0	0	2	0.463	0.355	0.447	0.735	-0.228	-0.17	-0.22	0.869	1.487	"4"
"科精"	0	0	1	0	0.231	0.178	0.223	0.368	-0.114	-0.085	0.651	-0.199	1.049	"3"
"租赁"	0	0	1	0	0.231	0.178	0.223	0.368	-0.114	-0.085	0.651	-0.199	1.049	"3"
"秩序"	0	0	3	0	0.694	0.533	0.67	1.103	-0.343	-0.255	1.952	-0.597	3.147	"3"
"稀少"	1	0	0	0	0.231	0.178	0.223	0.368	0.636	-0.085	-0.11	-0.199	1.03	"1"
"突破"	0	1	0	3	0.925	0.711	0.894	1.47	-0.457	0.265	-0.439	0.842	2.003	"4"
"窝点"	0	0	0	2	0.463	0.355	0.447	0.735	-0.228	-0.17	-0.22	0.869	1.487	"4"
"端午节"	1	0	0	0	0.231	0.178	0.223	0.368	0.636	-0.085	-0.11	-0.199	1.03	"1"
"笔"	0	0	6	2	1.85	1.421	1.788	2.941	-0.914	-0.68	2.642	-0.413	4.649	"3"
"第一季"	0	0	0	1	0.231	0.178	0.223	0.368	-0.114	-0.085	-0.11	0.435	0.744	"4"
"第六"	0	1	0	0	0.231	0.178	0.223	0.368	-0.114	0.75	-0.11	-0.199	1.173	"2"
"第十一"	0	2	0	1	0.694	0.533	0.67	1.103	-0.343	1.078	-0.33	-0.159	1.91	"2"
"等于"	0	0	1	0	0.231	0.178	0.223	0.368	-0.114	-0.085	0.651	-0.199	1.049	"3"
"签署"	0	0	1	0	0.231	0.178	0.223	0.368	-0.114	-0.085	0.651	-0.199	1.049	"3"
"签订"	0	0	1	0	0.231	0.178	0.223	0.368	-0.114	-0.085	0.651	-0.199	1.049	"3"
"简报"	0	0	0	1	0.231	0.178	0.223	0.368	-0.114	-0.085	-0.11	0.435	0.744	"4"
"类"	0	0	0	5	1.156	0.888	1.117	1.838	-0.571	-0.425	-0.549	2.173	3.718	"4"
"粮食"	0	0	1	1	0.463	0.355	0.447	0.735	-0.228	-0.17	0.401	0.222	1.021	"3"
"粮食厅"	0	0	0	1	0.231	0.178	0.223	0.368	-0.114	-0.085	-0.11	0.435	0.744	"4"
"糕点店"	1	0	0	0	0.231	0.178	0.223	0.368	0.636	-0.085	-0.11	-0.199	1.03	"1"
"系统"	0	0	0	16	3.701	2.842	3.575	5.882	-1.828	-1.359	-1.757	6.954	11.898	"4"
"纠纷"	1	0	0	0	0.231	0.178	0.223	0.368	0.636	-0.085	-0.11	-0.199	1.03	"1"
"纠葛"	1	0	0	0	0.231	0.178	0.223	0.368	0.636	-0.085	-0.11	-0.199	1.03	"1"
"红火"	3	0	0	0	0.694	0.533	0.67	1.103	1.908	-0.255	-0.33	-0.597	3.09	"1"
"约定"	0	0	0	1	0.231	0.178	0.223	0.368	-0.114	-0.085	-0.11	0.435	0.744	"4"
"纪"	0	0	0	1	0.231	0.178	0.223	0.368	-0.114	-0.085	-0.11	0.435	0.744	"4"
"纸箱店"	1	0	0	0	0.231	0.178	0.223	0.368	0.636	-0.085	-0.11	-0.199	1.03	"1"
"纽约"	1	0	0	2	0.694	0.533	0.67	1.103	0.263	-0.255	-0.33	0.514	1.362	"4"
"纽约市场"	0	1	0	0	0.231	0.178	0.223	0.368	-0.114	0.75	-0.11	-0.199	1.173	"2"
"线上"	1	0	0	1	0.463	0.355	0.447	0.735	0.388	-0.17	-0.22	0.222	1	"1"
"细则"	0	1	0	0	0.231	0.178	0.223	0.368	-0.114	0.75	-0.11	-0.199	1.173	"2"
"细节"	0	0	1	0	0.231	0.178	0.223	0.368	-0.114	-0.085	0.651	-0.199	1.049	"3"
"终端机"	0	0	0	1	0.231	0.178	0.223	0.368	-0.114	-0.085	-0.11	0.435	0.744	"4"
"经"	0	0	0	1	0.231	0.178	0.223	0.368	-0.114	-0.085	-0.11	0.435	0.744	"4"
"经由"	0	0	0	1	0.231	0.178	0.223	0.368	-0.114	-0.085	-0.11	0.435	0.744	"4"
"经纪"	1	2	2	0	1.156	0.888	1.117	1.838	-0.172	0.662	0.507	-0.995	2.336	"4"
"经纪商"	0	0	0	3	0.694	0.533	0.67	1.103	-0.343	-0.255	-0.33	1.304	2.232	"4"
"经营"	9	0	0	0	2.082	1.599	2.011	3.308	5.723	-0.765	-0.989	-1.791	9.268	"1"
"经销商"	0	0	1	0	0.231	0.178	0.223	0.368	-0.114	-0.085	0.651	-0.199	1.049	"3"
"结束"	1	4	0	1	1.388	1.066	1.341	2.206	-0.237	1.958	-0.659	-0.542	3.396	"2"
"结算"	0	0	0	4	0.925	0.711	0.894	1.47	-0.457	-0.34	-0.439	1.739	2.975	"4"
"续"	0	0	1	0	0.231	0.178	0.223	0.368	-0.114	-0.085	0.651	-0.199	1.049	"3"
"维娜"	1	0	0	0	0.231	0.178	0.223	0.368	0.636	-0.085	-0.11	-0.199	1.03	"1"
"维护"	0	0	1	0	0.231	0.178	0.223	0.368	-0.114	-0.085	0.651	-0.199	1.049	"3"
"缩小"	0	1	0	0	0.231	0.178	0.223	0.368	-0.114	0.75	-0.11	-0.199	1.173	"2"
"缩短"	0	0	0	2	0.463	0.355	0.447	0.735	-0.228	-0.17	-0.22	0.869	1.487	"4"
"网"	0	0	2	18	4.626	3.553	4.469	7.352	-2.285	-1.699	-0.845	5.916	10.745	"4"
"网上银行"	0	0	0	1	0.231	0.178	0.223	0.368	-0.114	-0.085	-0.11	0.435	0.744	"4"
"网站"	0	0	2	0	0.463	0.355	0.447	0.735	-0.228	-0.17	1.302	-0.398	2.098	"3"
"网络"	0	0	1	3	0.925	0.711	0.894	1.47	-0.457	-0.34	0.196	0.842	1.835	"4"
"网路"	0	0	0	4	0.925	0.711	0.894	1.47	-0.457	-0.34	-0.439	1.739	2.975	"4"
"网际"	0	0	0	1	0.231	0.178	0.223	0.368	-0.114	-0.085	-0.11	0.435	0.744	"4"
"罪嫌"	0	0	1	0	0.231	0.178	0.223	0.368	-0.114	-0.085	0.651	-0.199	1.049	"3"
"置地"	0	0	1	0	0.231	0.178	0.223	0.368	-0.114	-0.085	0.651	-0.199	1.049	"3"
"美元"	0	0	1	1	0.463	0.355	0.447	0.735	-0.228	-0.17	0.401	0.222	1.021	"3"
"翌晨"	0	0	1	0	0.231	0.178	0.223	0.368	-0.114	-0.085	0.651	-0.199	1.049	"3"
"而且"	1	0	0	0	0.231	0.178	0.223	0.368	0.636	-0.085	-0.11	-0.199	1.03	"1"
"联"	0	0	1	0	0.231	0.178	0.223	0.368	-0.114	-0.085	0.651	-0.199	1.049	"3"
"联合线"	0	0	1	0	0.231	0.178	0.223	0.368	-0.114	-0.085	0.651	-0.199	1.049	"3"
"肉粽商"	2	0	0	0	0.463	0.355	0.447	0.735	1.272	-0.17	-0.22	-0.398	2.06	"1"
"股"	0	23	4	3	6.939	5.33	6.704	11.028	-3.427	11.518	-0.776	-2.987	18.708	"2"
"股东"	0	2	1	1	0.925	0.711	0.894	1.47	-0.457	0.831	0.196	-0.274	1.758	"2"
"股价"	0	6	1	1	1.85	1.421	1.788	2.941	-0.914	3.199	-0.36	-0.84	5.313	"2"
"股市"	0	10	0	11	4.857	3.731	4.693	7.72	-2.399	2.79	-2.307	0.976	8.472	"2"
"股市场"	0	1	0	0	0.231	0.178	0.223	0.368	-0.114	0.75	-0.11	-0.199	1.173	"2"
"股数"	0	2	0	2	0.925	0.711	0.894	1.47	-0.457	0.831	-0.439	0.33	2.057	"2"
"股权"	0	1	0	0	0.231	0.178	0.223	0.368	-0.114	0.75	-0.11	-0.199	1.173	"2"
"股票"	0	18	1	7	6.013	4.619	5.81	9.558	-2.97	7.953	-1.927	-0.692	13.542	"2"
"肯定柜"	0	0	0	1	0.231	0.178	0.223	0.368	-0.114	-0.085	-0.11	0.435	0.744	"4"
"胡文亮"	1	0	0	0	0.231	0.178	0.223	0.368	0.636	-0.085	-0.11	-0.199	1.03	"1"
"胶筏"	1	0	0	0	0.231	0.178	0.223	0.368	0.636	-0.085	-0.11	-0.199	1.03	"1"
"胼手胝足"	1	0	0	0	0.231	0.178	0.223	0.368	0.636	-0.085	-0.11	-0.199	1.03	"1"
"脱售"	0	1	0	0	0.231	0.178	0.223	0.368	-0.114	0.75	-0.11	-0.199	1.173	"2"
"腾"	0	0	1	0	0.231	0.178	0.223	0.368	-0.114	-0.085	0.651	-0.199	1.049	"3"
"腾涨"	0	0	1	0	0.231	0.178	0.223	0.368	-0.114	-0.085	0.651	-0.199	1.049	"3"
"腾高"	0	1	0	0	0.231	0.178	0.223	0.368	-0.114	0.75	-0.11	-0.199	1.173	"2"
"自动化"	0	0	0	2	0.463	0.355	0.447	0.735	-0.228	-0.17	-0.22	0.869	1.487	"4"
"自助"	0	0	0	1	0.231	0.178	0.223	0.368	-0.114	-0.085	-0.11	0.435	0.744	"4"
"自营商"	0	1	0	0	0.231	0.178	0.223	0.368	-0.114	0.75	-0.11	-0.199	1.173	"2"
"至于"	0	0	1	0	0.231	0.178	0.223	0.368	-0.114	-0.085	0.651	-0.199	1.049	"3"
"般"	0	1	0	0	0.231	0.178	0.223	0.368	-0.114	0.75	-0.11	-0.199	1.173	"2"
"舰"	0	0	1	0	0.231	0.178	0.223	0.368	-0.114	-0.085	0.651	-0.199	1.049	"3"
"节约"	0	0	0	1	0.231	0.178	0.223	0.368	-0.114	-0.085	-0.11	0.435	0.744	"4"
"花店"	3	0	0	0	0.694	0.533	0.67	1.103	1.908	-0.255	-0.33	-0.597	3.09	"1"
"花旗"	0	0	0	1	0.231	0.178	0.223	0.368	-0.114	-0.085	-0.11	0.435	0.744	"4"
"英特拉"	0	1	0	0	0.231	0.178	0.223	0.368	-0.114	0.75	-0.11	-0.199	1.173	"2"
"荣景"	1	0	0	0	0.231	0.178	0.223	0.368	0.636	-0.085	-0.11	-0.199	1.03	"1"
"药商"	0	0	1	0	0.231	0.178	0.223	0.368	-0.114	-0.085	0.651	-0.199	1.049	"3"
"获利"	0	0	1	0	0.231	0.178	0.223	0.368	-0.114	-0.085	0.651	-0.199	1.049	"3"
"菌"	0	0	0	1	0.231	0.178	0.223	0.368	-0.114	-0.085	-0.11	0.435	0.744	"4"
"菜农"	0	0	1	0	0.231	0.178	0.223	0.368	-0.114	-0.085	0.651	-0.199	1.049	"3"
"菜市场"	0	0	1	0	0.231	0.178	0.223	0.368	-0.114	-0.085	0.651	-0.199	1.049	"3"
"菜种"	0	2	0	0	0.463	0.355	0.447	0.735	-0.228	1.501	-0.22	-0.398	2.347	"2"
"菜馆"	1	0	0	0	0.231	0.178	0.223	0.368	0.636	-0.085	-0.11	-0.199	1.03	"1"
"萍"	0	0	0	1	0.231	0.178	0.223	0.368	-0.114	-0.085	-0.11	0.435	0.744	"4"
"营业"	2	1	0	0	0.694	0.533	0.67	1.103	0.867	0.353	-0.33	-0.597	2.147	"1"
"营业部"	0	0	0	1	0.231	0.178	0.223	0.368	-0.114	-0.085	-0.11	0.435	0.744	"4"
"落幕"	0	0	1	0	0.231	0.178	0.223	0.368	-0.114	-0.085	0.651	-0.199	1.049	"3"
"蒙受"	0	0	0	1	0.231	0.178	0.223	0.368	-0.114	-0.085	-0.11	0.435	0.744	"4"
"蒙特西诺斯"	0	0	1	0	0.231	0.178	0.223	0.368	-0.114	-0.085	0.651	-0.199	1.049	"3"
"蒙骗"	0	0	1	0	0.231	0.178	0.223	0.368	-0.114	-0.085	0.651	-0.199	1.049	"3"
"蒸"	2	0	0	0	0.463	0.355	0.447	0.735	1.272	-0.17	-0.22	-0.398	2.06	"1"
"蔬菜"	0	0	0	1	0.231	0.178	0.223	0.368	-0.114	-0.085	-0.11	0.435	0.744	"4"
"薛关燕"	0	0	0	1	0.231	0.178	0.223	0.368	-0.114	-0.085	-0.11	0.435	0.744	"4"
"藏书"	0	0	1	0	0.231	0.178	0.223	0.368	-0.114	-0.085	0.651	-0.199	1.049	"3"
"融"	0	0	0	2	0.463	0.355	0.447	0.735	-0.228	-0.17	-0.22	0.869	1.487	"4"
"融券"	0	0	0	1	0.231	0.178	0.223	0.368	-0.114	-0.085	-0.11	0.435	0.744	"4"
"融资"	0	0	0	1	0.231	0.178	0.223	0.368	-0.114	-0.085	-0.11	0.435	0.744	"4"
"行业"	1	0	0	0	0.231	0.178	0.223	0.368	0.636	-0.085	-0.11	-0.199	1.03	"1"
"行为"	0	0	5	2	1.619	1.244	1.564	2.573	-0.8	-0.595	2.11	-0.308	3.813	"3"
"行情"	0	3	0	2	1.156	0.888	1.117	1.838	-0.571	1.375	-0.549	0.218	2.713	"2"
"行政院"	0	0	4	0	0.925	0.711	0.894	1.47	-0.457	-0.34	2.603	-0.796	4.196	"3"
"衍生"	0	0	0	3	0.694	0.533	0.67	1.103	-0.343	-0.255	-0.33	1.304	2.232	"4"
"街"	1	0	0	0	0.231	0.178	0.223	0.368	0.636	-0.085	-0.11	-0.199	1.03	"1"
"被害人"	0	0	1	0	0.231	0.178	0.223	0.368	-0.114	-0.085	0.651	-0.199	1.049	"3"
"要求"	0	0	0	1	0.231	0.178	0.223	0.368	-0.114	-0.085	-0.11	0.435	0.744	"4"
"见收"	0	1	0	0	0.231	0.178	0.223	0.368	-0.114	0.75	-0.11	-0.199	1.173	"2"
"规"	0	0	0	1	0.231	0.178	0.223	0.368	-0.114	-0.085	-0.11	0.435	0.744	"4"
"规划"	0	0	0	1	0.231	0.178	0.223	0.368	-0.114	-0.085	-0.11	0.435	0.744	"4"
"规则"	0	0	0	4	0.925	0.711	0.894	1.47	-0.457	-0.34	-0.439	1.739	2.975	"4"
"规定"	0	0	1	1	0.463	0.355	0.447	0.735	-0.228	-0.17	0.401	0.222	1.021	"3"
"规范"	0	0	3	5	1.85	1.421	1.788	2.941	-0.914	-0.68	0.59	0.894	3.078	"1"
"视系统"	0	0	1	0	0.231	0.178	0.223	0.368	-0.114	-0.085	0.651	-0.199	1.049	"3"
"计程车"	1	0	0	0	0.231	0.178	0.223	0.368	0.636	-0.085	-0.11	-0.199	1.03	"1"
"计算"	0	0	0	1	0.231	0.178	0.223	0.368	-0.114	-0.085	-0.11	0.435	0.744	"4"
"订"	0	0	0	1	0.231	0.178	0.223	0.368	-0.114	-0.085	-0.11	0.435	0.744	"4"
"认识"	0	0	0	1	0.231	0.178	0.223	0.368	-0.114	-0.085	-0.11	0.435	0.744	"4"
"认购"	0	1	0	0	0.231	0.178	0.223	0.368	-0.114	0.75	-0.11	-0.199	1.173	"2"
"议价"	0	0	0	1	0.231	0.178	0.223	0.368	-0.114	-0.085	-0.11	0.435	0.744	"4"
"记名"	0	0	0	1	0.231	0.178	0.223	0.368	-0.114	-0.085	-0.11	0.435	0.744	"4"
"记录"	1	0	0	1	0.463	0.355	0.447	0.735	0.388	-0.17	-0.22	0.222	1	"1"
"记忆体"	0	0	0	1	0.231	0.178	0.223	0.368	-0.114	-0.085	-0.11	0.435	0.744	"4"
"设定"	0	0	0	1	0.231	0.178	0.223	0.368	-0.114	-0.085	-0.11	0.435	0.744	"4"
"证"	0	0	1	0	0.231	0.178	0.223	0.368	-0.114	-0.085	0.651	-0.199	1.049	"3"
"证交所"	0	2	0	0	0.463	0.355	0.447	0.735	-0.228	1.501	-0.22	-0.398	2.347	"2"
"证交税"	0	0	1	0	0.231	0.178	0.223	0.368	-0.114	-0.085	0.651	-0.199	1.049	"3"
"证券"	0	3	0	45	11.102	8.527	10.726	17.645	-5.483	-1.7	-5.272	15.901	28.356	"4"
"证券商"	0	0	0	4	0.925	0.711	0.894	1.47	-0.457	-0.34	-0.439	1.739	2.975	"4"
"证期"	0	0	0	1	0.231	0.178	0.223	0.368	-0.114	-0.085	-0.11	0.435	0.744	"4"
"证期会"	0	0	1	2	0.694	0.533	0.67	1.103	-0.343	-0.255	0.274	0.514	1.386	"4"
"证词"	0	0	1	0	0.231	0.178	0.223	0.368	-0.114	-0.085	0.651	-0.199	1.049	"3"
"诈欺"	0	0	1	0	0.231	0.178	0.223	0.368	-0.114	-0.085	0.651	-0.199	1.049	"3"
"说对"	0	0	1	0	0.231	0.178	0.223	0.368	-0.114	-0.085	0.651	-0.199	1.049	"3"
"说明会"	0	0	0	1	0.231	0.178	0.223	0.368	-0.114	-0.085	-0.11	0.435	0.744	"4"
"诸如"	0	0	0	1	0.231	0.178	0.223	0.368	-0.114	-0.085	-0.11	0.435	0.744	"4"
"课税"	0	0	2	0	0.463	0.355	0.447	0.735	-0.228	-0.17	1.302	-0.398	2.098	"3"
"谈"	5	0	0	0	1.156	0.888	1.117	1.838	3.179	-0.425	-0.549	-0.995	5.148	"1"
"谈谈"	0	0	1	0	0.231	0.178	0.223	0.368	-0.114	-0.085	0.651	-0.199	1.049	"3"
"谣传"	0	0	0	2	0.463	0.355	0.447	0.735	-0.228	-0.17	-0.22	0.869	1.487	"4"
"谨慎"	0	0	1	0	0.231	0.178	0.223	0.368	-0.114	-0.085	0.651	-0.199	1.049	"3"
"财"	0	0	1	0	0.231	0.178	0.223	0.368	-0.114	-0.085	0.651	-0.199	1.049	"3"
"财政部"	0	1	0	4	1.156	0.888	1.117	1.838	-0.571	0.205	-0.549	1.191	2.516	"4"
"货币"	0	0	0	3	0.694	0.533	0.67	1.103	-0.343	-0.255	-0.33	1.304	2.232	"4"
"货源"	1	0	0	0	0.231	0.178	0.223	0.368	0.636	-0.085	-0.11	-0.199	1.03	"1"
"贩毒"	1	0	0	0	0.231	0.178	0.223	0.368	0.636	-0.085	-0.11	-0.199	1.03	"1"
"购"	0	0	1	1	0.463	0.355	0.447	0.735	-0.228	-0.17	0.401	0.222	1.021	"3"
"赃物"	0	0	1	0	0.231	0.178	0.223	0.368	-0.114	-0.085	0.651	-0.199	1.049	"3"
"资"	0	0	0	1	0.231	0.178	0.223	0.368	-0.114	-0.085	-0.11	0.435	0.744	"4"
"资本"	0	0	1	0	0.231	0.178	0.223	0.368	-0.114	-0.085	0.651	-0.199	1.049	"3"
"资讯"	0	0	0	3	0.694	0.533	0.67	1.103	-0.343	-0.255	-0.33	1.304	2.232	"4"
"资金"	0	2	0	1	0.694	0.533	0.67	1.103	-0.343	1.078	-0.33	-0.159	1.91	"2"
"赚"	2	0	0	0	0.463	0.355	0.447	0.735	1.272	-0.17	-0.22	-0.398	2.06	"1"
"赚取"	0	1	1	0	0.463	0.355	0.447	0.735	-0.228	0.49	0.401	-0.398	1.517	"2"
"赦免"	0	0	0	2	0.463	0.355	0.447	0.735	-0.228	-0.17	-0.22	0.869	1.487	"4"
"走下坡"	1	0	0	0	0.231	0.178	0.223	0.368	0.636	-0.085	-0.11	-0.199	1.03	"1"
"走低"	0	1	0	0	0.231	0.178	0.223	0.368	-0.114	0.75	-0.11	-0.199	1.173	"2"
"走私"	0	0	3	0	0.694	0.533	0.67	1.103	-0.343	-0.255	1.952	-0.597	3.147	"3"
"走私车"	0	0	0	1	0.231	0.178	0.223	0.368	-0.114	-0.085	-0.11	0.435	0.744	"4"
"走高"	0	1	0	0	0.231	0.178	0.223	0.368	-0.114	0.75	-0.11	-0.199	1.173	"2"
"赵扬清"	0	0	1	0	0.231	0.178	0.223	0.368	-0.114	-0.085	0.651	-0.199	1.049	"3"
"起来"	1	0	0	0	0.231	0.178	0.223	0.368	0.636	-0.085	-0.11	-0.199	1.03	"1"
"起网"	0	0	1	0	0.231	0.178	0.223	0.368	-0.114	-0.085	0.651	-0.199	1.049	"3"
"起色"	1	0	0	0	0.231	0.178	0.223	0.368	0.636	-0.085	-0.11	-0.199	1.03	"1"
"起落"	0	1	0	0	0.231	0.178	0.223	0.368	-0.114	0.75	-0.11	-0.199	1.173	"2"
"超微"	0	2	0	0	0.463	0.355	0.447	0.735	-0.228	1.501	-0.22	-0.398	2.347	"2"
"越"	0	0	2	0	0.463	0.355	0.447	0.735	-0.228	-0.17	1.302	-0.398	2.098	"3"
"越权"	0	0	1	0	0.231	0.178	0.223	0.368	-0.114	-0.085	0.651	-0.199	1.049	"3"
"越来越"	4	0	0	0	0.925	0.711	0.894	1.47	2.543	-0.34	-0.439	-0.796	4.118	"1"
"越界"	0	0	0	1	0.231	0.178	0.223	0.368	-0.114	-0.085	-0.11	0.435	0.744	"4"
"趋缓"	0	0	1	0	0.231	0.178	0.223	0.368	-0.114	-0.085	0.651	-0.199	1.049	"3"
"趟"	0	0	1	0	0.231	0.178	0.223	0.368	-0.114	-0.085	0.651	-0.199	1.049	"3"
"跌"	0	6	0	0	1.388	1.066	1.341	2.206	-0.685	4.503	-0.659	-1.194	7.041	"2"
"跌幅"	0	3	0	1	0.925	0.711	0.894	1.47	-0.457	1.711	-0.439	-0.274	2.881	"2"
"跨国"	0	0	1	2	0.694	0.533	0.67	1.103	-0.343	-0.255	0.274	0.514	1.386	"4"
"车展"	0	0	1	0	0.231	0.178	0.223	0.368	-0.114	-0.085	0.651	-0.199	1.049	"3"
"轨道"	1	0	0	0	0.231	0.178	0.223	0.368	0.636	-0.085	-0.11	-0.199	1.03	"1"
"轩"	1	0	0	0	0.231	0.178	0.223	0.368	0.636	-0.085	-0.11	-0.199	1.03	"1"
"转会"	0	0	2	0	0.463	0.355	0.447	0.735	-0.228	-0.17	1.302	-0.398	2.098	"3"
"转手"	0	5	0	0	1.156	0.888	1.117	1.838	-0.571	3.752	-0.549	-0.995	5.867	"2"
"转让"	0	0	2	0	0.463	0.355	0.447	0.735	-0.228	-0.17	1.302	-0.398	2.098	"3"
"轮流"	0	0	1	0	0.231	0.178	0.223	0.368	-0.114	-0.085	0.651	-0.199	1.049	"3"
"软件"	0	0	0	1	0.231	0.178	0.223	0.368	-0.114	-0.085	-0.11	0.435	0.744	"4"
"较"	0	2	1	2	1.156	0.888	1.117	1.838	-0.571	0.662	-0.162	0.218	1.613	"2"
"辛"	1	0	0	0	0.231	0.178	0.223	0.368	0.636	-0.085	-0.11	-0.199	1.03	"1"
"达成"	0	1	0	0	0.231	0.178	0.223	0.368	-0.114	0.75	-0.11	-0.199	1.173	"2"
"达致"	0	0	1	0	0.231	0.178	0.223	0.368	-0.114	-0.085	0.651	-0.199	1.049	"3"
"过去"	1	0	0	0	0.231	0.178	0.223	0.368	0.636	-0.085	-0.11	-0.199	1.03	"1"
"过渡到"	0	0	1	0	0.231	0.178	0.223	0.368	-0.114	-0.085	0.651	-0.199	1.049	"3"
"过程"	0	0	1	0	0.231	0.178	0.223	0.368	-0.114	-0.085	0.651	-0.199	1.049	"3"
"近来"	3	0	0	0	0.694	0.533	0.67	1.103	1.908	-0.255	-0.33	-0.597	3.09	"1"
"还是"	2	0	0	0	0.463	0.355	0.447	0.735	1.272	-0.17	-0.22	-0.398	2.06	"1"
"这么"	1	0	0	0	0.231	0.178	0.223	0.368	0.636	-0.085	-0.11	-0.199	1.03	"1"
"这样"	1	0	0	0	0.231	0.178	0.223	0.368	0.636	-0.085	-0.11	-0.199	1.03	"1"
"进出口商品"	0	0	1	0	0.231	0.178	0.223	0.368	-0.114	-0.085	0.651	-0.199	1.049	"3"
"进场"	0	0	0	1	0.231	0.178	0.223	0.368	-0.114	-0.085	-0.11	0.435	0.744	"4"
"进行"	0	1	14	7	5.088	3.908	4.916	8.087	-2.513	-1.109	4.415	-0.392	8.429	"3"
"进货"	1	0	0	0	0.231	0.178	0.223	0.368	0.636	-0.085	-0.11	-0.199	1.03	"1"
"进货量"	0	2	0	0	0.463	0.355	0.447	0.735	-0.228	1.501	-0.22	-0.398	2.347	"2"
"远期"	0	0	0	2	0.463	0.355	0.447	0.735	-0.228	-0.17	-0.22	0.869	1.487	"4"
"远程"	0	0	0	1	0.231	0.178	0.223	0.368	-0.114	-0.085	-0.11	0.435	0.744	"4"
"违反"	0	0	1	1	0.463	0.355	0.447	0.735	-0.228	-0.17	0.401	0.222	1.021	"3"
"违法"	0	0	1	2	0.694	0.533	0.67	1.103	-0.343	-0.255	0.274	0.514	1.386	"4"
"违约"	0	0	0	1	0.231	0.178	0.223	0.368	-0.114	-0.085	-0.11	0.435	0.744	"4"
"连续"	0	0	0	1	0.231	0.178	0.223	0.368	-0.114	-0.085	-0.11	0.435	0.744	"4"
"迟滞"	0	3	0	0	0.694	0.533	0.67	1.103	-0.343	2.251	-0.33	-0.597	3.521	"2"
"追星族"	0	0	1	0	0.231	0.178	0.223	0.368	-0.114	-0.085	0.651	-0.199	1.049	"3"
"退还"	1	0	0	0	0.231	0.178	0.223	0.368	0.636	-0.085	-0.11	-0.199	1.03	"1"
"选择权"	0	0	1	0	0.231	0.178	0.223	0.368	-0.114	-0.085	0.651	-0.199	1.049	"3"
"透明"	0	0	1	0	0.231	0.178	0.223	0.368	-0.114	-0.085	0.651	-0.199	1.049	"3"
"透过"	0	0	2	1	0.694	0.533	0.67	1.103	-0.343	-0.255	0.895	-0.159	1.652	"3"
"逐"	0	1	0	0	0.231	0.178	0.223	0.368	-0.114	0.75	-0.11	-0.199	1.173	"2"
"逐渐"	1	0	0	0	0.231	0.178	0.223	0.368	0.636	-0.085	-0.11	-0.199	1.03	"1"
"通常"	0	0	1	0	0.231	0.178	0.223	0.368	-0.114	-0.085	0.651	-0.199	1.049	"3"
"通过"	0	0	2	2	0.925	0.711	0.894	1.47	-0.457	-0.34	0.662	0.33	1.789	"3"
"逢"	0	1	0	0	0.231	0.178	0.223	0.368	-0.114	0.75	-0.11	-0.199	1.173	"2"
"週一"	0	0	1	0	0.231	0.178	0.223	0.368	-0.114	-0.085	0.651	-0.199	1.049	"3"
"邻里"	1	0	0	0	0.231	0.178	0.223	0.368	0.636	-0.085	-0.11	-0.199	1.03	"1"
"部位"	0	0	0	1	0.231	0.178	0.223	0.368	-0.114	-0.085	-0.11	0.435	0.744	"4"
"都"	0	0	1	0	0.231	0.178	0.223	0.368	-0.114	-0.085	0.651	-0.199	1.049	"3"
"酌收"	0	0	1	0	0.231	0.178	0.223	0.368	-0.114	-0.085	0.651	-0.199	1.049	"3"
"配件"	0	0	2	0	0.463	0.355	0.447	0.735	-0.228	-0.17	1.302	-0.398	2.098	"3"
"配股"	0	1	0	0	0.231	0.178	0.223	0.368	-0.114	0.75	-0.11	-0.199	1.173	"2"
"酒吧"	1	0	0	0	0.231	0.178	0.223	0.368	0.636	-0.085	-0.11	-0.199	1.03	"1"
"酒店"	7	0	0	0	1.619	1.244	1.564	2.573	4.451	-0.595	-0.769	-1.393	7.208	"1"
"酒廊"	1	0	0	0	0.231	0.178	0.223	0.368	0.636	-0.085	-0.11	-0.199	1.03	"1"
"采"	0	0	1	1	0.463	0.355	0.447	0.735	-0.228	-0.17	0.401	0.222	1.021	"3"
"重挫"	0	2	0	0	0.463	0.355	0.447	0.735	-0.228	1.501	-0.22	-0.398	2.347	"2"
"重覆"	0	0	0	1	0.231	0.178	0.223	0.368	-0.114	-0.085	-0.11	0.435	0.744	"4"
"量"	0	4	0	2	1.388	1.066	1.341	2.206	-0.685	1.958	-0.659	-0.214	3.516	"2"
"金融"	0	1	2	6	2.082	1.599	2.011	3.308	-1.028	-0.296	-0.171	1.171	2.666	"4"
"金额"	0	0	1	1	0.463	0.355	0.447	0.735	-0.228	-0.17	0.401	0.222	1.021	"3"
"鑑于"	0	0	0	1	0.231	0.178	0.223	0.368	-0.114	-0.085	-0.11	0.435	0.744	"4"
"钖尔文"	0	0	1	0	0.231	0.178	0.223	0.368	-0.114	-0.085	0.651	-0.199	1.049	"3"
"钟廷森"	0	0	1	0	0.231	0.178	0.223	0.368	-0.114	-0.085	0.651	-0.199	1.049	"3"
"钢铁"	0	0	1	1	0.463	0.355	0.447	0.735	-0.228	-0.17	0.401	0.222	1.021	"3"
"钱"	1	0	1	0	0.463	0.355	0.447	0.735	0.388	-0.17	0.401	-0.398	1.357	"3"
"钻交所"	0	0	0	1	0.231	0.178	0.223	0.368	-0.114	-0.085	-0.11	0.435	0.744	"4"
"钻石"	0	0	0	2	0.463	0.355	0.447	0.735	-0.228	-0.17	-0.22	0.869	1.487	"4"
"铂银"	0	0	0	1	0.231	0.178	0.223	0.368	-0.114	-0.085	-0.11	0.435	0.744	"4"
"铃"	0	0	0	1	0.231	0.178	0.223	0.368	-0.114	-0.085	-0.11	0.435	0.744	"4"
"银华宝"	0	0	0	1	0.231	0.178	0.223	0.368	-0.114	-0.085	-0.11	0.435	0.744	"4"
"银行"	0	0	3	10	3.007	2.309	2.905	4.779	-1.485	-1.104	0.235	2.417	5.241	"4"
"银行卡"	0	0	0	1	0.231	0.178	0.223	0.368	-0.114	-0.085	-0.11	0.435	0.744	"4"
"铺子"	1	0	0	0	0.231	0.178	0.223	0.368	0.636	-0.085	-0.11	-0.199	1.03	"1"
"锐减"	0	0	0	1	0.231	0.178	0.223	0.368	-0.114	-0.085	-0.11	0.435	0.744	"4"
"门"	2	0	0	0	0.463	0.355	0.447	0.735	1.272	-0.17	-0.22	-0.398	2.06	"1"
"闭"	0	0	1	0	0.231	0.178	0.223	0.368	-0.114	-0.085	0.651	-0.199	1.049	"3"
"闭市报"	0	1	0	0	0.231	0.178	0.223	0.368	-0.114	0.75	-0.11	-0.199	1.173	"2"
"闭幕"	0	0	0	1	0.231	0.178	0.223	0.368	-0.114	-0.085	-0.11	0.435	0.744	"4"
"闲闲"	0	0	1	0	0.231	0.178	0.223	0.368	-0.114	-0.085	0.651	-0.199	1.049	"3"
"间"	0	0	1	5	1.388	1.066	1.341	2.206	-0.685	-0.51	-0.223	1.554	2.972	"4"
"间有"	0	0	1	0	0.231	0.178	0.223	0.368	-0.114	-0.085	0.651	-0.199	1.049	"3"
"防制"	0	0	1	0	0.231	0.178	0.223	0.368	-0.114	-0.085	0.651	-0.199	1.049	"3"
"阻"	0	0	1	0	0.231	0.178	0.223	0.368	-0.114	-0.085	0.651	-0.199	1.049	"3"
"附买回"	0	0	1	0	0.231	0.178	0.223	0.368	-0.114	-0.085	0.651	-0.199	1.049	"3"
"陈智明"	0	0	0	1	0.231	0.178	0.223	0.368	-0.114	-0.085	-0.11	0.435	0.744	"4"
"陈永昌"	0	2	0	4	1.388	1.066	1.341	2.206	-0.685	0.538	-0.659	0.862	2.744	"4"
"陈肇隆"	0	0	1	0	0.231	0.178	0.223	0.368	-0.114	-0.085	0.651	-0.199	1.049	"3"
"陈述"	0	0	1	0	0.231	0.178	0.223	0.368	-0.114	-0.085	0.651	-0.199	1.049	"3"
"降低"	0	0	2	0	0.463	0.355	0.447	0.735	-0.228	-0.17	1.302	-0.398	2.098	"3"
"限制"	0	2	0	2	0.925	0.711	0.894	1.47	-0.457	0.831	-0.439	0.33	2.057	"2"
"限额"	0	0	0	1	0.231	0.178	0.223	0.368	-0.114	-0.085	-0.11	0.435	0.744	"4"
"除以"	0	0	0	1	0.231	0.178	0.223	0.368	-0.114	-0.085	-0.11	0.435	0.744	"4"
"陪酒"	1	0	0	0	0.231	0.178	0.223	0.368	0.636	-0.085	-0.11	-0.199	1.03	"1"
"隆"	0	0	0	1	0.231	0.178	0.223	0.368	-0.114	-0.085	-0.11	0.435	0.744	"4"
"隆兴"	0	0	0	1	0.231	0.178	0.223	0.368	-0.114	-0.085	-0.11	0.435	0.744	"4"
"隆兴控"	0	1	0	0	0.231	0.178	0.223	0.368	-0.114	0.75	-0.11	-0.199	1.173	"2"
"随之"	0	0	0	1	0.231	0.178	0.223	0.368	-0.114	-0.085	-0.11	0.435	0.744	"4"
"隐患"	0	0	1	0	0.231	0.178	0.223	0.368	-0.114	-0.085	0.651	-0.199	1.049	"3"
"难"	1	0	0	0	0.231	0.178	0.223	0.368	0.636	-0.085	-0.11	-0.199	1.03	"1"
"集"	0	0	0	1	0.231	0.178	0.223	0.368	-0.114	-0.085	-0.11	0.435	0.744	"4"
"集中"	0	1	1	3	1.156	0.888	1.117	1.838	-0.571	0.205	-0.162	0.58	1.518	"4"
"集合"	0	0	0	1	0.231	0.178	0.223	0.368	-0.114	-0.085	-0.11	0.435	0.744	"4"
"集市"	0	0	1	0	0.231	0.178	0.223	0.368	-0.114	-0.085	0.651	-0.199	1.049	"3"
"雨天"	1	0	0	0	0.231	0.178	0.223	0.368	0.636	-0.085	-0.11	-0.199	1.03	"1"
"零售"	0	0	1	0	0.231	0.178	0.223	0.368	-0.114	-0.085	0.651	-0.199	1.049	"3"
"零售业"	1	0	0	0	0.231	0.178	0.223	0.368	0.636	-0.085	-0.11	-0.199	1.03	"1"
"雷亚尔"	0	0	1	0	0.231	0.178	0.223	0.368	-0.114	-0.085	0.651	-0.199	1.049	"3"
"需求量"	0	1	0	0	0.231	0.178	0.223	0.368	-0.114	0.75	-0.11	-0.199	1.173	"2"
"非法"	0	0	5	3	1.85	1.421	1.788	2.941	-0.914	-0.68	1.772	0.212	3.578	"3"
"面额"	0	0	0	1	0.231	0.178	0.223	0.368	-0.114	-0.085	-0.11	0.435	0.744	"4"
"韩元沦"	0	0	1	0	0.231	0.178	0.223	0.368	-0.114	-0.085	0.651	-0.199	1.049	"3"
"顺畅"	0	1	0	0	0.231	0.178	0.223	0.368	-0.114	0.75	-0.11	-0.199	1.173	"2"
"颁布"	0	0	1	0	0.231	0.178	0.223	0.368	-0.114	-0.085	0.651	-0.199	1.049	"3"
"颁赠"	0	0	0	1	0.231	0.178	0.223	0.368	-0.114	-0.085	-0.11	0.435	0.744	"4"
"预料"	0	0	1	1	0.463	0.355	0.447	0.735	-0.228	-0.17	0.401	0.222	1.021	"3"
"预期"	1	0	0	0	0.231	0.178	0.223	0.368	0.636	-0.085	-0.11	-0.199	1.03	"1"
"预案"	0	0	1	0	0.231	0.178	0.223	0.368	-0.114	-0.085	0.651	-0.199	1.049	"3"
"预计"	0	1	0	1	0.463	0.355	0.447	0.735	-0.228	0.49	-0.22	0.222	1.16	"2"
"颜庆章"	0	0	1	1	0.463	0.355	0.447	0.735	-0.228	-0.17	0.401	0.222	1.021	"3"
"额"	0	0	0	1	0.231	0.178	0.223	0.368	-0.114	-0.085	-0.11	0.435	0.744	"4"
"额度"	0	0	0	6	1.388	1.066	1.341	2.206	-0.685	-0.51	-0.659	2.608	4.462	"4"
"风味"	1	0	0	0	0.231	0.178	0.223	0.368	0.636	-0.085	-0.11	-0.199	1.03	"1"
"风险"	0	0	2	3	1.156	0.888	1.117	1.838	-0.571	-0.425	0.507	0.58	2.083	"4"
"风险管理系"	0	0	0	1	0.231	0.178	0.223	0.368	-0.114	-0.085	-0.11	0.435	0.744	"4"
"食"	1	0	0	0	0.231	0.178	0.223	0.368	0.636	-0.085	-0.11	-0.199	1.03	"1"
"食用"	0	0	0	1	0.231	0.178	0.223	0.368	-0.114	-0.085	-0.11	0.435	0.744	"4"
"餐厅"	1	0	0	0	0.231	0.178	0.223	0.368	0.636	-0.085	-0.11	-0.199	1.03	"1"
"餐饮"	1	0	0	0	0.231	0.178	0.223	0.368	0.636	-0.085	-0.11	-0.199	1.03	"1"
"餐饮业"	1	0	0	0	0.231	0.178	0.223	0.368	0.636	-0.085	-0.11	-0.199	1.03	"1"
"餐馆"	2	0	0	0	0.463	0.355	0.447	0.735	1.272	-0.17	-0.22	-0.398	2.06	"1"
"饭店业"	1	0	0	0	0.231	0.178	0.223	0.368	0.636	-0.085	-0.11	-0.199	1.03	"1"
"饮食业"	2	0	0	0	0.463	0.355	0.447	0.735	1.272	-0.17	-0.22	-0.398	2.06	"1"
"饲料"	0	0	1	0	0.231	0.178	0.223	0.368	-0.114	-0.085	0.651	-0.199	1.049	"3"
"馆"	2	0	0	0	0.463	0.355	0.447	0.735	1.272	-0.17	-0.22	-0.398	2.06	"1"
"首日"	0	0	2	1	0.694	0.533	0.67	1.103	-0.343	-0.255	0.895	-0.159	1.652	"3"
"骗取"	0	0	1	0	0.231	0.178	0.223	0.368	-0.114	-0.085	0.651	-0.199	1.049	"3"
"高点"	0	1	0	0	0.231	0.178	0.223	0.368	-0.114	0.75	-0.11	-0.199	1.173	"2"
"高珑玲"	0	0	0	1	0.231	0.178	0.223	0.368	-0.114	-0.085	-0.11	0.435	0.744	"4"
"鱼货"	0	0	1	0	0.231	0.178	0.223	0.368	-0.114	-0.085	0.651	-0.199	1.049	"3"
"黄姓"	1	0	0	0	0.231	0.178	0.223	0.368	0.636	-0.085	-0.11	-0.199	1.03	"1"
"黄金"	0	0	0	1	0.231	0.178	0.223	0.368	-0.114	-0.085	-0.11	0.435	0.744	"4"
"鼎盛"	0	1	0	0	0.231	0.178	0.223	0.368	-0.114	0.75	-0.11	-0.199	1.173	"2"
"龙吴"	0	0	0	1	0.231	0.178	0.223	0.368	-0.114	-0.085	-0.11	0.435	0.744	"4"
"龙敏"	0	0	1	0	0.231	0.178	0.223	0.368	-0.114	-0.085	0.651	-0.199	1.049	"3"
"龙珠"	1	0	0	0	0.231	0.178	0.223	0.368	0.636	-0.085	-0.11	-0.199	1.03	"1"
