"Coll_Word"	"1"	"2"	"3"	"exp_1"	"exp_2"	"exp_3"	"pbin_1"	"pbin_2"	"pbin_3"	"SumAbsDev"	"LargestDev"
"1.25"	1	0	0	0.37	0.439	0.191	0.432	-0.251	-0.092	0.775	"1"
"1.5"	0	1	0	0.37	0.439	0.191	-0.201	0.357	-0.092	0.65	"2"
"1.6"	0	0	1	0.37	0.439	0.191	-0.201	-0.251	0.72	1.172	"3"
"1%"	0	1	0	0.37	0.439	0.191	-0.201	0.357	-0.092	0.65	"2"
"1000万"	0	2	0	0.74	0.879	0.382	-0.401	0.714	-0.184	1.299	"2"
"100万"	0	1	0	0.37	0.439	0.191	-0.201	0.357	-0.092	0.65	"2"
"100多亿"	0	0	1	0.37	0.439	0.191	-0.201	-0.251	0.72	1.172	"3"
"104亿"	0	0	1	0.37	0.439	0.191	-0.201	-0.251	0.72	1.172	"3"
"105亿"	0	0	1	0.37	0.439	0.191	-0.201	-0.251	0.72	1.172	"3"
"10万"	1	0	0	0.37	0.439	0.191	0.432	-0.251	-0.092	0.775	"1"
"10亿"	0	0	1	0.37	0.439	0.191	-0.201	-0.251	0.72	1.172	"3"
"126万"	0	0	1	0.37	0.439	0.191	-0.201	-0.251	0.72	1.172	"3"
"13亿"	0	1	0	0.37	0.439	0.191	-0.201	0.357	-0.092	0.65	"2"
"1460亿"	0	0	1	0.37	0.439	0.191	-0.201	-0.251	0.72	1.172	"3"
"1500万"	0	0	2	0.74	0.879	0.382	-0.401	-0.503	1.439	2.343	"3"
"150万"	0	0	1	0.37	0.439	0.191	-0.201	-0.251	0.72	1.172	"3"
"17亿"	0	0	1	0.37	0.439	0.191	-0.201	-0.251	0.72	1.172	"3"
"1880万"	0	0	1	0.37	0.439	0.191	-0.201	-0.251	0.72	1.172	"3"
"1999年"	0	1	1	0.74	0.879	0.382	-0.401	0.164	0.462	1.027	"3"
"1亿1千7百95万"	0	0	1	0.37	0.439	0.191	-0.201	-0.251	0.72	1.172	"3"
"2.8"	0	0	2	0.74	0.879	0.382	-0.401	-0.503	1.439	2.343	"3"
"2％"	1	0	0	0.37	0.439	0.191	0.432	-0.251	-0.092	0.775	"1"
"20％"	1	0	0	0.37	0.439	0.191	0.432	-0.251	-0.092	0.775	"1"
"2000万"	0	0	2	0.74	0.879	0.382	-0.401	-0.503	1.439	2.343	"3"
"21亿多"	0	0	1	0.37	0.439	0.191	-0.201	-0.251	0.72	1.172	"3"
"22.85"	0	0	1	0.37	0.439	0.191	-0.201	-0.251	0.72	1.172	"3"
"226.5"	0	0	1	0.37	0.439	0.191	-0.201	-0.251	0.72	1.172	"3"
"2483万"	0	0	1	0.37	0.439	0.191	-0.201	-0.251	0.72	1.172	"3"
"2541万"	0	1	0	0.37	0.439	0.191	-0.201	0.357	-0.092	0.65	"2"
"2880万"	0	1	0	0.37	0.439	0.191	-0.201	0.357	-0.092	0.65	"2"
"3.2"	0	0	1	0.37	0.439	0.191	-0.201	-0.251	0.72	1.172	"3"
"30万"	0	1	0	0.37	0.439	0.191	-0.201	0.357	-0.092	0.65	"2"
"356万"	0	0	1	0.37	0.439	0.191	-0.201	-0.251	0.72	1.172	"3"
"3亿"	0	0	1	0.37	0.439	0.191	-0.201	-0.251	0.72	1.172	"3"
"4000多万"	0	1	0	0.37	0.439	0.191	-0.201	0.357	-0.092	0.65	"2"
"5000万"	1	0	1	0.74	0.879	0.382	0.22	-0.503	0.462	1.185	"2"
"5000多万"	0	0	1	0.37	0.439	0.191	-0.201	-0.251	0.72	1.172	"3"
"500万"	1	0	0	0.37	0.439	0.191	0.432	-0.251	-0.092	0.775	"1"
"500多万"	1	0	0	0.37	0.439	0.191	0.432	-0.251	-0.092	0.775	"1"
"50亿"	1	0	0	0.37	0.439	0.191	0.432	-0.251	-0.092	0.775	"1"
"52万"	0	1	0	0.37	0.439	0.191	-0.201	0.357	-0.092	0.65	"2"
"5亿"	0	0	4	1.479	1.758	0.763	-0.802	-1.005	2.878	4.685	"3"
"6000万"	0	0	1	0.37	0.439	0.191	-0.201	-0.251	0.72	1.172	"3"
"600万"	0	0	1	0.37	0.439	0.191	-0.201	-0.251	0.72	1.172	"3"
"60亿"	0	0	1	0.37	0.439	0.191	-0.201	-0.251	0.72	1.172	"3"
"69亿"	1	0	0	0.37	0.439	0.191	0.432	-0.251	-0.092	0.775	"1"
"700万"	0	0	1	0.37	0.439	0.191	-0.201	-0.251	0.72	1.172	"3"
"75万"	0	1	0	0.37	0.439	0.191	-0.201	0.357	-0.092	0.65	"2"
"77.5"	0	0	1	0.37	0.439	0.191	-0.201	-0.251	0.72	1.172	"3"
"77.82"	0	0	1	0.37	0.439	0.191	-0.201	-0.251	0.72	1.172	"3"
"800万"	1	0	0	0.37	0.439	0.191	0.432	-0.251	-0.092	0.775	"1"
"80亿"	1	0	0	0.37	0.439	0.191	0.432	-0.251	-0.092	0.775	"1"
"8418亿"	0	0	2	0.74	0.879	0.382	-0.401	-0.503	1.439	2.343	"3"
"863"	0	1	0	0.37	0.439	0.191	-0.201	0.357	-0.092	0.65	"2"
"891006"	1	0	0	0.37	0.439	0.191	0.432	-0.251	-0.092	0.775	"1"
"891119"	1	0	0	0.37	0.439	0.191	0.432	-0.251	-0.092	0.775	"1"
"891206"	0	1	0	0.37	0.439	0.191	-0.201	0.357	-0.092	0.65	"2"
"891211"	0	1	0	0.37	0.439	0.191	-0.201	0.357	-0.092	0.65	"2"
"8999"	0	0	1	0.37	0.439	0.191	-0.201	-0.251	0.72	1.172	"3"
"8亿"	0	0	1	0.37	0.439	0.191	-0.201	-0.251	0.72	1.172	"3"
"9000万"	0	0	1	0.37	0.439	0.191	-0.201	-0.251	0.72	1.172	"3"
"962亿"	0	0	1	0.37	0.439	0.191	-0.201	-0.251	0.72	1.172	"3"
"96亿"	1	0	0	0.37	0.439	0.191	0.432	-0.251	-0.092	0.775	"1"
"ABP"	1	0	0	0.37	0.439	0.191	0.432	-0.251	-0.092	0.775	"1"
"All"	1	0	0	0.37	0.439	0.191	0.432	-0.251	-0.092	0.775	"1"
"B"	0	1	0	0.37	0.439	0.191	-0.201	0.357	-0.092	0.65	"2"
"Emerging"	1	0	0	0.37	0.439	0.191	0.432	-0.251	-0.092	0.775	"1"
"FII"	1	0	0	0.37	0.439	0.191	0.432	-0.251	-0.092	0.775	"1"
"GDP"	0	0	1	0.37	0.439	0.191	-0.201	-0.251	0.72	1.172	"3"
"Growth"	1	0	0	0.37	0.439	0.191	0.432	-0.251	-0.092	0.775	"1"
"Hancock"	1	0	0	0.37	0.439	0.191	0.432	-0.251	-0.092	0.775	"1"
"HorstKoehler"	1	0	0	0.37	0.439	0.191	0.432	-0.251	-0.092	0.775	"1"
"IC"	0	1	0	0.37	0.439	0.191	-0.201	0.357	-0.092	0.65	"2"
"iFAST"	1	0	0	0.37	0.439	0.191	0.432	-0.251	-0.092	0.775	"1"
"IMF"	2	0	0	0.74	0.879	0.382	0.864	-0.503	-0.184	1.551	"1"
"IP"	0	1	0	0.37	0.439	0.191	-0.201	0.357	-0.092	0.65	"2"
"John"	1	0	0	0.37	0.439	0.191	0.432	-0.251	-0.092	0.775	"1"
"Kampen"	1	0	0	0.37	0.439	0.191	0.432	-0.251	-0.092	0.775	"1"
"KSD"	0	0	1	0.37	0.439	0.191	-0.201	-0.251	0.72	1.172	"3"
"lobal"	1	0	0	0.37	0.439	0.191	0.432	-0.251	-0.092	0.775	"1"
"Multi-Manager"	1	0	0	0.37	0.439	0.191	0.432	-0.251	-0.092	0.775	"1"
"NKF"	2	0	0	0.74	0.879	0.382	0.864	-0.503	-0.184	1.551	"1"
"OBU"	1	0	0	0.37	0.439	0.191	0.432	-0.251	-0.092	0.775	"1"
"Points"	1	0	0	0.37	0.439	0.191	0.432	-0.251	-0.092	0.775	"1"
"pro-tected"	1	0	0	0.37	0.439	0.191	0.432	-0.251	-0.092	0.775	"1"
"SUNRAYSIA"	0	0	1	0.37	0.439	0.191	-0.201	-0.251	0.72	1.172	"3"
"SynertechFund"	1	0	0	0.37	0.439	0.191	0.432	-0.251	-0.092	0.775	"1"
"TMD"	0	1	0	0.37	0.439	0.191	-0.201	0.357	-0.092	0.65	"2"
"uaran-teed"	1	0	0	0.37	0.439	0.191	0.432	-0.251	-0.092	0.775	"1"
"Van"	1	0	0	0.37	0.439	0.191	0.432	-0.251	-0.092	0.775	"1"
"一万六千两百六十"	0	0	1	0.37	0.439	0.191	-0.201	-0.251	0.72	1.172	"3"
"一九九六年"	1	0	0	0.37	0.439	0.191	0.432	-0.251	-0.092	0.775	"1"
"一亿一千多万"	1	0	0	0.37	0.439	0.191	0.432	-0.251	-0.092	0.775	"1"
"一亿二千万"	0	0	1	0.37	0.439	0.191	-0.201	-0.251	0.72	1.172	"3"
"一千三百二"	0	0	1	0.37	0.439	0.191	-0.201	-0.251	0.72	1.172	"3"
"一千三百四十二"	0	1	0	0.37	0.439	0.191	-0.201	0.357	-0.092	0.65	"2"
"一千多亿"	0	0	1	0.37	0.439	0.191	-0.201	-0.251	0.72	1.172	"3"
"一百一十二亿余"	0	1	0	0.37	0.439	0.191	-0.201	0.357	-0.092	0.65	"2"
"一百七十七亿"	0	0	1	0.37	0.439	0.191	-0.201	-0.251	0.72	1.172	"3"
"一百五十亿"	0	1	0	0.37	0.439	0.191	-0.201	0.357	-0.092	0.65	"2"
"一般性"	0	1	0	0.37	0.439	0.191	-0.201	0.357	-0.092	0.65	"2"
"一部分"	0	1	0	0.37	0.439	0.191	-0.201	0.357	-0.092	0.65	"2"
"七千二百万"	0	0	1	0.37	0.439	0.191	-0.201	-0.251	0.72	1.172	"3"
"万"	0	1	2	1.109	1.318	0.572	-0.602	-0.229	1.021	1.852	"3"
"三亿"	1	0	1	0.74	0.879	0.382	0.22	-0.503	0.462	1.185	"2"
"三十九亿三千万"	0	0	1	0.37	0.439	0.191	-0.201	-0.251	0.72	1.172	"3"
"三千万"	0	0	1	0.37	0.439	0.191	-0.201	-0.251	0.72	1.172	"3"
"三峡"	1	0	0	0.37	0.439	0.191	0.432	-0.251	-0.092	0.775	"1"
"三百一十"	0	0	1	0.37	0.439	0.191	-0.201	-0.251	0.72	1.172	"3"
"上限"	1	2	0	1.109	1.318	0.572	-0.161	0.388	-0.276	0.825	"2"
"下降"	0	2	0	0.74	0.879	0.382	-0.401	0.714	-0.184	1.299	"2"
"不失"	0	1	0	0.37	0.439	0.191	-0.201	0.357	-0.092	0.65	"2"
"不宜"	0	0	1	0.37	0.439	0.191	-0.201	-0.251	0.72	1.172	"3"
"不得"	0	0	1	0.37	0.439	0.191	-0.201	-0.251	0.72	1.172	"3"
"不振"	1	0	0	0.37	0.439	0.191	0.432	-0.251	-0.092	0.775	"1"
"不用"	1	0	0	0.37	0.439	0.191	0.432	-0.251	-0.092	0.775	"1"
"不足"	0	11	0	4.068	4.834	2.098	-2.206	3.928	-1.011	7.145	"2"
"专案"	0	2	0	0.74	0.879	0.382	-0.401	0.714	-0.184	1.299	"2"
"专款"	0	3	0	1.109	1.318	0.572	-0.602	1.071	-0.276	1.949	"2"
"专用"	0	2	0	0.74	0.879	0.382	-0.401	0.714	-0.184	1.299	"2"
"专项"	0	6	0	2.219	2.637	1.145	-1.203	2.143	-0.552	3.898	"2"
"且"	2	1	0	1.109	1.318	0.572	0.51	-0.229	-0.276	1.015	"1"
"业主"	0	1	1	0.74	0.879	0.382	-0.401	0.164	0.462	1.027	"3"
"业务"	1	2	1	1.479	1.758	0.763	-0.277	0.228	0.243	0.748	"1"
"业务局"	2	0	0	0.74	0.879	0.382	0.864	-0.503	-0.184	1.551	"1"
"东欧"	0	1	0	0.37	0.439	0.191	-0.201	0.357	-0.092	0.65	"2"
"东西德"	0	1	0	0.37	0.439	0.191	-0.201	0.357	-0.092	0.65	"2"
"个股"	1	0	0	0.37	0.439	0.191	0.432	-0.251	-0.092	0.775	"1"
"中信"	1	0	0	0.37	0.439	0.191	0.432	-0.251	-0.092	0.775	"1"
"中医药"	0	1	0	0.37	0.439	0.191	-0.201	0.357	-0.092	0.65	"2"
"中国市"	1	0	0	0.37	0.439	0.191	0.432	-0.251	-0.092	0.775	"1"
"中国证监会"	1	0	0	0.37	0.439	0.191	0.432	-0.251	-0.092	0.775	"1"
"中外"	1	0	0	0.37	0.439	0.191	0.432	-0.251	-0.092	0.775	"1"
"中央"	0	3	0	1.109	1.318	0.572	-0.602	1.071	-0.276	1.949	"2"
"中小企业"	1	3	0	1.479	1.758	0.763	-0.277	0.643	-0.368	1.288	"2"
"中长期"	1	0	0	0.37	0.439	0.191	0.432	-0.251	-0.092	0.775	"1"
"主要"	0	2	0	0.74	0.879	0.382	-0.401	0.714	-0.184	1.299	"2"
"主计处"	0	1	0	0.37	0.439	0.191	-0.201	0.357	-0.092	0.65	"2"
"九二"	0	1	0	0.37	0.439	0.191	-0.201	0.357	-0.092	0.65	"2"
"九二一"	0	1	0	0.37	0.439	0.191	-0.201	0.357	-0.092	0.65	"2"
"九十三亿"	0	1	0	0.37	0.439	0.191	-0.201	0.357	-0.092	0.65	"2"
"九十年度"	0	0	1	0.37	0.439	0.191	-0.201	-0.251	0.72	1.172	"3"
"乡洽会"	0	0	1	0.37	0.439	0.191	-0.201	-0.251	0.72	1.172	"3"
"乡镇市"	0	2	0	0.74	0.879	0.382	-0.401	0.714	-0.184	1.299	"2"
"买"	1	0	0	0.37	0.439	0.191	0.432	-0.251	-0.092	0.775	"1"
"买卖"	1	1	0	0.74	0.879	0.382	0.22	0.164	-0.184	0.568	"1"
"买进"	1	0	0	0.37	0.439	0.191	0.432	-0.251	-0.092	0.775	"1"
"了市"	0	1	0	0.37	0.439	0.191	-0.201	0.357	-0.092	0.65	"2"
"予以"	1	2	0	1.109	1.318	0.572	-0.161	0.388	-0.276	0.825	"2"
"争取"	0	2	0	0.74	0.879	0.382	-0.401	0.714	-0.184	1.299	"2"
"事业"	0	0	1	0.37	0.439	0.191	-0.201	-0.251	0.72	1.172	"3"
"二亿"	0	0	1	0.37	0.439	0.191	-0.201	-0.251	0.72	1.172	"3"
"二亿五千万"	0	0	1	0.37	0.439	0.191	-0.201	-0.251	0.72	1.172	"3"
"二十亿"	0	0	1	0.37	0.439	0.191	-0.201	-0.251	0.72	1.172	"3"
"二十六亿"	1	0	0	0.37	0.439	0.191	0.432	-0.251	-0.092	0.775	"1"
"二千亿"	0	1	0	0.37	0.439	0.191	-0.201	0.357	-0.092	0.65	"2"
"亏损"	1	0	0	0.37	0.439	0.191	0.432	-0.251	-0.092	0.775	"1"
"五亿"	0	0	1	0.37	0.439	0.191	-0.201	-0.251	0.72	1.172	"3"
"五亿九千八百九十"	0	0	1	0.37	0.439	0.191	-0.201	-0.251	0.72	1.172	"3"
"五十亿"	1	0	0	0.37	0.439	0.191	0.432	-0.251	-0.092	0.775	"1"
"五千万"	1	0	1	0.74	0.879	0.382	0.22	-0.503	0.462	1.185	"2"
"亚太区"	1	0	0	0.37	0.439	0.191	0.432	-0.251	-0.092	0.775	"1"
"亚洲"	1	1	0	0.74	0.879	0.382	0.22	0.164	-0.184	0.568	"1"
"亟需"	0	1	0	0.37	0.439	0.191	-0.201	0.357	-0.092	0.65	"2"
"交易"	2	1	0	1.109	1.318	0.572	0.51	-0.229	-0.276	1.015	"1"
"产"	0	0	1	0.37	0.439	0.191	-0.201	-0.251	0.72	1.172	"3"
"产业"	0	4	0	1.479	1.758	0.763	-0.802	1.428	-0.368	2.598	"2"
"产业股"	2	0	0	0.74	0.879	0.382	0.864	-0.503	-0.184	1.551	"1"
"产出"	0	1	0	0.37	0.439	0.191	-0.201	0.357	-0.092	0.65	"2"
"产量"	0	1	0	0.37	0.439	0.191	-0.201	0.357	-0.092	0.65	"2"
"人事"	0	1	0	0.37	0.439	0.191	-0.201	0.357	-0.092	0.65	"2"
"人事费"	0	1	0	0.37	0.439	0.191	-0.201	0.357	-0.092	0.65	"2"
"人力"	0	2	1	1.109	1.318	0.572	-0.602	0.388	0.328	1.318	"1"
"人手"	0	1	0	0.37	0.439	0.191	-0.201	0.357	-0.092	0.65	"2"
"人才"	0	3	0	1.109	1.318	0.572	-0.602	1.071	-0.276	1.949	"2"
"人民币"	0	0	2	0.74	0.879	0.382	-0.401	-0.503	1.439	2.343	"3"
"亿"	0	1	11	4.438	5.273	2.289	-2.406	-1.999	6.919	11.324	"3"
"介入"	1	1	0	0.74	0.879	0.382	0.22	0.164	-0.184	0.568	"1"
"仍"	0	4	0	1.479	1.758	0.763	-0.802	1.428	-0.368	2.598	"2"
"从而"	0	1	0	0.37	0.439	0.191	-0.201	0.357	-0.092	0.65	"2"
"从速"	0	1	0	0.37	0.439	0.191	-0.201	0.357	-0.092	0.65	"2"
"他乡"	0	1	0	0.37	0.439	0.191	-0.201	0.357	-0.092	0.65	"2"
"代客操"	1	0	0	0.37	0.439	0.191	0.432	-0.251	-0.092	0.775	"1"
"代表会"	0	1	0	0.37	0.439	0.191	-0.201	0.357	-0.092	0.65	"2"
"以及"	0	2	0	0.74	0.879	0.382	-0.401	0.714	-0.184	1.299	"2"
"以外"	1	0	0	0.37	0.439	0.191	0.432	-0.251	-0.092	0.775	"1"
"仰赖"	0	1	0	0.37	0.439	0.191	-0.201	0.357	-0.092	0.65	"2"
"价值"	1	0	0	0.37	0.439	0.191	0.432	-0.251	-0.092	0.775	"1"
"企"	0	1	1	0.74	0.879	0.382	-0.401	0.164	0.462	1.027	"3"
"企业"	1	10	3	5.177	6.152	2.671	-1.843	1.446	0.287	3.576	"1"
"优势"	0	3	0	1.109	1.318	0.572	-0.602	1.071	-0.276	1.949	"2"
"优选"	1	0	0	0.37	0.439	0.191	0.432	-0.251	-0.092	0.775	"1"
"会"	1	0	0	0.37	0.439	0.191	0.432	-0.251	-0.092	0.775	"1"
"传出"	1	0	0	0.37	0.439	0.191	0.432	-0.251	-0.092	0.775	"1"
"伯仲"	1	0	0	0.37	0.439	0.191	0.432	-0.251	-0.092	0.775	"1"
"估计"	0	0	1	0.37	0.439	0.191	-0.201	-0.251	0.72	1.172	"3"
"低于"	1	2	0	1.109	1.318	0.572	-0.161	0.388	-0.276	0.825	"2"
"低档"	1	0	0	0.37	0.439	0.191	0.432	-0.251	-0.092	0.775	"1"
"体委会"	0	2	0	0.74	0.879	0.382	-0.401	0.714	-0.184	1.299	"2"
"体系"	0	4	0	1.479	1.758	0.763	-0.802	1.428	-0.368	2.598	"2"
"体育"	0	4	0	1.479	1.758	0.763	-0.802	1.428	-0.368	2.598	"2"
"佔"	2	4	1	2.589	3.076	1.335	-0.312	0.432	-0.22	0.964	"2"
"余"	0	1	0	0.37	0.439	0.191	-0.201	0.357	-0.092	0.65	"2"
"佛教"	1	1	0	0.74	0.879	0.382	0.22	0.164	-0.184	0.568	"1"
"作为"	0	2	1	1.109	1.318	0.572	-0.602	0.388	0.328	1.318	"1"
"使用"	0	4	0	1.479	1.758	0.763	-0.802	1.428	-0.368	2.598	"2"
"供"	0	2	0	0.74	0.879	0.382	-0.401	0.714	-0.184	1.299	"2"
"供养"	0	1	0	0.37	0.439	0.191	-0.201	0.357	-0.092	0.65	"2"
"供应"	0	3	0	1.109	1.318	0.572	-0.602	1.071	-0.276	1.949	"2"
"供给"	1	1	0	0.74	0.879	0.382	0.22	0.164	-0.184	0.568	"1"
"供需"	0	1	0	0.37	0.439	0.191	-0.201	0.357	-0.092	0.65	"2"
"依"	1	0	1	0.74	0.879	0.382	0.22	-0.503	0.462	1.185	"2"
"侨教"	0	1	0	0.37	0.439	0.191	-0.201	0.357	-0.092	0.65	"2"
"便于"	0	1	0	0.37	0.439	0.191	-0.201	0.357	-0.092	0.65	"2"
"保"	0	1	0	0.37	0.439	0.191	-0.201	0.357	-0.092	0.65	"2"
"保健"	2	0	0	0.74	0.879	0.382	0.864	-0.503	-0.184	1.551	"1"
"保留"	0	0	1	0.37	0.439	0.191	-0.201	-0.251	0.72	1.172	"3"
"保管"	1	1	0	0.74	0.879	0.382	0.22	0.164	-0.184	0.568	"1"
"保证"	2	5	0	2.589	3.076	1.335	-0.312	0.855	-0.643	1.81	"2"
"保险"	2	1	0	1.109	1.318	0.572	0.51	-0.229	-0.276	1.015	"1"
"保险业"	0	1	0	0.37	0.439	0.191	-0.201	0.357	-0.092	0.65	"2"
"保障"	1	4	1	2.219	2.637	1.145	-0.548	0.623	-0.169	1.34	"2"
"信保"	2	0	0	0.74	0.879	0.382	0.864	-0.503	-0.184	1.551	"1"
"信息"	0	1	0	0.37	0.439	0.191	-0.201	0.357	-0.092	0.65	"2"
"信托"	5	0	0	1.849	2.197	0.954	2.16	-1.257	-0.46	3.877	"1"
"信用"	0	1	1	0.74	0.879	0.382	-0.401	0.164	0.462	1.027	"3"
"修"	0	0	1	0.37	0.439	0.191	-0.201	-0.251	0.72	1.172	"3"
"倒闭"	0	2	0	0.74	0.879	0.382	-0.401	0.714	-0.184	1.299	"2"
"借贷"	1	0	0	0.37	0.439	0.191	0.432	-0.251	-0.092	0.775	"1"
"债"	0	0	1	0.37	0.439	0.191	-0.201	-0.251	0.72	1.172	"3"
"债券"	6	0	1	2.589	3.076	1.335	1.913	-1.76	-0.22	3.893	"1"
"债务"	0	1	2	1.109	1.318	0.572	-0.602	-0.229	1.021	1.852	"3"
"倾斜"	0	1	0	0.37	0.439	0.191	-0.201	0.357	-0.092	0.65	"2"
"做为"	0	3	0	1.109	1.318	0.572	-0.602	1.071	-0.276	1.949	"2"
"健保"	1	1	0	0.74	0.879	0.382	0.22	0.164	-0.184	0.568	"1"
"偿"	0	1	0	0.37	0.439	0.191	-0.201	0.357	-0.092	0.65	"2"
"偿清"	1	0	0	0.37	0.439	0.191	0.432	-0.251	-0.092	0.775	"1"
"偿还"	0	2	1	1.109	1.318	0.572	-0.602	0.388	0.328	1.318	"1"
"储备"	1	0	1	0.74	0.879	0.382	0.22	-0.503	0.462	1.185	"2"
"储蓄"	2	0	0	0.74	0.879	0.382	0.864	-0.503	-0.184	1.551	"1"
"儿童"	4	0	0	1.479	1.758	0.763	1.728	-1.005	-0.368	3.101	"1"
"允许"	1	0	0	0.37	0.439	0.191	0.432	-0.251	-0.092	0.775	"1"
"元"	16	22	60	36.241	43.064	18.695	-5.213	-5.123	19.259	29.595	"3"
"元人"	0	0	1	0.37	0.439	0.191	-0.201	-0.251	0.72	1.172	"3"
"元大"	1	0	0	0.37	0.439	0.191	0.432	-0.251	-0.092	0.775	"1"
"充"	1	0	0	0.37	0.439	0.191	0.432	-0.251	-0.092	0.775	"1"
"充作"	0	0	1	0.37	0.439	0.191	-0.201	-0.251	0.72	1.172	"3"
"充分"	0	1	0	0.37	0.439	0.191	-0.201	0.357	-0.092	0.65	"2"
"充商"	0	1	0	0.37	0.439	0.191	-0.201	0.357	-0.092	0.65	"2"
"充沛"	0	1	0	0.37	0.439	0.191	-0.201	0.357	-0.092	0.65	"2"
"充裕"	1	1	0	0.74	0.879	0.382	0.22	0.164	-0.184	0.568	"1"
"充足"	0	1	0	0.37	0.439	0.191	-0.201	0.357	-0.092	0.65	"2"
"先后"	0	0	1	0.37	0.439	0.191	-0.201	-0.251	0.72	1.172	"3"
"先进"	0	1	0	0.37	0.439	0.191	-0.201	0.357	-0.092	0.65	"2"
"光碟"	0	2	0	0.74	0.879	0.382	-0.401	0.714	-0.184	1.299	"2"
"克勒"	1	0	0	0.37	0.439	0.191	0.432	-0.251	-0.092	0.775	"1"
"入"	1	1	1	1.109	1.318	0.572	-0.161	-0.229	0.328	0.718	"3"
"入市"	1	0	0	0.37	0.439	0.191	0.432	-0.251	-0.092	0.775	"1"
"入货"	1	0	0	0.37	0.439	0.191	0.432	-0.251	-0.092	0.775	"1"
"全县"	0	1	1	0.74	0.879	0.382	-0.401	0.164	0.462	1.027	"3"
"全球"	1	0	0	0.37	0.439	0.191	0.432	-0.251	-0.092	0.775	"1"
"全省"	0	1	0	0.37	0.439	0.191	-0.201	0.357	-0.092	0.65	"2"
"全部"	0	2	3	1.849	2.197	0.954	-1.003	-0.213	1.292	2.508	"3"
"八十八年"	1	0	0	0.37	0.439	0.191	0.432	-0.251	-0.092	0.775	"1"
"八成"	1	0	0	0.37	0.439	0.191	0.432	-0.251	-0.092	0.775	"1"
"八百万"	0	1	0	0.37	0.439	0.191	-0.201	0.357	-0.092	0.65	"2"
"公会"	1	0	0	0.37	0.439	0.191	0.432	-0.251	-0.092	0.775	"1"
"公债"	0	2	0	0.74	0.879	0.382	-0.401	0.714	-0.184	1.299	"2"
"公共"	0	2	0	0.74	0.879	0.382	-0.401	0.714	-0.184	1.299	"2"
"公司"	12	6	6	8.875	10.546	4.578	0.872	-1.343	0.52	2.735	"2"
"公用"	0	2	0	0.74	0.879	0.382	-0.401	0.714	-0.184	1.299	"2"
"公立"	0	1	0	0.37	0.439	0.191	-0.201	0.357	-0.092	0.65	"2"
"公粮"	0	2	0	0.74	0.879	0.382	-0.401	0.714	-0.184	1.299	"2"
"公车"	0	2	0	0.74	0.879	0.382	-0.401	0.714	-0.184	1.299	"2"
"六亿"	1	0	0	0.37	0.439	0.191	0.432	-0.251	-0.092	0.775	"1"
"六百零三亿"	0	0	1	0.37	0.439	0.191	-0.201	-0.251	0.72	1.172	"3"
"六轻"	1	0	0	0.37	0.439	0.191	0.432	-0.251	-0.092	0.775	"1"
"共"	0	1	2	1.109	1.318	0.572	-0.602	-0.229	1.021	1.852	"3"
"共享"	1	0	0	0.37	0.439	0.191	0.432	-0.251	-0.092	0.775	"1"
"共同"	2	1	0	1.109	1.318	0.572	0.51	-0.229	-0.276	1.015	"1"
"共计"	0	0	1	0.37	0.439	0.191	-0.201	-0.251	0.72	1.172	"3"
"关"	2	0	0	0.74	0.879	0.382	0.864	-0.503	-0.184	1.551	"1"
"关外国"	1	0	0	0.37	0.439	0.191	0.432	-0.251	-0.092	0.775	"1"
"关怀"	1	0	0	0.37	0.439	0.191	0.432	-0.251	-0.092	0.775	"1"
"关系人"	1	0	0	0.37	0.439	0.191	0.432	-0.251	-0.092	0.775	"1"
"兴建"	0	3	1	1.479	1.758	0.763	-0.802	0.643	0.243	1.688	"1"
"其余"	0	0	1	0.37	0.439	0.191	-0.201	-0.251	0.72	1.172	"3"
"内线"	1	0	0	0.37	0.439	0.191	0.432	-0.251	-0.092	0.775	"1"
"册"	0	0	1	0.37	0.439	0.191	-0.201	-0.251	0.72	1.172	"3"
"再生"	0	1	0	0.37	0.439	0.191	-0.201	0.357	-0.092	0.65	"2"
"农历"	1	0	0	0.37	0.439	0.191	0.432	-0.251	-0.092	0.775	"1"
"农历年"	2	0	0	0.74	0.879	0.382	0.864	-0.503	-0.184	1.551	"1"
"农委会"	0	1	0	0.37	0.439	0.191	-0.201	0.357	-0.092	0.65	"2"
"农户"	0	0	1	0.37	0.439	0.191	-0.201	-0.251	0.72	1.172	"3"
"农渔民"	0	1	0	0.37	0.439	0.191	-0.201	0.357	-0.092	0.65	"2"
"决心"	1	1	0	0.74	0.879	0.382	0.22	0.164	-0.184	0.568	"1"
"净"	1	0	1	0.74	0.879	0.382	0.22	-0.503	0.462	1.185	"2"
"净值"	0	0	1	0.37	0.439	0.191	-0.201	-0.251	0.72	1.172	"3"
"准备"	1	0	0	0.37	0.439	0.191	0.432	-0.251	-0.092	0.775	"1"
"减"	0	1	0	0.37	0.439	0.191	-0.201	0.357	-0.092	0.65	"2"
"减少"	0	1	0	0.37	0.439	0.191	-0.201	0.357	-0.092	0.65	"2"
"减缩"	0	1	0	0.37	0.439	0.191	-0.201	0.357	-0.092	0.65	"2"
"出人意料"	0	1	0	0.37	0.439	0.191	-0.201	0.357	-0.092	0.65	"2"
"出品"	0	1	0	0.37	0.439	0.191	-0.201	0.357	-0.092	0.65	"2"
"出色"	1	0	0	0.37	0.439	0.191	0.432	-0.251	-0.092	0.775	"1"
"出资"	0	1	0	0.37	0.439	0.191	-0.201	0.357	-0.092	0.65	"2"
"分摊"	0	1	0	0.37	0.439	0.191	-0.201	0.357	-0.092	0.65	"2"
"分期付款"	0	1	0	0.37	0.439	0.191	-0.201	0.357	-0.092	0.65	"2"
"分洪"	0	0	1	0.37	0.439	0.191	-0.201	-0.251	0.72	1.172	"3"
"分红"	1	0	0	0.37	0.439	0.191	0.432	-0.251	-0.092	0.775	"1"
"分行"	1	0	0	0.37	0.439	0.191	0.432	-0.251	-0.092	0.775	"1"
"分配"	0	4	0	1.479	1.758	0.763	-0.802	1.428	-0.368	2.598	"2"
"列"	0	1	0	0.37	0.439	0.191	-0.201	0.357	-0.092	0.65	"2"
"刚刚"	0	1	0	0.37	0.439	0.191	-0.201	0.357	-0.092	0.65	"2"
"创业"	3	2	0	1.849	2.197	0.954	0.574	-0.213	-0.46	1.247	"1"
"创办人"	1	0	0	0.37	0.439	0.191	0.432	-0.251	-0.092	0.775	"1"
"创投"	1	0	0	0.37	0.439	0.191	0.432	-0.251	-0.092	0.775	"1"
"创新"	0	2	0	0.74	0.879	0.382	-0.401	0.714	-0.184	1.299	"2"
"初"	0	1	0	0.37	0.439	0.191	-0.201	0.357	-0.092	0.65	"2"
"初期"	0	1	1	0.74	0.879	0.382	-0.401	0.164	0.462	1.027	"3"
"删除"	0	1	0	0.37	0.439	0.191	-0.201	0.357	-0.092	0.65	"2"
"利国伟"	1	0	0	0.37	0.439	0.191	0.432	-0.251	-0.092	0.775	"1"
"利基"	0	1	0	0.37	0.439	0.191	-0.201	0.357	-0.092	0.65	"2"
"利多"	1	0	0	0.37	0.439	0.191	0.432	-0.251	-0.092	0.775	"1"
"利率"	10	0	0	3.698	4.394	1.908	4.32	-2.514	-0.919	7.753	"1"
"利用"	0	3	3	2.219	2.637	1.145	-1.203	0.27	1.056	2.529	"1"
"利用外"	0	1	0	0.37	0.439	0.191	-0.201	0.357	-0.092	0.65	"2"
"到位"	0	0	1	0.37	0.439	0.191	-0.201	-0.251	0.72	1.172	"3"
"制约"	0	2	0	0.74	0.879	0.382	-0.401	0.714	-0.184	1.299	"2"
"券"	0	0	1	0.37	0.439	0.191	-0.201	-0.251	0.72	1.172	"3"
"刺激港"	1	0	0	0.37	0.439	0.191	0.432	-0.251	-0.092	0.775	"1"
"削减"	0	2	0	0.74	0.879	0.382	-0.401	0.714	-0.184	1.299	"2"
"前总统"	0	0	1	0.37	0.439	0.191	-0.201	-0.251	0.72	1.172	"3"
"副总裁"	1	0	0	0.37	0.439	0.191	0.432	-0.251	-0.092	0.775	"1"
"力度"	0	3	0	1.109	1.318	0.572	-0.602	1.071	-0.276	1.949	"2"
"办法"	1	4	0	1.849	2.197	0.954	-0.408	0.918	-0.46	1.786	"2"
"办理"	0	4	1	1.849	2.197	0.954	-1.003	0.918	0.185	2.106	"1"
"办赛"	0	0	1	0.37	0.439	0.191	-0.201	-0.251	0.72	1.172	"3"
"功不可没"	1	0	0	0.37	0.439	0.191	0.432	-0.251	-0.092	0.775	"1"
"加上"	2	2	1	1.849	2.197	0.954	0.215	-0.213	0.185	0.613	"1"
"加固"	0	0	1	0.37	0.439	0.191	-0.201	-0.251	0.72	1.172	"3"
"加大"	0	1	1	0.74	0.879	0.382	-0.401	0.164	0.462	1.027	"3"
"加工"	0	2	0	0.74	0.879	0.382	-0.401	0.714	-0.184	1.299	"2"
"加强"	0	1	0	0.37	0.439	0.191	-0.201	0.357	-0.092	0.65	"2"
"加快"	0	2	0	0.74	0.879	0.382	-0.401	0.714	-0.184	1.299	"2"
"加码"	1	0	0	0.37	0.439	0.191	0.432	-0.251	-0.092	0.775	"1"
"加速"	1	1	0	0.74	0.879	0.382	0.22	0.164	-0.184	0.568	"1"
"动向"	1	0	0	0.37	0.439	0.191	0.432	-0.251	-0.092	0.775	"1"
"动用"	1	0	0	0.37	0.439	0.191	0.432	-0.251	-0.092	0.775	"1"
"动能"	0	0	1	0.37	0.439	0.191	-0.201	-0.251	0.72	1.172	"3"
"助"	0	3	0	1.109	1.318	0.572	-0.602	1.071	-0.276	1.949	"2"
"助学金"	1	0	0	0.37	0.439	0.191	0.432	-0.251	-0.092	0.775	"1"
"励"	1	0	0	0.37	0.439	0.191	0.432	-0.251	-0.092	0.775	"1"
"劳保"	3	0	0	1.109	1.318	0.572	1.296	-0.754	-0.276	2.326	"1"
"劳委会"	1	1	1	1.109	1.318	0.572	-0.161	-0.229	0.328	0.718	"3"
"劳工局"	0	1	0	0.37	0.439	0.191	-0.201	0.357	-0.092	0.65	"2"
"劳退"	1	0	0	0.37	0.439	0.191	0.432	-0.251	-0.092	0.775	"1"
"勘探"	0	1	0	0.37	0.439	0.191	-0.201	0.357	-0.092	0.65	"2"
"募得"	0	0	1	0.37	0.439	0.191	-0.201	-0.251	0.72	1.172	"3"
"募捐"	1	0	0	0.37	0.439	0.191	0.432	-0.251	-0.092	0.775	"1"
"募集"	1	2	0	1.109	1.318	0.572	-0.161	0.388	-0.276	0.825	"2"
"北卡州"	0	1	0	0.37	0.439	0.191	-0.201	0.357	-0.092	0.65	"2"
"区外"	0	0	1	0.37	0.439	0.191	-0.201	-0.251	0.72	1.172	"3"
"医疗"	0	2	0	0.74	0.879	0.382	-0.401	0.714	-0.184	1.299	"2"
"医管局善慈"	1	0	0	0.37	0.439	0.191	0.432	-0.251	-0.092	0.775	"1"
"医药"	3	0	0	1.109	1.318	0.572	1.296	-0.754	-0.276	2.326	"1"
"十三亿四千万"	0	0	1	0.37	0.439	0.191	-0.201	-0.251	0.72	1.172	"3"
"十五亿八千万"	0	1	0	0.37	0.439	0.191	-0.201	0.357	-0.092	0.65	"2"
"十亿"	0	0	1	0.37	0.439	0.191	-0.201	-0.251	0.72	1.172	"3"
"十亿零"	0	1	0	0.37	0.439	0.191	-0.201	0.357	-0.092	0.65	"2"
"十八亿余"	0	1	0	0.37	0.439	0.191	-0.201	0.357	-0.092	0.65	"2"
"十六亿五千万"	0	0	1	0.37	0.439	0.191	-0.201	-0.251	0.72	1.172	"3"
"千亿"	0	0	1	0.37	0.439	0.191	-0.201	-0.251	0.72	1.172	"3"
"华侨"	4	0	0	1.479	1.758	0.763	1.728	-1.005	-0.368	3.101	"1"
"华初"	0	1	0	0.37	0.439	0.191	-0.201	0.357	-0.092	0.65	"2"
"协助"	0	2	0	0.74	0.879	0.382	-0.401	0.714	-0.184	1.299	"2"
"协同"	1	0	0	0.37	0.439	0.191	0.432	-0.251	-0.092	0.775	"1"
"卓昶廷"	0	1	0	0.37	0.439	0.191	-0.201	0.357	-0.092	0.65	"2"
"单位"	0	3	0	1.109	1.318	0.572	-0.602	1.071	-0.276	1.949	"2"
"单项"	0	1	0	0.37	0.439	0.191	-0.201	0.357	-0.092	0.65	"2"
"博"	3	0	0	1.109	1.318	0.572	1.296	-0.754	-0.276	2.326	"1"
"占"	0	1	0	0.37	0.439	0.191	-0.201	0.357	-0.092	0.65	"2"
"占用"	0	1	0	0.37	0.439	0.191	-0.201	0.357	-0.092	0.65	"2"
"卡"	0	1	0	0.37	0.439	0.191	-0.201	0.357	-0.092	0.65	"2"
"卢湾区"	0	0	1	0.37	0.439	0.191	-0.201	-0.251	0.72	1.172	"3"
"卫教"	0	1	0	0.37	0.439	0.191	-0.201	0.357	-0.092	0.65	"2"
"印度人"	1	0	0	0.37	0.439	0.191	0.432	-0.251	-0.092	0.775	"1"
"危改"	0	2	0	0.74	0.879	0.382	-0.401	0.714	-0.184	1.299	"2"
"原先"	0	2	0	0.74	0.879	0.382	-0.401	0.714	-0.184	1.299	"2"
"原油"	0	3	0	1.109	1.318	0.572	-0.602	1.071	-0.276	1.949	"2"
"去路"	1	0	0	0.37	0.439	0.191	0.432	-0.251	-0.092	0.775	"1"
"县市"	0	2	0	0.74	0.879	0.382	-0.401	0.714	-0.184	1.299	"2"
"县库"	0	1	0	0.37	0.439	0.191	-0.201	0.357	-0.092	0.65	"2"
"县政府"	0	1	0	0.37	0.439	0.191	-0.201	0.357	-0.092	0.65	"2"
"县长"	0	1	0	0.37	0.439	0.191	-0.201	0.357	-0.092	0.65	"2"
"参照"	1	0	0	0.37	0.439	0.191	0.432	-0.251	-0.092	0.775	"1"
"及时"	0	1	0	0.37	0.439	0.191	-0.201	0.357	-0.092	0.65	"2"
"双全"	1	0	0	0.37	0.439	0.191	0.432	-0.251	-0.092	0.775	"1"
"双向"	0	1	0	0.37	0.439	0.191	-0.201	0.357	-0.092	0.65	"2"
"反之"	1	0	0	0.37	0.439	0.191	0.432	-0.251	-0.092	0.775	"1"
"反向"	1	0	0	0.37	0.439	0.191	0.432	-0.251	-0.092	0.775	"1"
"反应热"	1	0	0	0.37	0.439	0.191	0.432	-0.251	-0.092	0.775	"1"
"发债"	1	0	0	0.37	0.439	0.191	0.432	-0.251	-0.092	0.775	"1"
"发放"	0	0	1	0.37	0.439	0.191	-0.201	-0.251	0.72	1.172	"3"
"发现到"	1	0	0	0.37	0.439	0.191	0.432	-0.251	-0.092	0.775	"1"
"发行"	3	1	3	2.589	3.076	1.335	0.29	-0.948	0.878	2.116	"2"
"取得"	2	1	0	1.109	1.318	0.572	0.51	-0.229	-0.276	1.015	"1"
"受害者"	0	1	0	0.37	0.439	0.191	-0.201	0.357	-0.092	0.65	"2"
"变更"	0	1	0	0.37	0.439	0.191	-0.201	0.357	-0.092	0.65	"2"
"只"	1	0	0	0.37	0.439	0.191	0.432	-0.251	-0.092	0.775	"1"
"可以"	0	2	0	0.74	0.879	0.382	-0.401	0.714	-0.184	1.299	"2"
"台南县"	0	1	0	0.37	0.439	0.191	-0.201	0.357	-0.092	0.65	"2"
"台商"	1	1	0	0.74	0.879	0.382	0.22	0.164	-0.184	0.568	"1"
"台塑"	1	0	0	0.37	0.439	0.191	0.432	-0.251	-0.092	0.775	"1"
"台湾省"	1	0	0	0.37	0.439	0.191	0.432	-0.251	-0.092	0.775	"1"
"台电"	0	1	0	0.37	0.439	0.191	-0.201	0.357	-0.092	0.65	"2"
"台积电"	1	0	0	0.37	0.439	0.191	0.432	-0.251	-0.092	0.775	"1"
"台糖"	0	1	0	0.37	0.439	0.191	-0.201	0.357	-0.092	0.65	"2"
"台股"	4	0	0	1.479	1.758	0.763	1.728	-1.005	-0.368	3.101	"1"
"司法部"	0	1	0	0.37	0.439	0.191	-0.201	0.357	-0.092	0.65	"2"
"合同"	0	1	0	0.37	0.439	0.191	-0.201	0.357	-0.092	0.65	"2"
"合资"	1	0	0	0.37	0.439	0.191	0.432	-0.251	-0.092	0.775	"1"
"同济医"	0	1	0	0.37	0.439	0.191	-0.201	0.357	-0.092	0.65	"2"
"名义"	0	1	0	0.37	0.439	0.191	-0.201	0.357	-0.092	0.65	"2"
"名叫"	1	0	0	0.37	0.439	0.191	0.432	-0.251	-0.092	0.775	"1"
"名誉"	1	0	0	0.37	0.439	0.191	0.432	-0.251	-0.092	0.775	"1"
"后市"	1	0	0	0.37	0.439	0.191	0.432	-0.251	-0.092	0.775	"1"
"后盾"	0	1	0	0.37	0.439	0.191	-0.201	0.357	-0.092	0.65	"2"
"启动"	1	1	2	1.479	1.758	0.763	-0.277	-0.389	0.778	1.444	"3"
"吸引"	0	4	1	1.849	2.197	0.954	-1.003	0.918	0.185	2.106	"1"
"吸纳"	1	2	0	1.109	1.318	0.572	-0.161	0.388	-0.276	0.825	"2"
"周"	0	1	0	0.37	0.439	0.191	-0.201	0.357	-0.092	0.65	"2"
"售价"	1	0	0	0.37	0.439	0.191	0.432	-0.251	-0.092	0.775	"1"
"商业"	0	1	0	0.37	0.439	0.191	-0.201	0.357	-0.092	0.65	"2"
"商业化"	1	0	0	0.37	0.439	0.191	0.432	-0.251	-0.092	0.775	"1"
"商品"	0	1	0	0.37	0.439	0.191	-0.201	0.357	-0.092	0.65	"2"
"善款"	2	0	0	0.74	0.879	0.382	0.864	-0.503	-0.184	1.551	"1"
"喊标"	1	0	0	0.37	0.439	0.191	0.432	-0.251	-0.092	0.775	"1"
"四"	2	0	0	0.74	0.879	0.382	0.864	-0.503	-0.184	1.551	"1"
"四十兆"	1	0	0	0.37	0.439	0.191	0.432	-0.251	-0.092	0.775	"1"
"四方"	1	0	0	0.37	0.439	0.191	0.432	-0.251	-0.092	0.775	"1"
"四百万"	0	0	1	0.37	0.439	0.191	-0.201	-0.251	0.72	1.172	"3"
"四百余万"	0	0	1	0.37	0.439	0.191	-0.201	-0.251	0.72	1.172	"3"
"四百零四亿"	0	0	1	0.37	0.439	0.191	-0.201	-0.251	0.72	1.172	"3"
"回报率"	0	2	0	0.74	0.879	0.382	-0.401	0.714	-0.184	1.299	"2"
"回收"	0	0	1	0.37	0.439	0.191	-0.201	-0.251	0.72	1.172	"3"
"回流"	6	0	0	2.219	2.637	1.145	2.592	-1.508	-0.552	4.652	"1"
"回馈"	1	0	0	0.37	0.439	0.191	0.432	-0.251	-0.092	0.775	"1"
"因"	0	2	0	0.74	0.879	0.382	-0.401	0.714	-0.184	1.299	"2"
"因应"	1	0	0	0.37	0.439	0.191	0.432	-0.251	-0.092	0.775	"1"
"困扰"	0	1	0	0.37	0.439	0.191	-0.201	0.357	-0.092	0.65	"2"
"困难"	0	1	0	0.37	0.439	0.191	-0.201	0.357	-0.092	0.65	"2"
"国债"	1	5	1	2.589	3.076	1.335	-0.695	0.855	-0.22	1.77	"2"
"国内"	1	0	0	0.37	0.439	0.191	0.432	-0.251	-0.092	0.775	"1"
"国内外"	0	1	0	0.37	0.439	0.191	-0.201	0.357	-0.092	0.65	"2"
"国安"	16	0	0	5.917	7.031	3.052	6.912	-4.022	-1.471	12.405	"1"
"国家"	5	4	0	3.328	3.955	1.717	0.684	0.212	-0.827	1.723	"3"
"国有"	0	1	0	0.37	0.439	0.191	-0.201	0.357	-0.092	0.65	"2"
"国立"	0	2	0	0.74	0.879	0.382	-0.401	0.714	-0.184	1.299	"2"
"国营"	1	0	0	0.37	0.439	0.191	0.432	-0.251	-0.092	0.775	"1"
"国际"	16	4	1	7.766	9.228	4.006	3.528	-1.795	-1.156	6.479	"1"
"国际货"	0	0	1	0.37	0.439	0.191	-0.201	-0.251	0.72	1.172	"3"
"图书馆"	0	1	0	0.37	0.439	0.191	-0.201	0.357	-0.092	0.65	"2"
"土地"	0	1	1	0.74	0.879	0.382	-0.401	0.164	0.462	1.027	"3"
"地方"	0	5	0	1.849	2.197	0.954	-1.003	1.786	-0.46	3.249	"2"
"场地"	0	2	0	0.74	0.879	0.382	-0.401	0.714	-0.184	1.299	"2"
"垫偿"	0	2	0	0.74	0.879	0.382	-0.401	0.714	-0.184	1.299	"2"
"基金"	48	4	0	19.23	22.85	9.92	16.086	-8.015	-4.78	28.881	"1"
"基金业"	1	0	0	0.37	0.439	0.191	0.432	-0.251	-0.092	0.775	"1"
"基金会"	3	0	1	1.479	1.758	0.763	0.835	-1.005	0.243	2.083	"2"
"堡"	0	1	0	0.37	0.439	0.191	-0.201	0.357	-0.092	0.65	"2"
"堵住"	0	1	0	0.37	0.439	0.191	-0.201	0.357	-0.092	0.65	"2"
"境内外"	0	1	0	0.37	0.439	0.191	-0.201	0.357	-0.092	0.65	"2"
"境外"	0	2	0	0.74	0.879	0.382	-0.401	0.714	-0.184	1.299	"2"
"增"	0	1	0	0.37	0.439	0.191	-0.201	0.357	-0.092	0.65	"2"
"增加"	0	9	2	4.068	4.834	2.098	-2.206	1.909	-0.188	4.303	"1"
"增发"	0	1	0	0.37	0.439	0.191	-0.201	0.357	-0.092	0.65	"2"
"增长"	0	2	0	0.74	0.879	0.382	-0.401	0.714	-0.184	1.299	"2"
"处理"	0	1	0	0.37	0.439	0.191	-0.201	0.357	-0.092	0.65	"2"
"备查"	1	0	0	0.37	0.439	0.191	0.432	-0.251	-0.092	0.775	"1"
"复"	0	0	1	0.37	0.439	0.191	-0.201	-0.251	0.72	1.172	"3"
"复旧"	0	1	0	0.37	0.439	0.191	-0.201	0.357	-0.092	0.65	"2"
"外债"	0	1	0	0.37	0.439	0.191	-0.201	0.357	-0.092	0.65	"2"
"外国"	2	3	0	1.849	2.197	0.954	0.215	0.412	-0.46	1.087	"3"
"外来"	1	1	0	0.74	0.879	0.382	0.22	0.164	-0.184	0.568	"1"
"外汇"	2	0	2	1.479	1.758	0.763	0.326	-1.005	0.778	2.109	"2"
"外资"	1	0	2	1.109	1.318	0.572	-0.161	-0.754	1.021	1.936	"3"
"外逃"	1	0	0	0.37	0.439	0.191	0.432	-0.251	-0.092	0.775	"1"
"多元化"	0	1	0	0.37	0.439	0.191	-0.201	0.357	-0.092	0.65	"2"
"多少"	0	2	0	0.74	0.879	0.382	-0.401	0.714	-0.184	1.299	"2"
"多层次"	0	1	0	0.37	0.439	0.191	-0.201	0.357	-0.092	0.65	"2"
"多方"	0	1	0	0.37	0.439	0.191	-0.201	0.357	-0.092	0.65	"2"
"多渠道"	0	3	0	1.109	1.318	0.572	-0.602	1.071	-0.276	1.949	"2"
"多空"	1	0	0	0.37	0.439	0.191	0.432	-0.251	-0.092	0.775	"1"
"多边"	0	1	0	0.37	0.439	0.191	-0.201	0.357	-0.092	0.65	"2"
"够"	0	0	2	0.74	0.879	0.382	-0.401	-0.503	1.439	2.343	"3"
"大举"	1	0	0	0.37	0.439	0.191	0.432	-0.251	-0.092	0.775	"1"
"大多"	0	1	0	0.37	0.439	0.191	-0.201	0.357	-0.092	0.65	"2"
"大大小小"	0	1	0	0.37	0.439	0.191	-0.201	0.357	-0.092	0.65	"2"
"大姚县"	0	1	0	0.37	0.439	0.191	-0.201	0.357	-0.092	0.65	"2"
"大学"	0	1	0	0.37	0.439	0.191	-0.201	0.357	-0.092	0.65	"2"
"大学院校"	0	1	0	0.37	0.439	0.191	-0.201	0.357	-0.092	0.65	"2"
"大幅"	0	4	0	1.479	1.758	0.763	-0.802	1.428	-0.368	2.598	"2"
"大部分"	0	1	0	0.37	0.439	0.191	-0.201	0.357	-0.092	0.65	"2"
"大量"	0	2	0	0.74	0.879	0.382	-0.401	0.714	-0.184	1.299	"2"
"大陆"	4	3	1	2.958	3.515	1.526	0.472	-0.3	-0.275	1.047	"1"
"太少"	0	1	0	0.37	0.439	0.191	-0.201	0.357	-0.092	0.65	"2"
"夫无"	0	1	0	0.37	0.439	0.191	-0.201	0.357	-0.092	0.65	"2"
"央行"	10	0	0	3.698	4.394	1.908	4.32	-2.514	-0.919	7.753	"1"
"契约"	1	0	0	0.37	0.439	0.191	0.432	-0.251	-0.092	0.775	"1"
"奖助"	0	1	0	0.37	0.439	0.191	-0.201	0.357	-0.092	0.65	"2"
"奖励"	0	1	0	0.37	0.439	0.191	-0.201	0.357	-0.092	0.65	"2"
"奖学"	0	1	0	0.37	0.439	0.191	-0.201	0.357	-0.092	0.65	"2"
"奖学金"	0	1	0	0.37	0.439	0.191	-0.201	0.357	-0.092	0.65	"2"
"姐妹俩"	1	0	0	0.37	0.439	0.191	0.432	-0.251	-0.092	0.775	"1"
"委员"	1	0	0	0.37	0.439	0.191	0.432	-0.251	-0.092	0.775	"1"
"委员会"	4	3	1	2.958	3.515	1.526	0.472	-0.3	-0.275	1.047	"1"
"孔老夫子"	0	1	0	0.37	0.439	0.191	-0.201	0.357	-0.092	0.65	"2"
"存单"	1	0	0	0.37	0.439	0.191	0.432	-0.251	-0.092	0.775	"1"
"存放"	1	0	0	0.37	0.439	0.191	0.432	-0.251	-0.092	0.775	"1"
"存款"	4	0	0	1.479	1.758	0.763	1.728	-1.005	-0.368	3.101	"1"
"季度"	0	1	0	0.37	0.439	0.191	-0.201	0.357	-0.092	0.65	"2"
"学"	0	2	0	0.74	0.879	0.382	-0.401	0.714	-0.184	1.299	"2"
"学校"	0	3	0	1.109	1.318	0.572	-0.602	1.071	-0.276	1.949	"2"
"学科"	0	1	0	0.37	0.439	0.191	-0.201	0.357	-0.092	0.65	"2"
"安"	1	0	0	0.37	0.439	0.191	0.432	-0.251	-0.092	0.775	"1"
"安定"	3	0	0	1.109	1.318	0.572	1.296	-0.754	-0.276	2.326	"1"
"安排"	0	3	0	1.109	1.318	0.572	-0.602	1.071	-0.276	1.949	"2"
"完善"	0	1	0	0.37	0.439	0.191	-0.201	0.357	-0.092	0.65	"2"
"定远"	0	2	0	0.74	0.879	0.382	-0.401	0.714	-0.184	1.299	"2"
"宝来"	1	0	0	0.37	0.439	0.191	0.432	-0.251	-0.092	0.775	"1"
"实行"	0	1	0	0.37	0.439	0.191	-0.201	0.357	-0.092	0.65	"2"
"审计"	0	0	1	0.37	0.439	0.191	-0.201	-0.251	0.72	1.172	"3"
"审议"	0	2	0	0.74	0.879	0.382	-0.401	0.714	-0.184	1.299	"2"
"宣传"	0	1	0	0.37	0.439	0.191	-0.201	0.357	-0.092	0.65	"2"
"宣导"	0	1	0	0.37	0.439	0.191	-0.201	0.357	-0.092	0.65	"2"
"宣布"	1	1	0	0.74	0.879	0.382	0.22	0.164	-0.184	0.568	"1"
"宣示"	1	0	0	0.37	0.439	0.191	0.432	-0.251	-0.092	0.775	"1"
"宽松"	0	1	0	0.37	0.439	0.191	-0.201	0.357	-0.092	0.65	"2"
"密集"	2	0	0	0.74	0.879	0.382	0.864	-0.503	-0.184	1.551	"1"
"密集度"	0	1	0	0.37	0.439	0.191	-0.201	0.357	-0.092	0.65	"2"
"富产业"	1	0	0	0.37	0.439	0.191	0.432	-0.251	-0.092	0.775	"1"
"对作"	1	0	0	0.37	0.439	0.191	0.432	-0.251	-0.092	0.775	"1"
"寻"	1	0	0	0.37	0.439	0.191	0.432	-0.251	-0.092	0.775	"1"
"寻求"	0	1	0	0.37	0.439	0.191	-0.201	0.357	-0.092	0.65	"2"
"封闭式"	2	0	0	0.74	0.879	0.382	0.864	-0.503	-0.184	1.551	"1"
"封顶"	0	1	0	0.37	0.439	0.191	-0.201	0.357	-0.092	0.65	"2"
"将"	1	0	0	0.37	0.439	0.191	0.432	-0.251	-0.092	0.775	"1"
"小家庭"	1	0	0	0.37	0.439	0.191	0.432	-0.251	-0.092	0.775	"1"
"小额"	0	0	1	0.37	0.439	0.191	-0.201	-0.251	0.72	1.172	"3"
"少"	0	1	1	0.74	0.879	0.382	-0.401	0.164	0.462	1.027	"3"
"尚志"	0	0	1	0.37	0.439	0.191	-0.201	-0.251	0.72	1.172	"3"
"就业"	0	2	0	0.74	0.879	0.382	-0.401	0.714	-0.184	1.299	"2"
"尽速"	1	0	0	0.37	0.439	0.191	0.432	-0.251	-0.092	0.775	"1"
"尾盘"	1	0	0	0.37	0.439	0.191	0.432	-0.251	-0.092	0.775	"1"
"居士林"	2	0	0	0.74	0.879	0.382	0.864	-0.503	-0.184	1.551	"1"
"属下"	2	0	0	0.74	0.879	0.382	0.864	-0.503	-0.184	1.551	"1"
"工业区"	0	1	0	0.37	0.439	0.191	-0.201	0.357	-0.092	0.65	"2"
"工务处"	0	1	0	0.37	0.439	0.191	-0.201	0.357	-0.092	0.65	"2"
"工期"	0	0	1	0.37	0.439	0.191	-0.201	-0.251	0.72	1.172	"3"
"工程"	0	3	6	3.328	3.955	1.717	-1.805	-0.413	2.624	4.842	"3"
"工程费"	0	0	1	0.37	0.439	0.191	-0.201	-0.251	0.72	1.172	"3"
"巨额"	1	0	0	0.37	0.439	0.191	0.432	-0.251	-0.092	0.775	"1"
"差额"	0	0	1	0.37	0.439	0.191	-0.201	-0.251	0.72	1.172	"3"
"巴菲特"	1	0	0	0.37	0.439	0.191	0.432	-0.251	-0.092	0.775	"1"
"币"	0	0	2	0.74	0.879	0.382	-0.401	-0.503	1.439	2.343	"3"
"市值"	1	0	0	0.37	0.439	0.191	0.432	-0.251	-0.092	0.775	"1"
"市场"	16	10	2	10.355	12.304	5.341	1.625	-0.606	-1.117	3.348	"1"
"市场机"	1	0	0	0.37	0.439	0.191	0.432	-0.251	-0.092	0.775	"1"
"市议会"	0	0	1	0.37	0.439	0.191	-0.201	-0.251	0.72	1.172	"3"
"帐户"	0	0	2	0.74	0.879	0.382	-0.401	-0.503	1.439	2.343	"3"
"带动"	2	0	1	1.109	1.318	0.572	0.51	-0.754	0.328	1.592	"2"
"帮助"	0	1	3	1.479	1.758	0.763	-0.802	-0.389	1.624	2.815	"3"
"平摊"	0	0	1	0.37	0.439	0.191	-0.201	-0.251	0.72	1.172	"3"
"平稳"	1	0	0	0.37	0.439	0.191	0.432	-0.251	-0.092	0.775	"1"
"平衡型"	1	0	0	0.37	0.439	0.191	0.432	-0.251	-0.092	0.775	"1"
"平衡式"	1	0	0	0.37	0.439	0.191	0.432	-0.251	-0.092	0.775	"1"
"年关"	1	0	0	0.37	0.439	0.191	0.432	-0.251	-0.092	0.775	"1"
"年底"	0	0	1	0.37	0.439	0.191	-0.201	-0.251	0.72	1.172	"3"
"年度"	0	5	0	1.849	2.197	0.954	-1.003	1.786	-0.46	3.249	"2"
"年报"	1	0	0	0.37	0.439	0.191	0.432	-0.251	-0.092	0.775	"1"
"库"	1	0	0	0.37	0.439	0.191	0.432	-0.251	-0.092	0.775	"1"
"应当"	1	0	0	0.37	0.439	0.191	0.432	-0.251	-0.092	0.775	"1"
"应急"	0	1	0	0.37	0.439	0.191	-0.201	0.357	-0.092	0.65	"2"
"底"	2	1	2	1.849	2.197	0.954	0.215	-0.565	0.613	1.393	"3"
"府"	0	1	0	0.37	0.439	0.191	-0.201	0.357	-0.092	0.65	"2"
"庞大"	1	1	0	0.74	0.879	0.382	0.22	0.164	-0.184	0.568	"1"
"建"	0	2	0	0.74	0.879	0.382	-0.401	0.714	-0.184	1.299	"2"
"建弘"	1	0	0	0.37	0.439	0.191	0.432	-0.251	-0.092	0.775	"1"
"建房"	0	1	0	0.37	0.439	0.191	-0.201	0.357	-0.092	0.65	"2"
"建档"	0	1	0	0.37	0.439	0.191	-0.201	0.357	-0.092	0.65	"2"
"建立"	0	3	0	1.109	1.318	0.572	-0.602	1.071	-0.276	1.949	"2"
"建设"	1	14	1	5.917	7.031	3.052	-2.192	3.378	-0.792	6.362	"2"
"开会"	2	0	0	0.74	0.879	0.382	0.864	-0.503	-0.184	1.551	"1"
"开发"	2	5	1	2.958	3.515	1.526	-0.418	0.619	-0.275	1.312	"2"
"开工"	0	1	0	0.37	0.439	0.191	-0.201	0.357	-0.092	0.65	"2"
"开支"	0	1	0	0.37	0.439	0.191	-0.201	0.357	-0.092	0.65	"2"
"开放型"	1	0	0	0.37	0.439	0.191	0.432	-0.251	-0.092	0.775	"1"
"开放式"	2	0	0	0.74	0.879	0.382	0.864	-0.503	-0.184	1.551	"1"
"开斋节"	2	0	0	0.74	0.879	0.382	0.864	-0.503	-0.184	1.551	"1"
"开销"	0	1	0	0.37	0.439	0.191	-0.201	0.357	-0.092	0.65	"2"
"异常"	0	1	0	0.37	0.439	0.191	-0.201	0.357	-0.092	0.65	"2"
"引入"	0	1	1	0.74	0.879	0.382	-0.401	0.164	0.462	1.027	"3"
"引发"	0	1	0	0.37	0.439	0.191	-0.201	0.357	-0.092	0.65	"2"
"引导"	0	1	1	0.74	0.879	0.382	-0.401	0.164	0.462	1.027	"3"
"引进"	0	4	3	2.589	3.076	1.335	-1.404	0.432	0.878	2.714	"1"
"张博雅"	0	1	0	0.37	0.439	0.191	-0.201	0.357	-0.092	0.65	"2"
"弥补"	0	2	0	0.74	0.879	0.382	-0.401	0.714	-0.184	1.299	"2"
"强化"	0	1	0	0.37	0.439	0.191	-0.201	0.357	-0.092	0.65	"2"
"强有力"	0	0	1	0.37	0.439	0.191	-0.201	-0.251	0.72	1.172	"3"
"归还"	0	0	1	0.37	0.439	0.191	-0.201	-0.251	0.72	1.172	"3"
"往来"	1	0	0	0.37	0.439	0.191	0.432	-0.251	-0.092	0.775	"1"
"征收"	0	1	1	0.74	0.879	0.382	-0.401	0.164	0.462	1.027	"3"
"征税"	0	1	0	0.37	0.439	0.191	-0.201	0.357	-0.092	0.65	"2"
"徐大麟"	1	0	0	0.37	0.439	0.191	0.432	-0.251	-0.092	0.775	"1"
"循"	0	2	0	0.74	0.879	0.382	-0.401	0.714	-0.184	1.299	"2"
"德信"	1	0	0	0.37	0.439	0.191	0.432	-0.251	-0.092	0.775	"1"
"德胜"	1	0	0	0.37	0.439	0.191	0.432	-0.251	-0.092	0.775	"1"
"德银"	1	0	0	0.37	0.439	0.191	0.432	-0.251	-0.092	0.775	"1"
"必要"	2	2	0	1.479	1.758	0.763	0.326	0.228	-0.368	0.922	"3"
"快速"	0	1	0	0.37	0.439	0.191	-0.201	0.357	-0.092	0.65	"2"
"总务"	0	1	0	0.37	0.439	0.191	-0.201	0.357	-0.092	0.65	"2"
"总工程"	0	0	1	0.37	0.439	0.191	-0.201	-0.251	0.72	1.172	"3"
"总投资"	0	0	1	0.37	0.439	0.191	-0.201	-0.251	0.72	1.172	"3"
"总裁"	1	0	0	0.37	0.439	0.191	0.432	-0.251	-0.092	0.775	"1"
"总计"	1	0	1	0.74	0.879	0.382	0.22	-0.503	0.462	1.185	"2"
"总量"	0	0	1	0.37	0.439	0.191	-0.201	-0.251	0.72	1.172	"3"
"总预算"	0	1	0	0.37	0.439	0.191	-0.201	0.357	-0.092	0.65	"2"
"总额"	2	1	6	3.328	3.955	1.717	-0.533	-1.356	2.624	4.513	"3"
"恐"	0	1	0	0.37	0.439	0.191	-0.201	0.357	-0.092	0.65	"2"
"恐怖"	2	1	0	1.109	1.318	0.572	0.51	-0.229	-0.276	1.015	"1"
"恒生"	1	0	0	0.37	0.439	0.191	0.432	-0.251	-0.092	0.775	"1"
"悲观"	1	0	0	0.37	0.439	0.191	0.432	-0.251	-0.092	0.775	"1"
"情况"	0	1	0	0.37	0.439	0.191	-0.201	0.357	-0.092	0.65	"2"
"情形"	1	1	0	0.74	0.879	0.382	0.22	0.164	-0.184	0.568	"1"
"情报"	0	1	0	0.37	0.439	0.191	-0.201	0.357	-0.092	0.65	"2"
"惧"	0	1	0	0.37	0.439	0.191	-0.201	0.357	-0.092	0.65	"2"
"愈加"	0	1	0	0.37	0.439	0.191	-0.201	0.357	-0.092	0.65	"2"
"慈"	1	0	0	0.37	0.439	0.191	0.432	-0.251	-0.092	0.775	"1"
"慈善"	3	0	0	1.109	1.318	0.572	1.296	-0.754	-0.276	2.326	"1"
"慰助"	0	1	0	0.37	0.439	0.191	-0.201	0.357	-0.092	0.65	"2"
"慰灵碑"	0	1	0	0.37	0.439	0.191	-0.201	0.357	-0.092	0.65	"2"
"成品"	0	1	0	0.37	0.439	0.191	-0.201	0.357	-0.092	0.65	"2"
"成本"	0	2	0	0.74	0.879	0.382	-0.401	0.714	-0.184	1.299	"2"
"成立"	2	3	0	1.849	2.197	0.954	0.215	0.412	-0.46	1.087	"3"
"成立日"	2	0	0	0.74	0.879	0.382	0.864	-0.503	-0.184	1.551	"1"
"截至"	2	0	2	1.479	1.758	0.763	0.326	-1.005	0.778	2.109	"2"
"房地"	0	1	0	0.37	0.439	0.191	-0.201	0.357	-0.092	0.65	"2"
"房地产"	3	1	0	1.479	1.758	0.763	0.835	-0.389	-0.368	1.592	"1"
"所"	1	6	9	5.917	7.031	3.052	-2.192	-0.399	2.986	5.577	"3"
"所得"	1	0	0	0.37	0.439	0.191	0.432	-0.251	-0.092	0.775	"1"
"手头"	0	0	1	0.37	0.439	0.191	-0.201	-0.251	0.72	1.172	"3"
"托管人"	1	0	0	0.37	0.439	0.191	0.432	-0.251	-0.092	0.775	"1"
"执法"	0	1	0	0.37	0.439	0.191	-0.201	0.357	-0.092	0.65	"2"
"执行"	0	2	0	0.74	0.879	0.382	-0.401	0.714	-0.184	1.299	"2"
"执行长"	1	0	0	0.37	0.439	0.191	0.432	-0.251	-0.092	0.775	"1"
"扩充"	0	1	2	1.109	1.318	0.572	-0.602	-0.229	1.021	1.852	"3"
"扩增"	1	0	0	0.37	0.439	0.191	0.432	-0.251	-0.092	0.775	"1"
"扩大"	0	1	0	0.37	0.439	0.191	-0.201	0.357	-0.092	0.65	"2"
"扩大到"	0	1	0	0.37	0.439	0.191	-0.201	0.357	-0.092	0.65	"2"
"扭曲"	2	0	0	0.74	0.879	0.382	0.864	-0.503	-0.184	1.551	"1"
"扶持"	0	1	0	0.37	0.439	0.191	-0.201	0.357	-0.092	0.65	"2"
"扶贫"	0	1	0	0.37	0.439	0.191	-0.201	0.357	-0.092	0.65	"2"
"承接"	2	0	0	0.74	0.879	0.382	0.864	-0.503	-0.184	1.551	"1"
"技"	0	1	0	0.37	0.439	0.191	-0.201	0.357	-0.092	0.65	"2"
"技术"	0	9	0	3.328	3.955	1.717	-1.805	3.214	-0.827	5.846	"2"
"技术合作"	0	1	0	0.37	0.439	0.191	-0.201	0.357	-0.092	0.65	"2"
"技职教育"	0	0	1	0.37	0.439	0.191	-0.201	-0.251	0.72	1.172	"3"
"投"	3	0	3	2.219	2.637	1.145	0.405	-1.508	1.056	2.969	"2"
"投下"	0	1	0	0.37	0.439	0.191	-0.201	0.357	-0.092	0.65	"2"
"投信"	6	0	0	2.219	2.637	1.145	2.592	-1.508	-0.552	4.652	"1"
"投入"	2	7	17	9.615	11.425	4.96	-3.106	-1.235	6.511	10.852	"3"
"投放"	0	1	0	0.37	0.439	0.191	-0.201	0.357	-0.092	0.65	"2"
"投机性"	1	0	0	0.37	0.439	0.191	0.432	-0.251	-0.092	0.775	"1"
"投注"	0	1	0	0.37	0.439	0.191	-0.201	0.357	-0.092	0.65	"2"
"投资"	40	9	3	19.23	22.85	9.92	8.293	-4.332	-2.204	14.829	"1"
"投资人"	1	0	1	0.74	0.879	0.382	0.22	-0.503	0.462	1.185	"2"
"投顾"	1	0	0	0.37	0.439	0.191	0.432	-0.251	-0.092	0.775	"1"
"抗震"	0	1	0	0.37	0.439	0.191	-0.201	0.357	-0.092	0.65	"2"
"抛售"	1	0	0	0.37	0.439	0.191	0.432	-0.251	-0.092	0.775	"1"
"护"	1	0	0	0.37	0.439	0.191	0.432	-0.251	-0.092	0.775	"1"
"护幼"	0	1	0	0.37	0.439	0.191	-0.201	0.357	-0.092	0.65	"2"
"护盘"	8	0	0	2.958	3.515	1.526	3.456	-2.011	-0.735	6.202	"1"
"报业"	1	0	0	0.37	0.439	0.191	0.432	-0.251	-0.092	0.775	"1"
"披索"	0	0	1	0.37	0.439	0.191	-0.201	-0.251	0.72	1.172	"3"
"担"	1	0	0	0.37	0.439	0.191	0.432	-0.251	-0.092	0.775	"1"
"担保"	0	0	1	0.37	0.439	0.191	-0.201	-0.251	0.72	1.172	"3"
"拆除"	0	0	1	0.37	0.439	0.191	-0.201	-0.251	0.72	1.172	"3"
"拉动"	0	0	1	0.37	0.439	0.191	-0.201	-0.251	0.72	1.172	"3"
"拉平"	0	1	0	0.37	0.439	0.191	-0.201	0.357	-0.092	0.65	"2"
"拉抬"	1	0	0	0.37	0.439	0.191	0.432	-0.251	-0.092	0.775	"1"
"拓宽"	0	1	0	0.37	0.439	0.191	-0.201	0.357	-0.092	0.65	"2"
"拟定"	0	1	0	0.37	0.439	0.191	-0.201	0.357	-0.092	0.65	"2"
"拨"	0	1	1	0.74	0.879	0.382	-0.401	0.164	0.462	1.027	"3"
"拨专"	0	1	0	0.37	0.439	0.191	-0.201	0.357	-0.092	0.65	"2"
"拨付"	0	1	0	0.37	0.439	0.191	-0.201	0.357	-0.092	0.65	"2"
"拨出"	0	2	0	0.74	0.879	0.382	-0.401	0.714	-0.184	1.299	"2"
"拨款"	0	0	3	1.109	1.318	0.572	-0.602	-0.754	2.159	3.515	"3"
"拨款案"	0	0	1	0.37	0.439	0.191	-0.201	-0.251	0.72	1.172	"3"
"拯救"	0	0	1	0.37	0.439	0.191	-0.201	-0.251	0.72	1.172	"3"
"拿出"	0	0	1	0.37	0.439	0.191	-0.201	-0.251	0.72	1.172	"3"
"持"	1	0	0	0.37	0.439	0.191	0.432	-0.251	-0.092	0.775	"1"
"持有"	2	0	0	0.74	0.879	0.382	0.864	-0.503	-0.184	1.551	"1"
"持续"	2	1	0	1.109	1.318	0.572	0.51	-0.229	-0.276	1.015	"1"
"持续发"	0	0	2	0.74	0.879	0.382	-0.401	-0.503	1.439	2.343	"3"
"指"	1	0	0	0.37	0.439	0.191	0.432	-0.251	-0.092	0.775	"1"
"指纹"	0	1	0	0.37	0.439	0.191	-0.201	0.357	-0.092	0.65	"2"
"挪"	0	1	0	0.37	0.439	0.191	-0.201	0.357	-0.092	0.65	"2"
"挹注"	1	0	0	0.37	0.439	0.191	0.432	-0.251	-0.092	0.775	"1"
"捐出"	1	0	0	0.37	0.439	0.191	0.432	-0.251	-0.092	0.775	"1"
"捐款"	2	0	0	0.74	0.879	0.382	0.864	-0.503	-0.184	1.551	"1"
"捐给"	3	0	0	1.109	1.318	0.572	1.296	-0.754	-0.276	2.326	"1"
"捐赠给"	1	0	0	0.37	0.439	0.191	0.432	-0.251	-0.092	0.775	"1"
"换算"	0	0	1	0.37	0.439	0.191	-0.201	-0.251	0.72	1.172	"3"
"捷运"	0	2	0	0.74	0.879	0.382	-0.401	0.714	-0.184	1.299	"2"
"掏空"	0	0	2	0.74	0.879	0.382	-0.401	-0.503	1.439	2.343	"3"
"排挤"	0	1	0	0.37	0.439	0.191	-0.201	0.357	-0.092	0.65	"2"
"推出"	2	0	0	0.74	0.879	0.382	0.864	-0.503	-0.184	1.551	"1"
"推动"	1	0	0	0.37	0.439	0.191	0.432	-0.251	-0.092	0.775	"1"
"推动型"	1	0	0	0.37	0.439	0.191	0.432	-0.251	-0.092	0.775	"1"
"推展"	0	1	0	0.37	0.439	0.191	-0.201	0.357	-0.092	0.65	"2"
"推荐"	2	0	0	0.74	0.879	0.382	0.864	-0.503	-0.184	1.551	"1"
"提供"	1	10	3	5.177	6.152	2.671	-1.843	1.446	0.287	3.576	"1"
"提拨"	0	0	1	0.37	0.439	0.191	-0.201	-0.251	0.72	1.172	"3"
"提振"	1	0	0	0.37	0.439	0.191	0.432	-0.251	-0.092	0.775	"1"
"提缴"	0	1	0	0.37	0.439	0.191	-0.201	0.357	-0.092	0.65	"2"
"提高"	1	7	3	4.068	4.834	2.098	-1.333	0.807	0.454	2.594	"1"
"提高到"	0	1	0	0.37	0.439	0.191	-0.201	0.357	-0.092	0.65	"2"
"提高生"	0	1	0	0.37	0.439	0.191	-0.201	0.357	-0.092	0.65	"2"
"援助"	1	3	0	1.479	1.758	0.763	-0.277	0.643	-0.368	1.288	"2"
"摩尔"	0	1	0	0.37	0.439	0.191	-0.201	0.357	-0.092	0.65	"2"
"摩根"	2	0	0	0.74	0.879	0.382	0.864	-0.503	-0.184	1.551	"1"
"摸"	0	1	0	0.37	0.439	0.191	-0.201	0.357	-0.092	0.65	"2"
"操作"	4	2	0	2.219	2.637	1.145	0.853	-0.334	-0.552	1.739	"1"
"攀升"	0	1	0	0.37	0.439	0.191	-0.201	0.357	-0.092	0.65	"2"
"支付"	0	0	2	0.74	0.879	0.382	-0.401	-0.503	1.439	2.343	"3"
"支农"	0	0	1	0.37	0.439	0.191	-0.201	-0.251	0.72	1.172	"3"
"支出"	0	3	0	1.109	1.318	0.572	-0.602	1.071	-0.276	1.949	"2"
"支应"	2	1	0	1.109	1.318	0.572	0.51	-0.229	-0.276	1.015	"1"
"支持"	3	4	1	2.958	3.515	1.526	0.209	0.303	-0.275	0.787	"2"
"支持力"	0	0	1	0.37	0.439	0.191	-0.201	-0.251	0.72	1.172	"3"
"支援"	0	1	0	0.37	0.439	0.191	-0.201	0.357	-0.092	0.65	"2"
"支撑"	0	1	0	0.37	0.439	0.191	-0.201	0.357	-0.092	0.65	"2"
"收到"	1	0	0	0.37	0.439	0.191	0.432	-0.251	-0.092	0.775	"1"
"收回"	0	2	0	0.74	0.879	0.382	-0.401	0.714	-0.184	1.299	"2"
"收支"	1	2	0	1.109	1.318	0.572	-0.161	0.388	-0.276	0.825	"2"
"收益"	1	0	0	0.37	0.439	0.191	0.432	-0.251	-0.092	0.775	"1"
"改善"	0	0	1	0.37	0.439	0.191	-0.201	-0.251	0.72	1.172	"3"
"改造"	0	2	0	0.74	0.879	0.382	-0.401	0.714	-0.184	1.299	"2"
"放宽"	0	1	0	0.37	0.439	0.191	-0.201	0.357	-0.092	0.65	"2"
"放贷"	1	0	0	0.37	0.439	0.191	0.432	-0.251	-0.092	0.775	"1"
"政府"	1	7	0	2.958	3.515	1.526	-0.849	1.807	-0.735	3.391	"2"
"政策性"	0	2	0	0.74	0.879	0.382	-0.401	0.714	-0.184	1.299	"2"
"故"	0	1	0	0.37	0.439	0.191	-0.201	0.357	-0.092	0.65	"2"
"效应"	1	0	0	0.37	0.439	0.191	0.432	-0.251	-0.092	0.775	"1"
"救助"	1	1	0	0.74	0.879	0.382	0.22	0.164	-0.184	0.568	"1"
"救活"	0	1	0	0.37	0.439	0.191	-0.201	0.357	-0.092	0.65	"2"
"救灾"	0	2	0	0.74	0.879	0.382	-0.401	0.714	-0.184	1.299	"2"
"教"	0	1	0	0.37	0.439	0.191	-0.201	0.357	-0.092	0.65	"2"
"教唆"	0	1	0	0.37	0.439	0.191	-0.201	0.357	-0.092	0.65	"2"
"教委"	1	0	0	0.37	0.439	0.191	0.432	-0.251	-0.092	0.775	"1"
"教育"	3	10	1	5.177	6.152	2.671	-0.75	1.446	-0.653	2.849	"2"
"教育部"	0	3	0	1.109	1.318	0.572	-0.602	1.071	-0.276	1.949	"2"
"数据"	0	1	0	0.37	0.439	0.191	-0.201	0.357	-0.092	0.65	"2"
"数额"	1	1	0	0.74	0.879	0.382	0.22	0.164	-0.184	0.568	"1"
"整体"	0	2	0	0.74	0.879	0.382	-0.401	0.714	-0.184	1.299	"2"
"整备"	0	1	0	0.37	0.439	0.191	-0.201	0.357	-0.092	0.65	"2"
"整治"	0	1	0	0.37	0.439	0.191	-0.201	0.357	-0.092	0.65	"2"
"文教"	1	1	0	0.74	0.879	0.382	0.22	0.164	-0.184	0.568	"1"
"新元"	0	0	2	0.74	0.879	0.382	-0.401	-0.503	1.439	2.343	"3"
"新台币"	3	1	8	4.438	5.273	2.289	-0.53	-1.999	3.383	5.912	"3"
"新建"	0	1	0	0.37	0.439	0.191	-0.201	0.357	-0.092	0.65	"2"
"新拨"	1	0	0	0.37	0.439	0.191	0.432	-0.251	-0.092	0.775	"1"
"方面"	2	2	0	1.479	1.758	0.763	0.326	0.228	-0.368	0.922	"3"
"施建军"	0	1	0	0.37	0.439	0.191	-0.201	0.357	-0.092	0.65	"2"
"旅游展"	0	0	1	0.37	0.439	0.191	-0.201	-0.251	0.72	1.172	"3"
"旗下"	1	0	0	0.37	0.439	0.191	0.432	-0.251	-0.092	0.775	"1"
"无偿"	0	1	1	0.74	0.879	0.382	-0.401	0.164	0.462	1.027	"3"
"日元"	0	0	1	0.37	0.439	0.191	-0.201	-0.251	0.72	1.172	"3"
"时裕富"	2	0	0	0.74	0.879	0.382	0.864	-0.503	-0.184	1.551	"1"
"明年度"	0	1	0	0.37	0.439	0.191	-0.201	0.357	-0.092	0.65	"2"
"春节"	1	0	0	0.37	0.439	0.191	0.432	-0.251	-0.092	0.775	"1"
"普查"	0	1	0	0.37	0.439	0.191	-0.201	0.357	-0.092	0.65	"2"
"暂时"	0	1	0	0.37	0.439	0.191	-0.201	0.357	-0.092	0.65	"2"
"更多"	0	3	0	1.109	1.318	0.572	-0.602	1.071	-0.276	1.949	"2"
"更新"	0	1	0	0.37	0.439	0.191	-0.201	0.357	-0.092	0.65	"2"
"更深"	1	0	0	0.37	0.439	0.191	0.432	-0.251	-0.092	0.775	"1"
"曹氏"	0	1	0	0.37	0.439	0.191	-0.201	0.357	-0.092	0.65	"2"
"月底"	1	0	0	0.37	0.439	0.191	0.432	-0.251	-0.092	0.775	"1"
"月报"	1	0	0	0.37	0.439	0.191	0.432	-0.251	-0.092	0.775	"1"
"有"	0	1	0	0.37	0.439	0.191	-0.201	0.357	-0.092	0.65	"2"
"有价证券"	0	1	0	0.37	0.439	0.191	-0.201	0.357	-0.092	0.65	"2"
"有偿"	0	2	0	0.74	0.879	0.382	-0.401	0.714	-0.184	1.299	"2"
"有利可图"	0	1	0	0.37	0.439	0.191	-0.201	0.357	-0.092	0.65	"2"
"有别于"	1	0	0	0.37	0.439	0.191	0.432	-0.251	-0.092	0.775	"1"
"有空"	1	0	0	0.37	0.439	0.191	0.432	-0.251	-0.092	0.775	"1"
"有限"	0	5	0	1.849	2.197	0.954	-1.003	1.786	-0.46	3.249	"2"
"期满"	0	0	1	0.37	0.439	0.191	-0.201	-0.251	0.72	1.172	"3"
"期货"	1	0	0	0.37	0.439	0.191	0.432	-0.251	-0.092	0.775	"1"
"本年度"	1	0	0	0.37	0.439	0.191	0.432	-0.251	-0.092	0.775	"1"
"术"	0	1	0	0.37	0.439	0.191	-0.201	0.357	-0.092	0.65	"2"
"朱立伦"	1	0	0	0.37	0.439	0.191	0.432	-0.251	-0.092	0.775	"1"
"机制"	3	5	0	2.958	3.515	1.526	0.209	0.619	-0.735	1.563	"3"
"机构"	10	2	1	4.807	5.713	2.48	2.395	-1.496	-0.586	4.477	"1"
"李全"	1	0	0	0.37	0.439	0.191	0.432	-0.251	-0.092	0.775	"1"
"李嘉诚"	1	0	0	0.37	0.439	0.191	0.432	-0.251	-0.092	0.775	"1"
"条例"	1	1	0	0.74	0.879	0.382	0.22	0.164	-0.184	0.568	"1"
"来处"	0	1	0	0.37	0.439	0.191	-0.201	0.357	-0.092	0.65	"2"
"来源"	4	1	0	1.849	2.197	0.954	1.181	-0.565	-0.46	2.206	"1"
"来自"	0	1	0	0.37	0.439	0.191	-0.201	0.357	-0.092	0.65	"2"
"杰出"	0	1	0	0.37	0.439	0.191	-0.201	0.357	-0.092	0.65	"2"
"林投"	1	0	0	0.37	0.439	0.191	0.432	-0.251	-0.092	0.775	"1"
"查出"	0	1	0	0.37	0.439	0.191	-0.201	0.357	-0.092	0.65	"2"
"标准普尔"	1	0	0	0.37	0.439	0.191	0.432	-0.251	-0.092	0.775	"1"
"校务"	0	1	0	0.37	0.439	0.191	-0.201	0.357	-0.092	0.65	"2"
"核准"	2	0	0	0.74	0.879	0.382	0.864	-0.503	-0.184	1.551	"1"
"核拨"	0	1	0	0.37	0.439	0.191	-0.201	0.357	-0.092	0.65	"2"
"档"	2	0	0	0.74	0.879	0.382	0.864	-0.503	-0.184	1.551	"1"
"桥"	0	0	1	0.37	0.439	0.191	-0.201	-0.251	0.72	1.172	"3"
"桥樑"	0	0	1	0.37	0.439	0.191	-0.201	-0.251	0.72	1.172	"3"
"检查组"	0	1	0	0.37	0.439	0.191	-0.201	0.357	-0.092	0.65	"2"
"检调"	0	0	1	0.37	0.439	0.191	-0.201	-0.251	0.72	1.172	"3"
"欧元"	2	0	1	1.109	1.318	0.572	0.51	-0.754	0.328	1.592	"2"
"款项"	1	2	0	1.109	1.318	0.572	-0.161	0.388	-0.276	0.825	"2"
"止"	0	0	1	0.37	0.439	0.191	-0.201	-0.251	0.72	1.172	"3"
"比例"	2	5	1	2.958	3.515	1.526	-0.418	0.619	-0.275	1.312	"2"
"比重"	0	1	0	0.37	0.439	0.191	-0.201	0.357	-0.092	0.65	"2"
"毛额"	0	0	1	0.37	0.439	0.191	-0.201	-0.251	0.72	1.172	"3"
"民"	0	0	1	0.37	0.439	0.191	-0.201	-0.251	0.72	1.172	"3"
"民间"	0	2	0	0.74	0.879	0.382	-0.401	0.714	-0.184	1.299	"2"
"水利"	0	1	0	0.37	0.439	0.191	-0.201	0.357	-0.092	0.65	"2"
"水利处"	0	0	1	0.37	0.439	0.191	-0.201	-0.251	0.72	1.172	"3"
"水土"	0	1	0	0.37	0.439	0.191	-0.201	0.357	-0.092	0.65	"2"
"水星"	1	0	0	0.37	0.439	0.191	0.432	-0.251	-0.092	0.775	"1"
"永昌"	1	0	0	0.37	0.439	0.191	0.432	-0.251	-0.092	0.775	"1"
"求情"	0	1	0	0.37	0.439	0.191	-0.201	0.357	-0.092	0.65	"2"
"求新"	1	0	0	0.37	0.439	0.191	0.432	-0.251	-0.092	0.775	"1"
"汇入"	0	0	1	0.37	0.439	0.191	-0.201	-0.251	0.72	1.172	"3"
"汉鼎"	1	0	0	0.37	0.439	0.191	0.432	-0.251	-0.092	0.775	"1"
"沪市日"	0	0	1	0.37	0.439	0.191	-0.201	-0.251	0.72	1.172	"3"
"油价"	0	1	0	0.37	0.439	0.191	-0.201	0.357	-0.092	0.65	"2"
"治淮"	0	1	0	0.37	0.439	0.191	-0.201	0.357	-0.092	0.65	"2"
"治理"	0	1	0	0.37	0.439	0.191	-0.201	0.357	-0.092	0.65	"2"
"法人"	1	1	0	0.74	0.879	0.382	0.22	0.164	-0.184	0.568	"1"
"法要"	1	0	0	0.37	0.439	0.191	0.432	-0.251	-0.092	0.775	"1"
"波"	1	0	0	0.37	0.439	0.191	0.432	-0.251	-0.092	0.775	"1"
"波段"	0	0	1	0.37	0.439	0.191	-0.201	-0.251	0.72	1.172	"3"
"注"	0	0	1	0.37	0.439	0.191	-0.201	-0.251	0.72	1.172	"3"
"注入"	3	0	0	1.109	1.318	0.572	1.296	-0.754	-0.276	2.326	"1"
"洗钱"	0	1	0	0.37	0.439	0.191	-0.201	0.357	-0.092	0.65	"2"
"洩密"	1	0	0	0.37	0.439	0.191	0.432	-0.251	-0.092	0.775	"1"
"洪泰文"	0	1	0	0.37	0.439	0.191	-0.201	0.357	-0.092	0.65	"2"
"活动"	0	1	0	0.37	0.439	0.191	-0.201	0.357	-0.092	0.65	"2"
"活络"	1	0	0	0.37	0.439	0.191	0.432	-0.251	-0.092	0.775	"1"
"派发"	1	0	0	0.37	0.439	0.191	0.432	-0.251	-0.092	0.775	"1"
"流"	0	1	0	0.37	0.439	0.191	-0.201	0.357	-0.092	0.65	"2"
"流入"	5	0	0	1.849	2.197	0.954	2.16	-1.257	-0.46	3.877	"1"
"流动"	0	2	0	0.74	0.879	0.382	-0.401	0.714	-0.184	1.299	"2"
"流向"	4	0	0	1.479	1.758	0.763	1.728	-1.005	-0.368	3.101	"1"
"流失"	0	1	0	0.37	0.439	0.191	-0.201	0.357	-0.092	0.65	"2"
"海事"	0	1	0	0.37	0.439	0.191	-0.201	0.357	-0.092	0.65	"2"
"海外"	1	1	0	0.74	0.879	0.382	0.22	0.164	-0.184	0.568	"1"
"消防员"	0	1	0	0.37	0.439	0.191	-0.201	0.357	-0.092	0.65	"2"
"涉及"	1	0	0	0.37	0.439	0.191	0.432	-0.251	-0.092	0.775	"1"
"淡马锡"	1	0	0	0.37	0.439	0.191	0.432	-0.251	-0.092	0.775	"1"
"混为一谈"	0	1	0	0.37	0.439	0.191	-0.201	0.357	-0.092	0.65	"2"
"清"	0	1	0	0.37	0.439	0.191	-0.201	0.357	-0.092	0.65	"2"
"清查"	1	0	0	0.37	0.439	0.191	0.432	-0.251	-0.092	0.775	"1"
"渠道"	0	1	0	0.37	0.439	0.191	-0.201	0.357	-0.092	0.65	"2"
"港元"	1	0	5	2.219	2.637	1.145	-0.548	-1.508	2.895	4.951	"3"
"港澳台"	0	2	3	1.849	2.197	0.954	-1.003	-0.213	1.292	2.508	"3"
"港股"	2	0	0	0.74	0.879	0.382	0.864	-0.503	-0.184	1.551	"1"
"游资"	1	0	0	0.37	0.439	0.191	0.432	-0.251	-0.092	0.775	"1"
"源源不断"	0	0	1	0.37	0.439	0.191	-0.201	-0.251	0.72	1.172	"3"
"灵活"	1	2	0	1.109	1.318	0.572	-0.161	0.388	-0.276	0.825	"2"
"灾"	0	1	0	0.37	0.439	0.191	-0.201	0.357	-0.092	0.65	"2"
"爱心"	1	0	0	0.37	0.439	0.191	0.432	-0.251	-0.092	0.775	"1"
"爱滋"	0	2	0	0.74	0.879	0.382	-0.401	0.714	-0.184	1.299	"2"
"版"	0	1	0	0.37	0.439	0.191	-0.201	0.357	-0.092	0.65	"2"
"物流"	0	1	0	0.37	0.439	0.191	-0.201	0.357	-0.092	0.65	"2"
"物资"	0	1	0	0.37	0.439	0.191	-0.201	0.357	-0.092	0.65	"2"
"特利尔"	0	1	0	0.37	0.439	0.191	-0.201	0.357	-0.092	0.65	"2"
"状况"	4	0	0	1.479	1.758	0.763	1.728	-1.005	-0.368	3.101	"1"
"独厚"	0	1	0	0.37	0.439	0.191	-0.201	0.357	-0.092	0.65	"2"
"王建生"	1	0	0	0.37	0.439	0.191	0.432	-0.251	-0.092	0.775	"1"
"现已"	1	0	0	0.37	0.439	0.191	0.432	-0.251	-0.092	0.775	"1"
"现金"	1	0	2	1.109	1.318	0.572	-0.161	-0.754	1.021	1.936	"3"
"理事会"	1	0	0	0.37	0.439	0.191	0.432	-0.251	-0.092	0.775	"1"
"瓶颈"	0	2	0	0.74	0.879	0.382	-0.401	0.714	-0.184	1.299	"2"
"生产"	0	1	0	0.37	0.439	0.191	-0.201	0.357	-0.092	0.65	"2"
"用"	0	0	1	0.37	0.439	0.191	-0.201	-0.251	0.72	1.172	"3"
"用于"	0	11	0	4.068	4.834	2.098	-2.206	3.928	-1.011	7.145	"2"
"用地"	0	1	0	0.37	0.439	0.191	-0.201	0.357	-0.092	0.65	"2"
"用来"	2	1	1	1.479	1.758	0.763	0.326	-0.389	0.243	0.958	"2"
"用途"	1	2	1	1.479	1.758	0.763	-0.277	0.228	0.243	0.748	"1"
"由"	5	4	3	4.438	5.273	2.289	0.324	-0.48	0.389	1.193	"2"
"由于"	0	3	0	1.109	1.318	0.572	-0.602	1.071	-0.276	1.949	"2"
"申请"	1	5	0	2.219	2.637	1.145	-0.548	1.205	-0.552	2.305	"2"
"申请单位"	0	1	0	0.37	0.439	0.191	-0.201	0.357	-0.092	0.65	"2"
"申购"	3	0	0	1.109	1.318	0.572	1.296	-0.754	-0.276	2.326	"1"
"电子类"	1	0	0	0.37	0.439	0.191	0.432	-0.251	-0.092	0.775	"1"
"疫苗"	0	1	0	0.37	0.439	0.191	-0.201	0.357	-0.092	0.65	"2"
"癌症"	0	0	1	0.37	0.439	0.191	-0.201	-0.251	0.72	1.172	"3"
"百分之三十"	1	0	0	0.37	0.439	0.191	0.432	-0.251	-0.092	0.775	"1"
"百分之九十五"	0	1	0	0.37	0.439	0.191	-0.201	0.357	-0.092	0.65	"2"
"百分之六"	1	0	0	0.37	0.439	0.191	0.432	-0.251	-0.092	0.775	"1"
"盗"	0	1	0	0.37	0.439	0.191	-0.201	0.357	-0.092	0.65	"2"
"盘旋"	1	0	0	0.37	0.439	0.191	0.432	-0.251	-0.092	0.775	"1"
"盛建南"	1	0	0	0.37	0.439	0.191	0.432	-0.251	-0.092	0.775	"1"
"相中"	2	0	0	0.74	0.879	0.382	0.864	-0.503	-0.184	1.551	"1"
"相关"	0	3	0	1.109	1.318	0.572	-0.602	1.071	-0.276	1.949	"2"
"相对"	0	1	0	0.37	0.439	0.191	-0.201	0.357	-0.092	0.65	"2"
"相当"	0	3	0	1.109	1.318	0.572	-0.602	1.071	-0.276	1.949	"2"
"省吃俭用"	1	0	0	0.37	0.439	0.191	0.432	-0.251	-0.092	0.775	"1"
"省级"	0	1	0	0.37	0.439	0.191	-0.201	0.357	-0.092	0.65	"2"
"督导"	0	0	1	0.37	0.439	0.191	-0.201	-0.251	0.72	1.172	"3"
"短期"	6	1	0	2.589	3.076	1.335	1.913	-0.948	-0.643	3.504	"1"
"短线"	2	0	0	0.74	0.879	0.382	0.864	-0.503	-0.184	1.551	"1"
"短绌"	0	1	0	0.37	0.439	0.191	-0.201	0.357	-0.092	0.65	"2"
"短缺"	0	1	0	0.37	0.439	0.191	-0.201	0.357	-0.092	0.65	"2"
"码"	1	0	0	0.37	0.439	0.191	0.432	-0.251	-0.092	0.775	"1"
"研发"	0	0	3	1.109	1.318	0.572	-0.602	-0.754	2.159	3.515	"3"
"研究"	0	2	1	1.109	1.318	0.572	-0.602	0.388	0.328	1.318	"1"
"确保"	0	1	0	0.37	0.439	0.191	-0.201	0.357	-0.092	0.65	"2"
"碘酸钾"	0	1	0	0.37	0.439	0.191	-0.201	0.357	-0.092	0.65	"2"
"礼遇"	0	0	1	0.37	0.439	0.191	-0.201	-0.251	0.72	1.172	"3"
"社保"	0	1	0	0.37	0.439	0.191	-0.201	0.357	-0.092	0.65	"2"
"社区"	2	1	0	1.109	1.318	0.572	0.51	-0.229	-0.276	1.015	"1"
"社福"	0	1	0	0.37	0.439	0.191	-0.201	0.357	-0.092	0.65	"2"
"禁止"	0	1	0	0.37	0.439	0.191	-0.201	0.357	-0.092	0.65	"2"
"福利"	0	2	0	0.74	0.879	0.382	-0.401	0.714	-0.184	1.299	"2"
"福物"	1	0	0	0.37	0.439	0.191	0.432	-0.251	-0.092	0.775	"1"
"福诚"	0	1	0	0.37	0.439	0.191	-0.201	0.357	-0.092	0.65	"2"
"私有化"	0	1	0	0.37	0.439	0.191	-0.201	0.357	-0.092	0.65	"2"
"私校"	1	0	0	0.37	0.439	0.191	0.432	-0.251	-0.092	0.775	"1"
"科学"	0	1	0	0.37	0.439	0.191	-0.201	0.357	-0.092	0.65	"2"
"科学性"	0	1	0	0.37	0.439	0.191	-0.201	0.357	-0.092	0.65	"2"
"科技"	0	1	3	1.479	1.758	0.763	-0.802	-0.389	1.624	2.815	"3"
"科普"	0	1	0	0.37	0.439	0.191	-0.201	0.357	-0.092	0.65	"2"
"科研"	0	5	3	2.958	3.515	1.526	-1.604	0.619	0.737	2.96	"1"
"租赁"	0	0	1	0.37	0.439	0.191	-0.201	-0.251	0.72	1.172	"3"
"积欠"	0	1	0	0.37	0.439	0.191	-0.201	0.357	-0.092	0.65	"2"
"移"	0	1	0	0.37	0.439	0.191	-0.201	0.357	-0.092	0.65	"2"
"移民"	0	3	0	1.109	1.318	0.572	-0.602	1.071	-0.276	1.949	"2"
"税制"	0	1	0	0.37	0.439	0.191	-0.201	0.357	-0.092	0.65	"2"
"税收"	0	1	0	0.37	0.439	0.191	-0.201	0.357	-0.092	0.65	"2"
"税警"	0	1	0	0.37	0.439	0.191	-0.201	0.357	-0.092	0.65	"2"
"稳住"	1	0	0	0.37	0.439	0.191	0.432	-0.251	-0.092	0.775	"1"
"稽查"	0	1	0	0.37	0.439	0.191	-0.201	0.357	-0.092	0.65	"2"
"究"	0	1	0	0.37	0.439	0.191	-0.201	0.357	-0.092	0.65	"2"
"穷人"	0	1	0	0.37	0.439	0.191	-0.201	0.357	-0.092	0.65	"2"
"空运"	0	0	1	0.37	0.439	0.191	-0.201	-0.251	0.72	1.172	"3"
"窍门"	0	1	0	0.37	0.439	0.191	-0.201	0.357	-0.092	0.65	"2"
"窘境"	0	1	0	0.37	0.439	0.191	-0.201	0.357	-0.092	0.65	"2"
"立"	1	0	0	0.37	0.439	0.191	0.432	-0.251	-0.092	0.775	"1"
"竞选"	0	4	0	1.479	1.758	0.763	-0.802	1.428	-0.368	2.598	"2"
"笔"	0	2	9	4.068	4.834	2.098	-2.206	-1.127	4.899	8.232	"3"
"答应"	0	1	0	0.37	0.439	0.191	-0.201	0.357	-0.092	0.65	"2"
"筹"	1	0	0	0.37	0.439	0.191	0.432	-0.251	-0.092	0.775	"1"
"筹得"	2	0	0	0.74	0.879	0.382	0.864	-0.503	-0.184	1.551	"1"
"筹措"	0	5	0	1.849	2.197	0.954	-1.003	1.786	-0.46	3.249	"2"
"筹款"	2	0	0	0.74	0.879	0.382	0.864	-0.503	-0.184	1.551	"1"
"筹设"	0	1	0	0.37	0.439	0.191	-0.201	0.357	-0.092	0.65	"2"
"筹足"	0	1	0	0.37	0.439	0.191	-0.201	0.357	-0.092	0.65	"2"
"筹集"	0	1	11	4.438	5.273	2.289	-2.406	-1.999	6.919	11.324	"3"
"简又新"	0	0	1	0.37	0.439	0.191	-0.201	-0.251	0.72	1.172	"3"
"管委会"	1	0	0	0.37	0.439	0.191	0.432	-0.251	-0.092	0.775	"1"
"管理"	8	8	1	6.287	7.47	3.243	0.573	0.31	-0.863	1.746	"3"
"管理人"	2	0	0	0.74	0.879	0.382	0.864	-0.503	-0.184	1.551	"1"
"类"	1	0	0	0.37	0.439	0.191	0.432	-0.251	-0.092	0.775	"1"
"粉饰"	1	0	0	0.37	0.439	0.191	0.432	-0.251	-0.092	0.775	"1"
"粮油"	0	1	0	0.37	0.439	0.191	-0.201	0.357	-0.092	0.65	"2"
"粮食"	0	3	0	1.109	1.318	0.572	-0.602	1.071	-0.276	1.949	"2"
"素拉吉"	0	1	0	0.37	0.439	0.191	-0.201	0.357	-0.092	0.65	"2"
"紧张"	1	2	0	1.109	1.318	0.572	-0.161	0.388	-0.276	0.825	"2"
"紧急"	1	0	1	0.74	0.879	0.382	0.22	-0.503	0.462	1.185	"2"
"累积"	1	0	0	0.37	0.439	0.191	0.432	-0.251	-0.092	0.775	"1"
"累计"	0	0	1	0.37	0.439	0.191	-0.201	-0.251	0.72	1.172	"3"
"繁"	0	1	0	0.37	0.439	0.191	-0.201	0.357	-0.092	0.65	"2"
"约"	0	0	4	1.479	1.758	0.763	-0.802	-1.005	2.878	4.685	"3"
"约翰尼斯"	0	1	0	0.37	0.439	0.191	-0.201	0.357	-0.092	0.65	"2"
"级"	0	1	0	0.37	0.439	0.191	-0.201	0.357	-0.092	0.65	"2"
"纪念"	0	1	0	0.37	0.439	0.191	-0.201	0.357	-0.092	0.65	"2"
"组合"	1	0	0	0.37	0.439	0.191	0.432	-0.251	-0.092	0.775	"1"
"组织"	5	2	0	2.589	3.076	1.335	1.155	-0.472	-0.643	2.27	"1"
"终场"	1	0	0	0.37	0.439	0.191	0.432	-0.251	-0.092	0.775	"1"
"经建"	0	1	0	0.37	0.439	0.191	-0.201	0.357	-0.092	0.65	"2"
"经济部"	0	1	1	0.74	0.879	0.382	-0.401	0.164	0.462	1.027	"3"
"经理"	15	0	0	5.547	6.591	2.861	6.48	-3.771	-1.379	11.63	"1"
"经营"	0	1	0	0.37	0.439	0.191	-0.201	0.357	-0.092	0.65	"2"
"经费"	0	5	0	1.849	2.197	0.954	-1.003	1.786	-0.46	3.249	"2"
"结余"	0	1	0	0.37	0.439	0.191	-0.201	0.357	-0.092	0.65	"2"
"给"	3	0	0	1.109	1.318	0.572	1.296	-0.754	-0.276	2.326	"1"
"给予"	0	1	1	0.74	0.879	0.382	-0.401	0.164	0.462	1.027	"3"
"绝"	0	1	0	0.37	0.439	0.191	-0.201	0.357	-0.092	0.65	"2"
"统筹"	0	2	0	0.74	0.879	0.382	-0.401	0.714	-0.184	1.299	"2"
"维"	0	1	0	0.37	0.439	0.191	-0.201	0.357	-0.092	0.65	"2"
"维护"	0	1	0	0.37	0.439	0.191	-0.201	0.357	-0.092	0.65	"2"
"维持"	2	0	0	0.74	0.879	0.382	0.864	-0.503	-0.184	1.551	"1"
"缓慢"	0	1	0	0.37	0.439	0.191	-0.201	0.357	-0.092	0.65	"2"
"编列"	1	3	0	1.479	1.758	0.763	-0.277	0.643	-0.368	1.288	"2"
"编制"	0	2	0	0.74	0.879	0.382	-0.401	0.714	-0.184	1.299	"2"
"缩减"	0	2	0	0.74	0.879	0.382	-0.401	0.714	-0.184	1.299	"2"
"缩水"	0	1	0	0.37	0.439	0.191	-0.201	0.357	-0.092	0.65	"2"
"缺乏"	0	2	0	0.74	0.879	0.382	-0.401	0.714	-0.184	1.299	"2"
"缺少"	0	1	0	0.37	0.439	0.191	-0.201	0.357	-0.092	0.65	"2"
"置富"	1	0	0	0.37	0.439	0.191	0.432	-0.251	-0.092	0.775	"1"
"美元"	1	3	8	4.438	5.273	2.289	-1.501	-0.821	3.383	5.705	"3"
"美国"	0	2	0	0.74	0.879	0.382	-0.401	0.714	-0.184	1.299	"2"
"老斤"	0	1	0	0.37	0.439	0.191	-0.201	0.357	-0.092	0.65	"2"
"耗费"	0	0	1	0.37	0.439	0.191	-0.201	-0.251	0.72	1.172	"3"
"联准"	1	0	0	0.37	0.439	0.191	0.432	-0.251	-0.092	0.775	"1"
"联合国人"	0	1	0	0.37	0.439	0.191	-0.201	0.357	-0.092	0.65	"2"
"联行"	1	0	0	0.37	0.439	0.191	0.432	-0.251	-0.092	0.775	"1"
"联邦"	2	1	0	1.109	1.318	0.572	0.51	-0.229	-0.276	1.015	"1"
"肠癌"	0	0	1	0.37	0.439	0.191	-0.201	-0.251	0.72	1.172	"3"
"股市"	11	1	1	4.807	5.713	2.48	3.219	-2.219	-0.586	6.024	"1"
"股票"	12	0	0	4.438	5.273	2.289	5.184	-3.016	-1.103	9.303	"1"
"育高科技"	1	0	0	0.37	0.439	0.191	0.432	-0.251	-0.092	0.775	"1"
"肾脏"	2	0	0	0.74	0.879	0.382	0.864	-0.503	-0.184	1.551	"1"
"自有"	1	3	0	1.479	1.758	0.763	-0.277	0.643	-0.368	1.288	"2"
"自然科"	0	1	0	0.37	0.439	0.191	-0.201	0.357	-0.092	0.65	"2"
"自筹"	0	1	0	0.37	0.439	0.191	-0.201	0.357	-0.092	0.65	"2"
"自营商"	1	0	0	0.37	0.439	0.191	0.432	-0.251	-0.092	0.775	"1"
"臭氧层"	0	1	1	0.74	0.879	0.382	-0.401	0.164	0.462	1.027	"3"
"至于"	1	2	0	1.109	1.318	0.572	-0.161	0.388	-0.276	0.825	"2"
"舍得"	0	1	0	0.37	0.439	0.191	-0.201	0.357	-0.092	0.65	"2"
"艰困"	0	1	0	0.37	0.439	0.191	-0.201	0.357	-0.092	0.65	"2"
"色情"	0	1	0	0.37	0.439	0.191	-0.201	0.357	-0.092	0.65	"2"
"艾滋病"	0	0	1	0.37	0.439	0.191	-0.201	-0.251	0.72	1.172	"3"
"花"	0	1	0	0.37	0.439	0.191	-0.201	0.357	-0.092	0.65	"2"
"花莲县库"	0	1	0	0.37	0.439	0.191	-0.201	0.357	-0.092	0.65	"2"
"花费"	0	0	1	0.37	0.439	0.191	-0.201	-0.251	0.72	1.172	"3"
"苏志诚"	0	0	1	0.37	0.439	0.191	-0.201	-0.251	0.72	1.172	"3"
"苦于"	0	0	1	0.37	0.439	0.191	-0.201	-0.251	0.72	1.172	"3"
"英勇"	10	0	0	3.698	4.394	1.908	4.32	-2.514	-0.919	7.753	"1"
"英勇奖"	1	0	0	0.37	0.439	0.191	0.432	-0.251	-0.092	0.775	"1"
"药厂"	0	0	1	0.37	0.439	0.191	-0.201	-0.251	0.72	1.172	"3"
"莱佛士"	1	0	0	0.37	0.439	0.191	0.432	-0.251	-0.092	0.775	"1"
"获准"	1	0	0	0.37	0.439	0.191	0.432	-0.251	-0.092	0.775	"1"
"获利"	2	0	0	0.74	0.879	0.382	0.864	-0.503	-0.184	1.551	"1"
"获得"	0	5	0	1.849	2.197	0.954	-1.003	1.786	-0.46	3.249	"2"
"菸草"	0	1	0	0.37	0.439	0.191	-0.201	0.357	-0.092	0.65	"2"
"营业"	1	0	0	0.37	0.439	0.191	0.432	-0.251	-0.092	0.775	"1"
"营运"	0	2	0	0.74	0.879	0.382	-0.401	0.714	-0.184	1.299	"2"
"落实"	0	2	0	0.74	0.879	0.382	-0.401	0.714	-0.184	1.299	"2"
"董事"	0	0	1	0.37	0.439	0.191	-0.201	-0.251	0.72	1.172	"3"
"董事会"	0	2	0	0.74	0.879	0.382	-0.401	0.714	-0.184	1.299	"2"
"董事长"	2	0	0	0.74	0.879	0.382	0.864	-0.503	-0.184	1.551	"1"
"蓝筹股"	2	0	0	0.74	0.879	0.382	0.864	-0.503	-0.184	1.551	"1"
"蔡淑珠"	1	0	0	0.37	0.439	0.191	0.432	-0.251	-0.092	0.775	"1"
"藏僧修学"	0	1	0	0.37	0.439	0.191	-0.201	0.357	-0.092	0.65	"2"
"虽"	1	1	0	0.74	0.879	0.382	0.22	0.164	-0.184	0.568	"1"
"融资"	4	2	0	2.219	2.637	1.145	0.853	-0.334	-0.552	1.739	"1"
"行情"	2	0	1	1.109	1.318	0.572	0.51	-0.754	0.328	1.592	"2"
"行政"	0	1	1	0.74	0.879	0.382	-0.401	0.164	0.462	1.027	"3"
"行政院"	0	2	0	0.74	0.879	0.382	-0.401	0.714	-0.184	1.299	"2"
"补"	0	2	0	0.74	0.879	0.382	-0.401	0.714	-0.184	1.299	"2"
"补偿"	0	2	0	0.74	0.879	0.382	-0.401	0.714	-0.184	1.299	"2"
"补充"	0	2	0	0.74	0.879	0.382	-0.401	0.714	-0.184	1.299	"2"
"补助"	0	12	0	4.438	5.273	2.289	-2.406	4.285	-1.103	7.794	"2"
"补助款"	0	3	0	1.109	1.318	0.572	-0.602	1.071	-0.276	1.949	"2"
"补强"	0	0	1	0.37	0.439	0.191	-0.201	-0.251	0.72	1.172	"3"
"表现"	10	0	0	3.698	4.394	1.908	4.32	-2.514	-0.919	7.753	"1"
"西部"	0	5	1	2.219	2.637	1.145	-1.203	1.205	-0.169	2.577	"2"
"规划"	0	1	0	0.37	0.439	0.191	-0.201	0.357	-0.092	0.65	"2"
"规模"	0	1	0	0.37	0.439	0.191	-0.201	0.357	-0.092	0.65	"2"
"託管"	1	0	0	0.37	0.439	0.191	0.432	-0.251	-0.092	0.775	"1"
"计划"	0	1	0	0.37	0.439	0.191	-0.201	0.357	-0.092	0.65	"2"
"计算"	0	0	1	0.37	0.439	0.191	-0.201	-0.251	0.72	1.172	"3"
"订单"	0	1	0	0.37	0.439	0.191	-0.201	0.357	-0.092	0.65	"2"
"认购"	1	0	0	0.37	0.439	0.191	0.432	-0.251	-0.092	0.775	"1"
"训练"	0	2	0	0.74	0.879	0.382	-0.401	0.714	-0.184	1.299	"2"
"议定书"	0	1	0	0.37	0.439	0.191	-0.201	0.357	-0.092	0.65	"2"
"许义雄"	0	1	0	0.37	0.439	0.191	-0.201	0.357	-0.092	0.65	"2"
"论文"	0	1	0	0.37	0.439	0.191	-0.201	0.357	-0.092	0.65	"2"
"设"	0	3	0	1.109	1.318	0.572	-0.602	1.071	-0.276	1.949	"2"
"设备"	0	1	0	0.37	0.439	0.191	-0.201	0.357	-0.092	0.65	"2"
"设施"	1	6	1	2.958	3.515	1.526	-0.849	1.103	-0.275	2.227	"2"
"设立"	2	6	0	2.958	3.515	1.526	-0.418	1.103	-0.735	2.256	"2"
"设置"	0	1	0	0.37	0.439	0.191	-0.201	0.357	-0.092	0.65	"2"
"证券"	10	1	1	4.438	5.273	2.289	2.856	-1.999	-0.52	5.375	"1"
"证婚"	1	0	0	0.37	0.439	0.191	0.432	-0.251	-0.092	0.775	"1"
"证期"	1	0	0	0.37	0.439	0.191	0.432	-0.251	-0.092	0.775	"1"
"证期会"	3	0	0	1.109	1.318	0.572	1.296	-0.754	-0.276	2.326	"1"
"证监"	1	0	0	0.37	0.439	0.191	0.432	-0.251	-0.092	0.775	"1"
"评估"	0	0	1	0.37	0.439	0.191	-0.201	-0.251	0.72	1.172	"3"
"评鑑"	0	0	1	0.37	0.439	0.191	-0.201	-0.251	0.72	1.172	"3"
"诉讼"	0	1	0	0.37	0.439	0.191	-0.201	0.357	-0.092	0.65	"2"
"试务"	0	0	1	0.37	0.439	0.191	-0.201	-0.251	0.72	1.172	"3"
"试行"	1	0	0	0.37	0.439	0.191	0.432	-0.251	-0.092	0.775	"1"
"该"	2	2	0	1.479	1.758	0.763	0.326	0.228	-0.368	0.922	"3"
"调剂"	0	1	0	0.37	0.439	0.191	-0.201	0.357	-0.092	0.65	"2"
"调动"	1	0	0	0.37	0.439	0.191	0.432	-0.251	-0.092	0.775	"1"
"调度"	0	3	0	1.109	1.318	0.572	-0.602	1.071	-0.276	1.949	"2"
"调控"	0	1	0	0.37	0.439	0.191	-0.201	0.357	-0.092	0.65	"2"
"调节"	5	0	0	1.849	2.197	0.954	2.16	-1.257	-0.46	3.877	"1"
"调高"	0	1	0	0.37	0.439	0.191	-0.201	0.357	-0.092	0.65	"2"
"谈及"	1	0	0	0.37	0.439	0.191	0.432	-0.251	-0.092	0.775	"1"
"负担"	0	3	0	1.109	1.318	0.572	-0.602	1.071	-0.276	1.949	"2"
"财力"	0	2	0	0.74	0.879	0.382	-0.401	0.714	-0.184	1.299	"2"
"财务"	0	2	0	0.74	0.879	0.382	-0.401	0.714	-0.184	1.299	"2"
"财团"	0	1	0	0.37	0.439	0.191	-0.201	0.357	-0.092	0.65	"2"
"财政"	0	10	2	4.438	5.273	2.289	-2.406	2.193	-0.228	4.827	"1"
"财政性"	0	1	0	0.37	0.439	0.191	-0.201	0.357	-0.092	0.65	"2"
"财政部"	0	1	0	0.37	0.439	0.191	-0.201	0.357	-0.092	0.65	"2"
"财政部门"	0	1	0	0.37	0.439	0.191	-0.201	0.357	-0.092	0.65	"2"
"财源"	0	1	0	0.37	0.439	0.191	-0.201	0.357	-0.092	0.65	"2"
"货"	1	0	0	0.37	0.439	0.191	0.432	-0.251	-0.092	0.775	"1"
"货品"	0	1	0	0.37	0.439	0.191	-0.201	0.357	-0.092	0.65	"2"
"货币"	15	0	0	5.547	6.591	2.861	6.48	-3.771	-1.379	11.63	"1"
"质押"	1	0	0	0.37	0.439	0.191	0.432	-0.251	-0.092	0.775	"1"
"质疑"	0	1	0	0.37	0.439	0.191	-0.201	0.357	-0.092	0.65	"2"
"贪污"	0	1	0	0.37	0.439	0.191	-0.201	0.357	-0.092	0.65	"2"
"购"	1	0	0	0.37	0.439	0.191	0.432	-0.251	-0.092	0.775	"1"
"购书"	0	1	0	0.37	0.439	0.191	-0.201	0.357	-0.092	0.65	"2"
"购买"	2	0	0	0.74	0.879	0.382	0.864	-0.503	-0.184	1.551	"1"
"购置"	0	1	1	0.74	0.879	0.382	-0.401	0.164	0.462	1.027	"3"
"贴息"	0	1	0	0.37	0.439	0.191	-0.201	0.357	-0.092	0.65	"2"
"贷"	1	0	0	0.37	0.439	0.191	0.432	-0.251	-0.092	0.775	"1"
"贷款"	0	5	1	2.219	2.637	1.145	-1.203	1.205	-0.169	2.577	"2"
"贷款给"	2	0	0	0.74	0.879	0.382	0.864	-0.503	-0.184	1.551	"1"
"费"	0	1	0	0.37	0.439	0.191	-0.201	0.357	-0.092	0.65	"2"
"资"	3	1	2	2.219	2.637	1.145	0.405	-0.752	0.492	1.649	"2"
"资产"	5	1	3	3.328	3.955	1.717	0.684	-1.356	0.624	2.664	"2"
"资信"	1	0	0	0.37	0.439	0.191	0.432	-0.251	-0.092	0.775	"1"
"资助"	0	3	1	1.479	1.758	0.763	-0.802	0.643	0.243	1.688	"1"
"资本"	2	2	0	1.479	1.758	0.763	0.326	0.228	-0.368	0.922	"3"
"资金"	9	9	2	7.396	8.789	3.815	0.523	0.261	-0.627	1.411	"3"
"赈灾"	0	0	1	0.37	0.439	0.191	-0.201	-0.251	0.72	1.172	"3"
"赎回"	2	0	0	0.74	0.879	0.382	0.864	-0.503	-0.184	1.551	"1"
"赔偿"	0	2	1	1.109	1.318	0.572	-0.602	0.388	0.328	1.318	"1"
"赖士葆"	1	0	0	0.37	0.439	0.191	0.432	-0.251	-0.092	0.775	"1"
"赖英照"	1	0	0	0.37	0.439	0.191	0.432	-0.251	-0.092	0.775	"1"
"赞助"	0	0	2	0.74	0.879	0.382	-0.401	-0.503	1.439	2.343	"3"
"赠款"	0	1	0	0.37	0.439	0.191	-0.201	0.357	-0.092	0.65	"2"
"趁"	1	0	0	0.37	0.439	0.191	0.432	-0.251	-0.092	0.775	"1"
"超过"	0	1	1	0.74	0.879	0.382	-0.401	0.164	0.462	1.027	"3"
"趋"	1	0	0	0.37	0.439	0.191	0.432	-0.251	-0.092	0.775	"1"
"足够"	0	3	1	1.479	1.758	0.763	-0.802	0.643	0.243	1.688	"1"
"足额"	1	0	0	0.37	0.439	0.191	0.432	-0.251	-0.092	0.775	"1"
"跌二○五点"	1	0	0	0.37	0.439	0.191	0.432	-0.251	-0.092	0.775	"1"
"跌停"	1	0	0	0.37	0.439	0.191	0.432	-0.251	-0.092	0.775	"1"
"身兼"	1	0	0	0.37	0.439	0.191	0.432	-0.251	-0.092	0.775	"1"
"身心"	0	3	0	1.109	1.318	0.572	-0.602	1.071	-0.276	1.949	"2"
"转移"	0	1	0	0.37	0.439	0.191	-0.201	0.357	-0.092	0.65	"2"
"较为"	1	0	0	0.37	0.439	0.191	0.432	-0.251	-0.092	0.775	"1"
"较少"	1	0	0	0.37	0.439	0.191	0.432	-0.251	-0.092	0.775	"1"
"辅助"	0	1	0	0.37	0.439	0.191	-0.201	0.357	-0.092	0.65	"2"
"辅助者"	0	1	0	0.37	0.439	0.191	-0.201	0.357	-0.092	0.65	"2"
"达"	2	0	3	1.849	2.197	0.954	0.215	-1.257	1.292	2.764	"3"
"过多"	1	0	0	0.37	0.439	0.191	0.432	-0.251	-0.092	0.775	"1"
"运作"	2	1	0	1.109	1.318	0.572	0.51	-0.229	-0.276	1.015	"1"
"运用"	2	6	0	2.958	3.515	1.526	-0.418	1.103	-0.735	2.256	"2"
"运输"	0	1	0	0.37	0.439	0.191	-0.201	0.357	-0.092	0.65	"2"
"近"	0	1	4	1.849	2.197	0.954	-1.003	-0.565	2.251	3.819	"3"
"这样"	0	1	0	0.37	0.439	0.191	-0.201	0.357	-0.092	0.65	"2"
"进场"	6	0	0	2.219	2.637	1.145	2.592	-1.508	-0.552	4.652	"1"
"远走"	0	1	0	0.37	0.439	0.191	-0.201	0.357	-0.092	0.65	"2"
"违纪"	0	1	0	0.37	0.439	0.191	-0.201	0.357	-0.092	0.65	"2"
"迪拜"	1	0	0	0.37	0.439	0.191	0.432	-0.251	-0.092	0.775	"1"
"追加"	0	2	0	0.74	0.879	0.382	-0.401	0.714	-0.184	1.299	"2"
"退休"	1	1	0	0.74	0.879	0.382	0.22	0.164	-0.184	0.568	"1"
"退场"	1	0	0	0.37	0.439	0.191	0.432	-0.251	-0.092	0.775	"1"
"退抚"	1	0	0	0.37	0.439	0.191	0.432	-0.251	-0.092	0.775	"1"
"退耕还林"	0	1	0	0.37	0.439	0.191	-0.201	0.357	-0.092	0.65	"2"
"退辅"	1	0	0	0.37	0.439	0.191	0.432	-0.251	-0.092	0.775	"1"
"逆势"	1	0	0	0.37	0.439	0.191	0.432	-0.251	-0.092	0.775	"1"
"逆转"	1	0	0	0.37	0.439	0.191	0.432	-0.251	-0.092	0.775	"1"
"选"	0	1	0	0.37	0.439	0.191	-0.201	0.357	-0.092	0.65	"2"
"选举"	0	2	0	0.74	0.879	0.382	-0.401	0.714	-0.184	1.299	"2"
"透明度"	0	2	0	0.74	0.879	0.382	-0.401	0.714	-0.184	1.299	"2"
"逐年"	1	1	1	1.109	1.318	0.572	-0.161	-0.229	0.328	0.718	"3"
"逐渐"	0	1	0	0.37	0.439	0.191	-0.201	0.357	-0.092	0.65	"2"
"通缩"	1	0	0	0.37	0.439	0.191	0.432	-0.251	-0.092	0.775	"1"
"遗孤"	0	1	0	0.37	0.439	0.191	-0.201	0.357	-0.092	0.65	"2"
"遭到"	0	1	0	0.37	0.439	0.191	-0.201	0.357	-0.092	0.65	"2"
"遵守"	0	1	0	0.37	0.439	0.191	-0.201	0.357	-0.092	0.65	"2"
"避风"	1	0	0	0.37	0.439	0.191	0.432	-0.251	-0.092	0.775	"1"
"那"	0	1	0	0.37	0.439	0.191	-0.201	0.357	-0.092	0.65	"2"
"邬维庸"	1	0	0	0.37	0.439	0.191	0.432	-0.251	-0.092	0.775	"1"
"郑万川"	0	1	0	0.37	0.439	0.191	-0.201	0.357	-0.092	0.65	"2"
"部会"	0	1	0	0.37	0.439	0.191	-0.201	0.357	-0.092	0.65	"2"
"部位"	1	0	0	0.37	0.439	0.191	0.432	-0.251	-0.092	0.775	"1"
"部分"	0	8	2	3.698	4.394	1.908	-2.005	1.632	0.225	3.862	"1"
"配套"	0	1	0	0.37	0.439	0.191	-0.201	0.357	-0.092	0.65	"2"
"释出"	2	0	0	0.74	0.879	0.382	0.864	-0.503	-0.184	1.551	"1"
"释金"	1	0	0	0.37	0.439	0.191	0.432	-0.251	-0.092	0.775	"1"
"重建"	1	9	0	3.698	4.394	1.908	-1.168	2.433	-0.919	4.52	"2"
"釐清"	0	1	0	0.37	0.439	0.191	-0.201	0.357	-0.092	0.65	"2"
"金"	0	1	0	0.37	0.439	0.191	-0.201	0.357	-0.092	0.65	"2"
"金会"	0	1	0	0.37	0.439	0.191	-0.201	0.357	-0.092	0.65	"2"
"金融"	9	3	1	4.807	5.713	2.48	1.73	-0.974	-0.586	3.29	"1"
"金融业"	1	0	0	0.37	0.439	0.191	0.432	-0.251	-0.092	0.775	"1"
"金融业务"	1	0	0	0.37	0.439	0.191	0.432	-0.251	-0.092	0.775	"1"
"金融股"	1	0	0	0.37	0.439	0.191	0.432	-0.251	-0.092	0.775	"1"
"鑑于"	0	1	0	0.37	0.439	0.191	-0.201	0.357	-0.092	0.65	"2"
"针对"	0	1	0	0.37	0.439	0.191	-0.201	0.357	-0.092	0.65	"2"
"钖塯"	0	0	1	0.37	0.439	0.191	-0.201	-0.251	0.72	1.172	"3"
"钢下"	0	1	0	0.37	0.439	0.191	-0.201	0.357	-0.092	0.65	"2"
"钢铁股"	1	0	0	0.37	0.439	0.191	0.432	-0.251	-0.092	0.775	"1"
"铨叙部"	1	0	0	0.37	0.439	0.191	0.432	-0.251	-0.092	0.775	"1"
"银禧"	1	0	0	0.37	0.439	0.191	0.432	-0.251	-0.092	0.775	"1"
"银行"	19	4	1	8.875	10.546	4.578	4.517	-2.319	-1.383	8.219	"1"
"门户"	0	1	0	0.37	0.439	0.191	-0.201	0.357	-0.092	0.65	"2"
"防"	0	0	1	0.37	0.439	0.191	-0.201	-0.251	0.72	1.172	"3"
"防治"	0	0	3	1.109	1.318	0.572	-0.602	-0.754	2.159	3.515	"3"
"阿尔伯特亨"	1	0	0	0.37	0.439	0.191	0.432	-0.251	-0.092	0.775	"1"
"陆续"	1	0	0	0.37	0.439	0.191	0.432	-0.251	-0.092	0.775	"1"
"陈俊硕"	2	0	0	0.74	0.879	0.382	0.864	-0.503	-0.184	1.551	"1"
"陈明真"	1	0	0	0.37	0.439	0.191	0.432	-0.251	-0.092	0.775	"1"
"降低"	0	1	0	0.37	0.439	0.191	-0.201	0.357	-0.092	0.65	"2"
"降息"	1	0	0	0.37	0.439	0.191	0.432	-0.251	-0.092	0.775	"1"
"限制"	0	2	0	0.74	0.879	0.382	-0.401	0.714	-0.184	1.299	"2"
"险"	0	1	0	0.37	0.439	0.191	-0.201	0.357	-0.092	0.65	"2"
"隔年"	0	1	0	0.37	0.439	0.191	-0.201	0.357	-0.092	0.65	"2"
"障碍"	0	1	0	0.37	0.439	0.191	-0.201	0.357	-0.092	0.65	"2"
"难保"	0	1	0	0.37	0.439	0.191	-0.201	0.357	-0.092	0.65	"2"
"难题"	0	1	0	0.37	0.439	0.191	-0.201	0.357	-0.092	0.65	"2"
"雄厚"	0	1	0	0.37	0.439	0.191	-0.201	0.357	-0.092	0.65	"2"
"集中"	0	2	0	0.74	0.879	0.382	-0.401	0.714	-0.184	1.299	"2"
"集散地"	0	1	0	0.37	0.439	0.191	-0.201	0.357	-0.092	0.65	"2"
"需"	0	0	8	2.958	3.515	1.526	-1.604	-2.011	5.756	9.371	"3"
"需求"	2	3	0	1.849	2.197	0.954	0.215	0.412	-0.46	1.087	"3"
"需要"	0	3	2	1.849	2.197	0.954	-1.003	0.412	0.613	2.028	"1"
"震灾"	0	2	0	0.74	0.879	0.382	-0.401	0.714	-0.184	1.299	"2"
"青年"	1	2	0	1.109	1.318	0.572	-0.161	0.388	-0.276	0.825	"2"
"青睐"	2	0	0	0.74	0.879	0.382	0.864	-0.503	-0.184	1.551	"1"
"非法"	0	2	0	0.74	0.879	0.382	-0.401	0.714	-0.184	1.299	"2"
"非洲"	1	0	0	0.37	0.439	0.191	0.432	-0.251	-0.092	0.775	"1"
"面临"	0	1	0	0.37	0.439	0.191	-0.201	0.357	-0.092	0.65	"2"
"面额"	1	0	0	0.37	0.439	0.191	0.432	-0.251	-0.092	0.775	"1"
"项目"	4	17	2	8.506	10.107	4.388	-1.433	2.453	-0.803	4.689	"2"
"须"	0	0	3	1.109	1.318	0.572	-0.602	-0.754	2.159	3.515	"3"
"预"	0	0	1	0.37	0.439	0.191	-0.201	-0.251	0.72	1.172	"3"
"预估"	0	0	2	0.74	0.879	0.382	-0.401	-0.503	1.439	2.343	"3"
"预算"	1	13	2	5.917	7.031	3.052	-2.192	2.574	-0.412	5.178	"2"
"颜庆章"	2	2	0	1.479	1.758	0.763	0.326	0.228	-0.368	0.922	"3"
"额"	1	0	1	0.74	0.879	0.382	0.22	-0.503	0.462	1.185	"2"
"额外"	0	0	1	0.37	0.439	0.191	-0.201	-0.251	0.72	1.172	"3"
"额贺"	0	0	1	0.37	0.439	0.191	-0.201	-0.251	0.72	1.172	"3"
"风险"	2	0	0	0.74	0.879	0.382	0.864	-0.503	-0.184	1.551	"1"
"风险投资"	0	1	1	0.74	0.879	0.382	-0.401	0.164	0.462	1.027	"3"
"飞航安"	0	0	1	0.37	0.439	0.191	-0.201	-0.251	0.72	1.172	"3"
"馆藏量"	0	1	0	0.37	0.439	0.191	-0.201	0.357	-0.092	0.65	"2"
"马元"	0	1	0	0.37	0.439	0.191	-0.201	0.357	-0.092	0.65	"2"
"马轮"	0	1	0	0.37	0.439	0.191	-0.201	0.357	-0.092	0.65	"2"
"高屏溪"	0	0	1	0.37	0.439	0.191	-0.201	-0.251	0.72	1.172	"3"
"高峰期"	1	0	0	0.37	0.439	0.191	0.432	-0.251	-0.092	0.775	"1"
"高达"	0	1	2	1.109	1.318	0.572	-0.602	-0.229	1.021	1.852	"3"
"高难度"	0	0	1	0.37	0.439	0.191	-0.201	-0.251	0.72	1.172	"3"
"高雄市"	0	0	1	0.37	0.439	0.191	-0.201	-0.251	0.72	1.172	"3"
"黄义交"	1	0	0	0.37	0.439	0.191	0.432	-0.251	-0.092	0.775	"1"
"黄兴伟"	1	0	0	0.37	0.439	0.191	0.432	-0.251	-0.092	0.775	"1"
"鼓"	1	0	0	0.37	0.439	0.191	0.432	-0.251	-0.092	0.775	"1"
"鼓励"	2	1	0	1.109	1.318	0.572	0.51	-0.229	-0.276	1.015	"1"
