"Coll_Word"	"1"	"2"	"3"	"4"	"5"	"exp_1"	"exp_2"	"exp_3"	"exp_4"	"exp_5"	"pbin_1"	"pbin_2"	"pbin_3"	"pbin_4"	"pbin_5"	"SumAbsDev"	"LargestDev"
"%签"	0	0	0	0	1	0.142	0.142	0.154	0.063	0.499	-0.066	-0.066	-0.073	-0.028	0.302	0.535	"5"
"）"	0	0	0	0	3	0.425	0.426	0.462	0.19	1.497	-0.199	-0.199	-0.218	-0.085	0.906	1.607	"5"
"＊"	0	0	0	0	1	0.142	0.142	0.154	0.063	0.499	-0.066	-0.066	-0.073	-0.028	0.302	0.535	"5"
"《"	0	0	43	1	0	6.227	6.244	6.782	2.788	21.959	-2.916	-2.924	33.348	-0.651	-13.21	53.049	"3"
"》"	1	4	48	1	9	8.917	8.94	9.71	3.991	31.442	-3.119	-1.348	25.96	-1.07	-8.479	39.976	"3"
"1000万"	0	0	0	0	1	0.142	0.142	0.154	0.063	0.499	-0.066	-0.066	-0.073	-0.028	0.302	0.535	"5"
"126"	0	0	0	0	1	0.142	0.142	0.154	0.063	0.499	-0.066	-0.066	-0.073	-0.028	0.302	0.535	"5"
"18日"	1	0	0	0	0	0.142	0.142	0.154	0.063	0.499	0.849	-0.066	-0.073	-0.028	-0.3	1.316	"1"
"1953年"	1	0	0	0	0	0.142	0.142	0.154	0.063	0.499	0.849	-0.066	-0.073	-0.028	-0.3	1.316	"1"
"1961年"	0	1	0	0	0	0.142	0.142	0.154	0.063	0.499	-0.066	0.848	-0.073	-0.028	-0.3	1.315	"2"
"1962年"	0	1	0	0	0	0.142	0.142	0.154	0.063	0.499	-0.066	0.848	-0.073	-0.028	-0.3	1.315	"2"
"1972年"	0	0	1	0	0	0.142	0.142	0.154	0.063	0.499	-0.066	-0.066	0.812	-0.028	-0.3	1.272	"3"
"1993年"	0	0	0	0	1	0.142	0.142	0.154	0.063	0.499	-0.066	-0.066	-0.073	-0.028	0.302	0.535	"5"
"1994年"	0	0	0	1	2	0.425	0.426	0.462	0.19	1.497	-0.199	-0.199	-0.218	0.749	0.302	1.667	"4"
"1995年"	0	2	0	0	1	0.425	0.426	0.462	0.19	1.497	-0.199	1.262	-0.218	-0.085	-0.3	2.064	"2"
"1997年"	0	0	1	0	0	0.142	0.142	0.154	0.063	0.499	-0.066	-0.066	0.812	-0.028	-0.3	1.272	"3"
"2.55"	0	1	0	0	0	0.142	0.142	0.154	0.063	0.499	-0.066	0.848	-0.073	-0.028	-0.3	1.315	"2"
"2004年"	0	0	0	0	2	0.283	0.284	0.308	0.127	0.998	-0.133	-0.133	-0.145	-0.057	0.604	1.072	"5"
"2005年"	0	0	0	0	1	0.142	0.142	0.154	0.063	0.499	-0.066	-0.066	-0.073	-0.028	0.302	0.535	"5"
"2007年"	0	0	1	0	0	0.142	0.142	0.154	0.063	0.499	-0.066	-0.066	0.812	-0.028	-0.3	1.272	"3"
"25周年"	0	0	1	0	1	0.283	0.284	0.308	0.127	0.998	-0.133	-0.133	0.546	-0.057	0.125	0.994	"3"
"2亿"	0	0	0	0	1	0.142	0.142	0.154	0.063	0.499	-0.066	-0.066	-0.073	-0.028	0.302	0.535	"5"
"3%"	0	0	1	0	0	0.142	0.142	0.154	0.063	0.499	-0.066	-0.066	0.812	-0.028	-0.3	1.272	"3"
"31日"	1	0	0	0	0	0.142	0.142	0.154	0.063	0.499	0.849	-0.066	-0.073	-0.028	-0.3	1.316	"1"
"34"	0	0	0	0	1	0.142	0.142	0.154	0.063	0.499	-0.066	-0.066	-0.073	-0.028	0.302	0.535	"5"
"44"	0	0	0	0	1	0.142	0.142	0.154	0.063	0.499	-0.066	-0.066	-0.073	-0.028	0.302	0.535	"5"
"4国"	0	0	0	0	1	0.142	0.142	0.154	0.063	0.499	-0.066	-0.066	-0.073	-0.028	0.302	0.535	"5"
"4座"	0	0	0	0	1	0.142	0.142	0.154	0.063	0.499	-0.066	-0.066	-0.073	-0.028	0.302	0.535	"5"
"55.9"	0	1	0	0	0	0.142	0.142	0.154	0.063	0.499	-0.066	0.848	-0.073	-0.028	-0.3	1.315	"2"
"6国"	0	0	0	0	1	0.142	0.142	0.154	0.063	0.499	-0.066	-0.066	-0.073	-0.028	0.302	0.535	"5"
"6月"	4	0	0	0	1	0.708	0.71	0.771	0.317	2.495	2.75	-0.332	-0.363	-0.142	-0.724	4.311	"1"
"70万"	0	0	0	0	1	0.142	0.142	0.154	0.063	0.499	-0.066	-0.066	-0.073	-0.028	0.302	0.535	"5"
"7万5000"	0	0	0	0	1	0.142	0.142	0.154	0.063	0.499	-0.066	-0.066	-0.073	-0.028	0.302	0.535	"5"
"807.6"	0	1	0	0	0	0.142	0.142	0.154	0.063	0.499	-0.066	0.848	-0.073	-0.028	-0.3	1.315	"2"
"891118"	0	0	0	0	1	0.142	0.142	0.154	0.063	0.499	-0.066	-0.066	-0.073	-0.028	0.302	0.535	"5"
"900109"	0	0	0	0	1	0.142	0.142	0.154	0.063	0.499	-0.066	-0.066	-0.073	-0.028	0.302	0.535	"5"
"900115"	0	0	0	0	1	0.142	0.142	0.154	0.063	0.499	-0.066	-0.066	-0.073	-0.028	0.302	0.535	"5"
"900118"	0	0	0	0	1	0.142	0.142	0.154	0.063	0.499	-0.066	-0.066	-0.073	-0.028	0.302	0.535	"5"
"APEC"	0	0	0	0	1	0.142	0.142	0.154	0.063	0.499	-0.066	-0.066	-0.073	-0.028	0.302	0.535	"5"
"CEPA"	0	0	0	0	1	0.142	0.142	0.154	0.063	0.499	-0.066	-0.066	-0.073	-0.028	0.302	0.535	"5"
"CSI"	0	0	0	0	1	0.142	0.142	0.154	0.063	0.499	-0.066	-0.066	-0.073	-0.028	0.302	0.535	"5"
"DoCoMo"	1	0	0	0	0	0.142	0.142	0.154	0.063	0.499	0.849	-0.066	-0.073	-0.028	-0.3	1.316	"1"
"FTA"	1	0	0	0	0	0.142	0.142	0.154	0.063	0.499	0.849	-0.066	-0.073	-0.028	-0.3	1.316	"1"
"Hong"	0	0	0	0	1	0.142	0.142	0.154	0.063	0.499	-0.066	-0.066	-0.073	-0.028	0.302	0.535	"5"
"J"	1	0	0	0	0	0.142	0.142	0.154	0.063	0.499	0.849	-0.066	-0.073	-0.028	-0.3	1.316	"1"
"KongFibercom"	0	0	0	0	1	0.142	0.142	0.154	0.063	0.499	-0.066	-0.066	-0.073	-0.028	0.302	0.535	"5"
"MSCI"	0	0	0	0	1	0.142	0.142	0.154	0.063	0.499	-0.066	-0.066	-0.073	-0.028	0.302	0.535	"5"
"NATO"	0	0	0	0	1	0.142	0.142	0.154	0.063	0.499	-0.066	-0.066	-0.073	-0.028	0.302	0.535	"5"
"SPH"	0	0	0	0	1	0.142	0.142	0.154	0.063	0.499	-0.066	-0.066	-0.073	-0.028	0.302	0.535	"5"
"TO"	0	0	0	0	1	0.142	0.142	0.154	0.063	0.499	-0.066	-0.066	-0.073	-0.028	0.302	0.535	"5"
"TRIPS"	0	0	0	0	1	0.142	0.142	0.154	0.063	0.499	-0.066	-0.066	-0.073	-0.028	0.302	0.535	"5"
"TT"	1	0	0	0	0	0.142	0.142	0.154	0.063	0.499	0.849	-0.066	-0.073	-0.028	-0.3	1.316	"1"
"VoIP"	0	0	0	0	1	0.142	0.142	0.154	0.063	0.499	-0.066	-0.066	-0.073	-0.028	0.302	0.535	"5"
"阿比"	0	0	0	0	1	0.142	0.142	0.154	0.063	0.499	-0.066	-0.066	-0.073	-0.028	0.302	0.535	"5"
"阿尔斯"	1	0	0	0	0	0.142	0.142	0.154	0.063	0.499	0.849	-0.066	-0.073	-0.028	-0.3	1.316	"1"
"阿根廷"	2	0	0	0	0	0.283	0.284	0.308	0.127	0.998	1.698	-0.133	-0.145	-0.057	-0.6	2.633	"1"
"阿拉塔斯"	0	0	0	0	1	0.142	0.142	0.154	0.063	0.499	-0.066	-0.066	-0.073	-0.028	0.302	0.535	"5"
"阿斯"	0	0	0	0	1	0.142	0.142	0.154	0.063	0.499	-0.066	-0.066	-0.073	-0.028	0.302	0.535	"5"
"埃及"	1	1	0	1	0	0.425	0.426	0.462	0.19	1.497	0.435	0.434	-0.218	0.749	-0.901	2.737	"5"
"安理会"	0	0	0	0	1	0.142	0.142	0.154	0.063	0.499	-0.066	-0.066	-0.073	-0.028	0.302	0.535	"5"
"安盟"	0	1	0	0	0	0.142	0.142	0.154	0.063	0.499	-0.066	0.848	-0.073	-0.028	-0.3	1.315	"2"
"安南"	1	0	0	0	0	0.142	0.142	0.154	0.063	0.499	0.849	-0.066	-0.073	-0.028	-0.3	1.316	"1"
"安排"	1	0	0	0	0	0.142	0.142	0.154	0.063	0.499	0.849	-0.066	-0.073	-0.028	-0.3	1.316	"1"
"安全"	0	0	1	0	4	0.708	0.71	0.771	0.317	2.495	-0.331	-0.332	0.246	-0.142	0.73	1.781	"5"
"按"	0	0	0	0	1	0.142	0.142	0.154	0.063	0.499	-0.066	-0.066	-0.073	-0.028	0.302	0.535	"5"
"按照"	0	0	0	0	1	0.142	0.142	0.154	0.063	0.499	-0.066	-0.066	-0.073	-0.028	0.302	0.535	"5"
"奥斯陆"	0	0	0	0	1	0.142	0.142	0.154	0.063	0.499	-0.066	-0.066	-0.073	-0.028	0.302	0.535	"5"
"澳洲"	0	0	0	0	1	0.142	0.142	0.154	0.063	0.499	-0.066	-0.066	-0.073	-0.028	0.302	0.535	"5"
"八千"	0	0	0	0	1	0.142	0.142	0.154	0.063	0.499	-0.066	-0.066	-0.073	-0.028	0.302	0.535	"5"
"巴"	9	2	0	2	3	2.265	2.27	2.466	1.014	7.985	3.996	-0.223	-1.163	0.57	-1.965	7.917	"1"
"巴拉圭"	0	0	0	0	1	0.142	0.142	0.154	0.063	0.499	-0.066	-0.066	-0.073	-0.028	0.302	0.535	"5"
"巴拉克"	0	1	0	0	1	0.283	0.284	0.308	0.127	0.998	-0.133	0.579	-0.145	-0.057	0.125	1.039	"2"
"巴勒斯"	0	0	0	0	2	0.283	0.284	0.308	0.127	0.998	-0.133	-0.133	-0.145	-0.057	0.604	1.072	"5"
"巴勒斯坦"	2	0	0	0	3	0.708	0.71	0.771	0.317	2.495	0.826	-0.332	-0.363	-0.142	0.303	1.966	"1"
"巴勒斯坦人"	2	0	0	0	2	0.566	0.568	0.617	0.253	1.996	1.006	-0.266	-0.291	-0.114	0.164	1.841	"1"
"巴黎"	0	1	0	0	1	0.283	0.284	0.308	0.127	0.998	-0.133	0.579	-0.145	-0.057	0.125	1.039	"2"
"巴拿马"	0	0	0	0	1	0.142	0.142	0.154	0.063	0.499	-0.066	-0.066	-0.073	-0.028	0.302	0.535	"5"
"巴人"	0	0	0	0	1	0.142	0.142	0.154	0.063	0.499	-0.066	-0.066	-0.073	-0.028	0.302	0.535	"5"
"巴瑞克"	1	0	0	0	2	0.425	0.426	0.462	0.19	1.497	0.435	-0.199	-0.218	-0.085	0.302	1.239	"1"
"巴塞罗纳"	2	0	0	0	0	0.283	0.284	0.308	0.127	0.998	1.698	-0.133	-0.145	-0.057	-0.6	2.633	"1"
"把手"	0	0	0	0	1	0.142	0.142	0.154	0.063	0.499	-0.066	-0.066	-0.073	-0.028	0.302	0.535	"5"
"罢工"	1	0	0	0	0	0.142	0.142	0.154	0.063	0.499	0.849	-0.066	-0.073	-0.028	-0.3	1.316	"1"
"白茜芙"	1	0	0	0	0	0.142	0.142	0.154	0.063	0.499	0.849	-0.066	-0.073	-0.028	-0.3	1.316	"1"
"白纸"	1	0	0	0	0	0.142	0.142	0.154	0.063	0.499	0.849	-0.066	-0.073	-0.028	-0.3	1.316	"1"
"板门店"	0	0	0	1	0	0.142	0.142	0.154	0.063	0.499	-0.066	-0.066	-0.073	1.198	-0.3	1.703	"4"
"版权"	0	0	0	0	1	0.142	0.142	0.154	0.063	0.499	-0.066	-0.066	-0.073	-0.028	0.302	0.535	"5"
"版权费"	0	0	0	0	1	0.142	0.142	0.154	0.063	0.499	-0.066	-0.066	-0.073	-0.028	0.302	0.535	"5"
"办学"	1	0	0	0	0	0.142	0.142	0.154	0.063	0.499	0.849	-0.066	-0.073	-0.028	-0.3	1.316	"1"
"邦联"	0	0	0	0	1	0.142	0.142	0.154	0.063	0.499	-0.066	-0.066	-0.073	-0.028	0.302	0.535	"5"
"包商"	0	0	0	0	1	0.142	0.142	0.154	0.063	0.499	-0.066	-0.066	-0.073	-0.028	0.302	0.535	"5"
"保护"	0	1	0	0	0	0.142	0.142	0.154	0.063	0.499	-0.066	0.848	-0.073	-0.028	-0.3	1.315	"2"
"保护智"	0	0	0	0	1	0.142	0.142	0.154	0.063	0.499	-0.066	-0.066	-0.073	-0.028	0.302	0.535	"5"
"保障"	0	0	0	0	4	0.566	0.568	0.617	0.253	1.996	-0.265	-0.266	-0.291	-0.114	1.207	2.143	"5"
"暴力"	1	0	0	0	3	0.566	0.568	0.617	0.253	1.996	0.34	-0.266	-0.291	-0.114	0.507	1.518	"5"
"北部湾"	0	5	0	0	0	0.708	0.71	0.771	0.317	2.495	-0.331	4.24	-0.363	-0.142	-1.501	6.577	"2"
"北大西洋"	0	0	0	0	4	0.566	0.568	0.617	0.253	1.996	-0.265	-0.266	-0.291	-0.114	1.207	2.143	"5"
"北韩"	1	0	0	0	0	0.142	0.142	0.154	0.063	0.499	0.849	-0.066	-0.073	-0.028	-0.3	1.316	"1"
"北美"	0	0	0	0	1	0.142	0.142	0.154	0.063	0.499	-0.066	-0.066	-0.073	-0.028	0.302	0.535	"5"
"北约"	0	0	0	0	1	0.142	0.142	0.154	0.063	0.499	-0.066	-0.066	-0.073	-0.028	0.302	0.535	"5"
"贝克汉姆"	1	0	0	0	1	0.283	0.284	0.308	0.127	0.998	0.58	-0.133	-0.145	-0.057	0.125	1.04	"1"
"背书"	0	0	0	0	1	0.142	0.142	0.154	0.063	0.499	-0.066	-0.066	-0.073	-0.028	0.302	0.535	"5"
"本次"	0	0	1	0	0	0.142	0.142	0.154	0.063	0.499	-0.066	-0.066	0.812	-0.028	-0.3	1.272	"3"
"逼近"	0	0	0	0	1	0.142	0.142	0.154	0.063	0.499	-0.066	-0.066	-0.073	-0.028	0.302	0.535	"5"
"比"	0	0	0	0	1	0.142	0.142	0.154	0.063	0.499	-0.066	-0.066	-0.073	-0.028	0.302	0.535	"5"
"笔"	0	0	0	0	1	0.142	0.142	0.154	0.063	0.499	-0.066	-0.066	-0.073	-0.028	0.302	0.535	"5"
"避免"	0	0	0	0	2	0.283	0.284	0.308	0.127	0.998	-0.133	-0.133	-0.145	-0.057	0.604	1.072	"5"
"避税"	0	0	0	0	1	0.142	0.142	0.154	0.063	0.499	-0.066	-0.066	-0.073	-0.028	0.302	0.535	"5"
"边界"	0	5	0	0	1	0.849	0.851	0.925	0.38	2.994	-0.398	3.517	-0.436	-0.171	-0.958	5.48	"2"
"边境"	1	0	0	0	0	0.142	0.142	0.154	0.063	0.499	0.849	-0.066	-0.073	-0.028	-0.3	1.316	"1"
"变更"	0	0	0	0	1	0.142	0.142	0.154	0.063	0.499	-0.066	-0.066	-0.073	-0.028	0.302	0.535	"5"
"变化"	0	0	3	0	0	0.425	0.426	0.462	0.19	1.497	-0.199	-0.199	2.436	-0.085	-0.901	3.82	"3"
"标志"	0	1	0	0	0	0.142	0.142	0.154	0.063	0.499	-0.066	0.848	-0.073	-0.028	-0.3	1.315	"2"
"标准"	0	0	0	0	1	0.142	0.142	0.154	0.063	0.499	-0.066	-0.066	-0.073	-0.028	0.302	0.535	"5"
"濒"	0	0	1	0	0	0.142	0.142	0.154	0.063	0.499	-0.066	-0.066	0.812	-0.028	-0.3	1.272	"3"
"拨出"	0	0	0	0	1	0.142	0.142	0.154	0.063	0.499	-0.066	-0.066	-0.073	-0.028	0.302	0.535	"5"
"补充"	0	0	0	0	1	0.142	0.142	0.154	0.063	0.499	-0.066	-0.066	-0.073	-0.028	0.302	0.535	"5"
"不"	0	1	4	3	5	1.84	1.845	2.004	0.824	6.488	-0.862	-0.366	0.895	1.346	-0.533	4.002	"4"
"不成"	0	0	0	0	1	0.142	0.142	0.154	0.063	0.499	-0.066	-0.066	-0.073	-0.028	0.302	0.535	"5"
"不可能"	1	0	0	0	0	0.142	0.142	0.154	0.063	0.499	0.849	-0.066	-0.073	-0.028	-0.3	1.316	"1"
"不扩散"	0	0	1	0	0	0.142	0.142	0.154	0.063	0.499	-0.066	-0.066	0.812	-0.028	-0.3	1.272	"3"
"不能"	0	0	0	0	1	0.142	0.142	0.154	0.063	0.499	-0.066	-0.066	-0.073	-0.028	0.302	0.535	"5"
"不详"	0	0	0	0	1	0.142	0.142	0.154	0.063	0.499	-0.066	-0.066	-0.073	-0.028	0.302	0.535	"5"
"布隆迪"	0	0	0	0	3	0.425	0.426	0.462	0.19	1.497	-0.199	-0.199	-0.218	-0.085	0.906	1.607	"5"
"布鲁塞尔"	1	0	0	0	1	0.283	0.284	0.308	0.127	0.998	0.58	-0.133	-0.145	-0.057	0.125	1.04	"1"
"布什尔"	0	1	0	0	0	0.142	0.142	0.154	0.063	0.499	-0.066	0.848	-0.073	-0.028	-0.3	1.315	"2"
"布宜诺斯艾利斯"	1	0	0	0	0	0.142	0.142	0.154	0.063	0.499	0.849	-0.066	-0.073	-0.028	-0.3	1.316	"1"
"部"	0	0	0	0	1	0.142	0.142	0.154	0.063	0.499	-0.066	-0.066	-0.073	-0.028	0.302	0.535	"5"
"部署"	1	0	0	0	0	0.142	0.142	0.154	0.063	0.499	0.849	-0.066	-0.073	-0.028	-0.3	1.316	"1"
"财产权"	0	0	0	0	2	0.283	0.284	0.308	0.127	0.998	-0.133	-0.133	-0.145	-0.057	0.604	1.072	"5"
"裁军"	0	0	0	0	1	0.142	0.142	0.154	0.063	0.499	-0.066	-0.066	-0.073	-0.028	0.302	0.535	"5"
"曹尔忠"	0	0	0	1	0	0.142	0.142	0.154	0.063	0.499	-0.066	-0.066	-0.073	1.198	-0.3	1.703	"4"
"草案"	0	0	0	0	3	0.425	0.426	0.462	0.19	1.497	-0.199	-0.199	-0.218	-0.085	0.906	1.607	"5"
"草签"	1	0	0	0	0	0.142	0.142	0.154	0.063	0.499	0.849	-0.066	-0.073	-0.028	-0.3	1.316	"1"
"禅寺"	0	1	0	0	0	0.142	0.142	0.154	0.063	0.499	-0.066	0.848	-0.073	-0.028	-0.3	1.315	"2"
"场地"	0	0	0	0	1	0.142	0.142	0.154	0.063	0.499	-0.066	-0.066	-0.073	-0.028	0.302	0.535	"5"
"朝鲜"	2	2	0	4	9	2.406	2.412	2.62	1.077	8.484	-0.252	-0.253	-1.236	1.706	0.304	3.751	"4"
"朝鲜半岛"	0	0	0	0	2	0.283	0.284	0.308	0.127	0.998	-0.133	-0.133	-0.145	-0.057	0.604	1.072	"5"
"陈蓉"	0	0	0	1	0	0.142	0.142	0.154	0.063	0.499	-0.066	-0.066	-0.073	1.198	-0.3	1.703	"4"
"陈瑞隆"	0	0	0	0	1	0.142	0.142	0.154	0.063	0.499	-0.066	-0.066	-0.073	-0.028	0.302	0.535	"5"
"成"	1	0	0	0	2	0.425	0.426	0.462	0.19	1.497	0.435	-0.199	-0.218	-0.085	0.302	1.239	"1"
"成立"	0	0	0	0	1	0.142	0.142	0.154	0.063	0.499	-0.066	-0.066	-0.073	-0.028	0.302	0.535	"5"
"成员国"	0	1	2	0	1	0.566	0.568	0.617	0.253	1.996	-0.265	0.339	0.94	-0.114	-0.503	2.161	"3"
"承"	0	0	0	0	2	0.283	0.284	0.308	0.127	0.998	-0.133	-0.133	-0.145	-0.057	0.604	1.072	"5"
"承诺"	1	1	1	0	3	0.849	0.851	0.925	0.38	2.994	0.222	0.221	0.198	-0.171	0.184	0.996	"1"
"承认"	0	1	0	0	0	0.142	0.142	0.154	0.063	0.499	-0.066	0.848	-0.073	-0.028	-0.3	1.315	"2"
"程序"	0	0	0	0	1	0.142	0.142	0.154	0.063	0.499	-0.066	-0.066	-0.073	-0.028	0.302	0.535	"5"
"斥资"	1	0	0	0	0	0.142	0.142	0.154	0.063	0.499	0.849	-0.066	-0.073	-0.028	-0.3	1.316	"1"
"赤裸裸"	0	1	0	0	0	0.142	0.142	0.154	0.063	0.499	-0.066	0.848	-0.073	-0.028	-0.3	1.315	"2"
"冲突"	2	0	0	0	3	0.708	0.71	0.771	0.317	2.495	0.826	-0.332	-0.363	-0.142	0.303	1.966	"1"
"酬劳"	0	0	0	0	1	0.142	0.142	0.154	0.063	0.499	-0.066	-0.066	-0.073	-0.028	0.302	0.535	"5"
"出让"	0	0	0	0	2	0.283	0.284	0.308	0.127	0.998	-0.133	-0.133	-0.145	-0.057	0.604	1.072	"5"
"初步"	2	0	0	0	0	0.283	0.284	0.308	0.127	0.998	1.698	-0.133	-0.145	-0.057	-0.6	2.633	"1"
"储蓄"	1	0	0	0	0	0.142	0.142	0.154	0.063	0.499	0.849	-0.066	-0.073	-0.028	-0.3	1.316	"1"
"触犯"	0	0	0	0	1	0.142	0.142	0.154	0.063	0.499	-0.066	-0.066	-0.073	-0.028	0.302	0.535	"5"
"川口顺子"	0	0	0	0	1	0.142	0.142	0.154	0.063	0.499	-0.066	-0.066	-0.073	-0.028	0.302	0.535	"5"
"此次"	0	1	0	0	0	0.142	0.142	0.154	0.063	0.499	-0.066	0.848	-0.073	-0.028	-0.3	1.315	"2"
"从而"	0	1	0	0	0	0.142	0.142	0.154	0.063	0.499	-0.066	0.848	-0.073	-0.028	-0.3	1.315	"2"
"促成"	0	0	0	1	3	0.566	0.568	0.617	0.253	1.996	-0.265	-0.266	-0.291	0.638	0.507	1.967	"4"
"促进"	0	1	0	0	1	0.283	0.284	0.308	0.127	0.998	-0.133	0.579	-0.145	-0.057	0.125	1.039	"2"
"促使"	1	0	0	0	0	0.142	0.142	0.154	0.063	0.499	0.849	-0.066	-0.073	-0.028	-0.3	1.316	"1"
"脆弱"	1	0	0	0	1	0.283	0.284	0.308	0.127	0.998	0.58	-0.133	-0.145	-0.057	0.125	1.04	"1"
"达"	1	1	0	0	3	0.708	0.71	0.771	0.317	2.495	0.273	0.272	-0.363	-0.142	0.303	1.353	"3"
"达成"	77	0	0	0	14	12.88	12.913	14.026	5.765	45.416	50.27	-6.048	-6.615	-2.587	-11.23	76.75	"1"
"达致"	0	0	0	0	2	0.283	0.284	0.308	0.127	0.998	-0.133	-0.133	-0.145	-0.057	0.604	1.072	"5"
"打击"	0	0	1	0	0	0.142	0.142	0.154	0.063	0.499	-0.066	-0.066	0.812	-0.028	-0.3	1.272	"3"
"大会"	0	0	3	0	1	0.566	0.568	0.617	0.253	1.996	-0.265	-0.266	1.888	-0.114	-0.503	3.036	"3"
"代理"	0	1	0	0	1	0.283	0.284	0.308	0.127	0.998	-0.133	0.579	-0.145	-0.057	0.125	1.039	"2"
"贷款"	0	2	0	2	2	0.849	0.851	0.925	0.38	2.994	-0.398	0.689	-0.436	1.295	-0.462	3.28	"4"
"弹道"	0	0	3	0	2	0.708	0.71	0.771	0.317	2.495	-0.331	-0.332	1.543	-0.142	-0.3	2.648	"3"
"当中"	0	0	0	0	1	0.142	0.142	0.154	0.063	0.499	-0.066	-0.066	-0.073	-0.028	0.302	0.535	"5"
"导弹"	0	0	6	2	0	1.132	1.135	1.233	0.507	3.993	-0.53	-0.532	3.548	1.06	-2.402	8.072	"3"
"到期"	0	0	0	1	2	0.425	0.426	0.462	0.19	1.497	-0.199	-0.199	-0.218	0.749	0.302	1.667	"4"
"道"	0	0	1	0	0	0.142	0.142	0.154	0.063	0.499	-0.066	-0.066	0.812	-0.028	-0.3	1.272	"3"
"得到"	3	0	0	0	0	0.425	0.426	0.462	0.19	1.497	2.547	-0.199	-0.218	-0.085	-0.901	3.95	"1"
"地段"	0	0	0	0	1	0.142	0.142	0.154	0.063	0.499	-0.066	-0.066	-0.073	-0.028	0.302	0.535	"5"
"地发"	0	0	1	0	0	0.142	0.142	0.154	0.063	0.499	-0.066	-0.066	0.812	-0.028	-0.3	1.272	"3"
"地位"	0	0	2	0	0	0.283	0.284	0.308	0.127	0.998	-0.133	-0.133	1.624	-0.057	-0.6	2.547	"3"
"第12"	0	0	1	0	0	0.142	0.142	0.154	0.063	0.499	-0.066	-0.066	0.812	-0.028	-0.3	1.272	"3"
"第26"	0	0	1	0	0	0.142	0.142	0.154	0.063	0.499	-0.066	-0.066	0.812	-0.028	-0.3	1.272	"3"
"第55"	0	0	2	0	0	0.283	0.284	0.308	0.127	0.998	-0.133	-0.133	1.624	-0.057	-0.6	2.547	"3"
"第六"	0	0	2	0	1	0.425	0.426	0.462	0.19	1.497	-0.199	-0.199	1.194	-0.085	-0.3	1.977	"3"
"缔结"	0	0	1	0	6	0.991	0.993	1.079	0.443	3.494	-0.464	-0.465	-0.152	-0.199	1.208	2.488	"5"
"缔约"	0	0	0	0	1	0.142	0.142	0.154	0.063	0.499	-0.066	-0.066	-0.073	-0.028	0.302	0.535	"5"
"缔约方"	0	0	2	0	0	0.283	0.284	0.308	0.127	0.998	-0.133	-0.133	1.624	-0.057	-0.6	2.547	"3"
"缔约国"	0	0	2	0	0	0.283	0.284	0.308	0.127	0.998	-0.133	-0.133	1.624	-0.057	-0.6	2.547	"3"
"典藏品"	0	0	0	1	0	0.142	0.142	0.154	0.063	0.499	-0.066	-0.066	-0.073	1.198	-0.3	1.703	"4"
"电信"	0	1	0	0	0	0.142	0.142	0.154	0.063	0.499	-0.066	0.848	-0.073	-0.028	-0.3	1.315	"2"
"订"	0	0	0	0	2	0.283	0.284	0.308	0.127	0.998	-0.133	-0.133	-0.145	-0.057	0.604	1.072	"5"
"订定"	0	0	0	0	1	0.142	0.142	0.154	0.063	0.499	-0.066	-0.066	-0.073	-0.028	0.302	0.535	"5"
"定"	0	0	0	1	0	0.142	0.142	0.154	0.063	0.499	-0.066	-0.066	-0.073	1.198	-0.3	1.703	"4"
"定下"	0	0	0	0	1	0.142	0.142	0.154	0.063	0.499	-0.066	-0.066	-0.073	-0.028	0.302	0.535	"5"
"定于"	1	0	0	0	1	0.283	0.284	0.308	0.127	0.998	0.58	-0.133	-0.145	-0.057	0.125	1.04	"1"
"东盟"	0	0	1	0	0	0.142	0.142	0.154	0.063	0.499	-0.066	-0.066	0.812	-0.028	-0.3	1.272	"3"
"东南亚"	0	0	2	0	2	0.566	0.568	0.617	0.253	1.996	-0.265	-0.266	0.94	-0.114	0.164	1.749	"3"
"东欧"	1	0	0	0	0	0.142	0.142	0.154	0.063	0.499	0.849	-0.066	-0.073	-0.028	-0.3	1.316	"1"
"东森"	0	0	0	0	1	0.142	0.142	0.154	0.063	0.499	-0.066	-0.066	-0.073	-0.028	0.302	0.535	"5"
"东协"	0	0	0	0	1	0.142	0.142	0.154	0.063	0.499	-0.066	-0.066	-0.073	-0.028	0.302	0.535	"5"
"动植物"	0	0	1	0	0	0.142	0.142	0.154	0.063	0.499	-0.066	-0.066	0.812	-0.028	-0.3	1.272	"3"
"冻结"	0	0	0	0	1	0.142	0.142	0.154	0.063	0.499	-0.066	-0.066	-0.073	-0.028	0.302	0.535	"5"
"独联体"	0	0	1	0	1	0.283	0.284	0.308	0.127	0.998	-0.133	-0.133	0.546	-0.057	0.125	0.994	"3"
"队"	0	0	0	0	1	0.142	0.142	0.154	0.063	0.499	-0.066	-0.066	-0.073	-0.028	0.302	0.535	"5"
"对"	0	0	0	0	2	0.283	0.284	0.308	0.127	0.998	-0.133	-0.133	-0.145	-0.057	0.604	1.072	"5"
"对方"	0	0	0	0	1	0.142	0.142	0.154	0.063	0.499	-0.066	-0.066	-0.073	-0.028	0.302	0.535	"5"
"敦"	0	0	0	0	1	0.142	0.142	0.154	0.063	0.499	-0.066	-0.066	-0.073	-0.028	0.302	0.535	"5"
"敦促"	0	1	1	0	1	0.425	0.426	0.462	0.19	1.497	-0.199	0.434	0.404	-0.085	-0.3	1.422	"2"
"多边"	0	0	0	0	2	0.283	0.284	0.308	0.127	0.998	-0.133	-0.133	-0.145	-0.057	0.604	1.072	"5"
"多尼克"	0	0	0	0	1	0.142	0.142	0.154	0.063	0.499	-0.066	-0.066	-0.073	-0.028	0.302	0.535	"5"
"俄"	0	2	0	0	2	0.566	0.568	0.617	0.253	1.996	-0.265	1.004	-0.291	-0.114	0.164	1.838	"2"
"俄罗斯"	2	3	1	2	1	1.274	1.277	1.387	0.57	4.492	0.431	0.907	-0.233	0.969	-1.703	4.243	"5"
"俄美"	0	0	6	0	0	0.849	0.851	0.925	0.38	2.994	-0.398	-0.399	4.873	-0.171	-1.801	7.642	"3"
"儿童"	0	0	1	0	0	0.142	0.142	0.154	0.063	0.499	-0.066	-0.066	0.812	-0.028	-0.3	1.272	"3"
"尔"	0	1	0	0	0	0.142	0.142	0.154	0.063	0.499	-0.066	0.848	-0.073	-0.028	-0.3	1.315	"2"
"二房东"	0	0	0	1	0	0.142	0.142	0.154	0.063	0.499	-0.066	-0.066	-0.073	1.198	-0.3	1.703	"4"
"二十日"	0	0	0	0	1	0.142	0.142	0.154	0.063	0.499	-0.066	-0.066	-0.073	-0.028	0.302	0.535	"5"
"法航"	0	0	0	0	1	0.142	0.142	0.154	0.063	0.499	-0.066	-0.066	-0.073	-0.028	0.302	0.535	"5"
"反"	0	0	3	0	0	0.425	0.426	0.462	0.19	1.497	-0.199	-0.199	2.436	-0.085	-0.901	3.82	"3"
"反弹道"	0	0	1	0	0	0.142	0.142	0.154	0.063	0.499	-0.066	-0.066	0.812	-0.028	-0.3	1.272	"3"
"反导"	0	0	1	0	0	0.142	0.142	0.154	0.063	0.499	-0.066	-0.066	0.812	-0.028	-0.3	1.272	"3"
"反对"	0	0	1	0	0	0.142	0.142	0.154	0.063	0.499	-0.066	-0.066	0.812	-0.028	-0.3	1.272	"3"
"反恐"	0	1	0	0	0	0.142	0.142	0.154	0.063	0.499	-0.066	0.848	-0.073	-0.028	-0.3	1.315	"2"
"反恐怖"	0	0	1	0	0	0.142	0.142	0.154	0.063	0.499	-0.066	-0.066	0.812	-0.028	-0.3	1.272	"3"
"反政府武装"	1	0	0	0	0	0.142	0.142	0.154	0.063	0.499	0.849	-0.066	-0.073	-0.028	-0.3	1.316	"1"
"犯"	0	0	0	1	0	0.142	0.142	0.154	0.063	0.499	-0.066	-0.066	-0.073	1.198	-0.3	1.703	"4"
"犯罪"	0	0	0	0	2	0.283	0.284	0.308	0.127	0.998	-0.133	-0.133	-0.145	-0.057	0.604	1.072	"5"
"方"	2	1	0	1	7	1.557	1.561	1.695	0.697	5.49	0.323	-0.281	-0.8	0.29	0.565	2.259	"3"
"防务"	0	2	0	0	0	0.283	0.284	0.308	0.127	0.998	-0.133	1.696	-0.145	-0.057	-0.6	2.631	"2"
"防御"	0	0	2	0	0	0.283	0.284	0.308	0.127	0.998	-0.133	-0.133	1.624	-0.057	-0.6	2.547	"3"
"防治"	0	0	0	0	1	0.142	0.142	0.154	0.063	0.499	-0.066	-0.066	-0.073	-0.028	0.302	0.535	"5"
"放弃"	0	0	0	1	0	0.142	0.142	0.154	0.063	0.499	-0.066	-0.066	-0.073	1.198	-0.3	1.703	"4"
"飞利浦"	0	0	0	0	2	0.283	0.284	0.308	0.127	0.998	-0.133	-0.133	-0.145	-0.057	0.604	1.072	"5"
"废料"	0	0	0	0	1	0.142	0.142	0.154	0.063	0.499	-0.066	-0.066	-0.073	-0.028	0.302	0.535	"5"
"份"	1	2	0	1	4	1.132	1.135	1.233	0.507	3.993	-0.165	0.499	-0.582	0.39	0.197	1.833	"3"
"符合"	0	0	0	0	2	0.283	0.284	0.308	0.127	0.998	-0.133	-0.133	-0.145	-0.057	0.604	1.072	"5"
"附加"	0	0	2	0	1	0.425	0.426	0.462	0.19	1.497	-0.199	-0.199	1.194	-0.085	-0.3	1.977	"3"
"复边"	0	0	0	0	1	0.142	0.142	0.154	0.063	0.499	-0.066	-0.066	-0.073	-0.028	0.302	0.535	"5"
"复旦"	0	1	0	0	2	0.425	0.426	0.462	0.19	1.497	-0.199	0.434	-0.218	-0.085	0.302	1.238	"2"
"复印"	0	1	0	0	0	0.142	0.142	0.154	0.063	0.499	-0.066	0.848	-0.073	-0.028	-0.3	1.315	"2"
"袱"	0	0	0	0	1	0.142	0.142	0.154	0.063	0.499	-0.066	-0.066	-0.073	-0.028	0.302	0.535	"5"
"该"	1	1	3	0	4	1.274	1.277	1.387	0.57	4.492	-0.201	-0.202	0.824	-0.256	-0.299	1.782	"3"
"盖"	0	0	0	0	1	0.142	0.142	0.154	0.063	0.499	-0.066	-0.066	-0.073	-0.028	0.302	0.535	"5"
"干"	0	0	0	0	1	0.142	0.142	0.154	0.063	0.499	-0.066	-0.066	-0.073	-0.028	0.302	0.535	"5"
"刚"	0	0	0	0	1	0.142	0.142	0.154	0.063	0.499	-0.066	-0.066	-0.073	-0.028	0.302	0.535	"5"
"刚果"	0	1	0	0	1	0.283	0.284	0.308	0.127	0.998	-0.133	0.579	-0.145	-0.057	0.125	1.039	"2"
"纲要"	0	0	1	0	0	0.142	0.142	0.154	0.063	0.499	-0.066	-0.066	0.812	-0.028	-0.3	1.272	"3"
"港元"	0	0	0	0	1	0.142	0.142	0.154	0.063	0.499	-0.066	-0.066	-0.073	-0.028	0.302	0.535	"5"
"高铁"	0	0	0	0	1	0.142	0.142	0.154	0.063	0.499	-0.066	-0.066	-0.073	-0.028	0.302	0.535	"5"
"稿"	1	0	0	0	3	0.566	0.568	0.617	0.253	1.996	0.34	-0.266	-0.291	-0.114	0.507	1.518	"5"
"搁浅"	0	0	0	0	1	0.142	0.142	0.154	0.063	0.499	-0.066	-0.066	-0.073	-0.028	0.302	0.535	"5"
"割让给"	0	0	1	0	0	0.142	0.142	0.154	0.063	0.499	-0.066	-0.066	0.812	-0.028	-0.3	1.272	"3"
"个别"	0	0	0	1	0	0.142	0.142	0.154	0.063	0.499	-0.066	-0.066	-0.073	1.198	-0.3	1.703	"4"
"给予"	0	0	0	1	0	0.142	0.142	0.154	0.063	0.499	-0.066	-0.066	-0.073	1.198	-0.3	1.703	"4"
"根"	1	0	0	0	0	0.142	0.142	0.154	0.063	0.499	0.849	-0.066	-0.073	-0.028	-0.3	1.316	"1"
"根据"	3	4	4	1	17	4.104	4.115	4.47	1.837	14.473	-0.401	-0.218	-0.275	-0.353	0.646	1.893	"5"
"工程"	0	0	0	0	4	0.566	0.568	0.617	0.253	1.996	-0.265	-0.266	-0.291	-0.114	1.207	2.143	"5"
"工会"	3	0	0	0	0	0.425	0.426	0.462	0.19	1.497	2.547	-0.199	-0.218	-0.085	-0.901	3.95	"1"
"工资"	0	0	0	0	4	0.566	0.568	0.617	0.253	1.996	-0.265	-0.266	-0.291	-0.114	1.207	2.143	"5"
"公民"	0	0	0	0	1	0.142	0.142	0.154	0.063	0.499	-0.066	-0.066	-0.073	-0.028	0.302	0.535	"5"
"公民权"	0	0	1	0	0	0.142	0.142	0.154	0.063	0.499	-0.066	-0.066	0.812	-0.028	-0.3	1.272	"3"
"公平会"	0	0	0	0	1	0.142	0.142	0.154	0.063	0.499	-0.066	-0.066	-0.073	-0.028	0.302	0.535	"5"
"公认"	0	0	1	0	0	0.142	0.142	0.154	0.063	0.499	-0.066	-0.066	0.812	-0.028	-0.3	1.272	"3"
"公司"	0	0	0	0	8	1.132	1.135	1.233	0.507	3.993	-0.53	-0.532	-0.582	-0.227	2.415	4.286	"5"
"公约"	0	0	5	0	6	1.557	1.561	1.695	0.697	5.49	-0.729	-0.731	1.75	-0.313	0.303	3.826	"3"
"公证"	0	0	0	0	2	0.283	0.284	0.308	0.127	0.998	-0.133	-0.133	-0.145	-0.057	0.604	1.072	"5"
"巩固"	0	0	0	0	1	0.142	0.142	0.154	0.063	0.499	-0.066	-0.066	-0.073	-0.028	0.302	0.535	"5"
"共处"	0	0	1	0	0	0.142	0.142	0.154	0.063	0.499	-0.066	-0.066	0.812	-0.028	-0.3	1.272	"3"
"共和国"	0	0	0	0	2	0.283	0.284	0.308	0.127	0.998	-0.133	-0.133	-0.145	-0.057	0.604	1.072	"5"
"共识"	1	0	0	0	0	0.142	0.142	0.154	0.063	0.499	0.849	-0.066	-0.073	-0.028	-0.3	1.316	"1"
"共同"	5	4	0	2	4	2.123	2.129	2.312	0.95	7.486	1.303	0.815	-1.09	0.61	-1.221	5.039	"1"
"共同体"	0	0	0	0	2	0.283	0.284	0.308	0.127	0.998	-0.133	-0.133	-0.145	-0.057	0.604	1.072	"5"
"供"	0	0	0	0	3	0.425	0.426	0.462	0.19	1.497	-0.199	-0.199	-0.218	-0.085	0.906	1.607	"5"
"供货"	0	0	0	1	0	0.142	0.142	0.154	0.063	0.499	-0.066	-0.066	-0.073	1.198	-0.3	1.703	"4"
"供应商"	0	0	0	0	1	0.142	0.142	0.154	0.063	0.499	-0.066	-0.066	-0.073	-0.028	0.302	0.535	"5"
"股份"	0	1	0	0	0	0.142	0.142	0.154	0.063	0.499	-0.066	0.848	-0.073	-0.028	-0.3	1.315	"2"
"股权"	0	0	0	1	1	0.283	0.284	0.308	0.127	0.998	-0.133	-0.133	-0.145	0.911	0.125	1.447	"4"
"雇佣"	0	0	0	0	1	0.142	0.142	0.154	0.063	0.499	-0.066	-0.066	-0.073	-0.028	0.302	0.535	"5"
"僱"	0	0	0	0	1	0.142	0.142	0.154	0.063	0.499	-0.066	-0.066	-0.073	-0.028	0.302	0.535	"5"
"瓜达卡纳"	0	0	0	0	1	0.142	0.142	0.154	0.063	0.499	-0.066	-0.066	-0.073	-0.028	0.302	0.535	"5"
"关闭"	1	0	0	0	1	0.283	0.284	0.308	0.127	0.998	0.58	-0.133	-0.145	-0.057	0.125	1.04	"1"
"关切"	0	0	0	0	1	0.142	0.142	0.154	0.063	0.499	-0.066	-0.066	-0.073	-0.028	0.302	0.535	"5"
"关系"	0	0	2	2	1	0.708	0.71	0.771	0.317	2.495	-0.331	-0.332	0.763	1.452	-0.724	3.602	"4"
"关于"	0	2	2	0	4	1.132	1.135	1.233	0.507	3.993	-0.53	0.499	0.449	-0.227	0.197	1.902	"1"
"管制"	0	0	0	0	1	0.142	0.142	0.154	0.063	0.499	-0.066	-0.066	-0.073	-0.028	0.302	0.535	"5"
"贯彻"	0	0	0	0	1	0.142	0.142	0.154	0.063	0.499	-0.066	-0.066	-0.073	-0.028	0.302	0.535	"5"
"光学院"	0	1	0	0	0	0.142	0.142	0.154	0.063	0.499	-0.066	0.848	-0.073	-0.028	-0.3	1.315	"2"
"广告"	0	0	0	0	1	0.142	0.142	0.154	0.063	0.499	-0.066	-0.066	-0.073	-0.028	0.302	0.535	"5"
"规避"	0	0	0	0	1	0.142	0.142	0.154	0.063	0.499	-0.066	-0.066	-0.073	-0.028	0.302	0.535	"5"
"规定"	1	1	2	1	8	1.84	1.845	2.004	0.824	6.488	-0.364	-0.366	-0.17	0.242	0.54	1.682	"5"
"规范"	0	0	0	0	1	0.142	0.142	0.154	0.063	0.499	-0.066	-0.066	-0.073	-0.028	0.302	0.535	"5"
"规矩"	0	0	0	0	1	0.142	0.142	0.154	0.063	0.499	-0.066	-0.066	-0.073	-0.028	0.302	0.535	"5"
"郭"	0	1	0	0	0	0.142	0.142	0.154	0.063	0.499	-0.066	0.848	-0.073	-0.028	-0.3	1.315	"2"
"国"	0	2	3	0	11	2.265	2.27	2.466	1.014	7.985	-1.06	-0.223	0.34	-0.455	0.984	3.062	"1"
"国会"	0	0	0	0	1	0.142	0.142	0.154	0.063	0.499	-0.066	-0.066	-0.073	-0.028	0.302	0.535	"5"
"国际"	0	0	6	0	12	2.548	2.554	2.774	1.14	8.983	-1.193	-1.196	1.327	-0.512	0.93	5.158	"3"
"国际法"	0	0	1	0	1	0.283	0.284	0.308	0.127	0.998	-0.133	-0.133	0.546	-0.057	0.125	0.994	"3"
"国际性"	0	0	1	0	0	0.142	0.142	0.154	0.063	0.499	-0.066	-0.066	0.812	-0.028	-0.3	1.272	"3"
"国家"	0	1	3	0	5	1.274	1.277	1.387	0.57	4.492	-0.596	-0.202	0.824	-0.256	0.303	2.181	"3"
"国界"	0	0	1	0	0	0.142	0.142	0.154	0.063	0.499	-0.066	-0.066	0.812	-0.028	-0.3	1.272	"3"
"国院"	0	0	0	0	1	0.142	0.142	0.154	0.063	0.499	-0.066	-0.066	-0.073	-0.028	0.302	0.535	"5"
"过渡"	1	0	0	0	2	0.425	0.426	0.462	0.19	1.497	0.435	-0.199	-0.218	-0.085	0.302	1.239	"1"
"哈马斯"	1	0	0	0	1	0.283	0.284	0.308	0.127	0.998	0.58	-0.133	-0.145	-0.057	0.125	1.04	"1"
"哈萨克"	0	0	0	0	1	0.142	0.142	0.154	0.063	0.499	-0.066	-0.066	-0.073	-0.028	0.302	0.535	"5"
"海地"	0	0	0	0	1	0.142	0.142	0.154	0.063	0.499	-0.066	-0.066	-0.073	-0.028	0.302	0.535	"5"
"海牙"	0	1	0	0	0	0.142	0.142	0.154	0.063	0.499	-0.066	0.848	-0.073	-0.028	-0.3	1.315	"2"
"海洋"	0	0	0	0	1	0.142	0.142	0.154	0.063	0.499	-0.066	-0.066	-0.073	-0.028	0.302	0.535	"5"
"韩朝"	1	0	0	1	0	0.283	0.284	0.308	0.127	0.998	0.58	-0.133	-0.145	0.911	-0.6	2.369	"4"
"韩美"	0	0	1	0	0	0.142	0.142	0.154	0.063	0.499	-0.066	-0.066	0.812	-0.028	-0.3	1.272	"3"
"韩战"	0	0	0	0	1	0.142	0.142	0.154	0.063	0.499	-0.066	-0.066	-0.073	-0.028	0.302	0.535	"5"
"汉城"	2	0	0	0	0	0.283	0.284	0.308	0.127	0.998	1.698	-0.133	-0.145	-0.057	-0.6	2.633	"1"
"行使"	0	0	0	0	1	0.142	0.142	0.154	0.063	0.499	-0.066	-0.066	-0.073	-0.028	0.302	0.535	"5"
"行事"	0	0	0	0	1	0.142	0.142	0.154	0.063	0.499	-0.066	-0.066	-0.073	-0.028	0.302	0.535	"5"
"航空"	1	1	0	1	3	0.849	0.851	0.925	0.38	2.994	0.222	0.221	-0.436	0.488	0.184	1.551	"4"
"航空器"	0	1	0	0	0	0.142	0.142	0.154	0.063	0.499	-0.066	0.848	-0.073	-0.028	-0.3	1.315	"2"
"好战"	0	0	0	0	1	0.142	0.142	0.154	0.063	0.499	-0.066	-0.066	-0.073	-0.028	0.302	0.535	"5"
"合"	0	0	0	2	1	0.425	0.426	0.462	0.19	1.497	-0.199	-0.199	-0.218	1.938	-0.3	2.854	"4"
"合同"	0	0	0	0	1	0.142	0.142	0.154	0.063	0.499	-0.066	-0.066	-0.073	-0.028	0.302	0.535	"5"
"合约"	0	1	0	0	4	0.708	0.71	0.771	0.317	2.495	-0.331	0.272	-0.363	-0.142	0.73	1.838	"5"
"合作"	3	21	3	2	13	5.944	5.96	6.474	2.661	20.961	-0.866	7.4	-1.025	-0.303	-1.997	11.591	"2"
"合作案"	0	0	0	0	1	0.142	0.142	0.154	0.063	0.499	-0.066	-0.066	-0.073	-0.028	0.302	0.535	"5"
"合作交"	0	0	0	0	1	0.142	0.142	0.154	0.063	0.499	-0.066	-0.066	-0.073	-0.028	0.302	0.535	"5"
"和解"	0	1	0	0	2	0.425	0.426	0.462	0.19	1.497	-0.199	0.434	-0.218	-0.085	0.302	1.238	"2"
"和平"	8	6	2	5	18	5.52	5.534	6.011	2.471	19.464	0.749	0.315	-1.321	1.007	-0.421	3.813	"3"
"和谈"	1	0	0	0	1	0.283	0.284	0.308	0.127	0.998	0.58	-0.133	-0.145	-0.057	0.125	1.04	"1"
"河西岸"	0	0	0	0	1	0.142	0.142	0.154	0.063	0.499	-0.066	-0.066	-0.073	-0.028	0.302	0.535	"5"
"核"	0	1	1	0	6	1.132	1.135	1.233	0.507	3.993	-0.53	-0.166	-0.191	-0.227	0.844	1.958	"5"
"核不"	0	0	0	0	1	0.142	0.142	0.154	0.063	0.499	-0.066	-0.066	-0.073	-0.028	0.302	0.535	"5"
"核查"	0	0	1	0	0	0.142	0.142	0.154	0.063	0.499	-0.066	-0.066	0.812	-0.028	-0.3	1.272	"3"
"核弹"	0	0	0	0	1	0.142	0.142	0.154	0.063	0.499	-0.066	-0.066	-0.073	-0.028	0.302	0.535	"5"
"核电厂"	0	0	0	0	1	0.142	0.142	0.154	0.063	0.499	-0.066	-0.066	-0.073	-0.028	0.302	0.535	"5"
"核电站"	0	1	0	0	0	0.142	0.142	0.154	0.063	0.499	-0.066	0.848	-0.073	-0.028	-0.3	1.315	"2"
"核能"	0	0	0	0	1	0.142	0.142	0.154	0.063	0.499	-0.066	-0.066	-0.073	-0.028	0.302	0.535	"5"
"核试验"	0	0	1	0	0	0.142	0.142	0.154	0.063	0.499	-0.066	-0.066	0.812	-0.028	-0.3	1.272	"3"
"核四"	0	0	0	0	1	0.142	0.142	0.154	0.063	0.499	-0.066	-0.066	-0.073	-0.028	0.302	0.535	"5"
"核四案"	0	0	0	0	1	0.142	0.142	0.154	0.063	0.499	-0.066	-0.066	-0.073	-0.028	0.302	0.535	"5"
"核武"	0	0	0	0	1	0.142	0.142	0.154	0.063	0.499	-0.066	-0.066	-0.073	-0.028	0.302	0.535	"5"
"核武器"	0	0	3	0	3	0.849	0.851	0.925	0.38	2.994	-0.398	-0.399	1.294	-0.171	0.184	2.446	"3"
"核心"	0	0	0	0	1	0.142	0.142	0.154	0.063	0.499	-0.066	-0.066	-0.073	-0.028	0.302	0.535	"5"
"核准"	0	0	0	0	1	0.142	0.142	0.154	0.063	0.499	-0.066	-0.066	-0.073	-0.028	0.302	0.535	"5"
"黑字"	1	0	0	0	0	0.142	0.142	0.154	0.063	0.499	0.849	-0.066	-0.073	-0.028	-0.3	1.316	"1"
"红十字会"	1	0	0	0	0	0.142	0.142	0.154	0.063	0.499	0.849	-0.066	-0.073	-0.028	-0.3	1.316	"1"
"后者"	0	0	0	0	1	0.142	0.142	0.154	0.063	0.499	-0.066	-0.066	-0.073	-0.028	0.302	0.535	"5"
"互"	0	1	0	2	0	0.425	0.426	0.462	0.19	1.497	-0.199	0.434	-0.218	1.938	-0.901	3.69	"4"
"互访"	1	0	0	0	0	0.142	0.142	0.154	0.063	0.499	0.849	-0.066	-0.073	-0.028	-0.3	1.316	"1"
"互联网"	0	0	0	0	1	0.142	0.142	0.154	0.063	0.499	-0.066	-0.066	-0.073	-0.028	0.302	0.535	"5"
"互设"	0	2	0	0	0	0.283	0.284	0.308	0.127	0.998	-0.133	1.696	-0.145	-0.057	-0.6	2.631	"2"
"互相"	0	2	0	0	0	0.283	0.284	0.308	0.127	0.998	-0.133	1.696	-0.145	-0.057	-0.6	2.631	"2"
"划界"	0	4	0	0	0	0.566	0.568	0.617	0.253	1.996	-0.265	3.392	-0.291	-0.114	-1.201	5.263	"2"
"华诚"	0	0	0	0	1	0.142	0.142	0.154	0.063	0.499	-0.066	-0.066	-0.073	-0.028	0.302	0.535	"5"
"华府"	0	0	0	0	1	0.142	0.142	0.154	0.063	0.499	-0.066	-0.066	-0.073	-0.028	0.302	0.535	"5"
"华航"	0	0	0	0	1	0.142	0.142	0.154	0.063	0.499	-0.066	-0.066	-0.073	-0.028	0.302	0.535	"5"
"华沙"	0	0	0	0	1	0.142	0.142	0.154	0.063	0.499	-0.066	-0.066	-0.073	-0.028	0.302	0.535	"5"
"华文"	0	0	0	0	1	0.142	0.142	0.154	0.063	0.499	-0.066	-0.066	-0.073	-0.028	0.302	0.535	"5"
"化解"	0	0	0	0	1	0.142	0.142	0.154	0.063	0.499	-0.066	-0.066	-0.073	-0.028	0.302	0.535	"5"
"化武"	0	0	0	0	1	0.142	0.142	0.154	0.063	0.499	-0.066	-0.066	-0.073	-0.028	0.302	0.535	"5"
"化学"	0	0	3	0	1	0.566	0.568	0.617	0.253	1.996	-0.265	-0.266	1.888	-0.114	-0.503	3.036	"3"
"话音"	0	0	0	0	1	0.142	0.142	0.154	0.063	0.499	-0.066	-0.066	-0.073	-0.028	0.302	0.535	"5"
"环球"	0	0	0	0	1	0.142	0.142	0.154	0.063	0.499	-0.066	-0.066	-0.073	-0.028	0.302	0.535	"5"
"换取"	0	0	0	0	1	0.142	0.142	0.154	0.063	0.499	-0.066	-0.066	-0.073	-0.028	0.302	0.535	"5"
"皇马队"	0	1	0	0	0	0.142	0.142	0.154	0.063	0.499	-0.066	0.848	-0.073	-0.028	-0.3	1.315	"2"
"汇报"	0	0	0	0	1	0.142	0.142	0.154	0.063	0.499	-0.066	-0.066	-0.073	-0.028	0.302	0.535	"5"
"会费"	0	0	0	0	1	0.142	0.142	0.154	0.063	0.499	-0.066	-0.066	-0.073	-0.028	0.302	0.535	"5"
"会谈"	3	0	0	0	2	0.708	0.71	0.771	0.317	2.495	1.644	-0.332	-0.363	-0.142	-0.3	2.781	"1"
"会讯"	0	0	0	0	1	0.142	0.142	0.154	0.063	0.499	-0.066	-0.066	-0.073	-0.028	0.302	0.535	"5"
"会员国"	0	0	0	0	1	0.142	0.142	0.154	0.063	0.499	-0.066	-0.066	-0.073	-0.028	0.302	0.535	"5"
"慧"	0	0	0	0	1	0.142	0.142	0.154	0.063	0.499	-0.066	-0.066	-0.073	-0.028	0.302	0.535	"5"
"豁免权"	0	1	0	0	1	0.283	0.284	0.308	0.127	0.998	-0.133	0.579	-0.145	-0.057	0.125	1.039	"2"
"火"	1	1	0	0	0	0.283	0.284	0.308	0.127	0.998	0.58	0.579	-0.145	-0.057	-0.6	1.961	"5"
"货币"	1	0	0	0	0	0.142	0.142	0.154	0.063	0.499	0.849	-0.066	-0.073	-0.028	-0.3	1.316	"1"
"击"	0	0	1	0	0	0.142	0.142	0.154	0.063	0.499	-0.066	-0.066	0.812	-0.028	-0.3	1.272	"3"
"机电"	0	0	0	0	1	0.142	0.142	0.154	0.063	0.499	-0.066	-0.066	-0.073	-0.028	0.302	0.535	"5"
"机制"	0	0	1	0	0	0.142	0.142	0.154	0.063	0.499	-0.066	-0.066	0.812	-0.028	-0.3	1.272	"3"
"基础"	1	0	1	0	2	0.566	0.568	0.617	0.253	1.996	0.34	-0.266	0.312	-0.114	0.164	1.196	"1"
"及"	0	0	1	0	2	0.425	0.426	0.462	0.19	1.497	-0.199	-0.199	0.404	-0.085	0.302	1.189	"3"
"及格"	0	0	0	0	1	0.142	0.142	0.154	0.063	0.499	-0.066	-0.066	-0.073	-0.028	0.302	0.535	"5"
"及其"	0	0	1	0	0	0.142	0.142	0.154	0.063	0.499	-0.066	-0.066	0.812	-0.028	-0.3	1.272	"3"
"急于"	0	0	0	0	1	0.142	0.142	0.154	0.063	0.499	-0.066	-0.066	-0.073	-0.028	0.302	0.535	"5"
"集体"	0	0	1	0	2	0.425	0.426	0.462	0.19	1.497	-0.199	-0.199	0.404	-0.085	0.302	1.189	"3"
"集团"	0	0	0	0	2	0.283	0.284	0.308	0.127	0.998	-0.133	-0.133	-0.145	-0.057	0.604	1.072	"5"
"几千"	0	0	0	0	1	0.142	0.142	0.154	0.063	0.499	-0.066	-0.066	-0.073	-0.028	0.302	0.535	"5"
"记黄埔"	1	0	0	0	0	0.142	0.142	0.154	0.063	0.499	0.849	-0.066	-0.073	-0.028	-0.3	1.316	"1"
"技术合作"	0	1	0	0	3	0.566	0.568	0.617	0.253	1.996	-0.265	0.339	-0.291	-0.114	0.507	1.516	"5"
"寄藏"	0	0	0	1	0	0.142	0.142	0.154	0.063	0.499	-0.066	-0.066	-0.073	1.198	-0.3	1.703	"4"
"加工厂"	1	0	0	0	0	0.142	0.142	0.154	0.063	0.499	0.849	-0.066	-0.073	-0.028	-0.3	1.316	"1"
"加拉卡"	0	0	0	0	1	0.142	0.142	0.154	0.063	0.499	-0.066	-0.066	-0.073	-0.028	0.302	0.535	"5"
"加朗"	1	0	0	0	0	0.142	0.142	0.154	0.063	0.499	0.849	-0.066	-0.073	-0.028	-0.3	1.316	"1"
"加纳"	0	1	0	0	0	0.142	0.142	0.154	0.063	0.499	-0.066	0.848	-0.073	-0.028	-0.3	1.315	"2"
"加入"	0	0	2	0	5	0.991	0.993	1.079	0.443	3.494	-0.464	-0.465	0.53	-0.199	0.648	2.306	"5"
"加沙"	1	0	0	0	1	0.283	0.284	0.308	0.127	0.998	0.58	-0.133	-0.145	-0.057	0.125	1.04	"1"
"间"	0	0	0	0	2	0.283	0.284	0.308	0.127	0.998	-0.133	-0.133	-0.145	-0.057	0.604	1.072	"5"
"监督"	0	0	0	0	3	0.425	0.426	0.462	0.19	1.497	-0.199	-0.199	-0.218	-0.085	0.906	1.607	"5"
"建造"	0	0	0	0	1	0.142	0.142	0.154	0.063	0.499	-0.066	-0.066	-0.073	-0.028	0.302	0.535	"5"
"江门"	0	0	0	0	2	0.283	0.284	0.308	0.127	0.998	-0.133	-0.133	-0.145	-0.057	0.604	1.072	"5"
"交出"	0	0	0	0	2	0.283	0.284	0.308	0.127	0.998	-0.133	-0.133	-0.145	-0.057	0.604	1.072	"5"
"交换"	0	0	0	0	2	0.283	0.284	0.308	0.127	0.998	-0.133	-0.133	-0.145	-0.057	0.604	1.072	"5"
"交易"	0	0	0	0	1	0.142	0.142	0.154	0.063	0.499	-0.066	-0.066	-0.073	-0.028	0.302	0.535	"5"
"交战"	0	1	0	0	0	0.142	0.142	0.154	0.063	0.499	-0.066	0.848	-0.073	-0.028	-0.3	1.315	"2"
"教师法"	1	0	0	0	0	0.142	0.142	0.154	0.063	0.499	0.849	-0.066	-0.073	-0.028	-0.3	1.316	"1"
"杰哈德"	0	0	0	0	1	0.142	0.142	0.154	0.063	0.499	-0.066	-0.066	-0.073	-0.028	0.302	0.535	"5"
"结束"	1	1	0	0	0	0.283	0.284	0.308	0.127	0.998	0.58	0.579	-0.145	-0.057	-0.6	1.961	"5"
"解除"	0	0	0	0	2	0.283	0.284	0.308	0.127	0.998	-0.133	-0.133	-0.145	-0.057	0.604	1.072	"5"
"解约"	0	0	0	0	1	0.142	0.142	0.154	0.063	0.499	-0.066	-0.066	-0.073	-0.028	0.302	0.535	"5"
"届满"	0	0	0	0	1	0.142	0.142	0.154	0.063	0.499	-0.066	-0.066	-0.073	-0.028	0.302	0.535	"5"
"借以"	1	0	0	0	0	0.142	0.142	0.154	0.063	0.499	0.849	-0.066	-0.073	-0.028	-0.3	1.316	"1"
"金"	1	1	0	0	2	0.566	0.568	0.617	0.253	1.996	0.34	0.339	-0.291	-0.114	0.164	1.248	"1"
"金大中"	0	0	0	0	1	0.142	0.142	0.154	0.063	0.499	-0.066	-0.066	-0.073	-0.028	0.302	0.535	"5"
"紧密"	0	0	0	0	1	0.142	0.142	0.154	0.063	0.499	-0.066	-0.066	-0.073	-0.028	0.302	0.535	"5"
"尽管"	0	0	0	0	1	0.142	0.142	0.154	0.063	0.499	-0.066	-0.066	-0.073	-0.028	0.302	0.535	"5"
"尽快"	1	0	2	0	0	0.425	0.426	0.462	0.19	1.497	0.435	-0.199	1.194	-0.085	-0.901	2.814	"3"
"尽早"	0	0	0	0	1	0.142	0.142	0.154	0.063	0.499	-0.066	-0.066	-0.073	-0.028	0.302	0.535	"5"
"进程"	0	0	0	0	1	0.142	0.142	0.154	0.063	0.499	-0.066	-0.066	-0.073	-0.028	0.302	0.535	"5"
"进度"	0	0	0	0	1	0.142	0.142	0.154	0.063	0.499	-0.066	-0.066	-0.073	-0.028	0.302	0.535	"5"
"进攻性"	0	0	5	0	0	0.708	0.71	0.771	0.317	2.495	-0.331	-0.332	4.061	-0.142	-1.501	6.367	"3"
"禁止"	0	0	4	0	1	0.708	0.71	0.771	0.317	2.495	-0.331	-0.332	2.607	-0.142	-0.724	4.136	"3"
"京"	0	1	0	0	0	0.142	0.142	0.154	0.063	0.499	-0.066	0.848	-0.073	-0.028	-0.3	1.315	"2"
"经济"	0	3	0	0	8	1.557	1.561	1.695	0.697	5.49	-0.729	0.705	-0.8	-0.313	0.95	3.497	"5"
"经济部长"	0	1	0	0	0	0.142	0.142	0.154	0.063	0.499	-0.066	0.848	-0.073	-0.028	-0.3	1.315	"2"
"经济区"	0	0	0	0	1	0.142	0.142	0.154	0.063	0.499	-0.066	-0.066	-0.073	-0.028	0.302	0.535	"5"
"经贸"	0	0	0	0	1	0.142	0.142	0.154	0.063	0.499	-0.066	-0.066	-0.073	-0.028	0.302	0.535	"5"
"晶片卡"	1	0	0	0	0	0.142	0.142	0.154	0.063	0.499	0.849	-0.066	-0.073	-0.028	-0.3	1.316	"1"
"精神"	0	0	1	0	1	0.283	0.284	0.308	0.127	0.998	-0.133	-0.133	0.546	-0.057	0.125	0.994	"3"
"景峰"	1	0	0	0	0	0.142	0.142	0.154	0.063	0.499	0.849	-0.066	-0.073	-0.028	-0.3	1.316	"1"
"竞选"	0	1	0	0	1	0.283	0.284	0.308	0.127	0.998	-0.133	0.579	-0.145	-0.057	0.125	1.039	"2"
"静悄悄"	0	0	0	0	1	0.142	0.142	0.154	0.063	0.499	-0.066	-0.066	-0.073	-0.028	0.302	0.535	"5"
"九国"	0	0	0	0	1	0.142	0.142	0.154	0.063	0.499	-0.066	-0.066	-0.073	-0.028	0.302	0.535	"5"
"九三"	0	0	0	0	1	0.142	0.142	0.154	0.063	0.499	-0.066	-0.066	-0.073	-0.028	0.302	0.535	"5"
"九五年"	0	0	0	1	0	0.142	0.142	0.154	0.063	0.499	-0.066	-0.066	-0.073	1.198	-0.3	1.703	"4"
"就此"	1	1	0	0	0	0.283	0.284	0.308	0.127	0.998	0.58	0.579	-0.145	-0.057	-0.6	1.961	"5"
"居次"	0	0	0	0	1	0.142	0.142	0.154	0.063	0.499	-0.066	-0.066	-0.073	-0.028	0.302	0.535	"5"
"拒绝"	0	0	0	1	1	0.283	0.284	0.308	0.127	0.998	-0.133	-0.133	-0.145	0.911	0.125	1.447	"4"
"具体"	0	0	0	0	1	0.142	0.142	0.154	0.063	0.499	-0.066	-0.066	-0.073	-0.028	0.302	0.535	"5"
"具体化"	0	0	0	0	1	0.142	0.142	0.154	0.063	0.499	-0.066	-0.066	-0.073	-0.028	0.302	0.535	"5"
"据报"	1	0	0	1	0	0.283	0.284	0.308	0.127	0.998	0.58	-0.133	-0.145	0.911	-0.6	2.369	"4"
"决定"	0	0	0	0	1	0.142	0.142	0.154	0.063	0.499	-0.066	-0.066	-0.073	-0.028	0.302	0.535	"5"
"决议"	0	0	1	0	1	0.283	0.284	0.308	0.127	0.998	-0.133	-0.133	0.546	-0.057	0.125	0.994	"3"
"军"	0	0	1	0	0	0.142	0.142	0.154	0.063	0.499	-0.066	-0.066	0.812	-0.028	-0.3	1.272	"3"
"军火"	0	0	0	0	1	0.142	0.142	0.154	0.063	0.499	-0.066	-0.066	-0.073	-0.028	0.302	0.535	"5"
"军粮城"	0	0	0	1	0	0.142	0.142	0.154	0.063	0.499	-0.066	-0.066	-0.073	1.198	-0.3	1.703	"4"
"军事"	0	4	0	0	3	0.991	0.993	1.079	0.443	3.494	-0.464	2.004	-0.509	-0.199	-0.299	3.475	"2"
"军事区"	1	0	0	0	0	0.142	0.142	0.154	0.063	0.499	0.849	-0.066	-0.073	-0.028	-0.3	1.316	"1"
"喀土穆"	1	0	0	0	0	0.142	0.142	0.154	0.063	0.499	0.849	-0.066	-0.073	-0.028	-0.3	1.316	"1"
"卡察夫"	0	0	0	0	1	0.142	0.142	0.154	0.063	0.499	-0.066	-0.066	-0.073	-0.028	0.302	0.535	"5"
"卡萨"	0	0	0	0	1	0.142	0.142	0.154	0.063	0.499	-0.066	-0.066	-0.073	-0.028	0.302	0.535	"5"
"开城"	1	0	0	0	0	0.142	0.142	0.154	0.063	0.499	0.849	-0.066	-0.073	-0.028	-0.3	1.316	"1"
"开放"	0	0	0	0	2	0.283	0.284	0.308	0.127	0.998	-0.133	-0.133	-0.145	-0.057	0.604	1.072	"5"
"开放性"	0	0	0	0	1	0.142	0.142	0.154	0.063	0.499	-0.066	-0.066	-0.073	-0.028	0.302	0.535	"5"
"开放政策"	0	0	0	0	1	0.142	0.142	0.154	0.063	0.499	-0.066	-0.066	-0.073	-0.028	0.302	0.535	"5"
"开罗"	1	0	0	0	0	0.142	0.142	0.154	0.063	0.499	0.849	-0.066	-0.073	-0.028	-0.3	1.316	"1"
"看作"	0	0	0	0	1	0.142	0.142	0.154	0.063	0.499	-0.066	-0.066	-0.073	-0.028	0.302	0.535	"5"
"科"	0	1	0	0	0	0.142	0.142	0.154	0.063	0.499	-0.066	0.848	-0.073	-0.028	-0.3	1.315	"2"
"科技园"	0	0	0	1	0	0.142	0.142	0.154	0.063	0.499	-0.066	-0.066	-0.073	1.198	-0.3	1.703	"4"
"科特迪"	0	0	0	0	1	0.142	0.142	0.154	0.063	0.499	-0.066	-0.066	-0.073	-0.028	0.302	0.535	"5"
"科员"	0	0	0	0	1	0.142	0.142	0.154	0.063	0.499	-0.066	-0.066	-0.073	-0.028	0.302	0.535	"5"
"可行性"	0	0	0	1	0	0.142	0.142	0.154	0.063	0.499	-0.066	-0.066	-0.073	1.198	-0.3	1.703	"4"
"可望"	0	0	0	0	1	0.142	0.142	0.154	0.063	0.499	-0.066	-0.066	-0.073	-0.028	0.302	0.535	"5"
"克林顿"	1	0	0	0	1	0.283	0.284	0.308	0.127	0.998	0.58	-0.133	-0.145	-0.057	0.125	1.04	"1"
"恪守"	0	0	0	0	1	0.142	0.142	0.154	0.063	0.499	-0.066	-0.066	-0.073	-0.028	0.302	0.535	"5"
"课税"	0	0	0	0	1	0.142	0.142	0.154	0.063	0.499	-0.066	-0.066	-0.073	-0.028	0.302	0.535	"5"
"空防"	0	0	0	0	1	0.142	0.142	0.154	0.063	0.499	-0.066	-0.066	-0.073	-0.028	0.302	0.535	"5"
"空难"	1	0	0	0	0	0.142	0.142	0.154	0.063	0.499	0.849	-0.066	-0.073	-0.028	-0.3	1.316	"1"
"口头"	1	0	0	0	1	0.283	0.284	0.308	0.127	0.998	0.58	-0.133	-0.145	-0.057	0.125	1.04	"1"
"跨国"	0	0	1	0	0	0.142	0.142	0.154	0.063	0.499	-0.066	-0.066	0.812	-0.028	-0.3	1.272	"3"
"跨越"	0	0	1	0	0	0.142	0.142	0.154	0.063	0.499	-0.066	-0.066	0.812	-0.028	-0.3	1.272	"3"
"快讯"	1	0	0	0	0	0.142	0.142	0.154	0.063	0.499	0.849	-0.066	-0.073	-0.028	-0.3	1.316	"1"
"框架"	1	2	2	1	3	1.274	1.277	1.387	0.57	4.492	-0.201	0.429	0.382	0.351	-0.592	1.955	"5"
"扩大"	0	0	0	0	1	0.142	0.142	0.154	0.063	0.499	-0.066	-0.066	-0.073	-0.028	0.302	0.535	"5"
"扩散"	0	0	2	0	3	0.708	0.71	0.771	0.317	2.495	-0.331	-0.332	0.763	-0.142	0.303	1.871	"3"
"扩展"	0	0	0	0	2	0.283	0.284	0.308	0.127	0.998	-0.133	-0.133	-0.145	-0.057	0.604	1.072	"5"
"拉哥斯"	0	0	0	0	1	0.142	0.142	0.154	0.063	0.499	-0.066	-0.066	-0.073	-0.028	0.302	0.535	"5"
"拉马丹"	0	0	0	1	0	0.142	0.142	0.154	0.063	0.499	-0.066	-0.066	-0.073	1.198	-0.3	1.703	"4"
"拉美"	0	0	0	0	1	0.142	0.142	0.154	0.063	0.499	-0.066	-0.066	-0.073	-0.028	0.302	0.535	"5"
"铼德"	0	0	0	0	1	0.142	0.142	0.154	0.063	0.499	-0.066	-0.066	-0.073	-0.028	0.302	0.535	"5"
"劳务"	0	0	0	0	1	0.142	0.142	0.154	0.063	0.499	-0.066	-0.066	-0.073	-0.028	0.302	0.535	"5"
"劳资"	0	0	0	0	1	0.142	0.142	0.154	0.063	0.499	-0.066	-0.066	-0.073	-0.028	0.302	0.535	"5"
"类似"	0	1	0	0	1	0.283	0.284	0.308	0.127	0.998	-0.133	0.579	-0.145	-0.057	0.125	1.039	"2"
"冷战"	0	0	0	0	1	0.142	0.142	0.154	0.063	0.499	-0.066	-0.066	-0.073	-0.028	0.302	0.535	"5"
"离婚"	0	0	0	0	1	0.142	0.142	0.154	0.063	0.499	-0.066	-0.066	-0.073	-0.028	0.302	0.535	"5"
"离开"	0	0	0	0	1	0.142	0.142	0.154	0.063	0.499	-0.066	-0.066	-0.073	-0.028	0.302	0.535	"5"
"离职"	0	0	0	0	1	0.142	0.142	0.154	0.063	0.499	-0.066	-0.066	-0.073	-0.028	0.302	0.535	"5"
"李康"	0	0	0	0	1	0.142	0.142	0.154	0.063	0.499	-0.066	-0.066	-0.073	-0.028	0.302	0.535	"5"
"李玟"	0	0	0	0	2	0.283	0.284	0.308	0.127	0.998	-0.133	-0.133	-0.145	-0.057	0.604	1.072	"5"
"李萨尔"	0	0	0	0	1	0.142	0.142	0.154	0.063	0.499	-0.066	-0.066	-0.073	-0.028	0.302	0.535	"5"
"李淑仪"	0	1	0	0	0	0.142	0.142	0.154	0.063	0.499	-0.066	0.848	-0.073	-0.028	-0.3	1.315	"2"
"李铁"	2	0	0	0	0	0.283	0.284	0.308	0.127	0.998	1.698	-0.133	-0.145	-0.057	-0.6	2.633	"1"
"理事会"	0	0	0	0	2	0.283	0.284	0.308	0.127	0.998	-0.133	-0.133	-0.145	-0.057	0.604	1.072	"5"
"立场"	0	0	1	0	1	0.283	0.284	0.308	0.127	0.998	-0.133	-0.133	0.546	-0.057	0.125	0.994	"3"
"利比"	2	0	0	0	0	0.283	0.284	0.308	0.127	0.998	1.698	-0.133	-0.145	-0.057	-0.6	2.633	"1"
"利比里亚"	0	0	0	0	1	0.142	0.142	0.154	0.063	0.499	-0.066	-0.066	-0.073	-0.028	0.302	0.535	"5"
"利比亚"	3	0	0	0	0	0.425	0.426	0.462	0.19	1.497	2.547	-0.199	-0.218	-0.085	-0.901	3.95	"1"
"联大"	0	0	2	0	0	0.283	0.284	0.308	0.127	0.998	-0.133	-0.133	1.624	-0.057	-0.6	2.547	"3"
"联队"	0	0	0	0	1	0.142	0.142	0.154	0.063	0.499	-0.066	-0.066	-0.073	-0.028	0.302	0.535	"5"
"联合"	0	0	1	0	1	0.283	0.284	0.308	0.127	0.998	-0.133	-0.133	0.546	-0.057	0.125	0.994	"3"
"联合国"	0	0	4	0	4	1.132	1.135	1.233	0.507	3.993	-0.53	-0.532	1.63	-0.227	0.197	3.116	"3"
"联合国安理会"	0	0	0	0	1	0.142	0.142	0.154	0.063	0.499	-0.066	-0.066	-0.073	-0.028	0.302	0.535	"5"
"联盟"	0	1	0	0	4	0.708	0.71	0.771	0.317	2.495	-0.331	0.272	-0.363	-0.142	0.73	1.838	"5"
"联营"	0	0	0	0	5	0.708	0.71	0.771	0.317	2.495	-0.331	-0.332	-0.363	-0.142	1.509	2.677	"5"
"两国"	1	6	1	1	3	1.698	1.703	1.85	0.76	5.989	-0.321	2.458	-0.369	0.264	-1.131	4.543	"2"
"列强"	0	0	1	0	0	0.142	0.142	0.154	0.063	0.499	-0.066	-0.066	0.812	-0.028	-0.3	1.272	"3"
"列入"	0	0	0	0	1	0.142	0.142	0.154	0.063	0.499	-0.066	-0.066	-0.073	-0.028	0.302	0.535	"5"
"列下"	0	1	0	0	0	0.142	0.142	0.154	0.063	0.499	-0.066	0.848	-0.073	-0.028	-0.3	1.315	"2"
"邻国"	0	0	0	0	1	0.142	0.142	0.154	0.063	0.499	-0.066	-0.066	-0.073	-0.028	0.302	0.535	"5"
"林信义"	0	0	0	0	1	0.142	0.142	0.154	0.063	0.499	-0.066	-0.066	-0.073	-0.028	0.302	0.535	"5"
"灵骨塔位"	0	1	0	0	0	0.142	0.142	0.154	0.063	0.499	-0.066	0.848	-0.073	-0.028	-0.3	1.315	"2"
"零附件"	0	0	0	0	1	0.142	0.142	0.154	0.063	0.499	-0.066	-0.066	-0.073	-0.028	0.302	0.535	"5"
"领事"	0	0	0	0	1	0.142	0.142	0.154	0.063	0.499	-0.066	-0.066	-0.073	-0.028	0.302	0.535	"5"
"流行风"	0	0	0	0	1	0.142	0.142	0.154	0.063	0.499	-0.066	-0.066	-0.073	-0.028	0.302	0.535	"5"
"流亡"	0	0	0	0	1	0.142	0.142	0.154	0.063	0.499	-0.066	-0.066	-0.073	-0.028	0.302	0.535	"5"
"六千五百多万"	1	0	0	0	0	0.142	0.142	0.154	0.063	0.499	0.849	-0.066	-0.073	-0.028	-0.3	1.316	"1"
"龙华"	0	1	0	0	0	0.142	0.142	0.154	0.063	0.499	-0.066	0.848	-0.073	-0.028	-0.3	1.315	"2"
"卢萨卡"	0	0	0	0	2	0.283	0.284	0.308	0.127	0.998	-0.133	-0.133	-0.145	-0.057	0.604	1.072	"5"
"陆地"	0	3	0	0	0	0.425	0.426	0.462	0.19	1.497	-0.199	2.544	-0.218	-0.085	-0.901	3.947	"2"
"洛美"	0	1	0	0	0	0.142	0.142	0.154	0.063	0.499	-0.066	0.848	-0.073	-0.028	-0.3	1.315	"2"
"落实"	1	1	1	0	5	1.132	1.135	1.233	0.507	3.993	-0.165	-0.166	-0.191	-0.227	0.442	1.191	"5"
"吕志翔"	0	0	0	0	1	0.142	0.142	0.154	0.063	0.499	-0.066	-0.066	-0.073	-0.028	0.302	0.535	"5"
"履行"	0	0	0	0	6	0.849	0.851	0.925	0.38	2.994	-0.398	-0.399	-0.436	-0.171	1.811	3.215	"5"
"马德里"	0	0	2	0	0	0.283	0.284	0.308	0.127	0.998	-0.133	-0.133	1.624	-0.057	-0.6	2.547	"3"
"马尔库西"	0	2	0	0	1	0.425	0.426	0.462	0.19	1.497	-0.199	1.262	-0.218	-0.085	-0.3	2.064	"2"
"马福"	0	0	0	0	1	0.142	0.142	0.154	0.063	0.499	-0.066	-0.066	-0.073	-0.028	0.302	0.535	"5"
"马国"	0	0	0	0	1	0.142	0.142	0.154	0.063	0.499	-0.066	-0.066	-0.073	-0.028	0.302	0.535	"5"
"马哈迪"	0	0	0	0	2	0.283	0.284	0.308	0.127	0.998	-0.133	-0.133	-0.145	-0.057	0.604	1.072	"5"
"马来西亚"	0	1	0	0	0	0.142	0.142	0.154	0.063	0.499	-0.066	0.848	-0.073	-0.028	-0.3	1.315	"2"
"马尾"	0	0	0	1	0	0.142	0.142	0.154	0.063	0.499	-0.066	-0.066	-0.073	1.198	-0.3	1.703	"4"
"迈出"	0	0	0	0	1	0.142	0.142	0.154	0.063	0.499	-0.066	-0.066	-0.073	-0.028	0.302	0.535	"5"
"曼联"	0	0	0	0	1	0.142	0.142	0.154	0.063	0.499	-0.066	-0.066	-0.073	-0.028	0.302	0.535	"5"
"冒险"	0	0	0	1	0	0.142	0.142	0.154	0.063	0.499	-0.066	-0.066	-0.073	1.198	-0.3	1.703	"4"
"贸"	0	0	0	0	1	0.142	0.142	0.154	0.063	0.499	-0.066	-0.066	-0.073	-0.028	0.302	0.535	"5"
"贸协定"	0	0	0	0	1	0.142	0.142	0.154	0.063	0.499	-0.066	-0.066	-0.073	-0.028	0.302	0.535	"5"
"贸易"	2	0	1	2	30	4.954	4.967	5.395	2.217	17.468	-0.959	-2.326	-1.676	-0.21	4.972	10.143	"5"
"贸易组"	1	0	0	0	0	0.142	0.142	0.154	0.063	0.499	0.849	-0.066	-0.073	-0.028	-0.3	1.316	"1"
"没有"	0	0	0	0	4	0.566	0.568	0.617	0.253	1.996	-0.265	-0.266	-0.291	-0.114	1.207	2.143	"5"
"煤钢"	0	0	0	0	1	0.142	0.142	0.154	0.063	0.499	-0.066	-0.066	-0.073	-0.028	0.302	0.535	"5"
"美"	0	0	1	0	1	0.283	0.284	0.308	0.127	0.998	-0.133	-0.133	0.546	-0.057	0.125	0.994	"3"
"美俄"	0	0	1	0	0	0.142	0.142	0.154	0.063	0.499	-0.066	-0.066	0.812	-0.028	-0.3	1.272	"3"
"美国"	0	5	0	0	3	1.132	1.135	1.233	0.507	3.993	-0.53	2.655	-0.582	-0.227	-0.437	4.431	"2"
"美韩"	0	0	0	0	1	0.142	0.142	0.154	0.063	0.499	-0.066	-0.066	-0.073	-0.028	0.302	0.535	"5"
"美军"	1	1	0	0	0	0.283	0.284	0.308	0.127	0.998	0.58	0.579	-0.145	-0.057	-0.6	1.961	"5"
"美商"	0	0	0	0	1	0.142	0.142	0.154	0.063	0.499	-0.066	-0.066	-0.073	-0.028	0.302	0.535	"5"
"美英利"	1	0	0	0	0	0.142	0.142	0.154	0.063	0.499	0.849	-0.066	-0.073	-0.028	-0.3	1.316	"1"
"美元"	0	0	0	0	3	0.425	0.426	0.462	0.19	1.497	-0.199	-0.199	-0.218	-0.085	0.906	1.607	"5"
"门户"	0	0	0	0	1	0.142	0.142	0.154	0.063	0.499	-0.066	-0.066	-0.073	-0.028	0.302	0.535	"5"
"蒙古国"	0	0	0	0	1	0.142	0.142	0.154	0.063	0.499	-0.066	-0.066	-0.073	-0.028	0.302	0.535	"5"
"蒙特利"	0	0	0	0	1	0.142	0.142	0.154	0.063	0.499	-0.066	-0.066	-0.073	-0.028	0.302	0.535	"5"
"蒙特娄"	0	0	0	0	1	0.142	0.142	0.154	0.063	0.499	-0.066	-0.066	-0.073	-0.028	0.302	0.535	"5"
"盟"	0	1	0	0	1	0.283	0.284	0.308	0.127	0.998	-0.133	0.579	-0.145	-0.057	0.125	1.039	"2"
"秘密"	1	1	0	0	0	0.283	0.284	0.308	0.127	0.998	0.58	0.579	-0.145	-0.057	-0.6	1.961	"5"
"秘书处"	0	0	1	0	0	0.142	0.142	0.154	0.063	0.499	-0.066	-0.066	0.812	-0.028	-0.3	1.272	"3"
"免"	0	1	0	0	0	0.142	0.142	0.154	0.063	0.499	-0.066	0.848	-0.073	-0.028	-0.3	1.315	"2"
"免费"	0	0	0	0	1	0.142	0.142	0.154	0.063	0.499	-0.066	-0.066	-0.073	-0.028	0.302	0.535	"5"
"渺茫"	1	0	0	0	0	0.142	0.142	0.154	0.063	0.499	0.849	-0.066	-0.073	-0.028	-0.3	1.316	"1"
"明"	0	0	0	1	0	0.142	0.142	0.154	0.063	0.499	-0.066	-0.066	-0.073	1.198	-0.3	1.703	"4"
"明确"	0	0	0	1	1	0.283	0.284	0.308	0.127	0.998	-0.133	-0.133	-0.145	0.911	0.125	1.447	"4"
"明知"	0	0	0	0	1	0.142	0.142	0.154	0.063	0.499	-0.066	-0.066	-0.073	-0.028	0.302	0.535	"5"
"莫斯科"	2	1	2	0	0	0.708	0.71	0.771	0.317	2.495	0.826	0.272	0.763	-0.142	-1.501	3.504	"5"
"墨西哥"	1	0	0	0	2	0.425	0.426	0.462	0.19	1.497	0.435	-0.199	-0.218	-0.085	0.302	1.239	"1"
"目的"	1	0	0	0	1	0.283	0.284	0.308	0.127	0.998	0.58	-0.133	-0.145	-0.057	0.125	1.04	"1"
"目前星"	0	0	0	1	0	0.142	0.142	0.154	0.063	0.499	-0.066	-0.066	-0.073	1.198	-0.3	1.703	"4"
"睦邻"	0	0	1	0	0	0.142	0.142	0.154	0.063	0.499	-0.066	-0.066	0.812	-0.028	-0.3	1.272	"3"
"那么"	0	0	0	0	1	0.142	0.142	0.154	0.063	0.499	-0.066	-0.066	-0.073	-0.028	0.302	0.535	"5"
"南共体"	0	0	0	0	1	0.142	0.142	0.154	0.063	0.499	-0.066	-0.066	-0.073	-0.028	0.302	0.535	"5"
"南韩"	2	0	0	0	1	0.425	0.426	0.462	0.19	1.497	1.264	-0.199	-0.218	-0.085	-0.3	2.066	"1"
"南极"	0	0	1	0	0	0.142	0.142	0.154	0.063	0.499	-0.066	-0.066	0.812	-0.028	-0.3	1.272	"3"
"南京"	0	0	1	0	0	0.142	0.142	0.154	0.063	0.499	-0.066	-0.066	0.812	-0.028	-0.3	1.272	"3"
"难民"	1	0	0	0	0	0.142	0.142	0.154	0.063	0.499	0.849	-0.066	-0.073	-0.028	-0.3	1.316	"1"
"瑙鲁"	0	0	1	0	0	0.142	0.142	0.154	0.063	0.499	-0.066	-0.066	0.812	-0.028	-0.3	1.272	"3"
"内"	1	0	0	0	2	0.425	0.426	0.462	0.19	1.497	0.435	-0.199	-0.218	-0.085	0.302	1.239	"1"
"内容"	0	1	0	0	7	1.132	1.135	1.233	0.507	3.993	-0.53	-0.166	-0.582	-0.227	1.459	2.964	"5"
"能源"	0	2	1	0	1	0.566	0.568	0.617	0.253	1.996	-0.265	1.004	0.312	-0.114	-0.503	2.198	"2"
"年"	0	0	0	0	6	0.849	0.851	0.925	0.38	2.994	-0.398	-0.399	-0.436	-0.171	1.811	3.215	"5"
"年薪"	0	0	0	0	1	0.142	0.142	0.154	0.063	0.499	-0.066	-0.066	-0.073	-0.028	0.302	0.535	"5"
"农产品"	0	0	0	0	1	0.142	0.142	0.154	0.063	0.499	-0.066	-0.066	-0.073	-0.028	0.302	0.535	"5"
"农业"	0	1	0	0	0	0.142	0.142	0.154	0.063	0.499	-0.066	0.848	-0.073	-0.028	-0.3	1.315	"2"
"欧盟"	2	1	2	0	6	1.557	1.561	1.695	0.697	5.49	0.323	-0.281	0.281	-0.313	0.303	1.501	"1"
"欧亚"	0	0	0	0	1	0.142	0.142	0.154	0.063	0.499	-0.066	-0.066	-0.073	-0.028	0.302	0.535	"5"
"欧洲"	0	1	0	0	3	0.566	0.568	0.617	0.253	1.996	-0.265	0.339	-0.291	-0.114	0.507	1.516	"5"
"欧洲人权"	0	1	0	0	0	0.142	0.142	0.154	0.063	0.499	-0.066	0.848	-0.073	-0.028	-0.3	1.315	"2"
"派别"	0	0	0	0	3	0.425	0.426	0.462	0.19	1.497	-0.199	-0.199	-0.218	-0.085	0.906	1.607	"5"
"陪读"	0	0	0	0	1	0.142	0.142	0.154	0.063	0.499	-0.066	-0.066	-0.073	-0.028	0.302	0.535	"5"
"赔偿"	2	0	0	0	1	0.425	0.426	0.462	0.19	1.497	1.264	-0.199	-0.218	-0.085	-0.3	2.066	"1"
"批准"	0	0	4	0	2	0.849	0.851	0.925	0.38	2.994	-0.398	-0.399	2.186	-0.171	-0.462	3.616	"3"
"偏袒"	0	0	0	0	1	0.142	0.142	0.154	0.063	0.499	-0.066	-0.066	-0.073	-0.028	0.302	0.535	"5"
"片面"	1	0	0	0	0	0.142	0.142	0.154	0.063	0.499	0.849	-0.066	-0.073	-0.028	-0.3	1.316	"1"
"平"	0	0	1	0	0	0.142	0.142	0.154	0.063	0.499	-0.066	-0.066	0.812	-0.028	-0.3	1.272	"3"
"平等"	0	0	1	1	0	0.283	0.284	0.308	0.127	0.998	-0.133	-0.133	0.546	0.911	-0.6	2.323	"4"
"平壤"	0	0	0	1	0	0.142	0.142	0.154	0.063	0.499	-0.066	-0.066	-0.073	1.198	-0.3	1.703	"4"
"平息"	1	0	0	0	0	0.142	0.142	0.154	0.063	0.499	0.849	-0.066	-0.073	-0.028	-0.3	1.316	"1"
"坡"	0	1	0	0	0	0.142	0.142	0.154	0.063	0.499	-0.066	0.848	-0.073	-0.028	-0.3	1.315	"2"
"破坏"	1	0	1	0	1	0.425	0.426	0.462	0.19	1.497	0.435	-0.199	0.404	-0.085	-0.3	1.423	"1"
"蒲"	0	0	0	1	0	0.142	0.142	0.154	0.063	0.499	-0.066	-0.066	-0.073	1.198	-0.3	1.703	"4"
"普京"	0	0	2	0	0	0.283	0.284	0.308	0.127	0.998	-0.133	-0.133	1.624	-0.057	-0.6	2.547	"3"
"期货"	0	0	0	0	1	0.142	0.142	0.154	0.063	0.499	-0.066	-0.066	-0.073	-0.028	0.302	0.535	"5"
"期权"	0	0	0	0	1	0.142	0.142	0.154	0.063	0.499	-0.066	-0.066	-0.073	-0.028	0.302	0.535	"5"
"期限"	0	0	0	1	1	0.283	0.284	0.308	0.127	0.998	-0.133	-0.133	-0.145	0.911	0.125	1.447	"4"
"其它"	0	0	1	0	0	0.142	0.142	0.154	0.063	0.499	-0.066	-0.066	0.812	-0.028	-0.3	1.272	"3"
"奇异"	0	0	0	0	2	0.283	0.284	0.308	0.127	0.998	-0.133	-0.133	-0.145	-0.057	0.604	1.072	"5"
"歧视"	0	0	2	0	0	0.283	0.284	0.308	0.127	0.998	-0.133	-0.133	1.624	-0.057	-0.6	2.547	"3"
"起草"	0	0	0	0	2	0.283	0.284	0.308	0.127	0.998	-0.133	-0.133	-0.145	-0.057	0.604	1.072	"5"
"起码"	0	0	0	0	1	0.142	0.142	0.154	0.063	0.499	-0.066	-0.066	-0.073	-0.028	0.302	0.535	"5"
"起诉"	0	1	0	0	1	0.283	0.284	0.308	0.127	0.998	-0.133	0.579	-0.145	-0.057	0.125	1.039	"2"
"气候"	0	0	3	0	0	0.425	0.426	0.462	0.19	1.497	-0.199	-0.199	2.436	-0.085	-0.901	3.82	"3"
"气象学院"	0	0	0	1	0	0.142	0.142	0.154	0.063	0.499	-0.066	-0.066	-0.073	1.198	-0.3	1.703	"4"
"迄"	0	0	1	0	0	0.142	0.142	0.154	0.063	0.499	-0.066	-0.066	0.812	-0.028	-0.3	1.272	"3"
"契机"	0	0	0	0	1	0.142	0.142	0.154	0.063	0.499	-0.066	-0.066	-0.073	-0.028	0.302	0.535	"5"
"器"	0	0	0	0	1	0.142	0.142	0.154	0.063	0.499	-0.066	-0.066	-0.073	-0.028	0.302	0.535	"5"
"器材商"	0	0	0	0	1	0.142	0.142	0.154	0.063	0.499	-0.066	-0.066	-0.073	-0.028	0.302	0.535	"5"
"洽谈"	1	0	0	0	0	0.142	0.142	0.154	0.063	0.499	0.849	-0.066	-0.073	-0.028	-0.3	1.316	"1"
"签"	0	0	1	0	14	2.123	2.129	2.312	0.95	7.486	-0.994	-0.997	-0.518	-0.426	3.322	6.257	"5"
"签到"	0	0	0	0	1	0.142	0.142	0.154	0.063	0.499	-0.066	-0.066	-0.073	-0.028	0.302	0.535	"5"
"签订"	0	1	0	33	7	5.803	5.818	6.319	2.598	20.462	-2.717	-1.834	-2.981	31.781	-4.875	44.188	"4"
"签定"	1	0	0	0	6	0.991	0.993	1.079	0.443	3.494	0.183	-0.465	-0.509	-0.199	1.208	2.564	"5"
"签署"	1	76	5	0	10	13.021	13.055	14.18	5.829	45.915	-4.889	47.998	-2.546	-2.615	-14.724	72.772	"2"
"签署国"	0	0	0	0	1	0.142	0.142	0.154	0.063	0.499	-0.066	-0.066	-0.073	-0.028	0.302	0.535	"5"
"签下"	0	0	0	0	4	0.566	0.568	0.617	0.253	1.996	-0.265	-0.266	-0.291	-0.114	1.207	2.143	"5"
"签约"	0	1	0	0	1	0.283	0.284	0.308	0.127	0.998	-0.133	0.579	-0.145	-0.057	0.125	1.039	"2"
"签字"	0	0	0	0	5	0.708	0.71	0.771	0.317	2.495	-0.331	-0.332	-0.363	-0.142	1.509	2.677	"5"
"前身"	0	1	0	0	0	0.142	0.142	0.154	0.063	0.499	-0.066	0.848	-0.073	-0.028	-0.3	1.315	"2"
"切断"	0	0	0	0	1	0.142	0.142	0.154	0.063	0.499	-0.066	-0.066	-0.073	-0.028	0.302	0.535	"5"
"切尔西"	0	0	0	0	1	0.142	0.142	0.154	0.063	0.499	-0.066	-0.066	-0.073	-0.028	0.302	0.535	"5"
"侵"	0	0	0	1	0	0.142	0.142	0.154	0.063	0.499	-0.066	-0.066	-0.073	1.198	-0.3	1.703	"4"
"侵犯"	0	0	0	1	0	0.142	0.142	0.154	0.063	0.499	-0.066	-0.066	-0.073	1.198	-0.3	1.703	"4"
"清华大学"	0	1	0	1	0	0.283	0.284	0.308	0.127	0.998	-0.133	0.579	-0.145	0.911	-0.6	2.368	"4"
"球会"	0	0	0	0	1	0.142	0.142	0.154	0.063	0.499	-0.066	-0.066	-0.073	-0.028	0.302	0.535	"5"
"球员"	0	0	0	0	2	0.283	0.284	0.308	0.127	0.998	-0.133	-0.133	-0.145	-0.057	0.604	1.072	"5"
"区域"	0	0	0	0	2	0.283	0.284	0.308	0.127	0.998	-0.133	-0.133	-0.145	-0.057	0.604	1.072	"5"
"取代"	0	0	0	1	0	0.142	0.142	0.154	0.063	0.499	-0.066	-0.066	-0.073	1.198	-0.3	1.703	"4"
"权"	0	0	0	0	1	0.142	0.142	0.154	0.063	0.499	-0.066	-0.066	-0.073	-0.028	0.302	0.535	"5"
"权利"	0	0	3	0	3	0.849	0.851	0.925	0.38	2.994	-0.398	-0.399	1.294	-0.171	0.184	2.446	"3"
"全面"	2	2	2	0	7	1.84	1.845	2.004	0.824	6.488	0.246	0.245	-0.17	-0.37	0.303	1.334	"4"
"全球"	0	0	1	0	1	0.283	0.284	0.308	0.127	0.998	-0.133	-0.133	0.546	-0.057	0.125	0.994	"3"
"确立"	0	0	1	0	1	0.283	0.284	0.308	0.127	0.998	-0.133	-0.133	0.546	-0.057	0.125	0.994	"3"
"群岛"	0	0	0	0	2	0.283	0.284	0.308	0.127	0.998	-0.133	-0.133	-0.145	-0.057	0.604	1.072	"5"
"人大"	0	0	0	0	1	0.142	0.142	0.154	0.063	0.499	-0.066	-0.066	-0.073	-0.028	0.302	0.535	"5"
"人道"	0	0	0	0	1	0.142	0.142	0.154	0.063	0.499	-0.066	-0.066	-0.073	-0.028	0.302	0.535	"5"
"人权"	0	0	0	0	2	0.283	0.284	0.308	0.127	0.998	-0.133	-0.133	-0.145	-0.057	0.604	1.072	"5"
"任何"	2	0	0	1	3	0.849	0.851	0.925	0.38	2.994	0.691	-0.399	-0.436	0.488	0.184	2.198	"1"
"日本国歌"	0	1	0	0	0	0.142	0.142	0.154	0.063	0.499	-0.066	0.848	-0.073	-0.028	-0.3	1.315	"2"
"日方"	0	1	0	0	0	0.142	0.142	0.154	0.063	0.499	-0.066	0.848	-0.073	-0.028	-0.3	1.315	"2"
"日内瓦"	0	0	1	0	1	0.283	0.284	0.308	0.127	0.998	-0.133	-0.133	0.546	-0.057	0.125	0.994	"3"
"日期"	0	0	0	0	1	0.142	0.142	0.154	0.063	0.499	-0.066	-0.066	-0.073	-0.028	0.302	0.535	"5"
"日中"	0	0	0	0	2	0.283	0.284	0.308	0.127	0.998	-0.133	-0.133	-0.145	-0.057	0.604	1.072	"5"
"日中和"	0	0	1	0	0	0.142	0.142	0.154	0.063	0.499	-0.066	-0.066	0.812	-0.028	-0.3	1.272	"3"
"容许"	0	1	0	0	0	0.142	0.142	0.154	0.063	0.499	-0.066	0.848	-0.073	-0.028	-0.3	1.315	"2"
"如果"	0	0	0	0	3	0.425	0.426	0.462	0.19	1.497	-0.199	-0.199	-0.218	-0.085	0.906	1.607	"5"
"若干"	0	0	0	0	1	0.142	0.142	0.154	0.063	0.499	-0.066	-0.066	-0.073	-0.028	0.302	0.535	"5"
"塞"	0	0	0	0	1	0.142	0.142	0.154	0.063	0.499	-0.066	-0.066	-0.073	-0.028	0.302	0.535	"5"
"塞尔维亚"	3	0	0	0	1	0.566	0.568	0.617	0.253	1.996	1.994	-0.266	-0.291	-0.114	-0.503	3.168	"1"
"塞黑"	0	2	0	0	0	0.283	0.284	0.308	0.127	0.998	-0.133	1.696	-0.145	-0.057	-0.6	2.631	"2"
"三国"	1	0	0	0	1	0.283	0.284	0.308	0.127	0.998	0.58	-0.133	-0.145	-0.057	0.125	1.04	"1"
"三万七"	1	0	0	0	0	0.142	0.142	0.154	0.063	0.499	0.849	-0.066	-0.073	-0.028	-0.3	1.316	"1"
"色列"	1	0	0	0	0	0.142	0.142	0.154	0.063	0.499	0.849	-0.066	-0.073	-0.028	-0.3	1.316	"1"
"沙"	0	0	0	0	1	0.142	0.142	0.154	0.063	0.499	-0.066	-0.066	-0.073	-0.028	0.302	0.535	"5"
"沙龙"	0	0	0	0	1	0.142	0.142	0.154	0.063	0.499	-0.066	-0.066	-0.073	-0.028	0.302	0.535	"5"
"沙漠化"	0	0	0	0	1	0.142	0.142	0.154	0.063	0.499	-0.066	-0.066	-0.073	-0.028	0.302	0.535	"5"
"沙姆"	1	0	0	0	0	0.142	0.142	0.154	0.063	0.499	0.849	-0.066	-0.073	-0.028	-0.3	1.316	"1"
"沙伊赫"	1	0	0	0	0	0.142	0.142	0.154	0.063	0.499	0.849	-0.066	-0.073	-0.028	-0.3	1.316	"1"
"商达"	0	0	0	0	1	0.142	0.142	0.154	0.063	0.499	-0.066	-0.066	-0.073	-0.028	0.302	0.535	"5"
"商谈"	0	0	0	0	1	0.142	0.142	0.154	0.063	0.499	-0.066	-0.066	-0.073	-0.028	0.302	0.535	"5"
"商业"	0	0	0	0	1	0.142	0.142	0.154	0.063	0.499	-0.066	-0.066	-0.073	-0.028	0.302	0.535	"5"
"上述"	0	0	0	0	4	0.566	0.568	0.617	0.253	1.996	-0.265	-0.266	-0.291	-0.114	1.207	2.143	"5"
"上限"	0	0	1	0	0	0.142	0.142	0.154	0.063	0.499	-0.066	-0.066	0.812	-0.028	-0.3	1.272	"3"
"尚未"	0	0	0	2	2	0.566	0.568	0.617	0.253	1.996	-0.265	-0.266	-0.291	1.656	0.164	2.642	"4"
"设法"	0	0	0	0	1	0.142	0.142	0.154	0.063	0.499	-0.066	-0.066	-0.073	-0.028	0.302	0.535	"5"
"社会党"	0	0	0	0	1	0.142	0.142	0.154	0.063	0.499	-0.066	-0.066	-0.073	-0.028	0.302	0.535	"5"
"涉及"	0	0	1	0	0	0.142	0.142	0.154	0.063	0.499	-0.066	-0.066	0.812	-0.028	-0.3	1.272	"3"
"身"	0	0	0	0	1	0.142	0.142	0.154	0.063	0.499	-0.066	-0.066	-0.073	-0.028	0.302	0.535	"5"
"身价"	0	0	0	0	1	0.142	0.142	0.154	0.063	0.499	-0.066	-0.066	-0.073	-0.028	0.302	0.535	"5"
"深远"	0	0	0	0	1	0.142	0.142	0.154	0.063	0.499	-0.066	-0.066	-0.073	-0.028	0.302	0.535	"5"
"生产国"	0	0	0	0	2	0.283	0.284	0.308	0.127	0.998	-0.133	-0.133	-0.145	-0.057	0.604	1.072	"5"
"生力军"	0	0	1	0	0	0.142	0.142	0.154	0.063	0.499	-0.066	-0.066	0.812	-0.028	-0.3	1.272	"3"
"生效"	0	0	3	0	7	1.415	1.419	1.541	0.634	4.991	-0.663	-0.665	0.72	-0.284	0.769	3.101	"5"
"声明"	1	1	2	0	2	0.849	0.851	0.925	0.38	2.994	0.222	0.221	0.632	-0.171	-0.462	1.708	"3"
"笙"	0	0	0	0	1	0.142	0.142	0.154	0.063	0.499	-0.066	-0.066	-0.073	-0.028	0.302	0.535	"5"
"胜科"	0	0	0	0	1	0.142	0.142	0.154	0.063	0.499	-0.066	-0.066	-0.073	-0.028	0.302	0.535	"5"
"剩下"	0	0	0	0	1	0.142	0.142	0.154	0.063	0.499	-0.066	-0.066	-0.073	-0.028	0.302	0.535	"5"
"十七日"	1	0	0	0	0	0.142	0.142	0.154	0.063	0.499	0.849	-0.066	-0.073	-0.028	-0.3	1.316	"1"
"石油"	0	0	0	0	1	0.142	0.142	0.154	0.063	0.499	-0.066	-0.066	-0.073	-0.028	0.302	0.535	"5"
"时效"	0	0	0	0	1	0.142	0.142	0.154	0.063	0.499	-0.066	-0.066	-0.073	-0.028	0.302	0.535	"5"
"实施"	1	0	0	2	6	1.274	1.277	1.387	0.57	4.492	-0.201	-0.598	-0.654	0.969	0.598	3.02	"4"
"使得"	0	0	0	0	1	0.142	0.142	0.154	0.063	0.499	-0.066	-0.066	-0.073	-0.028	0.302	0.535	"5"
"使用"	0	0	0	0	3	0.425	0.426	0.462	0.19	1.497	-0.199	-0.199	-0.218	-0.085	0.906	1.607	"5"
"士市"	0	0	0	0	1	0.142	0.142	0.154	0.063	0.499	-0.066	-0.066	-0.073	-0.028	0.302	0.535	"5"
"世界贸易组织"	1	0	0	0	1	0.283	0.284	0.308	0.127	0.998	0.58	-0.133	-0.145	-0.057	0.125	1.04	"1"
"世贸"	0	0	0	0	2	0.283	0.284	0.308	0.127	0.998	-0.133	-0.133	-0.145	-0.057	0.604	1.072	"5"
"世贸组织"	0	0	0	0	2	0.283	0.284	0.308	0.127	0.998	-0.133	-0.133	-0.145	-0.057	0.604	1.072	"5"
"事务署"	0	0	0	0	1	0.142	0.142	0.154	0.063	0.499	-0.066	-0.066	-0.073	-0.028	0.302	0.535	"5"
"事宜"	0	0	0	0	1	0.142	0.142	0.154	0.063	0.499	-0.066	-0.066	-0.073	-0.028	0.302	0.535	"5"
"视"	0	0	0	0	1	0.142	0.142	0.154	0.063	0.499	-0.066	-0.066	-0.073	-0.028	0.302	0.535	"5"
"是否"	0	0	0	0	1	0.142	0.142	0.154	0.063	0.499	-0.066	-0.066	-0.073	-0.028	0.302	0.535	"5"
"适用"	0	0	0	0	1	0.142	0.142	0.154	0.063	0.499	-0.066	-0.066	-0.073	-0.028	0.302	0.535	"5"
"收购"	0	0	0	0	2	0.283	0.284	0.308	0.127	0.998	-0.133	-0.133	-0.145	-0.057	0.604	1.072	"5"
"手机"	0	0	0	0	1	0.142	0.142	0.154	0.063	0.499	-0.066	-0.066	-0.073	-0.028	0.302	0.535	"5"
"受到日"	0	0	0	0	1	0.142	0.142	0.154	0.063	0.499	-0.066	-0.066	-0.073	-0.028	0.302	0.535	"5"
"受害者"	0	0	0	0	1	0.142	0.142	0.154	0.063	0.499	-0.066	-0.066	-0.073	-0.028	0.302	0.535	"5"
"授权"	0	0	0	0	1	0.142	0.142	0.154	0.063	0.499	-0.066	-0.066	-0.073	-0.028	0.302	0.535	"5"
"授信"	0	0	0	0	1	0.142	0.142	0.154	0.063	0.499	-0.066	-0.066	-0.073	-0.028	0.302	0.535	"5"
"署"	0	0	1	0	7	1.132	1.135	1.233	0.507	3.993	-0.53	-0.532	-0.191	-0.227	1.459	2.939	"5"
"束"	1	0	0	0	0	0.142	0.142	0.154	0.063	0.499	0.849	-0.066	-0.073	-0.028	-0.3	1.316	"1"
"双"	0	0	0	1	1	0.283	0.284	0.308	0.127	0.998	-0.133	-0.133	-0.145	0.911	0.125	1.447	"4"
"双边"	1	1	0	3	14	2.689	2.696	2.928	1.204	9.482	-0.643	-0.646	-1.381	0.938	1.506	5.114	"5"
"双方"	12	12	0	5	15	6.227	6.244	6.782	2.788	21.959	1.776	1.768	-3.199	0.841	-1.6	9.184	"3"
"双重"	0	0	0	0	1	0.142	0.142	0.154	0.063	0.499	-0.066	-0.066	-0.073	-0.028	0.302	0.535	"5"
"水供"	0	1	0	0	0	0.142	0.142	0.154	0.063	0.499	-0.066	0.848	-0.073	-0.028	-0.3	1.315	"2"
"说服"	0	0	1	0	0	0.142	0.142	0.154	0.063	0.499	-0.066	-0.066	0.812	-0.028	-0.3	1.272	"3"
"司科员"	0	0	0	0	1	0.142	0.142	0.154	0.063	0.499	-0.066	-0.066	-0.073	-0.028	0.302	0.535	"5"
"斯坦"	0	0	0	0	1	0.142	0.142	0.154	0.063	0.499	-0.066	-0.066	-0.073	-0.028	0.302	0.535	"5"
"撕毁"	0	1	0	0	0	0.142	0.142	0.154	0.063	0.499	-0.066	0.848	-0.073	-0.028	-0.3	1.315	"2"
"宋慧"	0	0	0	0	1	0.142	0.142	0.154	0.063	0.499	-0.066	-0.066	-0.073	-0.028	0.302	0.535	"5"
"苏"	0	0	1	0	0	0.142	0.142	0.154	0.063	0.499	-0.066	-0.066	0.812	-0.028	-0.3	1.272	"3"
"苏丹"	1	0	0	0	0	0.142	0.142	0.154	0.063	0.499	0.849	-0.066	-0.073	-0.028	-0.3	1.316	"1"
"虽"	0	0	0	0	1	0.142	0.142	0.154	0.063	0.499	-0.066	-0.066	-0.073	-0.028	0.302	0.535	"5"
"遂"	0	0	1	0	0	0.142	0.142	0.154	0.063	0.499	-0.066	-0.066	0.812	-0.028	-0.3	1.272	"3"
"损害"	0	0	0	0	1	0.142	0.142	0.154	0.063	0.499	-0.066	-0.066	-0.073	-0.028	0.302	0.535	"5"
"所"	0	0	1	0	0	0.142	0.142	0.154	0.063	0.499	-0.066	-0.066	0.812	-0.028	-0.3	1.272	"3"
"所有"	0	0	0	0	1	0.142	0.142	0.154	0.063	0.499	-0.066	-0.066	-0.073	-0.028	0.302	0.535	"5"
"索罗门"	0	0	0	0	1	0.142	0.142	0.154	0.063	0.499	-0.066	-0.066	-0.073	-0.028	0.302	0.535	"5"
"塔纳"	0	0	0	0	1	0.142	0.142	0.154	0.063	0.499	-0.066	-0.066	-0.073	-0.028	0.302	0.535	"5"
"台澳"	0	0	0	1	0	0.142	0.142	0.154	0.063	0.499	-0.066	-0.066	-0.073	1.198	-0.3	1.703	"4"
"台巴"	0	0	0	0	1	0.142	0.142	0.154	0.063	0.499	-0.066	-0.066	-0.073	-0.028	0.302	0.535	"5"
"台博馆"	0	0	0	1	0	0.142	0.142	0.154	0.063	0.499	-0.066	-0.066	-0.073	1.198	-0.3	1.703	"4"
"台电"	0	0	0	0	2	0.283	0.284	0.308	0.127	0.998	-0.133	-0.133	-0.145	-0.057	0.604	1.072	"5"
"台美馆"	0	0	0	1	0	0.142	0.142	0.154	0.063	0.499	-0.066	-0.066	-0.073	1.198	-0.3	1.703	"4"
"台商"	0	0	0	0	1	0.142	0.142	0.154	0.063	0.499	-0.066	-0.066	-0.073	-0.028	0.302	0.535	"5"
"台协"	0	0	0	0	1	0.142	0.142	0.154	0.063	0.499	-0.066	-0.066	-0.073	-0.028	0.302	0.535	"5"
"泰方"	0	0	0	0	1	0.142	0.142	0.154	0.063	0.499	-0.066	-0.066	-0.073	-0.028	0.302	0.535	"5"
"泰勒"	1	0	0	0	0	0.142	0.142	0.154	0.063	0.499	0.849	-0.066	-0.073	-0.028	-0.3	1.316	"1"
"谈"	0	0	0	0	1	0.142	0.142	0.154	0.063	0.499	-0.066	-0.066	-0.073	-0.028	0.302	0.535	"5"
"谈到"	1	0	0	0	0	0.142	0.142	0.154	0.063	0.499	0.849	-0.066	-0.073	-0.028	-0.3	1.316	"1"
"谈判"	6	1	0	3	1	1.557	1.561	1.695	0.697	5.49	2.709	-0.281	-0.8	1.544	-2.225	7.559	"1"
"坦"	0	0	0	0	2	0.283	0.284	0.308	0.127	0.998	-0.133	-0.133	-0.145	-0.057	0.604	1.072	"5"
"探讨"	0	1	0	0	0	0.142	0.142	0.154	0.063	0.499	-0.066	0.848	-0.073	-0.028	-0.3	1.315	"2"
"汤姆"	0	0	0	0	1	0.142	0.142	0.154	0.063	0.499	-0.066	-0.066	-0.073	-0.028	0.302	0.535	"5"
"天空"	0	0	0	0	1	0.142	0.142	0.154	0.063	0.499	-0.066	-0.066	-0.073	-0.028	0.302	0.535	"5"
"天然气"	0	0	0	0	1	0.142	0.142	0.154	0.063	0.499	-0.066	-0.066	-0.073	-0.028	0.302	0.535	"5"
"条"	0	0	0	0	1	0.142	0.142	0.154	0.063	0.499	-0.066	-0.066	-0.073	-0.028	0.302	0.535	"5"
"条件"	1	0	0	0	1	0.283	0.284	0.308	0.127	0.998	0.58	-0.133	-0.145	-0.057	0.125	1.04	"1"
"条款"	0	0	0	0	6	0.849	0.851	0.925	0.38	2.994	-0.398	-0.399	-0.436	-0.171	1.811	3.215	"5"
"条文"	0	0	0	0	1	0.142	0.142	0.154	0.063	0.499	-0.066	-0.066	-0.073	-0.028	0.302	0.535	"5"
"条约"	0	1	4	1	1	0.991	0.993	1.079	0.443	3.494	-0.464	0.182	1.875	0.435	-1.2	4.156	"3"
"调查员"	0	1	0	0	0	0.142	0.142	0.154	0.063	0.499	-0.066	0.848	-0.073	-0.028	-0.3	1.315	"2"
"调解"	0	1	0	0	0	0.142	0.142	0.154	0.063	0.499	-0.066	0.848	-0.073	-0.028	-0.3	1.315	"2"
"调停"	0	0	0	0	1	0.142	0.142	0.154	0.063	0.499	-0.066	-0.066	-0.073	-0.028	0.302	0.535	"5"
"亭"	0	0	0	1	0	0.142	0.142	0.154	0.063	0.499	-0.066	-0.066	-0.073	1.198	-0.3	1.703	"4"
"停"	1	1	0	1	0	0.425	0.426	0.462	0.19	1.497	0.435	0.434	-0.218	0.749	-0.901	2.737	"5"
"停工"	0	0	0	0	1	0.142	0.142	0.154	0.063	0.499	-0.066	-0.066	-0.073	-0.028	0.302	0.535	"5"
"停火"	7	0	0	0	8	2.123	2.129	2.312	0.95	7.486	2.591	-0.997	-1.09	-0.426	0.304	5.408	"1"
"停战"	1	2	0	3	0	0.849	0.851	0.925	0.38	2.994	0.222	0.689	-0.436	2.357	-1.801	5.505	"4"
"停止"	1	0	0	0	0	0.142	0.142	0.154	0.063	0.499	0.849	-0.066	-0.073	-0.028	-0.3	1.316	"1"
"通过"	0	0	2	0	2	0.566	0.568	0.617	0.253	1.996	-0.265	-0.266	0.94	-0.114	0.164	1.749	"3"
"通航"	0	0	0	0	1	0.142	0.142	0.154	0.063	0.499	-0.066	-0.066	-0.073	-0.028	0.302	0.535	"5"
"通知"	0	0	0	0	1	0.142	0.142	0.154	0.063	0.499	-0.066	-0.066	-0.073	-0.028	0.302	0.535	"5"
"同"	1	2	0	0	0	0.425	0.426	0.462	0.19	1.497	0.435	1.262	-0.218	-0.085	-0.901	2.901	"2"
"同等"	0	0	0	0	1	0.142	0.142	0.154	0.063	0.499	-0.066	-0.066	-0.073	-0.028	0.302	0.535	"5"
"同意"	2	3	0	0	1	0.849	0.851	0.925	0.38	2.994	0.691	1.388	-0.436	-0.171	-0.958	3.644	"2"
"童工"	0	0	1	0	0	0.142	0.142	0.154	0.063	0.499	-0.066	-0.066	0.812	-0.028	-0.3	1.272	"3"
"投资"	0	1	0	1	2	0.566	0.568	0.617	0.253	1.996	-0.265	0.339	-0.291	0.638	0.164	1.697	"4"
"透过"	0	0	0	0	1	0.142	0.142	0.154	0.063	0.499	-0.066	-0.066	-0.073	-0.028	0.302	0.535	"5"
"突尼斯"	1	0	0	0	0	0.142	0.142	0.154	0.063	0.499	0.849	-0.066	-0.073	-0.028	-0.3	1.316	"1"
"突破性"	0	0	0	0	1	0.142	0.142	0.154	0.063	0.499	-0.066	-0.066	-0.073	-0.028	0.302	0.535	"5"
"土耳其"	0	0	0	0	1	0.142	0.142	0.154	0.063	0.499	-0.066	-0.066	-0.073	-0.028	0.302	0.535	"5"
"推动"	0	0	0	0	2	0.283	0.284	0.308	0.127	0.998	-0.133	-0.133	-0.145	-0.057	0.604	1.072	"5"
"退出"	0	0	0	0	2	0.283	0.284	0.308	0.127	0.998	-0.133	-0.133	-0.145	-0.057	0.604	1.072	"5"
"妥协"	0	0	0	0	1	0.142	0.142	0.154	0.063	0.499	-0.066	-0.066	-0.073	-0.028	0.302	0.535	"5"
"瓦全国"	0	0	0	0	1	0.142	0.142	0.154	0.063	0.499	-0.066	-0.066	-0.073	-0.028	0.302	0.535	"5"
"外交"	0	0	1	0	0	0.142	0.142	0.154	0.063	0.499	-0.066	-0.066	0.812	-0.028	-0.3	1.272	"3"
"外空"	0	0	1	0	0	0.142	0.142	0.154	0.063	0.499	-0.066	-0.066	0.812	-0.028	-0.3	1.272	"3"
"完成"	0	0	0	0	1	0.142	0.142	0.154	0.063	0.499	-0.066	-0.066	-0.073	-0.028	0.302	0.535	"5"
"完整"	0	0	0	0	1	0.142	0.142	0.154	0.063	0.499	-0.066	-0.066	-0.073	-0.028	0.302	0.535	"5"
"王曼娜"	0	0	0	0	1	0.142	0.142	0.154	0.063	0.499	-0.066	-0.066	-0.073	-0.028	0.302	0.535	"5"
"威伊河"	0	0	0	1	0	0.142	0.142	0.154	0.063	0.499	-0.066	-0.066	-0.073	1.198	-0.3	1.703	"4"
"为期"	0	1	0	0	2	0.425	0.426	0.462	0.19	1.497	-0.199	0.434	-0.218	-0.085	0.302	1.238	"2"
"违反"	0	0	1	0	4	0.708	0.71	0.771	0.317	2.495	-0.331	-0.332	0.246	-0.142	0.73	1.781	"5"
"维护"	0	0	1	0	0	0.142	0.142	0.154	0.063	0.499	-0.066	-0.066	0.812	-0.028	-0.3	1.272	"3"
"维权"	0	0	0	0	1	0.142	0.142	0.154	0.063	0.499	-0.066	-0.066	-0.073	-0.028	0.302	0.535	"5"
"维也纳"	0	0	1	0	0	0.142	0.142	0.154	0.063	0.499	-0.066	-0.066	0.812	-0.028	-0.3	1.272	"3"
"委内瑞拉"	0	0	0	0	1	0.142	0.142	0.154	0.063	0.499	-0.066	-0.066	-0.073	-0.028	0.302	0.535	"5"
"委托"	0	1	0	0	0	0.142	0.142	0.154	0.063	0.499	-0.066	0.848	-0.073	-0.028	-0.3	1.315	"2"
"未"	3	0	0	1	7	1.557	1.561	1.695	0.697	5.49	0.708	-0.731	-0.8	0.29	0.565	3.094	"3"
"尉健行"	1	0	0	0	0	0.142	0.142	0.154	0.063	0.499	0.849	-0.066	-0.073	-0.028	-0.3	1.316	"1"
"文化"	0	0	1	0	1	0.283	0.284	0.308	0.127	0.998	-0.133	-0.133	0.546	-0.057	0.125	0.994	"3"
"文件"	0	1	0	0	2	0.425	0.426	0.462	0.19	1.497	-0.199	0.434	-0.218	-0.085	0.302	1.238	"2"
"文字"	0	0	0	0	3	0.425	0.426	0.462	0.19	1.497	-0.199	-0.199	-0.218	-0.085	0.906	1.607	"5"
"稳定"	0	0	3	0	0	0.425	0.426	0.462	0.19	1.497	-0.199	-0.199	2.436	-0.085	-0.901	3.82	"3"
"乌克兰"	0	3	2	0	1	0.849	0.851	0.925	0.38	2.994	-0.398	1.388	0.632	-0.171	-0.958	3.547	"2"
"乌兰巴托"	0	0	0	0	1	0.142	0.142	0.154	0.063	0.499	-0.066	-0.066	-0.073	-0.028	0.302	0.535	"5"
"污染物"	0	0	0	0	1	0.142	0.142	0.154	0.063	0.499	-0.066	-0.066	-0.073	-0.028	0.302	0.535	"5"
"无偿"	0	0	0	0	1	0.142	0.142	0.154	0.063	0.499	-0.066	-0.066	-0.073	-0.028	0.302	0.535	"5"
"无法"	0	0	0	0	1	0.142	0.142	0.154	0.063	0.499	-0.066	-0.066	-0.073	-0.028	0.302	0.535	"5"
"无关"	0	0	0	0	1	0.142	0.142	0.154	0.063	0.499	-0.066	-0.066	-0.073	-0.028	0.302	0.535	"5"
"武"	0	0	0	0	1	0.142	0.142	0.154	0.063	0.499	-0.066	-0.066	-0.073	-0.028	0.302	0.535	"5"
"武器"	0	0	9	0	2	1.557	1.561	1.695	0.697	5.49	-0.729	-0.731	5.698	-0.313	-1.479	8.95	"3"
"务必"	0	0	0	0	1	0.142	0.142	0.154	0.063	0.499	-0.066	-0.066	-0.073	-0.028	0.302	0.535	"5"
"西电"	0	0	0	1	0	0.142	0.142	0.154	0.063	0.499	-0.066	-0.066	-0.073	1.198	-0.3	1.703	"4"
"吸烟"	0	0	0	0	1	0.142	0.142	0.154	0.063	0.499	-0.066	-0.066	-0.073	-0.028	0.302	0.535	"5"
"希拉克"	1	0	0	0	0	0.142	0.142	0.154	0.063	0.499	0.849	-0.066	-0.073	-0.028	-0.3	1.316	"1"
"系列"	0	0	0	0	2	0.283	0.284	0.308	0.127	0.998	-0.133	-0.133	-0.145	-0.057	0.604	1.072	"5"
"夏姆钖克"	1	0	0	0	0	0.142	0.142	0.154	0.063	0.499	0.849	-0.066	-0.073	-0.028	-0.3	1.316	"1"
"先前"	0	1	0	0	0	0.142	0.142	0.154	0.063	0.499	-0.066	0.848	-0.073	-0.028	-0.3	1.315	"2"
"现有"	0	0	0	1	1	0.283	0.284	0.308	0.127	0.998	-0.133	-0.133	-0.145	0.911	0.125	1.447	"4"
"限定"	0	0	0	0	1	0.142	0.142	0.154	0.063	0.499	-0.066	-0.066	-0.073	-0.028	0.302	0.535	"5"
"限制"	0	0	0	0	1	0.142	0.142	0.154	0.063	0.499	-0.066	-0.066	-0.073	-0.028	0.302	0.535	"5"
"宪法"	0	0	0	0	2	0.283	0.284	0.308	0.127	0.998	-0.133	-0.133	-0.145	-0.057	0.604	1.072	"5"
"相关"	0	0	1	0	0	0.142	0.142	0.154	0.063	0.499	-0.066	-0.066	0.812	-0.028	-0.3	1.272	"3"
"相互"	0	0	0	0	1	0.142	0.142	0.154	0.063	0.499	-0.066	-0.066	-0.073	-0.028	0.302	0.535	"5"
"相信"	1	0	0	0	0	0.142	0.142	0.154	0.063	0.499	0.849	-0.066	-0.073	-0.028	-0.3	1.316	"1"
"香港岛"	0	0	1	0	0	0.142	0.142	0.154	0.063	0.499	-0.066	-0.066	0.812	-0.028	-0.3	1.272	"3"
"香烟"	0	0	0	0	2	0.283	0.284	0.308	0.127	0.998	-0.133	-0.133	-0.145	-0.057	0.604	1.072	"5"
"项"	11	7	1	3	27	6.935	6.953	7.552	3.104	24.455	1.109	0.256	-2.565	-0.205	0.553	4.688	"3"
"项目"	0	3	0	2	3	1.132	1.135	1.233	0.507	3.993	-0.53	1.036	-0.582	1.06	-0.437	3.645	"4"
"销毁"	0	0	1	0	0	0.142	0.142	0.154	0.063	0.499	-0.066	-0.066	0.812	-0.028	-0.3	1.272	"3"
"小组"	0	0	1	0	0	0.142	0.142	0.154	0.063	0.499	-0.066	-0.066	0.812	-0.028	-0.3	1.272	"3"
"效"	0	0	0	0	1	0.142	0.142	0.154	0.063	0.499	-0.066	-0.066	-0.073	-0.028	0.302	0.535	"5"
"效力"	0	0	0	1	0	0.142	0.142	0.154	0.063	0.499	-0.066	-0.066	-0.073	1.198	-0.3	1.703	"4"
"协"	0	0	0	0	1	0.142	0.142	0.154	0.063	0.499	-0.066	-0.066	-0.073	-0.028	0.302	0.535	"5"
"协定"	0	5	1	0	6	1.698	1.703	1.85	0.76	5.989	-0.795	1.719	-0.369	-0.341	0.214	3.438	"2"
"协商"	2	0	0	0	1	0.425	0.426	0.462	0.19	1.497	1.264	-0.199	-0.218	-0.085	-0.3	2.066	"1"
"协商会"	0	0	1	0	0	0.142	0.142	0.154	0.063	0.499	-0.066	-0.066	0.812	-0.028	-0.3	1.272	"3"
"协议"	5	11	0	5	16	5.237	5.25	5.703	2.344	18.466	-0.243	1.944	-2.69	1.084	-0.586	6.547	"3"
"协助"	0	1	0	0	2	0.425	0.426	0.462	0.19	1.497	-0.199	0.434	-0.218	-0.085	0.302	1.238	"2"
"携手"	0	0	0	0	1	0.142	0.142	0.154	0.063	0.499	-0.066	-0.066	-0.073	-0.028	0.302	0.535	"5"
"写下来"	1	0	0	0	0	0.142	0.142	0.154	0.063	0.499	0.849	-0.066	-0.073	-0.028	-0.3	1.316	"1"
"卸任"	0	0	0	0	2	0.283	0.284	0.308	0.127	0.998	-0.133	-0.133	-0.145	-0.057	0.604	1.072	"5"
"谢尔"	1	0	0	0	0	0.142	0.142	0.154	0.063	0.499	0.849	-0.066	-0.073	-0.028	-0.3	1.316	"1"
"新"	0	0	0	0	2	0.283	0.284	0.308	0.127	0.998	-0.133	-0.133	-0.145	-0.057	0.604	1.072	"5"
"新股"	0	0	0	0	1	0.142	0.142	0.154	0.063	0.499	-0.066	-0.066	-0.073	-0.028	0.302	0.535	"5"
"新华社"	6	0	0	1	4	1.557	1.561	1.695	0.697	5.49	2.709	-0.731	-0.8	0.29	-0.558	5.088	"1"
"新加"	0	1	0	0	0	0.142	0.142	0.154	0.063	0.499	-0.066	0.848	-0.073	-0.028	-0.3	1.315	"2"
"新加坡"	0	0	0	0	6	0.849	0.851	0.925	0.38	2.994	-0.398	-0.399	-0.436	-0.171	1.811	3.215	"5"
"新美"	0	0	0	0	1	0.142	0.142	0.154	0.063	0.499	-0.066	-0.066	-0.073	-0.028	0.302	0.535	"5"
"新台币"	0	0	0	0	1	0.142	0.142	0.154	0.063	0.499	-0.066	-0.066	-0.073	-0.028	0.302	0.535	"5"
"新闻"	0	0	0	0	12	1.698	1.703	1.85	0.76	5.989	-0.795	-0.798	-0.872	-0.341	3.622	6.428	"5"
"新元"	0	0	0	0	2	0.283	0.284	0.308	0.127	0.998	-0.133	-0.133	-0.145	-0.057	0.604	1.072	"5"
"薪金"	0	0	0	0	1	0.142	0.142	0.154	0.063	0.499	-0.066	-0.066	-0.073	-0.028	0.302	0.535	"5"
"信守"	0	0	0	0	1	0.142	0.142	0.154	0.063	0.499	-0.066	-0.066	-0.073	-0.028	0.302	0.535	"5"
"星期二"	0	0	0	0	1	0.142	0.142	0.154	0.063	0.499	-0.066	-0.066	-0.073	-0.028	0.302	0.535	"5"
"刑事"	0	1	0	0	1	0.283	0.284	0.308	0.127	0.998	-0.133	0.579	-0.145	-0.057	0.125	1.039	"2"
"形式"	0	0	1	0	0	0.142	0.142	0.154	0.063	0.499	-0.066	-0.066	0.812	-0.028	-0.3	1.272	"3"
"兴建"	0	0	0	0	1	0.142	0.142	0.154	0.063	0.499	-0.066	-0.066	-0.073	-0.028	0.302	0.535	"5"
"修订"	0	0	0	0	1	0.142	0.142	0.154	0.063	0.499	-0.066	-0.066	-0.073	-0.028	0.302	0.535	"5"
"修改"	0	0	2	0	1	0.425	0.426	0.462	0.19	1.497	-0.199	-0.199	1.194	-0.085	-0.3	1.977	"3"
"修正"	0	0	0	0	1	0.142	0.142	0.154	0.063	0.499	-0.066	-0.066	-0.073	-0.028	0.302	0.535	"5"
"选择权"	0	0	0	0	2	0.283	0.284	0.308	0.127	0.998	-0.133	-0.133	-0.145	-0.057	0.604	1.072	"5"
"削减"	0	0	5	0	0	0.708	0.71	0.771	0.317	2.495	-0.331	-0.332	4.061	-0.142	-1.501	6.367	"3"
"押金"	0	0	0	1	0	0.142	0.142	0.154	0.063	0.499	-0.066	-0.066	-0.073	1.198	-0.3	1.703	"4"
"芽笼"	0	0	0	0	1	0.142	0.142	0.154	0.063	0.499	-0.066	-0.066	-0.073	-0.028	0.302	0.535	"5"
"亚齐"	1	0	0	0	2	0.425	0.426	0.462	0.19	1.497	0.435	-0.199	-0.218	-0.085	0.302	1.239	"1"
"亚太司"	0	0	0	0	1	0.142	0.142	0.154	0.063	0.499	-0.066	-0.066	-0.073	-0.028	0.302	0.535	"5"
"亚细安"	0	1	0	0	5	0.849	0.851	0.925	0.38	2.994	-0.398	0.221	-0.436	-0.171	0.965	2.191	"5"
"烟害"	0	0	0	0	1	0.142	0.142	0.154	0.063	0.499	-0.066	-0.066	-0.073	-0.028	0.302	0.535	"5"
"烟台"	0	0	0	1	0	0.142	0.142	0.154	0.063	0.499	-0.066	-0.066	-0.073	1.198	-0.3	1.703	"4"
"延缓"	0	1	0	0	0	0.142	0.142	0.154	0.063	0.499	-0.066	0.848	-0.073	-0.028	-0.3	1.315	"2"
"延长"	0	1	0	0	1	0.283	0.284	0.308	0.127	0.998	-0.133	0.579	-0.145	-0.057	0.125	1.039	"2"
"严格"	0	0	0	0	1	0.142	0.142	0.154	0.063	0.499	-0.066	-0.066	-0.073	-0.028	0.302	0.535	"5"
"盐资"	0	0	0	0	1	0.142	0.142	0.154	0.063	0.499	-0.066	-0.066	-0.073	-0.028	0.302	0.535	"5"
"眼见"	0	0	0	0	1	0.142	0.142	0.154	0.063	0.499	-0.066	-0.066	-0.073	-0.028	0.302	0.535	"5"
"验收"	0	0	0	0	1	0.142	0.142	0.154	0.063	0.499	-0.066	-0.066	-0.073	-0.028	0.302	0.535	"5"
"验证"	0	1	0	0	0	0.142	0.142	0.154	0.063	0.499	-0.066	0.848	-0.073	-0.028	-0.3	1.315	"2"
"要么"	2	0	0	0	0	0.283	0.284	0.308	0.127	0.998	1.698	-0.133	-0.145	-0.057	-0.6	2.633	"1"
"要求"	0	0	1	0	2	0.425	0.426	0.462	0.19	1.497	-0.199	-0.199	0.404	-0.085	0.302	1.189	"3"
"耶路撒冷"	1	0	0	0	0	0.142	0.142	0.154	0.063	0.499	0.849	-0.066	-0.073	-0.028	-0.3	1.316	"1"
"业已"	1	0	0	0	0	0.142	0.142	0.154	0.063	0.499	0.849	-0.066	-0.073	-0.028	-0.3	1.316	"1"
"一部分"	0	0	0	0	1	0.142	0.142	0.154	0.063	0.499	-0.066	-0.066	-0.073	-0.028	0.302	0.535	"5"
"一九九八年"	0	0	0	1	0	0.142	0.142	0.154	0.063	0.499	-0.066	-0.066	-0.073	1.198	-0.3	1.703	"4"
"一九九二"	0	0	0	0	1	0.142	0.142	0.154	0.063	0.499	-0.066	-0.066	-0.073	-0.028	0.302	0.535	"5"
"一九九九年"	0	0	0	0	1	0.142	0.142	0.154	0.063	0.499	-0.066	-0.066	-0.073	-0.028	0.302	0.535	"5"
"一九九六年"	1	0	0	0	0	0.142	0.142	0.154	0.063	0.499	0.849	-0.066	-0.073	-0.028	-0.3	1.316	"1"
"一九九五年"	0	2	0	0	0	0.283	0.284	0.308	0.127	0.998	-0.133	1.696	-0.145	-0.057	-0.6	2.631	"2"
"一刻"	1	0	0	0	0	0.142	0.142	0.154	0.063	0.499	0.849	-0.066	-0.073	-0.028	-0.3	1.316	"1"
"一口"	0	0	0	1	0	0.142	0.142	0.154	0.063	0.499	-0.066	-0.066	-0.073	1.198	-0.3	1.703	"4"
"一体"	0	0	0	0	1	0.142	0.142	0.154	0.063	0.499	-0.066	-0.066	-0.073	-0.028	0.302	0.535	"5"
"一亿零五百万"	0	0	0	0	1	0.142	0.142	0.154	0.063	0.499	-0.066	-0.066	-0.073	-0.028	0.302	0.535	"5"
"一致"	2	1	0	0	0	0.425	0.426	0.462	0.19	1.497	1.264	0.434	-0.218	-0.085	-0.901	2.902	"1"
"伊方"	0	0	0	0	1	0.142	0.142	0.154	0.063	0.499	-0.066	-0.066	-0.073	-0.028	0.302	0.535	"5"
"伊朗"	0	1	4	0	1	0.849	0.851	0.925	0.38	2.994	-0.398	0.221	2.186	-0.171	-0.958	3.934	"3"
"伊万诺夫"	1	0	0	0	0	0.142	0.142	0.154	0.063	0.499	0.849	-0.066	-0.073	-0.028	-0.3	1.316	"1"
"依"	0	0	0	0	1	0.142	0.142	0.154	0.063	0.499	-0.066	-0.066	-0.073	-0.028	0.302	0.535	"5"
"依据"	0	0	0	0	1	0.142	0.142	0.154	0.063	0.499	-0.066	-0.066	-0.073	-0.028	0.302	0.535	"5"
"依照"	0	0	0	1	1	0.283	0.284	0.308	0.127	0.998	-0.133	-0.133	-0.145	0.911	0.125	1.447	"4"
"仪式"	0	2	0	0	2	0.566	0.568	0.617	0.253	1.996	-0.265	1.004	-0.291	-0.114	0.164	1.838	"2"
"宜"	1	0	0	0	0	0.142	0.142	0.154	0.063	0.499	0.849	-0.066	-0.073	-0.028	-0.3	1.316	"1"
"遗弃"	0	0	2	0	0	0.283	0.284	0.308	0.127	0.998	-0.133	-0.133	1.624	-0.057	-0.6	2.547	"3"
"以"	0	0	0	0	1	0.142	0.142	0.154	0.063	0.499	-0.066	-0.066	-0.073	-0.028	0.302	0.535	"5"
"以防"	1	0	0	0	0	0.142	0.142	0.154	0.063	0.499	0.849	-0.066	-0.073	-0.028	-0.3	1.316	"1"
"以及"	0	0	0	0	3	0.425	0.426	0.462	0.19	1.497	-0.199	-0.199	-0.218	-0.085	0.906	1.607	"5"
"以色列"	1	0	0	1	7	1.274	1.277	1.387	0.57	4.492	-0.201	-0.598	-0.654	0.351	1.051	2.855	"5"
"以外"	0	0	0	0	1	0.142	0.142	0.154	0.063	0.499	-0.066	-0.066	-0.073	-0.028	0.302	0.535	"5"
"义务"	0	0	0	1	1	0.283	0.284	0.308	0.127	0.998	-0.133	-0.133	-0.145	0.911	0.125	1.447	"4"
"议"	0	0	0	0	1	0.142	0.142	0.154	0.063	0.499	-0.066	-0.066	-0.073	-0.028	0.302	0.535	"5"
"议程"	1	0	0	0	0	0.142	0.142	0.154	0.063	0.499	0.849	-0.066	-0.073	-0.028	-0.3	1.316	"1"
"议定"	0	0	1	0	0	0.142	0.142	0.154	0.063	0.499	-0.066	-0.066	0.812	-0.028	-0.3	1.272	"3"
"议定书"	0	0	3	0	0	0.425	0.426	0.462	0.19	1.497	-0.199	-0.199	2.436	-0.085	-0.901	3.82	"3"
"议会"	0	0	2	0	0	0.283	0.284	0.308	0.127	0.998	-0.133	-0.133	1.624	-0.057	-0.6	2.547	"3"
"意见书"	0	0	0	0	1	0.142	0.142	0.154	0.063	0.499	-0.066	-0.066	-0.073	-0.028	0.302	0.535	"5"
"意向"	0	1	0	0	0	0.142	0.142	0.154	0.063	0.499	-0.066	0.848	-0.073	-0.028	-0.3	1.315	"2"
"意义"	0	0	0	0	1	0.142	0.142	0.154	0.063	0.499	-0.066	-0.066	-0.073	-0.028	0.302	0.535	"5"
"殷琪"	0	0	0	0	1	0.142	0.142	0.154	0.063	0.499	-0.066	-0.066	-0.073	-0.028	0.302	0.535	"5"
"银行团"	1	0	0	0	0	0.142	0.142	0.154	0.063	0.499	0.849	-0.066	-0.073	-0.028	-0.3	1.316	"1"
"引渡"	0	2	0	0	3	0.708	0.71	0.771	0.317	2.495	-0.331	0.824	-0.363	-0.142	0.303	1.963	"2"
"引渡法"	0	0	0	0	1	0.142	0.142	0.154	0.063	0.499	-0.066	-0.066	-0.073	-0.028	0.302	0.535	"5"
"印度"	0	0	0	0	2	0.283	0.284	0.308	0.127	0.998	-0.133	-0.133	-0.145	-0.057	0.604	1.072	"5"
"印俄"	0	0	0	0	1	0.142	0.142	0.154	0.063	0.499	-0.066	-0.066	-0.073	-0.028	0.302	0.535	"5"
"迎春花"	0	1	0	0	0	0.142	0.142	0.154	0.063	0.499	-0.066	0.848	-0.073	-0.028	-0.3	1.315	"2"
"营救"	0	0	1	0	0	0.142	0.142	0.154	0.063	0.499	-0.066	-0.066	0.812	-0.028	-0.3	1.272	"3"
"影响"	0	0	0	0	1	0.142	0.142	0.154	0.063	0.499	-0.066	-0.066	-0.073	-0.028	0.302	0.535	"5"
"应"	2	0	0	0	4	0.849	0.851	0.925	0.38	2.994	0.691	-0.399	-0.436	-0.171	0.466	2.163	"1"
"应当"	0	0	0	0	1	0.142	0.142	0.154	0.063	0.499	-0.066	-0.066	-0.073	-0.028	0.302	0.535	"5"
"硬性"	0	0	0	0	1	0.142	0.142	0.154	0.063	0.499	-0.066	-0.066	-0.073	-0.028	0.302	0.535	"5"
"永久"	0	1	0	0	1	0.283	0.284	0.308	0.127	0.998	-0.133	0.579	-0.145	-0.057	0.125	1.039	"2"
"优惠"	1	0	0	0	1	0.283	0.284	0.308	0.127	0.998	0.58	-0.133	-0.145	-0.057	0.125	1.04	"1"
"友好"	0	0	5	1	3	1.274	1.277	1.387	0.57	4.492	-0.596	-0.598	2.197	0.351	-0.592	4.334	"3"
"有关"	2	2	2	1	14	2.972	2.98	3.237	1.33	10.481	-0.384	-0.386	-0.455	-0.213	1.031	2.469	"5"
"有效性"	0	0	1	0	0	0.142	0.142	0.154	0.063	0.499	-0.066	-0.066	0.812	-0.028	-0.3	1.272	"3"
"有助"	0	0	0	0	1	0.142	0.142	0.154	0.063	0.499	-0.066	-0.066	-0.073	-0.028	0.302	0.535	"5"
"有助于"	0	0	0	0	1	0.142	0.142	0.154	0.063	0.499	-0.066	-0.066	-0.073	-0.028	0.302	0.535	"5"
"有组织犯罪"	0	0	2	0	0	0.283	0.284	0.308	0.127	0.998	-0.133	-0.133	1.624	-0.057	-0.6	2.547	"3"
"于今"	0	1	0	0	0	0.142	0.142	0.154	0.063	0.499	-0.066	0.848	-0.073	-0.028	-0.3	1.315	"2"
"渔业"	0	1	0	0	0	0.142	0.142	0.154	0.063	0.499	-0.066	0.848	-0.073	-0.028	-0.3	1.315	"2"
"渝"	0	2	0	0	0	0.283	0.284	0.308	0.127	0.998	-0.133	1.696	-0.145	-0.057	-0.6	2.631	"2"
"与"	0	0	0	0	13	1.84	1.845	2.004	0.824	6.488	-0.862	-0.864	-0.945	-0.37	3.924	6.965	"5"
"预订"	0	0	0	1	0	0.142	0.142	0.154	0.063	0.499	-0.066	-0.066	-0.073	1.198	-0.3	1.703	"4"
"预料"	0	0	0	0	1	0.142	0.142	0.154	0.063	0.499	-0.066	-0.066	-0.073	-0.028	0.302	0.535	"5"
"遇刺"	0	0	0	0	1	0.142	0.142	0.154	0.063	0.499	-0.066	-0.066	-0.073	-0.028	0.302	0.535	"5"
"元首"	0	0	1	0	0	0.142	0.142	0.154	0.063	0.499	-0.066	-0.066	0.812	-0.028	-0.3	1.272	"3"
"员"	0	0	0	0	1	0.142	0.142	0.154	0.063	0.499	-0.066	-0.066	-0.073	-0.028	0.302	0.535	"5"
"员工"	0	0	0	0	1	0.142	0.142	0.154	0.063	0.499	-0.066	-0.066	-0.073	-0.028	0.302	0.535	"5"
"原油"	0	1	0	0	0	0.142	0.142	0.154	0.063	0.499	-0.066	0.848	-0.073	-0.028	-0.3	1.315	"2"
"原则"	1	0	2	0	4	0.991	0.993	1.079	0.443	3.494	0.183	-0.465	0.53	-0.199	0.303	1.68	"3"
"原则上"	1	0	0	0	0	0.142	0.142	0.154	0.063	0.499	0.849	-0.066	-0.073	-0.028	-0.3	1.316	"1"
"原子能"	0	0	1	0	1	0.283	0.284	0.308	0.127	0.998	-0.133	-0.133	0.546	-0.057	0.125	0.994	"3"
"援助"	0	1	0	0	2	0.425	0.426	0.462	0.19	1.497	-0.199	0.434	-0.218	-0.085	0.302	1.238	"2"
"远"	0	0	0	0	1	0.142	0.142	0.154	0.063	0.499	-0.066	-0.066	-0.073	-0.028	0.302	0.535	"5"
"远期"	0	0	0	0	1	0.142	0.142	0.154	0.063	0.499	-0.066	-0.066	-0.073	-0.028	0.302	0.535	"5"
"远远"	1	0	0	0	0	0.142	0.142	0.154	0.063	0.499	0.849	-0.066	-0.073	-0.028	-0.3	1.316	"1"
"约旦"	0	1	0	0	0	0.142	0.142	0.154	0.063	0.499	-0.066	0.848	-0.073	-0.028	-0.3	1.315	"2"
"约束"	0	0	0	0	1	0.142	0.142	0.154	0.063	0.499	-0.066	-0.066	-0.073	-0.028	0.302	0.535	"5"
"越"	0	1	0	0	0	0.142	0.142	0.154	0.063	0.499	-0.066	0.848	-0.073	-0.028	-0.3	1.315	"2"
"云电送粤"	0	0	0	1	0	0.142	0.142	0.154	0.063	0.499	-0.066	-0.066	-0.073	1.198	-0.3	1.703	"4"
"允许"	1	0	1	0	2	0.566	0.568	0.617	0.253	1.996	0.34	-0.266	0.312	-0.114	0.164	1.196	"1"
"运回"	0	0	0	0	1	0.142	0.142	0.154	0.063	0.499	-0.066	-0.066	-0.073	-0.028	0.302	0.535	"5"
"在"	0	1	0	0	0	0.142	0.142	0.154	0.063	0.499	-0.066	0.848	-0.073	-0.028	-0.3	1.315	"2"
"在内"	0	0	0	0	1	0.142	0.142	0.154	0.063	0.499	-0.066	-0.066	-0.073	-0.028	0.302	0.535	"5"
"早日"	1	0	0	0	1	0.283	0.284	0.308	0.127	0.998	0.58	-0.133	-0.145	-0.057	0.125	1.04	"1"
"造福"	0	1	0	0	0	0.142	0.142	0.154	0.063	0.499	-0.066	0.848	-0.073	-0.028	-0.3	1.315	"2"
"责条款"	0	1	0	0	0	0.142	0.142	0.154	0.063	0.499	-0.066	0.848	-0.073	-0.028	-0.3	1.315	"2"
"增开"	0	0	0	0	1	0.142	0.142	0.154	0.063	0.499	-0.066	-0.066	-0.073	-0.028	0.302	0.535	"5"
"增长"	0	0	3	0	0	0.425	0.426	0.462	0.19	1.497	-0.199	-0.199	2.436	-0.085	-0.901	3.82	"3"
"诈欺罪"	0	0	0	0	1	0.142	0.142	0.154	0.063	0.499	-0.066	-0.066	-0.073	-0.028	0.302	0.535	"5"
"詹"	0	1	0	0	0	0.142	0.142	0.154	0.063	0.499	-0.066	0.848	-0.073	-0.028	-0.3	1.315	"2"
"战略"	0	0	6	0	0	0.849	0.851	0.925	0.38	2.994	-0.398	-0.399	4.873	-0.171	-1.801	7.642	"3"
"张红鹰"	0	0	0	1	0	0.142	0.142	0.154	0.063	0.499	-0.066	-0.066	-0.073	1.198	-0.3	1.703	"4"
"章程"	0	0	1	0	0	0.142	0.142	0.154	0.063	0.499	-0.066	-0.066	0.812	-0.028	-0.3	1.272	"3"
"长达"	1	0	0	0	1	0.283	0.284	0.308	0.127	0.998	0.58	-0.133	-0.145	-0.057	0.125	1.04	"1"
"长期"	0	0	0	0	3	0.425	0.426	0.462	0.19	1.497	-0.199	-0.199	-0.218	-0.085	0.906	1.607	"5"
"招待会"	0	0	1	0	0	0.142	0.142	0.154	0.063	0.499	-0.066	-0.066	0.812	-0.028	-0.3	1.272	"3"
"找寻"	0	1	0	0	0	0.142	0.142	0.154	0.063	0.499	-0.066	0.848	-0.073	-0.028	-0.3	1.315	"2"
"折合"	0	1	0	0	0	0.142	0.142	0.154	0.063	0.499	-0.066	0.848	-0.073	-0.028	-0.3	1.315	"2"
"争取"	0	0	0	0	1	0.142	0.142	0.154	0.063	0.499	-0.066	-0.066	-0.073	-0.028	0.302	0.535	"5"
"争执"	0	0	0	0	1	0.142	0.142	0.154	0.063	0.499	-0.066	-0.066	-0.073	-0.028	0.302	0.535	"5"
"拯救"	1	0	0	0	0	0.142	0.142	0.154	0.063	0.499	0.849	-0.066	-0.073	-0.028	-0.3	1.316	"1"
"正常化"	0	1	0	0	0	0.142	0.142	0.154	0.063	0.499	-0.066	0.848	-0.073	-0.028	-0.3	1.315	"2"
"正式"	0	2	0	0	8	1.415	1.419	1.541	0.634	4.991	-0.663	0.371	-0.727	-0.284	1.267	3.312	"5"
"政治"	0	0	2	0	1	0.425	0.426	0.462	0.19	1.497	-0.199	-0.199	1.194	-0.085	-0.3	1.977	"3"
"証实"	0	0	0	0	1	0.142	0.142	0.154	0.063	0.499	-0.066	-0.066	-0.073	-0.028	0.302	0.535	"5"
"之际"	0	0	0	0	1	0.142	0.142	0.154	0.063	0.499	-0.066	-0.066	-0.073	-0.028	0.302	0.535	"5"
"之间"	2	0	0	0	2	0.566	0.568	0.617	0.253	1.996	1.006	-0.266	-0.291	-0.114	0.164	1.841	"1"
"知识经济"	0	0	0	0	1	0.142	0.142	0.154	0.063	0.499	-0.066	-0.066	-0.073	-0.028	0.302	0.535	"5"
"执行"	2	0	1	0	11	1.981	1.987	2.158	0.887	6.987	0.215	-0.931	-0.467	-0.398	1.549	3.56	"5"
"直"	0	0	0	0	1	0.142	0.142	0.154	0.063	0.499	-0.066	-0.066	-0.073	-0.028	0.302	0.535	"5"
"职能"	0	0	0	0	1	0.142	0.142	0.154	0.063	0.499	-0.066	-0.066	-0.073	-0.028	0.302	0.535	"5"
"旨"	0	1	0	0	2	0.425	0.426	0.462	0.19	1.497	-0.199	0.434	-0.218	-0.085	0.302	1.238	"2"
"纸"	0	0	0	0	2	0.283	0.284	0.308	0.127	0.998	-0.133	-0.133	-0.145	-0.057	0.604	1.072	"5"
"指定"	0	0	0	0	1	0.142	0.142	0.154	0.063	0.499	-0.066	-0.066	-0.073	-0.028	0.302	0.535	"5"
"至今"	0	0	0	0	1	0.142	0.142	0.154	0.063	0.499	-0.066	-0.066	-0.073	-0.028	0.302	0.535	"5"
"制订"	0	0	1	0	1	0.283	0.284	0.308	0.127	0.998	-0.133	-0.133	0.546	-0.057	0.125	0.994	"3"
"制定"	0	0	3	0	0	0.425	0.426	0.462	0.19	1.497	-0.199	-0.199	2.436	-0.085	-0.901	3.82	"3"
"制止"	0	0	0	0	1	0.142	0.142	0.154	0.063	0.499	-0.066	-0.066	-0.073	-0.028	0.302	0.535	"5"
"智慧"	0	0	0	0	1	0.142	0.142	0.154	0.063	0.499	-0.066	-0.066	-0.073	-0.028	0.302	0.535	"5"
"智利"	0	0	0	0	1	0.142	0.142	0.154	0.063	0.499	-0.066	-0.066	-0.073	-0.028	0.302	0.535	"5"
"中东"	1	0	0	0	1	0.283	0.284	0.308	0.127	0.998	0.58	-0.133	-0.145	-0.057	0.125	1.04	"1"
"中俄"	0	3	2	0	1	0.849	0.851	0.925	0.38	2.994	-0.398	1.388	0.632	-0.171	-0.958	3.547	"2"
"中法"	0	1	0	0	0	0.142	0.142	0.154	0.063	0.499	-0.066	0.848	-0.073	-0.028	-0.3	1.315	"2"
"中情局"	0	0	0	1	0	0.142	0.142	0.154	0.063	0.499	-0.066	-0.066	-0.073	1.198	-0.3	1.703	"4"
"中日"	0	0	1	0	0	0.142	0.142	0.154	0.063	0.499	-0.066	-0.066	0.812	-0.028	-0.3	1.272	"3"
"中亚"	0	0	0	0	1	0.142	0.142	0.154	0.063	0.499	-0.066	-0.066	-0.073	-0.028	0.302	0.535	"5"
"中英"	0	0	1	0	0	0.142	0.142	0.154	0.063	0.499	-0.066	-0.066	0.812	-0.028	-0.3	1.272	"3"
"中止"	0	0	0	0	1	0.142	0.142	0.154	0.063	0.499	-0.066	-0.066	-0.073	-0.028	0.302	0.535	"5"
"终于"	1	0	0	0	1	0.283	0.284	0.308	0.127	0.998	0.58	-0.133	-0.145	-0.057	0.125	1.04	"1"
"终止"	0	0	0	0	3	0.425	0.426	0.462	0.19	1.497	-0.199	-0.199	-0.218	-0.085	0.906	1.607	"5"
"种"	0	0	1	0	0	0.142	0.142	0.154	0.063	0.499	-0.066	-0.066	0.812	-0.028	-0.3	1.272	"3"
"种种"	1	0	0	0	1	0.283	0.284	0.308	0.127	0.998	0.58	-0.133	-0.145	-0.057	0.125	1.04	"1"
"种族"	0	0	1	0	0	0.142	0.142	0.154	0.063	0.499	-0.066	-0.066	0.812	-0.028	-0.3	1.272	"3"
"重新"	1	0	0	0	0	0.142	0.142	0.154	0.063	0.499	0.849	-0.066	-0.073	-0.028	-0.3	1.316	"1"
"宙"	0	0	0	0	1	0.142	0.142	0.154	0.063	0.499	-0.066	-0.066	-0.073	-0.028	0.302	0.535	"5"
"朱镕"	0	0	0	1	0	0.142	0.142	0.154	0.063	0.499	-0.066	-0.066	-0.073	1.198	-0.3	1.703	"4"
"主义"	0	1	0	0	0	0.142	0.142	0.154	0.063	0.499	-0.066	0.848	-0.073	-0.028	-0.3	1.315	"2"
"主旨"	1	0	0	0	0	0.142	0.142	0.154	0.063	0.499	0.849	-0.066	-0.073	-0.028	-0.3	1.316	"1"
"注明"	0	1	0	0	0	0.142	0.142	0.154	0.063	0.499	-0.066	0.848	-0.073	-0.028	-0.3	1.315	"2"
"驻韩美"	0	0	1	0	0	0.142	0.142	0.154	0.063	0.499	-0.066	-0.066	0.812	-0.028	-0.3	1.272	"3"
"驻守"	1	0	0	0	0	0.142	0.142	0.154	0.063	0.499	0.849	-0.066	-0.073	-0.028	-0.3	1.316	"1"
"驻扎"	1	0	0	0	0	0.142	0.142	0.154	0.063	0.499	0.849	-0.066	-0.073	-0.028	-0.3	1.316	"1"
"註册"	1	0	0	0	0	0.142	0.142	0.154	0.063	0.499	0.849	-0.066	-0.073	-0.028	-0.3	1.316	"1"
"专属"	0	0	0	0	1	0.142	0.142	0.154	0.063	0.499	-0.066	-0.066	-0.073	-0.028	0.302	0.535	"5"
"转播"	0	0	0	0	1	0.142	0.142	0.154	0.063	0.499	-0.066	-0.066	-0.073	-0.028	0.302	0.535	"5"
"转贷"	0	2	0	0	0	0.283	0.284	0.308	0.127	0.998	-0.133	1.696	-0.145	-0.057	-0.6	2.631	"2"
"转会"	1	0	0	0	0	0.142	0.142	0.154	0.063	0.499	0.849	-0.066	-0.073	-0.028	-0.3	1.316	"1"
"转让"	0	0	0	0	1	0.142	0.142	0.154	0.063	0.499	-0.066	-0.066	-0.073	-0.028	0.302	0.535	"5"
"庄伟立"	0	0	0	0	1	0.142	0.142	0.154	0.063	0.499	-0.066	-0.066	-0.073	-0.028	0.302	0.535	"5"
"资"	0	0	0	0	1	0.142	0.142	0.154	0.063	0.499	-0.066	-0.066	-0.073	-0.028	0.302	0.535	"5"
"自"	0	0	0	0	2	0.283	0.284	0.308	0.127	0.998	-0.133	-0.133	-0.145	-0.057	0.604	1.072	"5"
"自由"	1	0	0	0	22	3.255	3.264	3.545	1.457	11.479	-0.844	-1.529	-1.672	-0.654	5.56	10.259	"5"
"自由贸易区"	0	0	0	1	3	0.566	0.568	0.617	0.253	1.996	-0.265	-0.266	-0.291	0.638	0.507	1.967	"4"
"宗旨"	0	0	1	0	0	0.142	0.142	0.154	0.063	0.499	-0.066	-0.066	0.812	-0.028	-0.3	1.272	"3"
"总额"	0	1	0	0	0	0.142	0.142	0.154	0.063	0.499	-0.066	0.848	-0.073	-0.028	-0.3	1.315	"2"
"总金额"	0	2	0	0	0	0.283	0.284	0.308	0.127	0.998	-0.133	1.696	-0.145	-0.057	-0.6	2.631	"2"
"租约"	0	0	0	0	1	0.142	0.142	0.154	0.063	0.499	-0.066	-0.066	-0.073	-0.028	0.302	0.535	"5"
"足总"	0	0	0	0	1	0.142	0.142	0.154	0.063	0.499	-0.066	-0.066	-0.073	-0.028	0.302	0.535	"5"
"组成"	0	0	1	0	0	0.142	0.142	0.154	0.063	0.499	-0.066	-0.066	0.812	-0.028	-0.3	1.272	"3"
"组织"	0	0	1	0	5	0.849	0.851	0.925	0.38	2.994	-0.398	-0.399	0.198	-0.171	0.965	2.131	"5"
"组织法律"	0	0	1	0	0	0.142	0.142	0.154	0.063	0.499	-0.066	-0.066	0.812	-0.028	-0.3	1.272	"3"
"最终"	5	0	0	0	2	0.991	0.993	1.079	0.443	3.494	3.032	-0.465	-0.509	-0.199	-0.642	4.847	"1"
"遵守"	0	0	1	0	3	0.566	0.568	0.617	0.253	1.996	-0.265	-0.266	0.312	-0.114	0.507	1.464	"5"
"遵循"	0	0	0	0	1	0.142	0.142	0.154	0.063	0.499	-0.066	-0.066	-0.073	-0.028	0.302	0.535	"5"
"作"	0	0	1	0	0	0.142	0.142	0.154	0.063	0.499	-0.066	-0.066	0.812	-0.028	-0.3	1.272	"3"
