"Coll_Word"	"1"	"2"	"3"	"exp_1"	"exp_2"	"exp_3"	"pbin_1"	"pbin_2"	"pbin_3"	"SumAbsDev"	"LargestDev"
"﹐"	0	2	3	1.541	0.677	2.782	-0.8	0.858	0.218	1.876	"2"
"、"	0	8	78	26.501	11.646	47.853	-13.759	-0.795	11.9	26.454	"1"
";"	10	1	9	6.163	2.708	11.128	1.245	-0.648	-0.636	2.529	"1"
"1.3"	0	1	0	0.308	0.135	0.556	-0.16	0.868	-0.353	1.381	"2"
"1.4"	0	1	0	0.308	0.135	0.556	-0.16	0.868	-0.353	1.381	"2"
"1000多"	0	0	2	0.616	0.271	1.113	-0.32	-0.126	0.509	0.955	"3"
"100余"	0	1	0	0.308	0.135	0.556	-0.16	0.868	-0.353	1.381	"2"
"102"	0	1	0	0.308	0.135	0.556	-0.16	0.868	-0.353	1.381	"2"
"10378"	0	1	0	0.308	0.135	0.556	-0.16	0.868	-0.353	1.381	"2"
"109"	0	1	0	0.308	0.135	0.556	-0.16	0.868	-0.353	1.381	"2"
"10万"	0	0	2	0.616	0.271	1.113	-0.32	-0.126	0.509	0.955	"3"
"120"	0	0	1	0.308	0.135	0.556	-0.16	-0.063	0.255	0.478	"3"
"122"	0	1	0	0.308	0.135	0.556	-0.16	0.868	-0.353	1.381	"2"
"1300"	0	0	1	0.308	0.135	0.556	-0.16	-0.063	0.255	0.478	"3"
"135"	0	0	1	0.308	0.135	0.556	-0.16	-0.063	0.255	0.478	"3"
"154万"	0	0	1	0.308	0.135	0.556	-0.16	-0.063	0.255	0.478	"3"
"18万多"	0	1	0	0.308	0.135	0.556	-0.16	0.868	-0.353	1.381	"2"
"2"	26	0	0	8.012	3.521	14.467	13.292	-1.643	-9.179	24.114	"1"
"2000多"	0	1	0	0.308	0.135	0.556	-0.16	0.868	-0.353	1.381	"2"
"2003年"	0	0	1	0.308	0.135	0.556	-0.16	-0.063	0.255	0.478	"3"
"20753"	0	1	0	0.308	0.135	0.556	-0.16	0.868	-0.353	1.381	"2"
"246"	0	2	0	0.616	0.271	1.113	-0.32	1.737	-0.706	2.763	"2"
"250"	0	2	0	0.616	0.271	1.113	-0.32	1.737	-0.706	2.763	"2"
"2万多"	0	3	0	0.924	0.406	1.669	-0.48	2.605	-1.059	4.144	"2"
"3"	25	1	0	8.012	3.521	14.467	11.518	-0.938	-9.179	21.635	"1"
"300"	0	0	1	0.308	0.135	0.556	-0.16	-0.063	0.255	0.478	"3"
"3019"	0	1	0	0.308	0.135	0.556	-0.16	0.868	-0.353	1.381	"2"
"33.6"	0	1	0	0.308	0.135	0.556	-0.16	0.868	-0.353	1.381	"2"
"35"	0	1	1	0.616	0.271	1.113	-0.32	0.598	-0.161	1.079	"2"
"47657"	0	1	0	0.308	0.135	0.556	-0.16	0.868	-0.353	1.381	"2"
"4845"	0	1	0	0.308	0.135	0.556	-0.16	0.868	-0.353	1.381	"2"
"5.9"	0	1	0	0.308	0.135	0.556	-0.16	0.868	-0.353	1.381	"2"
"50"	0	0	2	0.616	0.271	1.113	-0.32	-0.126	0.509	0.955	"3"
"506"	0	1	0	0.308	0.135	0.556	-0.16	0.868	-0.353	1.381	"2"
"60"	0	2	1	0.924	0.406	1.669	-0.48	1.301	-0.381	2.162	"2"
"600"	0	1	0	0.308	0.135	0.556	-0.16	0.868	-0.353	1.381	"2"
"6765"	0	1	0	0.308	0.135	0.556	-0.16	0.868	-0.353	1.381	"2"
"680"	0	1	0	0.308	0.135	0.556	-0.16	0.868	-0.353	1.381	"2"
"708"	0	0	1	0.308	0.135	0.556	-0.16	-0.063	0.255	0.478	"3"
"7146"	0	1	0	0.308	0.135	0.556	-0.16	0.868	-0.353	1.381	"2"
"8000多"	0	0	1	0.308	0.135	0.556	-0.16	-0.063	0.255	0.478	"3"
"80余"	0	1	0	0.308	0.135	0.556	-0.16	0.868	-0.353	1.381	"2"
"891121"	0	0	1	0.308	0.135	0.556	-0.16	-0.063	0.255	0.478	"3"
"891213"	0	0	1	0.308	0.135	0.556	-0.16	-0.063	0.255	0.478	"3"
"900128"	1	0	1	0.616	0.271	1.113	0.283	-0.126	-0.161	0.57	"1"
"Eagle"	0	0	1	0.308	0.135	0.556	-0.16	-0.063	0.255	0.478	"3"
"Ezra"	0	0	1	0.308	0.135	0.556	-0.16	-0.063	0.255	0.478	"3"
"VDR"	0	0	1	0.308	0.135	0.556	-0.16	-0.063	0.255	0.478	"3"
"一万"	0	0	1	0.308	0.135	0.556	-0.16	-0.063	0.255	0.478	"3"
"一百二十"	0	0	1	0.308	0.135	0.556	-0.16	-0.063	0.255	0.478	"3"
"一等"	0	0	1	0.308	0.135	0.556	-0.16	-0.063	0.255	0.478	"3"
"一级"	0	1	0	0.308	0.135	0.556	-0.16	0.868	-0.353	1.381	"2"
"一般"	0	0	2	0.616	0.271	1.113	-0.32	-0.126	0.509	0.955	"3"
"万"	0	1	1	0.616	0.271	1.113	-0.32	0.598	-0.161	1.079	"2"
"万多"	0	1	0	0.308	0.135	0.556	-0.16	0.868	-0.353	1.381	"2"
"万景"	0	0	2	0.616	0.271	1.113	-0.32	-0.126	0.509	0.955	"3"
"三万五千"	0	1	0	0.308	0.135	0.556	-0.16	0.868	-0.353	1.381	"2"
"三万多"	0	1	0	0.308	0.135	0.556	-0.16	0.868	-0.353	1.381	"2"
"三峡"	0	0	15	4.622	2.031	8.346	-2.4	-0.948	3.819	7.167	"3"
"三无"	0	2	0	0.616	0.271	1.113	-0.32	1.737	-0.706	2.763	"2"
"上半年"	0	0	1	0.308	0.135	0.556	-0.16	-0.063	0.255	0.478	"3"
"上岸"	0	1	0	0.308	0.135	0.556	-0.16	0.868	-0.353	1.381	"2"
"上海"	0	0	1	0.308	0.135	0.556	-0.16	-0.063	0.255	0.478	"3"
"上海港"	0	1	2	0.924	0.406	1.669	-0.48	0.451	0.233	1.164	"1"
"上游"	0	0	2	0.616	0.271	1.113	-0.32	-0.126	0.509	0.955	"3"
"上行"	0	0	1	0.308	0.135	0.556	-0.16	-0.063	0.255	0.478	"3"
"下属"	0	0	2	0.616	0.271	1.113	-0.32	-0.126	0.509	0.955	"3"
"下游"	0	0	1	0.308	0.135	0.556	-0.16	-0.063	0.255	0.478	"3"
"不一"	0	0	2	0.616	0.271	1.113	-0.32	-0.126	0.509	0.955	"3"
"不得"	0	0	4	1.233	0.542	2.226	-0.64	-0.253	1.018	1.911	"3"
"不明"	0	0	1	0.308	0.135	0.556	-0.16	-0.063	0.255	0.478	"3"
"与此同时"	0	0	1	0.308	0.135	0.556	-0.16	-0.063	0.255	0.478	"3"
"专用"	0	0	1	0.308	0.135	0.556	-0.16	-0.063	0.255	0.478	"3"
"世"	0	0	1	0.308	0.135	0.556	-0.16	-0.063	0.255	0.478	"3"
"业主"	0	0	1	0.308	0.135	0.556	-0.16	-0.063	0.255	0.478	"3"
"东"	0	0	1	0.308	0.135	0.556	-0.16	-0.063	0.255	0.478	"3"
"东海"	9	0	1	3.082	1.354	5.564	3.742	-0.632	-2.399	6.773	"1"
"两百"	0	0	1	0.308	0.135	0.556	-0.16	-0.063	0.255	0.478	"3"
"严"	1	0	0	0.308	0.135	0.556	0.511	-0.063	-0.353	0.927	"1"
"严加"	5	0	3	2.465	1.083	4.451	1.19	-0.506	-0.605	2.301	"1"
"严格"	0	0	2	0.616	0.271	1.113	-0.32	-0.126	0.509	0.955	"3"
"严禁"	0	0	2	0.616	0.271	1.113	-0.32	-0.126	0.509	0.955	"3"
"严重"	0	0	1	0.308	0.135	0.556	-0.16	-0.063	0.255	0.478	"3"
"个别"	0	1	0	0.308	0.135	0.556	-0.16	0.868	-0.353	1.381	"2"
"中下游"	0	0	1	0.308	0.135	0.556	-0.16	-0.063	0.255	0.478	"3"
"中午"	0	0	1	0.308	0.135	0.556	-0.16	-0.063	0.255	0.478	"3"
"中华"	0	0	3	0.924	0.406	1.669	-0.48	-0.19	0.764	1.434	"3"
"中国"	0	0	10	3.082	1.354	5.564	-1.6	-0.632	2.546	4.778	"3"
"中国海军"	0	0	1	0.308	0.135	0.556	-0.16	-0.063	0.255	0.478	"3"
"中国籍"	0	0	1	0.308	0.135	0.556	-0.16	-0.063	0.255	0.478	"3"
"中外"	0	1	0	0.308	0.135	0.556	-0.16	0.868	-0.353	1.381	"2"
"中外籍"	0	1	0	0.308	0.135	0.556	-0.16	0.868	-0.353	1.381	"2"
"中央部"	0	0	1	0.308	0.135	0.556	-0.16	-0.063	0.255	0.478	"3"
"中心"	0	0	8	2.465	1.083	4.451	-1.28	-0.506	2.037	3.823	"3"
"中游"	0	0	1	0.308	0.135	0.556	-0.16	-0.063	0.255	0.478	"3"
"中船"	0	0	3	0.924	0.406	1.669	-0.48	-0.19	0.764	1.434	"3"
"中途"	0	1	1	0.616	0.271	1.113	-0.32	0.598	-0.161	1.079	"2"
"临时"	0	2	2	1.233	0.542	2.226	-0.64	1.04	-0.223	1.903	"2"
"丹"	0	1	0	0.308	0.135	0.556	-0.16	0.868	-0.353	1.381	"2"
"丹绒"	0	0	1	0.308	0.135	0.556	-0.16	-0.063	0.255	0.478	"3"
"举世闻名"	0	0	1	0.308	0.135	0.556	-0.16	-0.063	0.255	0.478	"3"
"乌克兰"	0	0	2	0.616	0.271	1.113	-0.32	-0.126	0.509	0.955	"3"
"乘坐"	0	0	1	0.308	0.135	0.556	-0.16	-0.063	0.255	0.478	"3"
"乘客"	0	1	2	0.924	0.406	1.669	-0.48	0.451	0.233	1.164	"1"
"九"	9	0	0	2.773	1.219	5.008	4.601	-0.569	-3.177	8.347	"1"
"九级"	47	0	0	14.483	6.365	26.152	24.028	-2.97	-16.593	43.591	"1"
"乡民"	0	0	1	0.308	0.135	0.556	-0.16	-0.063	0.255	0.478	"3"
"事故"	0	0	13	4.006	1.76	7.234	-2.08	-0.822	3.31	6.212	"3"
"二00三年"	0	0	1	0.308	0.135	0.556	-0.16	-0.063	0.255	0.478	"3"
"二级"	2	0	0	0.616	0.271	1.113	1.022	-0.126	-0.706	1.854	"1"
"于是"	0	0	2	0.616	0.271	1.113	-0.32	-0.126	0.509	0.955	"3"
"互相"	0	0	1	0.308	0.135	0.556	-0.16	-0.063	0.255	0.478	"3"
"互通"	0	0	1	0.308	0.135	0.556	-0.16	-0.063	0.255	0.478	"3"
"五十"	0	1	2	0.924	0.406	1.669	-0.48	0.451	0.233	1.164	"1"
"五十五"	0	0	1	0.308	0.135	0.556	-0.16	-0.063	0.255	0.478	"3"
"五百"	0	1	0	0.308	0.135	0.556	-0.16	0.868	-0.353	1.381	"2"
"五百八十一"	0	1	0	0.308	0.135	0.556	-0.16	0.868	-0.353	1.381	"2"
"亚州"	0	0	1	0.308	0.135	0.556	-0.16	-0.063	0.255	0.478	"3"
"交通"	0	0	4	1.233	0.542	2.226	-0.64	-0.253	1.018	1.911	"3"
"交通部"	0	0	3	0.924	0.406	1.669	-0.48	-0.19	0.764	1.434	"3"
"人民"	0	0	3	0.924	0.406	1.669	-0.48	-0.19	0.764	1.434	"3"
"今"	14	0	0	4.314	1.896	7.79	7.157	-0.885	-4.942	12.984	"1"
"从此"	0	0	1	0.308	0.135	0.556	-0.16	-0.063	0.255	0.478	"3"
"代步"	0	0	1	0.308	0.135	0.556	-0.16	-0.063	0.255	0.478	"3"
"代理"	0	0	2	0.616	0.271	1.113	-0.32	-0.126	0.509	0.955	"3"
"以上"	0	0	3	0.924	0.406	1.669	-0.48	-0.19	0.764	1.434	"3"
"以防"	0	1	0	0.308	0.135	0.556	-0.16	0.868	-0.353	1.381	"2"
"仲裁"	0	0	1	0.308	0.135	0.556	-0.16	-0.063	0.255	0.478	"3"
"任凭"	0	0	1	0.308	0.135	0.556	-0.16	-0.063	0.255	0.478	"3"
"任务"	0	0	2	0.616	0.271	1.113	-0.32	-0.126	0.509	0.955	"3"
"优惠"	0	0	1	0.308	0.135	0.556	-0.16	-0.063	0.255	0.478	"3"
"位"	0	0	1	0.308	0.135	0.556	-0.16	-0.063	0.255	0.478	"3"
"位置"	0	0	1	0.308	0.135	0.556	-0.16	-0.063	0.255	0.478	"3"
"作业"	0	1	11	3.698	1.625	6.677	-1.92	-0.299	2.031	4.25	"3"
"使用"	0	0	2	0.616	0.271	1.113	-0.32	-0.126	0.509	0.955	"3"
"供"	0	0	2	0.616	0.271	1.113	-0.32	-0.126	0.509	0.955	"3"
"供货"	0	0	1	0.308	0.135	0.556	-0.16	-0.063	0.255	0.478	"3"
"侦察"	0	0	1	0.308	0.135	0.556	-0.16	-0.063	0.255	0.478	"3"
"侦破"	0	0	1	0.308	0.135	0.556	-0.16	-0.063	0.255	0.478	"3"
"保加利亚"	0	1	0	0.308	0.135	0.556	-0.16	0.868	-0.353	1.381	"2"
"保洁船"	0	0	1	0.308	0.135	0.556	-0.16	-0.063	0.255	0.478	"3"
"保证"	0	0	2	0.616	0.271	1.113	-0.32	-0.126	0.509	0.955	"3"
"信众"	0	0	1	0.308	0.135	0.556	-0.16	-0.063	0.255	0.478	"3"
"修理"	0	0	1	0.308	0.135	0.556	-0.16	-0.063	0.255	0.478	"3"
"修船"	0	0	1	0.308	0.135	0.556	-0.16	-0.063	0.255	0.478	"3"
"修造"	0	0	1	0.308	0.135	0.556	-0.16	-0.063	0.255	0.478	"3"
"倍"	0	0	2	0.616	0.271	1.113	-0.32	-0.126	0.509	0.955	"3"
"倒车"	0	0	1	0.308	0.135	0.556	-0.16	-0.063	0.255	0.478	"3"
"假币"	0	0	1	0.308	0.135	0.556	-0.16	-0.063	0.255	0.478	"3"
"停"	0	0	1	0.308	0.135	0.556	-0.16	-0.063	0.255	0.478	"3"
"停泊"	0	0	7	2.157	0.948	3.895	-1.12	-0.442	1.782	3.344	"3"
"停泊区"	0	1	0	0.308	0.135	0.556	-0.16	0.868	-0.353	1.381	"2"
"停航"	0	1	1	0.616	0.271	1.113	-0.32	0.598	-0.161	1.079	"2"
"停靠"	0	1	3	1.233	0.542	2.226	-0.64	0.355	0.396	1.391	"1"
"偷"	0	0	1	0.308	0.135	0.556	-0.16	-0.063	0.255	0.478	"3"
"偷渡客"	0	2	0	0.616	0.271	1.113	-0.32	1.737	-0.706	2.763	"2"
"偷渡者"	0	1	0	0.308	0.135	0.556	-0.16	0.868	-0.353	1.381	"2"
"偷运"	0	1	0	0.308	0.135	0.556	-0.16	0.868	-0.353	1.381	"2"
"允许"	0	0	3	0.924	0.406	1.669	-0.48	-0.19	0.764	1.434	"3"
"充"	0	0	1	0.308	0.135	0.556	-0.16	-0.063	0.255	0.478	"3"
"入"	0	0	1	0.308	0.135	0.556	-0.16	-0.063	0.255	0.478	"3"
"入港"	0	0	1	0.308	0.135	0.556	-0.16	-0.063	0.255	0.478	"3"
"全数"	0	0	1	0.308	0.135	0.556	-0.16	-0.063	0.255	0.478	"3"
"全速"	0	0	1	0.308	0.135	0.556	-0.16	-0.063	0.255	0.478	"3"
"全部"	0	1	2	0.924	0.406	1.669	-0.48	0.451	0.233	1.164	"1"
"八"	54	0	1	16.949	7.448	30.603	26.023	-3.476	-17.572	47.071	"1"
"八级"	13	0	0	4.006	1.76	7.234	6.646	-0.822	-4.589	12.057	"1"
"公司"	0	0	15	4.622	2.031	8.346	-2.4	-0.948	3.819	7.167	"3"
"公约"	0	0	1	0.308	0.135	0.556	-0.16	-0.063	0.255	0.478	"3"
"六亿一千七百多万"	0	0	1	0.308	0.135	0.556	-0.16	-0.063	0.255	0.478	"3"
"六甲"	0	0	3	0.924	0.406	1.669	-0.48	-0.19	0.764	1.434	"3"
"共"	0	2	1	0.924	0.406	1.669	-0.48	1.301	-0.381	2.162	"2"
"共和国"	0	0	3	0.924	0.406	1.669	-0.48	-0.19	0.764	1.434	"3"
"兴建"	0	0	2	0.616	0.271	1.113	-0.32	-0.126	0.509	0.955	"3"
"兵器"	0	0	1	0.308	0.135	0.556	-0.16	-0.063	0.255	0.478	"3"
"其他"	4	0	3	2.157	0.948	3.895	0.864	-0.442	-0.422	1.728	"1"
"具备"	0	0	1	0.308	0.135	0.556	-0.16	-0.063	0.255	0.478	"3"
"内外"	0	0	1	0.308	0.135	0.556	-0.16	-0.063	0.255	0.478	"3"
"内河"	0	0	1	0.308	0.135	0.556	-0.16	-0.063	0.255	0.478	"3"
"军工"	0	0	2	0.616	0.271	1.113	-0.32	-0.126	0.509	0.955	"3"
"军火"	0	1	0	0.308	0.135	0.556	-0.16	0.868	-0.353	1.381	"2"
"军用"	0	0	2	0.616	0.271	1.113	-0.32	-0.126	0.509	0.955	"3"
"军舰"	0	0	1	0.308	0.135	0.556	-0.16	-0.063	0.255	0.478	"3"
"农用"	0	0	1	0.308	0.135	0.556	-0.16	-0.063	0.255	0.478	"3"
"冰"	0	1	0	0.308	0.135	0.556	-0.16	0.868	-0.353	1.381	"2"
"冲向"	0	1	0	0.308	0.135	0.556	-0.16	0.868	-0.353	1.381	"2"
"冲滩收船"	0	0	1	0.308	0.135	0.556	-0.16	-0.063	0.255	0.478	"3"
"冶金"	0	0	1	0.308	0.135	0.556	-0.16	-0.063	0.255	0.478	"3"
"冻结"	0	1	0	0.308	0.135	0.556	-0.16	0.868	-0.353	1.381	"2"
"净"	0	1	0	0.308	0.135	0.556	-0.16	0.868	-0.353	1.381	"2"
"准"	0	0	1	0.308	0.135	0.556	-0.16	-0.063	0.255	0.478	"3"
"减少"	0	0	1	0.308	0.135	0.556	-0.16	-0.063	0.255	0.478	"3"
"出事"	0	1	2	0.924	0.406	1.669	-0.48	0.451	0.233	1.164	"1"
"出入"	0	2	0	0.616	0.271	1.113	-0.32	1.737	-0.706	2.763	"2"
"出入境"	0	0	3	0.924	0.406	1.669	-0.48	-0.19	0.764	1.434	"3"
"出动"	0	0	2	0.616	0.271	1.113	-0.32	-0.126	0.509	0.955	"3"
"出口商"	0	1	0	0.308	0.135	0.556	-0.16	0.868	-0.353	1.381	"2"
"出水"	0	0	1	0.308	0.135	0.556	-0.16	-0.063	0.255	0.478	"3"
"出港"	0	0	1	0.308	0.135	0.556	-0.16	-0.063	0.255	0.478	"3"
"击沉"	0	1	0	0.308	0.135	0.556	-0.16	0.868	-0.353	1.381	"2"
"刘公岛"	0	0	1	0.308	0.135	0.556	-0.16	-0.063	0.255	0.478	"3"
"创新"	0	0	1	0.308	0.135	0.556	-0.16	-0.063	0.255	0.478	"3"
"别"	2	0	0	0.616	0.271	1.113	1.022	-0.126	-0.706	1.854	"1"
"到"	12	0	0	3.698	1.625	6.677	6.135	-0.758	-4.236	11.129	"1"
"到齐"	0	0	1	0.308	0.135	0.556	-0.16	-0.063	0.255	0.478	"3"
"制"	0	0	1	0.308	0.135	0.556	-0.16	-0.063	0.255	0.478	"3"
"制作"	0	0	1	0.308	0.135	0.556	-0.16	-0.063	0.255	0.478	"3"
"制出"	0	0	1	0.308	0.135	0.556	-0.16	-0.063	0.255	0.478	"3"
"制度"	0	0	2	0.616	0.271	1.113	-0.32	-0.126	0.509	0.955	"3"
"制止"	0	1	0	0.308	0.135	0.556	-0.16	0.868	-0.353	1.381	"2"
"制造"	0	0	1	0.308	0.135	0.556	-0.16	-0.063	0.255	0.478	"3"
"前年"	0	1	2	0.924	0.406	1.669	-0.48	0.451	0.233	1.164	"1"
"前往"	0	3	2	1.541	0.677	2.782	-0.8	1.698	-0.403	2.901	"2"
"前方"	0	0	1	0.308	0.135	0.556	-0.16	-0.063	0.255	0.478	"3"
"前来"	0	0	1	0.308	0.135	0.556	-0.16	-0.063	0.255	0.478	"3"
"力查"	0	0	1	0.308	0.135	0.556	-0.16	-0.063	0.255	0.478	"3"
"劝说"	0	0	1	0.308	0.135	0.556	-0.16	-0.063	0.255	0.478	"3"
"办理"	0	0	2	0.616	0.271	1.113	-0.32	-0.126	0.509	0.955	"3"
"加强"	0	1	2	0.924	0.406	1.669	-0.48	0.451	0.233	1.164	"1"
"加紧"	0	0	2	0.616	0.271	1.113	-0.32	-0.126	0.509	0.955	"3"
"动力"	0	0	1	0.308	0.135	0.556	-0.16	-0.063	0.255	0.478	"3"
"动态"	0	0	3	0.924	0.406	1.669	-0.48	-0.19	0.764	1.434	"3"
"动用"	0	0	1	0.308	0.135	0.556	-0.16	-0.063	0.255	0.478	"3"
"劫"	0	0	1	0.308	0.135	0.556	-0.16	-0.063	0.255	0.478	"3"
"劫持"	0	0	1	0.308	0.135	0.556	-0.16	-0.063	0.255	0.478	"3"
"化工"	0	0	2	0.616	0.271	1.113	-0.32	-0.126	0.509	0.955	"3"
"北极海"	0	0	1	0.308	0.135	0.556	-0.16	-0.063	0.255	0.478	"3"
"北约"	0	1	0	0.308	0.135	0.556	-0.16	0.868	-0.353	1.381	"2"
"北部"	2	0	3	1.541	0.677	2.782	0.311	-0.316	0.218	0.845	"2"
"北韩"	1	0	0	0.308	0.135	0.556	0.511	-0.063	-0.353	0.927	"1"
"匹"	0	1	1	0.616	0.271	1.113	-0.32	0.598	-0.161	1.079	"2"
"区域"	0	0	1	0.308	0.135	0.556	-0.16	-0.063	0.255	0.478	"3"
"十"	19	2	0	6.471	2.844	11.685	7.692	-0.352	-7.414	15.458	"1"
"十一级"	2	0	0	0.616	0.271	1.113	1.022	-0.126	-0.706	1.854	"1"
"十三"	1	0	1	0.616	0.271	1.113	0.283	-0.126	-0.161	0.57	"1"
"十六万"	0	0	1	0.308	0.135	0.556	-0.16	-0.063	0.255	0.478	"3"
"十级"	1	0	0	0.308	0.135	0.556	0.511	-0.063	-0.353	0.927	"1"
"华中"	0	0	1	0.308	0.135	0.556	-0.16	-0.063	0.255	0.478	"3"
"协调"	0	0	1	0.308	0.135	0.556	-0.16	-0.063	0.255	0.478	"3"
"单项"	0	0	1	0.308	0.135	0.556	-0.16	-0.063	0.255	0.478	"3"
"南京籍"	0	0	1	0.308	0.135	0.556	-0.16	-0.063	0.255	0.478	"3"
"南华"	0	0	1	0.308	0.135	0.556	-0.16	-0.063	0.255	0.478	"3"
"南海"	8	0	0	2.465	1.083	4.451	4.09	-0.506	-2.824	7.42	"1"
"卫星"	0	1	3	1.233	0.542	2.226	-0.64	0.355	0.396	1.391	"1"
"印尼号"	0	0	1	0.308	0.135	0.556	-0.16	-0.063	0.255	0.478	"3"
"印度洋"	0	0	2	0.616	0.271	1.113	-0.32	-0.126	0.509	0.955	"3"
"危及"	0	1	0	0.308	0.135	0.556	-0.16	0.868	-0.353	1.381	"2"
"危害"	0	0	1	0.308	0.135	0.556	-0.16	-0.063	0.255	0.478	"3"
"卸货"	0	0	3	0.924	0.406	1.669	-0.48	-0.19	0.764	1.434	"3"
"卸载"	0	0	1	0.308	0.135	0.556	-0.16	-0.063	0.255	0.478	"3"
"压缩"	0	1	0	0.308	0.135	0.556	-0.16	0.868	-0.353	1.381	"2"
"原"	0	0	1	0.308	0.135	0.556	-0.16	-0.063	0.255	0.478	"3"
"原船"	0	0	1	0.308	0.135	0.556	-0.16	-0.063	0.255	0.478	"3"
"厦门"	0	1	1	0.616	0.271	1.113	-0.32	0.598	-0.161	1.079	"2"
"厦门港"	0	0	1	0.308	0.135	0.556	-0.16	-0.063	0.255	0.478	"3"
"参运"	0	0	1	0.308	0.135	0.556	-0.16	-0.063	0.255	0.478	"3"
"及时"	0	0	1	0.308	0.135	0.556	-0.16	-0.063	0.255	0.478	"3"
"双向"	0	0	1	0.308	0.135	0.556	-0.16	-0.063	0.255	0.478	"3"
"双线"	0	0	1	0.308	0.135	0.556	-0.16	-0.063	0.255	0.478	"3"
"发"	0	0	3	0.924	0.406	1.669	-0.48	-0.19	0.764	1.434	"3"
"发生"	0	2	3	1.541	0.677	2.782	-0.8	0.858	0.218	1.876	"2"
"发自"	0	0	1	0.308	0.135	0.556	-0.16	-0.063	0.255	0.478	"3"
"发送"	0	0	1	0.308	0.135	0.556	-0.16	-0.063	0.255	0.478	"3"
"受损"	0	0	1	0.308	0.135	0.556	-0.16	-0.063	0.255	0.478	"3"
"叛军"	0	1	0	0.308	0.135	0.556	-0.16	0.868	-0.353	1.381	"2"
"口"	0	0	1	0.308	0.135	0.556	-0.16	-0.063	0.255	0.478	"3"
"另外"	0	2	0	0.616	0.271	1.113	-0.32	1.737	-0.706	2.763	"2"
"只得"	0	0	1	0.308	0.135	0.556	-0.16	-0.063	0.255	0.478	"3"
"可疑"	0	1	4	1.541	0.677	2.782	-0.8	0.287	0.575	1.662	"1"
"可见"	0	0	1	0.308	0.135	0.556	-0.16	-0.063	0.255	0.478	"3"
"台中县"	0	0	1	0.308	0.135	0.556	-0.16	-0.063	0.255	0.478	"3"
"台基"	0	0	1	0.308	0.135	0.556	-0.16	-0.063	0.255	0.478	"3"
"台工"	0	0	1	0.308	0.135	0.556	-0.16	-0.063	0.255	0.478	"3"
"台湾海崃"	0	0	3	0.924	0.406	1.669	-0.48	-0.19	0.764	1.434	"3"
"右"	0	0	1	0.308	0.135	0.556	-0.16	-0.063	0.255	0.478	"3"
"号"	0	0	1	0.308	0.135	0.556	-0.16	-0.063	0.255	0.478	"3"
"吃水"	0	1	1	0.616	0.271	1.113	-0.32	0.598	-0.161	1.079	"2"
"各自"	0	0	1	0.308	0.135	0.556	-0.16	-0.063	0.255	0.478	"3"
"合恩角"	0	1	0	0.308	0.135	0.556	-0.16	0.868	-0.353	1.381	"2"
"合格"	0	1	1	0.616	0.271	1.113	-0.32	0.598	-0.161	1.079	"2"
"吨"	0	7	18	7.704	3.385	13.911	-4	1.361	1.141	6.502	"1"
"吨位"	0	0	4	1.233	0.542	2.226	-0.64	-0.253	1.018	1.911	"3"
"含量"	0	0	1	0.308	0.135	0.556	-0.16	-0.063	0.255	0.478	"3"
"启航"	0	0	1	0.308	0.135	0.556	-0.16	-0.063	0.255	0.478	"3"
"吹出"	0	1	0	0.308	0.135	0.556	-0.16	0.868	-0.353	1.381	"2"
"周围"	0	0	2	0.616	0.271	1.113	-0.32	-0.126	0.509	0.955	"3"
"周期"	0	0	1	0.308	0.135	0.556	-0.16	-0.063	0.255	0.478	"3"
"周边"	0	0	2	0.616	0.271	1.113	-0.32	-0.126	0.509	0.955	"3"
"呼救"	0	0	1	0.308	0.135	0.556	-0.16	-0.063	0.255	0.478	"3"
"售票处"	0	0	1	0.308	0.135	0.556	-0.16	-0.063	0.255	0.478	"3"
"商港"	0	1	0	0.308	0.135	0.556	-0.16	0.868	-0.353	1.381	"2"
"器材"	0	0	1	0.308	0.135	0.556	-0.16	-0.063	0.255	0.478	"3"
"四万余"	0	0	1	0.308	0.135	0.556	-0.16	-0.063	0.255	0.478	"3"
"回"	0	0	1	0.308	0.135	0.556	-0.16	-0.063	0.255	0.478	"3"
"回报"	0	0	1	0.308	0.135	0.556	-0.16	-0.063	0.255	0.478	"3"
"回港"	0	1	0	0.308	0.135	0.556	-0.16	0.868	-0.353	1.381	"2"
"困"	0	0	1	0.308	0.135	0.556	-0.16	-0.063	0.255	0.478	"3"
"国旗"	0	0	2	0.616	0.271	1.113	-0.32	-0.126	0.509	0.955	"3"
"国籍"	0	0	2	0.616	0.271	1.113	-0.32	-0.126	0.509	0.955	"3"
"圆弧"	0	1	0	0.308	0.135	0.556	-0.16	0.868	-0.353	1.381	"2"
"型"	0	0	1	0.308	0.135	0.556	-0.16	-0.063	0.255	0.478	"3"
"域"	0	0	2	0.616	0.271	1.113	-0.32	-0.126	0.509	0.955	"3"
"基地"	0	0	2	0.616	0.271	1.113	-0.32	-0.126	0.509	0.955	"3"
"基隆"	0	1	3	1.233	0.542	2.226	-0.64	0.355	0.396	1.391	"1"
"基隆港"	0	1	1	0.616	0.271	1.113	-0.32	0.598	-0.161	1.079	"2"
"堵塞"	0	0	1	0.308	0.135	0.556	-0.16	-0.063	0.255	0.478	"3"
"塔台"	0	0	1	0.308	0.135	0.556	-0.16	-0.063	0.255	0.478	"3"
"塘堵截"	0	1	0	0.308	0.135	0.556	-0.16	0.868	-0.353	1.381	"2"
"境"	0	0	1	0.308	0.135	0.556	-0.16	-0.063	0.255	0.478	"3"
"增强"	1	0	0	0.308	0.135	0.556	0.511	-0.063	-0.353	0.927	"1"
"处"	0	0	2	0.616	0.271	1.113	-0.32	-0.126	0.509	0.955	"3"
"备"	0	0	1	0.308	0.135	0.556	-0.16	-0.063	0.255	0.478	"3"
"外海"	0	1	0	0.308	0.135	0.556	-0.16	0.868	-0.353	1.381	"2"
"外租"	0	0	1	0.308	0.135	0.556	-0.16	-0.063	0.255	0.478	"3"
"外籍"	0	0	1	0.308	0.135	0.556	-0.16	-0.063	0.255	0.478	"3"
"多瑙河"	0	0	1	0.308	0.135	0.556	-0.16	-0.063	0.255	0.478	"3"
"大"	119	0	5	38.211	16.792	68.997	53.276	-7.836	-34.917	96.029	"1"
"大军"	0	0	1	0.308	0.135	0.556	-0.16	-0.063	0.255	0.478	"3"
"大地"	0	0	1	0.308	0.135	0.556	-0.16	-0.063	0.255	0.478	"3"
"大坝"	0	0	3	0.924	0.406	1.669	-0.48	-0.19	0.764	1.434	"3"
"大型"	0	3	6	2.773	1.219	5.008	-1.44	0.954	0.424	2.818	"1"
"大型化"	0	0	2	0.616	0.271	1.113	-0.32	-0.126	0.509	0.955	"3"
"大大"	0	0	1	0.308	0.135	0.556	-0.16	-0.063	0.255	0.478	"3"
"大宗"	0	0	1	0.308	0.135	0.556	-0.16	-0.063	0.255	0.478	"3"
"大小"	0	0	4	1.233	0.542	2.226	-0.64	-0.253	1.018	1.911	"3"
"大稻埕"	0	1	0	0.308	0.135	0.556	-0.16	0.868	-0.353	1.381	"2"
"大西洋"	0	0	1	0.308	0.135	0.556	-0.16	-0.063	0.255	0.478	"3"
"大阵"	5	0	0	1.541	0.677	2.782	2.556	-0.316	-1.765	4.637	"1"
"大雾"	0	1	0	0.308	0.135	0.556	-0.16	0.868	-0.353	1.381	"2"
"天候"	0	0	1	0.308	0.135	0.556	-0.16	-0.063	0.255	0.478	"3"
"天然气"	0	0	2	0.616	0.271	1.113	-0.32	-0.126	0.509	0.955	"3"
"太平洋"	0	0	2	0.616	0.271	1.113	-0.32	-0.126	0.509	0.955	"3"
"太武号"	0	0	2	0.616	0.271	1.113	-0.32	-0.126	0.509	0.955	"3"
"失"	0	0	1	0.308	0.135	0.556	-0.16	-0.063	0.255	0.478	"3"
"失事"	0	0	1	0.308	0.135	0.556	-0.16	-0.063	0.255	0.478	"3"
"好比"	0	0	1	0.308	0.135	0.556	-0.16	-0.063	0.255	0.478	"3"
"如"	0	0	1	0.308	0.135	0.556	-0.16	-0.063	0.255	0.478	"3"
"始"	0	0	1	0.308	0.135	0.556	-0.16	-0.063	0.255	0.478	"3"
"威海"	0	0	1	0.308	0.135	0.556	-0.16	-0.063	0.255	0.478	"3"
"存"	0	0	1	0.308	0.135	0.556	-0.16	-0.063	0.255	0.478	"3"
"安全"	0	2	9	3.39	1.49	6.121	-1.76	0.346	1.15	3.256	"1"
"安全性"	0	0	1	0.308	0.135	0.556	-0.16	-0.063	0.255	0.478	"3"
"安设"	0	0	1	0.308	0.135	0.556	-0.16	-0.063	0.255	0.478	"3"
"完工"	0	0	1	0.308	0.135	0.556	-0.16	-0.063	0.255	0.478	"3"
"官方"	0	0	1	0.308	0.135	0.556	-0.16	-0.063	0.255	0.478	"3"
"定"	0	0	1	0.308	0.135	0.556	-0.16	-0.063	0.255	0.478	"3"
"定位为"	0	0	2	0.616	0.271	1.113	-0.32	-0.126	0.509	0.955	"3"
"定期"	0	0	1	0.308	0.135	0.556	-0.16	-0.063	0.255	0.478	"3"
"定线"	0	0	1	0.308	0.135	0.556	-0.16	-0.063	0.255	0.478	"3"
"宜昌"	0	0	1	0.308	0.135	0.556	-0.16	-0.063	0.255	0.478	"3"
"宜昌港"	0	0	1	0.308	0.135	0.556	-0.16	-0.063	0.255	0.478	"3"
"实施"	0	0	5	1.541	0.677	2.782	-0.8	-0.316	1.273	2.389	"3"
"实船"	0	0	1	0.308	0.135	0.556	-0.16	-0.063	0.255	0.478	"3"
"审核"	34	0	0	10.477	4.604	18.918	17.382	-2.149	-12.003	31.534	"1"
"客"	0	1	0	0.308	0.135	0.556	-0.16	0.868	-0.353	1.381	"2"
"客位"	0	0	1	0.308	0.135	0.556	-0.16	-0.063	0.255	0.478	"3"
"客运"	0	0	5	1.541	0.677	2.782	-0.8	-0.316	1.273	2.389	"3"
"家具"	0	0	1	0.308	0.135	0.556	-0.16	-0.063	0.255	0.478	"3"
"家用"	0	0	1	0.308	0.135	0.556	-0.16	-0.063	0.255	0.478	"3"
"宽"	0	0	1	0.308	0.135	0.556	-0.16	-0.063	0.255	0.478	"3"
"察访"	0	0	1	0.308	0.135	0.556	-0.16	-0.063	0.255	0.478	"3"
"对岸"	0	0	1	0.308	0.135	0.556	-0.16	-0.063	0.255	0.478	"3"
"导航"	0	1	3	1.233	0.542	2.226	-0.64	0.355	0.396	1.391	"1"
"小三通"	0	0	1	0.308	0.135	0.556	-0.16	-0.063	0.255	0.478	"3"
"小型"	0	1	2	0.924	0.406	1.669	-0.48	0.451	0.233	1.164	"1"
"小岛"	0	0	1	0.308	0.135	0.556	-0.16	-0.063	0.255	0.478	"3"
"尤以"	0	0	1	0.308	0.135	0.556	-0.16	-0.063	0.255	0.478	"3"
"展览厅"	0	0	2	0.616	0.271	1.113	-0.32	-0.126	0.509	0.955	"3"
"岛"	0	1	2	0.924	0.406	1.669	-0.48	0.451	0.233	1.164	"1"
"岸"	0	0	4	1.233	0.542	2.226	-0.64	-0.253	1.018	1.911	"3"
"峡"	0	0	1	0.308	0.135	0.556	-0.16	-0.063	0.255	0.478	"3"
"峰号"	0	0	2	0.616	0.271	1.113	-0.32	-0.126	0.509	0.955	"3"
"崔崇尧"	0	1	1	0.616	0.271	1.113	-0.32	0.598	-0.161	1.079	"2"
"川"	0	0	1	0.308	0.135	0.556	-0.16	-0.063	0.255	0.478	"3"
"州洋乡青歧村"	0	0	2	0.616	0.271	1.113	-0.32	-0.126	0.509	0.955	"3"
"巡游"	0	2	0	0.616	0.271	1.113	-0.32	1.737	-0.706	2.763	"2"
"巡逻船"	0	1	0	0.308	0.135	0.556	-0.16	0.868	-0.353	1.381	"2"
"巡逻艇"	0	0	1	0.308	0.135	0.556	-0.16	-0.063	0.255	0.478	"3"
"工"	0	0	1	0.308	0.135	0.556	-0.16	-0.063	0.255	0.478	"3"
"工业"	0	0	5	1.541	0.677	2.782	-0.8	-0.316	1.273	2.389	"3"
"工具"	0	0	1	0.308	0.135	0.556	-0.16	-0.063	0.255	0.478	"3"
"工程"	0	0	6	1.849	0.813	3.339	-0.96	-0.379	1.528	2.867	"3"
"左右"	0	0	3	0.924	0.406	1.669	-0.48	-0.19	0.764	1.434	"3"
"巨无霸"	0	0	1	0.308	0.135	0.556	-0.16	-0.063	0.255	0.478	"3"
"巨浪"	0	1	0	0.308	0.135	0.556	-0.16	0.868	-0.353	1.381	"2"
"巴利阿里"	0	1	0	0.308	0.135	0.556	-0.16	0.868	-0.353	1.381	"2"
"巴拿"	0	1	0	0.308	0.135	0.556	-0.16	0.868	-0.353	1.381	"2"
"巴生"	0	0	1	0.308	0.135	0.556	-0.16	-0.063	0.255	0.478	"3"
"希腊"	0	1	1	0.616	0.271	1.113	-0.32	0.598	-0.161	1.079	"2"
"带有"	0	0	1	0.308	0.135	0.556	-0.16	-0.063	0.255	0.478	"3"
"常务"	0	0	1	0.308	0.135	0.556	-0.16	-0.063	0.255	0.478	"3"
"常川"	0	0	1	0.308	0.135	0.556	-0.16	-0.063	0.255	0.478	"3"
"干扰"	0	0	1	0.308	0.135	0.556	-0.16	-0.063	0.255	0.478	"3"
"干线"	0	0	1	0.308	0.135	0.556	-0.16	-0.063	0.255	0.478	"3"
"平可夫"	0	0	1	0.308	0.135	0.556	-0.16	-0.063	0.255	0.478	"3"
"平台"	0	0	1	0.308	0.135	0.556	-0.16	-0.063	0.255	0.478	"3"
"库区"	0	0	4	1.233	0.542	2.226	-0.64	-0.253	1.018	1.911	"3"
"应"	0	0	5	1.541	0.677	2.782	-0.8	-0.316	1.273	2.389	"3"
"应急"	0	0	2	0.616	0.271	1.113	-0.32	-0.126	0.509	0.955	"3"
"废弃物"	0	0	1	0.308	0.135	0.556	-0.16	-0.063	0.255	0.478	"3"
"建造"	0	0	3	0.924	0.406	1.669	-0.48	-0.19	0.764	1.434	"3"
"开放"	0	0	2	0.616	0.271	1.113	-0.32	-0.126	0.509	0.955	"3"
"引"	0	1	1	0.616	0.271	1.113	-0.32	0.598	-0.161	1.079	"2"
"引领"	0	2	0	0.616	0.271	1.113	-0.32	1.737	-0.706	2.763	"2"
"强制"	0	2	1	0.924	0.406	1.669	-0.48	1.301	-0.381	2.162	"2"
"强制性"	0	0	1	0.308	0.135	0.556	-0.16	-0.063	0.255	0.478	"3"
"强行"	0	0	1	0.308	0.135	0.556	-0.16	-0.063	0.255	0.478	"3"
"归"	0	0	2	0.616	0.271	1.113	-0.32	-0.126	0.509	0.955	"3"
"当即"	0	0	1	0.308	0.135	0.556	-0.16	-0.063	0.255	0.478	"3"
"形状"	0	1	0	0.308	0.135	0.556	-0.16	0.868	-0.353	1.381	"2"
"往"	0	1	2	0.924	0.406	1.669	-0.48	0.451	0.233	1.164	"1"
"往往"	0	0	1	0.308	0.135	0.556	-0.16	-0.063	0.255	0.478	"3"
"往来"	0	0	6	1.849	0.813	3.339	-0.96	-0.379	1.528	2.867	"3"
"待"	0	0	2	0.616	0.271	1.113	-0.32	-0.126	0.509	0.955	"3"
"待命"	0	1	0	0.308	0.135	0.556	-0.16	0.868	-0.353	1.381	"2"
"必须"	0	0	6	1.849	0.813	3.339	-0.96	-0.379	1.528	2.867	"3"
"忙碌"	0	0	3	0.924	0.406	1.669	-0.48	-0.19	0.764	1.434	"3"
"快艇"	0	1	0	0.308	0.135	0.556	-0.16	0.868	-0.353	1.381	"2"
"怎样"	0	0	1	0.308	0.135	0.556	-0.16	-0.063	0.255	0.478	"3"
"急需"	0	0	1	0.308	0.135	0.556	-0.16	-0.063	0.255	0.478	"3"
"性能"	0	0	1	0.308	0.135	0.556	-0.16	-0.063	0.255	0.478	"3"
"总"	0	0	1	0.308	0.135	0.556	-0.16	-0.063	0.255	0.478	"3"
"总公司"	0	0	1	0.308	0.135	0.556	-0.16	-0.063	0.255	0.478	"3"
"总共"	0	2	0	0.616	0.271	1.113	-0.32	1.737	-0.706	2.763	"2"
"总厂"	0	0	1	0.308	0.135	0.556	-0.16	-0.063	0.255	0.478	"3"
"恶劣"	0	0	1	0.308	0.135	0.556	-0.16	-0.063	0.255	0.478	"3"
"患"	0	1	0	0.308	0.135	0.556	-0.16	0.868	-0.353	1.381	"2"
"情事"	0	0	1	0.308	0.135	0.556	-0.16	-0.063	0.255	0.478	"3"
"意"	8	0	0	2.465	1.083	4.451	4.09	-0.506	-2.824	7.42	"1"
"意大利"	0	2	0	0.616	0.271	1.113	-0.32	1.737	-0.706	2.763	"2"
"我方"	0	0	1	0.308	0.135	0.556	-0.16	-0.063	0.255	0.478	"3"
"戒严"	0	0	2	0.616	0.271	1.113	-0.32	-0.126	0.509	0.955	"3"
"戒备"	6	0	4	3.082	1.354	5.564	1.271	-0.632	-0.605	2.508	"1"
"战"	0	0	2	0.616	0.271	1.113	-0.32	-0.126	0.509	0.955	"3"
"截"	0	1	0	0.308	0.135	0.556	-0.16	0.868	-0.353	1.381	"2"
"所在地点"	0	0	1	0.308	0.135	0.556	-0.16	-0.063	0.255	0.478	"3"
"所属"	0	0	1	0.308	0.135	0.556	-0.16	-0.063	0.255	0.478	"3"
"所幸"	0	0	1	0.308	0.135	0.556	-0.16	-0.063	0.255	0.478	"3"
"所有"	0	1	3	1.233	0.542	2.226	-0.64	0.355	0.396	1.391	"1"
"手续"	0	0	2	0.616	0.271	1.113	-0.32	-0.126	0.509	0.955	"3"
"打开"	0	0	1	0.308	0.135	0.556	-0.16	-0.063	0.255	0.478	"3"
"扣"	0	1	0	0.308	0.135	0.556	-0.16	0.868	-0.353	1.381	"2"
"扣押"	0	0	1	0.308	0.135	0.556	-0.16	-0.063	0.255	0.478	"3"
"扣留"	0	0	2	0.616	0.271	1.113	-0.32	-0.126	0.509	0.955	"3"
"扩建"	0	0	1	0.308	0.135	0.556	-0.16	-0.063	0.255	0.478	"3"
"承担"	0	0	1	0.308	0.135	0.556	-0.16	-0.063	0.255	0.478	"3"
"承载"	0	0	1	0.308	0.135	0.556	-0.16	-0.063	0.255	0.478	"3"
"技术"	0	0	10	3.082	1.354	5.564	-1.6	-0.632	2.546	4.778	"3"
"抓获"	0	1	0	0.308	0.135	0.556	-0.16	0.868	-0.353	1.381	"2"
"折返"	0	0	1	0.308	0.135	0.556	-0.16	-0.063	0.255	0.478	"3"
"抛锚"	0	0	1	0.308	0.135	0.556	-0.16	-0.063	0.255	0.478	"3"
"抢劫"	0	0	1	0.308	0.135	0.556	-0.16	-0.063	0.255	0.478	"3"
"护卫"	0	0	1	0.308	0.135	0.556	-0.16	-0.063	0.255	0.478	"3"
"抵达"	0	0	3	0.924	0.406	1.669	-0.48	-0.19	0.764	1.434	"3"
"拆解"	0	2	0	0.616	0.271	1.113	-0.32	1.737	-0.706	2.763	"2"
"拍照"	0	0	2	0.616	0.271	1.113	-0.32	-0.126	0.509	0.955	"3"
"拖"	0	0	1	0.308	0.135	0.556	-0.16	-0.063	0.255	0.478	"3"
"招收"	0	0	1	0.308	0.135	0.556	-0.16	-0.063	0.255	0.478	"3"
"拦截"	0	0	3	0.924	0.406	1.669	-0.48	-0.19	0.764	1.434	"3"
"挂桨机船"	0	0	1	0.308	0.135	0.556	-0.16	-0.063	0.255	0.478	"3"
"指陈"	0	0	1	0.308	0.135	0.556	-0.16	-0.063	0.255	0.478	"3"
"按"	0	0	4	1.233	0.542	2.226	-0.64	-0.253	1.018	1.911	"3"
"按照"	0	0	2	0.616	0.271	1.113	-0.32	-0.126	0.509	0.955	"3"
"挤压"	0	0	1	0.308	0.135	0.556	-0.16	-0.063	0.255	0.478	"3"
"捕"	0	1	0	0.308	0.135	0.556	-0.16	0.868	-0.353	1.381	"2"
"捕捞"	0	0	1	0.308	0.135	0.556	-0.16	-0.063	0.255	0.478	"3"
"捞"	0	0	1	0.308	0.135	0.556	-0.16	-0.063	0.255	0.478	"3"
"排污"	0	0	1	0.308	0.135	0.556	-0.16	-0.063	0.255	0.478	"3"
"掠过"	0	0	1	0.308	0.135	0.556	-0.16	-0.063	0.255	0.478	"3"
"接着"	0	1	0	0.308	0.135	0.556	-0.16	0.868	-0.353	1.381	"2"
"接近"	0	0	1	0.308	0.135	0.556	-0.16	-0.063	0.255	0.478	"3"
"提供"	0	0	2	0.616	0.271	1.113	-0.32	-0.126	0.509	0.955	"3"
"提醒"	0	0	2	0.616	0.271	1.113	-0.32	-0.126	0.509	0.955	"3"
"提高"	0	0	2	0.616	0.271	1.113	-0.32	-0.126	0.509	0.955	"3"
"搁浅"	0	0	6	1.849	0.813	3.339	-0.96	-0.379	1.528	2.867	"3"
"搜寻"	0	0	1	0.308	0.135	0.556	-0.16	-0.063	0.255	0.478	"3"
"搜捕"	0	0	1	0.308	0.135	0.556	-0.16	-0.063	0.255	0.478	"3"
"搜救"	0	0	2	0.616	0.271	1.113	-0.32	-0.126	0.509	0.955	"3"
"搭"	0	0	1	0.308	0.135	0.556	-0.16	-0.063	0.255	0.478	"3"
"搭乘"	0	0	2	0.616	0.271	1.113	-0.32	-0.126	0.509	0.955	"3"
"摧毁"	0	1	0	0.308	0.135	0.556	-0.16	0.868	-0.353	1.381	"2"
"撞击"	0	0	1	0.308	0.135	0.556	-0.16	-0.063	0.255	0.478	"3"
"撞到"	0	1	0	0.308	0.135	0.556	-0.16	0.868	-0.353	1.381	"2"
"撞及"	0	0	1	0.308	0.135	0.556	-0.16	-0.063	0.255	0.478	"3"
"播放"	0	0	1	0.308	0.135	0.556	-0.16	-0.063	0.255	0.478	"3"
"支援"	0	0	1	0.308	0.135	0.556	-0.16	-0.063	0.255	0.478	"3"
"支流"	0	0	2	0.616	0.271	1.113	-0.32	-0.126	0.509	0.955	"3"
"改善"	0	0	1	0.308	0.135	0.556	-0.16	-0.063	0.255	0.478	"3"
"改装"	0	0	1	0.308	0.135	0.556	-0.16	-0.063	0.255	0.478	"3"
"攻击"	0	0	1	0.308	0.135	0.556	-0.16	-0.063	0.255	0.478	"3"
"故"	0	0	2	0.616	0.271	1.113	-0.32	-0.126	0.509	0.955	"3"
"故障"	0	0	1	0.308	0.135	0.556	-0.16	-0.063	0.255	0.478	"3"
"效率"	0	0	1	0.308	0.135	0.556	-0.16	-0.063	0.255	0.478	"3"
"救"	0	1	0	0.308	0.135	0.556	-0.16	0.868	-0.353	1.381	"2"
"救助"	0	3	4	2.157	0.948	3.895	-1.12	1.245	0.206	2.571	"2"
"救护"	0	1	0	0.308	0.135	0.556	-0.16	0.868	-0.353	1.381	"2"
"救援"	0	1	5	1.849	0.813	3.339	-0.96	0.235	0.765	1.96	"1"
"救起"	0	0	1	0.308	0.135	0.556	-0.16	-0.063	0.255	0.478	"3"
"数量"	0	2	1	0.924	0.406	1.669	-0.48	1.301	-0.381	2.162	"2"
"整顿"	0	1	1	0.616	0.271	1.113	-0.32	0.598	-0.161	1.079	"2"
"料"	0	0	1	0.308	0.135	0.556	-0.16	-0.063	0.255	0.478	"3"
"料罗"	0	0	1	0.308	0.135	0.556	-0.16	-0.063	0.255	0.478	"3"
"断缆"	0	0	1	0.308	0.135	0.556	-0.16	-0.063	0.255	0.478	"3"
"斯港"	0	0	1	0.308	0.135	0.556	-0.16	-0.063	0.255	0.478	"3"
"新型"	0	0	1	0.308	0.135	0.556	-0.16	-0.063	0.255	0.478	"3"
"新建"	0	0	1	0.308	0.135	0.556	-0.16	-0.063	0.255	0.478	"3"
"新签"	0	0	1	0.308	0.135	0.556	-0.16	-0.063	0.255	0.478	"3"
"新高"	0	1	0	0.308	0.135	0.556	-0.16	0.868	-0.353	1.381	"2"
"施行"	0	0	1	0.308	0.135	0.556	-0.16	-0.063	0.255	0.478	"3"
"旅客"	0	3	2	1.541	0.677	2.782	-0.8	1.698	-0.403	2.901	"2"
"旅游船"	0	0	1	0.308	0.135	0.556	-0.16	-0.063	0.255	0.478	"3"
"旗下"	0	0	1	0.308	0.135	0.556	-0.16	-0.063	0.255	0.478	"3"
"无"	0	0	3	0.924	0.406	1.669	-0.48	-0.19	0.764	1.434	"3"
"无关"	0	0	2	0.616	0.271	1.113	-0.32	-0.126	0.509	0.955	"3"
"无异"	0	0	1	0.308	0.135	0.556	-0.16	-0.063	0.255	0.478	"3"
"日昨"	0	1	0	0.308	0.135	0.556	-0.16	0.868	-0.353	1.381	"2"
"早年河"	0	0	1	0.308	0.135	0.556	-0.16	-0.063	0.255	0.478	"3"
"明"	18	0	1	5.855	2.573	10.572	8.073	-1.201	-5.313	14.587	"1"
"明定"	0	0	1	0.308	0.135	0.556	-0.16	-0.063	0.255	0.478	"3"
"易"	0	0	1	0.308	0.135	0.556	-0.16	-0.063	0.255	0.478	"3"
"星国"	0	0	1	0.308	0.135	0.556	-0.16	-0.063	0.255	0.478	"3"
"春运"	0	0	1	0.308	0.135	0.556	-0.16	-0.063	0.255	0.478	"3"
"普"	0	0	1	0.308	0.135	0.556	-0.16	-0.063	0.255	0.478	"3"
"最为"	0	0	1	0.308	0.135	0.556	-0.16	-0.063	0.255	0.478	"3"
"有关"	0	0	1	0.308	0.135	0.556	-0.16	-0.063	0.255	0.478	"3"
"有限公司"	0	0	1	0.308	0.135	0.556	-0.16	-0.063	0.255	0.478	"3"
"服务器"	0	0	1	0.308	0.135	0.556	-0.16	-0.063	0.255	0.478	"3"
"服装"	0	0	1	0.308	0.135	0.556	-0.16	-0.063	0.255	0.478	"3"
"望出去"	0	0	1	0.308	0.135	0.556	-0.16	-0.063	0.255	0.478	"3"
"朝"	0	0	1	0.308	0.135	0.556	-0.16	-0.063	0.255	0.478	"3"
"朝核"	0	0	1	0.308	0.135	0.556	-0.16	-0.063	0.255	0.478	"3"
"朝鲜"	0	1	2	0.924	0.406	1.669	-0.48	0.451	0.233	1.164	"1"
"木材"	0	0	1	0.308	0.135	0.556	-0.16	-0.063	0.255	0.478	"3"
"机件"	0	0	1	0.308	0.135	0.556	-0.16	-0.063	0.255	0.478	"3"
"机器"	0	1	0	0.308	0.135	0.556	-0.16	0.868	-0.353	1.381	"2"
"机帆"	0	0	1	0.308	0.135	0.556	-0.16	-0.063	0.255	0.478	"3"
"杀伤力"	0	0	1	0.308	0.135	0.556	-0.16	-0.063	0.255	0.478	"3"
"杂货"	0	0	1	0.308	0.135	0.556	-0.16	-0.063	0.255	0.478	"3"
"杂货船"	0	0	1	0.308	0.135	0.556	-0.16	-0.063	0.255	0.478	"3"
"材"	0	0	1	0.308	0.135	0.556	-0.16	-0.063	0.255	0.478	"3"
"条件"	0	0	1	0.308	0.135	0.556	-0.16	-0.063	0.255	0.478	"3"
"条例"	0	0	2	0.616	0.271	1.113	-0.32	-0.126	0.509	0.955	"3"
"来"	0	1	3	1.233	0.542	2.226	-0.64	0.355	0.396	1.391	"1"
"来历"	0	0	1	0.308	0.135	0.556	-0.16	-0.063	0.255	0.478	"3"
"来往"	0	1	2	0.924	0.406	1.669	-0.48	0.451	0.233	1.164	"1"
"极"	0	0	1	0.308	0.135	0.556	-0.16	-0.063	0.255	0.478	"3"
"架次"	0	2	0	0.616	0.271	1.113	-0.32	1.737	-0.706	2.763	"2"
"柏乐巴"	0	0	1	0.308	0.135	0.556	-0.16	-0.063	0.255	0.478	"3"
"染"	0	0	1	0.308	0.135	0.556	-0.16	-0.063	0.255	0.478	"3"
"查"	0	1	0	0.308	0.135	0.556	-0.16	0.868	-0.353	1.381	"2"
"查出"	0	1	0	0.308	0.135	0.556	-0.16	0.868	-0.353	1.381	"2"
"查处"	0	1	0	0.308	0.135	0.556	-0.16	0.868	-0.353	1.381	"2"
"查缉"	0	0	1	0.308	0.135	0.556	-0.16	-0.063	0.255	0.478	"3"
"标"	0	0	1	0.308	0.135	0.556	-0.16	-0.063	0.255	0.478	"3"
"标准化"	0	0	1	0.308	0.135	0.556	-0.16	-0.063	0.255	0.478	"3"
"核工业"	0	0	1	0.308	0.135	0.556	-0.16	-0.063	0.255	0.478	"3"
"桥梁"	0	0	1	0.308	0.135	0.556	-0.16	-0.063	0.255	0.478	"3"
"检查"	0	4	9	4.006	1.76	7.234	-2.08	1.057	0.615	3.752	"1"
"检查法"	0	0	1	0.308	0.135	0.556	-0.16	-0.063	0.255	0.478	"3"
"检疫"	0	0	3	0.924	0.406	1.669	-0.48	-0.19	0.764	1.434	"3"
"检验"	0	0	7	2.157	0.948	3.895	-1.12	-0.442	1.782	3.344	"3"
"概略"	0	0	1	0.308	0.135	0.556	-0.16	-0.063	0.255	0.478	"3"
"模式"	0	0	1	0.308	0.135	0.556	-0.16	-0.063	0.255	0.478	"3"
"模糊"	0	0	1	0.308	0.135	0.556	-0.16	-0.063	0.255	0.478	"3"
"止"	0	0	1	0.308	0.135	0.556	-0.16	-0.063	0.255	0.478	"3"
"正对面"	0	0	1	0.308	0.135	0.556	-0.16	-0.063	0.255	0.478	"3"
"正式"	0	0	1	0.308	0.135	0.556	-0.16	-0.063	0.255	0.478	"3"
"武汉"	0	0	2	0.616	0.271	1.113	-0.32	-0.126	0.509	0.955	"3"
"段"	0	0	2	0.616	0.271	1.113	-0.32	-0.126	0.509	0.955	"3"
"毒品"	0	0	1	0.308	0.135	0.556	-0.16	-0.063	0.255	0.478	"3"
"比照"	0	0	1	0.308	0.135	0.556	-0.16	-0.063	0.255	0.478	"3"
"民事"	0	0	1	0.308	0.135	0.556	-0.16	-0.063	0.255	0.478	"3"
"民爆"	0	0	1	0.308	0.135	0.556	-0.16	-0.063	0.255	0.478	"3"
"水上"	0	0	1	0.308	0.135	0.556	-0.16	-0.063	0.255	0.478	"3"
"水位"	0	0	8	2.465	1.083	4.451	-1.28	-0.506	2.037	3.823	"3"
"水域"	0	0	10	3.082	1.354	5.564	-1.6	-0.632	2.546	4.778	"3"
"水库"	0	0	1	0.308	0.135	0.556	-0.16	-0.063	0.255	0.478	"3"
"水急礁众"	0	0	1	0.308	0.135	0.556	-0.16	-0.063	0.255	0.478	"3"
"水泥"	0	0	1	0.308	0.135	0.556	-0.16	-0.063	0.255	0.478	"3"
"水质"	0	0	1	0.308	0.135	0.556	-0.16	-0.063	0.255	0.478	"3"
"水道"	0	0	3	0.924	0.406	1.669	-0.48	-0.19	0.764	1.434	"3"
"永久"	0	0	1	0.308	0.135	0.556	-0.16	-0.063	0.255	0.478	"3"
"汇报"	0	0	1	0.308	0.135	0.556	-0.16	-0.063	0.255	0.478	"3"
"江"	0	0	3	0.924	0.406	1.669	-0.48	-0.19	0.764	1.434	"3"
"江号"	0	0	1	0.308	0.135	0.556	-0.16	-0.063	0.255	0.478	"3"
"江苏"	0	0	1	0.308	0.135	0.556	-0.16	-0.063	0.255	0.478	"3"
"江西省"	0	0	1	0.308	0.135	0.556	-0.16	-0.063	0.255	0.478	"3"
"江面"	0	0	1	0.308	0.135	0.556	-0.16	-0.063	0.255	0.478	"3"
"污染"	0	0	7	2.157	0.948	3.895	-1.12	-0.442	1.782	3.344	"3"
"污水"	0	0	1	0.308	0.135	0.556	-0.16	-0.063	0.255	0.478	"3"
"汽车"	0	0	3	0.924	0.406	1.669	-0.48	-0.19	0.764	1.434	"3"
"沈阳舰"	0	0	1	0.308	0.135	0.556	-0.16	-0.063	0.255	0.478	"3"
"沉"	0	0	1	0.308	0.135	0.556	-0.16	-0.063	0.255	0.478	"3"
"沉没"	0	3	3	1.849	0.813	3.339	-0.96	1.442	-0.263	2.665	"2"
"河"	0	1	0	0.308	0.135	0.556	-0.16	0.868	-0.353	1.381	"2"
"河段"	0	0	2	0.616	0.271	1.113	-0.32	-0.126	0.509	0.955	"3"
"河水"	0	0	1	0.308	0.135	0.556	-0.16	-0.063	0.255	0.478	"3"
"河面"	0	0	1	0.308	0.135	0.556	-0.16	-0.063	0.255	0.478	"3"
"油品"	0	0	2	0.616	0.271	1.113	-0.32	-0.126	0.509	0.955	"3"
"油槽船"	0	0	2	0.616	0.271	1.113	-0.32	-0.126	0.509	0.955	"3"
"油水"	0	0	1	0.308	0.135	0.556	-0.16	-0.063	0.255	0.478	"3"
"油污"	0	0	1	0.308	0.135	0.556	-0.16	-0.063	0.255	0.478	"3"
"油渍"	0	0	1	0.308	0.135	0.556	-0.16	-0.063	0.255	0.478	"3"
"油舱"	0	0	2	0.616	0.271	1.113	-0.32	-0.126	0.509	0.955	"3"
"油轮"	0	0	2	0.616	0.271	1.113	-0.32	-0.126	0.509	0.955	"3"
"沿海"	0	1	4	1.541	0.677	2.782	-0.8	0.287	0.575	1.662	"1"
"泊位"	0	0	2	0.616	0.271	1.113	-0.32	-0.126	0.509	0.955	"3"
"法德拉"	0	0	1	0.308	0.135	0.556	-0.16	-0.063	0.255	0.478	"3"
"泡壶"	0	0	1	0.308	0.135	0.556	-0.16	-0.063	0.255	0.478	"3"
"注"	2	0	0	0.616	0.271	1.113	1.022	-0.126	-0.706	1.854	"1"
"注册"	0	0	1	0.308	0.135	0.556	-0.16	-0.063	0.255	0.478	"3"
"注册处"	0	0	1	0.308	0.135	0.556	-0.16	-0.063	0.255	0.478	"3"
"注册港"	0	0	1	0.308	0.135	0.556	-0.16	-0.063	0.255	0.478	"3"
"注意"	111	0	2	34.822	15.302	62.876	53.262	-7.141	-35.888	96.291	"1"
"派出"	0	3	2	1.541	0.677	2.782	-0.8	1.698	-0.403	2.901	"2"
"流明渠"	0	0	1	0.308	0.135	0.556	-0.16	-0.063	0.255	0.478	"3"
"浅"	0	0	2	0.616	0.271	1.113	-0.32	-0.126	0.509	0.955	"3"
"浅险"	0	0	1	0.308	0.135	0.556	-0.16	-0.063	0.255	0.478	"3"
"测报"	0	0	1	0.308	0.135	0.556	-0.16	-0.063	0.255	0.478	"3"
"测查"	0	0	1	0.308	0.135	0.556	-0.16	-0.063	0.255	0.478	"3"
"测量"	0	0	1	0.308	0.135	0.556	-0.16	-0.063	0.255	0.478	"3"
"浓雾"	0	0	2	0.616	0.271	1.113	-0.32	-0.126	0.509	0.955	"3"
"浮"	0	0	1	0.308	0.135	0.556	-0.16	-0.063	0.255	0.478	"3"
"浯江"	0	0	1	0.308	0.135	0.556	-0.16	-0.063	0.255	0.478	"3"
"海"	0	3	16	5.855	2.573	10.572	-3.04	0.314	2.048	5.402	"1"
"海上"	0	0	5	1.541	0.677	2.782	-0.8	-0.316	1.273	2.389	"3"
"海事"	0	0	8	2.465	1.083	4.451	-1.28	-0.506	2.037	3.823	"3"
"海事处"	0	0	1	0.308	0.135	0.556	-0.16	-0.063	0.255	0.478	"3"
"海事局"	0	2	3	1.541	0.677	2.782	-0.8	0.858	0.218	1.876	"2"
"海军"	0	3	3	1.849	0.813	3.339	-0.96	1.442	-0.263	2.665	"2"
"海域"	0	5	10	4.622	2.031	8.346	-2.4	1.374	0.557	4.331	"1"
"海岸"	0	0	1	0.308	0.135	0.556	-0.16	-0.063	0.255	0.478	"3"
"海峡"	0	0	4	1.233	0.542	2.226	-0.64	-0.253	1.018	1.911	"3"
"海巡署"	0	0	2	0.616	0.271	1.113	-0.32	-0.126	0.509	0.955	"3"
"海巡队"	0	0	1	0.308	0.135	0.556	-0.16	-0.063	0.255	0.478	"3"
"海洋"	0	2	5	2.157	0.948	3.895	-1.12	0.614	0.483	2.217	"1"
"海港"	0	1	0	0.308	0.135	0.556	-0.16	0.868	-0.353	1.381	"2"
"海湾"	0	1	0	0.308	0.135	0.556	-0.16	0.868	-0.353	1.381	"2"
"海皇"	0	0	1	0.308	0.135	0.556	-0.16	-0.063	0.255	0.478	"3"
"海盗"	0	0	2	0.616	0.271	1.113	-0.32	-0.126	0.509	0.955	"3"
"海空"	0	0	1	0.308	0.135	0.556	-0.16	-0.063	0.255	0.478	"3"
"海运"	0	1	3	1.233	0.542	2.226	-0.64	0.355	0.396	1.391	"1"
"海里"	0	0	1	0.308	0.135	0.556	-0.16	-0.063	0.255	0.478	"3"
"海难"	0	0	1	0.308	0.135	0.556	-0.16	-0.063	0.255	0.478	"3"
"海面"	17	0	6	7.088	3.115	12.798	4.58	-1.453	-2.401	8.434	"1"
"消毒"	0	0	2	0.616	0.271	1.113	-0.32	-0.126	0.509	0.955	"3"
"消防处"	0	0	1	0.308	0.135	0.556	-0.16	-0.063	0.255	0.478	"3"
"涉"	0	0	1	0.308	0.135	0.556	-0.16	-0.063	0.255	0.478	"3"
"涉嫌"	0	0	1	0.308	0.135	0.556	-0.16	-0.063	0.255	0.478	"3"
"涨潮"	0	0	1	0.308	0.135	0.556	-0.16	-0.063	0.255	0.478	"3"
"液化"	0	0	1	0.308	0.135	0.556	-0.16	-0.063	0.255	0.478	"3"
"深"	0	0	2	0.616	0.271	1.113	-0.32	-0.126	0.509	0.955	"3"
"深水"	0	0	1	0.308	0.135	0.556	-0.16	-0.063	0.255	0.478	"3"
"混乱"	0	0	1	0.308	0.135	0.556	-0.16	-0.063	0.255	0.478	"3"
"淹水"	0	0	1	0.308	0.135	0.556	-0.16	-0.063	0.255	0.478	"3"
"添加"	0	0	1	0.308	0.135	0.556	-0.16	-0.063	0.255	0.478	"3"
"清洗"	0	0	1	0.308	0.135	0.556	-0.16	-0.063	0.255	0.478	"3"
"清除"	0	0	1	0.308	0.135	0.556	-0.16	-0.063	0.255	0.478	"3"
"渔业"	0	0	3	0.924	0.406	1.669	-0.48	-0.19	0.764	1.434	"3"
"渔工"	0	0	2	0.616	0.271	1.113	-0.32	-0.126	0.509	0.955	"3"
"渔政"	0	0	1	0.308	0.135	0.556	-0.16	-0.063	0.255	0.478	"3"
"渔栅"	0	0	1	0.308	0.135	0.556	-0.16	-0.063	0.255	0.478	"3"
"渔民"	0	0	1	0.308	0.135	0.556	-0.16	-0.063	0.255	0.478	"3"
"渔船"	0	1	3	1.233	0.542	2.226	-0.64	0.355	0.396	1.391	"1"
"渔行"	0	1	0	0.308	0.135	0.556	-0.16	0.868	-0.353	1.381	"2"
"渡江"	0	0	1	0.308	0.135	0.556	-0.16	-0.063	0.255	0.478	"3"
"渡轮"	0	1	0	0.308	0.135	0.556	-0.16	0.868	-0.353	1.381	"2"
"渤"	0	0	2	0.616	0.271	1.113	-0.32	-0.126	0.509	0.955	"3"
"渤海"	0	0	1	0.308	0.135	0.556	-0.16	-0.063	0.255	0.478	"3"
"港"	0	0	2	0.616	0.271	1.113	-0.32	-0.126	0.509	0.955	"3"
"港务"	0	0	2	0.616	0.271	1.113	-0.32	-0.126	0.509	0.955	"3"
"港务处"	0	0	1	0.308	0.135	0.556	-0.16	-0.063	0.255	0.478	"3"
"港务局"	0	0	4	1.233	0.542	2.226	-0.64	-0.253	1.018	1.911	"3"
"港区"	0	0	3	0.924	0.406	1.669	-0.48	-0.19	0.764	1.434	"3"
"港口"	0	1	12	4.006	1.76	7.234	-2.08	-0.339	2.254	4.673	"3"
"港湾"	0	1	1	0.616	0.271	1.113	-0.32	0.598	-0.161	1.079	"2"
"港澳"	0	0	1	0.308	0.135	0.556	-0.16	-0.063	0.255	0.478	"3"
"游程"	0	1	0	0.308	0.135	0.556	-0.16	0.868	-0.353	1.381	"2"
"游艺机"	0	0	1	0.308	0.135	0.556	-0.16	-0.063	0.255	0.478	"3"
"湾"	0	0	1	0.308	0.135	0.556	-0.16	-0.063	0.255	0.478	"3"
"滑坡"	0	1	0	0.308	0.135	0.556	-0.16	0.868	-0.353	1.381	"2"
"滞留"	0	0	3	0.924	0.406	1.669	-0.48	-0.19	0.764	1.434	"3"
"满足"	0	0	2	0.616	0.271	1.113	-0.32	-0.126	0.509	0.955	"3"
"满载"	0	1	0	0.308	0.135	0.556	-0.16	0.868	-0.353	1.381	"2"
"滩"	0	0	1	0.308	0.135	0.556	-0.16	-0.063	0.255	0.478	"3"
"澳洲"	0	0	1	0.308	0.135	0.556	-0.16	-0.063	0.255	0.478	"3"
"澳门"	0	0	4	1.233	0.542	2.226	-0.64	-0.253	1.018	1.911	"3"
"澳门国"	0	0	2	0.616	0.271	1.113	-0.32	-0.126	0.509	0.955	"3"
"火车"	0	0	4	1.233	0.542	2.226	-0.64	-0.253	1.018	1.911	"3"
"灾区"	0	0	1	0.308	0.135	0.556	-0.16	-0.063	0.255	0.478	"3"
"炸"	0	0	1	0.308	0.135	0.556	-0.16	-0.063	0.255	0.478	"3"
"炸药"	0	1	0	0.308	0.135	0.556	-0.16	0.868	-0.353	1.381	"2"
"熟悉"	0	0	1	0.308	0.135	0.556	-0.16	-0.063	0.255	0.478	"3"
"燃"	0	0	2	0.616	0.271	1.113	-0.32	-0.126	0.509	0.955	"3"
"燃料"	0	0	1	0.308	0.135	0.556	-0.16	-0.063	0.255	0.478	"3"
"爆"	0	0	1	0.308	0.135	0.556	-0.16	-0.063	0.255	0.478	"3"
"爆炸"	0	2	5	2.157	0.948	3.895	-1.12	0.614	0.483	2.217	"1"
"物资"	0	0	2	0.616	0.271	1.113	-0.32	-0.126	0.509	0.955	"3"
"特"	2	0	0	0.616	0.271	1.113	1.022	-0.126	-0.706	1.854	"1"
"特别"	32	0	2	10.477	4.604	18.918	13.919	-2.149	-9.036	25.104	"1"
"狂风"	0	1	0	0.308	0.135	0.556	-0.16	0.868	-0.353	1.381	"2"
"猛虎组"	0	1	0	0.308	0.135	0.556	-0.16	0.868	-0.353	1.381	"2"
"王郡"	0	0	1	0.308	0.135	0.556	-0.16	-0.063	0.255	0.478	"3"
"现代"	0	0	1	0.308	0.135	0.556	-0.16	-0.063	0.255	0.478	"3"
"现有"	0	1	0	0.308	0.135	0.556	-0.16	0.868	-0.353	1.381	"2"
"班次"	0	0	1	0.308	0.135	0.556	-0.16	-0.063	0.255	0.478	"3"
"班车"	0	0	1	0.308	0.135	0.556	-0.16	-0.063	0.255	0.478	"3"
"理"	0	0	1	0.308	0.135	0.556	-0.16	-0.063	0.255	0.478	"3"
"理工"	0	0	1	0.308	0.135	0.556	-0.16	-0.063	0.255	0.478	"3"
"用来"	0	0	2	0.616	0.271	1.113	-0.32	-0.126	0.509	0.955	"3"
"申明"	0	0	2	0.616	0.271	1.113	-0.32	-0.126	0.509	0.955	"3"
"申请"	0	0	2	0.616	0.271	1.113	-0.32	-0.126	0.509	0.955	"3"
"电单车"	0	1	0	0.308	0.135	0.556	-0.16	0.868	-0.353	1.381	"2"
"电器"	0	0	1	0.308	0.135	0.556	-0.16	-0.063	0.255	0.478	"3"
"画册"	0	0	1	0.308	0.135	0.556	-0.16	-0.063	0.255	0.478	"3"
"畅通"	0	1	0	0.308	0.135	0.556	-0.16	0.868	-0.353	1.381	"2"
"疏散"	0	0	1	0.308	0.135	0.556	-0.16	-0.063	0.255	0.478	"3"
"疏浚"	0	0	3	0.924	0.406	1.669	-0.48	-0.19	0.764	1.434	"3"
"疏运"	0	0	1	0.308	0.135	0.556	-0.16	-0.063	0.255	0.478	"3"
"疑属"	0	1	0	0.308	0.135	0.556	-0.16	0.868	-0.353	1.381	"2"
"登船"	0	0	2	0.616	0.271	1.113	-0.32	-0.126	0.509	0.955	"3"
"登记"	0	0	7	2.157	0.948	3.895	-1.12	-0.442	1.782	3.344	"3"
"白马港"	0	0	1	0.308	0.135	0.556	-0.16	-0.063	0.255	0.478	"3"
"百分之八十"	0	0	1	0.308	0.135	0.556	-0.16	-0.063	0.255	0.478	"3"
"百分之零点七"	0	0	1	0.308	0.135	0.556	-0.16	-0.063	0.255	0.478	"3"
"皇属"	0	0	1	0.308	0.135	0.556	-0.16	-0.063	0.255	0.478	"3"
"盐田港"	0	0	1	0.308	0.135	0.556	-0.16	-0.063	0.255	0.478	"3"
"监控"	0	0	1	0.308	0.135	0.556	-0.16	-0.063	0.255	0.478	"3"
"监管"	0	0	1	0.308	0.135	0.556	-0.16	-0.063	0.255	0.478	"3"
"监视"	0	0	1	0.308	0.135	0.556	-0.16	-0.063	0.255	0.478	"3"
"盟国"	0	0	1	0.308	0.135	0.556	-0.16	-0.063	0.255	0.478	"3"
"目"	0	1	0	0.308	0.135	0.556	-0.16	0.868	-0.353	1.381	"2"
"目的"	0	0	1	0.308	0.135	0.556	-0.16	-0.063	0.255	0.478	"3"
"直"	0	0	1	0.308	0.135	0.556	-0.16	-0.063	0.255	0.478	"3"
"直升机"	0	1	1	0.616	0.271	1.113	-0.32	0.598	-0.161	1.079	"2"
"直航"	0	1	0	0.308	0.135	0.556	-0.16	0.868	-0.353	1.381	"2"
"直通"	0	0	1	0.308	0.135	0.556	-0.16	-0.063	0.255	0.478	"3"
"相互"	0	0	1	0.308	0.135	0.556	-0.16	-0.063	0.255	0.478	"3"
"相撞"	0	0	1	0.308	0.135	0.556	-0.16	-0.063	0.255	0.478	"3"
"石化"	0	0	2	0.616	0.271	1.113	-0.32	-0.126	0.509	0.955	"3"
"石块"	0	1	0	0.308	0.135	0.556	-0.16	0.868	-0.353	1.381	"2"
"石垣岛"	0	0	1	0.308	0.135	0.556	-0.16	-0.063	0.255	0.478	"3"
"码头"	0	2	8	3.082	1.354	5.564	-1.6	0.397	0.971	2.968	"1"
"破损"	0	0	1	0.308	0.135	0.556	-0.16	-0.063	0.255	0.478	"3"
"确保"	0	1	2	0.924	0.406	1.669	-0.48	0.451	0.233	1.164	"1"
"碍"	0	0	1	0.308	0.135	0.556	-0.16	-0.063	0.255	0.478	"3"
"碰撞"	0	0	3	0.924	0.406	1.669	-0.48	-0.19	0.764	1.434	"3"
"禁止"	0	0	1	0.308	0.135	0.556	-0.16	-0.063	0.255	0.478	"3"
"禁航"	0	0	3	0.924	0.406	1.669	-0.48	-0.19	0.764	1.434	"3"
"福州"	0	0	1	0.308	0.135	0.556	-0.16	-0.063	0.255	0.478	"3"
"离港"	0	1	0	0.308	0.135	0.556	-0.16	0.868	-0.353	1.381	"2"
"租用"	0	2	0	0.616	0.271	1.113	-0.32	1.737	-0.706	2.763	"2"
"秩序"	0	0	3	0.924	0.406	1.669	-0.48	-0.19	0.764	1.434	"3"
"称号"	0	0	1	0.308	0.135	0.556	-0.16	-0.063	0.255	0.478	"3"
"移动"	0	0	1	0.308	0.135	0.556	-0.16	-0.063	0.255	0.478	"3"
"移民"	0	1	0	0.308	0.135	0.556	-0.16	0.868	-0.353	1.381	"2"
"程序"	0	0	1	0.308	0.135	0.556	-0.16	-0.063	0.255	0.478	"3"
"空"	0	0	1	0.308	0.135	0.556	-0.16	-0.063	0.255	0.478	"3"
"穿梭"	0	0	1	0.308	0.135	0.556	-0.16	-0.063	0.255	0.478	"3"
"突尼斯"	0	3	0	0.924	0.406	1.669	-0.48	2.605	-1.059	4.144	"2"
"突破"	0	1	0	0.308	0.135	0.556	-0.16	0.868	-0.353	1.381	"2"
"立即"	0	1	2	0.924	0.406	1.669	-0.48	0.451	0.233	1.164	"1"
"等待"	0	0	1	0.308	0.135	0.556	-0.16	-0.063	0.255	0.478	"3"
"筹建"	0	0	1	0.308	0.135	0.556	-0.16	-0.063	0.255	0.478	"3"
"管制"	0	0	1	0.308	0.135	0.556	-0.16	-0.063	0.255	0.478	"3"
"管理"	0	0	2	0.616	0.271	1.113	-0.32	-0.126	0.509	0.955	"3"
"箱"	0	0	1	0.308	0.135	0.556	-0.16	-0.063	0.255	0.478	"3"
"类似"	0	0	1	0.308	0.135	0.556	-0.16	-0.063	0.255	0.478	"3"
"类型"	0	0	1	0.308	0.135	0.556	-0.16	-0.063	0.255	0.478	"3"
"精品"	0	0	1	0.308	0.135	0.556	-0.16	-0.063	0.255	0.478	"3"
"精细"	0	0	1	0.308	0.135	0.556	-0.16	-0.063	0.255	0.478	"3"
"系"	0	0	1	0.308	0.135	0.556	-0.16	-0.063	0.255	0.478	"3"
"系统"	0	0	3	0.924	0.406	1.669	-0.48	-0.19	0.764	1.434	"3"
"紊"	0	0	1	0.308	0.135	0.556	-0.16	-0.063	0.255	0.478	"3"
"紧急"	0	0	2	0.616	0.271	1.113	-0.32	-0.126	0.509	0.955	"3"
"紧急部"	0	0	1	0.308	0.135	0.556	-0.16	-0.063	0.255	0.478	"3"
"红油"	0	0	1	0.308	0.135	0.556	-0.16	-0.063	0.255	0.478	"3"
"级"	138	3	5	44.991	19.771	81.238	59.194	-5.877	-42.326	107.397	"1"
"线索"	0	0	1	0.308	0.135	0.556	-0.16	-0.063	0.255	0.478	"3"
"组装"	0	0	2	0.616	0.271	1.113	-0.32	-0.126	0.509	0.955	"3"
"织"	0	2	0	0.616	0.271	1.113	-0.32	1.737	-0.706	2.763	"2"
"终于"	0	0	1	0.308	0.135	0.556	-0.16	-0.063	0.255	0.478	"3"
"经"	0	0	3	0.924	0.406	1.669	-0.48	-0.19	0.764	1.434	"3"
"经营"	0	0	2	0.616	0.271	1.113	-0.32	-0.126	0.509	0.955	"3"
"经过"	0	0	1	0.308	0.135	0.556	-0.16	-0.063	0.255	0.478	"3"
"绞滩桩"	0	0	1	0.308	0.135	0.556	-0.16	-0.063	0.255	0.478	"3"
"续航力"	0	0	1	0.308	0.135	0.556	-0.16	-0.063	0.255	0.478	"3"
"维修"	0	0	5	1.541	0.677	2.782	-0.8	-0.316	1.273	2.389	"3"
"维多利亚"	0	1	0	0.308	0.135	0.556	-0.16	0.868	-0.353	1.381	"2"
"维护"	0	0	3	0.924	0.406	1.669	-0.48	-0.19	0.764	1.434	"3"
"缆"	0	0	1	0.308	0.135	0.556	-0.16	-0.063	0.255	0.478	"3"
"缓缓"	0	0	1	0.308	0.135	0.556	-0.16	-0.063	0.255	0.478	"3"
"缩短"	0	0	1	0.308	0.135	0.556	-0.16	-0.063	0.255	0.478	"3"
"缺陷"	0	1	0	0.308	0.135	0.556	-0.16	0.868	-0.353	1.381	"2"
"罗"	0	0	1	0.308	0.135	0.556	-0.16	-0.063	0.255	0.478	"3"
"署"	0	0	2	0.616	0.271	1.113	-0.32	-0.126	0.509	0.955	"3"
"署长"	0	0	1	0.308	0.135	0.556	-0.16	-0.063	0.255	0.478	"3"
"罹患"	0	0	1	0.308	0.135	0.556	-0.16	-0.063	0.255	0.478	"3"
"群岛"	0	1	0	0.308	0.135	0.556	-0.16	0.868	-0.353	1.381	"2"
"翻坝"	0	0	1	0.308	0.135	0.556	-0.16	-0.063	0.255	0.478	"3"
"考古"	0	1	0	0.308	0.135	0.556	-0.16	0.868	-0.353	1.381	"2"
"肇事"	0	0	2	0.616	0.271	1.113	-0.32	-0.126	0.509	0.955	"3"
"肚泄"	0	0	1	0.308	0.135	0.556	-0.16	-0.063	0.255	0.478	"3"
"背景"	0	0	1	0.308	0.135	0.556	-0.16	-0.063	0.255	0.478	"3"
"能力"	0	0	2	0.616	0.271	1.113	-0.32	-0.126	0.509	0.955	"3"
"能见度"	0	0	1	0.308	0.135	0.556	-0.16	-0.063	0.255	0.478	"3"
"自动"	0	0	1	0.308	0.135	0.556	-0.16	-0.063	0.255	0.478	"3"
"自有"	0	0	1	0.308	0.135	0.556	-0.16	-0.063	0.255	0.478	"3"
"致辞"	0	1	0	0.308	0.135	0.556	-0.16	0.868	-0.353	1.381	"2"
"航"	0	0	5	1.541	0.677	2.782	-0.8	-0.316	1.273	2.389	"3"
"航天"	0	0	1	0.308	0.135	0.556	-0.16	-0.063	0.255	0.478	"3"
"航次"	0	0	2	0.616	0.271	1.113	-0.32	-0.126	0.509	0.955	"3"
"航班"	0	2	1	0.924	0.406	1.669	-0.48	1.301	-0.381	2.162	"2"
"航程"	0	0	1	0.308	0.135	0.556	-0.16	-0.063	0.255	0.478	"3"
"航空"	0	0	1	0.308	0.135	0.556	-0.16	-0.063	0.255	0.478	"3"
"航站"	0	1	0	0.308	0.135	0.556	-0.16	0.868	-0.353	1.381	"2"
"航线"	0	0	3	0.924	0.406	1.669	-0.48	-0.19	0.764	1.434	"3"
"航行"	0	0	31	9.553	4.198	17.249	-4.96	-1.959	7.892	14.811	"3"
"航运"	0	0	3	0.924	0.406	1.669	-0.48	-0.19	0.764	1.434	"3"
"航道"	0	1	13	4.314	1.896	7.79	-2.24	-0.381	2.479	5.1	"3"
"航驶"	0	0	1	0.308	0.135	0.556	-0.16	-0.063	0.255	0.478	"3"
"舰队"	0	0	1	0.308	0.135	0.556	-0.16	-0.063	0.255	0.478	"3"
"舵手"	0	0	1	0.308	0.135	0.556	-0.16	-0.063	0.255	0.478	"3"
"船"	0	9	15	7.396	3.25	13.354	-3.84	2.535	0.493	6.868	"1"
"船位"	0	0	1	0.308	0.135	0.556	-0.16	-0.063	0.255	0.478	"3"
"船体"	0	0	1	0.308	0.135	0.556	-0.16	-0.063	0.255	0.478	"3"
"船厂"	0	1	1	0.616	0.271	1.113	-0.32	0.598	-0.161	1.079	"2"
"船只"	1	8	9	5.547	2.438	10.016	-1.925	2.858	-0.397	5.18	"2"
"船名"	0	0	1	0.308	0.135	0.556	-0.16	-0.063	0.255	0.478	"3"
"船员"	0	0	4	1.233	0.542	2.226	-0.64	-0.253	1.018	1.911	"3"
"船坞"	0	0	1	0.308	0.135	0.556	-0.16	-0.063	0.255	0.478	"3"
"船民"	0	0	1	0.308	0.135	0.556	-0.16	-0.063	0.255	0.478	"3"
"船舱"	0	0	1	0.308	0.135	0.556	-0.16	-0.063	0.255	0.478	"3"
"船舶"	0	6	33	12.018	5.281	21.701	-6.24	0.36	3.903	10.503	"1"
"船长"	0	0	3	0.924	0.406	1.669	-0.48	-0.19	0.764	1.434	"3"
"船闸"	0	2	11	4.006	1.76	7.234	-2.08	0.266	1.525	3.871	"1"
"船队"	0	0	1	0.308	0.135	0.556	-0.16	-0.063	0.255	0.478	"3"
"艘"	0	76	6	25.269	11.104	45.627	-13.119	57.822	-19.786	90.727	"2"
"苏"	0	1	0	0.308	0.135	0.556	-0.16	0.868	-0.353	1.381	"2"
"苏伊士"	0	1	1	0.616	0.271	1.113	-0.32	0.598	-0.161	1.079	"2"
"茅坪港"	0	0	2	0.616	0.271	1.113	-0.32	-0.126	0.509	0.955	"3"
"获准"	0	1	1	0.616	0.271	1.113	-0.32	0.598	-0.161	1.079	"2"
"获悉"	0	0	3	0.924	0.406	1.669	-0.48	-0.19	0.764	1.434	"3"
"营运"	0	0	1	0.308	0.135	0.556	-0.16	-0.063	0.255	0.478	"3"
"落水者"	0	0	1	0.308	0.135	0.556	-0.16	-0.063	0.255	0.478	"3"
"葡"	0	0	1	0.308	0.135	0.556	-0.16	-0.063	0.255	0.478	"3"
"蓄水"	0	0	1	0.308	0.135	0.556	-0.16	-0.063	0.255	0.478	"3"
"融资"	0	0	1	0.308	0.135	0.556	-0.16	-0.063	0.255	0.478	"3"
"行经"	0	1	0	0.308	0.135	0.556	-0.16	0.868	-0.353	1.381	"2"
"行驶到"	0	0	1	0.308	0.135	0.556	-0.16	-0.063	0.255	0.478	"3"
"被迫"	0	2	3	1.541	0.677	2.782	-0.8	0.858	0.218	1.876	"2"
"装"	0	0	1	0.308	0.135	0.556	-0.16	-0.063	0.255	0.478	"3"
"装上"	0	0	1	0.308	0.135	0.556	-0.16	-0.063	0.255	0.478	"3"
"装卸"	0	1	1	0.616	0.271	1.113	-0.32	0.598	-0.161	1.079	"2"
"装备"	0	0	4	1.233	0.542	2.226	-0.64	-0.253	1.018	1.911	"3"
"装满"	0	1	0	0.308	0.135	0.556	-0.16	0.868	-0.353	1.381	"2"
"装置"	0	0	3	0.924	0.406	1.669	-0.48	-0.19	0.764	1.434	"3"
"装设"	0	0	1	0.308	0.135	0.556	-0.16	-0.063	0.255	0.478	"3"
"装载"	0	0	1	0.308	0.135	0.556	-0.16	-0.063	0.255	0.478	"3"
"装运"	0	0	2	0.616	0.271	1.113	-0.32	-0.126	0.509	0.955	"3"
"西亚"	0	0	1	0.308	0.135	0.556	-0.16	-0.063	0.255	0.478	"3"
"西岸"	0	0	2	0.616	0.271	1.113	-0.32	-0.126	0.509	0.955	"3"
"要求"	0	0	1	0.308	0.135	0.556	-0.16	-0.063	0.255	0.478	"3"
"覆盖"	0	1	0	0.308	0.135	0.556	-0.16	0.868	-0.353	1.381	"2"
"观看"	0	0	1	0.308	0.135	0.556	-0.16	-0.063	0.255	0.478	"3"
"规定"	0	0	5	1.541	0.677	2.782	-0.8	-0.316	1.273	2.389	"3"
"规范"	0	0	1	0.308	0.135	0.556	-0.16	-0.063	0.255	0.478	"3"
"触礁"	0	0	1	0.308	0.135	0.556	-0.16	-0.063	0.255	0.478	"3"
"註册"	0	1	0	0.308	0.135	0.556	-0.16	0.868	-0.353	1.381	"2"
"警"	0	0	1	0.308	0.135	0.556	-0.16	-0.063	0.255	0.478	"3"
"警察厅"	0	1	0	0.308	0.135	0.556	-0.16	0.868	-0.353	1.381	"2"
"警报"	0	0	1	0.308	0.135	0.556	-0.16	-0.063	0.255	0.478	"3"
"警艇"	0	1	0	0.308	0.135	0.556	-0.16	0.868	-0.353	1.381	"2"
"订单"	0	0	2	0.616	0.271	1.113	-0.32	-0.126	0.509	0.955	"3"
"订定"	0	0	1	0.308	0.135	0.556	-0.16	-0.063	0.255	0.478	"3"
"讯息"	0	0	1	0.308	0.135	0.556	-0.16	-0.063	0.255	0.478	"3"
"记录"	0	0	1	0.308	0.135	0.556	-0.16	-0.063	0.255	0.478	"3"
"许可"	0	0	2	0.616	0.271	1.113	-0.32	-0.126	0.509	0.955	"3"
"设备"	0	0	4	1.233	0.542	2.226	-0.64	-0.253	1.018	1.911	"3"
"设立"	0	0	2	0.616	0.271	1.113	-0.32	-0.126	0.509	0.955	"3"
"设置"	0	0	2	0.616	0.271	1.113	-0.32	-0.126	0.509	0.955	"3"
"设计"	0	0	1	0.308	0.135	0.556	-0.16	-0.063	0.255	0.478	"3"
"证书"	0	0	1	0.308	0.135	0.556	-0.16	-0.063	0.255	0.478	"3"
"识别"	0	0	2	0.616	0.271	1.113	-0.32	-0.126	0.509	0.955	"3"
"试"	0	1	1	0.616	0.271	1.113	-0.32	0.598	-0.161	1.079	"2"
"试航"	0	1	3	1.233	0.542	2.226	-0.64	0.355	0.396	1.391	"1"
"诚信"	0	0	1	0.308	0.135	0.556	-0.16	-0.063	0.255	0.478	"3"
"请"	119	0	0	36.67	16.115	66.215	60.836	-7.52	-42.011	110.367	"1"
"请注"	6	0	0	1.849	0.813	3.339	3.067	-0.379	-2.118	5.564	"1"
"诸多"	0	0	1	0.308	0.135	0.556	-0.16	-0.063	0.255	0.478	"3"
"调度"	0	0	1	0.308	0.135	0.556	-0.16	-0.063	0.255	0.478	"3"
"谅"	0	0	1	0.308	0.135	0.556	-0.16	-0.063	0.255	0.478	"3"
"责令"	0	1	0	0.308	0.135	0.556	-0.16	0.868	-0.353	1.381	"2"
"责任"	0	0	1	0.308	0.135	0.556	-0.16	-0.063	0.255	0.478	"3"
"货"	0	1	0	0.308	0.135	0.556	-0.16	0.868	-0.353	1.381	"2"
"货柜"	0	1	3	1.233	0.542	2.226	-0.64	0.355	0.396	1.391	"1"
"货物"	0	1	1	0.616	0.271	1.113	-0.32	0.598	-0.161	1.079	"2"
"货轮"	0	2	4	1.849	0.813	3.339	-0.96	0.722	0.342	2.024	"1"
"货运"	0	0	1	0.308	0.135	0.556	-0.16	-0.063	0.255	0.478	"3"
"货量"	0	0	2	0.616	0.271	1.113	-0.32	-0.126	0.509	0.955	"3"
"质"	0	0	2	0.616	0.271	1.113	-0.32	-0.126	0.509	0.955	"3"
"购置"	0	0	1	0.308	0.135	0.556	-0.16	-0.063	0.255	0.478	"3"
"贸"	0	1	0	0.308	0.135	0.556	-0.16	0.868	-0.353	1.381	"2"
"资产"	0	0	1	0.308	0.135	0.556	-0.16	-0.063	0.255	0.478	"3"
"赶往"	0	0	1	0.308	0.135	0.556	-0.16	-0.063	0.255	0.478	"3"
"超大"	0	0	1	0.308	0.135	0.556	-0.16	-0.063	0.255	0.478	"3"
"超载"	0	1	2	0.924	0.406	1.669	-0.48	0.451	0.233	1.164	"1"
"超速"	0	0	1	0.308	0.135	0.556	-0.16	-0.063	0.255	0.478	"3"
"超重"	0	0	1	0.308	0.135	0.556	-0.16	-0.063	0.255	0.478	"3"
"越过"	0	1	1	0.616	0.271	1.113	-0.32	0.598	-0.161	1.079	"2"
"跟踪"	0	1	0	0.308	0.135	0.556	-0.16	0.868	-0.353	1.381	"2"
"踪"	0	0	1	0.308	0.135	0.556	-0.16	-0.063	0.255	0.478	"3"
"车"	0	0	1	0.308	0.135	0.556	-0.16	-0.063	0.255	0.478	"3"
"车辆"	0	0	7	2.157	0.948	3.895	-1.12	-0.442	1.782	3.344	"3"
"转向"	0	0	1	0.308	0.135	0.556	-0.16	-0.063	0.255	0.478	"3"
"转移到"	0	0	2	0.616	0.271	1.113	-0.32	-0.126	0.509	0.955	"3"
"转运"	0	0	1	0.308	0.135	0.556	-0.16	-0.063	0.255	0.478	"3"
"轮船"	0	0	1	0.308	0.135	0.556	-0.16	-0.063	0.255	0.478	"3"
"载"	0	3	0	0.924	0.406	1.669	-0.48	2.605	-1.059	4.144	"2"
"载有"	0	3	0	0.924	0.406	1.669	-0.48	2.605	-1.059	4.144	"2"
"载至"	0	0	1	0.308	0.135	0.556	-0.16	-0.063	0.255	0.478	"3"
"载货量"	0	0	2	0.616	0.271	1.113	-0.32	-0.126	0.509	0.955	"3"
"载运"	0	0	2	0.616	0.271	1.113	-0.32	-0.126	0.509	0.955	"3"
"载重"	0	0	2	0.616	0.271	1.113	-0.32	-0.126	0.509	0.955	"3"
"较"	0	0	5	1.541	0.677	2.782	-0.8	-0.316	1.273	2.389	"3"
"辖区"	0	0	1	0.308	0.135	0.556	-0.16	-0.063	0.255	0.478	"3"
"边"	0	1	3	1.233	0.542	2.226	-0.64	0.355	0.396	1.391	"1"
"达"	0	3	2	1.541	0.677	2.782	-0.8	1.698	-0.403	2.901	"2"
"过"	0	0	1	0.308	0.135	0.556	-0.16	-0.063	0.255	0.478	"3"
"过坝"	0	0	2	0.616	0.271	1.113	-0.32	-0.126	0.509	0.955	"3"
"过往"	0	2	6	2.465	1.083	4.451	-1.28	0.528	0.636	2.444	"1"
"过河"	0	0	1	0.308	0.135	0.556	-0.16	-0.063	0.255	0.478	"3"
"过闸"	0	0	1	0.308	0.135	0.556	-0.16	-0.063	0.255	0.478	"3"
"迈出"	0	0	1	0.308	0.135	0.556	-0.16	-0.063	0.255	0.478	"3"
"运"	0	0	1	0.308	0.135	0.556	-0.16	-0.063	0.255	0.478	"3"
"运到"	0	1	0	0.308	0.135	0.556	-0.16	0.868	-0.353	1.381	"2"
"运来"	0	0	2	0.616	0.271	1.113	-0.32	-0.126	0.509	0.955	"3"
"运河"	0	2	9	3.39	1.49	6.121	-1.76	0.346	1.15	3.256	"1"
"运河区"	0	0	1	0.308	0.135	0.556	-0.16	-0.063	0.255	0.478	"3"
"运行"	0	2	2	1.233	0.542	2.226	-0.64	1.04	-0.223	1.903	"2"
"运载"	0	1	1	0.616	0.271	1.113	-0.32	0.598	-0.161	1.079	"2"
"运输"	0	0	5	1.541	0.677	2.782	-0.8	-0.316	1.273	2.389	"3"
"运送"	0	0	2	0.616	0.271	1.113	-0.32	-0.126	0.509	0.955	"3"
"运送业"	0	0	1	0.308	0.135	0.556	-0.16	-0.063	0.255	0.478	"3"
"返"	0	0	1	0.308	0.135	0.556	-0.16	-0.063	0.255	0.478	"3"
"还"	0	0	1	0.308	0.135	0.556	-0.16	-0.063	0.255	0.478	"3"
"还可以"	0	0	1	0.308	0.135	0.556	-0.16	-0.063	0.255	0.478	"3"
"进"	0	1	3	1.233	0.542	2.226	-0.64	0.355	0.396	1.391	"1"
"进入"	0	0	6	1.849	0.813	3.339	-0.96	-0.379	1.528	2.867	"3"
"进出"	0	2	7	2.773	1.219	5.008	-1.44	0.456	0.799	2.695	"1"
"进出口"	0	0	1	0.308	0.135	0.556	-0.16	-0.063	0.255	0.478	"3"
"进出港"	0	0	1	0.308	0.135	0.556	-0.16	-0.063	0.255	0.478	"3"
"进口"	0	0	4	1.233	0.542	2.226	-0.64	-0.253	1.018	1.911	"3"
"进港"	0	0	5	1.541	0.677	2.782	-0.8	-0.316	1.273	2.389	"3"
"进行"	0	2	12	4.314	1.896	7.79	-2.24	0.234	1.719	4.193	"1"
"远程"	0	0	1	0.308	0.135	0.556	-0.16	-0.063	0.255	0.478	"3"
"违反"	0	1	1	0.616	0.271	1.113	-0.32	0.598	-0.161	1.079	"2"
"违规"	0	1	1	0.616	0.271	1.113	-0.32	0.598	-0.161	1.079	"2"
"连同"	0	0	1	0.308	0.135	0.556	-0.16	-0.063	0.255	0.478	"3"
"迳行"	0	0	1	0.308	0.135	0.556	-0.16	-0.063	0.255	0.478	"3"
"追捕"	0	1	0	0.308	0.135	0.556	-0.16	0.868	-0.353	1.381	"2"
"送回"	0	0	1	0.308	0.135	0.556	-0.16	-0.063	0.255	0.478	"3"
"适任"	0	0	1	0.308	0.135	0.556	-0.16	-0.063	0.255	0.478	"3"
"逃离"	0	0	1	0.308	0.135	0.556	-0.16	-0.063	0.255	0.478	"3"
"逐个"	0	0	1	0.308	0.135	0.556	-0.16	-0.063	0.255	0.478	"3"
"逐级"	0	0	1	0.308	0.135	0.556	-0.16	-0.063	0.255	0.478	"3"
"途中"	0	2	2	1.233	0.542	2.226	-0.64	1.04	-0.223	1.903	"2"
"途经"	0	0	1	0.308	0.135	0.556	-0.16	-0.063	0.255	0.478	"3"
"通往"	0	0	1	0.308	0.135	0.556	-0.16	-0.063	0.255	0.478	"3"
"通航"	0	2	6	2.465	1.083	4.451	-1.28	0.528	0.636	2.444	"1"
"通行"	0	0	4	1.233	0.542	2.226	-0.64	-0.253	1.018	1.911	"3"
"通过"	0	4	16	6.163	2.708	11.128	-3.2	0.549	1.665	5.414	"1"
"造成"	0	0	2	0.616	0.271	1.113	-0.32	-0.126	0.509	0.955	"3"
"造船"	0	0	5	1.541	0.677	2.782	-0.8	-0.316	1.273	2.389	"3"
"造船厂"	0	0	1	0.308	0.135	0.556	-0.16	-0.063	0.255	0.478	"3"
"遇上"	0	0	1	0.308	0.135	0.556	-0.16	-0.063	0.255	0.478	"3"
"遇险"	0	0	1	0.308	0.135	0.556	-0.16	-0.063	0.255	0.478	"3"
"遇难"	0	1	3	1.233	0.542	2.226	-0.64	0.355	0.396	1.391	"1"
"遏制"	0	0	1	0.308	0.135	0.556	-0.16	-0.063	0.255	0.478	"3"
"遣返"	0	0	1	0.308	0.135	0.556	-0.16	-0.063	0.255	0.478	"3"
"遭遇"	0	0	1	0.308	0.135	0.556	-0.16	-0.063	0.255	0.478	"3"
"避风"	0	2	1	0.924	0.406	1.669	-0.48	1.301	-0.381	2.162	"2"
"部署"	0	1	1	0.616	0.271	1.113	-0.32	0.598	-0.161	1.079	"2"
"配"	0	0	1	0.308	0.135	0.556	-0.16	-0.063	0.255	0.478	"3"
"配备"	0	1	4	1.541	0.677	2.782	-0.8	0.287	0.575	1.662	"1"
"重工"	0	0	6	1.849	0.813	3.339	-0.96	-0.379	1.528	2.867	"3"
"重点"	0	0	4	1.233	0.542	2.226	-0.64	-0.253	1.018	1.911	"3"
"金门"	0	0	2	0.616	0.271	1.113	-0.32	-0.126	0.509	0.955	"3"
"金门岛"	0	1	0	0.308	0.135	0.556	-0.16	0.868	-0.353	1.381	"2"
"金马"	0	0	2	0.616	0.271	1.113	-0.32	-0.126	0.509	0.955	"3"
"钢材"	0	0	1	0.308	0.135	0.556	-0.16	-0.063	0.255	0.478	"3"
"钻井"	0	0	1	0.308	0.135	0.556	-0.16	-0.063	0.255	0.478	"3"
"铅封"	0	0	1	0.308	0.135	0.556	-0.16	-0.063	0.255	0.478	"3"
"银鹭号"	0	0	1	0.308	0.135	0.556	-0.16	-0.063	0.255	0.478	"3"
"锚地"	0	0	3	0.924	0.406	1.669	-0.48	-0.19	0.764	1.434	"3"
"长江"	0	0	13	4.006	1.76	7.234	-2.08	-0.822	3.31	6.212	"3"
"长江口"	0	0	1	0.308	0.135	0.556	-0.16	-0.063	0.255	0.478	"3"
"间"	0	0	1	0.308	0.135	0.556	-0.16	-0.063	0.255	0.478	"3"
"闸次"	0	2	0	0.616	0.271	1.113	-0.32	1.737	-0.706	2.763	"2"
"闸门"	0	0	1	0.308	0.135	0.556	-0.16	-0.063	0.255	0.478	"3"
"闽"	0	0	2	0.616	0.271	1.113	-0.32	-0.126	0.509	0.955	"3"
"闽东"	0	0	1	0.308	0.135	0.556	-0.16	-0.063	0.255	0.478	"3"
"防"	0	0	3	0.924	0.406	1.669	-0.48	-0.19	0.764	1.434	"3"
"防卫"	0	0	3	0.924	0.406	1.669	-0.48	-0.19	0.764	1.434	"3"
"防风"	0	0	1	0.308	0.135	0.556	-0.16	-0.063	0.255	0.478	"3"
"阵风"	119	0	0	36.67	16.115	66.215	60.836	-7.52	-42.011	110.367	"1"
"附近"	8	2	2	3.698	1.625	6.677	1.946	0.303	-2.158	4.407	"3"
"随着"	0	0	1	0.308	0.135	0.556	-0.16	-0.063	0.255	0.478	"3"
"隐"	0	1	0	0.308	0.135	0.556	-0.16	0.868	-0.353	1.381	"2"
"隔离"	0	0	1	0.308	0.135	0.556	-0.16	-0.063	0.255	0.478	"3"
"集合"	0	0	1	0.308	0.135	0.556	-0.16	-0.063	0.255	0.478	"3"
"集团"	0	0	11	3.39	1.49	6.121	-1.76	-0.695	2.801	5.256	"3"
"集装箱"	0	0	2	0.616	0.271	1.113	-0.32	-0.126	0.509	0.955	"3"
"零"	0	0	1	0.308	0.135	0.556	-0.16	-0.063	0.255	0.478	"3"
"需"	0	0	4	1.233	0.542	2.226	-0.64	-0.253	1.018	1.911	"3"
"需要"	0	1	4	1.541	0.677	2.782	-0.8	0.287	0.575	1.662	"1"
"霞浦"	0	0	1	0.308	0.135	0.556	-0.16	-0.063	0.255	0.478	"3"
"霞浦县"	0	0	1	0.308	0.135	0.556	-0.16	-0.063	0.255	0.478	"3"
"非法"	0	1	1	0.616	0.271	1.113	-0.32	0.598	-0.161	1.079	"2"
"非法倒"	0	0	1	0.308	0.135	0.556	-0.16	-0.063	0.255	0.478	"3"
"非洲"	0	2	0	0.616	0.271	1.113	-0.32	1.737	-0.706	2.763	"2"
"靠"	0	0	1	0.308	0.135	0.556	-0.16	-0.063	0.255	0.478	"3"
"靠岸"	0	0	3	0.924	0.406	1.669	-0.48	-0.19	0.764	1.434	"3"
"靠泊"	0	0	7	2.157	0.948	3.895	-1.12	-0.442	1.782	3.344	"3"
"靠近"	0	0	4	1.233	0.542	2.226	-0.64	-0.253	1.018	1.911	"3"
"韩朝"	0	1	0	0.308	0.135	0.556	-0.16	0.868	-0.353	1.381	"2"
"韩洁"	0	0	1	0.308	0.135	0.556	-0.16	-0.063	0.255	0.478	"3"
"须"	0	0	1	0.308	0.135	0.556	-0.16	-0.063	0.255	0.478	"3"
"颁发"	0	0	1	0.308	0.135	0.556	-0.16	-0.063	0.255	0.478	"3"
"预料"	0	0	1	0.308	0.135	0.556	-0.16	-0.063	0.255	0.478	"3"
"领海"	0	0	1	0.308	0.135	0.556	-0.16	-0.063	0.255	0.478	"3"
"频"	0	0	1	0.308	0.135	0.556	-0.16	-0.063	0.255	0.478	"3"
"频发"	0	0	1	0.308	0.135	0.556	-0.16	-0.063	0.255	0.478	"3"
"频频"	0	0	1	0.308	0.135	0.556	-0.16	-0.063	0.255	0.478	"3"
"风"	5	0	1	1.849	0.813	3.339	1.907	-0.379	-1.187	3.473	"1"
"风浪"	0	1	2	0.924	0.406	1.669	-0.48	0.451	0.233	1.164	"1"
"风雨"	0	0	1	0.308	0.135	0.556	-0.16	-0.063	0.255	0.478	"3"
"飞机"	0	0	12	3.698	1.625	6.677	-1.92	-0.758	3.055	5.733	"3"
"首航"	0	0	4	1.233	0.542	2.226	-0.64	-0.253	1.018	1.911	"3"
"马"	0	1	1	0.616	0.271	1.113	-0.32	0.598	-0.161	1.079	"2"
"马上"	0	0	2	0.616	0.271	1.113	-0.32	-0.126	0.509	0.955	"3"
"马力"	0	1	2	0.924	0.406	1.669	-0.48	0.451	0.233	1.164	"1"
"马士基奥克斯"	0	0	1	0.308	0.135	0.556	-0.16	-0.063	0.255	0.478	"3"
"马祖"	0	0	2	0.616	0.271	1.113	-0.32	-0.126	0.509	0.955	"3"
"驱逐舰"	0	1	0	0.308	0.135	0.556	-0.16	0.868	-0.353	1.381	"2"
"驶入"	0	0	1	0.308	0.135	0.556	-0.16	-0.063	0.255	0.478	"3"
"驶向"	0	1	0	0.308	0.135	0.556	-0.16	0.868	-0.353	1.381	"2"
"驶过"	0	1	2	0.924	0.406	1.669	-0.48	0.451	0.233	1.164	"1"
"驶返"	0	0	1	0.308	0.135	0.556	-0.16	-0.063	0.255	0.478	"3"
"驶进"	0	0	1	0.308	0.135	0.556	-0.16	-0.063	0.255	0.478	"3"
"高差"	0	0	1	0.308	0.135	0.556	-0.16	-0.063	0.255	0.478	"3"
"高等级"	0	0	1	0.308	0.135	0.556	-0.16	-0.063	0.255	0.478	"3"
"高速"	0	0	2	0.616	0.271	1.113	-0.32	-0.126	0.509	0.955	"3"
"高雄"	0	0	3	0.924	0.406	1.669	-0.48	-0.19	0.764	1.434	"3"
"高雄港"	0	0	1	0.308	0.135	0.556	-0.16	-0.063	0.255	0.478	"3"
"鬼门关"	0	0	1	0.308	0.135	0.556	-0.16	-0.063	0.255	0.478	"3"
"鹰号"	0	0	3	0.924	0.406	1.669	-0.48	-0.19	0.764	1.434	"3"
"黄海"	5	0	1	1.849	0.813	3.339	1.907	-0.379	-1.187	3.473	"1"
"黑匣子"	0	0	1	0.308	0.135	0.556	-0.16	-0.063	0.255	0.478	"3"
"黑海"	0	1	1	0.616	0.271	1.113	-0.32	0.598	-0.161	1.079	"2"
