"Coll_Word"	"1"	"2"	"3"	"4"	"5"	"6"	"exp_1"	"exp_2"	"exp_3"	"exp_4"	"exp_5"	"exp_6"	"pbin_1"	"pbin_2"	"pbin_3"	"pbin_4"	"pbin_5"	"pbin_6"	"SumAbsDev"	"LargestDev"
"："	0	7	0	0	1	1	0.461	2.803	0.438	4.526	0.412	0.36	-0.205	2.266	-0.195	-2.732	0.463	0.513	6.374	"4"
"?"	0	8	0	1	0	0	0.461	2.803	0.438	4.526	0.412	0.36	-0.205	3.24	-0.195	-1.728	-0.183	-0.159	5.71	"2"
"？"	0	9	0	0	0	0	0.461	2.803	0.438	4.526	0.412	0.36	-0.205	4.56	-0.195	-2.732	-0.183	-0.159	8.034	"2"
"◆"	0	1	0	0	0	0	0.051	0.311	0.049	0.503	0.046	0.04	-0.023	0.507	-0.022	-0.304	-0.02	-0.018	0.894	"2"
"0.13"	0	0	2	0	0	0	0.102	0.623	0.097	1.006	0.092	0.08	-0.046	-0.324	2.625	-0.607	-0.041	-0.035	3.678	"3"
"１"	0	1	0	0	0	0	0.051	0.311	0.049	0.503	0.046	0.04	-0.023	0.507	-0.022	-0.304	-0.02	-0.018	0.894	"2"
"⒊"	0	0	0	1	0	0	0.051	0.311	0.049	0.503	0.046	0.04	-0.023	-0.162	-0.022	0.299	-0.02	-0.018	0.544	"4"
"891026"	0	0	0	1	0	0	0.051	0.311	0.049	0.503	0.046	0.04	-0.023	-0.162	-0.022	0.299	-0.02	-0.018	0.544	"4"
"891120"	0	1	0	0	0	0	0.051	0.311	0.049	0.503	0.046	0.04	-0.023	0.507	-0.022	-0.304	-0.02	-0.018	0.894	"2"
"891209"	0	0	0	1	0	0	0.051	0.311	0.049	0.503	0.046	0.04	-0.023	-0.162	-0.022	0.299	-0.02	-0.018	0.544	"4"
"891211"	0	0	0	1	0	0	0.051	0.311	0.049	0.503	0.046	0.04	-0.023	-0.162	-0.022	0.299	-0.02	-0.018	0.544	"4"
"92"	0	0	0	1	0	0	0.051	0.311	0.049	0.503	0.046	0.04	-0.023	-0.162	-0.022	0.299	-0.02	-0.018	0.544	"4"
"A：CRISP"	0	1	0	0	0	0	0.051	0.311	0.049	0.503	0.046	0.04	-0.023	0.507	-0.022	-0.304	-0.02	-0.018	0.894	"2"
"NMD"	1	0	1	0	0	0	0.102	0.623	0.097	1.006	0.092	0.08	1.001	-0.324	1.022	-0.607	-0.041	-0.035	3.03	"3"
"OPEC"	0	0	0	1	0	0	0.051	0.311	0.049	0.503	0.046	0.04	-0.023	-0.162	-0.022	0.299	-0.02	-0.018	0.544	"4"
"T&amp;T"	0	1	0	0	0	0	0.051	0.311	0.049	0.503	0.046	0.04	-0.023	0.507	-0.022	-0.304	-0.02	-0.018	0.894	"2"
"WHO"	0	0	0	1	0	0	0.051	0.311	0.049	0.503	0.046	0.04	-0.023	-0.162	-0.022	0.299	-0.02	-0.018	0.544	"4"
"WTO"	0	0	0	1	0	0	0.051	0.311	0.049	0.503	0.046	0.04	-0.023	-0.162	-0.022	0.299	-0.02	-0.018	0.544	"4"
"一中"	0	0	0	3	0	0	0.154	0.934	0.146	1.509	0.137	0.12	-0.068	-0.486	-0.065	0.896	-0.061	-0.053	1.629	"4"
"一九七七年"	0	0	0	1	0	0	0.051	0.311	0.049	0.503	0.046	0.04	-0.023	-0.162	-0.022	0.299	-0.02	-0.018	0.544	"4"
"一些"	2	4	0	1	0	2	0.461	2.803	0.438	4.526	0.412	0.36	1.129	0.527	-0.195	-1.728	-0.183	1.322	5.084	"4"
"一再"	0	0	0	3	0	0	0.154	0.934	0.146	1.509	0.137	0.12	-0.068	-0.486	-0.065	0.896	-0.061	-0.053	1.629	"4"
"一向"	0	0	0	1	0	0	0.051	0.311	0.049	0.503	0.046	0.04	-0.023	-0.162	-0.022	0.299	-0.02	-0.018	0.544	"4"
"一方面"	0	1	0	0	0	0	0.051	0.311	0.049	0.503	0.046	0.04	-0.023	0.507	-0.022	-0.304	-0.02	-0.018	0.894	"2"
"一样"	0	2	0	0	0	0	0.102	0.623	0.097	1.006	0.092	0.08	-0.046	1.013	-0.043	-0.607	-0.041	-0.035	1.785	"2"
"一清二楚"	0	0	0	0	1	0	0.051	0.311	0.049	0.503	0.046	0.04	-0.023	-0.162	-0.022	-0.304	1.339	-0.018	1.868	"5"
"一点"	0	1	0	0	0	0	0.051	0.311	0.049	0.503	0.046	0.04	-0.023	0.507	-0.022	-0.304	-0.02	-0.018	0.894	"2"
"一致"	1	0	0	16	1	1	0.973	5.917	0.925	9.555	0.87	0.759	0.2	-3.079	-0.412	2.621	0.229	0.268	6.809	"2"
"一般"	0	2	0	0	0	0	0.102	0.623	0.097	1.006	0.092	0.08	-0.046	1.013	-0.043	-0.607	-0.041	-0.035	1.785	"2"
"一贯"	0	0	0	5	0	0	0.256	1.557	0.244	2.515	0.229	0.2	-0.114	-0.81	-0.108	1.493	-0.102	-0.089	2.716	"4"
"三党"	0	0	0	3	0	0	0.154	0.934	0.146	1.509	0.137	0.12	-0.068	-0.486	-0.065	0.896	-0.061	-0.053	1.629	"4"
"三通"	0	1	0	0	0	0	0.051	0.311	0.049	0.503	0.046	0.04	-0.023	0.507	-0.022	-0.304	-0.02	-0.018	0.894	"2"
"上"	0	5	1	16	0	0	1.127	6.851	1.072	11.064	1.007	0.879	-0.502	-0.563	-0.149	1.554	-0.448	-0.39	3.606	"4"
"上下"	0	0	0	1	0	0	0.051	0.311	0.049	0.503	0.046	0.04	-0.023	-0.162	-0.022	0.299	-0.02	-0.018	0.544	"4"
"上议院"	0	0	0	1	0	0	0.051	0.311	0.049	0.503	0.046	0.04	-0.023	-0.162	-0.022	0.299	-0.02	-0.018	0.544	"4"
"上身"	0	0	1	0	0	0	0.051	0.311	0.049	0.503	0.046	0.04	-0.023	-0.162	1.312	-0.304	-0.02	-0.018	1.839	"3"
"上述"	0	1	0	1	1	0	0.154	0.934	0.146	1.509	0.137	0.12	-0.068	0.172	-0.065	-0.305	0.882	-0.053	1.545	"5"
"不一"	0	3	0	1	0	0	0.205	1.246	0.195	2.012	0.183	0.16	-0.091	1.033	-0.087	-0.511	-0.081	-0.071	1.874	"2"
"不以为然"	0	1	0	0	0	0	0.051	0.311	0.049	0.503	0.046	0.04	-0.023	0.507	-0.022	-0.304	-0.02	-0.018	0.894	"2"
"不会"	0	0	0	1	2	0	0.154	0.934	0.146	1.509	0.137	0.12	-0.068	-0.486	-0.065	-0.305	2.215	-0.053	3.192	"5"
"不公"	0	0	0	1	1	0	0.102	0.623	0.097	1.006	0.092	0.08	-0.046	-0.324	-0.043	-0.127	1.048	-0.035	1.623	"5"
"不变"	0	0	0	1	0	0	0.051	0.311	0.049	0.503	0.046	0.04	-0.023	-0.162	-0.022	0.299	-0.02	-0.018	0.544	"4"
"不同"	24	6	0	0	1	0	1.587	9.654	1.51	15.59	1.42	1.239	24.709	-0.968	-0.672	-9.411	-0.235	-0.549	36.544	"1"
"不宜"	0	2	0	0	0	0	0.102	0.623	0.097	1.006	0.092	0.08	-0.046	1.013	-0.043	-0.607	-0.041	-0.035	1.785	"2"
"不应该"	0	0	0	1	1	0	0.102	0.623	0.097	1.006	0.092	0.08	-0.046	-0.324	-0.043	-0.127	1.048	-0.035	1.623	"5"
"不建"	0	0	0	1	0	0	0.051	0.311	0.049	0.503	0.046	0.04	-0.023	-0.162	-0.022	0.299	-0.02	-0.018	0.544	"4"
"不得要领"	0	1	0	0	0	0	0.051	0.311	0.049	0.503	0.046	0.04	-0.023	0.507	-0.022	-0.304	-0.02	-0.018	0.894	"2"
"不智之举"	0	0	1	0	0	0	0.051	0.311	0.049	0.503	0.046	0.04	-0.023	-0.162	1.312	-0.304	-0.02	-0.018	1.839	"3"
"不移"	0	0	0	1	0	0	0.051	0.311	0.049	0.503	0.046	0.04	-0.023	-0.162	-0.022	0.299	-0.02	-0.018	0.544	"4"
"不管"	1	1	0	0	0	0	0.102	0.623	0.097	1.006	0.092	0.08	1.001	0.279	-0.043	-0.607	-0.041	-0.035	2.006	"1"
"不约而同"	0	0	0	0	0	1	0.051	0.311	0.049	0.503	0.046	0.04	-0.023	-0.162	-0.022	-0.304	-0.02	1.398	1.929	"6"
"不经意"	0	0	1	0	0	0	0.051	0.311	0.049	0.503	0.046	0.04	-0.023	-0.162	1.312	-0.304	-0.02	-0.018	1.839	"3"
"不论"	0	1	0	0	0	0	0.051	0.311	0.049	0.503	0.046	0.04	-0.023	0.507	-0.022	-0.304	-0.02	-0.018	0.894	"2"
"不过"	0	1	0	0	0	1	0.102	0.623	0.097	1.006	0.092	0.08	-0.046	0.279	-0.043	-0.607	-0.041	1.106	2.122	"6"
"不须"	1	0	0	0	0	0	0.051	0.311	0.049	0.503	0.046	0.04	1.291	-0.162	-0.022	-0.304	-0.02	-0.018	1.817	"1"
"不顾"	0	1	0	0	0	0	0.051	0.311	0.049	0.503	0.046	0.04	-0.023	0.507	-0.022	-0.304	-0.02	-0.018	0.894	"2"
"与"	1	1	0	0	0	0	0.102	0.623	0.097	1.006	0.092	0.08	1.001	0.279	-0.043	-0.607	-0.041	-0.035	2.006	"1"
"与会"	0	0	0	1	0	1	0.102	0.623	0.097	1.006	0.092	0.08	-0.046	-0.324	-0.043	-0.127	-0.041	1.106	1.687	"6"
"专业"	0	0	0	2	0	0	0.102	0.623	0.097	1.006	0.092	0.08	-0.046	-0.324	-0.043	0.597	-0.041	-0.035	1.086	"4"
"专家"	0	4	0	0	0	2	0.307	1.868	0.292	3.017	0.275	0.24	-0.137	1.097	-0.13	-1.821	-0.122	1.667	4.974	"4"
"专访"	0	1	0	0	0	0	0.051	0.311	0.049	0.503	0.046	0.04	-0.023	0.507	-0.022	-0.304	-0.02	-0.018	0.894	"2"
"世界观点"	0	0	1	0	0	0	0.051	0.311	0.049	0.503	0.046	0.04	-0.023	-0.162	1.312	-0.304	-0.02	-0.018	1.839	"3"
"世贸"	0	1	0	0	0	0	0.051	0.311	0.049	0.503	0.046	0.04	-0.023	0.507	-0.022	-0.304	-0.02	-0.018	0.894	"2"
"业界"	0	1	0	0	0	0	0.051	0.311	0.049	0.503	0.046	0.04	-0.023	0.507	-0.022	-0.304	-0.02	-0.018	0.894	"2"
"东亚"	0	2	0	0	0	0	0.102	0.623	0.097	1.006	0.092	0.08	-0.046	1.013	-0.043	-0.607	-0.041	-0.035	1.785	"2"
"两国"	0	0	0	0	1	0	0.051	0.311	0.049	0.503	0.046	0.04	-0.023	-0.162	-0.022	-0.304	1.339	-0.018	1.868	"5"
"两岸"	0	1	0	8	0	1	0.512	3.114	0.487	5.029	0.458	0.4	-0.228	-0.878	-0.217	1.246	-0.204	0.475	3.248	"4"
"两岸官"	0	0	1	0	0	0	0.051	0.311	0.049	0.503	0.046	0.04	-0.023	-0.162	1.312	-0.304	-0.02	-0.018	1.839	"3"
"丧失"	0	0	0	1	0	0	0.051	0.311	0.049	0.503	0.046	0.04	-0.023	-0.162	-0.022	0.299	-0.02	-0.018	0.544	"4"
"个中"	0	0	0	1	0	0	0.051	0.311	0.049	0.503	0.046	0.04	-0.023	-0.162	-0.022	0.299	-0.02	-0.018	0.544	"4"
"个人"	1	6	0	0	0	0	0.358	2.18	0.341	3.52	0.321	0.28	0.512	2.33	-0.152	-2.125	-0.143	-0.124	5.386	"2"
"个别"	1	0	0	1	0	0	0.102	0.623	0.097	1.006	0.092	0.08	1.001	-0.324	-0.043	-0.127	-0.041	-0.035	1.571	"1"
"中东"	0	0	0	3	0	0	0.154	0.934	0.146	1.509	0.137	0.12	-0.068	-0.486	-0.065	0.896	-0.061	-0.053	1.629	"4"
"中共"	0	0	0	7	0	0	0.358	2.18	0.341	3.52	0.321	0.28	-0.16	-1.134	-0.152	2.09	-0.143	-0.124	3.803	"4"
"中华民国"	0	0	0	3	0	0	0.154	0.934	0.146	1.509	0.137	0.12	-0.068	-0.486	-0.065	0.896	-0.061	-0.053	1.629	"4"
"中国"	0	2	2	17	2	0	1.178	7.162	1.12	11.567	1.053	0.919	-0.525	-1.927	0.509	1.731	0.546	-0.407	5.645	"2"
"中国人"	0	1	0	0	0	0	0.051	0.311	0.049	0.503	0.046	0.04	-0.023	0.507	-0.022	-0.304	-0.02	-0.018	0.894	"2"
"中国国"	0	1	0	0	0	0	0.051	0.311	0.049	0.503	0.046	0.04	-0.023	0.507	-0.022	-0.304	-0.02	-0.018	0.894	"2"
"中常会"	0	0	0	1	0	0	0.051	0.311	0.049	0.503	0.046	0.04	-0.023	-0.162	-0.022	0.299	-0.02	-0.018	0.544	"4"
"中常委"	0	0	0	0	0	1	0.051	0.311	0.049	0.503	0.046	0.04	-0.023	-0.162	-0.022	-0.304	-0.02	1.398	1.929	"6"
"中广战"	0	0	0	0	1	0	0.051	0.311	0.049	0.503	0.046	0.04	-0.023	-0.162	-0.022	-0.304	1.339	-0.018	1.868	"5"
"中方"	0	1	0	4	0	0	0.256	1.557	0.244	2.515	0.229	0.2	-0.114	-0.297	-0.108	0.719	-0.102	-0.089	1.429	"4"
"中毒"	0	0	1	0	0	0	0.051	0.311	0.049	0.503	0.046	0.04	-0.023	-0.162	1.312	-0.304	-0.02	-0.018	1.839	"3"
"中立"	0	0	0	1	0	0	0.051	0.311	0.049	0.503	0.046	0.04	-0.023	-0.162	-0.022	0.299	-0.02	-0.018	0.544	"4"
"中美"	0	0	0	1	0	0	0.051	0.311	0.049	0.503	0.046	0.04	-0.023	-0.162	-0.022	0.299	-0.02	-0.018	0.544	"4"
"中英"	1	0	0	0	0	0	0.051	0.311	0.049	0.503	0.046	0.04	1.291	-0.162	-0.022	-0.304	-0.02	-0.018	1.817	"1"
"中通社"	0	1	0	0	0	0	0.051	0.311	0.049	0.503	0.046	0.04	-0.023	0.507	-0.022	-0.304	-0.02	-0.018	0.894	"2"
"临管"	0	0	0	1	0	0	0.051	0.311	0.049	0.503	0.046	0.04	-0.023	-0.162	-0.022	0.299	-0.02	-0.018	0.544	"4"
"为题"	0	0	0	0	0	1	0.051	0.311	0.049	0.503	0.046	0.04	-0.023	-0.162	-0.022	-0.304	-0.02	1.398	1.929	"6"
"主义"	0	2	0	0	0	0	0.102	0.623	0.097	1.006	0.092	0.08	-0.046	1.013	-0.043	-0.607	-0.041	-0.035	1.785	"2"
"主导"	0	0	1	0	0	0	0.051	0.311	0.049	0.503	0.046	0.04	-0.023	-0.162	1.312	-0.304	-0.02	-0.018	1.839	"3"
"主张"	0	0	0	7	0	0	0.358	2.18	0.341	3.52	0.321	0.28	-0.16	-1.134	-0.152	2.09	-0.143	-0.124	3.803	"4"
"主权"	0	0	0	2	0	0	0.102	0.623	0.097	1.006	0.092	0.08	-0.046	-0.324	-0.043	0.597	-0.041	-0.035	1.086	"4"
"主要"	0	0	1	1	0	0	0.102	0.623	0.097	1.006	0.092	0.08	-0.046	-0.324	1.022	-0.127	-0.041	-0.035	1.595	"3"
"举"	1	0	0	0	0	0	0.051	0.311	0.049	0.503	0.046	0.04	1.291	-0.162	-0.022	-0.304	-0.02	-0.018	1.817	"1"
"乐于"	0	1	0	0	0	0	0.051	0.311	0.049	0.503	0.046	0.04	-0.023	0.507	-0.022	-0.304	-0.02	-0.018	0.894	"2"
"乐观"	0	3	0	0	0	0	0.154	0.934	0.146	1.509	0.137	0.12	-0.068	1.52	-0.065	-0.911	-0.061	-0.053	2.678	"2"
"乐观派"	0	1	0	0	0	0	0.051	0.311	0.049	0.503	0.046	0.04	-0.023	0.507	-0.022	-0.304	-0.02	-0.018	0.894	"2"
"九一"	0	1	0	0	0	0	0.051	0.311	0.049	0.503	0.046	0.04	-0.023	0.507	-0.022	-0.304	-0.02	-0.018	0.894	"2"
"书记长"	0	0	0	2	0	0	0.102	0.623	0.097	1.006	0.092	0.08	-0.046	-0.324	-0.043	0.597	-0.041	-0.035	1.086	"4"
"买气"	0	1	0	0	0	0	0.051	0.311	0.049	0.503	0.046	0.04	-0.023	0.507	-0.022	-0.304	-0.02	-0.018	0.894	"2"
"了解"	0	1	0	2	0	0	0.154	0.934	0.146	1.509	0.137	0.12	-0.068	0.172	-0.065	0.297	-0.061	-0.053	0.716	"4"
"争取"	0	0	0	1	0	0	0.051	0.311	0.049	0.503	0.046	0.04	-0.023	-0.162	-0.022	0.299	-0.02	-0.018	0.544	"4"
"争执"	0	0	1	0	0	0	0.051	0.311	0.049	0.503	0.046	0.04	-0.023	-0.162	1.312	-0.304	-0.02	-0.018	1.839	"3"
"争议"	0	0	0	1	0	0	0.051	0.311	0.049	0.503	0.046	0.04	-0.023	-0.162	-0.022	0.299	-0.02	-0.018	0.544	"4"
"事"	0	3	0	2	2	0	0.358	2.18	0.341	3.52	0.321	0.28	-0.16	0.421	-0.152	-0.654	1.423	-0.124	2.934	"5"
"事务"	0	0	0	4	0	0	0.205	1.246	0.195	2.012	0.183	0.16	-0.091	-0.648	-0.087	1.194	-0.081	-0.071	2.172	"4"
"互相"	0	0	0	1	0	0	0.051	0.311	0.049	0.503	0.046	0.04	-0.023	-0.162	-0.022	0.299	-0.02	-0.018	0.544	"4"
"些"	2	0	0	0	0	0	0.102	0.623	0.097	1.006	0.092	0.08	2.581	-0.324	-0.043	-0.607	-0.041	-0.035	3.631	"1"
"交换"	0	0	0	10	0	0	0.512	3.114	0.487	5.029	0.458	0.4	-0.228	-1.62	-0.217	2.985	-0.204	-0.177	5.431	"4"
"交集点"	0	0	1	0	0	0	0.051	0.311	0.049	0.503	0.046	0.04	-0.023	-0.162	1.312	-0.304	-0.02	-0.018	1.839	"3"
"产生"	0	0	0	0	1	0	0.051	0.311	0.049	0.503	0.046	0.04	-0.023	-0.162	-0.022	-0.304	1.339	-0.018	1.868	"5"
"享"	0	0	0	1	0	0	0.051	0.311	0.049	0.503	0.046	0.04	-0.023	-0.162	-0.022	0.299	-0.02	-0.018	0.544	"4"
"亲民党"	0	1	0	1	2	0	0.205	1.246	0.195	2.012	0.183	0.16	-0.091	-0.2	-0.087	-0.511	1.927	-0.071	2.887	"5"
"亲美"	0	0	0	1	0	0	0.051	0.311	0.049	0.503	0.046	0.04	-0.023	-0.162	-0.022	0.299	-0.02	-0.018	0.544	"4"
"人们"	0	1	0	0	0	0	0.051	0.311	0.049	0.503	0.046	0.04	-0.023	0.507	-0.022	-0.304	-0.02	-0.018	0.894	"2"
"人士"	0	7	0	1	0	0	0.41	2.491	0.39	4.023	0.366	0.32	-0.183	2.782	-0.173	-1.47	-0.163	-0.142	4.913	"2"
"人权"	0	0	0	5	0	0	0.256	1.557	0.244	2.515	0.229	0.2	-0.114	-0.81	-0.108	1.493	-0.102	-0.089	2.716	"4"
"人类"	0	1	0	0	0	0	0.051	0.311	0.049	0.503	0.046	0.04	-0.023	0.507	-0.022	-0.304	-0.02	-0.018	0.894	"2"
"人证"	0	0	0	0	0	1	0.051	0.311	0.049	0.503	0.046	0.04	-0.023	-0.162	-0.022	-0.304	-0.02	1.398	1.929	"6"
"人道"	0	1	0	0	0	0	0.051	0.311	0.049	0.503	0.046	0.04	-0.023	0.507	-0.022	-0.304	-0.02	-0.018	0.894	"2"
"人际"	0	0	0	0	0	1	0.051	0.311	0.049	0.503	0.046	0.04	-0.023	-0.162	-0.022	-0.304	-0.02	1.398	1.929	"6"
"什么"	1	2	0	0	0	0	0.154	0.934	0.146	1.509	0.137	0.12	0.836	0.637	-0.065	-0.911	-0.061	-0.053	2.563	"4"
"什叶派"	0	0	0	1	0	0	0.051	0.311	0.049	0.503	0.046	0.04	-0.023	-0.162	-0.022	0.299	-0.02	-0.018	0.544	"4"
"仅"	0	1	0	0	0	0	0.051	0.311	0.049	0.503	0.046	0.04	-0.023	0.507	-0.022	-0.304	-0.02	-0.018	0.894	"2"
"介入"	0	0	0	1	0	0	0.051	0.311	0.049	0.503	0.046	0.04	-0.023	-0.162	-0.022	0.299	-0.02	-0.018	0.544	"4"
"介绍"	0	2	0	0	0	0	0.102	0.623	0.097	1.006	0.092	0.08	-0.046	1.013	-0.043	-0.607	-0.041	-0.035	1.785	"2"
"从"	0	7	0	0	0	0	0.358	2.18	0.341	3.52	0.321	0.28	-0.16	3.547	-0.152	-2.125	-0.143	-0.124	6.251	"2"
"从未"	0	0	0	1	0	0	0.051	0.311	0.049	0.503	0.046	0.04	-0.023	-0.162	-0.022	0.299	-0.02	-0.018	0.544	"4"
"他"	5	27	0	5	5	3	2.304	14.013	2.192	22.631	2.061	1.799	1.102	4.219	-0.976	-7.494	1.268	0.572	15.631	"4"
"代表"	0	0	0	3	1	0	0.205	1.246	0.195	2.012	0.183	0.16	-0.091	-0.648	-0.087	0.499	0.767	-0.071	2.163	"5"
"以"	0	12	0	0	0	0	0.614	3.737	0.585	6.035	0.55	0.48	-0.274	6.08	-0.26	-3.643	-0.244	-0.213	10.714	"2"
"以上"	0	2	0	0	0	0	0.102	0.623	0.097	1.006	0.092	0.08	-0.046	1.013	-0.043	-0.607	-0.041	-0.035	1.785	"2"
"以便"	0	0	0	1	0	0	0.051	0.311	0.049	0.503	0.046	0.04	-0.023	-0.162	-0.022	0.299	-0.02	-0.018	0.544	"4"
"以色列"	0	0	1	2	0	0	0.154	0.934	0.146	1.509	0.137	0.12	-0.068	-0.486	0.857	0.297	-0.061	-0.053	1.822	"3"
"们"	0	1	0	0	0	0	0.051	0.311	0.049	0.503	0.046	0.04	-0.023	0.507	-0.022	-0.304	-0.02	-0.018	0.894	"2"
"任何"	0	0	0	4	0	0	0.205	1.246	0.195	2.012	0.183	0.16	-0.091	-0.648	-0.087	1.194	-0.081	-0.071	2.172	"4"
"伊"	0	0	0	1	1	0	0.102	0.623	0.097	1.006	0.092	0.08	-0.046	-0.324	-0.043	-0.127	1.048	-0.035	1.623	"5"
"伊北"	0	0	0	1	0	0	0.051	0.311	0.049	0.503	0.046	0.04	-0.023	-0.162	-0.022	0.299	-0.02	-0.018	0.544	"4"
"伊拉克"	0	1	0	10	0	0	0.563	3.425	0.536	5.532	0.504	0.44	-0.251	-1.006	-0.239	2.209	-0.224	-0.195	4.124	"4"
"伊斯兰"	0	0	0	3	0	0	0.154	0.934	0.146	1.509	0.137	0.12	-0.068	-0.486	-0.065	0.896	-0.061	-0.053	1.629	"4"
"伊朗"	0	0	0	1	0	0	0.051	0.311	0.049	0.503	0.046	0.04	-0.023	-0.162	-0.022	0.299	-0.02	-0.018	0.544	"4"
"伍世文"	0	1	0	0	0	0	0.051	0.311	0.049	0.503	0.046	0.04	-0.023	0.507	-0.022	-0.304	-0.02	-0.018	0.894	"2"
"休闲"	0	1	0	0	0	0	0.051	0.311	0.049	0.503	0.046	0.04	-0.023	0.507	-0.022	-0.304	-0.02	-0.018	0.894	"2"
"众"	0	0	0	1	0	0	0.051	0.311	0.049	0.503	0.046	0.04	-0.023	-0.162	-0.022	0.299	-0.02	-0.018	0.544	"4"
"优于"	0	0	0	1	0	0	0.051	0.311	0.049	0.503	0.046	0.04	-0.023	-0.162	-0.022	0.299	-0.02	-0.018	0.544	"4"
"会不会"	0	1	0	0	0	0	0.051	0.311	0.049	0.503	0.046	0.04	-0.023	0.507	-0.022	-0.304	-0.02	-0.018	0.894	"2"
"会员国"	0	0	0	3	0	0	0.154	0.934	0.146	1.509	0.137	0.12	-0.068	-0.486	-0.065	0.896	-0.061	-0.053	1.629	"4"
"会谈"	0	0	0	5	0	0	0.256	1.557	0.244	2.515	0.229	0.2	-0.114	-0.81	-0.108	1.493	-0.102	-0.089	2.716	"4"
"传播"	0	0	0	1	0	0	0.051	0.311	0.049	0.503	0.046	0.04	-0.023	-0.162	-0.022	0.299	-0.02	-0.018	0.544	"4"
"传达"	0	0	0	1	0	0	0.051	0.311	0.049	0.503	0.046	0.04	-0.023	-0.162	-0.022	0.299	-0.02	-0.018	0.544	"4"
"似"	0	0	0	1	0	0	0.051	0.311	0.049	0.503	0.046	0.04	-0.023	-0.162	-0.022	0.299	-0.02	-0.018	0.544	"4"
"佈局"	0	1	1	0	0	0	0.102	0.623	0.097	1.006	0.092	0.08	-0.046	0.279	1.022	-0.607	-0.041	-0.035	2.03	"3"
"低调"	0	0	0	0	0	1	0.051	0.311	0.049	0.503	0.046	0.04	-0.023	-0.162	-0.022	-0.304	-0.02	1.398	1.929	"6"
"体会"	0	0	1	0	0	0	0.051	0.311	0.049	0.503	0.046	0.04	-0.023	-0.162	1.312	-0.304	-0.02	-0.018	1.839	"3"
"何"	0	8	0	1	0	0	0.461	2.803	0.438	4.526	0.412	0.36	-0.205	3.24	-0.195	-1.728	-0.183	-0.159	5.71	"2"
"何必"	0	1	0	0	0	0	0.051	0.311	0.049	0.503	0.046	0.04	-0.023	0.507	-0.022	-0.304	-0.02	-0.018	0.894	"2"
"何智辉"	0	0	0	3	0	0	0.154	0.934	0.146	1.509	0.137	0.12	-0.068	-0.486	-0.065	0.896	-0.061	-0.053	1.629	"4"
"作者"	0	1	0	0	0	0	0.051	0.311	0.049	0.503	0.046	0.04	-0.023	0.507	-0.022	-0.304	-0.02	-0.018	0.894	"2"
"你"	0	7	0	0	0	0	0.358	2.18	0.341	3.52	0.321	0.28	-0.16	3.547	-0.152	-2.125	-0.143	-0.124	6.251	"2"
"依旧"	0	0	0	1	0	0	0.051	0.311	0.049	0.503	0.046	0.04	-0.023	-0.162	-0.022	0.299	-0.02	-0.018	0.544	"4"
"依照"	0	0	0	0	1	0	0.051	0.311	0.049	0.503	0.046	0.04	-0.023	-0.162	-0.022	-0.304	1.339	-0.018	1.868	"5"
"侦办"	0	0	1	0	0	0	0.051	0.311	0.049	0.503	0.046	0.04	-0.023	-0.162	1.312	-0.304	-0.02	-0.018	1.839	"3"
"侧重"	0	1	0	0	0	0	0.051	0.311	0.049	0.503	0.046	0.04	-0.023	0.507	-0.022	-0.304	-0.02	-0.018	0.894	"2"
"促使"	0	0	0	1	0	0	0.051	0.311	0.049	0.503	0.046	0.04	-0.023	-0.162	-0.022	0.299	-0.02	-0.018	0.544	"4"
"俄"	0	0	1	2	0	0	0.154	0.934	0.146	1.509	0.137	0.12	-0.068	-0.486	0.857	0.297	-0.061	-0.053	1.822	"3"
"俄方"	0	0	0	1	0	0	0.051	0.311	0.049	0.503	0.046	0.04	-0.023	-0.162	-0.022	0.299	-0.02	-0.018	0.544	"4"
"保守"	0	3	0	0	0	0	0.154	0.934	0.146	1.509	0.137	0.12	-0.068	1.52	-0.065	-0.911	-0.061	-0.053	2.678	"2"
"保持"	0	0	0	2	0	0	0.102	0.623	0.097	1.006	0.092	0.08	-0.046	-0.324	-0.043	0.597	-0.041	-0.035	1.086	"4"
"保留"	0	0	0	1	0	0	0.051	0.311	0.049	0.503	0.046	0.04	-0.023	-0.162	-0.022	0.299	-0.02	-0.018	0.544	"4"
"保育"	0	1	0	0	0	0	0.051	0.311	0.049	0.503	0.046	0.04	-0.023	0.507	-0.022	-0.304	-0.02	-0.018	0.894	"2"
"修正案"	0	0	0	1	0	0	0.051	0.311	0.049	0.503	0.046	0.04	-0.023	-0.162	-0.022	0.299	-0.02	-0.018	0.544	"4"
"倒退"	0	2	0	0	0	0	0.102	0.623	0.097	1.006	0.092	0.08	-0.046	1.013	-0.043	-0.607	-0.041	-0.035	1.785	"2"
"倾听"	0	0	0	1	0	0	0.051	0.311	0.049	0.503	0.046	0.04	-0.023	-0.162	-0.022	0.299	-0.02	-0.018	0.544	"4"
"偏差"	0	2	0	1	0	0	0.154	0.934	0.146	1.509	0.137	0.12	-0.068	0.637	-0.065	-0.305	-0.061	-0.053	1.189	"2"
"偏袒"	0	0	1	0	0	0	0.051	0.311	0.049	0.503	0.046	0.04	-0.023	-0.162	1.312	-0.304	-0.02	-0.018	1.839	"3"
"停建"	0	0	0	1	0	0	0.051	0.311	0.049	0.503	0.046	0.04	-0.023	-0.162	-0.022	0.299	-0.02	-0.018	0.544	"4"
"充分"	0	0	0	1	0	0	0.051	0.311	0.049	0.503	0.046	0.04	-0.023	-0.162	-0.022	0.299	-0.02	-0.018	0.544	"4"
"先"	0	1	0	0	0	0	0.051	0.311	0.049	0.503	0.046	0.04	-0.023	0.507	-0.022	-0.304	-0.02	-0.018	0.894	"2"
"党"	0	0	0	5	1	0	0.307	1.868	0.292	3.017	0.275	0.24	-0.137	-0.972	-0.13	0.95	0.611	-0.106	2.906	"2"
"党主席"	0	0	0	1	0	0	0.051	0.311	0.049	0.503	0.046	0.04	-0.023	-0.162	-0.022	0.299	-0.02	-0.018	0.544	"4"
"党务"	0	0	0	1	0	0	0.051	0.311	0.049	0.503	0.046	0.04	-0.023	-0.162	-0.022	0.299	-0.02	-0.018	0.544	"4"
"党团"	0	0	0	3	0	1	0.205	1.246	0.195	2.012	0.183	0.16	-0.091	-0.648	-0.087	0.499	-0.081	0.822	2.228	"6"
"党籍"	0	1	0	0	0	0	0.051	0.311	0.049	0.503	0.046	0.04	-0.023	0.507	-0.022	-0.304	-0.02	-0.018	0.894	"2"
"党纲"	0	0	0	1	0	0	0.051	0.311	0.049	0.503	0.046	0.04	-0.023	-0.162	-0.022	0.299	-0.02	-0.018	0.544	"4"
"入会案"	0	0	0	0	1	0	0.051	0.311	0.049	0.503	0.046	0.04	-0.023	-0.162	-0.022	-0.304	1.339	-0.018	1.868	"5"
"全球化"	0	1	0	1	0	0	0.102	0.623	0.097	1.006	0.092	0.08	-0.046	0.279	-0.043	-0.127	-0.041	-0.035	0.571	"2"
"全裸"	0	1	0	0	0	0	0.051	0.311	0.049	0.503	0.046	0.04	-0.023	0.507	-0.022	-0.304	-0.02	-0.018	0.894	"2"
"全貌"	0	0	1	0	0	0	0.051	0.311	0.049	0.503	0.046	0.04	-0.023	-0.162	1.312	-0.304	-0.02	-0.018	1.839	"3"
"八十四小时"	0	0	0	1	0	0	0.051	0.311	0.049	0.503	0.046	0.04	-0.023	-0.162	-0.022	0.299	-0.02	-0.018	0.544	"4"
"八百万"	0	0	0	0	1	0	0.051	0.311	0.049	0.503	0.046	0.04	-0.023	-0.162	-0.022	-0.304	1.339	-0.018	1.868	"5"
"公开"	0	0	0	4	1	0	0.256	1.557	0.244	2.515	0.229	0.2	-0.114	-0.81	-0.108	0.719	0.68	-0.089	2.52	"2"
"公投"	0	0	0	1	0	0	0.051	0.311	0.049	0.503	0.046	0.04	-0.023	-0.162	-0.022	0.299	-0.02	-0.018	0.544	"4"
"公正"	0	0	0	2	0	0	0.102	0.623	0.097	1.006	0.092	0.08	-0.046	-0.324	-0.043	0.597	-0.041	-0.035	1.086	"4"
"公积金"	0	1	0	0	0	0	0.051	0.311	0.049	0.503	0.046	0.04	-0.023	0.507	-0.022	-0.304	-0.02	-0.018	0.894	"2"
"六四"	0	0	1	0	0	0	0.051	0.311	0.049	0.503	0.046	0.04	-0.023	-0.162	1.312	-0.304	-0.02	-0.018	1.839	"3"
"六成八"	0	1	0	0	0	0	0.051	0.311	0.049	0.503	0.046	0.04	-0.023	0.507	-0.022	-0.304	-0.02	-0.018	0.894	"2"
"共同"	0	0	0	6	0	0	0.307	1.868	0.292	3.017	0.275	0.24	-0.137	-0.972	-0.13	1.791	-0.122	-0.106	3.258	"4"
"共识"	0	0	0	4	0	0	0.205	1.246	0.195	2.012	0.183	0.16	-0.091	-0.648	-0.087	1.194	-0.081	-0.071	2.172	"4"
"关切"	0	0	0	1	0	0	0.051	0.311	0.049	0.503	0.046	0.04	-0.023	-0.162	-0.022	0.299	-0.02	-0.018	0.544	"4"
"关机"	0	0	0	0	0	1	0.051	0.311	0.049	0.503	0.046	0.04	-0.023	-0.162	-0.022	-0.304	-0.02	1.398	1.929	"6"
"关系"	0	2	0	6	1	2	0.563	3.425	0.536	5.532	0.504	0.44	-0.251	-0.546	-0.239	0.294	0.395	1.16	2.885	"6"
"关系人"	0	1	0	0	0	0	0.051	0.311	0.049	0.503	0.046	0.04	-0.023	0.507	-0.022	-0.304	-0.02	-0.018	0.894	"2"
"兴建"	1	1	0	1	0	0	0.154	0.934	0.146	1.509	0.137	0.12	0.836	0.172	-0.065	-0.305	-0.061	-0.053	1.492	"1"
"兴建案"	0	0	0	2	0	0	0.102	0.623	0.097	1.006	0.092	0.08	-0.046	-0.324	-0.043	0.597	-0.041	-0.035	1.086	"4"
"其实"	0	2	0	0	0	0	0.102	0.623	0.097	1.006	0.092	0.08	-0.046	1.013	-0.043	-0.607	-0.041	-0.035	1.785	"2"
"兼顾"	0	0	1	1	0	0	0.102	0.623	0.097	1.006	0.092	0.08	-0.046	-0.324	1.022	-0.127	-0.041	-0.035	1.595	"3"
"内外"	0	0	0	1	0	0	0.051	0.311	0.049	0.503	0.046	0.04	-0.023	-0.162	-0.022	0.299	-0.02	-0.018	0.544	"4"
"内容"	0	2	0	1	0	0	0.154	0.934	0.146	1.509	0.137	0.12	-0.068	0.637	-0.065	-0.305	-0.061	-0.053	1.189	"2"
"内部"	0	1	0	1	0	0	0.102	0.623	0.097	1.006	0.092	0.08	-0.046	0.279	-0.043	-0.127	-0.041	-0.035	0.571	"2"
"内阁"	0	2	0	0	0	0	0.102	0.623	0.097	1.006	0.092	0.08	-0.046	1.013	-0.043	-0.607	-0.041	-0.035	1.785	"2"
"军售"	0	0	0	1	0	0	0.051	0.311	0.049	0.503	0.046	0.04	-0.023	-0.162	-0.022	0.299	-0.02	-0.018	0.544	"4"
"决心"	0	0	0	1	0	0	0.051	0.311	0.049	0.503	0.046	0.04	-0.023	-0.162	-0.022	0.299	-0.02	-0.018	0.544	"4"
"决策"	0	1	0	2	0	0	0.154	0.934	0.146	1.509	0.137	0.12	-0.068	0.172	-0.065	0.297	-0.061	-0.053	0.716	"4"
"决议案"	0	0	0	1	0	0	0.051	0.311	0.049	0.503	0.046	0.04	-0.023	-0.162	-0.022	0.299	-0.02	-0.018	0.544	"4"
"几"	0	1	0	0	0	0	0.051	0.311	0.049	0.503	0.046	0.04	-0.023	0.507	-0.022	-0.304	-0.02	-0.018	0.894	"2"
"出于"	0	0	0	1	0	0	0.051	0.311	0.049	0.503	0.046	0.04	-0.023	-0.162	-0.022	0.299	-0.02	-0.018	0.544	"4"
"出门"	0	1	0	0	0	0	0.051	0.311	0.049	0.503	0.046	0.04	-0.023	0.507	-0.022	-0.304	-0.02	-0.018	0.894	"2"
"分享"	0	1	0	0	0	0	0.051	0.311	0.049	0.503	0.046	0.04	-0.023	0.507	-0.022	-0.304	-0.02	-0.018	0.894	"2"
"分析"	0	2	0	0	0	0	0.102	0.623	0.097	1.006	0.092	0.08	-0.046	1.013	-0.043	-0.607	-0.041	-0.035	1.785	"2"
"分析员"	0	0	1	0	0	0	0.051	0.311	0.049	0.503	0.046	0.04	-0.023	-0.162	1.312	-0.304	-0.02	-0.018	1.839	"3"
"分析师"	0	2	0	0	0	0	0.102	0.623	0.097	1.006	0.092	0.08	-0.046	1.013	-0.043	-0.607	-0.041	-0.035	1.785	"2"
"分歧"	1	0	0	3	0	0	0.205	1.246	0.195	2.012	0.183	0.16	0.722	-0.648	-0.087	0.499	-0.081	-0.071	2.108	"1"
"分裂"	0	0	1	1	0	0	0.102	0.623	0.097	1.006	0.092	0.08	-0.046	-0.324	1.022	-0.127	-0.041	-0.035	1.595	"3"
"刘明祖"	0	0	0	1	0	0	0.051	0.311	0.049	0.503	0.046	0.04	-0.023	-0.162	-0.022	0.299	-0.02	-0.018	0.544	"4"
"创造性"	0	1	0	0	0	0	0.051	0.311	0.049	0.503	0.046	0.04	-0.023	0.507	-0.022	-0.304	-0.02	-0.018	0.894	"2"
"判断"	0	0	0	1	0	0	0.051	0.311	0.049	0.503	0.046	0.04	-0.023	-0.162	-0.022	0.299	-0.02	-0.018	0.544	"4"
"利益"	0	4	0	6	0	0	0.512	3.114	0.487	5.029	0.458	0.4	-0.228	0.419	-0.217	0.416	-0.204	-0.177	1.661	"2"
"别人"	0	1	0	0	0	0	0.051	0.311	0.049	0.503	0.046	0.04	-0.023	0.507	-0.022	-0.304	-0.02	-0.018	0.894	"2"
"制定出"	0	0	0	1	0	0	0.051	0.311	0.049	0.503	0.046	0.04	-0.023	-0.162	-0.022	0.299	-0.02	-0.018	0.544	"4"
"制度"	0	1	0	0	0	0	0.051	0.311	0.049	0.503	0.046	0.04	-0.023	0.507	-0.022	-0.304	-0.02	-0.018	0.894	"2"
"前景"	0	5	0	0	0	0	0.256	1.557	0.244	2.515	0.229	0.2	-0.114	2.533	-0.108	-1.518	-0.102	-0.089	4.464	"2"
"前途"	0	2	0	0	0	0	0.102	0.623	0.097	1.006	0.092	0.08	-0.046	1.013	-0.043	-0.607	-0.041	-0.035	1.785	"2"
"办校"	0	0	0	1	0	0	0.051	0.311	0.049	0.503	0.046	0.04	-0.023	-0.162	-0.022	0.299	-0.02	-0.018	0.544	"4"
"加籐"	0	0	0	2	0	0	0.102	0.623	0.097	1.006	0.092	0.08	-0.046	-0.324	-0.043	0.597	-0.041	-0.035	1.086	"4"
"劳委会"	0	0	0	1	0	0	0.051	0.311	0.049	0.503	0.046	0.04	-0.023	-0.162	-0.022	0.299	-0.02	-0.018	0.544	"4"
"劳工"	0	0	0	1	0	0	0.051	0.311	0.049	0.503	0.046	0.04	-0.023	-0.162	-0.022	0.299	-0.02	-0.018	0.544	"4"
"劳方"	0	0	0	1	0	0	0.051	0.311	0.049	0.503	0.046	0.04	-0.023	-0.162	-0.022	0.299	-0.02	-0.018	0.544	"4"
"勇敢"	0	0	0	1	0	0	0.051	0.311	0.049	0.503	0.046	0.04	-0.023	-0.162	-0.022	0.299	-0.02	-0.018	0.544	"4"
"包润石"	0	0	0	1	0	0	0.051	0.311	0.049	0.503	0.046	0.04	-0.023	-0.162	-0.022	0.299	-0.02	-0.018	0.544	"4"
"包道格"	0	0	0	1	0	0	0.051	0.311	0.049	0.503	0.046	0.04	-0.023	-0.162	-0.022	0.299	-0.02	-0.018	0.544	"4"
"匈奴"	0	0	1	0	0	0	0.051	0.311	0.049	0.503	0.046	0.04	-0.023	-0.162	1.312	-0.304	-0.02	-0.018	1.839	"3"
"化"	0	0	0	1	0	0	0.051	0.311	0.049	0.503	0.046	0.04	-0.023	-0.162	-0.022	0.299	-0.02	-0.018	0.544	"4"
"化解"	0	1	0	0	0	0	0.051	0.311	0.049	0.503	0.046	0.04	-0.023	0.507	-0.022	-0.304	-0.02	-0.018	0.894	"2"
"北投"	0	1	0	0	0	0	0.051	0.311	0.049	0.503	0.046	0.04	-0.023	0.507	-0.022	-0.304	-0.02	-0.018	0.894	"2"
"北韩"	0	0	0	2	0	0	0.102	0.623	0.097	1.006	0.092	0.08	-0.046	-0.324	-0.043	0.597	-0.041	-0.035	1.086	"4"
"医界"	0	0	0	1	0	0	0.051	0.311	0.049	0.503	0.046	0.04	-0.023	-0.162	-0.022	0.299	-0.02	-0.018	0.544	"4"
"半导体业"	0	2	0	0	0	0	0.102	0.623	0.097	1.006	0.092	0.08	-0.046	1.013	-0.043	-0.607	-0.041	-0.035	1.785	"2"
"华府"	0	0	0	1	0	0	0.051	0.311	0.049	0.503	0.046	0.04	-0.023	-0.162	-0.022	0.299	-0.02	-0.018	0.544	"4"
"华盛顿州"	0	0	0	1	0	0	0.051	0.311	0.049	0.503	0.046	0.04	-0.023	-0.162	-0.022	0.299	-0.02	-0.018	0.544	"4"
"华社"	0	0	0	1	0	0	0.051	0.311	0.049	0.503	0.046	0.04	-0.023	-0.162	-0.022	0.299	-0.02	-0.018	0.544	"4"
"协商"	0	0	0	3	0	0	0.154	0.934	0.146	1.509	0.137	0.12	-0.068	-0.486	-0.065	0.896	-0.061	-0.053	1.629	"4"
"协调"	0	0	0	10	0	0	0.512	3.114	0.487	5.029	0.458	0.4	-0.228	-1.62	-0.217	2.985	-0.204	-0.177	5.431	"4"
"单单"	0	1	0	0	0	0	0.051	0.311	0.049	0.503	0.046	0.04	-0.023	0.507	-0.022	-0.304	-0.02	-0.018	0.894	"2"
"南通社"	0	0	0	1	0	0	0.051	0.311	0.049	0.503	0.046	0.04	-0.023	-0.162	-0.022	0.299	-0.02	-0.018	0.544	"4"
"卜睿哲"	0	0	0	1	0	0	0.051	0.311	0.049	0.503	0.046	0.04	-0.023	-0.162	-0.022	0.299	-0.02	-0.018	0.544	"4"
"占领军"	0	0	1	0	0	0	0.051	0.311	0.049	0.503	0.046	0.04	-0.023	-0.162	1.312	-0.304	-0.02	-0.018	1.839	"3"
"即"	0	1	0	1	0	0	0.102	0.623	0.097	1.006	0.092	0.08	-0.046	0.279	-0.043	-0.127	-0.041	-0.035	0.571	"2"
"压抑"	0	1	0	0	0	0	0.051	0.311	0.049	0.503	0.046	0.04	-0.023	0.507	-0.022	-0.304	-0.02	-0.018	0.894	"2"
"原则"	0	0	0	6	0	0	0.307	1.868	0.292	3.017	0.275	0.24	-0.137	-0.972	-0.13	1.791	-0.122	-0.106	3.258	"4"
"原则性"	0	0	0	1	0	0	0.051	0.311	0.049	0.503	0.046	0.04	-0.023	-0.162	-0.022	0.299	-0.02	-0.018	0.544	"4"
"原能会"	0	0	0	2	0	0	0.102	0.623	0.097	1.006	0.092	0.08	-0.046	-0.324	-0.043	0.597	-0.041	-0.035	1.086	"4"
"去"	0	1	0	0	0	0	0.051	0.311	0.049	0.503	0.046	0.04	-0.023	0.507	-0.022	-0.304	-0.02	-0.018	0.894	"2"
"县府"	0	0	1	0	0	0	0.051	0.311	0.049	0.503	0.046	0.04	-0.023	-0.162	1.312	-0.304	-0.02	-0.018	1.839	"3"
"参与"	0	1	0	0	0	0	0.051	0.311	0.049	0.503	0.046	0.04	-0.023	0.507	-0.022	-0.304	-0.02	-0.018	0.894	"2"
"参政"	0	0	1	0	0	0	0.051	0.311	0.049	0.503	0.046	0.04	-0.023	-0.162	1.312	-0.304	-0.02	-0.018	1.839	"3"
"参考"	0	1	0	0	0	0	0.051	0.311	0.049	0.503	0.046	0.04	-0.023	0.507	-0.022	-0.304	-0.02	-0.018	0.894	"2"
"双方"	1	0	0	5	0	0	0.307	1.868	0.292	3.017	0.275	0.24	0.568	-0.972	-0.13	0.95	-0.122	-0.106	2.848	"2"
"双赢"	0	0	0	1	0	0	0.051	0.311	0.049	0.503	0.046	0.04	-0.023	-0.162	-0.022	0.299	-0.02	-0.018	0.544	"4"
"双边"	0	0	0	3	0	0	0.154	0.934	0.146	1.509	0.137	0.12	-0.068	-0.486	-0.065	0.896	-0.061	-0.053	1.629	"4"
"反对"	0	1	0	11	1	1	0.717	4.36	0.682	7.041	0.641	0.56	-0.32	-1.403	-0.304	1.521	0.318	0.361	4.227	"4"
"反恐"	0	0	0	1	0	0	0.051	0.311	0.049	0.503	0.046	0.04	-0.023	-0.162	-0.022	0.299	-0.02	-0.018	0.544	"4"
"反战"	0	0	1	0	0	0	0.051	0.311	0.049	0.503	0.046	0.04	-0.023	-0.162	1.312	-0.304	-0.02	-0.018	1.839	"3"
"反映"	1	1	0	0	0	0	0.102	0.623	0.097	1.006	0.092	0.08	1.001	0.279	-0.043	-0.607	-0.041	-0.035	2.006	"1"
"反核"	0	0	0	3	1	0	0.205	1.246	0.195	2.012	0.183	0.16	-0.091	-0.648	-0.087	0.499	0.767	-0.071	2.163	"5"
"反驳"	0	0	0	1	0	0	0.051	0.311	0.049	0.503	0.046	0.04	-0.023	-0.162	-0.022	0.299	-0.02	-0.018	0.544	"4"
"发"	0	1	0	0	0	0	0.051	0.311	0.049	0.503	0.046	0.04	-0.023	0.507	-0.022	-0.304	-0.02	-0.018	0.894	"2"
"发表"	1	4	0	2	0	21	1.434	8.719	1.364	14.082	1.282	1.119	-0.239	-1.44	-0.607	-5.881	-0.57	23.409	32.146	"6"
"发表会"	0	0	0	1	0	0	0.051	0.311	0.049	0.503	0.046	0.04	-0.023	-0.162	-0.022	0.299	-0.02	-0.018	0.544	"4"
"发言"	0	0	0	1	2	0	0.154	0.934	0.146	1.509	0.137	0.12	-0.068	-0.486	-0.065	-0.305	2.215	-0.053	3.192	"5"
"取"	0	1	0	2	0	0	0.154	0.934	0.146	1.509	0.137	0.12	-0.068	0.172	-0.065	0.297	-0.061	-0.053	0.716	"4"
"受访者"	0	2	0	0	0	0	0.102	0.623	0.097	1.006	0.092	0.08	-0.046	1.013	-0.043	-0.607	-0.041	-0.035	1.785	"2"
"变"	0	0	0	1	0	0	0.051	0.311	0.049	0.503	0.046	0.04	-0.023	-0.162	-0.022	0.299	-0.02	-0.018	0.544	"4"
"变形"	0	0	0	1	0	0	0.051	0.311	0.049	0.503	0.046	0.04	-0.023	-0.162	-0.022	0.299	-0.02	-0.018	0.544	"4"
"叙利亚"	0	0	0	3	0	0	0.154	0.934	0.146	1.509	0.137	0.12	-0.068	-0.486	-0.065	0.896	-0.061	-0.053	1.629	"4"
"另外"	0	0	0	0	0	1	0.051	0.311	0.049	0.503	0.046	0.04	-0.023	-0.162	-0.022	-0.304	-0.02	1.398	1.929	"6"
"只是"	0	1	0	0	0	0	0.051	0.311	0.049	0.503	0.046	0.04	-0.023	0.507	-0.022	-0.304	-0.02	-0.018	0.894	"2"
"只管"	0	0	0	1	0	0	0.051	0.311	0.049	0.503	0.046	0.04	-0.023	-0.162	-0.022	0.299	-0.02	-0.018	0.544	"4"
"可以"	0	0	0	1	1	0	0.102	0.623	0.097	1.006	0.092	0.08	-0.046	-0.324	-0.043	-0.127	1.048	-0.035	1.623	"5"
"台军"	0	0	0	1	0	0	0.051	0.311	0.049	0.503	0.046	0.04	-0.023	-0.162	-0.022	0.299	-0.02	-0.018	0.544	"4"
"台大"	0	0	0	1	0	0	0.051	0.311	0.049	0.503	0.046	0.04	-0.023	-0.162	-0.022	0.299	-0.02	-0.018	0.544	"4"
"台湾"	0	1	0	17	4	0	1.127	6.851	1.072	11.064	1.007	0.879	-0.502	-2.525	-0.477	2.041	1.78	-0.39	7.715	"2"
"台湾人"	0	1	0	0	0	0	0.051	0.311	0.049	0.503	0.046	0.04	-0.023	0.507	-0.022	-0.304	-0.02	-0.018	0.894	"2"
"台湾海崃"	0	0	0	1	0	0	0.051	0.311	0.049	0.503	0.046	0.04	-0.023	-0.162	-0.022	0.299	-0.02	-0.018	0.544	"4"
"台独"	0	0	0	2	0	0	0.102	0.623	0.097	1.006	0.092	0.08	-0.046	-0.324	-0.043	0.597	-0.041	-0.035	1.086	"4"
"台股"	0	1	0	0	0	0	0.051	0.311	0.049	0.503	0.046	0.04	-0.023	0.507	-0.022	-0.304	-0.02	-0.018	0.894	"2"
"右倾"	0	0	1	0	0	0	0.051	0.311	0.049	0.503	0.046	0.04	-0.023	-0.162	1.312	-0.304	-0.02	-0.018	1.839	"3"
"叶耀鹏"	1	0	0	0	0	0	0.051	0.311	0.049	0.503	0.046	0.04	1.291	-0.162	-0.022	-0.304	-0.02	-0.018	1.817	"1"
"吁"	0	0	0	2	0	0	0.102	0.623	0.097	1.006	0.092	0.08	-0.046	-0.324	-0.043	0.597	-0.041	-0.035	1.086	"4"
"各"	1	0	0	0	0	0	0.051	0.311	0.049	0.503	0.046	0.04	1.291	-0.162	-0.022	-0.304	-0.02	-0.018	1.817	"1"
"各国"	0	0	0	1	0	0	0.051	0.311	0.049	0.503	0.046	0.04	-0.023	-0.162	-0.022	0.299	-0.02	-0.018	0.544	"4"
"各界"	0	1	0	0	0	0	0.051	0.311	0.049	0.503	0.046	0.04	-0.023	0.507	-0.022	-0.304	-0.02	-0.018	0.894	"2"
"各自"	0	1	0	1	0	0	0.102	0.623	0.097	1.006	0.092	0.08	-0.046	0.279	-0.043	-0.127	-0.041	-0.035	0.571	"2"
"各说各话"	0	0	1	0	0	0	0.051	0.311	0.049	0.503	0.046	0.04	-0.023	-0.162	1.312	-0.304	-0.02	-0.018	1.839	"3"
"合"	0	1	0	0	0	0	0.051	0.311	0.049	0.503	0.046	0.04	-0.023	0.507	-0.022	-0.304	-0.02	-0.018	0.894	"2"
"合乎"	0	1	0	0	0	0	0.051	0.311	0.049	0.503	0.046	0.04	-0.023	0.507	-0.022	-0.304	-0.02	-0.018	0.894	"2"
"同"	0	1	0	0	0	0	0.051	0.311	0.049	0.503	0.046	0.04	-0.023	0.507	-0.022	-0.304	-0.02	-0.018	0.894	"2"
"同事"	0	1	0	0	0	0	0.051	0.311	0.049	0.503	0.046	0.04	-0.023	0.507	-0.022	-0.304	-0.02	-0.018	0.894	"2"
"同巴方"	0	0	0	1	0	0	0.051	0.311	0.049	0.503	0.046	0.04	-0.023	-0.162	-0.022	0.299	-0.02	-0.018	0.544	"4"
"同意"	0	0	0	2	0	0	0.102	0.623	0.097	1.006	0.092	0.08	-0.046	-0.324	-0.043	0.597	-0.041	-0.035	1.086	"4"
"同样"	0	3	0	0	1	0	0.205	1.246	0.195	2.012	0.183	0.16	-0.091	1.033	-0.087	-1.214	0.767	-0.071	3.263	"4"
"同气"	0	0	0	1	0	0	0.051	0.311	0.049	0.503	0.046	0.04	-0.023	-0.162	-0.022	0.299	-0.02	-0.018	0.544	"4"
"吕志翔"	0	1	0	0	0	0	0.051	0.311	0.049	0.503	0.046	0.04	-0.023	0.507	-0.022	-0.304	-0.02	-0.018	0.894	"2"
"吗"	0	3	0	0	0	0	0.154	0.934	0.146	1.509	0.137	0.12	-0.068	1.52	-0.065	-0.911	-0.061	-0.053	2.678	"2"
"否定"	0	1	0	0	0	0	0.051	0.311	0.049	0.503	0.046	0.04	-0.023	0.507	-0.022	-0.304	-0.02	-0.018	0.894	"2"
"含煳"	0	0	1	0	0	0	0.051	0.311	0.049	0.503	0.046	0.04	-0.023	-0.162	1.312	-0.304	-0.02	-0.018	1.839	"3"
"听取"	0	1	0	1	0	0	0.102	0.623	0.097	1.006	0.092	0.08	-0.046	0.279	-0.043	-0.127	-0.041	-0.035	0.571	"2"
"听讲"	0	1	0	0	0	0	0.051	0.311	0.049	0.503	0.046	0.04	-0.023	0.507	-0.022	-0.304	-0.02	-0.018	0.894	"2"
"吭声"	0	0	0	2	0	0	0.102	0.623	0.097	1.006	0.092	0.08	-0.046	-0.324	-0.043	0.597	-0.041	-0.035	1.086	"4"
"呈现"	0	1	0	0	0	0	0.051	0.311	0.049	0.503	0.046	0.04	-0.023	0.507	-0.022	-0.304	-0.02	-0.018	0.894	"2"
"呢"	0	4	0	0	0	0	0.205	1.246	0.195	2.012	0.183	0.16	-0.091	2.027	-0.087	-1.214	-0.081	-0.071	3.571	"2"
"周守训"	0	0	0	1	0	0	0.051	0.311	0.049	0.503	0.046	0.04	-0.023	-0.162	-0.022	0.299	-0.02	-0.018	0.544	"4"
"呼吁"	0	0	0	1	0	0	0.051	0.311	0.049	0.503	0.046	0.04	-0.023	-0.162	-0.022	0.299	-0.02	-0.018	0.544	"4"
"和平"	0	0	0	4	0	0	0.205	1.246	0.195	2.012	0.183	0.16	-0.091	-0.648	-0.087	1.194	-0.081	-0.071	2.172	"4"
"和谈"	0	0	0	2	0	0	0.102	0.623	0.097	1.006	0.092	0.08	-0.046	-0.324	-0.043	0.597	-0.041	-0.035	1.086	"4"
"哈塔米"	0	0	0	2	0	0	0.102	0.623	0.097	1.006	0.092	0.08	-0.046	-0.324	-0.043	0.597	-0.041	-0.035	1.086	"4"
"唐秉钧"	0	0	0	0	1	0	0.051	0.311	0.049	0.503	0.046	0.04	-0.023	-0.162	-0.022	-0.304	1.339	-0.018	1.868	"5"
"唐飞"	1	0	0	5	0	0	0.307	1.868	0.292	3.017	0.275	0.24	0.568	-0.972	-0.13	0.95	-0.122	-0.106	2.848	"2"
"唿吁"	0	0	0	2	0	0	0.102	0.623	0.097	1.006	0.092	0.08	-0.046	-0.324	-0.043	0.597	-0.041	-0.035	1.086	"4"
"回专"	0	0	0	1	0	0	0.051	0.311	0.049	0.503	0.046	0.04	-0.023	-0.162	-0.022	0.299	-0.02	-0.018	0.544	"4"
"团结"	0	0	0	1	0	0	0.051	0.311	0.049	0.503	0.046	0.04	-0.023	-0.162	-0.022	0.299	-0.02	-0.018	0.544	"4"
"国土"	0	1	0	0	0	0	0.051	0.311	0.049	0.503	0.046	0.04	-0.023	0.507	-0.022	-0.304	-0.02	-0.018	0.894	"2"
"国民党"	0	0	0	15	1	2	0.922	5.605	0.877	9.052	0.824	0.719	-0.411	-2.917	-0.39	2.393	0.244	0.795	7.15	"2"
"国民党籍"	0	0	0	0	1	0	0.051	0.311	0.049	0.503	0.046	0.04	-0.023	-0.162	-0.022	-0.304	1.339	-0.018	1.868	"5"
"国界"	0	0	0	1	0	0	0.051	0.311	0.049	0.503	0.046	0.04	-0.023	-0.162	-0.022	0.299	-0.02	-0.018	0.544	"4"
"国统会"	0	0	0	1	0	0	0.051	0.311	0.049	0.503	0.046	0.04	-0.023	-0.162	-0.022	0.299	-0.02	-0.018	0.544	"4"
"国都"	0	0	0	1	0	0	0.051	0.311	0.049	0.503	0.046	0.04	-0.023	-0.162	-0.022	0.299	-0.02	-0.018	0.544	"4"
"国际组"	0	0	0	1	0	0	0.051	0.311	0.049	0.503	0.046	0.04	-0.023	-0.162	-0.022	0.299	-0.02	-0.018	0.544	"4"
"国际观"	0	0	1	0	0	0	0.051	0.311	0.049	0.503	0.046	0.04	-0.023	-0.162	1.312	-0.304	-0.02	-0.018	1.839	"3"
"在野"	0	0	0	2	0	0	0.102	0.623	0.097	1.006	0.092	0.08	-0.046	-0.324	-0.043	0.597	-0.041	-0.035	1.086	"4"
"在野党"	0	0	0	4	2	0	0.307	1.868	0.292	3.017	0.275	0.24	-0.137	-0.972	-0.13	0.457	1.556	-0.106	3.358	"5"
"地方官员"	0	0	0	1	0	0	0.051	0.311	0.049	0.503	0.046	0.04	-0.023	-0.162	-0.022	0.299	-0.02	-0.018	0.544	"4"
"均"	0	1	0	0	0	0	0.051	0.311	0.049	0.503	0.046	0.04	-0.023	0.507	-0.022	-0.304	-0.02	-0.018	0.894	"2"
"坎代"	0	0	0	1	0	0	0.051	0.311	0.049	0.503	0.046	0.04	-0.023	-0.162	-0.022	0.299	-0.02	-0.018	0.544	"4"
"坚"	0	0	0	1	0	0	0.051	0.311	0.049	0.503	0.046	0.04	-0.023	-0.162	-0.022	0.299	-0.02	-0.018	0.544	"4"
"坚定"	0	0	0	7	0	0	0.358	2.18	0.341	3.52	0.321	0.28	-0.16	-1.134	-0.152	2.09	-0.143	-0.124	3.803	"4"
"坚持"	0	2	0	20	0	0	1.127	6.851	1.072	11.064	1.007	0.879	-0.502	-1.8	-0.477	4.172	-0.448	-0.39	7.789	"4"
"坦然"	0	1	0	0	0	0	0.051	0.311	0.049	0.503	0.046	0.04	-0.023	0.507	-0.022	-0.304	-0.02	-0.018	0.894	"2"
"基于"	0	0	0	5	0	0	0.256	1.557	0.244	2.515	0.229	0.2	-0.114	-0.81	-0.108	1.493	-0.102	-0.089	2.716	"4"
"基本"	0	3	0	3	0	0	0.307	1.868	0.292	3.017	0.275	0.24	-0.137	0.557	-0.13	-0.187	-0.122	-0.106	1.239	"2"
"基调"	0	0	0	1	0	0	0.051	0.311	0.049	0.503	0.046	0.04	-0.023	-0.162	-0.022	0.299	-0.02	-0.018	0.544	"4"
"声援"	0	0	0	1	0	0	0.051	0.311	0.049	0.503	0.046	0.04	-0.023	-0.162	-0.022	0.299	-0.02	-0.018	0.544	"4"
"声明"	0	0	0	3	0	0	0.154	0.934	0.146	1.509	0.137	0.12	-0.068	-0.486	-0.065	0.896	-0.061	-0.053	1.629	"4"
"声请"	0	1	0	0	0	0	0.051	0.311	0.049	0.503	0.046	0.04	-0.023	0.507	-0.022	-0.304	-0.02	-0.018	0.894	"2"
"备战"	0	0	0	1	0	0	0.051	0.311	0.049	0.503	0.046	0.04	-0.023	-0.162	-0.022	0.299	-0.02	-0.018	0.544	"4"
"复航"	0	0	2	0	0	0	0.102	0.623	0.097	1.006	0.092	0.08	-0.046	-0.324	2.625	-0.607	-0.041	-0.035	3.678	"3"
"夏德钰"	0	0	0	1	0	0	0.051	0.311	0.049	0.503	0.046	0.04	-0.023	-0.162	-0.022	0.299	-0.02	-0.018	0.544	"4"
"外交学"	0	0	0	1	0	0	0.051	0.311	0.049	0.503	0.046	0.04	-0.023	-0.162	-0.022	0.299	-0.02	-0.018	0.544	"4"
"外交部"	1	0	0	2	0	0	0.154	0.934	0.146	1.509	0.137	0.12	0.836	-0.486	-0.065	0.297	-0.061	-0.053	1.798	"1"
"外界"	0	0	0	1	0	0	0.051	0.311	0.049	0.503	0.046	0.04	-0.023	-0.162	-0.022	0.299	-0.02	-0.018	0.544	"4"
"多元化"	0	0	1	0	0	0	0.051	0.311	0.049	0.503	0.046	0.04	-0.023	-0.162	1.312	-0.304	-0.02	-0.018	1.839	"3"
"多头"	0	1	0	0	0	0	0.051	0.311	0.049	0.503	0.046	0.04	-0.023	0.507	-0.022	-0.304	-0.02	-0.018	0.894	"2"
"多边"	0	0	1	1	1	0	0.154	0.934	0.146	1.509	0.137	0.12	-0.068	-0.486	0.857	-0.305	0.882	-0.053	2.651	"5"
"大业"	0	0	0	1	0	0	0.051	0.311	0.049	0.503	0.046	0.04	-0.023	-0.162	-0.022	0.299	-0.02	-0.018	0.544	"4"
"大同小异"	0	1	0	0	0	0	0.051	0.311	0.049	0.503	0.046	0.04	-0.023	0.507	-0.022	-0.304	-0.02	-0.018	0.894	"2"
"大家"	0	1	0	0	0	0	0.051	0.311	0.049	0.503	0.046	0.04	-0.023	0.507	-0.022	-0.304	-0.02	-0.018	0.894	"2"
"大法官"	0	1	0	1	0	0	0.102	0.623	0.097	1.006	0.092	0.08	-0.046	0.279	-0.043	-0.127	-0.041	-0.035	0.571	"2"
"女郎"	0	1	0	0	0	0	0.051	0.311	0.049	0.503	0.046	0.04	-0.023	0.507	-0.022	-0.304	-0.02	-0.018	0.894	"2"
"如何"	0	1	0	1	0	0	0.102	0.623	0.097	1.006	0.092	0.08	-0.046	0.279	-0.043	-0.127	-0.041	-0.035	0.571	"2"
"始终"	0	0	0	2	0	0	0.102	0.623	0.097	1.006	0.092	0.08	-0.046	-0.324	-0.043	0.597	-0.041	-0.035	1.086	"4"
"委托"	0	1	0	0	0	0	0.051	0.311	0.049	0.503	0.046	0.04	-0.023	0.507	-0.022	-0.304	-0.02	-0.018	0.894	"2"
"存放款人"	0	0	1	0	0	0	0.051	0.311	0.049	0.503	0.046	0.04	-0.023	-0.162	1.312	-0.304	-0.02	-0.018	1.839	"3"
"学者"	1	2	0	0	1	1	0.256	1.557	0.244	2.515	0.229	0.2	0.636	0.305	-0.108	-1.518	0.68	0.734	3.981	"4"
"宇津"	0	0	1	0	0	0	0.051	0.311	0.049	0.503	0.046	0.04	-0.023	-0.162	1.312	-0.304	-0.02	-0.018	1.839	"3"
"安定"	0	0	1	0	0	0	0.051	0.311	0.049	0.503	0.046	0.04	-0.023	-0.162	1.312	-0.304	-0.02	-0.018	1.839	"3"
"安理会"	0	0	0	2	0	0	0.102	0.623	0.097	1.006	0.092	0.08	-0.046	-0.324	-0.043	0.597	-0.041	-0.035	1.086	"4"
"完全"	0	2	0	1	0	1	0.205	1.246	0.195	2.012	0.183	0.16	-0.091	0.434	-0.087	-0.511	-0.081	0.822	2.026	"6"
"官方"	0	1	0	2	0	0	0.154	0.934	0.146	1.509	0.137	0.12	-0.068	0.172	-0.065	0.297	-0.061	-0.053	0.716	"4"
"定"	1	0	0	0	0	0	0.051	0.311	0.049	0.503	0.046	0.04	1.291	-0.162	-0.022	-0.304	-0.02	-0.018	1.817	"1"
"定义"	0	0	0	1	0	0	0.051	0.311	0.049	0.503	0.046	0.04	-0.023	-0.162	-0.022	0.299	-0.02	-0.018	0.544	"4"
"定罪"	0	1	0	0	0	0	0.051	0.311	0.049	0.503	0.046	0.04	-0.023	0.507	-0.022	-0.304	-0.02	-0.018	0.894	"2"
"审查"	1	1	0	0	0	0	0.102	0.623	0.097	1.006	0.092	0.08	1.001	0.279	-0.043	-0.607	-0.041	-0.035	2.006	"1"
"客观"	0	1	0	0	0	0	0.051	0.311	0.049	0.503	0.046	0.04	-0.023	0.507	-0.022	-0.304	-0.02	-0.018	0.894	"2"
"宣"	0	1	0	1	1	0	0.154	0.934	0.146	1.509	0.137	0.12	-0.068	0.172	-0.065	-0.305	0.882	-0.053	1.545	"5"
"宣示"	1	0	0	1	0	0	0.102	0.623	0.097	1.006	0.092	0.08	1.001	-0.324	-0.043	-0.127	-0.041	-0.035	1.571	"1"
"宪法"	1	0	0	1	0	1	0.154	0.934	0.146	1.509	0.137	0.12	0.836	-0.486	-0.065	-0.305	-0.061	0.939	2.692	"6"
"害取"	0	1	0	0	0	0	0.051	0.311	0.049	0.503	0.046	0.04	-0.023	0.507	-0.022	-0.304	-0.02	-0.018	0.894	"2"
"家园"	0	0	0	1	0	0	0.051	0.311	0.049	0.503	0.046	0.04	-0.023	-0.162	-0.022	0.299	-0.02	-0.018	0.544	"4"
"对"	7	37	0	13	2	4	3.226	19.619	3.069	31.684	2.885	2.518	1.38	5.251	-1.366	-5.917	-0.352	0.612	14.878	"4"
"对于"	5	3	0	12	0	0	1.024	6.228	0.974	10.058	0.916	0.799	2.544	-1.052	-0.434	0.585	-0.407	-0.354	5.376	"1"
"对待"	0	0	1	0	0	0	0.051	0.311	0.049	0.503	0.046	0.04	-0.023	-0.162	1.312	-0.304	-0.02	-0.018	1.839	"3"
"对方"	0	0	0	1	0	0	0.051	0.311	0.049	0.503	0.046	0.04	-0.023	-0.162	-0.022	0.299	-0.02	-0.018	0.544	"4"
"对比"	0	0	1	0	0	0	0.051	0.311	0.049	0.503	0.046	0.04	-0.023	-0.162	1.312	-0.304	-0.02	-0.018	1.839	"3"
"对立"	0	1	0	1	0	0	0.102	0.623	0.097	1.006	0.092	0.08	-0.046	0.279	-0.043	-0.127	-0.041	-0.035	0.571	"2"
"对等"	0	0	0	1	0	0	0.051	0.311	0.049	0.503	0.046	0.04	-0.023	-0.162	-0.022	0.299	-0.02	-0.018	0.544	"4"
"对联军"	0	0	1	0	0	0	0.051	0.311	0.049	0.503	0.046	0.04	-0.023	-0.162	1.312	-0.304	-0.02	-0.018	1.839	"3"
"对话"	0	0	0	2	0	0	0.102	0.623	0.097	1.006	0.092	0.08	-0.046	-0.324	-0.043	0.597	-0.041	-0.035	1.086	"4"
"对话会"	0	0	1	0	0	0	0.051	0.311	0.049	0.503	0.046	0.04	-0.023	-0.162	1.312	-0.304	-0.02	-0.018	1.839	"3"
"将来"	1	0	0	0	0	0	0.051	0.311	0.049	0.503	0.046	0.04	1.291	-0.162	-0.022	-0.304	-0.02	-0.018	1.817	"1"
"尊严"	0	1	0	0	0	0	0.051	0.311	0.049	0.503	0.046	0.04	-0.023	0.507	-0.022	-0.304	-0.02	-0.018	0.894	"2"
"尊重"	0	1	0	2	0	0	0.154	0.934	0.146	1.509	0.137	0.12	-0.068	0.172	-0.065	0.297	-0.061	-0.053	0.716	"4"
"小资"	0	0	1	0	0	0	0.051	0.311	0.049	0.503	0.046	0.04	-0.023	-0.162	1.312	-0.304	-0.02	-0.018	1.839	"3"
"就"	1	0	0	7	0	0	0.41	2.491	0.39	4.023	0.366	0.32	0.464	-1.296	-0.173	1.438	-0.163	-0.142	3.676	"4"
"就职"	0	0	0	1	0	0	0.051	0.311	0.049	0.503	0.046	0.04	-0.023	-0.162	-0.022	0.299	-0.02	-0.018	0.544	"4"
"尴尬"	0	0	0	1	0	0	0.051	0.311	0.049	0.503	0.046	0.04	-0.023	-0.162	-0.022	0.299	-0.02	-0.018	0.544	"4"
"尼尔森"	0	1	0	0	0	0	0.051	0.311	0.049	0.503	0.046	0.04	-0.023	0.507	-0.022	-0.304	-0.02	-0.018	0.894	"2"
"局势"	0	3	0	1	0	0	0.205	1.246	0.195	2.012	0.183	0.16	-0.091	1.033	-0.087	-0.511	-0.081	-0.071	1.874	"2"
"局限性"	0	1	0	0	0	0	0.051	0.311	0.049	0.503	0.046	0.04	-0.023	0.507	-0.022	-0.304	-0.02	-0.018	0.894	"2"
"居屋"	0	0	1	0	0	0	0.051	0.311	0.049	0.503	0.046	0.04	-0.023	-0.162	1.312	-0.304	-0.02	-0.018	1.839	"3"
"岸"	0	0	0	2	0	0	0.102	0.623	0.097	1.006	0.092	0.08	-0.046	-0.324	-0.043	0.597	-0.041	-0.035	1.086	"4"
"工时"	0	0	0	2	0	0	0.102	0.623	0.097	1.006	0.092	0.08	-0.046	-0.324	-0.043	0.597	-0.041	-0.035	1.086	"4"
"工程队"	0	0	0	1	0	0	0.051	0.311	0.049	0.503	0.046	0.04	-0.023	-0.162	-0.022	0.299	-0.02	-0.018	0.544	"4"
"差异"	0	0	0	1	0	0	0.051	0.311	0.049	0.503	0.046	0.04	-0.023	-0.162	-0.022	0.299	-0.02	-0.018	0.544	"4"
"巴勒斯坦"	0	0	1	1	0	0	0.102	0.623	0.097	1.006	0.092	0.08	-0.046	-0.324	1.022	-0.127	-0.041	-0.035	1.595	"3"
"巴拉吉"	0	1	0	0	0	0	0.051	0.311	0.049	0.503	0.046	0.04	-0.023	0.507	-0.022	-0.304	-0.02	-0.018	0.894	"2"
"市府"	0	0	0	1	0	0	0.051	0.311	0.049	0.503	0.046	0.04	-0.023	-0.162	-0.022	0.299	-0.02	-0.018	0.544	"4"
"市镇"	0	0	0	0	0	1	0.051	0.311	0.049	0.503	0.046	0.04	-0.023	-0.162	-0.022	-0.304	-0.02	1.398	1.929	"6"
"布什"	0	1	0	0	0	0	0.051	0.311	0.049	0.503	0.046	0.04	-0.023	0.507	-0.022	-0.304	-0.02	-0.018	0.894	"2"
"布希"	0	0	1	0	0	0	0.051	0.311	0.049	0.503	0.046	0.04	-0.023	-0.162	1.312	-0.304	-0.02	-0.018	1.839	"3"
"布莱尔"	0	1	0	0	0	0	0.051	0.311	0.049	0.503	0.046	0.04	-0.023	0.507	-0.022	-0.304	-0.02	-0.018	0.894	"2"
"布鲁塞尔"	0	0	0	1	1	0	0.102	0.623	0.097	1.006	0.092	0.08	-0.046	-0.324	-0.043	-0.127	1.048	-0.035	1.623	"5"
"师父"	0	0	0	1	0	0	0.051	0.311	0.049	0.503	0.046	0.04	-0.023	-0.162	-0.022	0.299	-0.02	-0.018	0.544	"4"
"希"	0	1	0	0	0	0	0.051	0.311	0.049	0.503	0.046	0.04	-0.023	0.507	-0.022	-0.304	-0.02	-0.018	0.894	"2"
"希望"	0	0	1	13	1	0	0.768	4.671	0.731	7.544	0.687	0.6	-0.342	-2.431	0.278	2.404	0.297	-0.266	6.018	"2"
"幕僚"	0	0	0	2	0	0	0.102	0.623	0.097	1.006	0.092	0.08	-0.046	-0.324	-0.043	0.597	-0.041	-0.035	1.086	"4"
"平适"	0	0	0	1	0	0	0.051	0.311	0.049	0.503	0.046	0.04	-0.023	-0.162	-0.022	0.299	-0.02	-0.018	0.544	"4"
"并"	0	3	0	9	1	0	0.666	4.048	0.633	6.538	0.595	0.52	-0.297	-0.414	-0.282	0.86	0.341	-0.23	2.424	"4"
"广泛"	0	1	0	0	0	1	0.102	0.623	0.097	1.006	0.092	0.08	-0.046	0.279	-0.043	-0.607	-0.041	1.106	2.122	"6"
"广讯报"	0	0	1	0	0	0	0.051	0.311	0.049	0.503	0.046	0.04	-0.023	-0.162	1.312	-0.304	-0.02	-0.018	1.839	"3"
"应"	0	0	0	1	0	0	0.051	0.311	0.049	0.503	0.046	0.04	-0.023	-0.162	-0.022	0.299	-0.02	-0.018	0.544	"4"
"应否"	0	0	0	1	0	0	0.051	0.311	0.049	0.503	0.046	0.04	-0.023	-0.162	-0.022	0.299	-0.02	-0.018	0.544	"4"
"应该"	0	0	0	1	0	0	0.051	0.311	0.049	0.503	0.046	0.04	-0.023	-0.162	-0.022	0.299	-0.02	-0.018	0.544	"4"
"底线"	0	0	1	0	0	0	0.051	0.311	0.049	0.503	0.046	0.04	-0.023	-0.162	1.312	-0.304	-0.02	-0.018	1.839	"3"
"府"	0	0	0	1	0	0	0.051	0.311	0.049	0.503	0.046	0.04	-0.023	-0.162	-0.022	0.299	-0.02	-0.018	0.544	"4"
"废核"	0	0	0	1	0	0	0.051	0.311	0.049	0.503	0.046	0.04	-0.023	-0.162	-0.022	0.299	-0.02	-0.018	0.544	"4"
"康德"	1	0	0	0	0	0	0.051	0.311	0.049	0.503	0.046	0.04	1.291	-0.162	-0.022	-0.304	-0.02	-0.018	1.817	"1"
"建议"	0	3	0	0	0	0	0.154	0.934	0.146	1.509	0.137	0.12	-0.068	1.52	-0.065	-0.911	-0.061	-0.053	2.678	"2"
"建设性"	0	0	0	1	0	0	0.051	0.311	0.049	0.503	0.046	0.04	-0.023	-0.162	-0.022	0.299	-0.02	-0.018	0.544	"4"
"开除"	0	0	0	1	0	0	0.051	0.311	0.049	0.503	0.046	0.04	-0.023	-0.162	-0.022	0.299	-0.02	-0.018	0.544	"4"
"引文"	0	0	0	0	1	0	0.051	0.311	0.049	0.503	0.046	0.04	-0.023	-0.162	-0.022	-0.304	1.339	-0.018	1.868	"5"
"引述"	0	2	0	0	0	0	0.102	0.623	0.097	1.006	0.092	0.08	-0.046	1.013	-0.043	-0.607	-0.041	-0.035	1.785	"2"
"张俊雄"	0	0	0	2	0	0	0.102	0.623	0.097	1.006	0.092	0.08	-0.046	-0.324	-0.043	0.597	-0.041	-0.035	1.086	"4"
"弹性"	0	0	0	2	0	0	0.102	0.623	0.097	1.006	0.092	0.08	-0.046	-0.324	-0.043	0.597	-0.041	-0.035	1.086	"4"
"强化"	0	1	0	0	0	0	0.051	0.311	0.049	0.503	0.046	0.04	-0.023	0.507	-0.022	-0.304	-0.02	-0.018	0.894	"2"
"强烈"	0	0	0	1	0	0	0.051	0.311	0.049	0.503	0.046	0.04	-0.023	-0.162	-0.022	0.299	-0.02	-0.018	0.544	"4"
"强硬"	0	0	1	3	0	0	0.205	1.246	0.195	2.012	0.183	0.16	-0.091	-0.648	0.742	0.499	-0.081	-0.071	2.132	"3"
"强调"	0	0	0	17	0	0	0.871	5.294	0.828	8.55	0.779	0.679	-0.388	-2.755	-0.369	5.075	-0.346	-0.301	9.234	"4"
"当前"	0	6	0	1	0	0	0.358	2.18	0.341	3.52	0.321	0.28	-0.16	2.33	-0.152	-1.217	-0.143	-0.124	4.126	"2"
"形势"	0	3	0	0	0	0	0.154	0.934	0.146	1.509	0.137	0.12	-0.068	1.52	-0.065	-0.911	-0.061	-0.053	2.678	"2"
"形成"	1	1	0	0	0	0	0.102	0.623	0.097	1.006	0.092	0.08	1.001	0.279	-0.043	-0.607	-0.041	-0.035	2.006	"1"
"彼此"	0	0	0	4	0	0	0.205	1.246	0.195	2.012	0.183	0.16	-0.091	-0.648	-0.087	1.194	-0.081	-0.071	2.172	"4"
"很多"	0	2	0	0	0	0	0.102	0.623	0.097	1.006	0.092	0.08	-0.046	1.013	-0.043	-0.607	-0.041	-0.035	1.785	"2"
"御用"	0	0	0	1	0	0	0.051	0.311	0.049	0.503	0.046	0.04	-0.023	-0.162	-0.022	0.299	-0.02	-0.018	0.544	"4"
"微米"	0	0	2	0	0	0	0.102	0.623	0.097	1.006	0.092	0.08	-0.046	-0.324	2.625	-0.607	-0.041	-0.035	3.678	"3"
"心声"	0	1	0	0	0	0	0.051	0.311	0.049	0.503	0.046	0.04	-0.023	0.507	-0.022	-0.304	-0.02	-0.018	0.894	"2"
"态度"	0	0	0	2	0	0	0.102	0.623	0.097	1.006	0.092	0.08	-0.046	-0.324	-0.043	0.597	-0.041	-0.035	1.086	"4"
"怎么样"	0	0	0	1	0	0	0.051	0.311	0.049	0.503	0.046	0.04	-0.023	-0.162	-0.022	0.299	-0.02	-0.018	0.544	"4"
"怒斥"	0	1	0	0	0	0	0.051	0.311	0.049	0.503	0.046	0.04	-0.023	0.507	-0.022	-0.304	-0.02	-0.018	0.894	"2"
"总工会"	0	0	0	1	0	0	0.051	0.311	0.049	0.503	0.046	0.04	-0.023	-0.162	-0.022	0.299	-0.02	-0.018	0.544	"4"
"总结"	0	1	0	0	0	0	0.051	0.311	0.049	0.503	0.046	0.04	-0.023	0.507	-0.022	-0.304	-0.02	-0.018	0.894	"2"
"总统"	0	1	0	3	1	0	0.256	1.557	0.244	2.515	0.229	0.2	-0.114	-0.297	-0.108	0.296	0.68	-0.089	1.584	"5"
"总统制"	0	0	0	1	0	0	0.051	0.311	0.049	0.503	0.046	0.04	-0.023	-0.162	-0.022	0.299	-0.02	-0.018	0.544	"4"
"总统府"	0	0	0	2	0	1	0.154	0.934	0.146	1.509	0.137	0.12	-0.068	-0.486	-0.065	0.297	-0.061	0.939	1.916	"6"
"总统案"	0	0	0	1	0	0	0.051	0.311	0.049	0.503	0.046	0.04	-0.023	-0.162	-0.022	0.299	-0.02	-0.018	0.544	"4"
"总预算"	2	0	0	0	0	0	0.102	0.623	0.097	1.006	0.092	0.08	2.581	-0.324	-0.043	-0.607	-0.041	-0.035	3.631	"1"
"总预算案"	0	0	0	1	0	0	0.051	0.311	0.049	0.503	0.046	0.04	-0.023	-0.162	-0.022	0.299	-0.02	-0.018	0.544	"4"
"恪守"	0	0	0	1	0	0	0.051	0.311	0.049	0.503	0.046	0.04	-0.023	-0.162	-0.022	0.299	-0.02	-0.018	0.544	"4"
"恳请"	0	0	0	1	0	0	0.051	0.311	0.049	0.503	0.046	0.04	-0.023	-0.162	-0.022	0.299	-0.02	-0.018	0.544	"4"
"您"	0	1	0	0	0	1	0.102	0.623	0.097	1.006	0.092	0.08	-0.046	0.279	-0.043	-0.607	-0.041	1.106	2.122	"6"
"悲"	0	1	0	0	0	0	0.051	0.311	0.049	0.503	0.046	0.04	-0.023	0.507	-0.022	-0.304	-0.02	-0.018	0.894	"2"
"悲观"	0	1	0	0	0	0	0.051	0.311	0.049	0.503	0.046	0.04	-0.023	0.507	-0.022	-0.304	-0.02	-0.018	0.894	"2"
"悲观者"	0	1	0	0	0	0	0.051	0.311	0.049	0.503	0.046	0.04	-0.023	0.507	-0.022	-0.304	-0.02	-0.018	0.894	"2"
"想"	0	5	0	0	0	0	0.256	1.557	0.244	2.515	0.229	0.2	-0.114	2.533	-0.108	-1.518	-0.102	-0.089	4.464	"2"
"意在"	0	0	1	0	0	0	0.051	0.311	0.049	0.503	0.046	0.04	-0.023	-0.162	1.312	-0.304	-0.02	-0.018	1.839	"3"
"意见"	3	5	0	4	1	0	0.666	4.048	0.633	6.538	0.595	0.52	1.584	0.42	-0.282	-0.89	0.341	-0.23	3.747	"1"
"感谢"	0	0	0	3	0	0	0.154	0.934	0.146	1.509	0.137	0.12	-0.068	-0.486	-0.065	0.896	-0.061	-0.053	1.629	"4"
"愿"	0	0	0	1	0	2	0.154	0.934	0.146	1.509	0.137	0.12	-0.068	-0.486	-0.065	-0.305	-0.061	2.331	3.316	"6"
"愿意"	0	0	0	2	0	0	0.102	0.623	0.097	1.006	0.092	0.08	-0.046	-0.324	-0.043	0.597	-0.041	-0.035	1.086	"4"
"憎恨"	0	0	0	1	0	0	0.051	0.311	0.049	0.503	0.046	0.04	-0.023	-0.162	-0.022	0.299	-0.02	-0.018	0.544	"4"
"懂不懂"	0	1	0	0	0	0	0.051	0.311	0.049	0.503	0.046	0.04	-0.023	0.507	-0.022	-0.304	-0.02	-0.018	0.894	"2"
"戈兰高地"	0	0	0	1	0	0	0.051	0.311	0.049	0.503	0.046	0.04	-0.023	-0.162	-0.022	0.299	-0.02	-0.018	0.544	"4"
"成棒赛"	0	0	1	0	0	0	0.051	0.311	0.049	0.503	0.046	0.04	-0.023	-0.162	1.312	-0.304	-0.02	-0.018	1.839	"3"
"成熟"	0	1	0	0	0	0	0.051	0.311	0.049	0.503	0.046	0.04	-0.023	0.507	-0.022	-0.304	-0.02	-0.018	0.894	"2"
"成长"	0	1	0	0	0	0	0.051	0.311	0.049	0.503	0.046	0.04	-0.023	0.507	-0.022	-0.304	-0.02	-0.018	0.894	"2"
"我方"	0	0	0	2	0	0	0.102	0.623	0.097	1.006	0.092	0.08	-0.046	-0.324	-0.043	0.597	-0.041	-0.035	1.086	"4"
"或"	1	0	0	0	0	0	0.051	0.311	0.049	0.503	0.046	0.04	1.291	-0.162	-0.022	-0.304	-0.02	-0.018	1.817	"1"
"战争"	0	0	0	4	0	0	0.205	1.246	0.195	2.012	0.183	0.16	-0.091	-0.648	-0.087	1.194	-0.081	-0.071	2.172	"4"
"战略"	0	1	0	1	0	0	0.102	0.623	0.097	1.006	0.092	0.08	-0.046	0.279	-0.043	-0.127	-0.041	-0.035	0.571	"2"
"房产"	0	1	0	0	0	0	0.051	0.311	0.049	0.503	0.046	0.04	-0.023	0.507	-0.022	-0.304	-0.02	-0.018	0.894	"2"
"所"	0	1	0	0	0	0	0.051	0.311	0.049	0.503	0.046	0.04	-0.023	0.507	-0.022	-0.304	-0.02	-0.018	0.894	"2"
"所谓"	0	1	0	0	0	0	0.051	0.311	0.049	0.503	0.046	0.04	-0.023	0.507	-0.022	-0.304	-0.02	-0.018	0.894	"2"
"执政党"	0	0	0	1	0	0	0.051	0.311	0.049	0.503	0.046	0.04	-0.023	-0.162	-0.022	0.299	-0.02	-0.018	0.544	"4"
"扩散"	0	0	0	1	0	0	0.051	0.311	0.049	0.503	0.046	0.04	-0.023	-0.162	-0.022	0.299	-0.02	-0.018	0.544	"4"
"扬言"	0	0	0	1	1	0	0.102	0.623	0.097	1.006	0.092	0.08	-0.046	-0.324	-0.043	-0.127	1.048	-0.035	1.623	"5"
"扭转"	0	1	0	0	0	0	0.051	0.311	0.049	0.503	0.046	0.04	-0.023	0.507	-0.022	-0.304	-0.02	-0.018	0.894	"2"
"批判"	0	1	0	0	0	0	0.051	0.311	0.049	0.503	0.046	0.04	-0.023	0.507	-0.022	-0.304	-0.02	-0.018	0.894	"2"
"批评"	0	1	0	0	0	0	0.051	0.311	0.049	0.503	0.046	0.04	-0.023	0.507	-0.022	-0.304	-0.02	-0.018	0.894	"2"
"承认"	0	0	0	1	0	0	0.051	0.311	0.049	0.503	0.046	0.04	-0.023	-0.162	-0.022	0.299	-0.02	-0.018	0.544	"4"
"把"	0	0	0	1	0	0	0.051	0.311	0.049	0.503	0.046	0.04	-0.023	-0.162	-0.022	0.299	-0.02	-0.018	0.544	"4"
"抛出"	0	0	0	1	0	0	0.051	0.311	0.049	0.503	0.046	0.04	-0.023	-0.162	-0.022	0.299	-0.02	-0.018	0.544	"4"
"护卫"	0	0	0	1	0	0	0.051	0.311	0.049	0.503	0.046	0.04	-0.023	-0.162	-0.022	0.299	-0.02	-0.018	0.544	"4"
"抱持"	0	2	0	1	0	0	0.154	0.934	0.146	1.509	0.137	0.12	-0.068	0.637	-0.065	-0.305	-0.061	-0.053	1.189	"2"
"拉克"	0	0	0	0	1	0	0.051	0.311	0.049	0.503	0.046	0.04	-0.023	-0.162	-0.022	-0.304	1.339	-0.018	1.868	"5"
"拥护"	0	0	0	1	0	0	0.051	0.311	0.049	0.503	0.046	0.04	-0.023	-0.162	-0.022	0.299	-0.02	-0.018	0.544	"4"
"拥核"	0	0	0	2	0	0	0.102	0.623	0.097	1.006	0.092	0.08	-0.046	-0.324	-0.043	0.597	-0.041	-0.035	1.086	"4"
"持"	2	11	0	0	0	0	0.666	4.048	0.633	6.538	0.595	0.52	0.851	3.973	-0.282	-3.946	-0.265	-0.23	9.547	"2"
"持有"	1	1	0	1	0	0	0.154	0.934	0.146	1.509	0.137	0.12	0.836	0.172	-0.065	-0.305	-0.061	-0.053	1.492	"1"
"指出"	1	7	0	1	0	2	0.563	3.425	0.536	5.532	0.504	0.44	0.357	1.575	-0.239	-2.255	-0.224	1.16	5.81	"4"
"指责"	0	0	0	2	0	0	0.102	0.623	0.097	1.006	0.092	0.08	-0.046	-0.324	-0.043	0.597	-0.041	-0.035	1.086	"4"
"按照"	0	1	0	0	0	1	0.102	0.623	0.097	1.006	0.092	0.08	-0.046	0.279	-0.043	-0.607	-0.041	1.106	2.122	"6"
"採"	0	0	0	4	0	0	0.205	1.246	0.195	2.012	0.183	0.16	-0.091	-0.648	-0.087	1.194	-0.081	-0.071	2.172	"4"
"採取"	0	0	0	5	0	0	0.256	1.557	0.244	2.515	0.229	0.2	-0.114	-0.81	-0.108	1.493	-0.102	-0.089	2.716	"4"
"探明"	0	1	0	0	0	0	0.051	0.311	0.049	0.503	0.046	0.04	-0.023	0.507	-0.022	-0.304	-0.02	-0.018	0.894	"2"
"探讨"	0	1	0	0	0	0	0.051	0.311	0.049	0.503	0.046	0.04	-0.023	0.507	-0.022	-0.304	-0.02	-0.018	0.894	"2"
"接着"	0	0	0	1	0	0	0.051	0.311	0.049	0.503	0.046	0.04	-0.023	-0.162	-0.022	0.299	-0.02	-0.018	0.544	"4"
"接近"	0	0	0	1	0	0	0.051	0.311	0.049	0.503	0.046	0.04	-0.023	-0.162	-0.022	0.299	-0.02	-0.018	0.544	"4"
"推崇"	0	1	0	0	0	0	0.051	0.311	0.049	0.503	0.046	0.04	-0.023	0.507	-0.022	-0.304	-0.02	-0.018	0.894	"2"
"提"	0	3	0	0	0	0	0.154	0.934	0.146	1.509	0.137	0.12	-0.068	1.52	-0.065	-0.911	-0.061	-0.053	2.678	"2"
"提出"	1	13	0	2	0	2	0.922	5.605	0.877	9.052	0.824	0.719	0.213	3.391	-0.39	-3.219	-0.366	0.795	8.374	"2"
"揭穿"	0	1	0	0	0	0	0.051	0.311	0.049	0.503	0.046	0.04	-0.023	0.507	-0.022	-0.304	-0.02	-0.018	0.894	"2"
"支持"	0	0	0	20	2	0	1.127	6.851	1.072	11.064	1.007	0.879	-0.502	-3.565	-0.477	4.172	0.573	-0.39	9.679	"4"
"支持府"	0	0	0	1	0	0	0.051	0.311	0.049	0.503	0.046	0.04	-0.023	-0.162	-0.022	0.299	-0.02	-0.018	0.544	"4"
"改变"	0	0	0	14	0	0	0.717	4.36	0.682	7.041	0.641	0.56	-0.32	-2.269	-0.304	4.179	-0.285	-0.248	7.605	"4"
"放弃"	0	0	0	1	0	0	0.051	0.311	0.049	0.503	0.046	0.04	-0.023	-0.162	-0.022	0.299	-0.02	-0.018	0.544	"4"
"政"	0	0	0	1	0	0	0.051	0.311	0.049	0.503	0.046	0.04	-0.023	-0.162	-0.022	0.299	-0.02	-0.018	0.544	"4"
"政党"	0	0	0	1	0	0	0.051	0.311	0.049	0.503	0.046	0.04	-0.023	-0.162	-0.022	0.299	-0.02	-0.018	0.544	"4"
"政局"	0	0	0	2	0	0	0.102	0.623	0.097	1.006	0.092	0.08	-0.046	-0.324	-0.043	0.597	-0.041	-0.035	1.086	"4"
"政府"	0	4	1	13	1	0	0.973	5.917	0.925	9.555	0.87	0.759	-0.434	-0.607	0.213	1.058	0.229	-0.337	2.878	"4"
"政治"	0	5	0	2	1	0	0.41	2.491	0.39	4.023	0.366	0.32	-0.183	1.172	-0.173	-0.852	0.505	-0.142	3.027	"2"
"政策"	0	0	0	7	0	0	0.358	2.18	0.341	3.52	0.321	0.28	-0.16	-1.134	-0.152	2.09	-0.143	-0.124	3.803	"4"
"政经"	0	0	0	1	0	0	0.051	0.311	0.049	0.503	0.046	0.04	-0.023	-0.162	-0.022	0.299	-0.02	-0.018	0.544	"4"
"效力"	1	0	0	0	0	0	0.051	0.311	0.049	0.503	0.046	0.04	1.291	-0.162	-0.022	-0.304	-0.02	-0.018	1.817	"1"
"教会"	0	0	0	1	0	0	0.051	0.311	0.049	0.503	0.046	0.04	-0.023	-0.162	-0.022	0.299	-0.02	-0.018	0.544	"4"
"敦促"	0	0	0	1	0	0	0.051	0.311	0.049	0.503	0.046	0.04	-0.023	-0.162	-0.022	0.299	-0.02	-0.018	0.544	"4"
"文"	0	3	0	0	0	0	0.154	0.934	0.146	1.509	0.137	0.12	-0.068	1.52	-0.065	-0.911	-0.061	-0.053	2.678	"2"
"断然"	0	0	0	2	0	0	0.102	0.623	0.097	1.006	0.092	0.08	-0.046	-0.324	-0.043	0.597	-0.041	-0.035	1.086	"4"
"新"	0	1	0	0	0	0	0.051	0.311	0.049	0.503	0.046	0.04	-0.023	0.507	-0.022	-0.304	-0.02	-0.018	0.894	"2"
"新加坡人"	0	1	0	0	0	0	0.051	0.311	0.049	0.503	0.046	0.04	-0.023	0.507	-0.022	-0.304	-0.02	-0.018	0.894	"2"
"新政府"	0	0	0	2	0	0	0.102	0.623	0.097	1.006	0.092	0.08	-0.046	-0.324	-0.043	0.597	-0.041	-0.035	1.086	"4"
"新新闻"	0	0	0	0	0	1	0.051	0.311	0.049	0.503	0.046	0.04	-0.023	-0.162	-0.022	-0.304	-0.02	1.398	1.929	"6"
"方"	0	3	0	7	0	0	0.512	3.114	0.487	5.029	0.458	0.4	-0.228	-0.208	-0.217	0.753	-0.204	-0.177	1.787	"4"
"施压"	0	0	2	0	0	0	0.102	0.623	0.097	1.006	0.092	0.08	-0.046	-0.324	2.625	-0.607	-0.041	-0.035	3.678	"3"
"无可"	0	0	0	1	0	0	0.051	0.311	0.049	0.503	0.046	0.04	-0.023	-0.162	-0.022	0.299	-0.02	-0.018	0.544	"4"
"既已"	0	0	0	1	0	0	0.051	0.311	0.049	0.503	0.046	0.04	-0.023	-0.162	-0.022	0.299	-0.02	-0.018	0.544	"4"
"既有"	0	1	0	0	0	0	0.051	0.311	0.049	0.503	0.046	0.04	-0.023	0.507	-0.022	-0.304	-0.02	-0.018	0.894	"2"
"早报"	0	1	0	0	0	0	0.051	0.311	0.049	0.503	0.046	0.04	-0.023	0.507	-0.022	-0.304	-0.02	-0.018	0.894	"2"
"时间表"	1	0	0	0	0	0	0.051	0.311	0.049	0.503	0.046	0.04	1.291	-0.162	-0.022	-0.304	-0.02	-0.018	1.817	"1"
"明白"	0	0	0	1	0	0	0.051	0.311	0.049	0.503	0.046	0.04	-0.023	-0.162	-0.022	0.299	-0.02	-0.018	0.544	"4"
"明确"	0	0	0	4	1	0	0.256	1.557	0.244	2.515	0.229	0.2	-0.114	-0.81	-0.108	0.719	0.68	-0.089	2.52	"2"
"星邮轮"	0	0	0	1	0	0	0.051	0.311	0.049	0.503	0.046	0.04	-0.023	-0.162	-0.022	0.299	-0.02	-0.018	0.544	"4"
"显然"	0	0	1	1	0	0	0.102	0.623	0.097	1.006	0.092	0.08	-0.046	-0.324	1.022	-0.127	-0.041	-0.035	1.595	"3"
"普罗迪"	0	0	0	0	1	0	0.051	0.311	0.049	0.503	0.046	0.04	-0.023	-0.162	-0.022	-0.304	1.339	-0.018	1.868	"5"
"景气"	0	1	0	0	0	0	0.051	0.311	0.049	0.503	0.046	0.04	-0.023	0.507	-0.022	-0.304	-0.02	-0.018	0.894	"2"
"晶圆"	0	0	2	0	0	0	0.102	0.623	0.097	1.006	0.092	0.08	-0.046	-0.324	2.625	-0.607	-0.041	-0.035	3.678	"3"
"更为"	0	0	0	1	0	0	0.051	0.311	0.049	0.503	0.046	0.04	-0.023	-0.162	-0.022	0.299	-0.02	-0.018	0.544	"4"
"曾志朗"	0	1	0	0	0	0	0.051	0.311	0.049	0.503	0.046	0.04	-0.023	0.507	-0.022	-0.304	-0.02	-0.018	0.894	"2"
"曾盛海"	0	1	0	0	0	0	0.051	0.311	0.049	0.503	0.046	0.04	-0.023	0.507	-0.022	-0.304	-0.02	-0.018	0.894	"2"
"有"	8	22	1	4	1	0	1.843	11.211	1.754	18.105	1.649	1.439	3.406	3.702	-0.327	-6.085	-0.297	-0.638	14.455	"4"
"有别"	0	0	1	0	0	0	0.051	0.311	0.049	0.503	0.046	0.04	-0.023	-0.162	1.312	-0.304	-0.02	-0.018	1.839	"3"
"有异"	0	1	0	0	0	0	0.051	0.311	0.049	0.503	0.046	0.04	-0.023	0.507	-0.022	-0.304	-0.02	-0.018	0.894	"2"
"有待商榷"	0	1	0	0	0	0	0.051	0.311	0.049	0.503	0.046	0.04	-0.023	0.507	-0.022	-0.304	-0.02	-0.018	0.894	"2"
"有所"	1	2	1	1	0	0	0.256	1.557	0.244	2.515	0.229	0.2	0.636	0.305	0.656	-0.735	-0.102	-0.089	2.523	"4"
"朝向"	0	0	0	1	0	0	0.051	0.311	0.049	0.503	0.046	0.04	-0.023	-0.162	-0.022	0.299	-0.02	-0.018	0.544	"4"
"朝美"	0	0	1	0	0	0	0.051	0.311	0.049	0.503	0.046	0.04	-0.023	-0.162	1.312	-0.304	-0.02	-0.018	1.839	"3"
"朝野"	1	0	0	0	0	0	0.051	0.311	0.049	0.503	0.046	0.04	1.291	-0.162	-0.022	-0.304	-0.02	-0.018	1.817	"1"
"朝鲜"	0	0	0	2	0	0	0.102	0.623	0.097	1.006	0.092	0.08	-0.046	-0.324	-0.043	0.597	-0.041	-0.035	1.086	"4"
"朝鲜半岛"	0	0	0	2	0	0	0.102	0.623	0.097	1.006	0.092	0.08	-0.046	-0.324	-0.043	0.597	-0.041	-0.035	1.086	"4"
"期盼"	0	0	0	1	0	0	0.051	0.311	0.049	0.503	0.046	0.04	-0.023	-0.162	-0.022	0.299	-0.02	-0.018	0.544	"4"
"未来"	0	1	0	1	0	0	0.102	0.623	0.097	1.006	0.092	0.08	-0.046	0.279	-0.043	-0.127	-0.041	-0.035	0.571	"2"
"本人"	0	1	0	0	0	0	0.051	0.311	0.049	0.503	0.046	0.04	-0.023	0.507	-0.022	-0.304	-0.02	-0.018	0.894	"2"
"本身"	1	1	0	2	0	0	0.205	1.246	0.195	2.012	0.183	0.16	0.722	-0.2	-0.087	-0.166	-0.081	-0.071	1.327	"1"
"朱高正"	0	0	0	1	0	0	0.051	0.311	0.049	0.503	0.046	0.04	-0.023	-0.162	-0.022	0.299	-0.02	-0.018	0.544	"4"
"朴胜俊"	0	0	0	1	0	0	0.051	0.311	0.049	0.503	0.046	0.04	-0.023	-0.162	-0.022	0.299	-0.02	-0.018	0.544	"4"
"机缘"	0	0	0	0	0	1	0.051	0.311	0.049	0.503	0.046	0.04	-0.023	-0.162	-0.022	-0.304	-0.02	1.398	1.929	"6"
"权正"	0	0	1	0	0	0	0.051	0.311	0.049	0.503	0.046	0.04	-0.023	-0.162	1.312	-0.304	-0.02	-0.018	1.839	"3"
"李光耀"	0	1	0	0	0	0	0.051	0.311	0.049	0.503	0.046	0.04	-0.023	0.507	-0.022	-0.304	-0.02	-0.018	0.894	"2"
"李嘉进"	0	0	0	1	0	0	0.051	0.311	0.049	0.503	0.046	0.04	-0.023	-0.162	-0.022	0.299	-0.02	-0.018	0.544	"4"
"李文雄"	0	1	0	0	0	0	0.051	0.311	0.049	0.503	0.046	0.04	-0.023	0.507	-0.022	-0.304	-0.02	-0.018	0.894	"2"
"李进勇"	0	0	0	1	0	0	0.051	0.311	0.049	0.503	0.046	0.04	-0.023	-0.162	-0.022	0.299	-0.02	-0.018	0.544	"4"
"李远哲"	0	0	0	1	0	0	0.051	0.311	0.049	0.503	0.046	0.04	-0.023	-0.162	-0.022	0.299	-0.02	-0.018	0.544	"4"
"李邪"	0	0	1	0	0	0	0.051	0.311	0.049	0.503	0.046	0.04	-0.023	-0.162	1.312	-0.304	-0.02	-0.018	1.839	"3"
"来"	0	5	0	0	0	0	0.256	1.557	0.244	2.515	0.229	0.2	-0.114	2.533	-0.108	-1.518	-0.102	-0.089	4.464	"2"
"杨秋兴"	0	1	0	0	0	0	0.051	0.311	0.049	0.503	0.046	0.04	-0.023	0.507	-0.022	-0.304	-0.02	-0.018	0.894	"2"
"杯葛"	0	0	1	0	0	0	0.051	0.311	0.049	0.503	0.046	0.04	-0.023	-0.162	1.312	-0.304	-0.02	-0.018	1.839	"3"
"松动"	0	0	1	1	0	0	0.102	0.623	0.097	1.006	0.092	0.08	-0.046	-0.324	1.022	-0.127	-0.041	-0.035	1.595	"3"
"板块"	0	1	0	0	0	0	0.051	0.311	0.049	0.503	0.046	0.04	-0.023	0.507	-0.022	-0.304	-0.02	-0.018	0.894	"2"
"林丰正"	0	0	0	1	0	0	0.051	0.311	0.049	0.503	0.046	0.04	-0.023	-0.162	-0.022	0.299	-0.02	-0.018	0.544	"4"
"林树山"	0	0	0	0	1	0	0.051	0.311	0.049	0.503	0.046	0.04	-0.023	-0.162	-0.022	-0.304	1.339	-0.018	1.868	"5"
"柯建铭"	0	0	0	1	0	0	0.051	0.311	0.049	0.503	0.046	0.04	-0.023	-0.162	-0.022	0.299	-0.02	-0.018	0.544	"4"
"柯林顿"	0	0	0	1	0	0	0.051	0.311	0.049	0.503	0.046	0.04	-0.023	-0.162	-0.022	0.299	-0.02	-0.018	0.544	"4"
"核四"	2	0	0	8	1	1	0.614	3.737	0.585	6.035	0.55	0.48	0.91	-1.944	-0.26	0.7	0.366	0.412	4.592	"2"
"核四厂"	0	0	0	2	0	0	0.102	0.623	0.097	1.006	0.092	0.08	-0.046	-0.324	-0.043	0.597	-0.041	-0.035	1.086	"4"
"核四案"	0	1	0	0	0	0	0.051	0.311	0.049	0.503	0.046	0.04	-0.023	0.507	-0.022	-0.304	-0.02	-0.018	0.894	"2"
"核武"	0	0	0	1	0	0	0.051	0.311	0.049	0.503	0.046	0.04	-0.023	-0.162	-0.022	0.299	-0.02	-0.018	0.544	"4"
"核电厂"	0	0	0	1	0	0	0.051	0.311	0.049	0.503	0.046	0.04	-0.023	-0.162	-0.022	0.299	-0.02	-0.018	0.544	"4"
"核能"	0	0	0	1	0	0	0.051	0.311	0.049	0.503	0.046	0.04	-0.023	-0.162	-0.022	0.299	-0.02	-0.018	0.544	"4"
"根本"	0	0	1	0	0	0	0.051	0.311	0.049	0.503	0.046	0.04	-0.023	-0.162	1.312	-0.304	-0.02	-0.018	1.839	"3"
"根深蒂固"	0	0	1	0	0	0	0.051	0.311	0.049	0.503	0.046	0.04	-0.023	-0.162	1.312	-0.304	-0.02	-0.018	1.839	"3"
"桩"	0	1	0	0	0	0	0.051	0.311	0.049	0.503	0.046	0.04	-0.023	0.507	-0.022	-0.304	-0.02	-0.018	0.894	"2"
"检"	0	0	0	0	0	1	0.051	0.311	0.049	0.503	0.046	0.04	-0.023	-0.162	-0.022	-0.304	-0.02	1.398	1.929	"6"
"检查组"	0	0	0	1	0	0	0.051	0.311	0.049	0.503	0.046	0.04	-0.023	-0.162	-0.022	0.299	-0.02	-0.018	0.544	"4"
"楚"	0	0	0	0	0	1	0.051	0.311	0.049	0.503	0.046	0.04	-0.023	-0.162	-0.022	-0.304	-0.02	1.398	1.929	"6"
"概念"	0	0	1	0	0	0	0.051	0.311	0.049	0.503	0.046	0.04	-0.023	-0.162	1.312	-0.304	-0.02	-0.018	1.839	"3"
"欢迎"	0	1	0	0	0	0	0.051	0.311	0.049	0.503	0.046	0.04	-0.023	0.507	-0.022	-0.304	-0.02	-0.018	0.894	"2"
"欧方"	0	0	0	1	0	0	0.051	0.311	0.049	0.503	0.046	0.04	-0.023	-0.162	-0.022	0.299	-0.02	-0.018	0.544	"4"
"欧盟"	0	0	0	7	1	0	0.41	2.491	0.39	4.023	0.366	0.32	-0.183	-1.296	-0.173	1.438	0.505	-0.142	3.737	"4"
"止于"	0	0	1	0	0	0	0.051	0.311	0.049	0.503	0.046	0.04	-0.023	-0.162	1.312	-0.304	-0.02	-0.018	1.839	"3"
"正义"	0	1	0	2	0	0	0.154	0.934	0.146	1.509	0.137	0.12	-0.068	0.172	-0.065	0.297	-0.061	-0.053	0.716	"4"
"正式"	0	0	0	1	0	0	0.051	0.311	0.049	0.503	0.046	0.04	-0.023	-0.162	-0.022	0.299	-0.02	-0.018	0.544	"4"
"正负"	0	1	0	0	0	0	0.051	0.311	0.049	0.503	0.046	0.04	-0.023	0.507	-0.022	-0.304	-0.02	-0.018	0.894	"2"
"此"	0	6	0	0	0	0	0.307	1.868	0.292	3.017	0.275	0.24	-0.137	3.04	-0.13	-1.821	-0.122	-0.106	5.356	"2"
"歧异"	0	0	1	0	0	0	0.051	0.311	0.049	0.503	0.046	0.04	-0.023	-0.162	1.312	-0.304	-0.02	-0.018	1.839	"3"
"比起"	0	0	0	1	0	0	0.051	0.311	0.049	0.503	0.046	0.04	-0.023	-0.162	-0.022	0.299	-0.02	-0.018	0.544	"4"
"比较"	0	1	0	0	1	0	0.102	0.623	0.097	1.006	0.092	0.08	-0.046	0.279	-0.043	-0.607	1.048	-0.035	2.058	"5"
"民主党"	0	0	0	1	0	0	0.051	0.311	0.049	0.503	0.046	0.04	-0.023	-0.162	-0.022	0.299	-0.02	-0.018	0.544	"4"
"民主进步党"	0	0	0	1	0	1	0.102	0.623	0.097	1.006	0.092	0.08	-0.046	-0.324	-0.043	-0.127	-0.041	1.106	1.687	"6"
"民权"	0	0	1	0	0	0	0.051	0.311	0.049	0.503	0.046	0.04	-0.023	-0.162	1.312	-0.304	-0.02	-0.018	1.839	"3"
"民调"	0	0	0	1	0	0	0.051	0.311	0.049	0.503	0.046	0.04	-0.023	-0.162	-0.022	0.299	-0.02	-0.018	0.544	"4"
"民进党"	0	2	0	5	0	0	0.358	2.18	0.341	3.52	0.321	0.28	-0.16	-0.207	-0.152	0.636	-0.143	-0.124	1.422	"4"
"民进党籍"	0	0	0	1	0	0	0.051	0.311	0.049	0.503	0.046	0.04	-0.023	-0.162	-0.022	0.299	-0.02	-0.018	0.544	"4"
"汉人"	0	1	0	0	0	0	0.051	0.311	0.049	0.503	0.046	0.04	-0.023	0.507	-0.022	-0.304	-0.02	-0.018	0.894	"2"
"沙鲁菲"	0	1	0	0	0	0	0.051	0.311	0.049	0.503	0.046	0.04	-0.023	0.507	-0.022	-0.304	-0.02	-0.018	0.894	"2"
"沙龙"	0	0	0	2	0	0	0.102	0.623	0.097	1.006	0.092	0.08	-0.046	-0.324	-0.043	0.597	-0.041	-0.035	1.086	"4"
"沟通"	1	0	0	0	0	0	0.051	0.311	0.049	0.503	0.046	0.04	1.291	-0.162	-0.022	-0.304	-0.02	-0.018	1.817	"1"
"没有"	0	1	0	6	0	0	0.358	2.18	0.341	3.52	0.321	0.28	-0.16	-0.515	-0.152	1.191	-0.143	-0.124	2.285	"4"
"治"	1	0	0	0	0	0	0.051	0.311	0.049	0.503	0.046	0.04	1.291	-0.162	-0.022	-0.304	-0.02	-0.018	1.817	"1"
"治学"	0	0	0	1	0	0	0.051	0.311	0.049	0.503	0.046	0.04	-0.023	-0.162	-0.022	0.299	-0.02	-0.018	0.544	"4"
"法务部"	0	0	0	2	0	0	0.102	0.623	0.097	1.006	0.092	0.08	-0.046	-0.324	-0.043	0.597	-0.041	-0.035	1.086	"4"
"法律"	0	4	0	0	0	0	0.205	1.246	0.195	2.012	0.183	0.16	-0.091	2.027	-0.087	-1.214	-0.081	-0.071	3.571	"2"
"法荷"	0	0	0	2	0	0	0.102	0.623	0.097	1.006	0.092	0.08	-0.046	-0.324	-0.043	0.597	-0.041	-0.035	1.086	"4"
"派"	0	1	0	0	0	0	0.051	0.311	0.049	0.503	0.046	0.04	-0.023	0.507	-0.022	-0.304	-0.02	-0.018	0.894	"2"
"海因兹"	0	0	0	1	0	0	0.051	0.311	0.049	0.503	0.046	0.04	-0.023	-0.162	-0.022	0.299	-0.02	-0.018	0.544	"4"
"海崃"	0	0	0	1	0	0	0.051	0.311	0.049	0.503	0.046	0.04	-0.023	-0.162	-0.022	0.299	-0.02	-0.018	0.544	"4"
"海指"	0	0	0	1	0	0	0.051	0.311	0.049	0.503	0.046	0.04	-0.023	-0.162	-0.022	0.299	-0.02	-0.018	0.544	"4"
"消极"	0	0	0	1	0	0	0.051	0.311	0.049	0.503	0.046	0.04	-0.023	-0.162	-0.022	0.299	-0.02	-0.018	0.544	"4"
"深入"	0	1	0	1	0	2	0.205	1.246	0.195	2.012	0.183	0.16	-0.091	-0.2	-0.087	-0.511	-0.081	2.042	3.012	"6"
"深恶痛绝"	0	0	1	0	0	0	0.051	0.311	0.049	0.503	0.046	0.04	-0.023	-0.162	1.312	-0.304	-0.02	-0.018	1.839	"3"
"深邃"	0	1	0	0	0	0	0.051	0.311	0.049	0.503	0.046	0.04	-0.023	0.507	-0.022	-0.304	-0.02	-0.018	0.894	"2"
"清晰"	0	0	0	1	0	0	0.051	0.311	0.049	0.503	0.046	0.04	-0.023	-0.162	-0.022	0.299	-0.02	-0.018	0.544	"4"
"清楚"	0	0	0	2	0	0	0.102	0.623	0.097	1.006	0.092	0.08	-0.046	-0.324	-0.043	0.597	-0.041	-0.035	1.086	"4"
"温和"	0	0	0	2	0	0	0.102	0.623	0.097	1.006	0.092	0.08	-0.046	-0.324	-0.043	0.597	-0.041	-0.035	1.086	"4"
"满洲国"	0	0	0	1	0	0	0.051	0.311	0.049	0.503	0.046	0.04	-0.023	-0.162	-0.022	0.299	-0.02	-0.018	0.544	"4"
"演化"	0	1	0	0	0	0	0.051	0.311	0.049	0.503	0.046	0.04	-0.023	0.507	-0.022	-0.304	-0.02	-0.018	0.894	"2"
"澄清"	0	0	0	1	0	0	0.051	0.311	0.049	0.503	0.046	0.04	-0.023	-0.162	-0.022	0.299	-0.02	-0.018	0.544	"4"
"灵活"	0	0	1	0	0	0	0.051	0.311	0.049	0.503	0.046	0.04	-0.023	-0.162	1.312	-0.304	-0.02	-0.018	1.839	"3"
"热点"	0	0	0	1	0	0	0.051	0.311	0.049	0.503	0.046	0.04	-0.023	-0.162	-0.022	0.299	-0.02	-0.018	0.544	"4"
"焦扬"	0	0	0	0	1	0	0.051	0.311	0.049	0.503	0.046	0.04	-0.023	-0.162	-0.022	-0.304	1.339	-0.018	1.868	"5"
"然"	0	1	0	0	0	0	0.051	0.311	0.049	0.503	0.046	0.04	-0.023	0.507	-0.022	-0.304	-0.02	-0.018	0.894	"2"
"照旧"	0	1	0	0	0	0	0.051	0.311	0.049	0.503	0.046	0.04	-0.023	0.507	-0.022	-0.304	-0.02	-0.018	0.894	"2"
"熊俊平"	1	0	0	0	0	0	0.051	0.311	0.049	0.503	0.046	0.04	1.291	-0.162	-0.022	-0.304	-0.02	-0.018	1.817	"1"
"独"	0	0	0	1	0	0	0.051	0.311	0.049	0.503	0.046	0.04	-0.023	-0.162	-0.022	0.299	-0.02	-0.018	0.544	"4"
"独到"	0	0	1	0	0	0	0.051	0.311	0.049	0.503	0.046	0.04	-0.023	-0.162	1.312	-0.304	-0.02	-0.018	1.839	"3"
"独立"	0	0	0	3	0	0	0.154	0.934	0.146	1.509	0.137	0.12	-0.068	-0.486	-0.065	0.896	-0.061	-0.053	1.629	"4"
"王永庆"	0	0	0	2	0	0	0.102	0.623	0.097	1.006	0.092	0.08	-0.046	-0.324	-0.043	0.597	-0.041	-0.035	1.086	"4"
"王金平"	0	0	0	1	0	0	0.051	0.311	0.049	0.503	0.046	0.04	-0.023	-0.162	-0.022	0.299	-0.02	-0.018	0.544	"4"
"现任"	0	0	0	1	0	0	0.051	0.311	0.049	0.503	0.046	0.04	-0.023	-0.162	-0.022	0.299	-0.02	-0.018	0.544	"4"
"现实"	0	1	0	0	0	0	0.051	0.311	0.049	0.503	0.046	0.04	-0.023	0.507	-0.022	-0.304	-0.02	-0.018	0.894	"2"
"现阶段"	0	1	0	0	0	0	0.051	0.311	0.049	0.503	0.046	0.04	-0.023	0.507	-0.022	-0.304	-0.02	-0.018	0.894	"2"
"理工"	0	0	0	0	0	1	0.051	0.311	0.049	0.503	0.046	0.04	-0.023	-0.162	-0.022	-0.304	-0.02	1.398	1.929	"6"
"理解"	0	0	0	1	0	0	0.051	0.311	0.049	0.503	0.046	0.04	-0.023	-0.162	-0.022	0.299	-0.02	-0.018	0.544	"4"
"生活"	0	0	1	0	0	0	0.051	0.311	0.049	0.503	0.046	0.04	-0.023	-0.162	1.312	-0.304	-0.02	-0.018	1.839	"3"
"用"	0	1	0	0	0	0	0.051	0.311	0.049	0.503	0.046	0.04	-0.023	0.507	-0.022	-0.304	-0.02	-0.018	0.894	"2"
"痛批"	0	0	0	1	0	0	0.051	0.311	0.049	0.503	0.046	0.04	-0.023	-0.162	-0.022	0.299	-0.02	-0.018	0.544	"4"
"白皮书"	0	0	0	1	0	0	0.051	0.311	0.049	0.503	0.046	0.04	-0.023	-0.162	-0.022	0.299	-0.02	-0.018	0.544	"4"
"的"	0	0	0	1	0	0	0.051	0.311	0.049	0.503	0.046	0.04	-0.023	-0.162	-0.022	0.299	-0.02	-0.018	0.544	"4"
"益"	0	0	1	0	0	0	0.051	0.311	0.049	0.503	0.046	0.04	-0.023	-0.162	1.312	-0.304	-0.02	-0.018	1.839	"3"
"益发"	0	0	1	0	0	0	0.051	0.311	0.049	0.503	0.046	0.04	-0.023	-0.162	1.312	-0.304	-0.02	-0.018	1.839	"3"
"盟友"	0	0	0	1	0	0	0.051	0.311	0.049	0.503	0.046	0.04	-0.023	-0.162	-0.022	0.299	-0.02	-0.018	0.544	"4"
"相"	0	0	0	1	1	0	0.102	0.623	0.097	1.006	0.092	0.08	-0.046	-0.324	-0.043	-0.127	1.048	-0.035	1.623	"5"
"相互"	0	0	1	3	0	0	0.205	1.246	0.195	2.012	0.183	0.16	-0.091	-0.648	0.742	0.499	-0.081	-0.071	2.132	"3"
"相似"	0	1	0	0	1	0	0.102	0.623	0.097	1.006	0.092	0.08	-0.046	0.279	-0.043	-0.607	1.048	-0.035	2.058	"5"
"相反"	0	1	0	0	0	0	0.051	0.311	0.049	0.503	0.046	0.04	-0.023	0.507	-0.022	-0.304	-0.02	-0.018	0.894	"2"
"相同"	0	2	0	1	0	0	0.154	0.934	0.146	1.509	0.137	0.12	-0.068	0.637	-0.065	-0.305	-0.061	-0.053	1.189	"2"
"相左"	0	0	0	1	0	0	0.051	0.311	0.049	0.503	0.046	0.04	-0.023	-0.162	-0.022	0.299	-0.02	-0.018	0.544	"4"
"相当"	1	0	0	0	0	0	0.051	0.311	0.049	0.503	0.046	0.04	1.291	-0.162	-0.022	-0.304	-0.02	-0.018	1.817	"1"
"相近"	0	0	0	2	0	0	0.102	0.623	0.097	1.006	0.092	0.08	-0.046	-0.324	-0.043	0.597	-0.041	-0.035	1.086	"4"
"看"	0	7	0	0	0	0	0.358	2.18	0.341	3.52	0.321	0.28	-0.16	3.547	-0.152	-2.125	-0.143	-0.124	6.251	"2"
"看中"	0	1	0	0	0	0	0.051	0.311	0.049	0.503	0.046	0.04	-0.023	0.507	-0.022	-0.304	-0.02	-0.018	0.894	"2"
"看待"	0	2	0	0	0	0	0.102	0.623	0.097	1.006	0.092	0.08	-0.046	1.013	-0.043	-0.607	-0.041	-0.035	1.785	"2"
"看法"	2	2	0	3	0	0	0.358	2.18	0.341	3.52	0.321	0.28	1.334	-0.207	-0.152	-0.307	-0.143	-0.124	2.267	"1"
"睿智"	0	1	0	0	0	0	0.051	0.311	0.049	0.503	0.046	0.04	-0.023	0.507	-0.022	-0.304	-0.02	-0.018	0.894	"2"
"矛盾"	0	0	1	1	0	0	0.102	0.623	0.097	1.006	0.092	0.08	-0.046	-0.324	1.022	-0.127	-0.041	-0.035	1.595	"3"
"研讨会"	0	1	0	0	0	0	0.051	0.311	0.049	0.503	0.046	0.04	-0.023	0.507	-0.022	-0.304	-0.02	-0.018	0.894	"2"
"破坏"	0	1	0	0	0	0	0.051	0.311	0.049	0.503	0.046	0.04	-0.023	0.507	-0.022	-0.304	-0.02	-0.018	0.894	"2"
"硬"	0	0	1	0	0	0	0.051	0.311	0.049	0.503	0.046	0.04	-0.023	-0.162	1.312	-0.304	-0.02	-0.018	1.839	"3"
"确立"	0	0	0	2	0	0	0.102	0.623	0.097	1.006	0.092	0.08	-0.046	-0.324	-0.043	0.597	-0.041	-0.035	1.086	"4"
"磋商"	0	0	0	1	0	0	0.051	0.311	0.049	0.503	0.046	0.04	-0.023	-0.162	-0.022	0.299	-0.02	-0.018	0.544	"4"
"社论"	0	1	0	0	0	0	0.051	0.311	0.049	0.503	0.046	0.04	-0.023	0.507	-0.022	-0.304	-0.02	-0.018	0.894	"2"
"种"	0	16	0	2	0	0	0.922	5.605	0.877	9.052	0.824	0.719	-0.411	6.223	-0.39	-3.219	-0.366	-0.319	10.928	"2"
"稍后"	0	0	0	2	0	0	0.102	0.623	0.097	1.006	0.092	0.08	-0.046	-0.324	-0.043	0.597	-0.041	-0.035	1.086	"4"
"稳"	0	0	0	2	0	0	0.102	0.623	0.097	1.006	0.092	0.08	-0.046	-0.324	-0.043	0.597	-0.041	-0.035	1.086	"4"
"穆萨"	0	0	0	1	0	0	0.051	0.311	0.049	0.503	0.046	0.04	-0.023	-0.162	-0.022	0.299	-0.02	-0.018	0.544	"4"
"空难"	0	0	0	1	0	0	0.051	0.311	0.049	0.503	0.046	0.04	-0.023	-0.162	-0.022	0.299	-0.02	-0.018	0.544	"4"
"突显"	0	0	0	1	0	0	0.051	0.311	0.049	0.503	0.046	0.04	-0.023	-0.162	-0.022	0.299	-0.02	-0.018	0.544	"4"
"窥见"	0	1	0	0	0	0	0.051	0.311	0.049	0.503	0.046	0.04	-0.023	0.507	-0.022	-0.304	-0.02	-0.018	0.894	"2"
"立场"	0	0	0	6	0	0	0.307	1.868	0.292	3.017	0.275	0.24	-0.137	-0.972	-0.13	1.791	-0.122	-0.106	3.258	"4"
"立委"	1	1	0	0	1	0	0.154	0.934	0.146	1.509	0.137	0.12	0.836	0.172	-0.065	-0.911	0.882	-0.053	2.919	"4"
"立法"	0	0	0	2	0	0	0.102	0.623	0.097	1.006	0.092	0.08	-0.046	-0.324	-0.043	0.597	-0.041	-0.035	1.086	"4"
"立法院"	1	1	0	3	0	0	0.256	1.557	0.244	2.515	0.229	0.2	0.636	-0.297	-0.108	0.296	-0.102	-0.089	1.528	"1"
"立法院长王"	0	0	0	1	0	0	0.051	0.311	0.049	0.503	0.046	0.04	-0.023	-0.162	-0.022	0.299	-0.02	-0.018	0.544	"4"
"站"	0	0	6	1	0	0	0.358	2.18	0.341	3.52	0.321	0.28	-0.16	-1.134	7.048	-1.217	-0.143	-0.124	9.826	"3"
"章启月"	0	1	0	0	0	0	0.051	0.311	0.049	0.503	0.046	0.04	-0.023	0.507	-0.022	-0.304	-0.02	-0.018	0.894	"2"
"竭尽所能"	0	0	1	0	0	0	0.051	0.311	0.049	0.503	0.046	0.04	-0.023	-0.162	1.312	-0.304	-0.02	-0.018	1.839	"3"
"笔者"	0	4	0	0	0	0	0.205	1.246	0.195	2.012	0.183	0.16	-0.091	2.027	-0.087	-1.214	-0.081	-0.071	3.571	"2"
"答"	0	3	0	0	0	0	0.154	0.934	0.146	1.509	0.137	0.12	-0.068	1.52	-0.065	-0.911	-0.061	-0.053	2.678	"2"
"答覆"	0	0	0	1	0	0	0.051	0.311	0.049	0.503	0.046	0.04	-0.023	-0.162	-0.022	0.299	-0.02	-0.018	0.544	"4"
"答询"	0	1	0	0	0	0	0.051	0.311	0.049	0.503	0.046	0.04	-0.023	0.507	-0.022	-0.304	-0.02	-0.018	0.894	"2"
"简又新"	0	0	0	2	0	0	0.102	0.623	0.097	1.006	0.092	0.08	-0.046	-0.324	-0.043	0.597	-0.041	-0.035	1.086	"4"
"篇"	0	0	0	1	1	0	0.102	0.623	0.097	1.006	0.092	0.08	-0.046	-0.324	-0.043	-0.127	1.048	-0.035	1.623	"5"
"篇篇"	0	1	0	0	0	0	0.051	0.311	0.049	0.503	0.046	0.04	-0.023	0.507	-0.022	-0.304	-0.02	-0.018	0.894	"2"
"米洛塞维奇"	0	0	0	1	0	0	0.051	0.311	0.049	0.503	0.046	0.04	-0.023	-0.162	-0.022	0.299	-0.02	-0.018	0.544	"4"
"类似"	0	1	0	0	0	0	0.051	0.311	0.049	0.503	0.046	0.04	-0.023	0.507	-0.022	-0.304	-0.02	-0.018	0.894	"2"
"精辟"	0	4	0	0	0	0	0.205	1.246	0.195	2.012	0.183	0.16	-0.091	2.027	-0.087	-1.214	-0.081	-0.071	3.571	"2"
"系"	0	0	0	2	0	0	0.102	0.623	0.097	1.006	0.092	0.08	-0.046	-0.324	-0.043	0.597	-0.041	-0.035	1.086	"4"
"纵容"	0	0	1	0	0	0	0.051	0.311	0.049	0.503	0.046	0.04	-0.023	-0.162	1.312	-0.304	-0.02	-0.018	1.839	"3"
"织"	0	0	0	1	0	0	0.051	0.311	0.049	0.503	0.046	0.04	-0.023	-0.162	-0.022	0.299	-0.02	-0.018	0.544	"4"
"经济界"	0	1	0	0	0	0	0.051	0.311	0.049	0.503	0.046	0.04	-0.023	0.507	-0.022	-0.304	-0.02	-0.018	0.894	"2"
"经济系"	0	0	0	0	1	0	0.051	0.311	0.049	0.503	0.046	0.04	-0.023	-0.162	-0.022	-0.304	1.339	-0.018	1.868	"5"
"经营"	0	1	0	0	0	0	0.051	0.311	0.049	0.503	0.046	0.04	-0.023	0.507	-0.022	-0.304	-0.02	-0.018	0.894	"2"
"绝不"	0	0	0	1	0	0	0.051	0.311	0.049	0.503	0.046	0.04	-0.023	-0.162	-0.022	0.299	-0.02	-0.018	0.544	"4"
"绝大多数"	0	2	0	0	0	0	0.102	0.623	0.097	1.006	0.092	0.08	-0.046	1.013	-0.043	-0.607	-0.041	-0.035	1.785	"2"
"统一"	0	0	0	4	0	0	0.205	1.246	0.195	2.012	0.183	0.16	-0.091	-0.648	-0.087	1.194	-0.081	-0.071	2.172	"4"
"统合"	0	1	0	0	0	0	0.051	0.311	0.049	0.503	0.046	0.04	-0.023	0.507	-0.022	-0.304	-0.02	-0.018	0.894	"2"
"继续"	0	0	0	1	0	0	0.051	0.311	0.049	0.503	0.046	0.04	-0.023	-0.162	-0.022	0.299	-0.02	-0.018	0.544	"4"
"续建"	0	0	0	1	0	0	0.051	0.311	0.049	0.503	0.046	0.04	-0.023	-0.162	-0.022	0.299	-0.02	-0.018	0.544	"4"
"维护"	0	2	1	1	0	0	0.205	1.246	0.195	2.012	0.183	0.16	-0.091	0.434	0.742	-0.511	-0.081	-0.071	1.93	"3"
"维持"	1	0	0	1	0	0	0.102	0.623	0.097	1.006	0.092	0.08	1.001	-0.324	-0.043	-0.127	-0.041	-0.035	1.571	"1"
"缆车"	0	1	0	0	0	0	0.051	0.311	0.049	0.503	0.046	0.04	-0.023	0.507	-0.022	-0.304	-0.02	-0.018	0.894	"2"
"网龄"	0	1	0	0	0	0	0.051	0.311	0.049	0.503	0.046	0.04	-0.023	0.507	-0.022	-0.304	-0.02	-0.018	0.894	"2"
"罢免"	0	0	0	2	0	0	0.102	0.623	0.097	1.006	0.092	0.08	-0.046	-0.324	-0.043	0.597	-0.041	-0.035	1.086	"4"
"罢免案"	0	0	0	1	0	0	0.051	0.311	0.049	0.503	0.046	0.04	-0.023	-0.162	-0.022	0.299	-0.02	-0.018	0.544	"4"
"罹难者"	0	2	0	0	0	0	0.102	0.623	0.097	1.006	0.092	0.08	-0.046	1.013	-0.043	-0.607	-0.041	-0.035	1.785	"2"
"美丽岛"	0	0	1	0	0	0	0.051	0.311	0.049	0.503	0.046	0.04	-0.023	-0.162	1.312	-0.304	-0.02	-0.018	1.839	"3"
"美国"	0	1	0	23	1	0	1.28	7.785	1.218	12.573	1.145	0.999	-0.571	-2.961	-0.542	4.959	-0.167	-0.443	9.643	"4"
"美国人"	0	1	0	0	0	0	0.051	0.311	0.049	0.503	0.046	0.04	-0.023	0.507	-0.022	-0.304	-0.02	-0.018	0.894	"2"
"美方"	0	0	0	7	0	1	0.41	2.491	0.39	4.023	0.366	0.32	-0.183	-1.296	-0.173	1.438	-0.163	0.555	3.808	"4"
"美达"	0	0	0	1	0	0	0.051	0.311	0.049	0.503	0.046	0.04	-0.023	-0.162	-0.022	0.299	-0.02	-0.018	0.544	"4"
"群众"	0	1	0	0	0	0	0.051	0.311	0.049	0.503	0.046	0.04	-0.023	0.507	-0.022	-0.304	-0.02	-0.018	0.894	"2"
"考虑"	0	0	0	2	0	0	0.102	0.623	0.097	1.006	0.092	0.08	-0.046	-0.324	-0.043	0.597	-0.041	-0.035	1.086	"4"
"考量"	0	1	0	0	0	0	0.051	0.311	0.049	0.503	0.046	0.04	-0.023	0.507	-0.022	-0.304	-0.02	-0.018	0.894	"2"
"而言"	0	0	0	3	0	0	0.154	0.934	0.146	1.509	0.137	0.12	-0.068	-0.486	-0.065	0.896	-0.061	-0.053	1.629	"4"
"联盟"	0	0	0	1	0	0	0.051	0.311	0.049	0.503	0.046	0.04	-0.023	-0.162	-0.022	0.299	-0.02	-0.018	0.544	"4"
"背离"	0	0	0	1	0	0	0.051	0.311	0.049	0.503	0.046	0.04	-0.023	-0.162	-0.022	0.299	-0.02	-0.018	0.544	"4"
"胡锦涛"	0	0	0	1	0	0	0.051	0.311	0.049	0.503	0.046	0.04	-0.023	-0.162	-0.022	0.299	-0.02	-0.018	0.544	"4"
"自主性"	0	1	0	0	0	0	0.051	0.311	0.049	0.503	0.046	0.04	-0.023	0.507	-0.022	-0.304	-0.02	-0.018	0.894	"2"
"自己"	0	9	0	1	1	1	0.614	3.737	0.585	6.035	0.55	0.48	-0.274	2.644	-0.26	-2.524	0.366	0.412	6.48	"2"
"自有"	0	0	0	1	0	0	0.051	0.311	0.049	0.503	0.046	0.04	-0.023	-0.162	-0.022	0.299	-0.02	-0.018	0.544	"4"
"自然"	1	0	0	0	0	0	0.051	0.311	0.049	0.503	0.046	0.04	1.291	-0.162	-0.022	-0.304	-0.02	-0.018	1.817	"1"
"舞会"	0	1	0	0	0	0	0.051	0.311	0.049	0.503	0.046	0.04	-0.023	0.507	-0.022	-0.304	-0.02	-0.018	0.894	"2"
"艾希克罗夫特"	0	0	1	0	0	0	0.051	0.311	0.049	0.503	0.046	0.04	-0.023	-0.162	1.312	-0.304	-0.02	-0.018	1.839	"3"
"芥子气"	0	0	1	0	0	0	0.051	0.311	0.049	0.503	0.046	0.04	-0.023	-0.162	1.312	-0.304	-0.02	-0.018	1.839	"3"
"苏丹"	0	0	0	3	0	0	0.154	0.934	0.146	1.509	0.137	0.12	-0.068	-0.486	-0.065	0.896	-0.061	-0.053	1.629	"4"
"苏正平"	0	0	0	1	0	0	0.051	0.311	0.049	0.503	0.046	0.04	-0.023	-0.162	-0.022	0.299	-0.02	-0.018	0.544	"4"
"苟同"	0	3	0	0	0	0	0.154	0.934	0.146	1.509	0.137	0.12	-0.068	1.52	-0.065	-0.911	-0.061	-0.053	2.678	"2"
"若是"	0	1	0	0	0	0	0.051	0.311	0.049	0.503	0.046	0.04	-0.023	0.507	-0.022	-0.304	-0.02	-0.018	0.894	"2"
"范士丹"	0	0	0	1	0	0	0.051	0.311	0.049	0.503	0.046	0.04	-0.023	-0.162	-0.022	0.299	-0.02	-0.018	0.544	"4"
"草"	0	1	0	0	0	0	0.051	0.311	0.049	0.503	0.046	0.04	-0.023	0.507	-0.022	-0.304	-0.02	-0.018	0.894	"2"
"草拟"	0	0	1	0	0	0	0.051	0.311	0.049	0.503	0.046	0.04	-0.023	-0.162	1.312	-0.304	-0.02	-0.018	1.839	"3"
"莫衷一是"	0	0	0	1	0	0	0.051	0.311	0.049	0.503	0.046	0.04	-0.023	-0.162	-0.022	0.299	-0.02	-0.018	0.544	"4"
"萧万长"	0	0	0	3	0	0	0.154	0.934	0.146	1.509	0.137	0.12	-0.068	-0.486	-0.065	0.896	-0.061	-0.053	1.629	"4"
"董教总"	0	0	0	1	0	0	0.051	0.311	0.049	0.503	0.046	0.04	-0.023	-0.162	-0.022	0.299	-0.02	-0.018	0.544	"4"
"蒋经国"	0	2	0	0	0	0	0.102	0.623	0.097	1.006	0.092	0.08	-0.046	1.013	-0.043	-0.607	-0.041	-0.035	1.785	"2"
"蔡明华"	0	0	0	0	0	1	0.051	0.311	0.049	0.503	0.046	0.04	-0.023	-0.162	-0.022	-0.304	-0.02	1.398	1.929	"6"
"藏族"	0	2	0	0	0	0	0.102	0.623	0.097	1.006	0.092	0.08	-0.046	1.013	-0.043	-0.607	-0.041	-0.035	1.785	"2"
"行政院"	1	0	0	4	0	0	0.256	1.557	0.244	2.515	0.229	0.2	0.636	-0.81	-0.108	0.719	-0.102	-0.089	2.464	"2"
"表"	0	0	0	1	0	0	0.051	0.311	0.049	0.503	0.046	0.04	-0.023	-0.162	-0.022	0.299	-0.02	-0.018	0.544	"4"
"表态"	0	0	0	1	0	0	0.051	0.311	0.049	0.503	0.046	0.04	-0.023	-0.162	-0.022	0.299	-0.02	-0.018	0.544	"4"
"表明"	0	0	0	11	0	0	0.563	3.425	0.536	5.532	0.504	0.44	-0.251	-1.782	-0.239	3.284	-0.224	-0.195	5.975	"4"
"表示"	0	4	0	15	2	0	1.075	6.54	1.023	10.561	0.962	0.839	-0.479	-0.773	-0.455	1.382	0.602	-0.372	4.063	"4"
"表达"	0	3	0	2	22	0	1.383	8.408	1.315	13.579	1.236	1.079	-0.616	-1.824	-0.586	-5.608	24.652	-0.478	33.764	"5"
"表述"	0	0	0	1	0	0	0.051	0.311	0.049	0.503	0.046	0.04	-0.023	-0.162	-0.022	0.299	-0.02	-0.018	0.544	"4"
"西方"	0	1	0	0	0	0	0.051	0.311	0.049	0.503	0.046	0.04	-0.023	0.507	-0.022	-0.304	-0.02	-0.018	0.894	"2"
"见仁见智"	0	1	0	0	0	0	0.051	0.311	0.049	0.503	0.046	0.04	-0.023	0.507	-0.022	-0.304	-0.02	-0.018	0.894	"2"
"见解"	1	1	1	0	0	0	0.154	0.934	0.146	1.509	0.137	0.12	0.836	0.172	0.857	-0.911	-0.061	-0.053	2.89	"4"
"观"	0	1	0	0	0	0	0.051	0.311	0.049	0.503	0.046	0.04	-0.023	0.507	-0.022	-0.304	-0.02	-0.018	0.894	"2"
"观察"	0	0	0	1	0	0	0.051	0.311	0.049	0.503	0.046	0.04	-0.023	-0.162	-0.022	0.299	-0.02	-0.018	0.544	"4"
"观察期"	0	1	0	0	0	0	0.051	0.311	0.049	0.503	0.046	0.04	-0.023	0.507	-0.022	-0.304	-0.02	-0.018	0.894	"2"
"观点"	1	6	0	3	0	1	0.563	3.425	0.536	5.532	0.504	0.44	0.357	1.037	-0.239	-0.96	-0.224	0.442	3.259	"2"
"角度"	0	1	0	0	0	0	0.051	0.311	0.049	0.503	0.046	0.04	-0.023	0.507	-0.022	-0.304	-0.02	-0.018	0.894	"2"
"解释"	0	1	0	0	0	0	0.051	0.311	0.049	0.503	0.046	0.04	-0.023	0.507	-0.022	-0.304	-0.02	-0.018	0.894	"2"
"解释案"	0	1	0	0	0	0	0.051	0.311	0.049	0.503	0.046	0.04	-0.023	0.507	-0.022	-0.304	-0.02	-0.018	0.894	"2"
"言论"	1	0	0	0	0	2	0.154	0.934	0.146	1.509	0.137	0.12	0.836	-0.486	-0.065	-0.911	-0.061	2.331	4.69	"6"
"认"	0	1	0	0	0	0	0.051	0.311	0.049	0.503	0.046	0.04	-0.023	0.507	-0.022	-0.304	-0.02	-0.018	0.894	"2"
"认为"	2	17	0	3	1	1	1.229	7.474	1.169	12.07	1.099	0.959	0.456	4.128	-0.52	-3.905	-0.156	0.205	9.37	"2"
"认同"	0	0	0	6	0	0	0.307	1.868	0.292	3.017	0.275	0.24	-0.137	-0.972	-0.13	1.791	-0.122	-0.106	3.258	"4"
"认定"	1	0	0	0	0	0	0.051	0.311	0.049	0.503	0.046	0.04	1.291	-0.162	-0.022	-0.304	-0.02	-0.018	1.817	"1"
"认知"	0	1	0	0	0	0	0.051	0.311	0.049	0.503	0.046	0.04	-0.023	0.507	-0.022	-0.304	-0.02	-0.018	0.894	"2"
"讨"	0	0	0	0	0	1	0.051	0.311	0.049	0.503	0.046	0.04	-0.023	-0.162	-0.022	-0.304	-0.02	1.398	1.929	"6"
"讨论"	0	0	0	1	0	0	0.051	0.311	0.049	0.503	0.046	0.04	-0.023	-0.162	-0.022	0.299	-0.02	-0.018	0.544	"4"
"让步"	0	1	0	0	0	0	0.051	0.311	0.049	0.503	0.046	0.04	-0.023	0.507	-0.022	-0.304	-0.02	-0.018	0.894	"2"
"议员"	0	1	0	0	0	1	0.102	0.623	0.097	1.006	0.092	0.08	-0.046	0.279	-0.043	-0.607	-0.041	1.106	2.122	"6"
"议题"	1	0	0	4	1	0	0.307	1.868	0.292	3.017	0.275	0.24	0.568	-0.972	-0.13	0.457	0.611	-0.106	2.844	"2"
"讲出"	0	0	0	1	0	0	0.051	0.311	0.049	0.503	0.046	0.04	-0.023	-0.162	-0.022	0.299	-0.02	-0.018	0.544	"4"
"许添财"	0	0	0	1	0	0	0.051	0.311	0.049	0.503	0.046	0.04	-0.023	-0.162	-0.022	0.299	-0.02	-0.018	0.544	"4"
"许雅静"	0	0	0	2	0	0	0.102	0.623	0.097	1.006	0.092	0.08	-0.046	-0.324	-0.043	0.597	-0.041	-0.035	1.086	"4"
"论"	0	1	0	0	0	0	0.051	0.311	0.049	0.503	0.046	0.04	-0.023	0.507	-0.022	-0.304	-0.02	-0.018	0.894	"2"
"论据"	0	0	0	1	0	0	0.051	0.311	0.049	0.503	0.046	0.04	-0.023	-0.162	-0.022	0.299	-0.02	-0.018	0.544	"4"
"论点"	1	0	0	0	0	0	0.051	0.311	0.049	0.503	0.046	0.04	1.291	-0.162	-0.022	-0.304	-0.02	-0.018	1.817	"1"
"评论"	0	1	0	1	0	0	0.102	0.623	0.097	1.006	0.092	0.08	-0.046	0.279	-0.043	-0.127	-0.041	-0.035	0.571	"2"
"诉求"	0	0	0	0	1	0	0.051	0.311	0.049	0.503	0.046	0.04	-0.023	-0.162	-0.022	-0.304	1.339	-0.018	1.868	"5"
"诉诸"	0	0	0	1	0	0	0.051	0.311	0.049	0.503	0.046	0.04	-0.023	-0.162	-0.022	0.299	-0.02	-0.018	0.544	"4"
"词"	0	0	0	1	0	0	0.051	0.311	0.049	0.503	0.046	0.04	-0.023	-0.162	-0.022	0.299	-0.02	-0.018	0.544	"4"
"译音"	0	0	0	1	0	1	0.102	0.623	0.097	1.006	0.092	0.08	-0.046	-0.324	-0.043	-0.127	-0.041	1.106	1.687	"6"
"话题"	0	1	0	0	0	0	0.051	0.311	0.049	0.503	0.046	0.04	-0.023	0.507	-0.022	-0.304	-0.02	-0.018	0.894	"2"
"询问"	0	0	0	2	0	0	0.102	0.623	0.097	1.006	0.092	0.08	-0.046	-0.324	-0.043	0.597	-0.041	-0.035	1.086	"4"
"说出来"	0	1	0	0	0	0	0.051	0.311	0.049	0.503	0.046	0.04	-0.023	0.507	-0.022	-0.304	-0.02	-0.018	0.894	"2"
"说明"	0	1	1	9	2	0	0.666	4.048	0.633	6.538	0.595	0.52	-0.297	-1.269	0.321	0.86	0.931	-0.23	3.908	"2"
"说服"	0	0	0	1	0	0	0.051	0.311	0.049	0.503	0.046	0.04	-0.023	-0.162	-0.022	0.299	-0.02	-0.018	0.544	"4"
"请辞"	0	0	0	1	0	0	0.051	0.311	0.049	0.503	0.046	0.04	-0.023	-0.162	-0.022	0.299	-0.02	-0.018	0.544	"4"
"请问"	0	1	0	0	0	0	0.051	0.311	0.049	0.503	0.046	0.04	-0.023	0.507	-0.022	-0.304	-0.02	-0.018	0.894	"2"
"诺贝尔奖"	0	1	0	0	0	0	0.051	0.311	0.049	0.503	0.046	0.04	-0.023	0.507	-0.022	-0.304	-0.02	-0.018	0.894	"2"
"读"	0	0	0	1	0	0	0.051	0.311	0.049	0.503	0.046	0.04	-0.023	-0.162	-0.022	0.299	-0.02	-0.018	0.544	"4"
"读者"	0	2	0	0	0	1	0.154	0.934	0.146	1.509	0.137	0.12	-0.068	0.637	-0.065	-0.911	-0.061	0.939	2.681	"6"
"课本"	0	1	0	0	0	0	0.051	0.311	0.049	0.503	0.046	0.04	-0.023	0.507	-0.022	-0.304	-0.02	-0.018	0.894	"2"
"课题"	2	3	0	0	1	1	0.358	2.18	0.341	3.52	0.321	0.28	1.334	0.421	-0.152	-2.125	0.553	0.605	5.19	"4"
"调低"	0	1	0	0	0	0	0.051	0.311	0.049	0.503	0.046	0.04	-0.023	0.507	-0.022	-0.304	-0.02	-0.018	0.894	"2"
"调整"	0	0	1	1	0	0	0.102	0.623	0.097	1.006	0.092	0.08	-0.046	-0.324	1.022	-0.127	-0.041	-0.035	1.595	"3"
"谈判"	0	0	0	5	0	0	0.256	1.557	0.244	2.515	0.229	0.2	-0.114	-0.81	-0.108	1.493	-0.102	-0.089	2.716	"4"
"谈及"	0	0	0	1	0	0	0.051	0.311	0.049	0.503	0.046	0.04	-0.023	-0.162	-0.022	0.299	-0.02	-0.018	0.544	"4"
"谢长廷"	0	0	0	0	1	0	0.051	0.311	0.049	0.503	0.046	0.04	-0.023	-0.162	-0.022	-0.304	1.339	-0.018	1.868	"5"
"谨慎"	0	1	0	0	0	0	0.051	0.311	0.049	0.503	0.046	0.04	-0.023	0.507	-0.022	-0.304	-0.02	-0.018	0.894	"2"
"负面"	0	2	0	0	0	0	0.102	0.623	0.097	1.006	0.092	0.08	-0.046	1.013	-0.043	-0.607	-0.041	-0.035	1.785	"2"
"质疑"	0	0	0	1	0	0	0.051	0.311	0.049	0.503	0.046	0.04	-0.023	-0.162	-0.022	0.299	-0.02	-0.018	0.544	"4"
"资政"	0	1	0	0	0	0	0.051	0.311	0.049	0.503	0.046	0.04	-0.023	0.507	-0.022	-0.304	-0.02	-0.018	0.894	"2"
"资方"	0	1	1	0	0	0	0.102	0.623	0.097	1.006	0.092	0.08	-0.046	0.279	1.022	-0.607	-0.041	-0.035	2.03	"3"
"赏"	0	0	0	1	0	0	0.051	0.311	0.049	0.503	0.046	0.04	-0.023	-0.162	-0.022	0.299	-0.02	-0.018	0.544	"4"
"赞"	0	0	0	1	0	0	0.051	0.311	0.049	0.503	0.046	0.04	-0.023	-0.162	-0.022	0.299	-0.02	-0.018	0.544	"4"
"赞同"	0	0	0	1	0	0	0.051	0.311	0.049	0.503	0.046	0.04	-0.023	-0.162	-0.022	0.299	-0.02	-0.018	0.544	"4"
"赞成"	0	1	0	1	0	0	0.102	0.623	0.097	1.006	0.092	0.08	-0.046	0.279	-0.043	-0.127	-0.041	-0.035	0.571	"2"
"赞赏"	0	0	0	2	0	0	0.102	0.623	0.097	1.006	0.092	0.08	-0.046	-0.324	-0.043	0.597	-0.041	-0.035	1.086	"4"
"走势"	0	0	0	1	0	0	0.051	0.311	0.049	0.503	0.046	0.04	-0.023	-0.162	-0.022	0.299	-0.02	-0.018	0.544	"4"
"起居"	0	0	1	0	0	0	0.051	0.311	0.049	0.503	0.046	0.04	-0.023	-0.162	1.312	-0.304	-0.02	-0.018	1.839	"3"
"起码"	0	0	0	1	0	0	0.051	0.311	0.049	0.503	0.046	0.04	-0.023	-0.162	-0.022	0.299	-0.02	-0.018	0.544	"4"
"超然"	0	0	0	1	0	0	0.051	0.311	0.049	0.503	0.046	0.04	-0.023	-0.162	-0.022	0.299	-0.02	-0.018	0.544	"4"
"趋于"	0	0	1	0	0	0	0.051	0.311	0.049	0.503	0.046	0.04	-0.023	-0.162	1.312	-0.304	-0.02	-0.018	1.839	"3"
"足"	0	1	0	0	0	0	0.051	0.311	0.049	0.503	0.046	0.04	-0.023	0.507	-0.022	-0.304	-0.02	-0.018	0.894	"2"
"足联"	0	0	0	1	0	0	0.051	0.311	0.049	0.503	0.046	0.04	-0.023	-0.162	-0.022	0.299	-0.02	-0.018	0.544	"4"
"跨党派小组"	0	0	0	3	0	0	0.154	0.934	0.146	1.509	0.137	0.12	-0.068	-0.486	-0.065	0.896	-0.061	-0.053	1.629	"4"
"践踏"	0	0	0	1	0	0	0.051	0.311	0.049	0.503	0.046	0.04	-0.023	-0.162	-0.022	0.299	-0.02	-0.018	0.544	"4"
"身为"	0	2	0	0	0	0	0.102	0.623	0.097	1.006	0.092	0.08	-0.046	1.013	-0.043	-0.607	-0.041	-0.035	1.785	"2"
"转变"	0	0	0	1	0	0	0.051	0.311	0.049	0.503	0.046	0.04	-0.023	-0.162	-0.022	0.299	-0.02	-0.018	0.544	"4"
"轻描淡写"	0	1	0	0	0	0	0.051	0.311	0.049	0.503	0.046	0.04	-0.023	0.507	-0.022	-0.304	-0.02	-0.018	0.894	"2"
"较劲"	0	0	0	1	0	0	0.051	0.311	0.049	0.503	0.046	0.04	-0.023	-0.162	-0.022	0.299	-0.02	-0.018	0.544	"4"
"辩论"	0	0	0	0	0	1	0.051	0.311	0.049	0.503	0.046	0.04	-0.023	-0.162	-0.022	-0.304	-0.02	1.398	1.929	"6"
"达成"	0	0	0	2	0	0	0.102	0.623	0.097	1.006	0.092	0.08	-0.046	-0.324	-0.043	0.597	-0.041	-0.035	1.086	"4"
"达赖"	0	0	0	3	0	0	0.154	0.934	0.146	1.509	0.137	0.12	-0.068	-0.486	-0.065	0.896	-0.061	-0.053	1.629	"4"
"过份"	0	0	1	0	0	0	0.051	0.311	0.049	0.503	0.046	0.04	-0.023	-0.162	1.312	-0.304	-0.02	-0.018	1.839	"3"
"迈杰希"	0	0	0	1	0	0	0.051	0.311	0.049	0.503	0.046	0.04	-0.023	-0.162	-0.022	0.299	-0.02	-0.018	0.544	"4"
"近似"	0	0	0	1	0	0	0.051	0.311	0.049	0.503	0.046	0.04	-0.023	-0.162	-0.022	0.299	-0.02	-0.018	0.544	"4"
"还好"	0	1	0	0	0	0	0.051	0.311	0.049	0.503	0.046	0.04	-0.023	0.507	-0.022	-0.304	-0.02	-0.018	0.894	"2"
"这"	0	10	0	2	1	0	0.666	4.048	0.633	6.538	0.595	0.52	-0.297	3.042	-0.282	-1.973	0.341	-0.23	6.165	"2"
"这些"	0	2	0	0	0	0	0.102	0.623	0.097	1.006	0.092	0.08	-0.046	1.013	-0.043	-0.607	-0.041	-0.035	1.785	"2"
"这样"	0	3	0	0	0	0	0.154	0.934	0.146	1.509	0.137	0.12	-0.068	1.52	-0.065	-0.911	-0.061	-0.053	2.678	"2"
"进度"	0	0	0	1	0	0	0.051	0.311	0.049	0.503	0.046	0.04	-0.023	-0.162	-0.022	0.299	-0.02	-0.018	0.544	"4"
"进步"	0	0	1	0	0	0	0.051	0.311	0.049	0.503	0.046	0.04	-0.023	-0.162	1.312	-0.304	-0.02	-0.018	1.839	"3"
"进步党"	0	0	0	1	0	0	0.051	0.311	0.049	0.503	0.046	0.04	-0.023	-0.162	-0.022	0.299	-0.02	-0.018	0.544	"4"
"进程"	0	0	0	2	0	0	0.102	0.623	0.097	1.006	0.092	0.08	-0.046	-0.324	-0.043	0.597	-0.041	-0.035	1.086	"4"
"连任"	0	0	0	1	0	0	0.051	0.311	0.049	0.503	0.046	0.04	-0.023	-0.162	-0.022	0.299	-0.02	-0.018	0.544	"4"
"连战"	0	0	0	3	0	0	0.154	0.934	0.146	1.509	0.137	0.12	-0.068	-0.486	-0.065	0.896	-0.061	-0.053	1.629	"4"
"迫使"	0	0	0	1	0	0	0.051	0.311	0.049	0.503	0.046	0.04	-0.023	-0.162	-0.022	0.299	-0.02	-0.018	0.544	"4"
"追回"	0	1	0	0	0	0	0.051	0.311	0.049	0.503	0.046	0.04	-0.023	0.507	-0.022	-0.304	-0.02	-0.018	0.894	"2"
"适用"	0	2	0	0	0	0	0.102	0.623	0.097	1.006	0.092	0.08	-0.046	1.013	-0.043	-0.607	-0.041	-0.035	1.785	"2"
"选民"	0	0	0	1	0	0	0.051	0.311	0.049	0.503	0.046	0.04	-0.023	-0.162	-0.022	0.299	-0.02	-0.018	0.544	"4"
"通讯社"	0	0	0	1	0	0	0.051	0.311	0.049	0.503	0.046	0.04	-0.023	-0.162	-0.022	0.299	-0.02	-0.018	0.544	"4"
"逻辑"	0	2	0	0	0	0	0.102	0.623	0.097	1.006	0.092	0.08	-0.046	1.013	-0.043	-0.607	-0.041	-0.035	1.785	"2"
"遭到"	0	1	0	0	0	0	0.051	0.311	0.049	0.503	0.046	0.04	-0.023	0.507	-0.022	-0.304	-0.02	-0.018	0.894	"2"
"遵循"	0	1	0	0	0	0	0.051	0.311	0.049	0.503	0.046	0.04	-0.023	0.507	-0.022	-0.304	-0.02	-0.018	0.894	"2"
"遵重多"	0	0	1	0	0	0	0.051	0.311	0.049	0.503	0.046	0.04	-0.023	-0.162	1.312	-0.304	-0.02	-0.018	1.839	"3"
"邦德维克"	0	0	0	1	0	0	0.051	0.311	0.049	0.503	0.046	0.04	-0.023	-0.162	-0.022	0.299	-0.02	-0.018	0.544	"4"
"郝尔德"	0	0	0	1	0	0	0.051	0.311	0.049	0.503	0.046	0.04	-0.023	-0.162	-0.022	0.299	-0.02	-0.018	0.544	"4"
"采取"	0	2	0	4	0	0	0.307	1.868	0.292	3.017	0.275	0.24	-0.137	0.219	-0.13	0.457	-0.122	-0.106	1.171	"4"
"释宪"	0	1	0	1	0	0	0.102	0.623	0.097	1.006	0.092	0.08	-0.046	0.279	-0.043	-0.127	-0.041	-0.035	0.571	"2"
"重申"	0	0	0	10	0	0	0.512	3.114	0.487	5.029	0.458	0.4	-0.228	-1.62	-0.217	2.985	-0.204	-0.177	5.431	"4"
"金平"	0	0	0	1	0	0	0.051	0.311	0.049	0.503	0.046	0.04	-0.023	-0.162	-0.022	0.299	-0.02	-0.018	0.544	"4"
"金明哲"	0	0	0	1	0	0	0.051	0.311	0.049	0.503	0.046	0.04	-0.023	-0.162	-0.022	0.299	-0.02	-0.018	0.544	"4"
"金枝君"	0	1	0	0	0	0	0.051	0.311	0.049	0.503	0.046	0.04	-0.023	0.507	-0.022	-0.304	-0.02	-0.018	0.894	"2"
"金管局"	0	2	0	0	0	0	0.102	0.623	0.097	1.006	0.092	0.08	-0.046	1.013	-0.043	-0.607	-0.041	-0.035	1.785	"2"
"针对"	0	0	0	1	0	1	0.102	0.623	0.097	1.006	0.092	0.08	-0.046	-0.324	-0.043	-0.127	-0.041	1.106	1.687	"6"
"针锋相对"	0	1	0	0	0	0	0.051	0.311	0.049	0.503	0.046	0.04	-0.023	0.507	-0.022	-0.304	-0.02	-0.018	0.894	"2"
"银行业者"	0	1	0	0	0	0	0.051	0.311	0.049	0.503	0.046	0.04	-0.023	0.507	-0.022	-0.304	-0.02	-0.018	0.894	"2"
"错误"	0	2	0	0	0	0	0.102	0.623	0.097	1.006	0.092	0.08	-0.046	1.013	-0.043	-0.607	-0.041	-0.035	1.785	"2"
"长老"	0	0	0	1	0	0	0.051	0.311	0.049	0.503	0.046	0.04	-0.023	-0.162	-0.022	0.299	-0.02	-0.018	0.544	"4"
"问"	0	4	0	0	0	2	0.307	1.868	0.292	3.017	0.275	0.24	-0.137	1.097	-0.13	-1.821	-0.122	1.667	4.974	"4"
"问题"	3	8	3	43	0	3	3.072	18.684	2.923	30.175	2.748	2.398	-0.2	-2.908	0.248	3.205	-1.222	0.365	8.148	"4"
"阁揆"	0	0	0	1	0	0	0.051	0.311	0.049	0.503	0.046	0.04	-0.023	-0.162	-0.022	0.299	-0.02	-0.018	0.544	"4"
"阐述"	0	0	0	5	0	0	0.256	1.557	0.244	2.515	0.229	0.2	-0.114	-0.81	-0.108	1.493	-0.102	-0.089	2.716	"4"
"防御"	0	0	0	1	0	0	0.051	0.311	0.049	0.503	0.046	0.04	-0.023	-0.162	-0.022	0.299	-0.02	-0.018	0.544	"4"
"阿拉伯"	0	0	0	3	0	0	0.154	0.934	0.146	1.509	0.137	0.12	-0.068	-0.486	-0.065	0.896	-0.061	-0.053	1.629	"4"
"阿拉法特"	0	0	0	2	0	0	0.102	0.623	0.097	1.006	0.092	0.08	-0.046	-0.324	-0.043	0.597	-0.041	-0.035	1.086	"4"
"陈正杰"	0	0	0	1	0	0	0.051	0.311	0.049	0.503	0.046	0.04	-0.023	-0.162	-0.022	0.299	-0.02	-0.018	0.544	"4"
"陈水扁"	0	0	0	3	0	0	0.154	0.934	0.146	1.509	0.137	0.12	-0.068	-0.486	-0.065	0.896	-0.061	-0.053	1.629	"4"
"陈菊"	0	0	0	1	0	0	0.051	0.311	0.049	0.503	0.046	0.04	-0.023	-0.162	-0.022	0.299	-0.02	-0.018	0.544	"4"
"陈述"	0	1	0	0	0	0	0.051	0.311	0.049	0.503	0.046	0.04	-0.023	0.507	-0.022	-0.304	-0.02	-0.018	0.894	"2"
"隐"	0	0	0	1	0	0	0.051	0.311	0.049	0.503	0.046	0.04	-0.023	-0.162	-0.022	0.299	-0.02	-0.018	0.544	"4"
"雅罗育"	0	0	0	1	0	0	0.051	0.311	0.049	0.503	0.046	0.04	-0.023	-0.162	-0.022	0.299	-0.02	-0.018	0.544	"4"
"集中"	0	0	0	0	0	1	0.051	0.311	0.049	0.503	0.046	0.04	-0.023	-0.162	-0.022	-0.304	-0.02	1.398	1.929	"6"
"静观其变"	0	0	0	1	0	0	0.051	0.311	0.049	0.503	0.046	0.04	-0.023	-0.162	-0.022	0.299	-0.02	-0.018	0.544	"4"
"非常"	0	0	0	4	0	0	0.205	1.246	0.195	2.012	0.183	0.16	-0.091	-0.648	-0.087	1.194	-0.081	-0.071	2.172	"4"
"非核"	0	0	0	2	0	0	0.102	0.623	0.097	1.006	0.092	0.08	-0.046	-0.324	-0.043	0.597	-0.041	-0.035	1.086	"4"
"韩"	0	0	0	1	0	0	0.051	0.311	0.049	0.503	0.046	0.04	-0.023	-0.162	-0.022	0.299	-0.02	-0.018	0.544	"4"
"韩台"	0	0	1	0	0	0	0.051	0.311	0.049	0.503	0.046	0.04	-0.023	-0.162	1.312	-0.304	-0.02	-0.018	1.839	"3"
"顽固"	0	0	0	1	0	0	0.051	0.311	0.049	0.503	0.046	0.04	-0.023	-0.162	-0.022	0.299	-0.02	-0.018	0.544	"4"
"预"	0	0	0	1	0	0	0.051	0.311	0.049	0.503	0.046	0.04	-0.023	-0.162	-0.022	0.299	-0.02	-0.018	0.544	"4"
"预存"	0	1	0	0	0	0	0.051	0.311	0.049	0.503	0.046	0.04	-0.023	0.507	-0.022	-0.304	-0.02	-0.018	0.894	"2"
"预留"	0	0	0	1	0	0	0.051	0.311	0.049	0.503	0.046	0.04	-0.023	-0.162	-0.022	0.299	-0.02	-0.018	0.544	"4"
"预设"	0	0	3	1	0	0	0.205	1.246	0.195	2.012	0.183	0.16	-0.091	-0.648	3.351	-0.511	-0.081	-0.071	4.753	"3"
"领土"	0	0	0	2	0	0	0.102	0.623	0.097	1.006	0.092	0.08	-0.046	-0.324	-0.043	0.597	-0.041	-0.035	1.086	"4"
"题"	0	2	0	2	0	1	0.256	1.557	0.244	2.515	0.229	0.2	-0.114	0.305	-0.108	-0.306	-0.102	0.734	1.669	"6"
"颜庆章"	0	0	0	1	0	0	0.051	0.311	0.049	0.503	0.046	0.04	-0.023	-0.162	-0.022	0.299	-0.02	-0.018	0.544	"4"
"飞弹"	0	0	0	1	0	0	0.051	0.311	0.049	0.503	0.046	0.04	-0.023	-0.162	-0.022	0.299	-0.02	-0.018	0.544	"4"
"马克思"	0	1	0	0	0	0	0.051	0.311	0.049	0.503	0.046	0.04	-0.023	0.507	-0.022	-0.304	-0.02	-0.018	0.894	"2"
"马来族"	0	0	0	1	0	0	0.051	0.311	0.049	0.503	0.046	0.04	-0.023	-0.162	-0.022	0.299	-0.02	-0.018	0.544	"4"
"马查塞克"	0	0	0	1	0	0	0.051	0.311	0.049	0.503	0.046	0.04	-0.023	-0.162	-0.022	0.299	-0.02	-0.018	0.544	"4"
"马英九"	0	0	0	1	0	1	0.102	0.623	0.097	1.006	0.092	0.08	-0.046	-0.324	-0.043	-0.127	-0.041	1.106	1.687	"6"
"马里"	0	0	0	1	0	0	0.051	0.311	0.049	0.503	0.046	0.04	-0.023	-0.162	-0.022	0.299	-0.02	-0.018	0.544	"4"
"驳斥"	0	0	0	2	0	0	0.102	0.623	0.097	1.006	0.092	0.08	-0.046	-0.324	-0.043	0.597	-0.041	-0.035	1.086	"4"
"骑车"	0	1	0	0	0	0	0.051	0.311	0.049	0.503	0.046	0.04	-0.023	0.507	-0.022	-0.304	-0.02	-0.018	0.894	"2"
"高尔"	0	0	0	1	0	0	0.051	0.311	0.049	0.503	0.046	0.04	-0.023	-0.162	-0.022	0.299	-0.02	-0.018	0.544	"4"
"高市"	0	0	0	1	0	0	0.051	0.311	0.049	0.503	0.046	0.04	-0.023	-0.162	-0.022	0.299	-0.02	-0.018	0.544	"4"
"鲍彻"	0	0	0	1	0	0	0.051	0.311	0.049	0.503	0.046	0.04	-0.023	-0.162	-0.022	0.299	-0.02	-0.018	0.544	"4"
"鹰派"	0	0	0	1	0	0	0.051	0.311	0.049	0.503	0.046	0.04	-0.023	-0.162	-0.022	0.299	-0.02	-0.018	0.544	"4"
"麦卡勒姆"	0	1	0	0	0	0	0.051	0.311	0.049	0.503	0.046	0.04	-0.023	0.507	-0.022	-0.304	-0.02	-0.018	0.894	"2"
"黄祖耀"	0	1	0	0	0	0	0.051	0.311	0.049	0.503	0.046	0.04	-0.023	0.507	-0.022	-0.304	-0.02	-0.018	0.894	"2"
"龙山文化"	0	1	0	0	0	0	0.051	0.311	0.049	0.503	0.046	0.04	-0.023	0.507	-0.022	-0.304	-0.02	-0.018	0.894	"2"
