"Coll_Word"	"1"	"2"	"3"	"4"	"5"	"6"	"exp_1"	"exp_2"	"exp_3"	"exp_4"	"exp_5"	"exp_6"	"pbin_1"	"pbin_2"	"pbin_3"	"pbin_4"	"pbin_5"	"pbin_6"	"SumAbsDev"	"LargestDev"
"："	0	0	2	0	1	11	1.491	0.706	0.847	0.62	0.73	9.605	-0.685	-0.315	0.686	-0.275	0.278	0.503	2.742	"3"
"?"	0	0	0	0	0	2	0.213	0.101	0.121	0.089	0.104	1.372	-0.098	-0.045	-0.054	-0.039	-0.047	0.327	0.61	"6"
"？"	0	0	2	0	0	3	0.533	0.252	0.302	0.221	0.261	3.431	-0.245	-0.112	1.49	-0.098	-0.116	-0.301	2.362	"3"
"》"	0	1	0	0	0	17	1.918	0.907	1.089	0.797	0.939	12.35	-0.881	0.218	-0.488	-0.354	-0.419	1.98	4.34	"6"
"■"	0	0	0	0	0	1	0.107	0.05	0.06	0.044	0.052	0.686	-0.049	-0.022	-0.027	-0.02	-0.023	0.164	0.305	"6"
"⒉"	0	0	0	0	0	1	0.107	0.05	0.06	0.044	0.052	0.686	-0.049	-0.022	-0.027	-0.02	-0.023	0.164	0.305	"6"
"2008"	0	0	0	0	0	1	0.107	0.05	0.06	0.044	0.052	0.686	-0.049	-0.022	-0.027	-0.02	-0.023	0.164	0.305	"6"
"361"	0	0	0	0	0	1	0.107	0.05	0.06	0.044	0.052	0.686	-0.049	-0.022	-0.027	-0.02	-0.023	0.164	0.305	"6"
"80％"	0	0	0	0	0	1	0.107	0.05	0.06	0.044	0.052	0.686	-0.049	-0.022	-0.027	-0.02	-0.023	0.164	0.305	"6"
"891012"	0	0	0	0	0	1	0.107	0.05	0.06	0.044	0.052	0.686	-0.049	-0.022	-0.027	-0.02	-0.023	0.164	0.305	"6"
"891117"	0	0	0	0	0	1	0.107	0.05	0.06	0.044	0.052	0.686	-0.049	-0.022	-0.027	-0.02	-0.023	0.164	0.305	"6"
"891125"	0	0	0	0	0	1	0.107	0.05	0.06	0.044	0.052	0.686	-0.049	-0.022	-0.027	-0.02	-0.023	0.164	0.305	"6"
"891220"	0	0	0	0	0	1	0.107	0.05	0.06	0.044	0.052	0.686	-0.049	-0.022	-0.027	-0.02	-0.023	0.164	0.305	"6"
"900109"	0	0	0	0	0	1	0.107	0.05	0.06	0.044	0.052	0.686	-0.049	-0.022	-0.027	-0.02	-0.023	0.164	0.305	"6"
"APEC"	0	0	0	0	0	1	0.107	0.05	0.06	0.044	0.052	0.686	-0.049	-0.022	-0.027	-0.02	-0.023	0.164	0.305	"6"
"IDC"	0	0	0	0	0	1	0.107	0.05	0.06	0.044	0.052	0.686	-0.049	-0.022	-0.027	-0.02	-0.023	0.164	0.305	"6"
"John"	0	0	0	0	0	2	0.213	0.101	0.121	0.089	0.104	1.372	-0.098	-0.045	-0.054	-0.039	-0.047	0.327	0.61	"6"
"SNG"	0	0	0	0	0	1	0.107	0.05	0.06	0.044	0.052	0.686	-0.049	-0.022	-0.027	-0.02	-0.023	0.164	0.305	"6"
"一些"	1	0	0	0	0	4	0.533	0.252	0.302	0.221	0.261	3.431	0.366	-0.112	-0.136	-0.098	-0.116	0.301	1.129	"1"
"一旦"	0	0	0	0	0	1	0.107	0.05	0.06	0.044	0.052	0.686	-0.049	-0.022	-0.027	-0.02	-0.023	0.164	0.305	"6"
"一条条"	0	0	0	0	0	1	0.107	0.05	0.06	0.044	0.052	0.686	-0.049	-0.022	-0.027	-0.02	-0.023	0.164	0.305	"6"
"一点"	1	0	1	0	0	0	0.213	0.101	0.121	0.089	0.104	1.372	0.695	-0.045	0.931	-0.039	-0.047	-1.006	2.763	"6"
"一致"	0	0	0	0	0	8	0.852	0.403	0.484	0.354	0.417	5.489	-0.391	-0.18	-0.217	-0.157	-0.186	1.309	2.44	"6"
"一般"	0	0	0	0	0	2	0.213	0.101	0.121	0.089	0.104	1.372	-0.098	-0.045	-0.054	-0.039	-0.047	0.327	0.61	"6"
"一般人"	0	0	0	0	0	1	0.107	0.05	0.06	0.044	0.052	0.686	-0.049	-0.022	-0.027	-0.02	-0.023	0.164	0.305	"6"
"七成四"	0	0	0	0	0	1	0.107	0.05	0.06	0.044	0.052	0.686	-0.049	-0.022	-0.027	-0.02	-0.023	0.164	0.305	"6"
"上报"	0	0	0	0	0	1	0.107	0.05	0.06	0.044	0.052	0.686	-0.049	-0.022	-0.027	-0.02	-0.023	0.164	0.305	"6"
"上述"	0	0	1	0	0	2	0.32	0.151	0.181	0.133	0.157	2.058	-0.147	-0.067	0.768	-0.059	-0.07	-0.169	1.28	"3"
"不一"	0	0	0	0	0	5	0.533	0.252	0.302	0.221	0.261	3.431	-0.245	-0.112	-0.136	-0.098	-0.116	0.818	1.525	"6"
"不予"	0	0	0	0	0	1	0.107	0.05	0.06	0.044	0.052	0.686	-0.049	-0.022	-0.027	-0.02	-0.023	0.164	0.305	"6"
"不便"	0	0	1	0	0	1	0.213	0.101	0.121	0.089	0.104	1.372	-0.098	-0.045	0.931	-0.039	-0.047	-0.276	1.436	"3"
"不同"	0	1	0	1	28	8	4.048	1.916	2.299	1.683	1.982	26.072	-1.859	-0.374	-1.03	-0.306	27.462	-8.662	39.693	"5"
"不和"	0	0	0	0	1	0	0.107	0.05	0.06	0.044	0.052	0.686	-0.049	-0.022	-0.027	-0.02	1.283	-0.503	1.904	"5"
"不在少数"	0	0	0	0	0	1	0.107	0.05	0.06	0.044	0.052	0.686	-0.049	-0.022	-0.027	-0.02	-0.023	0.164	0.305	"6"
"不尽然"	0	0	0	0	0	1	0.107	0.05	0.06	0.044	0.052	0.686	-0.049	-0.022	-0.027	-0.02	-0.023	0.164	0.305	"6"
"不懂"	0	0	0	0	0	1	0.107	0.05	0.06	0.044	0.052	0.686	-0.049	-0.022	-0.027	-0.02	-0.023	0.164	0.305	"6"
"不管"	0	0	0	0	0	2	0.213	0.101	0.121	0.089	0.104	1.372	-0.098	-0.045	-0.054	-0.039	-0.047	0.327	0.61	"6"
"不谋而合"	0	0	0	0	0	2	0.213	0.101	0.121	0.089	0.104	1.372	-0.098	-0.045	-0.054	-0.039	-0.047	0.327	0.61	"6"
"不过"	0	0	0	0	1	4	0.533	0.252	0.302	0.221	0.261	3.431	-0.245	-0.112	-0.136	-0.098	0.629	0.301	1.521	"5"
"与"	0	0	0	0	0	3	0.32	0.151	0.181	0.133	0.157	2.058	-0.147	-0.067	-0.081	-0.059	-0.07	0.491	0.915	"6"
"与会"	1	0	1	0	0	1	0.32	0.151	0.181	0.133	0.157	2.058	0.542	-0.067	0.768	-0.059	-0.07	-0.631	2.137	"3"
"与否"	0	0	0	0	0	2	0.213	0.101	0.121	0.089	0.104	1.372	-0.098	-0.045	-0.054	-0.039	-0.047	0.327	0.61	"6"
"专业"	0	0	0	0	0	1	0.107	0.05	0.06	0.044	0.052	0.686	-0.049	-0.022	-0.027	-0.02	-0.023	0.164	0.305	"6"
"专家"	1	0	0	0	0	10	1.172	0.555	0.665	0.487	0.574	7.547	-0.174	-0.247	-0.298	-0.216	-0.256	1.019	2.21	"6"
"业主"	0	1	0	0	0	0	0.107	0.05	0.06	0.044	0.052	0.686	-0.049	1.297	-0.027	-0.02	-0.023	-0.503	1.919	"2"
"业内"	0	0	0	0	0	1	0.107	0.05	0.06	0.044	0.052	0.686	-0.049	-0.022	-0.027	-0.02	-0.023	0.164	0.305	"6"
"业界"	0	0	0	0	0	1	0.107	0.05	0.06	0.044	0.052	0.686	-0.049	-0.022	-0.027	-0.02	-0.023	0.164	0.305	"6"
"业绩"	0	0	0	0	0	1	0.107	0.05	0.06	0.044	0.052	0.686	-0.049	-0.022	-0.027	-0.02	-0.023	0.164	0.305	"6"
"业者"	0	1	0	0	1	1	0.32	0.151	0.181	0.133	0.157	2.058	-0.147	0.842	-0.081	-0.059	0.828	-0.631	2.588	"2"
"两国"	1	0	0	0	0	2	0.32	0.151	0.181	0.133	0.157	2.058	0.542	-0.067	-0.081	-0.059	-0.07	-0.169	0.988	"1"
"两岸"	0	0	1	0	0	5	0.639	0.302	0.363	0.266	0.313	4.117	-0.294	-0.135	0.505	-0.118	-0.14	0.408	1.6	"3"
"两极"	0	0	0	0	0	1	0.107	0.05	0.06	0.044	0.052	0.686	-0.049	-0.022	-0.027	-0.02	-0.023	0.164	0.305	"6"
"个人"	0	0	0	0	1	12	1.385	0.655	0.786	0.576	0.678	8.919	-0.636	-0.292	-0.352	-0.256	0.3	1.285	3.121	"6"
"个别"	0	0	0	0	0	1	0.107	0.05	0.06	0.044	0.052	0.686	-0.049	-0.022	-0.027	-0.02	-0.023	0.164	0.305	"6"
"中东"	0	0	0	1	0	0	0.107	0.05	0.06	0.044	0.052	0.686	-0.049	-0.022	-0.027	1.354	-0.023	-0.503	1.978	"4"
"中国海军"	0	0	0	0	0	1	0.107	0.05	0.06	0.044	0.052	0.686	-0.049	-0.022	-0.027	-0.02	-0.023	0.164	0.305	"6"
"中小企业"	0	0	0	0	0	1	0.107	0.05	0.06	0.044	0.052	0.686	-0.049	-0.022	-0.027	-0.02	-0.023	0.164	0.305	"6"
"中德"	0	0	0	0	0	1	0.107	0.05	0.06	0.044	0.052	0.686	-0.049	-0.022	-0.027	-0.02	-0.023	0.164	0.305	"6"
"中情局"	0	0	0	0	0	1	0.107	0.05	0.06	0.044	0.052	0.686	-0.049	-0.022	-0.027	-0.02	-0.023	0.164	0.305	"6"
"中方"	0	0	0	0	0	1	0.107	0.05	0.06	0.044	0.052	0.686	-0.049	-0.022	-0.027	-0.02	-0.023	0.164	0.305	"6"
"主"	0	0	0	0	0	1	0.107	0.05	0.06	0.044	0.052	0.686	-0.049	-0.022	-0.027	-0.02	-0.023	0.164	0.305	"6"
"主张"	0	0	0	1	0	4	0.533	0.252	0.302	0.221	0.261	3.431	-0.245	-0.112	-0.136	0.693	-0.116	0.301	1.603	"4"
"主管"	0	0	0	0	0	3	0.32	0.151	0.181	0.133	0.157	2.058	-0.147	-0.067	-0.081	-0.059	-0.07	0.491	0.915	"6"
"主计室"	0	0	0	0	0	1	0.107	0.05	0.06	0.044	0.052	0.686	-0.049	-0.022	-0.027	-0.02	-0.023	0.164	0.305	"6"
"之间"	1	0	0	0	0	1	0.213	0.101	0.121	0.089	0.104	1.372	0.695	-0.045	-0.054	-0.039	-0.047	-0.276	1.156	"1"
"乐观"	0	0	0	0	0	4	0.426	0.202	0.242	0.177	0.209	2.744	-0.196	-0.09	-0.108	-0.079	-0.093	0.654	1.22	"6"
"乒乓"	0	0	0	0	0	1	0.107	0.05	0.06	0.044	0.052	0.686	-0.049	-0.022	-0.027	-0.02	-0.023	0.164	0.305	"6"
"习作"	0	0	0	0	0	1	0.107	0.05	0.06	0.044	0.052	0.686	-0.049	-0.022	-0.027	-0.02	-0.023	0.164	0.305	"6"
"书面"	0	0	0	0	0	2	0.213	0.101	0.121	0.089	0.104	1.372	-0.098	-0.045	-0.054	-0.039	-0.047	0.327	0.61	"6"
"了"	10	7	1	13	1	27	6.285	2.975	3.569	2.612	3.078	40.48	1.032	1.546	-0.918	5.826	-0.745	-3.641	13.708	"4"
"争议"	0	0	0	0	1	0	0.107	0.05	0.06	0.044	0.052	0.686	-0.049	-0.022	-0.027	-0.02	1.283	-0.503	1.904	"5"
"事"	0	0	0	0	0	3	0.32	0.151	0.181	0.133	0.157	2.058	-0.147	-0.067	-0.081	-0.059	-0.07	0.491	0.915	"6"
"事宜"	0	0	0	0	0	1	0.107	0.05	0.06	0.044	0.052	0.686	-0.049	-0.022	-0.027	-0.02	-0.023	0.164	0.305	"6"
"事实"	0	0	0	0	1	0	0.107	0.05	0.06	0.044	0.052	0.686	-0.049	-0.022	-0.027	-0.02	1.283	-0.503	1.904	"5"
"事情"	0	0	0	0	0	1	0.107	0.05	0.06	0.044	0.052	0.686	-0.049	-0.022	-0.027	-0.02	-0.023	0.164	0.305	"6"
"事项"	0	0	0	0	0	1	0.107	0.05	0.06	0.044	0.052	0.686	-0.049	-0.022	-0.027	-0.02	-0.023	0.164	0.305	"6"
"互信"	0	0	0	0	0	1	0.107	0.05	0.06	0.044	0.052	0.686	-0.049	-0.022	-0.027	-0.02	-0.023	0.164	0.305	"6"
"互动"	0	0	0	0	0	2	0.213	0.101	0.121	0.089	0.104	1.372	-0.098	-0.045	-0.054	-0.039	-0.047	0.327	0.61	"6"
"互相"	0	0	0	0	0	1	0.107	0.05	0.06	0.044	0.052	0.686	-0.049	-0.022	-0.027	-0.02	-0.023	0.164	0.305	"6"
"些"	0	0	0	0	0	2	0.213	0.101	0.121	0.089	0.104	1.372	-0.098	-0.045	-0.054	-0.039	-0.047	0.327	0.61	"6"
"交"	0	0	0	0	0	1	0.107	0.05	0.06	0.044	0.052	0.686	-0.049	-0.022	-0.027	-0.02	-0.023	0.164	0.305	"6"
"交换"	48	0	0	14	0	1	6.712	3.176	3.811	2.79	3.287	43.224	33.312	-1.415	-1.707	6.274	-1.466	-29.56	73.734	"1"
"交流"	1	0	0	1	1	4	0.746	0.353	0.423	0.31	0.365	4.803	0.263	-0.157	-0.19	0.566	0.505	-0.415	2.096	"4"
"京王"	0	0	0	0	0	1	0.107	0.05	0.06	0.044	0.052	0.686	-0.049	-0.022	-0.027	-0.02	-0.023	0.164	0.305	"6"
"亲民党"	0	1	0	0	1	1	0.32	0.151	0.181	0.133	0.157	2.058	-0.147	0.842	-0.081	-0.059	0.828	-0.631	2.588	"2"
"人事部门"	0	0	0	0	0	1	0.107	0.05	0.06	0.044	0.052	0.686	-0.049	-0.022	-0.027	-0.02	-0.023	0.164	0.305	"6"
"人体"	0	0	0	0	0	1	0.107	0.05	0.06	0.044	0.052	0.686	-0.049	-0.022	-0.027	-0.02	-0.023	0.164	0.305	"6"
"人士"	1	2	0	0	1	12	1.705	0.807	0.968	0.708	0.835	10.978	-0.319	0.717	-0.434	-0.315	0.24	0.396	2.421	"2"
"人大"	0	0	0	0	0	2	0.213	0.101	0.121	0.089	0.104	1.372	-0.098	-0.045	-0.054	-0.039	-0.047	0.327	0.61	"6"
"人才"	0	0	0	0	0	1	0.107	0.05	0.06	0.044	0.052	0.686	-0.049	-0.022	-0.027	-0.02	-0.023	0.164	0.305	"6"
"人类"	0	0	0	0	0	1	0.107	0.05	0.06	0.044	0.052	0.686	-0.049	-0.022	-0.027	-0.02	-0.023	0.164	0.305	"6"
"人选"	0	0	0	0	0	1	0.107	0.05	0.06	0.044	0.052	0.686	-0.049	-0.022	-0.027	-0.02	-0.023	0.164	0.305	"6"
"什么"	0	0	0	0	0	1	0.107	0.05	0.06	0.044	0.052	0.686	-0.049	-0.022	-0.027	-0.02	-0.023	0.164	0.305	"6"
"仅"	0	0	0	0	0	1	0.107	0.05	0.06	0.044	0.052	0.686	-0.049	-0.022	-0.027	-0.02	-0.023	0.164	0.305	"6"
"介绍"	0	0	0	0	0	1	0.107	0.05	0.06	0.044	0.052	0.686	-0.049	-0.022	-0.027	-0.02	-0.023	0.164	0.305	"6"
"从"	0	0	0	0	0	7	0.746	0.353	0.423	0.31	0.365	4.803	-0.342	-0.157	-0.19	-0.138	-0.163	1.145	2.135	"6"
"他"	0	0	2	0	1	21	2.557	1.21	1.452	1.063	1.252	16.466	-1.174	-0.539	0.366	-0.472	-0.193	1.506	4.25	"6"
"代表"	0	0	0	0	0	5	0.533	0.252	0.302	0.221	0.261	3.431	-0.245	-0.112	-0.136	-0.098	-0.116	0.818	1.525	"6"
"代表作"	0	0	0	0	0	1	0.107	0.05	0.06	0.044	0.052	0.686	-0.049	-0.022	-0.027	-0.02	-0.023	0.164	0.305	"6"
"以"	0	0	0	0	0	2	0.213	0.101	0.121	0.089	0.104	1.372	-0.098	-0.045	-0.054	-0.039	-0.047	0.327	0.61	"6"
"以上"	0	0	0	0	0	1	0.107	0.05	0.06	0.044	0.052	0.686	-0.049	-0.022	-0.027	-0.02	-0.023	0.164	0.305	"6"
"以期"	0	0	0	0	0	1	0.107	0.05	0.06	0.044	0.052	0.686	-0.049	-0.022	-0.027	-0.02	-0.023	0.164	0.305	"6"
"们"	0	0	0	0	1	0	0.107	0.05	0.06	0.044	0.052	0.686	-0.049	-0.022	-0.027	-0.02	1.283	-0.503	1.904	"5"
"任何"	0	1	1	0	0	1	0.32	0.151	0.181	0.133	0.157	2.058	-0.147	0.842	0.768	-0.059	-0.07	-0.631	2.517	"2"
"任前"	0	0	0	0	0	1	0.107	0.05	0.06	0.044	0.052	0.686	-0.049	-0.022	-0.027	-0.02	-0.023	0.164	0.305	"6"
"企业界"	1	0	0	0	0	0	0.107	0.05	0.06	0.044	0.052	0.686	0.973	-0.022	-0.027	-0.02	-0.023	-0.503	1.568	"1"
"伊万诺夫"	1	0	0	0	0	0	0.107	0.05	0.06	0.044	0.052	0.686	0.973	-0.022	-0.027	-0.02	-0.023	-0.503	1.568	"1"
"会"	1	0	0	0	0	0	0.107	0.05	0.06	0.044	0.052	0.686	0.973	-0.022	-0.027	-0.02	-0.023	-0.503	1.568	"1"
"会客室"	0	0	0	0	0	1	0.107	0.05	0.06	0.044	0.052	0.686	-0.049	-0.022	-0.027	-0.02	-0.023	0.164	0.305	"6"
"会计师"	0	0	0	0	1	0	0.107	0.05	0.06	0.044	0.052	0.686	-0.049	-0.022	-0.027	-0.02	1.283	-0.503	1.904	"5"
"会谈"	1	1	0	0	0	0	0.213	0.101	0.121	0.089	0.104	1.372	0.695	1.007	-0.054	-0.039	-0.047	-1.006	2.848	"2"
"会面"	1	0	0	0	0	3	0.426	0.202	0.242	0.177	0.209	2.744	0.44	-0.09	-0.108	-0.079	-0.093	0.203	1.013	"1"
"传达"	1	0	0	0	0	0	0.107	0.05	0.06	0.044	0.052	0.686	0.973	-0.022	-0.027	-0.02	-0.023	-0.503	1.568	"1"
"估价师"	0	0	0	0	0	1	0.107	0.05	0.06	0.044	0.052	0.686	-0.049	-0.022	-0.027	-0.02	-0.023	0.164	0.305	"6"
"住屋"	0	0	0	0	0	1	0.107	0.05	0.06	0.044	0.052	0.686	-0.049	-0.022	-0.027	-0.02	-0.023	0.164	0.305	"6"
"何"	0	0	0	0	0	6	0.639	0.302	0.363	0.266	0.313	4.117	-0.294	-0.135	-0.163	-0.118	-0.14	0.982	1.832	"6"
"何必"	0	0	1	0	0	0	0.107	0.05	0.06	0.044	0.052	0.686	-0.049	-0.022	1.218	-0.02	-0.023	-0.503	1.835	"3"
"何智辉"	0	0	0	0	0	1	0.107	0.05	0.06	0.044	0.052	0.686	-0.049	-0.022	-0.027	-0.02	-0.023	0.164	0.305	"6"
"作者"	0	0	0	0	0	1	0.107	0.05	0.06	0.044	0.052	0.686	-0.049	-0.022	-0.027	-0.02	-0.023	0.164	0.305	"6"
"你"	0	0	1	0	0	2	0.32	0.151	0.181	0.133	0.157	2.058	-0.147	-0.067	0.768	-0.059	-0.07	-0.169	1.28	"3"
"供"	0	0	0	0	0	3	0.32	0.151	0.181	0.133	0.157	2.058	-0.147	-0.067	-0.081	-0.059	-0.07	0.491	0.915	"6"
"依"	0	0	0	0	0	1	0.107	0.05	0.06	0.044	0.052	0.686	-0.049	-0.022	-0.027	-0.02	-0.023	0.164	0.305	"6"
"依据"	0	0	0	0	0	1	0.107	0.05	0.06	0.044	0.052	0.686	-0.049	-0.022	-0.027	-0.02	-0.023	0.164	0.305	"6"
"侨"	0	0	0	0	0	1	0.107	0.05	0.06	0.044	0.052	0.686	-0.049	-0.022	-0.027	-0.02	-0.023	0.164	0.305	"6"
"侨委会"	0	0	0	0	0	1	0.107	0.05	0.06	0.044	0.052	0.686	-0.049	-0.022	-0.027	-0.02	-0.023	0.164	0.305	"6"
"侨社"	0	0	0	0	0	1	0.107	0.05	0.06	0.044	0.052	0.686	-0.049	-0.022	-0.027	-0.02	-0.023	0.164	0.305	"6"
"侨领"	0	0	1	0	0	0	0.107	0.05	0.06	0.044	0.052	0.686	-0.049	-0.022	1.218	-0.02	-0.023	-0.503	1.835	"3"
"促销案"	0	0	0	0	0	1	0.107	0.05	0.06	0.044	0.052	0.686	-0.049	-0.022	-0.027	-0.02	-0.023	0.164	0.305	"6"
"保守"	0	0	0	0	0	3	0.32	0.151	0.181	0.133	0.157	2.058	-0.147	-0.067	-0.081	-0.059	-0.07	0.491	0.915	"6"
"保留"	0	0	0	0	0	3	0.32	0.151	0.181	0.133	0.157	2.058	-0.147	-0.067	-0.081	-0.059	-0.07	0.491	0.915	"6"
"信息"	0	0	0	0	0	1	0.107	0.05	0.06	0.044	0.052	0.686	-0.049	-0.022	-0.027	-0.02	-0.023	0.164	0.305	"6"
"信息安全"	0	1	0	0	0	0	0.107	0.05	0.06	0.044	0.052	0.686	-0.049	1.297	-0.027	-0.02	-0.023	-0.503	1.919	"2"
"修改"	0	2	0	0	0	5	0.746	0.353	0.423	0.31	0.365	4.803	-0.342	1.346	-0.19	-0.138	-0.163	0.211	2.39	"2"
"修正"	0	0	0	0	0	2	0.213	0.101	0.121	0.089	0.104	1.372	-0.098	-0.045	-0.054	-0.039	-0.047	0.327	0.61	"6"
"修法"	0	0	0	0	0	1	0.107	0.05	0.06	0.044	0.052	0.686	-0.049	-0.022	-0.027	-0.02	-0.023	0.164	0.305	"6"
"候选国"	2	0	0	0	0	0	0.213	0.101	0.121	0.089	0.104	1.372	1.945	-0.045	-0.054	-0.039	-0.047	-1.006	3.136	"1"
"倾向于"	0	0	0	0	0	1	0.107	0.05	0.06	0.044	0.052	0.686	-0.049	-0.022	-0.027	-0.02	-0.023	0.164	0.305	"6"
"倾听"	1	0	0	0	0	0	0.107	0.05	0.06	0.044	0.052	0.686	0.973	-0.022	-0.027	-0.02	-0.023	-0.503	1.568	"1"
"偏向"	0	0	0	0	0	1	0.107	0.05	0.06	0.044	0.052	0.686	-0.049	-0.022	-0.027	-0.02	-0.023	0.164	0.305	"6"
"做为"	0	0	0	0	0	1	0.107	0.05	0.06	0.044	0.052	0.686	-0.049	-0.022	-0.027	-0.02	-0.023	0.164	0.305	"6"
"停下"	0	0	0	0	0	1	0.107	0.05	0.06	0.044	0.052	0.686	-0.049	-0.022	-0.027	-0.02	-0.023	0.164	0.305	"6"
"充分"	1	1	0	1	0	2	0.533	0.252	0.302	0.221	0.261	3.431	0.366	0.642	-0.136	0.693	-0.116	-0.74	2.693	"6"
"先生"	0	0	0	0	0	1	0.107	0.05	0.06	0.044	0.052	0.686	-0.049	-0.022	-0.027	-0.02	-0.023	0.164	0.305	"6"
"党"	0	0	0	0	0	3	0.32	0.151	0.181	0.133	0.157	2.058	-0.147	-0.067	-0.081	-0.059	-0.07	0.491	0.915	"6"
"党务"	0	0	1	0	0	0	0.107	0.05	0.06	0.044	0.052	0.686	-0.049	-0.022	1.218	-0.02	-0.023	-0.503	1.835	"3"
"党团"	1	2	0	0	1	6	1.065	0.504	0.605	0.443	0.522	6.861	-0.148	1.059	-0.271	-0.197	0.382	-0.411	2.468	"2"
"党委"	0	1	0	0	0	0	0.107	0.05	0.06	0.044	0.052	0.686	-0.049	1.297	-0.027	-0.02	-0.023	-0.503	1.919	"2"
"党派"	0	1	0	0	0	0	0.107	0.05	0.06	0.044	0.052	0.686	-0.049	1.297	-0.027	-0.02	-0.023	-0.503	1.919	"2"
"党籍"	0	1	0	0	1	0	0.213	0.101	0.121	0.089	0.104	1.372	-0.098	1.007	-0.054	-0.039	0.993	-1.006	3.197	"2"
"党群干群"	0	0	0	0	0	1	0.107	0.05	0.06	0.044	0.052	0.686	-0.049	-0.022	-0.027	-0.02	-0.023	0.164	0.305	"6"
"全新"	0	0	0	0	0	1	0.107	0.05	0.06	0.044	0.052	0.686	-0.049	-0.022	-0.027	-0.02	-0.023	0.164	0.305	"6"
"全盘"	0	0	0	0	1	0	0.107	0.05	0.06	0.044	0.052	0.686	-0.049	-0.022	-0.027	-0.02	1.283	-0.503	1.904	"5"
"公众"	0	1	0	0	0	4	0.533	0.252	0.302	0.221	0.261	3.431	-0.245	0.642	-0.136	-0.098	-0.116	0.301	1.538	"2"
"公听会"	0	0	0	0	0	1	0.107	0.05	0.06	0.044	0.052	0.686	-0.049	-0.022	-0.027	-0.02	-0.023	0.164	0.305	"6"
"公开"	0	1	0	0	0	1	0.213	0.101	0.121	0.089	0.104	1.372	-0.098	1.007	-0.054	-0.039	-0.047	-0.276	1.521	"2"
"公示制"	0	0	0	0	0	1	0.107	0.05	0.06	0.044	0.052	0.686	-0.049	-0.022	-0.027	-0.02	-0.023	0.164	0.305	"6"
"六成"	0	0	0	0	0	1	0.107	0.05	0.06	0.044	0.052	0.686	-0.049	-0.022	-0.027	-0.02	-0.023	0.164	0.305	"6"
"共同"	0	0	0	0	0	4	0.426	0.202	0.242	0.177	0.209	2.744	-0.196	-0.09	-0.108	-0.079	-0.093	0.654	1.22	"6"
"共识"	3	0	1	1	1	2	0.852	0.403	0.484	0.354	0.417	5.489	1.348	-0.18	0.406	0.517	0.458	-1.843	4.752	"6"
"关切"	1	0	0	0	0	1	0.213	0.101	0.121	0.089	0.104	1.372	0.695	-0.045	-0.054	-0.039	-0.047	-0.276	1.156	"1"
"关心"	3	0	0	0	0	2	0.533	0.252	0.302	0.221	0.261	3.431	1.99	-0.112	-0.136	-0.098	-0.116	-0.74	3.192	"1"
"关系"	2	0	1	1	0	3	0.746	0.353	0.423	0.31	0.365	4.803	0.78	-0.157	0.451	0.566	-0.163	-0.839	2.956	"6"
"具体"	1	1	0	0	0	1	0.32	0.151	0.181	0.133	0.157	2.058	0.542	0.842	-0.081	-0.059	-0.07	-0.631	2.225	"2"
"内部"	0	0	0	0	1	0	0.107	0.05	0.06	0.044	0.052	0.686	-0.049	-0.022	-0.027	-0.02	1.283	-0.503	1.904	"5"
"内阁"	0	0	1	0	0	0	0.107	0.05	0.06	0.044	0.052	0.686	-0.049	-0.022	1.218	-0.02	-0.023	-0.503	1.835	"3"
"农会法"	0	0	0	0	0	1	0.107	0.05	0.06	0.044	0.052	0.686	-0.049	-0.022	-0.027	-0.02	-0.023	0.164	0.305	"6"
"决定"	0	0	0	0	0	1	0.107	0.05	0.06	0.044	0.052	0.686	-0.049	-0.022	-0.027	-0.02	-0.023	0.164	0.305	"6"
"冷漠"	0	0	0	0	0	1	0.107	0.05	0.06	0.044	0.052	0.686	-0.049	-0.022	-0.027	-0.02	-0.023	0.164	0.305	"6"
"出兵"	0	0	0	0	0	1	0.107	0.05	0.06	0.044	0.052	0.686	-0.049	-0.022	-0.027	-0.02	-0.023	0.164	0.305	"6"
"出发"	0	0	0	0	0	1	0.107	0.05	0.06	0.044	0.052	0.686	-0.049	-0.022	-0.027	-0.02	-0.023	0.164	0.305	"6"
"出笼"	0	0	0	0	0	1	0.107	0.05	0.06	0.044	0.052	0.686	-0.049	-0.022	-0.027	-0.02	-0.023	0.164	0.305	"6"
"分享"	0	0	0	0	0	3	0.32	0.151	0.181	0.133	0.157	2.058	-0.147	-0.067	-0.081	-0.059	-0.07	0.491	0.915	"6"
"分析"	0	0	0	0	0	1	0.107	0.05	0.06	0.044	0.052	0.686	-0.049	-0.022	-0.027	-0.02	-0.023	0.164	0.305	"6"
"分析家"	0	1	0	0	0	2	0.32	0.151	0.181	0.133	0.157	2.058	-0.147	0.842	-0.081	-0.059	-0.07	-0.169	1.368	"2"
"分歧"	0	0	0	13	0	1	1.491	0.706	0.847	0.62	0.73	9.605	-0.685	-0.315	-0.379	16.472	-0.326	-5.545	23.722	"4"
"切实"	0	0	0	0	0	1	0.107	0.05	0.06	0.044	0.052	0.686	-0.049	-0.022	-0.027	-0.02	-0.023	0.164	0.305	"6"
"切身"	0	0	0	0	0	1	0.107	0.05	0.06	0.044	0.052	0.686	-0.049	-0.022	-0.027	-0.02	-0.023	0.164	0.305	"6"
"刘古昌"	0	0	0	1	0	0	0.107	0.05	0.06	0.044	0.052	0.686	-0.049	-0.022	-0.027	1.354	-0.023	-0.503	1.978	"4"
"初稿"	0	0	0	0	0	1	0.107	0.05	0.06	0.044	0.052	0.686	-0.049	-0.022	-0.027	-0.02	-0.023	0.164	0.305	"6"
"利益"	0	0	0	0	0	1	0.107	0.05	0.06	0.044	0.052	0.686	-0.049	-0.022	-0.027	-0.02	-0.023	0.164	0.305	"6"
"到底"	0	0	0	0	0	1	0.107	0.05	0.06	0.044	0.052	0.686	-0.049	-0.022	-0.027	-0.02	-0.023	0.164	0.305	"6"
"制定"	0	1	0	0	0	3	0.426	0.202	0.242	0.177	0.209	2.744	-0.196	0.728	-0.108	-0.079	-0.093	0.203	1.407	"2"
"制度"	0	0	0	0	0	1	0.107	0.05	0.06	0.044	0.052	0.686	-0.049	-0.022	-0.027	-0.02	-0.023	0.164	0.305	"6"
"前景"	0	0	0	1	0	0	0.107	0.05	0.06	0.044	0.052	0.686	-0.049	-0.022	-0.027	1.354	-0.023	-0.503	1.978	"4"
"副团长"	1	0	0	0	0	0	0.107	0.05	0.06	0.044	0.052	0.686	0.973	-0.022	-0.027	-0.02	-0.023	-0.503	1.568	"1"
"副外长"	1	0	0	0	0	0	0.107	0.05	0.06	0.044	0.052	0.686	0.973	-0.022	-0.027	-0.02	-0.023	-0.503	1.568	"1"
"割爱"	0	0	0	0	0	1	0.107	0.05	0.06	0.044	0.052	0.686	-0.049	-0.022	-0.027	-0.02	-0.023	0.164	0.305	"6"
"加深"	1	0	0	0	0	0	0.107	0.05	0.06	0.044	0.052	0.686	0.973	-0.022	-0.027	-0.02	-0.023	-0.503	1.568	"1"
"势"	0	0	0	0	0	2	0.213	0.101	0.121	0.089	0.104	1.372	-0.098	-0.045	-0.054	-0.039	-0.047	0.327	0.61	"6"
"势成骑虎"	0	0	0	0	0	1	0.107	0.05	0.06	0.044	0.052	0.686	-0.049	-0.022	-0.027	-0.02	-0.023	0.164	0.305	"6"
"包容"	0	0	0	0	0	2	0.213	0.101	0.121	0.089	0.104	1.372	-0.098	-0.045	-0.054	-0.039	-0.047	0.327	0.61	"6"
"医科"	0	0	0	0	0	1	0.107	0.05	0.06	0.044	0.052	0.686	-0.049	-0.022	-0.027	-0.02	-0.023	0.164	0.305	"6"
"协"	0	0	0	0	0	1	0.107	0.05	0.06	0.044	0.052	0.686	-0.049	-0.022	-0.027	-0.02	-0.023	0.164	0.305	"6"
"协商"	0	0	0	0	0	2	0.213	0.101	0.121	0.089	0.104	1.372	-0.098	-0.045	-0.054	-0.039	-0.047	0.327	0.61	"6"
"单身"	0	0	0	0	0	1	0.107	0.05	0.06	0.044	0.052	0.686	-0.049	-0.022	-0.027	-0.02	-0.023	0.164	0.305	"6"
"占上风"	0	0	0	0	0	1	0.107	0.05	0.06	0.044	0.052	0.686	-0.049	-0.022	-0.027	-0.02	-0.023	0.164	0.305	"6"
"危险性"	0	0	0	0	0	1	0.107	0.05	0.06	0.044	0.052	0.686	-0.049	-0.022	-0.027	-0.02	-0.023	0.164	0.305	"6"
"即"	0	0	0	0	0	1	0.107	0.05	0.06	0.044	0.052	0.686	-0.049	-0.022	-0.027	-0.02	-0.023	0.164	0.305	"6"
"原汁"	0	0	1	0	0	0	0.107	0.05	0.06	0.044	0.052	0.686	-0.049	-0.022	1.218	-0.02	-0.023	-0.503	1.835	"3"
"原能会"	0	0	0	0	0	1	0.107	0.05	0.06	0.044	0.052	0.686	-0.049	-0.022	-0.027	-0.02	-0.023	0.164	0.305	"6"
"县市长"	0	0	0	0	0	1	0.107	0.05	0.06	0.044	0.052	0.686	-0.049	-0.022	-0.027	-0.02	-0.023	0.164	0.305	"6"
"参考"	0	0	0	0	0	5	0.533	0.252	0.302	0.221	0.261	3.431	-0.245	-0.112	-0.136	-0.098	-0.116	0.818	1.525	"6"
"双方"	2	0	0	4	0	5	1.172	0.555	0.665	0.487	0.574	7.547	0.481	-0.247	-0.298	3.006	-0.256	-1.022	5.31	"4"
"双边"	2	0	0	0	0	0	0.213	0.101	0.121	0.089	0.104	1.372	1.945	-0.045	-0.054	-0.039	-0.047	-1.006	3.136	"1"
"双首长制"	0	0	0	0	0	1	0.107	0.05	0.06	0.044	0.052	0.686	-0.049	-0.022	-0.027	-0.02	-0.023	0.164	0.305	"6"
"反对"	0	0	0	0	0	7	0.746	0.353	0.423	0.31	0.365	4.803	-0.342	-0.157	-0.19	-0.138	-0.163	1.145	2.135	"6"
"反映"	0	0	1	0	1	8	1.065	0.504	0.605	0.443	0.522	6.861	-0.489	-0.225	0.333	-0.197	0.382	0.46	2.086	"1"
"反覆"	0	1	0	0	0	0	0.107	0.05	0.06	0.044	0.052	0.686	-0.049	1.297	-0.027	-0.02	-0.023	-0.503	1.919	"2"
"反黑"	0	0	0	0	0	1	0.107	0.05	0.06	0.044	0.052	0.686	-0.049	-0.022	-0.027	-0.02	-0.023	0.164	0.305	"6"
"发"	0	0	0	0	0	1	0.107	0.05	0.06	0.044	0.052	0.686	-0.049	-0.022	-0.027	-0.02	-0.023	0.164	0.305	"6"
"发抒"	0	0	0	0	0	1	0.107	0.05	0.06	0.044	0.052	0.686	-0.049	-0.022	-0.027	-0.02	-0.023	0.164	0.305	"6"
"发改"	0	0	0	0	0	1	0.107	0.05	0.06	0.044	0.052	0.686	-0.049	-0.022	-0.027	-0.02	-0.023	0.164	0.305	"6"
"发泄"	0	0	0	0	0	1	0.107	0.05	0.06	0.044	0.052	0.686	-0.049	-0.022	-0.027	-0.02	-0.023	0.164	0.305	"6"
"发表"	0	0	29	0	0	7	3.835	1.815	2.178	1.594	1.878	24.7	-1.761	-0.809	28.591	-0.708	-0.838	-8.769	41.476	"3"
"发表会"	0	0	0	0	0	1	0.107	0.05	0.06	0.044	0.052	0.686	-0.049	-0.022	-0.027	-0.02	-0.023	0.164	0.305	"6"
"发言"	0	0	0	0	1	0	0.107	0.05	0.06	0.044	0.052	0.686	-0.049	-0.022	-0.027	-0.02	1.283	-0.503	1.904	"5"
"受访者"	0	0	0	0	0	3	0.32	0.151	0.181	0.133	0.157	2.058	-0.147	-0.067	-0.081	-0.059	-0.07	0.491	0.915	"6"
"叙"	0	0	0	1	0	0	0.107	0.05	0.06	0.044	0.052	0.686	-0.049	-0.022	-0.027	1.354	-0.023	-0.503	1.978	"4"
"古人"	0	0	2	0	0	0	0.213	0.101	0.121	0.089	0.104	1.372	-0.098	-0.045	2.436	-0.039	-0.047	-1.006	3.671	"3"
"另外"	0	0	0	0	0	1	0.107	0.05	0.06	0.044	0.052	0.686	-0.049	-0.022	-0.027	-0.02	-0.023	0.164	0.305	"6"
"只"	0	0	0	0	0	1	0.107	0.05	0.06	0.044	0.052	0.686	-0.049	-0.022	-0.027	-0.02	-0.023	0.164	0.305	"6"
"只是"	0	0	1	0	0	1	0.213	0.101	0.121	0.089	0.104	1.372	-0.098	-0.045	0.931	-0.039	-0.047	-0.276	1.436	"3"
"召集人"	0	0	0	0	0	1	0.107	0.05	0.06	0.044	0.052	0.686	-0.049	-0.022	-0.027	-0.02	-0.023	0.164	0.305	"6"
"可"	0	0	0	1	0	0	0.107	0.05	0.06	0.044	0.052	0.686	-0.049	-0.022	-0.027	1.354	-0.023	-0.503	1.978	"4"
"可不可以"	0	0	0	0	0	1	0.107	0.05	0.06	0.044	0.052	0.686	-0.049	-0.022	-0.027	-0.02	-0.023	0.164	0.305	"6"
"可以"	0	0	1	0	0	0	0.107	0.05	0.06	0.044	0.052	0.686	-0.049	-0.022	1.218	-0.02	-0.023	-0.503	1.835	"3"
"台大"	0	0	0	0	0	1	0.107	0.05	0.06	0.044	0.052	0.686	-0.049	-0.022	-0.027	-0.02	-0.023	0.164	0.305	"6"
"台湾人"	0	0	0	0	0	1	0.107	0.05	0.06	0.044	0.052	0.686	-0.049	-0.022	-0.027	-0.02	-0.023	0.164	0.305	"6"
"台盟"	0	0	0	0	0	1	0.107	0.05	0.06	0.044	0.052	0.686	-0.049	-0.022	-0.027	-0.02	-0.023	0.164	0.305	"6"
"右翼"	0	0	0	0	0	1	0.107	0.05	0.06	0.044	0.052	0.686	-0.049	-0.022	-0.027	-0.02	-0.023	0.164	0.305	"6"
"叶选平"	0	0	0	0	0	1	0.107	0.05	0.06	0.044	0.052	0.686	-0.049	-0.022	-0.027	-0.02	-0.023	0.164	0.305	"6"
"各"	5	3	1	0	0	12	2.237	1.059	1.27	0.93	1.096	14.408	1.185	1.063	-0.198	-0.413	-0.489	-0.737	4.085	"1"
"各界"	1	0	0	0	1	14	1.705	0.807	0.968	0.708	0.835	10.978	-0.319	-0.359	-0.434	-0.315	0.24	1.094	2.761	"6"
"各自"	0	0	0	0	0	5	0.533	0.252	0.302	0.221	0.261	3.431	-0.245	-0.112	-0.136	-0.098	-0.116	0.818	1.525	"6"
"合"	0	0	0	0	0	1	0.107	0.05	0.06	0.044	0.052	0.686	-0.049	-0.022	-0.027	-0.02	-0.023	0.164	0.305	"6"
"合作"	0	0	0	1	0	0	0.107	0.05	0.06	0.044	0.052	0.686	-0.049	-0.022	-0.027	1.354	-0.023	-0.503	1.978	"4"
"合璧"	0	0	0	0	0	1	0.107	0.05	0.06	0.044	0.052	0.686	-0.049	-0.022	-0.027	-0.02	-0.023	0.164	0.305	"6"
"同党"	0	0	0	0	0	1	0.107	0.05	0.06	0.044	0.052	0.686	-0.049	-0.022	-0.027	-0.02	-0.023	0.164	0.305	"6"
"同意"	0	0	0	0	0	3	0.32	0.151	0.181	0.133	0.157	2.058	-0.147	-0.067	-0.081	-0.059	-0.07	0.491	0.915	"6"
"同样"	0	0	0	0	0	1	0.107	0.05	0.06	0.044	0.052	0.686	-0.049	-0.022	-0.027	-0.02	-0.023	0.164	0.305	"6"
"吕传胜"	0	0	0	0	0	1	0.107	0.05	0.06	0.044	0.052	0.686	-0.049	-0.022	-0.027	-0.02	-0.023	0.164	0.305	"6"
"吕福源"	0	0	0	1	0	0	0.107	0.05	0.06	0.044	0.052	0.686	-0.049	-0.022	-0.027	1.354	-0.023	-0.503	1.978	"4"
"吕秀莲"	0	0	0	0	0	1	0.107	0.05	0.06	0.044	0.052	0.686	-0.049	-0.022	-0.027	-0.02	-0.023	0.164	0.305	"6"
"否定"	0	0	0	0	0	2	0.213	0.101	0.121	0.089	0.104	1.372	-0.098	-0.045	-0.054	-0.039	-0.047	0.327	0.61	"6"
"听"	0	0	1	0	0	1	0.213	0.101	0.121	0.089	0.104	1.372	-0.098	-0.045	0.931	-0.039	-0.047	-0.276	1.436	"3"
"听众"	0	0	0	0	0	1	0.107	0.05	0.06	0.044	0.052	0.686	-0.049	-0.022	-0.027	-0.02	-0.023	0.164	0.305	"6"
"听取"	1	25	0	0	0	2	2.983	1.412	1.694	1.24	1.461	19.211	-0.732	28.985	-0.759	-0.551	-0.652	-10.819	42.498	"2"
"听听"	0	0	0	0	0	2	0.213	0.101	0.121	0.089	0.104	1.372	-0.098	-0.045	-0.054	-0.039	-0.047	0.327	0.61	"6"
"听证会"	0	1	0	0	0	0	0.107	0.05	0.06	0.044	0.052	0.686	-0.049	1.297	-0.027	-0.02	-0.023	-0.503	1.919	"2"
"吴乃"	0	1	0	0	0	0	0.107	0.05	0.06	0.044	0.052	0.686	-0.049	1.297	-0.027	-0.02	-0.023	-0.503	1.919	"2"
"吴乃仁"	0	0	0	0	0	1	0.107	0.05	0.06	0.044	0.052	0.686	-0.049	-0.022	-0.027	-0.02	-0.023	0.164	0.305	"6"
"吴伯雄"	0	0	0	0	0	1	0.107	0.05	0.06	0.044	0.052	0.686	-0.049	-0.022	-0.027	-0.02	-0.023	0.164	0.305	"6"
"吴新兴"	0	0	0	0	0	1	0.107	0.05	0.06	0.044	0.052	0.686	-0.049	-0.022	-0.027	-0.02	-0.023	0.164	0.305	"6"
"呈现"	0	0	1	0	0	0	0.107	0.05	0.06	0.044	0.052	0.686	-0.049	-0.022	1.218	-0.02	-0.023	-0.503	1.835	"3"
"呢"	0	0	0	0	0	1	0.107	0.05	0.06	0.044	0.052	0.686	-0.049	-0.022	-0.027	-0.02	-0.023	0.164	0.305	"6"
"和谈"	1	0	0	0	0	0	0.107	0.05	0.06	0.044	0.052	0.686	0.973	-0.022	-0.027	-0.02	-0.023	-0.503	1.568	"1"
"咨询"	0	1	0	0	0	3	0.426	0.202	0.242	0.177	0.209	2.744	-0.196	0.728	-0.108	-0.079	-0.093	0.203	1.407	"2"
"哪"	0	0	0	0	1	0	0.107	0.05	0.06	0.044	0.052	0.686	-0.049	-0.022	-0.027	-0.02	1.283	-0.503	1.904	"5"
"唐飞"	0	0	0	0	0	1	0.107	0.05	0.06	0.044	0.052	0.686	-0.049	-0.022	-0.027	-0.02	-0.023	0.164	0.305	"6"
"唯有"	0	0	0	0	0	1	0.107	0.05	0.06	0.044	0.052	0.686	-0.049	-0.022	-0.027	-0.02	-0.023	0.164	0.305	"6"
"唿应"	0	0	0	0	0	1	0.107	0.05	0.06	0.044	0.052	0.686	-0.049	-0.022	-0.027	-0.02	-0.023	0.164	0.305	"6"
"商界"	0	0	0	0	0	1	0.107	0.05	0.06	0.044	0.052	0.686	-0.049	-0.022	-0.027	-0.02	-0.023	0.164	0.305	"6"
"善于"	0	1	0	0	0	0	0.107	0.05	0.06	0.044	0.052	0.686	-0.049	1.297	-0.027	-0.02	-0.023	-0.503	1.919	"2"
"回响"	0	0	0	0	0	1	0.107	0.05	0.06	0.044	0.052	0.686	-0.049	-0.022	-0.027	-0.02	-0.023	0.164	0.305	"6"
"回应"	0	0	1	0	0	1	0.213	0.101	0.121	0.089	0.104	1.372	-0.098	-0.045	0.931	-0.039	-0.047	-0.276	1.436	"3"
"回覆"	0	0	0	0	0	1	0.107	0.05	0.06	0.044	0.052	0.686	-0.049	-0.022	-0.027	-0.02	-0.023	0.164	0.305	"6"
"回馈"	0	0	0	0	0	1	0.107	0.05	0.06	0.044	0.052	0.686	-0.049	-0.022	-0.027	-0.02	-0.023	0.164	0.305	"6"
"团体"	0	0	0	0	0	2	0.213	0.101	0.121	0.089	0.104	1.372	-0.098	-0.045	-0.054	-0.039	-0.047	0.327	0.61	"6"
"国人"	0	0	0	0	0	1	0.107	0.05	0.06	0.044	0.052	0.686	-0.049	-0.022	-0.027	-0.02	-0.023	0.164	0.305	"6"
"国内部"	0	0	0	0	0	1	0.107	0.05	0.06	0.044	0.052	0.686	-0.049	-0.022	-0.027	-0.02	-0.023	0.164	0.305	"6"
"国政"	0	0	0	0	0	1	0.107	0.05	0.06	0.044	0.052	0.686	-0.049	-0.022	-0.027	-0.02	-0.023	0.164	0.305	"6"
"国是"	1	0	0	0	0	2	0.32	0.151	0.181	0.133	0.157	2.058	0.542	-0.067	-0.081	-0.059	-0.07	-0.169	0.988	"1"
"国民党"	1	0	0	0	0	3	0.426	0.202	0.242	0.177	0.209	2.744	0.44	-0.09	-0.108	-0.079	-0.093	0.203	1.013	"1"
"在野"	0	0	0	0	0	1	0.107	0.05	0.06	0.044	0.052	0.686	-0.049	-0.022	-0.027	-0.02	-0.023	0.164	0.305	"6"
"在野党"	0	0	0	0	1	4	0.533	0.252	0.302	0.221	0.261	3.431	-0.245	-0.112	-0.136	-0.098	0.629	0.301	1.521	"5"
"地交"	0	0	0	0	0	1	0.107	0.05	0.06	0.044	0.052	0.686	-0.049	-0.022	-0.027	-0.02	-0.023	0.164	0.305	"6"
"坚持"	0	0	0	0	0	5	0.533	0.252	0.302	0.221	0.261	3.431	-0.245	-0.112	-0.136	-0.098	-0.116	0.818	1.525	"6"
"基于"	0	0	0	0	0	1	0.107	0.05	0.06	0.044	0.052	0.686	-0.049	-0.022	-0.027	-0.02	-0.023	0.164	0.305	"6"
"基层"	1	0	0	0	0	0	0.107	0.05	0.06	0.044	0.052	0.686	0.973	-0.022	-0.027	-0.02	-0.023	-0.503	1.568	"1"
"基本"	0	0	0	0	0	1	0.107	0.05	0.06	0.044	0.052	0.686	-0.049	-0.022	-0.027	-0.02	-0.023	0.164	0.305	"6"
"增订"	0	0	0	0	0	1	0.107	0.05	0.06	0.044	0.052	0.686	-0.049	-0.022	-0.027	-0.02	-0.023	0.164	0.305	"6"
"增进"	2	0	0	0	0	0	0.213	0.101	0.121	0.089	0.104	1.372	1.945	-0.045	-0.054	-0.039	-0.047	-1.006	3.136	"1"
"处境"	0	0	0	0	0	1	0.107	0.05	0.06	0.044	0.052	0.686	-0.049	-0.022	-0.027	-0.02	-0.023	0.164	0.305	"6"
"多"	0	1	0	0	0	4	0.533	0.252	0.302	0.221	0.261	3.431	-0.245	0.642	-0.136	-0.098	-0.116	0.301	1.538	"2"
"多元"	0	0	0	0	0	1	0.107	0.05	0.06	0.044	0.052	0.686	-0.049	-0.022	-0.027	-0.02	-0.023	0.164	0.305	"6"
"多数"	0	0	0	0	0	2	0.213	0.101	0.121	0.089	0.104	1.372	-0.098	-0.045	-0.054	-0.039	-0.047	0.327	0.61	"6"
"多方"	0	0	0	0	0	1	0.107	0.05	0.06	0.044	0.052	0.686	-0.049	-0.022	-0.027	-0.02	-0.023	0.164	0.305	"6"
"大为"	0	0	0	0	0	1	0.107	0.05	0.06	0.044	0.052	0.686	-0.049	-0.022	-0.027	-0.02	-0.023	0.164	0.305	"6"
"大多数"	0	0	0	0	0	1	0.107	0.05	0.06	0.044	0.052	0.686	-0.049	-0.022	-0.027	-0.02	-0.023	0.164	0.305	"6"
"大家"	2	1	0	0	0	6	0.959	0.454	0.544	0.399	0.47	6.175	0.606	0.429	-0.244	-0.177	-0.209	-0.241	1.906	"1"
"大抵"	0	0	0	0	0	1	0.107	0.05	0.06	0.044	0.052	0.686	-0.049	-0.022	-0.027	-0.02	-0.023	0.164	0.305	"6"
"大法官"	0	0	1	0	0	2	0.32	0.151	0.181	0.133	0.157	2.058	-0.147	-0.067	0.768	-0.059	-0.07	-0.169	1.28	"3"
"大溪"	0	0	0	0	0	1	0.107	0.05	0.06	0.044	0.052	0.686	-0.049	-0.022	-0.027	-0.02	-0.023	0.164	0.305	"6"
"夫家"	0	0	0	0	0	1	0.107	0.05	0.06	0.044	0.052	0.686	-0.049	-0.022	-0.027	-0.02	-0.023	0.164	0.305	"6"
"如何"	0	0	0	0	0	2	0.213	0.101	0.121	0.089	0.104	1.372	-0.098	-0.045	-0.054	-0.039	-0.047	0.327	0.61	"6"
"妄加"	0	0	0	0	0	1	0.107	0.05	0.06	0.044	0.052	0.686	-0.049	-0.022	-0.027	-0.02	-0.023	0.164	0.305	"6"
"妇联"	0	0	0	0	0	1	0.107	0.05	0.06	0.044	0.052	0.686	-0.049	-0.022	-0.027	-0.02	-0.023	0.164	0.305	"6"
"妨"	0	0	0	0	0	1	0.107	0.05	0.06	0.044	0.052	0.686	-0.049	-0.022	-0.027	-0.02	-0.023	0.164	0.305	"6"
"妨碍"	0	0	0	1	0	0	0.107	0.05	0.06	0.044	0.052	0.686	-0.049	-0.022	-0.027	1.354	-0.023	-0.503	1.978	"4"
"委员"	0	0	0	0	0	1	0.107	0.05	0.06	0.044	0.052	0.686	-0.049	-0.022	-0.027	-0.02	-0.023	0.164	0.305	"6"
"委派"	0	0	0	0	0	1	0.107	0.05	0.06	0.044	0.052	0.686	-0.049	-0.022	-0.027	-0.02	-0.023	0.164	0.305	"6"
"婚姻法"	0	0	0	0	0	2	0.213	0.101	0.121	0.089	0.104	1.372	-0.098	-0.045	-0.054	-0.039	-0.047	0.327	0.61	"6"
"存在"	0	0	0	0	0	2	0.213	0.101	0.121	0.089	0.104	1.372	-0.098	-0.045	-0.054	-0.039	-0.047	0.327	0.61	"6"
"学者"	0	0	0	0	0	3	0.32	0.151	0.181	0.133	0.157	2.058	-0.147	-0.067	-0.081	-0.059	-0.07	0.491	0.915	"6"
"孩子"	0	0	0	0	0	1	0.107	0.05	0.06	0.044	0.052	0.686	-0.049	-0.022	-0.027	-0.02	-0.023	0.164	0.305	"6"
"宋楚瑜"	1	0	0	0	0	2	0.32	0.151	0.181	0.133	0.157	2.058	0.542	-0.067	-0.081	-0.059	-0.07	-0.169	0.988	"1"
"完全"	0	0	0	0	0	3	0.32	0.151	0.181	0.133	0.157	2.058	-0.147	-0.067	-0.081	-0.059	-0.07	0.491	0.915	"6"
"定"	0	0	0	0	0	1	0.107	0.05	0.06	0.044	0.052	0.686	-0.049	-0.022	-0.027	-0.02	-0.023	0.164	0.305	"6"
"宝贵"	0	0	0	0	0	4	0.426	0.202	0.242	0.177	0.209	2.744	-0.196	-0.09	-0.108	-0.079	-0.093	0.654	1.22	"6"
"实地"	0	0	0	0	0	1	0.107	0.05	0.06	0.044	0.052	0.686	-0.049	-0.022	-0.027	-0.02	-0.023	0.164	0.305	"6"
"实施"	2	0	0	0	0	2	0.426	0.202	0.242	0.177	0.209	2.744	1.231	-0.09	-0.108	-0.079	-0.093	-0.428	2.029	"1"
"实际"	0	0	0	0	0	1	0.107	0.05	0.06	0.044	0.052	0.686	-0.049	-0.022	-0.027	-0.02	-0.023	0.164	0.305	"6"
"实验班"	0	2	0	0	0	0	0.213	0.101	0.121	0.089	0.104	1.372	-0.098	2.595	-0.054	-0.039	-0.047	-1.006	3.839	"2"
"审计部"	0	0	0	0	0	1	0.107	0.05	0.06	0.044	0.052	0.686	-0.049	-0.022	-0.027	-0.02	-0.023	0.164	0.305	"6"
"审议"	0	0	0	0	0	2	0.213	0.101	0.121	0.089	0.104	1.372	-0.098	-0.045	-0.054	-0.039	-0.047	0.327	0.61	"6"
"客人"	0	0	0	1	0	0	0.107	0.05	0.06	0.044	0.052	0.686	-0.049	-0.022	-0.027	1.354	-0.023	-0.503	1.978	"4"
"宣告"	0	0	0	0	0	1	0.107	0.05	0.06	0.044	0.052	0.686	-0.049	-0.022	-0.027	-0.02	-0.023	0.164	0.305	"6"
"宪"	0	0	0	0	0	1	0.107	0.05	0.06	0.044	0.052	0.686	-0.049	-0.022	-0.027	-0.02	-0.023	0.164	0.305	"6"
"宪法"	0	0	0	0	0	1	0.107	0.05	0.06	0.044	0.052	0.686	-0.049	-0.022	-0.027	-0.02	-0.023	0.164	0.305	"6"
"密合"	0	0	0	0	0	1	0.107	0.05	0.06	0.044	0.052	0.686	-0.049	-0.022	-0.027	-0.02	-0.023	0.164	0.305	"6"
"对"	0	1	5	1	2	44	5.646	2.672	3.206	2.347	2.765	36.363	-2.593	-0.609	0.666	-0.504	-0.325	1.857	6.554	"1"
"对于"	0	1	1	0	4	16	2.344	1.109	1.331	0.974	1.148	15.094	-1.076	-0.158	-0.213	-0.433	1.594	0.359	3.833	"5"
"对外"	1	0	0	0	0	0	0.107	0.05	0.06	0.044	0.052	0.686	0.973	-0.022	-0.027	-0.02	-0.023	-0.503	1.568	"1"
"对岸"	0	0	0	0	0	1	0.107	0.05	0.06	0.044	0.052	0.686	-0.049	-0.022	-0.027	-0.02	-0.023	0.164	0.305	"6"
"对话会"	1	0	1	0	1	0	0.32	0.151	0.181	0.133	0.157	2.058	0.542	-0.067	0.768	-0.059	0.828	-1.51	3.774	"6"
"对话者"	0	1	0	0	0	0	0.107	0.05	0.06	0.044	0.052	0.686	-0.049	1.297	-0.027	-0.02	-0.023	-0.503	1.919	"2"
"寻求"	1	0	0	0	0	1	0.213	0.101	0.121	0.089	0.104	1.372	0.695	-0.045	-0.054	-0.039	-0.047	-0.276	1.156	"1"
"将来"	0	0	0	0	0	1	0.107	0.05	0.06	0.044	0.052	0.686	-0.049	-0.022	-0.027	-0.02	-0.023	0.164	0.305	"6"
"尊"	0	0	1	0	0	0	0.107	0.05	0.06	0.044	0.052	0.686	-0.049	-0.022	1.218	-0.02	-0.023	-0.503	1.835	"3"
"尊重"	0	0	1	0	1	7	0.959	0.454	0.544	0.399	0.47	6.175	-0.44	-0.202	0.367	-0.177	0.417	0.37	1.973	"1"
"小三通"	0	0	0	0	0	2	0.213	0.101	0.121	0.089	0.104	1.372	-0.098	-0.045	-0.054	-0.039	-0.047	0.327	0.61	"6"
"小布什"	0	0	0	0	0	1	0.107	0.05	0.06	0.044	0.052	0.686	-0.049	-0.022	-0.027	-0.02	-0.023	0.164	0.305	"6"
"小布希"	0	0	0	0	0	1	0.107	0.05	0.06	0.044	0.052	0.686	-0.049	-0.022	-0.027	-0.02	-0.023	0.164	0.305	"6"
"尖锐"	0	0	0	0	0	1	0.107	0.05	0.06	0.044	0.052	0.686	-0.049	-0.022	-0.027	-0.02	-0.023	0.164	0.305	"6"
"就"	8	0	0	0	0	7	1.598	0.756	0.907	0.664	0.783	10.292	4.273	-0.337	-0.407	-0.295	-0.349	-1.193	6.854	"1"
"局势"	3	0	0	0	0	3	0.639	0.302	0.363	0.266	0.313	4.117	1.724	-0.135	-0.163	-0.118	-0.14	-0.55	2.83	"1"
"局限"	0	0	0	0	0	1	0.107	0.05	0.06	0.044	0.052	0.686	-0.049	-0.022	-0.027	-0.02	-0.023	0.164	0.305	"6"
"巴"	1	0	0	0	0	0	0.107	0.05	0.06	0.044	0.052	0.686	0.973	-0.022	-0.027	-0.02	-0.023	-0.503	1.568	"1"
"市地"	0	0	0	0	0	2	0.213	0.101	0.121	0.089	0.104	1.372	-0.098	-0.045	-0.054	-0.039	-0.047	0.327	0.61	"6"
"市府"	0	0	0	0	0	2	0.213	0.101	0.121	0.089	0.104	1.372	-0.098	-0.045	-0.054	-0.039	-0.047	0.327	0.61	"6"
"市民"	0	2	0	0	0	3	0.533	0.252	0.302	0.221	0.261	3.431	-0.245	1.639	-0.136	-0.098	-0.116	-0.301	2.535	"2"
"师出无名"	0	0	0	0	0	1	0.107	0.05	0.06	0.044	0.052	0.686	-0.049	-0.022	-0.027	-0.02	-0.023	0.164	0.305	"6"
"希望台"	0	0	0	0	0	1	0.107	0.05	0.06	0.044	0.052	0.686	-0.049	-0.022	-0.027	-0.02	-0.023	0.164	0.305	"6"
"希莫诺维奇"	1	0	0	0	0	0	0.107	0.05	0.06	0.044	0.052	0.686	0.973	-0.022	-0.027	-0.02	-0.023	-0.503	1.568	"1"
"常委会"	0	0	0	0	0	1	0.107	0.05	0.06	0.044	0.052	0.686	-0.049	-0.022	-0.027	-0.02	-0.023	0.164	0.305	"6"
"幕僚"	1	0	0	0	0	0	0.107	0.05	0.06	0.044	0.052	0.686	0.973	-0.022	-0.027	-0.02	-0.023	-0.503	1.568	"1"
"并"	5	3	0	1	1	13	2.45	1.16	1.391	1.018	1.2	15.78	1.042	0.97	-0.623	-0.137	-0.18	-0.816	3.768	"1"
"并进"	1	0	0	0	0	0	0.107	0.05	0.06	0.044	0.052	0.686	0.973	-0.022	-0.027	-0.02	-0.023	-0.503	1.568	"1"
"并非"	0	0	0	0	0	1	0.107	0.05	0.06	0.044	0.052	0.686	-0.049	-0.022	-0.027	-0.02	-0.023	0.164	0.305	"6"
"广泛"	5	0	0	1	0	2	0.852	0.403	0.484	0.354	0.417	5.489	3.235	-0.18	-0.217	0.517	-0.186	-1.843	6.178	"1"
"庄隆昌"	0	0	0	0	0	1	0.107	0.05	0.06	0.044	0.052	0.686	-0.049	-0.022	-0.027	-0.02	-0.023	0.164	0.305	"6"
"应当"	0	0	0	0	0	1	0.107	0.05	0.06	0.044	0.052	0.686	-0.049	-0.022	-0.027	-0.02	-0.023	0.164	0.305	"6"
"应该"	0	0	1	0	0	2	0.32	0.151	0.181	0.133	0.157	2.058	-0.147	-0.067	0.768	-0.059	-0.07	-0.169	1.28	"3"
"座谈"	0	0	0	0	0	2	0.213	0.101	0.121	0.089	0.104	1.372	-0.098	-0.045	-0.054	-0.039	-0.047	0.327	0.61	"6"
"座谈会"	0	2	0	0	0	0	0.213	0.101	0.121	0.089	0.104	1.372	-0.098	2.595	-0.054	-0.039	-0.047	-1.006	3.839	"2"
"建言"	1	0	0	0	0	0	0.107	0.05	0.06	0.044	0.052	0.686	0.973	-0.022	-0.027	-0.02	-0.023	-0.503	1.568	"1"
"建议"	1	1	4	0	0	22	2.983	1.412	1.694	1.24	1.461	19.211	-0.732	-0.233	1.065	-0.551	-0.652	0.753	3.986	"3"
"建设性"	1	0	0	0	0	2	0.32	0.151	0.181	0.133	0.157	2.058	0.542	-0.067	-0.081	-0.059	-0.07	-0.169	0.988	"1"
"弄错"	0	0	0	0	0	1	0.107	0.05	0.06	0.044	0.052	0.686	-0.049	-0.022	-0.027	-0.02	-0.023	0.164	0.305	"6"
"引申"	0	0	1	0	0	0	0.107	0.05	0.06	0.044	0.052	0.686	-0.049	-0.022	1.218	-0.02	-0.023	-0.503	1.835	"3"
"张俊宏"	0	0	0	0	0	1	0.107	0.05	0.06	0.044	0.052	0.686	-0.049	-0.022	-0.027	-0.02	-0.023	0.164	0.305	"6"
"张俊雄"	0	0	3	0	1	2	0.639	0.302	0.363	0.266	0.313	4.117	-0.294	-0.135	2.414	-0.118	0.561	-1.086	4.608	"3"
"张博雅"	0	0	0	0	0	1	0.107	0.05	0.06	0.044	0.052	0.686	-0.049	-0.022	-0.027	-0.02	-0.023	0.164	0.305	"6"
"强调"	0	1	1	1	2	8	1.385	0.655	0.786	0.576	0.678	8.919	-0.636	0.31	0.255	0.352	0.838	-0.411	2.802	"5"
"归纳"	0	0	0	0	0	1	0.107	0.05	0.06	0.044	0.052	0.686	-0.049	-0.022	-0.027	-0.02	-0.023	0.164	0.305	"6"
"归纳出"	0	0	0	0	0	1	0.107	0.05	0.06	0.044	0.052	0.686	-0.049	-0.022	-0.027	-0.02	-0.023	0.164	0.305	"6"
"当前"	2	0	0	0	0	4	0.639	0.302	0.363	0.266	0.313	4.117	0.895	-0.135	-0.163	-0.118	-0.14	-0.215	1.666	"1"
"当地人"	0	0	0	0	0	1	0.107	0.05	0.06	0.044	0.052	0.686	-0.049	-0.022	-0.027	-0.02	-0.023	0.164	0.305	"6"
"当面"	1	0	0	0	0	0	0.107	0.05	0.06	0.044	0.052	0.686	0.973	-0.022	-0.027	-0.02	-0.023	-0.503	1.568	"1"
"形势"	1	0	0	1	0	2	0.426	0.202	0.242	0.177	0.209	2.744	0.44	-0.09	-0.108	0.781	-0.093	-0.428	1.94	"4"
"形成"	0	0	0	0	0	1	0.107	0.05	0.06	0.044	0.052	0.686	-0.049	-0.022	-0.027	-0.02	-0.023	0.164	0.305	"6"
"彼此"	0	0	0	0	0	1	0.107	0.05	0.06	0.044	0.052	0.686	-0.049	-0.022	-0.027	-0.02	-0.023	0.164	0.305	"6"
"征"	0	0	0	0	0	1	0.107	0.05	0.06	0.044	0.052	0.686	-0.049	-0.022	-0.027	-0.02	-0.023	0.164	0.305	"6"
"征求"	0	0	0	0	0	6	0.639	0.302	0.363	0.266	0.313	4.117	-0.294	-0.135	-0.163	-0.118	-0.14	0.982	1.832	"6"
"征询"	0	0	0	0	0	9	0.959	0.454	0.544	0.399	0.47	6.175	-0.44	-0.202	-0.244	-0.177	-0.209	1.472	2.744	"6"
"征集"	0	0	0	0	0	1	0.107	0.05	0.06	0.044	0.052	0.686	-0.049	-0.022	-0.027	-0.02	-0.023	0.164	0.305	"6"
"待"	1	0	0	0	0	1	0.213	0.101	0.121	0.089	0.104	1.372	0.695	-0.045	-0.054	-0.039	-0.047	-0.276	1.156	"1"
"很多"	0	0	0	0	0	1	0.107	0.05	0.06	0.044	0.052	0.686	-0.049	-0.022	-0.027	-0.02	-0.023	0.164	0.305	"6"
"律师"	0	1	0	0	0	3	0.426	0.202	0.242	0.177	0.209	2.744	-0.196	0.728	-0.108	-0.079	-0.093	0.203	1.407	"2"
"徐旭东"	0	0	0	0	1	0	0.107	0.05	0.06	0.044	0.052	0.686	-0.049	-0.022	-0.027	-0.02	1.283	-0.503	1.904	"5"
"德美"	0	0	0	1	0	0	0.107	0.05	0.06	0.044	0.052	0.686	-0.049	-0.022	-0.027	1.354	-0.023	-0.503	1.978	"4"
"心声"	0	1	0	0	0	0	0.107	0.05	0.06	0.044	0.052	0.686	-0.049	1.297	-0.027	-0.02	-0.023	-0.503	1.919	"2"
"心得"	0	0	0	0	0	1	0.107	0.05	0.06	0.044	0.052	0.686	-0.049	-0.022	-0.027	-0.02	-0.023	0.164	0.305	"6"
"必须"	0	0	0	0	0	2	0.213	0.101	0.121	0.089	0.104	1.372	-0.098	-0.045	-0.054	-0.039	-0.047	0.327	0.61	"6"
"怀诚"	0	0	0	0	0	2	0.213	0.101	0.121	0.089	0.104	1.372	-0.098	-0.045	-0.054	-0.039	-0.047	0.327	0.61	"6"
"态度"	0	0	0	0	0	1	0.107	0.05	0.06	0.044	0.052	0.686	-0.049	-0.022	-0.027	-0.02	-0.023	0.164	0.305	"6"
"怎样"	0	0	0	0	0	1	0.107	0.05	0.06	0.044	0.052	0.686	-0.049	-0.022	-0.027	-0.02	-0.023	0.164	0.305	"6"
"总统"	0	0	2	0	0	3	0.533	0.252	0.302	0.221	0.261	3.431	-0.245	-0.112	1.49	-0.098	-0.116	-0.301	2.362	"3"
"总统表"	1	0	0	0	0	0	0.107	0.05	0.06	0.044	0.052	0.686	0.973	-0.022	-0.027	-0.02	-0.023	-0.503	1.568	"1"
"您"	0	0	1	0	0	2	0.32	0.151	0.181	0.133	0.157	2.058	-0.147	-0.067	0.768	-0.059	-0.07	-0.169	1.28	"3"
"悬案"	1	0	0	0	0	0	0.107	0.05	0.06	0.044	0.052	0.686	0.973	-0.022	-0.027	-0.02	-0.023	-0.503	1.568	"1"
"悲观"	0	0	0	0	0	2	0.213	0.101	0.121	0.089	0.104	1.372	-0.098	-0.045	-0.054	-0.039	-0.047	0.327	0.61	"6"
"情势"	2	0	0	0	0	0	0.213	0.101	0.121	0.089	0.104	1.372	1.945	-0.045	-0.054	-0.039	-0.047	-1.006	3.136	"1"
"情绪"	0	0	1	0	0	3	0.426	0.202	0.242	0.177	0.209	2.744	-0.196	-0.09	0.656	-0.079	-0.093	0.203	1.317	"3"
"惨剧"	0	0	1	0	0	0	0.107	0.05	0.06	0.044	0.052	0.686	-0.049	-0.022	1.218	-0.02	-0.023	-0.503	1.835	"3"
"想"	0	0	0	0	0	2	0.213	0.101	0.121	0.089	0.104	1.372	-0.098	-0.045	-0.054	-0.039	-0.047	0.327	0.61	"6"
"想来"	0	0	1	0	0	0	0.107	0.05	0.06	0.044	0.052	0.686	-0.049	-0.022	1.218	-0.02	-0.023	-0.503	1.835	"3"
"想法"	0	0	0	0	1	1	0.213	0.101	0.121	0.089	0.104	1.372	-0.098	-0.045	-0.054	-0.039	0.993	-0.276	1.505	"5"
"意见"	0	1	1	0	2	16	2.131	1.008	1.21	0.886	1.043	13.722	-0.978	-0.135	-0.183	-0.393	0.552	0.702	2.943	"1"
"感受"	0	0	0	0	0	1	0.107	0.05	0.06	0.044	0.052	0.686	-0.049	-0.022	-0.027	-0.02	-0.023	0.164	0.305	"6"
"感触"	0	0	0	0	0	1	0.107	0.05	0.06	0.044	0.052	0.686	-0.049	-0.022	-0.027	-0.02	-0.023	0.164	0.305	"6"
"愿"	1	0	1	0	0	5	0.746	0.353	0.423	0.31	0.365	4.803	0.263	-0.157	0.451	-0.138	-0.163	0.211	1.383	"3"
"愿意"	0	0	0	0	0	1	0.107	0.05	0.06	0.044	0.052	0.686	-0.049	-0.022	-0.027	-0.02	-0.023	0.164	0.305	"6"
"慨然"	0	0	0	0	0	1	0.107	0.05	0.06	0.044	0.052	0.686	-0.049	-0.022	-0.027	-0.02	-0.023	0.164	0.305	"6"
"成熟"	0	0	0	0	0	1	0.107	0.05	0.06	0.044	0.052	0.686	-0.049	-0.022	-0.027	-0.02	-0.023	0.164	0.305	"6"
"战"	0	0	0	0	0	2	0.213	0.101	0.121	0.089	0.104	1.372	-0.098	-0.045	-0.054	-0.039	-0.047	0.327	0.61	"6"
"扁"	0	0	0	0	0	1	0.107	0.05	0.06	0.044	0.052	0.686	-0.049	-0.022	-0.027	-0.02	-0.023	0.164	0.305	"6"
"执政党"	0	0	0	1	1	0	0.213	0.101	0.121	0.089	0.104	1.372	-0.098	-0.045	-0.054	1.062	0.993	-1.006	3.258	"4"
"扩军"	0	1	0	0	0	0	0.107	0.05	0.06	0.044	0.052	0.686	-0.049	1.297	-0.027	-0.02	-0.023	-0.503	1.919	"2"
"批评"	0	1	0	0	0	3	0.426	0.202	0.242	0.177	0.209	2.744	-0.196	0.728	-0.108	-0.079	-0.093	0.203	1.407	"2"
"找出"	0	0	0	0	0	1	0.107	0.05	0.06	0.044	0.052	0.686	-0.049	-0.022	-0.027	-0.02	-0.023	0.164	0.305	"6"
"抗疫"	0	0	0	0	0	1	0.107	0.05	0.06	0.044	0.052	0.686	-0.049	-0.022	-0.027	-0.02	-0.023	0.164	0.305	"6"
"护盘"	0	0	0	0	0	1	0.107	0.05	0.06	0.044	0.052	0.686	-0.049	-0.022	-0.027	-0.02	-0.023	0.164	0.305	"6"
"抱持"	0	0	0	0	0	2	0.213	0.101	0.121	0.089	0.104	1.372	-0.098	-0.045	-0.054	-0.039	-0.047	0.327	0.61	"6"
"拟定"	0	0	0	0	0	1	0.107	0.05	0.06	0.044	0.052	0.686	-0.049	-0.022	-0.027	-0.02	-0.023	0.164	0.305	"6"
"拟议"	0	0	0	0	0	1	0.107	0.05	0.06	0.044	0.052	0.686	-0.049	-0.022	-0.027	-0.02	-0.023	0.164	0.305	"6"
"拯救"	0	0	0	1	0	0	0.107	0.05	0.06	0.044	0.052	0.686	-0.049	-0.022	-0.027	1.354	-0.023	-0.503	1.978	"4"
"拿来"	0	0	0	0	0	1	0.107	0.05	0.06	0.044	0.052	0.686	-0.049	-0.022	-0.027	-0.02	-0.023	0.164	0.305	"6"
"持"	0	0	0	0	0	10	1.065	0.504	0.605	0.443	0.522	6.861	-0.489	-0.225	-0.271	-0.197	-0.233	1.636	3.051	"6"
"持有"	0	0	0	0	0	2	0.213	0.101	0.121	0.089	0.104	1.372	-0.098	-0.045	-0.054	-0.039	-0.047	0.327	0.61	"6"
"指"	0	0	0	0	0	1	0.107	0.05	0.06	0.044	0.052	0.686	-0.049	-0.022	-0.027	-0.02	-0.023	0.164	0.305	"6"
"指出"	0	0	3	0	0	6	0.959	0.454	0.544	0.399	0.47	6.175	-0.44	-0.202	1.85	-0.177	-0.209	-0.241	3.119	"3"
"指导"	0	0	0	0	0	4	0.426	0.202	0.242	0.177	0.209	2.744	-0.196	-0.09	-0.108	-0.079	-0.093	0.654	1.22	"6"
"指示"	0	0	0	0	0	1	0.107	0.05	0.06	0.044	0.052	0.686	-0.049	-0.022	-0.027	-0.02	-0.023	0.164	0.305	"6"
"挖苦"	0	0	1	0	0	0	0.107	0.05	0.06	0.044	0.052	0.686	-0.049	-0.022	1.218	-0.02	-0.023	-0.503	1.835	"3"
"换"	0	0	0	0	0	5	0.533	0.252	0.302	0.221	0.261	3.431	-0.245	-0.112	-0.136	-0.098	-0.116	0.818	1.525	"6"
"採行"	0	0	0	0	0	1	0.107	0.05	0.06	0.044	0.052	0.686	-0.049	-0.022	-0.027	-0.02	-0.023	0.164	0.305	"6"
"探底"	0	0	0	0	0	1	0.107	0.05	0.06	0.044	0.052	0.686	-0.049	-0.022	-0.027	-0.02	-0.023	0.164	0.305	"6"
"探讨"	0	0	1	0	0	2	0.32	0.151	0.181	0.133	0.157	2.058	-0.147	-0.067	0.768	-0.059	-0.07	-0.169	1.28	"3"
"接受法"	0	0	0	0	1	0	0.107	0.05	0.06	0.044	0.052	0.686	-0.049	-0.022	-0.027	-0.02	1.283	-0.503	1.904	"5"
"提"	0	0	0	0	1	6	0.746	0.353	0.423	0.31	0.365	4.803	-0.342	-0.157	-0.19	-0.138	0.505	0.522	1.854	"6"
"提交"	0	0	0	0	0	3	0.32	0.151	0.181	0.133	0.157	2.058	-0.147	-0.067	-0.081	-0.059	-0.07	0.491	0.915	"6"
"提供"	1	0	0	0	0	9	1.065	0.504	0.605	0.443	0.522	6.861	-0.148	-0.225	-0.271	-0.197	-0.233	0.89	1.964	"6"
"提出"	3	0	0	0	3	44	5.327	2.521	3.025	2.214	2.609	34.305	-0.686	-1.123	-1.355	-0.983	0.312	2.879	7.338	"6"
"提升"	0	0	0	0	0	1	0.107	0.05	0.06	0.044	0.052	0.686	-0.049	-0.022	-0.027	-0.02	-0.023	0.164	0.305	"6"
"提案"	0	0	0	0	1	0	0.107	0.05	0.06	0.044	0.052	0.686	-0.049	-0.022	-0.027	-0.02	1.283	-0.503	1.904	"5"
"提案国"	0	0	0	0	0	1	0.107	0.05	0.06	0.044	0.052	0.686	-0.049	-0.022	-0.027	-0.02	-0.023	0.164	0.305	"6"
"揣"	0	0	0	0	0	1	0.107	0.05	0.06	0.044	0.052	0.686	-0.049	-0.022	-0.027	-0.02	-0.023	0.164	0.305	"6"
"摆出"	0	0	0	0	0	1	0.107	0.05	0.06	0.044	0.052	0.686	-0.049	-0.022	-0.027	-0.02	-0.023	0.164	0.305	"6"
"操作性"	0	0	0	1	0	0	0.107	0.05	0.06	0.044	0.052	0.686	-0.049	-0.022	-0.027	1.354	-0.023	-0.503	1.978	"4"
"支持"	0	0	0	0	0	1	0.107	0.05	0.06	0.044	0.052	0.686	-0.049	-0.022	-0.027	-0.02	-0.023	0.164	0.305	"6"
"改变"	0	0	0	0	0	5	0.533	0.252	0.302	0.221	0.261	3.431	-0.245	-0.112	-0.136	-0.098	-0.116	0.818	1.525	"6"
"改善"	0	0	0	0	0	1	0.107	0.05	0.06	0.044	0.052	0.686	-0.049	-0.022	-0.027	-0.02	-0.023	0.164	0.305	"6"
"改进"	0	0	0	0	0	1	0.107	0.05	0.06	0.044	0.052	0.686	-0.049	-0.022	-0.027	-0.02	-0.023	0.164	0.305	"6"
"改革"	0	1	0	1	0	4	0.639	0.302	0.363	0.266	0.313	4.117	-0.294	0.574	-0.163	0.624	-0.14	-0.215	2.01	"4"
"改革派"	0	0	0	0	0	1	0.107	0.05	0.06	0.044	0.052	0.686	-0.049	-0.022	-0.027	-0.02	-0.023	0.164	0.305	"6"
"攻关组"	0	0	0	0	0	1	0.107	0.05	0.06	0.044	0.052	0.686	-0.049	-0.022	-0.027	-0.02	-0.023	0.164	0.305	"6"
"政党"	0	0	0	1	0	3	0.426	0.202	0.242	0.177	0.209	2.744	-0.196	-0.09	-0.108	0.781	-0.093	0.203	1.471	"4"
"政治"	0	0	0	0	1	3	0.426	0.202	0.242	0.177	0.209	2.744	-0.196	-0.09	-0.108	-0.079	0.715	0.203	1.391	"5"
"政经"	1	0	0	0	0	1	0.213	0.101	0.121	0.089	0.104	1.372	0.695	-0.045	-0.054	-0.039	-0.047	-0.276	1.156	"1"
"数日"	0	0	0	0	0	1	0.107	0.05	0.06	0.044	0.052	0.686	-0.049	-0.022	-0.027	-0.02	-0.023	0.164	0.305	"6"
"文"	0	0	0	0	0	2	0.213	0.101	0.121	0.089	0.104	1.372	-0.098	-0.045	-0.054	-0.039	-0.047	0.327	0.61	"6"
"新"	0	0	0	0	1	0	0.107	0.05	0.06	0.044	0.052	0.686	-0.049	-0.022	-0.027	-0.02	1.283	-0.503	1.904	"5"
"新党"	0	0	0	0	0	1	0.107	0.05	0.06	0.044	0.052	0.686	-0.049	-0.022	-0.027	-0.02	-0.023	0.164	0.305	"6"
"新闻"	0	0	0	0	0	2	0.213	0.101	0.121	0.089	0.104	1.372	-0.098	-0.045	-0.054	-0.039	-0.047	0.327	0.61	"6"
"新闻稿"	0	0	0	0	0	1	0.107	0.05	0.06	0.044	0.052	0.686	-0.049	-0.022	-0.027	-0.02	-0.023	0.164	0.305	"6"
"新颖"	0	0	0	0	0	1	0.107	0.05	0.06	0.044	0.052	0.686	-0.049	-0.022	-0.027	-0.02	-0.023	0.164	0.305	"6"
"方"	0	1	0	0	0	2	0.32	0.151	0.181	0.133	0.157	2.058	-0.147	0.842	-0.081	-0.059	-0.07	-0.169	1.368	"2"
"方方"	0	0	0	0	0	1	0.107	0.05	0.06	0.044	0.052	0.686	-0.049	-0.022	-0.027	-0.02	-0.023	0.164	0.305	"6"
"方面"	3	1	0	0	0	7	1.172	0.555	0.665	0.487	0.574	7.547	0.983	0.363	-0.298	-0.216	-0.256	-0.327	2.443	"1"
"施政"	1	0	0	0	0	1	0.213	0.101	0.121	0.089	0.104	1.372	0.695	-0.045	-0.054	-0.039	-0.047	-0.276	1.156	"1"
"施明德"	0	0	0	0	0	1	0.107	0.05	0.06	0.044	0.052	0.686	-0.049	-0.022	-0.027	-0.02	-0.023	0.164	0.305	"6"
"无可厚非"	0	0	0	0	0	1	0.107	0.05	0.06	0.044	0.052	0.686	-0.049	-0.022	-0.027	-0.02	-0.023	0.164	0.305	"6"
"日本国"	0	0	0	0	0	1	0.107	0.05	0.06	0.044	0.052	0.686	-0.049	-0.022	-0.027	-0.02	-0.023	0.164	0.305	"6"
"早报"	0	0	0	0	0	3	0.32	0.151	0.181	0.133	0.157	2.058	-0.147	-0.067	-0.081	-0.059	-0.07	0.491	0.915	"6"
"时局"	1	0	0	0	0	0	0.107	0.05	0.06	0.044	0.052	0.686	0.973	-0.022	-0.027	-0.02	-0.023	-0.503	1.568	"1"
"明年市"	0	0	0	0	0	1	0.107	0.05	0.06	0.044	0.052	0.686	-0.049	-0.022	-0.027	-0.02	-0.023	0.164	0.305	"6"
"明录"	1	0	0	0	0	0	0.107	0.05	0.06	0.044	0.052	0.686	0.973	-0.022	-0.027	-0.02	-0.023	-0.503	1.568	"1"
"易其稿"	0	0	0	0	0	1	0.107	0.05	0.06	0.044	0.052	0.686	-0.049	-0.022	-0.027	-0.02	-0.023	0.164	0.305	"6"
"普罗迪"	0	0	0	1	0	0	0.107	0.05	0.06	0.044	0.052	0.686	-0.049	-0.022	-0.027	1.354	-0.023	-0.503	1.978	"4"
"普遍"	0	0	0	0	0	1	0.107	0.05	0.06	0.044	0.052	0.686	-0.049	-0.022	-0.027	-0.02	-0.023	0.164	0.305	"6"
"景气"	0	0	0	0	0	1	0.107	0.05	0.06	0.044	0.052	0.686	-0.049	-0.022	-0.027	-0.02	-0.023	0.164	0.305	"6"
"暂缓"	0	0	0	0	0	1	0.107	0.05	0.06	0.044	0.052	0.686	-0.049	-0.022	-0.027	-0.02	-0.023	0.164	0.305	"6"
"更何况"	0	0	0	0	0	1	0.107	0.05	0.06	0.044	0.052	0.686	-0.049	-0.022	-0.027	-0.02	-0.023	0.164	0.305	"6"
"曾盛海"	0	0	0	0	0	1	0.107	0.05	0.06	0.044	0.052	0.686	-0.049	-0.022	-0.027	-0.02	-0.023	0.164	0.305	"6"
"最后"	0	0	0	0	1	0	0.107	0.05	0.06	0.044	0.052	0.686	-0.049	-0.022	-0.027	-0.02	1.283	-0.503	1.904	"5"
"最高法院"	0	0	0	1	1	0	0.213	0.101	0.121	0.089	0.104	1.372	-0.098	-0.045	-0.054	1.062	0.993	-1.006	3.258	"4"
"有"	0	0	2	0	6	28	3.835	1.815	2.178	1.594	1.878	24.7	-1.761	-0.809	-0.203	-0.708	1.993	0.804	6.278	"5"
"有关"	1	0	0	0	0	7	0.852	0.403	0.484	0.354	0.417	5.489	0.226	-0.18	-0.217	-0.157	-0.186	0.64	1.606	"6"
"有助于"	0	0	0	0	0	1	0.107	0.05	0.06	0.044	0.052	0.686	-0.049	-0.022	-0.027	-0.02	-0.023	0.164	0.305	"6"
"有待商榷"	0	0	0	0	0	1	0.107	0.05	0.06	0.044	0.052	0.686	-0.049	-0.022	-0.027	-0.02	-0.023	0.164	0.305	"6"
"有所"	0	0	0	0	0	1	0.107	0.05	0.06	0.044	0.052	0.686	-0.049	-0.022	-0.027	-0.02	-0.023	0.164	0.305	"6"
"有用"	0	0	1	0	0	0	0.107	0.05	0.06	0.044	0.052	0.686	-0.049	-0.022	1.218	-0.02	-0.023	-0.503	1.835	"3"
"朝野"	0	0	0	0	0	1	0.107	0.05	0.06	0.044	0.052	0.686	-0.049	-0.022	-0.027	-0.02	-0.023	0.164	0.305	"6"
"未来"	0	0	0	0	0	5	0.533	0.252	0.302	0.221	0.261	3.431	-0.245	-0.112	-0.136	-0.098	-0.116	0.818	1.525	"6"
"本"	0	0	0	0	0	2	0.213	0.101	0.121	0.089	0.104	1.372	-0.098	-0.045	-0.054	-0.039	-0.047	0.327	0.61	"6"
"本人"	0	0	0	0	0	1	0.107	0.05	0.06	0.044	0.052	0.686	-0.049	-0.022	-0.027	-0.02	-0.023	0.164	0.305	"6"
"本身"	0	0	0	0	0	2	0.213	0.101	0.121	0.089	0.104	1.372	-0.098	-0.045	-0.054	-0.039	-0.047	0.327	0.61	"6"
"朱邦造"	0	0	0	0	0	1	0.107	0.05	0.06	0.044	0.052	0.686	-0.049	-0.022	-0.027	-0.02	-0.023	0.164	0.305	"6"
"李南玉"	0	0	0	0	0	1	0.107	0.05	0.06	0.044	0.052	0.686	-0.049	-0.022	-0.027	-0.02	-0.023	0.164	0.305	"6"
"李大维"	1	0	0	0	0	1	0.213	0.101	0.121	0.089	0.104	1.372	0.695	-0.045	-0.054	-0.039	-0.047	-0.276	1.156	"1"
"李显龙"	0	0	0	0	0	1	0.107	0.05	0.06	0.044	0.052	0.686	-0.049	-0.022	-0.027	-0.02	-0.023	0.164	0.305	"6"
"李资政"	0	0	0	0	0	1	0.107	0.05	0.06	0.044	0.052	0.686	-0.049	-0.022	-0.027	-0.02	-0.023	0.164	0.305	"6"
"李远哲"	0	0	0	0	0	1	0.107	0.05	0.06	0.044	0.052	0.686	-0.049	-0.022	-0.027	-0.02	-0.023	0.164	0.305	"6"
"李铁"	0	0	0	0	0	1	0.107	0.05	0.06	0.044	0.052	0.686	-0.049	-0.022	-0.027	-0.02	-0.023	0.164	0.305	"6"
"李香凝"	0	0	0	0	0	1	0.107	0.05	0.06	0.044	0.052	0.686	-0.049	-0.022	-0.027	-0.02	-0.023	0.164	0.305	"6"
"李鹏"	0	1	0	1	0	0	0.213	0.101	0.121	0.089	0.104	1.372	-0.098	1.007	-0.054	1.062	-0.047	-1.006	3.274	"4"
"来"	0	0	0	0	0	5	0.533	0.252	0.302	0.221	0.261	3.431	-0.245	-0.112	-0.136	-0.098	-0.116	0.818	1.525	"6"
"杨文昌"	0	0	0	1	0	0	0.107	0.05	0.06	0.044	0.052	0.686	-0.049	-0.022	-0.027	1.354	-0.023	-0.503	1.978	"4"
"极化"	0	0	0	0	0	1	0.107	0.05	0.06	0.044	0.052	0.686	-0.049	-0.022	-0.027	-0.02	-0.023	0.164	0.305	"6"
"极尽"	0	0	1	0	0	0	0.107	0.05	0.06	0.044	0.052	0.686	-0.049	-0.022	1.218	-0.02	-0.023	-0.503	1.835	"3"
"林义夫"	1	0	0	0	0	0	0.107	0.05	0.06	0.044	0.052	0.686	0.973	-0.022	-0.027	-0.02	-0.023	-0.503	1.568	"1"
"林佩乐"	0	0	0	0	0	1	0.107	0.05	0.06	0.044	0.052	0.686	-0.049	-0.022	-0.027	-0.02	-0.023	0.164	0.305	"6"
"林子平"	0	0	0	0	0	1	0.107	0.05	0.06	0.044	0.052	0.686	-0.049	-0.022	-0.027	-0.02	-0.023	0.164	0.305	"6"
"林文兴"	0	0	1	0	0	0	0.107	0.05	0.06	0.044	0.052	0.686	-0.049	-0.022	1.218	-0.02	-0.023	-0.503	1.835	"3"
"林焕光"	0	0	0	0	0	1	0.107	0.05	0.06	0.044	0.052	0.686	-0.049	-0.022	-0.027	-0.02	-0.023	0.164	0.305	"6"
"标示"	0	0	0	0	0	2	0.213	0.101	0.121	0.089	0.104	1.372	-0.098	-0.045	-0.054	-0.039	-0.047	0.327	0.61	"6"
"树立"	0	0	0	0	0	1	0.107	0.05	0.06	0.044	0.052	0.686	-0.049	-0.022	-0.027	-0.02	-0.023	0.164	0.305	"6"
"核四"	0	0	1	0	0	3	0.426	0.202	0.242	0.177	0.209	2.744	-0.196	-0.09	0.656	-0.079	-0.093	0.203	1.317	"3"
"核四案"	0	0	0	0	0	2	0.213	0.101	0.121	0.089	0.104	1.372	-0.098	-0.045	-0.054	-0.039	-0.047	0.327	0.61	"6"
"根据"	1	1	0	0	0	1	0.32	0.151	0.181	0.133	0.157	2.058	0.542	0.842	-0.081	-0.059	-0.07	-0.631	2.225	"2"
"梳理"	0	0	0	0	0	1	0.107	0.05	0.06	0.044	0.052	0.686	-0.049	-0.022	-0.027	-0.02	-0.023	0.164	0.305	"6"
"检讨"	0	1	0	0	1	1	0.32	0.151	0.181	0.133	0.157	2.058	-0.147	0.842	-0.081	-0.059	0.828	-0.631	2.588	"2"
"棒球队"	0	0	0	0	0	1	0.107	0.05	0.06	0.044	0.052	0.686	-0.049	-0.022	-0.027	-0.02	-0.023	0.164	0.305	"6"
"森喜朗"	0	0	0	0	0	1	0.107	0.05	0.06	0.044	0.052	0.686	-0.049	-0.022	-0.027	-0.02	-0.023	0.164	0.305	"6"
"欠债人"	0	0	0	0	0	1	0.107	0.05	0.06	0.044	0.052	0.686	-0.049	-0.022	-0.027	-0.02	-0.023	0.164	0.305	"6"
"欧晋德"	0	0	0	0	0	1	0.107	0.05	0.06	0.044	0.052	0.686	-0.049	-0.022	-0.027	-0.02	-0.023	0.164	0.305	"6"
"正式"	0	0	0	0	0	1	0.107	0.05	0.06	0.044	0.052	0.686	-0.049	-0.022	-0.027	-0.02	-0.023	0.164	0.305	"6"
"正面"	0	0	0	0	0	1	0.107	0.05	0.06	0.044	0.052	0.686	-0.049	-0.022	-0.027	-0.02	-0.023	0.164	0.305	"6"
"此"	0	0	2	0	0	5	0.746	0.353	0.423	0.31	0.365	4.803	-0.342	-0.157	1.203	-0.138	-0.163	0.211	2.214	"3"
"此行"	1	0	0	0	0	0	0.107	0.05	0.06	0.044	0.052	0.686	0.973	-0.022	-0.027	-0.02	-0.023	-0.503	1.568	"1"
"歧"	0	0	0	0	0	1	0.107	0.05	0.06	0.044	0.052	0.686	-0.049	-0.022	-0.027	-0.02	-0.023	0.164	0.305	"6"
"比较"	0	0	0	0	0	1	0.107	0.05	0.06	0.044	0.052	0.686	-0.049	-0.022	-0.027	-0.02	-0.023	0.164	0.305	"6"
"民主国家"	0	0	0	0	0	1	0.107	0.05	0.06	0.044	0.052	0.686	-0.049	-0.022	-0.027	-0.02	-0.023	0.164	0.305	"6"
"民党"	0	0	0	0	1	0	0.107	0.05	0.06	0.044	0.052	0.686	-0.049	-0.022	-0.027	-0.02	1.283	-0.503	1.904	"5"
"民意"	0	0	0	0	0	2	0.213	0.101	0.121	0.089	0.104	1.372	-0.098	-0.045	-0.054	-0.039	-0.047	0.327	0.61	"6"
"民政"	0	0	0	0	0	1	0.107	0.05	0.06	0.044	0.052	0.686	-0.049	-0.022	-0.027	-0.02	-0.023	0.164	0.305	"6"
"民权"	0	0	0	0	0	1	0.107	0.05	0.06	0.044	0.052	0.686	-0.049	-0.022	-0.027	-0.02	-0.023	0.164	0.305	"6"
"民调"	0	0	0	0	0	1	0.107	0.05	0.06	0.044	0.052	0.686	-0.049	-0.022	-0.027	-0.02	-0.023	0.164	0.305	"6"
"民进党"	0	0	0	0	0	4	0.426	0.202	0.242	0.177	0.209	2.744	-0.196	-0.09	-0.108	-0.079	-0.093	0.654	1.22	"6"
"民进党团"	0	0	0	0	0	1	0.107	0.05	0.06	0.044	0.052	0.686	-0.049	-0.022	-0.027	-0.02	-0.023	0.164	0.305	"6"
"永全"	0	0	0	0	1	0	0.107	0.05	0.06	0.044	0.052	0.686	-0.049	-0.022	-0.027	-0.02	1.283	-0.503	1.904	"5"
"汇整"	0	0	0	0	0	3	0.32	0.151	0.181	0.133	0.157	2.058	-0.147	-0.067	-0.081	-0.059	-0.07	0.491	0.915	"6"
"江屯烈"	0	0	0	0	0	1	0.107	0.05	0.06	0.044	0.052	0.686	-0.049	-0.022	-0.027	-0.02	-0.023	0.164	0.305	"6"
"汾阳"	0	0	0	0	0	1	0.107	0.05	0.06	0.044	0.052	0.686	-0.049	-0.022	-0.027	-0.02	-0.023	0.164	0.305	"6"
"没"	0	0	0	0	0	2	0.213	0.101	0.121	0.089	0.104	1.372	-0.098	-0.045	-0.054	-0.039	-0.047	0.327	0.61	"6"
"没有"	0	0	0	0	0	5	0.533	0.252	0.302	0.221	0.261	3.431	-0.245	-0.112	-0.136	-0.098	-0.116	0.818	1.525	"6"
"法制局"	0	0	0	0	0	1	0.107	0.05	0.06	0.044	0.052	0.686	-0.049	-0.022	-0.027	-0.02	-0.023	0.164	0.305	"6"
"法定"	0	0	0	0	1	0	0.107	0.05	0.06	0.044	0.052	0.686	-0.049	-0.022	-0.027	-0.02	1.283	-0.503	1.904	"5"
"法律"	0	0	0	1	0	6	0.746	0.353	0.423	0.31	0.365	4.803	-0.342	-0.157	-0.19	0.566	-0.163	0.522	1.94	"4"
"波尔"	0	0	0	0	0	1	0.107	0.05	0.06	0.044	0.052	0.686	-0.049	-0.022	-0.027	-0.02	-0.023	0.164	0.305	"6"
"派"	0	0	0	0	0	1	0.107	0.05	0.06	0.044	0.052	0.686	-0.049	-0.022	-0.027	-0.02	-0.023	0.164	0.305	"6"
"流行"	0	0	0	0	0	3	0.32	0.151	0.181	0.133	0.157	2.058	-0.147	-0.067	-0.081	-0.059	-0.07	0.491	0.915	"6"
"海港局"	0	1	0	0	0	0	0.107	0.05	0.06	0.044	0.052	0.686	-0.049	1.297	-0.027	-0.02	-0.023	-0.503	1.919	"2"
"海湾战争"	0	0	0	0	0	1	0.107	0.05	0.06	0.044	0.052	0.686	-0.049	-0.022	-0.027	-0.02	-0.023	0.164	0.305	"6"
"涪陵"	0	0	0	1	0	0	0.107	0.05	0.06	0.044	0.052	0.686	-0.049	-0.022	-0.027	1.354	-0.023	-0.503	1.978	"4"
"淡淡"	0	0	0	0	0	1	0.107	0.05	0.06	0.044	0.052	0.686	-0.049	-0.022	-0.027	-0.02	-0.023	0.164	0.305	"6"
"深入"	5	0	0	1	0	0	0.639	0.302	0.363	0.266	0.313	4.117	4.125	-0.135	-0.163	0.624	-0.14	-3.019	8.206	"1"
"深港"	0	0	0	0	0	1	0.107	0.05	0.06	0.044	0.052	0.686	-0.049	-0.022	-0.027	-0.02	-0.023	0.164	0.305	"6"
"清大"	0	0	0	0	0	1	0.107	0.05	0.06	0.044	0.052	0.686	-0.049	-0.022	-0.027	-0.02	-0.023	0.164	0.305	"6"
"游钖"	0	0	0	0	0	1	0.107	0.05	0.06	0.044	0.052	0.686	-0.049	-0.022	-0.027	-0.02	-0.023	0.164	0.305	"6"
"满洲国"	0	0	0	0	0	1	0.107	0.05	0.06	0.044	0.052	0.686	-0.049	-0.022	-0.027	-0.02	-0.023	0.164	0.305	"6"
"演变"	0	0	0	0	0	1	0.107	0.05	0.06	0.044	0.052	0.686	-0.049	-0.022	-0.027	-0.02	-0.023	0.164	0.305	"6"
"澳门特"	0	0	0	0	0	1	0.107	0.05	0.06	0.044	0.052	0.686	-0.049	-0.022	-0.027	-0.02	-0.023	0.164	0.305	"6"
"点儿"	0	0	0	0	0	1	0.107	0.05	0.06	0.044	0.052	0.686	-0.049	-0.022	-0.027	-0.02	-0.023	0.164	0.305	"6"
"点名"	0	0	0	0	0	1	0.107	0.05	0.06	0.044	0.052	0.686	-0.049	-0.022	-0.027	-0.02	-0.023	0.164	0.305	"6"
"热点"	0	0	0	1	0	0	0.107	0.05	0.06	0.044	0.052	0.686	-0.049	-0.022	-0.027	1.354	-0.023	-0.503	1.978	"4"
"然"	0	0	0	0	0	1	0.107	0.05	0.06	0.044	0.052	0.686	-0.049	-0.022	-0.027	-0.02	-0.023	0.164	0.305	"6"
"牌照费"	0	0	0	0	0	1	0.107	0.05	0.06	0.044	0.052	0.686	-0.049	-0.022	-0.027	-0.02	-0.023	0.164	0.305	"6"
"牙科"	0	0	0	0	0	1	0.107	0.05	0.06	0.044	0.052	0.686	-0.049	-0.022	-0.027	-0.02	-0.023	0.164	0.305	"6"
"牢固"	0	0	0	0	0	1	0.107	0.05	0.06	0.044	0.052	0.686	-0.049	-0.022	-0.027	-0.02	-0.023	0.164	0.305	"6"
"独特"	0	0	0	0	0	1	0.107	0.05	0.06	0.044	0.052	0.686	-0.049	-0.022	-0.027	-0.02	-0.023	0.164	0.305	"6"
"献策"	0	0	0	0	0	1	0.107	0.05	0.06	0.044	0.052	0.686	-0.049	-0.022	-0.027	-0.02	-0.023	0.164	0.305	"6"
"献计"	0	0	0	0	0	1	0.107	0.05	0.06	0.044	0.052	0.686	-0.049	-0.022	-0.027	-0.02	-0.023	0.164	0.305	"6"
"王维澄"	0	0	0	0	0	1	0.107	0.05	0.06	0.044	0.052	0.686	-0.049	-0.022	-0.027	-0.02	-0.023	0.164	0.305	"6"
"王金平"	1	0	0	0	0	1	0.213	0.101	0.121	0.089	0.104	1.372	0.695	-0.045	-0.054	-0.039	-0.047	-0.276	1.156	"1"
"现阶段"	0	0	0	0	0	2	0.213	0.101	0.121	0.089	0.104	1.372	-0.098	-0.045	-0.054	-0.039	-0.047	0.327	0.61	"6"
"理由"	0	0	0	0	0	1	0.107	0.05	0.06	0.044	0.052	0.686	-0.049	-0.022	-0.027	-0.02	-0.023	0.164	0.305	"6"
"瓦希"	0	0	0	0	1	0	0.107	0.05	0.06	0.044	0.052	0.686	-0.049	-0.022	-0.027	-0.02	1.283	-0.503	1.904	"5"
"生动物"	0	0	0	0	0	1	0.107	0.05	0.06	0.044	0.052	0.686	-0.049	-0.022	-0.027	-0.02	-0.023	0.164	0.305	"6"
"田聪明"	0	0	0	1	0	0	0.107	0.05	0.06	0.044	0.052	0.686	-0.049	-0.022	-0.027	1.354	-0.023	-0.503	1.978	"4"
"申诉"	0	0	0	0	0	1	0.107	0.05	0.06	0.044	0.052	0.686	-0.049	-0.022	-0.027	-0.02	-0.023	0.164	0.305	"6"
"电铁"	0	0	0	0	0	1	0.107	0.05	0.06	0.044	0.052	0.686	-0.049	-0.022	-0.027	-0.02	-0.023	0.164	0.305	"6"
"白血球"	0	0	0	0	0	1	0.107	0.05	0.06	0.044	0.052	0.686	-0.049	-0.022	-0.027	-0.02	-0.023	0.164	0.305	"6"
"盟"	0	0	0	0	0	1	0.107	0.05	0.06	0.044	0.052	0.686	-0.049	-0.022	-0.027	-0.02	-0.023	0.164	0.305	"6"
"目的"	0	0	0	0	0	1	0.107	0.05	0.06	0.044	0.052	0.686	-0.049	-0.022	-0.027	-0.02	-0.023	0.164	0.305	"6"
"直率"	0	0	0	0	1	0	0.107	0.05	0.06	0.044	0.052	0.686	-0.049	-0.022	-0.027	-0.02	1.283	-0.503	1.904	"5"
"直言"	0	0	0	0	1	0	0.107	0.05	0.06	0.044	0.052	0.686	-0.049	-0.022	-0.027	-0.02	1.283	-0.503	1.904	"5"
"相互"	1	0	0	0	0	0	0.107	0.05	0.06	0.044	0.052	0.686	0.973	-0.022	-0.027	-0.02	-0.023	-0.503	1.568	"1"
"相交"	0	0	0	0	0	1	0.107	0.05	0.06	0.044	0.052	0.686	-0.049	-0.022	-0.027	-0.02	-0.023	0.164	0.305	"6"
"相似"	0	0	0	0	0	1	0.107	0.05	0.06	0.044	0.052	0.686	-0.049	-0.022	-0.027	-0.02	-0.023	0.164	0.305	"6"
"相信"	0	0	0	0	0	1	0.107	0.05	0.06	0.044	0.052	0.686	-0.049	-0.022	-0.027	-0.02	-0.023	0.164	0.305	"6"
"相关"	0	0	0	0	0	5	0.533	0.252	0.302	0.221	0.261	3.431	-0.245	-0.112	-0.136	-0.098	-0.116	0.818	1.525	"6"
"相反"	0	1	0	0	0	0	0.107	0.05	0.06	0.044	0.052	0.686	-0.049	1.297	-0.027	-0.02	-0.023	-0.503	1.919	"2"
"相同"	0	0	0	0	0	3	0.32	0.151	0.181	0.133	0.157	2.058	-0.147	-0.067	-0.081	-0.059	-0.07	0.491	0.915	"6"
"相对论"	0	0	0	0	0	1	0.107	0.05	0.06	0.044	0.052	0.686	-0.049	-0.022	-0.027	-0.02	-0.023	0.164	0.305	"6"
"相左"	0	0	0	0	0	2	0.213	0.101	0.121	0.089	0.104	1.372	-0.098	-0.045	-0.054	-0.039	-0.047	0.327	0.61	"6"
"相当"	0	0	1	0	0	2	0.32	0.151	0.181	0.133	0.157	2.058	-0.147	-0.067	0.768	-0.059	-0.07	-0.169	1.28	"3"
"相近"	0	0	0	0	0	1	0.107	0.05	0.06	0.044	0.052	0.686	-0.049	-0.022	-0.027	-0.02	-0.023	0.164	0.305	"6"
"省府"	0	0	0	0	1	0	0.107	0.05	0.06	0.044	0.052	0.686	-0.049	-0.022	-0.027	-0.02	1.283	-0.503	1.904	"5"
"看"	0	0	0	0	0	4	0.426	0.202	0.242	0.177	0.209	2.744	-0.196	-0.09	-0.108	-0.079	-0.093	0.654	1.22	"6"
"看法"	1	1	2	0	0	4	0.852	0.403	0.484	0.354	0.417	5.489	0.226	0.47	1.095	-0.157	-0.186	-0.657	2.791	"3"
"知识"	0	0	0	0	0	1	0.107	0.05	0.06	0.044	0.052	0.686	-0.049	-0.022	-0.027	-0.02	-0.023	0.164	0.305	"6"
"研商"	1	1	0	0	0	1	0.32	0.151	0.181	0.133	0.157	2.058	0.542	0.842	-0.081	-0.059	-0.07	-0.631	2.225	"2"
"研拟"	0	0	0	0	0	1	0.107	0.05	0.06	0.044	0.052	0.686	-0.049	-0.022	-0.027	-0.02	-0.023	0.164	0.305	"6"
"确"	0	0	0	0	0	1	0.107	0.05	0.06	0.044	0.052	0.686	-0.049	-0.022	-0.027	-0.02	-0.023	0.164	0.305	"6"
"社"	0	0	0	0	0	1	0.107	0.05	0.06	0.044	0.052	0.686	-0.049	-0.022	-0.027	-0.02	-0.023	0.164	0.305	"6"
"票选"	0	0	0	1	0	0	0.107	0.05	0.06	0.044	0.052	0.686	-0.049	-0.022	-0.027	1.354	-0.023	-0.503	1.978	"4"
"种"	0	0	0	0	0	9	0.959	0.454	0.544	0.399	0.47	6.175	-0.44	-0.202	-0.244	-0.177	-0.209	1.472	2.744	"6"
"科学"	0	0	0	0	0	1	0.107	0.05	0.06	0.044	0.052	0.686	-0.049	-0.022	-0.027	-0.02	-0.023	0.164	0.305	"6"
"科学性"	0	0	0	0	0	1	0.107	0.05	0.06	0.044	0.052	0.686	-0.049	-0.022	-0.027	-0.02	-0.023	0.164	0.305	"6"
"科学界"	0	0	0	0	0	1	0.107	0.05	0.06	0.044	0.052	0.686	-0.049	-0.022	-0.027	-0.02	-0.023	0.164	0.305	"6"
"程序"	0	0	0	0	0	1	0.107	0.05	0.06	0.044	0.052	0.686	-0.049	-0.022	-0.027	-0.02	-0.023	0.164	0.305	"6"
"税费"	0	0	0	0	0	2	0.213	0.101	0.121	0.089	0.104	1.372	-0.098	-0.045	-0.054	-0.039	-0.047	0.327	0.61	"6"
"究"	0	0	0	0	0	1	0.107	0.05	0.06	0.044	0.052	0.686	-0.049	-0.022	-0.027	-0.02	-0.023	0.164	0.305	"6"
"空难"	0	0	0	0	0	1	0.107	0.05	0.06	0.044	0.052	0.686	-0.049	-0.022	-0.027	-0.02	-0.023	0.164	0.305	"6"
"立"	0	0	0	0	0	1	0.107	0.05	0.06	0.044	0.052	0.686	-0.049	-0.022	-0.027	-0.02	-0.023	0.164	0.305	"6"
"立场"	0	0	2	0	0	4	0.639	0.302	0.363	0.266	0.313	4.117	-0.294	-0.135	1.331	-0.118	-0.14	-0.215	2.233	"3"
"立委"	0	3	0	0	1	3	0.746	0.353	0.423	0.31	0.365	4.803	-0.342	2.415	-0.19	-0.138	0.505	-0.839	4.429	"2"
"立法"	0	0	0	1	0	5	0.639	0.302	0.363	0.266	0.313	4.117	-0.294	-0.135	-0.163	0.624	-0.14	0.408	1.764	"4"
"立法委员"	1	0	0	0	1	0	0.213	0.101	0.121	0.089	0.104	1.372	0.695	-0.045	-0.054	-0.039	0.993	-1.006	2.832	"6"
"立法院"	1	0	0	0	1	6	0.852	0.403	0.484	0.354	0.417	5.489	0.226	-0.18	-0.217	-0.157	0.458	0.287	1.525	"5"
"立法院长"	1	0	0	0	0	0	0.107	0.05	0.06	0.044	0.052	0.686	0.973	-0.022	-0.027	-0.02	-0.023	-0.503	1.568	"1"
"立院"	0	0	0	0	0	2	0.213	0.101	0.121	0.089	0.104	1.372	-0.098	-0.045	-0.054	-0.039	-0.047	0.327	0.61	"6"
"章孝严"	0	0	1	0	0	0	0.107	0.05	0.06	0.044	0.052	0.686	-0.049	-0.022	1.218	-0.02	-0.023	-0.503	1.835	"3"
"笔者"	0	0	0	0	0	2	0.213	0.101	0.121	0.089	0.104	1.372	-0.098	-0.045	-0.054	-0.039	-0.047	0.327	0.61	"6"
"第二十五"	0	0	0	0	0	1	0.107	0.05	0.06	0.044	0.052	0.686	-0.049	-0.022	-0.027	-0.02	-0.023	0.164	0.305	"6"
"答"	0	0	1	0	0	1	0.213	0.101	0.121	0.089	0.104	1.372	-0.098	-0.045	0.931	-0.039	-0.047	-0.276	1.436	"3"
"签名"	0	0	1	0	0	0	0.107	0.05	0.06	0.044	0.052	0.686	-0.049	-0.022	1.218	-0.02	-0.023	-0.503	1.835	"3"
"简短"	0	0	1	0	0	0	0.107	0.05	0.06	0.044	0.052	0.686	-0.049	-0.022	1.218	-0.02	-0.023	-0.503	1.835	"3"
"简称"	0	0	0	0	0	1	0.107	0.05	0.06	0.044	0.052	0.686	-0.049	-0.022	-0.027	-0.02	-0.023	0.164	0.305	"6"
"管理学"	0	0	0	0	0	1	0.107	0.05	0.06	0.044	0.052	0.686	-0.049	-0.022	-0.027	-0.02	-0.023	0.164	0.305	"6"
"精辟"	0	0	0	0	0	1	0.107	0.05	0.06	0.044	0.052	0.686	-0.049	-0.022	-0.027	-0.02	-0.023	0.164	0.305	"6"
"约会"	0	0	0	0	0	1	0.107	0.05	0.06	0.044	0.052	0.686	-0.049	-0.022	-0.027	-0.02	-0.023	0.164	0.305	"6"
"纳"	0	0	0	0	0	1	0.107	0.05	0.06	0.044	0.052	0.686	-0.049	-0.022	-0.027	-0.02	-0.023	0.164	0.305	"6"
"组织成"	0	0	0	0	0	1	0.107	0.05	0.06	0.044	0.052	0.686	-0.049	-0.022	-0.027	-0.02	-0.023	0.164	0.305	"6"
"组阁"	0	0	0	0	0	1	0.107	0.05	0.06	0.044	0.052	0.686	-0.049	-0.022	-0.027	-0.02	-0.023	0.164	0.305	"6"
"细帐"	0	0	0	0	0	1	0.107	0.05	0.06	0.044	0.052	0.686	-0.049	-0.022	-0.027	-0.02	-0.023	0.164	0.305	"6"
"细看"	0	0	0	0	0	1	0.107	0.05	0.06	0.044	0.052	0.686	-0.049	-0.022	-0.027	-0.02	-0.023	0.164	0.305	"6"
"经济局"	0	0	0	0	0	1	0.107	0.05	0.06	0.044	0.052	0.686	-0.049	-0.022	-0.027	-0.02	-0.023	0.164	0.305	"6"
"经济部"	0	0	0	0	0	1	0.107	0.05	0.06	0.044	0.052	0.686	-0.049	-0.022	-0.027	-0.02	-0.023	0.164	0.305	"6"
"经营"	0	0	0	0	0	1	0.107	0.05	0.06	0.044	0.052	0.686	-0.049	-0.022	-0.027	-0.02	-0.023	0.164	0.305	"6"
"结盟"	0	0	0	0	0	1	0.107	0.05	0.06	0.044	0.052	0.686	-0.049	-0.022	-0.027	-0.02	-0.023	0.164	0.305	"6"
"统一"	0	0	0	0	0	2	0.213	0.101	0.121	0.089	0.104	1.372	-0.098	-0.045	-0.054	-0.039	-0.047	0.327	0.61	"6"
"续办"	0	1	0	0	0	0	0.107	0.05	0.06	0.044	0.052	0.686	-0.049	1.297	-0.027	-0.02	-0.023	-0.503	1.919	"2"
"编制"	1	0	0	0	0	1	0.213	0.101	0.121	0.089	0.104	1.372	0.695	-0.045	-0.054	-0.039	-0.047	-0.276	1.156	"1"
"网友"	0	0	0	0	0	1	0.107	0.05	0.06	0.044	0.052	0.686	-0.049	-0.022	-0.027	-0.02	-0.023	0.164	0.305	"6"
"网民"	0	0	2	0	0	0	0.213	0.101	0.121	0.089	0.104	1.372	-0.098	-0.045	2.436	-0.039	-0.047	-1.006	3.671	"3"
"罗夫特"	0	0	0	0	0	1	0.107	0.05	0.06	0.044	0.052	0.686	-0.049	-0.022	-0.027	-0.02	-0.023	0.164	0.305	"6"
"罢免"	0	0	0	0	0	1	0.107	0.05	0.06	0.044	0.052	0.686	-0.049	-0.022	-0.027	-0.02	-0.023	0.164	0.305	"6"
"罢免案"	0	0	0	0	0	2	0.213	0.101	0.121	0.089	0.104	1.372	-0.098	-0.045	-0.054	-0.039	-0.047	0.327	0.61	"6"
"美方"	2	0	1	0	0	0	0.32	0.151	0.181	0.133	0.157	2.058	1.5	-0.067	0.768	-0.059	-0.07	-1.51	3.974	"6"
"群众"	0	2	0	0	0	4	0.639	0.302	0.363	0.266	0.313	4.117	-0.294	1.478	-0.163	-0.118	-0.14	-0.215	2.408	"2"
"老鲁"	0	0	0	0	0	1	0.107	0.05	0.06	0.044	0.052	0.686	-0.049	-0.022	-0.027	-0.02	-0.023	0.164	0.305	"6"
"者"	0	0	0	0	0	2	0.213	0.101	0.121	0.089	0.104	1.372	-0.098	-0.045	-0.054	-0.039	-0.047	0.327	0.61	"6"
"而言"	0	0	0	0	0	1	0.107	0.05	0.06	0.044	0.052	0.686	-0.049	-0.022	-0.027	-0.02	-0.023	0.164	0.305	"6"
"聆听"	0	0	0	0	1	0	0.107	0.05	0.06	0.044	0.052	0.686	-0.049	-0.022	-0.027	-0.02	1.283	-0.503	1.904	"5"
"联准"	0	0	0	0	0	1	0.107	0.05	0.06	0.044	0.052	0.686	-0.049	-0.022	-0.027	-0.02	-0.023	0.164	0.305	"6"
"联社"	0	0	0	0	0	1	0.107	0.05	0.06	0.044	0.052	0.686	-0.049	-0.022	-0.027	-0.02	-0.023	0.164	0.305	"6"
"肯定"	0	0	0	0	0	1	0.107	0.05	0.06	0.044	0.052	0.686	-0.049	-0.022	-0.027	-0.02	-0.023	0.164	0.305	"6"
"育儿"	0	0	0	0	0	1	0.107	0.05	0.06	0.044	0.052	0.686	-0.049	-0.022	-0.027	-0.02	-0.023	0.164	0.305	"6"
"胡志强"	0	0	0	0	0	1	0.107	0.05	0.06	0.044	0.052	0.686	-0.049	-0.022	-0.027	-0.02	-0.023	0.164	0.305	"6"
"胡锦涛"	1	0	0	1	0	0	0.213	0.101	0.121	0.089	0.104	1.372	0.695	-0.045	-0.054	1.062	-0.047	-1.006	2.909	"4"
"自己"	0	0	2	0	1	6	0.959	0.454	0.544	0.399	0.47	6.175	-0.44	-0.202	1.003	-0.177	0.417	-0.241	2.48	"3"
"自有"	0	0	0	0	1	0	0.107	0.05	0.06	0.044	0.052	0.686	-0.049	-0.022	-0.027	-0.02	1.283	-0.503	1.904	"5"
"自由"	1	0	1	0	0	0	0.213	0.101	0.121	0.089	0.104	1.372	0.695	-0.045	0.931	-0.039	-0.047	-1.006	2.763	"6"
"自觉性"	0	0	0	0	0	1	0.107	0.05	0.06	0.044	0.052	0.686	-0.049	-0.022	-0.027	-0.02	-0.023	0.164	0.305	"6"
"至于"	1	0	0	0	0	2	0.32	0.151	0.181	0.133	0.157	2.058	0.542	-0.067	-0.081	-0.059	-0.07	-0.169	0.988	"1"
"舞台"	0	0	0	0	0	1	0.107	0.05	0.06	0.044	0.052	0.686	-0.049	-0.022	-0.027	-0.02	-0.023	0.164	0.305	"6"
"艺术"	0	0	0	0	0	1	0.107	0.05	0.06	0.044	0.052	0.686	-0.049	-0.022	-0.027	-0.02	-0.023	0.164	0.305	"6"
"苟同"	0	0	0	0	0	1	0.107	0.05	0.06	0.044	0.052	0.686	-0.049	-0.022	-0.027	-0.02	-0.023	0.164	0.305	"6"
"若干"	0	0	0	0	0	1	0.107	0.05	0.06	0.044	0.052	0.686	-0.049	-0.022	-0.027	-0.02	-0.023	0.164	0.305	"6"
"草案"	1	0	0	1	0	5	0.746	0.353	0.423	0.31	0.365	4.803	0.263	-0.157	-0.19	0.566	-0.163	0.211	1.55	"4"
"莫乃倩"	0	0	0	0	1	0	0.107	0.05	0.06	0.044	0.052	0.686	-0.049	-0.022	-0.027	-0.02	1.283	-0.503	1.904	"5"
"获致"	0	0	0	0	0	1	0.107	0.05	0.06	0.044	0.052	0.686	-0.049	-0.022	-0.027	-0.02	-0.023	0.164	0.305	"6"
"萧万长"	0	0	0	0	0	2	0.213	0.101	0.121	0.089	0.104	1.372	-0.098	-0.045	-0.054	-0.039	-0.047	0.327	0.61	"6"
"萨马兰奇"	0	0	0	0	0	1	0.107	0.05	0.06	0.044	0.052	0.686	-0.049	-0.022	-0.027	-0.02	-0.023	0.164	0.305	"6"
"董建华"	1	0	0	0	0	1	0.213	0.101	0.121	0.089	0.104	1.372	0.695	-0.045	-0.054	-0.039	-0.047	-0.276	1.156	"1"
"董陈"	0	0	0	0	1	0	0.107	0.05	0.06	0.044	0.052	0.686	-0.049	-0.022	-0.027	-0.02	1.283	-0.503	1.904	"5"
"蒂文斯"	0	0	0	0	0	1	0.107	0.05	0.06	0.044	0.052	0.686	-0.049	-0.022	-0.027	-0.02	-0.023	0.164	0.305	"6"
"蔡明华"	0	0	1	0	0	0	0.107	0.05	0.06	0.044	0.052	0.686	-0.049	-0.022	1.218	-0.02	-0.023	-0.503	1.835	"3"
"蔡英文"	0	0	0	0	0	1	0.107	0.05	0.06	0.044	0.052	0.686	-0.049	-0.022	-0.027	-0.02	-0.023	0.164	0.305	"6"
"藏学家"	0	0	0	0	0	2	0.213	0.101	0.121	0.089	0.104	1.372	-0.098	-0.045	-0.054	-0.039	-0.047	0.327	0.61	"6"
"虚心"	0	1	0	0	0	0	0.107	0.05	0.06	0.044	0.052	0.686	-0.049	1.297	-0.027	-0.02	-0.023	-0.503	1.919	"2"
"蛇头"	0	0	1	0	0	0	0.107	0.05	0.06	0.044	0.052	0.686	-0.049	-0.022	1.218	-0.02	-0.023	-0.503	1.835	"3"
"行政院"	0	0	0	0	1	10	1.172	0.555	0.665	0.487	0.574	7.547	-0.538	-0.247	-0.298	-0.216	0.351	1.019	2.669	"6"
"行星"	0	0	0	0	0	1	0.107	0.05	0.06	0.044	0.052	0.686	-0.049	-0.022	-0.027	-0.02	-0.023	0.164	0.305	"6"
"衡量"	0	0	0	0	0	1	0.107	0.05	0.06	0.044	0.052	0.686	-0.049	-0.022	-0.027	-0.02	-0.023	0.164	0.305	"6"
"表"	1	0	0	0	0	3	0.426	0.202	0.242	0.177	0.209	2.744	0.44	-0.09	-0.108	-0.079	-0.093	0.203	1.013	"1"
"表明"	0	0	0	0	0	1	0.107	0.05	0.06	0.044	0.052	0.686	-0.049	-0.022	-0.027	-0.02	-0.023	0.164	0.305	"6"
"表示"	1	1	3	1	3	23	3.409	1.613	1.936	1.417	1.669	21.955	-0.883	-0.288	0.515	-0.235	0.634	0.369	2.924	"1"
"表达"	1	0	0	0	0	14	1.598	0.756	0.907	0.664	0.783	10.292	-0.288	-0.337	-0.407	-0.295	-0.349	1.559	3.235	"6"
"西部大开发"	1	0	0	0	0	0	0.107	0.05	0.06	0.044	0.052	0.686	0.973	-0.022	-0.027	-0.02	-0.023	-0.503	1.568	"1"
"西门町"	0	0	0	0	0	1	0.107	0.05	0.06	0.044	0.052	0.686	-0.049	-0.022	-0.027	-0.02	-0.023	0.164	0.305	"6"
"要求"	0	0	1	0	0	2	0.32	0.151	0.181	0.133	0.157	2.058	-0.147	-0.067	0.768	-0.059	-0.07	-0.169	1.28	"3"
"见面"	0	0	0	0	0	1	0.107	0.05	0.06	0.044	0.052	0.686	-0.049	-0.022	-0.027	-0.02	-0.023	0.164	0.305	"6"
"观"	0	0	0	0	0	1	0.107	0.05	0.06	0.044	0.052	0.686	-0.049	-0.022	-0.027	-0.02	-0.023	0.164	0.305	"6"
"观察家"	0	0	0	1	0	0	0.107	0.05	0.06	0.044	0.052	0.686	-0.049	-0.022	-0.027	1.354	-0.023	-0.503	1.978	"4"
"观点"	0	0	0	0	0	3	0.32	0.151	0.181	0.133	0.157	2.058	-0.147	-0.067	-0.081	-0.059	-0.07	0.491	0.915	"6"
"规画"	0	0	0	0	0	1	0.107	0.05	0.06	0.044	0.052	0.686	-0.049	-0.022	-0.027	-0.02	-0.023	0.164	0.305	"6"
"解套"	0	0	0	0	0	1	0.107	0.05	0.06	0.044	0.052	0.686	-0.049	-0.022	-0.027	-0.02	-0.023	0.164	0.305	"6"
"言论"	0	0	0	0	0	1	0.107	0.05	0.06	0.044	0.052	0.686	-0.049	-0.022	-0.027	-0.02	-0.023	0.164	0.305	"6"
"认"	0	0	0	0	0	1	0.107	0.05	0.06	0.044	0.052	0.686	-0.049	-0.022	-0.027	-0.02	-0.023	0.164	0.305	"6"
"认为"	1	0	4	2	4	30	4.368	2.067	2.48	1.815	2.139	28.13	-1.236	-0.921	0.63	0.262	0.785	0.483	4.317	"1"
"认真"	1	2	0	0	0	2	0.533	0.252	0.302	0.221	0.261	3.431	0.366	1.639	-0.136	-0.098	-0.116	-0.74	3.095	"2"
"讨"	0	0	0	0	0	1	0.107	0.05	0.06	0.044	0.052	0.686	-0.049	-0.022	-0.027	-0.02	-0.023	0.164	0.305	"6"
"讨论"	1	1	1	1	0	3	0.746	0.353	0.423	0.31	0.365	4.803	0.263	0.517	0.451	0.566	-0.163	-0.839	2.799	"6"
"议员"	1	0	1	0	3	4	0.959	0.454	0.544	0.399	0.47	6.175	0.196	-0.202	0.367	-0.177	2.027	-0.933	3.902	"5"
"议政"	0	1	0	0	0	0	0.107	0.05	0.06	0.044	0.052	0.686	-0.049	1.297	-0.027	-0.02	-0.023	-0.503	1.919	"2"
"议题"	2	0	0	0	0	3	0.533	0.252	0.302	0.221	0.261	3.431	1.04	-0.112	-0.136	-0.098	-0.116	-0.301	1.803	"1"
"许多"	0	0	0	0	0	1	0.107	0.05	0.06	0.044	0.052	0.686	-0.049	-0.022	-0.027	-0.02	-0.023	0.164	0.305	"6"
"许添财"	0	0	0	0	0	4	0.426	0.202	0.242	0.177	0.209	2.744	-0.196	-0.09	-0.108	-0.079	-0.093	0.654	1.22	"6"
"论证"	0	0	0	0	0	1	0.107	0.05	0.06	0.044	0.052	0.686	-0.049	-0.022	-0.027	-0.02	-0.023	0.164	0.305	"6"
"访宾"	1	0	0	0	0	0	0.107	0.05	0.06	0.044	0.052	0.686	0.973	-0.022	-0.027	-0.02	-0.023	-0.503	1.568	"1"
"评"	0	0	0	0	0	1	0.107	0.05	0.06	0.044	0.052	0.686	-0.049	-0.022	-0.027	-0.02	-0.023	0.164	0.305	"6"
"评价"	1	0	0	0	0	0	0.107	0.05	0.06	0.044	0.052	0.686	0.973	-0.022	-0.027	-0.02	-0.023	-0.503	1.568	"1"
"评估"	0	0	0	0	0	1	0.107	0.05	0.06	0.044	0.052	0.686	-0.049	-0.022	-0.027	-0.02	-0.023	0.164	0.305	"6"
"试点"	0	0	0	0	0	1	0.107	0.05	0.06	0.044	0.052	0.686	-0.049	-0.022	-0.027	-0.02	-0.023	0.164	0.305	"6"
"询"	0	0	1	0	0	2	0.32	0.151	0.181	0.133	0.157	2.058	-0.147	-0.067	0.768	-0.059	-0.07	-0.169	1.28	"3"
"询问"	0	0	0	0	0	2	0.213	0.101	0.121	0.089	0.104	1.372	-0.098	-0.045	-0.054	-0.039	-0.047	0.327	0.61	"6"
"语调"	0	0	1	0	0	0	0.107	0.05	0.06	0.044	0.052	0.686	-0.049	-0.022	1.218	-0.02	-0.023	-0.503	1.835	"3"
"说明"	0	0	0	0	1	2	0.32	0.151	0.181	0.133	0.157	2.058	-0.147	-0.067	-0.081	-0.059	0.828	-0.169	1.351	"5"
"说法"	0	0	0	0	0	1	0.107	0.05	0.06	0.044	0.052	0.686	-0.049	-0.022	-0.027	-0.02	-0.023	0.164	0.305	"6"
"请教"	0	0	0	0	0	2	0.213	0.101	0.121	0.089	0.104	1.372	-0.098	-0.045	-0.054	-0.039	-0.047	0.327	0.61	"6"
"请辞"	0	0	0	0	0	1	0.107	0.05	0.06	0.044	0.052	0.686	-0.049	-0.022	-0.027	-0.02	-0.023	0.164	0.305	"6"
"诸公"	0	0	0	0	0	1	0.107	0.05	0.06	0.044	0.052	0.686	-0.049	-0.022	-0.027	-0.02	-0.023	0.164	0.305	"6"
"读者"	0	0	0	0	0	6	0.639	0.302	0.363	0.266	0.313	4.117	-0.294	-0.135	-0.163	-0.118	-0.14	0.982	1.832	"6"
"课题"	2	0	0	0	0	1	0.32	0.151	0.181	0.133	0.157	2.058	1.5	-0.067	-0.081	-0.059	-0.07	-0.631	2.408	"1"
"调薪案"	0	0	0	0	0	1	0.107	0.05	0.06	0.044	0.052	0.686	-0.049	-0.022	-0.027	-0.02	-0.023	0.164	0.305	"6"
"谈"	0	0	0	0	0	2	0.213	0.101	0.121	0.089	0.104	1.372	-0.098	-0.045	-0.054	-0.039	-0.047	0.327	0.61	"6"
"谋"	0	0	0	0	0	1	0.107	0.05	0.06	0.044	0.052	0.686	-0.049	-0.022	-0.027	-0.02	-0.023	0.164	0.305	"6"
"谘"	0	0	0	0	0	1	0.107	0.05	0.06	0.044	0.052	0.686	-0.049	-0.022	-0.027	-0.02	-0.023	0.164	0.305	"6"
"谘询"	0	0	0	0	0	3	0.32	0.151	0.181	0.133	0.157	2.058	-0.147	-0.067	-0.081	-0.059	-0.07	0.491	0.915	"6"
"谨记"	0	0	0	0	0	1	0.107	0.05	0.06	0.044	0.052	0.686	-0.049	-0.022	-0.027	-0.02	-0.023	0.164	0.305	"6"
"负面"	0	0	1	0	0	1	0.213	0.101	0.121	0.089	0.104	1.372	-0.098	-0.045	0.931	-0.039	-0.047	-0.276	1.436	"3"
"财政局"	0	0	0	0	0	1	0.107	0.05	0.06	0.044	0.052	0.686	-0.049	-0.022	-0.027	-0.02	-0.023	0.164	0.305	"6"
"贺国强"	0	1	0	0	0	0	0.107	0.05	0.06	0.044	0.052	0.686	-0.049	1.297	-0.027	-0.02	-0.023	-0.503	1.919	"2"
"贾庆林"	0	0	0	0	0	1	0.107	0.05	0.06	0.044	0.052	0.686	-0.049	-0.022	-0.027	-0.02	-0.023	0.164	0.305	"6"
"资政"	0	0	0	0	0	1	0.107	0.05	0.06	0.044	0.052	0.686	-0.049	-0.022	-0.027	-0.02	-0.023	0.164	0.305	"6"
"赋予"	0	0	0	0	0	1	0.107	0.05	0.06	0.044	0.052	0.686	-0.049	-0.022	-0.027	-0.02	-0.023	0.164	0.305	"6"
"赖士葆"	0	0	0	0	0	1	0.107	0.05	0.06	0.044	0.052	0.686	-0.049	-0.022	-0.027	-0.02	-0.023	0.164	0.305	"6"
"赞成"	0	0	0	0	0	1	0.107	0.05	0.06	0.044	0.052	0.686	-0.049	-0.022	-0.027	-0.02	-0.023	0.164	0.305	"6"
"走出来"	0	0	0	0	0	1	0.107	0.05	0.06	0.044	0.052	0.686	-0.049	-0.022	-0.027	-0.02	-0.023	0.164	0.305	"6"
"走势"	0	0	0	0	0	2	0.213	0.101	0.121	0.089	0.104	1.372	-0.098	-0.045	-0.054	-0.039	-0.047	0.327	0.61	"6"
"趋于"	0	0	0	0	0	1	0.107	0.05	0.06	0.044	0.052	0.686	-0.049	-0.022	-0.027	-0.02	-0.023	0.164	0.305	"6"
"足球员"	0	0	0	0	0	1	0.107	0.05	0.06	0.044	0.052	0.686	-0.049	-0.022	-0.027	-0.02	-0.023	0.164	0.305	"6"
"跑进来"	0	0	0	0	0	1	0.107	0.05	0.06	0.044	0.052	0.686	-0.049	-0.022	-0.027	-0.02	-0.023	0.164	0.305	"6"
"跨党派小组"	0	0	1	0	1	0	0.213	0.101	0.121	0.089	0.104	1.372	-0.098	-0.045	0.931	-0.039	0.993	-1.006	3.112	"6"
"路沙卡"	1	0	0	0	0	0	0.107	0.05	0.06	0.044	0.052	0.686	0.973	-0.022	-0.027	-0.02	-0.023	-0.503	1.568	"1"
"路线"	0	0	0	0	0	1	0.107	0.05	0.06	0.044	0.052	0.686	-0.049	-0.022	-0.027	-0.02	-0.023	0.164	0.305	"6"
"转述"	1	0	0	0	0	1	0.213	0.101	0.121	0.089	0.104	1.372	0.695	-0.045	-0.054	-0.039	-0.047	-0.276	1.156	"1"
"轮替"	0	0	0	0	0	1	0.107	0.05	0.06	0.044	0.052	0.686	-0.049	-0.022	-0.027	-0.02	-0.023	0.164	0.305	"6"
"轻重缓急"	0	0	0	0	0	1	0.107	0.05	0.06	0.044	0.052	0.686	-0.049	-0.022	-0.027	-0.02	-0.023	0.164	0.305	"6"
"较为"	0	0	0	0	0	3	0.32	0.151	0.181	0.133	0.157	2.058	-0.147	-0.067	-0.081	-0.059	-0.07	0.491	0.915	"6"
"达成"	4	0	0	1	0	3	0.852	0.403	0.484	0.354	0.417	5.489	2.199	-0.18	-0.217	0.517	-0.186	-1.158	4.457	"1"
"达福地区"	0	0	0	0	0	1	0.107	0.05	0.06	0.044	0.052	0.686	-0.049	-0.022	-0.027	-0.02	-0.023	0.164	0.305	"6"
"这"	0	0	0	0	0	4	0.426	0.202	0.242	0.177	0.209	2.744	-0.196	-0.09	-0.108	-0.079	-0.093	0.654	1.22	"6"
"这样"	0	0	0	0	0	1	0.107	0.05	0.06	0.044	0.052	0.686	-0.049	-0.022	-0.027	-0.02	-0.023	0.164	0.305	"6"
"进一步"	0	1	0	1	0	4	0.639	0.302	0.363	0.266	0.313	4.117	-0.294	0.574	-0.163	0.624	-0.14	-0.215	2.01	"4"
"连战"	1	0	0	0	0	0	0.107	0.05	0.06	0.044	0.052	0.686	0.973	-0.022	-0.027	-0.02	-0.023	-0.503	1.568	"1"
"适切"	0	0	0	0	0	1	0.107	0.05	0.06	0.044	0.052	0.686	-0.049	-0.022	-0.027	-0.02	-0.023	0.164	0.305	"6"
"适时"	1	0	0	0	0	0	0.107	0.05	0.06	0.044	0.052	0.686	0.973	-0.022	-0.027	-0.02	-0.023	-0.503	1.568	"1"
"选战"	0	0	0	0	0	1	0.107	0.05	0.06	0.044	0.052	0.686	-0.049	-0.022	-0.027	-0.02	-0.023	0.164	0.305	"6"
"透视"	0	0	0	0	0	1	0.107	0.05	0.06	0.044	0.052	0.686	-0.049	-0.022	-0.027	-0.02	-0.023	0.164	0.305	"6"
"道理"	0	0	0	0	0	1	0.107	0.05	0.06	0.044	0.052	0.686	-0.049	-0.022	-0.027	-0.02	-0.023	0.164	0.305	"6"
"郭氏"	0	0	0	0	0	2	0.213	0.101	0.121	0.089	0.104	1.372	-0.098	-0.045	-0.054	-0.039	-0.047	0.327	0.61	"6"
"释"	0	0	0	0	0	1	0.107	0.05	0.06	0.044	0.052	0.686	-0.049	-0.022	-0.027	-0.02	-0.023	0.164	0.305	"6"
"释宪"	0	0	1	0	0	2	0.32	0.151	0.181	0.133	0.157	2.058	-0.147	-0.067	0.768	-0.059	-0.07	-0.169	1.28	"3"
"重视"	1	0	0	0	0	3	0.426	0.202	0.242	0.177	0.209	2.744	0.44	-0.09	-0.108	-0.079	-0.093	0.203	1.013	"1"
"野"	0	0	0	0	0	2	0.213	0.101	0.121	0.089	0.104	1.372	-0.098	-0.045	-0.054	-0.039	-0.047	0.327	0.61	"6"
"金文明"	0	0	0	0	0	1	0.107	0.05	0.06	0.044	0.052	0.686	-0.049	-0.022	-0.027	-0.02	-0.023	0.164	0.305	"6"
"金枝君"	0	0	0	0	0	1	0.107	0.05	0.06	0.044	0.052	0.686	-0.049	-0.022	-0.027	-0.02	-0.023	0.164	0.305	"6"
"金正日"	1	0	0	0	0	0	0.107	0.05	0.06	0.044	0.052	0.686	0.973	-0.022	-0.027	-0.02	-0.023	-0.503	1.568	"1"
"金正男"	0	0	0	0	0	3	0.32	0.151	0.181	0.133	0.157	2.058	-0.147	-0.067	-0.081	-0.059	-0.07	0.491	0.915	"6"
"金融危机"	0	0	0	0	0	1	0.107	0.05	0.06	0.044	0.052	0.686	-0.049	-0.022	-0.027	-0.02	-0.023	0.164	0.305	"6"
"鉴于"	0	0	0	0	0	1	0.107	0.05	0.06	0.044	0.052	0.686	-0.049	-0.022	-0.027	-0.02	-0.023	0.164	0.305	"6"
"针对"	0	0	0	0	0	5	0.533	0.252	0.302	0.221	0.261	3.431	-0.245	-0.112	-0.136	-0.098	-0.116	0.818	1.525	"6"
"钟荣吉"	0	1	0	0	0	0	0.107	0.05	0.06	0.044	0.052	0.686	-0.049	1.297	-0.027	-0.02	-0.023	-0.503	1.919	"2"
"铨叙部"	0	2	0	0	0	0	0.213	0.101	0.121	0.089	0.104	1.372	-0.098	2.595	-0.054	-0.039	-0.047	-1.006	3.839	"2"
"错"	0	0	1	0	0	0	0.107	0.05	0.06	0.044	0.052	0.686	-0.049	-0.022	1.218	-0.02	-0.023	-0.503	1.835	"3"
"错误"	0	0	0	0	0	1	0.107	0.05	0.06	0.044	0.052	0.686	-0.049	-0.022	-0.027	-0.02	-0.023	0.164	0.305	"6"
"长远"	0	0	0	0	0	1	0.107	0.05	0.06	0.044	0.052	0.686	-0.049	-0.022	-0.027	-0.02	-0.023	0.164	0.305	"6"
"闪烁"	0	0	0	0	0	1	0.107	0.05	0.06	0.044	0.052	0.686	-0.049	-0.022	-0.027	-0.02	-0.023	0.164	0.305	"6"
"问"	2	0	0	1	0	4	0.746	0.353	0.423	0.31	0.365	4.803	0.78	-0.157	-0.19	0.566	-0.163	-0.415	2.271	"1"
"问卷"	0	0	0	0	0	1	0.107	0.05	0.06	0.044	0.052	0.686	-0.049	-0.022	-0.027	-0.02	-0.023	0.164	0.305	"6"
"问及"	0	0	0	0	0	2	0.213	0.101	0.121	0.089	0.104	1.372	-0.098	-0.045	-0.054	-0.039	-0.047	0.327	0.61	"6"
"问题"	18	2	0	9	2	37	7.244	3.428	4.114	3.011	3.548	46.655	3.688	-0.485	-1.843	2.519	-0.516	-2.009	11.06	"1"
"阁揆"	0	0	0	0	0	1	0.107	0.05	0.06	0.044	0.052	0.686	-0.049	-0.022	-0.027	-0.02	-0.023	0.164	0.305	"6"
"阐明"	0	0	1	0	0	0	0.107	0.05	0.06	0.044	0.052	0.686	-0.049	-0.022	1.218	-0.02	-0.023	-0.503	1.835	"3"
"阐述"	0	0	0	0	0	2	0.213	0.101	0.121	0.089	0.104	1.372	-0.098	-0.045	-0.054	-0.039	-0.047	0.327	0.61	"6"
"防炎"	0	0	0	0	0	1	0.107	0.05	0.06	0.044	0.052	0.686	-0.049	-0.022	-0.027	-0.02	-0.023	0.164	0.305	"6"
"阿拉法特"	0	0	0	0	0	1	0.107	0.05	0.06	0.044	0.052	0.686	-0.049	-0.022	-0.027	-0.02	-0.023	0.164	0.305	"6"
"阿盟"	1	1	0	0	0	0	0.213	0.101	0.121	0.089	0.104	1.372	0.695	1.007	-0.054	-0.039	-0.047	-1.006	2.848	"2"
"阿米蒂奇"	0	0	2	0	0	0	0.213	0.101	0.121	0.089	0.104	1.372	-0.098	-0.045	2.436	-0.039	-0.047	-1.006	3.671	"3"
"陆委会"	1	0	0	0	0	1	0.213	0.101	0.121	0.089	0.104	1.372	0.695	-0.045	-0.054	-0.039	-0.047	-0.276	1.156	"1"
"陆家海"	0	0	0	0	0	1	0.107	0.05	0.06	0.044	0.052	0.686	-0.049	-0.022	-0.027	-0.02	-0.023	0.164	0.305	"6"
"陈"	0	0	1	0	0	1	0.213	0.101	0.121	0.089	0.104	1.372	-0.098	-0.045	0.931	-0.039	-0.047	-0.276	1.436	"3"
"陈大元"	0	0	0	0	0	1	0.107	0.05	0.06	0.044	0.052	0.686	-0.049	-0.022	-0.027	-0.02	-0.023	0.164	0.305	"6"
"陈师孟"	0	0	0	0	0	1	0.107	0.05	0.06	0.044	0.052	0.686	-0.049	-0.022	-0.027	-0.02	-0.023	0.164	0.305	"6"
"陈文生"	0	0	0	0	0	1	0.107	0.05	0.06	0.044	0.052	0.686	-0.049	-0.022	-0.027	-0.02	-0.023	0.164	0.305	"6"
"陈方安生"	0	0	0	0	0	1	0.107	0.05	0.06	0.044	0.052	0.686	-0.049	-0.022	-0.027	-0.02	-0.023	0.164	0.305	"6"
"陈杰儒"	0	0	0	0	0	1	0.107	0.05	0.06	0.044	0.052	0.686	-0.049	-0.022	-0.027	-0.02	-0.023	0.164	0.305	"6"
"陈毓钧"	0	0	0	0	0	1	0.107	0.05	0.06	0.044	0.052	0.686	-0.049	-0.022	-0.027	-0.02	-0.023	0.164	0.305	"6"
"陈水在"	0	0	0	0	0	1	0.107	0.05	0.06	0.044	0.052	0.686	-0.049	-0.022	-0.027	-0.02	-0.023	0.164	0.305	"6"
"陈清友"	0	0	0	0	0	1	0.107	0.05	0.06	0.044	0.052	0.686	-0.049	-0.022	-0.027	-0.02	-0.023	0.164	0.305	"6"
"陈瑞隆"	0	0	0	0	0	1	0.107	0.05	0.06	0.044	0.052	0.686	-0.049	-0.022	-0.027	-0.02	-0.023	0.164	0.305	"6"
"陈癸淼"	0	0	0	0	0	1	0.107	0.05	0.06	0.044	0.052	0.686	-0.049	-0.022	-0.027	-0.02	-0.023	0.164	0.305	"6"
"陈述"	0	0	0	0	0	3	0.32	0.151	0.181	0.133	0.157	2.058	-0.147	-0.067	-0.081	-0.059	-0.07	0.491	0.915	"6"
"院长"	0	0	0	0	0	1	0.107	0.05	0.06	0.044	0.052	0.686	-0.049	-0.022	-0.027	-0.02	-0.023	0.164	0.305	"6"
"难免"	0	0	0	0	0	1	0.107	0.05	0.06	0.044	0.052	0.686	-0.049	-0.022	-0.027	-0.02	-0.023	0.164	0.305	"6"
"集合"	0	0	0	0	0	1	0.107	0.05	0.06	0.044	0.052	0.686	-0.049	-0.022	-0.027	-0.02	-0.023	0.164	0.305	"6"
"集思广益"	0	0	0	0	0	1	0.107	0.05	0.06	0.044	0.052	0.686	-0.049	-0.022	-0.027	-0.02	-0.023	0.164	0.305	"6"
"雷女士"	1	0	0	0	0	0	0.107	0.05	0.06	0.044	0.052	0.686	0.973	-0.022	-0.027	-0.02	-0.023	-0.503	1.568	"1"
"霍华德"	0	0	0	0	0	1	0.107	0.05	0.06	0.044	0.052	0.686	-0.049	-0.022	-0.027	-0.02	-0.023	0.164	0.305	"6"
"霍金斯"	0	0	0	0	0	1	0.107	0.05	0.06	0.044	0.052	0.686	-0.049	-0.022	-0.027	-0.02	-0.023	0.164	0.305	"6"
"面对面"	1	0	0	0	0	0	0.107	0.05	0.06	0.044	0.052	0.686	0.973	-0.022	-0.027	-0.02	-0.023	-0.503	1.568	"1"
"颁授"	0	0	0	0	0	1	0.107	0.05	0.06	0.044	0.052	0.686	-0.049	-0.022	-0.027	-0.02	-0.023	0.164	0.305	"6"
"预期"	0	0	0	0	0	1	0.107	0.05	0.06	0.044	0.052	0.686	-0.049	-0.022	-0.027	-0.02	-0.023	0.164	0.305	"6"
"预算"	0	0	0	0	0	1	0.107	0.05	0.06	0.044	0.052	0.686	-0.049	-0.022	-0.027	-0.02	-0.023	0.164	0.305	"6"
"领袖"	4	0	1	0	1	3	0.959	0.454	0.544	0.399	0.47	6.175	1.982	-0.202	0.367	-0.177	0.417	-1.5	4.645	"1"
"颇"	0	0	0	0	0	3	0.32	0.151	0.181	0.133	0.157	2.058	-0.147	-0.067	-0.081	-0.059	-0.07	0.491	0.915	"6"
"题"	2	0	0	1	0	0	0.32	0.151	0.181	0.133	0.157	2.058	1.5	-0.067	-0.081	0.896	-0.07	-1.51	4.124	"6"
"颜庆章"	0	0	0	0	0	1	0.107	0.05	0.06	0.044	0.052	0.686	-0.049	-0.022	-0.027	-0.02	-0.023	0.164	0.305	"6"
"馈"	0	0	0	0	0	1	0.107	0.05	0.06	0.044	0.052	0.686	-0.049	-0.022	-0.027	-0.02	-0.023	0.164	0.305	"6"
"马主"	0	0	0	0	0	1	0.107	0.05	0.06	0.044	0.052	0.686	-0.049	-0.022	-0.027	-0.02	-0.023	0.164	0.305	"6"
"马原"	0	0	0	0	0	1	0.107	0.05	0.06	0.044	0.052	0.686	-0.049	-0.022	-0.027	-0.02	-0.023	0.164	0.305	"6"
"马英九"	0	1	0	0	0	1	0.213	0.101	0.121	0.089	0.104	1.372	-0.098	1.007	-0.054	-0.039	-0.047	-0.276	1.521	"2"
"高凌"	0	0	0	0	1	0	0.107	0.05	0.06	0.044	0.052	0.686	-0.049	-0.022	-0.027	-0.02	1.283	-0.503	1.904	"5"
"高层"	0	0	0	0	0	2	0.213	0.101	0.121	0.089	0.104	1.372	-0.098	-0.045	-0.054	-0.039	-0.047	0.327	0.61	"6"
"高超"	0	0	0	0	0	1	0.107	0.05	0.06	0.044	0.052	0.686	-0.049	-0.022	-0.027	-0.02	-0.023	0.164	0.305	"6"
"黄义交"	0	0	0	0	1	0	0.107	0.05	0.06	0.044	0.052	0.686	-0.049	-0.022	-0.027	-0.02	1.283	-0.503	1.904	"5"
"黄根成"	0	0	0	0	0	2	0.213	0.101	0.121	0.089	0.104	1.372	-0.098	-0.045	-0.054	-0.039	-0.047	0.327	0.61	"6"
