"Coll_Word"	"1"	"2"	"3"	"exp_1"	"exp_2"	"exp_3"	"pbin_1"	"pbin_2"	"pbin_3"	"SumAbsDev"	"LargestDev"
"，"	24	7	0	9.8	8.15	13.05	6.68	-0.39	-7.356	14.426	"3"
";"	5	0	0	1.581	1.314	2.105	2.501	-0.662	-1.186	4.349	"1"
"（"	1	4	0	1.581	1.314	2.105	-0.305	1.724	-1.186	3.215	"2"
"）"	0	2	0	0.632	0.526	0.842	-0.33	1.16	-0.475	1.965	"2"
"02－03"	0	1	0	0.316	0.263	0.421	-0.165	0.58	-0.237	0.982	"2"
"1.2"	0	1	0	0.316	0.263	0.421	-0.165	0.58	-0.237	0.982	"2"
"1.8％"	0	0	1	0.316	0.263	0.421	-0.165	-0.132	0.376	0.673	"3"
"1%"	0	1	0	0.316	0.263	0.421	-0.165	0.58	-0.237	0.982	"2"
"1％"	0	1	1	0.632	0.526	0.842	-0.33	0.34	0.177	0.847	"2"
"10％"	0	0	1	0.316	0.263	0.421	-0.165	-0.132	0.376	0.673	"3"
"1000"	0	1	0	0.316	0.263	0.421	-0.165	0.58	-0.237	0.982	"2"
"10278"	0	0	1	0.316	0.263	0.421	-0.165	-0.132	0.376	0.673	"3"
"10万"	0	1	0	0.316	0.263	0.421	-0.165	0.58	-0.237	0.982	"2"
"1260万"	1	0	0	0.316	0.263	0.421	0.5	-0.132	-0.237	0.869	"1"
"13％"	0	0	1	0.316	0.263	0.421	-0.165	-0.132	0.376	0.673	"3"
"1500"	0	0	1	0.316	0.263	0.421	-0.165	-0.132	0.376	0.673	"3"
"185万"	0	1	0	0.316	0.263	0.421	-0.165	0.58	-0.237	0.982	"2"
"1995年"	0	0	1	0.316	0.263	0.421	-0.165	-0.132	0.376	0.673	"3"
"2.4"	0	1	0	0.316	0.263	0.421	-0.165	0.58	-0.237	0.982	"2"
"200"	1	0	0	0.316	0.263	0.421	0.5	-0.132	-0.237	0.869	"1"
"2003"	0	0	2	0.632	0.526	0.842	-0.33	-0.265	0.752	1.347	"3"
"2004年度"	0	0	2	0.632	0.526	0.842	-0.33	-0.265	0.752	1.347	"3"
"232.66"	0	1	0	0.316	0.263	0.421	-0.165	0.58	-0.237	0.982	"2"
"30％"	0	0	1	0.316	0.263	0.421	-0.165	-0.132	0.376	0.673	"3"
"300"	0	1	0	0.316	0.263	0.421	-0.165	0.58	-0.237	0.982	"2"
"360"	0	1	0	0.316	0.263	0.421	-0.165	0.58	-0.237	0.982	"2"
"37.348"	0	1	0	0.316	0.263	0.421	-0.165	0.58	-0.237	0.982	"2"
"39"	1	0	0	0.316	0.263	0.421	0.5	-0.132	-0.237	0.869	"1"
"3万"	1	0	1	0.632	0.526	0.842	0.274	-0.265	0.177	0.716	"1"
"4.9"	0	0	1	0.316	0.263	0.421	-0.165	-0.132	0.376	0.673	"3"
"4050"	0	1	0	0.316	0.263	0.421	-0.165	0.58	-0.237	0.982	"2"
"40万"	0	1	0	0.316	0.263	0.421	-0.165	0.58	-0.237	0.982	"2"
"40亿"	0	1	0	0.316	0.263	0.421	-0.165	0.58	-0.237	0.982	"2"
"5000"	0	2	0	0.632	0.526	0.842	-0.33	1.16	-0.475	1.965	"2"
"6000"	0	1	0	0.316	0.263	0.421	-0.165	0.58	-0.237	0.982	"2"
"64％"	0	0	1	0.316	0.263	0.421	-0.165	-0.132	0.376	0.673	"3"
"7％"	0	0	1	0.316	0.263	0.421	-0.165	-0.132	0.376	0.673	"3"
"7000多万"	0	0	1	0.316	0.263	0.421	-0.165	-0.132	0.376	0.673	"3"
"76万余"	0	1	0	0.316	0.263	0.421	-0.165	0.58	-0.237	0.982	"2"
"8.68"	0	0	1	0.316	0.263	0.421	-0.165	-0.132	0.376	0.673	"3"
"801"	0	1	0	0.316	0.263	0.421	-0.165	0.58	-0.237	0.982	"2"
"891110"	1	0	0	0.316	0.263	0.421	0.5	-0.132	-0.237	0.869	"1"
"891127"	0	1	0	0.316	0.263	0.421	-0.165	0.58	-0.237	0.982	"2"
"891128"	2	0	0	0.632	0.526	0.842	1	-0.265	-0.475	1.74	"1"
"9000万"	0	0	1	0.316	0.263	0.421	-0.165	-0.132	0.376	0.673	"3"
"900万"	0	1	0	0.316	0.263	0.421	-0.165	0.58	-0.237	0.982	"2"
"一"	0	0	1	0.316	0.263	0.421	-0.165	-0.132	0.376	0.673	"3"
"一下子"	0	1	0	0.316	0.263	0.421	-0.165	0.58	-0.237	0.982	"2"
"一亿"	0	2	0	0.632	0.526	0.842	-0.33	1.16	-0.475	1.965	"2"
"一千五百"	0	1	0	0.316	0.263	0.421	-0.165	0.58	-0.237	0.982	"2"
"一半"	0	1	0	0.316	0.263	0.421	-0.165	0.58	-0.237	0.982	"2"
"一口"	1	0	0	0.316	0.263	0.421	0.5	-0.132	-0.237	0.869	"1"
"一定"	1	0	0	0.316	0.263	0.421	0.5	-0.132	-0.237	0.869	"1"
"一律"	1	0	1	0.632	0.526	0.842	0.274	-0.265	0.177	0.716	"1"
"一旦"	0	0	1	0.316	0.263	0.421	-0.165	-0.132	0.376	0.673	"3"
"一样"	1	1	1	0.948	0.789	1.263	0.167	0.222	-0.209	0.598	"2"
"一百四十二"	0	1	0	0.316	0.263	0.421	-0.165	0.58	-0.237	0.982	"2"
"一箭之仇"	1	0	0	0.316	0.263	0.421	0.5	-0.132	-0.237	0.869	"1"
"一级"	0	0	1	0.316	0.263	0.421	-0.165	-0.132	0.376	0.673	"3"
"一般"	0	1	3	1.265	1.052	1.684	-0.66	-0.145	0.69	1.495	"3"
"一览表"	0	0	4	1.265	1.052	1.684	-0.66	-0.53	1.503	2.693	"3"
"七八成"	1	0	0	0.316	0.263	0.421	0.5	-0.132	-0.237	0.869	"1"
"七百万"	1	0	0	0.316	0.263	0.421	0.5	-0.132	-0.237	0.869	"1"
"万"	0	2	1	0.948	0.789	1.263	-0.495	0.767	-0.209	1.471	"2"
"三万五千"	1	0	0	0.316	0.263	0.421	0.5	-0.132	-0.237	0.869	"1"
"三分之一"	0	0	1	0.316	0.263	0.421	-0.165	-0.132	0.376	0.673	"3"
"三十八"	0	1	0	0.316	0.263	0.421	-0.165	0.58	-0.237	0.982	"2"
"三四"	0	0	2	0.632	0.526	0.842	-0.33	-0.265	0.752	1.347	"3"
"三点五"	0	0	1	0.316	0.263	0.421	-0.165	-0.132	0.376	0.673	"3"
"上"	0	1	0	0.316	0.263	0.421	-0.165	0.58	-0.237	0.982	"2"
"上升"	1	4	1	1.897	1.577	2.526	-0.413	1.349	-0.694	2.456	"2"
"上线"	0	0	1	0.316	0.263	0.421	-0.165	-0.132	0.376	0.673	"3"
"上访"	0	0	2	0.632	0.526	0.842	-0.33	-0.265	0.752	1.347	"3"
"下"	0	0	1	0.316	0.263	0.421	-0.165	-0.132	0.376	0.673	"3"
"下级"	2	0	0	0.632	0.526	0.842	1	-0.265	-0.475	1.74	"1"
"下落"	0	1	0	0.316	0.263	0.421	-0.165	0.58	-0.237	0.982	"2"
"下降"	0	1	2	0.948	0.789	1.263	-0.495	0.222	0.417	1.134	"1"
"不"	10	2	2	4.426	3.681	5.894	2.586	-0.61	-1.549	4.745	"1"
"不仅"	0	1	0	0.316	0.263	0.421	-0.165	0.58	-0.237	0.982	"2"
"不会"	2	0	0	0.632	0.526	0.842	1	-0.265	-0.475	1.74	"1"
"不公"	1	0	0	0.316	0.263	0.421	0.5	-0.132	-0.237	0.869	"1"
"不再"	0	0	1	0.316	0.263	0.421	-0.165	-0.132	0.376	0.673	"3"
"不变"	0	0	1	0.316	0.263	0.421	-0.165	-0.132	0.376	0.673	"3"
"不得"	1	0	2	0.948	0.789	1.263	0.167	-0.397	0.417	0.981	"3"
"不成"	1	0	0	0.316	0.263	0.421	0.5	-0.132	-0.237	0.869	"1"
"不等"	0	1	0	0.316	0.263	0.421	-0.165	0.58	-0.237	0.982	"2"
"不肯"	1	0	0	0.316	0.263	0.421	0.5	-0.132	-0.237	0.869	"1"
"不能"	0	0	1	0.316	0.263	0.421	-0.165	-0.132	0.376	0.673	"3"
"不行"	1	0	0	0.316	0.263	0.421	0.5	-0.132	-0.237	0.869	"1"
"不足"	0	0	2	0.632	0.526	0.842	-0.33	-0.265	0.752	1.347	"3"
"不错"	1	0	1	0.632	0.526	0.842	0.274	-0.265	0.177	0.716	"1"
"与此同时"	1	0	0	0.316	0.263	0.421	0.5	-0.132	-0.237	0.869	"1"
"丑闻"	1	0	0	0.316	0.263	0.421	0.5	-0.132	-0.237	0.869	"1"
"丑闻案"	0	1	0	0.316	0.263	0.421	-0.165	0.58	-0.237	0.982	"2"
"专户"	0	0	1	0.316	0.263	0.421	-0.165	-0.132	0.376	0.673	"3"
"且"	2	0	0	0.632	0.526	0.842	1	-0.265	-0.475	1.74	"1"
"业余"	2	0	0	0.632	0.526	0.842	1	-0.265	-0.475	1.74	"1"
"业绩"	0	0	1	0.316	0.263	0.421	-0.165	-0.132	0.376	0.673	"3"
"两万六千"	0	1	0	0.316	0.263	0.421	-0.165	0.58	-0.237	0.982	"2"
"两岸"	1	0	0	0.316	0.263	0.421	0.5	-0.132	-0.237	0.869	"1"
"两极化"	1	0	0	0.316	0.263	0.421	0.5	-0.132	-0.237	0.869	"1"
"严峻"	1	0	1	0.632	0.526	0.842	0.274	-0.265	0.177	0.716	"1"
"中介"	0	2	0	0.632	0.526	0.842	-0.33	1.16	-0.475	1.965	"2"
"中小学"	0	0	1	0.316	0.263	0.421	-0.165	-0.132	0.376	0.673	"3"
"中小学生"	0	0	1	0.316	0.263	0.421	-0.165	-0.132	0.376	0.673	"3"
"中层"	0	1	0	0.316	0.263	0.421	-0.165	0.58	-0.237	0.982	"2"
"中药"	1	0	0	0.316	0.263	0.421	0.5	-0.132	-0.237	0.869	"1"
"中高阶"	1	0	0	0.316	0.263	0.421	0.5	-0.132	-0.237	0.869	"1"
"丰厚"	1	0	0	0.316	0.263	0.421	0.5	-0.132	-0.237	0.869	"1"
"丰富"	1	0	0	0.316	0.263	0.421	0.5	-0.132	-0.237	0.869	"1"
"为主"	0	0	1	0.316	0.263	0.421	-0.165	-0.132	0.376	0.673	"3"
"主管"	2	0	0	0.632	0.526	0.842	1	-0.265	-0.475	1.74	"1"
"举足轻重"	0	0	1	0.316	0.263	0.421	-0.165	-0.132	0.376	0.673	"3"
"久"	1	0	0	0.316	0.263	0.421	0.5	-0.132	-0.237	0.869	"1"
"之前"	0	2	0	0.632	0.526	0.842	-0.33	1.16	-0.475	1.965	"2"
"之外"	0	1	0	0.316	0.263	0.421	-0.165	0.58	-0.237	0.982	"2"
"乎"	0	1	0	0.316	0.263	0.421	-0.165	0.58	-0.237	0.982	"2"
"九十"	1	0	0	0.316	0.263	0.421	0.5	-0.132	-0.237	0.869	"1"
"乡镇"	0	0	1	0.316	0.263	0.421	-0.165	-0.132	0.376	0.673	"3"
"乡镇企业"	0	0	1	0.316	0.263	0.421	-0.165	-0.132	0.376	0.673	"3"
"乡镇市"	0	0	1	0.316	0.263	0.421	-0.165	-0.132	0.376	0.673	"3"
"买屋"	0	1	0	0.316	0.263	0.421	-0.165	0.58	-0.237	0.982	"2"
"了"	0	1	0	0.316	0.263	0.421	-0.165	0.58	-0.237	0.982	"2"
"予以"	1	0	0	0.316	0.263	0.421	0.5	-0.132	-0.237	0.869	"1"
"争取"	2	0	0	0.632	0.526	0.842	1	-0.265	-0.475	1.74	"1"
"争议"	0	0	4	1.265	1.052	1.684	-0.66	-0.53	1.503	2.693	"3"
"事"	0	1	0	0.316	0.263	0.421	-0.165	0.58	-0.237	0.982	"2"
"事业"	0	1	2	0.948	0.789	1.263	-0.495	0.222	0.417	1.134	"1"
"事情"	1	0	0	0.316	0.263	0.421	0.5	-0.132	-0.237	0.869	"1"
"事项"	0	0	1	0.316	0.263	0.421	-0.165	-0.132	0.376	0.673	"3"
"二十万"	0	1	0	0.316	0.263	0.421	-0.165	0.58	-0.237	0.982	"2"
"二十五"	0	1	0	0.316	0.263	0.421	-0.165	0.58	-0.237	0.982	"2"
"二十五亿"	0	2	0	0.632	0.526	0.842	-0.33	1.16	-0.475	1.965	"2"
"二成"	1	0	0	0.316	0.263	0.421	0.5	-0.132	-0.237	0.869	"1"
"二月"	0	0	2	0.632	0.526	0.842	-0.33	-0.265	0.752	1.347	"3"
"二月份"	0	0	1	0.316	0.263	0.421	-0.165	-0.132	0.376	0.673	"3"
"二等"	0	0	1	0.316	0.263	0.421	-0.165	-0.132	0.376	0.673	"3"
"亏损"	0	0	1	0.316	0.263	0.421	-0.165	-0.132	0.376	0.673	"3"
"五千九百万"	0	1	0	0.316	0.263	0.421	-0.165	0.58	-0.237	0.982	"2"
"五日"	0	0	1	0.316	0.263	0.421	-0.165	-0.132	0.376	0.673	"3"
"五百一十"	0	1	0	0.316	0.263	0.421	-0.165	0.58	-0.237	0.982	"2"
"交易"	0	5	0	1.581	1.314	2.105	-0.825	2.901	-1.186	4.912	"2"
"交易员"	0	1	0	0.316	0.263	0.421	-0.165	0.58	-0.237	0.982	"2"
"交易所"	2	0	0	0.632	0.526	0.842	1	-0.265	-0.475	1.74	"1"
"交运"	0	1	0	0.316	0.263	0.421	-0.165	0.58	-0.237	0.982	"2"
"产业"	0	1	0	0.316	0.263	0.421	-0.165	0.58	-0.237	0.982	"2"
"享受"	8	0	3	3.477	2.892	4.631	2.211	-1.457	-0.604	4.272	"1"
"享受到"	1	0	0	0.316	0.263	0.421	0.5	-0.132	-0.237	0.869	"1"
"享有"	3	0	1	1.265	1.052	1.684	1.016	-0.53	-0.357	1.903	"1"
"享用"	1	0	0	0.316	0.263	0.421	0.5	-0.132	-0.237	0.869	"1"
"亲自"	0	1	0	0.316	0.263	0.421	-0.165	0.58	-0.237	0.982	"2"
"人们"	0	0	1	0.316	0.263	0.421	-0.165	-0.132	0.376	0.673	"3"
"人员"	7	3	5	4.742	3.943	6.314	0.786	-0.381	-0.468	1.635	"1"
"人士"	0	1	0	0.316	0.263	0.421	-0.165	0.58	-0.237	0.982	"2"
"人才"	2	1	2	1.581	1.314	2.105	0.297	-0.218	-0.19	0.705	"1"
"人权"	1	0	0	0.316	0.263	0.421	0.5	-0.132	-0.237	0.869	"1"
"人民币"	0	1	0	0.316	0.263	0.421	-0.165	0.58	-0.237	0.982	"2"
"人道"	1	0	0	0.316	0.263	0.421	0.5	-0.132	-0.237	0.869	"1"
"亿"	0	5	0	1.581	1.314	2.105	-0.825	2.901	-1.186	4.912	"2"
"亿而"	0	1	0	0.316	0.263	0.421	-0.165	0.58	-0.237	0.982	"2"
"介"	0	1	0	0.316	0.263	0.421	-0.165	0.58	-0.237	0.982	"2"
"介于"	0	0	1	0.316	0.263	0.421	-0.165	-0.132	0.376	0.673	"3"
"从中"	0	1	0	0.316	0.263	0.421	-0.165	0.58	-0.237	0.982	"2"
"仓租"	0	1	0	0.316	0.263	0.421	-0.165	0.58	-0.237	0.982	"2"
"他们"	5	3	1	2.845	2.366	3.789	0.922	0.361	-1.258	2.541	"3"
"他国"	1	0	0	0.316	0.263	0.421	0.5	-0.132	-0.237	0.869	"1"
"付"	0	3	1	1.265	1.052	1.684	-0.66	1.234	-0.357	2.251	"2"
"付出"	1	1	0	0.632	0.526	0.842	0.274	0.34	-0.475	1.089	"3"
"付款"	1	0	0	0.316	0.263	0.421	0.5	-0.132	-0.237	0.869	"1"
"付给"	2	1	0	0.948	0.789	1.263	0.626	0.222	-0.712	1.56	"3"
"代言"	1	0	0	0.316	0.263	0.421	0.5	-0.132	-0.237	0.869	"1"
"以为"	1	0	0	0.316	0.263	0.421	0.5	-0.132	-0.237	0.869	"1"
"以及"	0	0	1	0.316	0.263	0.421	-0.165	-0.132	0.376	0.673	"3"
"仲介"	0	1	0	0.316	0.263	0.421	-0.165	0.58	-0.237	0.982	"2"
"任何"	2	0	0	0.632	0.526	0.842	1	-0.265	-0.475	1.74	"1"
"任务奖"	0	0	1	0.316	0.263	0.421	-0.165	-0.132	0.376	0.673	"3"
"份"	5	2	4	3.477	2.892	4.631	0.607	-0.381	-0.323	1.311	"1"
"企"	0	0	1	0.316	0.263	0.421	-0.165	-0.132	0.376	0.673	"3"
"企业"	1	1	7	2.845	2.366	3.789	-0.773	-0.568	1.471	2.812	"3"
"休"	0	0	1	0.316	0.263	0.421	-0.165	-0.132	0.376	0.673	"3"
"休假"	0	0	1	0.316	0.263	0.421	-0.165	-0.132	0.376	0.673	"3"
"休士顿"	0	1	0	0.316	0.263	0.421	-0.165	0.58	-0.237	0.982	"2"
"休息日"	1	0	0	0.316	0.263	0.421	0.5	-0.132	-0.237	0.869	"1"
"众议院"	1	0	0	0.316	0.263	0.421	0.5	-0.132	-0.237	0.869	"1"
"优厚"	1	0	0	0.316	0.263	0.421	0.5	-0.132	-0.237	0.869	"1"
"优惠"	8	0	0	2.529	2.103	3.368	4.001	-1.06	-1.898	6.959	"1"
"会员"	2	0	0	0.632	0.526	0.842	1	-0.265	-0.475	1.74	"1"
"伟仔"	1	0	0	0.316	0.263	0.421	0.5	-0.132	-0.237	0.869	"1"
"传播"	0	0	1	0.316	0.263	0.421	-0.165	-0.132	0.376	0.673	"3"
"估计"	0	1	0	0.316	0.263	0.421	-0.165	0.58	-0.237	0.982	"2"
"似乎"	2	0	0	0.632	0.526	0.842	1	-0.265	-0.475	1.74	"1"
"但是"	2	0	0	0.632	0.526	0.842	1	-0.265	-0.475	1.74	"1"
"低"	3	15	6	7.587	6.31	10.103	-1.528	3.686	-1.184	6.398	"2"
"低于"	0	1	0	0.316	0.263	0.421	-0.165	0.58	-0.237	0.982	"2"
"低廉"	4	0	1	1.581	1.314	2.105	1.428	-0.662	-0.52	2.61	"1"
"何尝"	0	0	1	0.316	0.263	0.421	-0.165	-0.132	0.376	0.673	"3"
"何方"	1	0	0	0.316	0.263	0.421	0.5	-0.132	-0.237	0.869	"1"
"作为"	3	0	0	0.948	0.789	1.263	1.5	-0.397	-0.712	2.609	"1"
"作出"	0	1	1	0.632	0.526	0.842	-0.33	0.34	0.177	0.847	"2"
"作法"	0	0	2	0.632	0.526	0.842	-0.33	-0.265	0.752	1.347	"3"
"你"	0	0	1	0.316	0.263	0.421	-0.165	-0.132	0.376	0.673	"3"
"佣金"	1	2	0	0.948	0.789	1.263	0.167	0.767	-0.712	1.646	"2"
"佩顿"	1	0	0	0.316	0.263	0.421	0.5	-0.132	-0.237	0.869	"1"
"併购"	0	1	0	0.316	0.263	0.421	-0.165	0.58	-0.237	0.982	"2"
"使得"	0	2	0	0.632	0.526	0.842	-0.33	1.16	-0.475	1.965	"2"
"侍应"	0	0	1	0.316	0.263	0.421	-0.165	-0.132	0.376	0.673	"3"
"依"	0	2	0	0.632	0.526	0.842	-0.33	1.16	-0.475	1.965	"2"
"依序为"	0	0	1	0.316	0.263	0.421	-0.165	-0.132	0.376	0.673	"3"
"依据"	1	0	0	0.316	0.263	0.421	0.5	-0.132	-0.237	0.869	"1"
"依约"	0	1	0	0.316	0.263	0.421	-0.165	0.58	-0.237	0.982	"2"
"侵佔"	0	0	1	0.316	0.263	0.421	-0.165	-0.132	0.376	0.673	"3"
"侷促"	0	0	1	0.316	0.263	0.421	-0.165	-0.132	0.376	0.673	"3"
"便宜"	0	0	1	0.316	0.263	0.421	-0.165	-0.132	0.376	0.673	"3"
"促使"	0	0	2	0.632	0.526	0.842	-0.33	-0.265	0.752	1.347	"3"
"俄罗斯人"	0	0	1	0.316	0.263	0.421	-0.165	-0.132	0.376	0.673	"3"
"保住"	2	0	1	0.948	0.789	1.263	0.626	-0.397	-0.209	1.232	"1"
"保留"	0	0	2	0.632	0.526	0.842	-0.33	-0.265	0.752	1.347	"3"
"保证"	1	0	0	0.316	0.263	0.421	0.5	-0.132	-0.237	0.869	"1"
"保险"	1	2	6	2.845	2.366	3.789	-0.773	-0.248	0.905	1.926	"3"
"保险金"	0	0	4	1.265	1.052	1.684	-0.66	-0.53	1.503	2.693	"3"
"保障"	3	0	3	1.897	1.577	2.526	0.543	-0.795	0.302	1.64	"2"
"信仰"	1	0	0	0.316	0.263	0.421	0.5	-0.132	-0.237	0.869	"1"
"修改"	3	0	0	0.948	0.789	1.263	1.5	-0.397	-0.712	2.609	"1"
"俱乐部"	1	2	1	1.265	1.052	1.684	-0.205	0.547	-0.357	1.109	"2"
"倍"	1	9	3	4.11	3.418	5.473	-1.3	2.834	-0.876	5.01	"2"
"倘若"	0	0	1	0.316	0.263	0.421	-0.165	-0.132	0.376	0.673	"3"
"借"	1	0	0	0.316	0.263	0.421	0.5	-0.132	-0.237	0.869	"1"
"借给"	1	0	0	0.316	0.263	0.421	0.5	-0.132	-0.237	0.869	"1"
"偏僻"	0	0	1	0.316	0.263	0.421	-0.165	-0.132	0.376	0.673	"3"
"做"	0	1	0	0.316	0.263	0.421	-0.165	0.58	-0.237	0.982	"2"
"做工"	0	0	1	0.316	0.263	0.421	-0.165	-0.132	0.376	0.673	"3"
"停发"	0	0	1	0.316	0.263	0.421	-0.165	-0.132	0.376	0.673	"3"
"健保"	0	0	1	0.316	0.263	0.421	-0.165	-0.132	0.376	0.673	"3"
"僱"	0	1	0	0.316	0.263	0.421	-0.165	0.58	-0.237	0.982	"2"
"僱主"	0	1	0	0.316	0.263	0.421	-0.165	0.58	-0.237	0.982	"2"
"僵硬"	0	0	2	0.632	0.526	0.842	-0.33	-0.265	0.752	1.347	"3"
"元"	1	30	11	13.278	11.042	17.681	-5.621	8.889	-1.61	16.12	"2"
"元月"	0	0	1	0.316	0.263	0.421	-0.165	-0.132	0.376	0.673	"3"
"克扣"	0	0	1	0.316	0.263	0.421	-0.165	-0.132	0.376	0.673	"3"
"免"	5	0	0	1.581	1.314	2.105	2.501	-0.662	-1.186	4.349	"1"
"免税"	1	0	0	0.316	0.263	0.421	0.5	-0.132	-0.237	0.869	"1"
"免费"	1	0	0	0.316	0.263	0.421	0.5	-0.132	-0.237	0.869	"1"
"党委"	0	0	1	0.316	0.263	0.421	-0.165	-0.132	0.376	0.673	"3"
"入境"	1	0	0	0.316	0.263	0.421	0.5	-0.132	-0.237	0.869	"1"
"全县"	0	0	1	0.316	0.263	0.421	-0.165	-0.132	0.376	0.673	"3"
"全国"	3	2	5	3.161	2.629	4.21	-0.217	-0.312	0.376	0.905	"3"
"全国员"	0	0	1	0.316	0.263	0.421	-0.165	-0.132	0.376	0.673	"3"
"全数"	1	0	0	0.316	0.263	0.421	0.5	-0.132	-0.237	0.869	"1"
"全盘"	1	0	0	0.316	0.263	0.421	0.5	-0.132	-0.237	0.869	"1"
"全薪"	0	0	2	0.632	0.526	0.842	-0.33	-0.265	0.752	1.347	"3"
"公"	1	0	1	0.632	0.526	0.842	0.274	-0.265	0.177	0.716	"1"
"公佈"	0	0	1	0.316	0.263	0.421	-0.165	-0.132	0.376	0.673	"3"
"公债"	0	0	1	0.316	0.263	0.421	-0.165	-0.132	0.376	0.673	"3"
"公务"	1	0	1	0.632	0.526	0.842	0.274	-0.265	0.177	0.716	"1"
"公务人员"	0	0	1	0.316	0.263	0.421	-0.165	-0.132	0.376	0.673	"3"
"公务员"	0	1	12	4.11	3.418	5.473	-2.145	-0.971	3.609	6.725	"3"
"公司"	1	6	2	2.845	2.366	3.789	-0.773	1.887	-0.711	3.371	"2"
"公平"	6	0	0	1.897	1.577	2.526	3.001	-0.795	-1.424	5.22	"1"
"公教"	0	0	1	0.316	0.263	0.421	-0.165	-0.132	0.376	0.673	"3"
"公正"	2	0	0	0.632	0.526	0.842	1	-0.265	-0.475	1.74	"1"
"公民"	2	0	0	0.632	0.526	0.842	1	-0.265	-0.475	1.74	"1"
"公积金"	0	2	16	5.69	4.732	7.577	-2.971	-0.955	4.265	8.191	"3"
"公积金局"	0	0	1	0.316	0.263	0.421	-0.165	-0.132	0.376	0.673	"3"
"公立"	0	0	1	0.316	0.263	0.421	-0.165	-0.132	0.376	0.673	"3"
"六"	0	0	1	0.316	0.263	0.421	-0.165	-0.132	0.376	0.673	"3"
"六千万"	0	1	0	0.316	0.263	0.421	-0.165	0.58	-0.237	0.982	"2"
"六成"	0	1	0	0.316	0.263	0.421	-0.165	0.58	-0.237	0.982	"2"
"六级"	1	0	0	0.316	0.263	0.421	0.5	-0.132	-0.237	0.869	"1"
"关"	2	0	0	0.632	0.526	0.842	1	-0.265	-0.475	1.74	"1"
"关心"	2	0	0	0.632	0.526	0.842	1	-0.265	-0.475	1.74	"1"
"关税"	1	0	0	0.316	0.263	0.421	0.5	-0.132	-0.237	0.869	"1"
"其"	1	0	0	0.316	0.263	0.421	0.5	-0.132	-0.237	0.869	"1"
"其他"	1	0	4	1.581	1.314	2.105	-0.305	-0.662	0.982	1.949	"3"
"养老金"	0	0	3	0.948	0.789	1.263	-0.495	-0.397	1.127	2.019	"3"
"内"	0	1	0	0.316	0.263	0.421	-0.165	0.58	-0.237	0.982	"2"
"再度"	0	1	0	0.316	0.263	0.421	-0.165	0.58	-0.237	0.982	"2"
"军人"	2	0	2	1.265	1.052	1.684	0.424	-0.53	0.251	1.205	"2"
"军官"	2	0	0	0.632	0.526	0.842	1	-0.265	-0.475	1.74	"1"
"军舰"	0	2	0	0.632	0.526	0.842	-0.33	1.16	-0.475	1.965	"2"
"农场"	1	0	0	0.316	0.263	0.421	0.5	-0.132	-0.237	0.869	"1"
"农林"	1	0	0	0.316	0.263	0.421	0.5	-0.132	-0.237	0.869	"1"
"农民人"	0	0	1	0.316	0.263	0.421	-0.165	-0.132	0.376	0.673	"3"
"农民工"	0	0	1	0.316	0.263	0.421	-0.165	-0.132	0.376	0.673	"3"
"决心"	0	1	0	0.316	0.263	0.421	-0.165	0.58	-0.237	0.982	"2"
"冷冻"	0	1	0	0.316	0.263	0.421	-0.165	0.58	-0.237	0.982	"2"
"冻结"	0	0	3	0.948	0.789	1.263	-0.495	-0.397	1.127	2.019	"3"
"减"	0	0	8	2.529	2.103	3.368	-1.32	-1.06	3.006	5.386	"3"
"减低"	0	0	1	0.316	0.263	0.421	-0.165	-0.132	0.376	0.673	"3"
"减免"	1	0	0	0.316	0.263	0.421	0.5	-0.132	-0.237	0.869	"1"
"减半"	0	1	0	0.316	0.263	0.421	-0.165	0.58	-0.237	0.982	"2"
"减少"	2	2	5	2.845	2.366	3.789	-0.376	-0.248	0.506	1.13	"3"
"减幅"	0	0	1	0.316	0.263	0.421	-0.165	-0.132	0.376	0.673	"3"
"减缓"	0	0	1	0.316	0.263	0.421	-0.165	-0.132	0.376	0.673	"3"
"减薪"	2	0	5	2.213	1.84	2.947	-0.215	-0.927	0.928	2.07	"3"
"几时"	0	0	1	0.316	0.263	0.421	-0.165	-0.132	0.376	0.673	"3"
"几百"	0	1	0	0.316	0.263	0.421	-0.165	0.58	-0.237	0.982	"2"
"凡是"	0	0	1	0.316	0.263	0.421	-0.165	-0.132	0.376	0.673	"3"
"出"	0	2	0	0.632	0.526	0.842	-0.33	1.16	-0.475	1.965	"2"
"出售"	0	1	0	0.316	0.263	0.421	-0.165	0.58	-0.237	0.982	"2"
"分"	0	0	1	0.316	0.263	0.421	-0.165	-0.132	0.376	0.673	"3"
"分享"	0	1	1	0.632	0.526	0.842	-0.33	0.34	0.177	0.847	"2"
"分到"	0	1	0	0.316	0.263	0.421	-0.165	0.58	-0.237	0.982	"2"
"分得"	0	1	0	0.316	0.263	0.421	-0.165	0.58	-0.237	0.982	"2"
"分文"	0	0	1	0.316	0.263	0.421	-0.165	-0.132	0.376	0.673	"3"
"分配"	0	0	2	0.632	0.526	0.842	-0.33	-0.265	0.752	1.347	"3"
"列"	1	0	0	0.316	0.263	0.421	0.5	-0.132	-0.237	0.869	"1"
"列入"	1	1	0	0.632	0.526	0.842	0.274	0.34	-0.475	1.089	"3"
"则"	0	0	1	0.316	0.263	0.421	-0.165	-0.132	0.376	0.673	"3"
"删减"	0	1	0	0.316	0.263	0.421	-0.165	0.58	-0.237	0.982	"2"
"利"	1	0	0	0.316	0.263	0.421	0.5	-0.132	-0.237	0.869	"1"
"别"	1	0	0	0.316	0.263	0.421	0.5	-0.132	-0.237	0.869	"1"
"到"	1	2	0	0.948	0.789	1.263	0.167	0.767	-0.712	1.646	"2"
"制并成"	0	0	1	0.316	0.263	0.421	-0.165	-0.132	0.376	0.673	"3"
"制度"	3	2	9	4.426	3.681	5.894	-0.512	-0.61	1.097	2.219	"3"
"制片人"	1	0	0	0.316	0.263	0.421	0.5	-0.132	-0.237	0.869	"1"
"制过"	0	0	1	0.316	0.263	0.421	-0.165	-0.132	0.376	0.673	"3"
"制造业"	0	1	0	0.316	0.263	0.421	-0.165	0.58	-0.237	0.982	"2"
"削"	0	0	2	0.632	0.526	0.842	-0.33	-0.265	0.752	1.347	"3"
"削减"	0	0	18	5.69	4.732	7.577	-2.971	-2.385	6.764	12.12	"3"
"前奏"	0	1	0	0.316	0.263	0.421	-0.165	0.58	-0.237	0.982	"2"
"剩下"	0	0	1	0.316	0.263	0.421	-0.165	-0.132	0.376	0.673	"3"
"副"	3	0	0	0.948	0.789	1.263	1.5	-0.397	-0.712	2.609	"1"
"副总理"	1	0	4	1.581	1.314	2.105	-0.305	-0.662	0.982	1.949	"3"
"副总经理"	1	0	0	0.316	0.263	0.421	0.5	-0.132	-0.237	0.869	"1"
"副教授级"	0	0	1	0.316	0.263	0.421	-0.165	-0.132	0.376	0.673	"3"
"办法"	0	0	3	0.948	0.789	1.263	-0.495	-0.397	1.127	2.019	"3"
"加"	0	0	1	0.316	0.263	0.421	-0.165	-0.132	0.376	0.673	"3"
"加上"	0	0	1	0.316	0.263	0.421	-0.165	-0.132	0.376	0.673	"3"
"加倍"	1	0	0	0.316	0.263	0.421	0.5	-0.132	-0.237	0.869	"1"
"加发"	0	0	1	0.316	0.263	0.421	-0.165	-0.132	0.376	0.673	"3"
"加幅"	0	2	0	0.632	0.526	0.842	-0.33	1.16	-0.475	1.965	"2"
"加斯科因"	1	0	1	0.632	0.526	0.842	0.274	-0.265	0.177	0.716	"1"
"加深"	0	0	1	0.316	0.263	0.421	-0.165	-0.132	0.376	0.673	"3"
"加班费"	0	0	1	0.316	0.263	0.421	-0.165	-0.132	0.376	0.673	"3"
"加给"	1	0	0	0.316	0.263	0.421	0.5	-0.132	-0.237	0.869	"1"
"加薪"	0	1	1	0.632	0.526	0.842	-0.33	0.34	0.177	0.847	"2"
"务"	2	0	2	1.265	1.052	1.684	0.424	-0.53	0.251	1.205	"2"
"务农"	1	0	0	0.316	0.263	0.421	0.5	-0.132	-0.237	0.869	"1"
"助理"	0	1	0	0.316	0.263	0.421	-0.165	0.58	-0.237	0.982	"2"
"劳"	0	0	1	0.316	0.263	0.421	-0.165	-0.132	0.376	0.673	"3"
"劳动"	0	2	7	2.845	2.366	3.789	-1.485	-0.248	1.471	3.204	"1"
"劳动力"	1	0	0	0.316	0.263	0.421	0.5	-0.132	-0.237	0.869	"1"
"劳基法"	0	0	1	0.316	0.263	0.421	-0.165	-0.132	0.376	0.673	"3"
"劳委会"	0	0	1	0.316	0.263	0.421	-0.165	-0.132	0.376	0.673	"3"
"劳工"	0	1	7	2.529	2.103	3.368	-1.32	-0.474	1.927	3.721	"3"
"劳工罪"	1	0	0	0.316	0.263	0.421	0.5	-0.132	-0.237	0.869	"1"
"劳资"	0	0	2	0.632	0.526	0.842	-0.33	-0.265	0.752	1.347	"3"
"势在必行"	0	0	1	0.316	0.263	0.421	-0.165	-0.132	0.376	0.673	"3"
"包装费"	0	1	0	0.316	0.263	0.421	-0.165	0.58	-0.237	0.982	"2"
"匈牙利"	0	1	0	0.316	0.263	0.421	-0.165	0.58	-0.237	0.982	"2"
"化肥"	1	0	0	0.316	0.263	0.421	0.5	-0.132	-0.237	0.869	"1"
"北市"	0	0	1	0.316	0.263	0.421	-0.165	-0.132	0.376	0.673	"3"
"区区"	0	1	0	0.316	0.263	0.421	-0.165	0.58	-0.237	0.982	"2"
"医师"	0	1	0	0.316	0.263	0.421	-0.165	0.58	-0.237	0.982	"2"
"医疗"	1	0	3	1.265	1.052	1.684	-0.205	-0.53	0.69	1.425	"3"
"医疗费"	0	0	1	0.316	0.263	0.421	-0.165	-0.132	0.376	0.673	"3"
"十二月"	0	0	3	0.948	0.789	1.263	-0.495	-0.397	1.127	2.019	"3"
"半"	1	0	0	0.316	0.263	0.421	0.5	-0.132	-0.237	0.869	"1"
"华"	2	0	0	0.632	0.526	0.842	1	-0.265	-0.475	1.74	"1"
"华侨"	0	1	0	0.316	0.263	0.421	-0.165	0.58	-0.237	0.982	"2"
"华航"	1	0	0	0.316	0.263	0.421	0.5	-0.132	-0.237	0.869	"1"
"协商"	4	0	2	1.897	1.577	2.526	1.076	-0.795	-0.3	2.171	"1"
"协议"	2	1	2	1.581	1.314	2.105	0.297	-0.218	-0.19	0.705	"1"
"单"	1	0	1	0.632	0.526	0.842	0.274	-0.265	0.177	0.716	"1"
"单位"	0	1	6	2.213	1.84	2.947	-1.155	-0.384	1.604	3.143	"3"
"单据"	1	0	0	0.316	0.263	0.421	0.5	-0.132	-0.237	0.869	"1"
"卖"	1	0	0	0.316	0.263	0.421	0.5	-0.132	-0.237	0.869	"1"
"南市"	0	1	0	0.316	0.263	0.421	-0.165	0.58	-0.237	0.982	"2"
"南投县"	1	0	0	0.316	0.263	0.421	0.5	-0.132	-0.237	0.869	"1"
"南非"	1	0	0	0.316	0.263	0.421	0.5	-0.132	-0.237	0.869	"1"
"博士"	0	1	0	0.316	0.263	0.421	-0.165	0.58	-0.237	0.982	"2"
"占"	0	1	4	1.581	1.314	2.105	-0.825	-0.218	0.982	2.025	"3"
"占总"	0	0	1	0.316	0.263	0.421	-0.165	-0.132	0.376	0.673	"3"
"卢"	1	0	0	0.316	0.263	0.421	0.5	-0.132	-0.237	0.869	"1"
"卢布"	0	0	1	0.316	0.263	0.421	-0.165	-0.132	0.376	0.673	"3"
"卢西奥"	1	0	0	0.316	0.263	0.421	0.5	-0.132	-0.237	0.869	"1"
"即"	1	0	0	0.316	0.263	0.421	0.5	-0.132	-0.237	0.869	"1"
"即使"	1	1	0	0.632	0.526	0.842	0.274	0.34	-0.475	1.089	"3"
"即时"	0	1	0	0.316	0.263	0.421	-0.165	0.58	-0.237	0.982	"2"
"却"	1	0	0	0.316	0.263	0.421	0.5	-0.132	-0.237	0.869	"1"
"卷入"	0	1	0	0.316	0.263	0.421	-0.165	0.58	-0.237	0.982	"2"
"厂"	0	0	1	0.316	0.263	0.421	-0.165	-0.132	0.376	0.673	"3"
"压低"	0	0	1	0.316	0.263	0.421	-0.165	-0.132	0.376	0.673	"3"
"压倒"	1	0	0	0.316	0.263	0.421	0.5	-0.132	-0.237	0.869	"1"
"原"	2	0	0	0.632	0.526	0.842	1	-0.265	-0.475	1.74	"1"
"原则"	0	0	3	0.948	0.789	1.263	-0.495	-0.397	1.127	2.019	"3"
"原有"	0	0	1	0.316	0.263	0.421	-0.165	-0.132	0.376	0.673	"3"
"厨师"	0	1	0	0.316	0.263	0.421	-0.165	0.58	-0.237	0.982	"2"
"去年"	0	1	3	1.265	1.052	1.684	-0.66	-0.145	0.69	1.495	"3"
"去年度"	0	1	0	0.316	0.263	0.421	-0.165	0.58	-0.237	0.982	"2"
"及"	1	1	1	0.948	0.789	1.263	0.167	0.222	-0.209	0.598	"2"
"及其"	0	1	0	0.316	0.263	0.421	-0.165	0.58	-0.237	0.982	"2"
"及时"	0	0	3	0.948	0.789	1.263	-0.495	-0.397	1.127	2.019	"3"
"双"	1	0	0	0.316	0.263	0.421	0.5	-0.132	-0.237	0.869	"1"
"双轨制"	0	0	1	0.316	0.263	0.421	-0.165	-0.132	0.376	0.673	"3"
"反而"	0	0	2	0.632	0.526	0.842	-0.33	-0.265	0.752	1.347	"3"
"反馈"	1	0	0	0.316	0.263	0.421	0.5	-0.132	-0.237	0.869	"1"
"发"	2	0	3	1.581	1.314	2.105	0.297	-0.662	0.451	1.41	"2"
"发不出"	0	0	1	0.316	0.263	0.421	-0.165	-0.132	0.376	0.673	"3"
"发出来"	0	0	1	0.316	0.263	0.421	-0.165	-0.132	0.376	0.673	"3"
"发动机案"	1	0	0	0.316	0.263	0.421	0.5	-0.132	-0.237	0.869	"1"
"发放"	0	0	9	2.845	2.366	3.789	-1.485	-1.192	3.382	6.059	"3"
"发给"	2	0	0	0.632	0.526	0.842	1	-0.265	-0.475	1.74	"1"
"发薪水"	0	0	1	0.316	0.263	0.421	-0.165	-0.132	0.376	0.673	"3"
"取决"	0	1	0	0.316	0.263	0.421	-0.165	0.58	-0.237	0.982	"2"
"取消"	2	0	0	0.632	0.526	0.842	1	-0.265	-0.475	1.74	"1"
"受"	0	1	0	0.316	0.263	0.421	-0.165	0.58	-0.237	0.982	"2"
"受到"	5	0	0	1.581	1.314	2.105	2.501	-0.662	-1.186	4.349	"1"
"受惠"	1	0	0	0.316	0.263	0.421	0.5	-0.132	-0.237	0.869	"1"
"受益"	0	0	1	0.316	0.263	0.421	-0.165	-0.132	0.376	0.673	"3"
"变为"	0	0	1	0.316	0.263	0.421	-0.165	-0.132	0.376	0.673	"3"
"变动"	0	0	10	3.161	2.629	4.21	-1.65	-1.325	3.758	6.733	"3"
"变得"	0	0	2	0.632	0.526	0.842	-0.33	-0.265	0.752	1.347	"3"
"变相"	1	0	0	0.316	0.263	0.421	0.5	-0.132	-0.237	0.869	"1"
"另"	1	0	0	0.316	0.263	0.421	0.5	-0.132	-0.237	0.869	"1"
"只"	4	1	1	1.897	1.577	2.526	1.076	-0.298	-0.694	2.068	"1"
"只有"	0	2	0	0.632	0.526	0.842	-0.33	1.16	-0.475	1.965	"2"
"可"	3	2	13	5.69	4.732	7.577	-0.882	-0.955	2.019	3.856	"3"
"可能"	1	0	1	0.632	0.526	0.842	0.274	-0.265	0.177	0.716	"1"
"台东"	1	0	0	0.316	0.263	0.421	0.5	-0.132	-0.237	0.869	"1"
"台台主"	0	1	0	0.316	0.263	0.421	-0.165	0.58	-0.237	0.982	"2"
"台汽"	0	0	3	0.948	0.789	1.263	-0.495	-0.397	1.127	2.019	"3"
"台湾"	0	1	0	0.316	0.263	0.421	-0.165	0.58	-0.237	0.982	"2"
"叶森"	1	0	0	0.316	0.263	0.421	0.5	-0.132	-0.237	0.869	"1"
"叶舰"	0	1	0	0.316	0.263	0.421	-0.165	0.58	-0.237	0.982	"2"
"司"	0	1	0	0.316	0.263	0.421	-0.165	0.58	-0.237	0.982	"2"
"司法"	0	1	0	0.316	0.263	0.421	-0.165	0.58	-0.237	0.982	"2"
"各行各业"	0	0	2	0.632	0.526	0.842	-0.33	-0.265	0.752	1.347	"3"
"合同"	1	2	2	1.581	1.314	2.105	-0.305	0.404	-0.19	0.899	"2"
"合理"	1	0	0	0.316	0.263	0.421	0.5	-0.132	-0.237	0.869	"1"
"合约"	1	1	0	0.632	0.526	0.842	0.274	0.34	-0.475	1.089	"3"
"合计"	0	1	0	0.316	0.263	0.421	-0.165	0.58	-0.237	0.982	"2"
"吉"	0	1	0	0.316	0.263	0.421	-0.165	0.58	-0.237	0.982	"2"
"吉宝"	0	1	0	0.316	0.263	0.421	-0.165	0.58	-0.237	0.982	"2"
"同志"	3	0	0	0.948	0.789	1.263	1.5	-0.397	-0.712	2.609	"1"
"同等"	3	0	1	1.265	1.052	1.684	1.016	-0.53	-0.357	1.903	"1"
"同级"	1	0	0	0.316	0.263	0.421	0.5	-0.132	-0.237	0.869	"1"
"名单"	3	0	0	0.948	0.789	1.263	1.5	-0.397	-0.712	2.609	"1"
"名胜"	0	1	0	0.316	0.263	0.421	-0.165	0.58	-0.237	0.982	"2"
"吞噬"	0	0	1	0.316	0.263	0.421	-0.165	-0.132	0.376	0.673	"3"
"听说"	0	0	1	0.316	0.263	0.421	-0.165	-0.132	0.376	0.673	"3"
"吸引住"	1	0	0	0.316	0.263	0.421	0.5	-0.132	-0.237	0.869	"1"
"呈报"	0	3	0	0.948	0.789	1.263	-0.495	1.741	-0.712	2.948	"2"
"呈现"	1	0	1	0.632	0.526	0.842	0.274	-0.265	0.177	0.716	"1"
"员"	3	0	2	1.581	1.314	2.105	0.733	-0.662	-0.19	1.585	"1"
"员工"	4	0	20	7.587	6.31	10.103	-1.082	-3.179	4.376	8.637	"3"
"周"	2	1	1	1.265	1.052	1.684	0.424	-0.145	-0.357	0.926	"1"
"和"	1	0	0	0.316	0.263	0.421	0.5	-0.132	-0.237	0.869	"1"
"哉"	1	0	0	0.316	0.263	0.421	0.5	-0.132	-0.237	0.869	"1"
"哥哥"	1	0	0	0.316	0.263	0.421	0.5	-0.132	-0.237	0.869	"1"
"售台"	0	3	0	0.948	0.789	1.263	-0.495	1.741	-0.712	2.948	"2"
"售舰"	0	3	0	0.948	0.789	1.263	-0.495	1.741	-0.712	2.948	"2"
"唯有"	1	0	1	0.632	0.526	0.842	0.274	-0.265	0.177	0.716	"1"
"商"	0	1	0	0.316	0.263	0.421	-0.165	0.58	-0.237	0.982	"2"
"商人"	1	0	0	0.316	0.263	0.421	0.5	-0.132	-0.237	0.869	"1"
"商务部"	1	0	0	0.316	0.263	0.421	0.5	-0.132	-0.237	0.869	"1"
"啤酒"	1	0	0	0.316	0.263	0.421	0.5	-0.132	-0.237	0.869	"1"
"器材"	0	0	1	0.316	0.263	0.421	-0.165	-0.132	0.376	0.673	"3"
"四成"	0	1	0	0.316	0.263	0.421	-0.165	0.58	-0.237	0.982	"2"
"四百万"	0	1	0	0.316	0.263	0.421	-0.165	0.58	-0.237	0.982	"2"
"回扣"	0	1	0	0.316	0.263	0.421	-0.165	0.58	-0.237	0.982	"2"
"回报"	1	0	0	0.316	0.263	0.421	0.5	-0.132	-0.237	0.869	"1"
"回教党"	1	0	0	0.316	0.263	0.421	0.5	-0.132	-0.237	0.869	"1"
"回青团"	0	1	0	0.316	0.263	0.421	-0.165	0.58	-0.237	0.982	"2"
"因"	5	3	0	2.529	2.103	3.368	1.146	0.451	-1.898	3.495	"3"
"因此"	2	0	0	0.632	0.526	0.842	1	-0.265	-0.475	1.74	"1"
"因而"	1	1	0	0.632	0.526	0.842	0.274	0.34	-0.475	1.089	"3"
"团员"	1	0	0	0.316	0.263	0.421	0.5	-0.132	-0.237	0.869	"1"
"困难"	1	0	0	0.316	0.263	0.421	0.5	-0.132	-0.237	0.869	"1"
"固定"	0	0	4	1.265	1.052	1.684	-0.66	-0.53	1.503	2.693	"3"
"国企"	0	0	1	0.316	0.263	0.421	-0.165	-0.132	0.376	0.673	"3"
"国家公务员"	0	1	2	0.948	0.789	1.263	-0.495	0.222	0.417	1.134	"1"
"国有企业"	1	0	0	0.316	0.263	0.421	0.5	-0.132	-0.237	0.869	"1"
"国际化"	1	0	0	0.316	0.263	0.421	0.5	-0.132	-0.237	0.869	"1"
"图利"	0	1	0	0.316	0.263	0.421	-0.165	0.58	-0.237	0.982	"2"
"土地"	0	0	2	0.632	0.526	0.842	-0.33	-0.265	0.752	1.347	"3"
"土耳其"	1	0	0	0.316	0.263	0.421	0.5	-0.132	-0.237	0.869	"1"
"在"	1	0	0	0.316	0.263	0.421	0.5	-0.132	-0.237	0.869	"1"
"在任"	1	0	2	0.948	0.789	1.263	0.167	-0.397	0.417	0.981	"3"
"在岗"	0	0	1	0.316	0.263	0.421	-0.165	-0.132	0.376	0.673	"3"
"在职"	0	0	1	0.316	0.263	0.421	-0.165	-0.132	0.376	0.673	"3"
"在职証"	1	0	0	0.316	0.263	0.421	0.5	-0.132	-0.237	0.869	"1"
"地点"	1	0	0	0.316	0.263	0.421	0.5	-0.132	-0.237	0.869	"1"
"圳"	0	0	1	0.316	0.263	0.421	-0.165	-0.132	0.376	0.673	"3"
"均"	0	0	1	0.316	0.263	0.421	-0.165	-0.132	0.376	0.673	"3"
"垂手可得"	1	0	0	0.316	0.263	0.421	0.5	-0.132	-0.237	0.869	"1"
"垫偿"	0	0	1	0.316	0.263	0.421	-0.165	-0.132	0.376	0.673	"3"
"城乡"	0	0	1	0.316	0.263	0.421	-0.165	-0.132	0.376	0.673	"3"
"城镇"	0	0	4	1.265	1.052	1.684	-0.66	-0.53	1.503	2.693	"3"
"基准线"	0	0	1	0.316	0.263	0.421	-0.165	-0.132	0.376	0.673	"3"
"基本"	0	1	9	3.161	2.629	4.21	-1.65	-0.665	2.589	4.904	"3"
"增"	0	1	2	0.948	0.789	1.263	-0.495	0.222	0.417	1.134	"1"
"增加"	1	5	3	2.845	2.366	3.789	-0.773	1.224	-0.366	2.363	"2"
"增速"	0	0	1	0.316	0.263	0.421	-0.165	-0.132	0.376	0.673	"3"
"增长"	0	4	4	2.529	2.103	3.368	-1.32	0.878	0.342	2.54	"1"
"士兵"	3	0	0	0.948	0.789	1.263	1.5	-0.397	-0.712	2.609	"1"
"外"	0	1	0	0.316	0.263	0.421	-0.165	0.58	-0.237	0.982	"2"
"外劳"	0	2	0	0.632	0.526	0.842	-0.33	1.16	-0.475	1.965	"2"
"外国"	2	0	0	0.632	0.526	0.842	1	-0.265	-0.475	1.74	"1"
"外来"	1	0	0	0.316	0.263	0.421	0.5	-0.132	-0.237	0.869	"1"
"外移"	1	1	0	0.632	0.526	0.842	0.274	0.34	-0.475	1.089	"3"
"外籍"	0	1	0	0.316	0.263	0.421	-0.165	0.58	-0.237	0.982	"2"
"多么"	1	0	0	0.316	0.263	0.421	0.5	-0.132	-0.237	0.869	"1"
"多寡"	0	1	0	0.316	0.263	0.421	-0.165	0.58	-0.237	0.982	"2"
"多少"	2	0	2	1.265	1.052	1.684	0.424	-0.53	0.251	1.205	"2"
"够"	0	0	3	0.948	0.789	1.263	-0.495	-0.397	1.127	2.019	"3"
"大卫杰乐"	0	2	0	0.632	0.526	0.842	-0.33	1.16	-0.475	1.965	"2"
"大幅"	0	1	1	0.632	0.526	0.842	-0.33	0.34	0.177	0.847	"2"
"大联盟"	1	0	0	0.316	0.263	0.421	0.5	-0.132	-0.237	0.869	"1"
"大致"	0	1	0	0.316	0.263	0.421	-0.165	0.58	-0.237	0.982	"2"
"大量"	1	0	0	0.316	0.263	0.421	0.5	-0.132	-0.237	0.869	"1"
"太"	0	1	0	0.316	0.263	0.421	-0.165	0.58	-0.237	0.982	"2"
"夫人"	0	3	0	0.948	0.789	1.263	-0.495	1.741	-0.712	2.948	"2"
"夫妇"	1	0	0	0.316	0.263	0.421	0.5	-0.132	-0.237	0.869	"1"
"失业"	0	1	7	2.529	2.103	3.368	-1.32	-0.474	1.927	3.721	"3"
"失业率"	0	3	0	0.948	0.789	1.263	-0.495	1.741	-0.712	2.948	"2"
"头条"	1	0	0	0.316	0.263	0.421	0.5	-0.132	-0.237	0.869	"1"
"奈元"	0	1	0	0.316	0.263	0.421	-0.165	0.58	-0.237	0.982	"2"
"契约"	0	1	0	0.316	0.263	0.421	-0.165	0.58	-0.237	0.982	"2"
"奖励"	0	0	2	0.632	0.526	0.842	-0.33	-0.265	0.752	1.347	"3"
"奖金"	0	1	8	2.845	2.366	3.789	-1.485	-0.568	2.255	4.308	"3"
"奥尼尔"	1	0	0	0.316	0.263	0.421	0.5	-0.132	-0.237	0.869	"1"
"女佣"	1	0	0	0.316	0.263	0.421	0.5	-0.132	-0.237	0.869	"1"
"女性"	1	0	0	0.316	0.263	0.421	0.5	-0.132	-0.237	0.869	"1"
"她"	3	0	0	0.948	0.789	1.263	1.5	-0.397	-0.712	2.609	"1"
"她们"	2	0	0	0.632	0.526	0.842	1	-0.265	-0.475	1.74	"1"
"好"	1	0	0	0.316	0.263	0.421	0.5	-0.132	-0.237	0.869	"1"
"如果"	1	2	8	3.477	2.892	4.631	-1.031	-0.381	1.393	2.805	"3"
"如此"	2	1	0	0.948	0.789	1.263	0.626	0.222	-0.712	1.56	"3"
"妻子"	1	0	0	0.316	0.263	0.421	0.5	-0.132	-0.237	0.869	"1"
"姆"	0	1	0	0.316	0.263	0.421	-0.165	0.58	-0.237	0.982	"2"
"委"	1	0	0	0.316	0.263	0.421	0.5	-0.132	-0.237	0.869	"1"
"委员会"	3	1	0	1.265	1.052	1.684	1.016	-0.145	-0.949	2.11	"1"
"嫌"	1	0	0	0.316	0.263	0.421	0.5	-0.132	-0.237	0.869	"1"
"孙继海"	1	0	0	0.316	0.263	0.421	0.5	-0.132	-0.237	0.869	"1"
"季海生"	0	0	1	0.316	0.263	0.421	-0.165	-0.132	0.376	0.673	"3"
"学者"	0	0	1	0.316	0.263	0.421	-0.165	-0.132	0.376	0.673	"3"
"安立奎"	1	0	0	0.316	0.263	0.421	0.5	-0.132	-0.237	0.869	"1"
"官员"	2	0	0	0.632	0.526	0.842	1	-0.265	-0.475	1.74	"1"
"定下"	0	0	1	0.316	0.263	0.421	-0.165	-0.132	0.376	0.673	"3"
"宜"	1	0	0	0.316	0.263	0.421	0.5	-0.132	-0.237	0.869	"1"
"实行"	3	0	1	1.265	1.052	1.684	1.016	-0.53	-0.357	1.903	"1"
"实际"	0	3	2	1.581	1.314	2.105	-0.825	0.93	-0.19	1.945	"2"
"审"	0	1	0	0.316	0.263	0.421	-0.165	0.58	-0.237	0.982	"2"
"审查"	1	0	0	0.316	0.263	0.421	0.5	-0.132	-0.237	0.869	"1"
"审议"	1	0	0	0.316	0.263	0.421	0.5	-0.132	-0.237	0.869	"1"
"宣传"	1	0	0	0.316	0.263	0.421	0.5	-0.132	-0.237	0.869	"1"
"富"	0	3	0	0.948	0.789	1.263	-0.495	1.741	-0.712	2.948	"2"
"富人"	0	0	1	0.316	0.263	0.421	-0.165	-0.132	0.376	0.673	"3"
"富代"	0	1	0	0.316	0.263	0.421	-0.165	0.58	-0.237	0.982	"2"
"对方"	2	0	0	0.632	0.526	0.842	1	-0.265	-0.475	1.74	"1"
"导播"	1	0	0	0.316	0.263	0.421	0.5	-0.132	-0.237	0.869	"1"
"将"	1	0	2	0.948	0.789	1.263	0.167	-0.397	0.417	0.981	"3"
"将军"	0	1	0	0.316	0.263	0.421	-0.165	0.58	-0.237	0.982	"2"
"将就"	0	0	1	0.316	0.263	0.421	-0.165	-0.132	0.376	0.673	"3"
"小时"	1	0	0	0.316	0.263	0.421	0.5	-0.132	-0.237	0.869	"1"
"少"	1	2	0	0.948	0.789	1.263	0.167	0.767	-0.712	1.646	"2"
"少于"	1	0	0	0.316	0.263	0.421	0.5	-0.132	-0.237	0.869	"1"
"就业"	2	1	5	2.529	2.103	3.368	-0.292	-0.474	0.682	1.448	"3"
"就业率"	0	1	0	0.316	0.263	0.421	-0.165	0.58	-0.237	0.982	"2"
"就是说"	0	0	1	0.316	0.263	0.421	-0.165	-0.132	0.376	0.673	"3"
"尼加拉瓜厂"	0	1	0	0.316	0.263	0.421	-0.165	0.58	-0.237	0.982	"2"
"尼日利亚"	0	0	1	0.316	0.263	0.421	-0.165	-0.132	0.376	0.673	"3"
"尽量"	0	0	1	0.316	0.263	0.421	-0.165	-0.132	0.376	0.673	"3"
"居民"	1	0	0	0.316	0.263	0.421	0.5	-0.132	-0.237	0.869	"1"
"居高不下"	0	1	0	0.316	0.263	0.421	-0.165	0.58	-0.237	0.982	"2"
"屏东县"	0	0	1	0.316	0.263	0.421	-0.165	-0.132	0.376	0.673	"3"
"展望"	0	1	0	0.316	0.263	0.421	-0.165	0.58	-0.237	0.982	"2"
"属于"	1	0	0	0.316	0.263	0.421	0.5	-0.132	-0.237	0.869	"1"
"岂不"	1	0	0	0.316	0.263	0.421	0.5	-0.132	-0.237	0.869	"1"
"岗位"	2	0	0	0.632	0.526	0.842	1	-0.265	-0.475	1.74	"1"
"巡防舰"	0	2	0	0.632	0.526	0.842	-0.33	1.16	-0.475	1.965	"2"
"工"	0	0	6	1.897	1.577	2.526	-0.99	-0.795	2.255	4.04	"3"
"工人"	0	1	16	5.374	4.469	7.156	-2.806	-1.403	5.001	9.21	"3"
"工会"	0	0	3	0.948	0.789	1.263	-0.495	-0.397	1.127	2.019	"3"
"工作"	11	2	6	6.007	4.995	7.998	1.796	-1.047	-0.609	3.452	"1"
"工友"	1	0	2	0.948	0.789	1.263	0.167	-0.397	0.417	0.981	"3"
"工时"	0	0	3	0.948	0.789	1.263	-0.495	-0.397	1.127	2.019	"3"
"工程师"	0	1	0	0.316	0.263	0.421	-0.165	0.58	-0.237	0.982	"2"
"工薪"	0	1	0	0.316	0.263	0.421	-0.165	0.58	-0.237	0.982	"2"
"工资"	4	3	38	14.226	11.83	18.943	-3.5	-3.065	8.224	14.789	"3"
"工资制"	0	0	2	0.632	0.526	0.842	-0.33	-0.265	0.752	1.347	"3"
"工资局"	0	1	0	0.316	0.263	0.421	-0.165	0.58	-0.237	0.982	"2"
"巨星级"	1	0	0	0.316	0.263	0.421	0.5	-0.132	-0.237	0.869	"1"
"巨额"	0	3	0	0.948	0.789	1.263	-0.495	1.741	-0.712	2.948	"2"
"差"	1	0	0	0.316	0.263	0.421	0.5	-0.132	-0.237	0.869	"1"
"差别"	3	0	0	0.948	0.789	1.263	1.5	-0.397	-0.712	2.609	"1"
"差强人意"	1	0	0	0.316	0.263	0.421	0.5	-0.132	-0.237	0.869	"1"
"差距"	1	1	1	0.948	0.789	1.263	0.167	0.222	-0.209	0.598	"2"
"师"	0	0	1	0.316	0.263	0.421	-0.165	-0.132	0.376	0.673	"3"
"帐单"	1	0	0	0.316	0.263	0.421	0.5	-0.132	-0.237	0.869	"1"
"常"	1	0	0	0.316	0.263	0.421	0.5	-0.132	-0.237	0.869	"1"
"常年"	0	0	1	0.316	0.263	0.421	-0.165	-0.132	0.376	0.673	"3"
"幅度"	0	5	1	1.897	1.577	2.526	-0.99	2.23	-0.694	3.914	"2"
"干部"	2	0	1	0.948	0.789	1.263	0.626	-0.397	-0.209	1.232	"1"
"平"	1	0	0	0.316	0.263	0.421	0.5	-0.132	-0.237	0.869	"1"
"平均"	0	10	8	5.69	4.732	7.577	-2.971	2.099	0.293	5.363	"1"
"平常"	1	0	0	0.316	0.263	0.421	0.5	-0.132	-0.237	0.869	"1"
"平等"	3	0	0	0.948	0.789	1.263	1.5	-0.397	-0.712	2.609	"1"
"平镇国"	1	0	0	0.316	0.263	0.421	0.5	-0.132	-0.237	0.869	"1"
"年"	0	0	3	0.948	0.789	1.263	-0.495	-0.397	1.127	2.019	"3"
"年代"	1	0	0	0.316	0.263	0.421	0.5	-0.132	-0.237	0.869	"1"
"年关"	0	0	1	0.316	0.263	0.421	-0.165	-0.132	0.376	0.673	"3"
"年兴"	0	1	0	0.316	0.263	0.421	-0.165	0.58	-0.237	0.982	"2"
"年前"	0	0	1	0.316	0.263	0.421	-0.165	-0.132	0.376	0.673	"3"
"年度"	1	1	2	1.265	1.052	1.684	-0.205	-0.145	0.251	0.601	"3"
"年终"	0	0	3	0.948	0.789	1.263	-0.495	-0.397	1.127	2.019	"3"
"年终奖"	0	0	1	0.316	0.263	0.421	-0.165	-0.132	0.376	0.673	"3"
"年薪"	0	1	2	0.948	0.789	1.263	-0.495	0.222	0.417	1.134	"1"
"年薪制"	0	0	2	0.632	0.526	0.842	-0.33	-0.265	0.752	1.347	"3"
"年资"	0	0	1	0.316	0.263	0.421	-0.165	-0.132	0.376	0.673	"3"
"并用"	1	0	0	0.316	0.263	0.421	0.5	-0.132	-0.237	0.869	"1"
"幸运"	1	0	0	0.316	0.263	0.421	0.5	-0.132	-0.237	0.869	"1"
"广告"	5	0	0	1.581	1.314	2.105	2.501	-0.662	-1.186	4.349	"1"
"广播剧"	2	0	0	0.632	0.526	0.842	1	-0.265	-0.475	1.74	"1"
"应"	7	1	5	4.11	3.418	5.473	1.094	-0.971	-0.291	2.356	"1"
"应付"	0	0	2	0.632	0.526	0.842	-0.33	-0.265	0.752	1.347	"3"
"应聘者"	1	0	0	0.316	0.263	0.421	0.5	-0.132	-0.237	0.869	"1"
"应该"	3	0	1	1.265	1.052	1.684	1.016	-0.53	-0.357	1.903	"1"
"底薪"	0	0	2	0.632	0.526	0.842	-0.33	-0.265	0.752	1.347	"3"
"庞大"	0	1	0	0.316	0.263	0.421	-0.165	0.58	-0.237	0.982	"2"
"废弃物"	0	2	0	0.632	0.526	0.842	-0.33	1.16	-0.475	1.965	"2"
"度"	0	1	1	0.632	0.526	0.842	-0.33	0.34	0.177	0.847	"2"
"廖永来"	0	0	1	0.316	0.263	0.421	-0.165	-0.132	0.376	0.673	"3"
"延付"	0	0	1	0.316	0.263	0.421	-0.165	-0.132	0.376	0.673	"3"
"延后"	0	0	1	0.316	0.263	0.421	-0.165	-0.132	0.376	0.673	"3"
"延长"	0	0	1	0.316	0.263	0.421	-0.165	-0.132	0.376	0.673	"3"
"建立起"	0	0	1	0.316	0.263	0.421	-0.165	-0.132	0.376	0.673	"3"
"建筑"	0	0	1	0.316	0.263	0.421	-0.165	-0.132	0.376	0.673	"3"
"建议"	0	1	7	2.529	2.103	3.368	-1.32	-0.474	1.927	3.721	"3"
"建造费"	0	1	0	0.316	0.263	0.421	-0.165	0.58	-0.237	0.982	"2"
"开支"	0	1	0	0.316	0.263	0.421	-0.165	0.58	-0.237	0.982	"2"
"开放"	0	3	0	0.948	0.789	1.263	-0.495	1.741	-0.712	2.948	"2"
"开销"	0	0	4	1.265	1.052	1.684	-0.66	-0.53	1.503	2.693	"3"
"开除"	1	0	0	0.316	0.263	0.421	0.5	-0.132	-0.237	0.869	"1"
"引来"	1	0	0	0.316	0.263	0.421	0.5	-0.132	-0.237	0.869	"1"
"引起"	0	1	0	0.316	0.263	0.421	-0.165	0.58	-0.237	0.982	"2"
"引进"	0	0	1	0.316	0.263	0.421	-0.165	-0.132	0.376	0.673	"3"
"弗尼"	0	1	0	0.316	0.263	0.421	-0.165	0.58	-0.237	0.982	"2"
"张德庆"	1	0	0	0.316	0.263	0.421	0.5	-0.132	-0.237	0.869	"1"
"张曼玉"	2	0	0	0.632	0.526	0.842	1	-0.265	-0.475	1.74	"1"
"张铁意"	1	0	0	0.316	0.263	0.421	0.5	-0.132	-0.237	0.869	"1"
"强制性"	0	1	0	0.316	0.263	0.421	-0.165	0.58	-0.237	0.982	"2"
"强化"	0	0	1	0.316	0.263	0.421	-0.165	-0.132	0.376	0.673	"3"
"归"	0	1	0	0.316	0.263	0.421	-0.165	0.58	-0.237	0.982	"2"
"当"	1	1	0	0.632	0.526	0.842	0.274	0.34	-0.475	1.089	"3"
"当中"	0	1	0	0.316	0.263	0.421	-0.165	0.58	-0.237	0.982	"2"
"当局"	1	1	0	0.632	0.526	0.842	0.274	0.34	-0.475	1.089	"3"
"当成"	0	0	2	0.632	0.526	0.842	-0.33	-0.265	0.752	1.347	"3"
"形式"	0	0	1	0.316	0.263	0.421	-0.165	-0.132	0.376	0.673	"3"
"彭百显"	1	0	0	0.316	0.263	0.421	0.5	-0.132	-0.237	0.869	"1"
"影响"	1	0	0	0.316	0.263	0.421	0.5	-0.132	-0.237	0.869	"1"
"影院"	1	0	0	0.316	0.263	0.421	0.5	-0.132	-0.237	0.869	"1"
"往往"	2	0	0	0.632	0.526	0.842	1	-0.265	-0.475	1.74	"1"
"征收"	0	1	1	0.632	0.526	0.842	-0.33	0.34	0.177	0.847	"2"
"待遇"	6	0	3	2.845	2.366	3.789	1.484	-1.192	-0.366	3.042	"1"
"很多"	1	0	0	0.316	0.263	0.421	0.5	-0.132	-0.237	0.869	"1"
"得"	0	2	0	0.632	0.526	0.842	-0.33	1.16	-0.475	1.965	"2"
"得不到"	0	0	1	0.316	0.263	0.421	-0.165	-0.132	0.376	0.673	"3"
"得到"	3	0	0	0.948	0.789	1.263	1.5	-0.397	-0.712	2.609	"1"
"得多"	1	0	0	0.316	0.263	0.421	0.5	-0.132	-0.237	0.869	"1"
"微薄"	2	0	0	0.632	0.526	0.842	1	-0.265	-0.475	1.74	"1"
"必需"	0	1	0	0.316	0.263	0.421	-0.165	0.58	-0.237	0.982	"2"
"必须"	1	0	6	2.213	1.84	2.947	-0.528	-0.927	1.604	3.059	"3"
"怜"	0	1	0	0.316	0.263	0.421	-0.165	0.58	-0.237	0.982	"2"
"急性"	1	0	0	0.316	0.263	0.421	0.5	-0.132	-0.237	0.869	"1"
"性别"	1	0	0	0.316	0.263	0.421	0.5	-0.132	-0.237	0.869	"1"
"性骚扰"	1	0	0	0.316	0.263	0.421	0.5	-0.132	-0.237	0.869	"1"
"总"	0	2	3	1.581	1.314	2.105	-0.825	0.404	0.451	1.68	"1"
"总价"	0	1	0	0.316	0.263	0.421	-0.165	0.58	-0.237	0.982	"2"
"总裁"	0	0	2	0.632	0.526	0.842	-0.33	-0.265	0.752	1.347	"3"
"总额"	0	0	3	0.948	0.789	1.263	-0.495	-0.397	1.127	2.019	"3"
"患病"	1	0	0	0.316	0.263	0.421	0.5	-0.132	-0.237	0.869	"1"
"情事"	1	0	0	0.316	0.263	0.421	0.5	-0.132	-0.237	0.869	"1"
"情形"	0	1	0	0.316	0.263	0.421	-0.165	0.58	-0.237	0.982	"2"
"惠"	1	0	0	0.316	0.263	0.421	0.5	-0.132	-0.237	0.869	"1"
"惯例"	1	1	0	0.632	0.526	0.842	0.274	0.34	-0.475	1.089	"3"
"想得到"	0	1	0	0.316	0.263	0.421	-0.165	0.58	-0.237	0.982	"2"
"想法"	1	0	0	0.316	0.263	0.421	0.5	-0.132	-0.237	0.869	"1"
"意"	0	1	0	0.316	0.263	0.421	-0.165	0.58	-0.237	0.982	"2"
"意味"	1	2	0	0.948	0.789	1.263	0.167	0.767	-0.712	1.646	"2"
"意见书"	1	0	0	0.316	0.263	0.421	0.5	-0.132	-0.237	0.869	"1"
"感化"	2	0	0	0.632	0.526	0.842	1	-0.265	-0.475	1.74	"1"
"愿意"	1	1	1	0.948	0.789	1.263	0.167	0.222	-0.209	0.598	"2"
"慢慢"	0	1	0	0.316	0.263	0.421	-0.165	0.58	-0.237	0.982	"2"
"成本"	0	0	20	6.323	5.258	8.419	-3.301	-2.649	7.515	13.465	"3"
"成绩"	2	0	0	0.632	0.526	0.842	1	-0.265	-0.475	1.74	"1"
"或者"	2	0	0	0.632	0.526	0.842	1	-0.265	-0.475	1.74	"1"
"截然不同"	1	0	0	0.316	0.263	0.421	0.5	-0.132	-0.237	0.869	"1"
"戴上"	1	0	0	0.316	0.263	0.421	0.5	-0.132	-0.237	0.869	"1"
"户头"	1	0	1	0.632	0.526	0.842	0.274	-0.265	0.177	0.716	"1"
"户籍"	1	0	0	0.316	0.263	0.421	0.5	-0.132	-0.237	0.869	"1"
"房地"	0	1	0	0.316	0.263	0.421	-0.165	0.58	-0.237	0.982	"2"
"所"	3	4	3	3.161	2.629	4.21	-0.217	0.593	-0.48	1.29	"2"
"所得"	0	2	1	0.948	0.789	1.263	-0.495	0.767	-0.209	1.471	"2"
"所有制"	0	0	1	0.316	0.263	0.421	-0.165	-0.132	0.376	0.673	"3"
"所谓"	0	0	1	0.316	0.263	0.421	-0.165	-0.132	0.376	0.673	"3"
"手机"	1	0	0	0.316	0.263	0.421	0.5	-0.132	-0.237	0.869	"1"
"打"	0	0	1	0.316	0.263	0.421	-0.165	-0.132	0.376	0.673	"3"
"打折"	1	0	0	0.316	0.263	0.421	0.5	-0.132	-0.237	0.869	"1"
"托欠"	0	0	1	0.316	0.263	0.421	-0.165	-0.132	0.376	0.673	"3"
"扣"	1	0	0	0.316	0.263	0.421	0.5	-0.132	-0.237	0.869	"1"
"扣半薪"	0	0	1	0.316	0.263	0.421	-0.165	-0.132	0.376	0.673	"3"
"扣发"	0	0	1	0.316	0.263	0.421	-0.165	-0.132	0.376	0.673	"3"
"扣除"	0	4	0	1.265	1.052	1.684	-0.66	2.321	-0.949	3.93	"2"
"执行"	0	2	0	0.632	0.526	0.842	-0.33	1.16	-0.475	1.965	"2"
"扩大"	0	0	1	0.316	0.263	0.421	-0.165	-0.132	0.376	0.673	"3"
"扬言"	1	1	0	0.632	0.526	0.842	0.274	0.34	-0.475	1.089	"3"
"扶助"	1	0	0	0.316	0.263	0.421	0.5	-0.132	-0.237	0.869	"1"
"找"	3	0	0	0.948	0.789	1.263	1.5	-0.397	-0.712	2.609	"1"
"承诺"	0	1	0	0.316	0.263	0.421	-0.165	0.58	-0.237	0.982	"2"
"技工"	1	0	0	0.316	0.263	0.421	0.5	-0.132	-0.237	0.869	"1"
"技师"	0	0	1	0.316	0.263	0.421	-0.165	-0.132	0.376	0.673	"3"
"把"	2	2	2	1.897	1.577	2.526	0.212	0.304	-0.3	0.816	"2"
"抓"	1	0	0	0.316	0.263	0.421	0.5	-0.132	-0.237	0.869	"1"
"投保"	0	1	4	1.581	1.314	2.105	-0.825	-0.218	0.982	2.025	"3"
"投入"	0	0	1	0.316	0.263	0.421	-0.165	-0.132	0.376	0.673	"3"
"投资"	3	0	0	0.948	0.789	1.263	1.5	-0.397	-0.712	2.609	"1"
"抖出"	1	0	0	0.316	0.263	0.421	0.5	-0.132	-0.237	0.869	"1"
"抗议"	0	0	1	0.316	0.263	0.421	-0.165	-0.132	0.376	0.673	"3"
"抚卹"	0	0	1	0.316	0.263	0.421	-0.165	-0.132	0.376	0.673	"3"
"报"	1	0	0	0.316	0.263	0.421	0.5	-0.132	-0.237	0.869	"1"
"报警"	0	1	0	0.316	0.263	0.421	-0.165	0.58	-0.237	0.982	"2"
"报酬"	2	0	0	0.632	0.526	0.842	1	-0.265	-0.475	1.74	"1"
"抱怨"	1	0	0	0.316	0.263	0.421	0.5	-0.132	-0.237	0.869	"1"
"拉动"	0	0	1	0.316	0.263	0.421	-0.165	-0.132	0.376	0.673	"3"
"拉法"	0	1	0	0.316	0.263	0.421	-0.165	0.58	-0.237	0.982	"2"
"拉法叶"	0	2	0	0.632	0.526	0.842	-0.33	1.16	-0.475	1.965	"2"
"拉法叶舰"	0	2	0	0.632	0.526	0.842	-0.33	1.16	-0.475	1.965	"2"
"拉美"	0	1	0	0.316	0.263	0.421	-0.165	0.58	-0.237	0.982	"2"
"拉齐奥"	0	1	0	0.316	0.263	0.421	-0.165	0.58	-0.237	0.982	"2"
"拍"	2	0	0	0.632	0.526	0.842	1	-0.265	-0.475	1.74	"1"
"拒付"	0	1	0	0.316	0.263	0.421	-0.165	0.58	-0.237	0.982	"2"
"拒绝"	1	1	0	0.632	0.526	0.842	0.274	0.34	-0.475	1.089	"3"
"拖"	0	0	1	0.316	0.263	0.421	-0.165	-0.132	0.376	0.673	"3"
"拖欠"	0	0	9	2.845	2.366	3.789	-1.485	-1.192	3.382	6.059	"3"
"拘禁"	1	0	0	0.316	0.263	0.421	0.5	-0.132	-0.237	0.869	"1"
"拜"	1	0	0	0.316	0.263	0.421	0.5	-0.132	-0.237	0.869	"1"
"拨入"	0	0	1	0.316	0.263	0.421	-0.165	-0.132	0.376	0.673	"3"
"拿"	5	0	3	2.529	2.103	3.368	1.146	-1.06	-0.264	2.47	"1"
"拿不到"	0	0	1	0.316	0.263	0.421	-0.165	-0.132	0.376	0.673	"3"
"挂钩"	2	0	2	1.265	1.052	1.684	0.424	-0.53	0.251	1.205	"2"
"指向"	1	0	0	0.316	0.263	0.421	0.5	-0.132	-0.237	0.869	"1"
"指导"	0	0	4	1.265	1.052	1.684	-0.66	-0.53	1.503	2.693	"3"
"指控"	1	0	0	0.316	0.263	0.421	0.5	-0.132	-0.237	0.869	"1"
"按"	0	1	3	1.265	1.052	1.684	-0.66	-0.145	0.69	1.495	"3"
"按照"	0	1	0	0.316	0.263	0.421	-0.165	0.58	-0.237	0.982	"2"
"挑剔"	1	0	0	0.316	0.263	0.421	0.5	-0.132	-0.237	0.869	"1"
"挣"	0	0	1	0.316	0.263	0.421	-0.165	-0.132	0.376	0.673	"3"
"捐出"	0	1	0	0.316	0.263	0.421	-0.165	0.58	-0.237	0.982	"2"
"捕捞"	0	1	0	0.316	0.263	0.421	-0.165	0.58	-0.237	0.982	"2"
"据悉"	0	1	0	0.316	0.263	0.421	-0.165	0.58	-0.237	0.982	"2"
"据说"	0	1	0	0.316	0.263	0.421	-0.165	0.58	-0.237	0.982	"2"
"採购"	1	0	0	0.316	0.263	0.421	0.5	-0.132	-0.237	0.869	"1"
"接轨"	1	0	0	0.316	0.263	0.421	0.5	-0.132	-0.237	0.869	"1"
"控"	1	0	0	0.316	0.263	0.421	0.5	-0.132	-0.237	0.869	"1"
"推行"	0	0	1	0.316	0.263	0.421	-0.165	-0.132	0.376	0.673	"3"
"推论"	0	0	1	0.316	0.263	0.421	-0.165	-0.132	0.376	0.673	"3"
"掮客"	2	0	0	0.632	0.526	0.842	1	-0.265	-0.475	1.74	"1"
"提"	0	1	0	0.316	0.263	0.421	-0.165	0.58	-0.237	0.982	"2"
"提供"	0	0	2	0.632	0.526	0.842	-0.33	-0.265	0.752	1.347	"3"
"提出"	0	1	6	2.213	1.84	2.947	-1.155	-0.384	1.604	3.143	"3"
"提前"	0	1	0	0.316	0.263	0.421	-0.165	0.58	-0.237	0.982	"2"
"提取"	0	1	0	0.316	0.263	0.421	-0.165	0.58	-0.237	0.982	"2"
"提高"	5	1	9	4.742	3.943	6.314	0.268	-1.184	0.896	2.348	"2"
"提高到"	0	1	0	0.316	0.263	0.421	-0.165	0.58	-0.237	0.982	"2"
"插旗"	0	1	0	0.316	0.263	0.421	-0.165	0.58	-0.237	0.982	"2"
"撤回"	1	0	0	0.316	0.263	0.421	0.5	-0.132	-0.237	0.869	"1"
"撤销"	0	0	1	0.316	0.263	0.421	-0.165	-0.132	0.376	0.673	"3"
"撤除"	0	1	0	0.316	0.263	0.421	-0.165	0.58	-0.237	0.982	"2"
"支付"	1	14	2	5.374	4.469	7.156	-1.858	5.657	-2.103	9.618	"2"
"支出"	0	1	3	1.265	1.052	1.684	-0.66	-0.145	0.69	1.495	"3"
"支领"	2	0	0	0.632	0.526	0.842	1	-0.265	-0.475	1.74	"1"
"收"	0	1	0	0.316	0.263	0.421	-0.165	0.58	-0.237	0.982	"2"
"收入"	0	1	11	3.794	3.155	5.052	-1.98	-0.867	3.266	6.113	"3"
"收到"	1	0	0	0.316	0.263	0.421	0.5	-0.132	-0.237	0.869	"1"
"收取"	0	2	0	0.632	0.526	0.842	-0.33	1.16	-0.475	1.965	"2"
"收受"	1	0	0	0.316	0.263	0.421	0.5	-0.132	-0.237	0.869	"1"
"收费"	0	1	0	0.316	0.263	0.421	-0.165	0.58	-0.237	0.982	"2"
"收钱"	0	0	1	0.316	0.263	0.421	-0.165	-0.132	0.376	0.673	"3"
"改"	1	0	0	0.316	0.263	0.421	0.5	-0.132	-0.237	0.869	"1"
"改进"	1	0	0	0.316	0.263	0.421	0.5	-0.132	-0.237	0.869	"1"
"改革"	0	0	15	4.742	3.943	6.314	-2.475	-1.987	5.636	10.098	"3"
"政府"	0	0	2	0.632	0.526	0.842	-0.33	-0.265	0.752	1.347	"3"
"效率"	0	0	1	0.316	0.263	0.421	-0.165	-0.132	0.376	0.673	"3"
"效益"	0	0	4	1.265	1.052	1.684	-0.66	-0.53	1.503	2.693	"3"
"教师"	1	0	10	3.477	2.892	4.631	-1.031	-1.457	2.926	5.414	"3"
"教练"	1	0	1	0.632	0.526	0.842	0.274	-0.265	0.177	0.716	"1"
"散户"	0	1	0	0.316	0.263	0.421	-0.165	0.58	-0.237	0.982	"2"
"数位化"	0	1	0	0.316	0.263	0.421	-0.165	0.58	-0.237	0.982	"2"
"数十亿"	0	1	0	0.316	0.263	0.421	-0.165	0.58	-0.237	0.982	"2"
"数百万"	0	1	0	0.316	0.263	0.421	-0.165	0.58	-0.237	0.982	"2"
"数目"	1	0	0	0.316	0.263	0.421	0.5	-0.132	-0.237	0.869	"1"
"整体"	0	1	0	0.316	0.263	0.421	-0.165	0.58	-0.237	0.982	"2"
"文教业"	0	1	0	0.316	0.263	0.421	-0.165	0.58	-0.237	0.982	"2"
"料"	0	0	2	0.632	0.526	0.842	-0.33	-0.265	0.752	1.347	"3"
"新元"	0	4	0	1.265	1.052	1.684	-0.66	2.321	-0.949	3.93	"2"
"新台币"	0	1	0	0.316	0.263	0.421	-0.165	0.58	-0.237	0.982	"2"
"新航"	0	0	2	0.632	0.526	0.842	-0.33	-0.265	0.752	1.347	"3"
"方法"	0	0	1	0.316	0.263	0.421	-0.165	-0.132	0.376	0.673	"3"
"方面"	6	0	1	2.213	1.84	2.947	2.293	-0.927	-0.877	4.097	"1"
"无关"	0	1	0	0.316	0.263	0.421	-0.165	0.58	-0.237	0.982	"2"
"无法"	1	0	2	0.948	0.789	1.263	0.167	-0.397	0.417	0.981	"3"
"无理"	1	0	0	0.316	0.263	0.421	0.5	-0.132	-0.237	0.869	"1"
"无需"	1	1	0	0.632	0.526	0.842	0.274	0.34	-0.475	1.089	"3"
"既然"	0	1	0	0.316	0.263	0.421	-0.165	0.58	-0.237	0.982	"2"
"日晒"	0	0	1	0.316	0.263	0.421	-0.165	-0.132	0.376	0.673	"3"
"日期"	1	0	0	0.316	0.263	0.421	0.5	-0.132	-0.237	0.869	"1"
"明"	1	0	0	0.316	0.263	0.421	0.5	-0.132	-0.237	0.869	"1"
"明了"	1	0	0	0.316	0.263	0.421	0.5	-0.132	-0.237	0.869	"1"
"明年"	1	1	0	0.632	0.526	0.842	0.274	0.34	-0.475	1.089	"3"
"明显"	0	0	1	0.316	0.263	0.421	-0.165	-0.132	0.376	0.673	"3"
"星"	1	0	0	0.316	0.263	0.421	0.5	-0.132	-0.237	0.869	"1"
"是以"	0	2	0	0.632	0.526	0.842	-0.33	1.16	-0.475	1.965	"2"
"显示"	0	1	1	0.632	0.526	0.842	-0.33	0.34	0.177	0.847	"2"
"显著"	0	0	1	0.316	0.263	0.421	-0.165	-0.132	0.376	0.673	"3"
"晋级"	1	0	0	0.316	0.263	0.421	0.5	-0.132	-0.237	0.869	"1"
"普惠制"	1	0	0	0.316	0.263	0.421	0.5	-0.132	-0.237	0.869	"1"
"普通"	0	1	0	0.316	0.263	0.421	-0.165	0.58	-0.237	0.982	"2"
"普遍"	0	1	0	0.316	0.263	0.421	-0.165	0.58	-0.237	0.982	"2"
"暂定"	0	0	1	0.316	0.263	0.421	-0.165	-0.132	0.376	0.673	"3"
"曲乐恒"	0	0	1	0.316	0.263	0.421	-0.165	-0.132	0.376	0.673	"3"
"更为"	0	0	1	0.316	0.263	0.421	-0.165	-0.132	0.376	0.673	"3"
"曼联"	2	0	0	0.632	0.526	0.842	1	-0.265	-0.475	1.74	"1"
"替"	1	0	0	0.316	0.263	0.421	0.5	-0.132	-0.237	0.869	"1"
"最"	0	10	2	3.794	3.155	5.052	-1.98	4.219	-1.198	7.397	"2"
"最优"	2	0	0	0.632	0.526	0.842	1	-0.265	-0.475	1.74	"1"
"最好"	0	0	1	0.316	0.263	0.421	-0.165	-0.132	0.376	0.673	"3"
"最少"	0	1	0	0.316	0.263	0.421	-0.165	0.58	-0.237	0.982	"2"
"最惠国"	6	0	0	1.897	1.577	2.526	3.001	-0.795	-1.424	5.22	"1"
"月"	4	16	14	10.749	8.939	14.313	-2.157	2.133	-0.276	4.566	"1"
"有着落"	0	0	1	0.316	0.263	0.421	-0.165	-0.132	0.376	0.673	"3"
"有限"	0	1	0	0.316	0.263	0.421	-0.165	0.58	-0.237	0.982	"2"
"服役球"	1	0	0	0.316	0.263	0.421	0.5	-0.132	-0.237	0.869	"1"
"朝九晚五"	1	0	0	0.316	0.263	0.421	0.5	-0.132	-0.237	0.869	"1"
"朝邑镇"	0	0	1	0.316	0.263	0.421	-0.165	-0.132	0.376	0.673	"3"
"期间"	2	0	3	1.581	1.314	2.105	0.297	-0.662	0.451	1.41	"2"
"未"	1	0	1	0.632	0.526	0.842	0.274	-0.265	0.177	0.716	"1"
"本人"	1	0	0	0.316	0.263	0.421	0.5	-0.132	-0.237	0.869	"1"
"本地"	0	3	1	1.265	1.052	1.684	-0.66	1.234	-0.357	2.251	"2"
"本身"	0	0	1	0.316	0.263	0.421	-0.165	-0.132	0.376	0.673	"3"
"机关"	0	0	2	0.632	0.526	0.842	-0.33	-0.265	0.752	1.347	"3"
"机制"	0	0	1	0.316	0.263	0.421	-0.165	-0.132	0.376	0.673	"3"
"机师"	0	2	0	0.632	0.526	0.842	-0.33	1.16	-0.475	1.965	"2"
"机构"	0	0	1	0.316	0.263	0.421	-0.165	-0.132	0.376	0.673	"3"
"杂志"	0	0	1	0.316	0.263	0.421	-0.165	-0.132	0.376	0.673	"3"
"李文和"	1	1	0	0.632	0.526	0.842	0.274	0.34	-0.475	1.089	"3"
"李显龙"	1	0	1	0.632	0.526	0.842	0.274	-0.265	0.177	0.716	"1"
"李玟"	2	0	0	0.632	0.526	0.842	1	-0.265	-0.475	1.74	"1"
"村"	0	2	0	0.632	0.526	0.842	-0.33	1.16	-0.475	1.965	"2"
"杜马"	0	3	0	0.948	0.789	1.263	-0.495	1.741	-0.712	2.948	"2"
"条件"	0	0	2	0.632	0.526	0.842	-0.33	-0.265	0.752	1.347	"3"
"来"	1	0	0	0.316	0.263	0.421	0.5	-0.132	-0.237	0.869	"1"
"林家"	1	0	0	0.316	0.263	0.421	0.5	-0.132	-0.237	0.869	"1"
"林文兴"	0	0	1	0.316	0.263	0.421	-0.165	-0.132	0.376	0.673	"3"
"枪手"	1	0	0	0.316	0.263	0.421	0.5	-0.132	-0.237	0.869	"1"
"某些"	0	1	0	0.316	0.263	0.421	-0.165	0.58	-0.237	0.982	"2"
"查封"	0	0	1	0.316	0.263	0.421	-0.165	-0.132	0.376	0.673	"3"
"柴油机"	0	0	1	0.316	0.263	0.421	-0.165	-0.132	0.376	0.673	"3"
"标准"	1	2	4	2.213	1.84	2.947	-0.528	0.232	0.48	1.24	"1"
"标志"	1	0	0	0.316	0.263	0.421	0.5	-0.132	-0.237	0.869	"1"
"校园"	1	0	0	0.316	0.263	0.421	0.5	-0.132	-0.237	0.869	"1"
"样"	2	0	0	0.632	0.526	0.842	1	-0.265	-0.475	1.74	"1"
"核发"	1	0	0	0.316	0.263	0.421	0.5	-0.132	-0.237	0.869	"1"
"根据"	3	0	4	2.213	1.84	2.947	0.409	-0.927	0.48	1.816	"2"
"根本"	0	0	2	0.632	0.526	0.842	-0.33	-0.265	0.752	1.347	"3"
"格拉索"	2	0	0	0.632	0.526	0.842	1	-0.265	-0.475	1.74	"1"
"案"	0	1	0	0.316	0.263	0.421	-0.165	0.58	-0.237	0.982	"2"
"档"	0	0	1	0.316	0.263	0.421	-0.165	-0.132	0.376	0.673	"3"
"检讨"	3	0	0	0.948	0.789	1.263	1.5	-0.397	-0.712	2.609	"1"
"榜首"	0	1	0	0.316	0.263	0.421	-0.165	0.58	-0.237	0.982	"2"
"欠"	0	0	2	0.632	0.526	0.842	-0.33	-0.265	0.752	1.347	"3"
"欧盟国家"	1	0	0	0.316	0.263	0.421	0.5	-0.132	-0.237	0.869	"1"
"款项"	0	0	1	0.316	0.263	0.421	-0.165	-0.132	0.376	0.673	"3"
"歌"	0	1	0	0.316	0.263	0.421	-0.165	0.58	-0.237	0.982	"2"
"歌星"	0	1	0	0.316	0.263	0.421	-0.165	0.58	-0.237	0.982	"2"
"正"	0	0	1	0.316	0.263	0.421	-0.165	-0.132	0.376	0.673	"3"
"正常"	0	1	4	1.581	1.314	2.105	-0.825	-0.218	0.982	2.025	"3"
"步伐"	0	0	1	0.316	0.263	0.421	-0.165	-0.132	0.376	0.673	"3"
"步骤"	0	0	1	0.316	0.263	0.421	-0.165	-0.132	0.376	0.673	"3"
"歧视"	1	0	0	0.316	0.263	0.421	0.5	-0.132	-0.237	0.869	"1"
"歧视性"	1	0	0	0.316	0.263	0.421	0.5	-0.132	-0.237	0.869	"1"
"殊"	0	1	0	0.316	0.263	0.421	-0.165	0.58	-0.237	0.982	"2"
"残遗"	0	0	1	0.316	0.263	0.421	-0.165	-0.132	0.376	0.673	"3"
"每"	1	17	8	8.22	6.835	10.945	-3.176	4.479	-0.78	8.435	"2"
"比"	0	0	1	0.316	0.263	0.421	-0.165	-0.132	0.376	0.673	"3"
"比不上"	1	0	0	0.316	0.263	0.421	0.5	-0.132	-0.237	0.869	"1"
"比例"	0	1	3	1.265	1.052	1.684	-0.66	-0.145	0.69	1.495	"3"
"比照"	0	2	1	0.948	0.789	1.263	-0.495	0.767	-0.209	1.471	"2"
"比率"	1	0	0	0.316	0.263	0.421	0.5	-0.132	-0.237	0.869	"1"
"比起"	0	1	0	0.316	0.263	0.421	-0.165	0.58	-0.237	0.982	"2"
"比较"	1	0	2	0.948	0.789	1.263	0.167	-0.397	0.417	0.981	"3"
"毫无"	1	0	0	0.316	0.263	0.421	0.5	-0.132	-0.237	0.869	"1"
"民脂民膏"	1	0	0	0.316	0.263	0.421	0.5	-0.132	-0.237	0.869	"1"
"水准"	2	2	1	1.581	1.314	2.105	0.297	0.404	-0.52	1.221	"3"
"水平"	0	2	5	2.213	1.84	2.947	-1.155	0.232	0.928	2.315	"1"
"水电费"	1	0	0	0.316	0.263	0.421	0.5	-0.132	-0.237	0.869	"1"
"汤姆"	0	2	0	0.632	0.526	0.842	-0.33	1.16	-0.475	1.965	"2"
"汪传浦"	0	1	0	0.316	0.263	0.421	-0.165	0.58	-0.237	0.982	"2"
"汪淑芬"	1	0	0	0.316	0.263	0.421	0.5	-0.132	-0.237	0.869	"1"
"没有"	1	3	0	1.265	1.052	1.684	-0.205	1.234	-0.949	2.388	"2"
"法会"	0	1	0	0.316	0.263	0.421	-0.165	0.58	-0.237	0.982	"2"
"法利赫"	1	0	0	0.316	0.263	0.421	0.5	-0.132	-0.237	0.869	"1"
"法国"	0	5	0	1.581	1.314	2.105	-0.825	2.901	-1.186	4.912	"2"
"法官"	0	2	0	0.632	0.526	0.842	-0.33	1.16	-0.475	1.965	"2"
"法案"	1	0	0	0.316	0.263	0.421	0.5	-0.132	-0.237	0.869	"1"
"法郎"	0	6	0	1.897	1.577	2.526	-0.99	3.481	-1.424	5.895	"2"
"波"	1	0	0	0.316	0.263	0.421	0.5	-0.132	-0.237	0.869	"1"
"洛斯阿拉莫斯"	0	1	0	0.316	0.263	0.421	-0.165	0.58	-0.237	0.982	"2"
"津贴"	1	1	1	0.948	0.789	1.263	0.167	0.222	-0.209	0.598	"2"
"洪流"	0	0	1	0.316	0.263	0.421	-0.165	-0.132	0.376	0.673	"3"
"活"	0	0	1	0.316	0.263	0.421	-0.165	-0.132	0.376	0.673	"3"
"活口"	0	0	1	0.316	0.263	0.421	-0.165	-0.132	0.376	0.673	"3"
"流行"	1	0	0	0.316	0.263	0.421	0.5	-0.132	-0.237	0.869	"1"
"海军"	0	1	0	0.316	0.263	0.421	-0.165	0.58	-0.237	0.982	"2"
"涉及"	0	1	0	0.316	0.263	0.421	-0.165	0.58	-0.237	0.982	"2"
"涉嫌"	0	2	0	0.632	0.526	0.842	-0.33	1.16	-0.475	1.965	"2"
"涌向"	1	0	1	0.632	0.526	0.842	0.274	-0.265	0.177	0.716	"1"
"涨"	1	0	0	0.316	0.263	0.421	0.5	-0.132	-0.237	0.869	"1"
"涨幅"	0	0	1	0.316	0.263	0.421	-0.165	-0.132	0.376	0.673	"3"
"涨落"	0	0	1	0.316	0.263	0.421	-0.165	-0.132	0.376	0.673	"3"
"淡化"	0	0	1	0.316	0.263	0.421	-0.165	-0.132	0.376	0.673	"3"
"渎职案"	1	0	0	0.316	0.263	0.421	0.5	-0.132	-0.237	0.869	"1"
"渡过"	2	0	1	0.948	0.789	1.263	0.626	-0.397	-0.209	1.232	"1"
"港元"	1	1	0	0.632	0.526	0.842	0.274	0.34	-0.475	1.089	"3"
"港务"	0	0	1	0.316	0.263	0.421	-0.165	-0.132	0.376	0.673	"3"
"港府"	0	1	0	0.316	0.263	0.421	-0.165	0.58	-0.237	0.982	"2"
"湖人"	1	0	0	0.316	0.263	0.421	0.5	-0.132	-0.237	0.869	"1"
"漏报"	0	1	0	0.316	0.263	0.421	-0.165	0.58	-0.237	0.982	"2"
"演出"	3	1	0	1.265	1.052	1.684	1.016	-0.145	-0.949	2.11	"1"
"演员"	3	0	0	0.948	0.789	1.263	1.5	-0.397	-0.712	2.609	"1"
"演唱会"	1	0	0	0.316	0.263	0.421	0.5	-0.132	-0.237	0.869	"1"
"演唱者"	1	0	0	0.316	0.263	0.421	0.5	-0.132	-0.237	0.869	"1"
"灵活"	1	0	6	2.213	1.84	2.947	-0.528	-0.927	1.604	3.059	"3"
"灵活性"	1	0	1	0.632	0.526	0.842	0.274	-0.265	0.177	0.716	"1"
"然后"	0	0	1	0.316	0.263	0.421	-0.165	-0.132	0.376	0.673	"3"
"照发"	0	0	1	0.316	0.263	0.421	-0.165	-0.132	0.376	0.673	"3"
"照常"	0	0	1	0.316	0.263	0.421	-0.165	-0.132	0.376	0.673	"3"
"牦牛工"	0	0	1	0.316	0.263	0.421	-0.165	-0.132	0.376	0.673	"3"
"物价"	0	0	2	0.632	0.526	0.842	-0.33	-0.265	0.752	1.347	"3"
"特优"	1	0	0	0.316	0.263	0.421	0.5	-0.132	-0.237	0.869	"1"
"特例"	0	1	0	0.316	0.263	0.421	-0.165	0.58	-0.237	0.982	"2"
"特别"	2	0	0	0.632	0.526	0.842	1	-0.265	-0.475	1.74	"1"
"特殊"	4	0	0	1.265	1.052	1.684	2.001	-0.53	-0.949	3.48	"1"
"特级"	0	0	1	0.316	0.263	0.421	-0.165	-0.132	0.376	0.673	"3"
"牺牲"	0	1	0	0.316	0.263	0.421	-0.165	0.58	-0.237	0.982	"2"
"狠"	1	0	0	0.316	0.263	0.421	0.5	-0.132	-0.237	0.869	"1"
"率先"	0	1	0	0.316	0.263	0.421	-0.165	0.58	-0.237	0.982	"2"
"王淑娟"	1	0	0	0.316	0.263	0.421	0.5	-0.132	-0.237	0.869	"1"
"王玉强"	0	1	1	0.632	0.526	0.842	-0.33	0.34	0.177	0.847	"2"
"现行"	0	1	0	0.316	0.263	0.421	-0.165	0.58	-0.237	0.982	"2"
"球会"	4	0	0	1.265	1.052	1.684	2.001	-0.53	-0.949	3.48	"1"
"球员"	10	0	0	3.161	2.629	4.21	5.001	-1.325	-2.373	8.699	"1"
"球赛"	1	0	0	0.316	0.263	0.421	0.5	-0.132	-0.237	0.869	"1"
"球队"	2	0	0	0.632	0.526	0.842	1	-0.265	-0.475	1.74	"1"
"理"	1	0	0	0.316	0.263	0.421	0.5	-0.132	-0.237	0.869	"1"
"理事"	0	0	1	0.316	0.263	0.421	-0.165	-0.132	0.376	0.673	"3"
"理事会"	2	0	4	1.897	1.577	2.526	0.212	-0.795	0.679	1.686	"2"
"理解"	0	0	2	0.632	0.526	0.842	-0.33	-0.265	0.752	1.347	"3"
"瑞士"	0	1	0	0.316	0.263	0.421	-0.165	0.58	-0.237	0.982	"2"
"甘肃"	0	0	1	0.316	0.263	0.421	-0.165	-0.132	0.376	0.673	"3"
"甚"	0	1	0	0.316	0.263	0.421	-0.165	0.58	-0.237	0.982	"2"
"甚至"	0	0	1	0.316	0.263	0.421	-0.165	-0.132	0.376	0.673	"3"
"生产力"	0	1	1	0.632	0.526	0.842	-0.33	0.34	0.177	0.847	"2"
"生活"	6	0	0	1.897	1.577	2.526	3.001	-0.795	-1.424	5.22	"1"
"生活费"	0	0	1	0.316	0.263	0.421	-0.165	-0.132	0.376	0.673	"3"
"用人"	1	0	0	0.316	0.263	0.421	0.5	-0.132	-0.237	0.869	"1"
"用来"	0	1	0	0.316	0.263	0.421	-0.165	0.58	-0.237	0.982	"2"
"由"	0	1	0	0.316	0.263	0.421	-0.165	0.58	-0.237	0.982	"2"
"申领"	0	0	1	0.316	0.263	0.421	-0.165	-0.132	0.376	0.673	"3"
"男"	1	0	0	0.316	0.263	0.421	0.5	-0.132	-0.237	0.869	"1"
"界"	0	0	1	0.316	0.263	0.421	-0.165	-0.132	0.376	0.673	"3"
"留住"	0	0	1	0.316	0.263	0.421	-0.165	-0.132	0.376	0.673	"3"
"番"	1	0	0	0.316	0.263	0.421	0.5	-0.132	-0.237	0.869	"1"
"病"	3	0	0	0.948	0.789	1.263	1.5	-0.397	-0.712	2.609	"1"
"病假"	0	1	0	0.316	0.263	0.421	-0.165	0.58	-0.237	0.982	"2"
"病重"	1	0	0	0.316	0.263	0.421	0.5	-0.132	-0.237	0.869	"1"
"痛"	1	0	0	0.316	0.263	0.421	0.5	-0.132	-0.237	0.869	"1"
"白皮书"	0	0	1	0.316	0.263	0.421	-0.165	-0.132	0.376	0.673	"3"
"白领"	1	0	0	0.316	0.263	0.421	0.5	-0.132	-0.237	0.869	"1"
"百"	0	1	0	0.316	0.263	0.421	-0.165	0.58	-0.237	0.982	"2"
"百分之一"	0	1	0	0.316	0.263	0.421	-0.165	0.58	-0.237	0.982	"2"
"百分之三"	0	1	0	0.316	0.263	0.421	-0.165	0.58	-0.237	0.982	"2"
"百分之二十"	0	0	1	0.316	0.263	0.421	-0.165	-0.132	0.376	0.673	"3"
"百分之八十"	1	0	0	0.316	0.263	0.421	0.5	-0.132	-0.237	0.869	"1"
"百分之十八点七"	0	1	0	0.316	0.263	0.421	-0.165	0.58	-0.237	0.982	"2"
"百分之零"	0	0	1	0.316	0.263	0.421	-0.165	-0.132	0.376	0.673	"3"
"百分之零点一"	0	1	0	0.316	0.263	0.421	-0.165	0.58	-0.237	0.982	"2"
"盈利"	0	0	1	0.316	0.263	0.421	-0.165	-0.132	0.376	0.673	"3"
"监狱"	1	0	0	0.316	0.263	0.421	0.5	-0.132	-0.237	0.869	"1"
"监督"	1	0	0	0.316	0.263	0.421	0.5	-0.132	-0.237	0.869	"1"
"相关"	1	0	0	0.316	0.263	0.421	0.5	-0.132	-0.237	0.869	"1"
"相同"	2	0	1	0.948	0.789	1.263	0.626	-0.397	-0.209	1.232	"1"
"相差"	0	1	0	0.316	0.263	0.421	-0.165	0.58	-0.237	0.982	"2"
"相应"	1	0	1	0.632	0.526	0.842	0.274	-0.265	0.177	0.716	"1"
"相当于"	0	2	1	0.948	0.789	1.263	-0.495	0.767	-0.209	1.471	"2"
"相比"	0	1	0	0.316	0.263	0.421	-0.165	0.58	-0.237	0.982	"2"
"看"	1	0	0	0.316	0.263	0.421	0.5	-0.132	-0.237	0.869	"1"
"看中"	1	0	0	0.316	0.263	0.421	0.5	-0.132	-0.237	0.869	"1"
"真正"	1	0	0	0.316	0.263	0.421	0.5	-0.132	-0.237	0.869	"1"
"真相"	0	1	1	0.632	0.526	0.842	-0.33	0.34	0.177	0.847	"2"
"着手"	0	0	1	0.316	0.263	0.421	-0.165	-0.132	0.376	0.673	"3"
"矛头"	1	0	0	0.316	0.263	0.421	0.5	-0.132	-0.237	0.869	"1"
"知"	1	0	0	0.316	0.263	0.421	0.5	-0.132	-0.237	0.869	"1"
"知识分子"	1	0	0	0.316	0.263	0.421	0.5	-0.132	-0.237	0.869	"1"
"知道"	1	0	0	0.316	0.263	0.421	0.5	-0.132	-0.237	0.869	"1"
"短痛"	0	0	1	0.316	0.263	0.421	-0.165	-0.132	0.376	0.673	"3"
"破"	1	0	0	0.316	0.263	0.421	0.5	-0.132	-0.237	0.869	"1"
"破解"	0	1	0	0.316	0.263	0.421	-0.165	0.58	-0.237	0.982	"2"
"确保"	0	0	1	0.316	0.263	0.421	-0.165	-0.132	0.376	0.673	"3"
"确定"	1	0	0	0.316	0.263	0.421	0.5	-0.132	-0.237	0.869	"1"
"碗"	1	0	0	0.316	0.263	0.421	0.5	-0.132	-0.237	0.869	"1"
"祖母"	1	0	0	0.316	0.263	0.421	0.5	-0.132	-0.237	0.869	"1"
"福利"	6	0	2	2.529	2.103	3.368	1.827	-1.06	-0.564	3.451	"1"
"离"	0	0	1	0.316	0.263	0.421	-0.165	-0.132	0.376	0.673	"3"
"离去"	0	0	1	0.316	0.263	0.421	-0.165	-0.132	0.376	0.673	"3"
"离开"	1	0	0	0.316	0.263	0.421	0.5	-0.132	-0.237	0.869	"1"
"私营"	0	0	1	0.316	0.263	0.421	-0.165	-0.132	0.376	0.673	"3"
"种"	6	0	0	1.897	1.577	2.526	3.001	-0.795	-1.424	5.22	"1"
"种族"	1	0	0	0.316	0.263	0.421	0.5	-0.132	-0.237	0.869	"1"
"科"	1	0	0	0.316	0.263	0.421	0.5	-0.132	-0.237	0.869	"1"
"科研"	1	0	0	0.316	0.263	0.421	0.5	-0.132	-0.237	0.869	"1"
"租金"	0	0	1	0.316	0.263	0.421	-0.165	-0.132	0.376	0.673	"3"
"积"	0	0	1	0.316	0.263	0.421	-0.165	-0.132	0.376	0.673	"3"
"积欠"	0	0	3	0.948	0.789	1.263	-0.495	-0.397	1.127	2.019	"3"
"移民"	0	1	0	0.316	0.263	0.421	-0.165	0.58	-0.237	0.982	"2"
"稳定"	0	0	1	0.316	0.263	0.421	-0.165	-0.132	0.376	0.673	"3"
"究"	2	0	0	0.632	0.526	0.842	1	-0.265	-0.475	1.74	"1"
"立委"	0	0	1	0.316	0.263	0.421	-0.165	-0.132	0.376	0.673	"3"
"竞争"	0	0	2	0.632	0.526	0.842	-0.33	-0.265	0.752	1.347	"3"
"竞争力"	0	0	4	1.265	1.052	1.684	-0.66	-0.53	1.503	2.693	"3"
"竟然"	1	0	0	0.316	0.263	0.421	0.5	-0.132	-0.237	0.869	"1"
"章"	0	0	1	0.316	0.263	0.421	-0.165	-0.132	0.376	0.673	"3"
"笔"	0	1	0	0.316	0.263	0.421	-0.165	0.58	-0.237	0.982	"2"
"笙"	0	2	0	0.632	0.526	0.842	-0.33	1.16	-0.475	1.965	"2"
"笙拒支"	0	1	0	0.316	0.263	0.421	-0.165	0.58	-0.237	0.982	"2"
"等于"	1	1	0	0.632	0.526	0.842	0.274	0.34	-0.475	1.089	"3"
"等级"	0	0	1	0.316	0.263	0.421	-0.165	-0.132	0.376	0.673	"3"
"答应"	1	1	0	0.632	0.526	0.842	0.274	0.34	-0.475	1.089	"3"
"签"	1	0	0	0.316	0.263	0.421	0.5	-0.132	-0.237	0.869	"1"
"签定"	0	1	0	0.316	0.263	0.421	-0.165	0.58	-0.237	0.982	"2"
"签订"	1	1	1	0.948	0.789	1.263	0.167	0.222	-0.209	0.598	"2"
"签证"	5	0	0	1.581	1.314	2.105	2.501	-0.662	-1.186	4.349	"1"
"算"	0	1	1	0.632	0.526	0.842	-0.33	0.34	0.177	0.847	"2"
"管理"	2	0	0	0.632	0.526	0.842	1	-0.265	-0.475	1.74	"1"
"管理层"	0	0	2	0.632	0.526	0.842	-0.33	-0.265	0.752	1.347	"3"
"米亚拉"	0	2	0	0.632	0.526	0.842	-0.33	1.16	-0.475	1.965	"2"
"糗事"	1	0	0	0.316	0.263	0.421	0.5	-0.132	-0.237	0.869	"1"
"累"	0	0	2	0.632	0.526	0.842	-0.33	-0.265	0.752	1.347	"3"
"累计"	0	0	1	0.316	0.263	0.421	-0.165	-0.132	0.376	0.673	"3"
"纠正"	1	0	1	0.632	0.526	0.842	0.274	-0.265	0.177	0.716	"1"
"约"	2	6	0	2.529	2.103	3.368	-0.292	2.255	-1.898	4.445	"2"
"约翰尼斯堡"	0	0	1	0.316	0.263	0.421	-0.165	-0.132	0.376	0.673	"3"
"级"	0	0	1	0.316	0.263	0.421	-0.165	-0.132	0.376	0.673	"3"
"级别"	1	0	2	0.948	0.789	1.263	0.167	-0.397	0.417	0.981	"3"
"级距"	0	0	1	0.316	0.263	0.421	-0.165	-0.132	0.376	0.673	"3"
"纳税人"	1	0	0	0.316	0.263	0.421	0.5	-0.132	-0.237	0.869	"1"
"线"	0	0	1	0.316	0.263	0.421	-0.165	-0.132	0.376	0.673	"3"
"练"	1	0	0	0.316	0.263	0.421	0.5	-0.132	-0.237	0.869	"1"
"组委会"	0	1	0	0.316	0.263	0.421	-0.165	0.58	-0.237	0.982	"2"
"组建"	0	0	1	0.316	0.263	0.421	-0.165	-0.132	0.376	0.673	"3"
"经商"	0	0	1	0.316	0.263	0.421	-0.165	-0.132	0.376	0.673	"3"
"经济体"	0	0	1	0.316	0.263	0.421	-0.165	-0.132	0.376	0.673	"3"
"经纪"	1	3	0	1.265	1.052	1.684	-0.205	1.234	-0.949	2.388	"2"
"经纪人"	1	0	0	0.316	0.263	0.421	0.5	-0.132	-0.237	0.869	"1"
"经营"	1	0	0	0.316	0.263	0.421	0.5	-0.132	-0.237	0.869	"1"
"结"	1	0	0	0.316	0.263	0.421	0.5	-0.132	-0.237	0.869	"1"
"结合"	1	0	0	0.316	0.263	0.421	0.5	-0.132	-0.237	0.869	"1"
"结构"	0	0	12	3.794	3.155	5.052	-1.98	-1.59	4.509	8.079	"3"
"给"	8	3	0	3.477	2.892	4.631	2.211	0.234	-2.61	5.055	"3"
"给予"	12	1	0	4.11	3.418	5.473	5.037	-0.971	-3.085	9.093	"1"
"给予港"	1	0	0	0.316	0.263	0.421	0.5	-0.132	-0.237	0.869	"1"
"给付"	0	0	1	0.316	0.263	0.421	-0.165	-0.132	0.376	0.673	"3"
"统一"	1	2	1	1.265	1.052	1.684	-0.205	0.547	-0.357	1.109	"2"
"续约"	1	0	0	0.316	0.263	0.421	0.5	-0.132	-0.237	0.869	"1"
"维持"	0	2	0	0.632	0.526	0.842	-0.33	1.16	-0.475	1.965	"2"
"编"	0	1	0	0.316	0.263	0.421	-0.165	0.58	-0.237	0.982	"2"
"缩"	1	0	0	0.316	0.263	0.421	0.5	-0.132	-0.237	0.869	"1"
"缩减"	1	0	0	0.316	0.263	0.421	0.5	-0.132	-0.237	0.869	"1"
"缩短"	0	0	1	0.316	0.263	0.421	-0.165	-0.132	0.376	0.673	"3"
"缴交"	0	1	0	0.316	0.263	0.421	-0.165	0.58	-0.237	0.982	"2"
"缴交率"	0	0	5	1.581	1.314	2.105	-0.825	-0.662	1.879	3.366	"3"
"缴回"	1	0	0	0.316	0.263	0.421	0.5	-0.132	-0.237	0.869	"1"
"缴费"	0	0	2	0.632	0.526	0.842	-0.33	-0.265	0.752	1.347	"3"
"罚款"	0	0	1	0.316	0.263	0.421	-0.165	-0.132	0.376	0.673	"3"
"罢工"	0	0	2	0.632	0.526	0.842	-0.33	-0.265	0.752	1.347	"3"
"罪犯"	1	0	0	0.316	0.263	0.421	0.5	-0.132	-0.237	0.869	"1"
"美元"	1	4	0	1.581	1.314	2.105	-0.305	1.724	-1.186	3.215	"2"
"美利联"	0	1	0	0.316	0.263	0.421	-0.165	0.58	-0.237	0.982	"2"
"美澳"	0	0	1	0.316	0.263	0.421	-0.165	-0.132	0.376	0.673	"3"
"老板"	1	0	2	0.948	0.789	1.263	0.167	-0.397	0.417	0.981	"3"
"考成"	0	1	0	0.316	0.263	0.421	-0.165	0.58	-0.237	0.982	"2"
"者"	1	1	0	0.632	0.526	0.842	0.274	0.34	-0.475	1.089	"3"
"而"	2	3	0	1.581	1.314	2.105	0.297	0.93	-1.186	2.413	"3"
"而今"	1	0	0	0.316	0.263	0.421	0.5	-0.132	-0.237	0.869	"1"
"而是"	0	0	1	0.316	0.263	0.421	-0.165	-0.132	0.376	0.673	"3"
"职"	1	0	1	0.632	0.526	0.842	0.274	-0.265	0.177	0.716	"1"
"职业"	2	0	0	0.632	0.526	0.842	1	-0.265	-0.475	1.74	"1"
"职务"	0	0	4	1.265	1.052	1.684	-0.66	-0.53	1.503	2.693	"3"
"职工"	0	0	24	7.587	6.31	10.103	-3.961	-3.179	9.018	16.158	"3"
"职灾"	0	0	1	0.316	0.263	0.421	-0.165	-0.132	0.376	0.673	"3"
"职称"	1	0	0	0.316	0.263	0.421	0.5	-0.132	-0.237	0.869	"1"
"职级"	0	0	1	0.316	0.263	0.421	-0.165	-0.132	0.376	0.673	"3"
"职责"	0	0	1	0.316	0.263	0.421	-0.165	-0.132	0.376	0.673	"3"
"股票"	0	4	0	1.265	1.052	1.684	-0.66	2.321	-0.949	3.93	"2"
"胜"	1	0	0	0.316	0.263	0.421	0.5	-0.132	-0.237	0.869	"1"
"脱节"	0	0	1	0.316	0.263	0.421	-0.165	-0.132	0.376	0.673	"3"
"脱钩"	0	0	1	0.316	0.263	0.421	-0.165	-0.132	0.376	0.673	"3"
"自撮"	0	1	0	0.316	0.263	0.421	-0.165	0.58	-0.237	0.982	"2"
"至"	1	3	3	2.213	1.84	2.947	-0.528	0.567	0.204	1.299	"2"
"至少"	0	0	1	0.316	0.263	0.421	-0.165	-0.132	0.376	0.673	"3"
"般"	1	0	0	0.316	0.263	0.421	0.5	-0.132	-0.237	0.869	"1"
"船舶"	1	0	0	0.316	0.263	0.421	0.5	-0.132	-0.237	0.869	"1"
"艘"	0	2	0	0.632	0.526	0.842	-0.33	1.16	-0.475	1.965	"2"
"艺人"	1	0	0	0.316	0.263	0.421	0.5	-0.132	-0.237	0.869	"1"
"节制"	0	0	1	0.316	0.263	0.421	-0.165	-0.132	0.376	0.673	"3"
"节目"	0	1	0	0.316	0.263	0.421	-0.165	0.58	-0.237	0.982	"2"
"花"	1	1	0	0.632	0.526	0.842	0.274	0.34	-0.475	1.089	"3"
"花红"	0	1	4	1.581	1.314	2.105	-0.825	-0.218	0.982	2.025	"3"
"苏木"	0	0	1	0.316	0.263	0.421	-0.165	-0.132	0.376	0.673	"3"
"苦不堪言"	0	0	1	0.316	0.263	0.421	-0.165	-0.132	0.376	0.673	"3"
"英超"	1	0	0	0.316	0.263	0.421	0.5	-0.132	-0.237	0.869	"1"
"英镑"	0	2	0	0.632	0.526	0.842	-0.33	1.16	-0.475	1.965	"2"
"荣誉"	0	0	1	0.316	0.263	0.421	-0.165	-0.132	0.376	0.673	"3"
"获"	0	1	0	0.316	0.263	0.421	-0.165	0.58	-0.237	0.982	"2"
"获利"	1	0	0	0.316	0.263	0.421	0.5	-0.132	-0.237	0.869	"1"
"获奖"	2	0	0	0.632	0.526	0.842	1	-0.265	-0.475	1.74	"1"
"获得"	7	2	0	2.845	2.366	3.789	2.225	-0.248	-2.136	4.609	"1"
"菲"	1	0	0	0.316	0.263	0.421	0.5	-0.132	-0.237	0.869	"1"
"落实"	0	0	1	0.316	0.263	0.421	-0.165	-0.132	0.376	0.673	"3"
"葛梅兹"	0	1	0	0.316	0.263	0.421	-0.165	0.58	-0.237	0.982	"2"
"董事"	0	5	0	1.581	1.314	2.105	-0.825	2.901	-1.186	4.912	"2"
"董事部"	1	0	0	0.316	0.263	0.421	0.5	-0.132	-0.237	0.869	"1"
"蓄"	0	1	0	0.316	0.263	0.421	-0.165	0.58	-0.237	0.982	"2"
"薪"	1	0	2	0.948	0.789	1.263	0.167	-0.397	0.417	0.981	"3"
"薪俸"	1	0	0	0.316	0.263	0.421	0.5	-0.132	-0.237	0.869	"1"
"薪水"	0	1	0	0.316	0.263	0.421	-0.165	0.58	-0.237	0.982	"2"
"薪资"	2	1	2	1.581	1.314	2.105	0.297	-0.218	-0.19	0.705	"1"
"薪酬"	1	0	5	1.897	1.577	2.526	-0.413	-0.795	1.288	2.496	"3"
"薪金"	0	0	9	2.845	2.366	3.789	-1.485	-1.192	3.382	6.059	"3"
"薪金制"	0	0	1	0.316	0.263	0.421	-0.165	-0.132	0.376	0.673	"3"
"薪阶"	0	0	4	1.265	1.052	1.684	-0.66	-0.53	1.503	2.693	"3"
"虐待"	1	0	0	0.316	0.263	0.421	0.5	-0.132	-0.237	0.869	"1"
"行"	0	3	0	0.948	0.789	1.263	-0.495	1.741	-0.712	2.948	"2"
"行业"	0	0	1	0.316	0.263	0.421	-0.165	-0.132	0.376	0.673	"3"
"行政"	0	1	1	0.632	0.526	0.842	-0.33	0.34	0.177	0.847	"2"
"行政区"	1	0	0	0.316	0.263	0.421	0.5	-0.132	-0.237	0.869	"1"
"行政单"	0	0	1	0.316	0.263	0.421	-0.165	-0.132	0.376	0.673	"3"
"补助费"	0	1	0	0.316	0.263	0.421	-0.165	0.58	-0.237	0.982	"2"
"补贴"	0	0	1	0.316	0.263	0.421	-0.165	-0.132	0.376	0.673	"3"
"表达"	0	1	0	0.316	0.263	0.421	-0.165	0.58	-0.237	0.982	"2"
"被告"	3	0	0	0.948	0.789	1.263	1.5	-0.397	-0.712	2.609	"1"
"裁判"	0	1	0	0.316	0.263	0.421	-0.165	0.58	-0.237	0.982	"2"
"裁员"	0	0	2	0.632	0.526	0.842	-0.33	-0.265	0.752	1.347	"3"
"褚"	1	0	0	0.316	0.263	0.421	0.5	-0.132	-0.237	0.869	"1"
"要是"	1	0	0	0.316	0.263	0.421	0.5	-0.132	-0.237	0.869	"1"
"要求"	6	7	0	4.11	3.418	5.473	0.698	1.498	-3.085	5.281	"3"
"规定"	0	1	3	1.265	1.052	1.684	-0.66	-0.145	0.69	1.495	"3"
"视为"	0	0	1	0.316	0.263	0.421	-0.165	-0.132	0.376	0.673	"3"
"觉得"	2	0	0	0.632	0.526	0.842	1	-0.265	-0.475	1.74	"1"
"解决"	1	0	0	0.316	0.263	0.421	0.5	-0.132	-0.237	0.869	"1"
"触犯"	1	0	0	0.316	0.263	0.421	0.5	-0.132	-0.237	0.869	"1"
"証明"	1	0	0	0.316	0.263	0.421	0.5	-0.132	-0.237	0.869	"1"
"詹道存"	0	1	0	0.316	0.263	0.421	-0.165	0.58	-0.237	0.982	"2"
"计划"	0	0	1	0.316	0.263	0.421	-0.165	-0.132	0.376	0.673	"3"
"计算"	1	1	1	0.948	0.789	1.263	0.167	0.222	-0.209	0.598	"2"
"计算出"	0	1	0	0.316	0.263	0.421	-0.165	0.58	-0.237	0.982	"2"
"计较"	2	0	0	0.632	0.526	0.842	1	-0.265	-0.475	1.74	"1"
"认为"	1	0	0	0.316	0.263	0.421	0.5	-0.132	-0.237	0.869	"1"
"讨回"	1	0	0	0.316	0.263	0.421	0.5	-0.132	-0.237	0.869	"1"
"记"	0	1	0	0.316	0.263	0.421	-0.165	0.58	-0.237	0.982	"2"
"许小姐"	0	0	1	0.316	0.263	0.421	-0.165	-0.132	0.376	0.673	"3"
"证"	2	0	0	0.632	0.526	0.842	1	-0.265	-0.475	1.74	"1"
"证券"	0	4	0	1.265	1.052	1.684	-0.66	2.321	-0.949	3.93	"2"
"证券行"	0	2	0	0.632	0.526	0.842	-0.33	1.16	-0.475	1.965	"2"
"证明"	0	1	0	0.316	0.263	0.421	-0.165	0.58	-0.237	0.982	"2"
"诉"	1	0	0	0.316	0.263	0.421	0.5	-0.132	-0.237	0.869	"1"
"试"	0	1	0	0.316	0.263	0.421	-0.165	0.58	-0.237	0.982	"2"
"试图"	0	0	1	0.316	0.263	0.421	-0.165	-0.132	0.376	0.673	"3"
"试问"	0	0	1	0.316	0.263	0.421	-0.165	-0.132	0.376	0.673	"3"
"询"	1	0	0	0.316	0.263	0.421	0.5	-0.132	-0.237	0.869	"1"
"诱饵"	1	0	0	0.316	0.263	0.421	0.5	-0.132	-0.237	0.869	"1"
"说"	1	0	0	0.316	0.263	0.421	0.5	-0.132	-0.237	0.869	"1"
"说明"	0	0	1	0.316	0.263	0.421	-0.165	-0.132	0.376	0.673	"3"
"请求"	1	0	0	0.316	0.263	0.421	0.5	-0.132	-0.237	0.869	"1"
"调"	0	0	2	0.632	0.526	0.842	-0.33	-0.265	0.752	1.347	"3"
"调低"	0	2	1	0.948	0.789	1.263	-0.495	0.767	-0.209	1.471	"2"
"调到"	0	0	1	0.316	0.263	0.421	-0.165	-0.132	0.376	0.673	"3"
"调整"	0	1	10	3.477	2.892	4.631	-1.815	-0.765	2.926	5.506	"3"
"调查"	0	1	3	1.265	1.052	1.684	-0.66	-0.145	0.69	1.495	"3"
"调涨"	0	1	0	0.316	0.263	0.421	-0.165	0.58	-0.237	0.982	"2"
"调高"	0	1	1	0.632	0.526	0.842	-0.33	0.34	0.177	0.847	"2"
"谈"	1	0	0	0.316	0.263	0.421	0.5	-0.132	-0.237	0.869	"1"
"谈不拢"	1	0	0	0.316	0.263	0.421	0.5	-0.132	-0.237	0.869	"1"
"谈判"	2	0	0	0.632	0.526	0.842	1	-0.265	-0.475	1.74	"1"
"谈定"	1	0	0	0.316	0.263	0.421	0.5	-0.132	-0.237	0.869	"1"
"谜"	0	1	0	0.316	0.263	0.421	-0.165	0.58	-0.237	0.982	"2"
"谨慎"	0	0	1	0.316	0.263	0.421	-0.165	-0.132	0.376	0.673	"3"
"豁免"	1	0	0	0.316	0.263	0.421	0.5	-0.132	-0.237	0.869	"1"
"象征式"	0	1	0	0.316	0.263	0.421	-0.165	0.58	-0.237	0.982	"2"
"贝宁"	0	0	1	0.316	0.263	0.421	-0.165	-0.132	0.376	0.673	"3"
"贝隆"	1	0	0	0.316	0.263	0.421	0.5	-0.132	-0.237	0.869	"1"
"负"	1	0	0	0.316	0.263	0.421	0.5	-0.132	-0.237	0.869	"1"
"负担"	0	1	0	0.316	0.263	0.421	-0.165	0.58	-0.237	0.982	"2"
"财务"	1	0	0	0.316	0.263	0.421	0.5	-0.132	-0.237	0.869	"1"
"财政局"	0	0	1	0.316	0.263	0.421	-0.165	-0.132	0.376	0.673	"3"
"责"	1	0	0	0.316	0.263	0.421	0.5	-0.132	-0.237	0.869	"1"
"账单"	0	1	0	0.316	0.263	0.421	-0.165	0.58	-0.237	0.982	"2"
"购"	0	1	0	0.316	0.263	0.421	-0.165	0.58	-0.237	0.982	"2"
"购买力"	0	1	0	0.316	0.263	0.421	-0.165	0.58	-0.237	0.982	"2"
"贵宾"	1	0	0	0.316	0.263	0.421	0.5	-0.132	-0.237	0.869	"1"
"贸易"	2	0	0	0.632	0.526	0.842	1	-0.265	-0.475	1.74	"1"
"费"	0	0	2	0.632	0.526	0.842	-0.33	-0.265	0.752	1.347	"3"
"费用"	0	2	0	0.632	0.526	0.842	-0.33	1.16	-0.475	1.965	"2"
"资"	0	0	1	0.316	0.263	0.421	-0.165	-0.132	0.376	0.673	"3"
"资方"	0	0	2	0.632	0.526	0.842	-0.33	-0.265	0.752	1.347	"3"
"资深"	1	0	0	0.316	0.263	0.421	0.5	-0.132	-0.237	0.869	"1"
"资讯业"	0	1	0	0.316	0.263	0.421	-0.165	0.58	-0.237	0.982	"2"
"资遣费"	0	0	1	0.316	0.263	0.421	-0.165	-0.132	0.376	0.673	"3"
"赔偿金"	0	1	0	0.316	0.263	0.421	-0.165	0.58	-0.237	0.982	"2"
"赚不到"	1	0	0	0.316	0.263	0.421	0.5	-0.132	-0.237	0.869	"1"
"赚取"	1	0	0	0.316	0.263	0.421	0.5	-0.132	-0.237	0.869	"1"
"赚得"	0	1	0	0.316	0.263	0.421	-0.165	0.58	-0.237	0.982	"2"
"赛季"	1	0	0	0.316	0.263	0.421	0.5	-0.132	-0.237	0.869	"1"
"赠品"	1	0	0	0.316	0.263	0.421	0.5	-0.132	-0.237	0.869	"1"
"起"	1	0	0	0.316	0.263	0.421	0.5	-0.132	-0.237	0.869	"1"
"起来"	0	0	1	0.316	0.263	0.421	-0.165	-0.132	0.376	0.673	"3"
"起薪"	0	0	1	0.316	0.263	0.421	-0.165	-0.132	0.376	0.673	"3"
"超强"	0	0	1	0.316	0.263	0.421	-0.165	-0.132	0.376	0.673	"3"
"超时"	0	0	1	0.316	0.263	0.421	-0.165	-0.132	0.376	0.673	"3"
"超级"	0	0	2	0.632	0.526	0.842	-0.33	-0.265	0.752	1.347	"3"
"超越"	0	1	2	0.948	0.789	1.263	-0.495	0.222	0.417	1.134	"1"
"超过"	0	2	1	0.948	0.789	1.263	-0.495	0.767	-0.209	1.471	"2"
"趋势"	0	0	2	0.632	0.526	0.842	-0.33	-0.265	0.752	1.347	"3"
"趋向"	1	0	0	0.316	0.263	0.421	0.5	-0.132	-0.237	0.869	"1"
"足够"	1	0	0	0.316	0.263	0.421	0.5	-0.132	-0.237	0.869	"1"
"足总"	1	0	0	0.316	0.263	0.421	0.5	-0.132	-0.237	0.869	"1"
"足额"	0	0	1	0.316	0.263	0.421	-0.165	-0.132	0.376	0.673	"3"
"身为"	1	0	0	0.316	0.263	0.421	0.5	-0.132	-0.237	0.869	"1"
"车辆"	1	0	0	0.316	0.263	0.421	0.5	-0.132	-0.237	0.869	"1"
"转任"	1	0	0	0.316	0.263	0.421	0.5	-0.132	-0.237	0.869	"1"
"转入"	1	0	0	0.316	0.263	0.421	0.5	-0.132	-0.237	0.869	"1"
"较"	3	0	1	1.265	1.052	1.684	1.016	-0.53	-0.357	1.903	"1"
"辅助"	0	1	0	0.316	0.263	0.421	-0.165	0.58	-0.237	0.982	"2"
"辖下"	1	0	0	0.316	0.263	0.421	0.5	-0.132	-0.237	0.869	"1"
"达致"	0	0	1	0.316	0.263	0.421	-0.165	-0.132	0.376	0.673	"3"
"过"	0	1	1	0.632	0.526	0.842	-0.33	0.34	0.177	0.847	"2"
"过于"	0	1	0	0.316	0.263	0.421	-0.165	0.58	-0.237	0.982	"2"
"过去"	1	0	0	0.316	0.263	0.421	0.5	-0.132	-0.237	0.869	"1"
"过境"	1	0	0	0.316	0.263	0.421	0.5	-0.132	-0.237	0.869	"1"
"运动员"	1	0	0	0.316	0.263	0.421	0.5	-0.132	-0.237	0.869	"1"
"运费"	0	1	0	0.316	0.263	0.421	-0.165	0.58	-0.237	0.982	"2"
"近"	0	0	1	0.316	0.263	0.421	-0.165	-0.132	0.376	0.673	"3"
"近年"	0	2	0	0.632	0.526	0.842	-0.33	1.16	-0.475	1.965	"2"
"还要"	1	0	0	0.316	0.263	0.421	0.5	-0.132	-0.237	0.869	"1"
"这些"	0	1	0	0.316	0.263	0.421	-0.165	0.58	-0.237	0.982	"2"
"远"	1	1	1	0.948	0.789	1.263	0.167	0.222	-0.209	0.598	"2"
"远远"	0	1	0	0.316	0.263	0.421	-0.165	0.58	-0.237	0.982	"2"
"违反"	1	0	0	0.316	0.263	0.421	0.5	-0.132	-0.237	0.869	"1"
"违规"	0	0	1	0.316	0.263	0.421	-0.165	-0.132	0.376	0.673	"3"
"连同"	0	0	1	0.316	0.263	0.421	-0.165	-0.132	0.376	0.673	"3"
"连年"	1	0	0	0.316	0.263	0.421	0.5	-0.132	-0.237	0.869	"1"
"迟发"	1	0	0	0.316	0.263	0.421	0.5	-0.132	-0.237	0.869	"1"
"退休"	0	1	7	2.529	2.103	3.368	-1.32	-0.474	1.927	3.721	"3"
"退休者"	0	0	1	0.316	0.263	0.421	-0.165	-0.132	0.376	0.673	"3"
"适当"	0	0	1	0.316	0.263	0.421	-0.165	-0.132	0.376	0.673	"3"
"逃税"	0	1	0	0.316	0.263	0.421	-0.165	0.58	-0.237	0.982	"2"
"选"	0	1	0	0.316	0.263	0.421	-0.165	0.58	-0.237	0.982	"2"
"透明度"	0	0	1	0.316	0.263	0.421	-0.165	-0.132	0.376	0.673	"3"
"透过"	1	0	0	0.316	0.263	0.421	0.5	-0.132	-0.237	0.869	"1"
"通常"	1	0	0	0.316	0.263	0.421	0.5	-0.132	-0.237	0.869	"1"
"造成"	0	1	0	0.316	0.263	0.421	-0.165	0.58	-0.237	0.982	"2"
"逾"	1	0	0	0.316	0.263	0.421	0.5	-0.132	-0.237	0.869	"1"
"遏制"	0	0	1	0.316	0.263	0.421	-0.165	-0.132	0.376	0.673	"3"
"遣返"	1	0	0	0.316	0.263	0.421	0.5	-0.132	-0.237	0.869	"1"
"遭"	0	0	1	0.316	0.263	0.421	-0.165	-0.132	0.376	0.673	"3"
"遭到"	2	0	0	0.632	0.526	0.842	1	-0.265	-0.475	1.74	"1"
"遭遇"	1	0	0	0.316	0.263	0.421	0.5	-0.132	-0.237	0.869	"1"
"那么"	0	0	1	0.316	0.263	0.421	-0.165	-0.132	0.376	0.673	"3"
"那时"	1	0	0	0.316	0.263	0.421	0.5	-0.132	-0.237	0.869	"1"
"邱正雄"	1	0	0	0.316	0.263	0.421	0.5	-0.132	-0.237	0.869	"1"
"部分"	0	2	8	3.161	2.629	4.21	-1.65	-0.312	1.758	3.72	"3"
"部长"	0	0	3	0.948	0.789	1.263	-0.495	-0.397	1.127	2.019	"3"
"部长级"	3	0	0	0.948	0.789	1.263	1.5	-0.397	-0.712	2.609	"1"
"配合"	0	0	1	0.316	0.263	0.421	-0.165	-0.132	0.376	0.673	"3"
"配套"	3	0	0	0.948	0.789	1.263	1.5	-0.397	-0.712	2.609	"1"
"酬"	0	1	0	0.316	0.263	0.421	-0.165	0.58	-0.237	0.982	"2"
"酬劳"	0	2	0	0.632	0.526	0.842	-0.33	1.16	-0.475	1.965	"2"
"采取"	0	0	1	0.316	0.263	0.421	-0.165	-0.132	0.376	0.673	"3"
"重申"	2	0	0	0.632	0.526	0.842	1	-0.265	-0.475	1.74	"1"
"重组"	0	0	7	2.213	1.84	2.947	-1.155	-0.927	2.63	4.712	"3"
"重要性"	0	0	1	0.316	0.263	0.421	-0.165	-0.132	0.376	0.673	"3"
"重视"	1	0	0	0.316	0.263	0.421	0.5	-0.132	-0.237	0.869	"1"
"金"	0	0	2	0.632	0.526	0.842	-0.33	-0.265	0.752	1.347	"3"
"钟顾"	0	3	0	0.948	0.789	1.263	-0.495	1.741	-0.712	2.948	"2"
"钱"	1	0	0	0.316	0.263	0.421	0.5	-0.132	-0.237	0.869	"1"
"银行业"	1	0	0	0.316	0.263	0.421	0.5	-0.132	-0.237	0.869	"1"
"销售"	1	0	0	0.316	0.263	0.421	0.5	-0.132	-0.237	0.869	"1"
"镇政府"	0	1	0	0.316	0.263	0.421	-0.165	0.58	-0.237	0.982	"2"
"长兴"	0	0	1	0.316	0.263	0.421	-0.165	-0.132	0.376	0.673	"3"
"长官"	0	1	0	0.316	0.263	0.421	-0.165	0.58	-0.237	0.982	"2"
"长期"	0	0	1	0.316	0.263	0.421	-0.165	-0.132	0.376	0.673	"3"
"问"	1	0	0	0.316	0.263	0.421	0.5	-0.132	-0.237	0.869	"1"
"问及"	1	0	0	0.316	0.263	0.421	0.5	-0.132	-0.237	0.869	"1"
"闻名"	0	0	1	0.316	0.263	0.421	-0.165	-0.132	0.376	0.673	"3"
"队"	1	0	0	0.316	0.263	0.421	0.5	-0.132	-0.237	0.869	"1"
"阶层"	0	1	0	0.316	0.263	0.421	-0.165	0.58	-0.237	0.982	"2"
"阶级"	1	0	0	0.316	0.263	0.421	0.5	-0.132	-0.237	0.869	"1"
"阿罗约"	1	0	0	0.316	0.263	0.421	0.5	-0.132	-0.237	0.869	"1"
"附加"	0	1	0	0.316	0.263	0.421	-0.165	0.58	-0.237	0.982	"2"
"陈久霖"	1	0	1	0.632	0.526	0.842	0.274	-0.265	0.177	0.716	"1"
"陈定南"	1	0	0	0.316	0.263	0.421	0.5	-0.132	-0.237	0.869	"1"
"陈庆炎"	0	0	2	0.632	0.526	0.842	-0.33	-0.265	0.752	1.347	"3"
"陈情"	0	0	1	0.316	0.263	0.421	-0.165	-0.132	0.376	0.673	"3"
"陈政忠"	1	0	0	0.316	0.263	0.421	0.5	-0.132	-0.237	0.869	"1"
"陈文海"	0	1	0	0.316	0.263	0.421	-0.165	0.58	-0.237	0.982	"2"
"降"	0	1	1	0.632	0.526	0.842	-0.33	0.34	0.177	0.847	"2"
"降为"	0	0	1	0.316	0.263	0.421	-0.165	-0.132	0.376	0.673	"3"
"降低"	0	1	6	2.213	1.84	2.947	-1.155	-0.384	1.604	3.143	"3"
"限"	1	0	1	0.632	0.526	0.842	0.274	-0.265	0.177	0.716	"1"
"限度"	0	0	1	0.316	0.263	0.421	-0.165	-0.132	0.376	0.673	"3"
"陷害"	1	0	0	0.316	0.263	0.421	0.5	-0.132	-0.237	0.869	"1"
"随"	0	0	2	0.632	0.526	0.842	-0.33	-0.265	0.752	1.347	"3"
"随意"	0	0	1	0.316	0.263	0.421	-0.165	-0.132	0.376	0.673	"3"
"随着"	0	0	1	0.316	0.263	0.421	-0.165	-0.132	0.376	0.673	"3"
"难关"	2	0	1	0.948	0.789	1.263	0.626	-0.397	-0.209	1.232	"1"
"集体"	4	0	2	1.897	1.577	2.526	1.076	-0.795	-0.3	2.171	"1"
"集团"	0	1	6	2.213	1.84	2.947	-1.155	-0.384	1.604	3.143	"3"
"雇主"	0	1	4	1.581	1.314	2.105	-0.825	-0.218	0.982	2.025	"3"
"雇员"	0	1	2	0.948	0.789	1.263	-0.495	0.222	0.417	1.134	"1"
"雇用"	0	1	0	0.316	0.263	0.421	-0.165	0.58	-0.237	0.982	"2"
"零"	0	1	0	0.316	0.263	0.421	-0.165	0.58	-0.237	0.982	"2"
"非"	2	0	1	0.948	0.789	1.263	0.626	-0.397	-0.209	1.232	"1"
"非法"	1	1	0	0.632	0.526	0.842	0.274	0.34	-0.475	1.089	"3"
"靠"	1	1	1	0.948	0.789	1.263	0.167	0.222	-0.209	0.598	"2"
"面"	0	1	0	0.316	0.263	0.421	-0.165	0.58	-0.237	0.982	"2"
"顶"	0	0	1	0.316	0.263	0.421	-0.165	-0.132	0.376	0.673	"3"
"顶级"	1	0	0	0.316	0.263	0.421	0.5	-0.132	-0.237	0.869	"1"
"顶限"	0	2	0	0.632	0.526	0.842	-0.33	1.16	-0.475	1.965	"2"
"须"	0	0	3	0.948	0.789	1.263	-0.495	-0.397	1.127	2.019	"3"
"顾名思义"	2	0	0	0.632	0.526	0.842	1	-0.265	-0.475	1.74	"1"
"顾问"	1	0	0	0.316	0.263	0.421	0.5	-0.132	-0.237	0.869	"1"
"预"	0	1	0	0.316	0.263	0.421	-0.165	0.58	-0.237	0.982	"2"
"领"	3	0	2	1.581	1.314	2.105	0.733	-0.662	-0.19	1.585	"1"
"领取"	0	0	5	1.581	1.314	2.105	-0.825	-0.662	1.879	3.366	"3"
"额外"	0	0	2	0.632	0.526	0.842	-0.33	-0.265	0.752	1.347	"3"
"额度"	0	0	1	0.316	0.263	0.421	-0.165	-0.132	0.376	0.673	"3"
"额高"	0	1	0	0.316	0.263	0.421	-0.165	0.58	-0.237	0.982	"2"
"风"	1	0	0	0.316	0.263	0.421	0.5	-0.132	-0.237	0.869	"1"
"飙车族"	0	1	0	0.316	0.263	0.421	-0.165	0.58	-0.237	0.982	"2"
"飞行员"	1	0	0	0.316	0.263	0.421	0.5	-0.132	-0.237	0.869	"1"
"饭碗"	2	0	1	0.948	0.789	1.263	0.626	-0.397	-0.209	1.232	"1"
"香港"	0	1	0	0.316	0.263	0.421	-0.165	0.58	-0.237	0.982	"2"
"马会"	1	0	0	0.316	0.263	0.421	0.5	-0.132	-0.237	0.869	"1"
"马帝南斯"	1	0	0	0.316	0.263	0.421	0.5	-0.132	-0.237	0.869	"1"
"马股"	0	1	0	0.316	0.263	0.421	-0.165	0.58	-0.237	0.982	"2"
"马队"	0	1	0	0.316	0.263	0.421	-0.165	0.58	-0.237	0.982	"2"
"骤"	0	0	1	0.316	0.263	0.421	-0.165	-0.132	0.376	0.673	"3"
"高"	7	17	11	11.065	9.201	14.734	-1.026	2.411	-0.874	4.311	"2"
"高于"	0	1	0	0.316	0.263	0.421	-0.165	0.58	-0.237	0.982	"2"
"高出"	0	1	0	0.316	0.263	0.421	-0.165	0.58	-0.237	0.982	"2"
"高级"	0	1	0	0.316	0.263	0.421	-0.165	0.58	-0.237	0.982	"2"
"高薪"	0	2	0	0.632	0.526	0.842	-0.33	1.16	-0.475	1.965	"2"
"高行"	1	0	0	0.316	0.263	0.421	0.5	-0.132	-0.237	0.869	"1"
"高踞"	0	1	0	0.316	0.263	0.421	-0.165	0.58	-0.237	0.982	"2"
"高达"	0	1	0	0.316	0.263	0.421	-0.165	0.58	-0.237	0.982	"2"
"黄永宏"	0	0	1	0.316	0.263	0.421	-0.165	-0.132	0.376	0.673	"3"
"黄菊"	0	2	0	0.632	0.526	0.842	-0.33	1.16	-0.475	1.965	"2"
