"Coll_Word"	"1"	"2"	"3"	"4"	"exp_1"	"exp_2"	"exp_3"	"exp_4"	"pbin_1"	"pbin_2"	"pbin_3"	"pbin_4"	"SumAbsDev"	"LargestDev"
"10多亿"	0	0	0	1	0.257	0.193	0.115	0.435	-0.129	-0.093	-0.053	0.362	0.637	"4"
"170万"	0	0	1	0	0.257	0.193	0.115	0.435	-0.129	-0.093	0.94	-0.248	1.41	"3"
"1937－1945"	0	0	0	1	0.257	0.193	0.115	0.435	-0.129	-0.093	-0.053	0.362	0.637	"4"
"1937年"	0	0	0	1	0.257	0.193	0.115	0.435	-0.129	-0.093	-0.053	0.362	0.637	"4"
"1949年"	0	0	0	2	0.514	0.386	0.23	0.87	-0.258	-0.186	-0.106	0.723	1.273	"4"
"1971年"	0	0	0	1	0.257	0.193	0.115	0.435	-0.129	-0.093	-0.053	0.362	0.637	"4"
"1999年"	0	0	1	0	0.257	0.193	0.115	0.435	-0.129	-0.093	0.94	-0.248	1.41	"3"
"200亿"	2	0	0	2	1.028	0.773	0.46	1.74	0.563	-0.373	-0.212	0.233	1.381	"1"
"20日"	1	0	0	0	0.257	0.193	0.115	0.435	0.59	-0.093	-0.053	-0.248	0.984	"1"
"260"	0	1	0	0	0.257	0.193	0.115	0.435	-0.129	0.714	-0.053	-0.248	1.144	"2"
"3月"	1	0	0	0	0.257	0.193	0.115	0.435	0.59	-0.093	-0.053	-0.248	0.984	"1"
"4月"	3	0	1	4	2.056	1.545	0.919	3.48	0.47	-0.746	0.205	0.312	1.733	"2"
"50周年"	0	0	0	2	0.514	0.386	0.23	0.87	-0.258	-0.186	-0.106	0.723	1.273	"4"
"5万"	0	0	1	0	0.257	0.193	0.115	0.435	-0.129	-0.093	0.94	-0.248	1.41	"3"
"891021"	0	0	0	1	0.257	0.193	0.115	0.435	-0.129	-0.093	-0.053	0.362	0.637	"4"
"9月"	0	1	0	0	0.257	0.193	0.115	0.435	-0.129	0.714	-0.053	-0.248	1.144	"2"
"J"	0	1	0	0	0.257	0.193	0.115	0.435	-0.129	0.714	-0.053	-0.248	1.144	"2"
"一九九一年"	0	0	0	2	0.514	0.386	0.23	0.87	-0.258	-0.186	-0.106	0.723	1.273	"4"
"一九五二年"	0	0	0	1	0.257	0.193	0.115	0.435	-0.129	-0.093	-0.053	0.362	0.637	"4"
"一九五六年"	0	0	0	1	0.257	0.193	0.115	0.435	-0.129	-0.093	-0.053	0.362	0.637	"4"
"一了百了"	0	0	0	1	0.257	0.193	0.115	0.435	-0.129	-0.093	-0.053	0.362	0.637	"4"
"一幅幅"	0	0	0	1	0.257	0.193	0.115	0.435	-0.129	-0.093	-0.053	0.362	0.637	"4"
"一旦"	0	0	0	1	0.257	0.193	0.115	0.435	-0.129	-0.093	-0.053	0.362	0.637	"4"
"一结"	0	0	0	1	0.257	0.193	0.115	0.435	-0.129	-0.093	-0.053	0.362	0.637	"4"
"万一"	0	0	1	0	0.257	0.193	0.115	0.435	-0.129	-0.093	0.94	-0.248	1.41	"3"
"三百七"	0	1	0	0	0.257	0.193	0.115	0.435	-0.129	0.714	-0.053	-0.248	1.144	"2"
"三重"	1	0	0	0	0.257	0.193	0.115	0.435	0.59	-0.093	-0.053	-0.248	0.984	"1"
"上策"	1	0	0	0	0.257	0.193	0.115	0.435	0.59	-0.093	-0.053	-0.248	0.984	"1"
"上述"	0	0	0	1	0.257	0.193	0.115	0.435	-0.129	-0.093	-0.053	0.362	0.637	"4"
"不久"	1	0	0	0	0.257	0.193	0.115	0.435	0.59	-0.093	-0.053	-0.248	0.984	"1"
"不亚于"	1	0	0	0	0.257	0.193	0.115	0.435	0.59	-0.093	-0.053	-0.248	0.984	"1"
"不利"	2	0	0	4	1.542	1.159	0.689	2.61	0.316	-0.559	-0.318	0.636	1.829	"4"
"不可"	1	0	0	0	0.257	0.193	0.115	0.435	0.59	-0.093	-0.053	-0.248	0.984	"1"
"不可能"	0	1	0	1	0.514	0.386	0.23	0.87	-0.258	0.457	-0.106	0.167	0.988	"2"
"不幸"	1	0	0	0	0.257	0.193	0.115	0.435	0.59	-0.093	-0.053	-0.248	0.984	"1"
"不应该"	0	0	0	2	0.514	0.386	0.23	0.87	-0.258	-0.186	-0.106	0.723	1.273	"4"
"不必"	0	0	0	1	0.257	0.193	0.115	0.435	-0.129	-0.093	-0.053	0.362	0.637	"4"
"不必要"	0	0	0	1	0.257	0.193	0.115	0.435	-0.129	-0.093	-0.053	0.362	0.637	"4"
"不断"	0	2	0	4	1.542	1.159	0.689	2.61	-0.774	0.484	-0.318	0.636	2.212	"1"
"不等"	0	0	1	0	0.257	0.193	0.115	0.435	-0.129	-0.093	0.94	-0.248	1.41	"3"
"不要"	1	0	0	0	0.257	0.193	0.115	0.435	0.59	-0.093	-0.053	-0.248	0.984	"1"
"世贸组织"	0	0	0	1	0.257	0.193	0.115	0.435	-0.129	-0.093	-0.053	0.362	0.637	"4"
"东亚战"	0	0	0	1	0.257	0.193	0.115	0.435	-0.129	-0.093	-0.053	0.362	0.637	"4"
"东部"	0	0	2	0	0.514	0.386	0.23	0.87	-0.258	-0.186	1.88	-0.496	2.82	"3"
"两万五千"	0	0	1	0	0.257	0.193	0.115	0.435	-0.129	-0.093	0.94	-0.248	1.41	"3"
"两岸"	0	0	0	5	1.285	0.966	0.574	2.175	-0.645	-0.466	-0.265	1.808	3.184	"4"
"两百六十亿"	0	0	0	1	0.257	0.193	0.115	0.435	-0.129	-0.093	-0.053	0.362	0.637	"4"
"严重"	0	2	0	3	1.285	0.966	0.574	2.175	-0.645	0.604	-0.265	0.421	1.935	"1"
"丧命"	0	1	0	0	0.257	0.193	0.115	0.435	-0.129	0.714	-0.053	-0.248	1.144	"2"
"丧生"	0	2	3	1	1.542	1.159	0.689	2.61	-0.774	0.484	1.635	-0.738	3.631	"3"
"中"	12	10	4	21	12.079	9.078	5.399	20.444	-0.247	0.373	-0.444	0.309	1.373	"3"
"中东"	5	17	0	1	5.911	4.442	2.642	10.004	-0.359	7.66	-1.219	-4.43	13.668	"2"
"中多"	0	0	0	1	0.257	0.193	0.115	0.435	-0.129	-0.093	-0.053	0.362	0.637	"4"
"中断"	3	0	0	0	0.771	0.579	0.345	1.305	1.77	-0.28	-0.159	-0.744	2.953	"1"
"中日"	0	0	0	1	0.257	0.193	0.115	0.435	-0.129	-0.093	-0.053	0.362	0.637	"4"
"中美"	0	0	0	2	0.514	0.386	0.23	0.87	-0.258	-0.186	-0.106	0.723	1.273	"4"
"丰功伟绩"	0	0	0	1	0.257	0.193	0.115	0.435	-0.129	-0.093	-0.053	0.362	0.637	"4"
"为"	0	1	0	0	0.257	0.193	0.115	0.435	-0.129	0.714	-0.053	-0.248	1.144	"2"
"为什么"	0	0	1	0	0.257	0.193	0.115	0.435	-0.129	-0.093	0.94	-0.248	1.41	"3"
"为由"	1	0	0	0	0.257	0.193	0.115	0.435	0.59	-0.093	-0.053	-0.248	0.984	"1"
"主义"	3	0	0	5	2.056	1.545	0.919	3.48	0.47	-0.746	-0.424	0.634	2.274	"2"
"主导"	1	0	0	1	0.514	0.386	0.23	0.87	0.349	-0.186	-0.106	0.167	0.808	"1"
"乃至"	0	0	0	1	0.257	0.193	0.115	0.435	-0.129	-0.093	-0.053	0.362	0.637	"4"
"之中"	0	0	0	1	0.257	0.193	0.115	0.435	-0.129	-0.093	-0.053	0.362	0.637	"4"
"之前"	2	0	1	1	1.028	0.773	0.46	1.74	0.563	-0.373	0.413	-0.381	1.73	"1"
"之后"	5	0	0	1	1.542	1.159	0.689	2.61	2.277	-0.559	-0.318	-0.738	3.892	"1"
"之间"	0	2	1	3	1.542	1.159	0.689	2.61	-0.774	0.484	0.285	0.277	1.82	"1"
"乐观"	0	0	0	1	0.257	0.193	0.115	0.435	-0.129	-0.093	-0.053	0.362	0.637	"4"
"九月"	0	1	0	0	0.257	0.193	0.115	0.435	-0.129	0.714	-0.053	-0.248	1.144	"2"
"争"	0	0	0	4	1.028	0.773	0.46	1.74	-0.516	-0.373	-0.212	1.446	2.547	"4"
"争端"	0	0	0	1	0.257	0.193	0.115	0.435	-0.129	-0.093	-0.053	0.362	0.637	"4"
"事件"	0	1	0	2	0.771	0.579	0.345	1.305	-0.387	0.324	-0.159	0.395	1.265	"4"
"事关"	0	0	0	1	0.257	0.193	0.115	0.435	-0.129	-0.093	-0.053	0.362	0.637	"4"
"二十八日"	0	1	0	0	0.257	0.193	0.115	0.435	-0.129	0.714	-0.053	-0.248	1.144	"2"
"互相"	0	0	0	1	0.257	0.193	0.115	0.435	-0.129	-0.093	-0.053	0.362	0.637	"4"
"亚喀巴"	0	1	0	0	0.257	0.193	0.115	0.435	-0.129	0.714	-0.053	-0.248	1.144	"2"
"亚美尼亚人"	0	0	1	0	0.257	0.193	0.115	0.435	-0.129	-0.093	0.94	-0.248	1.41	"3"
"亚行"	0	0	0	1	0.257	0.193	0.115	0.435	-0.129	-0.093	-0.053	0.362	0.637	"4"
"亚齐"	0	0	3	3	1.542	1.159	0.689	2.61	-0.774	-0.559	1.635	0.277	3.245	"3"
"交战"	1	0	0	0	0.257	0.193	0.115	0.435	0.59	-0.093	-0.053	-0.248	0.984	"1"
"交战国"	0	0	0	1	0.257	0.193	0.115	0.435	-0.129	-0.093	-0.053	0.362	0.637	"4"
"交火"	0	1	2	0	0.771	0.579	0.345	1.305	-0.387	0.324	1.437	-0.744	2.892	"3"
"产生"	0	0	0	1	0.257	0.193	0.115	0.435	-0.129	-0.093	-0.053	0.362	0.637	"4"
"亨廷顿"	0	0	0	1	0.257	0.193	0.115	0.435	-0.129	-0.093	-0.053	0.362	0.637	"4"
"亲者痛"	0	0	0	1	0.257	0.193	0.115	0.435	-0.129	-0.093	-0.053	0.362	0.637	"4"
"人数"	0	2	0	0	0.514	0.386	0.23	0.87	-0.258	1.428	-0.106	-0.496	2.288	"2"
"人民"	0	0	1	3	1.028	0.773	0.46	1.74	-0.516	-0.373	0.413	0.654	1.956	"4"
"人类"	1	0	0	1	0.514	0.386	0.23	0.87	0.349	-0.186	-0.106	0.167	0.808	"1"
"人道"	1	0	0	4	1.285	0.966	0.574	2.175	-0.209	-0.466	-0.265	0.933	1.873	"4"
"人道主"	1	0	0	0	0.257	0.193	0.115	0.435	0.59	-0.093	-0.053	-0.248	0.984	"1"
"什叶派"	0	0	0	1	0.257	0.193	0.115	0.435	-0.129	-0.093	-0.053	0.362	0.637	"4"
"仇者"	0	0	0	1	0.257	0.193	0.115	0.435	-0.129	-0.093	-0.053	0.362	0.637	"4"
"今"	0	0	2	0	0.514	0.386	0.23	0.87	-0.258	-0.186	1.88	-0.496	2.82	"3"
"介入"	0	0	1	2	0.771	0.579	0.345	1.305	-0.387	-0.28	0.513	0.395	1.575	"3"
"仍"	0	1	1	2	1.028	0.773	0.46	1.74	-0.516	0.239	0.413	0.233	1.401	"1"
"仍然"	0	0	2	1	0.771	0.579	0.345	1.305	-0.387	-0.28	1.437	-0.224	2.328	"3"
"付出"	0	0	0	1	0.257	0.193	0.115	0.435	-0.129	-0.093	-0.053	0.362	0.637	"4"
"代价"	0	0	0	1	0.257	0.193	0.115	0.435	-0.129	-0.093	-0.053	0.362	0.637	"4"
"代差"	0	0	0	1	0.257	0.193	0.115	0.435	-0.129	-0.093	-0.053	0.362	0.637	"4"
"以"	0	48	8	7	16.192	12.168	7.237	27.403	-8.128	21.556	0.358	-7.599	37.641	"2"
"以下"	0	0	0	1	0.257	0.193	0.115	0.435	-0.129	-0.093	-0.053	0.362	0.637	"4"
"以便"	0	0	0	1	0.257	0.193	0.115	0.435	-0.129	-0.093	-0.053	0.362	0.637	"4"
"以及"	0	1	0	1	0.514	0.386	0.23	0.87	-0.258	0.457	-0.106	0.167	0.988	"2"
"以后"	0	0	0	1	0.257	0.193	0.115	0.435	-0.129	-0.093	-0.053	0.362	0.637	"4"
"以来"	3	4	2	6	3.855	2.897	1.723	6.525	-0.36	0.486	0.278	-0.301	1.425	"2"
"以色列"	0	12	3	2	4.369	3.283	1.953	7.394	-2.193	5.203	0.509	-2.239	10.144	"2"
"以色列籍"	0	1	0	0	0.257	0.193	0.115	0.435	-0.129	0.714	-0.053	-0.248	1.144	"2"
"价值观"	0	0	0	1	0.257	0.193	0.115	0.435	-0.129	-0.093	-0.053	0.362	0.637	"4"
"任何"	0	0	0	1	0.257	0.193	0.115	0.435	-0.129	-0.093	-0.053	0.362	0.637	"4"
"企图"	0	1	0	0	0.257	0.193	0.115	0.435	-0.129	0.714	-0.053	-0.248	1.144	"2"
"伊"	14	0	0	3	4.369	3.283	1.953	7.394	5.785	-1.584	-0.901	-1.607	9.877	"1"
"伊拉"	4	0	0	0	1.028	0.773	0.46	1.74	2.36	-0.373	-0.212	-0.992	3.937	"1"
"伊拉克"	99	0	5	10	29.299	22.019	13.096	49.586	42.008	-10.625	-2.141	-15.511	70.285	"1"
"伊拉克人"	2	0	0	0	0.514	0.386	0.23	0.87	1.18	-0.186	-0.106	-0.496	1.968	"1"
"伊朗"	1	0	0	0	0.257	0.193	0.115	0.435	0.59	-0.093	-0.053	-0.248	0.984	"1"
"会谈"	0	1	0	0	0.257	0.193	0.115	0.435	-0.129	0.714	-0.053	-0.248	1.144	"2"
"伤亡"	2	0	1	3	1.542	1.159	0.689	2.61	0.316	-0.559	0.285	0.277	1.437	"2"
"位置"	0	1	0	0	0.257	0.193	0.115	0.435	-0.129	0.714	-0.053	-0.248	1.144	"2"
"何时"	0	0	0	3	0.771	0.579	0.345	1.305	-0.387	-0.28	-0.159	1.085	1.911	"4"
"余地"	1	0	0	0	0.257	0.193	0.115	0.435	0.59	-0.093	-0.053	-0.248	0.984	"1"
"佛州"	0	0	0	3	0.771	0.579	0.345	1.305	-0.387	-0.28	-0.159	1.085	1.911	"4"
"作出"	0	0	0	1	0.257	0.193	0.115	0.435	-0.129	-0.093	-0.053	0.362	0.637	"4"
"作战"	0	0	0	1	0.257	0.193	0.115	0.435	-0.129	-0.093	-0.053	0.362	0.637	"4"
"使"	6	0	0	1	1.799	1.352	0.804	3.045	2.803	-0.652	-0.371	-0.93	4.756	"1"
"使得"	0	2	0	1	0.771	0.579	0.345	1.305	-0.387	1.011	-0.159	-0.224	1.781	"2"
"依托"	0	0	0	1	0.257	0.193	0.115	0.435	-0.129	-0.093	-0.053	0.362	0.637	"4"
"依然"	0	0	1	0	0.257	0.193	0.115	0.435	-0.129	-0.093	0.94	-0.248	1.41	"3"
"侦察兵"	0	0	0	1	0.257	0.193	0.115	0.435	-0.129	-0.093	-0.053	0.362	0.637	"4"
"侵略"	1	0	0	3	1.028	0.773	0.46	1.74	-0.139	-0.373	-0.212	0.654	1.378	"4"
"促使"	0	0	0	1	0.257	0.193	0.115	0.435	-0.129	-0.093	-0.053	0.362	0.637	"4"
"俄加"	1	0	0	0	0.257	0.193	0.115	0.435	0.59	-0.093	-0.053	-0.248	0.984	"1"
"保加利亚"	1	0	0	0	0.257	0.193	0.115	0.435	0.59	-0.093	-0.053	-0.248	0.984	"1"
"保卫"	0	0	0	1	0.257	0.193	0.115	0.435	-0.129	-0.093	-0.053	0.362	0.637	"4"
"信箱"	2	0	0	0	0.514	0.386	0.23	0.87	1.18	-0.186	-0.106	-0.496	1.968	"1"
"修复"	0	0	0	1	0.257	0.193	0.115	0.435	-0.129	-0.093	-0.053	0.362	0.637	"4"
"候选人"	0	0	0	1	0.257	0.193	0.115	0.435	-0.129	-0.093	-0.053	0.362	0.637	"4"
"借口"	1	0	0	1	0.514	0.386	0.23	0.87	0.349	-0.186	-0.106	0.167	0.808	"1"
"倾向于"	0	0	0	1	0.257	0.193	0.115	0.435	-0.129	-0.093	-0.053	0.362	0.637	"4"
"做出"	0	0	0	1	0.257	0.193	0.115	0.435	-0.129	-0.093	-0.053	0.362	0.637	"4"
"停战"	0	0	0	1	0.257	0.193	0.115	0.435	-0.129	-0.093	-0.053	0.362	0.637	"4"
"停止"	2	7	1	3	3.341	2.511	1.493	5.655	-0.506	2.242	-0.26	-0.95	3.958	"2"
"停火"	0	0	0	1	0.257	0.193	0.115	0.435	-0.129	-0.093	-0.053	0.362	0.637	"4"
"偿"	0	0	0	1	0.257	0.193	0.115	0.435	-0.129	-0.093	-0.053	0.362	0.637	"4"
"僵持"	0	0	0	1	0.257	0.193	0.115	0.435	-0.129	-0.093	-0.053	0.362	0.637	"4"
"充斥"	0	0	0	1	0.257	0.193	0.115	0.435	-0.129	-0.093	-0.053	0.362	0.637	"4"
"光荣"	0	0	0	1	0.257	0.193	0.115	0.435	-0.129	-0.093	-0.053	0.362	0.637	"4"
"克"	4	0	0	0	1.028	0.773	0.46	1.74	2.36	-0.373	-0.212	-0.992	3.937	"1"
"克什"	0	0	0	3	0.771	0.579	0.345	1.305	-0.387	-0.28	-0.159	1.085	1.911	"4"
"克勒"	1	0	0	0	0.257	0.193	0.115	0.435	0.59	-0.093	-0.053	-0.248	0.984	"1"
"克林顿"	0	1	0	1	0.514	0.386	0.23	0.87	-0.258	0.457	-0.106	0.167	0.988	"2"
"全数"	0	0	1	0	0.257	0.193	0.115	0.435	-0.129	-0.093	0.94	-0.248	1.41	"3"
"全球性"	0	0	0	1	0.257	0.193	0.115	0.435	-0.129	-0.093	-0.053	0.362	0.637	"4"
"八国"	1	0	0	0	0.257	0.193	0.115	0.435	0.59	-0.093	-0.053	-0.248	0.984	"1"
"公安部门"	0	0	0	2	0.514	0.386	0.23	0.87	-0.258	-0.186	-0.106	0.723	1.273	"4"
"公正"	0	0	0	1	0.257	0.193	0.115	0.435	-0.129	-0.093	-0.053	0.362	0.637	"4"
"公诸于世"	0	0	0	1	0.257	0.193	0.115	0.435	-0.129	-0.093	-0.053	0.362	0.637	"4"
"共和报"	0	0	0	1	0.257	0.193	0.115	0.435	-0.129	-0.093	-0.053	0.362	0.637	"4"
"关切"	0	1	0	0	0.257	0.193	0.115	0.435	-0.129	0.714	-0.053	-0.248	1.144	"2"
"关键"	0	0	0	2	0.514	0.386	0.23	0.87	-0.258	-0.186	-0.106	0.723	1.273	"4"
"兵器"	0	0	0	1	0.257	0.193	0.115	0.435	-0.129	-0.093	-0.053	0.362	0.637	"4"
"兵录"	1	0	0	0	0.257	0.193	0.115	0.435	0.59	-0.093	-0.053	-0.248	0.984	"1"
"具体"	0	0	0	1	0.257	0.193	0.115	0.435	-0.129	-0.093	-0.053	0.362	0.637	"4"
"典型"	0	0	0	1	0.257	0.193	0.115	0.435	-0.129	-0.093	-0.053	0.362	0.637	"4"
"内心"	0	0	0	1	0.257	0.193	0.115	0.435	-0.129	-0.093	-0.053	0.362	0.637	"4"
"内部"	0	0	0	1	0.257	0.193	0.115	0.435	-0.129	-0.093	-0.053	0.362	0.637	"4"
"再一次"	1	0	0	0	0.257	0.193	0.115	0.435	0.59	-0.093	-0.053	-0.248	0.984	"1"
"再度"	0	1	1	0	0.514	0.386	0.23	0.87	-0.258	0.457	0.664	-0.496	1.875	"3"
"再次"	1	1	2	0	1.028	0.773	0.46	1.74	-0.139	0.239	1.17	-0.992	2.54	"3"
"写有"	1	0	0	0	0.257	0.193	0.115	0.435	0.59	-0.093	-0.053	-0.248	0.984	"1"
"军"	0	1	1	0	0.514	0.386	0.23	0.87	-0.258	0.457	0.664	-0.496	1.875	"3"
"军事"	3	0	0	9	3.084	2.318	1.379	5.22	-0.203	-1.118	-0.636	1.553	3.51	"4"
"军人"	0	0	0	1	0.257	0.193	0.115	0.435	-0.129	-0.093	-0.053	0.362	0.637	"4"
"军国主义"	0	0	0	1	0.257	0.193	0.115	0.435	-0.129	-0.093	-0.053	0.362	0.637	"4"
"军士"	0	0	1	0	0.257	0.193	0.115	0.435	-0.129	-0.093	0.94	-0.248	1.41	"3"
"军队"	2	1	1	3	1.799	1.352	0.804	3.045	0.242	-0.225	0.241	-0.194	0.902	"1"
"冤冤相报"	0	0	0	1	0.257	0.193	0.115	0.435	-0.129	-0.093	-0.053	0.362	0.637	"4"
"冲击"	2	0	1	0	0.771	0.579	0.345	1.305	0.785	-0.28	0.513	-0.744	2.322	"1"
"冲突"	1	8	3	5	4.369	3.283	1.953	7.394	-1.356	2.054	0.509	-0.75	4.669	"2"
"决"	0	0	0	3	0.771	0.579	0.345	1.305	-0.387	-0.28	-0.159	1.085	1.911	"4"
"冷战"	2	0	0	0	0.514	0.386	0.23	0.87	1.18	-0.186	-0.106	-0.496	1.968	"1"
"减产"	0	1	0	0	0.257	0.193	0.115	0.435	-0.129	0.714	-0.053	-0.248	1.144	"2"
"减少"	0	1	0	2	0.771	0.579	0.345	1.305	-0.387	0.324	-0.159	0.395	1.265	"4"
"减弱"	0	1	0	0	0.257	0.193	0.115	0.435	-0.129	0.714	-0.053	-0.248	1.144	"2"
"几十"	0	0	0	1	0.257	0.193	0.115	0.435	-0.129	-0.093	-0.053	0.362	0.637	"4"
"凯利"	1	0	0	0	0.257	0.193	0.115	0.435	0.59	-0.093	-0.053	-0.248	0.984	"1"
"出征"	0	0	0	1	0.257	0.193	0.115	0.435	-0.129	-0.093	-0.053	0.362	0.637	"4"
"分歧"	1	0	0	2	0.771	0.579	0.345	1.305	0.229	-0.28	-0.159	0.395	1.063	"4"
"刚刚"	0	0	0	1	0.257	0.193	0.115	0.435	-0.129	-0.093	-0.053	0.362	0.637	"4"
"刚果"	0	0	2	3	1.285	0.966	0.574	2.175	-0.645	-0.466	0.982	0.421	2.514	"3"
"初期"	2	0	0	1	0.771	0.579	0.345	1.305	0.785	-0.28	-0.159	-0.224	1.448	"1"
"利害"	0	0	0	1	0.257	0.193	0.115	0.435	-0.129	-0.093	-0.053	0.362	0.637	"4"
"利益"	0	0	1	3	1.028	0.773	0.46	1.74	-0.516	-0.373	0.413	0.654	1.956	"4"
"利雅得"	0	1	0	0	0.257	0.193	0.115	0.435	-0.129	0.714	-0.053	-0.248	1.144	"2"
"别"	0	0	0	1	0.257	0.193	0.115	0.435	-0.129	-0.093	-0.053	0.362	0.637	"4"
"制导"	1	0	0	0	0.257	0.193	0.115	0.435	0.59	-0.093	-0.053	-0.248	0.984	"1"
"制止"	0	1	0	4	1.285	0.966	0.574	2.175	-0.645	0.182	-0.265	0.933	2.025	"4"
"制裁"	1	0	0	3	1.028	0.773	0.46	1.74	-0.139	-0.373	-0.212	0.654	1.378	"4"
"制订"	0	0	0	1	0.257	0.193	0.115	0.435	-0.129	-0.093	-0.053	0.362	0.637	"4"
"前"	1	0	0	3	1.028	0.773	0.46	1.74	-0.139	-0.373	-0.212	0.654	1.378	"4"
"前南斯拉"	0	0	0	1	0.257	0.193	0.115	0.435	-0.129	-0.093	-0.053	0.362	0.637	"4"
"前后"	0	0	1	0	0.257	0.193	0.115	0.435	-0.129	-0.093	0.94	-0.248	1.41	"3"
"前沿"	0	0	0	3	0.771	0.579	0.345	1.305	-0.387	-0.28	-0.159	1.085	1.911	"4"
"副外长"	0	0	0	1	0.257	0.193	0.115	0.435	-0.129	-0.093	-0.053	0.362	0.637	"4"
"力"	0	1	0	0	0.257	0.193	0.115	0.435	-0.129	0.714	-0.053	-0.248	1.144	"2"
"力图"	0	0	0	1	0.257	0.193	0.115	0.435	-0.129	-0.093	-0.053	0.362	0.637	"4"
"加剧"	0	0	0	1	0.257	0.193	0.115	0.435	-0.129	-0.093	-0.053	0.362	0.637	"4"
"加沙"	0	1	0	0	0.257	0.193	0.115	0.435	-0.129	0.714	-0.053	-0.248	1.144	"2"
"加沙地带"	0	1	1	0	0.514	0.386	0.23	0.87	-0.258	0.457	0.664	-0.496	1.875	"3"
"加萨走廊"	0	2	0	0	0.514	0.386	0.23	0.87	-0.258	1.428	-0.106	-0.496	2.288	"2"
"动用"	0	0	0	1	0.257	0.193	0.115	0.435	-0.129	-0.093	-0.053	0.362	0.637	"4"
"动荡"	0	0	0	1	0.257	0.193	0.115	0.435	-0.129	-0.093	-0.053	0.362	0.637	"4"
"努力"	0	1	0	2	0.771	0.579	0.345	1.305	-0.387	0.324	-0.159	0.395	1.265	"4"
"势力"	0	0	0	2	0.514	0.386	0.23	0.87	-0.258	-0.186	-0.106	0.723	1.273	"4"
"化解"	0	1	0	1	0.514	0.386	0.23	0.87	-0.258	0.457	-0.106	0.167	0.988	"2"
"北部"	0	1	0	0	0.257	0.193	0.115	0.435	-0.129	0.714	-0.053	-0.248	1.144	"2"
"医患"	0	0	0	1	0.257	0.193	0.115	0.435	-0.129	-0.093	-0.053	0.362	0.637	"4"
"十七亿"	1	0	0	0	0.257	0.193	0.115	0.435	0.59	-0.093	-0.053	-0.248	0.984	"1"
"升级"	0	1	0	0	0.257	0.193	0.115	0.435	-0.129	0.714	-0.053	-0.248	1.144	"2"
"升至"	1	0	0	0	0.257	0.193	0.115	0.435	0.59	-0.093	-0.053	-0.248	0.984	"1"
"升高"	0	2	0	0	0.514	0.386	0.23	0.87	-0.258	1.428	-0.106	-0.496	2.288	"2"
"协商"	0	0	0	1	0.257	0.193	0.115	0.435	-0.129	-0.093	-0.053	0.362	0.637	"4"
"协议"	0	2	0	2	1.028	0.773	0.46	1.74	-0.516	0.769	-0.212	0.233	1.73	"2"
"协调"	0	0	1	0	0.257	0.193	0.115	0.435	-0.129	-0.093	0.94	-0.248	1.41	"3"
"单边"	1	0	0	0	0.257	0.193	0.115	0.435	0.59	-0.093	-0.053	-0.248	0.984	"1"
"卡苏"	0	0	0	1	0.257	0.193	0.115	0.435	-0.129	-0.093	-0.053	0.362	0.637	"4"
"印巴"	0	0	0	1	0.257	0.193	0.115	0.435	-0.129	-0.093	-0.053	0.362	0.637	"4"
"危"	1	0	0	0	0.257	0.193	0.115	0.435	0.59	-0.093	-0.053	-0.248	0.984	"1"
"危机"	0	1	0	2	0.771	0.579	0.345	1.305	-0.387	0.324	-0.159	0.395	1.265	"4"
"危险"	2	0	0	2	1.028	0.773	0.46	1.74	0.563	-0.373	-0.212	0.233	1.381	"1"
"即使"	0	0	0	1	0.257	0.193	0.115	0.435	-0.129	-0.093	-0.053	0.362	0.637	"4"
"即时"	0	0	0	1	0.257	0.193	0.115	0.435	-0.129	-0.093	-0.053	0.362	0.637	"4"
"卷入"	0	0	0	4	1.028	0.773	0.46	1.74	-0.516	-0.373	-0.212	1.446	2.547	"4"
"历任"	0	0	0	1	0.257	0.193	0.115	0.435	-0.129	-0.093	-0.053	0.362	0.637	"4"
"历次"	0	0	0	2	0.514	0.386	0.23	0.87	-0.258	-0.186	-0.106	0.723	1.273	"4"
"原因"	0	0	0	1	0.257	0.193	0.115	0.435	-0.129	-0.093	-0.053	0.362	0.637	"4"
"参战"	1	0	0	1	0.514	0.386	0.23	0.87	0.349	-0.186	-0.106	0.167	0.808	"1"
"双方"	0	5	2	12	4.883	3.67	2.183	8.264	-2.451	0.524	-0.204	1.169	4.348	"1"
"双边"	0	0	0	1	0.257	0.193	0.115	0.435	-0.129	-0.093	-0.053	0.362	0.637	"4"
"反"	0	0	0	5	1.285	0.966	0.574	2.175	-0.645	-0.466	-0.265	1.808	3.184	"4"
"反对"	1	0	0	0	0.257	0.193	0.115	0.435	0.59	-0.093	-0.053	-0.248	0.984	"1"
"反恐"	2	0	0	3	1.285	0.966	0.574	2.175	0.418	-0.466	-0.265	0.421	1.57	"2"
"反恐怖"	0	0	0	1	0.257	0.193	0.115	0.435	-0.129	-0.093	-0.053	0.362	0.637	"4"
"反战"	0	0	0	1	0.257	0.193	0.115	0.435	-0.129	-0.093	-0.053	0.362	0.637	"4"
"反政府武装"	0	0	3	0	0.771	0.579	0.345	1.305	-0.387	-0.28	2.819	-0.744	4.23	"3"
"反而"	0	1	0	0	0.257	0.193	0.115	0.435	-0.129	0.714	-0.053	-0.248	1.144	"2"
"发动"	24	0	0	0	6.168	4.636	2.757	10.439	14.161	-2.237	-1.272	-5.95	23.62	"1"
"发挥"	0	0	0	1	0.257	0.193	0.115	0.435	-0.129	-0.093	-0.053	0.362	0.637	"4"
"发生"	1	7	27	3	9.766	7.34	4.365	16.529	-3.752	-0.265	16.854	-5.788	26.659	"3"
"发言权"	1	0	0	0	0.257	0.193	0.115	0.435	0.59	-0.093	-0.053	-0.248	0.984	"1"
"受伤"	0	1	5	0	1.542	1.159	0.689	2.61	-0.774	-0.173	3.964	-1.488	6.399	"3"
"叙利亚"	2	0	0	1	0.771	0.579	0.345	1.305	0.785	-0.28	-0.159	-0.224	1.448	"1"
"叠起"	0	0	0	1	0.257	0.193	0.115	0.435	-0.129	-0.093	-0.053	0.362	0.637	"4"
"口号"	0	0	0	1	0.257	0.193	0.115	0.435	-0.129	-0.093	-0.053	0.362	0.637	"4"
"可怕"	0	0	0	1	0.257	0.193	0.115	0.435	-0.129	-0.093	-0.053	0.362	0.637	"4"
"可能"	0	1	1	2	1.028	0.773	0.46	1.74	-0.516	0.239	0.413	0.233	1.401	"1"
"可能性"	1	0	0	1	0.514	0.386	0.23	0.87	0.349	-0.186	-0.106	0.167	0.808	"1"
"台海"	1	0	1	5	1.799	1.352	0.804	3.045	-0.369	-0.652	0.241	0.873	2.135	"4"
"台独"	0	0	0	1	0.257	0.193	0.115	0.435	-0.129	-0.093	-0.053	0.362	0.637	"4"
"右翼"	0	0	0	1	0.257	0.193	0.115	0.435	-0.129	-0.093	-0.053	0.362	0.637	"4"
"司令部"	0	0	0	1	0.257	0.193	0.115	0.435	-0.129	-0.093	-0.053	0.362	0.637	"4"
"吁"	0	1	0	0	0.257	0.193	0.115	0.435	-0.129	0.714	-0.053	-0.248	1.144	"2"
"各造"	0	1	0	1	0.514	0.386	0.23	0.87	-0.258	0.457	-0.106	0.167	0.988	"2"
"后"	12	0	1	7	5.14	3.863	2.298	8.699	2.914	-1.864	-0.504	-0.527	5.809	"1"
"后援"	0	0	0	1	0.257	0.193	0.115	0.435	-0.129	-0.093	-0.053	0.362	0.637	"4"
"周"	0	1	0	1	0.514	0.386	0.23	0.87	-0.258	0.457	-0.106	0.167	0.988	"2"
"周边"	1	0	0	0	0.257	0.193	0.115	0.435	0.59	-0.093	-0.053	-0.248	0.984	"1"
"呼"	0	1	0	0	0.257	0.193	0.115	0.435	-0.129	0.714	-0.053	-0.248	1.144	"2"
"呼吁"	1	3	1	1	1.542	1.159	0.689	2.61	-0.286	1.043	0.285	-0.738	2.352	"2"
"和亲"	0	0	1	0	0.257	0.193	0.115	0.435	-0.129	-0.093	0.94	-0.248	1.41	"3"
"和平"	1	10	0	13	6.168	4.636	2.757	10.439	-2.128	2.006	-1.272	0.704	6.11	"1"
"和谈"	0	1	0	2	0.771	0.579	0.345	1.305	-0.387	0.324	-0.159	0.395	1.265	"4"
"哈里斯"	0	0	0	1	0.257	0.193	0.115	0.435	-0.129	-0.093	-0.053	0.362	0.637	"4"
"啊"	0	0	0	1	0.257	0.193	0.115	0.435	-0.129	-0.093	-0.053	0.362	0.637	"4"
"回教"	0	1	1	0	0.514	0.386	0.23	0.87	-0.258	0.457	0.664	-0.496	1.875	"3"
"因"	4	0	0	1	1.285	0.966	0.574	2.175	1.761	-0.466	-0.265	-0.554	3.046	"1"
"因素"	2	0	1	9	3.084	2.318	1.379	5.22	-0.433	-1.118	-0.228	1.553	3.332	"4"
"固然"	1	0	0	1	0.514	0.386	0.23	0.87	0.349	-0.186	-0.106	0.167	0.808	"1"
"国"	0	0	0	1	0.257	0.193	0.115	0.435	-0.129	-0.093	-0.053	0.362	0.637	"4"
"国共"	0	0	0	1	0.257	0.193	0.115	0.435	-0.129	-0.093	-0.053	0.362	0.637	"4"
"国内"	0	0	0	2	0.514	0.386	0.23	0.87	-0.258	-0.186	-0.106	0.723	1.273	"4"
"国力"	2	0	0	1	0.771	0.579	0.345	1.305	0.785	-0.28	-0.159	-0.224	1.448	"1"
"国防军"	0	0	1	0	0.257	0.193	0.115	0.435	-0.129	-0.093	0.94	-0.248	1.41	"3"
"国防部长"	2	0	0	0	0.514	0.386	0.23	0.87	1.18	-0.186	-0.106	-0.496	1.968	"1"
"国际化"	0	1	0	0	0.257	0.193	0.115	0.435	-0.129	0.714	-0.053	-0.248	1.144	"2"
"国际局"	0	0	0	1	0.257	0.193	0.115	0.435	-0.129	-0.093	-0.053	0.362	0.637	"4"
"国际观"	1	0	0	0	0.257	0.193	0.115	0.435	0.59	-0.093	-0.053	-0.248	0.984	"1"
"土耳其"	1	0	0	2	0.771	0.579	0.345	1.305	0.229	-0.28	-0.159	0.395	1.063	"4"
"在"	8	0	1	2	2.827	2.125	1.264	4.785	2.839	-1.025	-0.198	-1.103	5.165	"1"
"在内"	0	0	0	1	0.257	0.193	0.115	0.435	-0.129	-0.093	-0.053	0.362	0.637	"4"
"地区"	0	4	7	7	4.626	3.477	2.068	7.829	-2.322	0.329	2.577	-0.354	5.582	"3"
"地盘"	0	0	1	0	0.257	0.193	0.115	0.435	-0.129	-0.093	0.94	-0.248	1.41	"3"
"地缘"	0	0	0	1	0.257	0.193	0.115	0.435	-0.129	-0.093	-0.053	0.362	0.637	"4"
"地雷"	0	0	0	1	0.257	0.193	0.115	0.435	-0.129	-0.093	-0.053	0.362	0.637	"4"
"场"	10	0	1	19	7.71	5.794	3.446	13.049	0.652	-2.796	-0.9	1.643	5.991	"2"
"场景"	0	0	0	1	0.257	0.193	0.115	0.435	-0.129	-0.093	-0.053	0.362	0.637	"4"
"坚挺"	1	0	0	0	0.257	0.193	0.115	0.435	0.59	-0.093	-0.053	-0.248	0.984	"1"
"坦"	0	2	1	0	0.771	0.579	0.345	1.305	-0.387	1.011	0.513	-0.744	2.655	"2"
"坦人"	0	1	0	0	0.257	0.193	0.115	0.435	-0.129	0.714	-0.053	-0.248	1.144	"2"
"埃及"	0	1	0	0	0.257	0.193	0.115	0.435	-0.129	0.714	-0.053	-0.248	1.144	"2"
"埋下"	0	0	0	1	0.257	0.193	0.115	0.435	-0.129	-0.093	-0.053	0.362	0.637	"4"
"基本"	0	0	0	2	0.514	0.386	0.23	0.87	-0.258	-0.186	-0.106	0.723	1.273	"4"
"基督"	0	0	0	1	0.257	0.193	0.115	0.435	-0.129	-0.093	-0.053	0.362	0.637	"4"
"基石"	0	1	0	0	0.257	0.193	0.115	0.435	-0.129	0.714	-0.053	-0.248	1.144	"2"
"境内"	0	0	1	0	0.257	0.193	0.115	0.435	-0.129	-0.093	0.94	-0.248	1.41	"3"
"增大"	0	0	0	1	0.257	0.193	0.115	0.435	-0.129	-0.093	-0.053	0.362	0.637	"4"
"增派"	0	0	1	1	0.514	0.386	0.23	0.87	-0.258	-0.186	0.664	0.167	1.275	"3"
"士兵"	0	0	0	2	0.514	0.386	0.23	0.87	-0.258	-0.186	-0.106	0.723	1.273	"4"
"士尼亚"	0	0	0	1	0.257	0.193	0.115	0.435	-0.129	-0.093	-0.053	0.362	0.637	"4"
"复"	0	0	1	0	0.257	0.193	0.115	0.435	-0.129	-0.093	0.94	-0.248	1.41	"3"
"外族"	0	0	0	1	0.257	0.193	0.115	0.435	-0.129	-0.093	-0.053	0.362	0.637	"4"
"外部"	0	0	0	1	0.257	0.193	0.115	0.435	-0.129	-0.093	-0.053	0.362	0.637	"4"
"多久"	0	0	0	1	0.257	0.193	0.115	0.435	-0.129	-0.093	-0.053	0.362	0.637	"4"
"多边"	0	1	0	1	0.514	0.386	0.23	0.87	-0.258	0.457	-0.106	0.167	0.988	"2"
"大东"	0	0	0	1	0.257	0.193	0.115	0.435	-0.129	-0.093	-0.053	0.362	0.637	"4"
"大国"	0	0	0	1	0.257	0.193	0.115	0.435	-0.129	-0.093	-0.053	0.362	0.637	"4"
"大局"	1	0	0	0	0.257	0.193	0.115	0.435	0.59	-0.093	-0.053	-0.248	0.984	"1"
"大打出手"	0	0	0	1	0.257	0.193	0.115	0.435	-0.129	-0.093	-0.053	0.362	0.637	"4"
"大胜"	1	0	0	0	0.257	0.193	0.115	0.435	0.59	-0.093	-0.053	-0.248	0.984	"1"
"大获全胜"	1	0	0	0	0.257	0.193	0.115	0.435	0.59	-0.093	-0.053	-0.248	0.984	"1"
"大规模"	5	0	3	0	2.056	1.545	0.919	3.48	1.513	-0.746	1.264	-1.983	5.506	"4"
"大输家"	2	0	0	0	0.514	0.386	0.23	0.87	1.18	-0.186	-0.106	-0.496	1.968	"1"
"大陆人权"	0	0	0	1	0.257	0.193	0.115	0.435	-0.129	-0.093	-0.053	0.362	0.637	"4"
"失控"	0	1	0	0	0.257	0.193	0.115	0.435	-0.129	0.714	-0.053	-0.248	1.144	"2"
"失踪"	1	0	0	2	0.771	0.579	0.345	1.305	0.229	-0.28	-0.159	0.395	1.063	"4"
"夸大"	1	0	0	0	0.257	0.193	0.115	0.435	0.59	-0.093	-0.053	-0.248	0.984	"1"
"如何"	0	1	0	0	0.257	0.193	0.115	0.435	-0.129	0.714	-0.053	-0.248	1.144	"2"
"威胁"	4	0	0	1	1.285	0.966	0.574	2.175	1.761	-0.466	-0.265	-0.554	3.046	"1"
"存在"	0	1	1	5	1.799	1.352	0.804	3.045	-0.903	-0.225	0.241	0.873	2.242	"1"
"孟加拉国"	1	0	0	0	0.257	0.193	0.115	0.435	0.59	-0.093	-0.053	-0.248	0.984	"1"
"安南"	1	1	0	1	0.771	0.579	0.345	1.305	0.229	0.324	-0.159	-0.224	0.936	"2"
"安哥拉"	0	0	1	0	0.257	0.193	0.115	0.435	-0.129	-0.093	0.94	-0.248	1.41	"3"
"宗教"	0	0	0	1	0.257	0.193	0.115	0.435	-0.129	-0.093	-0.053	0.362	0.637	"4"
"定居"	0	0	1	0	0.257	0.193	0.115	0.435	-0.129	-0.093	0.94	-0.248	1.41	"3"
"实弹"	0	1	0	0	0.257	0.193	0.115	0.435	-0.129	0.714	-0.053	-0.248	1.144	"2"
"实现"	0	0	0	1	0.257	0.193	0.115	0.435	-0.129	-0.093	-0.053	0.362	0.637	"4"
"审判"	0	0	0	1	0.257	0.193	0.115	0.435	-0.129	-0.093	-0.053	0.362	0.637	"4"
"宣布"	2	0	0	2	1.028	0.773	0.46	1.74	0.563	-0.373	-0.212	0.233	1.381	"1"
"寄托"	1	0	0	0	0.257	0.193	0.115	0.435	0.59	-0.093	-0.053	-0.248	0.984	"1"
"察"	1	0	0	0	0.257	0.193	0.115	0.435	0.59	-0.093	-0.053	-0.248	0.984	"1"
"寮国"	0	0	1	0	0.257	0.193	0.115	0.435	-0.129	-0.093	0.94	-0.248	1.41	"3"
"对"	23	0	1	24	12.336	9.271	5.514	20.879	3.121	-4.474	-1.685	0.654	9.934	"2"
"对战"	0	0	0	1	0.257	0.193	0.115	0.435	-0.129	-0.093	-0.053	0.362	0.637	"4"
"对抗"	0	0	0	2	0.514	0.386	0.23	0.87	-0.258	-0.186	-0.106	0.723	1.273	"4"
"对比"	0	1	0	0	0.257	0.193	0.115	0.435	-0.129	0.714	-0.053	-0.248	1.144	"2"
"对立"	0	0	1	1	0.514	0.386	0.23	0.87	-0.258	-0.186	0.664	0.167	1.275	"3"
"对话"	0	0	0	3	0.771	0.579	0.345	1.305	-0.387	-0.28	-0.159	1.085	1.911	"4"
"寻找"	1	0	0	1	0.514	0.386	0.23	0.87	0.349	-0.186	-0.106	0.167	0.808	"1"
"导致"	1	2	2	7	3.084	2.318	1.379	5.22	-0.836	-0.235	0.389	0.644	2.104	"1"
"将军"	1	0	0	1	0.514	0.386	0.23	0.87	0.349	-0.186	-0.106	0.167	0.808	"1"
"尼茨"	0	0	1	0	0.257	0.193	0.115	0.435	-0.129	-0.093	0.94	-0.248	1.41	"3"
"尽"	0	0	1	0	0.257	0.193	0.115	0.435	-0.129	-0.093	0.94	-0.248	1.41	"3"
"尽快"	0	2	0	4	1.542	1.159	0.689	2.61	-0.774	0.484	-0.318	0.636	2.212	"1"
"尽管"	1	0	0	1	0.514	0.386	0.23	0.87	0.349	-0.186	-0.106	0.167	0.808	"1"
"尾声"	1	0	0	0	0.257	0.193	0.115	0.435	0.59	-0.093	-0.053	-0.248	0.984	"1"
"局势"	1	1	1	0	0.771	0.579	0.345	1.305	0.229	0.324	0.513	-0.744	1.81	"4"
"局部"	0	0	0	1	0.257	0.193	0.115	0.435	-0.129	-0.093	-0.053	0.362	0.637	"4"
"局面"	0	0	0	1	0.257	0.193	0.115	0.435	-0.129	-0.093	-0.053	0.362	0.637	"4"
"展开"	0	0	0	1	0.257	0.193	0.115	0.435	-0.129	-0.093	-0.053	0.362	0.637	"4"
"岱顿"	0	0	0	2	0.514	0.386	0.23	0.87	-0.258	-0.186	-0.106	0.723	1.273	"4"
"巴"	0	47	0	0	12.079	9.078	5.399	20.444	-6.064	33.563	-2.491	-11.653	53.771	"2"
"巴勒"	0	2	0	0	0.514	0.386	0.23	0.87	-0.258	1.428	-0.106	-0.496	2.288	"2"
"巴勒斯"	0	2	1	0	0.771	0.579	0.345	1.305	-0.387	1.011	0.513	-0.744	2.655	"2"
"巴勒斯坦"	0	12	0	0	3.084	2.318	1.379	5.22	-1.548	8.569	-0.636	-2.975	13.728	"2"
"巴勒斯坦人"	0	6	0	0	1.542	1.159	0.689	2.61	-0.774	4.285	-0.318	-1.488	6.865	"2"
"巴勒斯坦土"	0	1	0	0	0.257	0.193	0.115	0.435	-0.129	0.714	-0.053	-0.248	1.144	"2"
"巴基斯坦"	0	0	0	1	0.257	0.193	0.115	0.435	-0.129	-0.093	-0.053	0.362	0.637	"4"
"巴拉克"	0	1	0	0	0.257	0.193	0.115	0.435	-0.129	0.714	-0.053	-0.248	1.144	"2"
"巴方"	0	2	0	1	0.771	0.579	0.345	1.305	-0.387	1.011	-0.159	-0.224	1.781	"2"
"巴格达"	1	0	0	3	1.028	0.773	0.46	1.74	-0.139	-0.373	-0.212	0.654	1.378	"4"
"巴波"	0	0	0	1	0.257	0.193	0.115	0.435	-0.129	-0.093	-0.053	0.362	0.637	"4"
"巴瑞克"	0	2	0	0	0.514	0.386	0.23	0.87	-0.258	1.428	-0.106	-0.496	2.288	"2"
"布什"	7	0	0	0	1.799	1.352	0.804	3.045	4.13	-0.652	-0.371	-1.735	6.888	"1"
"布莱克本"	0	0	1	0	0.257	0.193	0.115	0.435	-0.129	-0.093	0.94	-0.248	1.41	"3"
"布莱尔"	3	0	1	1	1.285	0.966	0.574	2.175	0.954	-0.466	0.34	-0.554	2.314	"1"
"帝国"	1	0	0	0	0.257	0.193	0.115	0.435	0.59	-0.093	-0.053	-0.248	0.984	"1"
"带来"	6	0	0	5	2.827	2.125	1.264	4.785	1.408	-1.025	-0.583	0.25	3.266	"1"
"干旱"	0	0	0	1	0.257	0.193	0.115	0.435	-0.129	-0.093	-0.053	0.362	0.637	"4"
"干涉"	0	0	0	1	0.257	0.193	0.115	0.435	-0.129	-0.093	-0.053	0.362	0.637	"4"
"平息"	0	4	0	1	1.285	0.966	0.574	2.175	-0.645	2.23	-0.265	-0.554	3.694	"2"
"平民"	1	0	2	1	1.028	0.773	0.46	1.74	-0.139	-0.373	1.17	-0.381	2.063	"3"
"平行"	0	0	0	1	0.257	0.193	0.115	0.435	-0.129	-0.093	-0.053	0.362	0.637	"4"
"平静"	0	0	1	0	0.257	0.193	0.115	0.435	-0.129	-0.093	0.94	-0.248	1.41	"3"
"年代"	0	0	0	4	1.028	0.773	0.46	1.74	-0.516	-0.373	-0.212	1.446	2.547	"4"
"幸免于难"	0	0	0	1	0.257	0.193	0.115	0.435	-0.129	-0.093	-0.053	0.362	0.637	"4"
"库德"	0	0	1	0	0.257	0.193	0.115	0.435	-0.129	-0.093	0.94	-0.248	1.41	"3"
"应"	0	0	0	1	0.257	0.193	0.115	0.435	-0.129	-0.093	-0.053	0.362	0.637	"4"
"应对"	1	0	0	1	0.514	0.386	0.23	0.87	0.349	-0.186	-0.106	0.167	0.808	"1"
"应当"	0	0	0	1	0.257	0.193	0.115	0.435	-0.129	-0.093	-0.053	0.362	0.637	"4"
"应该"	0	0	0	1	0.257	0.193	0.115	0.435	-0.129	-0.093	-0.053	0.362	0.637	"4"
"延到"	0	0	0	1	0.257	0.193	0.115	0.435	-0.129	-0.093	-0.053	0.362	0.637	"4"
"建构"	0	0	0	1	0.257	0.193	0.115	0.435	-0.129	-0.093	-0.053	0.362	0.637	"4"
"开始"	0	0	0	4	1.028	0.773	0.46	1.74	-0.516	-0.373	-0.212	1.446	2.547	"4"
"开战"	0	0	0	3	0.771	0.579	0.345	1.305	-0.387	-0.28	-0.159	1.085	1.911	"4"
"开打"	0	0	0	1	0.257	0.193	0.115	0.435	-0.129	-0.093	-0.053	0.362	0.637	"4"
"开支"	0	0	0	2	0.514	0.386	0.23	0.87	-0.258	-0.186	-0.106	0.723	1.273	"4"
"引发"	2	2	0	6	2.57	1.931	1.149	4.35	-0.297	0.22	-0.53	0.637	1.684	"4"
"引爆"	0	1	0	0	0.257	0.193	0.115	0.435	-0.129	0.714	-0.053	-0.248	1.144	"2"
"强大"	2	0	0	1	0.771	0.579	0.345	1.305	0.785	-0.28	-0.159	-0.224	1.448	"1"
"归咎于"	0	1	0	0	0.257	0.193	0.115	0.435	-0.129	0.714	-0.053	-0.248	1.144	"2"
"当事国"	0	0	0	1	0.257	0.193	0.115	0.435	-0.129	-0.093	-0.053	0.362	0.637	"4"
"当地"	0	1	0	1	0.514	0.386	0.23	0.87	-0.258	0.457	-0.106	0.167	0.988	"2"
"当年"	0	0	1	2	0.771	0.579	0.345	1.305	-0.387	-0.28	0.513	0.395	1.575	"3"
"录制"	0	0	0	1	0.257	0.193	0.115	0.435	-0.129	-0.093	-0.053	0.362	0.637	"4"
"形态"	0	0	0	1	0.257	0.193	0.115	0.435	-0.129	-0.093	-0.053	0.362	0.637	"4"
"影响"	12	0	1	6	4.883	3.67	2.183	8.264	3.196	-1.771	-0.467	-0.681	6.115	"1"
"彻底"	0	0	0	1	0.257	0.193	0.115	0.435	-0.129	-0.093	-0.053	0.362	0.637	"4"
"彼此"	0	0	0	1	0.257	0.193	0.115	0.435	-0.129	-0.093	-0.053	0.362	0.637	"4"
"得胜"	0	0	0	1	0.257	0.193	0.115	0.435	-0.129	-0.093	-0.053	0.362	0.637	"4"
"循环"	0	0	0	1	0.257	0.193	0.115	0.435	-0.129	-0.093	-0.053	0.362	0.637	"4"
"德河"	0	0	2	0	0.514	0.386	0.23	0.87	-0.258	-0.186	1.88	-0.496	2.82	"3"
"德维尔潘"	0	1	0	0	0.257	0.193	0.115	0.435	-0.129	0.714	-0.053	-0.248	1.144	"2"
"必要"	0	0	0	1	0.257	0.193	0.115	0.435	-0.129	-0.093	-0.053	0.362	0.637	"4"
"必须"	0	0	0	1	0.257	0.193	0.115	0.435	-0.129	-0.093	-0.053	0.362	0.637	"4"
"快感"	0	0	0	1	0.257	0.193	0.115	0.435	-0.129	-0.093	-0.053	0.362	0.637	"4"
"快速反应部队"	0	0	1	0	0.257	0.193	0.115	0.435	-0.129	-0.093	0.94	-0.248	1.41	"3"
"念"	0	0	0	1	0.257	0.193	0.115	0.435	-0.129	-0.093	-0.053	0.362	0.637	"4"
"性质"	0	0	0	1	0.257	0.193	0.115	0.435	-0.129	-0.093	-0.053	0.362	0.637	"4"
"总统"	0	0	0	2	0.514	0.386	0.23	0.87	-0.258	-0.186	-0.106	0.723	1.273	"4"
"恐怖"	3	0	0	7	2.57	1.931	1.149	4.35	0.305	-0.932	-0.53	1.068	2.835	"4"
"恢复"	0	6	0	1	1.799	1.352	0.804	3.045	-0.903	3.518	-0.371	-0.93	5.722	"2"
"恢复到"	0	0	1	0	0.257	0.193	0.115	0.435	-0.129	-0.093	0.94	-0.248	1.41	"3"
"恩怨"	0	0	0	1	0.257	0.193	0.115	0.435	-0.129	-0.093	-0.053	0.362	0.637	"4"
"恰帕斯"	0	0	1	0	0.257	0.193	0.115	0.435	-0.129	-0.093	0.94	-0.248	1.41	"3"
"恶性"	0	0	0	1	0.257	0.193	0.115	0.435	-0.129	-0.093	-0.053	0.362	0.637	"4"
"恶魔"	0	0	0	1	0.257	0.193	0.115	0.435	-0.129	-0.093	-0.053	0.362	0.637	"4"
"悍然"	1	0	0	0	0.257	0.193	0.115	0.435	0.59	-0.093	-0.053	-0.248	0.984	"1"
"悲剧"	0	0	0	1	0.257	0.193	0.115	0.435	-0.129	-0.093	-0.053	0.362	0.637	"4"
"想定"	0	0	0	1	0.257	0.193	0.115	0.435	-0.129	-0.093	-0.053	0.362	0.637	"4"
"意味"	0	0	0	1	0.257	0.193	0.115	0.435	-0.129	-0.093	-0.053	0.362	0.637	"4"
"成员"	0	0	0	2	0.514	0.386	0.23	0.87	-0.258	-0.186	-0.106	0.723	1.273	"4"
"战"	1	0	0	3	1.028	0.773	0.46	1.74	-0.139	-0.373	-0.212	0.654	1.378	"4"
"战争"	13	0	3	23	10.023	7.533	4.48	16.964	0.743	-3.635	-0.481	1.427	6.286	"2"
"战事"	0	0	0	1	0.257	0.193	0.115	0.435	-0.129	-0.093	-0.053	0.362	0.637	"4"
"战俘"	0	0	0	2	0.514	0.386	0.23	0.87	-0.258	-0.186	-0.106	0.723	1.273	"4"
"战功"	0	0	0	1	0.257	0.193	0.115	0.435	-0.129	-0.093	-0.053	0.362	0.637	"4"
"战后"	1	0	0	2	0.771	0.579	0.345	1.305	0.229	-0.28	-0.159	0.395	1.063	"4"
"战场"	1	0	0	0	0.257	0.193	0.115	0.435	0.59	-0.093	-0.053	-0.248	0.984	"1"
"战役"	0	0	0	1	0.257	0.193	0.115	0.435	-0.129	-0.093	-0.053	0.362	0.637	"4"
"战斗"	0	0	0	2	0.514	0.386	0.23	0.87	-0.258	-0.186	-0.106	0.723	1.273	"4"
"战时期"	0	0	0	1	0.257	0.193	0.115	0.435	-0.129	-0.093	-0.053	0.362	0.637	"4"
"战犯"	0	0	0	1	0.257	0.193	0.115	0.435	-0.129	-0.093	-0.053	0.362	0.637	"4"
"截至"	2	0	0	1	0.771	0.579	0.345	1.305	0.785	-0.28	-0.159	-0.224	1.448	"1"
"手段"	0	0	0	1	0.257	0.193	0.115	0.435	-0.129	-0.093	-0.053	0.362	0.637	"4"
"才能"	0	0	0	1	0.257	0.193	0.115	0.435	-0.129	-0.093	-0.053	0.362	0.637	"4"
"打"	1	0	0	2	0.771	0.579	0.345	1.305	0.229	-0.28	-0.159	0.395	1.063	"4"
"打仗"	0	0	1	0	0.257	0.193	0.115	0.435	-0.129	-0.093	0.94	-0.248	1.41	"3"
"打伊"	0	0	0	1	0.257	0.193	0.115	0.435	-0.129	-0.093	-0.053	0.362	0.637	"4"
"打响"	1	0	0	1	0.514	0.386	0.23	0.87	0.349	-0.186	-0.106	0.167	0.808	"1"
"打架"	0	0	1	0	0.257	0.193	0.115	0.435	-0.129	-0.093	0.94	-0.248	1.41	"3"
"打死"	0	1	0	0	0.257	0.193	0.115	0.435	-0.129	0.714	-0.053	-0.248	1.144	"2"
"打赢"	0	0	0	2	0.514	0.386	0.23	0.87	-0.258	-0.186	-0.106	0.723	1.273	"4"
"打起来"	0	0	0	1	0.257	0.193	0.115	0.435	-0.129	-0.093	-0.053	0.362	0.637	"4"
"扩大"	0	0	0	1	0.257	0.193	0.115	0.435	-0.129	-0.093	-0.053	0.362	0.637	"4"
"抓紧"	0	0	0	1	0.257	0.193	0.115	0.435	-0.129	-0.093	-0.053	0.362	0.637	"4"
"投降"	0	0	0	1	0.257	0.193	0.115	0.435	-0.129	-0.093	-0.053	0.362	0.637	"4"
"抗"	0	0	0	4	1.028	0.773	0.46	1.74	-0.516	-0.373	-0.212	1.446	2.547	"4"
"抗日"	0	0	0	4	1.028	0.773	0.46	1.74	-0.516	-0.373	-0.212	1.446	2.547	"4"
"抗英"	1	0	0	0	0.257	0.193	0.115	0.435	0.59	-0.093	-0.053	-0.248	0.984	"1"
"报道"	1	0	0	0	0.257	0.193	0.115	0.435	0.59	-0.093	-0.053	-0.248	0.984	"1"
"抵御"	0	0	0	1	0.257	0.193	0.115	0.435	-0.129	-0.093	-0.053	0.362	0.637	"4"
"担心"	0	0	0	1	0.257	0.193	0.115	0.435	-0.129	-0.093	-0.053	0.362	0.637	"4"
"担忧"	1	0	0	1	0.514	0.386	0.23	0.87	0.349	-0.186	-0.106	0.167	0.808	"1"
"拉克"	4	0	0	1	1.285	0.966	0.574	2.175	1.761	-0.466	-0.265	-0.554	3.046	"1"
"拉姆斯菲尔德"	1	0	0	0	0.257	0.193	0.115	0.435	0.59	-0.093	-0.053	-0.248	0.984	"1"
"拖"	0	0	0	1	0.257	0.193	0.115	0.435	-0.129	-0.093	-0.053	0.362	0.637	"4"
"拨款"	1	0	0	0	0.257	0.193	0.115	0.435	0.59	-0.093	-0.053	-0.248	0.984	"1"
"持久"	0	0	0	2	0.514	0.386	0.23	0.87	-0.258	-0.186	-0.106	0.723	1.273	"4"
"持续"	0	4	0	0	1.028	0.773	0.46	1.74	-0.516	2.856	-0.212	-0.992	4.576	"2"
"指挥部"	0	0	0	1	0.257	0.193	0.115	0.435	-0.129	-0.093	-0.053	0.362	0.637	"4"
"指明"	0	0	0	1	0.257	0.193	0.115	0.435	-0.129	-0.093	-0.053	0.362	0.637	"4"
"指责"	0	0	0	1	0.257	0.193	0.115	0.435	-0.129	-0.093	-0.053	0.362	0.637	"4"
"挑起"	0	0	0	1	0.257	0.193	0.115	0.435	-0.129	-0.093	-0.053	0.362	0.637	"4"
"挥军"	1	0	0	0	0.257	0.193	0.115	0.435	0.59	-0.093	-0.053	-0.248	0.984	"1"
"挨"	0	0	1	0	0.257	0.193	0.115	0.435	-0.129	-0.093	0.94	-0.248	1.41	"3"
"挫折"	0	0	0	1	0.257	0.193	0.115	0.435	-0.129	-0.093	-0.053	0.362	0.637	"4"
"挽救"	0	1	0	0	0.257	0.193	0.115	0.435	-0.129	0.714	-0.053	-0.248	1.144	"2"
"据报"	0	0	0	1	0.257	0.193	0.115	0.435	-0.129	-0.093	-0.053	0.362	0.637	"4"
"授权"	1	0	0	0	0.257	0.193	0.115	0.435	0.59	-0.093	-0.053	-0.248	0.984	"1"
"採访"	1	0	0	0	0.257	0.193	0.115	0.435	0.59	-0.093	-0.053	-0.248	0.984	"1"
"接连"	0	0	1	0	0.257	0.193	0.115	0.435	-0.129	-0.093	0.94	-0.248	1.41	"3"
"控诉"	0	0	0	1	0.257	0.193	0.115	0.435	-0.129	-0.093	-0.053	0.362	0.637	"4"
"推翻"	5	0	0	0	1.285	0.966	0.574	2.175	2.95	-0.466	-0.265	-1.24	4.921	"1"
"掩盖"	0	0	0	1	0.257	0.193	0.115	0.435	-0.129	-0.093	-0.053	0.362	0.637	"4"
"描绘为"	0	1	0	0	0.257	0.193	0.115	0.435	-0.129	0.714	-0.053	-0.248	1.144	"2"
"提供有"	1	0	0	0	0.257	0.193	0.115	0.435	0.59	-0.093	-0.053	-0.248	0.984	"1"
"提出"	0	0	0	1	0.257	0.193	0.115	0.435	-0.129	-0.093	-0.053	0.362	0.637	"4"
"援"	0	0	0	1	0.257	0.193	0.115	0.435	-0.129	-0.093	-0.053	0.362	0.637	"4"
"援军"	0	0	0	1	0.257	0.193	0.115	0.435	-0.129	-0.093	-0.053	0.362	0.637	"4"
"摧残"	0	0	0	1	0.257	0.193	0.115	0.435	-0.129	-0.093	-0.053	0.362	0.637	"4"
"摧毁"	0	1	0	1	0.514	0.386	0.23	0.87	-0.258	0.457	-0.106	0.167	0.988	"2"
"撤出"	1	0	0	0	0.257	0.193	0.115	0.435	0.59	-0.093	-0.053	-0.248	0.984	"1"
"撤离"	0	0	1	0	0.257	0.193	0.115	0.435	-0.129	-0.093	0.94	-0.248	1.41	"3"
"撤至"	0	1	0	0	0.257	0.193	0.115	0.435	-0.129	0.714	-0.053	-0.248	1.144	"2"
"撤走"	0	0	1	0	0.257	0.193	0.115	0.435	-0.129	-0.093	0.94	-0.248	1.41	"3"
"支付"	1	0	0	2	0.771	0.579	0.345	1.305	0.229	-0.28	-0.159	0.395	1.063	"4"
"支持率"	1	0	0	0	0.257	0.193	0.115	0.435	0.59	-0.093	-0.053	-0.248	0.984	"1"
"支持者"	0	0	1	0	0.257	0.193	0.115	0.435	-0.129	-0.093	0.94	-0.248	1.41	"3"
"支援"	1	0	0	0	0.257	0.193	0.115	0.435	0.59	-0.093	-0.053	-0.248	0.984	"1"
"攻打"	1	0	0	0	0.257	0.193	0.115	0.435	0.59	-0.093	-0.053	-0.248	0.984	"1"
"政局"	0	0	0	1	0.257	0.193	0.115	0.435	-0.129	-0.093	-0.053	0.362	0.637	"4"
"政府军"	0	0	3	0	0.771	0.579	0.345	1.305	-0.387	-0.28	2.819	-0.744	4.23	"3"
"政权"	4	0	0	2	1.542	1.159	0.689	2.61	1.383	-0.559	-0.318	-0.326	2.586	"1"
"政治"	0	2	0	3	1.285	0.966	0.574	2.175	-0.645	0.604	-0.265	0.421	1.935	"1"
"教"	0	0	0	1	0.257	0.193	0.115	0.435	-0.129	-0.093	-0.053	0.362	0.637	"4"
"教派"	0	0	0	2	0.514	0.386	0.23	0.87	-0.258	-0.186	-0.106	0.723	1.273	"4"
"散去"	0	0	0	1	0.257	0.193	0.115	0.435	-0.129	-0.093	-0.053	0.362	0.637	"4"
"敦促"	0	3	0	0	0.771	0.579	0.345	1.305	-0.387	2.142	-0.159	-0.744	3.432	"2"
"数十"	0	2	2	0	1.028	0.773	0.46	1.74	-0.516	0.769	1.17	-0.992	3.447	"3"
"数十万"	0	0	1	0	0.257	0.193	0.115	0.435	-0.129	-0.093	0.94	-0.248	1.41	"3"
"数千"	0	0	1	0	0.257	0.193	0.115	0.435	-0.129	-0.093	0.94	-0.248	1.41	"3"
"文明"	0	0	0	1	0.257	0.193	0.115	0.435	-0.129	-0.093	-0.053	0.362	0.637	"4"
"斡旋"	0	3	0	1	1.028	0.773	0.46	1.74	-0.516	1.608	-0.212	-0.381	2.717	"2"
"断"	0	1	0	0	0.257	0.193	0.115	0.435	-0.129	0.714	-0.053	-0.248	1.144	"2"
"斯坦"	0	1	0	0	0.257	0.193	0.115	0.435	-0.129	0.714	-0.053	-0.248	1.144	"2"
"新军事"	1	0	0	0	0.257	0.193	0.115	0.435	0.59	-0.093	-0.053	-0.248	0.984	"1"
"新闻报"	0	1	0	0	0.257	0.193	0.115	0.435	-0.129	0.714	-0.053	-0.248	1.144	"2"
"方"	0	0	2	4	1.542	1.159	0.689	2.61	-0.774	-0.559	0.84	0.636	2.809	"3"
"施加"	0	0	0	1	0.257	0.193	0.115	0.435	-0.129	-0.093	-0.053	0.362	0.637	"4"
"旅游业"	2	0	0	0	0.514	0.386	0.23	0.87	1.18	-0.186	-0.106	-0.496	1.968	"1"
"族"	0	0	2	0	0.514	0.386	0.23	0.87	-0.258	-0.186	1.88	-0.496	2.82	"3"
"无可"	0	0	0	1	0.257	0.193	0.115	0.435	-0.129	-0.093	-0.053	0.362	0.637	"4"
"无情"	1	0	0	1	0.514	0.386	0.23	0.87	0.349	-0.186	-0.106	0.167	0.808	"1"
"无谓"	0	0	0	1	0.257	0.193	0.115	0.435	-0.129	-0.093	-0.053	0.362	0.637	"4"
"既是"	0	0	0	1	0.257	0.193	0.115	0.435	-0.129	-0.093	-0.053	0.362	0.637	"4"
"日益"	0	1	0	0	0.257	0.193	0.115	0.435	-0.129	0.714	-0.053	-0.248	1.144	"2"
"日趋"	0	1	0	0	0.257	0.193	0.115	0.435	-0.129	0.714	-0.053	-0.248	1.144	"2"
"旨"	0	1	0	1	0.514	0.386	0.23	0.87	-0.258	0.457	-0.106	0.167	0.988	"2"
"早日"	1	1	0	1	0.771	0.579	0.345	1.305	0.229	0.324	-0.159	-0.224	0.936	"2"
"时期"	0	0	0	5	1.285	0.966	0.574	2.175	-0.645	-0.466	-0.265	1.808	3.184	"4"
"时间表"	0	0	0	2	0.514	0.386	0.23	0.87	-0.258	-0.186	-0.106	0.723	1.273	"4"
"明朗"	1	0	0	0	0.257	0.193	0.115	0.435	0.59	-0.093	-0.053	-0.248	0.984	"1"
"晋察冀"	0	0	0	1	0.257	0.193	0.115	0.435	-0.129	-0.093	-0.053	0.362	0.637	"4"
"暴"	0	1	0	0	0.257	0.193	0.115	0.435	-0.129	0.714	-0.053	-0.248	1.144	"2"
"暴乱"	0	1	0	0	0.257	0.193	0.115	0.435	-0.129	0.714	-0.053	-0.248	1.144	"2"
"暴力"	0	21	0	1	5.654	4.249	2.527	9.569	-2.838	13.742	-1.166	-4.201	21.947	"2"
"曙光"	0	1	0	0	0.257	0.193	0.115	0.435	-0.129	0.714	-0.053	-0.248	1.144	"2"
"最为"	0	0	1	1	0.514	0.386	0.23	0.87	-0.258	-0.186	0.664	0.167	1.275	"3"
"最终"	0	0	0	2	0.514	0.386	0.23	0.87	-0.258	-0.186	-0.106	0.723	1.273	"4"
"最近"	0	3	0	1	1.028	0.773	0.46	1.74	-0.516	1.608	-0.212	-0.381	2.717	"2"
"最高法院"	0	0	0	1	0.257	0.193	0.115	0.435	-0.129	-0.093	-0.053	0.362	0.637	"4"
"有国"	0	0	0	1	0.257	0.193	0.115	0.435	-0.129	-0.093	-0.053	0.362	0.637	"4"
"有所"	0	0	0	1	0.257	0.193	0.115	0.435	-0.129	-0.093	-0.053	0.362	0.637	"4"
"服从"	0	0	0	1	0.257	0.193	0.115	0.435	-0.129	-0.093	-0.053	0.362	0.637	"4"
"朝"	0	0	0	2	0.514	0.386	0.23	0.87	-0.258	-0.186	-0.106	0.723	1.273	"4"
"朝野"	0	0	0	1	0.257	0.193	0.115	0.435	-0.129	-0.093	-0.053	0.362	0.637	"4"
"朝鲜"	0	0	1	5	1.542	1.159	0.689	2.61	-0.774	-0.559	0.285	1.225	2.843	"4"
"朝鲜半岛"	0	0	0	1	0.257	0.193	0.115	0.435	-0.129	-0.093	-0.053	0.362	0.637	"4"
"期间"	3	0	0	2	1.285	0.966	0.574	2.175	0.954	-0.466	-0.265	-0.207	1.892	"1"
"本"	1	0	0	0	0.257	0.193	0.115	0.435	0.59	-0.093	-0.053	-0.248	0.984	"1"
"机制"	0	0	0	1	0.257	0.193	0.115	0.435	-0.129	-0.093	-0.053	0.362	0.637	"4"
"机构"	0	0	0	1	0.257	0.193	0.115	0.435	-0.129	-0.093	-0.053	0.362	0.637	"4"
"机械人"	0	0	0	1	0.257	0.193	0.115	0.435	-0.129	-0.093	-0.053	0.362	0.637	"4"
"杀机"	0	0	0	1	0.257	0.193	0.115	0.435	-0.129	-0.093	-0.053	0.362	0.637	"4"
"杀虫剂"	1	0	0	0	0.257	0.193	0.115	0.435	0.59	-0.093	-0.053	-0.248	0.984	"1"
"束"	0	0	0	1	0.257	0.193	0.115	0.435	-0.129	-0.093	-0.053	0.362	0.637	"4"
"来临"	0	0	0	1	0.257	0.193	0.115	0.435	-0.129	-0.093	-0.053	0.362	0.637	"4"
"林奇"	1	0	0	0	0.257	0.193	0.115	0.435	0.59	-0.093	-0.053	-0.248	0.984	"1"
"枪伤"	0	1	0	0	0.257	0.193	0.115	0.435	-0.129	0.714	-0.053	-0.248	1.144	"2"
"枪战"	0	0	0	1	0.257	0.193	0.115	0.435	-0.129	-0.093	-0.053	0.362	0.637	"4"
"枪炮声"	0	0	1	0	0.257	0.193	0.115	0.435	-0.129	-0.093	0.94	-0.248	1.41	"3"
"柯林顿"	0	1	0	0	0.257	0.193	0.115	0.435	-0.129	0.714	-0.053	-0.248	1.144	"2"
"核"	1	0	0	1	0.514	0.386	0.23	0.87	0.349	-0.186	-0.106	0.167	0.808	"1"
"核四"	0	0	0	1	0.257	0.193	0.115	0.435	-0.129	-0.093	-0.053	0.362	0.637	"4"
"核查"	0	0	0	2	0.514	0.386	0.23	0.87	-0.258	-0.186	-0.106	0.723	1.273	"4"
"根本"	0	1	0	0	0.257	0.193	0.115	0.435	-0.129	0.714	-0.053	-0.248	1.144	"2"
"根本性"	0	0	0	1	0.257	0.193	0.115	0.435	-0.129	-0.093	-0.053	0.362	0.637	"4"
"格局"	0	0	0	1	0.257	0.193	0.115	0.435	-0.129	-0.093	-0.053	0.362	0.637	"4"
"模糊"	0	0	0	1	0.257	0.193	0.115	0.435	-0.129	-0.093	-0.053	0.362	0.637	"4"
"次"	8	2	0	8	4.626	3.477	2.068	7.829	1.182	-0.529	-0.954	0.253	2.918	"1"
"止"	0	1	0	0	0.257	0.193	0.115	0.435	-0.129	0.714	-0.053	-0.248	1.144	"2"
"正义"	0	0	0	1	0.257	0.193	0.115	0.435	-0.129	-0.093	-0.053	0.362	0.637	"4"
"正常化"	0	1	0	0	0.257	0.193	0.115	0.435	-0.129	0.714	-0.053	-0.248	1.144	"2"
"正当"	0	0	0	1	0.257	0.193	0.115	0.435	-0.129	-0.093	-0.053	0.362	0.637	"4"
"正面"	0	1	2	0	0.771	0.579	0.345	1.305	-0.387	0.324	1.437	-0.744	2.892	"3"
"此刻"	1	0	0	0	0.257	0.193	0.115	0.435	0.59	-0.093	-0.053	-0.248	0.984	"1"
"此次"	0	0	0	1	0.257	0.193	0.115	0.435	-0.129	-0.093	-0.053	0.362	0.637	"4"
"步骤"	0	1	0	0	0.257	0.193	0.115	0.435	-0.129	0.714	-0.053	-0.248	1.144	"2"
"武力"	0	1	0	1	0.514	0.386	0.23	0.87	-0.258	0.457	-0.106	0.167	0.988	"2"
"武器"	6	0	0	2	2.056	1.545	0.919	3.48	2.309	-0.746	-0.424	-0.608	4.087	"1"
"武装"	0	1	12	1	3.598	2.704	1.608	6.09	-1.806	-0.666	9.416	-2.4	14.288	"3"
"死"	0	1	1	1	0.771	0.579	0.345	1.305	-0.387	0.324	0.513	-0.224	1.448	"3"
"死亡"	2	2	2	2	2.056	1.545	0.919	3.48	-0.18	0.322	0.634	-0.608	1.744	"3"
"死亡人"	0	1	0	0	0.257	0.193	0.115	0.435	-0.129	0.714	-0.053	-0.248	1.144	"2"
"死伤"	0	0	0	1	0.257	0.193	0.115	0.435	-0.129	-0.093	-0.053	0.362	0.637	"4"
"死难者"	0	0	1	0	0.257	0.193	0.115	0.435	-0.129	-0.093	0.94	-0.248	1.41	"3"
"毁"	0	0	0	1	0.257	0.193	0.115	0.435	-0.129	-0.093	-0.053	0.362	0.637	"4"
"比美"	1	0	0	0	0.257	0.193	0.115	0.435	0.59	-0.093	-0.053	-0.248	0.984	"1"
"民"	3	0	0	1	1.028	0.773	0.46	1.74	1.261	-0.373	-0.212	-0.381	2.227	"1"
"民族"	0	1	0	0	0.257	0.193	0.115	0.435	-0.129	0.714	-0.053	-0.248	1.144	"2"
"永久"	0	0	0	1	0.257	0.193	0.115	0.435	-0.129	-0.093	-0.053	0.362	0.637	"4"
"沂蒙"	0	0	0	1	0.257	0.193	0.115	0.435	-0.129	-0.093	-0.053	0.362	0.637	"4"
"沙"	0	0	0	2	0.514	0.386	0.23	0.87	-0.258	-0.186	-0.106	0.723	1.273	"4"
"沙斯"	1	0	0	6	1.799	1.352	0.804	3.045	-0.369	-0.652	-0.371	1.527	2.919	"4"
"沙特"	2	0	0	0	0.514	0.386	0.23	0.87	1.18	-0.186	-0.106	-0.496	1.968	"1"
"没完没了"	0	0	0	1	0.257	0.193	0.115	0.435	-0.129	-0.093	-0.053	0.362	0.637	"4"
"没有"	2	0	0	1	0.771	0.579	0.345	1.305	0.785	-0.28	-0.159	-0.224	1.448	"1"
"沦陷"	0	0	0	1	0.257	0.193	0.115	0.435	-0.129	-0.093	-0.053	0.362	0.637	"4"
"油井"	1	0	0	0	0.257	0.193	0.115	0.435	0.59	-0.093	-0.053	-0.248	0.984	"1"
"油价"	1	1	0	0	0.514	0.386	0.23	0.87	0.349	0.457	-0.106	-0.496	1.408	"4"
"法德"	1	0	0	0	0.257	0.193	0.115	0.435	0.59	-0.093	-0.053	-0.248	0.984	"1"
"波"	0	3	0	1	1.028	0.773	0.46	1.74	-0.516	1.608	-0.212	-0.381	2.717	"2"
"波士尼亚"	0	0	0	1	0.257	0.193	0.115	0.435	-0.129	-0.093	-0.053	0.362	0.637	"4"
"波斯湾"	1	0	0	4	1.285	0.966	0.574	2.175	-0.209	-0.466	-0.265	0.933	1.873	"4"
"洛休科夫"	0	0	0	1	0.257	0.193	0.115	0.435	-0.129	-0.093	-0.053	0.362	0.637	"4"
"洛文"	1	0	0	0	0.257	0.193	0.115	0.435	0.59	-0.093	-0.053	-0.248	0.984	"1"
"派兵"	0	1	0	1	0.514	0.386	0.23	0.87	-0.258	0.457	-0.106	0.167	0.988	"2"
"流离"	0	0	1	0	0.257	0.193	0.115	0.435	-0.129	-0.093	0.94	-0.248	1.41	"3"
"流血"	0	13	0	0	3.341	2.511	1.493	5.655	-1.677	9.283	-0.689	-3.223	14.872	"2"
"海合会"	0	0	0	1	0.257	0.193	0.115	0.435	-0.129	-0.093	-0.053	0.362	0.637	"4"
"海湾"	1	0	1	0	0.514	0.386	0.23	0.87	0.349	-0.186	0.664	-0.496	1.695	"3"
"海湾战争"	1	0	0	1	0.514	0.386	0.23	0.87	0.349	-0.186	-0.106	0.167	0.808	"1"
"海牙"	0	0	0	1	0.257	0.193	0.115	0.435	-0.129	-0.093	-0.053	0.362	0.637	"4"
"消失"	0	0	0	1	0.257	0.193	0.115	0.435	-0.129	-0.093	-0.053	0.362	0.637	"4"
"消极"	1	0	0	1	0.514	0.386	0.23	0.87	0.349	-0.186	-0.106	0.167	0.808	"1"
"消耗"	1	0	0	2	0.771	0.579	0.345	1.305	0.229	-0.28	-0.159	0.395	1.063	"4"
"消除"	0	0	0	2	0.514	0.386	0.23	0.87	-0.258	-0.186	-0.106	0.723	1.273	"4"
"涉及"	0	0	0	1	0.257	0.193	0.115	0.435	-0.129	-0.093	-0.053	0.362	0.637	"4"
"深远"	1	0	0	1	0.514	0.386	0.23	0.87	0.349	-0.186	-0.106	0.167	0.808	"1"
"清真寺"	0	1	0	0	0.257	0.193	0.115	0.435	-0.129	0.714	-0.053	-0.248	1.144	"2"
"清算"	0	0	0	1	0.257	0.193	0.115	0.435	-0.129	-0.093	-0.053	0.362	0.637	"4"
"渲染"	0	1	0	0	0.257	0.193	0.115	0.435	-0.129	0.714	-0.053	-0.248	1.144	"2"
"游击队"	0	0	2	1	0.771	0.579	0.345	1.305	-0.387	-0.28	1.437	-0.224	2.328	"3"
"湾"	1	0	0	2	0.771	0.579	0.345	1.305	0.229	-0.28	-0.159	0.395	1.063	"4"
"演"	0	1	0	0	0.257	0.193	0.115	0.435	-0.129	0.714	-0.053	-0.248	1.144	"2"
"演化"	0	0	1	0	0.257	0.193	0.115	0.435	-0.129	-0.093	0.94	-0.248	1.41	"3"
"漩涡"	0	0	0	1	0.257	0.193	0.115	0.435	-0.129	-0.093	-0.053	0.362	0.637	"4"
"潜在"	0	0	0	2	0.514	0.386	0.23	0.87	-0.258	-0.186	-0.106	0.723	1.273	"4"
"澄"	0	0	0	1	0.257	0.193	0.115	0.435	-0.129	-0.093	-0.053	0.362	0.637	"4"
"激化"	1	0	2	1	1.028	0.773	0.46	1.74	-0.139	-0.373	1.17	-0.381	2.063	"3"
"激烈"	0	0	1	0	0.257	0.193	0.115	0.435	-0.129	-0.093	0.94	-0.248	1.41	"3"
"灭沙"	0	0	0	1	0.257	0.193	0.115	0.435	-0.129	-0.093	-0.053	0.362	0.637	"4"
"灾难"	2	0	0	1	0.771	0.579	0.345	1.305	0.785	-0.28	-0.159	-0.224	1.448	"1"
"烈"	0	1	0	0	0.257	0.193	0.115	0.435	-0.129	0.714	-0.053	-0.248	1.144	"2"
"焦点"	0	0	0	1	0.257	0.193	0.115	0.435	-0.129	-0.093	-0.053	0.362	0.637	"4"
"爆发"	1	3	18	1	5.911	4.442	2.642	10.004	-2.015	-0.488	12.639	-4.43	19.572	"3"
"爱情戏"	0	0	0	1	0.257	0.193	0.115	0.435	-0.129	-0.093	-0.053	0.362	0.637	"4"
"牵怒"	0	0	0	1	0.257	0.193	0.115	0.435	-0.129	-0.093	-0.053	0.362	0.637	"4"
"牺牲品"	2	0	1	0	0.771	0.579	0.345	1.305	0.785	-0.28	0.513	-0.744	2.322	"1"
"犯"	1	0	0	0	0.257	0.193	0.115	0.435	0.59	-0.093	-0.053	-0.248	0.984	"1"
"状态"	0	0	0	1	0.257	0.193	0.115	0.435	-0.129	-0.093	-0.053	0.362	0.637	"4"
"犹太人"	0	0	1	0	0.257	0.193	0.115	0.435	-0.129	-0.093	0.94	-0.248	1.41	"3"
"率兵"	0	0	0	1	0.257	0.193	0.115	0.435	-0.129	-0.093	-0.053	0.362	0.637	"4"
"王君"	0	0	0	1	0.257	0.193	0.115	0.435	-0.129	-0.093	-0.053	0.362	0.637	"4"
"现代"	1	0	0	4	1.285	0.966	0.574	2.175	-0.209	-0.466	-0.265	0.933	1.873	"4"
"理由"	1	0	0	1	0.514	0.386	0.23	0.87	0.349	-0.186	-0.106	0.167	0.808	"1"
"瓜达卡纳岛"	0	0	0	1	0.257	0.193	0.115	0.435	-0.129	-0.093	-0.053	0.362	0.637	"4"
"用于"	1	0	0	1	0.514	0.386	0.23	0.87	0.349	-0.186	-0.106	0.167	0.808	"1"
"界定"	0	0	0	1	0.257	0.193	0.115	0.435	-0.129	-0.093	-0.053	0.362	0.637	"4"
"痛苦"	1	0	0	0	0.257	0.193	0.115	0.435	0.59	-0.093	-0.053	-0.248	0.984	"1"
"白痴"	0	0	0	1	0.257	0.193	0.115	0.435	-0.129	-0.093	-0.053	0.362	0.637	"4"
"白袍"	1	0	0	0	0.257	0.193	0.115	0.435	0.59	-0.093	-0.053	-0.248	0.984	"1"
"益"	0	1	0	0	0.257	0.193	0.115	0.435	-0.129	0.714	-0.053	-0.248	1.144	"2"
"盟友"	0	0	0	1	0.257	0.193	0.115	0.435	-0.129	-0.093	-0.053	0.362	0.637	"4"
"目击"	0	0	0	1	0.257	0.193	0.115	0.435	-0.129	-0.093	-0.053	0.362	0.637	"4"
"目击者"	0	1	0	0	0.257	0.193	0.115	0.435	-0.129	0.714	-0.053	-0.248	1.144	"2"
"目的"	4	0	0	0	1.028	0.773	0.46	1.74	2.36	-0.373	-0.212	-0.992	3.937	"1"
"真主党"	0	0	1	0	0.257	0.193	0.115	0.435	-0.129	-0.093	0.94	-0.248	1.41	"3"
"真实"	0	0	0	1	0.257	0.193	0.115	0.435	-0.129	-0.093	-0.053	0.362	0.637	"4"
"真正"	1	0	0	0	0.257	0.193	0.115	0.435	0.59	-0.093	-0.053	-0.248	0.984	"1"
"真相"	0	0	0	1	0.257	0.193	0.115	0.435	-0.129	-0.093	-0.053	0.362	0.637	"4"
"矛盾"	0	0	2	2	1.028	0.773	0.46	1.74	-0.516	-0.373	1.17	0.233	2.292	"3"
"短缺"	0	0	1	0	0.257	0.193	0.115	0.435	-0.129	-0.093	0.94	-0.248	1.41	"3"
"石油"	2	1	0	1	1.028	0.773	0.46	1.74	0.563	0.239	-0.212	-0.381	1.395	"1"
"破坏"	2	0	0	1	0.771	0.579	0.345	1.305	0.785	-0.28	-0.159	-0.224	1.448	"1"
"破坏性"	1	0	0	0	0.257	0.193	0.115	0.435	0.59	-0.093	-0.053	-0.248	0.984	"1"
"硝烟"	0	0	0	2	0.514	0.386	0.23	0.87	-0.258	-0.186	-0.106	0.723	1.273	"4"
"磋商"	0	1	0	0	0.257	0.193	0.115	0.435	-0.129	0.714	-0.053	-0.248	1.144	"2"
"示威"	0	0	0	1	0.257	0.193	0.115	0.435	-0.129	-0.093	-0.053	0.362	0.637	"4"
"禁航区"	0	0	0	1	0.257	0.193	0.115	0.435	-0.129	-0.093	-0.053	0.362	0.637	"4"
"私有化"	0	0	0	1	0.257	0.193	0.115	0.435	-0.129	-0.093	-0.053	0.362	0.637	"4"
"种族"	0	0	0	2	0.514	0.386	0.23	0.87	-0.258	-0.186	-0.106	0.723	1.273	"4"
"科威特"	2	0	0	0	0.514	0.386	0.23	0.87	1.18	-0.186	-0.106	-0.496	1.968	"1"
"科索沃"	0	0	0	1	0.257	0.193	0.115	0.435	-0.129	-0.093	-0.053	0.362	0.637	"4"
"称"	2	0	0	0	0.514	0.386	0.23	0.87	1.18	-0.186	-0.106	-0.496	1.968	"1"
"程序"	0	0	0	1	0.257	0.193	0.115	0.435	-0.129	-0.093	-0.053	0.362	0.637	"4"
"穆加贝"	0	1	0	0	0.257	0.193	0.115	0.435	-0.129	0.714	-0.053	-0.248	1.144	"2"
"穆斯林"	0	1	0	0	0.257	0.193	0.115	0.435	-0.129	0.714	-0.053	-0.248	1.144	"2"
"穆萨"	0	1	0	0	0.257	0.193	0.115	0.435	-0.129	0.714	-0.053	-0.248	1.144	"2"
"立下"	0	0	0	2	0.514	0.386	0.23	0.87	-0.258	-0.186	-0.106	0.723	1.273	"4"
"立即"	1	3	0	0	1.028	0.773	0.46	1.74	-0.139	1.608	-0.212	-0.992	2.951	"2"
"第14"	0	0	1	0	0.257	0.193	0.115	0.435	-0.129	-0.093	0.94	-0.248	1.41	"3"
"第15"	0	0	0	1	0.257	0.193	0.115	0.435	-0.129	-0.093	-0.053	0.362	0.637	"4"
"米尔"	0	0	0	3	0.771	0.579	0.345	1.305	-0.387	-0.28	-0.159	1.085	1.911	"4"
"米洛塞维奇"	0	0	0	1	0.257	0.193	0.115	0.435	-0.129	-0.093	-0.053	0.362	0.637	"4"
"精确"	1	0	0	0	0.257	0.193	0.115	0.435	0.59	-0.093	-0.053	-0.248	0.984	"1"
"索马"	0	0	0	1	0.257	0.193	0.115	0.435	-0.129	-0.093	-0.053	0.362	0.637	"4"
"紧张"	0	0	1	0	0.257	0.193	0.115	0.435	-0.129	-0.093	0.94	-0.248	1.41	"3"
"紧急"	0	1	0	1	0.514	0.386	0.23	0.87	-0.258	0.457	-0.106	0.167	0.988	"2"
"纠纷"	0	0	0	1	0.257	0.193	0.115	0.435	-0.129	-0.093	-0.053	0.362	0.637	"4"
"红十字"	0	0	0	1	0.257	0.193	0.115	0.435	-0.129	-0.093	-0.053	0.362	0.637	"4"
"约旦河"	0	2	0	0	0.514	0.386	0.23	0.87	-0.258	1.428	-0.106	-0.496	2.288	"2"
"纪念"	0	0	0	1	0.257	0.193	0.115	0.435	-0.129	-0.093	-0.053	0.362	0.637	"4"
"纽约时报"	0	0	1	0	0.257	0.193	0.115	0.435	-0.129	-0.093	0.94	-0.248	1.41	"3"
"织"	0	0	0	1	0.257	0.193	0.115	0.435	-0.129	-0.093	-0.053	0.362	0.637	"4"
"终止"	0	1	0	0	0.257	0.193	0.115	0.435	-0.129	0.714	-0.053	-0.248	1.144	"2"
"绍特"	0	0	1	0	0.257	0.193	0.115	0.435	-0.129	-0.093	0.94	-0.248	1.41	"3"
"经历"	1	0	0	1	0.514	0.386	0.23	0.87	0.349	-0.186	-0.106	0.167	0.808	"1"
"经商办"	0	0	1	0	0.257	0.193	0.115	0.435	-0.129	-0.093	0.94	-0.248	1.41	"3"
"结"	0	0	1	0	0.257	0.193	0.115	0.435	-0.129	-0.093	0.94	-0.248	1.41	"3"
"结束"	5	13	0	35	13.621	10.237	6.088	23.053	-2.547	0.675	-2.809	3.107	9.138	"4"
"统计"	0	0	0	1	0.257	0.193	0.115	0.435	-0.129	-0.093	-0.053	0.362	0.637	"4"
"继续"	0	3	0	3	1.542	1.159	0.689	2.61	-0.774	1.043	-0.318	0.277	2.412	"2"
"综述"	0	0	1	0	0.257	0.193	0.115	0.435	-0.129	-0.093	0.94	-0.248	1.41	"3"
"缓解"	0	0	0	1	0.257	0.193	0.115	0.435	-0.129	-0.093	-0.053	0.362	0.637	"4"
"罢工"	0	1	0	0	0.257	0.193	0.115	0.435	-0.129	0.714	-0.053	-0.248	1.144	"2"
"罪行"	0	0	0	3	0.771	0.579	0.345	1.305	-0.387	-0.28	-0.159	1.085	1.911	"4"
"美"	4	0	1	2	1.799	1.352	0.804	3.045	1.112	-0.652	0.241	-0.461	2.466	"1"
"美伊"	0	0	0	11	2.827	2.125	1.264	4.785	-1.419	-1.025	-0.583	3.977	7.004	"4"
"美军"	7	0	0	5	3.084	2.318	1.379	5.22	1.779	-1.118	-0.636	-0.245	3.778	"1"
"美国"	33	0	0	17	12.85	9.657	5.744	21.748	8.591	-4.66	-2.65	-0.951	16.852	"1"
"美国人"	0	0	0	3	0.771	0.579	0.345	1.305	-0.387	-0.28	-0.159	1.085	1.911	"4"
"美援"	0	0	0	2	0.514	0.386	0.23	0.87	-0.258	-0.186	-0.106	0.723	1.273	"4"
"美援朝"	0	0	0	2	0.514	0.386	0.23	0.87	-0.258	-0.186	-0.106	0.723	1.273	"4"
"美英"	7	0	0	0	1.799	1.352	0.804	3.045	4.13	-0.652	-0.371	-1.735	6.888	"1"
"美英联"	1	0	0	0	0.257	0.193	0.115	0.435	0.59	-0.093	-0.053	-0.248	0.984	"1"
"老兵"	0	0	0	2	0.514	0.386	0.23	0.87	-0.258	-0.186	-0.106	0.723	1.273	"4"
"耶路撒冷"	0	5	0	0	1.285	0.966	0.574	2.175	-0.645	3.571	-0.265	-1.24	5.721	"2"
"职权"	0	0	0	1	0.257	0.193	0.115	0.435	-0.129	-0.093	-0.053	0.362	0.637	"4"
"联军"	3	0	0	0	0.771	0.579	0.345	1.305	1.77	-0.28	-0.159	-0.744	2.953	"1"
"联合国"	5	0	0	4	2.313	1.738	1.034	3.915	1.263	-0.839	-0.477	0.219	2.798	"1"
"联大"	0	0	0	1	0.257	0.193	0.115	0.435	-0.129	-0.093	-0.053	0.362	0.637	"4"
"肇启"	0	1	0	0	0.257	0.193	0.115	0.435	-0.129	0.714	-0.053	-0.248	1.144	"2"
"肮脏"	0	0	0	1	0.257	0.193	0.115	0.435	-0.129	-0.093	-0.053	0.362	0.637	"4"
"肯皮宁"	1	0	0	0	0.257	0.193	0.115	0.435	0.59	-0.093	-0.053	-0.248	0.984	"1"
"肺炎"	1	0	0	1	0.514	0.386	0.23	0.87	0.349	-0.186	-0.106	0.167	0.808	"1"
"胜利"	4	0	0	1	1.285	0.966	0.574	2.175	1.761	-0.466	-0.265	-0.554	3.046	"1"
"胡文龙"	1	0	0	0	0.257	0.193	0.115	0.435	0.59	-0.093	-0.053	-0.248	0.984	"1"
"腾"	1	0	0	0	0.257	0.193	0.115	0.435	0.59	-0.093	-0.053	-0.248	0.984	"1"
"自"	3	0	0	3	1.542	1.159	0.689	2.61	0.743	-0.559	-0.318	0.277	1.897	"1"
"自卫队"	0	0	0	1	0.257	0.193	0.115	0.435	-0.129	-0.093	-0.053	0.362	0.637	"4"
"至今"	1	2	3	0	1.542	1.159	0.689	2.61	-0.286	0.484	1.635	-1.488	3.893	"3"
"至少"	0	1	0	0	0.257	0.193	0.115	0.435	-0.129	0.714	-0.053	-0.248	1.144	"2"
"致力"	0	0	1	0	0.257	0.193	0.115	0.435	-0.129	-0.093	0.94	-0.248	1.41	"3"
"致命"	0	2	0	0	0.514	0.386	0.23	0.87	-0.258	1.428	-0.106	-0.496	2.288	"2"
"航业"	1	0	0	1	0.514	0.386	0.23	0.87	0.349	-0.186	-0.106	0.167	0.808	"1"
"苏伊士"	0	0	0	1	0.257	0.193	0.115	0.435	-0.129	-0.093	-0.053	0.362	0.637	"4"
"英军"	2	0	0	3	1.285	0.966	0.574	2.175	0.418	-0.466	-0.265	0.421	1.57	"2"
"英国人"	2	0	0	0	0.514	0.386	0.23	0.87	1.18	-0.186	-0.106	-0.496	1.968	"1"
"英烈"	0	0	0	1	0.257	0.193	0.115	0.435	-0.129	-0.093	-0.053	0.362	0.637	"4"
"英美"	0	0	0	1	0.257	0.193	0.115	0.435	-0.129	-0.093	-0.053	0.362	0.637	"4"
"莫拉蒂诺斯"	2	0	0	0	0.514	0.386	0.23	0.87	1.18	-0.186	-0.106	-0.496	1.968	"1"
"获胜"	1	0	0	0	0.257	0.193	0.115	0.435	0.59	-0.093	-0.053	-0.248	0.984	"1"
"萨利姆"	0	0	1	0	0.257	0.193	0.115	0.435	-0.129	-0.093	0.94	-0.248	1.41	"3"
"萨哈夫"	1	0	0	0	0.257	0.193	0.115	0.435	0.59	-0.093	-0.053	-0.248	0.984	"1"
"萨帕塔"	0	0	1	0	0.257	0.193	0.115	0.435	-0.129	-0.093	0.94	-0.248	1.41	"3"
"萨达姆"	4	0	0	3	1.799	1.352	0.804	3.045	1.112	-0.652	-0.371	-0.194	2.329	"1"
"蒋介石"	0	0	1	0	0.257	0.193	0.115	0.435	-0.129	-0.093	0.94	-0.248	1.41	"3"
"蒙受"	1	0	0	0	0.257	0.193	0.115	0.435	0.59	-0.093	-0.053	-0.248	0.984	"1"
"蓝桥"	0	0	0	1	0.257	0.193	0.115	0.435	-0.129	-0.093	-0.053	0.362	0.637	"4"
"蔓"	0	0	0	1	0.257	0.193	0.115	0.435	-0.129	-0.093	-0.053	0.362	0.637	"4"
"血泪"	0	0	0	1	0.257	0.193	0.115	0.435	-0.129	-0.093	-0.053	0.362	0.637	"4"
"血腥"	0	0	0	1	0.257	0.193	0.115	0.435	-0.129	-0.093	-0.053	0.362	0.637	"4"
"行政权"	0	0	0	1	0.257	0.193	0.115	0.435	-0.129	-0.093	-0.053	0.362	0.637	"4"
"补偿"	0	0	0	1	0.257	0.193	0.115	0.435	-0.129	-0.093	-0.053	0.362	0.637	"4"
"表现"	0	0	0	1	0.257	0.193	0.115	0.435	-0.129	-0.093	-0.053	0.362	0.637	"4"
"被俘"	0	0	1	0	0.257	0.193	0.115	0.435	-0.129	-0.093	0.94	-0.248	1.41	"3"
"裁决"	0	0	0	3	0.771	0.579	0.345	1.305	-0.387	-0.28	-0.159	1.085	1.911	"4"
"裂痕"	0	0	0	1	0.257	0.193	0.115	0.435	-0.129	-0.093	-0.053	0.362	0.637	"4"
"西岸"	0	2	0	0	0.514	0.386	0.23	0.87	-0.258	1.428	-0.106	-0.496	2.288	"2"
"西非"	0	0	0	1	0.257	0.193	0.115	0.435	-0.129	-0.093	-0.053	0.362	0.637	"4"
"要"	0	0	0	1	0.257	0.193	0.115	0.435	-0.129	-0.093	-0.053	0.362	0.637	"4"
"要闻"	2	0	0	1	0.771	0.579	0.345	1.305	0.785	-0.28	-0.159	-0.224	1.448	"1"
"见识"	0	0	0	1	0.257	0.193	0.115	0.435	-0.129	-0.093	-0.053	0.362	0.637	"4"
"视为"	1	0	0	2	0.771	0.579	0.345	1.305	0.229	-0.28	-0.159	0.395	1.063	"4"
"解"	0	0	0	3	0.771	0.579	0.345	1.305	-0.387	-0.28	-0.159	1.085	1.911	"4"
"解决"	0	4	2	13	4.883	3.67	2.183	8.264	-2.451	0.288	-0.204	1.598	4.541	"1"
"解决不了"	1	0	0	0	0.257	0.193	0.115	0.435	0.59	-0.093	-0.053	-0.248	0.984	"1"
"解放"	1	0	0	3	1.028	0.773	0.46	1.74	-0.139	-0.373	-0.212	0.654	1.378	"4"
"警"	0	1	1	0	0.514	0.386	0.23	0.87	-0.258	0.457	0.664	-0.496	1.875	"3"
"警察"	0	0	1	0	0.257	0.193	0.115	0.435	-0.129	-0.093	0.94	-0.248	1.41	"3"
"警方"	0	0	4	0	1.028	0.773	0.46	1.74	-0.516	-0.373	3.759	-0.992	5.64	"3"
"计票"	0	0	0	2	0.514	0.386	0.23	0.87	-0.258	-0.186	-0.106	0.723	1.273	"4"
"计起"	0	0	0	1	0.257	0.193	0.115	0.435	-0.129	-0.093	-0.053	0.362	0.637	"4"
"认可"	0	0	0	2	0.514	0.386	0.23	0.87	-0.258	-0.186	-0.106	0.723	1.273	"4"
"认真"	0	1	0	0	0.257	0.193	0.115	0.435	-0.129	0.714	-0.053	-0.248	1.144	"2"
"认识到"	0	0	0	1	0.257	0.193	0.115	0.435	-0.129	-0.093	-0.053	0.362	0.637	"4"
"讨"	0	0	0	1	0.257	0.193	0.115	0.435	-0.129	-0.093	-0.053	0.362	0.637	"4"
"讨论"	0	1	0	1	0.514	0.386	0.23	0.87	-0.258	0.457	-0.106	0.167	0.988	"2"
"论"	0	0	0	1	0.257	0.193	0.115	0.435	-0.129	-0.093	-0.053	0.362	0.637	"4"
"证明"	2	0	0	0	0.514	0.386	0.23	0.87	1.18	-0.186	-0.106	-0.496	1.968	"1"
"诗歌"	0	0	0	1	0.257	0.193	0.115	0.435	-0.129	-0.093	-0.053	0.362	0.637	"4"
"诚意"	0	0	0	1	0.257	0.193	0.115	0.435	-0.129	-0.093	-0.053	0.362	0.637	"4"
"误判"	0	0	0	1	0.257	0.193	0.115	0.435	-0.129	-0.093	-0.053	0.362	0.637	"4"
"误导"	0	0	0	1	0.257	0.193	0.115	0.435	-0.129	-0.093	-0.053	0.362	0.637	"4"
"误解"	0	0	0	1	0.257	0.193	0.115	0.435	-0.129	-0.093	-0.053	0.362	0.637	"4"
"诱发"	0	0	0	1	0.257	0.193	0.115	0.435	-0.129	-0.093	-0.053	0.362	0.637	"4"
"调和"	0	1	0	0	0.257	0.193	0.115	0.435	-0.129	0.714	-0.053	-0.248	1.144	"2"
"调查"	0	1	0	1	0.514	0.386	0.23	0.87	-0.258	0.457	-0.106	0.167	0.988	"2"
"调解"	0	0	0	1	0.257	0.193	0.115	0.435	-0.129	-0.093	-0.053	0.362	0.637	"4"
"谈判"	0	5	1	3	2.313	1.738	1.034	3.915	-1.161	1.772	-0.141	-0.402	3.476	"2"
"谈论"	1	0	0	0	0.257	0.193	0.115	0.435	0.59	-0.093	-0.053	-0.248	0.984	"1"
"谋求"	0	1	0	0	0.257	0.193	0.115	0.435	-0.129	0.714	-0.053	-0.248	1.144	"2"
"谴责"	1	0	0	0	0.257	0.193	0.115	0.435	0.59	-0.093	-0.053	-0.248	0.984	"1"
"象牙海岸"	0	0	1	0	0.257	0.193	0.115	0.435	-0.129	-0.093	0.94	-0.248	1.41	"3"
"责任"	1	0	0	1	0.514	0.386	0.23	0.87	0.349	-0.186	-0.106	0.167	0.808	"1"
"贫铀"	0	0	0	1	0.257	0.193	0.115	0.435	-0.129	-0.093	-0.053	0.362	0.637	"4"
"贸易"	0	0	0	1	0.257	0.193	0.115	0.435	-0.129	-0.093	-0.053	0.362	0.637	"4"
"赋"	0	0	0	1	0.257	0.193	0.115	0.435	-0.129	-0.093	-0.053	0.362	0.637	"4"
"赔"	0	0	0	1	0.257	0.193	0.115	0.435	-0.129	-0.093	-0.053	0.362	0.637	"4"
"赔偿"	0	0	0	2	0.514	0.386	0.23	0.87	-0.258	-0.186	-0.106	0.723	1.273	"4"
"赖"	0	1	0	0	0.257	0.193	0.115	0.435	-0.129	0.714	-0.053	-0.248	1.144	"2"
"赢"	0	0	0	1	0.257	0.193	0.115	0.435	-0.129	-0.093	-0.053	0.362	0.637	"4"
"赢得"	2	0	0	0	0.514	0.386	0.23	0.87	1.18	-0.186	-0.106	-0.496	1.968	"1"
"赫赫"	0	0	0	1	0.257	0.193	0.115	0.435	-0.129	-0.093	-0.053	0.362	0.637	"4"
"走上"	0	0	0	1	0.257	0.193	0.115	0.435	-0.129	-0.093	-0.053	0.362	0.637	"4"
"走开"	0	0	0	1	0.257	0.193	0.115	0.435	-0.129	-0.093	-0.053	0.362	0.637	"4"
"赶出"	0	1	0	0	0.257	0.193	0.115	0.435	-0.129	0.714	-0.053	-0.248	1.144	"2"
"起"	0	0	0	1	0.257	0.193	0.115	0.435	-0.129	-0.093	-0.053	0.362	0.637	"4"
"起诉"	1	0	0	1	0.514	0.386	0.23	0.87	0.349	-0.186	-0.106	0.167	0.808	"1"
"超强"	1	0	0	0	0.257	0.193	0.115	0.435	0.59	-0.093	-0.053	-0.248	0.984	"1"
"越南"	0	0	0	1	0.257	0.193	0.115	0.435	-0.129	-0.093	-0.053	0.362	0.637	"4"
"路线图"	0	1	0	0	0.257	0.193	0.115	0.435	-0.129	0.714	-0.053	-0.248	1.144	"2"
"路透"	0	2	0	0	0.514	0.386	0.23	0.87	-0.258	1.428	-0.106	-0.496	2.288	"2"
"蹂躏"	1	0	0	0	0.257	0.193	0.115	0.435	0.59	-0.093	-0.053	-0.248	0.984	"1"
"车臣"	0	0	0	1	0.257	0.193	0.115	0.435	-0.129	-0.093	-0.053	0.362	0.637	"4"
"转发"	1	0	0	0	0.257	0.193	0.115	0.435	0.59	-0.093	-0.053	-0.248	0.984	"1"
"轰炸"	1	0	0	0	0.257	0.193	0.115	0.435	0.59	-0.093	-0.053	-0.248	0.984	"1"
"辅助人员"	0	0	0	1	0.257	0.193	0.115	0.435	-0.129	-0.093	-0.053	0.362	0.637	"4"
"边境"	0	0	1	0	0.257	0.193	0.115	0.435	-0.129	-0.093	0.94	-0.248	1.41	"3"
"边界"	0	0	1	0	0.257	0.193	0.115	0.435	-0.129	-0.093	0.94	-0.248	1.41	"3"
"达成"	0	1	0	1	0.514	0.386	0.23	0.87	-0.258	0.457	-0.106	0.167	0.988	"2"
"达芙妮"	0	0	0	1	0.257	0.193	0.115	0.435	-0.129	-0.093	-0.053	0.362	0.637	"4"
"迄"	0	0	2	0	0.514	0.386	0.23	0.87	-0.258	-0.186	1.88	-0.496	2.82	"3"
"迄今"	1	0	0	1	0.514	0.386	0.23	0.87	0.349	-0.186	-0.106	0.167	0.808	"1"
"过失"	0	1	0	0	0.257	0.193	0.115	0.435	-0.129	0.714	-0.053	-0.248	1.144	"2"
"过时"	0	0	1	0	0.257	0.193	0.115	0.435	-0.129	-0.093	0.94	-0.248	1.41	"3"
"运河"	0	0	0	1	0.257	0.193	0.115	0.435	-0.129	-0.093	-0.053	0.362	0.637	"4"
"还击"	0	1	0	0	0.257	0.193	0.115	0.435	-0.129	0.714	-0.053	-0.248	1.144	"2"
"进佔"	1	0	0	0	0.257	0.193	0.115	0.435	0.59	-0.093	-0.053	-0.248	0.984	"1"
"进入"	3	0	0	1	1.028	0.773	0.46	1.74	1.261	-0.373	-0.212	-0.381	2.227	"1"
"进化论"	0	0	0	2	0.514	0.386	0.23	0.87	-0.258	-0.186	-0.106	0.723	1.273	"4"
"进程"	2	3	0	1	1.542	1.159	0.689	2.61	0.316	1.043	-0.318	-0.738	2.415	"2"
"连续不断"	0	1	0	0	0.257	0.193	0.115	0.435	-0.129	0.714	-0.053	-0.248	1.144	"2"
"迫使"	0	0	0	1	0.257	0.193	0.115	0.435	-0.129	-0.093	-0.053	0.362	0.637	"4"
"迭起"	0	0	1	0	0.257	0.193	0.115	0.435	-0.129	-0.093	0.94	-0.248	1.41	"3"
"追加"	1	0	0	0	0.257	0.193	0.115	0.435	0.59	-0.093	-0.053	-0.248	0.984	"1"
"追究"	0	0	0	2	0.514	0.386	0.23	0.87	-0.258	-0.186	-0.106	0.723	1.273	"4"
"送行"	0	1	0	0	0.257	0.193	0.115	0.435	-0.129	0.714	-0.053	-0.248	1.144	"2"
"适用"	0	0	0	1	0.257	0.193	0.115	0.435	-0.129	-0.093	-0.053	0.362	0.637	"4"
"适者生存"	0	1	0	0	0.257	0.193	0.115	0.435	-0.129	0.714	-0.053	-0.248	1.144	"2"
"选"	0	0	0	1	0.257	0.193	0.115	0.435	-0.129	-0.093	-0.053	0.362	0.637	"4"
"选票"	0	0	0	1	0.257	0.193	0.115	0.435	-0.129	-0.093	-0.053	0.362	0.637	"4"
"透视"	1	0	0	0	0.257	0.193	0.115	0.435	0.59	-0.093	-0.053	-0.248	0.984	"1"
"途径"	0	0	1	0	0.257	0.193	0.115	0.435	-0.129	-0.093	0.94	-0.248	1.41	"3"
"通社"	0	0	0	1	0.257	0.193	0.115	0.435	-0.129	-0.093	-0.053	0.362	0.637	"4"
"通过"	0	0	0	2	0.514	0.386	0.23	0.87	-0.258	-0.186	-0.106	0.723	1.273	"4"
"速战速决"	1	0	0	4	1.285	0.966	0.574	2.175	-0.209	-0.466	-0.265	0.933	1.873	"4"
"造成"	1	2	7	5	3.855	2.897	1.723	6.525	-1.144	-0.372	3.135	-0.522	5.173	"3"
"遏阻"	0	0	0	1	0.257	0.193	0.115	0.435	-0.129	-0.093	-0.053	0.362	0.637	"4"
"遐想"	0	0	0	1	0.257	0.193	0.115	0.435	-0.129	-0.093	-0.053	0.362	0.637	"4"
"道义"	1	0	0	0	0.257	0.193	0.115	0.435	0.59	-0.093	-0.053	-0.248	0.984	"1"
"道说"	0	0	1	0	0.257	0.193	0.115	0.435	-0.129	-0.093	0.94	-0.248	1.41	"3"
"遗迹"	0	0	0	1	0.257	0.193	0.115	0.435	-0.129	-0.093	-0.053	0.362	0.637	"4"
"遣返"	0	0	0	1	0.257	0.193	0.115	0.435	-0.129	-0.093	-0.053	0.362	0.637	"4"
"遭到"	2	0	0	1	0.771	0.579	0.345	1.305	0.785	-0.28	-0.159	-0.224	1.448	"1"
"遭受"	1	1	0	0	0.514	0.386	0.23	0.87	0.349	0.457	-0.106	-0.496	1.408	"4"
"避"	0	0	0	1	0.257	0.193	0.115	0.435	-0.129	-0.093	-0.053	0.362	0.637	"4"
"避免"	3	0	4	7	3.598	2.704	1.608	6.09	-0.304	-1.305	1.169	0.389	3.167	"2"
"邢旭东"	0	0	1	0	0.257	0.193	0.115	0.435	-0.129	-0.093	0.94	-0.248	1.41	"3"
"部族"	0	0	2	0	0.514	0.386	0.23	0.87	-0.258	-0.186	1.88	-0.496	2.82	"3"
"部落"	0	0	0	1	0.257	0.193	0.115	0.435	-0.129	-0.093	-0.053	0.362	0.637	"4"
"部队"	0	1	1	1	0.771	0.579	0.345	1.305	-0.387	0.324	0.513	-0.224	1.448	"3"
"酋"	0	0	0	1	0.257	0.193	0.115	0.435	-0.129	-0.093	-0.053	0.362	0.637	"4"
"里"	0	0	0	1	0.257	0.193	0.115	0.435	-0.129	-0.093	-0.053	0.362	0.637	"4"
"里县"	0	0	1	0	0.257	0.193	0.115	0.435	-0.129	-0.093	0.94	-0.248	1.41	"3"
"野战"	0	0	0	1	0.257	0.193	0.115	0.435	-0.129	-0.093	-0.053	0.362	0.637	"4"
"金"	0	0	4	1	1.285	0.966	0.574	2.175	-0.645	-0.466	3.102	-0.554	4.767	"3"
"金日成"	0	0	0	1	0.257	0.193	0.115	0.435	-0.129	-0.093	-0.053	0.362	0.637	"4"
"金沙萨"	0	0	1	0	0.257	0.193	0.115	0.435	-0.129	-0.093	0.94	-0.248	1.41	"3"
"错误"	1	0	0	1	0.514	0.386	0.23	0.87	0.349	-0.186	-0.106	0.167	0.808	"1"
"长征"	0	0	0	1	0.257	0.193	0.115	0.435	-0.129	-0.093	-0.053	0.362	0.637	"4"
"问题"	0	2	0	6	2.056	1.545	0.919	3.48	-1.032	0.322	-0.424	1.124	2.902	"4"
"间"	0	0	0	1	0.257	0.193	0.115	0.435	-0.129	-0.093	-0.053	0.362	0.637	"4"
"间接"	0	0	0	1	0.257	0.193	0.115	0.435	-0.129	-0.093	-0.053	0.362	0.637	"4"
"防止"	1	0	0	2	0.771	0.579	0.345	1.305	0.229	-0.28	-0.159	0.395	1.063	"4"
"阴影"	0	1	0	0	0.257	0.193	0.115	0.435	-0.129	0.714	-0.053	-0.248	1.144	"2"
"阵亡"	0	0	0	1	0.257	0.193	0.115	0.435	-0.129	-0.093	-0.053	0.362	0.637	"4"
"阻止"	0	1	1	1	0.771	0.579	0.345	1.305	-0.387	0.324	0.513	-0.224	1.448	"3"
"阻碍"	0	1	0	0	0.257	0.193	0.115	0.435	-0.129	0.714	-0.053	-0.248	1.144	"2"
"阿"	0	0	1	1	0.514	0.386	0.23	0.87	-0.258	-0.186	0.664	0.167	1.275	"3"
"阿克萨"	0	1	0	0	0.257	0.193	0.115	0.435	-0.129	0.714	-0.053	-0.248	1.144	"2"
"阿奈特"	0	0	0	1	0.257	0.193	0.115	0.435	-0.129	-0.093	-0.053	0.362	0.637	"4"
"阿富汗"	0	0	0	1	0.257	0.193	0.115	0.435	-0.129	-0.093	-0.053	0.362	0.637	"4"
"阿拉伯"	5	1	0	0	1.542	1.159	0.689	2.61	2.277	-0.173	-0.318	-1.488	4.256	"1"
"阿拉伯人"	0	1	0	0	0.257	0.193	0.115	0.435	-0.129	0.714	-0.053	-0.248	1.144	"2"
"阿拉法特"	0	4	0	0	1.028	0.773	0.46	1.74	-0.516	2.856	-0.212	-0.992	4.576	"2"
"阿盟"	0	0	0	1	0.257	0.193	0.115	0.435	-0.129	-0.093	-0.053	0.362	0.637	"4"
"阿联"	0	0	0	1	0.257	0.193	0.115	0.435	-0.129	-0.093	-0.053	0.362	0.637	"4"
"际"	0	1	0	0	0.257	0.193	0.115	0.435	-0.129	0.714	-0.053	-0.248	1.144	"2"
"陷于"	0	0	0	1	0.257	0.193	0.115	0.435	-0.129	-0.093	-0.053	0.362	0.637	"4"
"陷入"	0	0	0	2	0.514	0.386	0.23	0.87	-0.258	-0.186	-0.106	0.723	1.273	"4"
"随着"	0	0	0	1	0.257	0.193	0.115	0.435	-0.129	-0.093	-0.053	0.362	0.637	"4"
"隐然"	0	0	0	1	0.257	0.193	0.115	0.435	-0.129	-0.093	-0.053	0.362	0.637	"4"
"难民"	0	0	0	1	0.257	0.193	0.115	0.435	-0.129	-0.093	-0.053	0.362	0.637	"4"
"难道"	1	0	0	0	0.257	0.193	0.115	0.435	0.59	-0.093	-0.053	-0.248	0.984	"1"
"零星"	0	0	1	0	0.257	0.193	0.115	0.435	-0.129	-0.093	0.94	-0.248	1.41	"3"
"霍尼亚"	0	0	1	0	0.257	0.193	0.115	0.435	-0.129	-0.093	0.94	-0.248	1.41	"3"
"霍尼亚拉"	0	0	1	0	0.257	0.193	0.115	0.435	-0.129	-0.093	0.94	-0.248	1.41	"3"
"非"	0	0	0	2	0.514	0.386	0.23	0.87	-0.258	-0.186	-0.106	0.723	1.273	"4"
"非典型"	1	0	0	0	0.257	0.193	0.115	0.435	0.59	-0.093	-0.053	-0.248	0.984	"1"
"非洲"	0	0	1	5	1.542	1.159	0.689	2.61	-0.774	-0.559	0.285	1.225	2.843	"4"
"非盟"	0	0	1	3	1.028	0.773	0.46	1.74	-0.516	-0.373	0.413	0.654	1.956	"4"
"面"	0	0	0	1	0.257	0.193	0.115	0.435	-0.129	-0.093	-0.053	0.362	0.637	"4"
"革命"	0	0	0	5	1.285	0.966	0.574	2.175	-0.645	-0.466	-0.265	1.808	3.184	"4"
"预见"	0	0	0	1	0.257	0.193	0.115	0.435	-0.129	-0.093	-0.053	0.362	0.637	"4"
"预言"	0	0	0	1	0.257	0.193	0.115	0.435	-0.129	-0.093	-0.053	0.362	0.637	"4"
"预防性"	1	0	0	0	0.257	0.193	0.115	0.435	0.59	-0.093	-0.053	-0.248	0.984	"1"
"频率"	0	0	0	1	0.257	0.193	0.115	0.435	-0.129	-0.093	-0.053	0.362	0.637	"4"
"题为"	0	0	0	2	0.514	0.386	0.23	0.87	-0.258	-0.186	-0.106	0.723	1.273	"4"
"飞安会"	0	0	0	1	0.257	0.193	0.115	0.435	-0.129	-0.093	-0.053	0.362	0.637	"4"
"饭菜"	0	0	0	1	0.257	0.193	0.115	0.435	-0.129	-0.093	-0.053	0.362	0.637	"4"
"饱受"	0	0	0	1	0.257	0.193	0.115	0.435	-0.129	-0.093	-0.053	0.362	0.637	"4"
"首脑"	0	1	0	0	0.257	0.193	0.115	0.435	-0.129	0.714	-0.053	-0.248	1.144	"2"
"马大"	0	0	0	1	0.257	0.193	0.115	0.435	-0.129	-0.093	-0.053	0.362	0.637	"4"
"马晓霖"	0	1	0	0	0.257	0.193	0.115	0.435	-0.129	0.714	-0.053	-0.248	1.144	"2"
"马鲁古"	0	0	0	1	0.257	0.193	0.115	0.435	-0.129	-0.093	-0.053	0.362	0.637	"4"
"驱赶"	0	0	1	0	0.257	0.193	0.115	0.435	-0.129	-0.093	0.94	-0.248	1.41	"3"
"驳火"	0	0	0	1	0.257	0.193	0.115	0.435	-0.129	-0.093	-0.053	0.362	0.637	"4"
"高峰会"	0	2	0	0	0.514	0.386	0.23	0.87	-0.258	1.428	-0.106	-0.496	2.288	"2"
"高技术"	1	0	0	0	0.257	0.193	0.115	0.435	0.59	-0.093	-0.053	-0.248	0.984	"1"
"黎"	0	0	1	0	0.257	0.193	0.115	0.435	-0.129	-0.093	0.94	-0.248	1.41	"3"
