"Coll_Word"	"1"	"2"	"3"	"4"	"exp_1"	"exp_2"	"exp_3"	"exp_4"	"pbin_1"	"pbin_2"	"pbin_3"	"pbin_4"	"SumAbsDev"	"LargestDev"
"."	0	2	0	0	0.179	0.997	0.719	0.106	-0.081	0.605	-0.387	-0.047	1.12	"2"
".."	0	1	0	0	0.089	0.498	0.359	0.053	-0.041	0.302	-0.193	-0.024	0.56	"2"
"1.8"	1	0	0	0	0.089	0.498	0.359	0.053	1.049	-0.3	-0.193	-0.024	1.566	"1"
"10739"	0	1	0	0	0.089	0.498	0.359	0.053	-0.041	0.302	-0.193	-0.024	0.56	"2"
"11日电"	0	0	1	0	0.089	0.498	0.359	0.053	-0.041	-0.3	0.444	-0.024	0.809	"3"
"1250"	0	1	0	0	0.089	0.498	0.359	0.053	-0.041	0.302	-0.193	-0.024	0.56	"2"
"14时"	0	0	1	0	0.089	0.498	0.359	0.053	-0.041	-0.3	0.444	-0.024	0.809	"3"
"151"	0	1	0	0	0.089	0.498	0.359	0.053	-0.041	0.302	-0.193	-0.024	0.56	"2"
"1990年"	0	1	0	0	0.089	0.498	0.359	0.053	-0.041	0.302	-0.193	-0.024	0.56	"2"
"203"	0	1	0	0	0.089	0.498	0.359	0.053	-0.041	0.302	-0.193	-0.024	0.56	"2"
"21世纪"	0	0	1	2	0.268	1.495	1.078	0.159	-0.122	-0.899	-0.152	2.09	3.263	"4"
"250"	0	1	0	0	0.089	0.498	0.359	0.053	-0.041	0.302	-0.193	-0.024	0.56	"2"
"300亿"	0	1	0	0	0.089	0.498	0.359	0.053	-0.041	0.302	-0.193	-0.024	0.56	"2"
"365"	0	1	0	0	0.089	0.498	0.359	0.053	-0.041	0.302	-0.193	-0.024	0.56	"2"
"3650"	1	0	0	0	0.089	0.498	0.359	0.053	1.049	-0.3	-0.193	-0.024	1.566	"1"
"4－－6"	0	0	1	0	0.089	0.498	0.359	0.053	-0.041	-0.3	0.444	-0.024	0.809	"3"
"450"	0	1	0	0	0.089	0.498	0.359	0.053	-0.041	0.302	-0.193	-0.024	0.56	"2"
"4号线"	1	0	0	0	0.089	0.498	0.359	0.053	1.049	-0.3	-0.193	-0.024	1.566	"1"
"502"	0	1	0	0	0.089	0.498	0.359	0.053	-0.041	0.302	-0.193	-0.024	0.56	"2"
"506"	0	1	0	0	0.089	0.498	0.359	0.053	-0.041	0.302	-0.193	-0.024	0.56	"2"
"55亿"	0	1	0	0	0.089	0.498	0.359	0.053	-0.041	0.302	-0.193	-0.024	0.56	"2"
"61"	0	1	0	0	0.089	0.498	0.359	0.053	-0.041	0.302	-0.193	-0.024	0.56	"2"
"638"	0	1	0	0	0.089	0.498	0.359	0.053	-0.041	0.302	-0.193	-0.024	0.56	"2"
"650"	0	1	0	0	0.089	0.498	0.359	0.053	-0.041	0.302	-0.193	-0.024	0.56	"2"
"690亿"	0	0	1	0	0.089	0.498	0.359	0.053	-0.041	-0.3	0.444	-0.024	0.809	"3"
"7亿"	0	1	0	0	0.089	0.498	0.359	0.053	-0.041	0.302	-0.193	-0.024	0.56	"2"
"84"	0	1	0	0	0.089	0.498	0.359	0.053	-0.041	0.302	-0.193	-0.024	0.56	"2"
"85"	1	2	0	0	0.268	1.495	1.078	0.159	0.611	0.303	-0.58	-0.071	1.565	"1"
"853"	0	1	0	0	0.089	0.498	0.359	0.053	-0.041	0.302	-0.193	-0.024	0.56	"2"
"900115"	0	0	1	0	0.089	0.498	0.359	0.053	-0.041	-0.3	0.444	-0.024	0.809	"3"
"96"	0	1	0	0	0.089	0.498	0.359	0.053	-0.041	0.302	-0.193	-0.024	0.56	"2"
"C"	0	1	0	0	0.089	0.498	0.359	0.053	-0.041	0.302	-0.193	-0.024	0.56	"2"
"IBSR"	0	1	0	0	0.089	0.498	0.359	0.053	-0.041	0.302	-0.193	-0.024	0.56	"2"
"N-SAT"	0	1	0	0	0.089	0.498	0.359	0.053	-0.041	0.302	-0.193	-0.024	0.56	"2"
"nice"	0	1	0	0	0.089	0.498	0.359	0.053	-0.041	0.302	-0.193	-0.024	0.56	"2"
"thirdrailinsulator"	0	1	0	0	0.089	0.498	0.359	0.053	-0.041	0.302	-0.193	-0.024	0.56	"2"
"V-MIX"	0	0	0	1	0.089	0.498	0.359	0.053	-0.041	-0.3	-0.193	1.276	1.81	"4"
"一个个"	0	1	0	0	0.089	0.498	0.359	0.053	-0.041	0.302	-0.193	-0.024	0.56	"2"
"一之七号"	0	1	0	0	0.089	0.498	0.359	0.053	-0.041	0.302	-0.193	-0.024	0.56	"2"
"一二"	0	1	0	0	0.089	0.498	0.359	0.053	-0.041	0.302	-0.193	-0.024	0.56	"2"
"一体"	0	1	0	0	0.089	0.498	0.359	0.053	-0.041	0.302	-0.193	-0.024	0.56	"2"
"一体化"	0	0	1	0	0.089	0.498	0.359	0.053	-0.041	-0.3	0.444	-0.024	0.809	"3"
"一切"	0	0	3	0	0.268	1.495	1.078	0.159	-0.122	-0.899	1.333	-0.071	2.425	"3"
"一定"	0	1	1	0	0.179	0.997	0.719	0.106	-0.081	0.126	0.229	-0.047	0.483	"3"
"一帆风顺"	0	0	1	0	0.089	0.498	0.359	0.053	-0.041	-0.3	0.444	-0.024	0.809	"3"
"一带"	1	0	0	0	0.089	0.498	0.359	0.053	1.049	-0.3	-0.193	-0.024	1.566	"1"
"一般"	0	2	0	0	0.179	0.997	0.719	0.106	-0.081	0.605	-0.387	-0.047	1.12	"2"
"一览表"	0	1	0	0	0.089	0.498	0.359	0.053	-0.041	0.302	-0.193	-0.024	0.56	"2"
"一贯"	0	0	1	0	0.089	0.498	0.359	0.053	-0.041	-0.3	0.444	-0.024	0.809	"3"
"一路"	0	1	0	0	0.089	0.498	0.359	0.053	-0.041	0.302	-0.193	-0.024	0.56	"2"
"万多"	1	0	0	0	0.089	0.498	0.359	0.053	1.049	-0.3	-0.193	-0.024	1.566	"1"
"三巴旺站"	0	1	0	0	0.089	0.498	0.359	0.053	-0.041	0.302	-0.193	-0.024	0.56	"2"
"三百九十二"	0	1	0	0	0.089	0.498	0.359	0.053	-0.041	0.302	-0.193	-0.024	0.56	"2"
"三读"	1	0	0	0	0.089	0.498	0.359	0.053	1.049	-0.3	-0.193	-0.024	1.566	"1"
"上"	3	13	15	1	2.858	15.947	11.499	1.696	0.257	-0.713	0.87	-0.311	2.151	"3"
"上将"	0	2	0	0	0.179	0.997	0.719	0.106	-0.081	0.605	-0.387	-0.047	1.12	"2"
"上市"	0	0	1	0	0.089	0.498	0.359	0.053	-0.041	-0.3	0.444	-0.024	0.809	"3"
"上海"	4	1	0	0	0.447	2.492	1.797	0.265	3.53	-0.722	-0.967	-0.118	5.337	"1"
"上海市"	1	0	0	0	0.089	0.498	0.359	0.053	1.049	-0.3	-0.193	-0.024	1.566	"1"
"上路"	0	1	0	0	0.089	0.498	0.359	0.053	-0.041	0.302	-0.193	-0.024	0.56	"2"
"上述"	0	1	0	0	0.089	0.498	0.359	0.053	-0.041	0.302	-0.193	-0.024	0.56	"2"
"下到"	0	1	0	0	0.089	0.498	0.359	0.053	-0.041	0.302	-0.193	-0.024	0.56	"2"
"下方"	0	1	0	0	0.089	0.498	0.359	0.053	-0.041	0.302	-0.193	-0.024	0.56	"2"
"下陷"	0	1	0	0	0.089	0.498	0.359	0.053	-0.041	0.302	-0.193	-0.024	0.56	"2"
"不同"	0	1	2	0	0.268	1.495	1.078	0.159	-0.122	-0.299	0.531	-0.071	1.023	"3"
"不平"	0	1	0	0	0.089	0.498	0.359	0.053	-0.041	0.302	-0.193	-0.024	0.56	"2"
"不然"	0	1	0	0	0.089	0.498	0.359	0.053	-0.041	0.302	-0.193	-0.024	0.56	"2"
"专人"	0	1	0	0	0.089	0.498	0.359	0.053	-0.041	0.302	-0.193	-0.024	0.56	"2"
"专用"	0	1	0	0	0.089	0.498	0.359	0.053	-0.041	0.302	-0.193	-0.024	0.56	"2"
"专项"	2	1	0	0	0.268	1.495	1.078	0.159	1.648	-0.299	-0.58	-0.071	2.598	"1"
"业务"	0	0	3	0	0.268	1.495	1.078	0.159	-0.122	-0.899	1.333	-0.071	2.425	"3"
"东北"	0	2	0	0	0.179	0.997	0.719	0.106	-0.081	0.605	-0.387	-0.047	1.12	"2"
"东岸"	1	0	0	0	0.089	0.498	0.359	0.053	1.049	-0.3	-0.193	-0.024	1.566	"1"
"东西向"	0	2	0	0	0.179	0.997	0.719	0.106	-0.081	0.605	-0.387	-0.047	1.12	"2"
"两千五百万"	0	0	1	0	0.089	0.498	0.359	0.053	-0.041	-0.3	0.444	-0.024	0.809	"3"
"两旁"	0	0	1	0	0.089	0.498	0.359	0.053	-0.041	-0.3	0.444	-0.024	0.809	"3"
"丧失"	0	1	0	0	0.089	0.498	0.359	0.053	-0.041	0.302	-0.193	-0.024	0.56	"2"
"中"	0	2	0	0	0.179	0.997	0.719	0.106	-0.081	0.605	-0.387	-0.047	1.12	"2"
"中东"	0	0	3	0	0.268	1.495	1.078	0.159	-0.122	-0.899	1.333	-0.071	2.425	"3"
"中俄"	0	0	1	0	0.089	0.498	0.359	0.053	-0.041	-0.3	0.444	-0.024	0.809	"3"
"中区"	0	0	0	1	0.089	0.498	0.359	0.053	-0.041	-0.3	-0.193	1.276	1.81	"4"
"中华"	0	1	0	0	0.089	0.498	0.359	0.053	-0.041	0.302	-0.193	-0.024	0.56	"2"
"中国房"	0	0	0	1	0.089	0.498	0.359	0.053	-0.041	-0.3	-0.193	1.276	1.81	"4"
"中山北路"	0	2	0	0	0.179	0.997	0.719	0.106	-0.081	0.605	-0.387	-0.047	1.12	"2"
"中断"	0	1	0	0	0.089	0.498	0.359	0.053	-0.041	0.302	-0.193	-0.024	0.56	"2"
"中方"	0	0	1	0	0.089	0.498	0.359	0.053	-0.041	-0.3	0.444	-0.024	0.809	"3"
"中正"	0	1	0	0	0.089	0.498	0.359	0.053	-0.041	0.302	-0.193	-0.024	0.56	"2"
"中钢"	0	1	0	0	0.089	0.498	0.359	0.053	-0.041	0.302	-0.193	-0.024	0.56	"2"
"中间"	0	1	0	0	0.089	0.498	0.359	0.053	-0.041	0.302	-0.193	-0.024	0.56	"2"
"中非"	0	0	2	0	0.179	0.997	0.719	0.106	-0.081	-0.599	0.889	-0.047	1.616	"3"
"临床"	0	0	1	0	0.089	0.498	0.359	0.053	-0.041	-0.3	0.444	-0.024	0.809	"3"
"临时性"	0	1	0	0	0.089	0.498	0.359	0.053	-0.041	0.302	-0.193	-0.024	0.56	"2"
"为主"	0	0	0	1	0.089	0.498	0.359	0.053	-0.041	-0.3	-0.193	1.276	1.81	"4"
"为患"	1	0	0	0	0.089	0.498	0.359	0.053	1.049	-0.3	-0.193	-0.024	1.566	"1"
"主导型"	0	0	1	0	0.089	0.498	0.359	0.053	-0.041	-0.3	0.444	-0.024	0.809	"3"
"主导权"	0	1	0	0	0.089	0.498	0.359	0.053	-0.041	0.302	-0.193	-0.024	0.56	"2"
"主张"	0	0	1	0	0.089	0.498	0.359	0.053	-0.041	-0.3	0.444	-0.024	0.809	"3"
"主要"	0	2	8	0	0.893	4.983	3.593	0.53	-0.406	-1.253	2.236	-0.237	4.132	"3"
"乃"	0	1	0	0	0.089	0.498	0.359	0.053	-0.041	0.302	-0.193	-0.024	0.56	"2"
"之"	1	0	0	0	0.089	0.498	0.359	0.053	1.049	-0.3	-0.193	-0.024	1.566	"1"
"之间"	0	3	0	0	0.268	1.495	1.078	0.159	-0.122	0.907	-0.58	-0.071	1.68	"2"
"乐观"	0	0	1	0	0.089	0.498	0.359	0.053	-0.041	-0.3	0.444	-0.024	0.809	"3"
"乘客"	0	2	0	0	0.179	0.997	0.719	0.106	-0.081	0.605	-0.387	-0.047	1.12	"2"
"九龙"	0	1	0	0	0.089	0.498	0.359	0.053	-0.041	0.302	-0.193	-0.024	0.56	"2"
"乡公所"	0	3	0	0	0.268	1.495	1.078	0.159	-0.122	0.907	-0.58	-0.071	1.68	"2"
"了解"	0	0	2	0	0.179	0.997	0.719	0.106	-0.081	-0.599	0.889	-0.047	1.616	"3"
"争"	0	0	2	0	0.179	0.997	0.719	0.106	-0.081	-0.599	0.889	-0.047	1.616	"3"
"争端"	0	0	1	0	0.089	0.498	0.359	0.053	-0.041	-0.3	0.444	-0.024	0.809	"3"
"事故"	8	1	0	0	0.804	4.485	3.234	0.477	7.474	-1.699	-1.74	-0.213	11.126	"1"
"二路"	0	1	0	0	0.089	0.498	0.359	0.053	-0.041	0.302	-0.193	-0.024	0.56	"2"
"云南省"	0	0	1	0	0.089	0.498	0.359	0.053	-0.041	-0.3	0.444	-0.024	0.809	"3"
"互补"	0	0	0	1	0.089	0.498	0.359	0.053	-0.041	-0.3	-0.193	1.276	1.81	"4"
"交"	0	0	2	0	0.179	0.997	0.719	0.106	-0.081	-0.599	0.889	-0.047	1.616	"3"
"交界处"	0	2	0	0	0.179	0.997	0.719	0.106	-0.081	0.605	-0.387	-0.047	1.12	"2"
"交管"	2	0	0	0	0.179	0.997	0.719	0.106	2.098	-0.599	-0.387	-0.047	3.131	"1"
"交管局"	1	0	0	0	0.089	0.498	0.359	0.053	1.049	-0.3	-0.193	-0.024	1.566	"1"
"交通"	34	4	0	0	3.394	18.937	13.655	2.014	30.958	-6.476	-7.348	-0.899	45.681	"1"
"交通安全"	4	0	0	0	0.357	1.993	1.437	0.212	4.196	-1.198	-0.774	-0.095	6.263	"1"
"交通线路"	1	1	0	0	0.179	0.997	0.719	0.106	0.768	0.126	-0.387	-0.047	1.328	"1"
"交通部"	1	1	0	0	0.179	0.997	0.719	0.106	0.768	0.126	-0.387	-0.047	1.328	"1"
"交通部门"	1	1	0	0	0.179	0.997	0.719	0.106	0.768	0.126	-0.387	-0.047	1.328	"1"
"产"	0	1	0	0	0.089	0.498	0.359	0.053	-0.041	0.302	-0.193	-0.024	0.56	"2"
"京沪"	0	1	0	0	0.089	0.498	0.359	0.053	-0.041	0.302	-0.193	-0.024	0.56	"2"
"人们"	0	1	0	0	0.089	0.498	0.359	0.053	-0.041	0.302	-0.193	-0.024	0.56	"2"
"人山人海"	0	1	0	0	0.089	0.498	0.359	0.053	-0.041	0.302	-0.193	-0.024	0.56	"2"
"人才"	0	0	1	0	0.089	0.498	0.359	0.053	-0.041	-0.3	0.444	-0.024	0.809	"3"
"人群"	0	0	1	0	0.089	0.498	0.359	0.053	-0.041	-0.3	0.444	-0.024	0.809	"3"
"人行道"	1	0	0	0	0.089	0.498	0.359	0.053	1.049	-0.3	-0.193	-0.024	1.566	"1"
"以"	0	0	1	0	0.089	0.498	0.359	0.053	-0.041	-0.3	0.444	-0.024	0.809	"3"
"以免"	1	1	0	0	0.179	0.997	0.719	0.106	0.768	0.126	-0.387	-0.047	1.328	"1"
"以后"	0	1	0	0	0.089	0.498	0.359	0.053	-0.041	0.302	-0.193	-0.024	0.56	"2"
"以防万一"	0	1	0	0	0.089	0.498	0.359	0.053	-0.041	0.302	-0.193	-0.024	0.56	"2"
"仲裁"	0	0	1	0	0.089	0.498	0.359	0.053	-0.041	-0.3	0.444	-0.024	0.809	"3"
"价值"	0	1	0	0	0.089	0.498	0.359	0.053	-0.041	0.302	-0.193	-0.024	0.56	"2"
"休止"	0	0	1	0	0.089	0.498	0.359	0.053	-0.041	-0.3	0.444	-0.024	0.809	"3"
"传播"	0	0	10	0	0.893	4.983	3.593	0.53	-0.406	-2.996	4.445	-0.237	8.084	"3"
"传染"	0	0	5	0	0.447	2.492	1.797	0.265	-0.203	-1.498	2.222	-0.118	4.041	"3"
"传染源"	0	0	1	0	0.089	0.498	0.359	0.053	-0.041	-0.3	0.444	-0.024	0.809	"3"
"传染病"	0	0	2	0	0.179	0.997	0.719	0.106	-0.081	-0.599	0.889	-0.047	1.616	"3"
"伦"	0	1	0	0	0.089	0.498	0.359	0.053	-0.041	0.302	-0.193	-0.024	0.56	"2"
"但"	0	1	0	0	0.089	0.498	0.359	0.053	-0.041	0.302	-0.193	-0.024	0.56	"2"
"佈署"	1	0	0	0	0.089	0.498	0.359	0.053	1.049	-0.3	-0.193	-0.024	1.566	"1"
"位于"	0	1	0	0	0.089	0.498	0.359	0.053	-0.041	0.302	-0.193	-0.024	0.56	"2"
"住户"	0	1	0	0	0.089	0.498	0.359	0.053	-0.041	0.302	-0.193	-0.024	0.56	"2"
"体育场"	0	1	0	0	0.089	0.498	0.359	0.053	-0.041	0.302	-0.193	-0.024	0.56	"2"
"佔用"	0	2	0	0	0.179	0.997	0.719	0.106	-0.081	0.605	-0.387	-0.047	1.12	"2"
"何"	0	0	2	0	0.179	0.997	0.719	0.106	-0.081	-0.599	0.889	-0.047	1.616	"3"
"何故"	0	1	0	0	0.089	0.498	0.359	0.053	-0.041	0.302	-0.193	-0.024	0.56	"2"
"何止"	0	1	0	0	0.089	0.498	0.359	0.053	-0.041	0.302	-0.193	-0.024	0.56	"2"
"作案"	0	2	0	0	0.179	0.997	0.719	0.106	-0.081	0.605	-0.387	-0.047	1.12	"2"
"例如"	0	0	1	0	0.089	0.498	0.359	0.053	-0.041	-0.3	0.444	-0.024	0.809	"3"
"侦查"	0	0	1	0	0.089	0.498	0.359	0.053	-0.041	-0.3	0.444	-0.024	0.809	"3"
"侧"	0	3	0	0	0.268	1.495	1.078	0.159	-0.122	0.907	-0.58	-0.071	1.68	"2"
"侵略"	0	1	0	0	0.089	0.498	0.359	0.053	-0.041	0.302	-0.193	-0.024	0.56	"2"
"便民"	0	1	1	0	0.179	0.997	0.719	0.106	-0.081	0.126	0.229	-0.047	0.483	"3"
"便车"	0	1	0	0	0.089	0.498	0.359	0.053	-0.041	0.302	-0.193	-0.024	0.56	"2"
"便道"	0	1	0	0	0.089	0.498	0.359	0.053	-0.041	0.302	-0.193	-0.024	0.56	"2"
"促进"	0	0	5	0	0.447	2.492	1.797	0.265	-0.203	-1.498	2.222	-0.118	4.041	"3"
"俄"	0	2	0	0	0.179	0.997	0.719	0.106	-0.081	0.605	-0.387	-0.047	1.12	"2"
"保健"	0	2	0	0	0.179	0.997	0.719	0.106	-0.081	0.605	-0.387	-0.047	1.12	"2"
"保安宫"	0	1	0	0	0.089	0.498	0.359	0.053	-0.041	0.302	-0.193	-0.024	0.56	"2"
"保户"	0	0	2	0	0.179	0.997	0.719	0.106	-0.081	-0.599	0.889	-0.047	1.616	"3"
"保护人权"	0	0	1	0	0.089	0.498	0.359	0.053	-0.041	-0.3	0.444	-0.024	0.809	"3"
"信息"	0	0	1	0	0.089	0.498	0.359	0.053	-0.041	-0.3	0.444	-0.024	0.809	"3"
"修"	0	1	0	0	0.089	0.498	0.359	0.053	-0.041	0.302	-0.193	-0.024	0.56	"2"
"修建"	0	2	0	0	0.179	0.997	0.719	0.106	-0.081	0.605	-0.387	-0.047	1.12	"2"
"倒塌"	0	1	0	0	0.089	0.498	0.359	0.053	-0.041	0.302	-0.193	-0.024	0.56	"2"
"候补"	0	1	0	0	0.089	0.498	0.359	0.053	-0.041	0.302	-0.193	-0.024	0.56	"2"
"借"	0	0	1	0	0.089	0.498	0.359	0.053	-0.041	-0.3	0.444	-0.024	0.809	"3"
"借以"	0	2	0	0	0.179	0.997	0.719	0.106	-0.081	0.605	-0.387	-0.047	1.12	"2"
"偏离"	0	5	0	0	0.447	2.492	1.797	0.265	-0.203	1.512	-0.967	-0.118	2.8	"2"
"偏远"	0	1	0	0	0.089	0.498	0.359	0.053	-0.041	0.302	-0.193	-0.024	0.56	"2"
"做为"	0	4	0	0	0.357	1.993	1.437	0.212	-0.163	1.21	-0.774	-0.095	2.242	"2"
"停站"	0	1	0	0	0.089	0.498	0.359	0.053	-0.041	0.302	-0.193	-0.024	0.56	"2"
"停靠"	0	1	0	0	0.089	0.498	0.359	0.053	-0.041	0.302	-0.193	-0.024	0.56	"2"
"停驶"	0	1	0	0	0.089	0.498	0.359	0.053	-0.041	0.302	-0.193	-0.024	0.56	"2"
"健康"	0	0	1	1	0.179	0.997	0.719	0.106	-0.081	-0.599	0.229	0.986	1.895	"4"
"健检"	0	1	0	0	0.089	0.498	0.359	0.053	-0.041	0.302	-0.193	-0.024	0.56	"2"
"偶像"	0	0	0	2	0.179	0.997	0.719	0.106	-0.081	-0.599	-0.387	2.551	3.618	"4"
"偷"	0	0	1	0	0.089	0.498	0.359	0.053	-0.041	-0.3	0.444	-0.024	0.809	"3"
"像神"	0	1	0	0	0.089	0.498	0.359	0.053	-0.041	0.302	-0.193	-0.024	0.56	"2"
"僵"	0	0	1	0	0.089	0.498	0.359	0.053	-0.041	-0.3	0.444	-0.024	0.809	"3"
"僵局"	0	0	1	0	0.089	0.498	0.359	0.053	-0.041	-0.3	0.444	-0.024	0.809	"3"
"先行"	0	0	1	0	0.089	0.498	0.359	0.053	-0.041	-0.3	0.444	-0.024	0.809	"3"
"光年"	0	1	0	0	0.089	0.498	0.359	0.053	-0.041	0.302	-0.193	-0.024	0.56	"2"
"光明"	0	0	1	0	0.089	0.498	0.359	0.053	-0.041	-0.3	0.444	-0.024	0.809	"3"
"光辉"	0	3	0	0	0.268	1.495	1.078	0.159	-0.122	0.907	-0.58	-0.071	1.68	"2"
"党"	0	0	8	0	0.715	3.987	2.875	0.424	-0.325	-2.397	3.556	-0.189	6.467	"3"
"入园"	0	1	0	0	0.089	0.498	0.359	0.053	-0.041	0.302	-0.193	-0.024	0.56	"2"
"入预定"	0	1	0	0	0.089	0.498	0.359	0.053	-0.041	0.302	-0.193	-0.024	0.56	"2"
"全会"	0	0	1	0	0.089	0.498	0.359	0.053	-0.041	-0.3	0.444	-0.024	0.809	"3"
"全力"	0	0	2	0	0.179	0.997	0.719	0.106	-0.081	-0.599	0.889	-0.047	1.616	"3"
"公交车"	0	2	0	0	0.179	0.997	0.719	0.106	-0.081	0.605	-0.387	-0.047	1.12	"2"
"公共"	0	4	0	0	0.357	1.993	1.437	0.212	-0.163	1.21	-0.774	-0.095	2.242	"2"
"公园"	3	4	0	0	0.625	3.488	2.515	0.371	1.723	0.304	-1.354	-0.166	3.547	"1"
"公安部"	1	0	0	0	0.089	0.498	0.359	0.053	1.049	-0.3	-0.193	-0.024	1.566	"1"
"公所"	0	2	0	0	0.179	0.997	0.719	0.106	-0.081	0.605	-0.387	-0.047	1.12	"2"
"公有制"	0	0	1	0	0.089	0.498	0.359	0.053	-0.041	-0.3	0.444	-0.024	0.809	"3"
"公路"	0	2	0	0	0.179	0.997	0.719	0.106	-0.081	0.605	-0.387	-0.047	1.12	"2"
"公路局"	0	0	1	0	0.089	0.498	0.359	0.053	-0.041	-0.3	0.444	-0.024	0.809	"3"
"公车"	0	3	0	0	0.268	1.495	1.078	0.159	-0.122	0.907	-0.58	-0.071	1.68	"2"
"公里"	1	11	0	0	1.072	5.98	4.312	0.636	-0.15	2.513	-2.321	-0.284	5.268	"2"
"公顷"	0	1	0	0	0.089	0.498	0.359	0.053	-0.041	0.302	-0.193	-0.024	0.56	"2"
"共处"	0	0	1	0	0.089	0.498	0.359	0.053	-0.041	-0.3	0.444	-0.024	0.809	"3"
"共进"	0	1	0	0	0.089	0.498	0.359	0.053	-0.041	0.302	-0.193	-0.024	0.56	"2"
"关仔岭"	0	1	0	0	0.089	0.498	0.359	0.053	-0.041	0.302	-0.193	-0.024	0.56	"2"
"关闭"	0	1	0	0	0.089	0.498	0.359	0.053	-0.041	0.302	-0.193	-0.024	0.56	"2"
"兴建"	0	2	0	0	0.179	0.997	0.719	0.106	-0.081	0.605	-0.387	-0.047	1.12	"2"
"其他"	0	0	6	0	0.536	2.99	2.156	0.318	-0.244	-1.797	2.667	-0.142	4.85	"3"
"其余"	0	1	0	0	0.089	0.498	0.359	0.053	-0.041	0.302	-0.193	-0.024	0.56	"2"
"其它"	0	0	1	0	0.089	0.498	0.359	0.053	-0.041	-0.3	0.444	-0.024	0.809	"3"
"养护"	0	0	1	0	0.089	0.498	0.359	0.053	-0.041	-0.3	0.444	-0.024	0.809	"3"
"养殖业"	0	0	1	0	0.089	0.498	0.359	0.053	-0.041	-0.3	0.444	-0.024	0.809	"3"
"内外"	0	0	1	0	0.089	0.498	0.359	0.053	-0.041	-0.3	0.444	-0.024	0.809	"3"
"内战"	0	0	1	0	0.089	0.498	0.359	0.053	-0.041	-0.3	0.444	-0.024	0.809	"3"
"册子"	0	1	0	0	0.089	0.498	0.359	0.053	-0.041	0.302	-0.193	-0.024	0.56	"2"
"农民"	0	1	1	0	0.179	0.997	0.719	0.106	-0.081	0.126	0.229	-0.047	0.483	"3"
"农民工"	0	0	1	0	0.089	0.498	0.359	0.053	-0.041	-0.3	0.444	-0.024	0.809	"3"
"冰雪"	1	0	0	0	0.089	0.498	0.359	0.053	1.049	-0.3	-0.193	-0.024	1.566	"1"
"冲上"	0	1	0	0	0.089	0.498	0.359	0.053	-0.041	0.302	-0.193	-0.024	0.56	"2"
"冲突"	0	0	3	0	0.268	1.495	1.078	0.159	-0.122	-0.899	1.333	-0.071	2.425	"3"
"决心"	0	1	1	0	0.179	0.997	0.719	0.106	-0.081	0.126	0.229	-0.047	0.483	"3"
"出发"	0	1	0	0	0.089	0.498	0.359	0.053	-0.041	0.302	-0.193	-0.024	0.56	"2"
"出台"	0	1	0	0	0.089	0.498	0.359	0.053	-0.041	0.302	-0.193	-0.024	0.56	"2"
"出现"	0	1	0	0	0.089	0.498	0.359	0.053	-0.041	0.302	-0.193	-0.024	0.56	"2"
"出谋"	1	0	0	0	0.089	0.498	0.359	0.053	1.049	-0.3	-0.193	-0.024	1.566	"1"
"出道"	0	1	0	0	0.089	0.498	0.359	0.053	-0.041	0.302	-0.193	-0.024	0.56	"2"
"分为"	0	0	0	1	0.089	0.498	0.359	0.053	-0.041	-0.3	-0.193	1.276	1.81	"4"
"分析"	0	0	1	0	0.089	0.498	0.359	0.053	-0.041	-0.3	0.444	-0.024	0.809	"3"
"分泌物"	0	0	1	0	0.089	0.498	0.359	0.053	-0.041	-0.3	0.444	-0.024	0.809	"3"
"分流"	0	1	0	0	0.089	0.498	0.359	0.053	-0.041	0.302	-0.193	-0.024	0.56	"2"
"分界"	0	1	0	0	0.089	0.498	0.359	0.053	-0.041	0.302	-0.193	-0.024	0.56	"2"
"分离"	0	2	0	0	0.179	0.997	0.719	0.106	-0.081	0.605	-0.387	-0.047	1.12	"2"
"分类"	0	0	1	0	0.089	0.498	0.359	0.053	-0.041	-0.3	0.444	-0.024	0.809	"3"
"分裂"	0	0	1	0	0.089	0.498	0.359	0.053	-0.041	-0.3	0.444	-0.024	0.809	"3"
"切断"	0	0	4	0	0.357	1.993	1.437	0.212	-0.163	-1.198	1.778	-0.095	3.234	"3"
"切除"	0	0	1	0	0.089	0.498	0.359	0.053	-0.041	-0.3	0.444	-0.024	0.809	"3"
"划策"	1	0	0	0	0.089	0.498	0.359	0.053	1.049	-0.3	-0.193	-0.024	1.566	"1"
"列"	0	1	0	0	0.089	0.498	0.359	0.053	-0.041	0.302	-0.193	-0.024	0.56	"2"
"列车"	0	1	0	0	0.089	0.498	0.359	0.053	-0.041	0.302	-0.193	-0.024	0.56	"2"
"列队"	0	1	0	0	0.089	0.498	0.359	0.053	-0.041	0.302	-0.193	-0.024	0.56	"2"
"创作"	0	0	1	0	0.089	0.498	0.359	0.053	-0.041	-0.3	0.444	-0.024	0.809	"3"
"判断"	0	1	0	0	0.089	0.498	0.359	0.053	-0.041	0.302	-0.193	-0.024	0.56	"2"
"利用"	0	1	2	0	0.268	1.495	1.078	0.159	-0.122	-0.299	0.531	-0.071	1.023	"3"
"到"	0	2	0	0	0.179	0.997	0.719	0.106	-0.081	0.605	-0.387	-0.047	1.12	"2"
"到站"	0	1	0	0	0.089	0.498	0.359	0.053	-0.041	0.302	-0.193	-0.024	0.56	"2"
"制定"	0	1	0	0	0.089	0.498	0.359	0.053	-0.041	0.302	-0.193	-0.024	0.56	"2"
"前因"	0	1	0	0	0.089	0.498	0.359	0.053	-0.041	0.302	-0.193	-0.024	0.56	"2"
"前进"	0	0	5	1	0.536	2.99	2.156	0.318	-0.244	-1.797	1.599	0.555	4.195	"2"
"力学"	0	0	2	0	0.179	0.997	0.719	0.106	-0.081	-0.599	0.889	-0.047	1.616	"3"
"力度"	0	0	0	1	0.089	0.498	0.359	0.053	-0.041	-0.3	-0.193	1.276	1.81	"4"
"办法"	0	0	1	0	0.089	0.498	0.359	0.053	-0.041	-0.3	0.444	-0.024	0.809	"3"
"加大"	0	0	0	1	0.089	0.498	0.359	0.053	-0.041	-0.3	-0.193	1.276	1.81	"4"
"加强"	0	0	1	0	0.089	0.498	0.359	0.053	-0.041	-0.3	0.444	-0.024	0.809	"3"
"加萨"	0	0	1	0	0.089	0.498	0.359	0.053	-0.041	-0.3	0.444	-0.024	0.809	"3"
"加萨走廊"	0	0	1	0	0.089	0.498	0.359	0.053	-0.041	-0.3	0.444	-0.024	0.809	"3"
"务"	0	0	1	0	0.089	0.498	0.359	0.053	-0.041	-0.3	0.444	-0.024	0.809	"3"
"务实"	0	0	0	1	0.089	0.498	0.359	0.053	-0.041	-0.3	-0.193	1.276	1.81	"4"
"动线"	1	1	0	0	0.179	0.997	0.719	0.106	0.768	0.126	-0.387	-0.047	1.328	"1"
"勾端"	0	0	1	0	0.089	0.498	0.359	0.053	-0.041	-0.3	0.444	-0.024	0.809	"3"
"匈牙利"	0	0	1	0	0.089	0.498	0.359	0.053	-0.041	-0.3	0.444	-0.024	0.809	"3"
"化"	0	1	1	0	0.179	0.997	0.719	0.106	-0.081	0.126	0.229	-0.047	0.483	"3"
"北"	0	1	0	0	0.089	0.498	0.359	0.053	-0.041	0.302	-0.193	-0.024	0.56	"2"
"北京市"	0	0	1	0	0.089	0.498	0.359	0.053	-0.041	-0.3	0.444	-0.024	0.809	"3"
"北区"	0	2	0	0	0.179	0.997	0.719	0.106	-0.081	0.605	-0.387	-0.047	1.12	"2"
"北宜"	0	1	0	0	0.089	0.498	0.359	0.053	-0.041	0.302	-0.193	-0.024	0.56	"2"
"北市"	0	1	0	0	0.089	0.498	0.359	0.053	-0.041	0.302	-0.193	-0.024	0.56	"2"
"区间车"	0	3	0	0	0.268	1.495	1.078	0.159	-0.122	0.907	-0.58	-0.071	1.68	"2"
"十一月"	0	1	0	0	0.089	0.498	0.359	0.053	-0.041	0.302	-0.193	-0.024	0.56	"2"
"十五点九五"	0	1	0	0	0.089	0.498	0.359	0.053	-0.041	0.302	-0.193	-0.024	0.56	"2"
"十分"	0	2	0	0	0.179	0.997	0.719	0.106	-0.081	0.605	-0.387	-0.047	1.12	"2"
"升空"	0	1	0	0	0.089	0.498	0.359	0.053	-0.041	0.302	-0.193	-0.024	0.56	"2"
"协和"	0	0	0	1	0.089	0.498	0.359	0.053	-0.041	-0.3	-0.193	1.276	1.81	"4"
"协调"	0	1	0	0	0.089	0.498	0.359	0.053	-0.041	0.302	-0.193	-0.024	0.56	"2"
"单凡"	0	1	0	0	0.089	0.498	0.359	0.053	-0.041	0.302	-0.193	-0.024	0.56	"2"
"南北"	0	0	1	0	0.089	0.498	0.359	0.053	-0.041	-0.3	0.444	-0.024	0.809	"3"
"南区"	0	1	0	0	0.089	0.498	0.359	0.053	-0.041	0.302	-0.193	-0.024	0.56	"2"
"南港"	0	3	0	0	0.268	1.495	1.078	0.159	-0.122	0.907	-0.58	-0.071	1.68	"2"
"南港路"	0	1	0	0	0.089	0.498	0.359	0.053	-0.041	0.302	-0.193	-0.024	0.56	"2"
"卡贝尔"	0	1	0	0	0.089	0.498	0.359	0.053	-0.041	0.302	-0.193	-0.024	0.56	"2"
"卫冕"	0	1	0	0	0.089	0.498	0.359	0.053	-0.041	0.302	-0.193	-0.024	0.56	"2"
"卫星"	0	7	0	0	0.625	3.488	2.515	0.371	-0.284	2.117	-1.354	-0.166	3.921	"2"
"危机"	0	0	2	0	0.179	0.997	0.719	0.106	-0.081	-0.599	0.889	-0.047	1.616	"3"
"原来"	0	0	1	0	0.089	0.498	0.359	0.053	-0.041	-0.3	0.444	-0.024	0.809	"3"
"原由"	0	1	0	0	0.089	0.498	0.359	0.053	-0.041	0.302	-0.193	-0.024	0.56	"2"
"县乡"	0	1	0	0	0.089	0.498	0.359	0.053	-0.041	0.302	-0.193	-0.024	0.56	"2"
"县府"	1	3	0	0	0.357	1.993	1.437	0.212	0.506	0.509	-0.774	-0.095	1.884	"3"
"参观"	0	1	1	0	0.179	0.997	0.719	0.106	-0.081	0.126	0.229	-0.047	0.483	"3"
"双崎"	0	1	0	0	0.089	0.498	0.359	0.053	-0.041	0.302	-0.193	-0.024	0.56	"2"
"发"	1	1	0	1	0.268	1.495	1.078	0.159	0.611	-0.299	-0.58	0.822	2.312	"4"
"发射"	0	5	0	0	0.447	2.492	1.797	0.265	-0.203	1.512	-0.967	-0.118	2.8	"2"
"发展"	1	1	12	12	2.322	12.957	9.343	1.378	-0.506	-6.361	0.726	8.628	16.221	"4"
"发车"	0	1	0	0	0.089	0.498	0.359	0.053	-0.041	0.302	-0.193	-0.024	0.56	"2"
"取消"	0	4	0	0	0.357	1.993	1.437	0.212	-0.163	1.21	-0.774	-0.095	2.242	"2"
"取缔"	0	1	0	0	0.089	0.498	0.359	0.053	-0.041	0.302	-0.193	-0.024	0.56	"2"
"取道"	0	1	0	0	0.089	0.498	0.359	0.053	-0.041	0.302	-0.193	-0.024	0.56	"2"
"受损"	0	1	0	0	0.089	0.498	0.359	0.053	-0.041	0.302	-0.193	-0.024	0.56	"2"
"受访者"	0	1	0	0	0.089	0.498	0.359	0.053	-0.041	0.302	-0.193	-0.024	0.56	"2"
"受骗"	0	1	0	0	0.089	0.498	0.359	0.053	-0.041	0.302	-0.193	-0.024	0.56	"2"
"变换"	0	1	0	0	0.089	0.498	0.359	0.053	-0.041	0.302	-0.193	-0.024	0.56	"2"
"变暖"	0	0	1	0	0.089	0.498	0.359	0.053	-0.041	-0.3	0.444	-0.024	0.809	"3"
"变现"	0	0	1	0	0.089	0.498	0.359	0.053	-0.041	-0.3	0.444	-0.024	0.809	"3"
"叙利亚"	0	0	1	0	0.089	0.498	0.359	0.053	-0.041	-0.3	0.444	-0.024	0.809	"3"
"叛乱"	0	0	1	0	0.089	0.498	0.359	0.053	-0.041	-0.3	0.444	-0.024	0.809	"3"
"另"	0	0	1	0	0.089	0.498	0.359	0.053	-0.041	-0.3	0.444	-0.024	0.809	"3"
"只好"	0	0	1	0	0.089	0.498	0.359	0.053	-0.041	-0.3	0.444	-0.024	0.809	"3"
"叮叮"	0	1	0	0	0.089	0.498	0.359	0.053	-0.041	0.302	-0.193	-0.024	0.56	"2"
"可能"	0	0	2	0	0.179	0.997	0.719	0.106	-0.081	-0.599	0.889	-0.047	1.616	"3"
"可行"	0	0	2	0	0.179	0.997	0.719	0.106	-0.081	-0.599	0.889	-0.047	1.616	"3"
"台中"	0	2	0	0	0.179	0.997	0.719	0.106	-0.081	0.605	-0.387	-0.047	1.12	"2"
"台九线"	0	1	0	0	0.089	0.498	0.359	0.053	-0.041	0.302	-0.193	-0.024	0.56	"2"
"台北市"	1	1	0	0	0.179	0.997	0.719	0.106	0.768	0.126	-0.387	-0.047	1.328	"1"
"台风"	0	1	0	0	0.089	0.498	0.359	0.053	-0.041	0.302	-0.193	-0.024	0.56	"2"
"号"	1	20	1	0	1.965	10.963	7.906	1.166	-0.395	4.244	-3.129	-0.52	8.288	"2"
"司机"	0	2	0	0	0.179	0.997	0.719	0.106	-0.081	0.605	-0.387	-0.047	1.12	"2"
"司法"	0	0	4	0	0.357	1.993	1.437	0.212	-0.163	-1.198	1.778	-0.095	3.234	"3"
"司法院"	0	0	1	0	0.089	0.498	0.359	0.053	-0.041	-0.3	0.444	-0.024	0.809	"3"
"合作"	0	0	5	0	0.447	2.492	1.797	0.265	-0.203	-1.498	2.222	-0.118	4.041	"3"
"合法"	0	0	1	0	0.089	0.498	0.359	0.053	-0.041	-0.3	0.444	-0.024	0.809	"3"
"合理"	0	0	1	0	0.089	0.498	0.359	0.053	-0.041	-0.3	0.444	-0.024	0.809	"3"
"吊"	0	1	0	0	0.089	0.498	0.359	0.053	-0.041	0.302	-0.193	-0.024	0.56	"2"
"同一"	0	1	0	0	0.089	0.498	0.359	0.053	-0.041	0.302	-0.193	-0.024	0.56	"2"
"同步"	0	6	0	0	0.536	2.99	2.156	0.318	-0.244	1.815	-1.16	-0.142	3.361	"2"
"后港"	0	1	0	0	0.089	0.498	0.359	0.053	-0.041	0.302	-0.193	-0.024	0.56	"2"
"吕"	0	0	1	0	0.089	0.498	0.359	0.053	-0.041	-0.3	0.444	-0.024	0.809	"3"
"吨"	0	0	1	0	0.089	0.498	0.359	0.053	-0.041	-0.3	0.444	-0.024	0.809	"3"
"吴邦国"	0	0	1	0	0.089	0.498	0.359	0.053	-0.041	-0.3	0.444	-0.024	0.809	"3"
"呈"	1	0	0	0	0.089	0.498	0.359	0.053	1.049	-0.3	-0.193	-0.024	1.566	"1"
"告发"	1	0	0	0	0.089	0.498	0.359	0.053	1.049	-0.3	-0.193	-0.024	1.566	"1"
"周边"	0	3	0	0	0.268	1.495	1.078	0.159	-0.122	0.907	-0.58	-0.071	1.68	"2"
"呼吸"	0	0	1	0	0.089	0.498	0.359	0.053	-0.041	-0.3	0.444	-0.024	0.809	"3"
"和平"	0	0	14	0	1.25	6.977	5.031	0.742	-0.569	-4.194	6.223	-0.331	11.317	"3"
"和数"	0	1	0	0	0.089	0.498	0.359	0.053	-0.041	0.302	-0.193	-0.024	0.56	"2"
"和谈"	0	0	2	0	0.179	0.997	0.719	0.106	-0.081	-0.599	0.889	-0.047	1.616	"3"
"哈勃"	0	1	0	0	0.089	0.498	0.359	0.053	-0.041	0.302	-0.193	-0.024	0.56	"2"
"唯"	0	0	1	0	0.089	0.498	0.359	0.053	-0.041	-0.3	0.444	-0.024	0.809	"3"
"唯一"	0	1	1	0	0.179	0.997	0.719	0.106	-0.081	0.126	0.229	-0.047	0.483	"3"
"商业区"	0	1	0	0	0.089	0.498	0.359	0.053	-0.041	0.302	-0.193	-0.024	0.56	"2"
"四万二千"	0	1	0	0	0.089	0.498	0.359	0.053	-0.041	0.302	-0.193	-0.024	0.56	"2"
"四週"	0	1	0	0	0.089	0.498	0.359	0.053	-0.041	0.302	-0.193	-0.024	0.56	"2"
"回到"	0	0	4	0	0.357	1.993	1.437	0.212	-0.163	-1.198	1.778	-0.095	3.234	"3"
"回春"	0	1	0	0	0.089	0.498	0.359	0.053	-0.041	0.302	-0.193	-0.024	0.56	"2"
"回顾"	0	1	0	0	0.089	0.498	0.359	0.053	-0.041	0.302	-0.193	-0.024	0.56	"2"
"园"	0	1	0	0	0.089	0.498	0.359	0.053	-0.041	0.302	-0.193	-0.024	0.56	"2"
"园区"	0	1	0	0	0.089	0.498	0.359	0.053	-0.041	0.302	-0.193	-0.024	0.56	"2"
"困苦"	0	0	0	1	0.089	0.498	0.359	0.053	-0.041	-0.3	-0.193	1.276	1.81	"4"
"困难"	0	0	1	1	0.179	0.997	0.719	0.106	-0.081	-0.599	0.229	0.986	1.895	"4"
"围困"	0	1	0	0	0.089	0.498	0.359	0.053	-0.041	0.302	-0.193	-0.024	0.56	"2"
"围墙"	0	1	0	0	0.089	0.498	0.359	0.053	-0.041	0.302	-0.193	-0.024	0.56	"2"
"围篱"	0	1	0	0	0.089	0.498	0.359	0.053	-0.041	0.302	-0.193	-0.024	0.56	"2"
"国人"	0	0	3	0	0.268	1.495	1.078	0.159	-0.122	-0.899	1.333	-0.071	2.425	"3"
"国富"	0	0	0	1	0.089	0.498	0.359	0.053	-0.041	-0.3	-0.193	1.276	1.81	"4"
"国情"	0	0	1	1	0.179	0.997	0.719	0.106	-0.081	-0.599	0.229	0.986	1.895	"4"
"国有企业"	0	0	2	0	0.179	0.997	0.719	0.106	-0.081	-0.599	0.889	-0.047	1.616	"3"
"国民党"	0	0	0	1	0.089	0.498	0.359	0.053	-0.041	-0.3	-0.193	1.276	1.81	"4"
"国道"	0	1	0	0	0.089	0.498	0.359	0.053	-0.041	0.302	-0.193	-0.024	0.56	"2"
"国际化"	0	0	0	1	0.089	0.498	0.359	0.053	-0.041	-0.3	-0.193	1.276	1.81	"4"
"图"	0	5	0	0	0.447	2.492	1.797	0.265	-0.203	1.512	-0.967	-0.118	2.8	"2"
"图谋"	0	1	0	0	0.089	0.498	0.359	0.053	-0.041	0.302	-0.193	-0.024	0.56	"2"
"圆山"	0	1	0	0	0.089	0.498	0.359	0.053	-0.041	0.302	-0.193	-0.024	0.56	"2"
"土建"	0	1	0	0	0.089	0.498	0.359	0.053	-0.041	0.302	-0.193	-0.024	0.56	"2"
"土石"	0	3	0	0	0.268	1.495	1.078	0.159	-0.122	0.907	-0.58	-0.071	1.68	"2"
"圣经"	0	0	1	0	0.089	0.498	0.359	0.053	-0.041	-0.3	0.444	-0.024	0.809	"3"
"圣诞红"	0	0	1	0	0.089	0.498	0.359	0.053	-0.041	-0.3	0.444	-0.024	0.809	"3"
"在即"	0	0	0	1	0.089	0.498	0.359	0.053	-0.041	-0.3	-0.193	1.276	1.81	"4"
"地下铁"	0	1	0	0	0.089	0.498	0.359	0.053	-0.041	0.302	-0.193	-0.024	0.56	"2"
"地主"	0	2	0	0	0.179	0.997	0.719	0.106	-0.081	0.605	-0.387	-0.047	1.12	"2"
"地形"	0	2	0	0	0.179	0.997	0.719	0.106	-0.081	0.605	-0.387	-0.047	1.12	"2"
"地球"	0	6	0	0	0.536	2.99	2.156	0.318	-0.244	1.815	-1.16	-0.142	3.361	"2"
"地铁"	0	5	0	0	0.447	2.492	1.797	0.265	-0.203	1.512	-0.967	-0.118	2.8	"2"
"地铁站"	0	1	0	0	0.089	0.498	0.359	0.053	-0.041	0.302	-0.193	-0.024	0.56	"2"
"地面"	0	4	0	0	0.357	1.993	1.437	0.212	-0.163	1.21	-0.774	-0.095	2.242	"2"
"坊"	0	1	0	0	0.089	0.498	0.359	0.053	-0.041	0.302	-0.193	-0.024	0.56	"2"
"坍方"	0	2	0	0	0.179	0.997	0.719	0.106	-0.081	0.605	-0.387	-0.047	1.12	"2"
"坎坷"	0	2	0	0	0.179	0.997	0.719	0.106	-0.081	0.605	-0.387	-0.047	1.12	"2"
"坚决"	1	0	0	0	0.089	0.498	0.359	0.053	1.049	-0.3	-0.193	-0.024	1.566	"1"
"坚定"	0	0	1	0	0.089	0.498	0.359	0.053	-0.041	-0.3	0.444	-0.024	0.809	"3"
"坚实"	0	1	0	0	0.089	0.498	0.359	0.053	-0.041	0.302	-0.193	-0.024	0.56	"2"
"坚持"	0	0	4	3	0.625	3.488	2.515	0.371	-0.284	-2.097	0.666	2.353	5.4	"4"
"坚持党"	0	0	1	0	0.089	0.498	0.359	0.053	-0.041	-0.3	0.444	-0.024	0.809	"3"
"坠毁"	0	0	1	0	0.089	0.498	0.359	0.053	-0.041	-0.3	0.444	-0.024	0.809	"3"
"城乡"	0	1	0	0	0.089	0.498	0.359	0.053	-0.041	0.302	-0.193	-0.024	0.56	"2"
"城区"	1	3	0	0	0.357	1.993	1.437	0.212	0.506	0.509	-0.774	-0.095	1.884	"3"
"城市"	1	4	0	1	0.536	2.99	2.156	0.318	0.367	0.468	-1.16	0.555	2.55	"3"
"培养"	0	0	2	1	0.268	1.495	1.078	0.159	-0.122	-0.899	0.531	0.822	2.374	"2"
"基于"	0	0	1	0	0.089	0.498	0.359	0.053	-0.041	-0.3	0.444	-0.024	0.809	"3"
"基本"	0	0	7	0	0.625	3.488	2.515	0.371	-0.284	-2.097	3.111	-0.166	5.658	"3"
"基本点"	0	0	1	0	0.089	0.498	0.359	0.053	-0.041	-0.3	0.444	-0.024	0.809	"3"
"基础"	1	0	0	0	0.089	0.498	0.359	0.053	1.049	-0.3	-0.193	-0.024	1.566	"1"
"基里安"	0	0	1	0	0.089	0.498	0.359	0.053	-0.041	-0.3	0.444	-0.024	0.809	"3"
"堆积"	0	1	0	0	0.089	0.498	0.359	0.053	-0.041	0.302	-0.193	-0.024	0.56	"2"
"堤"	0	1	0	0	0.089	0.498	0.359	0.053	-0.041	0.302	-0.193	-0.024	0.56	"2"
"堤防"	0	1	0	0	0.089	0.498	0.359	0.053	-0.041	0.302	-0.193	-0.024	0.56	"2"
"堵塞"	1	0	0	0	0.089	0.498	0.359	0.053	1.049	-0.3	-0.193	-0.024	1.566	"1"
"塔尼"	0	1	0	0	0.089	0.498	0.359	0.053	-0.041	0.302	-0.193	-0.024	0.56	"2"
"塞浦路斯"	0	0	1	0	0.089	0.498	0.359	0.053	-0.041	-0.3	0.444	-0.024	0.809	"3"
"塞爆"	0	1	0	0	0.089	0.498	0.359	0.053	-0.041	0.302	-0.193	-0.024	0.56	"2"
"增建"	0	1	0	0	0.089	0.498	0.359	0.053	-0.041	0.302	-0.193	-0.024	0.56	"2"
"增收"	0	1	0	0	0.089	0.498	0.359	0.053	-0.041	0.302	-0.193	-0.024	0.56	"2"
"增设"	0	0	0	1	0.089	0.498	0.359	0.053	-0.041	-0.3	-0.193	1.276	1.81	"4"
"增长"	0	0	4	0	0.357	1.993	1.437	0.212	-0.163	-1.198	1.778	-0.095	3.234	"3"
"壅塞"	0	1	0	0	0.089	0.498	0.359	0.053	-0.041	0.302	-0.193	-0.024	0.56	"2"
"壮大"	0	0	0	1	0.089	0.498	0.359	0.053	-0.041	-0.3	-0.193	1.276	1.81	"4"
"处"	0	1	0	0	0.089	0.498	0.359	0.053	-0.041	0.302	-0.193	-0.024	0.56	"2"
"处处"	1	0	0	0	0.089	0.498	0.359	0.053	1.049	-0.3	-0.193	-0.024	1.566	"1"
"复"	0	1	0	0	0.089	0.498	0.359	0.053	-0.041	0.302	-0.193	-0.024	0.56	"2"
"复兴"	0	0	1	0	0.089	0.498	0.359	0.053	-0.041	-0.3	0.444	-0.024	0.809	"3"
"复建"	1	0	0	0	0.089	0.498	0.359	0.053	1.049	-0.3	-0.193	-0.024	1.566	"1"
"复旧工"	0	1	0	0	0.089	0.498	0.359	0.053	-0.041	0.302	-0.193	-0.024	0.56	"2"
"复杂"	0	1	0	0	0.089	0.498	0.359	0.053	-0.041	0.302	-0.193	-0.024	0.56	"2"
"复育"	0	1	0	0	0.089	0.498	0.359	0.053	-0.041	0.302	-0.193	-0.024	0.56	"2"
"复苏"	0	0	1	0	0.089	0.498	0.359	0.053	-0.041	-0.3	0.444	-0.024	0.809	"3"
"夏天"	0	1	0	0	0.089	0.498	0.359	0.053	-0.041	0.302	-0.193	-0.024	0.56	"2"
"外事"	0	0	1	0	0.089	0.498	0.359	0.053	-0.041	-0.3	0.444	-0.024	0.809	"3"
"外交"	0	1	7	0	0.715	3.987	2.875	0.424	-0.325	-1.445	2.372	-0.189	4.331	"3"
"多"	1	0	3	0	0.357	1.993	1.437	0.212	0.506	-1.198	0.868	-0.095	2.667	"2"
"大"	0	1	0	0	0.089	0.498	0.359	0.053	-0.041	0.302	-0.193	-0.024	0.56	"2"
"大乱"	2	0	0	0	0.179	0.997	0.719	0.106	2.098	-0.599	-0.387	-0.047	3.131	"1"
"大国"	0	0	0	1	0.089	0.498	0.359	0.053	-0.041	-0.3	-0.193	1.276	1.81	"4"
"大法官"	0	0	1	0	0.089	0.498	0.359	0.053	-0.041	-0.3	0.444	-0.024	0.809	"3"
"大道"	0	1	0	0	0.089	0.498	0.359	0.053	-0.041	0.302	-0.193	-0.024	0.56	"2"
"大部"	0	1	0	0	0.089	0.498	0.359	0.053	-0.041	0.302	-0.193	-0.024	0.56	"2"
"太平洋"	0	0	1	0	0.089	0.498	0.359	0.053	-0.041	-0.3	0.444	-0.024	0.809	"3"
"太空"	0	1	0	0	0.089	0.498	0.359	0.053	-0.041	0.302	-0.193	-0.024	0.56	"2"
"太阳"	0	4	0	0	0.357	1.993	1.437	0.212	-0.163	1.21	-0.774	-0.095	2.242	"2"
"太阳系"	0	1	0	0	0.089	0.498	0.359	0.053	-0.041	0.302	-0.193	-0.024	0.56	"2"
"太阳门"	0	1	0	0	0.089	0.498	0.359	0.053	-0.041	0.302	-0.193	-0.024	0.56	"2"
"奉行"	0	0	1	0	0.089	0.498	0.359	0.053	-0.041	-0.3	0.444	-0.024	0.809	"3"
"姆贝基"	0	0	0	1	0.089	0.498	0.359	0.053	-0.041	-0.3	-0.193	1.276	1.81	"4"
"威妥玛式"	0	2	0	0	0.179	0.997	0.719	0.106	-0.081	0.605	-0.387	-0.047	1.12	"2"
"威斯康辛"	0	0	1	0	0.089	0.498	0.359	0.053	-0.041	-0.3	0.444	-0.024	0.809	"3"
"学习"	0	1	0	0	0.089	0.498	0.359	0.053	-0.041	0.302	-0.193	-0.024	0.56	"2"
"学艺"	0	1	0	0	0.089	0.498	0.359	0.053	-0.041	0.302	-0.193	-0.024	0.56	"2"
"它"	0	1	0	0	0.089	0.498	0.359	0.053	-0.041	0.302	-0.193	-0.024	0.56	"2"
"它们"	0	1	0	0	0.089	0.498	0.359	0.053	-0.041	0.302	-0.193	-0.024	0.56	"2"
"安全"	1	4	1	0	0.536	2.99	2.156	0.318	0.367	0.468	-0.52	-0.142	1.497	"3"
"安徽"	0	0	1	0	0.089	0.498	0.359	0.053	-0.041	-0.3	0.444	-0.024	0.809	"3"
"安装"	0	2	0	0	0.179	0.997	0.719	0.106	-0.081	0.605	-0.387	-0.047	1.12	"2"
"完成"	0	2	0	0	0.179	0.997	0.719	0.106	-0.081	0.605	-0.387	-0.047	1.12	"2"
"定"	0	1	0	0	0.089	0.498	0.359	0.053	-0.041	0.302	-0.193	-0.024	0.56	"2"
"实事求是"	0	0	1	0	0.089	0.498	0.359	0.053	-0.041	-0.3	0.444	-0.024	0.809	"3"
"实现"	0	0	7	0	0.625	3.488	2.515	0.371	-0.284	-2.097	3.111	-0.166	5.658	"3"
"实践"	0	0	1	0	0.089	0.498	0.359	0.053	-0.041	-0.3	0.444	-0.024	0.809	"3"
"客货运输"	0	1	0	0	0.089	0.498	0.359	0.053	-0.041	0.302	-0.193	-0.024	0.56	"2"
"客运"	0	1	0	0	0.089	0.498	0.359	0.053	-0.041	0.302	-0.193	-0.024	0.56	"2"
"宣传"	0	1	3	0	0.357	1.993	1.437	0.212	-0.163	-0.502	0.868	-0.095	1.628	"3"
"宣传党"	0	0	2	0	0.179	0.997	0.719	0.106	-0.081	-0.599	0.889	-0.047	1.616	"3"
"宪法"	0	0	1	0	0.089	0.498	0.359	0.053	-0.041	-0.3	0.444	-0.024	0.809	"3"
"宽"	0	1	0	0	0.089	0.498	0.359	0.053	-0.041	0.302	-0.193	-0.024	0.56	"2"
"宽度"	0	1	0	0	0.089	0.498	0.359	0.053	-0.041	0.302	-0.193	-0.024	0.56	"2"
"宽敞"	0	1	0	0	0.089	0.498	0.359	0.053	-0.041	0.302	-0.193	-0.024	0.56	"2"
"宽阔"	0	1	0	0	0.089	0.498	0.359	0.053	-0.041	0.302	-0.193	-0.024	0.56	"2"
"密度"	0	1	0	0	0.089	0.498	0.359	0.053	-0.041	0.302	-0.193	-0.024	0.56	"2"
"富裕"	0	0	1	0	0.089	0.498	0.359	0.053	-0.041	-0.3	0.444	-0.024	0.809	"3"
"寒冬"	0	1	0	0	0.089	0.498	0.359	0.053	-0.041	0.302	-0.193	-0.024	0.56	"2"
"寒冷"	0	1	0	0	0.089	0.498	0.359	0.053	-0.041	0.302	-0.193	-0.024	0.56	"2"
"对话"	0	0	5	0	0.447	2.492	1.797	0.265	-0.203	-1.498	2.222	-0.118	4.041	"3"
"寻找"	0	0	1	0	0.089	0.498	0.359	0.053	-0.041	-0.3	0.444	-0.024	0.809	"3"
"寻求"	0	0	3	0	0.268	1.495	1.078	0.159	-0.122	-0.899	1.333	-0.071	2.425	"3"
"导"	0	1	0	0	0.089	0.498	0.359	0.053	-0.041	0.302	-0.193	-0.024	0.56	"2"
"导览车"	0	1	0	0	0.089	0.498	0.359	0.053	-0.041	0.302	-0.193	-0.024	0.56	"2"
"封锁"	0	2	0	0	0.179	0.997	0.719	0.106	-0.081	0.605	-0.387	-0.047	1.12	"2"
"封闭"	0	2	0	0	0.179	0.997	0.719	0.106	-0.081	0.605	-0.387	-0.047	1.12	"2"
"小雪"	0	1	0	0	0.089	0.498	0.359	0.053	-0.041	0.302	-0.193	-0.024	0.56	"2"
"尖"	1	0	0	0	0.089	0.498	0.359	0.053	1.049	-0.3	-0.193	-0.024	1.566	"1"
"就业"	0	0	1	0	0.089	0.498	0.359	0.053	-0.041	-0.3	0.444	-0.024	0.809	"3"
"就算"	0	0	1	0	0.089	0.498	0.359	0.053	-0.041	-0.3	0.444	-0.024	0.809	"3"
"就职"	0	1	0	0	0.089	0.498	0.359	0.053	-0.041	0.302	-0.193	-0.024	0.56	"2"
"尽可能"	0	1	0	0	0.089	0.498	0.359	0.053	-0.041	0.302	-0.193	-0.024	0.56	"2"
"尽快"	0	0	1	0	0.089	0.498	0.359	0.053	-0.041	-0.3	0.444	-0.024	0.809	"3"
"尾气"	0	1	0	0	0.089	0.498	0.359	0.053	-0.041	0.302	-0.193	-0.024	0.56	"2"
"尿"	0	0	1	0	0.089	0.498	0.359	0.053	-0.041	-0.3	0.444	-0.024	0.809	"3"
"局势"	0	0	1	0	0.089	0.498	0.359	0.053	-0.041	-0.3	0.444	-0.024	0.809	"3"
"居民"	0	1	0	0	0.089	0.498	0.359	0.053	-0.041	0.302	-0.193	-0.024	0.56	"2"
"届时"	0	1	0	0	0.089	0.498	0.359	0.053	-0.041	0.302	-0.193	-0.024	0.56	"2"
"屋檐"	0	1	0	0	0.089	0.498	0.359	0.053	-0.041	0.302	-0.193	-0.024	0.56	"2"
"展"	0	0	0	1	0.089	0.498	0.359	0.053	-0.041	-0.3	-0.193	1.276	1.81	"4"
"属于"	0	1	0	0	0.089	0.498	0.359	0.053	-0.041	0.302	-0.193	-0.024	0.56	"2"
"山"	0	1	0	0	0.089	0.498	0.359	0.053	-0.041	0.302	-0.193	-0.024	0.56	"2"
"山势"	0	1	0	0	0.089	0.498	0.359	0.053	-0.041	0.302	-0.193	-0.024	0.56	"2"
"山区"	0	2	0	0	0.179	0.997	0.719	0.106	-0.081	0.605	-0.387	-0.047	1.12	"2"
"山岭"	0	1	0	0	0.089	0.498	0.359	0.053	-0.041	0.302	-0.193	-0.024	0.56	"2"
"山崩"	0	1	0	0	0.089	0.498	0.359	0.053	-0.041	0.302	-0.193	-0.024	0.56	"2"
"山水画"	0	0	1	0	0.089	0.498	0.359	0.053	-0.041	-0.3	0.444	-0.024	0.809	"3"
"崎岖"	0	2	0	0	0.179	0.997	0.719	0.106	-0.081	0.605	-0.387	-0.047	1.12	"2"
"崭新"	0	1	0	0	0.089	0.498	0.359	0.053	-0.041	0.302	-0.193	-0.024	0.56	"2"
"川行"	0	3	0	0	0.268	1.495	1.078	0.159	-0.122	0.907	-0.58	-0.071	1.68	"2"
"工业区"	0	2	0	0	0.179	0.997	0.719	0.106	-0.081	0.605	-0.387	-0.047	1.12	"2"
"工作"	1	2	0	0	0.268	1.495	1.078	0.159	0.611	0.303	-0.58	-0.071	1.565	"1"
"工作量"	0	0	0	1	0.089	0.498	0.359	0.053	-0.041	-0.3	-0.193	1.276	1.81	"4"
"工务段"	0	0	1	0	0.089	0.498	0.359	0.053	-0.041	-0.3	0.444	-0.024	0.809	"3"
"工整"	0	1	0	0	0.089	0.498	0.359	0.053	-0.041	0.302	-0.193	-0.024	0.56	"2"
"工程"	6	15	1	0	1.965	10.963	7.906	1.166	1.967	1.188	-3.129	-0.52	6.804	"3"
"工程处"	0	0	1	0	0.089	0.498	0.359	0.053	-0.041	-0.3	0.444	-0.024	0.809	"3"
"工程车"	0	1	0	0	0.089	0.498	0.359	0.053	-0.041	0.302	-0.193	-0.024	0.56	"2"
"左转"	0	2	0	0	0.179	0.997	0.719	0.106	-0.081	0.605	-0.387	-0.047	1.12	"2"
"巴"	0	0	1	0	0.089	0.498	0.359	0.053	-0.041	-0.3	0.444	-0.024	0.809	"3"
"巴士"	0	15	0	0	1.34	7.475	5.39	0.795	-0.609	4.537	-2.901	-0.355	8.402	"2"
"市中心"	0	1	0	0	0.089	0.498	0.359	0.053	-0.041	0.302	-0.193	-0.024	0.56	"2"
"市区"	0	1	0	0	0.089	0.498	0.359	0.053	-0.041	0.302	-0.193	-0.024	0.56	"2"
"市容"	0	1	0	0	0.089	0.498	0.359	0.053	-0.041	0.302	-0.193	-0.024	0.56	"2"
"市府"	0	2	0	0	0.179	0.997	0.719	0.106	-0.081	0.605	-0.387	-0.047	1.12	"2"
"市政"	0	1	0	0	0.089	0.498	0.359	0.053	-0.041	0.302	-0.193	-0.024	0.56	"2"
"布局"	0	0	1	0	0.089	0.498	0.359	0.053	-0.041	-0.3	0.444	-0.024	0.809	"3"
"席次"	0	0	2	0	0.179	0.997	0.719	0.106	-0.081	-0.599	0.889	-0.047	1.616	"3"
"干净"	0	1	0	0	0.089	0.498	0.359	0.053	-0.041	0.302	-0.193	-0.024	0.56	"2"
"干管"	0	1	0	0	0.089	0.498	0.359	0.053	-0.041	0.302	-0.193	-0.024	0.56	"2"
"平坦"	0	2	0	0	0.179	0.997	0.719	0.106	-0.081	0.605	-0.387	-0.047	1.12	"2"
"平壤"	0	1	1	0	0.179	0.997	0.719	0.106	-0.081	0.126	0.229	-0.047	0.483	"3"
"平整"	0	1	0	0	0.089	0.498	0.359	0.053	-0.041	0.302	-0.193	-0.024	0.56	"2"
"平稳"	0	0	0	1	0.089	0.498	0.359	0.053	-0.041	-0.3	-0.193	1.276	1.81	"4"
"平路"	0	1	0	0	0.089	0.498	0.359	0.053	-0.041	0.302	-0.193	-0.024	0.56	"2"
"并且"	0	1	0	1	0.179	0.997	0.719	0.106	-0.081	0.126	-0.387	0.986	1.58	"4"
"广场"	0	1	0	0	0.089	0.498	0.359	0.053	-0.041	0.302	-0.193	-0.024	0.56	"2"
"广泛"	0	0	1	0	0.089	0.498	0.359	0.053	-0.041	-0.3	0.444	-0.024	0.809	"3"
"庄村"	1	0	0	0	0.089	0.498	0.359	0.053	1.049	-0.3	-0.193	-0.024	1.566	"1"
"庄稼"	0	1	0	0	0.089	0.498	0.359	0.053	-0.041	0.302	-0.193	-0.024	0.56	"2"
"库奇马"	0	1	0	0	0.089	0.498	0.359	0.053	-0.041	0.302	-0.193	-0.024	0.56	"2"
"库赛"	0	1	0	0	0.089	0.498	0.359	0.053	-0.041	0.302	-0.193	-0.024	0.56	"2"
"应对"	0	0	2	0	0.179	0.997	0.719	0.106	-0.081	-0.599	0.889	-0.047	1.616	"3"
"应该"	0	1	0	0	0.089	0.498	0.359	0.053	-0.041	0.302	-0.193	-0.024	0.56	"2"
"废轮胎"	0	2	0	0	0.179	0.997	0.719	0.106	-0.081	0.605	-0.387	-0.047	1.12	"2"
"建立"	0	1	0	0	0.089	0.498	0.359	0.053	-0.041	0.302	-0.193	-0.024	0.56	"2"
"建筑"	1	2	0	0	0.268	1.495	1.078	0.159	0.611	0.303	-0.58	-0.071	1.565	"1"
"建筑工地"	0	1	0	0	0.089	0.498	0.359	0.053	-0.041	0.302	-0.193	-0.024	0.56	"2"
"建设"	2	3	2	0	0.625	3.488	2.515	0.371	0.907	-0.298	-0.292	-0.166	1.663	"1"
"建设好"	0	0	1	0	0.089	0.498	0.359	0.053	-0.041	-0.3	0.444	-0.024	0.809	"3"
"开发"	0	0	1	0	0.089	0.498	0.359	0.053	-0.041	-0.3	0.444	-0.024	0.809	"3"
"开展"	0	0	1	0	0.089	0.498	0.359	0.053	-0.041	-0.3	0.444	-0.024	0.809	"3"
"开拓"	0	0	2	0	0.179	0.997	0.719	0.106	-0.081	-0.599	0.889	-0.047	1.616	"3"
"开挖"	0	1	0	0	0.089	0.498	0.359	0.053	-0.041	0.302	-0.193	-0.024	0.56	"2"
"开放"	0	1	0	0	0.089	0.498	0.359	0.053	-0.041	0.302	-0.193	-0.024	0.56	"2"
"开辟"	1	2	2	0	0.447	2.492	1.797	0.265	0.428	-0.298	0.23	-0.118	1.074	"1"
"开通"	1	0	0	0	0.089	0.498	0.359	0.053	1.049	-0.3	-0.193	-0.024	1.566	"1"
"开门"	2	0	0	0	0.179	0.997	0.719	0.106	2.098	-0.599	-0.387	-0.047	3.131	"1"
"异性"	0	1	0	0	0.089	0.498	0.359	0.053	-0.041	0.302	-0.193	-0.024	0.56	"2"
"弄清"	0	0	1	0	0.089	0.498	0.359	0.053	-0.041	-0.3	0.444	-0.024	0.809	"3"
"式"	0	0	1	0	0.089	0.498	0.359	0.053	-0.041	-0.3	0.444	-0.024	0.809	"3"
"引人注目"	0	0	1	0	0.089	0.498	0.359	0.053	-0.041	-0.3	0.444	-0.024	0.809	"3"
"弘扬"	0	0	2	0	0.179	0.997	0.719	0.106	-0.081	-0.599	0.889	-0.047	1.616	"3"
"张宇"	0	1	0	0	0.089	0.498	0.359	0.053	-0.041	0.302	-0.193	-0.024	0.56	"2"
"张贴"	0	1	0	0	0.089	0.498	0.359	0.053	-0.041	0.302	-0.193	-0.024	0.56	"2"
"弯延"	0	1	0	0	0.089	0.498	0.359	0.053	-0.041	0.302	-0.193	-0.024	0.56	"2"
"强化"	0	0	3	0	0.268	1.495	1.078	0.159	-0.122	-0.899	1.333	-0.071	2.425	"3"
"强硬"	0	0	3	0	0.268	1.495	1.078	0.159	-0.122	-0.899	1.333	-0.071	2.425	"3"
"当中"	0	1	0	0	0.089	0.498	0.359	0.053	-0.041	0.302	-0.193	-0.024	0.56	"2"
"录影带"	0	0	1	0	0.089	0.498	0.359	0.053	-0.041	-0.3	0.444	-0.024	0.809	"3"
"形容为"	0	0	1	0	0.089	0.498	0.359	0.053	-0.041	-0.3	0.444	-0.024	0.809	"3"
"形成"	0	1	1	0	0.179	0.997	0.719	0.106	-0.081	0.126	0.229	-0.047	0.483	"3"
"彻底"	0	1	0	0	0.089	0.498	0.359	0.053	-0.041	0.302	-0.193	-0.024	0.56	"2"
"往"	0	1	0	0	0.089	0.498	0.359	0.053	-0.041	0.302	-0.193	-0.024	0.56	"2"
"往昔"	0	1	0	0	0.089	0.498	0.359	0.053	-0.041	0.302	-0.193	-0.024	0.56	"2"
"律"	0	0	1	0	0.089	0.498	0.359	0.053	-0.041	-0.3	0.444	-0.024	0.809	"3"
"循"	0	0	3	0	0.268	1.495	1.078	0.159	-0.122	-0.899	1.333	-0.071	2.425	"3"
"循环"	0	0	1	0	0.089	0.498	0.359	0.053	-0.041	-0.3	0.444	-0.024	0.809	"3"
"德维尔潘"	0	0	1	0	0.089	0.498	0.359	0.053	-0.041	-0.3	0.444	-0.024	0.809	"3"
"必"	0	0	1	0	0.089	0.498	0.359	0.053	-0.041	-0.3	0.444	-0.024	0.809	"3"
"必要"	0	0	1	0	0.089	0.498	0.359	0.053	-0.041	-0.3	0.444	-0.024	0.809	"3"
"快捷"	0	3	0	0	0.268	1.495	1.078	0.159	-0.122	0.907	-0.58	-0.071	1.68	"2"
"快速"	1	4	1	0	0.536	2.99	2.156	0.318	0.367	0.468	-0.52	-0.142	1.497	"3"
"忽然"	0	1	0	0	0.089	0.498	0.359	0.053	-0.041	0.302	-0.193	-0.024	0.56	"2"
"思想"	0	0	5	0	0.447	2.492	1.797	0.265	-0.203	-1.498	2.222	-0.118	4.041	"3"
"性行为"	0	1	0	0	0.089	0.498	0.359	0.053	-0.041	0.302	-0.193	-0.024	0.56	"2"
"怪手"	0	1	0	0	0.089	0.498	0.359	0.053	-0.041	0.302	-0.193	-0.024	0.56	"2"
"总裁"	0	0	1	0	0.089	0.498	0.359	0.053	-0.041	-0.3	0.444	-0.024	0.809	"3"
"总长"	0	1	0	0	0.089	0.498	0.359	0.053	-0.041	0.302	-0.193	-0.024	0.56	"2"
"恐怖"	0	0	3	0	0.268	1.495	1.078	0.159	-0.122	-0.899	1.333	-0.071	2.425	"3"
"恐怖份子"	0	0	1	0	0.089	0.498	0.359	0.053	-0.041	-0.3	0.444	-0.024	0.809	"3"
"恢复"	0	0	1	0	0.089	0.498	0.359	0.053	-0.041	-0.3	0.444	-0.024	0.809	"3"
"恢复到"	0	0	1	0	0.089	0.498	0.359	0.053	-0.041	-0.3	0.444	-0.024	0.809	"3"
"恰"	0	1	0	0	0.089	0.498	0.359	0.053	-0.041	0.302	-0.193	-0.024	0.56	"2"
"恶性"	2	0	0	0	0.179	0.997	0.719	0.106	2.098	-0.599	-0.387	-0.047	3.131	"1"
"情歌"	0	1	0	0	0.089	0.498	0.359	0.053	-0.041	0.302	-0.193	-0.024	0.56	"2"
"惟一"	0	0	2	0	0.179	0.997	0.719	0.106	-0.081	-0.599	0.889	-0.047	1.616	"3"
"想方设法"	0	1	0	0	0.089	0.498	0.359	0.053	-0.041	0.302	-0.193	-0.024	0.56	"2"
"感染"	0	0	5	0	0.447	2.492	1.797	0.265	-0.203	-1.498	2.222	-0.118	4.041	"3"
"感染力"	0	0	1	0	0.089	0.498	0.359	0.053	-0.041	-0.3	0.444	-0.024	0.809	"3"
"成功"	0	1	0	0	0.089	0.498	0.359	0.053	-0.041	0.302	-0.193	-0.024	0.56	"2"
"我"	0	2	0	0	0.179	0.997	0.719	0.106	-0.081	0.605	-0.387	-0.047	1.12	"2"
"我军"	0	0	1	0	0.089	0.498	0.359	0.053	-0.041	-0.3	0.444	-0.024	0.809	"3"
"戒严"	0	0	1	0	0.089	0.498	0.359	0.053	-0.041	-0.3	0.444	-0.024	0.809	"3"
"房子"	0	1	0	0	0.089	0.498	0.359	0.053	-0.041	0.302	-0.193	-0.024	0.56	"2"
"房屋"	0	2	0	0	0.179	0.997	0.719	0.106	-0.081	0.605	-0.387	-0.047	1.12	"2"
"所有"	0	2	1	0	0.268	1.495	1.078	0.159	-0.122	0.303	-0.152	-0.071	0.648	"2"
"所有人车"	0	1	0	0	0.089	0.498	0.359	0.053	-0.041	0.302	-0.193	-0.024	0.56	"2"
"所谓"	0	1	0	0	0.089	0.498	0.359	0.053	-0.041	0.302	-0.193	-0.024	0.56	"2"
"打工"	0	0	1	0	0.089	0.498	0.359	0.053	-0.041	-0.3	0.444	-0.024	0.809	"3"
"打广告"	0	2	1	0	0.268	1.495	1.078	0.159	-0.122	0.303	-0.152	-0.071	0.648	"2"
"打算"	0	1	0	0	0.089	0.498	0.359	0.053	-0.041	0.302	-0.193	-0.024	0.56	"2"
"打通"	0	1	0	0	0.089	0.498	0.359	0.053	-0.041	0.302	-0.193	-0.024	0.56	"2"
"执行"	0	1	0	0	0.089	0.498	0.359	0.053	-0.041	0.302	-0.193	-0.024	0.56	"2"
"扩大"	0	0	4	0	0.357	1.993	1.437	0.212	-0.163	-1.198	1.778	-0.095	3.234	"3"
"扫平"	0	1	0	0	0.089	0.498	0.359	0.053	-0.041	0.302	-0.193	-0.024	0.56	"2"
"扫清"	0	0	1	0	0.089	0.498	0.359	0.053	-0.041	-0.3	0.444	-0.024	0.809	"3"
"找到"	0	1	3	0	0.357	1.993	1.437	0.212	-0.163	-0.502	0.868	-0.095	1.628	"3"
"承包商"	0	2	0	0	0.179	0.997	0.719	0.106	-0.081	0.605	-0.387	-0.047	1.12	"2"
"承担"	0	0	0	2	0.179	0.997	0.719	0.106	-0.081	-0.599	-0.387	2.551	3.618	"4"
"投入"	0	1	0	0	0.089	0.498	0.359	0.053	-0.041	0.302	-0.193	-0.024	0.56	"2"
"抗击"	0	0	1	0	0.089	0.498	0.359	0.053	-0.041	-0.3	0.444	-0.024	0.809	"3"
"抗灾"	0	1	0	0	0.089	0.498	0.359	0.053	-0.041	0.302	-0.193	-0.024	0.56	"2"
"抢通"	0	1	0	0	0.089	0.498	0.359	0.053	-0.041	0.302	-0.193	-0.024	0.56	"2"
"拉尔森"	0	0	1	0	0.089	0.498	0.359	0.053	-0.041	-0.3	0.444	-0.024	0.809	"3"
"拉萨"	0	0	1	0	0.089	0.498	0.359	0.053	-0.041	-0.3	0.444	-0.024	0.809	"3"
"拓宽"	0	1	0	0	0.089	0.498	0.359	0.053	-0.041	0.302	-0.193	-0.024	0.56	"2"
"拖延"	0	1	0	0	0.089	0.498	0.359	0.053	-0.041	0.302	-0.193	-0.024	0.56	"2"
"拜访"	0	1	0	0	0.089	0.498	0.359	0.053	-0.041	0.302	-0.193	-0.024	0.56	"2"
"拥堵"	1	0	0	0	0.089	0.498	0.359	0.053	1.049	-0.3	-0.193	-0.024	1.566	"1"
"拯救"	0	1	0	0	0.089	0.498	0.359	0.053	-0.041	0.302	-0.193	-0.024	0.56	"2"
"拼音"	0	1	0	0	0.089	0.498	0.359	0.053	-0.041	0.302	-0.193	-0.024	0.56	"2"
"拿来"	0	1	0	0	0.089	0.498	0.359	0.053	-0.041	0.302	-0.193	-0.024	0.56	"2"
"持久"	0	0	2	0	0.179	0.997	0.719	0.106	-0.081	-0.599	0.889	-0.047	1.616	"3"
"持续"	0	1	0	0	0.089	0.498	0.359	0.053	-0.041	0.302	-0.193	-0.024	0.56	"2"
"持续性"	0	0	1	0	0.089	0.498	0.359	0.053	-0.041	-0.3	0.444	-0.024	0.809	"3"
"指南"	0	1	0	0	0.089	0.498	0.359	0.053	-0.041	0.302	-0.193	-0.024	0.56	"2"
"指导"	0	0	2	0	0.179	0.997	0.719	0.106	-0.081	-0.599	0.889	-0.047	1.616	"3"
"指明"	0	0	1	0	0.089	0.498	0.359	0.053	-0.041	-0.3	0.444	-0.024	0.809	"3"
"指示牌"	0	1	0	0	0.089	0.498	0.359	0.053	-0.041	0.302	-0.193	-0.024	0.56	"2"
"按时"	0	1	0	0	0.089	0.498	0.359	0.053	-0.041	0.302	-0.193	-0.024	0.56	"2"
"挖掘"	0	4	0	0	0.357	1.993	1.437	0.212	-0.163	1.21	-0.774	-0.095	2.242	"2"
"损坏"	0	1	0	0	0.089	0.498	0.359	0.053	-0.041	0.302	-0.193	-0.024	0.56	"2"
"损害"	0	1	0	0	0.089	0.498	0.359	0.053	-0.041	0.302	-0.193	-0.024	0.56	"2"
"据"	1	0	0	0	0.089	0.498	0.359	0.053	1.049	-0.3	-0.193	-0.024	1.566	"1"
"捷径"	0	2	0	0	0.179	0.997	0.719	0.106	-0.081	0.605	-0.387	-0.047	1.12	"2"
"捷运"	0	7	0	0	0.625	3.488	2.515	0.371	-0.284	2.117	-1.354	-0.166	3.921	"2"
"捷运局"	0	1	0	0	0.089	0.498	0.359	0.053	-0.041	0.302	-0.193	-0.024	0.56	"2"
"授意"	0	1	0	0	0.089	0.498	0.359	0.053	-0.041	0.302	-0.193	-0.024	0.56	"2"
"掌握"	0	1	0	0	0.089	0.498	0.359	0.053	-0.041	0.302	-0.193	-0.024	0.56	"2"
"排水"	0	2	0	0	0.179	0.997	0.719	0.106	-0.081	0.605	-0.387	-0.047	1.12	"2"
"排水沟"	0	1	0	0	0.089	0.498	0.359	0.053	-0.041	0.302	-0.193	-0.024	0.56	"2"
"採"	0	1	1	0	0.179	0.997	0.719	0.106	-0.081	0.126	0.229	-0.047	0.483	"3"
"採取"	0	0	4	0	0.357	1.993	1.437	0.212	-0.163	-1.198	1.778	-0.095	3.234	"3"
"探测器"	0	2	0	0	0.179	0.997	0.719	0.106	-0.081	0.605	-0.387	-0.047	1.12	"2"
"探索"	0	0	6	0	0.536	2.99	2.156	0.318	-0.244	-1.797	2.667	-0.142	4.85	"3"
"探讨"	0	0	2	0	0.179	0.997	0.719	0.106	-0.081	-0.599	0.889	-0.047	1.616	"3"
"接触"	0	0	1	0	0.089	0.498	0.359	0.053	-0.041	-0.3	0.444	-0.024	0.809	"3"
"接驳"	0	1	0	0	0.089	0.498	0.359	0.053	-0.041	0.302	-0.193	-0.024	0.56	"2"
"控制"	0	2	0	0	0.179	0.997	0.719	0.106	-0.081	0.605	-0.387	-0.047	1.12	"2"
"控诉"	0	0	1	0	0.089	0.498	0.359	0.053	-0.041	-0.3	0.444	-0.024	0.809	"3"
"推出"	0	2	0	0	0.179	0.997	0.719	0.106	-0.081	0.605	-0.387	-0.047	1.12	"2"
"推翻"	0	0	1	0	0.089	0.498	0.359	0.053	-0.041	-0.3	0.444	-0.024	0.809	"3"
"描述"	0	0	1	0	0.089	0.498	0.359	0.053	-0.041	-0.3	0.444	-0.024	0.809	"3"
"提倡"	0	0	1	0	0.089	0.498	0.359	0.053	-0.041	-0.3	0.444	-0.024	0.809	"3"
"提前"	0	1	0	0	0.089	0.498	0.359	0.053	-0.041	0.302	-0.193	-0.024	0.56	"2"
"提升"	0	0	3	0	0.268	1.495	1.078	0.159	-0.122	-0.899	1.333	-0.071	2.425	"3"
"提昇"	0	2	0	0	0.179	0.997	0.719	0.106	-0.081	0.605	-0.387	-0.047	1.12	"2"
"搜查"	0	0	1	0	0.089	0.498	0.359	0.053	-0.041	-0.3	0.444	-0.024	0.809	"3"
"搭"	0	1	0	0	0.089	0.498	0.359	0.053	-0.041	0.302	-0.193	-0.024	0.56	"2"
"搭乘"	0	1	0	0	0.089	0.498	0.359	0.053	-0.041	0.302	-0.193	-0.024	0.56	"2"
"搭客"	0	1	0	0	0.089	0.498	0.359	0.053	-0.041	0.302	-0.193	-0.024	0.56	"2"
"摆脱"	0	1	0	1	0.179	0.997	0.719	0.106	-0.081	0.126	-0.387	0.986	1.58	"4"
"摊贩"	0	3	0	0	0.268	1.495	1.078	0.159	-0.122	0.907	-0.58	-0.071	1.68	"2"
"摧毁"	0	0	1	0	0.089	0.498	0.359	0.053	-0.041	-0.3	0.444	-0.024	0.809	"3"
"撞上"	0	2	0	0	0.179	0.997	0.719	0.106	-0.081	0.605	-0.387	-0.047	1.12	"2"
"操作"	0	1	0	0	0.089	0.498	0.359	0.053	-0.041	0.302	-0.193	-0.024	0.56	"2"
"操纵"	0	0	1	0	0.089	0.498	0.359	0.053	-0.041	-0.3	0.444	-0.024	0.809	"3"
"攀登"	0	2	0	0	0.179	0.997	0.719	0.106	-0.081	0.605	-0.387	-0.047	1.12	"2"
"收费"	0	1	0	0	0.089	0.498	0.359	0.053	-0.041	0.302	-0.193	-0.024	0.56	"2"
"收费站"	0	1	0	0	0.089	0.498	0.359	0.053	-0.041	0.302	-0.193	-0.024	0.56	"2"
"改"	0	1	0	0	0.089	0.498	0.359	0.053	-0.041	0.302	-0.193	-0.024	0.56	"2"
"改为"	0	1	0	0	0.089	0.498	0.359	0.053	-0.041	0.302	-0.193	-0.024	0.56	"2"
"改变"	0	0	2	0	0.179	0.997	0.719	0.106	-0.081	-0.599	0.889	-0.047	1.616	"3"
"改善"	0	2	0	0	0.179	0.997	0.719	0.106	-0.081	0.605	-0.387	-0.047	1.12	"2"
"改换"	0	1	0	0	0.089	0.498	0.359	0.053	-0.041	0.302	-0.193	-0.024	0.56	"2"
"改走"	0	1	0	0	0.089	0.498	0.359	0.053	-0.041	0.302	-0.193	-0.024	0.56	"2"
"改进"	0	0	1	0	0.089	0.498	0.359	0.053	-0.041	-0.3	0.444	-0.024	0.809	"3"
"改造"	0	4	0	0	0.357	1.993	1.437	0.212	-0.163	1.21	-0.774	-0.095	2.242	"2"
"改革"	0	1	1	0	0.179	0.997	0.719	0.106	-0.081	0.126	0.229	-0.047	0.483	"3"
"攻打"	0	1	0	1	0.179	0.997	0.719	0.106	-0.081	0.126	-0.387	0.986	1.58	"4"
"政党"	0	0	1	0	0.089	0.498	0.359	0.053	-0.041	-0.3	0.444	-0.024	0.809	"3"
"政治"	0	0	4	0	0.357	1.993	1.437	0.212	-0.163	-1.198	1.778	-0.095	3.234	"3"
"政策"	0	0	5	0	0.447	2.492	1.797	0.265	-0.203	-1.498	2.222	-0.118	4.041	"3"
"故障"	0	1	0	0	0.089	0.498	0.359	0.053	-0.041	0.302	-0.193	-0.024	0.56	"2"
"效"	0	0	1	0	0.089	0.498	0.359	0.053	-0.041	-0.3	0.444	-0.024	0.809	"3"
"救援"	0	1	0	0	0.089	0.498	0.359	0.053	-0.041	0.302	-0.193	-0.024	0.56	"2"
"救济"	0	0	1	0	0.089	0.498	0.359	0.053	-0.041	-0.3	0.444	-0.024	0.809	"3"
"教材"	0	1	0	0	0.089	0.498	0.359	0.053	-0.041	0.302	-0.193	-0.024	0.56	"2"
"教职工"	0	0	1	0	0.089	0.498	0.359	0.053	-0.041	-0.3	0.444	-0.024	0.809	"3"
"整"	0	1	0	0	0.089	0.498	0.359	0.053	-0.041	0.302	-0.193	-0.024	0.56	"2"
"整平"	0	1	0	0	0.089	0.498	0.359	0.053	-0.041	0.302	-0.193	-0.024	0.56	"2"
"整机"	0	0	1	0	0.089	0.498	0.359	0.053	-0.041	-0.3	0.444	-0.024	0.809	"3"
"整治"	4	1	0	0	0.447	2.492	1.797	0.265	3.53	-0.722	-0.967	-0.118	5.337	"1"
"整顿"	0	1	0	0	0.089	0.498	0.359	0.053	-0.041	0.302	-0.193	-0.024	0.56	"2"
"斗"	0	0	1	0	0.089	0.498	0.359	0.053	-0.041	-0.3	0.444	-0.024	0.809	"3"
"新"	0	9	17	0	2.322	12.957	9.343	1.378	-1.056	-1.061	2.668	-0.615	5.4	"3"
"新一代"	0	2	0	0	0.179	0.997	0.719	0.106	-0.081	0.605	-0.387	-0.047	1.12	"2"
"新中间"	0	0	1	0	0.089	0.498	0.359	0.053	-0.041	-0.3	0.444	-0.024	0.809	"3"
"新型"	0	0	1	0	0.089	0.498	0.359	0.053	-0.041	-0.3	0.444	-0.024	0.809	"3"
"新增"	1	0	0	0	0.089	0.498	0.359	0.053	1.049	-0.3	-0.193	-0.024	1.566	"1"
"新巴"	0	1	0	0	0.089	0.498	0.359	0.053	-0.041	0.302	-0.193	-0.024	0.56	"2"
"方"	0	0	2	0	0.179	0.997	0.719	0.106	-0.081	-0.599	0.889	-0.047	1.616	"3"
"方便"	0	1	0	0	0.089	0.498	0.359	0.053	-0.041	0.302	-0.193	-0.024	0.56	"2"
"方向"	0	1	0	0	0.089	0.498	0.359	0.053	-0.041	0.302	-0.193	-0.024	0.56	"2"
"方式"	0	0	3	0	0.268	1.495	1.078	0.159	-0.122	-0.899	1.333	-0.071	2.425	"3"
"方法"	0	0	3	0	0.268	1.495	1.078	0.159	-0.122	-0.899	1.333	-0.071	2.425	"3"
"方针"	0	0	5	0	0.447	2.492	1.797	0.265	-0.203	-1.498	2.222	-0.118	4.041	"3"
"施"	1	0	0	0	0.089	0.498	0.359	0.053	1.049	-0.3	-0.193	-0.024	1.566	"1"
"施全"	0	0	1	0	0.089	0.498	0.359	0.053	-0.041	-0.3	0.444	-0.024	0.809	"3"
"施工"	0	3	0	0	0.268	1.495	1.078	0.159	-0.122	0.907	-0.58	-0.071	1.68	"2"
"旁"	0	2	0	0	0.179	0.997	0.719	0.106	-0.081	0.605	-0.387	-0.047	1.12	"2"
"旅游"	0	3	0	0	0.268	1.495	1.078	0.159	-0.122	0.907	-0.58	-0.071	1.68	"2"
"旅馆"	2	0	0	0	0.179	0.997	0.719	0.106	2.098	-0.599	-0.387	-0.047	3.131	"1"
"既成"	0	2	0	0	0.179	0.997	0.719	0.106	-0.081	0.605	-0.387	-0.047	1.12	"2"
"日方"	0	0	2	0	0.179	0.997	0.719	0.106	-0.081	-0.599	0.889	-0.047	1.616	"3"
"旧城"	0	1	0	0	0.089	0.498	0.359	0.053	-0.041	0.302	-0.193	-0.024	0.56	"2"
"早晚"	1	0	0	0	0.089	0.498	0.359	0.053	1.049	-0.3	-0.193	-0.024	1.566	"1"
"早期"	0	0	1	0	0.089	0.498	0.359	0.053	-0.041	-0.3	0.444	-0.024	0.809	"3"
"时刻表"	0	1	0	0	0.089	0.498	0.359	0.053	-0.041	0.302	-0.193	-0.024	0.56	"2"
"时常"	0	1	0	0	0.089	0.498	0.359	0.053	-0.041	0.302	-0.193	-0.024	0.56	"2"
"时有"	1	0	0	0	0.089	0.498	0.359	0.053	1.049	-0.3	-0.193	-0.024	1.566	"1"
"时段"	0	1	0	0	0.089	0.498	0.359	0.053	-0.041	0.302	-0.193	-0.024	0.56	"2"
"时速"	0	1	0	0	0.089	0.498	0.359	0.053	-0.041	0.302	-0.193	-0.024	0.56	"2"
"昆阳"	0	3	0	0	0.268	1.495	1.078	0.159	-0.122	0.907	-0.58	-0.071	1.68	"2"
"明灯路"	0	1	0	0	0.089	0.498	0.359	0.053	-0.041	0.302	-0.193	-0.024	0.56	"2"
"明珠线"	2	0	0	0	0.179	0.997	0.719	0.106	2.098	-0.599	-0.387	-0.047	3.131	"1"
"易"	0	1	0	0	0.089	0.498	0.359	0.053	-0.041	0.302	-0.193	-0.024	0.56	"2"
"春节"	0	2	0	0	0.179	0.997	0.719	0.106	-0.081	0.605	-0.387	-0.047	1.12	"2"
"是以"	0	1	0	0	0.089	0.498	0.359	0.053	-0.041	0.302	-0.193	-0.024	0.56	"2"
"晚间"	0	2	0	0	0.179	0.997	0.719	0.106	-0.081	0.605	-0.387	-0.047	1.12	"2"
"普及"	0	0	1	0	0.089	0.498	0.359	0.053	-0.041	-0.3	0.444	-0.024	0.809	"3"
"景点"	1	1	0	0	0.179	0.997	0.719	0.106	0.768	0.126	-0.387	-0.047	1.328	"1"
"景观"	0	2	0	0	0.179	0.997	0.719	0.106	-0.081	0.605	-0.387	-0.047	1.12	"2"
"暗藏"	0	0	1	0	0.089	0.498	0.359	0.053	-0.041	-0.3	0.444	-0.024	0.809	"3"
"暴力"	0	0	1	0	0.089	0.498	0.359	0.053	-0.041	-0.3	0.444	-0.024	0.809	"3"
"曲折"	0	1	0	0	0.089	0.498	0.359	0.053	-0.041	0.302	-0.193	-0.024	0.56	"2"
"更换"	0	2	0	0	0.179	0.997	0.719	0.106	-0.081	0.605	-0.387	-0.047	1.12	"2"
"更改"	0	1	0	0	0.089	0.498	0.359	0.053	-0.041	0.302	-0.193	-0.024	0.56	"2"
"曾"	0	1	0	0	0.089	0.498	0.359	0.053	-0.041	0.302	-0.193	-0.024	0.56	"2"
"曾文"	0	0	1	0	0.089	0.498	0.359	0.053	-0.041	-0.3	0.444	-0.024	0.809	"3"
"替代"	0	1	0	0	0.089	0.498	0.359	0.053	-0.041	0.302	-0.193	-0.024	0.56	"2"
"最佳"	0	0	4	0	0.357	1.993	1.437	0.212	-0.163	-1.198	1.778	-0.095	3.234	"3"
"月球"	0	1	0	0	0.089	0.498	0.359	0.053	-0.041	0.302	-0.193	-0.024	0.56	"2"
"有关"	0	0	2	0	0.179	0.997	0.719	0.106	-0.081	-0.599	0.889	-0.047	1.616	"3"
"有效"	0	0	9	0	0.804	4.485	3.234	0.477	-0.366	-2.696	4	-0.213	7.275	"3"
"服务"	0	9	1	1	0.982	5.482	3.953	0.583	-0.447	1.496	-1.272	0.346	3.561	"2"
"服务队"	0	1	0	0	0.089	0.498	0.359	0.053	-0.041	0.302	-0.193	-0.024	0.56	"2"
"望远镜"	0	1	0	0	0.089	0.498	0.359	0.053	-0.041	0.302	-0.193	-0.024	0.56	"2"
"朝"	0	1	1	0	0.179	0.997	0.719	0.106	-0.081	0.126	0.229	-0.047	0.483	"3"
"朝鲜"	0	0	4	0	0.357	1.993	1.437	0.212	-0.163	-1.198	1.778	-0.095	3.234	"3"
"朝鲜核"	0	0	1	0	0.089	0.498	0.359	0.053	-0.041	-0.3	0.444	-0.024	0.809	"3"
"木星"	0	1	0	0	0.089	0.498	0.359	0.053	-0.041	0.302	-0.193	-0.024	0.56	"2"
"木栅线"	0	1	0	0	0.089	0.498	0.359	0.053	-0.041	0.302	-0.193	-0.024	0.56	"2"
"机动车"	0	1	0	0	0.089	0.498	0.359	0.053	-0.041	0.302	-0.193	-0.024	0.56	"2"
"机场"	0	4	0	0	0.357	1.993	1.437	0.212	-0.163	1.21	-0.774	-0.095	2.242	"2"
"机理"	0	0	1	0	0.089	0.498	0.359	0.053	-0.041	-0.3	0.444	-0.024	0.809	"3"
"杂志"	0	0	1	0	0.089	0.498	0.359	0.053	-0.041	-0.3	0.444	-0.024	0.809	"3"
"权责"	0	1	0	0	0.089	0.498	0.359	0.053	-0.041	0.302	-0.193	-0.024	0.56	"2"
"杉林溪"	0	1	0	0	0.089	0.498	0.359	0.053	-0.041	0.302	-0.193	-0.024	0.56	"2"
"李登"	0	0	0	1	0.089	0.498	0.359	0.053	-0.041	-0.3	-0.193	1.276	1.81	"4"
"村落"	0	1	0	0	0.089	0.498	0.359	0.053	-0.041	0.302	-0.193	-0.024	0.56	"2"
"条"	2	30	2	0	3.037	16.943	12.218	1.802	-0.393	5.549	-4.281	-0.804	11.027	"2"
"条例"	3	1	0	0	0.357	1.993	1.437	0.212	2.575	-0.502	-0.774	-0.095	3.946	"1"
"条条"	0	1	0	0	0.089	0.498	0.359	0.053	-0.041	0.302	-0.193	-0.024	0.56	"2"
"来"	0	2	1	0	0.268	1.495	1.078	0.159	-0.122	0.303	-0.152	-0.071	0.648	"2"
"来源"	0	0	2	0	0.179	0.997	0.719	0.106	-0.081	-0.599	0.889	-0.047	1.616	"3"
"杨仁寿"	0	0	1	0	0.089	0.498	0.359	0.053	-0.041	-0.3	0.444	-0.024	0.809	"3"
"松"	0	1	0	0	0.089	0.498	0.359	0.053	-0.041	0.302	-0.193	-0.024	0.56	"2"
"极端"	0	1	0	0	0.089	0.498	0.359	0.053	-0.041	0.302	-0.193	-0.024	0.56	"2"
"构成"	1	1	0	0	0.179	0.997	0.719	0.106	0.768	0.126	-0.387	-0.047	1.328	"1"
"林瑞生"	0	0	1	0	0.089	0.498	0.359	0.053	-0.041	-0.3	0.444	-0.024	0.809	"3"
"标示"	0	1	0	0	0.089	0.498	0.359	0.053	-0.041	0.302	-0.193	-0.024	0.56	"2"
"样"	0	1	0	0	0.089	0.498	0.359	0.053	-0.041	0.302	-0.193	-0.024	0.56	"2"
"核"	0	0	3	0	0.268	1.495	1.078	0.159	-0.122	-0.899	1.333	-0.071	2.425	"3"
"核定"	0	1	0	0	0.089	0.498	0.359	0.053	-0.041	0.302	-0.193	-0.024	0.56	"2"
"根本"	0	0	1	0	0.089	0.498	0.359	0.053	-0.041	-0.3	0.444	-0.024	0.809	"3"
"栽植"	0	0	1	0	0.089	0.498	0.359	0.053	-0.041	-0.3	0.444	-0.024	0.809	"3"
"桂林树"	0	1	0	0	0.089	0.498	0.359	0.053	-0.041	0.302	-0.193	-0.024	0.56	"2"
"桥梁"	0	3	0	0	0.268	1.495	1.078	0.159	-0.122	0.907	-0.58	-0.071	1.68	"2"
"桥樑"	0	3	0	0	0.268	1.495	1.078	0.159	-0.122	0.907	-0.58	-0.071	1.68	"2"
"梅岭"	0	1	0	0	0.089	0.498	0.359	0.053	-0.041	0.302	-0.193	-0.024	0.56	"2"
"检查站"	0	1	0	0	0.089	0.498	0.359	0.053	-0.041	0.302	-0.193	-0.024	0.56	"2"
"棋盘状"	1	0	0	0	0.089	0.498	0.359	0.053	1.049	-0.3	-0.193	-0.024	1.566	"1"
"棕榈树"	0	1	0	0	0.089	0.498	0.359	0.053	-0.041	0.302	-0.193	-0.024	0.56	"2"
"森林"	1	0	0	0	0.089	0.498	0.359	0.053	1.049	-0.3	-0.193	-0.024	1.566	"1"
"椭圆形"	0	1	0	0	0.089	0.498	0.359	0.053	-0.041	0.302	-0.193	-0.024	0.56	"2"
"榜首"	0	1	0	0	0.089	0.498	0.359	0.053	-0.041	0.302	-0.193	-0.024	0.56	"2"
"横贯"	0	1	0	0	0.089	0.498	0.359	0.053	-0.041	0.302	-0.193	-0.024	0.56	"2"
"橡胶"	0	1	0	0	0.089	0.498	0.359	0.053	-0.041	0.302	-0.193	-0.024	0.56	"2"
"欠款"	0	0	1	0	0.089	0.498	0.359	0.053	-0.041	-0.3	0.444	-0.024	0.809	"3"
"次数"	0	2	0	0	0.179	0.997	0.719	0.106	-0.081	0.605	-0.387	-0.047	1.12	"2"
"正常"	0	0	4	1	0.447	2.492	1.797	0.265	-0.203	-1.498	1.226	0.623	3.55	"2"
"正当"	0	0	1	0	0.089	0.498	0.359	0.053	-0.041	-0.3	0.444	-0.024	0.809	"3"
"正确"	0	1	2	1	0.357	1.993	1.437	0.212	-0.163	-0.502	0.343	0.708	1.716	"4"
"步"	0	0	1	0	0.089	0.498	0.359	0.053	-0.041	-0.3	0.444	-0.024	0.809	"3"
"步入"	0	0	3	0	0.268	1.495	1.078	0.159	-0.122	-0.899	1.333	-0.071	2.425	"3"
"步向"	0	1	0	0	0.089	0.498	0.359	0.053	-0.041	0.302	-0.193	-0.024	0.56	"2"
"殊"	0	1	0	0	0.089	0.498	0.359	0.053	-0.041	0.302	-0.193	-0.024	0.56	"2"
"段"	0	1	0	0	0.089	0.498	0.359	0.053	-0.041	0.302	-0.193	-0.024	0.56	"2"
"毁"	0	1	0	0	0.089	0.498	0.359	0.053	-0.041	0.302	-0.193	-0.024	0.56	"2"
"毁灭"	0	1	0	0	0.089	0.498	0.359	0.053	-0.041	0.302	-0.193	-0.024	0.56	"2"
"毛泽东"	0	0	2	0	0.179	0.997	0.719	0.106	-0.081	-0.599	0.889	-0.047	1.616	"3"
"毛里"	0	1	0	0	0.089	0.498	0.359	0.053	-0.041	0.302	-0.193	-0.024	0.56	"2"
"民主"	0	0	2	0	0.179	0.997	0.719	0.106	-0.081	-0.599	0.889	-0.047	1.616	"3"
"民营化"	0	1	0	0	0.089	0.498	0.359	0.053	-0.041	0.302	-0.193	-0.024	0.56	"2"
"气候"	0	0	1	0	0.089	0.498	0.359	0.053	-0.041	-0.3	0.444	-0.024	0.809	"3"
"氢"	0	0	1	0	0.089	0.498	0.359	0.053	-0.041	-0.3	0.444	-0.024	0.809	"3"
"水上"	1	0	1	0	0.179	0.997	0.719	0.106	0.768	-0.599	0.229	-0.047	1.643	"1"
"水产"	0	0	1	0	0.089	0.498	0.359	0.053	-0.041	-0.3	0.444	-0.024	0.809	"3"
"水毁"	0	1	0	0	0.089	0.498	0.359	0.053	-0.041	0.302	-0.193	-0.024	0.56	"2"
"水泥"	0	1	0	0	0.089	0.498	0.359	0.053	-0.041	0.302	-0.193	-0.024	0.56	"2"
"水淹"	0	1	0	0	0.089	0.498	0.359	0.053	-0.041	0.302	-0.193	-0.024	0.56	"2"
"水路"	0	1	0	0	0.089	0.498	0.359	0.053	-0.041	0.302	-0.193	-0.024	0.56	"2"
"求"	0	0	1	0	0.089	0.498	0.359	0.053	-0.041	-0.3	0.444	-0.024	0.809	"3"
"求取"	0	0	1	0	0.089	0.498	0.359	0.053	-0.041	-0.3	0.444	-0.024	0.809	"3"
"汐止"	0	1	0	0	0.089	0.498	0.359	0.053	-0.041	0.302	-0.193	-0.024	0.56	"2"
"污水"	0	2	0	0	0.179	0.997	0.719	0.106	-0.081	0.605	-0.387	-0.047	1.12	"2"
"河堤"	0	1	0	0	0.089	0.498	0.359	0.053	-0.041	0.302	-0.193	-0.024	0.56	"2"
"治本"	0	0	0	1	0.089	0.498	0.359	0.053	-0.041	-0.3	-0.193	1.276	1.81	"4"
"治理"	0	1	0	0	0.089	0.498	0.359	0.053	-0.041	0.302	-0.193	-0.024	0.56	"2"
"治疗"	0	0	1	0	0.089	0.498	0.359	0.053	-0.041	-0.3	0.444	-0.024	0.809	"3"
"沿着"	0	0	6	0	0.536	2.99	2.156	0.318	-0.244	-1.797	2.667	-0.142	4.85	"3"
"沿途"	0	2	0	0	0.179	0.997	0.719	0.106	-0.081	0.605	-0.387	-0.047	1.12	"2"
"法制"	0	0	2	0	0.179	0.997	0.719	0.106	-0.081	-0.599	0.889	-0.047	1.616	"3"
"法律"	0	0	6	0	0.536	2.99	2.156	0.318	-0.244	-1.797	2.667	-0.142	4.85	"3"
"泥泞"	0	1	0	0	0.089	0.498	0.359	0.053	-0.041	0.302	-0.193	-0.024	0.56	"2"
"泰爱泰党"	0	0	1	0	0.089	0.498	0.359	0.053	-0.041	-0.3	0.444	-0.024	0.809	"3"
"洗钱"	0	0	1	0	0.089	0.498	0.359	0.053	-0.041	-0.3	0.444	-0.024	0.809	"3"
"流失"	0	0	1	0	0.089	0.498	0.359	0.053	-0.041	-0.3	0.444	-0.024	0.809	"3"
"流量"	2	0	0	0	0.179	0.997	0.719	0.106	2.098	-0.599	-0.387	-0.047	3.131	"1"
"海产"	0	0	0	1	0.089	0.498	0.359	0.053	-0.041	-0.3	-0.193	1.276	1.81	"4"
"海港"	0	1	0	0	0.089	0.498	0.359	0.053	-0.041	0.302	-0.193	-0.024	0.56	"2"
"消除"	0	0	1	0	0.089	0.498	0.359	0.053	-0.041	-0.3	0.444	-0.024	0.809	"3"
"涉及到"	0	0	1	0	0.089	0.498	0.359	0.053	-0.041	-0.3	0.444	-0.024	0.809	"3"
"涌入"	1	0	0	0	0.089	0.498	0.359	0.053	1.049	-0.3	-0.193	-0.024	1.566	"1"
"淡化"	0	0	1	0	0.089	0.498	0.359	0.053	-0.041	-0.3	0.444	-0.024	0.809	"3"
"深化"	0	0	1	0	0.089	0.498	0.359	0.053	-0.041	-0.3	0.444	-0.024	0.809	"3"
"混乱"	1	0	0	0	0.089	0.498	0.359	0.053	1.049	-0.3	-0.193	-0.024	1.566	"1"
"混凝土"	0	1	0	0	0.089	0.498	0.359	0.053	-0.041	0.302	-0.193	-0.024	0.56	"2"
"淹"	0	1	0	0	0.089	0.498	0.359	0.053	-0.041	0.302	-0.193	-0.024	0.56	"2"
"清扫"	0	1	0	0	0.089	0.498	0.359	0.053	-0.041	0.302	-0.193	-0.024	0.56	"2"
"清晰"	0	0	1	0	0.089	0.498	0.359	0.053	-0.041	-0.3	0.444	-0.024	0.809	"3"
"清楚"	0	0	0	1	0.089	0.498	0.359	0.053	-0.041	-0.3	-0.193	1.276	1.81	"4"
"清理"	0	2	0	0	0.179	0.997	0.719	0.106	-0.081	0.605	-0.387	-0.047	1.12	"2"
"清纯"	0	1	0	0	0.089	0.498	0.359	0.053	-0.041	0.302	-0.193	-0.024	0.56	"2"
"渊"	0	1	0	0	0.089	0.498	0.359	0.053	-0.041	0.302	-0.193	-0.024	0.56	"2"
"渐"	0	0	0	1	0.089	0.498	0.359	0.053	-0.041	-0.3	-0.193	1.276	1.81	"4"
"渐渐"	0	0	1	0	0.089	0.498	0.359	0.053	-0.041	-0.3	0.444	-0.024	0.809	"3"
"港岛"	0	1	0	0	0.089	0.498	0.359	0.053	-0.041	0.302	-0.193	-0.024	0.56	"2"
"游行"	0	2	0	0	0.179	0.997	0.719	0.106	-0.081	0.605	-0.387	-0.047	1.12	"2"
"湾坑头山"	0	1	0	0	0.089	0.498	0.359	0.053	-0.041	0.302	-0.193	-0.024	0.56	"2"
"满"	1	0	0	0	0.089	0.498	0.359	0.053	1.049	-0.3	-0.193	-0.024	1.566	"1"
"演艺"	0	1	0	0	0.089	0.498	0.359	0.053	-0.041	0.302	-0.193	-0.024	0.56	"2"
"漫长"	0	2	0	0	0.179	0.997	0.719	0.106	-0.081	0.605	-0.387	-0.047	1.12	"2"
"潜能"	0	1	0	0	0.089	0.498	0.359	0.053	-0.041	0.302	-0.193	-0.024	0.56	"2"
"火星"	0	9	0	0	0.804	4.485	3.234	0.477	-0.366	2.722	-1.74	-0.213	5.041	"2"
"火箭"	0	2	0	0	0.179	0.997	0.719	0.106	-0.081	0.605	-0.387	-0.047	1.12	"2"
"火车"	0	0	2	0	0.179	0.997	0.719	0.106	-0.081	-0.599	0.889	-0.047	1.616	"3"
"火车站"	0	0	1	0	0.089	0.498	0.359	0.053	-0.041	-0.3	0.444	-0.024	0.809	"3"
"灾区"	0	3	0	0	0.268	1.495	1.078	0.159	-0.122	0.907	-0.58	-0.071	1.68	"2"
"灾区人"	0	0	1	0	0.089	0.498	0.359	0.053	-0.041	-0.3	0.444	-0.024	0.809	"3"
"煤矿"	1	0	1	0	0.179	0.997	0.719	0.106	0.768	-0.599	0.229	-0.047	1.643	"1"
"照"	0	1	0	0	0.089	0.498	0.359	0.053	-0.041	0.302	-0.193	-0.024	0.56	"2"
"燃料"	0	2	0	0	0.179	0.997	0.719	0.106	-0.081	0.605	-0.387	-0.047	1.12	"2"
"特大"	1	0	0	0	0.089	0.498	0.359	0.053	1.049	-0.3	-0.193	-0.024	1.566	"1"
"特权"	0	0	1	0	0.089	0.498	0.359	0.053	-0.041	-0.3	0.444	-0.024	0.809	"3"
"特色"	0	2	4	0	0.536	2.99	2.156	0.318	-0.244	-0.46	0.893	-0.142	1.739	"3"
"犯罪"	0	1	0	1	0.179	0.997	0.719	0.106	-0.081	0.126	-0.387	0.986	1.58	"4"
"状况"	0	2	0	0	0.179	0.997	0.719	0.106	-0.081	0.605	-0.387	-0.047	1.12	"2"
"狂牛病"	0	0	1	0	0.089	0.498	0.359	0.053	-0.041	-0.3	0.444	-0.024	0.809	"3"
"独立"	0	0	1	0	0.089	0.498	0.359	0.053	-0.041	-0.3	0.444	-0.024	0.809	"3"
"狭窄"	1	0	0	0	0.089	0.498	0.359	0.053	1.049	-0.3	-0.193	-0.024	1.566	"1"
"狱"	0	1	0	0	0.089	0.498	0.359	0.053	-0.041	0.302	-0.193	-0.024	0.56	"2"
"王亢沛"	0	1	0	0	0.089	0.498	0.359	0.053	-0.041	0.302	-0.193	-0.024	0.56	"2"
"王杰"	0	0	0	1	0.089	0.498	0.359	0.053	-0.041	-0.3	-0.193	1.276	1.81	"4"
"环"	0	1	0	0	0.089	0.498	0.359	0.053	-0.041	0.302	-0.193	-0.024	0.56	"2"
"环保局"	0	1	0	0	0.089	0.498	0.359	0.053	-0.041	0.302	-0.193	-0.024	0.56	"2"
"环绕"	0	1	0	0	0.089	0.498	0.359	0.053	-0.041	0.302	-0.193	-0.024	0.56	"2"
"环镇"	0	1	0	0	0.089	0.498	0.359	0.053	-0.041	0.302	-0.193	-0.024	0.56	"2"
"现代企业制度"	0	0	1	0	0.089	0.498	0.359	0.053	-0.041	-0.3	0.444	-0.024	0.809	"3"
"现代化"	1	0	0	1	0.179	0.997	0.719	0.106	0.768	-0.599	-0.387	0.986	2.74	"4"
"现实"	0	0	1	0	0.089	0.498	0.359	0.053	-0.041	-0.3	0.444	-0.024	0.809	"3"
"现有"	0	2	1	0	0.268	1.495	1.078	0.159	-0.122	0.303	-0.152	-0.071	0.648	"2"
"珠海市"	0	0	1	0	0.089	0.498	0.359	0.053	-0.041	-0.3	0.444	-0.024	0.809	"3"
"班"	0	0	2	0	0.179	0.997	0.719	0.106	-0.081	-0.599	0.889	-0.047	1.616	"3"
"班次"	0	1	0	0	0.089	0.498	0.359	0.053	-0.041	0.302	-0.193	-0.024	0.56	"2"
"班车"	0	1	0	0	0.089	0.498	0.359	0.053	-0.041	0.302	-0.193	-0.024	0.56	"2"
"球运"	0	1	0	0	0.089	0.498	0.359	0.053	-0.041	0.302	-0.193	-0.024	0.56	"2"
"理性"	0	1	0	0	0.089	0.498	0.359	0.053	-0.041	0.302	-0.193	-0.024	0.56	"2"
"理想"	0	0	1	0	0.089	0.498	0.359	0.053	-0.041	-0.3	0.444	-0.024	0.809	"3"
"理论"	0	0	4	0	0.357	1.993	1.437	0.212	-0.163	-1.198	1.778	-0.095	3.234	"3"
"理赔"	1	0	0	0	0.089	0.498	0.359	0.053	1.049	-0.3	-0.193	-0.024	1.566	"1"
"瑞芳"	0	1	0	0	0.089	0.498	0.359	0.053	-0.041	0.302	-0.193	-0.024	0.56	"2"
"生产"	1	0	0	0	0.089	0.498	0.359	0.053	1.049	-0.3	-0.193	-0.024	1.566	"1"
"生活"	0	1	0	0	0.089	0.498	0.359	0.053	-0.041	0.302	-0.193	-0.024	0.56	"2"
"生活品"	0	0	1	0	0.089	0.498	0.359	0.053	-0.041	-0.3	0.444	-0.024	0.809	"3"
"生活品质"	0	0	2	0	0.179	0.997	0.719	0.106	-0.081	-0.599	0.889	-0.047	1.616	"3"
"生长"	0	0	1	0	0.089	0.498	0.359	0.053	-0.041	-0.3	0.444	-0.024	0.809	"3"
"用地"	0	1	0	0	0.089	0.498	0.359	0.053	-0.041	0.302	-0.193	-0.024	0.56	"2"
"电信"	0	1	0	0	0.089	0.498	0.359	0.053	-0.041	0.302	-0.193	-0.024	0.56	"2"
"电子邮件"	0	0	1	0	0.089	0.498	0.359	0.053	-0.041	-0.3	0.444	-0.024	0.809	"3"
"电车"	0	1	0	0	0.089	0.498	0.359	0.053	-0.041	0.302	-0.193	-0.024	0.56	"2"
"畅"	0	1	0	0	0.089	0.498	0.359	0.053	-0.041	0.302	-0.193	-0.024	0.56	"2"
"畅通"	1	0	0	0	0.089	0.498	0.359	0.053	1.049	-0.3	-0.193	-0.024	1.566	"1"
"留"	0	1	0	0	0.089	0.498	0.359	0.053	-0.041	0.302	-0.193	-0.024	0.56	"2"
"略"	0	1	0	0	0.089	0.498	0.359	0.053	-0.041	0.302	-0.193	-0.024	0.56	"2"
"疏解"	1	0	0	0	0.089	0.498	0.359	0.053	1.049	-0.3	-0.193	-0.024	1.566	"1"
"疲劳"	0	1	0	0	0.089	0.498	0.359	0.053	-0.041	0.302	-0.193	-0.024	0.56	"2"
"疾病"	0	0	3	0	0.268	1.495	1.078	0.159	-0.122	-0.899	1.333	-0.071	2.425	"3"
"病毒"	0	0	5	0	0.447	2.492	1.797	0.265	-0.203	-1.498	2.222	-0.118	4.041	"3"
"癌细胞"	0	0	2	0	0.179	0.997	0.719	0.106	-0.081	-0.599	0.889	-0.047	1.616	"3"
"登山"	0	1	0	0	0.089	0.498	0.359	0.053	-0.041	0.302	-0.193	-0.024	0.56	"2"
"白宫"	0	0	1	0	0.089	0.498	0.359	0.053	-0.041	-0.3	0.444	-0.024	0.809	"3"
"百年"	0	0	0	1	0.089	0.498	0.359	0.053	-0.041	-0.3	-0.193	1.276	1.81	"4"
"的"	0	0	1	0	0.089	0.498	0.359	0.053	-0.041	-0.3	0.444	-0.024	0.809	"3"
"皴法"	0	0	1	0	0.089	0.498	0.359	0.053	-0.041	-0.3	0.444	-0.024	0.809	"3"
"盈亏"	0	0	0	1	0.089	0.498	0.359	0.053	-0.041	-0.3	-0.193	1.276	1.81	"4"
"监狱"	0	0	1	0	0.089	0.498	0.359	0.053	-0.041	-0.3	0.444	-0.024	0.809	"3"
"盛港"	0	1	0	0	0.089	0.498	0.359	0.053	-0.041	0.302	-0.193	-0.024	0.56	"2"
"目击"	0	1	0	0	0.089	0.498	0.359	0.053	-0.041	0.302	-0.193	-0.024	0.56	"2"
"直接"	0	1	0	0	0.089	0.498	0.359	0.053	-0.041	0.302	-0.193	-0.024	0.56	"2"
"相"	0	0	2	0	0.179	0.997	0.719	0.106	-0.081	-0.599	0.889	-0.047	1.616	"3"
"相似"	0	1	0	0	0.089	0.498	0.359	0.053	-0.041	0.302	-0.193	-0.024	0.56	"2"
"省道"	0	1	0	0	0.089	0.498	0.359	0.053	-0.041	0.302	-0.193	-0.024	0.56	"2"
"真实"	0	0	1	0	0.089	0.498	0.359	0.053	-0.041	-0.3	0.444	-0.024	0.809	"3"
"真诚"	0	0	2	0	0.179	0.997	0.719	0.106	-0.081	-0.599	0.889	-0.047	1.616	"3"
"知识"	0	0	1	0	0.089	0.498	0.359	0.053	-0.041	-0.3	0.444	-0.024	0.809	"3"
"矫"	0	0	1	0	0.089	0.498	0.359	0.053	-0.041	-0.3	0.444	-0.024	0.809	"3"
"破案"	0	1	0	0	0.089	0.498	0.359	0.053	-0.041	0.302	-0.193	-0.024	0.56	"2"
"确定"	0	0	1	0	0.089	0.498	0.359	0.053	-0.041	-0.3	0.444	-0.024	0.809	"3"
"确立"	0	0	1	0	0.089	0.498	0.359	0.053	-0.041	-0.3	0.444	-0.024	0.809	"3"
"社会主义"	0	0	4	1	0.447	2.492	1.797	0.265	-0.203	-1.498	1.226	0.623	3.55	"2"
"社会化"	0	0	1	0	0.089	0.498	0.359	0.053	-0.041	-0.3	0.444	-0.024	0.809	"3"
"祸害"	0	0	1	0	0.089	0.498	0.359	0.053	-0.041	-0.3	0.444	-0.024	0.809	"3"
"禁止"	0	1	0	0	0.089	0.498	0.359	0.053	-0.041	0.302	-0.193	-0.024	0.56	"2"
"离"	0	1	0	0	0.089	0.498	0.359	0.053	-0.041	0.302	-0.193	-0.024	0.56	"2"
"私"	0	1	0	0	0.089	0.498	0.359	0.053	-0.041	0.302	-0.193	-0.024	0.56	"2"
"私家车"	0	0	1	0	0.089	0.498	0.359	0.053	-0.041	-0.3	0.444	-0.024	0.809	"3"
"种"	0	0	12	0	1.072	5.98	4.312	0.636	-0.488	-3.595	5.334	-0.284	9.701	"3"
"科学"	0	0	1	0	0.089	0.498	0.359	0.053	-0.041	-0.3	0.444	-0.024	0.809	"3"
"秘鲁"	0	1	0	0	0.089	0.498	0.359	0.053	-0.041	0.302	-0.193	-0.024	0.56	"2"
"秩序"	1	0	0	0	0.089	0.498	0.359	0.053	1.049	-0.3	-0.193	-0.024	1.566	"1"
"积雪"	0	1	0	0	0.089	0.498	0.359	0.053	-0.041	0.302	-0.193	-0.024	0.56	"2"
"移民"	0	1	0	0	0.089	0.498	0.359	0.053	-0.041	0.302	-0.193	-0.024	0.56	"2"
"程"	0	2	0	0	0.179	0.997	0.719	0.106	-0.081	0.605	-0.387	-0.047	1.12	"2"
"稳定"	0	0	1	0	0.089	0.498	0.359	0.053	-0.041	-0.3	0.444	-0.024	0.809	"3"
"究竟"	0	0	1	0	0.089	0.498	0.359	0.053	-0.041	-0.3	0.444	-0.024	0.809	"3"
"空前"	0	1	0	0	0.089	0.498	0.359	0.053	-0.041	0.302	-0.193	-0.024	0.56	"2"
"空间"	0	0	1	0	0.089	0.498	0.359	0.053	-0.041	-0.3	0.444	-0.024	0.809	"3"
"突破"	0	1	0	0	0.089	0.498	0.359	0.053	-0.041	0.302	-0.193	-0.024	0.56	"2"
"站"	0	6	0	0	0.536	2.99	2.156	0.318	-0.244	1.815	-1.16	-0.142	3.361	"2"
"第三"	0	3	0	0	0.268	1.495	1.078	0.159	-0.122	0.907	-0.58	-0.071	1.68	"2"
"第二"	0	2	1	0	0.268	1.495	1.078	0.159	-0.122	0.303	-0.152	-0.071	0.648	"2"
"筑成"	0	1	0	0	0.089	0.498	0.359	0.053	-0.041	0.302	-0.193	-0.024	0.56	"2"
"策"	0	0	1	0	0.089	0.498	0.359	0.053	-0.041	-0.3	0.444	-0.024	0.809	"3"
"策划人"	0	1	0	0	0.089	0.498	0.359	0.053	-0.041	0.302	-0.193	-0.024	0.56	"2"
"算是"	0	0	1	0	0.089	0.498	0.359	0.053	-0.041	-0.3	0.444	-0.024	0.809	"3"
"管制"	1	2	0	0	0.268	1.495	1.078	0.159	0.611	0.303	-0.58	-0.071	1.565	"1"
"管理"	3	2	1	0	0.536	2.99	2.156	0.318	1.936	-0.46	-0.52	-0.142	3.058	"1"
"管理处"	2	0	0	0	0.179	0.997	0.719	0.106	2.098	-0.599	-0.387	-0.047	3.131	"1"
"管理处罚"	1	0	0	0	0.089	0.498	0.359	0.053	1.049	-0.3	-0.193	-0.024	1.566	"1"
"管线"	0	2	0	0	0.179	0.997	0.719	0.106	-0.081	0.605	-0.387	-0.047	1.12	"2"
"米"	0	1	0	0	0.089	0.498	0.359	0.053	-0.041	0.302	-0.193	-0.024	0.56	"2"
"精确"	0	1	0	0	0.089	0.498	0.359	0.053	-0.041	0.302	-0.193	-0.024	0.56	"2"
"精神"	0	1	0	0	0.089	0.498	0.359	0.053	-0.041	0.302	-0.193	-0.024	0.56	"2"
"精良"	0	1	0	0	0.089	0.498	0.359	0.053	-0.041	0.302	-0.193	-0.024	0.56	"2"
"系统"	0	4	1	0	0.447	2.492	1.797	0.265	-0.203	0.732	-0.387	-0.118	1.44	"2"
"索偿"	0	0	1	0	0.089	0.498	0.359	0.053	-0.041	-0.3	0.444	-0.024	0.809	"3"
"紧张"	0	0	1	0	0.089	0.498	0.359	0.053	-0.041	-0.3	0.444	-0.024	0.809	"3"
"繁忙"	0	3	0	0	0.268	1.495	1.078	0.159	-0.122	0.907	-0.58	-0.071	1.68	"2"
"繁育"	0	0	1	0	0.089	0.498	0.359	0.053	-0.041	-0.3	0.444	-0.024	0.809	"3"
"纪念堂"	0	1	0	0	0.089	0.498	0.359	0.053	-0.041	0.302	-0.193	-0.024	0.56	"2"
"纲领"	0	0	1	0	0.089	0.498	0.359	0.053	-0.041	-0.3	0.444	-0.024	0.809	"3"
"纳入"	0	0	3	0	0.268	1.495	1.078	0.159	-0.122	-0.899	1.333	-0.071	2.425	"3"
"纷争"	0	0	1	0	0.089	0.498	0.359	0.053	-0.041	-0.3	0.444	-0.024	0.809	"3"
"线"	1	5	0	0	0.536	2.99	2.156	0.318	0.367	0.967	-1.16	-0.142	2.636	"3"
"线路"	1	0	0	0	0.089	0.498	0.359	0.053	1.049	-0.3	-0.193	-0.024	1.566	"1"
"终点"	0	2	0	0	0.179	0.997	0.719	0.106	-0.081	0.605	-0.387	-0.047	1.12	"2"
"终结"	0	0	1	0	0.089	0.498	0.359	0.053	-0.041	-0.3	0.444	-0.024	0.809	"3"
"经常"	0	1	0	0	0.089	0.498	0.359	0.053	-0.041	0.302	-0.193	-0.024	0.56	"2"
"经济全球化"	0	0	1	0	0.089	0.498	0.359	0.053	-0.041	-0.3	0.444	-0.024	0.809	"3"
"经贸"	0	0	2	0	0.179	0.997	0.719	0.106	-0.081	-0.599	0.889	-0.047	1.616	"3"
"经贸园区"	0	1	0	0	0.089	0.498	0.359	0.053	-0.041	0.302	-0.193	-0.024	0.56	"2"
"结冰"	1	0	0	0	0.089	0.498	0.359	0.053	1.049	-0.3	-0.193	-0.024	1.566	"1"
"结合"	0	0	2	0	0.179	0.997	0.719	0.106	-0.081	-0.599	0.889	-0.047	1.616	"3"
"结构"	0	1	0	0	0.089	0.498	0.359	0.053	-0.041	0.302	-0.193	-0.024	0.56	"2"
"结识"	0	1	0	0	0.089	0.498	0.359	0.053	-0.041	0.302	-0.193	-0.024	0.56	"2"
"绝对"	0	0	1	0	0.089	0.498	0.359	0.053	-0.041	-0.3	0.444	-0.024	0.809	"3"
"绝缘"	0	1	0	0	0.089	0.498	0.359	0.053	-0.041	0.302	-0.193	-0.024	0.56	"2"
"统一"	1	1	0	0	0.179	0.997	0.719	0.106	0.768	0.126	-0.387	-0.047	1.328	"1"
"统合"	0	1	0	0	0.089	0.498	0.359	0.053	-0.041	0.302	-0.193	-0.024	0.56	"2"
"维修"	1	0	0	0	0.089	0.498	0.359	0.053	1.049	-0.3	-0.193	-0.024	1.566	"1"
"维护"	2	2	0	0	0.357	1.993	1.437	0.212	1.373	0.164	-0.774	-0.095	2.406	"1"
"绿化"	0	1	1	0	0.179	0.997	0.719	0.106	-0.081	0.126	0.229	-0.047	0.483	"3"
"绿地"	0	1	0	0	0.089	0.498	0.359	0.053	-0.041	0.302	-0.193	-0.024	0.56	"2"
"缓和"	0	0	1	0	0.089	0.498	0.359	0.053	-0.041	-0.3	0.444	-0.024	0.809	"3"
"编排"	0	0	0	1	0.089	0.498	0.359	0.053	-0.041	-0.3	-0.193	1.276	1.81	"4"
"缩短"	0	1	0	0	0.089	0.498	0.359	0.053	-0.041	0.302	-0.193	-0.024	0.56	"2"
"缺乏"	0	0	1	0	0.089	0.498	0.359	0.053	-0.041	-0.3	0.444	-0.024	0.809	"3"
"缺少"	0	0	1	0	0.089	0.498	0.359	0.053	-0.041	-0.3	0.444	-0.024	0.809	"3"
"罚"	3	0	0	0	0.268	1.495	1.078	0.159	3.147	-0.899	-0.58	-0.071	4.697	"1"
"群众"	0	1	7	0	0.715	3.987	2.875	0.424	-0.325	-1.445	2.372	-0.189	4.331	"3"
"群伤"	1	0	0	0	0.089	0.498	0.359	0.053	1.049	-0.3	-0.193	-0.024	1.566	"1"
"群死"	1	0	0	0	0.089	0.498	0.359	0.053	1.049	-0.3	-0.193	-0.024	1.566	"1"
"耶诞"	0	1	0	0	0.089	0.498	0.359	0.053	-0.041	0.302	-0.193	-0.024	0.56	"2"
"联合"	0	0	1	1	0.179	0.997	0.719	0.106	-0.081	-0.599	0.229	0.986	1.895	"4"
"联合体"	0	0	1	0	0.089	0.498	0.359	0.053	-0.041	-0.3	0.444	-0.024	0.809	"3"
"联外"	0	4	0	0	0.357	1.993	1.437	0.212	-0.163	1.21	-0.774	-0.095	2.242	"2"
"脚踏实地"	0	0	1	0	0.089	0.498	0.359	0.053	-0.041	-0.3	0.444	-0.024	0.809	"3"
"脱离"	0	0	2	0	0.179	0.997	0.719	0.106	-0.081	-0.599	0.889	-0.047	1.616	"3"
"脱贫"	0	0	1	1	0.179	0.997	0.719	0.106	-0.081	-0.599	0.229	0.986	1.895	"4"
"自主"	0	0	1	0	0.089	0.498	0.359	0.053	-0.041	-0.3	0.444	-0.024	0.809	"3"
"自强"	0	0	1	1	0.179	0.997	0.719	0.106	-0.081	-0.599	0.229	0.986	1.895	"4"
"自律性"	0	1	0	0	0.089	0.498	0.359	0.053	-0.041	0.302	-0.193	-0.024	0.56	"2"
"自行"	0	1	0	0	0.089	0.498	0.359	0.053	-0.041	0.302	-0.193	-0.024	0.56	"2"
"自觉性"	0	0	1	0	0.089	0.498	0.359	0.053	-0.041	-0.3	0.444	-0.024	0.809	"3"
"自负"	0	0	0	1	0.089	0.498	0.359	0.053	-0.041	-0.3	-0.193	1.276	1.81	"4"
"至于"	0	1	0	0	0.089	0.498	0.359	0.053	-0.041	0.302	-0.193	-0.024	0.56	"2"
"致力"	0	0	1	0	0.089	0.498	0.359	0.053	-0.041	-0.3	0.444	-0.024	0.809	"3"
"致富"	0	0	1	2	0.268	1.495	1.078	0.159	-0.122	-0.899	-0.152	2.09	3.263	"4"
"航天局"	0	2	0	0	0.179	0.997	0.719	0.106	-0.081	0.605	-0.387	-0.047	1.12	"2"
"航海"	0	1	0	0	0.089	0.498	0.359	0.053	-0.041	0.302	-0.193	-0.024	0.56	"2"
"良性"	0	0	1	1	0.179	0.997	0.719	0.106	-0.081	-0.599	0.229	0.986	1.895	"4"
"艰辛"	0	3	0	0	0.268	1.495	1.078	0.159	-0.122	0.907	-0.58	-0.071	1.68	"2"
"艰难"	0	0	0	1	0.089	0.498	0.359	0.053	-0.041	-0.3	-0.193	1.276	1.81	"4"
"艾滋病"	0	0	1	0	0.089	0.498	0.359	0.053	-0.041	-0.3	0.444	-0.024	0.809	"3"
"节"	0	1	0	0	0.089	0.498	0.359	0.053	-0.041	0.302	-0.193	-0.024	0.56	"2"
"若是"	0	0	0	1	0.089	0.498	0.359	0.053	-0.041	-0.3	-0.193	1.276	1.81	"4"
"草案"	1	0	0	0	0.089	0.498	0.359	0.053	1.049	-0.3	-0.193	-0.024	1.566	"1"
"药箱"	0	1	0	0	0.089	0.498	0.359	0.053	-0.041	0.302	-0.193	-0.024	0.56	"2"
"莱佛士"	0	1	0	0	0.089	0.498	0.359	0.053	-0.041	0.302	-0.193	-0.024	0.56	"2"
"获取"	0	0	1	0	0.089	0.498	0.359	0.053	-0.041	-0.3	0.444	-0.024	0.809	"3"
"营业"	0	1	0	0	0.089	0.498	0.359	0.053	-0.041	0.302	-0.193	-0.024	0.56	"2"
"营养"	0	0	2	0	0.179	0.997	0.719	0.106	-0.081	-0.599	0.889	-0.047	1.616	"3"
"营区"	0	1	0	0	0.089	0.498	0.359	0.053	-0.041	0.302	-0.193	-0.024	0.56	"2"
"营地"	0	1	0	0	0.089	0.498	0.359	0.053	-0.041	0.302	-0.193	-0.024	0.56	"2"
"萧亚轩"	0	0	0	1	0.089	0.498	0.359	0.053	-0.041	-0.3	-0.193	1.276	1.81	"4"
"落在"	0	1	0	0	0.089	0.498	0.359	0.053	-0.041	0.302	-0.193	-0.024	0.56	"2"
"落实"	0	1	1	0	0.179	0.997	0.719	0.106	-0.081	0.126	0.229	-0.047	0.483	"3"
"蒙罗维亚"	0	1	0	0	0.089	0.498	0.359	0.053	-0.041	0.302	-0.193	-0.024	0.56	"2"
"蓝"	0	1	0	0	0.089	0.498	0.359	0.053	-0.041	0.302	-0.193	-0.024	0.56	"2"
"蓬勃"	0	0	0	1	0.089	0.498	0.359	0.053	-0.041	-0.3	-0.193	1.276	1.81	"4"
"蕴藏"	0	1	0	0	0.089	0.498	0.359	0.053	-0.041	0.302	-0.193	-0.024	0.56	"2"
"薇"	1	0	0	0	0.089	0.498	0.359	0.053	1.049	-0.3	-0.193	-0.024	1.566	"1"
"虽然"	0	2	0	0	0.179	0.997	0.719	0.106	-0.081	0.605	-0.387	-0.047	1.12	"2"
"蝉联"	0	0	1	0	0.089	0.498	0.359	0.053	-0.041	-0.3	0.444	-0.024	0.809	"3"
"融化"	1	0	0	0	0.089	0.498	0.359	0.053	1.049	-0.3	-0.193	-0.024	1.566	"1"
"血"	0	0	1	0	0.089	0.498	0.359	0.053	-0.041	-0.3	0.444	-0.024	0.809	"3"
"行"	0	1	1	0	0.179	0.997	0.719	0.106	-0.081	0.126	0.229	-0.047	0.483	"3"
"行不通"	0	1	0	0	0.089	0.498	0.359	0.053	-0.041	0.302	-0.193	-0.024	0.56	"2"
"行程"	0	1	0	0	0.089	0.498	0.359	0.053	-0.041	0.302	-0.193	-0.024	0.56	"2"
"行经"	0	3	0	0	0.268	1.495	1.078	0.159	-0.122	0.907	-0.58	-0.071	1.68	"2"
"行走"	0	1	0	0	0.089	0.498	0.359	0.053	-0.041	0.302	-0.193	-0.024	0.56	"2"
"行车"	0	2	0	0	0.179	0.997	0.719	0.106	-0.081	0.605	-0.387	-0.047	1.12	"2"
"行进"	0	1	0	0	0.089	0.498	0.359	0.053	-0.041	0.302	-0.193	-0.024	0.56	"2"
"行遍"	0	1	0	0	0.089	0.498	0.359	0.053	-0.041	0.302	-0.193	-0.024	0.56	"2"
"行驶"	1	3	0	0	0.357	1.993	1.437	0.212	0.506	0.509	-0.774	-0.095	1.884	"3"
"补助款"	0	1	0	0	0.089	0.498	0.359	0.053	-0.041	0.302	-0.193	-0.024	0.56	"2"
"裁罚"	1	0	0	0	0.089	0.498	0.359	0.053	1.049	-0.3	-0.193	-0.024	1.566	"1"
"装修"	0	1	0	0	0.089	0.498	0.359	0.053	-0.041	0.302	-0.193	-0.024	0.56	"2"
"西"	2	0	0	0	0.179	0.997	0.719	0.106	2.098	-0.599	-0.387	-0.047	3.131	"1"
"西共体"	0	0	1	0	0.089	0.498	0.359	0.053	-0.041	-0.3	0.444	-0.024	0.809	"3"
"西部大开发"	0	0	1	0	0.089	0.498	0.359	0.053	-0.041	-0.3	0.444	-0.024	0.809	"3"
"西非"	0	0	1	0	0.089	0.498	0.359	0.053	-0.041	-0.3	0.444	-0.024	0.809	"3"
"要"	0	0	1	0	0.089	0.498	0.359	0.053	-0.041	-0.3	0.444	-0.024	0.809	"3"
"观光"	1	1	0	0	0.179	0.997	0.719	0.106	0.768	0.126	-0.387	-0.047	1.328	"1"
"观点"	0	0	1	0	0.089	0.498	0.359	0.053	-0.041	-0.3	0.444	-0.024	0.809	"3"
"规划"	1	2	0	0	0.268	1.495	1.078	0.159	0.611	0.303	-0.58	-0.071	1.565	"1"
"规划案"	0	1	0	0	0.089	0.498	0.359	0.053	-0.041	0.302	-0.193	-0.024	0.56	"2"
"览"	0	2	0	0	0.179	0.997	0.719	0.106	-0.081	0.605	-0.387	-0.047	1.12	"2"
"解决"	0	0	24	0	2.144	11.96	8.624	1.272	-0.975	-7.19	10.668	-0.568	19.401	"3"
"解放"	0	0	1	0	0.089	0.498	0.359	0.053	-0.041	-0.3	0.444	-0.024	0.809	"3"
"警力"	1	0	0	0	0.089	0.498	0.359	0.053	1.049	-0.3	-0.193	-0.024	1.566	"1"
"计划"	0	4	2	0	0.536	2.99	2.156	0.318	-0.244	0.468	-0.202	-0.142	1.056	"2"
"计画"	0	2	0	0	0.179	0.997	0.719	0.106	-0.081	0.605	-0.387	-0.047	1.12	"2"
"计程车"	1	0	0	0	0.089	0.498	0.359	0.053	1.049	-0.3	-0.193	-0.024	1.566	"1"
"讨价还价"	0	1	0	0	0.089	0.498	0.359	0.053	-0.041	0.302	-0.193	-0.024	0.56	"2"
"讨回"	0	0	1	0	0.089	0.498	0.359	0.053	-0.041	-0.3	0.444	-0.024	0.809	"3"
"讲解"	0	0	1	0	0.089	0.498	0.359	0.053	-0.041	-0.3	0.444	-0.024	0.809	"3"
"许思安"	0	1	0	0	0.089	0.498	0.359	0.053	-0.041	0.302	-0.193	-0.024	0.56	"2"
"设定"	0	1	0	0	0.089	0.498	0.359	0.053	-0.041	0.302	-0.193	-0.024	0.56	"2"
"设施"	3	2	0	0	0.447	2.492	1.797	0.265	2.207	-0.298	-0.967	-0.118	3.59	"1"
"设置"	1	3	0	0	0.357	1.993	1.437	0.212	0.506	0.509	-0.774	-0.095	1.884	"3"
"评选为"	0	1	0	0	0.089	0.498	0.359	0.053	-0.041	0.302	-0.193	-0.024	0.56	"2"
"诚实"	0	0	0	1	0.089	0.498	0.359	0.053	-0.041	-0.3	-0.193	1.276	1.81	"4"
"说明"	0	0	0	1	0.089	0.498	0.359	0.053	-0.041	-0.3	-0.193	1.276	1.81	"4"
"调兵遣将"	0	1	0	0	0.089	0.498	0.359	0.053	-0.041	0.302	-0.193	-0.024	0.56	"2"
"调动"	0	0	1	0	0.089	0.498	0.359	0.053	-0.041	-0.3	0.444	-0.024	0.809	"3"
"调整"	0	4	0	0	0.357	1.993	1.437	0.212	-0.163	1.21	-0.774	-0.095	2.242	"2"
"谈判"	0	0	1	0	0.089	0.498	0.359	0.053	-0.041	-0.3	0.444	-0.024	0.809	"3"
"货物"	0	1	0	0	0.089	0.498	0.359	0.053	-0.041	0.302	-0.193	-0.024	0.56	"2"
"货车"	0	1	0	0	0.089	0.498	0.359	0.053	-0.041	0.302	-0.193	-0.024	0.56	"2"
"贯彻党"	0	0	2	0	0.179	0.997	0.719	0.106	-0.081	-0.599	0.889	-0.047	1.616	"3"
"赔偿"	0	0	1	0	0.089	0.498	0.359	0.053	-0.041	-0.3	0.444	-0.024	0.809	"3"
"赚"	0	0	2	0	0.179	0.997	0.719	0.106	-0.081	-0.599	0.889	-0.047	1.616	"3"
"赛段"	0	2	0	0	0.179	0.997	0.719	0.106	-0.081	0.605	-0.387	-0.047	1.12	"2"
"赞同"	0	0	1	0	0.089	0.498	0.359	0.053	-0.041	-0.3	0.444	-0.024	0.809	"3"
"赡养费"	0	0	1	0	0.089	0.498	0.359	0.053	-0.041	-0.3	0.444	-0.024	0.809	"3"
"走"	0	3	1	17	1.876	10.465	7.546	1.113	-0.853	-3.106	-2.954	17.999	24.912	"4"
"走上"	0	0	0	15	1.34	7.475	5.39	0.795	-0.609	-4.494	-2.901	19.135	27.139	"4"
"走下去"	0	0	1	0	0.089	0.498	0.359	0.053	-0.041	-0.3	0.444	-0.024	0.809	"3"
"走出"	0	2	0	0	0.179	0.997	0.719	0.106	-0.081	0.605	-0.387	-0.047	1.12	"2"
"走向"	0	0	4	0	0.357	1.993	1.437	0.212	-0.163	-1.198	1.778	-0.095	3.234	"3"
"走纯"	0	1	0	0	0.089	0.498	0.359	0.053	-0.041	0.302	-0.193	-0.024	0.56	"2"
"起点"	0	1	0	0	0.089	0.498	0.359	0.053	-0.041	0.302	-0.193	-0.024	0.56	"2"
"越俎代庖"	0	0	1	0	0.089	0.498	0.359	0.053	-0.041	-0.3	0.444	-0.024	0.809	"3"
"跑车"	0	1	0	0	0.089	0.498	0.359	0.053	-0.041	0.302	-0.193	-0.024	0.56	"2"
"距"	0	1	0	0	0.089	0.498	0.359	0.053	-0.041	0.302	-0.193	-0.024	0.56	"2"
"跨进"	0	1	0	0	0.089	0.498	0.359	0.053	-0.041	0.302	-0.193	-0.024	0.56	"2"
"路"	0	6	0	0	0.536	2.99	2.156	0.318	-0.244	1.815	-1.16	-0.142	3.361	"2"
"路段"	0	1	0	0	0.089	0.498	0.359	0.053	-0.041	0.302	-0.193	-0.024	0.56	"2"
"路牌"	0	1	0	0	0.089	0.498	0.359	0.053	-0.041	0.302	-0.193	-0.024	0.56	"2"
"路程"	0	1	0	0	0.089	0.498	0.359	0.053	-0.041	0.302	-0.193	-0.024	0.56	"2"
"路线"	0	12	0	0	1.072	5.98	4.312	0.636	-0.488	3.63	-2.321	-0.284	6.723	"2"
"路线图"	0	0	3	0	0.268	1.495	1.078	0.159	-0.122	-0.899	1.333	-0.071	2.425	"3"
"路网"	0	1	0	0	0.089	0.498	0.359	0.053	-0.041	0.302	-0.193	-0.024	0.56	"2"
"路障"	0	0	1	0	0.089	0.498	0.359	0.053	-0.041	-0.3	0.444	-0.024	0.809	"3"
"路面"	0	1	0	0	0.089	0.498	0.359	0.053	-0.041	0.302	-0.193	-0.024	0.56	"2"
"踏上"	0	1	0	0	0.089	0.498	0.359	0.053	-0.041	0.302	-0.193	-0.024	0.56	"2"
"身定制"	0	0	0	1	0.089	0.498	0.359	0.053	-0.041	-0.3	-0.193	1.276	1.81	"4"
"车"	1	2	0	0	0.268	1.495	1.078	0.159	0.611	0.303	-0.58	-0.071	1.565	"1"
"车子"	0	0	1	0	0.089	0.498	0.359	0.053	-0.041	-0.3	0.444	-0.024	0.809	"3"
"车站"	0	2	0	0	0.179	0.997	0.719	0.106	-0.081	0.605	-0.387	-0.047	1.12	"2"
"车资"	0	1	0	0	0.089	0.498	0.359	0.053	-0.041	0.302	-0.193	-0.024	0.56	"2"
"车辆"	0	3	0	0	0.268	1.495	1.078	0.159	-0.122	0.907	-0.58	-0.071	1.68	"2"
"轨道"	0	3	0	0	0.268	1.495	1.078	0.159	-0.122	0.907	-0.58	-0.071	1.68	"2"
"转乘"	0	1	0	0	0.089	0.498	0.359	0.053	-0.041	0.302	-0.193	-0.024	0.56	"2"
"转化"	0	0	1	0	0.089	0.498	0.359	0.053	-0.041	-0.3	0.444	-0.024	0.809	"3"
"转换"	0	2	0	0	0.179	0.997	0.719	0.106	-0.081	0.605	-0.387	-0.047	1.12	"2"
"转移"	0	0	1	0	0.089	0.498	0.359	0.053	-0.041	-0.3	0.444	-0.024	0.809	"3"
"转至"	0	1	0	0	0.089	0.498	0.359	0.053	-0.041	0.302	-0.193	-0.024	0.56	"2"
"转运"	0	1	0	0	0.089	0.498	0.359	0.053	-0.041	0.302	-0.193	-0.024	0.56	"2"
"轻便"	0	1	0	0	0.089	0.498	0.359	0.053	-0.041	0.302	-0.193	-0.024	0.56	"2"
"载人"	0	1	0	0	0.089	0.498	0.359	0.053	-0.041	0.302	-0.193	-0.024	0.56	"2"
"载荷"	0	1	0	0	0.089	0.498	0.359	0.053	-0.041	0.302	-0.193	-0.024	0.56	"2"
"较"	0	1	0	0	0.089	0.498	0.359	0.053	-0.041	0.302	-0.193	-0.024	0.56	"2"
"辆"	0	2	0	0	0.179	0.997	0.719	0.106	-0.081	0.605	-0.387	-0.047	1.12	"2"
"辉"	0	0	0	1	0.089	0.498	0.359	0.053	-0.041	-0.3	-0.193	1.276	1.81	"4"
"输水"	0	1	0	0	0.089	0.498	0.359	0.053	-0.041	0.302	-0.193	-0.024	0.56	"2"
"辛海美"	0	0	0	1	0.089	0.498	0.359	0.053	-0.041	-0.3	-0.193	1.276	1.81	"4"
"辞"	0	1	0	0	0.089	0.498	0.359	0.053	-0.041	0.302	-0.193	-0.024	0.56	"2"
"辟建"	0	2	0	0	0.179	0.997	0.719	0.106	-0.081	0.605	-0.387	-0.047	1.12	"2"
"辟建为"	0	1	0	0	0.089	0.498	0.359	0.053	-0.041	0.302	-0.193	-0.024	0.56	"2"
"边"	0	4	0	0	0.357	1.993	1.437	0.212	-0.163	1.21	-0.774	-0.095	2.242	"2"
"迁徙"	0	0	1	0	0.089	0.498	0.359	0.053	-0.041	-0.3	0.444	-0.024	0.809	"3"
"迄"	1	0	0	0	0.089	0.498	0.359	0.053	1.049	-0.3	-0.193	-0.024	1.566	"1"
"迈出"	0	0	2	0	0.179	0.997	0.719	0.106	-0.081	-0.599	0.889	-0.047	1.616	"3"
"运营"	1	0	0	0	0.089	0.498	0.359	0.053	1.049	-0.3	-0.193	-0.024	1.566	"1"
"运行"	0	1	0	0	0.089	0.498	0.359	0.053	-0.041	0.302	-0.193	-0.024	0.56	"2"
"运载"	0	1	0	0	0.089	0.498	0.359	0.053	-0.041	0.302	-0.193	-0.024	0.56	"2"
"运输"	4	0	0	0	0.357	1.993	1.437	0.212	4.196	-1.198	-0.774	-0.095	6.263	"1"
"运送"	0	1	0	0	0.089	0.498	0.359	0.053	-0.041	0.302	-0.193	-0.024	0.56	"2"
"运量"	0	1	0	0	0.089	0.498	0.359	0.053	-0.041	0.302	-0.193	-0.024	0.56	"2"
"近地"	0	1	0	0	0.089	0.498	0.359	0.053	-0.041	0.302	-0.193	-0.024	0.56	"2"
"进"	0	1	1	0	0.179	0.997	0.719	0.106	-0.081	0.126	0.229	-0.047	0.483	"3"
"进入"	0	3	0	0	0.268	1.495	1.078	0.159	-0.122	0.907	-0.58	-0.071	1.68	"2"
"进和"	0	0	1	0	0.089	0.498	0.359	0.053	-0.041	-0.3	0.444	-0.024	0.809	"3"
"进场"	0	1	0	0	0.089	0.498	0.359	0.053	-0.041	0.302	-0.193	-0.024	0.56	"2"
"进度"	0	2	0	0	0.179	0.997	0.719	0.106	-0.081	0.605	-0.387	-0.047	1.12	"2"
"进攻"	0	1	0	0	0.089	0.498	0.359	0.053	-0.041	0.302	-0.193	-0.024	0.56	"2"
"进程"	0	0	4	0	0.357	1.993	1.437	0.212	-0.163	-1.198	1.778	-0.095	3.234	"3"
"远"	0	1	0	0	0.089	0.498	0.359	0.053	-0.041	0.302	-0.193	-0.024	0.56	"2"
"违反"	1	1	0	0	0.179	0.997	0.719	0.106	0.768	0.126	-0.387	-0.047	1.328	"1"
"违背"	0	0	1	0	0.089	0.498	0.359	0.053	-0.041	-0.3	0.444	-0.024	0.809	"3"
"追赶上"	0	0	0	1	0.089	0.498	0.359	0.053	-0.041	-0.3	-0.193	1.276	1.81	"4"
"退缩"	0	1	0	0	0.089	0.498	0.359	0.053	-0.041	0.302	-0.193	-0.024	0.56	"2"
"送入"	0	2	0	0	0.179	0.997	0.719	0.106	-0.081	0.605	-0.387	-0.047	1.12	"2"
"送回"	0	1	0	0	0.089	0.498	0.359	0.053	-0.041	0.302	-0.193	-0.024	0.56	"2"
"适合"	0	0	1	0	0.089	0.498	0.359	0.053	-0.041	-0.3	0.444	-0.024	0.809	"3"
"适当"	0	0	2	0	0.179	0.997	0.719	0.106	-0.081	-0.599	0.889	-0.047	1.616	"3"
"适用"	0	1	0	0	0.089	0.498	0.359	0.053	-0.041	0.302	-0.193	-0.024	0.56	"2"
"逃生"	0	0	0	1	0.089	0.498	0.359	0.053	-0.041	-0.3	-0.193	1.276	1.81	"4"
"逃跑"	0	2	0	0	0.179	0.997	0.719	0.106	-0.081	0.605	-0.387	-0.047	1.12	"2"
"选择"	0	2	5	0	0.625	3.488	2.515	0.371	-0.284	-0.64	1.207	-0.166	2.297	"3"
"透过"	0	0	5	0	0.447	2.492	1.797	0.265	-0.203	-1.498	2.222	-0.118	4.041	"3"
"途经"	0	1	0	0	0.089	0.498	0.359	0.053	-0.041	0.302	-0.193	-0.024	0.56	"2"
"通"	0	3	2	0	0.447	2.492	1.797	0.265	-0.203	0.304	0.23	-0.118	0.855	"2"
"通信"	0	3	0	0	0.268	1.495	1.078	0.159	-0.122	0.907	-0.58	-0.071	1.68	"2"
"通向"	0	2	0	0	0.179	0.997	0.719	0.106	-0.081	0.605	-0.387	-0.047	1.12	"2"
"通往"	0	5	0	0	0.447	2.492	1.797	0.265	-0.203	1.512	-0.967	-0.118	2.8	"2"
"通行"	0	5	0	0	0.447	2.492	1.797	0.265	-0.203	1.512	-0.967	-0.118	2.8	"2"
"通车"	0	7	0	0	0.625	3.488	2.515	0.371	-0.284	2.117	-1.354	-0.166	3.921	"2"
"通达"	0	1	0	0	0.089	0.498	0.359	0.053	-0.041	0.302	-0.193	-0.024	0.56	"2"
"通过"	0	0	26	0	2.322	12.957	9.343	1.378	-1.056	-7.789	11.557	-0.615	21.017	"3"
"造成"	0	2	0	0	0.179	0.997	0.719	0.106	-0.081	0.605	-0.387	-0.047	1.12	"2"
"造林"	0	1	0	0	0.089	0.498	0.359	0.053	-0.041	0.302	-0.193	-0.024	0.56	"2"
"週边"	0	1	0	0	0.089	0.498	0.359	0.053	-0.041	0.302	-0.193	-0.024	0.56	"2"
"遇到"	0	1	1	0	0.179	0.997	0.719	0.106	-0.081	0.126	0.229	-0.047	0.483	"3"
"遏制"	1	0	0	0	0.089	0.498	0.359	0.053	1.049	-0.3	-0.193	-0.024	1.566	"1"
"道"	0	2	0	0	0.179	0.997	0.719	0.106	-0.081	0.605	-0.387	-0.047	1.12	"2"
"道路"	0	6	1	0	0.625	3.488	2.515	0.371	-0.284	1.212	-0.661	-0.166	2.323	"2"
"遥远"	0	2	0	0	0.179	0.997	0.719	0.106	-0.081	0.605	-0.387	-0.047	1.12	"2"
"遵循"	0	0	1	0	0.089	0.498	0.359	0.053	-0.041	-0.3	0.444	-0.024	0.809	"3"
"避免"	0	1	1	0	0.179	0.997	0.719	0.106	-0.081	0.126	0.229	-0.047	0.483	"3"
"部份"	1	0	0	0	0.089	0.498	0.359	0.053	1.049	-0.3	-0.193	-0.024	1.566	"1"
"部分"	2	2	1	0	0.447	2.492	1.797	0.265	1.177	-0.298	-0.387	-0.118	1.98	"1"
"都市区"	1	0	0	0	0.089	0.498	0.359	0.053	1.049	-0.3	-0.193	-0.024	1.566	"1"
"采取"	0	0	3	0	0.268	1.495	1.078	0.159	-0.122	-0.899	1.333	-0.071	2.425	"3"
"采购"	0	0	1	0	0.089	0.498	0.359	0.053	-0.041	-0.3	0.444	-0.024	0.809	"3"
"重"	0	0	1	0	0.089	0.498	0.359	0.053	-0.041	-0.3	0.444	-0.024	0.809	"3"
"重叠"	0	1	0	0	0.089	0.498	0.359	0.053	-0.041	0.302	-0.193	-0.024	0.56	"2"
"重复"	0	1	0	0	0.089	0.498	0.359	0.053	-0.041	0.302	-0.193	-0.024	0.56	"2"
"重建工"	0	1	0	0	0.089	0.498	0.359	0.053	-0.041	0.302	-0.193	-0.024	0.56	"2"
"重新"	0	0	2	1	0.268	1.495	1.078	0.159	-0.122	-0.899	0.531	0.822	2.374	"2"
"重机械"	0	1	0	0	0.089	0.498	0.359	0.053	-0.041	0.302	-0.193	-0.024	0.56	"2"
"重获"	0	0	1	0	0.089	0.498	0.359	0.053	-0.041	-0.3	0.444	-0.024	0.809	"3"
"重要"	0	0	7	0	0.625	3.488	2.515	0.371	-0.284	-2.097	3.111	-0.166	5.658	"3"
"重量"	0	1	0	0	0.089	0.498	0.359	0.053	-0.041	0.302	-0.193	-0.024	0.56	"2"
"金宝街"	0	1	0	0	0.089	0.498	0.359	0.053	-0.041	0.302	-0.193	-0.024	0.56	"2"
"钢轨"	0	1	0	0	0.089	0.498	0.359	0.053	-0.041	0.302	-0.193	-0.024	0.56	"2"
"铁路"	1	4	0	0	0.447	2.492	1.797	0.265	0.428	0.732	-0.967	-0.118	2.245	"3"
"铁道"	0	1	0	0	0.089	0.498	0.359	0.053	-0.041	0.302	-0.193	-0.024	0.56	"2"
"铺平"	0	0	4	0	0.357	1.993	1.437	0.212	-0.163	-1.198	1.778	-0.095	3.234	"3"
"铺设"	0	1	0	0	0.089	0.498	0.359	0.053	-0.041	0.302	-0.193	-0.024	0.56	"2"
"铺面"	0	1	0	0	0.089	0.498	0.359	0.053	-0.041	0.302	-0.193	-0.024	0.56	"2"
"错误"	0	1	0	0	0.089	0.498	0.359	0.053	-0.041	0.302	-0.193	-0.024	0.56	"2"
"镇公所"	0	1	0	0	0.089	0.498	0.359	0.053	-0.041	0.302	-0.193	-0.024	0.56	"2"
"长"	0	1	0	0	0.089	0.498	0.359	0.053	-0.041	0.302	-0.193	-0.024	0.56	"2"
"长度"	1	0	0	0	0.089	0.498	0.359	0.053	1.049	-0.3	-0.193	-0.024	1.566	"1"
"长椿寺"	0	1	0	0	0.089	0.498	0.359	0.053	-0.041	0.302	-0.193	-0.024	0.56	"2"
"长达"	0	0	1	0	0.089	0.498	0.359	0.053	-0.041	-0.3	0.444	-0.024	0.809	"3"
"长途"	0	1	0	0	0.089	0.498	0.359	0.053	-0.041	0.302	-0.193	-0.024	0.56	"2"
"问题"	0	0	10	0	0.893	4.983	3.593	0.53	-0.406	-2.996	4.445	-0.237	8.084	"3"
"间隔"	0	1	0	0	0.089	0.498	0.359	0.053	-0.041	0.302	-0.193	-0.024	0.56	"2"
"防保"	0	0	1	0	0.089	0.498	0.359	0.053	-0.041	-0.3	0.444	-0.024	0.809	"3"
"防汛墙"	0	1	0	0	0.089	0.498	0.359	0.053	-0.041	0.302	-0.193	-0.024	0.56	"2"
"防治"	0	0	3	0	0.268	1.495	1.078	0.159	-0.122	-0.899	1.333	-0.071	2.425	"3"
"阻"	0	1	0	0	0.089	0.498	0.359	0.053	-0.041	0.302	-0.193	-0.024	0.56	"2"
"阻塞"	1	0	0	0	0.089	0.498	0.359	0.053	1.049	-0.3	-0.193	-0.024	1.566	"1"
"阻断"	0	1	1	0	0.179	0.997	0.719	0.106	-0.081	0.126	0.229	-0.047	0.483	"3"
"附近"	1	2	0	0	0.268	1.495	1.078	0.159	0.611	0.303	-0.58	-0.071	1.565	"1"
"际"	0	0	1	0	0.089	0.498	0.359	0.053	-0.041	-0.3	0.444	-0.024	0.809	"3"
"陆地"	0	1	0	0	0.089	0.498	0.359	0.053	-0.041	0.302	-0.193	-0.024	0.56	"2"
"陈孝萱"	0	0	0	1	0.089	0.498	0.359	0.053	-0.041	-0.3	-0.193	1.276	1.81	"4"
"陈报"	0	1	0	0	0.089	0.498	0.359	0.053	-0.041	0.302	-0.193	-0.024	0.56	"2"
"降低"	0	0	1	0	0.089	0.498	0.359	0.053	-0.041	-0.3	0.444	-0.024	0.809	"3"
"险峻"	0	1	0	0	0.089	0.498	0.359	0.053	-0.041	0.302	-0.193	-0.024	0.56	"2"
"险情"	1	0	0	0	0.089	0.498	0.359	0.053	1.049	-0.3	-0.193	-0.024	1.566	"1"
"随之"	0	0	0	1	0.089	0.498	0.359	0.053	-0.041	-0.3	-0.193	1.276	1.81	"4"
"障碍"	0	3	0	0	0.268	1.495	1.078	0.159	-0.122	0.907	-0.58	-0.071	1.68	"2"
"隧"	0	1	0	0	0.089	0.498	0.359	0.053	-0.041	0.302	-0.193	-0.024	0.56	"2"
"集集"	0	0	1	0	0.089	0.498	0.359	0.053	-0.041	-0.3	0.444	-0.024	0.809	"3"
"需"	0	1	0	0	0.089	0.498	0.359	0.053	-0.041	0.302	-0.193	-0.024	0.56	"2"
"青瓦台"	0	0	1	0	0.089	0.498	0.359	0.053	-0.041	-0.3	0.444	-0.024	0.809	"3"
"静止"	0	1	0	0	0.089	0.498	0.359	0.053	-0.041	0.302	-0.193	-0.024	0.56	"2"
"静脉"	0	0	1	0	0.089	0.498	0.359	0.053	-0.041	-0.3	0.444	-0.024	0.809	"3"
"非"	0	1	2	0	0.268	1.495	1.078	0.159	-0.122	-0.299	0.531	-0.071	1.023	"3"
"非典"	0	0	6	0	0.536	2.99	2.156	0.318	-0.244	-1.797	2.667	-0.142	4.85	"3"
"非核"	0	0	1	0	0.089	0.498	0.359	0.053	-0.041	-0.3	0.444	-0.024	0.809	"3"
"面临"	0	0	1	1	0.179	0.997	0.719	0.106	-0.081	-0.599	0.229	0.986	1.895	"4"
"面前"	0	1	0	0	0.089	0.498	0.359	0.053	-0.041	0.302	-0.193	-0.024	0.56	"2"
"革命"	0	1	0	1	0.179	0.997	0.719	0.106	-0.081	0.126	-0.387	0.986	1.58	"4"
"鞭策"	0	1	0	0	0.089	0.498	0.359	0.053	-0.041	0.302	-0.193	-0.024	0.56	"2"
"顺利"	0	1	0	0	0.089	0.498	0.359	0.053	-0.041	0.302	-0.193	-0.024	0.56	"2"
"顺畅"	0	1	0	0	0.089	0.498	0.359	0.053	-0.041	0.302	-0.193	-0.024	0.56	"2"
"预先"	0	1	0	0	0.089	0.498	0.359	0.053	-0.041	0.302	-0.193	-0.024	0.56	"2"
"预定"	0	2	0	0	0.179	0.997	0.719	0.106	-0.081	0.605	-0.387	-0.047	1.12	"2"
"预防"	0	0	2	0	0.179	0.997	0.719	0.106	-0.081	-0.599	0.889	-0.047	1.616	"3"
"领域"	0	0	2	0	0.179	0.997	0.719	0.106	-0.081	-0.599	0.889	-0.047	1.616	"3"
"颗"	0	2	0	0	0.179	0.997	0.719	0.106	-0.081	0.605	-0.387	-0.047	1.12	"2"
"风云"	0	4	0	0	0.357	1.993	1.437	0.212	-0.163	1.21	-0.774	-0.095	2.242	"2"
"风景区"	0	2	0	0	0.179	0.997	0.719	0.106	-0.081	0.605	-0.387	-0.047	1.12	"2"
"飞往"	0	2	0	0	0.179	0.997	0.719	0.106	-0.081	0.605	-0.387	-0.047	1.12	"2"
"飞船"	0	1	0	0	0.089	0.498	0.359	0.053	-0.041	0.302	-0.193	-0.024	0.56	"2"
"飞行器"	0	1	0	0	0.089	0.498	0.359	0.053	-0.041	0.302	-0.193	-0.024	0.56	"2"
"饱满"	0	1	0	0	0.089	0.498	0.359	0.053	-0.041	0.302	-0.193	-0.024	0.56	"2"
"首脑"	0	1	0	0	0.089	0.498	0.359	0.053	-0.041	0.302	-0.193	-0.024	0.56	"2"
"马拉松赛"	0	1	0	0	0.089	0.498	0.359	0.053	-0.041	0.302	-0.193	-0.024	0.56	"2"
"马赛地"	0	1	0	0	0.089	0.498	0.359	0.053	-0.041	0.302	-0.193	-0.024	0.56	"2"
"马达加斯加"	1	0	0	0	0.089	0.498	0.359	0.053	1.049	-0.3	-0.193	-0.024	1.566	"1"
"驾驶"	0	1	0	0	0.089	0.498	0.359	0.053	-0.041	0.302	-0.193	-0.024	0.56	"2"
"驾驶人"	1	1	0	0	0.179	0.997	0.719	0.106	0.768	0.126	-0.387	-0.047	1.328	"1"
"骨灰塔"	1	0	0	0	0.089	0.498	0.359	0.053	1.049	-0.3	-0.193	-0.024	1.566	"1"
"骨质"	0	0	1	0	0.089	0.498	0.359	0.053	-0.041	-0.3	0.444	-0.024	0.809	"3"
"高价"	0	0	0	1	0.089	0.498	0.359	0.053	-0.041	-0.3	-0.193	1.276	1.81	"4"
"高山"	0	2	0	0	0.179	0.997	0.719	0.106	-0.081	0.605	-0.387	-0.047	1.12	"2"
"高架"	0	2	0	0	0.179	0.997	0.719	0.106	-0.081	0.605	-0.387	-0.047	1.12	"2"
"高速"	0	1	0	1	0.179	0.997	0.719	0.106	-0.081	0.126	-0.387	0.986	1.58	"4"
"高铁"	0	1	0	0	0.089	0.498	0.359	0.053	-0.041	0.302	-0.193	-0.024	0.56	"2"
"鲁滨逊"	0	0	1	0	0.089	0.498	0.359	0.053	-0.041	-0.3	0.444	-0.024	0.809	"3"
"鲍鱼"	0	0	0	1	0.089	0.498	0.359	0.053	-0.041	-0.3	-0.193	1.276	1.81	"4"
"麻醉"	0	1	0	0	0.089	0.498	0.359	0.053	-0.041	0.302	-0.193	-0.024	0.56	"2"
"黄自强"	0	0	1	0	0.089	0.498	0.359	0.053	-0.041	-0.3	0.444	-0.024	0.809	"3"
"黄金"	0	1	0	0	0.089	0.498	0.359	0.053	-0.041	0.302	-0.193	-0.024	0.56	"2"
"龙江省"	0	0	1	0	0.089	0.498	0.359	0.053	-0.041	-0.3	0.444	-0.024	0.809	"3"
