"Coll_Word"	"1"	"2"	"3"	"exp_1"	"exp_2"	"exp_3"	"pbin_1"	"pbin_2"	"pbin_3"	"SumAbsDev"	"LargestDev"
"－－"	0	0	2	0.291	0.191	1.518	-0.137	-0.087	0.239	0.463	"3"
"－－－"	0	1	1	0.291	0.191	1.518	-0.137	0.741	-0.373	1.251	"2"
"："	0	0	12	1.745	1.145	9.11	-0.819	-0.523	1.436	2.778	"3"
"!"	0	0	1	0.145	0.095	0.759	-0.068	-0.044	0.12	0.232	"3"
"！"	0	4	8	1.745	1.145	9.11	-0.819	1.659	-0.491	2.969	"2"
"？"	0	0	11	1.6	1.049	8.351	-0.751	-0.479	1.316	2.546	"3"
"…"	0	0	1	0.145	0.095	0.759	-0.068	-0.044	0.12	0.232	"3"
"……"	0	0	1	0.145	0.095	0.759	-0.068	-0.044	0.12	0.232	"3"
"（"	4	0	17	3.054	2.003	15.942	0.437	-0.914	0.393	1.744	"2"
"《"	0	0	6	0.873	0.572	4.555	-0.41	-0.261	0.718	1.389	"3"
"》"	0	0	6	0.873	0.572	4.555	-0.41	-0.261	0.718	1.389	"3"
"」"	1	0	0	0.145	0.095	0.759	0.837	-0.044	-0.618	1.499	"1"
"◆"	0	0	1	0.145	0.095	0.759	-0.068	-0.044	0.12	0.232	"3"
"172"	0	0	1	0.145	0.095	0.759	-0.068	-0.044	0.12	0.232	"3"
"1962年"	0	0	1	0.145	0.095	0.759	-0.068	-0.044	0.12	0.232	"3"
"1980年"	0	0	1	0.145	0.095	0.759	-0.068	-0.044	0.12	0.232	"3"
"1994年"	1	0	1	0.291	0.191	1.518	0.569	-0.087	-0.373	1.029	"1"
"2"	0	0	1	0.145	0.095	0.759	-0.068	-0.044	0.12	0.232	"3"
"２"	0	0	2	0.291	0.191	1.518	-0.137	-0.087	0.239	0.463	"3"
"26周年"	0	0	1	0.145	0.095	0.759	-0.068	-0.044	0.12	0.232	"3"
"３"	0	0	1	0.145	0.095	0.759	-0.068	-0.044	0.12	0.232	"3"
"31日"	0	0	1	0.145	0.095	0.759	-0.068	-0.044	0.12	0.232	"3"
"37"	0	0	2	0.291	0.191	1.518	-0.137	-0.087	0.239	0.463	"3"
"39"	0	0	2	0.291	0.191	1.518	-0.137	-0.087	0.239	0.463	"3"
"41"	0	0	1	0.145	0.095	0.759	-0.068	-0.044	0.12	0.232	"3"
"42"	0	0	3	0.436	0.286	2.277	-0.205	-0.131	0.359	0.695	"3"
"43"	0	0	1	0.145	0.095	0.759	-0.068	-0.044	0.12	0.232	"3"
"46"	0	1	1	0.291	0.191	1.518	-0.137	0.741	-0.373	1.251	"2"
"49"	0	0	1	0.145	0.095	0.759	-0.068	-0.044	0.12	0.232	"3"
"51"	0	0	1	0.145	0.095	0.759	-0.068	-0.044	0.12	0.232	"3"
"53"	0	0	1	0.145	0.095	0.759	-0.068	-0.044	0.12	0.232	"3"
"56"	0	0	1	0.145	0.095	0.759	-0.068	-0.044	0.12	0.232	"3"
"58"	0	0	3	0.436	0.286	2.277	-0.205	-0.131	0.359	0.695	"3"
"5时"	0	0	1	0.145	0.095	0.759	-0.068	-0.044	0.12	0.232	"3"
"6亿4000万"	0	0	1	0.145	0.095	0.759	-0.068	-0.044	0.12	0.232	"3"
"6时"	0	0	2	0.291	0.191	1.518	-0.137	-0.087	0.239	0.463	"3"
"70年代"	0	0	1	0.145	0.095	0.759	-0.068	-0.044	0.12	0.232	"3"
"891109"	0	1	0	0.145	0.095	0.759	-0.068	1.02	-0.618	1.706	"2"
"891114"	0	1	0	0.145	0.095	0.759	-0.068	1.02	-0.618	1.706	"2"
"891218"	0	1	0	0.145	0.095	0.759	-0.068	1.02	-0.618	1.706	"2"
"900107"	0	0	1	0.145	0.095	0.759	-0.068	-0.044	0.12	0.232	"3"
"900109"	1	0	0	0.145	0.095	0.759	0.837	-0.044	-0.618	1.499	"1"
"9时"	1	0	2	0.436	0.286	2.277	0.425	-0.131	-0.25	0.806	"1"
"AA"	0	0	1	0.145	0.095	0.759	-0.068	-0.044	0.12	0.232	"3"
"Benitez"	0	1	0	0.145	0.095	0.759	-0.068	1.02	-0.618	1.706	"2"
"DavidBeckham"	0	0	1	0.145	0.095	0.759	-0.068	-0.044	0.12	0.232	"3"
"DNA"	0	1	0	0.145	0.095	0.759	-0.068	1.02	-0.618	1.706	"2"
"Estefania"	0	1	0	0.145	0.095	0.759	-0.068	1.02	-0.618	1.706	"2"
"ictoria"	0	0	1	0.145	0.095	0.759	-0.068	-0.044	0.12	0.232	"3"
"Jane"	1	0	0	0.145	0.095	0.759	0.837	-0.044	-0.618	1.499	"1"
"Pierre"	1	0	0	0.145	0.095	0.759	0.837	-0.044	-0.618	1.499	"1"
"Saint"	1	0	0	0.145	0.095	0.759	0.837	-0.044	-0.618	1.499	"1"
"一七七"	1	0	0	0.145	0.095	0.759	0.837	-0.044	-0.618	1.499	"1"
"一两百"	0	0	1	0.145	0.095	0.759	-0.068	-0.044	0.12	0.232	"3"
"一同"	0	0	2	0.291	0.191	1.518	-0.137	-0.087	0.239	0.463	"3"
"一向"	1	0	2	0.436	0.286	2.277	0.425	-0.131	-0.25	0.806	"1"
"一往情深"	1	0	0	0.145	0.095	0.759	0.837	-0.044	-0.618	1.499	"1"
"一手"	0	0	1	0.145	0.095	0.759	-0.068	-0.044	0.12	0.232	"3"
"一起"	0	0	10	1.454	0.954	7.592	-0.683	-0.435	1.197	2.315	"3"
"丈夫"	0	33	0	4.8	3.148	25.052	-2.253	33.675	-20.403	56.331	"2"
"三"	0	0	1	0.145	0.095	0.759	-0.068	-0.044	0.12	0.232	"3"
"三轮车"	1	0	0	0.145	0.095	0.759	0.837	-0.044	-0.618	1.499	"1"
"上"	0	0	2	0.291	0.191	1.518	-0.137	-0.087	0.239	0.463	"3"
"上床"	0	0	1	0.145	0.095	0.759	-0.068	-0.044	0.12	0.232	"3"
"上班"	0	0	1	0.145	0.095	0.759	-0.068	-0.044	0.12	0.232	"3"
"下厨"	0	0	1	0.145	0.095	0.759	-0.068	-0.044	0.12	0.232	"3"
"下岗"	1	0	0	0.145	0.095	0.759	0.837	-0.044	-0.618	1.499	"1"
"下楼"	0	0	1	0.145	0.095	0.759	-0.068	-0.044	0.12	0.232	"3"
"下毒手"	0	0	2	0.291	0.191	1.518	-0.137	-0.087	0.239	0.463	"3"
"不久"	2	0	1	0.436	0.286	2.277	1.242	-0.131	-0.835	2.208	"1"
"不但"	0	0	1	0.145	0.095	0.759	-0.068	-0.044	0.12	0.232	"3"
"不堪"	1	0	1	0.291	0.191	1.518	0.569	-0.087	-0.373	1.029	"1"
"不好"	0	0	1	0.145	0.095	0.759	-0.068	-0.044	0.12	0.232	"3"
"不定"	0	0	1	0.145	0.095	0.759	-0.068	-0.044	0.12	0.232	"3"
"不已"	0	1	0	0.145	0.095	0.759	-0.068	1.02	-0.618	1.706	"2"
"不幸"	0	0	1	0.145	0.095	0.759	-0.068	-0.044	0.12	0.232	"3"
"不料"	0	0	1	0.145	0.095	0.759	-0.068	-0.044	0.12	0.232	"3"
"不过"	0	0	1	0.145	0.095	0.759	-0.068	-0.044	0.12	0.232	"3"
"不错"	0	0	1	0.145	0.095	0.759	-0.068	-0.044	0.12	0.232	"3"
"不顾"	0	0	1	0.145	0.095	0.759	-0.068	-0.044	0.12	0.232	"3"
"与"	6	9	29	6.4	4.198	33.403	-0.27	1.671	-1.057	2.998	"2"
"丑事"	0	0	1	0.145	0.095	0.759	-0.068	-0.044	0.12	0.232	"3"
"世盟"	1	0	0	0.145	0.095	0.759	0.837	-0.044	-0.618	1.499	"1"
"东窗事发"	0	0	1	0.145	0.095	0.759	-0.068	-0.044	0.12	0.232	"3"
"东陵路"	0	0	1	0.145	0.095	0.759	-0.068	-0.044	0.12	0.232	"3"
"丝加拉杜"	1	0	0	0.145	0.095	0.759	0.837	-0.044	-0.618	1.499	"1"
"个"	0	0	9	1.309	0.859	6.832	-0.614	-0.392	1.077	2.083	"3"
"个儿"	0	0	1	0.145	0.095	0.759	-0.068	-0.044	0.12	0.232	"3"
"中医师"	3	0	0	0.436	0.286	2.277	2.512	-0.131	-1.855	4.498	"1"
"中国籍"	0	0	2	0.291	0.191	1.518	-0.137	-0.087	0.239	0.463	"3"
"中士"	0	0	1	0.145	0.095	0.759	-0.068	-0.044	0.12	0.232	"3"
"中川"	1	0	0	0.145	0.095	0.759	0.837	-0.044	-0.618	1.499	"1"
"中情局"	2	0	0	0.291	0.191	1.518	1.675	-0.087	-1.237	2.999	"1"
"中看"	0	0	1	0.145	0.095	0.759	-0.068	-0.044	0.12	0.232	"3"
"中秋"	0	0	1	0.145	0.095	0.759	-0.068	-0.044	0.12	0.232	"3"
"中队"	1	0	0	0.145	0.095	0.759	0.837	-0.044	-0.618	1.499	"1"
"串通"	0	0	1	0.145	0.095	0.759	-0.068	-0.044	0.12	0.232	"3"
"丹弗丝"	0	0	1	0.145	0.095	0.759	-0.068	-0.044	0.12	0.232	"3"
"为何"	0	0	1	0.145	0.095	0.759	-0.068	-0.044	0.12	0.232	"3"
"主人"	0	0	3	0.436	0.286	2.277	-0.205	-0.131	0.359	0.695	"3"
"主人房"	0	0	1	0.145	0.095	0.759	-0.068	-0.044	0.12	0.232	"3"
"主动"	1	0	0	0.145	0.095	0.759	0.837	-0.044	-0.618	1.499	"1"
"主妇"	0	0	1	0.145	0.095	0.759	-0.068	-0.044	0.12	0.232	"3"
"主意"	0	0	1	0.145	0.095	0.759	-0.068	-0.044	0.12	0.232	"3"
"举出"	0	1	0	0.145	0.095	0.759	-0.068	1.02	-0.618	1.706	"2"
"举止"	0	0	1	0.145	0.095	0.759	-0.068	-0.044	0.12	0.232	"3"
"之后"	0	0	4	0.582	0.382	3.037	-0.273	-0.174	0.479	0.926	"3"
"之外"	1	0	0	0.145	0.095	0.759	0.837	-0.044	-0.618	1.499	"1"
"乖"	2	0	0	0.291	0.191	1.518	1.675	-0.087	-1.237	2.999	"1"
"九阴"	2	0	0	0.291	0.191	1.518	1.675	-0.087	-1.237	2.999	"1"
"也许"	0	0	1	0.145	0.095	0.759	-0.068	-0.044	0.12	0.232	"3"
"乩童"	1	0	0	0.145	0.095	0.759	0.837	-0.044	-0.618	1.499	"1"
"买"	0	0	6	0.873	0.572	4.555	-0.41	-0.261	0.718	1.389	"3"
"买菜"	0	0	1	0.145	0.095	0.759	-0.068	-0.044	0.12	0.232	"3"
"了"	0	0	4	0.582	0.382	3.037	-0.273	-0.174	0.479	0.926	"3"
"争执"	1	0	2	0.436	0.286	2.277	0.425	-0.131	-0.25	0.806	"1"
"事发"	0	0	3	0.436	0.286	2.277	-0.205	-0.131	0.359	0.695	"3"
"事情"	0	0	2	0.291	0.191	1.518	-0.137	-0.087	0.239	0.463	"3"
"二"	0	0	3	0.436	0.286	2.277	-0.205	-0.131	0.359	0.695	"3"
"二十九"	0	0	2	0.291	0.191	1.518	-0.137	-0.087	0.239	0.463	"3"
"于是"	1	0	0	0.145	0.095	0.759	0.837	-0.044	-0.618	1.499	"1"
"五十五十"	1	0	0	0.145	0.095	0.759	0.837	-0.044	-0.618	1.499	"1"
"交代"	1	1	0	0.291	0.191	1.518	0.569	0.741	-1.237	2.547	"3"
"交到"	0	0	1	0.145	0.095	0.759	-0.068	-0.044	0.12	0.232	"3"
"交给"	1	1	1	0.436	0.286	2.277	0.425	0.585	-0.835	1.845	"3"
"交谈"	0	0	1	0.145	0.095	0.759	-0.068	-0.044	0.12	0.232	"3"
"亦"	0	0	1	0.145	0.095	0.759	-0.068	-0.044	0.12	0.232	"3"
"产"	0	0	1	0.145	0.095	0.759	-0.068	-0.044	0.12	0.232	"3"
"产下"	1	0	3	0.582	0.382	3.037	0.331	-0.174	-0.175	0.68	"1"
"亮丽"	0	0	1	0.145	0.095	0.759	-0.068	-0.044	0.12	0.232	"3"
"亲到"	0	0	1	0.145	0.095	0.759	-0.068	-0.044	0.12	0.232	"3"
"亲友"	2	0	2	0.582	0.382	3.037	0.984	-0.174	-0.608	1.766	"1"
"亲吻"	0	0	2	0.291	0.191	1.518	-0.137	-0.087	0.239	0.463	"3"
"亲爱的"	0	1	0	0.145	0.095	0.759	-0.068	1.02	-0.618	1.706	"2"
"亲自"	0	0	2	0.291	0.191	1.518	-0.137	-0.087	0.239	0.463	"3"
"亲近"	0	0	1	0.145	0.095	0.759	-0.068	-0.044	0.12	0.232	"3"
"人烟"	1	0	0	0.145	0.095	0.759	0.837	-0.044	-0.618	1.499	"1"
"今早"	0	0	1	0.145	0.095	0.759	-0.068	-0.044	0.12	0.232	"3"
"从此"	0	0	1	0.145	0.095	0.759	-0.068	-0.044	0.12	0.232	"3"
"他"	8	12	195	31.271	20.511	163.218	-6.725	-1.599	7.671	15.995	"3"
"他人"	3	0	1	0.582	0.382	3.037	1.96	-0.174	-1.339	3.473	"1"
"他俩"	0	0	2	0.291	0.191	1.518	-0.137	-0.087	0.239	0.463	"3"
"以免"	0	0	1	0.145	0.095	0.759	-0.068	-0.044	0.12	0.232	"3"
"以前"	0	0	1	0.145	0.095	0.759	-0.068	-0.044	0.12	0.232	"3"
"以防万一"	0	0	1	0.145	0.095	0.759	-0.068	-0.044	0.12	0.232	"3"
"仰融"	0	0	1	0.145	0.095	0.759	-0.068	-0.044	0.12	0.232	"3"
"件"	1	0	0	0.145	0.095	0.759	0.837	-0.044	-0.618	1.499	"1"
"任"	0	0	3	0.436	0.286	2.277	-0.205	-0.131	0.359	0.695	"3"
"伊克巴勒"	0	2	0	0.291	0.191	1.518	-0.137	2.041	-1.237	3.415	"2"
"休克"	0	0	1	0.145	0.095	0.759	-0.068	-0.044	0.12	0.232	"3"
"优"	0	0	1	0.145	0.095	0.759	-0.068	-0.044	0.12	0.232	"3"
"优裕"	0	0	1	0.145	0.095	0.759	-0.068	-0.044	0.12	0.232	"3"
"伙伴"	0	0	1	0.145	0.095	0.759	-0.068	-0.044	0.12	0.232	"3"
"伙同"	1	0	0	0.145	0.095	0.759	0.837	-0.044	-0.618	1.499	"1"
"传闻"	0	0	1	0.145	0.095	0.759	-0.068	-0.044	0.12	0.232	"3"
"伤势"	0	0	1	0.145	0.095	0.759	-0.068	-0.044	0.12	0.232	"3"
"伤害"	1	0	0	0.145	0.095	0.759	0.837	-0.044	-0.618	1.499	"1"
"伤者"	0	2	4	0.873	0.572	4.555	-0.41	0.977	-0.352	1.739	"2"
"住"	0	0	3	0.436	0.286	2.277	-0.205	-0.131	0.359	0.695	"3"
"住家"	0	0	3	0.436	0.286	2.277	-0.205	-0.131	0.359	0.695	"3"
"住进"	2	0	0	0.291	0.191	1.518	1.675	-0.087	-1.237	2.999	"1"
"住院"	1	0	1	0.291	0.191	1.518	0.569	-0.087	-0.373	1.029	"1"
"何"	0	0	1	0.145	0.095	0.759	-0.068	-0.044	0.12	0.232	"3"
"你"	0	0	4	0.582	0.382	3.037	-0.273	-0.174	0.479	0.926	"3"
"佬"	0	0	1	0.145	0.095	0.759	-0.068	-0.044	0.12	0.232	"3"
"併拢"	0	0	1	0.145	0.095	0.759	-0.068	-0.044	0.12	0.232	"3"
"供称"	0	0	1	0.145	0.095	0.759	-0.068	-0.044	0.12	0.232	"3"
"便"	0	0	2	0.291	0.191	1.518	-0.137	-0.087	0.239	0.463	"3"
"信任"	0	0	1	0.145	0.095	0.759	-0.068	-0.044	0.12	0.232	"3"
"俩"	0	0	2	0.291	0.191	1.518	-0.137	-0.087	0.239	0.463	"3"
"倒是"	0	0	1	0.145	0.095	0.759	-0.068	-0.044	0.12	0.232	"3"
"倒毙"	0	0	1	0.145	0.095	0.759	-0.068	-0.044	0.12	0.232	"3"
"借贷"	0	0	1	0.145	0.095	0.759	-0.068	-0.044	0.12	0.232	"3"
"偕同"	0	0	1	0.145	0.095	0.759	-0.068	-0.044	0.12	0.232	"3"
"做"	0	0	4	0.582	0.382	3.037	-0.273	-0.174	0.479	0.926	"3"
"做完"	0	0	1	0.145	0.095	0.759	-0.068	-0.044	0.12	0.232	"3"
"做工"	1	0	0	0.145	0.095	0.759	0.837	-0.044	-0.618	1.499	"1"
"偶尔"	0	1	0	0.145	0.095	0.759	-0.068	1.02	-0.618	1.706	"2"
"偷偷"	0	0	2	0.291	0.191	1.518	-0.137	-0.087	0.239	0.463	"3"
"傅麟凯"	0	0	1	0.145	0.095	0.759	-0.068	-0.044	0.12	0.232	"3"
"傍晚"	0	0	1	0.145	0.095	0.759	-0.068	-0.044	0.12	0.232	"3"
"儿"	0	0	1	0.145	0.095	0.759	-0.068	-0.044	0.12	0.232	"3"
"儿女"	0	0	3	0.436	0.286	2.277	-0.205	-0.131	0.359	0.695	"3"
"儿子"	0	1	23	3.491	2.29	18.22	-1.638	-0.497	1.937	4.072	"3"
"允许"	1	0	1	0.291	0.191	1.518	0.569	-0.087	-0.373	1.029	"1"
"先生"	0	0	14	2.036	1.336	10.628	-0.956	-0.61	1.675	3.241	"3"
"克林顿"	0	0	2	0.291	0.191	1.518	-0.137	-0.087	0.239	0.463	"3"
"全职"	0	0	1	0.145	0.095	0.759	-0.068	-0.044	0.12	0.232	"3"
"八字"	1	0	0	0.145	0.095	0.759	0.837	-0.044	-0.618	1.499	"1"
"公寓"	0	0	2	0.291	0.191	1.518	-0.137	-0.087	0.239	0.463	"3"
"公干"	0	0	1	0.145	0.095	0.759	-0.068	-0.044	0.12	0.232	"3"
"公款"	2	0	0	0.291	0.191	1.518	1.675	-0.087	-1.237	2.999	"1"
"公然"	0	0	1	0.145	0.095	0.759	-0.068	-0.044	0.12	0.232	"3"
"共创"	1	0	0	0.145	0.095	0.759	0.837	-0.044	-0.618	1.499	"1"
"共度"	0	0	1	0.145	0.095	0.759	-0.068	-0.044	0.12	0.232	"3"
"其"	2	1	3	0.873	0.572	4.555	0.672	0.345	-0.809	1.826	"3"
"其实"	0	0	1	0.145	0.095	0.759	-0.068	-0.044	0.12	0.232	"3"
"养家"	0	0	1	0.145	0.095	0.759	-0.068	-0.044	0.12	0.232	"3"
"兼任"	1	0	0	0.145	0.095	0.759	0.837	-0.044	-0.618	1.499	"1"
"兼教"	1	0	0	0.145	0.095	0.759	0.837	-0.044	-0.618	1.499	"1"
"内心"	0	2	1	0.436	0.286	2.277	-0.205	1.592	-0.835	2.632	"2"
"内裤"	0	1	0	0.145	0.095	0.759	-0.068	1.02	-0.618	1.706	"2"
"再婚"	0	0	1	0.145	0.095	0.759	-0.068	-0.044	0.12	0.232	"3"
"冒出"	0	0	1	0.145	0.095	0.759	-0.068	-0.044	0.12	0.232	"3"
"写道"	0	0	1	0.145	0.095	0.759	-0.068	-0.044	0.12	0.232	"3"
"冬训"	1	0	0	0.145	0.095	0.759	0.837	-0.044	-0.618	1.499	"1"
"冯丽清"	0	1	0	0.145	0.095	0.759	-0.068	1.02	-0.618	1.706	"2"
"冲进"	0	0	1	0.145	0.095	0.759	-0.068	-0.044	0.12	0.232	"3"
"凭"	0	0	1	0.145	0.095	0.759	-0.068	-0.044	0.12	0.232	"3"
"出世"	0	0	2	0.291	0.191	1.518	-0.137	-0.087	0.239	0.463	"3"
"出乎"	0	0	1	0.145	0.095	0.759	-0.068	-0.044	0.12	0.232	"3"
"出入"	0	0	1	0.145	0.095	0.759	-0.068	-0.044	0.12	0.232	"3"
"出去"	0	0	1	0.145	0.095	0.759	-0.068	-0.044	0.12	0.232	"3"
"出国"	0	0	1	0.145	0.095	0.759	-0.068	-0.044	0.12	0.232	"3"
"出外"	0	0	1	0.145	0.095	0.759	-0.068	-0.044	0.12	0.232	"3"
"出庭"	0	0	1	0.145	0.095	0.759	-0.068	-0.044	0.12	0.232	"3"
"出来"	0	0	1	0.145	0.095	0.759	-0.068	-0.044	0.12	0.232	"3"
"出让"	0	0	1	0.145	0.095	0.759	-0.068	-0.044	0.12	0.232	"3"
"出轨"	1	0	0	0.145	0.095	0.759	0.837	-0.044	-0.618	1.499	"1"
"出门"	0	0	3	0.436	0.286	2.277	-0.205	-0.131	0.359	0.695	"3"
"出面"	0	0	1	0.145	0.095	0.759	-0.068	-0.044	0.12	0.232	"3"
"刀伤"	0	0	1	0.145	0.095	0.759	-0.068	-0.044	0.12	0.232	"3"
"分居"	0	1	3	0.582	0.382	3.037	-0.273	0.481	-0.175	0.929	"2"
"分布"	0	0	1	0.145	0.095	0.759	-0.068	-0.044	0.12	0.232	"3"
"分手"	0	1	3	0.582	0.382	3.037	-0.273	0.481	-0.175	0.929	"2"
"切尔茜"	0	0	1	0.145	0.095	0.759	-0.068	-0.044	0.12	0.232	"3"
"刘"	0	0	1	0.145	0.095	0.759	-0.068	-0.044	0.12	0.232	"3"
"刘和谦"	0	0	1	0.145	0.095	0.759	-0.068	-0.044	0.12	0.232	"3"
"刘昆"	0	0	1	0.145	0.095	0.759	-0.068	-0.044	0.12	0.232	"3"
"刘晓凤"	0	0	2	0.291	0.191	1.518	-0.137	-0.087	0.239	0.463	"3"
"则"	0	0	1	0.145	0.095	0.759	-0.068	-0.044	0.12	0.232	"3"
"刚"	0	0	2	0.291	0.191	1.518	-0.137	-0.087	0.239	0.463	"3"
"初时"	0	0	1	0.145	0.095	0.759	-0.068	-0.044	0.12	0.232	"3"
"到"	0	0	1	0.145	0.095	0.759	-0.068	-0.044	0.12	0.232	"3"
"到庭"	0	0	1	0.145	0.095	0.759	-0.068	-0.044	0.12	0.232	"3"
"制"	0	0	1	0.145	0.095	0.759	-0.068	-0.044	0.12	0.232	"3"
"前任"	2	0	0	0.291	0.191	1.518	1.675	-0.087	-1.237	2.999	"1"
"前后"	0	0	1	0.145	0.095	0.759	-0.068	-0.044	0.12	0.232	"3"
"前夫"	1	0	0	0.145	0.095	0.759	0.837	-0.044	-0.618	1.499	"1"
"剥夺"	0	0	1	0.145	0.095	0.759	-0.068	-0.044	0.12	0.232	"3"
"副班长"	0	0	1	0.145	0.095	0.759	-0.068	-0.044	0.12	0.232	"3"
"割破"	0	1	0	0.145	0.095	0.759	-0.068	1.02	-0.618	1.706	"2"
"劝"	0	0	1	0.145	0.095	0.759	-0.068	-0.044	0.12	0.232	"3"
"办事"	0	0	1	0.145	0.095	0.759	-0.068	-0.044	0.12	0.232	"3"
"办案"	1	0	0	0.145	0.095	0.759	0.837	-0.044	-0.618	1.499	"1"
"加护"	1	0	0	0.145	0.095	0.759	0.837	-0.044	-0.618	1.499	"1"
"动不动"	1	0	0	0.145	0.095	0.759	0.837	-0.044	-0.618	1.499	"1"
"动粗"	0	0	1	0.145	0.095	0.759	-0.068	-0.044	0.12	0.232	"3"
"助手"	0	0	1	0.145	0.095	0.759	-0.068	-0.044	0.12	0.232	"3"
"劳拉"	1	0	0	0.145	0.095	0.759	0.837	-0.044	-0.618	1.499	"1"
"勇敢"	0	0	1	0.145	0.095	0.759	-0.068	-0.044	0.12	0.232	"3"
"勒戒"	1	0	0	0.145	0.095	0.759	0.837	-0.044	-0.618	1.499	"1"
"匆忙"	0	0	1	0.145	0.095	0.759	-0.068	-0.044	0.12	0.232	"3"
"匪徒"	0	0	2	0.291	0.191	1.518	-0.137	-0.087	0.239	0.463	"3"
"医生"	1	1	7	1.309	0.859	6.832	-0.211	0.226	0.203	0.64	"2"
"医疗队"	0	0	1	0.145	0.095	0.759	-0.068	-0.044	0.12	0.232	"3"
"医药费"	0	0	1	0.145	0.095	0.759	-0.068	-0.044	0.12	0.232	"3"
"千方百计"	0	0	2	0.291	0.191	1.518	-0.137	-0.087	0.239	0.463	"3"
"午餐"	0	0	1	0.145	0.095	0.759	-0.068	-0.044	0.12	0.232	"3"
"午饭"	0	0	1	0.145	0.095	0.759	-0.068	-0.044	0.12	0.232	"3"
"华裔籍"	1	0	0	0.145	0.095	0.759	0.837	-0.044	-0.618	1.499	"1"
"单独"	0	0	1	0.145	0.095	0.759	-0.068	-0.044	0.12	0.232	"3"
"卖身"	1	0	0	0.145	0.095	0.759	0.837	-0.044	-0.618	1.499	"1"
"南岸区"	0	0	1	0.145	0.095	0.759	-0.068	-0.044	0.12	0.232	"3"
"博士"	0	0	3	0.436	0.286	2.277	-0.205	-0.131	0.359	0.695	"3"
"卡恩"	1	0	0	0.145	0.095	0.759	0.837	-0.044	-0.618	1.499	"1"
"印尼"	1	0	0	0.145	0.095	0.759	0.837	-0.044	-0.618	1.499	"1"
"印尼籍"	0	0	1	0.145	0.095	0.759	-0.068	-0.044	0.12	0.232	"3"
"危"	0	0	1	0.145	0.095	0.759	-0.068	-0.044	0.12	0.232	"3"
"厂里"	0	0	1	0.145	0.095	0.759	-0.068	-0.044	0.12	0.232	"3"
"压"	0	0	1	0.145	0.095	0.759	-0.068	-0.044	0.12	0.232	"3"
"原本"	2	0	1	0.436	0.286	2.277	1.242	-0.131	-0.835	2.208	"1"
"原来"	0	0	1	0.145	0.095	0.759	-0.068	-0.044	0.12	0.232	"3"
"原谅"	1	1	0	0.291	0.191	1.518	0.569	0.741	-1.237	2.547	"3"
"厨房"	0	0	1	0.145	0.095	0.759	-0.068	-0.044	0.12	0.232	"3"
"去"	0	0	8	1.164	0.763	6.073	-0.546	-0.348	0.957	1.851	"3"
"去世"	1	0	1	0.291	0.191	1.518	0.569	-0.087	-0.373	1.029	"1"
"县议员"	1	0	0	0.145	0.095	0.759	0.837	-0.044	-0.618	1.499	"1"
"参议员"	0	0	1	0.145	0.095	0.759	-0.068	-0.044	0.12	0.232	"3"
"及其"	1	0	0	0.145	0.095	0.759	0.837	-0.044	-0.618	1.499	"1"
"友人"	0	1	1	0.291	0.191	1.518	-0.137	0.741	-0.373	1.251	"2"
"双双"	1	0	0	0.145	0.095	0.759	0.837	-0.044	-0.618	1.499	"1"
"双手"	0	0	3	0.436	0.286	2.277	-0.205	-0.131	0.359	0.695	"3"
"双眼"	0	0	1	0.145	0.095	0.759	-0.068	-0.044	0.12	0.232	"3"
"双腿"	0	0	2	0.291	0.191	1.518	-0.137	-0.087	0.239	0.463	"3"
"反射"	0	0	1	0.145	0.095	0.759	-0.068	-0.044	0.12	0.232	"3"
"反抗"	0	0	1	0.145	0.095	0.759	-0.068	-0.044	0.12	0.232	"3"
"反而"	0	0	1	0.145	0.095	0.759	-0.068	-0.044	0.12	0.232	"3"
"发哥"	0	0	1	0.145	0.095	0.759	-0.068	-0.044	0.12	0.232	"3"
"发愁"	0	0	1	0.145	0.095	0.759	-0.068	-0.044	0.12	0.232	"3"
"发现"	3	0	2	0.727	0.477	3.796	1.612	-0.218	-1.026	2.856	"1"
"取笑"	0	0	1	0.145	0.095	0.759	-0.068	-0.044	0.12	0.232	"3"
"受不了"	0	0	1	0.145	0.095	0.759	-0.068	-0.044	0.12	0.232	"3"
"受孕"	1	0	0	0.145	0.095	0.759	0.837	-0.044	-0.618	1.499	"1"
"受访"	0	0	5	0.727	0.477	3.796	-0.341	-0.218	0.598	1.157	"3"
"叙述"	0	0	1	0.145	0.095	0.759	-0.068	-0.044	0.12	0.232	"3"
"口角"	1	0	0	0.145	0.095	0.759	0.837	-0.044	-0.618	1.499	"1"
"句"	0	0	2	0.291	0.191	1.518	-0.137	-0.087	0.239	0.463	"3"
"叫"	0	0	6	0.873	0.572	4.555	-0.41	-0.261	0.718	1.389	"3"
"叫回来"	0	0	1	0.145	0.095	0.759	-0.068	-0.044	0.12	0.232	"3"
"召妓"	0	1	0	0.145	0.095	0.759	-0.068	1.02	-0.618	1.706	"2"
"可惜"	1	0	0	0.145	0.095	0.759	0.837	-0.044	-0.618	1.499	"1"
"可是"	0	1	3	0.582	0.382	3.037	-0.273	0.481	-0.175	0.929	"2"
"可爱"	0	0	2	0.291	0.191	1.518	-0.137	-0.087	0.239	0.463	"3"
"可能性"	0	0	1	0.145	0.095	0.759	-0.068	-0.044	0.12	0.232	"3"
"史汀"	0	0	2	0.291	0.191	1.518	-0.137	-0.087	0.239	0.463	"3"
"史黛尔"	0	0	1	0.145	0.095	0.759	-0.068	-0.044	0.12	0.232	"3"
"叶"	0	0	2	0.291	0.191	1.518	-0.137	-0.087	0.239	0.463	"3"
"司机"	0	0	3	0.436	0.286	2.277	-0.205	-0.131	0.359	0.695	"3"
"合艾"	0	0	1	0.145	0.095	0.759	-0.068	-0.044	0.12	0.232	"3"
"吉尔莫"	0	0	1	0.145	0.095	0.759	-0.068	-0.044	0.12	0.232	"3"
"同"	0	0	1	0.145	0.095	0.759	-0.068	-0.044	0.12	0.232	"3"
"同事"	1	0	0	0.145	0.095	0.759	0.837	-0.044	-0.618	1.499	"1"
"同住"	0	1	0	0.145	0.095	0.759	-0.068	1.02	-0.618	1.706	"2"
"同居"	0	0	2	0.291	0.191	1.518	-0.137	-0.087	0.239	0.463	"3"
"名"	4	0	24	4.073	2.671	21.256	-0.212	-1.219	0.795	2.226	"2"
"名模"	0	1	0	0.145	0.095	0.759	-0.068	1.02	-0.618	1.706	"2"
"名流"	1	0	0	0.145	0.095	0.759	0.837	-0.044	-0.618	1.499	"1"
"名表"	0	1	0	0.145	0.095	0.759	-0.068	1.02	-0.618	1.706	"2"
"后来"	1	0	1	0.291	0.191	1.518	0.569	-0.087	-0.373	1.029	"1"
"后面"	0	0	2	0.291	0.191	1.518	-0.137	-0.087	0.239	0.463	"3"
"向"	0	0	1	0.145	0.095	0.759	-0.068	-0.044	0.12	0.232	"3"
"吓"	0	1	1	0.291	0.191	1.518	-0.137	0.741	-0.373	1.251	"2"
"吗"	0	0	2	0.291	0.191	1.518	-0.137	-0.087	0.239	0.463	"3"
"否认"	2	0	0	0.291	0.191	1.518	1.675	-0.087	-1.237	2.999	"1"
"听"	0	0	1	0.145	0.095	0.759	-0.068	-0.044	0.12	0.232	"3"
"听说"	0	0	1	0.145	0.095	0.759	-0.068	-0.044	0.12	0.232	"3"
"听闻"	0	1	0	0.145	0.095	0.759	-0.068	1.02	-0.618	1.706	"2"
"吴奇发"	0	0	1	0.145	0.095	0.759	-0.068	-0.044	0.12	0.232	"3"
"吴淑"	0	0	1	0.145	0.095	0.759	-0.068	-0.044	0.12	0.232	"3"
"吴淑芬"	0	0	1	0.145	0.095	0.759	-0.068	-0.044	0.12	0.232	"3"
"吻"	0	0	1	0.145	0.095	0.759	-0.068	-0.044	0.12	0.232	"3"
"告诉"	0	2	9	1.6	1.049	8.351	-0.751	0.548	0.315	1.614	"1"
"员拉"	1	0	0	0.145	0.095	0.759	0.837	-0.044	-0.618	1.499	"1"
"呢"	0	0	1	0.145	0.095	0.759	-0.068	-0.044	0.12	0.232	"3"
"周星驰"	0	0	1	0.145	0.095	0.759	-0.068	-0.044	0.12	0.232	"3"
"周杰伦"	0	0	1	0.145	0.095	0.759	-0.068	-0.044	0.12	0.232	"3"
"周正毅"	1	0	0	0.145	0.095	0.759	0.837	-0.044	-0.618	1.499	"1"
"周美"	0	0	1	0.145	0.095	0.759	-0.068	-0.044	0.12	0.232	"3"
"呼叫"	0	0	1	0.145	0.095	0.759	-0.068	-0.044	0.12	0.232	"3"
"命盘"	1	0	0	0.145	0.095	0.759	0.837	-0.044	-0.618	1.499	"1"
"咄咄逼人"	0	0	1	0.145	0.095	0.759	-0.068	-0.044	0.12	0.232	"3"
"和"	11	3	56	10.181	6.678	53.141	0.355	-1.05	0.586	1.991	"2"
"哀求"	0	1	0	0.145	0.095	0.759	-0.068	1.02	-0.618	1.706	"2"
"哈林"	0	0	1	0.145	0.095	0.759	-0.068	-0.044	0.12	0.232	"3"
"哭"	0	1	2	0.436	0.286	2.277	-0.205	0.585	-0.25	1.04	"2"
"哭泣"	0	0	1	0.145	0.095	0.759	-0.068	-0.044	0.12	0.232	"3"
"哭诉"	0	1	0	0.145	0.095	0.759	-0.068	1.02	-0.618	1.706	"2"
"唐中兵"	1	0	0	0.145	0.095	0.759	0.837	-0.044	-0.618	1.499	"1"
"售卖"	1	0	0	0.145	0.095	0.759	0.837	-0.044	-0.618	1.499	"1"
"唯恐"	0	1	0	0.145	0.095	0.759	-0.068	1.02	-0.618	1.706	"2"
"唱片一"	0	0	1	0.145	0.095	0.759	-0.068	-0.044	0.12	0.232	"3"
"商人"	0	0	4	0.582	0.382	3.037	-0.273	-0.174	0.479	0.926	"3"
"商量"	0	0	1	0.145	0.095	0.759	-0.068	-0.044	0.12	0.232	"3"
"喉咙"	0	1	0	0.145	0.095	0.759	-0.068	1.02	-0.618	1.706	"2"
"喜欢"	0	0	1	0.145	0.095	0.759	-0.068	-0.044	0.12	0.232	"3"
"喝"	0	0	1	0.145	0.095	0.759	-0.068	-0.044	0.12	0.232	"3"
"嗜毒"	1	0	1	0.291	0.191	1.518	0.569	-0.087	-0.373	1.029	"1"
"嘴唇"	0	0	1	0.145	0.095	0.759	-0.068	-0.044	0.12	0.232	"3"
"器官"	0	0	3	0.436	0.286	2.277	-0.205	-0.131	0.359	0.695	"3"
"噩耗"	0	1	3	0.582	0.382	3.037	-0.273	0.481	-0.175	0.929	"2"
"嚎哭"	0	0	1	0.145	0.095	0.759	-0.068	-0.044	0.12	0.232	"3"
"回"	0	0	1	0.145	0.095	0.759	-0.068	-0.044	0.12	0.232	"3"
"回到"	0	0	4	0.582	0.382	3.037	-0.273	-0.174	0.479	0.926	"3"
"回家"	0	2	9	1.6	1.049	8.351	-0.751	0.548	0.315	1.614	"1"
"回忆"	0	0	1	0.145	0.095	0.759	-0.068	-0.044	0.12	0.232	"3"
"回教徒"	0	0	1	0.145	0.095	0.759	-0.068	-0.044	0.12	0.232	"3"
"回来"	0	0	2	0.291	0.191	1.518	-0.137	-0.087	0.239	0.463	"3"
"回祈团"	2	0	0	0.291	0.191	1.518	1.675	-0.087	-1.237	2.999	"1"
"因为"	1	0	5	0.873	0.572	4.555	0.214	-0.261	0.255	0.73	"2"
"国王"	1	0	0	0.145	0.095	0.759	0.837	-0.044	-0.618	1.499	"1"
"土克"	1	0	1	0.291	0.191	1.518	0.569	-0.087	-0.373	1.029	"1"
"土反"	0	1	0	0.145	0.095	0.759	-0.068	1.02	-0.618	1.706	"2"
"在家人"	0	0	1	0.145	0.095	0.759	-0.068	-0.044	0.12	0.232	"3"
"地狱"	2	0	0	0.291	0.191	1.518	1.675	-0.087	-1.237	2.999	"1"
"坐"	0	0	1	0.145	0.095	0.759	-0.068	-0.044	0.12	0.232	"3"
"块"	0	0	1	0.145	0.095	0.759	-0.068	-0.044	0.12	0.232	"3"
"坚称"	1	0	0	0.145	0.095	0.759	0.837	-0.044	-0.618	1.499	"1"
"坠楼"	0	1	0	0.145	0.095	0.759	-0.068	1.02	-0.618	1.706	"2"
"坦承"	0	0	2	0.291	0.191	1.518	-0.137	-0.087	0.239	0.463	"3"
"埃季塔"	0	0	1	0.145	0.095	0.759	-0.068	-0.044	0.12	0.232	"3"
"声称"	2	0	0	0.291	0.191	1.518	1.675	-0.087	-1.237	2.999	"1"
"复原"	1	0	0	0.145	0.095	0.759	0.837	-0.044	-0.618	1.499	"1"
"复发"	1	0	0	0.145	0.095	0.759	0.837	-0.044	-0.618	1.499	"1"
"夏立夫"	0	0	1	0.145	0.095	0.759	-0.068	-0.044	0.12	0.232	"3"
"外出"	0	0	1	0.145	0.095	0.759	-0.068	-0.044	0.12	0.232	"3"
"外遇"	1	1	0	0.291	0.191	1.518	0.569	0.741	-1.237	2.547	"3"
"大人"	0	0	1	0.145	0.095	0.759	-0.068	-0.044	0.12	0.232	"3"
"大卖"	0	0	1	0.145	0.095	0.759	-0.068	-0.044	0.12	0.232	"3"
"大卫"	0	0	1	0.145	0.095	0.759	-0.068	-0.044	0.12	0.232	"3"
"大发"	0	0	1	0.145	0.095	0.759	-0.068	-0.044	0.12	0.232	"3"
"大叫"	0	0	1	0.145	0.095	0.759	-0.068	-0.044	0.12	0.232	"3"
"大吵"	0	1	0	0.145	0.095	0.759	-0.068	1.02	-0.618	1.706	"2"
"大碍"	1	0	0	0.145	0.095	0.759	0.837	-0.044	-0.618	1.499	"1"
"大老婆"	0	0	1	0.145	0.095	0.759	-0.068	-0.044	0.12	0.232	"3"
"大耳窿"	0	0	1	0.145	0.095	0.759	-0.068	-0.044	0.12	0.232	"3"
"天堂"	0	0	2	0.291	0.191	1.518	-0.137	-0.087	0.239	0.463	"3"
"太太"	0	0	14	2.036	1.336	10.628	-0.956	-0.61	1.675	3.241	"3"
"太甚"	0	0	1	0.145	0.095	0.759	-0.068	-0.044	0.12	0.232	"3"
"夫"	2	0	1	0.436	0.286	2.277	1.242	-0.131	-0.835	2.208	"1"
"夫人"	0	2	0	0.291	0.191	1.518	-0.137	2.041	-1.237	3.415	"2"
"夫妇"	0	0	4	0.582	0.382	3.037	-0.273	-0.174	0.479	0.926	"3"
"失踪"	0	0	1	0.145	0.095	0.759	-0.068	-0.044	0.12	0.232	"3"
"头"	0	0	1	0.145	0.095	0.759	-0.068	-0.044	0.12	0.232	"3"
"夹住"	0	0	1	0.145	0.095	0.759	-0.068	-0.044	0.12	0.232	"3"
"夺命"	0	0	1	0.145	0.095	0.759	-0.068	-0.044	0.12	0.232	"3"
"奕天"	0	0	1	0.145	0.095	0.759	-0.068	-0.044	0.12	0.232	"3"
"女"	0	0	3	0.436	0.286	2.277	-0.205	-0.131	0.359	0.695	"3"
"女人"	0	0	2	0.291	0.191	1.518	-0.137	-0.087	0.239	0.463	"3"
"女佣"	0	0	2	0.291	0.191	1.518	-0.137	-0.087	0.239	0.463	"3"
"女儿"	0	0	23	3.345	2.194	17.461	-1.57	-1.001	2.752	5.323	"3"
"女兵"	0	0	1	0.145	0.095	0.759	-0.068	-0.044	0.12	0.232	"3"
"女士"	0	0	2	0.291	0.191	1.518	-0.137	-0.087	0.239	0.463	"3"
"女孩"	0	0	2	0.291	0.191	1.518	-0.137	-0.087	0.239	0.463	"3"
"女星"	0	0	1	0.145	0.095	0.759	-0.068	-0.044	0.12	0.232	"3"
"女足"	0	0	1	0.145	0.095	0.759	-0.068	-0.044	0.12	0.232	"3"
"女郎"	0	2	1	0.436	0.286	2.277	-0.205	1.592	-0.835	2.632	"2"
"奸"	0	1	0	0.145	0.095	0.759	-0.068	1.02	-0.618	1.706	"2"
"奸尸"	0	0	2	0.291	0.191	1.518	-0.137	-0.087	0.239	0.463	"3"
"奸情"	0	0	1	0.145	0.095	0.759	-0.068	-0.044	0.12	0.232	"3"
"她"	3	10	45	8.436	5.533	44.031	-1.635	1.333	0.344	3.312	"1"
"好"	0	0	1	0.145	0.095	0.759	-0.068	-0.044	0.12	0.232	"3"
"好友"	0	0	1	0.145	0.095	0.759	-0.068	-0.044	0.12	0.232	"3"
"好在"	0	0	1	0.145	0.095	0.759	-0.068	-0.044	0.12	0.232	"3"
"妇"	0	0	1	0.145	0.095	0.759	-0.068	-0.044	0.12	0.232	"3"
"妈妈"	0	0	1	0.145	0.095	0.759	-0.068	-0.044	0.12	0.232	"3"
"妹妹"	0	0	1	0.145	0.095	0.759	-0.068	-0.044	0.12	0.232	"3"
"妻"	1	1	3	0.727	0.477	3.796	0.264	0.404	-0.459	1.127	"3"
"妻子"	2	10	20	4.654	3.053	24.293	-0.866	3.253	-1.2	5.319	"2"
"姐姐"	2	0	2	0.582	0.382	3.037	0.984	-0.174	-0.608	1.766	"1"
"姐弟"	1	0	0	0.145	0.095	0.759	0.837	-0.044	-0.618	1.499	"1"
"姓"	0	0	1	0.145	0.095	0.759	-0.068	-0.044	0.12	0.232	"3"
"姚"	0	0	1	0.145	0.095	0.759	-0.068	-0.044	0.12	0.232	"3"
"姬"	1	0	0	0.145	0.095	0.759	0.837	-0.044	-0.618	1.499	"1"
"威尔逊"	2	0	0	0.291	0.191	1.518	1.675	-0.087	-1.237	2.999	"1"
"娜"	0	0	1	0.145	0.095	0.759	-0.068	-0.044	0.12	0.232	"3"
"娱乐圈"	0	1	0	0.145	0.095	0.759	-0.068	1.02	-0.618	1.706	"2"
"娶"	0	0	6	0.873	0.572	4.555	-0.41	-0.261	0.718	1.389	"3"
"婚变"	2	0	0	0.291	0.191	1.518	1.675	-0.087	-1.237	2.999	"1"
"婚后"	0	0	2	0.291	0.191	1.518	-0.137	-0.087	0.239	0.463	"3"
"婚外情"	1	0	2	0.436	0.286	2.277	0.425	-0.131	-0.25	0.806	"1"
"婚姻"	1	1	0	0.291	0.191	1.518	0.569	0.741	-1.237	2.547	"3"
"婚礼"	0	0	3	0.436	0.286	2.277	-0.205	-0.131	0.359	0.695	"3"
"嫌凶"	0	0	1	0.145	0.095	0.759	-0.068	-0.044	0.12	0.232	"3"
"嫌犯"	0	0	1	0.145	0.095	0.759	-0.068	-0.044	0.12	0.232	"3"
"子"	1	0	4	0.727	0.477	3.796	0.264	-0.218	0.186	0.668	"1"
"子勤"	0	0	1	0.145	0.095	0.759	-0.068	-0.044	0.12	0.232	"3"
"子嗣"	0	0	1	0.145	0.095	0.759	-0.068	-0.044	0.12	0.232	"3"
"子女"	1	0	0	0.145	0.095	0.759	0.837	-0.044	-0.618	1.499	"1"
"子弟"	0	0	1	0.145	0.095	0.759	-0.068	-0.044	0.12	0.232	"3"
"字"	0	0	2	0.291	0.191	1.518	-0.137	-0.087	0.239	0.463	"3"
"孙"	1	0	0	0.145	0.095	0.759	0.837	-0.044	-0.618	1.499	"1"
"学上"	0	0	1	0.145	0.095	0.759	-0.068	-0.044	0.12	0.232	"3"
"孩"	1	0	0	0.145	0.095	0.759	0.837	-0.044	-0.618	1.499	"1"
"孩子"	0	1	19	2.909	1.908	15.183	-1.365	-0.378	1.527	3.27	"3"
"安慰"	0	0	1	0.145	0.095	0.759	-0.068	-0.044	0.12	0.232	"3"
"安排"	0	0	1	0.145	0.095	0.759	-0.068	-0.044	0.12	0.232	"3"
"安置"	0	0	1	0.145	0.095	0.759	-0.068	-0.044	0.12	0.232	"3"
"完全"	0	0	3	0.436	0.286	2.277	-0.205	-0.131	0.359	0.695	"3"
"审判"	0	1	0	0.145	0.095	0.759	-0.068	1.02	-0.618	1.706	"2"
"审讯"	0	1	0	0.145	0.095	0.759	-0.068	1.02	-0.618	1.706	"2"
"宣誓"	1	0	0	0.145	0.095	0.759	0.837	-0.044	-0.618	1.499	"1"
"害怕"	0	0	1	0.145	0.095	0.759	-0.068	-0.044	0.12	0.232	"3"
"家"	1	1	17	2.764	1.813	14.424	-0.67	-0.35	0.889	1.909	"3"
"家人"	1	1	8	1.454	0.954	7.592	-0.251	0.199	0.257	0.707	"3"
"家务"	0	0	1	0.145	0.095	0.759	-0.068	-0.044	0.12	0.232	"3"
"家属"	0	0	1	0.145	0.095	0.759	-0.068	-0.044	0.12	0.232	"3"
"家庭"	0	2	3	0.727	0.477	3.796	-0.341	1.126	-0.459	1.926	"2"
"容祖儿"	0	0	1	0.145	0.095	0.759	-0.068	-0.044	0.12	0.232	"3"
"容颜"	0	0	1	0.145	0.095	0.759	-0.068	-0.044	0.12	0.232	"3"
"富"	0	0	1	0.145	0.095	0.759	-0.068	-0.044	0.12	0.232	"3"
"对"	0	0	3	0.436	0.286	2.277	-0.205	-0.131	0.359	0.695	"3"
"对待"	0	0	1	0.145	0.095	0.759	-0.068	-0.044	0.12	0.232	"3"
"寻味"	0	0	1	0.145	0.095	0.759	-0.068	-0.044	0.12	0.232	"3"
"寻找"	0	0	2	0.291	0.191	1.518	-0.137	-0.087	0.239	0.463	"3"
"导演"	0	0	1	0.145	0.095	0.759	-0.068	-0.044	0.12	0.232	"3"
"将校"	0	0	1	0.145	0.095	0.759	-0.068	-0.044	0.12	0.232	"3"
"小住"	0	0	1	0.145	0.095	0.759	-0.068	-0.044	0.12	0.232	"3"
"小俩口"	0	0	1	0.145	0.095	0.759	-0.068	-0.044	0.12	0.232	"3"
"小孩"	0	1	4	0.727	0.477	3.796	-0.341	0.404	0.186	0.931	"2"
"小腿肚"	0	0	1	0.145	0.095	0.759	-0.068	-0.044	0.12	0.232	"3"
"小袁"	0	0	1	0.145	0.095	0.759	-0.068	-0.044	0.12	0.232	"3"
"小贝"	0	0	1	0.145	0.095	0.759	-0.068	-0.044	0.12	0.232	"3"
"少妇"	0	2	0	0.291	0.191	1.518	-0.137	2.041	-1.237	3.415	"2"
"尔雅"	0	0	1	0.145	0.095	0.759	-0.068	-0.044	0.12	0.232	"3"
"尖"	1	0	0	0.145	0.095	0.759	0.837	-0.044	-0.618	1.499	"1"
"就是"	1	0	1	0.291	0.191	1.518	0.569	-0.087	-0.373	1.029	"1"
"就算"	0	0	1	0.145	0.095	0.759	-0.068	-0.044	0.12	0.232	"3"
"尸体"	0	0	1	0.145	0.095	0.759	-0.068	-0.044	0.12	0.232	"3"
"尹清枫"	0	0	1	0.145	0.095	0.759	-0.068	-0.044	0.12	0.232	"3"
"尾声"	0	0	1	0.145	0.095	0.759	-0.068	-0.044	0.12	0.232	"3"
"屋"	0	0	1	0.145	0.095	0.759	-0.068	-0.044	0.12	0.232	"3"
"屋主"	0	0	2	0.291	0.191	1.518	-0.137	-0.087	0.239	0.463	"3"
"屋子"	0	0	2	0.291	0.191	1.518	-0.137	-0.087	0.239	0.463	"3"
"山崎拓"	1	0	0	0.145	0.095	0.759	0.837	-0.044	-0.618	1.499	"1"
"岁"	0	3	37	5.818	3.816	30.366	-2.73	-0.335	2.176	5.241	"1"
"岳"	0	0	1	0.145	0.095	0.759	-0.068	-0.044	0.12	0.232	"3"
"岳华"	0	0	2	0.291	0.191	1.518	-0.137	-0.087	0.239	0.463	"3"
"岳母"	0	0	1	0.145	0.095	0.759	-0.068	-0.044	0.12	0.232	"3"
"岳母家"	0	0	1	0.145	0.095	0.759	-0.068	-0.044	0.12	0.232	"3"
"岳父"	1	0	0	0.145	0.095	0.759	0.837	-0.044	-0.618	1.499	"1"
"工作"	0	0	5	0.727	0.477	3.796	-0.341	-0.218	0.598	1.157	"3"
"工程师"	0	0	1	0.145	0.095	0.759	-0.068	-0.044	0.12	0.232	"3"
"己"	1	0	0	0.145	0.095	0.759	0.837	-0.044	-0.618	1.499	"1"
"已婚"	1	0	0	0.145	0.095	0.759	0.837	-0.044	-0.618	1.499	"1"
"已故"	0	1	0	0.145	0.095	0.759	-0.068	1.02	-0.618	1.706	"2"
"巴巴"	0	0	1	0.145	0.095	0.759	-0.068	-0.044	0.12	0.232	"3"
"巴拉圭籍"	0	1	1	0.291	0.191	1.518	-0.137	0.741	-0.373	1.251	"2"
"布莱尔"	0	0	1	0.145	0.095	0.759	-0.068	-0.044	0.12	0.232	"3"
"希拉莉"	0	0	1	0.145	0.095	0.759	-0.068	-0.044	0.12	0.232	"3"
"帐户"	2	0	0	0.291	0.191	1.518	1.675	-0.087	-1.237	2.999	"1"
"带"	0	0	8	1.164	0.763	6.073	-0.546	-0.348	0.957	1.851	"3"
"带入"	1	0	0	0.145	0.095	0.759	0.837	-0.044	-0.618	1.499	"1"
"带回"	0	0	1	0.145	0.095	0.759	-0.068	-0.044	0.12	0.232	"3"
"带走"	1	0	0	0.145	0.095	0.759	0.837	-0.044	-0.618	1.499	"1"
"帮"	0	0	2	0.291	0.191	1.518	-0.137	-0.087	0.239	0.463	"3"
"帮忙"	0	0	3	0.436	0.286	2.277	-0.205	-0.131	0.359	0.695	"3"
"常"	0	0	3	0.436	0.286	2.277	-0.205	-0.131	0.359	0.695	"3"
"常常"	0	0	1	0.145	0.095	0.759	-0.068	-0.044	0.12	0.232	"3"
"干弟弟"	0	1	0	0.145	0.095	0.759	-0.068	1.02	-0.618	1.706	"2"
"平安"	0	0	1	0.145	0.095	0.759	-0.068	-0.044	0.12	0.232	"3"
"平底锅"	0	0	1	0.145	0.095	0.759	-0.068	-0.044	0.12	0.232	"3"
"年前"	2	1	3	0.873	0.572	4.555	0.672	0.345	-0.809	1.826	"3"
"年轻"	0	0	1	0.145	0.095	0.759	-0.068	-0.044	0.12	0.232	"3"
"年龄"	0	0	1	0.145	0.095	0.759	-0.068	-0.044	0.12	0.232	"3"
"幸福"	0	0	1	0.145	0.095	0.759	-0.068	-0.044	0.12	0.232	"3"
"庄春妹"	0	0	1	0.145	0.095	0.759	-0.068	-0.044	0.12	0.232	"3"
"庆祝"	0	0	1	0.145	0.095	0.759	-0.068	-0.044	0.12	0.232	"3"
"度假"	0	0	1	0.145	0.095	0.759	-0.068	-0.044	0.12	0.232	"3"
"度过"	0	1	0	0.145	0.095	0.759	-0.068	1.02	-0.618	1.706	"2"
"康世"	1	0	0	0.145	0.095	0.759	0.837	-0.044	-0.618	1.499	"1"
"廖廷喜"	0	0	1	0.145	0.095	0.759	-0.068	-0.044	0.12	0.232	"3"
"开口"	0	0	1	0.145	0.095	0.759	-0.068	-0.044	0.12	0.232	"3"
"开心"	0	0	1	0.145	0.095	0.759	-0.068	-0.044	0.12	0.232	"3"
"开设"	1	0	0	0.145	0.095	0.759	0.837	-0.044	-0.618	1.499	"1"
"弄脏"	0	0	1	0.145	0.095	0.759	-0.068	-0.044	0.12	0.232	"3"
"引渡"	1	0	0	0.145	0.095	0.759	0.837	-0.044	-0.618	1.499	"1"
"弟弟"	2	0	2	0.582	0.382	3.037	0.984	-0.174	-0.608	1.766	"1"
"张"	0	0	1	0.145	0.095	0.759	-0.068	-0.044	0.12	0.232	"3"
"张兰丁"	0	0	1	0.145	0.095	0.759	-0.068	-0.044	0.12	0.232	"3"
"张冀燕"	1	0	0	0.145	0.095	0.759	0.837	-0.044	-0.618	1.499	"1"
"张国荣"	0	0	1	0.145	0.095	0.759	-0.068	-0.044	0.12	0.232	"3"
"张挺"	0	0	1	0.145	0.095	0.759	-0.068	-0.044	0.12	0.232	"3"
"张旋梅"	0	0	1	0.145	0.095	0.759	-0.068	-0.044	0.12	0.232	"3"
"张某"	1	0	0	0.145	0.095	0.759	0.837	-0.044	-0.618	1.499	"1"
"弯曲"	0	0	1	0.145	0.095	0.759	-0.068	-0.044	0.12	0.232	"3"
"强奸"	0	0	1	0.145	0.095	0.759	-0.068	-0.044	0.12	0.232	"3"
"归顺"	1	0	0	0.145	0.095	0.759	0.837	-0.044	-0.618	1.499	"1"
"当"	0	0	15	2.182	1.431	11.387	-1.024	-0.653	1.795	3.472	"3"
"当作"	0	0	1	0.145	0.095	0.759	-0.068	-0.044	0.12	0.232	"3"
"当年"	0	0	1	0.145	0.095	0.759	-0.068	-0.044	0.12	0.232	"3"
"当时"	0	0	1	0.145	0.095	0.759	-0.068	-0.044	0.12	0.232	"3"
"当晚"	0	0	1	0.145	0.095	0.759	-0.068	-0.044	0.12	0.232	"3"
"录"	0	0	1	0.145	0.095	0.759	-0.068	-0.044	0.12	0.232	"3"
"录东"	0	0	1	0.145	0.095	0.759	-0.068	-0.044	0.12	0.232	"3"
"形容"	0	0	3	0.436	0.286	2.277	-0.205	-0.131	0.359	0.695	"3"
"很"	0	0	2	0.291	0.191	1.518	-0.137	-0.087	0.239	0.463	"3"
"律师"	1	1	1	0.436	0.286	2.277	0.425	0.585	-0.835	1.845	"3"
"徐姓"	0	0	1	0.145	0.095	0.759	-0.068	-0.044	0.12	0.232	"3"
"徐杰麟"	0	0	1	0.145	0.095	0.759	-0.068	-0.044	0.12	0.232	"3"
"徐欣"	1	0	0	0.145	0.095	0.759	0.837	-0.044	-0.618	1.499	"1"
"得"	0	0	1	0.145	0.095	0.759	-0.068	-0.044	0.12	0.232	"3"
"得知"	0	0	1	0.145	0.095	0.759	-0.068	-0.044	0.12	0.232	"3"
"得逞"	0	0	2	0.291	0.191	1.518	-0.137	-0.087	0.239	0.463	"3"
"德士"	0	0	1	0.145	0.095	0.759	-0.068	-0.044	0.12	0.232	"3"
"心"	0	0	1	0.145	0.095	0.759	-0.068	-0.044	0.12	0.232	"3"
"心机"	0	0	1	0.145	0.095	0.759	-0.068	-0.044	0.12	0.232	"3"
"心爱"	0	0	1	0.145	0.095	0.759	-0.068	-0.044	0.12	0.232	"3"
"心脏病"	0	0	1	0.145	0.095	0.759	-0.068	-0.044	0.12	0.232	"3"
"忍"	0	0	1	0.145	0.095	0.759	-0.068	-0.044	0.12	0.232	"3"
"忙"	0	0	2	0.291	0.191	1.518	-0.137	-0.087	0.239	0.463	"3"
"忙着"	1	0	0	0.145	0.095	0.759	0.837	-0.044	-0.618	1.499	"1"
"忧郁症"	0	2	0	0.291	0.191	1.518	-0.137	2.041	-1.237	3.415	"2"
"怀"	0	0	1	0.145	0.095	0.759	-0.068	-0.044	0.12	0.232	"3"
"怀孕"	1	0	1	0.291	0.191	1.518	0.569	-0.087	-0.373	1.029	"1"
"怀孕期"	1	0	0	0.145	0.095	0.759	0.837	-0.044	-0.618	1.499	"1"
"怀疑"	0	1	1	0.291	0.191	1.518	-0.137	0.741	-0.373	1.251	"2"
"怎么办"	0	0	2	0.291	0.191	1.518	-0.137	-0.087	0.239	0.463	"3"
"怎样"	0	0	1	0.145	0.095	0.759	-0.068	-0.044	0.12	0.232	"3"
"怒气冲冲"	0	0	1	0.145	0.095	0.759	-0.068	-0.044	0.12	0.232	"3"
"怕"	0	0	3	0.436	0.286	2.277	-0.205	-0.131	0.359	0.695	"3"
"急救"	1	0	0	0.145	0.095	0.759	0.837	-0.044	-0.618	1.499	"1"
"急驶"	0	0	1	0.145	0.095	0.759	-0.068	-0.044	0.12	0.232	"3"
"性交"	0	0	1	0.145	0.095	0.759	-0.068	-0.044	0.12	0.232	"3"
"性情"	1	0	0	0.145	0.095	0.759	0.837	-0.044	-0.618	1.499	"1"
"性爱"	1	0	0	0.145	0.095	0.759	0.837	-0.044	-0.618	1.499	"1"
"总是"	0	0	1	0.145	0.095	0.759	-0.068	-0.044	0.12	0.232	"3"
"恐吓"	0	1	1	0.291	0.191	1.518	-0.137	0.741	-0.373	1.251	"2"
"恩爱"	0	0	1	0.145	0.095	0.759	-0.068	-0.044	0.12	0.232	"3"
"恬妮"	0	0	1	0.145	0.095	0.759	-0.068	-0.044	0.12	0.232	"3"
"恶言"	1	0	0	0.145	0.095	0.759	0.837	-0.044	-0.618	1.499	"1"
"悍夫"	0	1	0	0.145	0.095	0.759	-0.068	1.02	-0.618	1.706	"2"
"患"	0	0	1	0.145	0.095	0.759	-0.068	-0.044	0.12	0.232	"3"
"患上"	0	1	2	0.436	0.286	2.277	-0.205	0.585	-0.25	1.04	"2"
"患有"	0	0	1	0.145	0.095	0.759	-0.068	-0.044	0.12	0.232	"3"
"患病"	0	0	1	0.145	0.095	0.759	-0.068	-0.044	0.12	0.232	"3"
"情人"	0	0	2	0.291	0.191	1.518	-0.137	-0.087	0.239	0.463	"3"
"情夫"	2	0	0	0.291	0.191	1.518	1.675	-0.087	-1.237	2.999	"1"
"情妇"	2	0	2	0.582	0.382	3.037	0.984	-0.174	-0.608	1.766	"1"
"情郎"	0	0	1	0.145	0.095	0.759	-0.068	-0.044	0.12	0.232	"3"
"惊人"	0	0	1	0.145	0.095	0.759	-0.068	-0.044	0.12	0.232	"3"
"惊动"	0	0	1	0.145	0.095	0.759	-0.068	-0.044	0.12	0.232	"3"
"惊慌"	0	1	0	0.145	0.095	0.759	-0.068	1.02	-0.618	1.706	"2"
"惊讶"	0	0	1	0.145	0.095	0.759	-0.068	-0.044	0.12	0.232	"3"
"惊醒"	0	0	1	0.145	0.095	0.759	-0.068	-0.044	0.12	0.232	"3"
"惜"	1	0	0	0.145	0.095	0.759	0.837	-0.044	-0.618	1.499	"1"
"想"	0	0	1	0.145	0.095	0.759	-0.068	-0.044	0.12	0.232	"3"
"想不到"	0	0	1	0.145	0.095	0.759	-0.068	-0.044	0.12	0.232	"3"
"想来"	0	0	1	0.145	0.095	0.759	-0.068	-0.044	0.12	0.232	"3"
"意"	0	0	1	0.145	0.095	0.759	-0.068	-0.044	0.12	0.232	"3"
"意愿"	0	0	1	0.145	0.095	0.759	-0.068	-0.044	0.12	0.232	"3"
"意料"	0	0	1	0.145	0.095	0.759	-0.068	-0.044	0.12	0.232	"3"
"意识到"	0	0	1	0.145	0.095	0.759	-0.068	-0.044	0.12	0.232	"3"
"感兴趣"	0	0	1	0.145	0.095	0.759	-0.068	-0.044	0.12	0.232	"3"
"感情"	1	1	3	0.727	0.477	3.796	0.264	0.404	-0.459	1.127	"3"
"感谢"	0	0	1	0.145	0.095	0.759	-0.068	-0.044	0.12	0.232	"3"
"愿意"	0	1	1	0.291	0.191	1.518	-0.137	0.741	-0.373	1.251	"2"
"慈善"	0	1	0	0.145	0.095	0.759	-0.068	1.02	-0.618	1.706	"2"
"慢慢"	0	0	2	0.291	0.191	1.518	-0.137	-0.087	0.239	0.463	"3"
"憎恨"	0	0	1	0.145	0.095	0.759	-0.068	-0.044	0.12	0.232	"3"
"成功"	0	0	2	0.291	0.191	1.518	-0.137	-0.087	0.239	0.463	"3"
"成擒"	0	0	1	0.145	0.095	0.759	-0.068	-0.044	0.12	0.232	"3"
"成龙"	0	0	3	0.436	0.286	2.277	-0.205	-0.131	0.359	0.695	"3"
"我"	2	3	68	10.618	6.964	55.418	-3.031	-1.134	3.947	8.112	"3"
"战斗"	1	1	1	0.436	0.286	2.277	0.425	0.585	-0.835	1.845	"3"
"戴"	0	0	2	0.291	0.191	1.518	-0.137	-0.087	0.239	0.463	"3"
"戴万钦"	1	0	0	0.145	0.095	0.759	0.837	-0.044	-0.618	1.499	"1"
"戴荣华"	0	0	1	0.145	0.095	0.759	-0.068	-0.044	0.12	0.232	"3"
"房间"	1	0	3	0.582	0.382	3.037	0.331	-0.174	-0.175	0.68	"1"
"所以"	0	0	2	0.291	0.191	1.518	-0.137	-0.087	0.239	0.463	"3"
"手"	0	0	2	0.291	0.191	1.518	-0.137	-0.087	0.239	0.463	"3"
"手提袋"	0	0	1	0.145	0.095	0.759	-0.068	-0.044	0.12	0.232	"3"
"手续"	1	0	2	0.436	0.286	2.277	0.425	-0.131	-0.25	0.806	"1"
"扎丽哈"	0	0	1	0.145	0.095	0.759	-0.068	-0.044	0.12	0.232	"3"
"打"	0	0	2	0.291	0.191	1.518	-0.137	-0.087	0.239	0.463	"3"
"打下去"	0	0	1	0.145	0.095	0.759	-0.068	-0.044	0.12	0.232	"3"
"打伤"	0	0	1	0.145	0.095	0.759	-0.068	-0.044	0.12	0.232	"3"
"打到"	0	2	0	0.291	0.191	1.518	-0.137	2.041	-1.237	3.415	"2"
"打发"	0	0	1	0.145	0.095	0.759	-0.068	-0.044	0.12	0.232	"3"
"打开"	0	0	1	0.145	0.095	0.759	-0.068	-0.044	0.12	0.232	"3"
"打折"	1	0	0	0.145	0.095	0.759	0.837	-0.044	-0.618	1.499	"1"
"打死"	0	0	1	0.145	0.095	0.759	-0.068	-0.044	0.12	0.232	"3"
"打点"	0	0	1	0.145	0.095	0.759	-0.068	-0.044	0.12	0.232	"3"
"打理"	0	0	3	0.436	0.286	2.277	-0.205	-0.131	0.359	0.695	"3"
"打电话"	1	0	6	1.018	0.668	5.314	-0.137	-0.305	0.33	0.772	"3"
"打算"	0	0	1	0.145	0.095	0.759	-0.068	-0.044	0.12	0.232	"3"
"扶贫"	1	0	0	0.145	0.095	0.759	0.837	-0.044	-0.618	1.499	"1"
"批发商"	0	0	1	0.145	0.095	0.759	-0.068	-0.044	0.12	0.232	"3"
"找上门"	0	0	1	0.145	0.095	0.759	-0.068	-0.044	0.12	0.232	"3"
"找出"	0	0	1	0.145	0.095	0.759	-0.068	-0.044	0.12	0.232	"3"
"承包商"	0	0	2	0.291	0.191	1.518	-0.137	-0.087	0.239	0.463	"3"
"承受"	1	0	0	0.145	0.095	0.759	0.837	-0.044	-0.618	1.499	"1"
"承认"	0	1	0	0.145	0.095	0.759	-0.068	1.02	-0.618	1.706	"2"
"把"	0	0	2	0.291	0.191	1.518	-0.137	-0.087	0.239	0.463	"3"
"抓伤"	0	0	2	0.291	0.191	1.518	-0.137	-0.087	0.239	0.463	"3"
"投报"	0	0	1	0.145	0.095	0.759	-0.068	-0.044	0.12	0.232	"3"
"抚养权"	0	0	1	0.145	0.095	0.759	-0.068	-0.044	0.12	0.232	"3"
"抛"	0	0	1	0.145	0.095	0.759	-0.068	-0.044	0.12	0.232	"3"
"抢匪"	0	0	2	0.291	0.191	1.518	-0.137	-0.087	0.239	0.463	"3"
"护士"	0	0	1	0.145	0.095	0.759	-0.068	-0.044	0.12	0.232	"3"
"报上"	0	1	0	0.145	0.095	0.759	-0.068	1.02	-0.618	1.706	"2"
"报导"	1	0	0	0.145	0.095	0.759	0.837	-0.044	-0.618	1.499	"1"
"报警"	0	0	4	0.582	0.382	3.037	-0.273	-0.174	0.479	0.926	"3"
"抱"	0	0	4	0.582	0.382	3.037	-0.273	-0.174	0.479	0.926	"3"
"抱住"	0	0	1	0.145	0.095	0.759	-0.068	-0.044	0.12	0.232	"3"
"抱头"	0	0	1	0.145	0.095	0.759	-0.068	-0.044	0.12	0.232	"3"
"抱头痛哭"	0	0	2	0.291	0.191	1.518	-0.137	-0.087	0.239	0.463	"3"
"担心"	0	0	3	0.436	0.286	2.277	-0.205	-0.131	0.359	0.695	"3"
"拉"	0	0	1	0.145	0.095	0.759	-0.068	-0.044	0.12	0.232	"3"
"拉住"	0	0	1	0.145	0.095	0.759	-0.068	-0.044	0.12	0.232	"3"
"拉扯"	0	0	1	0.145	0.095	0.759	-0.068	-0.044	0.12	0.232	"3"
"拐"	0	0	2	0.291	0.191	1.518	-0.137	-0.087	0.239	0.463	"3"
"拐弯抹角"	0	0	1	0.145	0.095	0.759	-0.068	-0.044	0.12	0.232	"3"
"拐骗"	1	0	0	0.145	0.095	0.759	0.837	-0.044	-0.618	1.499	"1"
"拖"	1	0	0	0.145	0.095	0.759	0.837	-0.044	-0.618	1.499	"1"
"拘捕"	1	0	0	0.145	0.095	0.759	0.837	-0.044	-0.618	1.499	"1"
"拚命"	0	0	1	0.145	0.095	0.759	-0.068	-0.044	0.12	0.232	"3"
"拜"	0	0	1	0.145	0.095	0.759	-0.068	-0.044	0.12	0.232	"3"
"拜访"	0	0	2	0.291	0.191	1.518	-0.137	-0.087	0.239	0.463	"3"
"拥住"	0	0	1	0.145	0.095	0.759	-0.068	-0.044	0.12	0.232	"3"
"挂头牌"	0	0	1	0.145	0.095	0.759	-0.068	-0.044	0.12	0.232	"3"
"指"	0	1	1	0.291	0.191	1.518	-0.137	0.741	-0.373	1.251	"2"
"指导员"	1	0	0	0.145	0.095	0.759	0.837	-0.044	-0.618	1.499	"1"
"指称"	1	0	0	0.145	0.095	0.759	0.837	-0.044	-0.618	1.499	"1"
"挥刀"	0	1	0	0.145	0.095	0.759	-0.068	1.02	-0.618	1.706	"2"
"捉住"	0	0	1	0.145	0.095	0.759	-0.068	-0.044	0.12	0.232	"3"
"捐出"	0	0	1	0.145	0.095	0.759	-0.068	-0.044	0.12	0.232	"3"
"捐肝救"	2	0	0	0.291	0.191	1.518	1.675	-0.087	-1.237	2.999	"1"
"捕"	1	0	1	0.291	0.191	1.518	0.569	-0.087	-0.373	1.029	"1"
"换"	0	0	3	0.436	0.286	2.277	-0.205	-0.131	0.359	0.695	"3"
"据称"	1	0	0	0.145	0.095	0.759	0.837	-0.044	-0.618	1.499	"1"
"排版"	1	0	0	0.145	0.095	0.759	0.837	-0.044	-0.618	1.499	"1"
"接"	0	0	1	0.145	0.095	0.759	-0.068	-0.044	0.12	0.232	"3"
"接到"	0	0	1	0.145	0.095	0.759	-0.068	-0.044	0.12	0.232	"3"
"接来"	1	0	0	0.145	0.095	0.759	0.837	-0.044	-0.618	1.499	"1"
"接着"	0	0	1	0.145	0.095	0.759	-0.068	-0.044	0.12	0.232	"3"
"接获"	1	1	2	0.582	0.382	3.037	0.331	0.481	-0.608	1.42	"3"
"控"	0	0	3	0.436	0.286	2.277	-0.205	-0.131	0.359	0.695	"3"
"控告"	1	0	2	0.436	0.286	2.277	0.425	-0.131	-0.25	0.806	"1"
"控方"	0	1	1	0.291	0.191	1.518	-0.137	0.741	-0.373	1.251	"2"
"插花"	0	0	1	0.145	0.095	0.759	-0.068	-0.044	0.12	0.232	"3"
"揭发"	0	0	2	0.291	0.191	1.518	-0.137	-0.087	0.239	0.463	"3"
"揭露"	0	1	0	0.145	0.095	0.759	-0.068	1.02	-0.618	1.706	"2"
"搂"	0	1	0	0.145	0.095	0.759	-0.068	1.02	-0.618	1.706	"2"
"搜尽枯肠"	0	0	1	0.145	0.095	0.759	-0.068	-0.044	0.12	0.232	"3"
"搞"	0	0	3	0.436	0.286	2.277	-0.205	-0.131	0.359	0.695	"3"
"搬离"	0	0	1	0.145	0.095	0.759	-0.068	-0.044	0.12	0.232	"3"
"搬进"	0	0	1	0.145	0.095	0.759	-0.068	-0.044	0.12	0.232	"3"
"携"	0	0	1	0.145	0.095	0.759	-0.068	-0.044	0.12	0.232	"3"
"携带"	0	0	1	0.145	0.095	0.759	-0.068	-0.044	0.12	0.232	"3"
"摄取"	0	0	1	0.145	0.095	0.759	-0.068	-0.044	0.12	0.232	"3"
"摊主"	0	0	1	0.145	0.095	0.759	-0.068	-0.044	0.12	0.232	"3"
"摊位"	0	0	1	0.145	0.095	0.759	-0.068	-0.044	0.12	0.232	"3"
"摩哈默"	0	0	1	0.145	0.095	0.759	-0.068	-0.044	0.12	0.232	"3"
"撇下"	1	0	1	0.291	0.191	1.518	0.569	-0.087	-0.373	1.029	"1"
"支付"	1	0	0	0.145	0.095	0.759	0.837	-0.044	-0.618	1.499	"1"
"支持"	0	0	1	0.145	0.095	0.759	-0.068	-0.044	0.12	0.232	"3"
"支薪"	1	0	0	0.145	0.095	0.759	0.837	-0.044	-0.618	1.499	"1"
"支部"	1	0	0	0.145	0.095	0.759	0.837	-0.044	-0.618	1.499	"1"
"收押"	0	0	1	0.145	0.095	0.759	-0.068	-0.044	0.12	0.232	"3"
"改嫁"	1	0	0	0.145	0.095	0.759	0.837	-0.044	-0.618	1.499	"1"
"放下"	0	0	1	0.145	0.095	0.759	-0.068	-0.044	0.12	0.232	"3"
"放声"	0	0	1	0.145	0.095	0.759	-0.068	-0.044	0.12	0.232	"3"
"放心"	1	0	1	0.291	0.191	1.518	0.569	-0.087	-0.373	1.029	"1"
"政治系"	0	0	1	0.145	0.095	0.759	-0.068	-0.044	0.12	0.232	"3"
"政治组"	0	0	1	0.145	0.095	0.759	-0.068	-0.044	0.12	0.232	"3"
"故意"	1	0	0	0.145	0.095	0.759	0.837	-0.044	-0.618	1.499	"1"
"救护车"	0	0	1	0.145	0.095	0.759	-0.068	-0.044	0.12	0.232	"3"
"教"	0	0	2	0.291	0.191	1.518	-0.137	-0.087	0.239	0.463	"3"
"教主"	1	0	0	0.145	0.095	0.759	0.837	-0.044	-0.618	1.499	"1"
"教堂"	0	0	1	0.145	0.095	0.759	-0.068	-0.044	0.12	0.232	"3"
"散步"	0	0	1	0.145	0.095	0.759	-0.068	-0.044	0.12	0.232	"3"
"数数"	0	0	1	0.145	0.095	0.759	-0.068	-0.044	0.12	0.232	"3"
"敲"	0	0	1	0.145	0.095	0.759	-0.068	-0.044	0.12	0.232	"3"
"整天"	0	0	1	0.145	0.095	0.759	-0.068	-0.044	0.12	0.232	"3"
"料到"	0	0	1	0.145	0.095	0.759	-0.068	-0.044	0.12	0.232	"3"
"斩"	0	0	1	0.145	0.095	0.759	-0.068	-0.044	0.12	0.232	"3"
"新娘"	1	0	0	0.145	0.095	0.759	0.837	-0.044	-0.618	1.499	"1"
"新婚"	0	0	1	0.145	0.095	0.759	-0.068	-0.044	0.12	0.232	"3"
"新山"	0	0	1	0.145	0.095	0.759	-0.068	-0.044	0.12	0.232	"3"
"新店"	0	0	1	0.145	0.095	0.759	-0.068	-0.044	0.12	0.232	"3"
"新报"	0	0	1	0.145	0.095	0.759	-0.068	-0.044	0.12	0.232	"3"
"新派"	0	0	1	0.145	0.095	0.759	-0.068	-0.044	0.12	0.232	"3"
"新港"	0	0	1	0.145	0.095	0.759	-0.068	-0.044	0.12	0.232	"3"
"新竹县"	1	0	0	0.145	0.095	0.759	0.837	-0.044	-0.618	1.499	"1"
"新鲜感"	1	0	0	0.145	0.095	0.759	0.837	-0.044	-0.618	1.499	"1"
"方来福"	1	0	1	0.291	0.191	1.518	0.569	-0.087	-0.373	1.029	"1"
"旅居"	0	0	1	0.145	0.095	0.759	-0.068	-0.044	0.12	0.232	"3"
"旅途"	0	0	1	0.145	0.095	0.759	-0.068	-0.044	0.12	0.232	"3"
"无奈"	0	0	2	0.291	0.191	1.518	-0.137	-0.087	0.239	0.463	"3"
"无理"	0	0	2	0.291	0.191	1.518	-0.137	-0.087	0.239	0.463	"3"
"既是"	1	0	1	0.291	0.191	1.518	0.569	-0.087	-0.373	1.029	"1"
"早"	0	0	3	0.436	0.286	2.277	-0.205	-0.131	0.359	0.695	"3"
"早上"	0	0	3	0.436	0.286	2.277	-0.205	-0.131	0.359	0.695	"3"
"早早"	0	0	1	0.145	0.095	0.759	-0.068	-0.044	0.12	0.232	"3"
"早起"	0	0	1	0.145	0.095	0.759	-0.068	-0.044	0.12	0.232	"3"
"早餐"	0	0	2	0.291	0.191	1.518	-0.137	-0.087	0.239	0.463	"3"
"明了"	0	0	1	0.145	0.095	0.759	-0.068	-0.044	0.12	0.232	"3"
"明白"	0	0	1	0.145	0.095	0.759	-0.068	-0.044	0.12	0.232	"3"
"昏迷"	0	1	0	0.145	0.095	0.759	-0.068	1.02	-0.618	1.706	"2"
"易景茜"	1	0	0	0.145	0.095	0.759	0.837	-0.044	-0.618	1.499	"1"
"昔市"	0	0	1	0.145	0.095	0.759	-0.068	-0.044	0.12	0.232	"3"
"春姨"	2	0	0	0.291	0.191	1.518	1.675	-0.087	-1.237	2.999	"1"
"昨"	1	0	0	0.145	0.095	0.759	0.837	-0.044	-0.618	1.499	"1"
"晚上"	0	0	1	0.145	0.095	0.759	-0.068	-0.044	0.12	0.232	"3"
"晚餐"	0	0	1	0.145	0.095	0.759	-0.068	-0.044	0.12	0.232	"3"
"普莱姆"	2	0	0	0.291	0.191	1.518	1.675	-0.087	-1.237	2.999	"1"
"暗示"	0	0	1	0.145	0.095	0.759	-0.068	-0.044	0.12	0.232	"3"
"暴躁"	1	0	0	0.145	0.095	0.759	0.837	-0.044	-0.618	1.499	"1"
"曹张招治"	0	0	1	0.145	0.095	0.759	-0.068	-0.044	0.12	0.232	"3"
"曾"	0	0	6	0.873	0.572	4.555	-0.41	-0.261	0.718	1.389	"3"
"曾家"	0	0	2	0.291	0.191	1.518	-0.137	-0.087	0.239	0.463	"3"
"有没有"	1	0	1	0.291	0.191	1.518	0.569	-0.087	-0.373	1.029	"1"
"有钱"	0	0	1	0.145	0.095	0.759	-0.068	-0.044	0.12	0.232	"3"
"服药"	1	0	0	0.145	0.095	0.759	0.837	-0.044	-0.618	1.499	"1"
"本人"	0	0	1	0.145	0.095	0.759	-0.068	-0.044	0.12	0.232	"3"
"本地"	0	1	1	0.291	0.191	1.518	-0.137	0.741	-0.373	1.251	"2"
"本报"	0	0	1	0.145	0.095	0.759	-0.068	-0.044	0.12	0.232	"3"
"朱丽清"	0	0	1	0.145	0.095	0.759	-0.068	-0.044	0.12	0.232	"3"
"朱明"	1	0	0	0.145	0.095	0.759	0.837	-0.044	-0.618	1.499	"1"
"朴贵达"	1	0	0	0.145	0.095	0.759	0.837	-0.044	-0.618	1.499	"1"
"杀"	0	0	1	0.145	0.095	0.759	-0.068	-0.044	0.12	0.232	"3"
"杀害"	0	0	1	0.145	0.095	0.759	-0.068	-0.044	0.12	0.232	"3"
"杀掉"	0	0	2	0.291	0.191	1.518	-0.137	-0.087	0.239	0.463	"3"
"杀死"	0	0	1	0.145	0.095	0.759	-0.068	-0.044	0.12	0.232	"3"
"杂务"	1	0	0	0.145	0.095	0.759	0.837	-0.044	-0.618	1.499	"1"
"杂货店"	0	0	1	0.145	0.095	0.759	-0.068	-0.044	0.12	0.232	"3"
"李"	0	0	4	0.582	0.382	3.037	-0.273	-0.174	0.479	0.926	"3"
"李一灏"	0	0	1	0.145	0.095	0.759	-0.068	-0.044	0.12	0.232	"3"
"李庆华"	0	0	1	0.145	0.095	0.759	-0.068	-0.044	0.12	0.232	"3"
"李燕莲"	2	0	0	0.291	0.191	1.518	1.675	-0.087	-1.237	2.999	"1"
"李连杰"	0	0	1	0.145	0.095	0.759	-0.068	-0.044	0.12	0.232	"3"
"村子"	0	0	1	0.145	0.095	0.759	-0.068	-0.044	0.12	0.232	"3"
"来源"	0	0	1	0.145	0.095	0.759	-0.068	-0.044	0.12	0.232	"3"
"杰夫"	0	0	1	0.145	0.095	0.759	-0.068	-0.044	0.12	0.232	"3"
"板"	0	0	1	0.145	0.095	0.759	-0.068	-0.044	0.12	0.232	"3"
"极度"	0	1	0	0.145	0.095	0.759	-0.068	1.02	-0.618	1.706	"2"
"林"	1	2	2	0.727	0.477	3.796	0.264	1.126	-1.026	2.416	"2"
"林光华"	1	0	0	0.145	0.095	0.759	0.837	-0.044	-0.618	1.499	"1"
"林场"	1	0	0	0.145	0.095	0.759	0.837	-0.044	-0.618	1.499	"1"
"林开松"	0	0	1	0.145	0.095	0.759	-0.068	-0.044	0.12	0.232	"3"
"林某"	1	0	0	0.145	0.095	0.759	0.837	-0.044	-0.618	1.499	"1"
"林泰洲"	0	0	1	0.145	0.095	0.759	-0.068	-0.044	0.12	0.232	"3"
"林玉"	0	0	1	0.145	0.095	0.759	-0.068	-0.044	0.12	0.232	"3"
"枪枝"	2	0	0	0.291	0.191	1.518	1.675	-0.087	-1.237	2.999	"1"
"染病"	0	0	1	0.145	0.095	0.759	-0.068	-0.044	0.12	0.232	"3"
"柔佛州"	0	0	1	0.145	0.095	0.759	-0.068	-0.044	0.12	0.232	"3"
"柯"	0	1	0	0.145	0.095	0.759	-0.068	1.02	-0.618	1.706	"2"
"柯某"	2	0	0	0.291	0.191	1.518	1.675	-0.087	-1.237	2.999	"1"
"桃花岛"	1	0	0	0.145	0.095	0.759	0.837	-0.044	-0.618	1.499	"1"
"案发"	0	1	1	0.291	0.191	1.518	-0.137	0.741	-0.373	1.251	"2"
"桑普拉斯"	1	0	0	0.145	0.095	0.759	0.837	-0.044	-0.618	1.499	"1"
"梁慧英"	1	0	0	0.145	0.095	0.759	0.837	-0.044	-0.618	1.499	"1"
"梅铎"	0	0	1	0.145	0.095	0.759	-0.068	-0.044	0.12	0.232	"3"
"森"	1	0	2	0.436	0.286	2.277	0.425	-0.131	-0.25	0.806	"1"
"楚蒂"	0	0	1	0.145	0.095	0.759	-0.068	-0.044	0.12	0.232	"3"
"楼"	0	0	1	0.145	0.095	0.759	-0.068	-0.044	0.12	0.232	"3"
"楼梯"	0	0	1	0.145	0.095	0.759	-0.068	-0.044	0.12	0.232	"3"
"欠"	0	0	1	0.145	0.095	0.759	-0.068	-0.044	0.12	0.232	"3"
"次子"	0	0	1	0.145	0.095	0.759	-0.068	-0.044	0.12	0.232	"3"
"欢呼"	0	0	1	0.145	0.095	0.759	-0.068	-0.044	0.12	0.232	"3"
"欣赏"	0	0	1	0.145	0.095	0.759	-0.068	-0.044	0.12	0.232	"3"
"款"	1	0	0	0.145	0.095	0.759	0.837	-0.044	-0.618	1.499	"1"
"歌唱"	0	0	1	0.145	0.095	0.759	-0.068	-0.044	0.12	0.232	"3"
"歌曼"	0	0	1	0.145	0.095	0.759	-0.068	-0.044	0.12	0.232	"3"
"正"	0	0	1	0.145	0.095	0.759	-0.068	-0.044	0.12	0.232	"3"
"死"	2	1	5	1.164	0.763	6.073	0.484	0.258	-0.525	1.267	"3"
"死者"	0	0	11	1.6	1.049	8.351	-0.751	-0.479	1.316	2.546	"3"
"死胎"	1	0	0	0.145	0.095	0.759	0.837	-0.044	-0.618	1.499	"1"
"残暴"	1	0	0	0.145	0.095	0.759	0.837	-0.044	-0.618	1.499	"1"
"残疾"	0	0	1	0.145	0.095	0.759	-0.068	-0.044	0.12	0.232	"3"
"殓尸房"	0	0	1	0.145	0.095	0.759	-0.068	-0.044	0.12	0.232	"3"
"殴打"	0	0	2	0.291	0.191	1.518	-0.137	-0.087	0.239	0.463	"3"
"段"	0	0	2	0.291	0.191	1.518	-0.137	-0.087	0.239	0.463	"3"
"毅然"	0	0	1	0.145	0.095	0.759	-0.068	-0.044	0.12	0.232	"3"
"母"	0	0	1	0.145	0.095	0.759	-0.068	-0.044	0.12	0.232	"3"
"母亲"	0	0	7	1.018	0.668	5.314	-0.478	-0.305	0.838	1.621	"3"
"每当"	0	0	1	0.145	0.095	0.759	-0.068	-0.044	0.12	0.232	"3"
"毒瘾"	0	0	1	0.145	0.095	0.759	-0.068	-0.044	0.12	0.232	"3"
"比对"	0	1	0	0.145	0.095	0.759	-0.068	1.02	-0.618	1.706	"2"
"比赛场"	0	0	1	0.145	0.095	0.759	-0.068	-0.044	0.12	0.232	"3"
"毕业"	0	0	2	0.291	0.191	1.518	-0.137	-0.087	0.239	0.463	"3"
"毛玉萍"	3	0	0	0.436	0.286	2.277	2.512	-0.131	-1.855	4.498	"1"
"毫不"	0	0	1	0.145	0.095	0.759	-0.068	-0.044	0.12	0.232	"3"
"民警"	1	0	0	0.145	0.095	0.759	0.837	-0.044	-0.618	1.499	"1"
"永久"	0	0	1	0.145	0.095	0.759	-0.068	-0.044	0.12	0.232	"3"
"永别"	0	0	1	0.145	0.095	0.759	-0.068	-0.044	0.12	0.232	"3"
"永远"	0	0	1	0.145	0.095	0.759	-0.068	-0.044	0.12	0.232	"3"
"求婚"	0	0	1	0.145	0.095	0.759	-0.068	-0.044	0.12	0.232	"3"
"求情"	0	0	1	0.145	0.095	0.759	-0.068	-0.044	0.12	0.232	"3"
"求诊"	1	0	0	0.145	0.095	0.759	0.837	-0.044	-0.618	1.499	"1"
"汇入"	1	0	0	0.145	0.095	0.759	0.837	-0.044	-0.618	1.499	"1"
"汉巴"	6	0	0	0.873	0.572	4.555	5.024	-0.261	-3.71	8.995	"1"
"江淑惠"	0	0	1	0.145	0.095	0.759	-0.068	-0.044	0.12	0.232	"3"
"沃利斯"	0	1	0	0.145	0.095	0.759	-0.068	1.02	-0.618	1.706	"2"
"沈"	0	0	1	0.145	0.095	0.759	-0.068	-0.044	0.12	0.232	"3"
"沉重"	0	0	1	0.145	0.095	0.759	-0.068	-0.044	0.12	0.232	"3"
"沙嘴"	1	0	0	0.145	0.095	0.759	0.837	-0.044	-0.618	1.499	"1"
"沟通"	0	0	1	0.145	0.095	0.759	-0.068	-0.044	0.12	0.232	"3"
"没"	1	0	5	0.873	0.572	4.555	0.214	-0.261	0.255	0.73	"2"
"没想到"	0	0	2	0.291	0.191	1.518	-0.137	-0.087	0.239	0.463	"3"
"泄露"	1	0	0	0.145	0.095	0.759	0.837	-0.044	-0.618	1.499	"1"
"法蒂玛称"	0	1	0	0.145	0.095	0.759	-0.068	1.02	-0.618	1.706	"2"
"法隆"	0	0	1	0.145	0.095	0.759	-0.068	-0.044	0.12	0.232	"3"
"泡"	1	0	0	0.145	0.095	0.759	0.837	-0.044	-0.618	1.499	"1"
"泡菜"	0	0	2	0.291	0.191	1.518	-0.137	-0.087	0.239	0.463	"3"
"波波"	0	0	1	0.145	0.095	0.759	-0.068	-0.044	0.12	0.232	"3"
"泰"	0	0	1	0.145	0.095	0.759	-0.068	-0.044	0.12	0.232	"3"
"泰籍"	0	0	1	0.145	0.095	0.759	-0.068	-0.044	0.12	0.232	"3"
"洋"	0	0	2	0.291	0.191	1.518	-0.137	-0.087	0.239	0.463	"3"
"洋房"	0	0	1	0.145	0.095	0.759	-0.068	-0.044	0.12	0.232	"3"
"洛史都华"	0	1	0	0.145	0.095	0.759	-0.068	1.02	-0.618	1.706	"2"
"活活"	0	0	1	0.145	0.095	0.759	-0.068	-0.044	0.12	0.232	"3"
"流氓"	0	0	1	0.145	0.095	0.759	-0.068	-0.044	0.12	0.232	"3"
"流露出"	0	0	1	0.145	0.095	0.759	-0.068	-0.044	0.12	0.232	"3"
"浴室"	0	0	1	0.145	0.095	0.759	-0.068	-0.044	0.12	0.232	"3"
"海边"	0	0	1	0.145	0.095	0.759	-0.068	-0.044	0.12	0.232	"3"
"涂"	0	0	3	0.436	0.286	2.277	-0.205	-0.131	0.359	0.695	"3"
"涉嫌"	1	0	0	0.145	0.095	0.759	0.837	-0.044	-0.618	1.499	"1"
"涉足"	0	1	0	0.145	0.095	0.759	-0.068	1.02	-0.618	1.706	"2"
"深夜"	1	0	0	0.145	0.095	0.759	0.837	-0.044	-0.618	1.499	"1"
"淳"	1	0	0	0.145	0.095	0.759	0.837	-0.044	-0.618	1.499	"1"
"清晨"	0	0	1	0.145	0.095	0.759	-0.068	-0.044	0.12	0.232	"3"
"清洁工人"	0	0	1	0.145	0.095	0.759	-0.068	-0.044	0.12	0.232	"3"
"滚"	0	0	2	0.291	0.191	1.518	-0.137	-0.087	0.239	0.463	"3"
"激昂"	0	0	1	0.145	0.095	0.759	-0.068	-0.044	0.12	0.232	"3"
"濒临"	0	0	1	0.145	0.095	0.759	-0.068	-0.044	0.12	0.232	"3"
"灰"	0	0	1	0.145	0.095	0.759	-0.068	-0.044	0.12	0.232	"3"
"烈火"	0	0	1	0.145	0.095	0.759	-0.068	-0.044	0.12	0.232	"3"
"焚"	0	0	1	0.145	0.095	0.759	-0.068	-0.044	0.12	0.232	"3"
"焚烧"	0	0	1	0.145	0.095	0.759	-0.068	-0.044	0.12	0.232	"3"
"然后"	1	0	3	0.582	0.382	3.037	0.331	-0.174	-0.175	0.68	"1"
"煤气"	1	0	0	0.145	0.095	0.759	0.837	-0.044	-0.618	1.499	"1"
"照顾"	0	2	7	1.309	0.859	6.832	-0.614	0.679	0.203	1.496	"2"
"熘"	0	0	1	0.145	0.095	0.759	-0.068	-0.044	0.12	0.232	"3"
"熟"	1	0	0	0.145	0.095	0.759	0.837	-0.044	-0.618	1.499	"1"
"爆裂"	0	0	1	0.145	0.095	0.759	-0.068	-0.044	0.12	0.232	"3"
"爱"	1	0	3	0.582	0.382	3.037	0.331	-0.174	-0.175	0.68	"1"
"爱人"	0	0	1	0.145	0.095	0.759	-0.068	-0.044	0.12	0.232	"3"
"爱奴"	1	0	0	0.145	0.095	0.759	0.837	-0.044	-0.618	1.499	"1"
"爱情"	1	0	0	0.145	0.095	0.759	0.837	-0.044	-0.618	1.499	"1"
"父"	1	1	0	0.291	0.191	1.518	0.569	0.741	-1.237	2.547	"3"
"父亲"	0	0	2	0.291	0.191	1.518	-0.137	-0.087	0.239	0.463	"3"
"父母"	0	1	0	0.145	0.095	0.759	-0.068	1.02	-0.618	1.706	"2"
"爸爸"	2	0	0	0.291	0.191	1.518	1.675	-0.087	-1.237	2.999	"1"
"牌友"	0	0	2	0.291	0.191	1.518	-0.137	-0.087	0.239	0.463	"3"
"牙齿"	0	1	0	0.145	0.095	0.759	-0.068	1.02	-0.618	1.706	"2"
"牟幸龙"	1	0	0	0.145	0.095	0.759	0.837	-0.044	-0.618	1.499	"1"
"牧言"	0	0	1	0.145	0.095	0.759	-0.068	-0.044	0.12	0.232	"3"
"特工"	1	0	0	0.145	0.095	0.759	0.837	-0.044	-0.618	1.499	"1"
"狮城"	0	1	1	0.291	0.191	1.518	-0.137	0.741	-0.373	1.251	"2"
"献给"	2	0	0	0.291	0.191	1.518	1.675	-0.087	-1.237	2.999	"1"
"玉手"	0	0	1	0.145	0.095	0.759	-0.068	-0.044	0.12	0.232	"3"
"王"	0	0	1	0.145	0.095	0.759	-0.068	-0.044	0.12	0.232	"3"
"王世襄"	0	0	1	0.145	0.095	0.759	-0.068	-0.044	0.12	0.232	"3"
"王丽珍"	0	0	1	0.145	0.095	0.759	-0.068	-0.044	0.12	0.232	"3"
"王大福"	0	0	2	0.291	0.191	1.518	-0.137	-0.087	0.239	0.463	"3"
"王姓"	0	0	1	0.145	0.095	0.759	-0.068	-0.044	0.12	0.232	"3"
"王学全"	0	0	1	0.145	0.095	0.759	-0.068	-0.044	0.12	0.232	"3"
"王强"	0	0	1	0.145	0.095	0.759	-0.068	-0.044	0.12	0.232	"3"
"王海龙"	0	0	1	0.145	0.095	0.759	-0.068	-0.044	0.12	0.232	"3"
"王焕富"	0	2	0	0.291	0.191	1.518	-0.137	2.041	-1.237	3.415	"2"
"王琴生"	1	0	1	0.291	0.191	1.518	0.569	-0.087	-0.373	1.029	"1"
"王秋荣"	0	0	1	0.145	0.095	0.759	-0.068	-0.044	0.12	0.232	"3"
"王鼎昌"	0	0	1	0.145	0.095	0.759	-0.068	-0.044	0.12	0.232	"3"
"玛丽亚施赖弗"	0	0	1	0.145	0.095	0.759	-0.068	-0.044	0.12	0.232	"3"
"玫瑰"	1	0	0	0.145	0.095	0.759	0.837	-0.044	-0.618	1.499	"1"
"现在"	1	0	3	0.582	0.382	3.037	0.331	-0.174	-0.175	0.68	"1"
"珍"	0	0	1	0.145	0.095	0.759	-0.068	-0.044	0.12	0.232	"3"
"珍妮佛"	0	0	1	0.145	0.095	0.759	-0.068	-0.044	0.12	0.232	"3"
"琳恩"	0	0	1	0.145	0.095	0.759	-0.068	-0.044	0.12	0.232	"3"
"瑞士籍"	0	0	1	0.145	0.095	0.759	-0.068	-0.044	0.12	0.232	"3"
"瑞秋杭特"	0	1	0	0.145	0.095	0.759	-0.068	1.02	-0.618	1.706	"2"
"甚至"	1	0	0	0.145	0.095	0.759	0.837	-0.044	-0.618	1.499	"1"
"生"	1	0	5	0.873	0.572	4.555	0.214	-0.261	0.255	0.73	"2"
"生下"	0	1	1	0.291	0.191	1.518	-0.137	0.741	-0.373	1.251	"2"
"生前"	0	0	1	0.145	0.095	0.759	-0.068	-0.044	0.12	0.232	"3"
"生子"	0	1	0	0.145	0.095	0.759	-0.068	1.02	-0.618	1.706	"2"
"生意"	0	0	1	0.145	0.095	0.759	-0.068	-0.044	0.12	0.232	"3"
"生育"	1	0	0	0.145	0.095	0.759	0.837	-0.044	-0.618	1.499	"1"
"用剩"	0	0	1	0.145	0.095	0.759	-0.068	-0.044	0.12	0.232	"3"
"申请"	0	2	1	0.436	0.286	2.277	-0.205	1.592	-0.835	2.632	"2"
"电影"	0	0	1	0.145	0.095	0.759	-0.068	-0.044	0.12	0.232	"3"
"电话"	0	0	2	0.291	0.191	1.518	-0.137	-0.087	0.239	0.463	"3"
"电话费"	0	0	2	0.291	0.191	1.518	-0.137	-0.087	0.239	0.463	"3"
"男"	0	0	4	0.582	0.382	3.037	-0.273	-0.174	0.479	0.926	"3"
"男人"	0	1	3	0.582	0.382	3.037	-0.273	0.481	-0.175	0.929	"2"
"男士"	1	0	0	0.145	0.095	0.759	0.837	-0.044	-0.618	1.499	"1"
"男子"	1	2	11	2.036	1.336	10.628	-0.426	0.407	0.257	1.09	"1"
"留"	0	1	5	0.873	0.572	4.555	-0.41	0.345	0.255	1.01	"1"
"留意到"	0	0	1	0.145	0.095	0.759	-0.068	-0.044	0.12	0.232	"3"
"疑心"	1	0	1	0.291	0.191	1.518	0.569	-0.087	-0.373	1.029	"1"
"疼"	1	0	0	0.145	0.095	0.759	0.837	-0.044	-0.618	1.499	"1"
"疼爱"	0	0	1	0.145	0.095	0.759	-0.068	-0.044	0.12	0.232	"3"
"病房"	2	0	1	0.436	0.286	2.277	1.242	-0.131	-0.835	2.208	"1"
"病榻"	1	0	0	0.145	0.095	0.759	0.837	-0.044	-0.618	1.499	"1"
"病逝"	0	0	2	0.291	0.191	1.518	-0.137	-0.087	0.239	0.463	"3"
"痛"	0	0	1	0.145	0.095	0.759	-0.068	-0.044	0.12	0.232	"3"
"痞子"	0	1	0	0.145	0.095	0.759	-0.068	1.02	-0.618	1.706	"2"
"登顶"	0	0	1	0.145	0.095	0.759	-0.068	-0.044	0.12	0.232	"3"
"登龙"	0	0	1	0.145	0.095	0.759	-0.068	-0.044	0.12	0.232	"3"
"盐湖城"	0	0	1	0.145	0.095	0.759	-0.068	-0.044	0.12	0.232	"3"
"盒饭"	0	0	1	0.145	0.095	0.759	-0.068	-0.044	0.12	0.232	"3"
"盘问"	1	0	0	0.145	0.095	0.759	0.837	-0.044	-0.618	1.499	"1"
"盛兆春"	0	0	1	0.145	0.095	0.759	-0.068	-0.044	0.12	0.232	"3"
"盲"	0	0	1	0.145	0.095	0.759	-0.068	-0.044	0.12	0.232	"3"
"直到"	1	0	3	0.582	0.382	3.037	0.331	-0.174	-0.175	0.68	"1"
"相濡以沫"	1	0	0	0.145	0.095	0.759	0.837	-0.044	-0.618	1.499	"1"
"相约"	0	0	2	0.291	0.191	1.518	-0.137	-0.087	0.239	0.463	"3"
"相继"	0	0	1	0.145	0.095	0.759	-0.068	-0.044	0.12	0.232	"3"
"省议员"	1	0	0	0.145	0.095	0.759	0.837	-0.044	-0.618	1.499	"1"
"看到"	0	0	3	0.436	0.286	2.277	-0.205	-0.131	0.359	0.695	"3"
"看电"	0	0	1	0.145	0.095	0.759	-0.068	-0.044	0.12	0.232	"3"
"看看"	0	0	3	0.436	0.286	2.277	-0.205	-0.131	0.359	0.695	"3"
"看轻"	0	1	0	0.145	0.095	0.759	-0.068	1.02	-0.618	1.706	"2"
"眼"	0	0	1	0.145	0.095	0.759	-0.068	-0.044	0.12	0.232	"3"
"着"	0	2	24	3.782	2.48	19.738	-1.775	-0.265	1.489	3.529	"1"
"睡"	0	0	4	0.582	0.382	3.037	-0.273	-0.174	0.479	0.926	"3"
"瞒"	0	0	1	0.145	0.095	0.759	-0.068	-0.044	0.12	0.232	"3"
"知道"	0	0	4	0.582	0.382	3.037	-0.273	-0.174	0.479	0.926	"3"
"石秀宁"	0	0	1	0.145	0.095	0.759	-0.068	-0.044	0.12	0.232	"3"
"碗"	1	0	0	0.145	0.095	0.759	0.837	-0.044	-0.618	1.499	"1"
"碧"	1	0	0	0.145	0.095	0.759	0.837	-0.044	-0.618	1.499	"1"
"碰"	0	0	1	0.145	0.095	0.759	-0.068	-0.044	0.12	0.232	"3"
"碰到"	0	1	0	0.145	0.095	0.759	-0.068	1.02	-0.618	1.706	"2"
"祈祷"	1	0	0	0.145	0.095	0.759	0.837	-0.044	-0.618	1.499	"1"
"祖母"	1	0	0	0.145	0.095	0.759	0.837	-0.044	-0.618	1.499	"1"
"神棍"	0	1	1	0.291	0.191	1.518	-0.137	0.741	-0.373	1.251	"2"
"神气"	1	0	0	0.145	0.095	0.759	0.837	-0.044	-0.618	1.499	"1"
"祥"	1	0	0	0.145	0.095	0.759	0.837	-0.044	-0.618	1.499	"1"
"离"	0	2	0	0.291	0.191	1.518	-0.137	2.041	-1.237	3.415	"2"
"离婚"	3	15	0	2.618	1.717	13.665	0.303	12.517	-11.129	23.949	"2"
"离开"	0	2	2	0.582	0.382	3.037	-0.273	1.32	-0.608	2.201	"2"
"私下"	0	0	1	0.145	0.095	0.759	-0.068	-0.044	0.12	0.232	"3"
"秘书"	1	0	1	0.291	0.191	1.518	0.569	-0.087	-0.373	1.029	"1"
"秦祥林"	0	0	2	0.291	0.191	1.518	-0.137	-0.087	0.239	0.463	"3"
"称"	1	0	0	0.145	0.095	0.759	0.837	-0.044	-0.618	1.499	"1"
"移民"	0	0	1	0.145	0.095	0.759	-0.068	-0.044	0.12	0.232	"3"
"移民局"	0	1	0	0.145	0.095	0.759	-0.068	1.02	-0.618	1.706	"2"
"程"	0	0	1	0.145	0.095	0.759	-0.068	-0.044	0.12	0.232	"3"
"程灵素"	0	0	1	0.145	0.095	0.759	-0.068	-0.044	0.12	0.232	"3"
"稠"	1	0	0	0.145	0.095	0.759	0.837	-0.044	-0.618	1.499	"1"
"究竟"	0	0	1	0.145	0.095	0.759	-0.068	-0.044	0.12	0.232	"3"
"穿"	0	0	1	0.145	0.095	0.759	-0.068	-0.044	0.12	0.232	"3"
"突发"	0	0	1	0.145	0.095	0.759	-0.068	-0.044	0.12	0.232	"3"
"突如其来"	1	0	0	0.145	0.095	0.759	0.837	-0.044	-0.618	1.499	"1"
"突然"	0	0	3	0.436	0.286	2.277	-0.205	-0.131	0.359	0.695	"3"
"竟"	0	0	3	0.436	0.286	2.277	-0.205	-0.131	0.359	0.695	"3"
"竟然"	0	0	3	0.436	0.286	2.277	-0.205	-0.131	0.359	0.695	"3"
"章孝严"	1	0	0	0.145	0.095	0.759	0.837	-0.044	-0.618	1.499	"1"
"笑"	0	0	1	0.145	0.095	0.759	-0.068	-0.044	0.12	0.232	"3"
"笨手笨脚"	0	0	1	0.145	0.095	0.759	-0.068	-0.044	0.12	0.232	"3"
"第57"	0	0	1	0.145	0.095	0.759	-0.068	-0.044	0.12	0.232	"3"
"等候"	0	0	1	0.145	0.095	0.759	-0.068	-0.044	0.12	0.232	"3"
"答"	0	0	1	0.145	0.095	0.759	-0.068	-0.044	0.12	0.232	"3"
"答应"	0	1	0	0.145	0.095	0.759	-0.068	1.02	-0.618	1.706	"2"
"签"	0	0	1	0.145	0.095	0.759	-0.068	-0.044	0.12	0.232	"3"
"简直"	0	0	1	0.145	0.095	0.759	-0.068	-0.044	0.12	0.232	"3"
"米歇尔"	0	0	1	0.145	0.095	0.759	-0.068	-0.044	0.12	0.232	"3"
"精子"	0	0	2	0.291	0.191	1.518	-0.137	-0.087	0.239	0.463	"3"
"精神病"	0	0	2	0.291	0.191	1.518	-0.137	-0.087	0.239	0.463	"3"
"糟"	0	0	1	0.145	0.095	0.759	-0.068	-0.044	0.12	0.232	"3"
"紧紧"	0	0	2	0.291	0.191	1.518	-0.137	-0.087	0.239	0.463	"3"
"纠缠"	1	0	1	0.291	0.191	1.518	0.569	-0.087	-0.373	1.029	"1"
"约好"	0	1	0	0.145	0.095	0.759	-0.068	1.02	-0.618	1.706	"2"
"纪德龙"	0	0	2	0.291	0.191	1.518	-0.137	-0.087	0.239	0.463	"3"
"纪念日"	0	0	1	0.145	0.095	0.759	-0.068	-0.044	0.12	0.232	"3"
"纪旺升"	1	0	0	0.145	0.095	0.759	0.837	-0.044	-0.618	1.499	"1"
"纳尼"	1	0	0	0.145	0.095	0.759	0.837	-0.044	-0.618	1.499	"1"
"练"	1	0	0	0.145	0.095	0.759	0.837	-0.044	-0.618	1.499	"1"
"组长"	0	0	1	0.145	0.095	0.759	-0.068	-0.044	0.12	0.232	"3"
"经常"	1	0	3	0.582	0.382	3.037	0.331	-0.174	-0.175	0.68	"1"
"经理"	0	0	2	0.291	0.191	1.518	-0.137	-0.087	0.239	0.463	"3"
"经纪"	1	0	0	0.145	0.095	0.759	0.837	-0.044	-0.618	1.499	"1"
"结发"	0	0	1	0.145	0.095	0.759	-0.068	-0.044	0.12	0.232	"3"
"结婚"	0	2	8	1.454	0.954	7.592	-0.683	0.609	0.257	1.549	"1"
"结婚照片"	0	0	1	0.145	0.095	0.759	-0.068	-0.044	0.12	0.232	"3"
"给"	0	1	17	2.618	1.717	13.665	-1.229	-0.322	1.327	2.878	"3"
"绝对"	0	0	1	0.145	0.095	0.759	-0.068	-0.044	0.12	0.232	"3"
"维多利"	0	0	2	0.291	0.191	1.518	-0.137	-0.087	0.239	0.463	"3"
"维多利亚"	0	0	5	0.727	0.477	3.796	-0.341	-0.218	0.598	1.157	"3"
"综艺"	0	0	2	0.291	0.191	1.518	-0.137	-0.087	0.239	0.463	"3"
"缠"	0	0	1	0.145	0.095	0.759	-0.068	-0.044	0.12	0.232	"3"
"罗兆江"	0	0	1	0.145	0.095	0.759	-0.068	-0.044	0.12	0.232	"3"
"罗家良"	1	0	0	0.145	0.095	0.759	0.837	-0.044	-0.618	1.499	"1"
"罗淑英"	1	0	0	0.145	0.095	0.759	0.837	-0.044	-0.618	1.499	"1"
"美丽"	0	0	2	0.291	0.191	1.518	-0.137	-0.087	0.239	0.463	"3"
"翁进成"	0	0	1	0.145	0.095	0.759	-0.068	-0.044	0.12	0.232	"3"
"翻脸"	0	0	1	0.145	0.095	0.759	-0.068	-0.044	0.12	0.232	"3"
"老"	0	0	3	0.436	0.286	2.277	-0.205	-0.131	0.359	0.695	"3"
"老么"	0	0	1	0.145	0.095	0.759	-0.068	-0.044	0.12	0.232	"3"
"老先生"	0	0	1	0.145	0.095	0.759	-0.068	-0.044	0.12	0.232	"3"
"老公"	0	0	2	0.291	0.191	1.518	-0.137	-0.087	0.239	0.463	"3"
"老婆"	0	0	9	1.309	0.859	6.832	-0.614	-0.392	1.077	2.083	"3"
"老板"	1	0	0	0.145	0.095	0.759	0.837	-0.044	-0.618	1.499	"1"
"而是"	1	0	0	0.145	0.095	0.759	0.837	-0.044	-0.618	1.499	"1"
"耐心"	0	0	1	0.145	0.095	0.759	-0.068	-0.044	0.12	0.232	"3"
"联名"	0	0	1	0.145	0.095	0.759	-0.068	-0.044	0.12	0.232	"3"
"肖"	0	0	1	0.145	0.095	0.759	-0.068	-0.044	0.12	0.232	"3"
"肚子"	0	0	3	0.436	0.286	2.277	-0.205	-0.131	0.359	0.695	"3"
"肝病"	1	0	0	0.145	0.095	0.759	0.837	-0.044	-0.618	1.499	"1"
"肯"	1	0	0	0.145	0.095	0.759	0.837	-0.044	-0.618	1.499	"1"
"育有"	1	0	1	0.291	0.191	1.518	0.569	-0.087	-0.373	1.029	"1"
"胆儿"	0	0	1	0.145	0.095	0.759	-0.068	-0.044	0.12	0.232	"3"
"背"	0	0	1	0.145	0.095	0.759	-0.068	-0.044	0.12	0.232	"3"
"背后"	0	0	1	0.145	0.095	0.759	-0.068	-0.044	0.12	0.232	"3"
"胎儿"	1	0	0	0.145	0.095	0.759	0.837	-0.044	-0.618	1.499	"1"
"脚"	0	0	4	0.582	0.382	3.037	-0.273	-0.174	0.479	0.926	"3"
"脚趾头"	0	0	1	0.145	0.095	0.759	-0.068	-0.044	0.12	0.232	"3"
"脚踏"	1	0	0	0.145	0.095	0.759	0.837	-0.044	-0.618	1.499	"1"
"脸"	0	1	1	0.291	0.191	1.518	-0.137	0.741	-0.373	1.251	"2"
"脾气"	0	0	1	0.145	0.095	0.759	-0.068	-0.044	0.12	0.232	"3"
"腰部"	0	0	1	0.145	0.095	0.759	-0.068	-0.044	0.12	0.232	"3"
"腹"	2	0	0	0.291	0.191	1.518	1.675	-0.087	-1.237	2.999	"1"
"自"	1	0	0	0.145	0.095	0.759	0.837	-0.044	-0.618	1.499	"1"
"自从"	0	0	2	0.291	0.191	1.518	-0.137	-0.087	0.239	0.463	"3"
"自己"	0	0	7	1.018	0.668	5.314	-0.478	-0.305	0.838	1.621	"3"
"自杀"	0	0	3	0.436	0.286	2.277	-0.205	-0.131	0.359	0.695	"3"
"自行"	0	0	1	0.145	0.095	0.759	-0.068	-0.044	0.12	0.232	"3"
"至亲"	0	0	2	0.291	0.191	1.518	-0.137	-0.087	0.239	0.463	"3"
"节目"	0	0	1	0.145	0.095	0.759	-0.068	-0.044	0.12	0.232	"3"
"芬"	0	0	1	0.145	0.095	0.759	-0.068	-0.044	0.12	0.232	"3"
"花容失色"	0	0	1	0.145	0.095	0.759	-0.068	-0.044	0.12	0.232	"3"
"苏永康"	0	3	0	0.436	0.286	2.277	-0.205	3.061	-1.855	5.121	"2"
"莉萍"	0	0	1	0.145	0.095	0.759	-0.068	-0.044	0.12	0.232	"3"
"莫名其妙"	0	0	1	0.145	0.095	0.759	-0.068	-0.044	0.12	0.232	"3"
"莫宁"	0	0	1	0.145	0.095	0.759	-0.068	-0.044	0.12	0.232	"3"
"获救"	0	0	1	0.145	0.095	0.759	-0.068	-0.044	0.12	0.232	"3"
"获知"	0	0	1	0.145	0.095	0.759	-0.068	-0.044	0.12	0.232	"3"
"萍"	1	0	0	0.145	0.095	0.759	0.837	-0.044	-0.618	1.499	"1"
"萨尔玛"	1	0	0	0.145	0.095	0.759	0.837	-0.044	-0.618	1.499	"1"
"萨达姆"	0	0	1	0.145	0.095	0.759	-0.068	-0.044	0.12	0.232	"3"
"落败"	1	0	0	0.145	0.095	0.759	0.837	-0.044	-0.618	1.499	"1"
"葛玉惠"	1	0	0	0.145	0.095	0.759	0.837	-0.044	-0.618	1.499	"1"
"蒂波"	0	0	1	0.145	0.095	0.759	-0.068	-0.044	0.12	0.232	"3"
"蒙住"	0	0	1	0.145	0.095	0.759	-0.068	-0.044	0.12	0.232	"3"
"蔡科社"	1	0	0	0.145	0.095	0.759	0.837	-0.044	-0.618	1.499	"1"
"蔡胜利"	0	0	1	0.145	0.095	0.759	-0.068	-0.044	0.12	0.232	"3"
"薇"	0	0	2	0.291	0.191	1.518	-0.137	-0.087	0.239	0.463	"3"
"薪水"	0	1	0	0.145	0.095	0.759	-0.068	1.02	-0.618	1.706	"2"
"藉着"	0	0	1	0.145	0.095	0.759	-0.068	-0.044	0.12	0.232	"3"
"藕断丝连"	0	1	0	0.145	0.095	0.759	-0.068	1.02	-0.618	1.706	"2"
"蛮"	0	0	1	0.145	0.095	0.759	-0.068	-0.044	0.12	0.232	"3"
"蜻蜓"	2	0	0	0.291	0.191	1.518	1.675	-0.087	-1.237	2.999	"1"
"血"	0	1	0	0.145	0.095	0.759	-0.068	1.02	-0.618	1.706	"2"
"被告"	0	1	10	1.6	1.049	8.351	-0.751	-0.145	0.664	1.56	"1"
"裁退"	1	0	0	0.145	0.095	0.759	0.837	-0.044	-0.618	1.499	"1"
"裕华园"	0	0	1	0.145	0.095	0.759	-0.068	-0.044	0.12	0.232	"3"
"裘德洛"	0	0	2	0.291	0.191	1.518	-0.137	-0.087	0.239	0.463	"3"
"西安"	0	0	1	0.145	0.095	0.759	-0.068	-0.044	0.12	0.232	"3"
"西蒙妮"	2	0	0	0.291	0.191	1.518	1.675	-0.087	-1.237	2.999	"1"
"要"	0	0	5	0.727	0.477	3.796	-0.341	-0.218	0.598	1.157	"3"
"要不要"	0	0	1	0.145	0.095	0.759	-0.068	-0.044	0.12	0.232	"3"
"见"	0	1	7	1.164	0.763	6.073	-0.546	0.258	0.409	1.213	"1"
"见到"	0	0	2	0.291	0.191	1.518	-0.137	-0.087	0.239	0.463	"3"
"见面"	0	1	4	0.727	0.477	3.796	-0.341	0.404	0.186	0.931	"2"
"观战"	0	1	0	0.145	0.095	0.759	-0.068	1.02	-0.618	1.706	"2"
"觉得"	0	1	1	0.291	0.191	1.518	-0.137	0.741	-0.373	1.251	"2"
"解答"	0	0	1	0.145	0.095	0.759	-0.068	-0.044	0.12	0.232	"3"
"警告"	0	0	1	0.145	0.095	0.759	-0.068	-0.044	0.12	0.232	"3"
"警察"	0	0	1	0.145	0.095	0.759	-0.068	-0.044	0.12	0.232	"3"
"警局"	0	0	2	0.291	0.191	1.518	-0.137	-0.087	0.239	0.463	"3"
"认定"	1	0	0	0.145	0.095	0.759	0.837	-0.044	-0.618	1.499	"1"
"认识"	1	0	1	0.291	0.191	1.518	0.569	-0.087	-0.373	1.029	"1"
"讨"	0	0	1	0.145	0.095	0.759	-0.068	-0.044	0.12	0.232	"3"
"讨钱"	0	0	1	0.145	0.095	0.759	-0.068	-0.044	0.12	0.232	"3"
"让出"	0	0	1	0.145	0.095	0.759	-0.068	-0.044	0.12	0.232	"3"
"讯"	1	0	0	0.145	0.095	0.759	0.837	-0.044	-0.618	1.499	"1"
"讲"	0	0	5	0.727	0.477	3.796	-0.341	-0.218	0.598	1.157	"3"
"许"	0	0	3	0.436	0.286	2.277	-0.205	-0.131	0.359	0.695	"3"
"许恩佩"	0	0	1	0.145	0.095	0.759	-0.068	-0.044	0.12	0.232	"3"
"许细礼"	0	0	1	0.145	0.095	0.759	-0.068	-0.044	0.12	0.232	"3"
"证"	0	0	1	0.145	0.095	0.759	-0.068	-0.044	0.12	0.232	"3"
"证据"	0	1	1	0.291	0.191	1.518	-0.137	0.741	-0.373	1.251	"2"
"识字"	0	0	1	0.145	0.095	0.759	-0.068	-0.044	0.12	0.232	"3"
"诉"	0	1	1	0.291	0.191	1.518	-0.137	0.741	-0.373	1.251	"2"
"诉苦"	0	0	1	0.145	0.095	0.759	-0.068	-0.044	0.12	0.232	"3"
"译音"	0	0	1	0.145	0.095	0.759	-0.068	-0.044	0.12	0.232	"3"
"试"	0	0	1	0.145	0.095	0.759	-0.068	-0.044	0.12	0.232	"3"
"话"	0	0	3	0.436	0.286	2.277	-0.205	-0.131	0.359	0.695	"3"
"询及"	1	0	0	0.145	0.095	0.759	0.837	-0.044	-0.618	1.499	"1"
"语气"	0	0	2	0.291	0.191	1.518	-0.137	-0.087	0.239	0.463	"3"
"误杀"	0	0	1	0.145	0.095	0.759	-0.068	-0.044	0.12	0.232	"3"
"说"	0	1	18	2.764	1.813	14.424	-1.297	-0.35	1.427	3.074	"3"
"说出"	0	1	0	0.145	0.095	0.759	-0.068	1.02	-0.618	1.706	"2"
"说到"	0	0	1	0.145	0.095	0.759	-0.068	-0.044	0.12	0.232	"3"
"说清楚"	1	0	0	0.145	0.095	0.759	0.837	-0.044	-0.618	1.499	"1"
"说话"	0	0	1	0.145	0.095	0.759	-0.068	-0.044	0.12	0.232	"3"
"说起"	0	0	1	0.145	0.095	0.759	-0.068	-0.044	0.12	0.232	"3"
"诺夫"	1	0	0	0.145	0.095	0.759	0.837	-0.044	-0.618	1.499	"1"
"谁"	0	0	1	0.145	0.095	0.759	-0.068	-0.044	0.12	0.232	"3"
"调来"	0	0	1	0.145	0.095	0.759	-0.068	-0.044	0.12	0.232	"3"
"谈起"	0	0	1	0.145	0.095	0.759	-0.068	-0.044	0.12	0.232	"3"
"谋杀"	1	0	1	0.291	0.191	1.518	0.569	-0.087	-0.373	1.029	"1"
"谢"	0	0	1	0.145	0.095	0.759	-0.068	-0.044	0.12	0.232	"3"
"谢玉玺"	0	0	1	0.145	0.095	0.759	-0.068	-0.044	0.12	0.232	"3"
"谢莉"	0	0	1	0.145	0.095	0.759	-0.068	-0.044	0.12	0.232	"3"
"谭敏"	0	0	1	0.145	0.095	0.759	-0.068	-0.044	0.12	0.232	"3"
"贝克汉姆"	0	0	7	1.018	0.668	5.314	-0.478	-0.305	0.838	1.621	"3"
"贝尼特兹"	0	1	0	0.145	0.095	0.759	-0.068	1.02	-0.618	1.706	"2"
"贝雅特丽齐"	1	0	0	0.145	0.095	0.759	0.837	-0.044	-0.618	1.499	"1"
"负起"	0	0	1	0.145	0.095	0.759	-0.068	-0.044	0.12	0.232	"3"
"财"	0	0	1	0.145	0.095	0.759	-0.068	-0.044	0.12	0.232	"3"
"财产"	0	0	1	0.145	0.095	0.759	-0.068	-0.044	0.12	0.232	"3"
"责怪"	0	0	1	0.145	0.095	0.759	-0.068	-0.044	0.12	0.232	"3"
"贪玩"	0	0	1	0.145	0.095	0.759	-0.068	-0.044	0.12	0.232	"3"
"贫困户"	0	0	1	0.145	0.095	0.759	-0.068	-0.044	0.12	0.232	"3"
"购车"	1	0	0	0.145	0.095	0.759	0.837	-0.044	-0.618	1.499	"1"
"费解"	1	0	0	0.145	0.095	0.759	0.837	-0.044	-0.618	1.499	"1"
"赞美"	0	1	0	0.145	0.095	0.759	-0.068	1.02	-0.618	1.706	"2"
"赡养费"	1	0	0	0.145	0.095	0.759	0.837	-0.044	-0.618	1.499	"1"
"赵"	0	0	1	0.145	0.095	0.759	-0.068	-0.044	0.12	0.232	"3"
"赵宝琴"	0	0	1	0.145	0.095	0.759	-0.068	-0.044	0.12	0.232	"3"
"赵崇杰"	0	0	1	0.145	0.095	0.759	-0.068	-0.044	0.12	0.232	"3"
"赶到"	0	2	1	0.436	0.286	2.277	-0.205	1.592	-0.835	2.632	"2"
"赶回"	0	0	1	0.145	0.095	0.759	-0.068	-0.044	0.12	0.232	"3"
"赶拍"	0	0	1	0.145	0.095	0.759	-0.068	-0.044	0.12	0.232	"3"
"起"	0	0	1	0.145	0.095	0.759	-0.068	-0.044	0.12	0.232	"3"
"起床"	0	0	2	0.291	0.191	1.518	-0.137	-0.087	0.239	0.463	"3"
"起来"	0	0	1	0.145	0.095	0.759	-0.068	-0.044	0.12	0.232	"3"
"起诉"	0	0	1	0.145	0.095	0.759	-0.068	-0.044	0.12	0.232	"3"
"趁"	0	0	1	0.145	0.095	0.759	-0.068	-0.044	0.12	0.232	"3"
"趁机"	0	0	1	0.145	0.095	0.759	-0.068	-0.044	0.12	0.232	"3"
"跟"	0	1	9	1.454	0.954	7.592	-0.683	0.199	0.576	1.458	"1"
"跟从"	0	0	1	0.145	0.095	0.759	-0.068	-0.044	0.12	0.232	"3"
"跟前"	0	0	1	0.145	0.095	0.759	-0.068	-0.044	0.12	0.232	"3"
"跟随"	0	1	0	0.145	0.095	0.759	-0.068	1.02	-0.618	1.706	"2"
"身为"	0	2	0	0.291	0.191	1.518	-0.137	2.041	-1.237	3.415	"2"
"身亡"	0	0	1	0.145	0.095	0.759	-0.068	-0.044	0.12	0.232	"3"
"身旁"	1	0	0	0.145	0.095	0.759	0.837	-0.044	-0.618	1.499	"1"
"身段"	0	0	1	0.145	0.095	0.759	-0.068	-0.044	0.12	0.232	"3"
"身边"	0	0	5	0.727	0.477	3.796	-0.341	-0.218	0.598	1.157	"3"
"躲"	0	0	1	0.145	0.095	0.759	-0.068	-0.044	0.12	0.232	"3"
"躺下"	0	0	1	0.145	0.095	0.759	-0.068	-0.044	0.12	0.232	"3"
"车"	0	0	1	0.145	0.095	0.759	-0.068	-0.044	0.12	0.232	"3"
"车祸"	0	1	2	0.436	0.286	2.277	-0.205	0.585	-0.25	1.04	"2"
"转身"	0	0	1	0.145	0.095	0.759	-0.068	-0.044	0.12	0.232	"3"
"转过"	0	0	1	0.145	0.095	0.759	-0.068	-0.044	0.12	0.232	"3"
"轮到"	0	0	1	0.145	0.095	0.759	-0.068	-0.044	0.12	0.232	"3"
"轮椅"	0	0	1	0.145	0.095	0.759	-0.068	-0.044	0.12	0.232	"3"
"辜负"	0	0	1	0.145	0.095	0.759	-0.068	-0.044	0.12	0.232	"3"
"辱骂"	0	0	1	0.145	0.095	0.759	-0.068	-0.044	0.12	0.232	"3"
"过"	0	0	1	0.145	0.095	0.759	-0.068	-0.044	0.12	0.232	"3"
"过世"	0	0	1	0.145	0.095	0.759	-0.068	-0.044	0.12	0.232	"3"
"过去"	0	0	2	0.291	0.191	1.518	-0.137	-0.087	0.239	0.463	"3"
"过后"	0	0	1	0.145	0.095	0.759	-0.068	-0.044	0.12	0.232	"3"
"过夜"	0	0	1	0.145	0.095	0.759	-0.068	-0.044	0.12	0.232	"3"
"过来"	0	0	1	0.145	0.095	0.759	-0.068	-0.044	0.12	0.232	"3"
"过量"	0	0	1	0.145	0.095	0.759	-0.068	-0.044	0.12	0.232	"3"
"过错"	1	0	0	0.145	0.095	0.759	0.837	-0.044	-0.618	1.499	"1"
"迎娶"	1	0	0	0.145	0.095	0.759	0.837	-0.044	-0.618	1.499	"1"
"运气"	0	0	1	0.145	0.095	0.759	-0.068	-0.044	0.12	0.232	"3"
"返"	0	0	1	0.145	0.095	0.759	-0.068	-0.044	0.12	0.232	"3"
"返抵"	1	0	0	0.145	0.095	0.759	0.837	-0.044	-0.618	1.499	"1"
"还"	0	0	1	0.145	0.095	0.759	-0.068	-0.044	0.12	0.232	"3"
"还好"	0	0	1	0.145	0.095	0.759	-0.068	-0.044	0.12	0.232	"3"
"还是"	0	0	1	0.145	0.095	0.759	-0.068	-0.044	0.12	0.232	"3"
"还要"	0	0	2	0.291	0.191	1.518	-0.137	-0.087	0.239	0.463	"3"
"还魂"	0	1	0	0.145	0.095	0.759	-0.068	1.02	-0.618	1.706	"2"
"这时"	0	0	2	0.291	0.191	1.518	-0.137	-0.087	0.239	0.463	"3"
"连"	1	0	1	0.291	0.191	1.518	0.569	-0.087	-0.373	1.029	"1"
"连同"	1	0	0	0.145	0.095	0.759	0.837	-0.044	-0.618	1.499	"1"
"迷"	0	0	1	0.145	0.095	0.759	-0.068	-0.044	0.12	0.232	"3"
"追"	0	0	1	0.145	0.095	0.759	-0.068	-0.044	0.12	0.232	"3"
"退休"	0	0	1	0.145	0.095	0.759	-0.068	-0.044	0.12	0.232	"3"
"退役"	1	0	0	0.145	0.095	0.759	0.837	-0.044	-0.618	1.499	"1"
"送给"	1	0	0	0.145	0.095	0.759	0.837	-0.044	-0.618	1.499	"1"
"逃出"	1	0	0	0.145	0.095	0.759	0.837	-0.044	-0.618	1.499	"1"
"逃到"	0	0	1	0.145	0.095	0.759	-0.068	-0.044	0.12	0.232	"3"
"逃脱"	0	0	1	0.145	0.095	0.759	-0.068	-0.044	0.12	0.232	"3"
"透露"	0	0	3	0.436	0.286	2.277	-0.205	-0.131	0.359	0.695	"3"
"通奸"	1	0	0	0.145	0.095	0.759	0.837	-0.044	-0.618	1.499	"1"
"逝世"	0	0	1	0.145	0.095	0.759	-0.068	-0.044	0.12	0.232	"3"
"造型"	0	0	1	0.145	0.095	0.759	-0.068	-0.044	0.12	0.232	"3"
"逼"	0	0	4	0.582	0.382	3.037	-0.273	-0.174	0.479	0.926	"3"
"遇害"	0	0	1	0.145	0.095	0.759	-0.068	-0.044	0.12	0.232	"3"
"道歉"	0	2	0	0.291	0.191	1.518	-0.137	2.041	-1.237	3.415	"2"
"遭"	0	0	1	0.145	0.095	0.759	-0.068	-0.044	0.12	0.232	"3"
"邓"	0	0	2	0.291	0.191	1.518	-0.137	-0.087	0.239	0.463	"3"
"邓文迪"	0	0	1	0.145	0.095	0.759	-0.068	-0.044	0.12	0.232	"3"
"邓练贤"	1	0	0	0.145	0.095	0.759	0.837	-0.044	-0.618	1.499	"1"
"邓见明"	1	0	0	0.145	0.095	0.759	0.837	-0.044	-0.618	1.499	"1"
"那"	0	0	6	0.873	0.572	4.555	-0.41	-0.261	0.718	1.389	"3"
"那里"	0	0	1	0.145	0.095	0.759	-0.068	-0.044	0.12	0.232	"3"
"邱茂男"	2	0	0	0.291	0.191	1.518	1.675	-0.087	-1.237	2.999	"1"
"邹某"	1	0	0	0.145	0.095	0.759	0.837	-0.044	-0.618	1.499	"1"
"邻居"	0	0	3	0.436	0.286	2.277	-0.205	-0.131	0.359	0.695	"3"
"郎"	1	0	0	0.145	0.095	0.759	0.837	-0.044	-0.618	1.499	"1"
"郑"	0	0	3	0.436	0.286	2.277	-0.205	-0.131	0.359	0.695	"3"
"郑淑萍"	0	1	0	0.145	0.095	0.759	-0.068	1.02	-0.618	1.706	"2"
"郑美琴"	1	0	0	0.145	0.095	0.759	0.837	-0.044	-0.618	1.499	"1"
"郑靖文"	0	0	1	0.145	0.095	0.759	-0.068	-0.044	0.12	0.232	"3"
"部官员"	0	0	1	0.145	0.095	0.759	-0.068	-0.044	0.12	0.232	"3"
"郭佩妮"	0	0	1	0.145	0.095	0.759	-0.068	-0.044	0.12	0.232	"3"
"酒客"	1	0	0	0.145	0.095	0.759	0.837	-0.044	-0.618	1.499	"1"
"采"	1	0	0	0.145	0.095	0.759	0.837	-0.044	-0.618	1.499	"1"
"重任"	0	0	1	0.145	0.095	0.759	-0.068	-0.044	0.12	0.232	"3"
"重提"	0	1	0	0.145	0.095	0.759	-0.068	1.02	-0.618	1.706	"2"
"金凤"	0	0	1	0.145	0.095	0.759	-0.068	-0.044	0.12	0.232	"3"
"金柏莉"	0	0	1	0.145	0.095	0.759	-0.068	-0.044	0.12	0.232	"3"
"金碧华"	0	0	1	0.145	0.095	0.759	-0.068	-0.044	0.12	0.232	"3"
"钥"	0	0	1	0.145	0.095	0.759	-0.068	-0.044	0.12	0.232	"3"
"钱"	0	0	3	0.436	0.286	2.277	-0.205	-0.131	0.359	0.695	"3"
"钱尼"	0	0	1	0.145	0.095	0.759	-0.068	-0.044	0.12	0.232	"3"
"钱财"	1	0	0	0.145	0.095	0.759	0.837	-0.044	-0.618	1.499	"1"
"铁锤"	0	0	2	0.291	0.191	1.518	-0.137	-0.087	0.239	0.463	"3"
"锁头"	0	0	2	0.291	0.191	1.518	-0.137	-0.087	0.239	0.463	"3"
"锒铛入狱"	2	0	0	0.291	0.191	1.518	1.675	-0.087	-1.237	2.999	"1"
"错误"	0	0	1	0.145	0.095	0.759	-0.068	-0.044	0.12	0.232	"3"
"长假"	0	0	1	0.145	0.095	0.759	-0.068	-0.044	0.12	0.232	"3"
"长柄"	0	0	1	0.145	0.095	0.759	-0.068	-0.044	0.12	0.232	"3"
"长相"	0	0	1	0.145	0.095	0.759	-0.068	-0.044	0.12	0.232	"3"
"长胖"	1	0	0	0.145	0.095	0.759	0.837	-0.044	-0.618	1.499	"1"
"问"	0	0	1	0.145	0.095	0.759	-0.068	-0.044	0.12	0.232	"3"
"问起"	0	0	1	0.145	0.095	0.759	-0.068	-0.044	0.12	0.232	"3"
"闯入"	0	0	1	0.145	0.095	0.759	-0.068	-0.044	0.12	0.232	"3"
"间"	1	0	0	0.145	0.095	0.759	0.837	-0.044	-0.618	1.499	"1"
"闹"	0	1	0	0.145	0.095	0.759	-0.068	1.02	-0.618	1.706	"2"
"阮氏"	0	0	1	0.145	0.095	0.759	-0.068	-0.044	0.12	0.232	"3"
"防范"	0	0	1	0.145	0.095	0.759	-0.068	-0.044	0.12	0.232	"3"
"阻拦"	0	0	1	0.145	0.095	0.759	-0.068	-0.044	0.12	0.232	"3"
"阿伯"	0	0	1	0.145	0.095	0.759	-0.068	-0.044	0.12	0.232	"3"
"阿姆"	0	1	0	0.145	0.095	0.759	-0.068	1.02	-0.618	1.706	"2"
"阿苏"	1	0	0	0.145	0.095	0.759	0.837	-0.044	-0.618	1.499	"1"
"阿诺"	0	0	1	0.145	0.095	0.759	-0.068	-0.044	0.12	0.232	"3"
"阿里"	0	0	1	0.145	0.095	0.759	-0.068	-0.044	0.12	0.232	"3"
"陈"	0	0	4	0.582	0.382	3.037	-0.273	-0.174	0.479	0.926	"3"
"陈中照"	0	0	1	0.145	0.095	0.759	-0.068	-0.044	0.12	0.232	"3"
"陈姓"	0	0	1	0.145	0.095	0.759	-0.068	-0.044	0.12	0.232	"3"
"陈嫌"	0	0	1	0.145	0.095	0.759	-0.068	-0.044	0.12	0.232	"3"
"陈宝弟"	0	0	2	0.291	0.191	1.518	-0.137	-0.087	0.239	0.463	"3"
"陈志良"	3	0	0	0.436	0.286	2.277	2.512	-0.131	-1.855	4.498	"1"
"陈泰铭"	0	0	1	0.145	0.095	0.759	-0.068	-0.044	0.12	0.232	"3"
"陈瑞钦"	1	0	1	0.291	0.191	1.518	0.569	-0.087	-0.373	1.029	"1"
"陈福兆"	0	0	2	0.291	0.191	1.518	-0.137	-0.087	0.239	0.463	"3"
"陈秀明"	0	0	1	0.145	0.095	0.759	-0.068	-0.044	0.12	0.232	"3"
"陈莉"	1	0	0	0.145	0.095	0.759	0.837	-0.044	-0.618	1.499	"1"
"陈赵平"	0	0	1	0.145	0.095	0.759	-0.068	-0.044	0.12	0.232	"3"
"陌生"	0	0	1	0.145	0.095	0.759	-0.068	-0.044	0.12	0.232	"3"
"陪"	0	0	5	0.727	0.477	3.796	-0.341	-0.218	0.598	1.157	"3"
"陪伴"	0	0	1	0.145	0.095	0.759	-0.068	-0.044	0.12	0.232	"3"
"陪同"	6	0	2	1.164	0.763	6.073	3.692	-0.348	-2.463	6.503	"1"
"随"	1	0	0	0.145	0.095	0.759	0.837	-0.044	-0.618	1.499	"1"
"随后"	1	1	0	0.291	0.191	1.518	0.569	0.741	-1.237	2.547	"3"
"隔离"	1	0	3	0.582	0.382	3.037	0.331	-0.174	-0.175	0.68	"1"
"难免"	0	0	1	0.145	0.095	0.759	-0.068	-0.044	0.12	0.232	"3"
"难怪"	0	1	0	0.145	0.095	0.759	-0.068	1.02	-0.618	1.706	"2"
"难过"	0	0	1	0.145	0.095	0.759	-0.068	-0.044	0.12	0.232	"3"
"难题"	0	0	1	0.145	0.095	0.759	-0.068	-0.044	0.12	0.232	"3"
"雅仄"	1	0	0	0.145	0.095	0.759	0.837	-0.044	-0.618	1.499	"1"
"雇主"	0	0	1	0.145	0.095	0.759	-0.068	-0.044	0.12	0.232	"3"
"雷学明"	0	0	1	0.145	0.095	0.759	-0.068	-0.044	0.12	0.232	"3"
"需要"	0	0	1	0.145	0.095	0.759	-0.068	-0.044	0.12	0.232	"3"
"震惊"	0	1	0	0.145	0.095	0.759	-0.068	1.02	-0.618	1.706	"2"
"霞"	1	0	0	0.145	0.095	0.759	0.837	-0.044	-0.618	1.499	"1"
"靠"	0	0	2	0.291	0.191	1.518	-0.137	-0.087	0.239	0.463	"3"
"面"	0	0	1	0.145	0.095	0.759	-0.068	-0.044	0.12	0.232	"3"
"面前"	0	1	0	0.145	0.095	0.759	-0.068	1.02	-0.618	1.706	"2"
"面试"	0	0	1	0.145	0.095	0.759	-0.068	-0.044	0.12	0.232	"3"
"韩片"	0	0	2	0.291	0.191	1.518	-0.137	-0.087	0.239	0.463	"3"
"韵诗"	0	0	1	0.145	0.095	0.759	-0.068	-0.044	0.12	0.232	"3"
"顺口"	0	0	1	0.145	0.095	0.759	-0.068	-0.044	0.12	0.232	"3"
"顾不上"	0	0	1	0.145	0.095	0.759	-0.068	-0.044	0.12	0.232	"3"
"顿时"	0	0	1	0.145	0.095	0.759	-0.068	-0.044	0.12	0.232	"3"
"领养"	0	0	1	0.145	0.095	0.759	-0.068	-0.044	0.12	0.232	"3"
"领到"	0	0	1	0.145	0.095	0.759	-0.068	-0.044	0.12	0.232	"3"
"领头"	1	0	0	0.145	0.095	0.759	0.837	-0.044	-0.618	1.499	"1"
"频道"	0	0	1	0.145	0.095	0.759	-0.068	-0.044	0.12	0.232	"3"
"颜"	0	0	2	0.291	0.191	1.518	-0.137	-0.087	0.239	0.463	"3"
"额头"	0	0	1	0.145	0.095	0.759	-0.068	-0.044	0.12	0.232	"3"
"飞到"	0	0	1	0.145	0.095	0.759	-0.068	-0.044	0.12	0.232	"3"
"餵食"	0	0	1	0.145	0.095	0.759	-0.068	-0.044	0.12	0.232	"3"
"饰演"	0	0	3	0.436	0.286	2.277	-0.205	-0.131	0.359	0.695	"3"
"饱受"	0	0	1	0.145	0.095	0.759	-0.068	-0.044	0.12	0.232	"3"
"饶颖奇"	1	0	0	0.145	0.095	0.759	0.837	-0.044	-0.618	1.499	"1"
"饿"	0	0	2	0.291	0.191	1.518	-0.137	-0.087	0.239	0.463	"3"
"首富"	1	0	0	0.145	0.095	0.759	0.837	-0.044	-0.618	1.499	"1"
"首重"	1	0	0	0.145	0.095	0.759	0.837	-0.044	-0.618	1.499	"1"
"首饰"	0	1	0	0.145	0.095	0.759	-0.068	1.02	-0.618	1.706	"2"
"香烟"	0	0	1	0.145	0.095	0.759	-0.068	-0.044	0.12	0.232	"3"
"马上"	0	1	1	0.291	0.191	1.518	-0.137	0.741	-0.373	1.251	"2"
"马国"	3	0	2	0.727	0.477	3.796	1.612	-0.218	-1.026	2.856	"1"
"马赞"	1	0	0	0.145	0.095	0.759	0.837	-0.044	-0.618	1.499	"1"
"驳命"	0	0	1	0.145	0.095	0.759	-0.068	-0.044	0.12	0.232	"3"
"驾驶"	0	0	1	0.145	0.095	0.759	-0.068	-0.044	0.12	0.232	"3"
"骄傲"	0	0	1	0.145	0.095	0.759	-0.068	-0.044	0.12	0.232	"3"
"骇然"	0	1	0	0.145	0.095	0.759	-0.068	1.02	-0.618	1.706	"2"
"骗"	0	0	1	0.145	0.095	0.759	-0.068	-0.044	0.12	0.232	"3"
"骚扰"	0	0	1	0.145	0.095	0.759	-0.068	-0.044	0.12	0.232	"3"
"骨裂"	0	1	0	0.145	0.095	0.759	-0.068	1.02	-0.618	1.706	"2"
"高兴"	0	0	1	0.145	0.095	0.759	-0.068	-0.044	0.12	0.232	"3"
"高声"	0	0	1	0.145	0.095	0.759	-0.068	-0.044	0.12	0.232	"3"
"高明见"	1	0	0	0.145	0.095	0.759	0.837	-0.044	-0.618	1.499	"1"
"高英"	2	0	0	0.291	0.191	1.518	1.675	-0.087	-1.237	2.999	"1"
"黄"	0	0	3	0.436	0.286	2.277	-0.205	-0.131	0.359	0.695	"3"
"黄万平"	2	0	0	0.291	0.191	1.518	1.675	-0.087	-1.237	2.999	"1"
"黄少兰"	0	0	1	0.145	0.095	0.759	-0.068	-0.044	0.12	0.232	"3"
"黄月红"	1	0	0	0.145	0.095	0.759	0.837	-0.044	-0.618	1.499	"1"
"黄药师"	2	0	0	0.291	0.191	1.518	1.675	-0.087	-1.237	2.999	"1"
"黄蓉"	0	0	1	0.145	0.095	0.759	-0.068	-0.044	0.12	0.232	"3"
"黎"	0	0	1	0.145	0.095	0.759	-0.068	-0.044	0.12	0.232	"3"
"黑帮"	0	0	2	0.291	0.191	1.518	-0.137	-0.087	0.239	0.463	"3"
"齐"	1	0	0	0.145	0.095	0.759	0.837	-0.044	-0.618	1.499	"1"
"齐造"	0	0	1	0.145	0.095	0.759	-0.068	-0.044	0.12	0.232	"3"
